1 0 0 0 0 0 0 0 0 0 0 0 0 0 0 0 0 
0 0 0 0 0 0 0 0 0 0 0 0 0 0 0 0 0 
0 16 0 0 0 0 0 0 0 0 0 0 0 0 0 0 0 
0 0 32 0 0 0 0 0 0 0 0 0 0 0 0 0 0 
0 0 88 96.0217 24.0054 0 0 0 7.9938 0 0 0 0 0 0 0 0 
0 0 0 255.957 256.112 192.108 95.946 63.9504 0 0 0 0 0 0 0 0 0 
0 0 0 208.022 735.795 687.858 704.269 623.96 767.569 0 0 0 0 0 0 0 0 
0 0 0 0 576.051 1664.1 1823.72 1919.6 1600.68 0 0 0 0 0 0 0 0 
0 0 0 0 228.036 1247.81 2927.93 3681.03 4355.16 0 0 0 0 0 0 0 0 
0 0 0 0 0 448.13 1568.22 3135.51 3265.44 0 0 0 0 0 0 0 0 
0 0 0 0 0 128.002 767.887 1391.95 2111.24 0 0 0 0 0 0 0 0 
0 0 0 0 0 0 64.0224 512.041 575.81 0 0 0 0 0 0 0 0 
0 0 0 0 0 0 56.009 95.9531 120.046 0 0 0 0 0 0 0 0 
0 0 0 0 0 0 0 0 64.0496 0 0 0 0 0 0 0 0 
0 0 0 0 0 0 0 16.0026 0 0 0 0 0 0 0 0 0 
0 0 0 0 0 0 0 0 0 0 0 0 0 0 0 0 0 
0 0 0 0 0 0 0 0 2.00032 0 0 0 0 0 0 0 0 
