1 0 0 0 0 0 0 0 0 0 0 0 0 0 0 0 0 
0 0 0 0 0 0 0 0 0 0 0 0 0 0 0 0 0 
0 16 0 0 0 0 0 0 0 0 0 0 0 0 0 0 0 
0 0 32 0 0 0 0 0 0 0 0 0 0 0 0 0 0 
0 0 88 95.9597 23.9899 0 0 0 8.0155 0 0 0 0 0 0 0 0 
0 0 0 256.081 255.948 191.997 95.9798 64.124 0 0 0 0 0 0 0 0 0 
0 0 0 207.96 736.277 688.042 703.954 623.942 768.193 0 0 0 0 0 0 0 0 
0 0 0 0 575.643 1663.94 1824.33 1919.35 1600.31 0 0 0 0 0 0 0 0 
0 0 0 0 228.142 1248.09 2927.48 3681.45 4355.06 0 0 0 0 0 0 0 0 
0 0 0 0 0 447.849 1568.39 3134.73 3264.41 0 0 0 0 0 0 0 0 
0 0 0 0 0 128.081 767.865 1392.35 2111.72 0 0 0 0 0 0 0 0 
0 0 0 0 0 0 63.9579 512.07 576.175 0 0 0 0 0 0 0 0 
0 0 0 0 0 0 56.0471 95.9681 120.161 0 0 0 0 0 0 0 0 
0 0 0 0 0 0 0 0 63.9449 0 0 0 0 0 0 0 0 
0 0 0 0 0 0 0 16.0135 0 0 0 0 0 0 0 0 0 
0 0 0 0 0 0 0 0 0 0 0 0 0 0 0 0 0 
0 0 0 0 0 0 0 0 2.00168 0 0 0 0 0 0 0 0 
