1 0 0 0 0 0 0 0 0 0 0 0 0 0 0 0 0 
0 0 0 0 0 0 0 0 0 0 0 0 0 0 0 0 0 
0 16 0 0 0 0 0 0 0 0 0 0 0 0 0 0 0 
0 0 32 0 0 0 0 0 0 0 0 0 0 0 0 0 0 
0 0 88 96.0054 24.0014 0 0 0 7.98457 0 0 0 0 0 0 0 0 
0 0 0 255.989 256.013 191.902 95.9955 63.8766 0 0 0 0 0 0 0 0 0 
0 0 0 208.005 736.024 688.009 703.981 624.127 767.764 0 0 0 0 0 0 0 0 
0 0 0 0 575.907 1664.37 1823.76 1919.43 1599.71 0 0 0 0 0 0 0 0 
0 0 0 0 228.054 1247.62 2927.85 3680.8 4357.02 0 0 0 0 0 0 0 0 
0 0 0 0 0 448.122 1568.99 3135.84 3263.58 0 0 0 0 0 0 0 0 
0 0 0 0 0 127.984 767.534 1392.11 2112.1 0 0 0 0 0 0 0 0 
0 0 0 0 0 0 63.8672 512.013 575.862 0 0 0 0 0 0 0 0 
0 0 0 0 0 0 56.0121 95.8002 120.065 0 0 0 0 0 0 0 0 
0 0 0 0 0 0 0 0 63.909 0 0 0 0 0 0 0 0 
0 0 0 0 0 0 0 16.0035 0 0 0 0 0 0 0 0 0 
0 0 0 0 0 0 0 0 0 0 0 0 0 0 0 0 0 
0 0 0 0 0 0 0 0 2.00043 0 0 0 0 0 0 0 0 
