1 0 0 0 0 0 0 0 0 0 0 0 0 0 0 0 0 
0 0 0 0 0 0 0 0 0 0 0 0 0 0 0 0 0 
0 16 0 0 0 0 0 0 0 0 0 0 0 0 0 0 0 
0 0 32 0 0 0 0 0 0 0 0 0 0 0 0 0 0 
0 0 88 96.006 24.0015 0 0 0 7.98744 0 0 0 0 0 0 0 0 
0 0 0 255.988 255.979 192.035 95.957 63.8995 0 0 0 0 0 0 0 0 0 
0 0 0 208.006 736.004 688.128 703.959 623.998 767.837 0 0 0 0 0 0 0 0 
0 0 0 0 576.049 1663.65 1824.6 1920.02 1600.24 0 0 0 0 0 0 0 0 
0 0 0 0 227.967 1248.23 2927.38 3680.7 4355.87 0 0 0 0 0 0 0 0 
0 0 0 0 0 447.897 1567.84 3135.53 3264.55 0 0 0 0 0 0 0 0 
0 0 0 0 0 128.057 768.243 1391.42 2111.34 0 0 0 0 0 0 0 0 
0 0 0 0 0 0 64.0054 512.367 576.114 0 0 0 0 0 0 0 0 
0 0 0 0 0 0 56.0122 96.0569 119.98 0 0 0 0 0 0 0 0 
0 0 0 0 0 0 0 0 64.0717 0 0 0 0 0 0 0 0 
0 0 0 0 0 0 0 16.0035 0 0 0 0 0 0 0 0 0 
0 0 0 0 0 0 0 0 0 0 0 0 0 0 0 0 0 
0 0 0 0 0 0 0 0 2.00043 0 0 0 0 0 0 0 0 
