1 0 0 0 0 0 0 0 0 0 0 0 0 0 0 0 0 
0 0 0 0 0 0 0 0 0 0 0 0 0 0 0 0 0 
0 16 0 0 0 0 0 0 0 0 0 0 0 0 0 0 0 
0 0 32 0 0 0 0 0 0 0 0 0 0 0 0 0 0 
0 0 88 96.0142 24.0036 0 0 0 7.99454 0 0 0 0 0 0 0 0 
0 0 0 255.972 256 192.039 95.9216 63.9563 0 0 0 0 0 0 0 0 0 
0 0 0 208.014 735.843 687.924 704.257 623.946 768.084 0 0 0 0 0 0 0 0 
0 0 0 0 576.3 1663.93 1823.68 1920.81 1599.82 0 0 0 0 0 0 0 0 
0 0 0 0 227.853 1248.27 2928.52 3679.15 4356.09 0 0 0 0 0 0 0 0 
0 0 0 0 0 447.773 1567.28 3135.94 3264.07 0 0 0 0 0 0 0 0 
0 0 0 0 0 128.062 768.34 1391.99 2111.88 0 0 0 0 0 0 0 0 
0 0 0 0 0 0 64.0137 512.164 576.088 0 0 0 0 0 0 0 0 
0 0 0 0 0 0 55.9895 96.0409 119.994 0 0 0 0 0 0 0 0 
0 0 0 0 0 0 0 0 63.9781 0 0 0 0 0 0 0 0 
0 0 0 0 0 0 0 15.997 0 0 0 0 0 0 0 0 0 
0 0 0 0 0 0 0 0 0 0 0 0 0 0 0 0 0 
0 0 0 0 0 0 0 0 1.99963 0 0 0 0 0 0 0 0 
