1 0 0 0 0 0 0 0 0 0 0 0 0 0 0 0 0 
0 0 0 0 0 0 0 0 0 0 0 0 0 0 0 0 0 
0 16 0 0 0 0 0 0 0 0 0 0 0 0 0 0 0 
0 0 32 0 0 0 0 0 0 0 0 0 0 0 0 0 0 
0 0 88 95.9869 23.9967 0 0 0 8.00587 0 0 0 0 0 0 0 0 
0 0 0 256.026 255.973 191.886 95.9881 64.047 0 0 0 0 0 0 0 0 0 
0 0 0 207.987 736.088 687.93 704.03 624.003 768.128 0 0 0 0 0 0 0 0 
0 0 0 0 575.92 1664.46 1823.86 1920.12 1599.58 0 0 0 0 0 0 0 0 
0 0 0 0 228.023 1247.71 2928.23 3679.27 4356.4 0 0 0 0 0 0 0 0 
0 0 0 0 0 448.032 1567.86 3136.97 3264.1 0 0 0 0 0 0 0 0 
0 0 0 0 0 127.976 768.035 1391.47 2111.73 0 0 0 0 0 0 0 0 
0 0 0 0 0 0 64.0199 512.162 575.956 0 0 0 0 0 0 0 0 
0 0 0 0 0 0 55.9749 95.9812 120.027 0 0 0 0 0 0 0 0 
0 0 0 0 0 0 0 0 64.0664 0 0 0 0 0 0 0 0 
0 0 0 0 0 0 0 15.9928 0 0 0 0 0 0 0 0 0 
0 0 0 0 0 0 0 0 0 0 0 0 0 0 0 0 0 
0 0 0 0 0 0 0 0 1.9991 0 0 0 0 0 0 0 0 
