1 0 0 0 0 0 0 0 0 0 0 0 0 0 0 0 0 
0 0 0 0 0 0 0 0 0 0 0 0 0 0 0 0 0 
0 16 0 0 0 0 0 0 0 0 0 0 0 0 0 0 0 
0 0 32 0 0 0 0 0 0 0 0 0 0 0 0 0 0 
0 0 88 95.9844 23.9961 0 0 0 7.98855 0 0 0 0 0 0 0 0 
0 0 0 256.031 255.908 192.108 96.1007 63.9084 0 0 0 0 0 0 0 0 0 
0 0 0 207.984 736.269 687.931 704.108 624.447 768.629 0 0 0 0 0 0 0 0 
0 0 0 0 575.755 1663.86 1823.78 1919.79 1599.48 0 0 0 0 0 0 0 0 
0 0 0 0 228.073 1248.11 2927.62 3679.45 4355.55 0 0 0 0 0 0 0 0 
0 0 0 0 0 447.936 1568.56 3136.67 3264.13 0 0 0 0 0 0 0 0 
0 0 0 0 0 128.054 767.754 1391.48 2112.1 0 0 0 0 0 0 0 0 
0 0 0 0 0 0 64.0892 512.193 576.143 0 0 0 0 0 0 0 0 
0 0 0 0 0 0 55.99 96.0558 119.945 0 0 0 0 0 0 0 0 
0 0 0 0 0 0 0 0 64.0305 0 0 0 0 0 0 0 0 
0 0 0 0 0 0 0 15.9971 0 0 0 0 0 0 0 0 0 
0 0 0 0 0 0 0 0 0 0 0 0 0 0 0 0 0 
0 0 0 0 0 0 0 0 1.99964 0 0 0 0 0 0 0 0 
