1 0 0 0 0 0 0 0 0 0 0 0 0 0 0 0 0 
0 0 0 0 0 0 0 0 0 0 0 0 0 0 0 0 0 
0 16 0 0 0 0 0 0 0 0 0 0 0 0 0 0 0 
0 0 32 0 0 0 0 0 0 0 0 0 0 0 0 0 0 
0 0 88 96.0096 24.0024 0 0 0 8.00987 0 0 0 0 0 0 0 0 
0 0 0 255.981 256.052 192.115 96.1019 64.079 0 0 0 0 0 0 0 0 0 
0 0 0 208.01 735.781 687.825 704.031 623.988 768.028 0 0 0 0 0 0 0 0 
0 0 0 0 576.271 1664.02 1823.17 1919.22 1599.75 0 0 0 0 0 0 0 0 
0 0 0 0 227.893 1248.08 2929.11 3681.15 4356.32 0 0 0 0 0 0 0 0 
0 0 0 0 0 447.93 1567.65 3135.53 3263.9 0 0 0 0 0 0 0 0 
0 0 0 0 0 128.039 767.943 1392.16 2111.88 0 0 0 0 0 0 0 0 
0 0 0 0 0 0 63.9686 511.931 576.219 0 0 0 0 0 0 0 0 
0 0 0 0 0 0 56.0255 95.9356 119.912 0 0 0 0 0 0 0 0 
0 0 0 0 0 0 0 0 63.972 0 0 0 0 0 0 0 0 
0 0 0 0 0 0 0 16.0073 0 0 0 0 0 0 0 0 0 
0 0 0 0 0 0 0 0 0 0 0 0 0 0 0 0 0 
0 0 0 0 0 0 0 0 2.00091 0 0 0 0 0 0 0 0 
