1 0 0 0 0 0 0 0 0 0 0 0 0 0 0 0 0 
0 0 0 0 0 0 0 0 0 0 0 0 0 0 0 0 0 
0 16 0 0 0 0 0 0 0 0 0 0 0 0 0 0 0 
0 0 32 0 0 0 0 0 0 0 0 0 0 0 0 0 0 
0 0 88 96.0288 24.0072 0 0 0 8.00997 0 0 0 0 0 0 0 0 
0 0 0 255.942 256.019 192.183 96.0762 64.0798 0 0 0 0 0 0 0 0 0 
0 0 0 208.029 736.072 687.768 703.932 624.44 768.776 0 0 0 0 0 0 0 0 
0 0 0 0 575.77 1663.94 1823.72 1919.38 1599.72 0 0 0 0 0 0 0 0 
0 0 0 0 228.132 1248.17 2928.4 3680.34 4354.82 0 0 0 0 0 0 0 0 
0 0 0 0 0 447.846 1568.06 3135.24 3264.42 0 0 0 0 0 0 0 0 
0 0 0 0 0 128.092 767.756 1392.35 2112.13 0 0 0 0 0 0 0 0 
0 0 0 0 0 0 63.9894 512.157 575.96 0 0 0 0 0 0 0 0 
0 0 0 0 0 0 56.0684 95.9915 120.122 0 0 0 0 0 0 0 0 
0 0 0 0 0 0 0 0 64.0506 0 0 0 0 0 0 0 0 
0 0 0 0 0 0 0 16.0195 0 0 0 0 0 0 0 0 0 
0 0 0 0 0 0 0 0 0 0 0 0 0 0 0 0 0 
0 0 0 0 0 0 0 0 2.00244 0 0 0 0 0 0 0 0 
