1 0 0 0 0 0 0 0 0 0 0 0 0 0 0 0 0 0 0 0 0 0 0 0 0 0 0 0 0 0 0 0 0 0 0 0 0 0 0 0 0 0 0 0 0 0 0 0 0 0 0 0 0 0 0 0 0 0 0 0 0 0 0 0 1 
0 0 0 0 0 0 0 0 0 0 0 0 0 0 0 0 0 0 0 0 0 0 0 0 0 0 0 0 0 0 0 0 0 0 0 0 0 0 0 0 0 0 0 0 0 0 0 0 0 0 0 0 0 0 0 0 0 0 0 0 0 0 0 0 0 
0 64 0 0 0 0 0 0 0 0 0 0 0 0 0 0 0 0 0 0 0 0 0 0 0 0 0 0 0 0 0 0 0 0 0 0 0 0 0 0 0 0 0 0 0 0 0 0 0 0 0 0 0 0 0 0 0 0 0 0 0 0 0 64 0 
0 0 126.034 0 0 0 0 0 0 0 0 0 0 0 0 0 0 0 0 0 0 0 0 0 0 0 0 0 0 0 0 0 0 0 0 0 0 0 0 0 0 0 0 0 0 0 0 0 0 0 0 0 0 0 0 0 0 0 0 0 0 0 129.955 0 0 
0 0 1889.97 388.941 69.0567 0 0 0 0 0 0 0 0 0 0 0 0 0 0 0 0 0 0 0 0 0 0 0 0 0 0 0 0 0 0 0 0 0 0 0 0 0 0 0 0 0 0 0 0 0 0 0 0 0 0 0 0 0 0 0 71.2499 378.689 1886.04 0 0 
0 0 0 7287 1127.66 493.136 120.475 0 0 0 0 0 0 0 0 0 0 0 0 0 0 0 0 0 0 0 0 0 0 0 0 0 0 0 0 0 0 0 0 0 0 0 0 0 0 0 0 0 0 0 0 0 0 0 0 0 0 0 136.629 556.292 1128.91 7121.83 0 0 0 
0 0 0 33988.1 27927.6 6724.12 2644.04 1514.82 429.835 69.483 0 0 0 0 0 0 0 0 0 0 0 0 0 0 0 0 0 0 0 0 0 0 0 0 0 0 0 0 0 0 0 0 0 0 0 0 0 0 0 0 0 0 0 0 0 59.8416 414.859 1443.91 2444.09 6916.6 26858.1 34163.5 0 0 0 
0 0 0 0 184122 100109 44840.8 16976 8962.05 4767.01 2152 573.84 144.614 0 0 0 0 0 0 0 0 0 0 0 0 0 0 0 0 0 0 0 0 0 0 0 0 0 0 0 0 0 0 0 0 0 0 0 0 0 0 0 114.107 485.554 1907.82 4630.67 8367.32 16226.8 42838.7 93098.3 178482 0 0 0 0 
0 0 0 0 422129 819888 428251 223751 126852 60920.6 35115.2 20014.9 10016.5 4384.08 1442.39 370.981 73.4989 0 0 0 0 0 0 0 14.54 0 0 0 0 0 0 0 16.4708 0 0 0 0 0 0 0 17.4407 0 0 0 0 0 0 0 75.4373 363.504 1309.61 4240.29 9492.74 20353.5 33353.7 58732 118088 227143 433713 818009 428836 0 0 0 0 
0 0 0 0 0 2.82904e+06 3.47538e+06 2.03112e+06 1.14116e+06 717314 417218 249796 156397 100282 55673.2 29384.4 13007.7 5532.08 2157.13 693.436 343.355 213.782 226.645 244.287 0 264.486 262.864 260.21 265.294 302.851 301.549 287.78 0 258.331 252.735 257.712 247.777 241.084 255.086 262.733 0 277.317 285.068 293.961 384.961 694.047 2094 5719.5 14337.3 29702.5 57299.8 98088.2 155106 254519 398034 686330 1.11656e+06 1.91022e+06 3.30323e+06 2.84088e+06 0 0 0 0 0 
0 0 0 0 0 3.86826e+06 1.42912e+07 1.36517e+07 9.89187e+06 6.20498e+06 4.2004e+06 2.75227e+06 1.87508e+06 1.22542e+06 839252 540609 332131 197649 118424 65066.4 37698.4 21779.8 13592.3 10343.1 11908.8 10202.4 9668.38 9337.65 9396.55 9249.34 9709.45 9872.16 11212.5 8981.73 9299.26 9785.75 8979.87 9118.68 9534.71 9607.12 11448.6 10300.1 14336.6 21565.6 35574.6 66391.9 123573 214099 339313 498958 793611 1.15805e+06 1.84806e+06 2.70875e+06 4.18167e+06 5.9442e+06 8.85781e+06 1.32887e+07 1.45568e+07 3.86505e+06 0 0 0 0 0 
0 0 0 0 0 0 3.07272e+07 6.2435e+07 5.68613e+07 4.35947e+07 3.06044e+07 2.17463e+07 1.60898e+07 1.18355e+07 8.64649e+06 6.06136e+06 4.3277e+06 3.08232e+06 2.12775e+06 1.40518e+06 1.00533e+06 696076 514737 370122 295221 244630 228092 214086 203176 207301 209532 222560 203111 218059 227123 219136 219805 206177 231315 255355 284854 368989 490194 732163 1.0564e+06 1.46226e+06 2.16144e+06 2.93757e+06 4.05918e+06 5.81721e+06 8.17127e+06 1.15343e+07 1.66962e+07 2.31303e+07 3.21923e+07 4.188e+07 5.79296e+07 6.20494e+07 3.03278e+07 0 0 0 0 0 0 
0 0 0 0 0 0 2.60047e+07 1.67309e+08 2.61292e+08 2.45029e+08 1.87406e+08 1.52096e+08 1.21857e+08 8.98006e+07 7.10392e+07 5.36497e+07 4.14124e+07 3.19933e+07 2.39528e+07 1.79029e+07 1.32458e+07 1.03607e+07 7.99699e+06 6.60637e+06 5.65192e+06 4.65373e+06 4.0832e+06 3.60292e+06 3.30038e+06 3.19675e+06 3.08545e+06 3.14982e+06 3.21857e+06 3.27275e+06 3.4263e+06 3.54878e+06 3.36729e+06 3.63322e+06 3.99493e+06 4.83411e+06 5.80941e+06 6.67926e+06 8.89385e+06 1.02764e+07 1.3603e+07 1.89675e+07 2.44482e+07 3.17868e+07 4.19479e+07 5.49434e+07 6.90296e+07 9.62341e+07 1.25221e+08 1.64103e+08 2.00919e+08 2.40239e+08 2.50531e+08 1.72079e+08 2.63075e+07 0 0 0 0 0 0 
0 0 0 0 0 0 0 2.34279e+08 7.64893e+08 1.01735e+09 1.02217e+09 8.83516e+08 7.71664e+08 6.29611e+08 5.22675e+08 4.08904e+08 3.23791e+08 2.60683e+08 2.12579e+08 1.73039e+08 1.38632e+08 1.06002e+08 8.92589e+07 7.31189e+07 6.41638e+07 5.59925e+07 4.91221e+07 4.34182e+07 4.12257e+07 3.79031e+07 3.70962e+07 3.75341e+07 3.71915e+07 3.81794e+07 3.91402e+07 4.03321e+07 4.23397e+07 4.60642e+07 5.14792e+07 5.64973e+07 6.7023e+07 7.88954e+07 9.09058e+07 1.15911e+08 1.37134e+08 1.69738e+08 2.0368e+08 2.70471e+08 3.34243e+08 4.05683e+08 5.03998e+08 6.31213e+08 7.88525e+08 9.44461e+08 1.09843e+09 1.04266e+09 7.93277e+08 2.30373e+08 0 0 0 0 0 0 0 
0 0 0 0 0 0 0 1.41267e+08 1.39114e+09 3.21818e+09 4.20382e+09 4.34935e+09 3.98346e+09 3.57178e+09 3.02067e+09 2.57428e+09 2.22707e+09 1.87265e+09 1.56769e+09 1.32937e+09 1.06934e+09 9.2527e+08 7.82362e+08 6.81562e+08 6.20473e+08 5.24989e+08 4.82734e+08 4.48798e+08 4.19887e+08 3.98738e+08 3.76676e+08 3.62916e+08 3.70114e+08 3.81944e+08 3.79741e+08 4.0225e+08 4.22737e+08 4.68194e+08 4.92672e+08 5.38524e+08 6.10566e+08 7.02158e+08 8.20786e+08 9.38129e+08 1.10935e+09 1.31311e+09 1.55391e+09 1.89679e+09 2.1862e+09 2.57686e+09 3.07045e+09 3.60543e+09 4.18028e+09 4.437e+09 4.3232e+09 3.24155e+09 1.36548e+09 1.41272e+08 0 0 0 0 0 0 0 
0 0 0 0 0 0 0 0 1.34555e+09 6.77144e+09 1.29677e+10 1.68056e+10 1.80499e+10 1.77816e+10 1.64938e+10 1.44109e+10 1.26018e+10 1.08172e+10 9.85145e+09 8.39878e+09 7.19956e+09 6.33698e+09 5.63529e+09 5.01708e+09 4.57968e+09 4.2108e+09 3.88846e+09 3.53827e+09 3.37233e+09 3.27242e+09 3.09967e+09 3.04831e+09 2.97113e+09 3.10489e+09 3.17643e+09 3.19772e+09 3.43022e+09 3.62554e+09 3.83985e+09 4.23892e+09 4.55078e+09 5.18069e+09 5.81543e+09 6.46518e+09 7.44805e+09 8.53333e+09 1.01489e+10 1.186e+10 1.32863e+10 1.50128e+10 1.61352e+10 1.80018e+10 1.8294e+10 1.67778e+10 1.31244e+10 6.92549e+09 1.37754e+09 0 0 0 0 0 0 0 0 
0 0 0 0 0 0 0 0 5.95263e+08 8.148e+09 2.83621e+10 4.931e+10 6.37428e+10 6.85981e+10 7.29432e+10 6.95947e+10 6.4657e+10 5.93473e+10 5.36807e+10 4.95927e+10 4.4967e+10 4.05825e+10 3.6058e+10 3.31294e+10 3.00975e+10 2.67075e+10 2.55081e+10 2.54828e+10 2.33173e+10 2.32056e+10 2.19109e+10 2.17195e+10 2.10742e+10 2.15601e+10 2.23905e+10 2.30555e+10 2.36887e+10 2.44575e+10 2.61958e+10 2.84248e+10 2.97256e+10 3.24763e+10 3.47519e+10 3.87622e+10 4.39145e+10 4.82444e+10 5.40335e+10 6.0208e+10 6.50152e+10 7.11513e+10 7.36044e+10 7.15646e+10 6.307e+10 4.96388e+10 2.84744e+10 8.09177e+09 5.71306e+08 0 0 0 0 0 0 0 0 
0 0 0 0 0 0 0 0 0 6.13019e+09 4.17989e+10 1.09186e+11 1.84716e+11 2.42519e+11 2.71613e+11 2.92112e+11 2.85245e+11 2.74285e+11 2.64226e+11 2.49862e+11 2.3004e+11 2.10031e+11 2.01484e+11 1.85504e+11 1.73559e+11 1.64866e+11 1.59377e+11 1.48753e+11 1.43185e+11 1.38926e+11 1.41109e+11 1.319e+11 1.33421e+11 1.36497e+11 1.37595e+11 1.45005e+11 1.44898e+11 1.48166e+11 1.53607e+11 1.63833e+11 1.74284e+11 1.85434e+11 1.935e+11 2.12846e+11 2.30601e+11 2.45305e+11 2.68343e+11 2.75055e+11 2.86616e+11 2.85039e+11 2.79242e+11 2.4872e+11 1.88568e+11 1.10992e+11 4.09474e+10 6.03536e+09 0 0 0 0 0 0 0 0 0 
0 0 0 0 0 0 0 0 0 1.95981e+09 3.69279e+10 1.7675e+11 4.1449e+11 6.67659e+11 8.88088e+11 1.03361e+12 1.08204e+12 1.11734e+12 1.12967e+12 1.10446e+12 1.04465e+12 1.02439e+12 9.84862e+11 9.61821e+11 9.11161e+11 8.568e+11 8.08394e+11 8.2061e+11 7.6906e+11 7.74396e+11 7.57169e+11 7.54414e+11 7.39001e+11 7.40784e+11 7.48749e+11 7.62095e+11 7.99055e+11 7.82516e+11 8.39976e+11 8.5029e+11 8.88984e+11 9.09844e+11 9.33219e+11 1.04473e+12 1.10242e+12 1.10409e+12 1.12084e+12 1.11393e+12 1.07457e+12 1.02797e+12 8.92099e+11 6.78737e+11 4.15304e+11 1.7419e+11 3.71513e+10 1.91494e+09 0 0 0 0 0 0 0 0 0 
0 0 0 0 0 0 0 0 0 0 2.06617e+10 1.87783e+11 6.75335e+11 1.45634e+12 2.34495e+12 3.11454e+12 3.70816e+12 3.96133e+12 4.24776e+12 4.40572e+12 4.56386e+12 4.37008e+12 4.27544e+12 4.26245e+12 4.22965e+12 3.96713e+12 4.03925e+12 4.05846e+12 3.9372e+12 3.72614e+12 3.72919e+12 3.5364e+12 3.46034e+12 3.61878e+12 3.72527e+12 3.85562e+12 3.88584e+12 3.8545e+12 4.00339e+12 4.15829e+12 4.13225e+12 4.18147e+12 4.36123e+12 4.53256e+12 4.41157e+12 4.34548e+12 4.14818e+12 3.98847e+12 3.70873e+12 3.10816e+12 2.33065e+12 1.46648e+12 6.71641e+11 1.85741e+11 2.08247e+10 0 0 0 0 0 0 0 0 0 0 
0 0 0 0 0 0 0 0 0 0 5.30635e+09 1.29266e+11 7.72858e+11 2.36301e+12 4.71961e+12 7.79657e+12 1.04163e+13 1.23365e+13 1.41939e+13 1.5104e+13 1.66593e+13 1.71809e+13 1.75919e+13 1.78255e+13 1.74354e+13 1.75166e+13 1.70954e+13 1.79264e+13 1.7583e+13 1.70746e+13 1.65043e+13 1.66604e+13 1.64079e+13 1.65522e+13 1.65616e+13 1.69103e+13 1.72059e+13 1.6924e+13 1.72525e+13 1.72293e+13 1.78078e+13 1.78318e+13 1.7764e+13 1.71664e+13 1.67653e+13 1.53011e+13 1.42733e+13 1.28718e+13 1.039e+13 7.70593e+12 4.92016e+12 2.40369e+12 7.85803e+11 1.30957e+11 5.29173e+09 0 0 0 0 0 0 0 0 0 0 
0 0 0 0 0 0 0 0 0 0 0 5.73965e+10 6.51527e+11 2.98166e+12 7.77752e+12 1.52259e+13 2.43016e+13 3.34443e+13 4.12523e+13 4.79594e+13 5.42516e+13 5.90736e+13 6.23762e+13 6.52348e+13 6.65517e+13 6.63252e+13 6.8628e+13 6.91314e+13 6.96099e+13 6.93017e+13 7.19103e+13 6.88282e+13 6.85925e+13 6.81148e+13 6.98887e+13 6.93594e+13 6.69059e+13 6.68541e+13 6.6063e+13 6.71769e+13 6.55051e+13 6.42068e+13 6.22375e+13 5.96902e+13 5.42051e+13 4.78495e+13 4.19258e+13 3.41954e+13 2.50401e+13 1.56942e+13 8.10604e+12 2.89657e+12 6.41824e+11 5.75961e+10 0 0 0 0 0 0 0 0 0 0 0 
0 0 0 0 0 0 0 0 0 0 0 1.16893e+10 3.56659e+11 2.60733e+12 1.0124e+13 2.42301e+13 4.68082e+13 7.32812e+13 1.01827e+14 1.30447e+14 1.56008e+14 1.78898e+14 1.96137e+14 2.09734e+14 2.23662e+14 2.33598e+14 2.3453e+14 2.49712e+14 2.56181e+14 2.5458e+14 2.49221e+14 2.53243e+14 2.55039e+14 2.53077e+14 2.57427e+14 2.56478e+14 2.53457e+14 2.42432e+14 2.36945e+14 2.27173e+14 2.25008e+14 2.07262e+14 1.96155e+14 1.78943e+14 1.53009e+14 1.29151e+14 1.03831e+14 7.55147e+13 4.90262e+13 2.57588e+13 9.98765e+12 2.63286e+12 3.50833e+11 1.21319e+10 0 0 0 0 0 0 0 0 0 0 0 
0 0 0 0 0 0 0 0 0 0 0 0 1.20668e+11 1.71893e+12 9.5782e+12 3.05587e+13 7.17759e+13 1.3372e+14 2.15278e+14 2.99179e+14 3.81253e+14 4.58117e+14 5.41486e+14 6.0356e+14 6.56418e+14 7.25797e+14 7.72191e+14 7.89912e+14 8.3406e+14 8.4437e+14 8.47541e+14 8.42295e+14 8.38796e+14 8.46071e+14 8.53708e+14 8.43219e+14 8.13093e+14 7.97918e+14 7.48155e+14 7.04457e+14 6.57793e+14 6.01272e+14 5.31257e+14 4.68584e+14 3.86122e+14 2.89416e+14 2.11906e+14 1.36573e+14 7.38039e+13 3.12804e+13 9.30838e+12 1.70593e+12 1.2221e+11 0 0 0 0 0 0 0 0 0 0 0 0 
0 0 0 0 0 0 0 0 0 0 0 0 2.12731e+10 7.60817e+11 6.76878e+12 3.19394e+13 9.1233e+13 2.00688e+14 3.75846e+14 5.92887e+14 8.47396e+14 1.08193e+15 1.33187e+15 1.57376e+15 1.81464e+15 2.01454e+15 2.13965e+15 2.26956e+15 2.40461e+15 2.54215e+15 2.57705e+15 2.56892e+15 2.54082e+15 2.54696e+15 2.54715e+15 2.48806e+15 2.4065e+15 2.30688e+15 2.11807e+15 1.96032e+15 1.78393e+15 1.55236e+15 1.32308e+15 1.09162e+15 8.25442e+14 5.93119e+14 3.62449e+14 2.03151e+14 9.20975e+13 3.04738e+13 6.74562e+12 7.66673e+11 2.15556e+10 0 0 0 0 0 0 0 0 0 0 0 0 
0 0 0 0 0 0 0 0 0 0 0 0 0 2.16757e+11 3.63547e+12 2.33674e+13 9.23535e+13 2.54065e+14 5.31323e+14 9.79177e+14 1.55196e+15 2.18849e+15 2.82681e+15 3.49153e+15 4.13756e+15 4.74262e+15 5.32096e+15 5.88895e+15 6.40763e+15 6.74443e+15 6.86294e+15 6.97454e+15 7.04204e+15 6.79441e+15 6.86662e+15 6.74511e+15 6.29324e+15 5.80233e+15 5.34958e+15 4.81938e+15 4.20896e+15 3.47872e+15 2.82811e+15 2.15431e+15 1.51212e+15 9.40081e+14 5.37959e+14 2.47784e+14 8.94712e+13 2.27432e+13 3.57733e+12 2.1199e+11 0 0 0 0 0 0 0 0 0 0 0 0 0 
0 0 0 0 0 0 0 0 0 0 0 0 0 3.11431e+10 1.29975e+12 1.37521e+13 7.19865e+13 2.50921e+14 6.48691e+14 1.33985e+15 2.38996e+15 3.70914e+15 5.3252e+15 7.0617e+15 8.83116e+15 1.04592e+16 1.18933e+16 1.35443e+16 1.48982e+16 1.56373e+16 1.622e+16 1.69262e+16 1.6544e+16 1.67794e+16 1.64963e+16 1.5702e+16 1.46752e+16 1.36132e+16 1.20202e+16 1.05394e+16 8.57948e+15 6.9981e+15 5.29265e+15 3.61441e+15 2.28135e+15 1.31653e+15 6.44718e+14 2.49454e+14 7.02525e+13 1.3521e+13 1.27289e+12 3.12948e+10 0 0 0 0 0 0 0 0 0 0 0 0 0 
0 0 0 0 0 0 0 0 0 0 0 0 0 0 3.1716e+11 5.91758e+12 4.39937e+13 1.95036e+14 6.15594e+14 1.50129e+15 3.03413e+15 5.42848e+15 8.32064e+15 1.17901e+16 1.55731e+16 1.95499e+16 2.38702e+16 2.7703e+16 3.05915e+16 3.33353e+16 3.52465e+16 3.5411e+16 3.58323e+16 3.6055e+16 3.51065e+16 3.34569e+16 3.05074e+16 2.74492e+16 2.39079e+16 1.98518e+16 1.58709e+16 1.17497e+16 8.2486e+15 5.33654e+15 2.98234e+15 1.52107e+15 6.16999e+14 1.95369e+14 4.32496e+13 5.74897e+12 3.05603e+11 0 0 0 0 0 0 0 0 0 0 0 0 0 0 
0 0 0 0 0 0 0 0 0 0 0 0 0 0 3.74884e+10 1.80256e+12 2.07837e+13 1.25327e+14 4.82066e+14 1.4081e+15 3.24721e+15 6.49307e+15 1.10446e+16 1.74374e+16 2.47012e+16 3.22678e+16 4.0963e+16 4.94522e+16 5.67978e+16 6.21115e+16 6.56485e+16 6.92214e+16 6.96443e+16 6.74419e+16 6.66286e+16 6.17097e+16 5.55256e+16 4.80808e+16 4.04065e+16 3.27661e+16 2.45513e+16 1.73692e+16 1.1116e+16 6.50503e+15 3.42345e+15 1.41814e+15 4.8352e+14 1.2467e+14 2.04946e+13 1.69898e+12 3.66375e+10 0 0 0 0 0 0 0 0 0 0 0 0 0 0 
0 0 0 0 0 0 0 0 0 0 0 0 0 0 0 3.6514e+11 7.45238e+12 6.13784e+13 3.10714e+14 1.08862e+15 3.01199e+15 6.51212e+15 1.26318e+16 2.1527e+16 3.31661e+16 4.61426e+16 6.04286e+16 7.5858e+16 9.16645e+16 1.03195e+17 1.12136e+17 1.16791e+17 1.19763e+17 1.18465e+17 1.0929e+17 1.01172e+17 8.93274e+16 7.6142e+16 6.09915e+16 4.59432e+16 3.30454e+16 2.16638e+16 1.28132e+16 6.68535e+15 3.05605e+15 1.12568e+15 3.17216e+14 6.08112e+13 7.33081e+12 3.47282e+11 0 0 0 0 0 0 0 0 0 0 0 0 0 0 0 
0 0 0 0 0 0 0 0 0 0 0 0 0 0 0 3.63751e+10 1.89741e+12 2.44713e+13 1.62977e+14 7.07171e+14 2.25395e+15 5.75957e+15 1.24588e+16 2.30163e+16 3.77384e+16 5.68119e+16 7.82004e+16 1.01593e+17 1.2529e+17 1.49398e+17 1.64116e+17 1.74001e+17 1.79041e+17 1.71589e+17 1.61442e+17 1.46238e+17 1.26666e+17 1.02011e+17 8.02599e+16 5.77172e+16 3.8128e+16 2.2809e+16 1.25439e+16 5.86534e+15 2.2819e+15 7.12127e+14 1.63389e+14 2.43045e+13 1.85239e+12 3.59962e+10 0 0 0 0 0 0 0 0 0 0 0 0 0 0 0 
0 0 0 0 0 0 0 0 0 0 0 0 0 0 0 0 3.40188e+11 7.37729e+12 6.63732e+13 3.67862e+14 1.40036e+15 4.21482e+15 1.01822e+16 2.07428e+16 3.81367e+16 6.04538e+16 9.00411e+16 1.2171e+17 1.54487e+17 1.84843e+17 2.12745e+17 2.2719e+17 2.29193e+17 2.24342e+17 2.07396e+17 1.8311e+17 1.53311e+17 1.21853e+17 8.89372e+16 6.08426e+16 3.81094e+16 2.11155e+16 1.0243e+16 4.29327e+15 1.4091e+15 3.67647e+14 6.83187e+13 7.36554e+12 3.38087e+11 0 0 0 0 0 0 0 0 0 0 0 0 0 0 0 0 
0 0 0 0 0 0 0 0 0 0 0 0 0 0 0 0 2.92537e+10 1.62871e+12 2.279e+13 1.59204e+14 7.73449e+14 2.70275e+15 7.24146e+15 1.64209e+16 3.17092e+16 5.63904e+16 8.6867e+16 1.23974e+17 1.63789e+17 2.05328e+17 2.35459e+17 2.56969e+17 2.57909e+17 2.53129e+17 2.35442e+17 2.03304e+17 1.65203e+17 1.24499e+17 8.64433e+16 5.62496e+16 3.20914e+16 1.65535e+16 7.24214e+15 2.56206e+15 7.3497e+14 1.60026e+14 2.23702e+13 1.58418e+12 2.93261e+10 0 0 0 0 0 0 0 0 0 0 0 0 0 0 0 0 
0 0 0 0 0 0 0 0 0 0 0 0 0 0 0 0 0 2.49923e+11 5.77913e+12 5.65169e+13 3.24594e+14 1.36003e+15 4.41798e+15 1.11763e+16 2.38624e+16 4.47885e+16 7.38942e+16 1.11606e+17 1.53434e+17 1.9134e+17 2.26909e+17 2.50313e+17 2.60917e+17 2.51773e+17 2.28644e+17 1.93237e+17 1.51156e+17 1.11451e+17 7.48104e+16 4.43561e+16 2.38279e+16 1.11081e+16 4.21195e+15 1.34781e+15 3.30994e+14 5.70451e+13 5.90512e+12 2.50226e+11 0 0 0 0 0 0 0 0 0 0 0 0 0 0 0 0 0 
0 0 0 0 0 0 0 0 0 0 0 0 0 0 0 0 0 2.00103e+10 1.1104e+12 1.63313e+13 1.20775e+14 6.15862e+14 2.25786e+15 6.34244e+15 1.50186e+16 3.10165e+16 5.50746e+16 8.59689e+16 1.21228e+17 1.57989e+17 1.9234e+17 2.1854e+17 2.28801e+17 2.21539e+17 1.96119e+17 1.61831e+17 1.23973e+17 8.60908e+16 5.4806e+16 3.05525e+16 1.48023e+16 6.23488e+15 2.19422e+15 6.06023e+14 1.17876e+14 1.64137e+13 1.13849e+12 2.04622e+10 0 0 0 0 0 0 0 0 0 0 0 0 0 0 0 0 0 
0 0 0 0 0 0 0 0 0 0 0 0 0 0 0 0 0 0 1.56587e+11 3.63158e+12 3.81615e+13 2.259e+14 9.56155e+14 3.17055e+15 8.47523e+15 1.85752e+16 3.52735e+16 5.92299e+16 8.74028e+16 1.16722e+17 1.46575e+17 1.63639e+17 1.7366e+17 1.64774e+17 1.4712e+17 1.19225e+17 8.7846e+16 5.94009e+16 3.48198e+16 1.77452e+16 8.24879e+15 3.13395e+15 9.60222e+14 2.21424e+14 3.64449e+13 3.79714e+12 1.55343e+11 0 0 0 0 0 0 0 0 0 0 0 0 0 0 0 0 0 0 
0 0 0 0 0 0 0 0 0 0 0 0 0 0 0 0 0 0 1.1474e+10 6.45172e+11 9.49914e+12 7.20347e+13 3.66432e+14 1.34299e+15 3.97857e+15 9.66848e+15 2.00028e+16 3.42629e+16 5.42299e+16 7.6175e+16 9.54481e+16 1.11103e+17 1.16093e+17 1.13165e+17 9.63659e+16 7.60062e+16 5.5607e+16 3.48391e+16 1.95393e+16 9.675e+15 3.9251e+15 1.33528e+15 3.59598e+14 7.02722e+13 9.53512e+12 6.49772e+11 1.17959e+10 0 0 0 0 0 0 0 0 0 0 0 0 0 0 0 0 0 0 
0 0 0 0 0 0 0 0 0 0 0 0 0 0 0 0 0 0 0 7.80297e+10 1.87163e+12 1.97558e+13 1.20233e+14 4.969e+14 1.6438e+15 4.4298e+15 9.81665e+15 1.85196e+16 3.04091e+16 4.39095e+16 5.56065e+16 6.47108e+16 6.92713e+16 6.51836e+16 5.70461e+16 4.47308e+16 3.00197e+16 1.81339e+16 9.54481e+15 4.34174e+15 1.64363e+15 5.03118e+14 1.16105e+14 1.89945e+13 1.90296e+12 7.84424e+10 0 0 0 0 0 0 0 0 0 0 0 0 0 0 0 0 0 0 0 
0 0 0 0 0 0 0 0 0 0 0 0 0 0 0 0 0 0 0 5.65245e+09 3.0632e+11 4.21293e+12 3.27178e+13 1.6642e+14 6.22547e+14 1.76744e+15 4.26769e+15 8.48303e+15 1.44946e+16 2.2323e+16 2.86832e+16 3.43634e+16 3.62061e+16 3.46695e+16 2.986e+16 2.24619e+16 1.50048e+16 8.53247e+15 4.16016e+15 1.76949e+15 5.97978e+14 1.59964e+14 3.20959e+13 4.41569e+12 3.07856e+11 6.00762e+09 0 0 0 0 0 0 0 0 0 0 0 0 0 0 0 0 0 0 0 
0 0 0 0 0 0 0 0 0 0 0 0 0 0 0 0 0 0 0 0 3.39553e+10 7.76845e+11 7.71445e+12 4.79019e+13 1.96996e+14 6.35529e+14 1.60762e+15 3.55703e+15 6.36942e+15 9.91907e+15 1.38128e+16 1.63614e+16 1.72114e+16 1.66407e+16 1.38101e+16 1.00468e+16 6.43462e+15 3.44996e+15 1.57805e+15 6.13838e+14 1.89731e+14 4.59482e+13 7.8128e+12 7.84475e+11 3.51787e+10 0 0 0 0 0 0 0 0 0 0 0 0 0 0 0 0 0 0 0 0 
0 0 0 0 0 0 0 0 0 0 0 0 0 0 0 0 0 0 0 0 2.41244e+09 1.13456e+11 1.54846e+12 1.15795e+13 5.55179e+13 2.00296e+14 5.59184e+14 1.28497e+15 2.44964e+15 3.97745e+15 5.53273e+15 6.8363e+15 7.50628e+15 7.01094e+15 5.72399e+15 3.99878e+15 2.42389e+15 1.25729e+15 5.46761e+14 1.98798e+14 5.54308e+13 1.13775e+13 1.57472e+12 1.15131e+11 2.61068e+09 0 0 0 0 0 0 0 0 0 0 0 0 0 0 0 0 0 0 0 0 
0 0 0 0 0 0 0 0 0 0 0 0 0 0 0 0 0 0 0 0 0 1.17269e+10 2.61186e+11 2.47959e+12 1.40149e+13 5.69669e+13 1.73799e+14 4.22242e+14 8.47505e+14 1.4513e+15 2.15189e+15 2.65241e+15 2.81106e+15 2.66593e+15 2.11966e+15 1.46999e+15 8.52426e+14 4.18476e+14 1.79359e+14 5.62107e+13 1.41613e+13 2.46086e+12 2.60605e+11 1.21867e+10 0 0 0 0 0 0 0 0 0 0 0 0 0 0 0 0 0 0 0 0 0 
0 0 0 0 0 0 0 0 0 0 0 0 0 0 0 0 0 0 0 0 0 9.16167e+08 3.53562e+10 4.55498e+11 3.18104e+12 1.47235e+13 4.97335e+13 1.29787e+14 2.82117e+14 4.82932e+14 7.1344e+14 9.23839e+14 1.00121e+15 9.20197e+14 7.39183e+14 4.86293e+14 2.71389e+14 1.29448e+14 4.88726e+13 1.46885e+13 3.16676e+12 4.46573e+11 3.65176e+10 9.30829e+08 0 0 0 0 0 0 0 0 0 0 0 0 0 0 0 0 0 0 0 0 0 
0 0 0 0 0 0 0 0 0 0 0 0 0 0 0 0 0 0 0 0 0 0 3.54547e+09 7.08664e+10 6.26078e+11 3.22604e+12 1.27011e+13 3.58605e+13 8.10253e+13 1.46801e+14 2.23509e+14 2.87698e+14 3.21182e+14 2.96492e+14 2.31829e+14 1.50702e+14 8.06448e+13 3.57801e+13 1.28806e+13 3.38231e+12 6.22507e+11 7.404e+10 3.76574e+09 0 0 0 0 0 0 0 0 0 0 0 0 0 0 0 0 0 0 0 0 0 0 
0 0 0 0 0 0 0 0 0 0 0 0 0 0 0 0 0 0 0 0 0 0 3.25024e+08 9.11697e+09 1.0625e+11 6.87702e+11 2.94653e+12 8.91114e+12 2.22731e+13 4.25239e+13 6.64169e+13 8.93862e+13 9.77518e+13 8.93823e+13 6.67534e+13 4.27572e+13 2.26306e+13 9.2702e+12 2.96383e+12 7.08279e+11 1.10444e+11 9.78333e+09 3.11992e+08 0 0 0 0 0 0 0 0 0 0 0 0 0 0 0 0 0 0 0 0 0 0 
0 0 0 0 0 0 0 0 0 0 0 0 0 0 0 0 0 0 0 0 0 0 0 9.8167e+08 1.63777e+10 1.26268e+11 6.2743e+11 2.0932e+12 5.4403e+12 1.10121e+13 1.76009e+13 2.34835e+13 2.58922e+13 2.33909e+13 1.85843e+13 1.1229e+13 5.51615e+12 2.11958e+12 6.48054e+11 1.28814e+11 1.67235e+10 9.60791e+08 0 0 0 0 0 0 0 0 0 0 0 0 0 0 0 0 0 0 0 0 0 0 0 
0 0 0 0 0 0 0 0 0 0 0 0 0 0 0 0 0 0 0 0 0 0 0 1.08963e+08 2.16593e+09 2.05149e+10 1.19091e+11 4.46539e+11 1.20504e+12 2.58008e+12 4.2907e+12 6.138e+12 6.61565e+12 6.25039e+12 4.54595e+12 2.70946e+12 1.23957e+12 4.49252e+11 1.24213e+11 2.17728e+10 2.21192e+09 1.01862e+08 0 0 0 0 0 0 0 0 0 0 0 0 0 0 0 0 0 0 0 0 0 0 0 
0 0 0 0 0 0 0 0 0 0 0 0 0 0 0 0 0 0 0 0 0 0 0 0 2.38223e+08 3.1113e+09 2.04738e+10 8.93026e+10 2.59687e+11 5.78087e+11 9.89707e+11 1.39846e+12 1.61926e+12 1.45695e+12 1.06653e+12 6.1973e+11 2.63629e+11 8.99108e+10 2.14877e+10 3.09559e+09 2.23821e+08 0 0 0 0 0 0 0 0 0 0 0 0 0 0 0 0 0 0 0 0 0 0 0 0 
0 0 0 0 0 0 0 0 0 0 0 0 0 0 0 0 0 0 0 0 0 0 0 0 3.29884e+07 4.56285e+08 3.40028e+09 1.63388e+10 5.17697e+10 1.2716e+11 2.22946e+11 3.20768e+11 3.62011e+11 3.20754e+11 2.35892e+11 1.33276e+11 5.53609e+10 1.67337e+10 3.40275e+09 4.42869e+08 3.02207e+07 0 0 0 0 0 0 0 0 0 0 0 0 0 0 0 0 0 0 0 0 0 0 0 0 
0 0 0 0 0 0 0 0 0 0 0 0 0 0 0 0 0 0 0 0 0 0 0 0 0 4.85581e+07 5.4057e+08 2.88397e+09 1.02891e+10 2.57333e+10 4.74911e+10 6.9498e+10 7.85202e+10 7.1701e+10 4.9013e+10 2.61731e+10 1.03792e+10 2.8478e+09 5.25536e+08 4.50271e+07 0 0 0 0 0 0 0 0 0 0 0 0 0 0 0 0 0 0 0 0 0 0 0 0 0 
0 0 0 0 0 0 0 0 0 0 0 0 0 0 0 0 0 0 0 0 0 0 0 0 0 8.83231e+06 8.34677e+07 4.80257e+08 1.94795e+09 5.11068e+09 9.90741e+09 1.47537e+10 1.67608e+10 1.46329e+10 9.86564e+09 5.26251e+09 1.95114e+09 4.8744e+08 8.14044e+07 8.12233e+06 0 0 0 0 0 0 0 0 0 0 0 0 0 0 0 0 0 0 0 0 0 0 0 0 0 
0 0 0 0 0 0 0 0 0 0 0 0 0 0 0 0 0 0 0 0 0 0 0 0 0 0 8.3201e+06 8.34664e+07 3.43581e+08 9.51632e+08 2.05101e+09 2.97625e+09 3.38527e+09 2.96271e+09 1.96844e+09 9.70855e+08 3.4318e+08 8.11814e+07 8.00913e+06 0 0 0 0 0 0 0 0 0 0 0 0 0 0 0 0 0 0 0 0 0 0 0 0 0 0 
0 0 0 0 0 0 0 0 0 0 0 0 0 0 0 0 0 0 0 0 0 0 0 0 0 0 2.17175e+06 1.30349e+07 5.8787e+07 1.88535e+08 3.68804e+08 6.09776e+08 6.68556e+08 6.0752e+08 3.91365e+08 1.87567e+08 5.70857e+07 1.31622e+07 2.00559e+06 0 0 0 0 0 0 0 0 0 0 0 0 0 0 0 0 0 0 0 0 0 0 0 0 0 0 
0 0 0 0 0 0 0 0 0 0 0 0 0 0 0 0 0 0 0 0 0 0 0 0 0 0 0 1.16357e+06 1.09197e+07 3.46209e+07 7.54964e+07 1.18052e+08 1.32744e+08 1.1534e+08 7.35084e+07 3.20536e+07 1.15384e+07 1.02267e+06 0 0 0 0 0 0 0 0 0 0 0 0 0 0 0 0 0 0 0 0 0 0 0 0 0 0 0 
0 0 0 0 0 0 0 0 0 0 0 0 0 0 0 0 0 0 0 0 0 0 0 0 0 0 0 445323 1.6565e+06 5.63036e+06 1.53999e+07 2.28407e+07 2.82628e+07 2.15741e+07 1.57755e+07 5.34494e+06 1.67182e+06 405155 0 0 0 0 0 0 0 0 0 0 0 0 0 0 0 0 0 0 0 0 0 0 0 0 0 0 0 
0 0 0 0 0 0 0 0 0 0 0 0 0 0 0 0 0 0 0 0 0 0 0 0 0 0 0 0 107853 1.24197e+06 2.51274e+06 4.66992e+06 5.16339e+06 4.77988e+06 2.34654e+06 1.28591e+06 114005 0 0 0 0 0 0 0 0 0 0 0 0 0 0 0 0 0 0 0 0 0 0 0 0 0 0 0 0 
0 0 0 0 0 0 0 0 0 0 0 0 0 0 0 0 0 0 0 0 0 0 0 0 0 0 0 0 80032.4 166937 451666 954678 931413 934345 453400 170997 70658 0 0 0 0 0 0 0 0 0 0 0 0 0 0 0 0 0 0 0 0 0 0 0 0 0 0 0 0 
0 0 0 0 0 0 0 0 0 0 0 0 0 0 0 0 0 0 0 0 0 0 0 0 0 0 0 0 0 7433.87 110429 103626 232783 106885 120286 7933.45 0 0 0 0 0 0 0 0 0 0 0 0 0 0 0 0 0 0 0 0 0 0 0 0 0 0 0 0 0 
0 0 0 0 0 0 0 0 0 0 0 0 0 0 0 0 0 0 0 0 0 0 0 0 0 0 0 0 0 10466.8 11187.8 31859.9 35511.5 29011.1 11907 9520.64 0 0 0 0 0 0 0 0 0 0 0 0 0 0 0 0 0 0 0 0 0 0 0 0 0 0 0 0 0 
0 0 0 0 0 0 0 0 0 0 0 0 0 0 0 0 0 0 0 0 0 0 0 0 0 0 0 0 0 0 257.708 7595.16 1881.81 7453.39 276.527 0 0 0 0 0 0 0 0 0 0 0 0 0 0 0 0 0 0 0 0 0 0 0 0 0 0 0 0 0 0 
0 0 0 0 0 0 0 0 0 0 0 0 0 0 0 0 0 0 0 0 0 0 0 0 0 0 0 0 0 0 999.784 367.089 1841.36 370.223 1000.44 0 0 0 0 0 0 0 0 0 0 0 0 0 0 0 0 0 0 0 0 0 0 0 0 0 0 0 0 0 0 
0 0 0 0 0 0 0 0 0 0 0 0 0 0 0 0 0 0 0 0 0 0 0 0 0 0 0 0 0 0 0 0 245.128 0 0 0 0 0 0 0 0 0 0 0 0 0 0 0 0 0 0 0 0 0 0 0 0 0 0 0 0 0 0 0 0 
0 0 0 0 0 0 0 0 0 0 0 0 0 0 0 0 0 0 0 0 0 0 0 0 0 0 0 0 0 0 0 64.3772 0 60.8369 0 0 0 0 0 0 0 0 0 0 0 0 0 0 0 0 0 0 0 0 0 0 0 0 0 0 0 0 0 0 0 
0 0 0 0 0 0 0 0 0 0 0 0 0 0 0 0 0 0 0 0 0 0 0 0 0 0 0 0 0 0 0 0 0 0 0 0 0 0 0 0 0 0 0 0 0 0 0 0 0 0 0 0 0 0 0 0 0 0 0 0 0 0 0 0 0 
0 0 0 0 0 0 0 0 0 0 0 0 0 0 0 0 0 0 0 0 0 0 0 0 0 0 0 0 0 0 0 0 2.10119 0 0 0 0 0 0 0 0 0 0 0 0 0 0 0 0 0 0 0 0 0 0 0 0 0 0 0 0 0 0 0 0 
