1 0 0 0 0 0 0 0 0 0 0 0 0 0 0 0 0 0 0 0 0 0 0 0 0 0 0 0 0 0 0 0 0 0 0 0 0 0 0 0 0 0 0 0 0 0 0 0 0 0 0 0 0 0 0 0 0 0 0 0 0 0 0 0 1 
0 0 0 0 0 0 0 0 0 0 0 0 0 0 0 0 0 0 0 0 0 0 0 0 0 0 0 0 0 0 0 0 0 0 0 0 0 0 0 0 0 0 0 0 0 0 0 0 0 0 0 0 0 0 0 0 0 0 0 0 0 0 0 0 0 
0 64 0 0 0 0 0 0 0 0 0 0 0 0 0 0 0 0 0 0 0 0 0 0 0 0 0 0 0 0 0 0 0 0 0 0 0 0 0 0 0 0 0 0 0 0 0 0 0 0 0 0 0 0 0 0 0 0 0 0 0 0 0 64 0 
0 0 127.44 0 0 0 0 0 0 0 0 0 0 0 0 0 0 0 0 0 0 0 0 0 0 0 0 0 0 0 0 0 0 0 0 0 0 0 0 0 0 0 0 0 0 0 0 0 0 0 0 0 0 0 0 0 0 0 0 0 0 0 139.624 0 0 
0 0 1888.56 352.549 60.1908 0 0 0 0 0 0 0 0 0 0 0 0 0 0 0 0 0 0 0 0 0 0 0 0 0 0 0 0 0 0 0 0 0 0 0 0 0 0 0 0 0 0 0 0 0 0 0 0 0 0 0 0 0 0 0 58.6969 372.294 1876.38 0 0 
0 0 0 6757.69 1073.18 472.088 118.818 0 0 0 0 0 0 0 0 0 0 0 0 0 0 0 0 0 0 0 0 0 0 0 0 0 0 0 0 0 0 0 0 0 0 0 0 0 0 0 0 0 0 0 0 0 0 0 0 0 0 0 143.384 514.322 1126.21 7097.06 0 0 0 
0 0 0 34553.8 27046.4 6559.28 2299.03 1232.69 354.15 59.9115 0 0 0 0 0 0 0 0 0 0 0 0 0 0 0 0 0 0 0 0 0 0 0 0 0 0 0 0 0 0 0 0 0 0 0 0 0 0 0 0 0 0 0 0 0 62.7477 404.491 1372.34 2598.96 6630.05 25296.6 34194.6 0 0 0 
0 0 0 0 175249 97488.4 42338.4 16093.5 7762.99 4430.26 1888.21 455.396 107.876 0 0 0 0 0 0 0 0 0 0 0 0 0 0 0 0 0 0 0 0 0 0 0 0 0 0 0 0 0 0 0 0 0 0 0 0 0 0 0 108.76 501.887 1884.49 4301.25 8502.9 17079.5 41965.6 94165.6 185192 0 0 0 0 
0 0 0 0 431948 784032 380132 224646 123466 61113.1 33424.4 18989.4 9035.88 4123.79 1451.49 419.618 73.7142 0 0 0 0 0 0 0 16.1564 0 0 0 0 0 0 0 13.9613 0 0 0 0 0 0 0 13.9779 0 0 0 0 0 0 0 85.0898 393.543 1427.68 4465 9899.65 21692.7 34037.3 59362.4 117479 221382 409946 814659 423702 0 0 0 0 
0 0 0 0 0 2.81652e+06 3.26306e+06 1.92954e+06 1.15326e+06 735656 416799 256506 154972 90261.5 54095.8 29793.4 15530.1 6721.07 2545.96 883.543 442.333 304.569 294.881 278.118 0 250.466 237.648 236.634 234.815 238.452 249.275 244.078 0 221.02 222.744 222.305 243.554 248.637 224.668 231.212 0 240.865 227.326 231.524 342.582 636.366 1885.96 5693.47 13456 28692 52955.6 92958.9 162844 254178 418064 704707 1.08547e+06 1.89942e+06 3.13635e+06 2.84379e+06 0 0 0 0 0 
0 0 0 0 0 3.91944e+06 1.47028e+07 1.34051e+07 9.17911e+06 6.31181e+06 4.00989e+06 2.72191e+06 1.87921e+06 1.15986e+06 741954 500361 344224 221568 131671 71634 37901.5 23459.1 15287.9 10663 11828.5 9512.95 8789.05 9194 9279.45 8248.17 8376.68 8508.99 10472.7 8798.49 8470.37 9430.74 8671.95 8736.99 9223.12 9179.55 11507.2 10883.8 13472.7 21017.4 36027.2 65716.4 116140 201586 349374 525491 780745 1.15834e+06 1.82582e+06 2.81667e+06 4.06104e+06 6.40409e+06 9.58305e+06 1.29375e+07 1.42897e+07 3.86476e+06 0 0 0 0 0 
0 0 0 0 0 0 2.98823e+07 6.06746e+07 5.6746e+07 4.22784e+07 3.16869e+07 2.35511e+07 1.60938e+07 1.14066e+07 7.95439e+06 5.69149e+06 4.12094e+06 3.17081e+06 2.27181e+06 1.59028e+06 1.06599e+06 733452 514488 373367 284834 260211 243660 227643 209504 206632 201590 200055 194661 199813 204743 214852 208798 226046 222775 234901 283185 353925 465571 647320 943325 1.45393e+06 2.13672e+06 3.04069e+06 4.25572e+06 6.0685e+06 8.06928e+06 1.18049e+07 1.5945e+07 2.26525e+07 3.26124e+07 4.4464e+07 5.65579e+07 6.07793e+07 3.0679e+07 0 0 0 0 0 0 
0 0 0 0 0 0 2.67014e+07 1.7054e+08 2.61368e+08 2.3891e+08 2.01641e+08 1.59651e+08 1.2208e+08 9.06e+07 6.77493e+07 5.19497e+07 4.11552e+07 3.1374e+07 2.47907e+07 1.9057e+07 1.39938e+07 1.10484e+07 8.69129e+06 7.01146e+06 5.64198e+06 4.62419e+06 3.94931e+06 3.59106e+06 3.24971e+06 2.94661e+06 3.0493e+06 2.97844e+06 3.01358e+06 2.96468e+06 2.99037e+06 3.26183e+06 3.43588e+06 3.59427e+06 3.94974e+06 4.58414e+06 5.3839e+06 6.7667e+06 8.16826e+06 1.04612e+07 1.41251e+07 1.82592e+07 2.46693e+07 3.29187e+07 4.25065e+07 5.28028e+07 7.28396e+07 9.42347e+07 1.24897e+08 1.59035e+08 2.06419e+08 2.54813e+08 2.54809e+08 1.6645e+08 2.64147e+07 0 0 0 0 0 0 
0 0 0 0 0 0 0 2.34757e+08 7.73945e+08 1.03651e+09 1.02214e+09 9.19065e+08 7.6342e+08 6.0746e+08 5.05146e+08 3.97983e+08 3.21663e+08 2.51244e+08 2.08408e+08 1.67363e+08 1.39634e+08 1.09307e+08 8.78325e+07 7.653e+07 6.48613e+07 5.89368e+07 5.19394e+07 4.55742e+07 4.21532e+07 3.9147e+07 3.78947e+07 3.80448e+07 3.58362e+07 3.63694e+07 3.69722e+07 3.80427e+07 4.2413e+07 4.57097e+07 5.04639e+07 5.66703e+07 6.58783e+07 8.13357e+07 9.49645e+07 1.17608e+08 1.35827e+08 1.76246e+08 2.17765e+08 2.71021e+08 3.27273e+08 4.11239e+08 5.00449e+08 6.11868e+08 7.80465e+08 9.68634e+08 1.0609e+09 1.06888e+09 7.76385e+08 2.36833e+08 0 0 0 0 0 0 0 
0 0 0 0 0 0 0 1.39668e+08 1.38308e+09 3.3142e+09 4.31338e+09 4.38943e+09 3.95923e+09 3.59084e+09 2.98458e+09 2.59359e+09 2.22001e+09 1.87902e+09 1.57242e+09 1.31786e+09 1.13456e+09 9.49582e+08 8.22518e+08 6.89471e+08 5.95072e+08 5.3279e+08 4.90208e+08 4.33717e+08 4.19132e+08 3.79853e+08 3.719e+08 3.60518e+08 3.64549e+08 3.65886e+08 3.73588e+08 3.93858e+08 4.03486e+08 4.46357e+08 4.99382e+08 5.48344e+08 6.29476e+08 6.91065e+08 8.1458e+08 9.31288e+08 1.08016e+09 1.26949e+09 1.5414e+09 1.86411e+09 2.23132e+09 2.6259e+09 2.96261e+09 3.61028e+09 4.10936e+09 4.34748e+09 4.31803e+09 3.18603e+09 1.41619e+09 1.42077e+08 0 0 0 0 0 0 0 
0 0 0 0 0 0 0 0 1.36197e+09 6.62981e+09 1.28632e+10 1.72718e+10 1.79116e+10 1.72337e+10 1.55221e+10 1.40225e+10 1.27348e+10 1.13306e+10 9.96351e+09 8.79622e+09 7.64241e+09 6.53054e+09 5.86123e+09 5.29878e+09 4.70524e+09 4.22668e+09 3.78213e+09 3.58041e+09 3.30277e+09 3.14496e+09 3.03766e+09 2.97251e+09 2.88707e+09 2.9186e+09 2.98623e+09 3.06895e+09 3.37381e+09 3.49718e+09 3.68726e+09 4.033e+09 4.5446e+09 5.29355e+09 5.69448e+09 6.29159e+09 7.36538e+09 8.46406e+09 9.58041e+09 1.11518e+10 1.30251e+10 1.40713e+10 1.58214e+10 1.71189e+10 1.7999e+10 1.68374e+10 1.28865e+10 6.66788e+09 1.31826e+09 0 0 0 0 0 0 0 0 
0 0 0 0 0 0 0 0 5.78597e+08 8.48276e+09 2.80993e+10 5.06407e+10 6.48654e+10 7.20272e+10 7.30907e+10 6.82088e+10 6.52674e+10 5.91871e+10 5.50588e+10 4.92714e+10 4.50825e+10 4.05353e+10 3.64698e+10 3.28696e+10 3.02211e+10 2.79135e+10 2.54237e+10 2.46686e+10 2.33751e+10 2.16023e+10 2.15487e+10 2.09633e+10 2.00745e+10 2.05255e+10 2.05196e+10 2.0975e+10 2.22675e+10 2.43316e+10 2.59533e+10 2.73895e+10 2.93e+10 3.17803e+10 3.56144e+10 4.02132e+10 4.32367e+10 4.7463e+10 5.34809e+10 5.82818e+10 6.5026e+10 6.87642e+10 7.1655e+10 7.02491e+10 6.55651e+10 5.10462e+10 2.87125e+10 8.35421e+09 5.93172e+08 0 0 0 0 0 0 0 0 
0 0 0 0 0 0 0 0 0 5.79959e+09 4.10643e+10 1.09054e+11 1.87465e+11 2.29294e+11 2.71864e+11 2.85074e+11 2.81199e+11 2.84407e+11 2.6499e+11 2.50894e+11 2.31166e+11 2.13638e+11 1.97371e+11 1.87932e+11 1.79957e+11 1.68381e+11 1.58269e+11 1.50543e+11 1.40695e+11 1.33972e+11 1.34902e+11 1.26858e+11 1.2389e+11 1.23845e+11 1.2673e+11 1.3528e+11 1.37424e+11 1.46774e+11 1.53229e+11 1.65301e+11 1.73157e+11 1.86194e+11 1.98423e+11 2.1649e+11 2.27681e+11 2.45611e+11 2.60589e+11 2.74573e+11 2.81806e+11 2.84672e+11 2.67272e+11 2.39104e+11 1.87417e+11 1.10129e+11 4.04812e+10 6.01217e+09 0 0 0 0 0 0 0 0 0 
0 0 0 0 0 0 0 0 0 1.98941e+09 3.81968e+10 1.75592e+11 4.05037e+11 6.58561e+11 8.52977e+11 9.9137e+11 1.07401e+12 1.11773e+12 1.13682e+12 1.13339e+12 1.086e+12 1.01561e+12 9.76725e+11 9.14815e+11 8.78994e+11 8.85167e+11 8.42226e+11 8.21512e+11 7.9166e+11 7.74067e+11 7.56288e+11 7.28593e+11 7.15468e+11 7.10854e+11 7.08139e+11 7.45194e+11 7.68084e+11 7.86223e+11 7.89163e+11 8.24135e+11 9.00987e+11 9.30005e+11 9.75362e+11 1.0116e+12 1.03368e+12 1.11468e+12 1.1193e+12 1.12372e+12 1.11347e+12 1.00925e+12 8.57516e+11 6.62934e+11 4.11712e+11 1.76416e+11 3.76544e+10 1.94497e+09 0 0 0 0 0 0 0 0 0 
0 0 0 0 0 0 0 0 0 0 2.01553e+10 1.89606e+11 6.67142e+11 1.4529e+12 2.22546e+12 2.94419e+12 3.6218e+12 3.97385e+12 4.23102e+12 4.40076e+12 4.41751e+12 4.47451e+12 4.35021e+12 4.2622e+12 4.14662e+12 4.05765e+12 3.99651e+12 3.88492e+12 4.0008e+12 3.83202e+12 3.74903e+12 3.7096e+12 3.59243e+12 3.60957e+12 3.67657e+12 3.71847e+12 3.88118e+12 3.87276e+12 3.85558e+12 4.01515e+12 4.16561e+12 4.33879e+12 4.39588e+12 4.25693e+12 4.34453e+12 4.45789e+12 4.33442e+12 4.11239e+12 3.58251e+12 2.97869e+12 2.2466e+12 1.46577e+12 6.62912e+11 1.8378e+11 2.08456e+10 0 0 0 0 0 0 0 0 0 0 
0 0 0 0 0 0 0 0 0 0 5.52094e+09 1.28388e+11 7.93121e+11 2.3257e+12 4.68777e+12 7.47159e+12 9.97817e+12 1.24528e+13 1.41483e+13 1.56268e+13 1.62456e+13 1.6637e+13 1.73785e+13 1.78789e+13 1.76659e+13 1.727e+13 1.7411e+13 1.72355e+13 1.67681e+13 1.67822e+13 1.6909e+13 1.69842e+13 1.64739e+13 1.64759e+13 1.62376e+13 1.66569e+13 1.68036e+13 1.6485e+13 1.68937e+13 1.75392e+13 1.72807e+13 1.74177e+13 1.7081e+13 1.6855e+13 1.63841e+13 1.53165e+13 1.42051e+13 1.26223e+13 1.03714e+13 7.53794e+12 4.80801e+12 2.31698e+12 7.80243e+11 1.32097e+11 5.27058e+09 0 0 0 0 0 0 0 0 0 0 
0 0 0 0 0 0 0 0 0 0 0 5.56995e+10 6.51528e+11 2.94211e+12 7.81135e+12 1.49646e+13 2.35624e+13 3.10476e+13 4.00107e+13 4.68185e+13 5.30143e+13 5.78637e+13 6.10283e+13 6.2335e+13 6.45323e+13 6.57114e+13 6.53883e+13 6.58208e+13 6.66193e+13 6.68384e+13 6.66563e+13 6.87837e+13 6.77511e+13 6.53946e+13 6.67223e+13 6.70393e+13 6.9107e+13 6.94046e+13 6.78514e+13 6.6419e+13 6.5889e+13 6.39842e+13 6.15562e+13 5.77553e+13 5.30243e+13 4.8132e+13 4.13756e+13 3.28398e+13 2.42826e+13 1.56721e+13 7.85771e+12 2.85306e+12 6.49297e+11 5.58243e+10 0 0 0 0 0 0 0 0 0 0 0 
0 0 0 0 0 0 0 0 0 0 0 1.1849e+10 3.50188e+11 2.65765e+12 1.00717e+13 2.51223e+13 4.58243e+13 7.17573e+13 9.85692e+13 1.28672e+14 1.48701e+14 1.69967e+14 1.93711e+14 2.09824e+14 2.25212e+14 2.30675e+14 2.35645e+14 2.3787e+14 2.46014e+14 2.44157e+14 2.51712e+14 2.51048e+14 2.44757e+14 2.47823e+14 2.46455e+14 2.49568e+14 2.46988e+14 2.37358e+14 2.32414e+14 2.27535e+14 2.13603e+14 2.0354e+14 1.91701e+14 1.70209e+14 1.51884e+14 1.29391e+14 1.02106e+14 7.61407e+13 4.6578e+13 2.44638e+13 9.71482e+12 2.74008e+12 3.58532e+11 1.19657e+10 0 0 0 0 0 0 0 0 0 0 0 
0 0 0 0 0 0 0 0 0 0 0 0 1.21392e+11 1.76261e+12 9.69649e+12 3.20692e+13 7.39005e+13 1.38383e+14 2.09667e+14 2.8771e+14 3.68892e+14 4.53525e+14 5.35179e+14 6.05591e+14 6.64364e+14 7.19519e+14 7.67292e+14 7.8109e+14 7.95794e+14 8.17146e+14 8.34652e+14 8.26478e+14 8.25277e+14 8.23968e+14 8.12943e+14 8.1571e+14 7.98357e+14 7.66855e+14 7.32594e+14 7.05752e+14 6.51311e+14 5.9758e+14 5.43711e+14 4.61942e+14 3.75321e+14 2.93444e+14 2.12574e+14 1.34696e+14 7.40417e+13 3.12134e+13 9.61572e+12 1.74724e+12 1.23694e+11 0 0 0 0 0 0 0 0 0 0 0 0 
0 0 0 0 0 0 0 0 0 0 0 0 2.07019e+10 7.6909e+11 6.84402e+12 3.07955e+13 9.22743e+13 2.0372e+14 3.7528e+14 5.74699e+14 7.99171e+14 1.04806e+15 1.28336e+15 1.55894e+15 1.79341e+15 1.95371e+15 2.12815e+15 2.26375e+15 2.39853e+15 2.44342e+15 2.52026e+15 2.52161e+15 2.48102e+15 2.47135e+15 2.42582e+15 2.39721e+15 2.38491e+15 2.22765e+15 2.07376e+15 1.90165e+15 1.73875e+15 1.54415e+15 1.32419e+15 1.07378e+15 8.14489e+14 5.86798e+14 3.68192e+14 2.02005e+14 8.93659e+13 3.06097e+13 7.07376e+12 7.72593e+11 2.18119e+10 0 0 0 0 0 0 0 0 0 0 0 0 
0 0 0 0 0 0 0 0 0 0 0 0 0 2.1464e+11 3.68892e+12 2.3826e+13 9.27259e+13 2.54371e+14 5.43105e+14 9.65028e+14 1.46167e+15 2.08e+15 2.75898e+15 3.43762e+15 4.13785e+15 4.83075e+15 5.19127e+15 5.76166e+15 6.16086e+15 6.48884e+15 6.83908e+15 6.9488e+15 6.97607e+15 6.72603e+15 6.54593e+15 6.48693e+15 6.14234e+15 5.86407e+15 5.19184e+15 4.67798e+15 4.15579e+15 3.53978e+15 2.81222e+15 2.12637e+15 1.52557e+15 9.55378e+14 5.35063e+14 2.48046e+14 9.18432e+13 2.37285e+13 3.68193e+12 2.15355e+11 0 0 0 0 0 0 0 0 0 0 0 0 0 
0 0 0 0 0 0 0 0 0 0 0 0 0 3.07374e+10 1.2702e+12 1.32143e+13 7.19247e+13 2.49573e+14 6.3604e+14 1.31759e+15 2.30262e+15 3.54901e+15 5.12559e+15 6.89518e+15 8.56318e+15 1.02555e+16 1.1867e+16 1.31324e+16 1.43928e+16 1.54731e+16 1.64844e+16 1.70022e+16 1.67552e+16 1.66573e+16 1.60458e+16 1.52921e+16 1.4563e+16 1.34263e+16 1.18886e+16 1.00151e+16 8.51569e+15 6.69767e+15 5.0904e+15 3.56535e+15 2.34103e+15 1.33258e+15 6.36956e+14 2.47773e+14 7.07979e+13 1.38678e+13 1.29469e+12 3.20487e+10 0 0 0 0 0 0 0 0 0 0 0 0 0 
0 0 0 0 0 0 0 0 0 0 0 0 0 0 3.0559e+11 5.63366e+12 4.36032e+13 1.94938e+14 6.21913e+14 1.49667e+15 3.00869e+15 5.22592e+15 8.23077e+15 1.17923e+16 1.55078e+16 1.94519e+16 2.32118e+16 2.68867e+16 3.03507e+16 3.32034e+16 3.47656e+16 3.66633e+16 3.64317e+16 3.58012e+16 3.48426e+16 3.30683e+16 3.04039e+16 2.68779e+16 2.32768e+16 1.98398e+16 1.55789e+16 1.14671e+16 8.11757e+15 5.35811e+15 3.02915e+15 1.52222e+15 6.24255e+14 1.97446e+14 4.56102e+13 5.89281e+12 3.0955e+11 0 0 0 0 0 0 0 0 0 0 0 0 0 0 
0 0 0 0 0 0 0 0 0 0 0 0 0 0 3.72128e+10 1.72848e+12 2.01811e+13 1.22407e+14 4.94382e+14 1.4353e+15 3.36916e+15 6.49741e+15 1.11245e+16 1.73747e+16 2.43169e+16 3.18251e+16 4.03223e+16 4.83184e+16 5.58235e+16 6.11674e+16 6.68899e+16 6.89828e+16 7.1017e+16 6.95499e+16 6.59826e+16 6.21655e+16 5.63462e+16 4.82732e+16 4.02874e+16 3.22858e+16 2.40702e+16 1.7233e+16 1.1266e+16 6.4387e+15 3.40078e+15 1.42129e+15 4.84512e+14 1.2383e+14 2.09764e+13 1.78104e+12 3.70925e+10 0 0 0 0 0 0 0 0 0 0 0 0 0 0 
0 0 0 0 0 0 0 0 0 0 0 0 0 0 0 3.50262e+11 7.22307e+12 6.21539e+13 3.03466e+14 1.12562e+15 3.06953e+15 6.78682e+15 1.26088e+16 2.12802e+16 3.29223e+16 4.62432e+16 6.09164e+16 7.76095e+16 8.99713e+16 1.01181e+17 1.10001e+17 1.16587e+17 1.17862e+17 1.15272e+17 1.10757e+17 1.01201e+17 8.91985e+16 7.52982e+16 6.13261e+16 4.7102e+16 3.31136e+16 2.20818e+16 1.3029e+16 6.79896e+15 2.97891e+15 1.09789e+15 3.15201e+14 6.41717e+13 7.33471e+12 3.5584e+11 0 0 0 0 0 0 0 0 0 0 0 0 0 0 0 
0 0 0 0 0 0 0 0 0 0 0 0 0 0 0 3.73617e+10 1.91533e+12 2.40152e+13 1.6182e+14 7.12175e+14 2.32862e+15 5.92246e+15 1.26597e+16 2.30066e+16 3.78102e+16 5.72143e+16 7.99266e+16 1.03382e+17 1.25693e+17 1.46357e+17 1.62789e+17 1.71989e+17 1.76349e+17 1.74465e+17 1.6115e+17 1.45993e+17 1.24598e+17 1.03551e+17 8.02385e+16 5.72964e+16 3.84875e+16 2.31472e+16 1.25651e+16 5.88976e+15 2.24641e+15 7.05656e+14 1.62688e+14 2.49527e+13 1.90359e+12 3.7487e+10 0 0 0 0 0 0 0 0 0 0 0 0 0 0 0 
0 0 0 0 0 0 0 0 0 0 0 0 0 0 0 0 3.26038e+11 7.17992e+12 6.78946e+13 3.67448e+14 1.44182e+15 4.35577e+15 1.03768e+16 2.10117e+16 3.87069e+16 6.17578e+16 9.09898e+16 1.21413e+17 1.57155e+17 1.85171e+17 2.10048e+17 2.247e+17 2.28882e+17 2.25031e+17 2.09232e+17 1.8532e+17 1.55995e+17 1.21552e+17 9.15012e+16 6.10885e+16 3.81321e+16 2.11711e+16 1.02091e+16 4.27969e+15 1.44192e+15 3.67209e+14 6.89789e+13 7.30968e+12 3.31845e+11 0 0 0 0 0 0 0 0 0 0 0 0 0 0 0 0 
0 0 0 0 0 0 0 0 0 0 0 0 0 0 0 0 3.03151e+10 1.64486e+12 2.26559e+13 1.61213e+14 7.48099e+14 2.6724e+15 7.34745e+15 1.65933e+16 3.23211e+16 5.64581e+16 8.81258e+16 1.25145e+17 1.64215e+17 2.03371e+17 2.32332e+17 2.51682e+17 2.60532e+17 2.53845e+17 2.35591e+17 2.04481e+17 1.64583e+17 1.25778e+17 8.75779e+16 5.59145e+16 3.22047e+16 1.63678e+16 7.24552e+15 2.5983e+15 7.40244e+14 1.61089e+14 2.26222e+13 1.67868e+12 3.0923e+10 0 0 0 0 0 0 0 0 0 0 0 0 0 0 0 0 
0 0 0 0 0 0 0 0 0 0 0 0 0 0 0 0 0 2.58513e+11 5.73532e+12 5.80606e+13 3.24792e+14 1.34327e+15 4.35747e+15 1.12756e+16 2.39253e+16 4.50948e+16 7.3533e+16 1.10535e+17 1.51726e+17 1.9515e+17 2.29205e+17 2.52945e+17 2.61583e+17 2.52023e+17 2.29544e+17 1.93504e+17 1.53483e+17 1.11651e+17 7.3058e+16 4.43509e+16 2.40144e+16 1.11741e+16 4.23919e+15 1.34601e+15 3.3207e+14 5.65337e+13 5.84615e+12 2.55555e+11 0 0 0 0 0 0 0 0 0 0 0 0 0 0 0 0 0 
0 0 0 0 0 0 0 0 0 0 0 0 0 0 0 0 0 2.034e+10 1.13142e+12 1.68884e+13 1.22632e+14 5.99724e+14 2.17588e+15 6.34672e+15 1.50252e+16 3.04494e+16 5.40283e+16 8.64846e+16 1.23563e+17 1.61726e+17 1.96049e+17 2.18399e+17 2.27517e+17 2.19363e+17 1.97252e+17 1.6245e+17 1.25468e+17 8.63404e+16 5.37055e+16 3.10338e+16 1.50646e+16 6.22009e+15 2.15489e+15 6.0021e+14 1.18663e+14 1.65186e+13 1.1602e+12 2.12219e+10 0 0 0 0 0 0 0 0 0 0 0 0 0 0 0 0 0 
0 0 0 0 0 0 0 0 0 0 0 0 0 0 0 0 0 0 1.57943e+11 3.77383e+12 3.84139e+13 2.2583e+14 9.56159e+14 3.1361e+15 8.27847e+15 1.81024e+16 3.4862e+16 5.84542e+16 8.82957e+16 1.19191e+17 1.46351e+17 1.68333e+17 1.73488e+17 1.67495e+17 1.4646e+17 1.18027e+17 8.60751e+16 5.75783e+16 3.47851e+16 1.78692e+16 8.09998e+15 3.11547e+15 9.51451e+14 2.25077e+14 3.67737e+13 3.78937e+12 1.61724e+11 0 0 0 0 0 0 0 0 0 0 0 0 0 0 0 0 0 0 
0 0 0 0 0 0 0 0 0 0 0 0 0 0 0 0 0 0 1.20521e+10 6.53156e+11 9.68059e+12 7.31019e+13 3.69128e+14 1.37073e+15 3.83671e+15 9.47549e+15 1.9255e+16 3.4519e+16 5.35475e+16 7.51637e+16 9.64726e+16 1.10828e+17 1.1802e+17 1.09926e+17 9.62857e+16 7.4867e+16 5.34322e+16 3.45204e+16 1.93348e+16 9.46016e+15 3.95871e+15 1.33488e+15 3.64674e+14 7.13618e+13 9.19738e+12 6.765e+11 1.26951e+10 0 0 0 0 0 0 0 0 0 0 0 0 0 0 0 0 0 0 
0 0 0 0 0 0 0 0 0 0 0 0 0 0 0 0 0 0 0 8.07701e+10 1.86525e+12 1.92616e+13 1.17793e+14 5.0884e+14 1.64753e+15 4.26156e+15 9.53306e+15 1.79279e+16 2.99825e+16 4.36131e+16 5.63682e+16 6.64779e+16 6.79471e+16 6.49861e+16 5.53936e+16 4.35737e+16 2.98814e+16 1.86929e+16 9.53761e+15 4.4878e+15 1.66399e+15 5.12763e+14 1.16131e+14 1.89067e+13 1.88943e+12 8.0246e+10 0 0 0 0 0 0 0 0 0 0 0 0 0 0 0 0 0 0 0 
0 0 0 0 0 0 0 0 0 0 0 0 0 0 0 0 0 0 0 6.19118e+09 2.9158e+11 4.31414e+12 3.25467e+13 1.69465e+14 6.0292e+14 1.72225e+15 4.12572e+15 8.30373e+15 1.42251e+16 2.193e+16 2.97076e+16 3.45895e+16 3.64896e+16 3.49506e+16 2.89349e+16 2.25066e+16 1.48014e+16 8.42659e+15 4.23849e+15 1.76497e+15 6.19365e+14 1.64671e+14 3.29165e+13 4.19554e+12 3.15987e+11 6.10612e+09 0 0 0 0 0 0 0 0 0 0 0 0 0 0 0 0 0 0 0 
0 0 0 0 0 0 0 0 0 0 0 0 0 0 0 0 0 0 0 0 3.45786e+10 7.71785e+11 7.88683e+12 4.77473e+13 2.01018e+14 6.249e+14 1.6379e+15 3.45898e+15 6.34557e+15 9.77187e+15 1.34099e+16 1.63489e+16 1.7429e+16 1.63171e+16 1.37113e+16 1.00373e+16 6.4631e+15 3.54633e+15 1.66103e+15 6.42516e+14 2.02804e+14 4.72481e+13 7.62606e+12 7.99659e+11 3.43117e+10 0 0 0 0 0 0 0 0 0 0 0 0 0 0 0 0 0 0 0 0 
0 0 0 0 0 0 0 0 0 0 0 0 0 0 0 0 0 0 0 0 2.5721e+09 1.1466e+11 1.57804e+12 1.1691e+13 5.69565e+13 2.01961e+14 5.63491e+14 1.31032e+15 2.5014e+15 4.05566e+15 5.69963e+15 6.91242e+15 7.3844e+15 6.99141e+15 5.73391e+15 4.0768e+15 2.53686e+15 1.31823e+15 5.72429e+14 2.07578e+14 5.6786e+13 1.16055e+13 1.53371e+12 1.16304e+11 2.54758e+09 0 0 0 0 0 0 0 0 0 0 0 0 0 0 0 0 0 0 0 0 
0 0 0 0 0 0 0 0 0 0 0 0 0 0 0 0 0 0 0 0 0 1.23626e+10 2.60804e+11 2.4416e+12 1.43763e+13 5.82171e+13 1.82961e+14 4.40028e+14 8.90595e+14 1.484e+15 2.12253e+15 2.6575e+15 2.84104e+15 2.70598e+15 2.17422e+15 1.50858e+15 8.7843e+14 4.36461e+14 1.81602e+14 5.92042e+13 1.42182e+13 2.46554e+12 2.69496e+11 1.24651e+10 0 0 0 0 0 0 0 0 0 0 0 0 0 0 0 0 0 0 0 0 0 
0 0 0 0 0 0 0 0 0 0 0 0 0 0 0 0 0 0 0 0 0 9.44957e+08 3.68772e+10 4.49452e+11 3.15073e+12 1.47448e+13 5.04111e+13 1.3425e+14 2.8931e+14 5.15368e+14 7.38288e+14 9.38468e+14 1.02482e+15 9.4307e+14 7.55622e+14 5.02667e+14 2.8911e+14 1.35971e+14 5.05153e+13 1.42436e+13 3.11723e+12 4.64393e+11 3.63168e+10 9.70872e+08 0 0 0 0 0 0 0 0 0 0 0 0 0 0 0 0 0 0 0 0 0 
0 0 0 0 0 0 0 0 0 0 0 0 0 0 0 0 0 0 0 0 0 0 3.76541e+09 7.3192e+10 6.16039e+11 3.3154e+12 1.24781e+13 3.77286e+13 8.41119e+13 1.53631e+14 2.27847e+14 2.94294e+14 3.26594e+14 2.94657e+14 2.35802e+14 1.51297e+14 8.22772e+13 3.66944e+13 1.25313e+13 3.31934e+12 6.11128e+11 7.09048e+10 3.72679e+09 0 0 0 0 0 0 0 0 0 0 0 0 0 0 0 0 0 0 0 0 0 0 
0 0 0 0 0 0 0 0 0 0 0 0 0 0 0 0 0 0 0 0 0 0 3.30911e+08 9.98681e+09 1.10517e+11 6.76448e+11 2.96923e+12 9.08579e+12 2.2586e+13 4.27035e+13 6.96848e+13 8.8915e+13 9.41895e+13 8.70047e+13 6.45669e+13 4.16155e+13 2.16475e+13 9.08282e+12 2.88417e+12 6.7808e+11 1.0791e+11 9.41031e+09 3.4441e+08 0 0 0 0 0 0 0 0 0 0 0 0 0 0 0 0 0 0 0 0 0 0 
0 0 0 0 0 0 0 0 0 0 0 0 0 0 0 0 0 0 0 0 0 0 0 1.00354e+09 1.60444e+10 1.27536e+11 6.32649e+11 2.17048e+12 5.50999e+12 1.11249e+13 1.82785e+13 2.43704e+13 2.57563e+13 2.33143e+13 1.75378e+13 1.0727e+13 5.33938e+12 2.03632e+12 6.10787e+11 1.2705e+11 1.6284e+10 1.01462e+09 0 0 0 0 0 0 0 0 0 0 0 0 0 0 0 0 0 0 0 0 0 0 0 
0 0 0 0 0 0 0 0 0 0 0 0 0 0 0 0 0 0 0 0 0 0 0 1.03045e+08 2.25319e+09 2.09395e+10 1.13414e+11 4.47467e+11 1.27639e+12 2.72927e+12 4.40667e+12 6.02936e+12 6.75263e+12 6.04563e+12 4.33153e+12 2.56379e+12 1.21755e+12 4.52096e+11 1.19219e+11 2.07505e+10 2.20327e+09 1.1487e+08 0 0 0 0 0 0 0 0 0 0 0 0 0 0 0 0 0 0 0 0 0 0 0 
0 0 0 0 0 0 0 0 0 0 0 0 0 0 0 0 0 0 0 0 0 0 0 0 2.25671e+08 3.2202e+09 2.1041e+10 9.00909e+10 2.65918e+11 6.02109e+11 1.05437e+12 1.41853e+12 1.60663e+12 1.43947e+12 1.02394e+12 5.97175e+11 2.64602e+11 8.78357e+10 2.12084e+10 3.2517e+09 2.43605e+08 0 0 0 0 0 0 0 0 0 0 0 0 0 0 0 0 0 0 0 0 0 0 0 0 
0 0 0 0 0 0 0 0 0 0 0 0 0 0 0 0 0 0 0 0 0 0 0 0 3.0545e+07 4.35594e+08 3.43527e+09 1.63568e+10 5.27281e+10 1.27044e+11 2.3757e+11 3.33574e+11 3.57396e+11 3.20368e+11 2.27498e+11 1.22409e+11 5.35737e+10 1.64938e+10 3.48209e+09 4.81496e+08 3.30449e+07 0 0 0 0 0 0 0 0 0 0 0 0 0 0 0 0 0 0 0 0 0 0 0 0 
0 0 0 0 0 0 0 0 0 0 0 0 0 0 0 0 0 0 0 0 0 0 0 0 0 4.53875e+07 5.42544e+08 2.96754e+09 1.00842e+10 2.54165e+10 4.8342e+10 7.03834e+10 7.83085e+10 6.96065e+10 4.75293e+10 2.55989e+10 1.04035e+10 2.99312e+09 5.87197e+08 5.02316e+07 0 0 0 0 0 0 0 0 0 0 0 0 0 0 0 0 0 0 0 0 0 0 0 0 0 
0 0 0 0 0 0 0 0 0 0 0 0 0 0 0 0 0 0 0 0 0 0 0 0 0 8.15244e+06 7.78847e+07 4.59048e+08 1.89685e+09 5.02992e+09 9.65367e+09 1.45085e+10 1.63923e+10 1.45868e+10 1.02014e+10 5.08896e+09 1.89323e+09 4.89928e+08 8.81032e+07 8.88157e+06 0 0 0 0 0 0 0 0 0 0 0 0 0 0 0 0 0 0 0 0 0 0 0 0 0 
0 0 0 0 0 0 0 0 0 0 0 0 0 0 0 0 0 0 0 0 0 0 0 0 0 0 7.68531e+06 8.38339e+07 3.45358e+08 9.77597e+08 2.04512e+09 3.02818e+09 3.43267e+09 2.98709e+09 1.93513e+09 9.67812e+08 3.37619e+08 8.3195e+07 8.24505e+06 0 0 0 0 0 0 0 0 0 0 0 0 0 0 0 0 0 0 0 0 0 0 0 0 0 0 
0 0 0 0 0 0 0 0 0 0 0 0 0 0 0 0 0 0 0 0 0 0 0 0 0 0 2.02748e+06 1.21395e+07 5.62751e+07 1.91212e+08 3.96223e+08 6.26121e+08 7.07334e+08 5.99867e+08 3.76381e+08 1.83183e+08 5.88919e+07 1.35961e+07 2.11079e+06 0 0 0 0 0 0 0 0 0 0 0 0 0 0 0 0 0 0 0 0 0 0 0 0 0 0 
0 0 0 0 0 0 0 0 0 0 0 0 0 0 0 0 0 0 0 0 0 0 0 0 0 0 0 1.07955e+06 1.09494e+07 3.28727e+07 7.7244e+07 1.22466e+08 1.38232e+08 1.25111e+08 7.38158e+07 3.38111e+07 1.09486e+07 1.12795e+06 0 0 0 0 0 0 0 0 0 0 0 0 0 0 0 0 0 0 0 0 0 0 0 0 0 0 0 
0 0 0 0 0 0 0 0 0 0 0 0 0 0 0 0 0 0 0 0 0 0 0 0 0 0 0 428682 1.6602e+06 5.56648e+06 1.57699e+07 2.27092e+07 2.96115e+07 2.34246e+07 1.61362e+07 5.77734e+06 1.79956e+06 436301 0 0 0 0 0 0 0 0 0 0 0 0 0 0 0 0 0 0 0 0 0 0 0 0 0 0 0 
0 0 0 0 0 0 0 0 0 0 0 0 0 0 0 0 0 0 0 0 0 0 0 0 0 0 0 0 105410 1.23404e+06 2.45737e+06 4.72596e+06 5.15451e+06 4.91666e+06 2.46371e+06 1.2528e+06 121657 0 0 0 0 0 0 0 0 0 0 0 0 0 0 0 0 0 0 0 0 0 0 0 0 0 0 0 0 
0 0 0 0 0 0 0 0 0 0 0 0 0 0 0 0 0 0 0 0 0 0 0 0 0 0 0 0 74847.2 174619 471581 948024 1.00647e+06 1.00536e+06 468604 184087 75926.9 0 0 0 0 0 0 0 0 0 0 0 0 0 0 0 0 0 0 0 0 0 0 0 0 0 0 0 0 
0 0 0 0 0 0 0 0 0 0 0 0 0 0 0 0 0 0 0 0 0 0 0 0 0 0 0 0 0 7710.7 118032 110602 253452 113822 121692 8083.3 0 0 0 0 0 0 0 0 0 0 0 0 0 0 0 0 0 0 0 0 0 0 0 0 0 0 0 0 0 
0 0 0 0 0 0 0 0 0 0 0 0 0 0 0 0 0 0 0 0 0 0 0 0 0 0 0 0 0 9983.26 12032.8 34263 38051.3 37034 12133.2 10202 0 0 0 0 0 0 0 0 0 0 0 0 0 0 0 0 0 0 0 0 0 0 0 0 0 0 0 0 0 
0 0 0 0 0 0 0 0 0 0 0 0 0 0 0 0 0 0 0 0 0 0 0 0 0 0 0 0 0 0 297.398 7965.21 2033.7 7859.04 274.181 0 0 0 0 0 0 0 0 0 0 0 0 0 0 0 0 0 0 0 0 0 0 0 0 0 0 0 0 0 0 
0 0 0 0 0 0 0 0 0 0 0 0 0 0 0 0 0 0 0 0 0 0 0 0 0 0 0 0 0 0 955.57 420.495 1922.18 409.556 1019.7 0 0 0 0 0 0 0 0 0 0 0 0 0 0 0 0 0 0 0 0 0 0 0 0 0 0 0 0 0 0 
0 0 0 0 0 0 0 0 0 0 0 0 0 0 0 0 0 0 0 0 0 0 0 0 0 0 0 0 0 0 0 0 282.034 0 0 0 0 0 0 0 0 0 0 0 0 0 0 0 0 0 0 0 0 0 0 0 0 0 0 0 0 0 0 0 0 
0 0 0 0 0 0 0 0 0 0 0 0 0 0 0 0 0 0 0 0 0 0 0 0 0 0 0 0 0 0 0 65.1496 0 67.3497 0 0 0 0 0 0 0 0 0 0 0 0 0 0 0 0 0 0 0 0 0 0 0 0 0 0 0 0 0 0 0 
0 0 0 0 0 0 0 0 0 0 0 0 0 0 0 0 0 0 0 0 0 0 0 0 0 0 0 0 0 0 0 0 0 0 0 0 0 0 0 0 0 0 0 0 0 0 0 0 0 0 0 0 0 0 0 0 0 0 0 0 0 0 0 0 0 
0 0 0 0 0 0 0 0 0 0 0 0 0 0 0 0 0 0 0 0 0 0 0 0 0 0 0 0 0 0 0 0 2.03826 0 0 0 0 0 0 0 0 0 0 0 0 0 0 0 0 0 0 0 0 0 0 0 0 0 0 0 0 0 0 0 0 
