1 0 0 0 0 0 0 0 0 0 0 0 0 0 0 0 1 
0 0 0 0 0 0 0 0 0 0 0 0 0 0 0 0 0 
0 16 0 0 0 0 0 0 0 0 0 0 0 0 0 0 0 
0 0 32 0 0 0 0 0 0 0 0 0 0 0 0 0 0 
0 0 88 96.0519 24.013 0 0 0 8.02875 0 0 0 0 0 0 0 0 
0 0 0 255.896 255.865 192.409 96.1277 64.23 0 0 0 0 0 0 0 0 0 
0 0 0 208.052 735.918 687.485 704.663 623.138 767.549 0 0 0 0 0 0 0 0 
0 0 0 0 576.515 1663.31 1823.94 1920.17 1600.4 0 0 0 0 0 0 0 0 
0 0 0 0 227.688 1249.16 2925.87 3682.05 4355.79 0 0 0 0 0 0 0 0 
0 0 0 0 0 447.762 1568.88 3133.21 3264.81 0 0 0 0 0 0 0 0 
0 0 0 0 0 127.873 768.662 1393.3 2111.49 0 0 0 0 0 0 0 0 
0 0 0 0 0 0 63.9895 512.264 575.723 0 0 0 0 0 0 0 0 
0 0 0 0 0 0 55.871 95.6904 120.356 0 0 0 0 0 0 0 0 
0 0 0 0 0 0 0 0 63.8528 0 0 0 0 0 0 0 0 
0 0 0 0 0 0 0 15.9631 0 0 0 0 0 0 0 0 0 
0 0 0 0 0 0 0 0 0 0 0 0 0 0 0 0 0 
0 0 0 0 0 0 0 0 1.99539 0 0 0 0 0 0 0 0 
