1 0 0 0 0 0 0 0 0 0 0 0 0 0 0 0 1 
0 0 0 0 0 0 0 0 0 0 0 0 0 0 0 0 0 
0 16 0 0 0 0 0 0 0 0 0 0 0 0 0 0 0 
0 0 32 0 0 0 0 0 0 0 0 0 0 0 0 0 0 
0 0 88 95.941 23.9853 0 0 0 8.00538 0 0 0 0 0 0 0 0 
0 0 0 256.118 255.785 192.432 96.3433 64.0431 0 0 0 0 0 0 0 0 0 
0 0 0 207.941 736.645 688.085 705.08 624.904 768.987 0 0 0 0 0 0 0 0 
0 0 0 0 575.415 1662.39 1822.97 1921.18 1597.62 0 0 0 0 0 0 0 0 
0 0 0 0 228.17 1249.32 2925.96 3675.93 4358.6 0 0 0 0 0 0 0 0 
0 0 0 0 0 447.698 1569.29 3137.22 3262.6 0 0 0 0 0 0 0 0 
0 0 0 0 0 128.078 768.284 1392.38 2111.25 0 0 0 0 0 0 0 0 
0 0 0 0 0 0 63.9953 512.282 577.214 0 0 0 0 0 0 0 0 
0 0 0 0 0 0 56.0773 96.0402 119.767 0 0 0 0 0 0 0 0 
0 0 0 0 0 0 0 0 63.9535 0 0 0 0 0 0 0 0 
0 0 0 0 0 0 0 16.0221 0 0 0 0 0 0 0 0 0 
0 0 0 0 0 0 0 0 0 0 0 0 0 0 0 0 0 
0 0 0 0 0 0 0 0 2.00276 0 0 0 0 0 0 0 0 
