1 0 0 0 0 0 0 0 0 0 0 0 0 0 0 0 1 
0 0 0 0 0 0 0 0 0 0 0 0 0 0 0 0 0 
0 16 0 0 0 0 0 0 0 0 0 0 0 0 0 0 0 
0 0 32 0 0 0 0 0 0 0 0 0 0 0 0 0 0 
0 0 88 95.9709 23.9927 0 0 0 8.06034 0 0 0 0 0 0 0 0 
0 0 0 256.058 256.343 192.381 96.1685 64.4827 0 0 0 0 0 0 0 0 0 
0 0 0 207.971 735.243 687.525 703.009 624.015 768.11 0 0 0 0 0 0 0 0 
0 0 0 0 576.514 1663.97 1827.4 1920.43 1602.89 0 0 0 0 0 0 0 0 
0 0 0 0 227.907 1248.06 2924.4 3679.59 4352.97 0 0 0 0 0 0 0 0 
0 0 0 0 0 447.958 1568.24 3133.35 3261.86 0 0 0 0 0 0 0 0 
0 0 0 0 0 128.104 768.736 1393.95 2112.66 0 0 0 0 0 0 0 0 
0 0 0 0 0 0 63.9774 512.1 577.638 0 0 0 0 0 0 0 0 
0 0 0 0 0 0 56.0706 96.0572 119.812 0 0 0 0 0 0 0 0 
0 0 0 0 0 0 0 0 63.9989 0 0 0 0 0 0 0 0 
0 0 0 0 0 0 0 16.0202 0 0 0 0 0 0 0 0 0 
0 0 0 0 0 0 0 0 0 0 0 0 0 0 0 0 0 
0 0 0 0 0 0 0 0 2.00252 0 0 0 0 0 0 0 0 
