1 0 0 0 0 0 0 0 0 0 0 0 0 0 0 0 1 
0 0 0 0 0 0 0 0 0 0 0 0 0 0 0 0 0 
0 16 0 0 0 0 0 0 0 0 0 0 0 0 0 0 0 
0 0 32 0 0 0 0 0 0 0 0 0 0 0 0 0 0 
0 0 88 96.0455 24.0114 0 0 0 8.01631 0 0 0 0 0 0 0 0 
0 0 0 255.909 256.292 192.326 96.2607 64.1305 0 0 0 0 0 0 0 0 0 
0 0 0 208.045 735.454 687.832 703.614 624.788 768.339 0 0 0 0 0 0 0 0 
0 0 0 0 576.172 1663.66 1824.71 1920.27 1599.69 0 0 0 0 0 0 0 0 
0 0 0 0 228.071 1248.16 2928.01 3678.02 4356.56 0 0 0 0 0 0 0 0 
0 0 0 0 0 447.742 1566.41 3135.8 3263.66 0 0 0 0 0 0 0 0 
0 0 0 0 0 128.279 768.772 1392.94 2110.62 0 0 0 0 0 0 0 0 
0 0 0 0 0 0 64.1596 511.722 577.054 0 0 0 0 0 0 0 0 
0 0 0 0 0 0 56.0723 96.3199 119.933 0 0 0 0 0 0 0 0 
0 0 0 0 0 0 0 0 64.1241 0 0 0 0 0 0 0 0 
0 0 0 0 0 0 0 16.0207 0 0 0 0 0 0 0 0 0 
0 0 0 0 0 0 0 0 0 0 0 0 0 0 0 0 0 
0 0 0 0 0 0 0 0 2.00258 0 0 0 0 0 0 0 0 
