1 0 0 0 0 0 0 0 0 0 0 0 0 0 0 0 1 
0 0 0 0 0 0 0 0 0 0 0 0 0 0 0 0 0 
0 16 0 0 0 0 0 0 0 0 0 0 0 0 0 0 0 
0 0 32 0 0 0 0 0 0 0 0 0 0 0 0 0 0 
0 0 88 95.946 23.9865 0 0 0 8.03637 0 0 0 0 0 0 0 0 
0 0 0 256.108 256.254 192.109 95.9756 64.2909 0 0 0 0 0 0 0 0 0 
0 0 0 207.946 735.61 687.985 704.928 624.127 768.329 0 0 0 0 0 0 0 0 
0 0 0 0 576.07 1663.97 1822.65 1921.92 1600.65 0 0 0 0 0 0 0 0 
0 0 0 0 228.079 1247.41 2928.02 3675.73 4355.14 0 0 0 0 0 0 0 0 
0 0 0 0 0 448.807 1568.2 3137.7 3264.39 0 0 0 0 0 0 0 0 
0 0 0 0 0 127.727 768.33 1391.54 2110.35 0 0 0 0 0 0 0 0 
0 0 0 0 0 0 64.0064 512.431 576.241 0 0 0 0 0 0 0 0 
0 0 0 0 0 0 55.8884 96.2896 120.655 0 0 0 0 0 0 0 0 
0 0 0 0 0 0 0 0 64.2096 0 0 0 0 0 0 0 0 
0 0 0 0 0 0 0 15.9681 0 0 0 0 0 0 0 0 0 
0 0 0 0 0 0 0 0 0 0 0 0 0 0 0 0 0 
0 0 0 0 0 0 0 0 1.99601 0 0 0 0 0 0 0 0 
