1 0 0 0 0 0 0 0 0 0 0 0 0 0 0 0 1 
0 0 0 0 0 0 0 0 0 0 0 0 0 0 0 0 0 
0 16 0 0 0 0 0 0 0 0 0 0 0 0 0 0 0 
0 0 32 0 0 0 0 0 0 0 0 0 0 0 0 0 0 
0 0 88 96.0156 24.0039 0 0 0 8.04708 0 0 0 0 0 0 0 0 
0 0 0 255.969 255.981 191.808 96.0575 64.3767 0 0 0 0 0 0 0 0 0 
0 0 0 208.016 735.609 688.355 704.011 623.465 769.246 0 0 0 0 0 0 0 0 
0 0 0 0 576.823 1663.53 1824.34 1920.84 1599.19 0 0 0 0 0 0 0 0 
0 0 0 0 227.583 1248.14 2928.03 3679.61 4357.58 0 0 0 0 0 0 0 0 
0 0 0 0 0 448.677 1566.13 3134.64 3258.75 0 0 0 0 0 0 0 0 
0 0 0 0 0 127.492 769.516 1392.81 2114.65 0 0 0 0 0 0 0 0 
0 0 0 0 0 0 64.2819 512.205 576.248 0 0 0 0 0 0 0 0 
0 0 0 0 0 0 55.632 96.1648 120.274 0 0 0 0 0 0 0 0 
0 0 0 0 0 0 0 0 64.0175 0 0 0 0 0 0 0 0 
0 0 0 0 0 0 0 15.8949 0 0 0 0 0 0 0 0 0 
0 0 0 0 0 0 0 0 0 0 0 0 0 0 0 0 0 
0 0 0 0 0 0 0 0 1.98686 0 0 0 0 0 0 0 0 
