1 0 0 0 0 0 0 0 0 0 0 0 0 0 0 0 1 
0 0 0 0 0 0 0 0 0 0 0 0 0 0 0 0 0 
0 16 0 0 0 0 0 0 0 0 0 0 0 0 0 0 0 
0 0 32 0 0 0 0 0 0 0 0 0 0 0 0 0 0 
0 0 88 96.1402 24.0351 0 0 0 7.9995 0 0 0 0 0 0 0 0 
0 0 0 255.72 256.278 191.895 95.9964 63.996 0 0 0 0 0 0 0 0 0 
0 0 0 208.14 735.579 689.165 704.105 624.528 767.254 0 0 0 0 0 0 0 0 
0 0 0 0 575.868 1662.37 1823.35 1919.03 1600.09 0 0 0 0 0 0 0 0 
0 0 0 0 228.24 1248.25 2929.17 3679.38 4358.4 0 0 0 0 0 0 0 0 
0 0 0 0 0 448.257 1567.41 3137.74 3261.93 0 0 0 0 0 0 0 0 
0 0 0 0 0 128.065 767.869 1391.45 2112.21 0 0 0 0 0 0 0 0 
0 0 0 0 0 0 64.0225 512.157 576.173 0 0 0 0 0 0 0 0 
0 0 0 0 0 0 56.0829 95.7059 120.031 0 0 0 0 0 0 0 0 
0 0 0 0 0 0 0 0 63.9155 0 0 0 0 0 0 0 0 
0 0 0 0 0 0 0 16.0237 0 0 0 0 0 0 0 0 0 
0 0 0 0 0 0 0 0 0 0 0 0 0 0 0 0 0 
0 0 0 0 0 0 0 0 2.00296 0 0 0 0 0 0 0 0 
