1 0 0 0 0 0 0 0 0 0 0 0 0 0 0 0 1 
0 0 0 0 0 0 0 0 0 0 0 0 0 0 0 0 0 
0 16 0 0 0 0 0 0 0 0 0 0 0 0 0 0 0 
0 0 32 0 0 0 0 0 0 0 0 0 0 0 0 0 0 
0 0 88 95.9982 23.9996 0 0 0 8.05865 0 0 0 0 0 0 0 0 
0 0 0 256.004 256.072 192.133 96.2141 64.4692 0 0 0 0 0 0 0 0 0 
0 0 0 207.998 735.727 687.914 703.352 623.127 767.924 0 0 0 0 0 0 0 0 
0 0 0 0 576.332 1663.86 1825.15 1920.73 1602.04 0 0 0 0 0 0 0 0 
0 0 0 0 227.87 1248.23 2926.54 3677.64 4352.03 0 0 0 0 0 0 0 0 
0 0 0 0 0 447.623 1569.28 3139.59 3268.02 0 0 0 0 0 0 0 0 
0 0 0 0 0 128.233 767.412 1390.65 2108.41 0 0 0 0 0 0 0 0 
0 0 0 0 0 0 63.8305 511.812 576.816 0 0 0 0 0 0 0 0 
0 0 0 0 0 0 56.2264 95.9167 120.707 0 0 0 0 0 0 0 0 
0 0 0 0 0 0 0 0 63.9876 0 0 0 0 0 0 0 0 
0 0 0 0 0 0 0 16.0647 0 0 0 0 0 0 0 0 0 
0 0 0 0 0 0 0 0 0 0 0 0 0 0 0 0 0 
0 0 0 0 0 0 0 0 2.00808 0 0 0 0 0 0 0 0 
