1 0 0 0 0 0 0 0 0 0 0 0 0 0 0 0 1 
0 0 0 0 0 0 0 0 0 0 0 0 0 0 0 0 0 
0 16 0 0 0 0 0 0 0 0 0 0 0 0 0 0 0 
0 0 32 0 0 0 0 0 0 0 0 0 0 0 0 0 0 
0 0 88 95.8924 23.9731 0 0 0 7.97706 0 0 0 0 0 0 0 0 
0 0 0 256.215 255.678 192.112 96.2093 63.8165 0 0 0 0 0 0 0 0 0 
0 0 0 207.892 736.561 687.988 703.969 624.602 768.989 0 0 0 0 0 0 0 0 
0 0 0 0 575.951 1663.3 1824.74 1921.17 1600.85 0 0 0 0 0 0 0 0 
0 0 0 0 227.837 1248.99 2925.86 3677.65 4352.67 0 0 0 0 0 0 0 0 
0 0 0 0 0 447.607 1569.08 3136.35 3265.56 0 0 0 0 0 0 0 0 
0 0 0 0 0 128.003 768.142 1391.88 2110.65 0 0 0 0 0 0 0 0 
0 0 0 0 0 0 64.0662 512.38 577.381 0 0 0 0 0 0 0 0 
0 0 0 0 0 0 55.9375 96.1719 119.822 0 0 0 0 0 0 0 0 
0 0 0 0 0 0 0 0 64.0921 0 0 0 0 0 0 0 0 
0 0 0 0 0 0 0 15.9821 0 0 0 0 0 0 0 0 0 
0 0 0 0 0 0 0 0 0 0 0 0 0 0 0 0 0 
0 0 0 0 0 0 0 0 1.99777 0 0 0 0 0 0 0 0 
