1 0 0 0 0 0 0 0 0 0 0 0 0 0 0 0 1 
0 0 0 0 0 0 0 0 0 0 0 0 0 0 0 0 0 
0 16 0 0 0 0 0 0 0 0 0 0 0 0 0 0 0 
0 0 32 0 0 0 0 0 0 0 0 0 0 0 0 0 0 
0 0 88 95.9417 23.9854 0 0 0 7.99431 0 0 0 0 0 0 0 0 
0 0 0 256.117 255.978 191.956 95.8973 63.9545 0 0 0 0 0 0 0 0 0 
0 0 0 207.942 735.532 687.447 704.347 623.238 767.921 0 0 0 0 0 0 0 0 
0 0 0 0 577.06 1664.68 1823.88 1918.96 1601.52 0 0 0 0 0 0 0 0 
0 0 0 0 227.444 1248.38 2928.29 3681.95 4350.41 0 0 0 0 0 0 0 0 
0 0 0 0 0 447.627 1566.83 3138.52 3270 0 0 0 0 0 0 0 0 
0 0 0 0 0 127.908 768.755 1389.3 2110.38 0 0 0 0 0 0 0 0 
0 0 0 0 0 0 64.0615 512.11 576.433 0 0 0 0 0 0 0 0 
0 0 0 0 0 0 55.9367 95.9867 119.442 0 0 0 0 0 0 0 0 
0 0 0 0 0 0 0 0 63.9062 0 0 0 0 0 0 0 0 
0 0 0 0 0 0 0 15.9819 0 0 0 0 0 0 0 0 0 
0 0 0 0 0 0 0 0 0 0 0 0 0 0 0 0 0 
0 0 0 0 0 0 0 0 1.99774 0 0 0 0 0 0 0 0 
