1 0 0 0 0 0 0 0 0 0 0 0 0 0 0 0 1 
0 0 0 0 0 0 0 0 0 0 0 0 0 0 0 0 0 
0 16 0 0 0 0 0 0 0 0 0 0 0 0 0 16 0 
0 0 31.913 0 0 0 0 0 0 0 0 0 0 0 32.1704 0 0 
0 0 88.087 95.6785 23.9507 0 0 0 7.97666 0 0 0 23.8864 96.8426 87.8296 0 0 
0 0 0 258.738 254.697 192.228 96.2512 65.0977 0 63.1551 94.6317 190.703 256.303 256.873 0 0 0 
0 0 0 205.584 742.55 689.263 704.859 621.848 758.184 619.296 705.328 686.409 735.79 206.285 0 0 0 
0 0 0 0 573.453 1668.78 1814.35 1900.98 1595.85 1922.78 1823.1 1661.28 577.359 0 0 0 0 
0 0 0 0 225.349 1245.9 2941.71 3677.4 4356.05 3677.4 2920.95 1254.36 226.662 0 0 0 0 
0 0 0 0 0 444.464 1564.17 3150.74 3262.2 3135.26 1574.81 447.663 0 0 0 0 0 
0 0 0 0 0 127.365 766.776 1401.33 2123.31 1394.12 769.694 127.581 0 0 0 0 0 
0 0 0 0 0 0 63.9382 510.212 581.03 514.717 63.7299 0 0 0 0 0 0 
0 0 0 0 0 0 55.9509 96.3573 119.493 97.1683 55.7555 0 0 0 0 0 0 
0 0 0 0 0 0 0 0 63.8916 0 0 0 0 0 0 0 0 
0 0 0 0 0 0 0 16.0386 0 16.0988 0 0 0 0 0 0 0 
0 0 0 0 0 0 0 0 0 0 0 0 0 0 0 0 0 
0 0 0 0 0 0 0 0 2.00638 0 0 0 0 0 0 0 0 
