1 0 0 0 0 0 0 0 0 0 0 0 0 0 0 0 0 
0 0 0 0 0 0 0 0 0 0 0 0 0 0 0 0 0 
0 16 0 0 0 0 0 0 0 0 0 0 0 0 0 0 0 
0 0 32 0 0 0 0 0 0 0 0 0 0 0 0 0 0 
0 0 88 96.0437 24.0109 0 0 0 8.13218 0 0 0 0 0 0 0 0 
0 0 0 255.913 256.002 190.986 95.8491 65.0574 0 0 0 0 0 0 0 0 0 
0 0 0 208.044 735.886 687.025 705.467 622.114 771.049 0 0 0 0 0 0 0 0 
0 0 0 0 576.179 1669.72 1825.58 1922.78 1599.4 0 0 0 0 0 0 0 0 
0 0 0 0 227.922 1244.25 2924.35 3677.24 4351.08 0 0 0 0 0 0 0 0 
0 0 0 0 0 447.289 1566.3 3139.34 3264.45 0 0 0 0 0 0 0 0 
0 0 0 0 0 128.721 769.898 1386.33 2112.4 0 0 0 0 0 0 0 0 
0 0 0 0 0 0 64.2341 514.5 577.382 0 0 0 0 0 0 0 0 
0 0 0 0 0 0 56.3156 96.5328 119.966 0 0 0 0 0 0 0 0 
0 0 0 0 0 0 0 0 64.1352 0 0 0 0 0 0 0 0 
0 0 0 0 0 0 0 16.0902 0 0 0 0 0 0 0 0 0 
0 0 0 0 0 0 0 0 0 0 0 0 0 0 0 0 0 
0 0 0 0 0 0 0 0 2.01127 0 0 0 0 0 0 0 0 
