1 0 0 0 0 0 0 0 0 0 0 0 0 0 0 0 0 
0 0 0 0 0 0 0 0 0 0 0 0 0 0 0 0 0 
0 16 0 0 0 0 0 0 0 0 0 0 0 0 0 0 0 
0 0 32 0 0 0 0 0 0 0 0 0 0 0 0 0 0 
0 0 88 96.1552 24.0388 0 0 0 7.97292 0 0 0 0 0 0 0 0 
0 0 0 255.69 255.243 190.604 95.3743 63.7834 0 0 0 0 0 0 0 0 0 
0 0 0 208.155 738.357 690.415 708.016 624.874 770.525 0 0 0 0 0 0 0 0 
0 0 0 0 573.4 1663.81 1818.91 1914.23 1595.56 0 0 0 0 0 0 0 0 
0 0 0 0 228.96 1245.97 2924.96 3689.26 4361.88 0 0 0 0 0 0 0 0 
0 0 0 0 0 449.955 1575.33 3133.15 3259.22 0 0 0 0 0 0 0 0 
0 0 0 0 0 127.247 766.091 1389.39 2110.31 0 0 0 0 0 0 0 0 
0 0 0 0 0 0 63.7422 513.625 577.704 0 0 0 0 0 0 0 0 
0 0 0 0 0 0 55.5815 95.8088 120.556 0 0 0 0 0 0 0 0 
0 0 0 0 0 0 0 0 64.2893 0 0 0 0 0 0 0 0 
0 0 0 0 0 0 0 15.8804 0 0 0 0 0 0 0 0 0 
0 0 0 0 0 0 0 0 0 0 0 0 0 0 0 0 0 
0 0 0 0 0 0 0 0 1.98505 0 0 0 0 0 0 0 0 
