1 0 0 0 0 0 0 0 0 0 0 0 0 0 0 0 0 
0 0 0 0 0 0 0 0 0 0 0 0 0 0 0 0 0 
0 16 0 0 0 0 0 0 0 0 0 0 0 0 0 0 0 
0 0 32 0 0 0 0 0 0 0 0 0 0 0 0 0 0 
0 0 88 95.7563 23.9391 0 0 0 8.02659 0 0 0 0 0 0 0 0 
0 0 0 256.487 255.907 191.859 96.588 64.2127 0 0 0 0 0 0 0 0 0 
0 0 0 207.756 736.231 687.534 701.843 625.058 768.137 0 0 0 0 0 0 0 0 
0 0 0 0 576.061 1665.17 1822.43 1919.41 1601.55 0 0 0 0 0 0 0 0 
0 0 0 0 227.862 1247.07 2934.21 3676.81 4349.74 0 0 0 0 0 0 0 0 
0 0 0 0 0 448.914 1565.92 3136.05 3270.13 0 0 0 0 0 0 0 0 
0 0 0 0 0 127.452 767.172 1396.99 2109.83 0 0 0 0 0 0 0 0 
0 0 0 0 0 0 63.7096 509.788 577.488 0 0 0 0 0 0 0 0 
0 0 0 0 0 0 56.1236 95.637 119.843 0 0 0 0 0 0 0 0 
0 0 0 0 0 0 0 0 63.2534 0 0 0 0 0 0 0 0 
0 0 0 0 0 0 0 16.0353 0 0 0 0 0 0 0 0 0 
0 0 0 0 0 0 0 0 0 0 0 0 0 0 0 0 0 
0 0 0 0 0 0 0 0 2.00441 0 0 0 0 0 0 0 0 
