1 0 0 0 0 0 0 0 0 0 0 0 0 0 0 0 0 
0 0 0 0 0 0 0 0 0 0 0 0 0 0 0 0 0 
0 16 0 0 0 0 0 0 0 0 0 0 0 0 0 0 0 
0 0 32 0 0 0 0 0 0 0 0 0 0 0 0 0 0 
0 0 88 96.208 24.052 0 0 0 7.91704 0 0 0 0 0 0 0 0 
0 0 0 255.584 256.186 192.328 96.6322 63.3363 0 0 0 0 0 0 0 0 0 
0 0 0 208.208 735.591 688.797 705.671 625.178 764.799 0 0 0 0 0 0 0 0 
0 0 0 0 576.054 1661.89 1819.94 1921.09 1605.87 0 0 0 0 0 0 0 0 
0 0 0 0 228.118 1248.17 2929.26 3675.53 4351.64 0 0 0 0 0 0 0 0 
0 0 0 0 0 449.175 1567.28 3141.19 3263.92 0 0 0 0 0 0 0 0 
0 0 0 0 0 127.646 769.481 1389.09 2117.74 0 0 0 0 0 0 0 0 
0 0 0 0 0 0 64.0399 512.092 572.769 0 0 0 0 0 0 0 0 
0 0 0 0 0 0 55.7046 96.5821 119.307 0 0 0 0 0 0 0 0 
0 0 0 0 0 0 0 0 64.0579 0 0 0 0 0 0 0 0 
0 0 0 0 0 0 0 15.9156 0 0 0 0 0 0 0 0 0 
0 0 0 0 0 0 0 0 0 0 0 0 0 0 0 0 0 
0 0 0 0 0 0 0 0 1.98945 0 0 0 0 0 0 0 0 
