1 0 0 0 0 0 0 0 0 0 0 0 0 0 0 0 0 
0 0 0 0 0 0 0 0 0 0 0 0 0 0 0 0 0 
0 16 0 0 0 0 0 0 0 0 0 0 0 0 0 0 0 
0 0 32 0 0 0 0 0 0 0 0 0 0 0 0 0 0 
0 0 88 95.8067 23.9517 0 0 0 7.98787 0 0 0 0 0 0 0 0 
0 0 0 256.387 256.032 191.715 95.665 63.903 0 0 0 0 0 0 0 0 0 
0 0 0 207.807 735.686 686.379 706.026 624.551 768.353 0 0 0 0 0 0 0 0 
0 0 0 0 576.725 1666.75 1822.35 1918.07 1599.72 0 0 0 0 0 0 0 0 
0 0 0 0 227.606 1247.77 2924.51 3682 4353.45 0 0 0 0 0 0 0 0 
0 0 0 0 0 448.109 1573.28 3134.34 3269.32 0 0 0 0 0 0 0 0 
0 0 0 0 0 127.274 766.703 1394.24 2107.38 0 0 0 0 0 0 0 0 
0 0 0 0 0 0 63.1826 511.682 578.161 0 0 0 0 0 0 0 0 
0 0 0 0 0 0 56.2896 95.1313 120.349 0 0 0 0 0 0 0 0 
0 0 0 0 0 0 0 0 63.2696 0 0 0 0 0 0 0 0 
0 0 0 0 0 0 0 16.0827 0 0 0 0 0 0 0 0 0 
0 0 0 0 0 0 0 0 0 0 0 0 0 0 0 0 0 
0 0 0 0 0 0 0 0 2.01034 0 0 0 0 0 0 0 0 
