1 0 0 0 0 0 0 0 0 0 0 0 0 0 0 0 0 
0 0 0 0 0 0 0 0 0 0 0 0 0 0 0 0 0 
0 16 0 0 0 0 0 0 0 0 0 0 0 0 0 0 0 
0 0 32 0 0 0 0 0 0 0 0 0 0 0 0 0 0 
0 0 88 96.2309 24.0577 0 0 0 7.89947 0 0 0 0 0 0 0 0 
0 0 0 255.538 256.061 192.506 95.9181 63.1957 0 0 0 0 0 0 0 0 0 
0 0 0 208.231 736.426 687.885 704.777 626.557 767.718 0 0 0 0 0 0 0 0 
0 0 0 0 574.734 1664.22 1823.03 1921.22 1603.2 0 0 0 0 0 0 0 0 
0 0 0 0 228.721 1247.05 2928.51 3674.36 4351.79 0 0 0 0 0 0 0 0 
0 0 0 0 0 447.151 1568.45 3135.81 3265.84 0 0 0 0 0 0 0 0 
0 0 0 0 0 129.181 766.692 1396.57 2109.82 0 0 0 0 0 0 0 0 
0 0 0 0 0 0 63.9829 510.525 578.266 0 0 0 0 0 0 0 0 
0 0 0 0 0 0 56.6389 95.5783 119.493 0 0 0 0 0 0 0 0 
0 0 0 0 0 0 0 0 63.9613 0 0 0 0 0 0 0 0 
0 0 0 0 0 0 0 16.1825 0 0 0 0 0 0 0 0 0 
0 0 0 0 0 0 0 0 0 0 0 0 0 0 0 0 0 
0 0 0 0 0 0 0 0 2.02282 0 0 0 0 0 0 0 0 
