1 0 0 0 0 0 0 0 0 0 0 0 0 0 0 0 0 
0 0 0 0 0 0 0 0 0 0 0 0 0 0 0 0 0 
0 16 0 0 0 0 0 0 0 0 0 0 0 0 0 0 0 
0 0 32 0 0 0 0 0 0 0 0 0 0 0 0 0 0 
0 0 88 96.1617 24.0404 0 0 0 8.04596 0 0 0 0 0 0 0 0 
0 0 0 255.677 256.431 192.454 96.5015 64.3676 0 0 0 0 0 0 0 0 0 
0 0 0 208.162 735.976 688.323 703.437 623.484 769.067 0 0 0 0 0 0 0 0 
0 0 0 0 574.592 1662.69 1824.14 1917.92 1600.28 0 0 0 0 0 0 0 0 
0 0 0 0 228.96 1248.18 2927.71 3682.6 4352.75 0 0 0 0 0 0 0 0 
0 0 0 0 0 447.981 1568.22 3136.61 3265.98 0 0 0 0 0 0 0 0 
0 0 0 0 0 128.361 767.63 1391.92 2112.11 0 0 0 0 0 0 0 0 
0 0 0 0 0 0 64.3536 510.848 575.067 0 0 0 0 0 0 0 0 
0 0 0 0 0 0 55.9945 96.2526 120.303 0 0 0 0 0 0 0 0 
0 0 0 0 0 0 0 0 64.3978 0 0 0 0 0 0 0 0 
0 0 0 0 0 0 0 15.9984 0 0 0 0 0 0 0 0 0 
0 0 0 0 0 0 0 0 0 0 0 0 0 0 0 0 0 
0 0 0 0 0 0 0 0 1.9998 0 0 0 0 0 0 0 0 
