1 0 0 0 0 0 0 0 0 0 0 0 0 0 0 0 0 
0 0 0 0 0 0 0 0 0 0 0 0 0 0 0 0 0 
0 16 0 0 0 0 0 0 0 0 0 0 0 0 0 0 0 
0 0 32 0 0 0 0 0 0 0 0 0 0 0 0 0 0 
0 0 88 96.0789 24.0197 0 0 0 8.03662 0 0 0 0 0 0 0 0 
0 0 0 255.842 255.833 192.098 96.056 64.293 0 0 0 0 0 0 0 0 0 
0 0 0 208.079 736.441 688.329 704.866 624.076 767.882 0 0 0 0 0 0 0 0 
0 0 0 0 575.541 1663.02 1822.08 1920.43 1597.48 0 0 0 0 0 0 0 0 
0 0 0 0 228.166 1249.05 2929.1 3679.17 4360.64 0 0 0 0 0 0 0 0 
0 0 0 0 0 447.04 1568.61 3136.4 3262.61 0 0 0 0 0 0 0 0 
0 0 0 0 0 128.466 766.679 1391.04 2111.92 0 0 0 0 0 0 0 0 
0 0 0 0 0 0 64.4323 511.515 574.855 0 0 0 0 0 0 0 0 
0 0 0 0 0 0 56.1808 97.0324 120.526 0 0 0 0 0 0 0 0 
0 0 0 0 0 0 0 0 64.0458 0 0 0 0 0 0 0 0 
0 0 0 0 0 0 0 16.0516 0 0 0 0 0 0 0 0 0 
0 0 0 0 0 0 0 0 0 0 0 0 0 0 0 0 0 
0 0 0 0 0 0 0 0 2.00646 0 0 0 0 0 0 0 0 
