1 0 0 0 0 0 0 0 0 0 0 0 0 0 0 0 0 
0 0 0 0 0 0 0 0 0 0 0 0 0 0 0 0 0 
0 16 0 0 0 0 0 0 0 0 0 0 0 0 0 0 0 
0 0 32 0 0 0 0 0 0 0 0 0 0 0 0 0 0 
0 0 88 95.9675 23.9919 0 0 0 7.94071 0 0 0 0 0 0 0 0 
0 0 0 256.065 255.459 191.732 95.6013 63.5256 0 0 0 0 0 0 0 0 0 
0 0 0 207.967 736.896 688.227 702.463 625.088 768.077 0 0 0 0 0 0 0 0 
0 0 0 0 575.863 1663.9 1826.19 1917.32 1599.42 0 0 0 0 0 0 0 0 
0 0 0 0 227.79 1248.29 2929 3683.58 4355.59 0 0 0 0 0 0 0 0 
0 0 0 0 0 448.16 1567.79 3133.95 3265.97 0 0 0 0 0 0 0 0 
0 0 0 0 0 127.695 766.886 1393.43 2112.56 0 0 0 0 0 0 0 0 
0 0 0 0 0 0 63.9459 511.241 573.637 0 0 0 0 0 0 0 0 
0 0 0 0 0 0 56.1298 95.8273 120.708 0 0 0 0 0 0 0 0 
0 0 0 0 0 0 0 0 64.0934 0 0 0 0 0 0 0 0 
0 0 0 0 0 0 0 16.0371 0 0 0 0 0 0 0 0 0 
0 0 0 0 0 0 0 0 0 0 0 0 0 0 0 0 0 
0 0 0 0 0 0 0 0 2.00463 0 0 0 0 0 0 0 0 
