1 0 0 0 0 0 0 0 0 0 0 0 0 0 0 0 0 
0 0 0 0 0 0 0 0 0 0 0 0 0 0 0 0 0 
0 16 0 0 0 0 0 0 0 0 0 0 0 0 0 0 0 
0 0 32 0 0 0 0 0 0 0 0 0 0 0 0 0 0 
0 0 88 96.1429 24.0357 0 0 0 7.88528 0 0 0 0 0 0 0 0 
0 0 0 255.714 255.719 191.91 96.2992 63.0822 0 0 0 0 0 0 0 0 0 
0 0 0 208.143 736.395 687.635 701.819 625.26 765.342 0 0 0 0 0 0 0 0 
0 0 0 0 575.908 1664.36 1824.63 1918.39 1601.79 0 0 0 0 0 0 0 0 
0 0 0 0 227.941 1248.74 2929.86 3683.01 4359.27 0 0 0 0 0 0 0 0 
0 0 0 0 0 447.348 1569.05 3135.09 3262.38 0 0 0 0 0 0 0 0 
0 0 0 0 0 128.006 766.836 1390.24 2111.51 0 0 0 0 0 0 0 0 
0 0 0 0 0 0 63.5791 513.086 576.523 0 0 0 0 0 0 0 0 
0 0 0 0 0 0 55.926 95.8646 119.471 0 0 0 0 0 0 0 0 
0 0 0 0 0 0 0 0 63.8375 0 0 0 0 0 0 0 0 
0 0 0 0 0 0 0 15.9789 0 0 0 0 0 0 0 0 0 
0 0 0 0 0 0 0 0 0 0 0 0 0 0 0 0 0 
0 0 0 0 0 0 0 0 1.99736 0 0 0 0 0 0 0 0 
