1 0 0 0 0 0 0 0 0 0 0 0 0 0 0 0 0 
0 0 0 0 0 0 0 0 0 0 0 0 0 0 0 0 0 
0 16 0 0 0 0 0 0 0 0 0 0 0 0 0 0 0 
0 0 32 0 0 0 0 0 0 0 0 0 0 0 0 0 0 
0 0 88 95.9821 23.9955 0 0 0 8.08826 0 0 0 0 0 0 0 0 
0 0 0 256.036 256.446 191.838 95.997 64.7061 0 0 0 0 0 0 0 0 0 
0 0 0 207.982 735.376 688.924 703.555 623.436 769.675 0 0 0 0 0 0 0 0 
0 0 0 0 575.928 1663.09 1825.04 1922.15 1596.9 0 0 0 0 0 0 0 0 
0 0 0 0 228.254 1247.6 2928.88 3678.39 4357.02 0 0 0 0 0 0 0 0 
0 0 0 0 0 448.63 1564.98 3133.22 3265.27 0 0 0 0 0 0 0 0 
0 0 0 0 0 127.912 769.403 1392.6 2110.95 0 0 0 0 0 0 0 0 
0 0 0 0 0 0 64.2208 513.246 575.456 0 0 0 0 0 0 0 0 
0 0 0 0 0 0 55.9226 96.2813 120.126 0 0 0 0 0 0 0 0 
0 0 0 0 0 0 0 0 64.5144 0 0 0 0 0 0 0 0 
0 0 0 0 0 0 0 15.9779 0 0 0 0 0 0 0 0 0 
0 0 0 0 0 0 0 0 0 0 0 0 0 0 0 0 0 
0 0 0 0 0 0 0 0 1.99724 0 0 0 0 0 0 0 0 
