1 0 0 0 0 0 0 0 0 0 0 0 0 0 0 0 0 
0 0 0 0 0 0 0 0 0 0 0 0 0 0 0 0 0 
0 16 0 0 0 0 0 0 0 0 0 0 0 0 0 0 0 
0 0 32 0 0 0 0 0 0 0 0 0 0 0 0 0 0 
0 0 88 95.9868 23.9967 0 0 0 7.95577 0 0 0 0 0 0 0 0 
0 0 0 256.026 256.093 191.803 95.8213 63.6461 0 0 0 0 0 0 0 0 0 
0 0 0 207.987 736.532 688.356 701.404 623.306 766.379 0 0 0 0 0 0 0 0 
0 0 0 0 574.671 1664.56 1827.14 1919.08 1601.12 0 0 0 0 0 0 0 0 
0 0 0 0 228.708 1246.6 2929.88 3684.98 4356.72 0 0 0 0 0 0 0 0 
0 0 0 0 0 448.67 1566.26 3133.53 3262.85 0 0 0 0 0 0 0 0 
0 0 0 0 0 128.007 767.461 1391.29 2114.87 0 0 0 0 0 0 0 0 
0 0 0 0 0 0 63.927 512.199 575.238 0 0 0 0 0 0 0 0 
0 0 0 0 0 0 56.1132 95.9333 118.968 0 0 0 0 0 0 0 0 
0 0 0 0 0 0 0 0 63.898 0 0 0 0 0 0 0 0 
0 0 0 0 0 0 0 16.0323 0 0 0 0 0 0 0 0 0 
0 0 0 0 0 0 0 0 0 0 0 0 0 0 0 0 0 
0 0 0 0 0 0 0 0 2.00404 0 0 0 0 0 0 0 0 
