1 0 0 0 0 0 0 0 0 0 0 0 0 0 0 0 1 
0 0 0 0 0 0 0 0 0 0 0 0 0 0 0 0 0 
0 16 0 0 0 0 0 0 0 0 0 0 0 0 0 16 0 
0 0 31.6003 0 0 0 0 0 0 0 0 0 0 0 31.871 0 0 
0 0 88.3997 93.9377 23.3448 0 0 0 8.03521 0 0 0 23.8191 95.5776 88.129 0 0 
0 0 0 257.411 256.059 193.165 96.4508 62.7455 0 65.0394 97.1738 181.563 249.036 254.739 0 0 0 
0 0 0 208.652 714.486 683.515 694.007 650.42 798.59 629.583 716.731 688.545 748.709 209.683 0 0 0 
0 0 0 0 597.44 1697.77 1792.17 1905.52 1616.23 1847.96 1847.83 1703.72 575.107 0 0 0 0 
0 0 0 0 228.67 1224.29 2971.07 3676.74 4327.62 3769.85 2905.32 1236.47 223.33 0 0 0 0 
0 0 0 0 0 443.234 1556.76 3129.99 3248.96 3056.79 1560.71 428.514 0 0 0 0 0 
0 0 0 0 0 126.024 777.038 1391.34 2112.33 1402.34 762.782 129.186 0 0 0 0 0 
0 0 0 0 0 0 63.7549 509.284 570.369 552.73 63.6232 0 0 0 0 0 0 
0 0 0 0 0 0 56.7576 98.0805 120.26 99.0582 53.8252 0 0 0 0 0 0 
0 0 0 0 0 0 0 0 65.5512 0 0 0 0 0 0 0 0 
0 0 0 0 0 0 0 15.8803 0 16.6353 0 0 0 0 0 0 0 
0 0 0 0 0 0 0 0 0 0 0 0 0 0 0 0 0 
0 0 0 0 0 0 0 0 2.05005 0 0 0 0 0 0 0 0 
