1 0 0 0 0 0 0 0 0 0 0 0 0 0 0 0 0 0 0 0 0 0 0 0 0 0 0 0 0 0 0 0 0 0 0 0 0 0 0 0 0 0 0 0 0 0 0 0 0 0 0 0 0 0 0 0 0 0 0 0 0 0 0 0 1 
0 0 0 0 0 0 0 0 0 0 0 0 0 0 0 0 0 0 0 0 0 0 0 0 0 0 0 0 0 0 0 0 0 0 0 0 0 0 0 0 0 0 0 0 0 0 0 0 0 0 0 0 0 0 0 0 0 0 0 0 0 0 0 0 0 
0 0 0 0 0 0 0 0 0 0 0 0 0 0 0 0 0 0 0 0 0 0 0 0 0 0 0 0 0 0 0 0 0 0 0 0 0 0 0 0 0 0 0 0 0 0 0 0 0 0 0 0 0 0 0 0 0 0 0 0 0 0 0 0 0 
0 64 0 0 0 0 0 0 0 0 0 0 0 0 0 0 0 0 0 0 0 0 0 0 0 0 0 0 0 0 0 0 0 0 0 0 0 0 0 0 0 0 0 0 0 0 0 0 0 0 0 0 0 0 0 0 0 0 0 0 0 0 0 0 0 
0 0 0 0 0 0 0 0 0 0 0 0 0 0 0 0 0 0 0 0 0 0 0 0 0 0 0 0 0 0 0 0 0 0 0 0 0 0 0 0 0 0 0 0 0 0 0 0 0 0 0 0 0 0 0 0 0 0 0 0 0 0 0 0 0 
0 0 192 0 0 0 0 0 0 0 0 0 0 0 0 0 0 0 0 0 0 0 0 0 0 0 0 0 0 0 0 0 0 0 0 0 0 0 0 0 0 0 0 0 0 0 0 0 0 0 0 0 0 0 0 0 0 0 0 0 0 0 0 0 0 
0 0 1824 0 0 0 0 0 0 0 0 0 0 0 0 0 0 0 0 0 0 0 0 0 0 0 0 0 0 0 0 0 0 0 0 0 0 0 0 0 0 0 0 0 0 0 0 0 0 0 0 0 0 0 0 0 0 0 0 0 0 0 0 0 0 
0 0 0 959.964 0 0 0 0 0 0 0 0 0 0 0 0 0 0 0 0 0 0 0 0 0 0 0 0 0 0 0 0 0 0 0 0 0 0 0 0 0 0 0 0 0 0 0 0 0 0 0 0 0 0 0 0 0 0 0 0 0 0 0 0 0 
0 0 0 9984.07 239.991 0 0 0 0 0 0 0 0 0 0 0 0 0 0 0 0 0 0 0 0 0 0 0 0 0 0 0 0 0 0 0 0 0 0 0 0 0 0 0 0 0 0 0 0 0 0 0 0 0 0 0 0 0 0 0 0 0 0 0 0 
0 0 0 30720 5138.03 0 0 0 0 0 0 0 0 0 0 0 0 0 0 0 0 0 0 0 0 0 0 0 0 0 0 0 0 0 0 0 0 0 0 0 0 0 0 0 0 0 0 0 0 0 0 0 0 0 0 0 0 0 0 0 0 0 0 0 0 
0 0 0 0 59158.8 3846.43 0 0 0 0 0 0 0 0 0 0 0 0 0 0 0 0 0 0 0 0 0 0 0 0 0 0 0 0 0 0 0 0 0 0 0 0 0 0 0 0 0 0 0 0 0 0 0 0 0 0 0 0 0 0 0 0 0 0 0 
0 0 0 0 228380 38496.1 1919.57 0 0 0 0 0 0 0 0 0 0 0 0 0 0 0 0 0 0 0 0 0 0 0 0 0 0 0 0 0 0 0 0 0 0 0 0 0 0 0 0 0 0 0 0 0 0 0 0 0 0 0 0 0 0 0 0 0 0 
0 0 0 0 342459 341672 37064.3 1270.32 158.79 0 0 0 0 0 0 0 0 0 0 0 0 0 0 0 0 0 0 0 0 0 0 0 0 0 0 0 0 0 0 0 0 0 0 0 0 0 0 0 0 0 0 0 0 0 0 0 0 0 0 0 0 0 0 0 0 
0 0 0 0 0 1.50575e+06 335871 37326.8 0 0 0 0 0 0 0 0 0 0 0 0 0 0 0 0 0 0 0 0 0 0 0 0 0 0 0 0 0 0 0 0 0 0 0 0 0 0 0 0 0 0 0 0 0 0 0 0 0 0 0 0 0 0 0 0 0 
0 0 0 0 0 3.0517e+06 2.12181e+06 364337 46209.6 3857.91 0 0 0 0 0 0 0 0 0 0 0 0 0 0 0 0 0 0 0 0 0 0 0 0 0 0 0 0 0 0 0 0 0 0 0 0 0 0 0 0 0 0 0 0 0 0 0 0 0 0 0 0 0 0 0 
0 0 0 0 0 2.68304e+06 9.07075e+06 2.71281e+06 457251 42527.7 5723.76 0 0 0 0 0 0 0 0 0 0 0 0 0 0 0 0 0 0 0 0 0 0 0 0 0 0 0 0 0 0 0 0 0 0 0 0 0 0 0 0 0 0 0 0 0 0 0 0 0 0 0 0 0 0 
0 0 0 0 0 0 2.14152e+07 1.4087e+07 3.57964e+06 697801 80953.4 11455.7 1453.25 0 0 0 60.784 0 0 0 0 0 0 0 0 0 0 0 0 0 0 0 11.8924 0 0 0 0 0 0 0 0 0 0 0 0 0 0 0 0 0 0 0 0 0 0 0 0 0 0 0 0 0 0 0 0 
0 0 0 0 0 0 2.66612e+07 5.33823e+07 2.0877e+07 5.23163e+06 1.09824e+06 161276 15354.8 5714.52 1908.84 972.544 0 0 0 0 0 0 0 0 0 0 0 0 0 0 0 0 0 0 0 0 0 0 0 0 0 0 0 0 0 0 0 0 0 0 0 0 0 0 0 0 0 0 0 0 0 0 0 0 0 
0 0 0 0 0 0 1.53306e+07 1.30845e+08 9.33935e+07 3.18081e+07 8.36285e+06 1.933e+06 402642 49965.1 5385.24 0 0 1920.01 0 0 0 0 0 0 0 0 0 0 0 0 0 380.558 0 0 0 0 0 0 0 0 0 0 0 0 0 0 0 0 0 0 0 0 0 0 0 0 0 0 0 0 0 0 0 0 0 
0 0 0 0 0 0 0 1.92534e+08 3.12205e+08 1.55572e+08 5.33604e+07 1.54193e+07 3.71269e+06 864663 209832 53523.8 28727.3 956.741 3830.17 0 0 0 0 0 0 0 0 0 0 0 955.748 0 0 0 0 0 0 0 0 0 0 0 0 0 0 0 0 0 0 0 0 0 0 0 0 0 0 0 0 0 0 0 0 0 0 
0 0 0 0 0 0 0 1.61727e+08 7.399e+08 5.98186e+08 2.62291e+08 9.35117e+07 3.04161e+07 8.46712e+06 2.14494e+06 602888 127952 54153.3 28358.9 11590.6 2923.65 0 0 0 480.346 0 0 0 969.323 3828.51 4942.89 0 11904.4 0 0 0 0 0 0 0 0 0 0 0 0 0 0 0 0 0 0 0 0 0 0 0 0 0 0 0 0 0 0 0 0 
0 0 0 0 0 0 0 6.55248e+07 1.16523e+09 1.78847e+09 1.09659e+09 4.76515e+08 1.79387e+08 6.32879e+07 2.00352e+07 5.94141e+06 2.00453e+06 823875 241908 136225 31477.9 23473.7 11619.6 7732.26 0 3851.09 5810.37 11663.6 15337.4 21015.4 0 28630.4 392.023 0 0 0 0 0 0 0 0 0 0 0 0 0 0 0 0 0 0 0 0 0 0 0 0 0 0 0 0 0 0 0 0 
0 0 0 0 0 0 0 0 1.17014e+09 3.96943e+09 3.68358e+09 2.0214e+09 9.07352e+08 3.69682e+08 1.415e+08 5.15763e+07 1.82539e+07 6.25479e+06 2.77091e+06 1.14744e+06 748525 260863 123699 79667.5 93114.6 86724.7 77661.6 74762.6 93395.9 61237.9 110577 151797 68113.9 0 0 0 0 0 0 0 0 0 0 0 0 0 0 0 0 0 0 0 0 0 0 0 0 0 0 0 0 0 0 0 0 
0 0 0 0 0 0 0 0 7.06801e+08 6.28809e+09 9.82469e+09 7.24586e+09 3.87752e+09 1.82599e+09 8.04734e+08 3.37845e+08 1.36144e+08 5.45576e+07 2.27065e+07 1.05937e+07 4.78915e+06 2.89112e+06 1.76713e+06 1.06917e+06 721340 471948 533734 527184 493492 432874 680280 266933 705125 0 0 0 0 0 0 0 0 0 0 0 0 0 0 0 0 0 0 0 0 0 0 0 0 0 0 0 0 0 0 0 0 
0 0 0 0 0 0 0 0 2.13537e+08 6.86886e+09 2.0252e+10 2.14714e+10 1.43031e+10 7.7665e+09 3.87643e+09 1.83805e+09 8.49111e+08 3.83632e+08 1.72347e+08 7.93457e+07 3.97489e+07 2.19355e+07 1.21346e+07 7.72097e+06 5.1584e+06 4.63283e+06 3.54113e+06 3.12969e+06 2.56165e+06 3.341e+06 2.33606e+06 2.94651e+06 2.90412e+06 0 0 0 0 0 0 0 0 0 0 0 0 0 0 0 0 0 0 0 0 0 0 0 0 0 0 0 0 0 0 0 0 
0 0 0 0 0 0 0 0 0 5.01396e+09 3.11262e+10 5.13339e+10 4.47849e+10 2.88596e+10 1.62671e+10 8.64119e+09 4.39819e+09 2.20362e+09 1.0994e+09 5.50646e+08 2.86785e+08 1.54158e+08 9.3169e+07 5.86633e+07 4.05285e+07 2.76936e+07 2.14935e+07 1.75983e+07 1.7435e+07 1.48131e+07 1.38653e+07 1.5318e+07 1.22193e+07 0 0 0 0 0 0 0 0 0 0 0 0 0 0 0 0 0 0 0 0 0 0 0 0 0 0 0 0 0 0 0 0 
0 0 0 0 0 0 0 0 0 2.2813e+09 3.49769e+10 9.72798e+10 1.17149e+11 9.27083e+10 5.98944e+10 3.53039e+10 1.98858e+10 1.09747e+10 5.97093e+09 3.26115e+09 1.79348e+09 1.02452e+09 6.06353e+08 3.79531e+08 2.50279e+08 1.79772e+08 1.38475e+08 1.13578e+08 9.39968e+07 7.99752e+07 8.22461e+07 7.23203e+07 7.79061e+07 0 0 0 0 0 0 0 0 0 0 0 0 0 0 0 0 0 0 0 0 0 0 0 0 0 0 0 0 0 0 0 0 
0 0 0 0 0 0 0 0 0 5.38925e+08 2.7998e+10 1.42758e+11 2.52073e+11 2.55803e+11 1.94388e+11 1.28073e+11 7.926e+10 4.75062e+10 2.81338e+10 1.6513e+10 9.80802e+09 5.91835e+09 3.66532e+09 2.34939e+09 1.58255e+09 1.13109e+09 8.38063e+08 6.58894e+08 5.3718e+08 4.91371e+08 4.32506e+08 4.14355e+08 4.06487e+08 0 0 0 0 0 0 0 0 0 0 0 0 0 0 0 0 0 0 0 0 0 0 0 0 0 0 0 0 0 0 0 0 
0 0 0 0 0 0 0 0 0 0 1.55713e+10 1.58963e+11 4.37585e+11 5.94781e+11 5.49956e+11 4.15214e+11 2.82329e+11 1.8371e+11 1.16647e+11 7.37119e+10 4.66551e+10 2.97797e+10 1.94932e+10 1.30098e+10 9.02602e+09 6.48204e+09 4.89662e+09 3.83456e+09 3.18748e+09 2.73133e+09 2.45222e+09 2.33591e+09 2.29315e+09 0 0 0 0 0 0 0 0 0 0 0 0 0 0 0 0 0 0 0 0 0 0 0 0 0 0 0 0 0 0 0 0 
0 0 0 0 0 0 0 0 0 0 5.54736e+09 1.32699e+11 6.04328e+11 1.14985e+12 1.3388e+12 1.18454e+12 9.03505e+11 6.38231e+11 4.35864e+11 2.93178e+11 1.9665e+11 1.33144e+11 9.10882e+10 6.3764e+10 4.57011e+10 3.39945e+10 2.61068e+10 2.08208e+10 1.7245e+10 1.48648e+10 1.36005e+10 1.26939e+10 1.23801e+10 0 0 0 0 0 0 0 0 0 0 0 0 0 0 0 0 0 0 0 0 0 0 0 0 0 0 0 0 0 0 0 0 
0 0 0 0 0 0 0 0 0 0 1.07144e+09 8.14065e+10 6.53999e+11 1.82468e+12 2.77345e+12 2.95455e+12 2.56922e+12 1.99696e+12 1.46941e+12 1.05333e+12 7.47192e+11 5.32297e+11 3.81328e+11 2.78214e+11 2.07659e+11 1.5874e+11 1.25474e+11 1.0158e+11 8.56307e+10 7.53021e+10 6.82803e+10 6.42664e+10 6.32712e+10 0 0 0 0 0 0 0 0 0 0 0 0 0 0 0 0 0 0 0 0 0 0 0 0 0 0 0 0 0 0 0 0 
0 0 0 0 0 0 0 0 0 0 0 3.57784e+10 5.48732e+11 2.3538e+12 4.82861e+12 6.37507e+12 6.47137e+12 5.63571e+12 4.50226e+12 3.44514e+12 2.59067e+12 1.9289e+12 1.44825e+12 1.09847e+12 8.49773e+11 6.70899e+11 5.41151e+11 4.49453e+11 3.85062e+11 3.42615e+11 3.13749e+11 2.97236e+11 2.92069e+11 0 0 0 0 0 0 0 0 0 0 0 0 0 0 0 0 0 0 0 0 0 0 0 0 0 0 0 0 0 0 0 0 
0 0 0 0 0 0 0 0 0 0 0 1.0344e+10 3.54191e+11 2.43712e+12 6.9967e+12 1.17854e+13 1.42687e+13 1.41524e+13 1.24767e+13 1.02643e+13 8.16786e+12 6.42285e+12 5.02386e+12 3.9611e+12 3.15475e+12 2.56605e+12 2.12796e+12 1.80313e+12 1.57301e+12 1.41283e+12 1.30739e+12 1.24707e+12 1.22988e+12 0 0 0 0 0 0 0 0 0 0 0 0 0 0 0 0 0 0 0 0 0 0 0 0 0 0 0 0 0 0 0 0 
0 0 0 0 0 0 0 0 0 0 0 1.70734e+09 1.72824e+11 2.01317e+12 8.37203e+12 1.84589e+13 2.73506e+13 3.14839e+13 3.10091e+13 2.77808e+13 2.36422e+13 1.95592e+13 1.59999e+13 1.30716e+13 1.08006e+13 9.00477e+12 7.62569e+12 6.60909e+12 5.87804e+12 5.3496e+12 4.99208e+12 4.77546e+12 4.72183e+12 0 0 0 0 0 0 0 0 0 0 0 0 0 0 0 0 0 0 0 0 0 0 0 0 0 0 0 0 0 0 0 0 
0 0 0 0 0 0 0 0 0 0 0 0 6.20011e+10 1.31927e+12 8.20842e+12 2.44109e+13 4.51273e+13 6.14433e+13 6.86845e+13 6.79089e+13 6.22346e+13 5.45985e+13 4.6806e+13 3.98326e+13 3.39552e+13 2.91305e+13 2.53511e+13 2.24094e+13 2.01719e+13 1.85592e+13 1.74844e+13 1.68835e+13 1.66565e+13 0 0 0 0 0 0 0 0 0 0 0 0 0 0 0 0 0 0 0 0 0 0 0 0 0 0 0 0 0 0 0 0 
0 0 0 0 0 0 0 0 0 0 0 0 1.50017e+10 6.81526e+11 6.57095e+12 2.69724e+13 6.37325e+13 1.04653e+14 1.3505e+14 1.49096e+14 1.48596e+14 1.39357e+14 1.26082e+14 1.12009e+14 9.87163e+13 8.72802e+13 7.75959e+13 7.00334e+13 6.41182e+13 5.96846e+13 5.67223e+13 5.49299e+13 5.43184e+13 0 0 0 0 0 0 0 0 0 0 0 0 0 0 0 0 0 0 0 0 0 0 0 0 0 0 0 0 0 0 0 0 
0 0 0 0 0 0 0 0 0 0 0 0 2.24587e+09 2.72804e+11 4.28091e+12 2.48687e+13 7.66013e+13 1.54196e+14 2.3328e+14 2.91188e+14 3.20223e+14 3.23428e+14 3.10717e+14 2.8966e+14 2.65453e+14 2.41937e+14 2.21087e+14 2.03382e+14 1.89251e+14 1.78168e+14 1.70909e+14 1.66364e+14 1.64697e+14 0 0 0 0 0 0 0 0 0 0 0 0 0 0 0 0 0 0 0 0 0 0 0 0 0 0 0 0 0 0 0 0 
0 0 0 0 0 0 0 0 0 0 0 0 0 8.26399e+10 2.26278e+12 1.907e+13 7.80392e+13 1.96051e+14 3.53023e+14 5.04541e+14 6.17847e+14 6.80973e+14 6.99274e+14 6.86369e+14 6.57733e+14 6.20231e+14 5.83237e+14 5.48507e+14 5.1922e+14 4.9483e+14 4.78671e+14 4.68643e+14 4.65348e+14 0 0 0 0 0 0 0 0 0 0 0 0 0 0 0 0 0 0 0 0 0 0 0 0 0 0 0 0 0 0 0 0 
0 0 0 0 0 0 0 0 0 0 0 0 0 1.72947e+10 9.65141e+11 1.21537e+13 6.72422e+13 2.1423e+14 4.64712e+14 7.72469e+14 1.06348e+15 1.28862e+15 1.42673e+15 1.49053e+15 1.49626e+15 1.46705e+15 1.42e+15 1.36861e+15 1.32096e+15 1.2803e+15 1.24738e+15 1.22808e+15 1.22337e+15 0 0 0 0 0 0 0 0 0 0 0 0 0 0 0 0 0 0 0 0 0 0 0 0 0 0 0 0 0 0 0 0 
0 0 0 0 0 0 0 0 0 0 0 0 0 2.52023e+09 3.27282e+11 6.44219e+12 4.89755e+13 2.00591e+14 5.31972e+14 1.03798e+15 1.62641e+15 2.18253e+15 2.63079e+15 2.93659e+15 3.11599e+15 3.1907e+15 3.19701e+15 3.17097e+15 3.1164e+15 3.06825e+15 3.02565e+15 2.99983e+15 2.98681e+15 0 0 0 0 0 0 0 0 0 0 0 0 0 0 0 0 0 0 0 0 0 0 0 0 0 0 0 0 0 0 0 0 
0 0 0 0 0 0 0 0 0 0 0 0 0 0 8.65917e+10 2.83135e+12 3.02353e+13 1.60971e+14 5.27893e+14 1.22071e+15 2.20096e+15 3.30539e+15 4.3604e+15 5.24166e+15 5.89513e+15 6.34159e+15 6.61035e+15 6.74646e+15 6.80714e+15 6.8094e+15 6.79221e+15 6.77614e+15 6.77781e+15 0 0 0 0 0 0 0 0 0 0 0 0 0 0 0 0 0 0 0 0 0 0 0 0 0 0 0 0 0 0 0 0 
0 0 0 0 0 0 0 0 0 0 0 0 0 0 1.61724e+10 1.02907e+12 1.58116e+13 1.1076e+14 4.53438e+14 1.25733e+15 2.62386e+15 4.45184e+15 6.47687e+15 8.44033e+15 1.01341e+16 1.14958e+16 1.24931e+16 1.31772e+16 1.36431e+16 1.39361e+16 1.41023e+16 1.41827e+16 1.41881e+16 0 0 0 0 0 0 0 0 0 0 0 0 0 0 0 0 0 0 0 0 0 0 0 0 0 0 0 0 0 0 0 0 
0 0 0 0 0 0 0 0 0 0 0 0 0 0 2.50691e+09 3.04838e+11 7.0307e+12 6.56238e+13 3.37539e+14 1.13232e+15 2.75976e+15 5.31852e+15 8.61058e+15 1.22125e+16 1.57635e+16 1.88992e+16 2.15339e+16 2.36067e+16 2.5112e+16 2.61808e+16 2.68915e+16 2.72685e+16 2.74185e+16 0 0 0 0 0 0 0 0 0 0 0 0 0 0 0 0 0 0 0 0 0 0 0 0 0 0 0 0 0 0 0 0 
0 0 0 0 0 0 0 0 0 0 0 0 0 0 0 7.29773e+10 2.6457e+12 3.3541e+13 2.18991e+14 8.91315e+14 2.55792e+15 5.64096e+15 1.01919e+16 1.5885e+16 2.20746e+16 2.81871e+16 3.37297e+16 3.84287e+16 4.22058e+16 4.50614e+16 4.69982e+16 4.81962e+16 4.85518e+16 0 0 0 0 0 0 0 0 0 0 0 0 0 0 0 0 0 0 0 0 0 0 0 0 0 0 0 0 0 0 0 0 
0 0 0 0 0 0 0 0 0 0 0 0 0 0 0 1.27688e+10 8.45305e+11 1.48287e+13 1.23678e+14 6.15145e+14 2.08796e+15 5.29299e+15 1.07609e+16 1.84637e+16 2.78283e+16 3.79842e+16 4.794e+16 5.70442e+16 6.47861e+16 7.08591e+16 7.52796e+16 7.78021e+16 7.87202e+16 0 0 0 0 0 0 0 0 0 0 0 0 0 0 0 0 0 0 0 0 0 0 0 0 0 0 0 0 0 0 0 0 
0 0 0 0 0 0 0 0 0 0 0 0 0 0 0 2.29976e+09 2.27588e+11 5.69439e+12 6.12942e+13 3.74388e+14 1.50624e+15 4.41514e+15 1.01357e+16 1.92366e+16 3.15428e+16 4.60889e+16 6.1656e+16 7.67812e+16 9.03315e+16 1.01544e+17 1.09769e+17 1.14869e+17 1.16527e+17 0 0 0 0 0 0 0 0 0 0 0 0 0 0 0 0 0 0 0 0 0 0 0 0 0 0 0 0 0 0 0 0 
0 0 0 0 0 0 0 0 0 0 0 0 0 0 0 0 5.15386e+10 1.90169e+12 2.67343e+13 2.01261e+14 9.63944e+14 3.27078e+15 8.50337e+15 1.79392e+16 3.2097e+16 5.05e+16 7.16466e+16 9.36097e+16 1.14448e+17 1.32295e+17 1.45965e+17 1.54528e+17 1.5729e+17 0 0 0 0 0 0 0 0 0 0 0 0 0 0 0 0 0 0 0 0 0 0 0 0 0 0 0 0 0 0 0 0 
0 0 0 0 0 0 0 0 0 0 0 0 0 0 0 0 8.83193e+09 5.52974e+11 1.0326e+13 9.63228e+13 5.49679e+14 2.16752e+15 6.38549e+15 1.4997e+16 2.93949e+16 4.98398e+16 7.52508e+16 1.03449e+17 1.31478e+17 1.56748e+17 1.76386e+17 1.88943e+17 1.93522e+17 0 0 0 0 0 0 0 0 0 0 0 0 0 0 0 0 0 0 0 0 0 0 0 0 0 0 0 0 0 0 0 0 
0 0 0 0 0 0 0 0 0 0 0 0 0 0 0 0 1.97856e+09 1.41329e+11 3.54089e+12 4.11546e+13 2.80831e+14 1.28481e+15 4.30837e+15 1.12838e+16 2.42568e+16 4.44298e+16 7.15335e+16 1.03474e+17 1.37147e+17 1.68368e+17 1.94108e+17 2.10686e+17 2.16251e+17 0 0 0 0 0 0 0 0 0 0 0 0 0 0 0 0 0 0 0 0 0 0 0 0 0 0 0 0 0 0 0 0 
0 0 0 0 0 0 0 0 0 0 0 0 0 0 0 0 0 3.19129e+10 1.08743e+12 1.58119e+13 1.29127e+14 6.86508e+14 2.61879e+15 7.6497e+15 1.80568e+16 3.58088e+16 6.15312e+16 9.39802e+16 1.2986e+17 1.64838e+17 1.939e+17 2.1338e+17 2.20099e+17 0 0 0 0 0 0 0 0 0 0 0 0 0 0 0 0 0 0 0 0 0 0 0 0 0 0 0 0 0 0 0 0 
0 0 0 0 0 0 0 0 0 0 0 0 0 0 0 0 0 5.51224e+09 2.99834e+11 5.52332e+12 5.39933e+13 3.33119e+14 1.44181e+15 4.70751e+15 1.21896e+16 2.61723e+16 4.80682e+16 7.75068e+16 1.11809e+17 1.46694e+17 1.76765e+17 1.96767e+17 2.04176e+17 0 0 0 0 0 0 0 0 0 0 0 0 0 0 0 0 0 0 0 0 0 0 0 0 0 0 0 0 0 0 0 0 
0 0 0 0 0 0 0 0 0 0 0 0 0 0 0 0 0 1.59241e+09 7.66927e+10 1.76383e+12 2.05941e+13 1.47447e+14 7.23636e+14 2.63183e+15 7.48778e+15 1.74252e+16 3.4208e+16 5.82514e+16 8.78142e+16 1.19e+17 1.46606e+17 1.65994e+17 1.7275e+17 0 0 0 0 0 0 0 0 0 0 0 0 0 0 0 0 0 0 0 0 0 0 0 0 0 0 0 0 0 0 0 0 
0 0 0 0 0 0 0 0 0 0 0 0 0 0 0 0 0 0 1.80608e+10 5.17327e+11 7.24054e+12 6.01061e+13 3.34201e+14 1.34934e+15 4.21468e+15 1.05829e+16 2.22326e+16 3.99611e+16 6.30094e+16 8.82576e+16 1.11498e+17 1.27886e+17 1.33657e+17 0 0 0 0 0 0 0 0 0 0 0 0 0 0 0 0 0 0 0 0 0 0 0 0 0 0 0 0 0 0 0 0 
0 0 0 0 0 0 0 0 0 0 0 0 0 0 0 0 0 0 3.14016e+09 1.41996e+11 2.3787e+12 2.27248e+13 1.42506e+14 6.39568e+14 2.18236e+15 5.92901e+15 1.32723e+16 2.52222e+16 4.14809e+16 6.01588e+16 7.77848e+16 9.02908e+16 9.50148e+16 0 0 0 0 0 0 0 0 0 0 0 0 0 0 0 0 0 0 0 0 0 0 0 0 0 0 0 0 0 0 0 0 
0 0 0 0 0 0 0 0 0 0 0 0 0 0 0 0 0 0 1.1859e+09 3.82125e+10 7.37683e+11 8.05402e+12 5.68342e+13 2.81985e+14 1.04805e+15 3.07108e+15 7.32805e+15 1.46717e+16 2.51909e+16 3.77678e+16 4.99616e+16 5.89288e+16 6.2182e+16 0 0 0 0 0 0 0 0 0 0 0 0 0 0 0 0 0 0 0 0 0 0 0 0 0 0 0 0 0 0 0 0 
0 0 0 0 0 0 0 0 0 0 0 0 0 0 0 0 0 0 0 9.46974e+09 2.15635e+11 2.70118e+12 2.1295e+13 1.16262e+14 4.71241e+14 1.48138e+15 3.76281e+15 7.931e+15 1.42011e+16 2.19521e+16 2.97187e+16 3.55237e+16 3.77152e+16 0 0 0 0 0 0 0 0 0 0 0 0 0 0 0 0 0 0 0 0 0 0 0 0 0 0 0 0 0 0 0 0 
0 0 0 0 0 0 0 0 0 0 0 0 0 0 0 0 0 0 0 1.61015e+09 6.12835e+10 8.71828e+11 7.59869e+12 4.5554e+13 1.99183e+14 6.70862e+14 1.80873e+15 4.00822e+15 7.46161e+15 1.19116e+16 1.64981e+16 1.99802e+16 2.12419e+16 0 0 0 0 0 0 0 0 0 0 0 0 0 0 0 0 0 0 0 0 0 0 0 0 0 0 0 0 0 0 0 0 
0 0 0 0 0 0 0 0 0 0 0 0 0 0 0 0 0 0 0 8.04951e+08 1.78373e+10 2.73254e+11 2.60713e+12 1.69751e+13 8.00186e+13 2.88812e+14 8.20286e+14 1.90704e+15 3.68927e+15 6.061e+15 8.56579e+15 1.05053e+16 1.12349e+16 0 0 0 0 0 0 0 0 0 0 0 0 0 0 0 0 0 0 0 0 0 0 0 0 0 0 0 0 0 0 0 0 
0 0 0 0 0 0 0 0 0 0 0 0 0 0 0 0 0 0 0 0 4.5575e+09 8.17902e+10 8.70405e+11 6.11439e+12 3.09527e+13 1.1789e+14 3.53867e+14 8.59001e+14 1.72648e+15 2.92002e+15 4.20452e+15 5.2267e+15 5.61532e+15 0 0 0 0 0 0 0 0 0 0 0 0 0 0 0 0 0 0 0 0 0 0 0 0 0 0 0 0 0 0 0 0 
0 0 0 0 0 0 0 0 0 0 0 0 0 0 0 0 0 0 0 0 7.28089e+08 2.47329e+10 2.87859e+11 2.14905e+12 1.15135e+13 4.66614e+13 1.46873e+14 3.70761e+14 7.69628e+14 1.33827e+15 1.96436e+15 2.46461e+15 2.65969e+15 0 0 0 0 0 0 0 0 0 0 0 0 0 0 0 0 0 0 0 0 0 0 0 0 0 0 0 0 0 0 0 0 
0 0 0 0 0 0 0 0 0 0 0 0 0 0 0 0 0 0 0 0 4.94248e+08 7.75311e+09 9.28484e+10 7.41561e+11 4.21776e+12 1.78702e+13 5.88868e+13 1.54063e+14 3.30025e+14 5.86048e+14 8.77072e+14 1.11352e+15 1.20609e+15 0 0 0 0 0 0 0 0 0 0 0 0 0 0 0 0 0 0 0 0 0 0 0 0 0 0 0 0 0 0 0 0 
0 0 0 0 0 0 0 0 0 0 0 0 0 0 0 0 0 0 0 0 0 1.96863e+09 2.86594e+10 2.54453e+11 1.52082e+12 6.71261e+12 2.29619e+13 6.23962e+13 1.3737e+14 2.49494e+14 3.79713e+14 4.85267e+14 5.27458e+14 0 0 0 0 0 0 0 0 0 0 0 0 0 0 0 0 0 0 0 0 0 0 0 0 0 0 0 0 0 0 0 0 
0 0 0 0 0 0 0 0 0 0 0 0 0 0 0 0 0 0 0 0 0 2.85128e+08 9.26401e+09 8.77246e+10 5.43606e+11 2.49593e+12 8.84198e+12 2.47384e+13 5.58155e+13 1.03268e+14 1.59309e+14 2.05965e+14 2.23872e+14 0 0 0 0 0 0 0 0 0 0 0 0 0 0 0 0 0 0 0 0 0 0 0 0 0 0 0 0 0 0 0 0 
0 0 0 0 0 0 0 0 0 0 0 0 0 0 0 0 0 0 0 0 0 2.71635e+08 3.0847e+09 2.88435e+10 1.91499e+11 9.27838e+11 3.37308e+12 9.68521e+12 2.23303e+13 4.21459e+13 6.57058e+13 8.55156e+13 9.32718e+13 0 0 0 0 0 0 0 0 0 0 0 0 0 0 0 0 0 0 0 0 0 0 0 0 0 0 0 0 0 0 0 0 
0 0 0 0 0 0 0 0 0 0 0 0 0 0 0 0 0 0 0 0 0 0 7.47245e+08 9.08119e+09 6.86887e+10 3.42287e+11 1.27907e+12 3.7679e+12 8.85755e+12 1.69644e+13 2.67195e+13 3.49584e+13 3.83993e+13 0 0 0 0 0 0 0 0 0 0 0 0 0 0 0 0 0 0 0 0 0 0 0 0 0 0 0 0 0 0 0 0 
0 0 0 0 0 0 0 0 0 0 0 0 0 0 0 0 0 0 0 0 0 0 9.47092e+07 3.19733e+09 2.44881e+10 1.24691e+11 4.86617e+11 1.46301e+12 3.51005e+12 6.80306e+12 1.08376e+13 1.43018e+13 1.5646e+13 0 0 0 0 0 0 0 0 0 0 0 0 0 0 0 0 0 0 0 0 0 0 0 0 0 0 0 0 0 0 0 0 
0 0 0 0 0 0 0 0 0 0 0 0 0 0 0 0 0 0 0 0 0 0 1.32453e+08 1.10026e+09 7.96973e+09 4.51746e+10 1.85897e+11 5.6749e+11 1.382e+12 2.72178e+12 4.36376e+12 5.7971e+12 6.3555e+12 0 0 0 0 0 0 0 0 0 0 0 0 0 0 0 0 0 0 0 0 0 0 0 0 0 0 0 0 0 0 0 0 
0 0 0 0 0 0 0 0 0 0 0 0 0 0 0 0 0 0 0 0 0 0 0 2.43121e+08 2.58219e+09 1.69654e+10 6.9556e+10 2.19607e+11 5.48739e+11 1.0864e+12 1.76981e+12 2.3555e+12 2.59696e+12 0 0 0 0 0 0 0 0 0 0 0 0 0 0 0 0 0 0 0 0 0 0 0 0 0 0 0 0 0 0 0 0 
0 0 0 0 0 0 0 0 0 0 0 0 0 0 0 0 0 0 0 0 0 0 0 2.61631e+07 1.01165e+09 6.08976e+09 2.54708e+10 8.56948e+10 2.16858e+11 4.37183e+11 7.17874e+11 9.57537e+11 1.05849e+12 0 0 0 0 0 0 0 0 0 0 0 0 0 0 0 0 0 0 0 0 0 0 0 0 0 0 0 0 0 0 0 0 
0 0 0 0 0 0 0 0 0 0 0 0 0 0 0 0 0 0 0 0 0 0 0 5.6677e+07 3.42487e+08 1.90037e+09 9.62263e+09 3.3373e+10 8.42689e+10 1.7646e+11 2.89306e+11 3.90752e+11 4.3167e+11 0 0 0 0 0 0 0 0 0 0 0 0 0 0 0 0 0 0 0 0 0 0 0 0 0 0 0 0 0 0 0 0 
0 0 0 0 0 0 0 0 0 0 0 0 0 0 0 0 0 0 0 0 0 0 0 0 6.621e+07 6.60762e+08 3.76902e+09 1.23203e+10 3.34241e+10 7.06223e+10 1.16449e+11 1.60406e+11 1.75311e+11 0 0 0 0 0 0 0 0 0 0 0 0 0 0 0 0 0 0 0 0 0 0 0 0 0 0 0 0 0 0 0 0 
0 0 0 0 0 0 0 0 0 0 0 0 0 0 0 0 0 0 0 0 0 0 0 0 5.83425e+06 2.88053e+08 1.29238e+09 4.52734e+09 1.34545e+10 2.75811e+10 4.76052e+10 6.45741e+10 7.1639e+10 0 0 0 0 0 0 0 0 0 0 0 0 0 0 0 0 0 0 0 0 0 0 0 0 0 0 0 0 0 0 0 0 
0 0 0 0 0 0 0 0 0 0 0 0 0 0 0 0 0 0 0 0 0 0 0 0 2.10514e+07 9.06551e+07 3.81117e+08 1.84257e+09 5.12541e+09 1.07957e+10 1.94053e+10 2.57182e+10 2.96019e+10 0 0 0 0 0 0 0 0 0 0 0 0 0 0 0 0 0 0 0 0 0 0 0 0 0 0 0 0 0 0 0 0 
0 0 0 0 0 0 0 0 0 0 0 0 0 0 0 0 0 0 0 0 0 0 0 0 0 1.4609e+07 1.54341e+08 7.27455e+08 1.80927e+09 4.47264e+09 7.54262e+09 1.05673e+10 1.1779e+10 0 0 0 0 0 0 0 0 0 0 0 0 0 0 0 0 0 0 0 0 0 0 0 0 0 0 0 0 0 0 0 0 
0 0 0 0 0 0 0 0 0 0 0 0 0 0 0 0 0 0 0 0 0 0 0 0 0 1.00303e+06 7.19091e+07 2.22614e+08 7.07524e+08 1.79162e+09 2.87275e+09 4.4033e+09 4.55519e+09 0 0 0 0 0 0 0 0 0 0 0 0 0 0 0 0 0 0 0 0 0 0 0 0 0 0 0 0 0 0 0 0 
0 0 0 0 0 0 0 0 0 0 0 0 0 0 0 0 0 0 0 0 0 0 0 0 0 6.70435e+06 1.97017e+07 6.36728e+07 3.14048e+08 6.24932e+08 1.19529e+09 1.70831e+09 1.86766e+09 0 0 0 0 0 0 0 0 0 0 0 0 0 0 0 0 0 0 0 0 0 0 0 0 0 0 0 0 0 0 0 0 
0 0 0 0 0 0 0 0 0 0 0 0 0 0 0 0 0 0 0 0 0 0 0 0 0 0 2.5012e+06 3.32987e+07 1.1493e+08 2.18616e+08 5.12233e+08 6.11337e+08 8.07774e+08 0 0 0 0 0 0 0 0 0 0 0 0 0 0 0 0 0 0 0 0 0 0 0 0 0 0 0 0 0 0 0 0 
0 0 0 0 0 0 0 0 0 0 0 0 0 0 0 0 0 0 0 0 0 0 0 0 0 0 124294 1.50968e+07 2.88041e+07 1.00251e+08 1.84327e+08 2.4867e+08 3.1263e+08 0 0 0 0 0 0 0 0 0 0 0 0 0 0 0 0 0 0 0 0 0 0 0 0 0 0 0 0 0 0 0 0 
0 0 0 0 0 0 0 0 0 0 0 0 0 0 0 0 0 0 0 0 0 0 0 0 0 0 1.80147e+06 3.34652e+06 9.34464e+06 4.49442e+07 5.59533e+07 1.16006e+08 1.00877e+08 0 0 0 0 0 0 0 0 0 0 0 0 0 0 0 0 0 0 0 0 0 0 0 0 0 0 0 0 0 0 0 0 
0 0 0 0 0 0 0 0 0 0 0 0 0 0 0 0 0 0 0 0 0 0 0 0 0 0 0 310853 6.38646e+06 1.34216e+07 2.32194e+07 4.50034e+07 3.79485e+07 0 0 0 0 0 0 0 0 0 0 0 0 0 0 0 0 0 0 0 0 0 0 0 0 0 0 0 0 0 0 0 0 
0 0 0 0 0 0 0 0 0 0 0 0 0 0 0 0 0 0 0 0 0 0 0 0 0 0 0 9960.2 2.52612e+06 2.55192e+06 1.26428e+07 1.22071e+07 1.98074e+07 0 0 0 0 0 0 0 0 0 0 0 0 0 0 0 0 0 0 0 0 0 0 0 0 0 0 0 0 0 0 0 0 
0 0 0 0 0 0 0 0 0 0 0 0 0 0 0 0 0 0 0 0 0 0 0 0 0 0 0 400016 414962 1.31466e+06 4.80641e+06 3.71595e+06 8.61824e+06 0 0 0 0 0 0 0 0 0 0 0 0 0 0 0 0 0 0 0 0 0 0 0 0 0 0 0 0 0 0 0 0 
0 0 0 0 0 0 0 0 0 0 0 0 0 0 0 0 0 0 0 0 0 0 0 0 0 0 0 0 24883.7 1.02416e+06 1.00137e+06 2.40249e+06 2.27389e+06 0 0 0 0 0 0 0 0 0 0 0 0 0 0 0 0 0 0 0 0 0 0 0 0 0 0 0 0 0 0 0 0 
0 0 0 0 0 0 0 0 0 0 0 0 0 0 0 0 0 0 0 0 0 0 0 0 0 0 0 0 394.435 311453 137933 1.22997e+06 392746 0 0 0 0 0 0 0 0 0 0 0 0 0 0 0 0 0 0 0 0 0 0 0 0 0 0 0 0 0 0 0 0 
0 0 0 0 0 0 0 0 0 0 0 0 0 0 0 0 0 0 0 0 0 0 0 0 0 0 0 0 71409.3 33190.8 179309 309647 256065 0 0 0 0 0 0 0 0 0 0 0 0 0 0 0 0 0 0 0 0 0 0 0 0 0 0 0 0 0 0 0 0 
0 0 0 0 0 0 0 0 0 0 0 0 0 0 0 0 0 0 0 0 0 0 0 0 0 0 0 0 0 959.968 124554 37491.3 210991 0 0 0 0 0 0 0 0 0 0 0 0 0 0 0 0 0 0 0 0 0 0 0 0 0 0 0 0 0 0 0 0 
0 0 0 0 0 0 0 0 0 0 0 0 0 0 0 0 0 0 0 0 0 0 0 0 0 0 0 0 0 0 24909 3837.12 68329.1 0 0 0 0 0 0 0 0 0 0 0 0 0 0 0 0 0 0 0 0 0 0 0 0 0 0 0 0 0 0 0 0 
0 0 0 0 0 0 0 0 0 0 0 0 0 0 0 0 0 0 0 0 0 0 0 0 0 0 0 0 0 9849.55 1277.53 20725.3 7688.53 0 0 0 0 0 0 0 0 0 0 0 0 0 0 0 0 0 0 0 0 0 0 0 0 0 0 0 0 0 0 0 0 
0 0 0 0 0 0 0 0 0 0 0 0 0 0 0 0 0 0 0 0 0 0 0 0 0 0 0 0 0 0 0 9962.43 482.377 0 0 0 0 0 0 0 0 0 0 0 0 0 0 0 0 0 0 0 0 0 0 0 0 0 0 0 0 0 0 0 0 
0 0 0 0 0 0 0 0 0 0 0 0 0 0 0 0 0 0 0 0 0 0 0 0 0 0 0 0 0 0 0 957.944 0 0 0 0 0 0 0 0 0 0 0 0 0 0 0 0 0 0 0 0 0 0 0 0 0 0 0 0 0 0 0 0 0 
0 0 0 0 0 0 0 0 0 0 0 0 0 0 0 0 0 0 0 0 0 0 0 0 0 0 0 0 0 0 984.955 0 1658.29 0 0 0 0 0 0 0 0 0 0 0 0 0 0 0 0 0 0 0 0 0 0 0 0 0 0 0 0 0 0 0 0 
0 0 0 0 0 0 0 0 0 0 0 0 0 0 0 0 0 0 0 0 0 0 0 0 0 0 0 0 0 0 0 0 383.112 0 0 0 0 0 0 0 0 0 0 0 0 0 0 0 0 0 0 0 0 0 0 0 0 0 0 0 0 0 0 0 0 
0 0 0 0 0 0 0 0 0 0 0 0 0 0 0 0 0 0 0 0 0 0 0 0 0 0 0 0 0 0 0 0 0 0 0 0 0 0 0 0 0 0 0 0 0 0 0 0 0 0 0 0 0 0 0 0 0 0 0 0 0 0 0 0 0 
0 0 0 0 0 0 0 0 0 0 0 0 0 0 0 0 0 0 0 0 0 0 0 0 0 0 0 0 0 0 0 63.5455 0 0 0 0 0 0 0 0 0 0 0 0 0 0 0 0 0 0 0 0 0 0 0 0 0 0 0 0 0 0 0 0 0 
0 0 0 0 0 0 0 0 0 0 0 0 0 0 0 0 0 0 0 0 0 0 0 0 0 0 0 0 0 0 0 0 0 0 0 0 0 0 0 0 0 0 0 0 0 0 0 0 0 0 0 0 0 0 0 0 0 0 0 0 0 0 0 0 0 
0 0 0 0 0 0 0 0 0 0 0 0 0 0 0 0 0 0 0 0 0 0 0 0 0 0 0 0 0 0 0 0 0 0 0 0 0 0 0 0 0 0 0 0 0 0 0 0 0 0 0 0 0 0 0 0 0 0 0 0 0 0 0 0 0 
0 0 0 0 0 0 0 0 0 0 0 0 0 0 0 0 0 0 0 0 0 0 0 0 0 0 0 0 0 0 0 0 1.9858 0 0 0 0 0 0 0 0 0 0 0 0 0 0 0 0 0 0 0 0 0 0 0 0 0 0 0 0 0 0 0 0 
