1 0 0 0 0 0 0 0 0 0 0 0 0 0 0 0 0 0 0 0 0 0 0 0 0 0 0 0 0 0 0 0 0 0 0 0 0 0 0 0 0 0 0 0 0 0 0 0 0 0 0 0 0 0 0 0 0 0 0 0 0 0 0 0 1 
0 0 0 0 0 0 0 0 0 0 0 0 0 0 0 0 0 0 0 0 0 0 0 0 0 0 0 0 0 0 0 0 0 0 0 0 0 0 0 0 0 0 0 0 0 0 0 0 0 0 0 0 0 0 0 0 0 0 0 0 0 0 0 0 0 
0 0 0 0 0 0 0 0 0 0 0 0 0 0 0 0 0 0 0 0 0 0 0 0 0 0 0 0 0 0 0 0 0 0 0 0 0 0 0 0 0 0 0 0 0 0 0 0 0 0 0 0 0 0 0 0 0 0 0 0 0 0 0 0 0 
0 64 0 0 0 0 0 0 0 0 0 0 0 0 0 0 0 0 0 0 0 0 0 0 0 0 0 0 0 0 0 0 0 0 0 0 0 0 0 0 0 0 0 0 0 0 0 0 0 0 0 0 0 0 0 0 0 0 0 0 0 0 0 0 0 
0 0 0 0 0 0 0 0 0 0 0 0 0 0 0 0 0 0 0 0 0 0 0 0 0 0 0 0 0 0 0 0 0 0 0 0 0 0 0 0 0 0 0 0 0 0 0 0 0 0 0 0 0 0 0 0 0 0 0 0 0 0 0 0 0 
0 0 192 0 0 0 0 0 0 0 0 0 0 0 0 0 0 0 0 0 0 0 0 0 0 0 0 0 0 0 0 0 0 0 0 0 0 0 0 0 0 0 0 0 0 0 0 0 0 0 0 0 0 0 0 0 0 0 0 0 0 0 0 0 0 
0 0 1824 0 0 0 0 0 0 0 0 0 0 0 0 0 0 0 0 0 0 0 0 0 0 0 0 0 0 0 0 0 0 0 0 0 0 0 0 0 0 0 0 0 0 0 0 0 0 0 0 0 0 0 0 0 0 0 0 0 0 0 0 0 0 
0 0 0 959.678 0 0 0 0 0 0 0 0 0 0 0 0 0 0 0 0 0 0 0 0 0 0 0 0 0 0 0 0 0 0 0 0 0 0 0 0 0 0 0 0 0 0 0 0 0 0 0 0 0 0 0 0 0 0 0 0 0 0 0 0 0 
0 0 0 9984.64 239.92 0 0 0 0 0 0 0 0 0 0 0 0 0 0 0 0 0 0 0 0 0 0 0 0 0 0 0 0 0 0 0 0 0 0 0 0 0 0 0 0 0 0 0 0 0 0 0 0 0 0 0 0 0 0 0 0 0 0 0 0 
0 0 0 30719.7 5130.24 0 0 0 0 0 0 0 0 0 0 0 0 0 0 0 0 0 0 0 0 0 0 0 0 0 0 0 0 0 0 0 0 0 0 0 0 0 0 0 0 0 0 0 0 0 0 0 0 0 0 0 0 0 0 0 0 0 0 0 0 
0 0 0 0 59133.1 3847.94 0 0 0 0 0 0 0 0 0 0 0 0 0 0 0 0 0 0 0 0 0 0 0 0 0 0 0 0 0 0 0 0 0 0 0 0 0 0 0 0 0 0 0 0 0 0 0 0 0 0 0 0 0 0 0 0 0 0 0 
0 0 0 0 228455 38427.6 1931.55 0 0 0 0 0 0 0 0 0 0 0 0 0 0 0 0 0 0 0 0 0 0 0 0 0 0 0 0 0 0 0 0 0 0 0 0 0 0 0 0 0 0 0 0 0 0 0 0 0 0 0 0 0 0 0 0 0 0 
0 0 0 0 342417 341672 37439.3 1290.39 161.299 0 0 0 0 0 0 0 0 0 0 0 0 0 0 0 0 0 0 0 0 0 0 0 0 0 0 0 0 0 0 0 0 0 0 0 0 0 0 0 0 0 0 0 0 0 0 0 0 0 0 0 0 0 0 0 0 
0 0 0 0 0 1.50525e+06 335287 37713.7 0 0 0 0 0 0 0 0 0 0 0 0 0 0 0 0 0 0 0 0 0 0 0 0 0 0 0 0 0 0 0 0 0 0 0 0 0 0 0 0 0 0 0 0 0 0 0 0 0 0 0 0 0 0 0 0 0 
0 0 0 0 0 3.05296e+06 2.11803e+06 365697 46103.8 3878.88 0 0 0 0 0 0 0 0 0 0 0 0 0 0 0 0 0 0 0 0 0 0 0 0 0 0 0 0 0 0 0 0 0 0 0 0 0 0 0 0 0 0 0 0 0 0 0 0 0 0 0 0 0 0 0 
0 0 0 0 0 2.68235e+06 9.07648e+06 2.713e+06 461334 42909.6 5757.67 0 0 0 0 0 0 0 0 0 0 0 0 0 0 0 0 0 0 0 0 0 0 0 0 0 0 0 0 0 0 0 0 0 0 0 0 0 0 0 0 0 0 0 0 0 0 0 0 0 0 0 0 0 0 
0 0 0 0 0 0 2.14113e+07 1.40817e+07 3.58025e+06 700451 81654.7 11514.4 1432.03 0 0 0 60.7746 0 0 0 0 0 0 0 0 0 0 0 0 0 0 0 11.9577 0 0 0 0 0 0 0 0 0 0 0 0 0 0 0 0 0 0 0 0 0 0 0 0 0 0 0 0 0 0 0 0 
0 0 0 0 0 0 2.66675e+07 5.33705e+07 2.08391e+07 5.25441e+06 1.10149e+06 160807 15366.2 5760.86 1923.74 972.394 0 0 0 0 0 0 0 0 0 0 0 0 0 0 0 0 0 0 0 0 0 0 0 0 0 0 0 0 0 0 0 0 0 0 0 0 0 0 0 0 0 0 0 0 0 0 0 0 0 
0 0 0 0 0 0 1.53264e+07 1.30839e+08 9.34003e+07 3.18365e+07 8.38384e+06 1.94341e+06 403866 50441.3 5369.21 0 0 1936.4 0 0 0 0 0 0 0 0 0 0 0 0 0 382.646 0 0 0 0 0 0 0 0 0 0 0 0 0 0 0 0 0 0 0 0 0 0 0 0 0 0 0 0 0 0 0 0 0 
0 0 0 0 0 0 0 1.92553e+08 3.12031e+08 1.55475e+08 5.34567e+07 1.53717e+07 3.71228e+06 873819 211605 54324.3 29088.8 973.56 3860.83 0 0 0 0 0 0 0 0 0 0 0 963.594 0 0 0 0 0 0 0 0 0 0 0 0 0 0 0 0 0 0 0 0 0 0 0 0 0 0 0 0 0 0 0 0 0 0 
0 0 0 0 0 0 0 1.61769e+08 7.40197e+08 5.98296e+08 2.62676e+08 9.35541e+07 3.05313e+07 8.53721e+06 2.15953e+06 609154 130103 53829.1 28056 11536.4 2890.33 0 0 0 477.965 0 0 0 954.326 3822.35 4967.42 0 11903.8 0 0 0 0 0 0 0 0 0 0 0 0 0 0 0 0 0 0 0 0 0 0 0 0 0 0 0 0 0 0 0 0 
0 0 0 0 0 0 0 6.54859e+07 1.16473e+09 1.78819e+09 1.09557e+09 4.75537e+08 1.79125e+08 6.33375e+07 2.0088e+07 5.99375e+06 2.00109e+06 816555 240745 135176 30911.1 23293 11665.2 7672.88 0 3823.33 5739.68 11510.2 15328.8 21263.1 0 28818.3 388.598 0 0 0 0 0 0 0 0 0 0 0 0 0 0 0 0 0 0 0 0 0 0 0 0 0 0 0 0 0 0 0 0 
0 0 0 0 0 0 0 0 1.17092e+09 3.96872e+09 3.68151e+09 2.02267e+09 9.05298e+08 3.67678e+08 1.41877e+08 5.12402e+07 1.79699e+07 6.17408e+06 2.75108e+06 1.14228e+06 748283 263220 122834 78740.2 91902.5 86561.2 77207.7 74358.8 92967.5 61454.8 111727 151613 68173.5 0 0 0 0 0 0 0 0 0 0 0 0 0 0 0 0 0 0 0 0 0 0 0 0 0 0 0 0 0 0 0 0 
0 0 0 0 0 0 0 0 7.06596e+08 6.29046e+09 9.83658e+09 7.24543e+09 3.88406e+09 1.82583e+09 8.0251e+08 3.36899e+08 1.35365e+08 5.4413e+07 2.26858e+07 1.05442e+07 4.79027e+06 2.88742e+06 1.74068e+06 1.06295e+06 726114 470812 528992 532085 493580 435643 685083 268838 703628 0 0 0 0 0 0 0 0 0 0 0 0 0 0 0 0 0 0 0 0 0 0 0 0 0 0 0 0 0 0 0 0 
0 0 0 0 0 0 0 0 2.13363e+08 6.8657e+09 2.02176e+10 2.14822e+10 1.4313e+10 7.76908e+09 3.86858e+09 1.83834e+09 8.49325e+08 3.84472e+08 1.71727e+08 7.93134e+07 3.99369e+07 2.18127e+07 1.20289e+07 7.66865e+06 5.13386e+06 4.63748e+06 3.52887e+06 3.13503e+06 2.57651e+06 3.38683e+06 2.35191e+06 2.95033e+06 2.89779e+06 0 0 0 0 0 0 0 0 0 0 0 0 0 0 0 0 0 0 0 0 0 0 0 0 0 0 0 0 0 0 0 0 
0 0 0 0 0 0 0 0 0 5.01658e+09 3.11573e+10 5.13156e+10 4.47804e+10 2.88737e+10 1.6232e+10 8.60332e+09 4.39317e+09 2.2068e+09 1.10255e+09 5.53237e+08 2.84872e+08 1.53161e+08 9.24579e+07 5.83192e+07 4.03483e+07 2.75357e+07 2.17418e+07 1.76741e+07 1.77093e+07 1.49571e+07 1.38499e+07 1.52209e+07 1.21523e+07 0 0 0 0 0 0 0 0 0 0 0 0 0 0 0 0 0 0 0 0 0 0 0 0 0 0 0 0 0 0 0 0 
0 0 0 0 0 0 0 0 0 2.28082e+09 3.49735e+10 9.72614e+10 1.17146e+11 9.27349e+10 5.99228e+10 3.52123e+10 1.98918e+10 1.09476e+10 5.97106e+09 3.25571e+09 1.79142e+09 1.02469e+09 6.0126e+08 3.77927e+08 2.50458e+08 1.80355e+08 1.38445e+08 1.14205e+08 9.53009e+07 8.05321e+07 8.24137e+07 7.21951e+07 7.77462e+07 0 0 0 0 0 0 0 0 0 0 0 0 0 0 0 0 0 0 0 0 0 0 0 0 0 0 0 0 0 0 0 0 
0 0 0 0 0 0 0 0 0 5.38503e+08 2.80024e+10 1.42765e+11 2.51983e+11 2.55629e+11 1.94421e+11 1.28567e+11 7.93029e+10 4.75898e+10 2.81069e+10 1.65563e+10 9.77395e+09 5.87407e+09 3.66593e+09 2.34222e+09 1.58441e+09 1.13065e+09 8.43576e+08 6.63686e+08 5.43784e+08 4.94869e+08 4.29947e+08 4.13722e+08 4.03006e+08 0 0 0 0 0 0 0 0 0 0 0 0 0 0 0 0 0 0 0 0 0 0 0 0 0 0 0 0 0 0 0 0 
0 0 0 0 0 0 0 0 0 0 1.55653e+10 1.58991e+11 4.37466e+11 5.93915e+11 5.49632e+11 4.14682e+11 2.82756e+11 1.83655e+11 1.16669e+11 7.35808e+10 4.65024e+10 2.96829e+10 1.93591e+10 1.29696e+10 9.02781e+09 6.49547e+09 4.90105e+09 3.837e+09 3.19623e+09 2.71767e+09 2.46098e+09 2.329e+09 2.28313e+09 0 0 0 0 0 0 0 0 0 0 0 0 0 0 0 0 0 0 0 0 0 0 0 0 0 0 0 0 0 0 0 0 
0 0 0 0 0 0 0 0 0 0 5.5478e+09 1.32701e+11 6.0463e+11 1.14985e+12 1.33875e+12 1.18412e+12 9.03259e+11 6.39208e+11 4.35665e+11 2.92582e+11 1.96263e+11 1.32735e+11 9.09352e+10 6.37222e+10 4.58985e+10 3.4077e+10 2.60433e+10 2.08706e+10 1.73164e+10 1.49614e+10 1.35291e+10 1.272e+10 1.23565e+10 0 0 0 0 0 0 0 0 0 0 0 0 0 0 0 0 0 0 0 0 0 0 0 0 0 0 0 0 0 0 0 0 
0 0 0 0 0 0 0 0 0 0 1.06995e+09 8.14091e+10 6.53876e+11 1.82649e+12 2.77011e+12 2.95304e+12 2.56886e+12 2.00031e+12 1.4723e+12 1.05474e+12 7.47683e+11 5.32813e+11 3.81691e+11 2.79058e+11 2.08128e+11 1.59201e+11 1.25585e+11 1.02015e+11 8.56807e+10 7.52022e+10 6.8369e+10 6.4536e+10 6.30719e+10 0 0 0 0 0 0 0 0 0 0 0 0 0 0 0 0 0 0 0 0 0 0 0 0 0 0 0 0 0 0 0 0 
0 0 0 0 0 0 0 0 0 0 0 3.57719e+10 5.4891e+11 2.35344e+12 4.82778e+12 6.37227e+12 6.46813e+12 5.63136e+12 4.50269e+12 3.44975e+12 2.59058e+12 1.93394e+12 1.45203e+12 1.09959e+12 8.4641e+11 6.6826e+11 5.40631e+11 4.49515e+11 3.86361e+11 3.42228e+11 3.12482e+11 2.96297e+11 2.91415e+11 0 0 0 0 0 0 0 0 0 0 0 0 0 0 0 0 0 0 0 0 0 0 0 0 0 0 0 0 0 0 0 0 
0 0 0 0 0 0 0 0 0 0 0 1.03361e+10 3.54072e+11 2.43759e+12 7.00246e+12 1.17727e+13 1.42811e+13 1.41605e+13 1.24719e+13 1.02702e+13 8.18328e+12 6.42753e+12 5.02926e+12 3.9639e+12 3.16466e+12 2.56317e+12 2.12836e+12 1.80647e+12 1.5744e+12 1.41235e+12 1.3072e+12 1.2467e+12 1.22829e+12 0 0 0 0 0 0 0 0 0 0 0 0 0 0 0 0 0 0 0 0 0 0 0 0 0 0 0 0 0 0 0 0 
0 0 0 0 0 0 0 0 0 0 0 1.7075e+09 1.72757e+11 2.01206e+12 8.37287e+12 1.84795e+13 2.73422e+13 3.14627e+13 3.10105e+13 2.77875e+13 2.36139e+13 1.95421e+13 1.59991e+13 1.30976e+13 1.07958e+13 9.02111e+12 7.63043e+12 6.63363e+12 5.88402e+12 5.33428e+12 4.97374e+12 4.76571e+12 4.70743e+12 0 0 0 0 0 0 0 0 0 0 0 0 0 0 0 0 0 0 0 0 0 0 0 0 0 0 0 0 0 0 0 0 
0 0 0 0 0 0 0 0 0 0 0 0 6.20437e+10 1.3197e+12 8.21283e+12 2.44056e+13 4.51033e+13 6.14593e+13 6.87119e+13 6.7953e+13 6.22203e+13 5.45291e+13 4.68583e+13 3.99074e+13 3.39539e+13 2.91008e+13 2.53119e+13 2.23859e+13 2.01396e+13 1.85836e+13 1.74683e+13 1.6864e+13 1.66215e+13 0 0 0 0 0 0 0 0 0 0 0 0 0 0 0 0 0 0 0 0 0 0 0 0 0 0 0 0 0 0 0 0 
0 0 0 0 0 0 0 0 0 0 0 0 1.49886e+10 6.8114e+11 6.56434e+12 2.69875e+13 6.37192e+13 1.04575e+14 1.35005e+14 1.4883e+14 1.48701e+14 1.39366e+14 1.25909e+14 1.11737e+14 9.86384e+13 8.72518e+13 7.77145e+13 6.99252e+13 6.41511e+13 5.96826e+13 5.66556e+13 5.48734e+13 5.43453e+13 0 0 0 0 0 0 0 0 0 0 0 0 0 0 0 0 0 0 0 0 0 0 0 0 0 0 0 0 0 0 0 0 
0 0 0 0 0 0 0 0 0 0 0 0 2.24647e+09 2.72904e+11 4.28026e+12 2.48623e+13 7.66435e+13 1.54216e+14 2.33256e+14 2.91331e+14 3.20013e+14 3.23709e+14 3.10755e+14 2.89094e+14 2.6529e+14 2.41998e+14 2.20849e+14 2.03333e+14 1.88905e+14 1.7825e+14 1.70789e+14 1.65961e+14 1.64493e+14 0 0 0 0 0 0 0 0 0 0 0 0 0 0 0 0 0 0 0 0 0 0 0 0 0 0 0 0 0 0 0 0 
0 0 0 0 0 0 0 0 0 0 0 0 0 8.272e+10 2.2638e+12 1.90741e+13 7.80491e+13 1.96122e+14 3.53056e+14 5.04735e+14 6.17552e+14 6.80143e+14 6.98249e+14 6.86789e+14 6.57207e+14 6.20923e+14 5.83032e+14 5.47387e+14 5.17881e+14 4.94586e+14 4.77283e+14 4.67984e+14 4.6432e+14 0 0 0 0 0 0 0 0 0 0 0 0 0 0 0 0 0 0 0 0 0 0 0 0 0 0 0 0 0 0 0 0 
0 0 0 0 0 0 0 0 0 0 0 0 0 1.72619e+10 9.64547e+11 1.21412e+13 6.72373e+13 2.14192e+14 4.64527e+14 7.7209e+14 1.06434e+15 1.28778e+15 1.42681e+15 1.48889e+15 1.49398e+15 1.46559e+15 1.42029e+15 1.36789e+15 1.32073e+15 1.27754e+15 1.24703e+15 1.22902e+15 1.22188e+15 0 0 0 0 0 0 0 0 0 0 0 0 0 0 0 0 0 0 0 0 0 0 0 0 0 0 0 0 0 0 0 0 
0 0 0 0 0 0 0 0 0 0 0 0 0 2.51558e+09 3.27753e+11 6.44122e+12 4.89857e+13 2.00686e+14 5.3216e+14 1.03779e+15 1.62604e+15 2.18401e+15 2.63079e+15 2.93508e+15 3.1114e+15 3.18581e+15 3.19367e+15 3.16834e+15 3.11187e+15 3.06744e+15 3.02254e+15 2.9952e+15 2.98782e+15 0 0 0 0 0 0 0 0 0 0 0 0 0 0 0 0 0 0 0 0 0 0 0 0 0 0 0 0 0 0 0 0 
0 0 0 0 0 0 0 0 0 0 0 0 0 0 8.64893e+10 2.83499e+12 3.02202e+13 1.60941e+14 5.28005e+14 1.22122e+15 2.19961e+15 3.30578e+15 4.36233e+15 5.24205e+15 5.89964e+15 6.33422e+15 6.60232e+15 6.74067e+15 6.80155e+15 6.79666e+15 6.79081e+15 6.77669e+15 6.77351e+15 0 0 0 0 0 0 0 0 0 0 0 0 0 0 0 0 0 0 0 0 0 0 0 0 0 0 0 0 0 0 0 0 
0 0 0 0 0 0 0 0 0 0 0 0 0 0 1.61547e+10 1.02734e+12 1.58077e+13 1.10739e+14 4.53342e+14 1.25717e+15 2.62549e+15 4.45167e+15 6.47921e+15 8.4426e+15 1.01403e+16 1.14987e+16 1.24972e+16 1.31809e+16 1.36481e+16 1.39351e+16 1.40999e+16 1.41631e+16 1.4179e+16 0 0 0 0 0 0 0 0 0 0 0 0 0 0 0 0 0 0 0 0 0 0 0 0 0 0 0 0 0 0 0 0 
0 0 0 0 0 0 0 0 0 0 0 0 0 0 2.50425e+09 3.05855e+11 7.02514e+12 6.56026e+13 3.376e+14 1.13276e+15 2.76019e+15 5.31528e+15 8.60363e+15 1.22195e+16 1.57569e+16 1.89322e+16 2.15359e+16 2.3591e+16 2.51052e+16 2.61792e+16 2.68765e+16 2.7265e+16 2.74036e+16 0 0 0 0 0 0 0 0 0 0 0 0 0 0 0 0 0 0 0 0 0 0 0 0 0 0 0 0 0 0 0 0 
0 0 0 0 0 0 0 0 0 0 0 0 0 0 0 7.30299e+10 2.64881e+12 3.35488e+13 2.1896e+14 8.91122e+14 2.55611e+15 5.64147e+15 1.01943e+16 1.58801e+16 2.20788e+16 2.81698e+16 3.37189e+16 3.84702e+16 4.22554e+16 4.51004e+16 4.70011e+16 4.81831e+16 4.85564e+16 0 0 0 0 0 0 0 0 0 0 0 0 0 0 0 0 0 0 0 0 0 0 0 0 0 0 0 0 0 0 0 0 
0 0 0 0 0 0 0 0 0 0 0 0 0 0 0 1.27612e+10 8.45472e+11 1.48171e+13 1.23657e+14 6.15115e+14 2.08951e+15 5.29562e+15 1.07647e+16 1.84682e+16 2.78444e+16 3.79363e+16 4.79511e+16 5.70226e+16 6.47666e+16 7.08737e+16 7.53077e+16 7.78461e+16 7.87708e+16 0 0 0 0 0 0 0 0 0 0 0 0 0 0 0 0 0 0 0 0 0 0 0 0 0 0 0 0 0 0 0 0 
0 0 0 0 0 0 0 0 0 0 0 0 0 0 0 2.2984e+09 2.28232e+11 5.69777e+12 6.12761e+13 3.7426e+14 1.50583e+15 4.41754e+15 1.01257e+16 1.92171e+16 3.15195e+16 4.61269e+16 6.16657e+16 7.6754e+16 9.0317e+16 1.01466e+17 1.09718e+17 1.14907e+17 1.16531e+17 0 0 0 0 0 0 0 0 0 0 0 0 0 0 0 0 0 0 0 0 0 0 0 0 0 0 0 0 0 0 0 0 
0 0 0 0 0 0 0 0 0 0 0 0 0 0 0 0 5.16057e+10 1.9022e+12 2.67343e+13 2.01417e+14 9.64188e+14 3.2718e+15 8.50987e+15 1.79466e+16 3.20923e+16 5.05033e+16 7.16349e+16 9.36497e+16 1.14354e+17 1.32319e+17 1.45909e+17 1.54526e+17 1.5732e+17 0 0 0 0 0 0 0 0 0 0 0 0 0 0 0 0 0 0 0 0 0 0 0 0 0 0 0 0 0 0 0 0 
0 0 0 0 0 0 0 0 0 0 0 0 0 0 0 0 8.8213e+09 5.53154e+11 1.0318e+13 9.61724e+13 5.49517e+14 2.16435e+15 6.39285e+15 1.50096e+16 2.94015e+16 4.98544e+16 7.52442e+16 1.03393e+17 1.31588e+17 1.56648e+17 1.7661e+17 1.88938e+17 1.93432e+17 0 0 0 0 0 0 0 0 0 0 0 0 0 0 0 0 0 0 0 0 0 0 0 0 0 0 0 0 0 0 0 0 
0 0 0 0 0 0 0 0 0 0 0 0 0 0 0 0 1.97592e+09 1.41762e+11 3.54704e+12 4.11361e+13 2.8071e+14 1.28453e+15 4.30428e+15 1.12854e+16 2.42697e+16 4.44111e+16 7.1552e+16 1.03499e+17 1.3715e+17 1.68565e+17 1.94007e+17 2.10561e+17 2.16284e+17 0 0 0 0 0 0 0 0 0 0 0 0 0 0 0 0 0 0 0 0 0 0 0 0 0 0 0 0 0 0 0 0 
0 0 0 0 0 0 0 0 0 0 0 0 0 0 0 0 0 3.19851e+10 1.0876e+12 1.58304e+13 1.29104e+14 6.86425e+14 2.6185e+15 7.64634e+15 1.80558e+16 3.58325e+16 6.15426e+16 9.40898e+16 1.29828e+17 1.64781e+17 1.93816e+17 2.1342e+17 2.20045e+17 0 0 0 0 0 0 0 0 0 0 0 0 0 0 0 0 0 0 0 0 0 0 0 0 0 0 0 0 0 0 0 0 
0 0 0 0 0 0 0 0 0 0 0 0 0 0 0 0 0 5.49738e+09 3.00478e+11 5.52261e+12 5.39481e+13 3.33119e+14 1.43922e+15 4.70402e+15 1.21845e+16 2.61725e+16 4.80833e+16 7.7448e+16 1.11865e+17 1.46707e+17 1.76796e+17 1.9687e+17 2.04268e+17 0 0 0 0 0 0 0 0 0 0 0 0 0 0 0 0 0 0 0 0 0 0 0 0 0 0 0 0 0 0 0 0 
0 0 0 0 0 0 0 0 0 0 0 0 0 0 0 0 0 1.59043e+09 7.67403e+10 1.76336e+12 2.05896e+13 1.474e+14 7.24285e+14 2.62896e+15 7.48674e+15 1.74016e+16 3.41756e+16 5.81807e+16 8.77894e+16 1.18996e+17 1.46732e+17 1.65974e+17 1.72719e+17 0 0 0 0 0 0 0 0 0 0 0 0 0 0 0 0 0 0 0 0 0 0 0 0 0 0 0 0 0 0 0 0 
0 0 0 0 0 0 0 0 0 0 0 0 0 0 0 0 0 0 1.81019e+10 5.17759e+11 7.25231e+12 6.00963e+13 3.34164e+14 1.35127e+15 4.21462e+15 1.05923e+16 2.22353e+16 4.00079e+16 6.29781e+16 8.82564e+16 1.1143e+17 1.2783e+17 1.33674e+17 0 0 0 0 0 0 0 0 0 0 0 0 0 0 0 0 0 0 0 0 0 0 0 0 0 0 0 0 0 0 0 0 
0 0 0 0 0 0 0 0 0 0 0 0 0 0 0 0 0 0 3.126e+09 1.42266e+11 2.37797e+12 2.27406e+13 1.42533e+14 6.39553e+14 2.18202e+15 5.92499e+15 1.3272e+16 2.52223e+16 4.1487e+16 6.01315e+16 7.77759e+16 9.03779e+16 9.49583e+16 0 0 0 0 0 0 0 0 0 0 0 0 0 0 0 0 0 0 0 0 0 0 0 0 0 0 0 0 0 0 0 0 
0 0 0 0 0 0 0 0 0 0 0 0 0 0 0 0 0 0 1.18342e+09 3.81013e+10 7.36167e+11 8.06569e+12 5.68094e+13 2.81938e+14 1.04788e+15 3.07118e+15 7.33393e+15 1.46769e+16 2.52085e+16 3.77537e+16 4.9932e+16 5.88536e+16 6.22332e+16 0 0 0 0 0 0 0 0 0 0 0 0 0 0 0 0 0 0 0 0 0 0 0 0 0 0 0 0 0 0 0 0 
0 0 0 0 0 0 0 0 0 0 0 0 0 0 0 0 0 0 0 9.49596e+09 2.16214e+11 2.69988e+12 2.12855e+13 1.16344e+14 4.70759e+14 1.48106e+15 3.75761e+15 7.92966e+15 1.41884e+16 2.19657e+16 2.97375e+16 3.55343e+16 3.76604e+16 0 0 0 0 0 0 0 0 0 0 0 0 0 0 0 0 0 0 0 0 0 0 0 0 0 0 0 0 0 0 0 0 
0 0 0 0 0 0 0 0 0 0 0 0 0 0 0 0 0 0 0 1.59974e+09 6.14003e+10 8.71134e+11 7.61119e+12 4.54815e+13 1.99195e+14 6.71023e+14 1.80771e+15 4.00268e+15 7.46492e+15 1.19222e+16 1.64864e+16 1.99841e+16 2.12759e+16 0 0 0 0 0 0 0 0 0 0 0 0 0 0 0 0 0 0 0 0 0 0 0 0 0 0 0 0 0 0 0 0 
0 0 0 0 0 0 0 0 0 0 0 0 0 0 0 0 0 0 0 8.0312e+08 1.77964e+10 2.72625e+11 2.60905e+12 1.69832e+13 8.00712e+13 2.88259e+14 8.19368e+14 1.90273e+15 3.6919e+15 6.05647e+15 8.57326e+15 1.05059e+16 1.12492e+16 0 0 0 0 0 0 0 0 0 0 0 0 0 0 0 0 0 0 0 0 0 0 0 0 0 0 0 0 0 0 0 0 
0 0 0 0 0 0 0 0 0 0 0 0 0 0 0 0 0 0 0 0 4.56253e+09 8.22046e+10 8.67513e+11 6.12404e+12 3.08982e+13 1.17982e+14 3.54158e+14 8.58389e+14 1.72284e+15 2.91678e+15 4.2017e+15 5.22e+15 5.60452e+15 0 0 0 0 0 0 0 0 0 0 0 0 0 0 0 0 0 0 0 0 0 0 0 0 0 0 0 0 0 0 0 0 
0 0 0 0 0 0 0 0 0 0 0 0 0 0 0 0 0 0 0 0 7.23041e+08 2.47024e+10 2.87241e+11 2.14763e+12 1.15484e+13 4.66004e+13 1.46676e+14 3.71192e+14 7.69129e+14 1.33455e+15 1.96079e+15 2.46714e+15 2.65558e+15 0 0 0 0 0 0 0 0 0 0 0 0 0 0 0 0 0 0 0 0 0 0 0 0 0 0 0 0 0 0 0 0 
0 0 0 0 0 0 0 0 0 0 0 0 0 0 0 0 0 0 0 0 4.92944e+08 7.74347e+09 9.28934e+10 7.41191e+11 4.21532e+12 1.78727e+13 5.87095e+13 1.54045e+14 3.30281e+14 5.87056e+14 8.78982e+14 1.11366e+15 1.20621e+15 0 0 0 0 0 0 0 0 0 0 0 0 0 0 0 0 0 0 0 0 0 0 0 0 0 0 0 0 0 0 0 0 
0 0 0 0 0 0 0 0 0 0 0 0 0 0 0 0 0 0 0 0 0 1.96849e+09 2.86262e+10 2.53562e+11 1.52235e+12 6.72592e+12 2.29854e+13 6.23083e+13 1.37337e+14 2.49783e+14 3.79448e+14 4.85098e+14 5.2729e+14 0 0 0 0 0 0 0 0 0 0 0 0 0 0 0 0 0 0 0 0 0 0 0 0 0 0 0 0 0 0 0 0 
0 0 0 0 0 0 0 0 0 0 0 0 0 0 0 0 0 0 0 0 0 2.83583e+08 9.25049e+09 8.76954e+10 5.43132e+11 2.49836e+12 8.85147e+12 2.46891e+13 5.57929e+13 1.03335e+14 1.59364e+14 2.0594e+14 2.24173e+14 0 0 0 0 0 0 0 0 0 0 0 0 0 0 0 0 0 0 0 0 0 0 0 0 0 0 0 0 0 0 0 0 
0 0 0 0 0 0 0 0 0 0 0 0 0 0 0 0 0 0 0 0 0 2.70672e+08 3.07516e+09 2.89462e+10 1.91233e+11 9.26082e+11 3.37406e+12 9.68094e+12 2.23011e+13 4.20357e+13 6.56786e+13 8.55509e+13 9.31834e+13 0 0 0 0 0 0 0 0 0 0 0 0 0 0 0 0 0 0 0 0 0 0 0 0 0 0 0 0 0 0 0 0 
0 0 0 0 0 0 0 0 0 0 0 0 0 0 0 0 0 0 0 0 0 0 7.45933e+08 9.08534e+09 6.85134e+10 3.42912e+11 1.28012e+12 3.76856e+12 8.8523e+12 1.69297e+13 2.67119e+13 3.50415e+13 3.84115e+13 0 0 0 0 0 0 0 0 0 0 0 0 0 0 0 0 0 0 0 0 0 0 0 0 0 0 0 0 0 0 0 0 
0 0 0 0 0 0 0 0 0 0 0 0 0 0 0 0 0 0 0 0 0 0 9.43483e+07 3.19104e+09 2.45435e+10 1.24715e+11 4.867e+11 1.46485e+12 3.49695e+12 6.79288e+12 1.08092e+13 1.42533e+13 1.56337e+13 0 0 0 0 0 0 0 0 0 0 0 0 0 0 0 0 0 0 0 0 0 0 0 0 0 0 0 0 0 0 0 0 
0 0 0 0 0 0 0 0 0 0 0 0 0 0 0 0 0 0 0 0 0 0 1.3187e+08 1.09589e+09 7.99869e+09 4.51646e+10 1.85693e+11 5.67916e+11 1.38398e+12 2.72009e+12 4.3591e+12 5.80114e+12 6.35897e+12 0 0 0 0 0 0 0 0 0 0 0 0 0 0 0 0 0 0 0 0 0 0 0 0 0 0 0 0 0 0 0 0 
0 0 0 0 0 0 0 0 0 0 0 0 0 0 0 0 0 0 0 0 0 0 0 2.4257e+08 2.57847e+09 1.69357e+10 6.99312e+10 2.19159e+11 5.49255e+11 1.0893e+12 1.7716e+12 2.35385e+12 2.58619e+12 0 0 0 0 0 0 0 0 0 0 0 0 0 0 0 0 0 0 0 0 0 0 0 0 0 0 0 0 0 0 0 0 
0 0 0 0 0 0 0 0 0 0 0 0 0 0 0 0 0 0 0 0 0 0 0 2.60948e+07 1.00837e+09 6.10391e+09 2.54561e+10 8.5805e+10 2.1696e+11 4.36922e+11 7.193e+11 9.54529e+11 1.06031e+12 0 0 0 0 0 0 0 0 0 0 0 0 0 0 0 0 0 0 0 0 0 0 0 0 0 0 0 0 0 0 0 0 
0 0 0 0 0 0 0 0 0 0 0 0 0 0 0 0 0 0 0 0 0 0 0 5.64205e+07 3.41176e+08 1.9053e+09 9.59602e+09 3.33934e+10 8.45766e+10 1.76218e+11 2.90058e+11 3.91725e+11 4.31503e+11 0 0 0 0 0 0 0 0 0 0 0 0 0 0 0 0 0 0 0 0 0 0 0 0 0 0 0 0 0 0 0 0 
0 0 0 0 0 0 0 0 0 0 0 0 0 0 0 0 0 0 0 0 0 0 0 0 6.60594e+07 6.59268e+08 3.77438e+09 1.23408e+10 3.33744e+10 7.06664e+10 1.16489e+11 1.60473e+11 1.74969e+11 0 0 0 0 0 0 0 0 0 0 0 0 0 0 0 0 0 0 0 0 0 0 0 0 0 0 0 0 0 0 0 0 
0 0 0 0 0 0 0 0 0 0 0 0 0 0 0 0 0 0 0 0 0 0 0 0 5.81478e+06 2.86761e+08 1.29875e+09 4.52189e+09 1.34622e+10 2.75527e+10 4.76511e+10 6.46451e+10 7.17215e+10 0 0 0 0 0 0 0 0 0 0 0 0 0 0 0 0 0 0 0 0 0 0 0 0 0 0 0 0 0 0 0 0 
0 0 0 0 0 0 0 0 0 0 0 0 0 0 0 0 0 0 0 0 0 0 0 0 2.09591e+07 9.04003e+07 3.81311e+08 1.83812e+09 5.12648e+09 1.08294e+10 1.93947e+10 2.57636e+10 2.96481e+10 0 0 0 0 0 0 0 0 0 0 0 0 0 0 0 0 0 0 0 0 0 0 0 0 0 0 0 0 0 0 0 0 
0 0 0 0 0 0 0 0 0 0 0 0 0 0 0 0 0 0 0 0 0 0 0 0 0 1.45733e+07 1.54314e+08 7.30441e+08 1.81336e+09 4.47661e+09 7.54526e+09 1.05755e+10 1.17972e+10 0 0 0 0 0 0 0 0 0 0 0 0 0 0 0 0 0 0 0 0 0 0 0 0 0 0 0 0 0 0 0 0 
0 0 0 0 0 0 0 0 0 0 0 0 0 0 0 0 0 0 0 0 0 0 0 0 0 1.00125e+06 7.14889e+07 2.22955e+08 7.07531e+08 1.79364e+09 2.87255e+09 4.40908e+09 4.56004e+09 0 0 0 0 0 0 0 0 0 0 0 0 0 0 0 0 0 0 0 0 0 0 0 0 0 0 0 0 0 0 0 0 
0 0 0 0 0 0 0 0 0 0 0 0 0 0 0 0 0 0 0 0 0 0 0 0 0 6.67485e+06 1.96372e+07 6.40037e+07 3.1351e+08 6.26464e+08 1.19754e+09 1.70342e+09 1.86638e+09 0 0 0 0 0 0 0 0 0 0 0 0 0 0 0 0 0 0 0 0 0 0 0 0 0 0 0 0 0 0 0 0 
0 0 0 0 0 0 0 0 0 0 0 0 0 0 0 0 0 0 0 0 0 0 0 0 0 0 2.49588e+06 3.31356e+07 1.15064e+08 2.19374e+08 5.13975e+08 6.11277e+08 8.07648e+08 0 0 0 0 0 0 0 0 0 0 0 0 0 0 0 0 0 0 0 0 0 0 0 0 0 0 0 0 0 0 0 0 
0 0 0 0 0 0 0 0 0 0 0 0 0 0 0 0 0 0 0 0 0 0 0 0 0 0 124941 1.50169e+07 2.88451e+07 1.00212e+08 1.84983e+08 2.48887e+08 3.12711e+08 0 0 0 0 0 0 0 0 0 0 0 0 0 0 0 0 0 0 0 0 0 0 0 0 0 0 0 0 0 0 0 0 
0 0 0 0 0 0 0 0 0 0 0 0 0 0 0 0 0 0 0 0 0 0 0 0 0 0 1.79304e+06 3.33745e+06 9.37636e+06 4.49163e+07 5.61166e+07 1.1643e+08 1.00892e+08 0 0 0 0 0 0 0 0 0 0 0 0 0 0 0 0 0 0 0 0 0 0 0 0 0 0 0 0 0 0 0 0 
0 0 0 0 0 0 0 0 0 0 0 0 0 0 0 0 0 0 0 0 0 0 0 0 0 0 0 310470 6.3628e+06 1.34529e+07 2.32624e+07 4.51329e+07 3.80596e+07 0 0 0 0 0 0 0 0 0 0 0 0 0 0 0 0 0 0 0 0 0 0 0 0 0 0 0 0 0 0 0 0 
0 0 0 0 0 0 0 0 0 0 0 0 0 0 0 0 0 0 0 0 0 0 0 0 0 0 0 9962.76 2.51126e+06 2.55261e+06 1.2632e+07 1.22782e+07 1.98328e+07 0 0 0 0 0 0 0 0 0 0 0 0 0 0 0 0 0 0 0 0 0 0 0 0 0 0 0 0 0 0 0 0 
0 0 0 0 0 0 0 0 0 0 0 0 0 0 0 0 0 0 0 0 0 0 0 0 0 0 0 398174 413812 1.31552e+06 4.81194e+06 3.72403e+06 8.6333e+06 0 0 0 0 0 0 0 0 0 0 0 0 0 0 0 0 0 0 0 0 0 0 0 0 0 0 0 0 0 0 0 0 
0 0 0 0 0 0 0 0 0 0 0 0 0 0 0 0 0 0 0 0 0 0 0 0 0 0 0 0 24836.7 1.02088e+06 1.00282e+06 2.39592e+06 2.29671e+06 0 0 0 0 0 0 0 0 0 0 0 0 0 0 0 0 0 0 0 0 0 0 0 0 0 0 0 0 0 0 0 0 
0 0 0 0 0 0 0 0 0 0 0 0 0 0 0 0 0 0 0 0 0 0 0 0 0 0 0 0 379.418 309806 138020 1.22938e+06 393657 0 0 0 0 0 0 0 0 0 0 0 0 0 0 0 0 0 0 0 0 0 0 0 0 0 0 0 0 0 0 0 0 
0 0 0 0 0 0 0 0 0 0 0 0 0 0 0 0 0 0 0 0 0 0 0 0 0 0 0 0 71095.4 33107.4 179031 309461 256043 0 0 0 0 0 0 0 0 0 0 0 0 0 0 0 0 0 0 0 0 0 0 0 0 0 0 0 0 0 0 0 0 
0 0 0 0 0 0 0 0 0 0 0 0 0 0 0 0 0 0 0 0 0 0 0 0 0 0 0 0 0 953.086 124149 37580.4 211008 0 0 0 0 0 0 0 0 0 0 0 0 0 0 0 0 0 0 0 0 0 0 0 0 0 0 0 0 0 0 0 0 
0 0 0 0 0 0 0 0 0 0 0 0 0 0 0 0 0 0 0 0 0 0 0 0 0 0 0 0 0 0 24787.1 3847.61 68220.9 0 0 0 0 0 0 0 0 0 0 0 0 0 0 0 0 0 0 0 0 0 0 0 0 0 0 0 0 0 0 0 0 
0 0 0 0 0 0 0 0 0 0 0 0 0 0 0 0 0 0 0 0 0 0 0 0 0 0 0 0 0 9806.26 1273.27 20680.5 7717.18 0 0 0 0 0 0 0 0 0 0 0 0 0 0 0 0 0 0 0 0 0 0 0 0 0 0 0 0 0 0 0 0 
0 0 0 0 0 0 0 0 0 0 0 0 0 0 0 0 0 0 0 0 0 0 0 0 0 0 0 0 0 0 0 9927.1 479.941 0 0 0 0 0 0 0 0 0 0 0 0 0 0 0 0 0 0 0 0 0 0 0 0 0 0 0 0 0 0 0 0 
0 0 0 0 0 0 0 0 0 0 0 0 0 0 0 0 0 0 0 0 0 0 0 0 0 0 0 0 0 0 0 953.458 0 0 0 0 0 0 0 0 0 0 0 0 0 0 0 0 0 0 0 0 0 0 0 0 0 0 0 0 0 0 0 0 0 
0 0 0 0 0 0 0 0 0 0 0 0 0 0 0 0 0 0 0 0 0 0 0 0 0 0 0 0 0 0 980.626 0 1654.16 0 0 0 0 0 0 0 0 0 0 0 0 0 0 0 0 0 0 0 0 0 0 0 0 0 0 0 0 0 0 0 0 
0 0 0 0 0 0 0 0 0 0 0 0 0 0 0 0 0 0 0 0 0 0 0 0 0 0 0 0 0 0 0 0 381.675 0 0 0 0 0 0 0 0 0 0 0 0 0 0 0 0 0 0 0 0 0 0 0 0 0 0 0 0 0 0 0 0 
0 0 0 0 0 0 0 0 0 0 0 0 0 0 0 0 0 0 0 0 0 0 0 0 0 0 0 0 0 0 0 0 0 0 0 0 0 0 0 0 0 0 0 0 0 0 0 0 0 0 0 0 0 0 0 0 0 0 0 0 0 0 0 0 0 
0 0 0 0 0 0 0 0 0 0 0 0 0 0 0 0 0 0 0 0 0 0 0 0 0 0 0 0 0 0 0 63.2662 0 0 0 0 0 0 0 0 0 0 0 0 0 0 0 0 0 0 0 0 0 0 0 0 0 0 0 0 0 0 0 0 0 
0 0 0 0 0 0 0 0 0 0 0 0 0 0 0 0 0 0 0 0 0 0 0 0 0 0 0 0 0 0 0 0 0 0 0 0 0 0 0 0 0 0 0 0 0 0 0 0 0 0 0 0 0 0 0 0 0 0 0 0 0 0 0 0 0 
0 0 0 0 0 0 0 0 0 0 0 0 0 0 0 0 0 0 0 0 0 0 0 0 0 0 0 0 0 0 0 0 0 0 0 0 0 0 0 0 0 0 0 0 0 0 0 0 0 0 0 0 0 0 0 0 0 0 0 0 0 0 0 0 0 
0 0 0 0 0 0 0 0 0 0 0 0 0 0 0 0 0 0 0 0 0 0 0 0 0 0 0 0 0 0 0 0 1.97707 0 0 0 0 0 0 0 0 0 0 0 0 0 0 0 0 0 0 0 0 0 0 0 0 0 0 0 0 0 0 0 0 
