1 0 0 0 0 0 0 0 0 0 0 0 0 0 0 0 0 0 0 0 0 0 0 0 0 0 0 0 0 0 0 0 0 0 0 0 0 0 0 0 0 0 0 0 0 0 0 0 0 0 0 0 0 0 0 0 0 0 0 0 0 0 0 0 1 
0 0 0 0 0 0 0 0 0 0 0 0 0 0 0 0 0 0 0 0 0 0 0 0 0 0 0 0 0 0 0 0 0 0 0 0 0 0 0 0 0 0 0 0 0 0 0 0 0 0 0 0 0 0 0 0 0 0 0 0 0 0 0 0 0 
0 0 0 0 0 0 0 0 0 0 0 0 0 0 0 0 0 0 0 0 0 0 0 0 0 0 0 0 0 0 0 0 0 0 0 0 0 0 0 0 0 0 0 0 0 0 0 0 0 0 0 0 0 0 0 0 0 0 0 0 0 0 0 0 0 
0 64 0 0 0 0 0 0 0 0 0 0 0 0 0 0 0 0 0 0 0 0 0 0 0 0 0 0 0 0 0 0 0 0 0 0 0 0 0 0 0 0 0 0 0 0 0 0 0 0 0 0 0 0 0 0 0 0 0 0 0 0 0 0 0 
0 0 0 0 0 0 0 0 0 0 0 0 0 0 0 0 0 0 0 0 0 0 0 0 0 0 0 0 0 0 0 0 0 0 0 0 0 0 0 0 0 0 0 0 0 0 0 0 0 0 0 0 0 0 0 0 0 0 0 0 0 0 0 0 0 
0 0 192 0 0 0 0 0 0 0 0 0 0 0 0 0 0 0 0 0 0 0 0 0 0 0 0 0 0 0 0 0 0 0 0 0 0 0 0 0 0 0 0 0 0 0 0 0 0 0 0 0 0 0 0 0 0 0 0 0 0 0 0 0 0 
0 0 1824 0 0 0 0 0 0 0 0 0 0 0 0 0 0 0 0 0 0 0 0 0 0 0 0 0 0 0 0 0 0 0 0 0 0 0 0 0 0 0 0 0 0 0 0 0 0 0 0 0 0 0 0 0 0 0 0 0 0 0 0 0 0 
0 0 0 957.619 0 0 0 0 0 0 0 0 0 0 0 0 0 0 0 0 0 0 0 0 0 0 0 0 0 0 0 0 0 0 0 0 0 0 0 0 0 0 0 0 0 0 0 0 0 0 0 0 0 0 0 0 0 0 0 0 0 0 0 0 0 
0 0 0 9988.76 239.405 0 0 0 0 0 0 0 0 0 0 0 0 0 0 0 0 0 0 0 0 0 0 0 0 0 0 0 0 0 0 0 0 0 0 0 0 0 0 0 0 0 0 0 0 0 0 0 0 0 0 0 0 0 0 0 0 0 0 0 0 
0 0 0 30717.6 5135.86 0 0 0 0 0 0 0 0 0 0 0 0 0 0 0 0 0 0 0 0 0 0 0 0 0 0 0 0 0 0 0 0 0 0 0 0 0 0 0 0 0 0 0 0 0 0 0 0 0 0 0 0 0 0 0 0 0 0 0 0 
0 0 0 0 59119.2 3860.42 0 0 0 0 0 0 0 0 0 0 0 0 0 0 0 0 0 0 0 0 0 0 0 0 0 0 0 0 0 0 0 0 0 0 0 0 0 0 0 0 0 0 0 0 0 0 0 0 0 0 0 0 0 0 0 0 0 0 0 
0 0 0 0 228468 38474 1933.73 0 0 0 0 0 0 0 0 0 0 0 0 0 0 0 0 0 0 0 0 0 0 0 0 0 0 0 0 0 0 0 0 0 0 0 0 0 0 0 0 0 0 0 0 0 0 0 0 0 0 0 0 0 0 0 0 0 0 
0 0 0 0 342413 341863 37226 1290.5 161.312 0 0 0 0 0 0 0 0 0 0 0 0 0 0 0 0 0 0 0 0 0 0 0 0 0 0 0 0 0 0 0 0 0 0 0 0 0 0 0 0 0 0 0 0 0 0 0 0 0 0 0 0 0 0 0 0 
0 0 0 0 0 1.50484e+06 334691 37334.7 0 0 0 0 0 0 0 0 0 0 0 0 0 0 0 0 0 0 0 0 0 0 0 0 0 0 0 0 0 0 0 0 0 0 0 0 0 0 0 0 0 0 0 0 0 0 0 0 0 0 0 0 0 0 0 0 0 
0 0 0 0 0 3.05296e+06 2.11923e+06 365926 46139.4 3872.92 0 0 0 0 0 0 0 0 0 0 0 0 0 0 0 0 0 0 0 0 0 0 0 0 0 0 0 0 0 0 0 0 0 0 0 0 0 0 0 0 0 0 0 0 0 0 0 0 0 0 0 0 0 0 0 
0 0 0 0 0 2.68251e+06 9.08009e+06 2.71765e+06 459998 42620.4 5777.98 0 0 0 0 0 0 0 0 0 0 0 0 0 0 0 0 0 0 0 0 0 0 0 0 0 0 0 0 0 0 0 0 0 0 0 0 0 0 0 0 0 0 0 0 0 0 0 0 0 0 0 0 0 0 
0 0 0 0 0 0 2.14092e+07 1.40871e+07 3.58578e+06 699620 81120.8 11612.8 1451.22 0 0 0 61.525 0 0 0 0 0 0 0 0 0 0 0 0 0 0 0 12.0304 0 0 0 0 0 0 0 0 0 0 0 0 0 0 0 0 0 0 0 0 0 0 0 0 0 0 0 0 0 0 0 0 
0 0 0 0 0 0 2.66603e+07 5.33776e+07 2.08482e+07 5.2456e+06 1.10059e+06 159924 15226.5 5734.31 1929.67 984.4 0 0 0 0 0 0 0 0 0 0 0 0 0 0 0 0 0 0 0 0 0 0 0 0 0 0 0 0 0 0 0 0 0 0 0 0 0 0 0 0 0 0 0 0 0 0 0 0 0 
0 0 0 0 0 0 1.53317e+07 1.30806e+08 9.34614e+07 3.1826e+07 8.39421e+06 1.94027e+06 403756 50078.8 5453.33 0 0 1936.48 0 0 0 0 0 0 0 0 0 0 0 0 0 384.974 0 0 0 0 0 0 0 0 0 0 0 0 0 0 0 0 0 0 0 0 0 0 0 0 0 0 0 0 0 0 0 0 0 
0 0 0 0 0 0 0 1.92557e+08 3.12157e+08 1.55587e+08 5.35161e+07 1.54044e+07 3.71034e+06 871819 210294 54311 29002.6 968.817 3852.87 0 0 0 0 0 0 0 0 0 0 0 960.419 0 0 0 0 0 0 0 0 0 0 0 0 0 0 0 0 0 0 0 0 0 0 0 0 0 0 0 0 0 0 0 0 0 0 
0 0 0 0 0 0 0 1.61776e+08 7.39845e+08 5.984e+08 2.626e+08 9.32093e+07 3.04641e+07 8.50899e+06 2.16515e+06 606695 129235 53992.1 28102.3 11690.1 2930.97 0 0 0 479.848 0 0 0 964.327 3829.33 5006.68 0 11940.9 0 0 0 0 0 0 0 0 0 0 0 0 0 0 0 0 0 0 0 0 0 0 0 0 0 0 0 0 0 0 0 0 
0 0 0 0 0 0 0 6.54899e+07 1.1648e+09 1.78643e+09 1.09714e+09 4.76424e+08 1.78875e+08 6.30651e+07 2.01368e+07 6.01425e+06 1.99778e+06 817831 243843 136409 31222.9 23224.5 11530.8 7776.78 0 3844.91 5801.68 11541.8 15340.6 21153.9 0 28833.2 385.625 0 0 0 0 0 0 0 0 0 0 0 0 0 0 0 0 0 0 0 0 0 0 0 0 0 0 0 0 0 0 0 0 
0 0 0 0 0 0 0 0 1.17094e+09 3.96985e+09 3.68222e+09 2.02389e+09 9.05722e+08 3.69001e+08 1.41726e+08 5.12826e+07 1.80284e+07 6.26237e+06 2.78135e+06 1.14168e+06 746807 258853 124869 79195.2 92766.7 87034.5 76601.8 74783.4 93487.4 61907.9 111272 152171 68540.8 0 0 0 0 0 0 0 0 0 0 0 0 0 0 0 0 0 0 0 0 0 0 0 0 0 0 0 0 0 0 0 0 
0 0 0 0 0 0 0 0 7.06666e+08 6.29296e+09 9.81918e+09 7.24641e+09 3.88334e+09 1.82921e+09 8.06035e+08 3.37704e+08 1.36064e+08 5.45645e+07 2.26959e+07 1.04688e+07 4.76875e+06 2.89899e+06 1.76016e+06 1.07133e+06 727203 470977 533046 528720 493139 434108 686299 266725 712623 0 0 0 0 0 0 0 0 0 0 0 0 0 0 0 0 0 0 0 0 0 0 0 0 0 0 0 0 0 0 0 0 
0 0 0 0 0 0 0 0 2.13354e+08 6.865e+09 2.02497e+10 2.14541e+10 1.43095e+10 7.75295e+09 3.86449e+09 1.8371e+09 8.52927e+08 3.8423e+08 1.71833e+08 7.94513e+07 3.99381e+07 2.18851e+07 1.21557e+07 7.74393e+06 5.14177e+06 4.62181e+06 3.5191e+06 3.13453e+06 2.59308e+06 3.36866e+06 2.33689e+06 2.9828e+06 2.95475e+06 0 0 0 0 0 0 0 0 0 0 0 0 0 0 0 0 0 0 0 0 0 0 0 0 0 0 0 0 0 0 0 0 
0 0 0 0 0 0 0 0 0 5.01289e+09 3.11443e+10 5.13468e+10 4.47416e+10 2.88477e+10 1.62489e+10 8.64258e+09 4.38655e+09 2.21507e+09 1.10247e+09 5.54639e+08 2.8597e+08 1.54053e+08 9.31817e+07 5.88403e+07 4.03387e+07 2.76823e+07 2.15724e+07 1.77478e+07 1.75691e+07 1.48743e+07 1.38752e+07 1.54711e+07 1.22431e+07 0 0 0 0 0 0 0 0 0 0 0 0 0 0 0 0 0 0 0 0 0 0 0 0 0 0 0 0 0 0 0 0 
0 0 0 0 0 0 0 0 0 2.28378e+09 3.49666e+10 9.7279e+10 1.17121e+11 9.27824e+10 5.99354e+10 3.52248e+10 1.99035e+10 1.0924e+10 5.94842e+09 3.25914e+09 1.8e+09 1.02552e+09 6.06401e+08 3.79135e+08 2.51649e+08 1.78729e+08 1.39216e+08 1.13931e+08 9.45555e+07 7.95243e+07 8.36899e+07 7.33661e+07 7.81214e+07 0 0 0 0 0 0 0 0 0 0 0 0 0 0 0 0 0 0 0 0 0 0 0 0 0 0 0 0 0 0 0 0 
0 0 0 0 0 0 0 0 0 5.37878e+08 2.80016e+10 1.42791e+11 2.52118e+11 2.5569e+11 1.94618e+11 1.28352e+11 7.92714e+10 4.7415e+10 2.79783e+10 1.64943e+10 9.78409e+09 5.9319e+09 3.68942e+09 2.35616e+09 1.59083e+09 1.13728e+09 8.35677e+08 6.62916e+08 5.37018e+08 4.94433e+08 4.35859e+08 4.14513e+08 4.05941e+08 0 0 0 0 0 0 0 0 0 0 0 0 0 0 0 0 0 0 0 0 0 0 0 0 0 0 0 0 0 0 0 0 
0 0 0 0 0 0 0 0 0 0 1.55649e+10 1.58929e+11 4.37812e+11 5.94274e+11 5.50186e+11 4.15239e+11 2.83201e+11 1.84006e+11 1.16691e+11 7.35196e+10 4.64992e+10 2.98043e+10 1.94239e+10 1.29814e+10 9.0177e+09 6.49639e+09 4.90295e+09 3.83042e+09 3.19407e+09 2.73939e+09 2.46918e+09 2.34942e+09 2.30511e+09 0 0 0 0 0 0 0 0 0 0 0 0 0 0 0 0 0 0 0 0 0 0 0 0 0 0 0 0 0 0 0 0 
0 0 0 0 0 0 0 0 0 0 5.55268e+09 1.32699e+11 6.04254e+11 1.15031e+12 1.33944e+12 1.1851e+12 9.02587e+11 6.37856e+11 4.35749e+11 2.93315e+11 1.9685e+11 1.3296e+11 9.11173e+10 6.39815e+10 4.59081e+10 3.39818e+10 2.61001e+10 2.08335e+10 1.734e+10 1.50007e+10 1.35756e+10 1.2714e+10 1.23917e+10 0 0 0 0 0 0 0 0 0 0 0 0 0 0 0 0 0 0 0 0 0 0 0 0 0 0 0 0 0 0 0 0 
0 0 0 0 0 0 0 0 0 0 1.06915e+09 8.14035e+10 6.53568e+11 1.82529e+12 2.77112e+12 2.95375e+12 2.57125e+12 2.00364e+12 1.47391e+12 1.05537e+12 7.47259e+11 5.33264e+11 3.8232e+11 2.7894e+11 2.07521e+11 1.59175e+11 1.25437e+11 1.02383e+11 8.61161e+10 7.52855e+10 6.80888e+10 6.45629e+10 6.36366e+10 0 0 0 0 0 0 0 0 0 0 0 0 0 0 0 0 0 0 0 0 0 0 0 0 0 0 0 0 0 0 0 0 
0 0 0 0 0 0 0 0 0 0 0 3.57859e+10 5.49015e+11 2.35406e+12 4.8271e+12 6.37223e+12 6.47287e+12 5.63325e+12 4.50523e+12 3.44721e+12 2.59675e+12 1.93349e+12 1.45156e+12 1.10272e+12 8.52567e+11 6.6989e+11 5.42291e+11 4.50732e+11 3.85924e+11 3.42661e+11 3.13382e+11 2.97562e+11 2.9199e+11 0 0 0 0 0 0 0 0 0 0 0 0 0 0 0 0 0 0 0 0 0 0 0 0 0 0 0 0 0 0 0 0 
0 0 0 0 0 0 0 0 0 0 0 1.03453e+10 3.54358e+11 2.43631e+12 7.00184e+12 1.17856e+13 1.4275e+13 1.41621e+13 1.2474e+13 1.0272e+13 8.19329e+12 6.43033e+12 5.02781e+12 3.96407e+12 3.1684e+12 2.56803e+12 2.12737e+12 1.80798e+12 1.57392e+12 1.4181e+12 1.31004e+12 1.2478e+12 1.22835e+12 0 0 0 0 0 0 0 0 0 0 0 0 0 0 0 0 0 0 0 0 0 0 0 0 0 0 0 0 0 0 0 0 
0 0 0 0 0 0 0 0 0 0 0 1.70608e+09 1.72559e+11 2.01285e+12 8.36753e+12 1.84692e+13 2.73488e+13 3.14777e+13 3.09916e+13 2.77955e+13 2.3599e+13 1.95332e+13 1.6017e+13 1.31037e+13 1.07958e+13 9.00409e+12 7.64798e+12 6.61994e+12 5.88427e+12 5.33868e+12 4.97586e+12 4.78175e+12 4.70345e+12 0 0 0 0 0 0 0 0 0 0 0 0 0 0 0 0 0 0 0 0 0 0 0 0 0 0 0 0 0 0 0 0 
0 0 0 0 0 0 0 0 0 0 0 0 6.211e+10 1.31977e+12 8.21282e+12 2.43947e+13 4.50963e+13 6.14564e+13 6.87428e+13 6.79555e+13 6.22118e+13 5.45455e+13 4.67816e+13 3.97981e+13 3.39526e+13 2.9146e+13 2.53728e+13 2.24028e+13 2.01617e+13 1.85901e+13 1.7486e+13 1.68035e+13 1.66109e+13 0 0 0 0 0 0 0 0 0 0 0 0 0 0 0 0 0 0 0 0 0 0 0 0 0 0 0 0 0 0 0 0 
0 0 0 0 0 0 0 0 0 0 0 0 1.50079e+10 6.81278e+11 6.57007e+12 2.69852e+13 6.37627e+13 1.04571e+14 1.34981e+14 1.48978e+14 1.48594e+14 1.39307e+14 1.25993e+14 1.11868e+14 9.86534e+13 8.73462e+13 7.76228e+13 7.01499e+13 6.41846e+13 5.97485e+13 5.66215e+13 5.48943e+13 5.43107e+13 0 0 0 0 0 0 0 0 0 0 0 0 0 0 0 0 0 0 0 0 0 0 0 0 0 0 0 0 0 0 0 0 
0 0 0 0 0 0 0 0 0 0 0 0 2.23922e+09 2.7275e+11 4.27826e+12 2.4868e+13 7.66176e+13 1.54256e+14 2.3331e+14 2.91201e+14 3.20188e+14 3.23966e+14 3.10896e+14 2.89502e+14 2.65355e+14 2.41684e+14 2.2091e+14 2.03311e+14 1.89139e+14 1.78167e+14 1.70459e+14 1.65974e+14 1.64667e+14 0 0 0 0 0 0 0 0 0 0 0 0 0 0 0 0 0 0 0 0 0 0 0 0 0 0 0 0 0 0 0 0 
0 0 0 0 0 0 0 0 0 0 0 0 0 8.28446e+10 2.26394e+12 1.90662e+13 7.80035e+13 1.96099e+14 3.53089e+14 5.04869e+14 6.17906e+14 6.79879e+14 6.98755e+14 6.86516e+14 6.57526e+14 6.20129e+14 5.82624e+14 5.47794e+14 5.18911e+14 4.9492e+14 4.77768e+14 4.67671e+14 4.65571e+14 0 0 0 0 0 0 0 0 0 0 0 0 0 0 0 0 0 0 0 0 0 0 0 0 0 0 0 0 0 0 0 0 
0 0 0 0 0 0 0 0 0 0 0 0 0 1.72691e+10 9.64747e+11 1.21549e+13 6.72262e+13 2.14187e+14 4.64673e+14 7.72662e+14 1.0636e+15 1.28786e+15 1.42631e+15 1.48931e+15 1.49565e+15 1.46662e+15 1.42014e+15 1.36892e+15 1.31998e+15 1.28064e+15 1.25119e+15 1.22963e+15 1.2204e+15 0 0 0 0 0 0 0 0 0 0 0 0 0 0 0 0 0 0 0 0 0 0 0 0 0 0 0 0 0 0 0 0 
0 0 0 0 0 0 0 0 0 0 0 0 0 2.51165e+09 3.27702e+11 6.43853e+12 4.90039e+13 2.00588e+14 5.3208e+14 1.03703e+15 1.62695e+15 2.18547e+15 2.63205e+15 2.9379e+15 3.11253e+15 3.19178e+15 3.20009e+15 3.16642e+15 3.11927e+15 3.0645e+15 3.02271e+15 2.99751e+15 2.98579e+15 0 0 0 0 0 0 0 0 0 0 0 0 0 0 0 0 0 0 0 0 0 0 0 0 0 0 0 0 0 0 0 0 
0 0 0 0 0 0 0 0 0 0 0 0 0 0 8.66161e+10 2.83348e+12 3.02515e+13 1.60914e+14 5.27695e+14 1.22115e+15 2.19948e+15 3.30591e+15 4.36107e+15 5.24304e+15 5.89849e+15 6.33907e+15 6.60755e+15 6.74517e+15 6.79956e+15 6.80676e+15 6.79213e+15 6.77749e+15 6.76912e+15 0 0 0 0 0 0 0 0 0 0 0 0 0 0 0 0 0 0 0 0 0 0 0 0 0 0 0 0 0 0 0 0 
0 0 0 0 0 0 0 0 0 0 0 0 0 0 1.62061e+10 1.02852e+12 1.5793e+13 1.10826e+14 4.53199e+14 1.25824e+15 2.62443e+15 4.44864e+15 6.48224e+15 8.43747e+15 1.01429e+16 1.14939e+16 1.24917e+16 1.31815e+16 1.36318e+16 1.39219e+16 1.40894e+16 1.41685e+16 1.42162e+16 0 0 0 0 0 0 0 0 0 0 0 0 0 0 0 0 0 0 0 0 0 0 0 0 0 0 0 0 0 0 0 0 
0 0 0 0 0 0 0 0 0 0 0 0 0 0 2.49974e+09 3.05789e+11 7.02953e+12 6.56392e+13 3.38018e+14 1.13097e+15 2.76199e+15 5.32035e+15 8.6036e+15 1.2222e+16 1.57539e+16 1.89136e+16 2.15237e+16 2.35925e+16 2.51189e+16 2.6176e+16 2.68841e+16 2.72627e+16 2.73686e+16 0 0 0 0 0 0 0 0 0 0 0 0 0 0 0 0 0 0 0 0 0 0 0 0 0 0 0 0 0 0 0 0 
0 0 0 0 0 0 0 0 0 0 0 0 0 0 0 7.3031e+10 2.64784e+12 3.35002e+13 2.18739e+14 8.90978e+14 2.55637e+15 5.63825e+15 1.01886e+16 1.58723e+16 2.20668e+16 2.818e+16 3.37642e+16 3.84496e+16 4.22357e+16 4.50927e+16 4.69865e+16 4.81755e+16 4.85642e+16 0 0 0 0 0 0 0 0 0 0 0 0 0 0 0 0 0 0 0 0 0 0 0 0 0 0 0 0 0 0 0 0 
0 0 0 0 0 0 0 0 0 0 0 0 0 0 0 1.27727e+10 8.45818e+11 1.48353e+13 1.23742e+14 6.16005e+14 2.08635e+15 5.29727e+15 1.07693e+16 1.84681e+16 2.78572e+16 3.79583e+16 4.79172e+16 5.70639e+16 6.474e+16 7.08486e+16 7.52614e+16 7.78592e+16 7.87503e+16 0 0 0 0 0 0 0 0 0 0 0 0 0 0 0 0 0 0 0 0 0 0 0 0 0 0 0 0 0 0 0 0 
0 0 0 0 0 0 0 0 0 0 0 0 0 0 0 2.29057e+09 2.28374e+11 5.70129e+12 6.1277e+13 3.74413e+14 1.50675e+15 4.41174e+15 1.01283e+16 1.92318e+16 3.15168e+16 4.6104e+16 6.16162e+16 7.67462e+16 9.03723e+16 1.01512e+17 1.09883e+17 1.14951e+17 1.1658e+17 0 0 0 0 0 0 0 0 0 0 0 0 0 0 0 0 0 0 0 0 0 0 0 0 0 0 0 0 0 0 0 0 
0 0 0 0 0 0 0 0 0 0 0 0 0 0 0 0 5.14996e+10 1.90268e+12 2.67404e+13 2.01209e+14 9.64727e+14 3.27247e+15 8.50113e+15 1.79438e+16 3.21009e+16 5.05051e+16 7.16566e+16 9.35823e+16 1.144e+17 1.32368e+17 1.45896e+17 1.54456e+17 1.57354e+17 0 0 0 0 0 0 0 0 0 0 0 0 0 0 0 0 0 0 0 0 0 0 0 0 0 0 0 0 0 0 0 0 
0 0 0 0 0 0 0 0 0 0 0 0 0 0 0 0 8.83256e+09 5.52961e+11 1.0343e+13 9.62531e+13 5.49582e+14 2.16631e+15 6.39336e+15 1.49975e+16 2.94041e+16 4.98496e+16 7.52879e+16 1.03479e+17 1.3156e+17 1.56653e+17 1.76466e+17 1.88961e+17 1.93368e+17 0 0 0 0 0 0 0 0 0 0 0 0 0 0 0 0 0 0 0 0 0 0 0 0 0 0 0 0 0 0 0 0 
0 0 0 0 0 0 0 0 0 0 0 0 0 0 0 0 1.97414e+09 1.41664e+11 3.53948e+12 4.11689e+13 2.8069e+14 1.28523e+15 4.30486e+15 1.12873e+16 2.42476e+16 4.44444e+16 7.15689e+16 1.035e+17 1.37121e+17 1.68468e+17 1.93988e+17 2.10583e+17 2.1618e+17 0 0 0 0 0 0 0 0 0 0 0 0 0 0 0 0 0 0 0 0 0 0 0 0 0 0 0 0 0 0 0 0 
0 0 0 0 0 0 0 0 0 0 0 0 0 0 0 0 0 3.19571e+10 1.08655e+12 1.58464e+13 1.29255e+14 6.86987e+14 2.61791e+15 7.65039e+15 1.80602e+16 3.58054e+16 6.14855e+16 9.40194e+16 1.29845e+17 1.64911e+17 1.94e+17 2.13422e+17 2.20182e+17 0 0 0 0 0 0 0 0 0 0 0 0 0 0 0 0 0 0 0 0 0 0 0 0 0 0 0 0 0 0 0 0 
0 0 0 0 0 0 0 0 0 0 0 0 0 0 0 0 0 5.50682e+09 3.00489e+11 5.52427e+12 5.39927e+13 3.32835e+14 1.4429e+15 4.70092e+15 1.2186e+16 2.6144e+16 4.80985e+16 7.74569e+16 1.11841e+17 1.4658e+17 1.76673e+17 1.96837e+17 2.04263e+17 0 0 0 0 0 0 0 0 0 0 0 0 0 0 0 0 0 0 0 0 0 0 0 0 0 0 0 0 0 0 0 0 
0 0 0 0 0 0 0 0 0 0 0 0 0 0 0 0 0 1.59061e+09 7.68993e+10 1.76002e+12 2.05852e+13 1.47535e+14 7.24697e+14 2.63332e+15 7.49298e+15 1.7426e+16 3.41848e+16 5.82186e+16 8.77579e+16 1.18992e+17 1.46683e+17 1.65906e+17 1.7267e+17 0 0 0 0 0 0 0 0 0 0 0 0 0 0 0 0 0 0 0 0 0 0 0 0 0 0 0 0 0 0 0 0 
0 0 0 0 0 0 0 0 0 0 0 0 0 0 0 0 0 0 1.80873e+10 5.17567e+11 7.25886e+12 6.00509e+13 3.33616e+14 1.35093e+15 4.21219e+15 1.05905e+16 2.22203e+16 3.99834e+16 6.30189e+16 8.82312e+16 1.11465e+17 1.27864e+17 1.33712e+17 0 0 0 0 0 0 0 0 0 0 0 0 0 0 0 0 0 0 0 0 0 0 0 0 0 0 0 0 0 0 0 0 
0 0 0 0 0 0 0 0 0 0 0 0 0 0 0 0 0 0 3.13039e+09 1.4215e+11 2.37956e+12 2.27545e+13 1.42542e+14 6.3933e+14 2.18222e+15 5.92916e+15 1.32729e+16 2.52204e+16 4.14653e+16 6.01763e+16 7.77595e+16 9.03844e+16 9.49192e+16 0 0 0 0 0 0 0 0 0 0 0 0 0 0 0 0 0 0 0 0 0 0 0 0 0 0 0 0 0 0 0 0 
0 0 0 0 0 0 0 0 0 0 0 0 0 0 0 0 0 0 1.1828e+09 3.82113e+10 7.34881e+11 8.05217e+12 5.67396e+13 2.81693e+14 1.04907e+15 3.07094e+15 7.33585e+15 1.46851e+16 2.52121e+16 3.77878e+16 4.99707e+16 5.88849e+16 6.22087e+16 0 0 0 0 0 0 0 0 0 0 0 0 0 0 0 0 0 0 0 0 0 0 0 0 0 0 0 0 0 0 0 0 
0 0 0 0 0 0 0 0 0 0 0 0 0 0 0 0 0 0 0 9.47955e+09 2.1579e+11 2.70503e+12 2.13081e+13 1.16221e+14 4.7074e+14 1.4832e+15 3.76286e+15 7.92641e+15 1.42029e+16 2.19489e+16 2.97396e+16 3.552e+16 3.76842e+16 0 0 0 0 0 0 0 0 0 0 0 0 0 0 0 0 0 0 0 0 0 0 0 0 0 0 0 0 0 0 0 0 
0 0 0 0 0 0 0 0 0 0 0 0 0 0 0 0 0 0 0 1.60164e+09 6.13489e+10 8.7103e+11 7.62032e+12 4.54605e+13 1.99252e+14 6.71461e+14 1.80835e+15 4.00645e+15 7.46448e+15 1.19149e+16 1.64826e+16 1.99917e+16 2.13002e+16 0 0 0 0 0 0 0 0 0 0 0 0 0 0 0 0 0 0 0 0 0 0 0 0 0 0 0 0 0 0 0 0 
0 0 0 0 0 0 0 0 0 0 0 0 0 0 0 0 0 0 0 8.03613e+08 1.78255e+10 2.72925e+11 2.61261e+12 1.69763e+13 8.00508e+13 2.8774e+14 8.21118e+14 1.90616e+15 3.68747e+15 6.05909e+15 8.56637e+15 1.05075e+16 1.1241e+16 0 0 0 0 0 0 0 0 0 0 0 0 0 0 0 0 0 0 0 0 0 0 0 0 0 0 0 0 0 0 0 0 
0 0 0 0 0 0 0 0 0 0 0 0 0 0 0 0 0 0 0 0 4.56398e+09 8.20581e+10 8.70881e+11 6.13404e+12 3.09007e+13 1.1806e+14 3.5395e+14 8.58403e+14 1.72662e+15 2.91894e+15 4.20839e+15 5.22191e+15 5.60463e+15 0 0 0 0 0 0 0 0 0 0 0 0 0 0 0 0 0 0 0 0 0 0 0 0 0 0 0 0 0 0 0 0 
0 0 0 0 0 0 0 0 0 0 0 0 0 0 0 0 0 0 0 0 7.24541e+08 2.47167e+10 2.87186e+11 2.15399e+12 1.15526e+13 4.65576e+13 1.46627e+14 3.70748e+14 7.68778e+14 1.33661e+15 1.96192e+15 2.46518e+15 2.65971e+15 0 0 0 0 0 0 0 0 0 0 0 0 0 0 0 0 0 0 0 0 0 0 0 0 0 0 0 0 0 0 0 0 
0 0 0 0 0 0 0 0 0 0 0 0 0 0 0 0 0 0 0 0 4.93542e+08 7.74542e+09 9.2934e+10 7.42012e+11 4.22941e+12 1.78621e+13 5.87574e+13 1.54378e+14 3.30893e+14 5.86618e+14 8.78968e+14 1.11423e+15 1.20565e+15 0 0 0 0 0 0 0 0 0 0 0 0 0 0 0 0 0 0 0 0 0 0 0 0 0 0 0 0 0 0 0 0 
0 0 0 0 0 0 0 0 0 0 0 0 0 0 0 0 0 0 0 0 0 1.96884e+09 2.86572e+10 2.54552e+11 1.52428e+12 6.72979e+12 2.29156e+13 6.22745e+13 1.37422e+14 2.49505e+14 3.79706e+14 4.85657e+14 5.2656e+14 0 0 0 0 0 0 0 0 0 0 0 0 0 0 0 0 0 0 0 0 0 0 0 0 0 0 0 0 0 0 0 0 
0 0 0 0 0 0 0 0 0 0 0 0 0 0 0 0 0 0 0 0 0 2.83483e+08 9.27514e+09 8.76512e+10 5.44222e+11 2.50359e+12 8.84973e+12 2.47056e+13 5.57161e+13 1.0353e+14 1.59442e+14 2.06349e+14 2.24212e+14 0 0 0 0 0 0 0 0 0 0 0 0 0 0 0 0 0 0 0 0 0 0 0 0 0 0 0 0 0 0 0 0 
0 0 0 0 0 0 0 0 0 0 0 0 0 0 0 0 0 0 0 0 0 2.71405e+08 3.0782e+09 2.88647e+10 1.91777e+11 9.28784e+11 3.37114e+12 9.68793e+12 2.23145e+13 4.21182e+13 6.57657e+13 8.56017e+13 9.32668e+13 0 0 0 0 0 0 0 0 0 0 0 0 0 0 0 0 0 0 0 0 0 0 0 0 0 0 0 0 0 0 0 0 
0 0 0 0 0 0 0 0 0 0 0 0 0 0 0 0 0 0 0 0 0 0 7.46675e+08 9.07786e+09 6.88335e+10 3.43489e+11 1.28268e+12 3.76128e+12 8.84738e+12 1.69465e+13 2.67727e+13 3.50734e+13 3.83575e+13 0 0 0 0 0 0 0 0 0 0 0 0 0 0 0 0 0 0 0 0 0 0 0 0 0 0 0 0 0 0 0 0 
0 0 0 0 0 0 0 0 0 0 0 0 0 0 0 0 0 0 0 0 0 0 9.44333e+07 3.20252e+09 2.45068e+10 1.25035e+11 4.87256e+11 1.46577e+12 3.50216e+12 6.79766e+12 1.0824e+13 1.4259e+13 1.56527e+13 0 0 0 0 0 0 0 0 0 0 0 0 0 0 0 0 0 0 0 0 0 0 0 0 0 0 0 0 0 0 0 0 
0 0 0 0 0 0 0 0 0 0 0 0 0 0 0 0 0 0 0 0 0 0 1.32207e+08 1.09742e+09 7.98681e+09 4.53024e+10 1.85675e+11 5.69331e+11 1.38351e+12 2.72959e+12 4.38424e+12 5.80908e+12 6.36663e+12 0 0 0 0 0 0 0 0 0 0 0 0 0 0 0 0 0 0 0 0 0 0 0 0 0 0 0 0 0 0 0 0 
0 0 0 0 0 0 0 0 0 0 0 0 0 0 0 0 0 0 0 0 0 0 0 2.42956e+08 2.58356e+09 1.70031e+10 6.9893e+10 2.19912e+11 5.49417e+11 1.08761e+12 1.77053e+12 2.35638e+12 2.58973e+12 0 0 0 0 0 0 0 0 0 0 0 0 0 0 0 0 0 0 0 0 0 0 0 0 0 0 0 0 0 0 0 0 
0 0 0 0 0 0 0 0 0 0 0 0 0 0 0 0 0 0 0 0 0 0 0 2.61298e+07 1.0104e+09 6.10519e+09 2.5532e+10 8.57419e+10 2.172e+11 4.36649e+11 7.18902e+11 9.58024e+11 1.05774e+12 0 0 0 0 0 0 0 0 0 0 0 0 0 0 0 0 0 0 0 0 0 0 0 0 0 0 0 0 0 0 0 0 
0 0 0 0 0 0 0 0 0 0 0 0 0 0 0 0 0 0 0 0 0 0 0 5.65349e+07 3.41902e+08 1.90022e+09 9.6369e+09 3.33683e+10 8.4553e+10 1.76546e+11 2.90042e+11 3.92233e+11 4.31283e+11 0 0 0 0 0 0 0 0 0 0 0 0 0 0 0 0 0 0 0 0 0 0 0 0 0 0 0 0 0 0 0 0 
0 0 0 0 0 0 0 0 0 0 0 0 0 0 0 0 0 0 0 0 0 0 0 0 6.61873e+07 6.62781e+08 3.78074e+09 1.24012e+10 3.34785e+10 7.06646e+10 1.1677e+11 1.60427e+11 1.75094e+11 0 0 0 0 0 0 0 0 0 0 0 0 0 0 0 0 0 0 0 0 0 0 0 0 0 0 0 0 0 0 0 0 
0 0 0 0 0 0 0 0 0 0 0 0 0 0 0 0 0 0 0 0 0 0 0 0 5.81423e+06 2.8743e+08 1.29453e+09 4.53468e+09 1.34498e+10 2.76227e+10 4.76413e+10 6.4749e+10 7.19029e+10 0 0 0 0 0 0 0 0 0 0 0 0 0 0 0 0 0 0 0 0 0 0 0 0 0 0 0 0 0 0 0 0 
0 0 0 0 0 0 0 0 0 0 0 0 0 0 0 0 0 0 0 0 0 0 0 0 2.10057e+07 9.05336e+07 3.81253e+08 1.84542e+09 5.13379e+09 1.08566e+10 1.94212e+10 2.57948e+10 2.95971e+10 0 0 0 0 0 0 0 0 0 0 0 0 0 0 0 0 0 0 0 0 0 0 0 0 0 0 0 0 0 0 0 0 
0 0 0 0 0 0 0 0 0 0 0 0 0 0 0 0 0 0 0 0 0 0 0 0 0 1.46034e+07 1.54439e+08 7.29582e+08 1.82252e+09 4.48385e+09 7.54815e+09 1.05905e+10 1.18034e+10 0 0 0 0 0 0 0 0 0 0 0 0 0 0 0 0 0 0 0 0 0 0 0 0 0 0 0 0 0 0 0 0 
0 0 0 0 0 0 0 0 0 0 0 0 0 0 0 0 0 0 0 0 0 0 0 0 0 1.00297e+06 7.17076e+07 2.22405e+08 7.10197e+08 1.79306e+09 2.87344e+09 4.4167e+09 4.56051e+09 0 0 0 0 0 0 0 0 0 0 0 0 0 0 0 0 0 0 0 0 0 0 0 0 0 0 0 0 0 0 0 0 
0 0 0 0 0 0 0 0 0 0 0 0 0 0 0 0 0 0 0 0 0 0 0 0 0 6.68664e+06 1.9682e+07 6.38427e+07 3.13951e+08 6.28394e+08 1.2028e+09 1.70484e+09 1.87231e+09 0 0 0 0 0 0 0 0 0 0 0 0 0 0 0 0 0 0 0 0 0 0 0 0 0 0 0 0 0 0 0 0 
0 0 0 0 0 0 0 0 0 0 0 0 0 0 0 0 0 0 0 0 0 0 0 0 0 0 2.5019e+06 3.31811e+07 1.15075e+08 2.19912e+08 5.14402e+08 6.11447e+08 8.10217e+08 0 0 0 0 0 0 0 0 0 0 0 0 0 0 0 0 0 0 0 0 0 0 0 0 0 0 0 0 0 0 0 0 
0 0 0 0 0 0 0 0 0 0 0 0 0 0 0 0 0 0 0 0 0 0 0 0 0 0 124709 1.50733e+07 2.87775e+07 1.00364e+08 1.84911e+08 2.49698e+08 3.12729e+08 0 0 0 0 0 0 0 0 0 0 0 0 0 0 0 0 0 0 0 0 0 0 0 0 0 0 0 0 0 0 0 0 
0 0 0 0 0 0 0 0 0 0 0 0 0 0 0 0 0 0 0 0 0 0 0 0 0 0 1.79651e+06 3.34308e+06 9.39795e+06 4.49541e+07 5.62161e+07 1.16722e+08 1.00669e+08 0 0 0 0 0 0 0 0 0 0 0 0 0 0 0 0 0 0 0 0 0 0 0 0 0 0 0 0 0 0 0 0 
0 0 0 0 0 0 0 0 0 0 0 0 0 0 0 0 0 0 0 0 0 0 0 0 0 0 0 311090 6.36898e+06 1.3448e+07 2.3275e+07 4.51509e+07 3.80139e+07 0 0 0 0 0 0 0 0 0 0 0 0 0 0 0 0 0 0 0 0 0 0 0 0 0 0 0 0 0 0 0 0 
0 0 0 0 0 0 0 0 0 0 0 0 0 0 0 0 0 0 0 0 0 0 0 0 0 0 0 9878.44 2.5204e+06 2.54284e+06 1.2641e+07 1.2285e+07 1.99277e+07 0 0 0 0 0 0 0 0 0 0 0 0 0 0 0 0 0 0 0 0 0 0 0 0 0 0 0 0 0 0 0 0 
0 0 0 0 0 0 0 0 0 0 0 0 0 0 0 0 0 0 0 0 0 0 0 0 0 0 0 398987 414666 1.3208e+06 4.8115e+06 3.71853e+06 8.65573e+06 0 0 0 0 0 0 0 0 0 0 0 0 0 0 0 0 0 0 0 0 0 0 0 0 0 0 0 0 0 0 0 0 
0 0 0 0 0 0 0 0 0 0 0 0 0 0 0 0 0 0 0 0 0 0 0 0 0 0 0 0 24866 1.02235e+06 1.00097e+06 2.39625e+06 2.28293e+06 0 0 0 0 0 0 0 0 0 0 0 0 0 0 0 0 0 0 0 0 0 0 0 0 0 0 0 0 0 0 0 0 
0 0 0 0 0 0 0 0 0 0 0 0 0 0 0 0 0 0 0 0 0 0 0 0 0 0 0 0 373.89 310819 137881 1.22994e+06 394679 0 0 0 0 0 0 0 0 0 0 0 0 0 0 0 0 0 0 0 0 0 0 0 0 0 0 0 0 0 0 0 0 
0 0 0 0 0 0 0 0 0 0 0 0 0 0 0 0 0 0 0 0 0 0 0 0 0 0 0 0 71239.9 33171.2 180401 310389 256571 0 0 0 0 0 0 0 0 0 0 0 0 0 0 0 0 0 0 0 0 0 0 0 0 0 0 0 0 0 0 0 0 
0 0 0 0 0 0 0 0 0 0 0 0 0 0 0 0 0 0 0 0 0 0 0 0 0 0 0 0 0 953.061 124340 37365 211401 0 0 0 0 0 0 0 0 0 0 0 0 0 0 0 0 0 0 0 0 0 0 0 0 0 0 0 0 0 0 0 0 
0 0 0 0 0 0 0 0 0 0 0 0 0 0 0 0 0 0 0 0 0 0 0 0 0 0 0 0 0 0 24861.9 3855.61 68256.4 0 0 0 0 0 0 0 0 0 0 0 0 0 0 0 0 0 0 0 0 0 0 0 0 0 0 0 0 0 0 0 0 
0 0 0 0 0 0 0 0 0 0 0 0 0 0 0 0 0 0 0 0 0 0 0 0 0 0 0 0 0 9826.19 1274.59 20793.6 7689.73 0 0 0 0 0 0 0 0 0 0 0 0 0 0 0 0 0 0 0 0 0 0 0 0 0 0 0 0 0 0 0 0 
0 0 0 0 0 0 0 0 0 0 0 0 0 0 0 0 0 0 0 0 0 0 0 0 0 0 0 0 0 0 0 9944.85 481.803 0 0 0 0 0 0 0 0 0 0 0 0 0 0 0 0 0 0 0 0 0 0 0 0 0 0 0 0 0 0 0 0 
0 0 0 0 0 0 0 0 0 0 0 0 0 0 0 0 0 0 0 0 0 0 0 0 0 0 0 0 0 0 0 956.084 0 0 0 0 0 0 0 0 0 0 0 0 0 0 0 0 0 0 0 0 0 0 0 0 0 0 0 0 0 0 0 0 0 
0 0 0 0 0 0 0 0 0 0 0 0 0 0 0 0 0 0 0 0 0 0 0 0 0 0 0 0 0 0 982.619 0 1661.89 0 0 0 0 0 0 0 0 0 0 0 0 0 0 0 0 0 0 0 0 0 0 0 0 0 0 0 0 0 0 0 0 
0 0 0 0 0 0 0 0 0 0 0 0 0 0 0 0 0 0 0 0 0 0 0 0 0 0 0 0 0 0 0 0 382.418 0 0 0 0 0 0 0 0 0 0 0 0 0 0 0 0 0 0 0 0 0 0 0 0 0 0 0 0 0 0 0 0 
0 0 0 0 0 0 0 0 0 0 0 0 0 0 0 0 0 0 0 0 0 0 0 0 0 0 0 0 0 0 0 0 0 0 0 0 0 0 0 0 0 0 0 0 0 0 0 0 0 0 0 0 0 0 0 0 0 0 0 0 0 0 0 0 0 
0 0 0 0 0 0 0 0 0 0 0 0 0 0 0 0 0 0 0 0 0 0 0 0 0 0 0 0 0 0 0 63.3948 0 0 0 0 0 0 0 0 0 0 0 0 0 0 0 0 0 0 0 0 0 0 0 0 0 0 0 0 0 0 0 0 0 
0 0 0 0 0 0 0 0 0 0 0 0 0 0 0 0 0 0 0 0 0 0 0 0 0 0 0 0 0 0 0 0 0 0 0 0 0 0 0 0 0 0 0 0 0 0 0 0 0 0 0 0 0 0 0 0 0 0 0 0 0 0 0 0 0 
0 0 0 0 0 0 0 0 0 0 0 0 0 0 0 0 0 0 0 0 0 0 0 0 0 0 0 0 0 0 0 0 0 0 0 0 0 0 0 0 0 0 0 0 0 0 0 0 0 0 0 0 0 0 0 0 0 0 0 0 0 0 0 0 0 
0 0 0 0 0 0 0 0 0 0 0 0 0 0 0 0 0 0 0 0 0 0 0 0 0 0 0 0 0 0 0 0 1.98109 0 0 0 0 0 0 0 0 0 0 0 0 0 0 0 0 0 0 0 0 0 0 0 0 0 0 0 0 0 0 0 0 
