1 0 0 0 0 0 0 0 0 0 0 0 0 0 0 0 0 0 0 0 0 0 0 0 0 0 0 0 0 0 0 0 0 0 0 0 0 0 0 0 0 0 0 0 0 0 0 0 0 0 0 0 0 0 0 0 0 0 0 0 0 0 0 0 1 
0 0 0 0 0 0 0 0 0 0 0 0 0 0 0 0 0 0 0 0 0 0 0 0 0 0 0 0 0 0 0 0 0 0 0 0 0 0 0 0 0 0 0 0 0 0 0 0 0 0 0 0 0 0 0 0 0 0 0 0 0 0 0 0 0 
0 0 0 0 0 0 0 0 0 0 0 0 0 0 0 0 0 0 0 0 0 0 0 0 0 0 0 0 0 0 0 0 0 0 0 0 0 0 0 0 0 0 0 0 0 0 0 0 0 0 0 0 0 0 0 0 0 0 0 0 0 0 0 0 0 
0 64 0 0 0 0 0 0 0 0 0 0 0 0 0 0 0 0 0 0 0 0 0 0 0 0 0 0 0 0 0 0 0 0 0 0 0 0 0 0 0 0 0 0 0 0 0 0 0 0 0 0 0 0 0 0 0 0 0 0 0 0 0 0 0 
0 0 0 0 0 0 0 0 0 0 0 0 0 0 0 0 0 0 0 0 0 0 0 0 0 0 0 0 0 0 0 0 0 0 0 0 0 0 0 0 0 0 0 0 0 0 0 0 0 0 0 0 0 0 0 0 0 0 0 0 0 0 0 0 0 
0 0 192 0 0 0 0 0 0 0 0 0 0 0 0 0 0 0 0 0 0 0 0 0 0 0 0 0 0 0 0 0 0 0 0 0 0 0 0 0 0 0 0 0 0 0 0 0 0 0 0 0 0 0 0 0 0 0 0 0 0 0 0 0 0 
0 0 1824 0 0 0 0 0 0 0 0 0 0 0 0 0 0 0 0 0 0 0 0 0 0 0 0 0 0 0 0 0 0 0 0 0 0 0 0 0 0 0 0 0 0 0 0 0 0 0 0 0 0 0 0 0 0 0 0 0 0 0 0 0 0 
0 0 0 961.891 0 0 0 0 0 0 0 0 0 0 0 0 0 0 0 0 0 0 0 0 0 0 0 0 0 0 0 0 0 0 0 0 0 0 0 0 0 0 0 0 0 0 0 0 0 0 0 0 0 0 0 0 0 0 0 0 0 0 0 0 0 
0 0 0 9980.22 240.473 0 0 0 0 0 0 0 0 0 0 0 0 0 0 0 0 0 0 0 0 0 0 0 0 0 0 0 0 0 0 0 0 0 0 0 0 0 0 0 0 0 0 0 0 0 0 0 0 0 0 0 0 0 0 0 0 0 0 0 0 
0 0 0 30721.9 5121.27 0 0 0 0 0 0 0 0 0 0 0 0 0 0 0 0 0 0 0 0 0 0 0 0 0 0 0 0 0 0 0 0 0 0 0 0 0 0 0 0 0 0 0 0 0 0 0 0 0 0 0 0 0 0 0 0 0 0 0 0 
0 0 0 0 59153.1 3838.98 0 0 0 0 0 0 0 0 0 0 0 0 0 0 0 0 0 0 0 0 0 0 0 0 0 0 0 0 0 0 0 0 0 0 0 0 0 0 0 0 0 0 0 0 0 0 0 0 0 0 0 0 0 0 0 0 0 0 0 
0 0 0 0 228440 38408.8 1919.54 0 0 0 0 0 0 0 0 0 0 0 0 0 0 0 0 0 0 0 0 0 0 0 0 0 0 0 0 0 0 0 0 0 0 0 0 0 0 0 0 0 0 0 0 0 0 0 0 0 0 0 0 0 0 0 0 0 0 
0 0 0 0 342421 341544 37195.8 1276.92 159.616 0 0 0 0 0 0 0 0 0 0 0 0 0 0 0 0 0 0 0 0 0 0 0 0 0 0 0 0 0 0 0 0 0 0 0 0 0 0 0 0 0 0 0 0 0 0 0 0 0 0 0 0 0 0 0 0 
0 0 0 0 0 1.50584e+06 335106 37530.3 0 0 0 0 0 0 0 0 0 0 0 0 0 0 0 0 0 0 0 0 0 0 0 0 0 0 0 0 0 0 0 0 0 0 0 0 0 0 0 0 0 0 0 0 0 0 0 0 0 0 0 0 0 0 0 0 0 
0 0 0 0 0 3.0523e+06 2.11933e+06 364739 46200.9 3852.47 0 0 0 0 0 0 0 0 0 0 0 0 0 0 0 0 0 0 0 0 0 0 0 0 0 0 0 0 0 0 0 0 0 0 0 0 0 0 0 0 0 0 0 0 0 0 0 0 0 0 0 0 0 0 0 
0 0 0 0 0 2.68258e+06 9.07718e+06 2.71185e+06 460031 42789.1 5696.65 0 0 0 0 0 0 0 0 0 0 0 0 0 0 0 0 0 0 0 0 0 0 0 0 0 0 0 0 0 0 0 0 0 0 0 0 0 0 0 0 0 0 0 0 0 0 0 0 0 0 0 0 0 0 
0 0 0 0 0 0 2.14144e+07 1.40838e+07 3.58179e+06 699101 80878.6 11611.9 1453.59 0 0 0 59.2854 0 0 0 0 0 0 0 0 0 0 0 0 0 0 0 11.9222 0 0 0 0 0 0 0 0 0 0 0 0 0 0 0 0 0 0 0 0 0 0 0 0 0 0 0 0 0 0 0 0 
0 0 0 0 0 0 2.66564e+07 5.33198e+07 2.08365e+07 5.25081e+06 1.10246e+06 161175 15345.9 5736.87 1918.65 948.566 0 0 0 0 0 0 0 0 0 0 0 0 0 0 0 0 0 0 0 0 0 0 0 0 0 0 0 0 0 0 0 0 0 0 0 0 0 0 0 0 0 0 0 0 0 0 0 0 0 
0 0 0 0 0 0 1.53328e+07 1.3093e+08 9.33514e+07 3.18178e+07 8.35264e+06 1.92738e+06 400620 50141.1 5195.6 0 0 1936.77 0 0 0 0 0 0 0 0 0 0 0 0 0 381.509 0 0 0 0 0 0 0 0 0 0 0 0 0 0 0 0 0 0 0 0 0 0 0 0 0 0 0 0 0 0 0 0 0 
0 0 0 0 0 0 0 1.92572e+08 3.12076e+08 1.55033e+08 5.33997e+07 1.53943e+07 3.71753e+06 868777 211566 54522.4 29153.4 966.379 3824.18 0 0 0 0 0 0 0 0 0 0 0 961.709 0 0 0 0 0 0 0 0 0 0 0 0 0 0 0 0 0 0 0 0 0 0 0 0 0 0 0 0 0 0 0 0 0 0 
0 0 0 0 0 0 0 1.61664e+08 7.40355e+08 5.98615e+08 2.62348e+08 9.31591e+07 3.03857e+07 8.54582e+06 2.16457e+06 605621 129457 53524.7 28081.1 11547.5 2878.83 0 0 0 480.054 0 0 0 956.574 3832.62 4951.69 0 11926 0 0 0 0 0 0 0 0 0 0 0 0 0 0 0 0 0 0 0 0 0 0 0 0 0 0 0 0 0 0 0 0 
0 0 0 0 0 0 0 6.5531e+07 1.16468e+09 1.78697e+09 1.09384e+09 4.75989e+08 1.78415e+08 6.29981e+07 1.99633e+07 5.99196e+06 1.98769e+06 818599 244750 137943 30871.6 23197.8 11533.6 7696.51 0 3822.57 5774.54 11576.9 15391.5 21186 0 28903.9 386.836 0 0 0 0 0 0 0 0 0 0 0 0 0 0 0 0 0 0 0 0 0 0 0 0 0 0 0 0 0 0 0 0 
0 0 0 0 0 0 0 0 1.17079e+09 3.97006e+09 3.68354e+09 2.02265e+09 9.05615e+08 3.68126e+08 1.41936e+08 5.11307e+07 1.8003e+07 6.23597e+06 2.79258e+06 1.14254e+06 745190 263249 123054 78443.2 92277.1 86995.9 76850.3 75342.1 93488.8 61217.2 111703 151921 67669.6 0 0 0 0 0 0 0 0 0 0 0 0 0 0 0 0 0 0 0 0 0 0 0 0 0 0 0 0 0 0 0 0 
0 0 0 0 0 0 0 0 7.06462e+08 6.29058e+09 9.82773e+09 7.24038e+09 3.87227e+09 1.82502e+09 8.02809e+08 3.3754e+08 1.35642e+08 5.4909e+07 2.28341e+07 1.05303e+07 4.82166e+06 2.90093e+06 1.74606e+06 1.07428e+06 726722 470972 532643 528825 492316 434194 688741 266532 704073 0 0 0 0 0 0 0 0 0 0 0 0 0 0 0 0 0 0 0 0 0 0 0 0 0 0 0 0 0 0 0 0 
0 0 0 0 0 0 0 0 2.13524e+08 6.86789e+09 2.02363e+10 2.14615e+10 1.42927e+10 7.75031e+09 3.85652e+09 1.8387e+09 8.50174e+08 3.83083e+08 1.71622e+08 7.9786e+07 4.01607e+07 2.19019e+07 1.21295e+07 7.70319e+06 5.13906e+06 4.6216e+06 3.52484e+06 3.1436e+06 2.57978e+06 3.39056e+06 2.34384e+06 2.94751e+06 2.91687e+06 0 0 0 0 0 0 0 0 0 0 0 0 0 0 0 0 0 0 0 0 0 0 0 0 0 0 0 0 0 0 0 0 
0 0 0 0 0 0 0 0 0 5.01388e+09 3.1144e+10 5.13002e+10 4.47907e+10 2.88707e+10 1.62436e+10 8.59987e+09 4.39155e+09 2.20784e+09 1.10322e+09 5.56996e+08 2.86974e+08 1.53535e+08 9.29472e+07 5.84375e+07 4.05787e+07 2.76868e+07 2.1505e+07 1.75318e+07 1.76248e+07 1.48973e+07 1.38011e+07 1.52908e+07 1.21602e+07 0 0 0 0 0 0 0 0 0 0 0 0 0 0 0 0 0 0 0 0 0 0 0 0 0 0 0 0 0 0 0 0 
0 0 0 0 0 0 0 0 0 2.28138e+09 3.49759e+10 9.73768e+10 1.17084e+11 9.27731e+10 5.98765e+10 3.52373e+10 1.98889e+10 1.09938e+10 5.97604e+09 3.25784e+09 1.79395e+09 1.02599e+09 6.00834e+08 3.78429e+08 2.52428e+08 1.79623e+08 1.38847e+08 1.13797e+08 9.50628e+07 8.02858e+07 8.2446e+07 7.25603e+07 7.76969e+07 0 0 0 0 0 0 0 0 0 0 0 0 0 0 0 0 0 0 0 0 0 0 0 0 0 0 0 0 0 0 0 0 
0 0 0 0 0 0 0 0 0 5.38379e+08 2.8011e+10 1.42733e+11 2.51977e+11 2.55332e+11 1.94548e+11 1.28238e+11 7.92927e+10 4.76396e+10 2.8096e+10 1.64657e+10 9.80196e+09 5.88827e+09 3.66704e+09 2.36402e+09 1.58773e+09 1.13617e+09 8.35285e+08 6.61377e+08 5.40218e+08 4.91559e+08 4.33469e+08 4.12606e+08 4.06271e+08 0 0 0 0 0 0 0 0 0 0 0 0 0 0 0 0 0 0 0 0 0 0 0 0 0 0 0 0 0 0 0 0 
0 0 0 0 0 0 0 0 0 0 1.55573e+10 1.58883e+11 4.37741e+11 5.94377e+11 5.49535e+11 4.1487e+11 2.82649e+11 1.83605e+11 1.16733e+11 7.35807e+10 4.67394e+10 2.97519e+10 1.94127e+10 1.29941e+10 9.01766e+09 6.46494e+09 4.88155e+09 3.84895e+09 3.18572e+09 2.736e+09 2.44348e+09 2.34271e+09 2.29698e+09 0 0 0 0 0 0 0 0 0 0 0 0 0 0 0 0 0 0 0 0 0 0 0 0 0 0 0 0 0 0 0 0 
0 0 0 0 0 0 0 0 0 0 5.54829e+09 1.32775e+11 6.04645e+11 1.15006e+12 1.33805e+12 1.18431e+12 9.02015e+11 6.37848e+11 4.35285e+11 2.93375e+11 1.96723e+11 1.33125e+11 9.09043e+10 6.36917e+10 4.57031e+10 3.41033e+10 2.61276e+10 2.08055e+10 1.73316e+10 1.49864e+10 1.35727e+10 1.27389e+10 1.23816e+10 0 0 0 0 0 0 0 0 0 0 0 0 0 0 0 0 0 0 0 0 0 0 0 0 0 0 0 0 0 0 0 0 
0 0 0 0 0 0 0 0 0 0 1.07004e+09 8.1417e+10 6.53569e+11 1.82596e+12 2.77278e+12 2.95604e+12 2.57123e+12 2.00077e+12 1.46866e+12 1.05332e+12 7.47711e+11 5.32549e+11 3.82905e+11 2.78373e+11 2.07968e+11 1.58851e+11 1.25112e+11 1.01931e+11 8.61318e+10 7.51785e+10 6.8169e+10 6.46118e+10 6.30826e+10 0 0 0 0 0 0 0 0 0 0 0 0 0 0 0 0 0 0 0 0 0 0 0 0 0 0 0 0 0 0 0 0 
0 0 0 0 0 0 0 0 0 0 0 3.5753e+10 5.48939e+11 2.3538e+12 4.82782e+12 6.36678e+12 6.4708e+12 5.63238e+12 4.49985e+12 3.44569e+12 2.5814e+12 1.93357e+12 1.45076e+12 1.10066e+12 8.51033e+11 6.69752e+11 5.41101e+11 4.49875e+11 3.86718e+11 3.41693e+11 3.12327e+11 2.96603e+11 2.92157e+11 0 0 0 0 0 0 0 0 0 0 0 0 0 0 0 0 0 0 0 0 0 0 0 0 0 0 0 0 0 0 0 0 
0 0 0 0 0 0 0 0 0 0 0 1.0338e+10 3.54197e+11 2.43667e+12 7.00031e+12 1.1787e+13 1.4273e+13 1.41591e+13 1.24769e+13 1.02656e+13 8.18723e+12 6.40932e+12 5.03175e+12 3.96735e+12 3.15744e+12 2.57243e+12 2.13074e+12 1.8099e+12 1.57275e+12 1.4142e+12 1.30892e+12 1.24412e+12 1.23017e+12 0 0 0 0 0 0 0 0 0 0 0 0 0 0 0 0 0 0 0 0 0 0 0 0 0 0 0 0 0 0 0 0 
0 0 0 0 0 0 0 0 0 0 0 1.70838e+09 1.72722e+11 2.01294e+12 8.37671e+12 1.84654e+13 2.73282e+13 3.14577e+13 3.10306e+13 2.78081e+13 2.35874e+13 1.95504e+13 1.6019e+13 1.30933e+13 1.08015e+13 9.0057e+12 7.65127e+12 6.63368e+12 5.89614e+12 5.3567e+12 4.98992e+12 4.78692e+12 4.70539e+12 0 0 0 0 0 0 0 0 0 0 0 0 0 0 0 0 0 0 0 0 0 0 0 0 0 0 0 0 0 0 0 0 
0 0 0 0 0 0 0 0 0 0 0 0 6.20174e+10 1.31963e+12 8.20324e+12 2.44219e+13 4.51642e+13 6.14672e+13 6.87289e+13 6.79986e+13 6.23204e+13 5.46002e+13 4.68121e+13 3.98226e+13 3.39453e+13 2.91258e+13 2.53674e+13 2.24381e+13 2.01921e+13 1.85564e+13 1.74794e+13 1.68608e+13 1.66396e+13 0 0 0 0 0 0 0 0 0 0 0 0 0 0 0 0 0 0 0 0 0 0 0 0 0 0 0 0 0 0 0 0 
0 0 0 0 0 0 0 0 0 0 0 0 1.50098e+10 6.81089e+11 6.56886e+12 2.69669e+13 6.37197e+13 1.04574e+14 1.34852e+14 1.4886e+14 1.48713e+14 1.39319e+14 1.26041e+14 1.12116e+14 9.86873e+13 8.72239e+13 7.77792e+13 7.00117e+13 6.41416e+13 5.98151e+13 5.67425e+13 5.49193e+13 5.42401e+13 0 0 0 0 0 0 0 0 0 0 0 0 0 0 0 0 0 0 0 0 0 0 0 0 0 0 0 0 0 0 0 0 
0 0 0 0 0 0 0 0 0 0 0 0 2.24047e+09 2.72836e+11 4.28163e+12 2.48597e+13 7.66039e+13 1.54247e+14 2.33355e+14 2.9117e+14 3.1994e+14 3.23692e+14 3.10432e+14 2.89029e+14 2.65333e+14 2.41733e+14 2.20892e+14 2.03223e+14 1.89012e+14 1.78396e+14 1.70507e+14 1.66229e+14 1.64829e+14 0 0 0 0 0 0 0 0 0 0 0 0 0 0 0 0 0 0 0 0 0 0 0 0 0 0 0 0 0 0 0 0 
0 0 0 0 0 0 0 0 0 0 0 0 0 8.27126e+10 2.26421e+12 1.9075e+13 7.80158e+13 1.96198e+14 3.53e+14 5.0489e+14 6.17705e+14 6.80555e+14 6.99978e+14 6.87781e+14 6.57028e+14 6.2027e+14 5.82452e+14 5.47828e+14 5.1869e+14 4.96143e+14 4.79362e+14 4.68799e+14 4.6481e+14 0 0 0 0 0 0 0 0 0 0 0 0 0 0 0 0 0 0 0 0 0 0 0 0 0 0 0 0 0 0 0 0 
0 0 0 0 0 0 0 0 0 0 0 0 0 1.728e+10 9.64373e+11 1.21464e+13 6.72534e+13 2.1412e+14 4.65097e+14 7.72486e+14 1.06381e+15 1.2876e+15 1.42643e+15 1.48959e+15 1.49556e+15 1.46831e+15 1.42141e+15 1.3713e+15 1.32054e+15 1.27905e+15 1.24736e+15 1.22742e+15 1.22217e+15 0 0 0 0 0 0 0 0 0 0 0 0 0 0 0 0 0 0 0 0 0 0 0 0 0 0 0 0 0 0 0 0 
0 0 0 0 0 0 0 0 0 0 0 0 0 2.51212e+09 3.27508e+11 6.4456e+12 4.89778e+13 2.00617e+14 5.31712e+14 1.03738e+15 1.62591e+15 2.18422e+15 2.62948e+15 2.93529e+15 3.11468e+15 3.1895e+15 3.19865e+15 3.16705e+15 3.11463e+15 3.06586e+15 3.02203e+15 2.9962e+15 2.99117e+15 0 0 0 0 0 0 0 0 0 0 0 0 0 0 0 0 0 0 0 0 0 0 0 0 0 0 0 0 0 0 0 0 
0 0 0 0 0 0 0 0 0 0 0 0 0 0 8.64917e+10 2.8342e+12 3.02375e+13 1.60829e+14 5.27829e+14 1.22117e+15 2.20111e+15 3.30308e+15 4.35839e+15 5.23949e+15 5.8974e+15 6.33935e+15 6.60754e+15 6.74769e+15 6.80767e+15 6.8026e+15 6.7955e+15 6.78486e+15 6.76867e+15 0 0 0 0 0 0 0 0 0 0 0 0 0 0 0 0 0 0 0 0 0 0 0 0 0 0 0 0 0 0 0 0 
0 0 0 0 0 0 0 0 0 0 0 0 0 0 1.61862e+10 1.02747e+12 1.58104e+13 1.10874e+14 4.53236e+14 1.25803e+15 2.62512e+15 4.45397e+15 6.47942e+15 8.43982e+15 1.01399e+16 1.14866e+16 1.24844e+16 1.31736e+16 1.36425e+16 1.39286e+16 1.40987e+16 1.41759e+16 1.4207e+16 0 0 0 0 0 0 0 0 0 0 0 0 0 0 0 0 0 0 0 0 0 0 0 0 0 0 0 0 0 0 0 0 
0 0 0 0 0 0 0 0 0 0 0 0 0 0 2.4989e+09 3.0504e+11 7.02831e+12 6.56207e+13 3.37913e+14 1.13125e+15 2.75925e+15 5.32094e+15 8.60905e+15 1.22172e+16 1.57458e+16 1.89146e+16 2.15215e+16 2.35965e+16 2.51034e+16 2.61737e+16 2.68777e+16 2.72836e+16 2.74004e+16 0 0 0 0 0 0 0 0 0 0 0 0 0 0 0 0 0 0 0 0 0 0 0 0 0 0 0 0 0 0 0 0 
0 0 0 0 0 0 0 0 0 0 0 0 0 0 0 7.30651e+10 2.64746e+12 3.35449e+13 2.18815e+14 8.90801e+14 2.55777e+15 5.63473e+15 1.01936e+16 1.5883e+16 2.2079e+16 2.81773e+16 3.37188e+16 3.84173e+16 4.22153e+16 4.50827e+16 4.70358e+16 4.81393e+16 4.85445e+16 0 0 0 0 0 0 0 0 0 0 0 0 0 0 0 0 0 0 0 0 0 0 0 0 0 0 0 0 0 0 0 0 
0 0 0 0 0 0 0 0 0 0 0 0 0 0 0 1.27817e+10 8.45849e+11 1.48174e+13 1.23701e+14 6.16108e+14 2.08659e+15 5.29545e+15 1.07626e+16 1.84749e+16 2.78529e+16 3.79615e+16 4.79763e+16 5.70452e+16 6.47496e+16 7.08674e+16 7.51588e+16 7.78517e+16 7.86837e+16 0 0 0 0 0 0 0 0 0 0 0 0 0 0 0 0 0 0 0 0 0 0 0 0 0 0 0 0 0 0 0 0 
0 0 0 0 0 0 0 0 0 0 0 0 0 0 0 2.29319e+09 2.27562e+11 5.6925e+12 6.12886e+13 3.7429e+14 1.50718e+15 4.41732e+15 1.01266e+16 1.92163e+16 3.1507e+16 4.61381e+16 6.16399e+16 7.67601e+16 9.03207e+16 1.01419e+17 1.09799e+17 1.14837e+17 1.16531e+17 0 0 0 0 0 0 0 0 0 0 0 0 0 0 0 0 0 0 0 0 0 0 0 0 0 0 0 0 0 0 0 0 
0 0 0 0 0 0 0 0 0 0 0 0 0 0 0 0 5.16488e+10 1.90245e+12 2.67487e+13 2.01268e+14 9.64301e+14 3.27184e+15 8.51404e+15 1.79349e+16 3.21139e+16 5.04428e+16 7.16258e+16 9.36829e+16 1.1448e+17 1.32382e+17 1.46006e+17 1.54326e+17 1.57325e+17 0 0 0 0 0 0 0 0 0 0 0 0 0 0 0 0 0 0 0 0 0 0 0 0 0 0 0 0 0 0 0 0 
0 0 0 0 0 0 0 0 0 0 0 0 0 0 0 0 8.83694e+09 5.53332e+11 1.03173e+13 9.62195e+13 5.49625e+14 2.16635e+15 6.38846e+15 1.50161e+16 2.93989e+16 4.98818e+16 7.53013e+16 1.03434e+17 1.31471e+17 1.56743e+17 1.7648e+17 1.89251e+17 1.93531e+17 0 0 0 0 0 0 0 0 0 0 0 0 0 0 0 0 0 0 0 0 0 0 0 0 0 0 0 0 0 0 0 0 
0 0 0 0 0 0 0 0 0 0 0 0 0 0 0 0 1.97164e+09 1.41407e+11 3.54342e+12 4.11709e+13 2.80573e+14 1.28388e+15 4.30636e+15 1.12911e+16 2.42576e+16 4.44352e+16 7.15216e+16 1.03477e+17 1.37203e+17 1.68523e+17 1.94018e+17 2.10677e+17 2.16295e+17 0 0 0 0 0 0 0 0 0 0 0 0 0 0 0 0 0 0 0 0 0 0 0 0 0 0 0 0 0 0 0 0 
0 0 0 0 0 0 0 0 0 0 0 0 0 0 0 0 0 3.1968e+10 1.08844e+12 1.58438e+13 1.29231e+14 6.86541e+14 2.61643e+15 7.64627e+15 1.80595e+16 3.58095e+16 6.15423e+16 9.3935e+16 1.29907e+17 1.6476e+17 1.94026e+17 2.13383e+17 2.20199e+17 0 0 0 0 0 0 0 0 0 0 0 0 0 0 0 0 0 0 0 0 0 0 0 0 0 0 0 0 0 0 0 0 
0 0 0 0 0 0 0 0 0 0 0 0 0 0 0 0 0 5.51463e+09 2.99633e+11 5.51202e+12 5.3953e+13 3.32985e+14 1.44089e+15 4.69937e+15 1.21938e+16 2.61716e+16 4.80837e+16 7.76017e+16 1.1175e+17 1.46626e+17 1.76603e+17 1.96733e+17 2.04139e+17 0 0 0 0 0 0 0 0 0 0 0 0 0 0 0 0 0 0 0 0 0 0 0 0 0 0 0 0 0 0 0 0 
0 0 0 0 0 0 0 0 0 0 0 0 0 0 0 0 0 1.58954e+09 7.68052e+10 1.76007e+12 2.0602e+13 1.47507e+14 7.23194e+14 2.63123e+15 7.48586e+15 1.74252e+16 3.41885e+16 5.81793e+16 8.78031e+16 1.19025e+17 1.46678e+17 1.65907e+17 1.72508e+17 0 0 0 0 0 0 0 0 0 0 0 0 0 0 0 0 0 0 0 0 0 0 0 0 0 0 0 0 0 0 0 0 
0 0 0 0 0 0 0 0 0 0 0 0 0 0 0 0 0 0 1.81039e+10 5.17886e+11 7.24736e+12 6.0081e+13 3.34128e+14 1.34997e+15 4.20927e+15 1.05796e+16 2.22265e+16 3.99739e+16 6.29881e+16 8.82966e+16 1.1157e+17 1.27923e+17 1.33801e+17 0 0 0 0 0 0 0 0 0 0 0 0 0 0 0 0 0 0 0 0 0 0 0 0 0 0 0 0 0 0 0 0 
0 0 0 0 0 0 0 0 0 0 0 0 0 0 0 0 0 0 3.1311e+09 1.41863e+11 2.37543e+12 2.27341e+13 1.42522e+14 6.39442e+14 2.18079e+15 5.9252e+15 1.32746e+16 2.52274e+16 4.14929e+16 6.01495e+16 7.76853e+16 9.03377e+16 9.49544e+16 0 0 0 0 0 0 0 0 0 0 0 0 0 0 0 0 0 0 0 0 0 0 0 0 0 0 0 0 0 0 0 0 
0 0 0 0 0 0 0 0 0 0 0 0 0 0 0 0 0 0 1.18382e+09 3.82114e+10 7.35471e+11 8.05659e+12 5.68552e+13 2.81687e+14 1.04754e+15 3.06661e+15 7.32195e+15 1.46802e+16 2.52053e+16 3.77565e+16 4.99824e+16 5.88816e+16 6.22387e+16 0 0 0 0 0 0 0 0 0 0 0 0 0 0 0 0 0 0 0 0 0 0 0 0 0 0 0 0 0 0 0 0 
0 0 0 0 0 0 0 0 0 0 0 0 0 0 0 0 0 0 0 9.48935e+09 2.15473e+11 2.70399e+12 2.13038e+13 1.166e+14 4.71013e+14 1.48249e+15 3.7621e+15 7.91773e+15 1.41998e+16 2.19565e+16 2.97545e+16 3.55586e+16 3.76591e+16 0 0 0 0 0 0 0 0 0 0 0 0 0 0 0 0 0 0 0 0 0 0 0 0 0 0 0 0 0 0 0 0 
0 0 0 0 0 0 0 0 0 0 0 0 0 0 0 0 0 0 0 1.60329e+09 6.13949e+10 8.70134e+11 7.60591e+12 4.54541e+13 1.99514e+14 6.71282e+14 1.80754e+15 4.00337e+15 7.45735e+15 1.19018e+16 1.64677e+16 1.99706e+16 2.13042e+16 0 0 0 0 0 0 0 0 0 0 0 0 0 0 0 0 0 0 0 0 0 0 0 0 0 0 0 0 0 0 0 0 
0 0 0 0 0 0 0 0 0 0 0 0 0 0 0 0 0 0 0 8.04893e+08 1.78008e+10 2.72887e+11 2.6104e+12 1.6973e+13 8.02343e+13 2.87871e+14 8.19453e+14 1.90537e+15 3.6832e+15 6.05707e+15 8.56213e+15 1.05044e+16 1.12383e+16 0 0 0 0 0 0 0 0 0 0 0 0 0 0 0 0 0 0 0 0 0 0 0 0 0 0 0 0 0 0 0 0 
0 0 0 0 0 0 0 0 0 0 0 0 0 0 0 0 0 0 0 0 4.56988e+09 8.18008e+10 8.68439e+11 6.10895e+12 3.08933e+13 1.18251e+14 3.54247e+14 8.60436e+14 1.7251e+15 2.91757e+15 4.19948e+15 5.21645e+15 5.60712e+15 0 0 0 0 0 0 0 0 0 0 0 0 0 0 0 0 0 0 0 0 0 0 0 0 0 0 0 0 0 0 0 0 
0 0 0 0 0 0 0 0 0 0 0 0 0 0 0 0 0 0 0 0 7.24485e+08 2.4748e+10 2.8696e+11 2.15164e+12 1.15113e+13 4.65609e+13 1.46857e+14 3.70608e+14 7.69523e+14 1.33418e+15 1.96443e+15 2.46108e+15 2.65532e+15 0 0 0 0 0 0 0 0 0 0 0 0 0 0 0 0 0 0 0 0 0 0 0 0 0 0 0 0 0 0 0 0 
0 0 0 0 0 0 0 0 0 0 0 0 0 0 0 0 0 0 0 0 4.94319e+08 7.74652e+09 9.27775e+10 7.40007e+11 4.2116e+12 1.78627e+13 5.8757e+13 1.54009e+14 3.30479e+14 5.87727e+14 8.77643e+14 1.11314e+15 1.2027e+15 0 0 0 0 0 0 0 0 0 0 0 0 0 0 0 0 0 0 0 0 0 0 0 0 0 0 0 0 0 0 0 0 
0 0 0 0 0 0 0 0 0 0 0 0 0 0 0 0 0 0 0 0 0 1.97176e+09 2.85609e+10 2.54138e+11 1.52095e+12 6.71556e+12 2.29754e+13 6.23897e+13 1.37255e+14 2.49309e+14 3.79236e+14 4.85875e+14 5.27227e+14 0 0 0 0 0 0 0 0 0 0 0 0 0 0 0 0 0 0 0 0 0 0 0 0 0 0 0 0 0 0 0 0 
0 0 0 0 0 0 0 0 0 0 0 0 0 0 0 0 0 0 0 0 0 2.8423e+08 9.27141e+09 8.74088e+10 5.42856e+11 2.49459e+12 8.83361e+12 2.4708e+13 5.57991e+13 1.03516e+14 1.59357e+14 2.05876e+14 2.24054e+14 0 0 0 0 0 0 0 0 0 0 0 0 0 0 0 0 0 0 0 0 0 0 0 0 0 0 0 0 0 0 0 0 
0 0 0 0 0 0 0 0 0 0 0 0 0 0 0 0 0 0 0 0 0 2.71406e+08 3.07785e+09 2.88351e+10 1.91291e+11 9.25905e+11 3.37634e+12 9.67417e+12 2.23614e+13 4.20479e+13 6.57672e+13 8.55892e+13 9.32468e+13 0 0 0 0 0 0 0 0 0 0 0 0 0 0 0 0 0 0 0 0 0 0 0 0 0 0 0 0 0 0 0 0 
0 0 0 0 0 0 0 0 0 0 0 0 0 0 0 0 0 0 0 0 0 0 7.46306e+08 9.05221e+09 6.85759e+10 3.41839e+11 1.28172e+12 3.76688e+12 8.85165e+12 1.69765e+13 2.67597e+13 3.50403e+13 3.83146e+13 0 0 0 0 0 0 0 0 0 0 0 0 0 0 0 0 0 0 0 0 0 0 0 0 0 0 0 0 0 0 0 0 
0 0 0 0 0 0 0 0 0 0 0 0 0 0 0 0 0 0 0 0 0 0 9.45789e+07 3.19808e+09 2.44175e+10 1.24489e+11 4.86054e+11 1.46329e+12 3.49479e+12 6.80341e+12 1.08523e+13 1.42941e+13 1.56092e+13 0 0 0 0 0 0 0 0 0 0 0 0 0 0 0 0 0 0 0 0 0 0 0 0 0 0 0 0 0 0 0 0 
0 0 0 0 0 0 0 0 0 0 0 0 0 0 0 0 0 0 0 0 0 0 1.32263e+08 1.09483e+09 7.96164e+09 4.50857e+10 1.8553e+11 5.67506e+11 1.38442e+12 2.72752e+12 4.36652e+12 5.8107e+12 6.35966e+12 0 0 0 0 0 0 0 0 0 0 0 0 0 0 0 0 0 0 0 0 0 0 0 0 0 0 0 0 0 0 0 0 
0 0 0 0 0 0 0 0 0 0 0 0 0 0 0 0 0 0 0 0 0 0 0 2.42842e+08 2.57688e+09 1.69482e+10 6.95388e+10 2.18937e+11 5.48667e+11 1.0877e+12 1.76951e+12 2.36001e+12 2.58957e+12 0 0 0 0 0 0 0 0 0 0 0 0 0 0 0 0 0 0 0 0 0 0 0 0 0 0 0 0 0 0 0 0 
0 0 0 0 0 0 0 0 0 0 0 0 0 0 0 0 0 0 0 0 0 0 0 2.61254e+07 1.0096e+09 6.07753e+09 2.5447e+10 8.55812e+10 2.16787e+11 4.36828e+11 7.17495e+11 9.57907e+11 1.06019e+12 0 0 0 0 0 0 0 0 0 0 0 0 0 0 0 0 0 0 0 0 0 0 0 0 0 0 0 0 0 0 0 0 
0 0 0 0 0 0 0 0 0 0 0 0 0 0 0 0 0 0 0 0 0 0 0 5.65802e+07 3.40868e+08 1.8985e+09 9.59552e+09 3.3346e+10 8.44406e+10 1.76243e+11 2.90039e+11 3.91239e+11 4.31375e+11 0 0 0 0 0 0 0 0 0 0 0 0 0 0 0 0 0 0 0 0 0 0 0 0 0 0 0 0 0 0 0 0 
0 0 0 0 0 0 0 0 0 0 0 0 0 0 0 0 0 0 0 0 0 0 0 0 6.61119e+07 6.59676e+08 3.76339e+09 1.22787e+10 3.33438e+10 7.05561e+10 1.16729e+11 1.59971e+11 1.74983e+11 0 0 0 0 0 0 0 0 0 0 0 0 0 0 0 0 0 0 0 0 0 0 0 0 0 0 0 0 0 0 0 0 
0 0 0 0 0 0 0 0 0 0 0 0 0 0 0 0 0 0 0 0 0 0 0 0 5.8068e+06 2.87244e+08 1.29297e+09 4.52773e+09 1.34176e+10 2.75146e+10 4.75217e+10 6.45442e+10 7.17367e+10 0 0 0 0 0 0 0 0 0 0 0 0 0 0 0 0 0 0 0 0 0 0 0 0 0 0 0 0 0 0 0 0 
0 0 0 0 0 0 0 0 0 0 0 0 0 0 0 0 0 0 0 0 0 0 0 0 2.10329e+07 9.03834e+07 3.79886e+08 1.83354e+09 5.11577e+09 1.08251e+10 1.93756e+10 2.57221e+10 2.96026e+10 0 0 0 0 0 0 0 0 0 0 0 0 0 0 0 0 0 0 0 0 0 0 0 0 0 0 0 0 0 0 0 0 
0 0 0 0 0 0 0 0 0 0 0 0 0 0 0 0 0 0 0 0 0 0 0 0 0 1.45883e+07 1.53939e+08 7.26983e+08 1.81194e+09 4.46773e+09 7.5174e+09 1.05582e+10 1.17903e+10 0 0 0 0 0 0 0 0 0 0 0 0 0 0 0 0 0 0 0 0 0 0 0 0 0 0 0 0 0 0 0 0 
0 0 0 0 0 0 0 0 0 0 0 0 0 0 0 0 0 0 0 0 0 0 0 0 0 1.00025e+06 7.16222e+07 2.22135e+08 7.05442e+08 1.7858e+09 2.87331e+09 4.40009e+09 4.54418e+09 0 0 0 0 0 0 0 0 0 0 0 0 0 0 0 0 0 0 0 0 0 0 0 0 0 0 0 0 0 0 0 0 
0 0 0 0 0 0 0 0 0 0 0 0 0 0 0 0 0 0 0 0 0 0 0 0 0 6.69782e+06 1.96283e+07 6.3709e+07 3.12827e+08 6.23796e+08 1.19863e+09 1.70078e+09 1.86401e+09 0 0 0 0 0 0 0 0 0 0 0 0 0 0 0 0 0 0 0 0 0 0 0 0 0 0 0 0 0 0 0 0 
0 0 0 0 0 0 0 0 0 0 0 0 0 0 0 0 0 0 0 0 0 0 0 0 0 0 2.49834e+06 3.30324e+07 1.14486e+08 2.18648e+08 5.13399e+08 6.10088e+08 8.08274e+08 0 0 0 0 0 0 0 0 0 0 0 0 0 0 0 0 0 0 0 0 0 0 0 0 0 0 0 0 0 0 0 0 
0 0 0 0 0 0 0 0 0 0 0 0 0 0 0 0 0 0 0 0 0 0 0 0 0 0 124699 1.50324e+07 2.87133e+07 9.99715e+07 1.8389e+08 2.48924e+08 3.11791e+08 0 0 0 0 0 0 0 0 0 0 0 0 0 0 0 0 0 0 0 0 0 0 0 0 0 0 0 0 0 0 0 0 
0 0 0 0 0 0 0 0 0 0 0 0 0 0 0 0 0 0 0 0 0 0 0 0 0 0 1.79926e+06 3.3346e+06 9.36497e+06 4.47766e+07 5.58973e+07 1.16281e+08 1.00536e+08 0 0 0 0 0 0 0 0 0 0 0 0 0 0 0 0 0 0 0 0 0 0 0 0 0 0 0 0 0 0 0 0 
0 0 0 0 0 0 0 0 0 0 0 0 0 0 0 0 0 0 0 0 0 0 0 0 0 0 0 310608 6.34807e+06 1.33997e+07 2.31937e+07 4.49731e+07 3.80095e+07 0 0 0 0 0 0 0 0 0 0 0 0 0 0 0 0 0 0 0 0 0 0 0 0 0 0 0 0 0 0 0 0 
0 0 0 0 0 0 0 0 0 0 0 0 0 0 0 0 0 0 0 0 0 0 0 0 0 0 0 9969.95 2.51306e+06 2.54101e+06 1.25965e+07 1.22111e+07 1.97546e+07 0 0 0 0 0 0 0 0 0 0 0 0 0 0 0 0 0 0 0 0 0 0 0 0 0 0 0 0 0 0 0 0 
0 0 0 0 0 0 0 0 0 0 0 0 0 0 0 0 0 0 0 0 0 0 0 0 0 0 0 399528 413420 1.31436e+06 4.78876e+06 3.69051e+06 8.61809e+06 0 0 0 0 0 0 0 0 0 0 0 0 0 0 0 0 0 0 0 0 0 0 0 0 0 0 0 0 0 0 0 0 
0 0 0 0 0 0 0 0 0 0 0 0 0 0 0 0 0 0 0 0 0 0 0 0 0 0 0 0 24862 1.01919e+06 997036 2.39093e+06 2.27097e+06 0 0 0 0 0 0 0 0 0 0 0 0 0 0 0 0 0 0 0 0 0 0 0 0 0 0 0 0 0 0 0 0 
0 0 0 0 0 0 0 0 0 0 0 0 0 0 0 0 0 0 0 0 0 0 0 0 0 0 0 0 380.754 309838 137882 1.22514e+06 392399 0 0 0 0 0 0 0 0 0 0 0 0 0 0 0 0 0 0 0 0 0 0 0 0 0 0 0 0 0 0 0 0 
0 0 0 0 0 0 0 0 0 0 0 0 0 0 0 0 0 0 0 0 0 0 0 0 0 0 0 0 71337.2 33090.4 179031 308688 254286 0 0 0 0 0 0 0 0 0 0 0 0 0 0 0 0 0 0 0 0 0 0 0 0 0 0 0 0 0 0 0 0 
0 0 0 0 0 0 0 0 0 0 0 0 0 0 0 0 0 0 0 0 0 0 0 0 0 0 0 0 0 956.335 124031 37210.4 210184 0 0 0 0 0 0 0 0 0 0 0 0 0 0 0 0 0 0 0 0 0 0 0 0 0 0 0 0 0 0 0 0 
0 0 0 0 0 0 0 0 0 0 0 0 0 0 0 0 0 0 0 0 0 0 0 0 0 0 0 0 0 0 24790.6 3852.65 68020.9 0 0 0 0 0 0 0 0 0 0 0 0 0 0 0 0 0 0 0 0 0 0 0 0 0 0 0 0 0 0 0 0 
0 0 0 0 0 0 0 0 0 0 0 0 0 0 0 0 0 0 0 0 0 0 0 0 0 0 0 0 0 9839.61 1272.72 20663.8 7633 0 0 0 0 0 0 0 0 0 0 0 0 0 0 0 0 0 0 0 0 0 0 0 0 0 0 0 0 0 0 0 0 
0 0 0 0 0 0 0 0 0 0 0 0 0 0 0 0 0 0 0 0 0 0 0 0 0 0 0 0 0 0 0 9920.71 482.54 0 0 0 0 0 0 0 0 0 0 0 0 0 0 0 0 0 0 0 0 0 0 0 0 0 0 0 0 0 0 0 0 
0 0 0 0 0 0 0 0 0 0 0 0 0 0 0 0 0 0 0 0 0 0 0 0 0 0 0 0 0 0 0 953.659 0 0 0 0 0 0 0 0 0 0 0 0 0 0 0 0 0 0 0 0 0 0 0 0 0 0 0 0 0 0 0 0 0 
0 0 0 0 0 0 0 0 0 0 0 0 0 0 0 0 0 0 0 0 0 0 0 0 0 0 0 0 0 0 983.961 0 1653.09 0 0 0 0 0 0 0 0 0 0 0 0 0 0 0 0 0 0 0 0 0 0 0 0 0 0 0 0 0 0 0 0 
0 0 0 0 0 0 0 0 0 0 0 0 0 0 0 0 0 0 0 0 0 0 0 0 0 0 0 0 0 0 0 0 381.529 0 0 0 0 0 0 0 0 0 0 0 0 0 0 0 0 0 0 0 0 0 0 0 0 0 0 0 0 0 0 0 0 
0 0 0 0 0 0 0 0 0 0 0 0 0 0 0 0 0 0 0 0 0 0 0 0 0 0 0 0 0 0 0 0 0 0 0 0 0 0 0 0 0 0 0 0 0 0 0 0 0 0 0 0 0 0 0 0 0 0 0 0 0 0 0 0 0 
0 0 0 0 0 0 0 0 0 0 0 0 0 0 0 0 0 0 0 0 0 0 0 0 0 0 0 0 0 0 0 63.4814 0 0 0 0 0 0 0 0 0 0 0 0 0 0 0 0 0 0 0 0 0 0 0 0 0 0 0 0 0 0 0 0 0 
0 0 0 0 0 0 0 0 0 0 0 0 0 0 0 0 0 0 0 0 0 0 0 0 0 0 0 0 0 0 0 0 0 0 0 0 0 0 0 0 0 0 0 0 0 0 0 0 0 0 0 0 0 0 0 0 0 0 0 0 0 0 0 0 0 
0 0 0 0 0 0 0 0 0 0 0 0 0 0 0 0 0 0 0 0 0 0 0 0 0 0 0 0 0 0 0 0 0 0 0 0 0 0 0 0 0 0 0 0 0 0 0 0 0 0 0 0 0 0 0 0 0 0 0 0 0 0 0 0 0 
0 0 0 0 0 0 0 0 0 0 0 0 0 0 0 0 0 0 0 0 0 0 0 0 0 0 0 0 0 0 0 0 1.98379 0 0 0 0 0 0 0 0 0 0 0 0 0 0 0 0 0 0 0 0 0 0 0 0 0 0 0 0 0 0 0 0 
