1 0 0 0 0 0 0 0 0 0 0 0 0 0 0 0 0 0 0 0 0 0 0 0 0 0 0 0 0 0 0 0 0 0 0 0 0 0 0 0 0 0 0 0 0 0 0 0 0 0 0 0 0 0 0 0 0 0 0 0 0 0 0 0 1 
0 0 0 0 0 0 0 0 0 0 0 0 0 0 0 0 0 0 0 0 0 0 0 0 0 0 0 0 0 0 0 0 0 0 0 0 0 0 0 0 0 0 0 0 0 0 0 0 0 0 0 0 0 0 0 0 0 0 0 0 0 0 0 0 0 
0 0 0 0 0 0 0 0 0 0 0 0 0 0 0 0 0 0 0 0 0 0 0 0 0 0 0 0 0 0 0 0 0 0 0 0 0 0 0 0 0 0 0 0 0 0 0 0 0 0 0 0 0 0 0 0 0 0 0 0 0 0 0 0 0 
0 64 0 0 0 0 0 0 0 0 0 0 0 0 0 0 0 0 0 0 0 0 0 0 0 0 0 0 0 0 0 0 0 0 0 0 0 0 0 0 0 0 0 0 0 0 0 0 0 0 0 0 0 0 0 0 0 0 0 0 0 0 0 0 0 
0 0 0 0 0 0 0 0 0 0 0 0 0 0 0 0 0 0 0 0 0 0 0 0 0 0 0 0 0 0 0 0 0 0 0 0 0 0 0 0 0 0 0 0 0 0 0 0 0 0 0 0 0 0 0 0 0 0 0 0 0 0 0 0 0 
0 0 192 0 0 0 0 0 0 0 0 0 0 0 0 0 0 0 0 0 0 0 0 0 0 0 0 0 0 0 0 0 0 0 0 0 0 0 0 0 0 0 0 0 0 0 0 0 0 0 0 0 0 0 0 0 0 0 0 0 0 0 0 0 0 
0 0 1824 0 0 0 0 0 0 0 0 0 0 0 0 0 0 0 0 0 0 0 0 0 0 0 0 0 0 0 0 0 0 0 0 0 0 0 0 0 0 0 0 0 0 0 0 0 0 0 0 0 0 0 0 0 0 0 0 0 0 0 0 0 0 
0 0 0 960.179 0 0 0 0 0 0 0 0 0 0 0 0 0 0 0 0 0 0 0 0 0 0 0 0 0 0 0 0 0 0 0 0 0 0 0 0 0 0 0 0 0 0 0 0 0 0 0 0 0 0 0 0 0 0 0 0 0 0 0 0 0 
0 0 0 9983.64 240.045 0 0 0 0 0 0 0 0 0 0 0 0 0 0 0 0 0 0 0 0 0 0 0 0 0 0 0 0 0 0 0 0 0 0 0 0 0 0 0 0 0 0 0 0 0 0 0 0 0 0 0 0 0 0 0 0 0 0 0 0 
0 0 0 30720.2 5143.13 0 0 0 0 0 0 0 0 0 0 0 0 0 0 0 0 0 0 0 0 0 0 0 0 0 0 0 0 0 0 0 0 0 0 0 0 0 0 0 0 0 0 0 0 0 0 0 0 0 0 0 0 0 0 0 0 0 0 0 0 
0 0 0 0 59050.4 3843.5 0 0 0 0 0 0 0 0 0 0 0 0 0 0 0 0 0 0 0 0 0 0 0 0 0 0 0 0 0 0 0 0 0 0 0 0 0 0 0 0 0 0 0 0 0 0 0 0 0 0 0 0 0 0 0 0 0 0 0 
0 0 0 0 228582 38456.4 1922.15 0 0 0 0 0 0 0 0 0 0 0 0 0 0 0 0 0 0 0 0 0 0 0 0 0 0 0 0 0 0 0 0 0 0 0 0 0 0 0 0 0 0 0 0 0 0 0 0 0 0 0 0 0 0 0 0 0 0 
0 0 0 0 342361 341803 37228.6 1298.31 162.289 0 0 0 0 0 0 0 0 0 0 0 0 0 0 0 0 0 0 0 0 0 0 0 0 0 0 0 0 0 0 0 0 0 0 0 0 0 0 0 0 0 0 0 0 0 0 0 0 0 0 0 0 0 0 0 0 
0 0 0 0 0 1.50433e+06 335412 37603.8 0 0 0 0 0 0 0 0 0 0 0 0 0 0 0 0 0 0 0 0 0 0 0 0 0 0 0 0 0 0 0 0 0 0 0 0 0 0 0 0 0 0 0 0 0 0 0 0 0 0 0 0 0 0 0 0 0 
0 0 0 0 0 3.05432e+06 2.11792e+06 365645 46133.3 3874.43 0 0 0 0 0 0 0 0 0 0 0 0 0 0 0 0 0 0 0 0 0 0 0 0 0 0 0 0 0 0 0 0 0 0 0 0 0 0 0 0 0 0 0 0 0 0 0 0 0 0 0 0 0 0 0 
0 0 0 0 0 2.68175e+06 9.07886e+06 2.71389e+06 460743 42375.3 5781.4 0 0 0 0 0 0 0 0 0 0 0 0 0 0 0 0 0 0 0 0 0 0 0 0 0 0 0 0 0 0 0 0 0 0 0 0 0 0 0 0 0 0 0 0 0 0 0 0 0 0 0 0 0 0 
0 0 0 0 0 0 2.14061e+07 1.40868e+07 3.58799e+06 701973 80418.4 11577.1 1448.85 0 0 0 62.2523 0 0 0 0 0 0 0 0 0 0 0 0 0 0 0 11.9809 0 0 0 0 0 0 0 0 0 0 0 0 0 0 0 0 0 0 0 0 0 0 0 0 0 0 0 0 0 0 0 0 
0 0 0 0 0 0 2.66719e+07 5.33651e+07 2.08504e+07 5.24888e+06 1.10474e+06 161371 15387.1 5767.44 1929.81 996.037 0 0 0 0 0 0 0 0 0 0 0 0 0 0 0 0 0 0 0 0 0 0 0 0 0 0 0 0 0 0 0 0 0 0 0 0 0 0 0 0 0 0 0 0 0 0 0 0 0 
0 0 0 0 0 0 1.5325e+07 1.30841e+08 9.34142e+07 3.18262e+07 8.39646e+06 1.93849e+06 402303 50237.5 5540.46 0 0 1916.36 0 0 0 0 0 0 0 0 0 0 0 0 0 383.389 0 0 0 0 0 0 0 0 0 0 0 0 0 0 0 0 0 0 0 0 0 0 0 0 0 0 0 0 0 0 0 0 0 
0 0 0 0 0 0 0 1.92581e+08 3.1211e+08 1.55138e+08 5.34011e+07 1.53733e+07 3.69754e+06 865894 209927 53899.4 28727.4 969.239 3823.82 0 0 0 0 0 0 0 0 0 0 0 961.097 0 0 0 0 0 0 0 0 0 0 0 0 0 0 0 0 0 0 0 0 0 0 0 0 0 0 0 0 0 0 0 0 0 0 
0 0 0 0 0 0 0 1.61696e+08 7.40167e+08 5.98687e+08 2.62493e+08 9.34486e+07 3.03686e+07 8.48138e+06 2.16247e+06 598078 127747 53708.4 27905.7 11608.7 2900.03 0 0 0 484.805 0 0 0 968.137 3831.21 4981.43 0 12029.8 0 0 0 0 0 0 0 0 0 0 0 0 0 0 0 0 0 0 0 0 0 0 0 0 0 0 0 0 0 0 0 0 
0 0 0 0 0 0 0 6.5527e+07 1.16479e+09 1.78825e+09 1.09376e+09 4.75723e+08 1.78771e+08 6.27905e+07 1.9984e+07 5.95446e+06 1.9998e+06 819257 242033 136243 31250.7 23316.2 11568.6 7746.95 0 3858.36 5772.03 11544.8 15359.6 21170.5 0 28913.4 391.568 0 0 0 0 0 0 0 0 0 0 0 0 0 0 0 0 0 0 0 0 0 0 0 0 0 0 0 0 0 0 0 0 
0 0 0 0 0 0 0 0 1.17048e+09 3.96748e+09 3.68161e+09 2.02106e+09 9.04657e+08 3.68807e+08 1.41354e+08 5.10326e+07 1.79863e+07 6.23616e+06 2.77525e+06 1.14494e+06 738267 259054 124166 79746.7 93021.3 86749 77101.8 75617.7 93399.6 61529 111906 153517 68575.8 0 0 0 0 0 0 0 0 0 0 0 0 0 0 0 0 0 0 0 0 0 0 0 0 0 0 0 0 0 0 0 0 
0 0 0 0 0 0 0 0 7.06813e+08 6.29509e+09 9.82834e+09 7.24041e+09 3.87437e+09 1.8238e+09 8.02744e+08 3.36277e+08 1.35096e+08 5.44523e+07 2.26267e+07 1.04528e+07 4.77253e+06 2.88321e+06 1.7687e+06 1.08539e+06 726790 468847 531972 529199 494265 438488 687770 268539 709138 0 0 0 0 0 0 0 0 0 0 0 0 0 0 0 0 0 0 0 0 0 0 0 0 0 0 0 0 0 0 0 0 
0 0 0 0 0 0 0 0 2.13448e+08 6.8624e+09 2.02402e+10 2.1463e+10 1.43126e+10 7.76425e+09 3.86102e+09 1.8375e+09 8.51461e+08 3.83748e+08 1.71532e+08 7.92125e+07 3.97611e+07 2.18862e+07 1.21399e+07 7.69122e+06 5.14377e+06 4.62758e+06 3.5292e+06 3.13828e+06 2.59714e+06 3.39387e+06 2.35354e+06 2.96561e+06 2.95034e+06 0 0 0 0 0 0 0 0 0 0 0 0 0 0 0 0 0 0 0 0 0 0 0 0 0 0 0 0 0 0 0 0 
0 0 0 0 0 0 0 0 0 5.01417e+09 3.11595e+10 5.13384e+10 4.47701e+10 2.88835e+10 1.626e+10 8.6331e+09 4.40359e+09 2.20341e+09 1.10191e+09 5.52214e+08 2.86369e+08 1.53907e+08 9.2952e+07 5.87126e+07 4.0635e+07 2.76376e+07 2.15886e+07 1.78144e+07 1.77489e+07 1.48853e+07 1.38992e+07 1.53728e+07 1.21777e+07 0 0 0 0 0 0 0 0 0 0 0 0 0 0 0 0 0 0 0 0 0 0 0 0 0 0 0 0 0 0 0 0 
0 0 0 0 0 0 0 0 0 2.28296e+09 3.49634e+10 9.72943e+10 1.17056e+11 9.27859e+10 5.99496e+10 3.51448e+10 1.98697e+10 1.09398e+10 5.96533e+09 3.2474e+09 1.79745e+09 1.02777e+09 6.03661e+08 3.78685e+08 2.52739e+08 1.80985e+08 1.38838e+08 1.1399e+08 9.52842e+07 8.02637e+07 8.30572e+07 7.30314e+07 7.76984e+07 0 0 0 0 0 0 0 0 0 0 0 0 0 0 0 0 0 0 0 0 0 0 0 0 0 0 0 0 0 0 0 0 
0 0 0 0 0 0 0 0 0 5.38591e+08 2.79906e+10 1.4272e+11 2.52134e+11 2.55634e+11 1.94378e+11 1.28524e+11 7.9286e+10 4.75323e+10 2.80267e+10 1.64986e+10 9.80023e+09 5.89409e+09 3.67329e+09 2.36309e+09 1.59101e+09 1.13401e+09 8.4646e+08 6.66664e+08 5.37538e+08 4.92113e+08 4.3239e+08 4.14757e+08 4.04743e+08 0 0 0 0 0 0 0 0 0 0 0 0 0 0 0 0 0 0 0 0 0 0 0 0 0 0 0 0 0 0 0 0 
0 0 0 0 0 0 0 0 0 0 1.55629e+10 1.59066e+11 4.37895e+11 5.94399e+11 5.50167e+11 4.15279e+11 2.8305e+11 1.83917e+11 1.16674e+11 7.37546e+10 4.66495e+10 2.97812e+10 1.95279e+10 1.30763e+10 9.03839e+09 6.48633e+09 4.90882e+09 3.85011e+09 3.20222e+09 2.74008e+09 2.4596e+09 2.33101e+09 2.28345e+09 0 0 0 0 0 0 0 0 0 0 0 0 0 0 0 0 0 0 0 0 0 0 0 0 0 0 0 0 0 0 0 0 
0 0 0 0 0 0 0 0 0 0 5.55684e+09 1.32651e+11 6.04025e+11 1.14885e+12 1.33777e+12 1.18419e+12 9.032e+11 6.38997e+11 4.36202e+11 2.93936e+11 1.97234e+11 1.33289e+11 9.129e+10 6.389e+10 4.58173e+10 3.41546e+10 2.62136e+10 2.08922e+10 1.73329e+10 1.50177e+10 1.3602e+10 1.27875e+10 1.24191e+10 0 0 0 0 0 0 0 0 0 0 0 0 0 0 0 0 0 0 0 0 0 0 0 0 0 0 0 0 0 0 0 0 
0 0 0 0 0 0 0 0 0 0 1.07048e+09 8.13682e+10 6.53801e+11 1.827e+12 2.77163e+12 2.95577e+12 2.57e+12 2.00133e+12 1.47295e+12 1.05571e+12 7.4897e+11 5.33583e+11 3.82108e+11 2.79365e+11 2.08702e+11 1.59554e+11 1.25732e+11 1.0214e+11 8.59488e+10 7.53761e+10 6.83477e+10 6.45388e+10 6.36427e+10 0 0 0 0 0 0 0 0 0 0 0 0 0 0 0 0 0 0 0 0 0 0 0 0 0 0 0 0 0 0 0 0 
0 0 0 0 0 0 0 0 0 0 0 3.57836e+10 5.49109e+11 2.35419e+12 4.82851e+12 6.3688e+12 6.47417e+12 5.6345e+12 4.50728e+12 3.44839e+12 2.59601e+12 1.9377e+12 1.45587e+12 1.10579e+12 8.51874e+11 6.72224e+11 5.43484e+11 4.51608e+11 3.88065e+11 3.42796e+11 3.14146e+11 2.98306e+11 2.92325e+11 0 0 0 0 0 0 0 0 0 0 0 0 0 0 0 0 0 0 0 0 0 0 0 0 0 0 0 0 0 0 0 0 
0 0 0 0 0 0 0 0 0 0 0 1.03553e+10 3.54184e+11 2.43584e+12 7.00132e+12 1.17792e+13 1.42599e+13 1.41585e+13 1.24796e+13 1.02872e+13 8.18619e+12 6.42668e+12 5.03583e+12 3.96476e+12 3.16891e+12 2.5694e+12 2.13471e+12 1.81419e+12 1.57746e+12 1.41986e+12 1.31032e+12 1.24692e+12 1.22879e+12 0 0 0 0 0 0 0 0 0 0 0 0 0 0 0 0 0 0 0 0 0 0 0 0 0 0 0 0 0 0 0 0 
0 0 0 0 0 0 0 0 0 0 0 1.70718e+09 1.7259e+11 2.01226e+12 8.37237e+12 1.84732e+13 2.73398e+13 3.14651e+13 3.09899e+13 2.78112e+13 2.36721e+13 1.95453e+13 1.59982e+13 1.30855e+13 1.0792e+13 9.02306e+12 7.65457e+12 6.62367e+12 5.87582e+12 5.35921e+12 4.99228e+12 4.7854e+12 4.71086e+12 0 0 0 0 0 0 0 0 0 0 0 0 0 0 0 0 0 0 0 0 0 0 0 0 0 0 0 0 0 0 0 0 
0 0 0 0 0 0 0 0 0 0 0 0 6.20788e+10 1.3212e+12 8.20845e+12 2.44071e+13 4.51288e+13 6.14507e+13 6.87035e+13 6.78919e+13 6.22e+13 5.45835e+13 4.686e+13 3.98911e+13 3.39375e+13 2.9128e+13 2.53376e+13 2.23969e+13 2.01816e+13 1.85742e+13 1.75049e+13 1.68402e+13 1.66551e+13 0 0 0 0 0 0 0 0 0 0 0 0 0 0 0 0 0 0 0 0 0 0 0 0 0 0 0 0 0 0 0 0 
0 0 0 0 0 0 0 0 0 0 0 0 1.50177e+10 6.80403e+11 6.56592e+12 2.69772e+13 6.37631e+13 1.04552e+14 1.35074e+14 1.48874e+14 1.48568e+14 1.39417e+14 1.26121e+14 1.1191e+14 9.87254e+13 8.72409e+13 7.77568e+13 7.01101e+13 6.42107e+13 5.974e+13 5.66779e+13 5.48256e+13 5.43714e+13 0 0 0 0 0 0 0 0 0 0 0 0 0 0 0 0 0 0 0 0 0 0 0 0 0 0 0 0 0 0 0 0 
0 0 0 0 0 0 0 0 0 0 0 0 2.24775e+09 2.7276e+11 4.28501e+12 2.48639e+13 7.65579e+13 1.54261e+14 2.33168e+14 2.91359e+14 3.19922e+14 3.23404e+14 3.10765e+14 2.89452e+14 2.65329e+14 2.41633e+14 2.20763e+14 2.0321e+14 1.89067e+14 1.78234e+14 1.7048e+14 1.6629e+14 1.65041e+14 0 0 0 0 0 0 0 0 0 0 0 0 0 0 0 0 0 0 0 0 0 0 0 0 0 0 0 0 0 0 0 0 
0 0 0 0 0 0 0 0 0 0 0 0 0 8.27842e+10 2.26323e+12 1.90739e+13 7.80796e+13 1.96156e+14 3.53005e+14 5.0483e+14 6.17886e+14 6.81036e+14 6.9896e+14 6.86353e+14 6.57621e+14 6.20179e+14 5.82246e+14 5.4883e+14 5.18649e+14 4.95515e+14 4.77543e+14 4.67703e+14 4.64037e+14 0 0 0 0 0 0 0 0 0 0 0 0 0 0 0 0 0 0 0 0 0 0 0 0 0 0 0 0 0 0 0 0 
0 0 0 0 0 0 0 0 0 0 0 0 0 1.73073e+10 9.62728e+11 1.21551e+13 6.7216e+13 2.14189e+14 4.6499e+14 7.72144e+14 1.06404e+15 1.28831e+15 1.42632e+15 1.48942e+15 1.49557e+15 1.46844e+15 1.42193e+15 1.36965e+15 1.32148e+15 1.2781e+15 1.24707e+15 1.22773e+15 1.2208e+15 0 0 0 0 0 0 0 0 0 0 0 0 0 0 0 0 0 0 0 0 0 0 0 0 0 0 0 0 0 0 0 0 
0 0 0 0 0 0 0 0 0 0 0 0 0 2.5253e+09 3.2776e+11 6.43906e+12 4.90169e+13 2.00604e+14 5.31974e+14 1.03784e+15 1.62676e+15 2.18333e+15 2.62988e+15 2.93961e+15 3.11448e+15 3.18887e+15 3.19721e+15 3.16143e+15 3.11726e+15 3.06578e+15 3.02395e+15 2.99717e+15 2.98853e+15 0 0 0 0 0 0 0 0 0 0 0 0 0 0 0 0 0 0 0 0 0 0 0 0 0 0 0 0 0 0 0 0 
0 0 0 0 0 0 0 0 0 0 0 0 0 0 8.66666e+10 2.83076e+12 3.02145e+13 1.60858e+14 5.27449e+14 1.221e+15 2.19975e+15 3.30366e+15 4.36543e+15 5.23974e+15 5.89997e+15 6.34498e+15 6.60353e+15 6.74674e+15 6.79376e+15 6.80404e+15 6.79686e+15 6.78451e+15 6.78136e+15 0 0 0 0 0 0 0 0 0 0 0 0 0 0 0 0 0 0 0 0 0 0 0 0 0 0 0 0 0 0 0 0 
0 0 0 0 0 0 0 0 0 0 0 0 0 0 1.62383e+10 1.02639e+12 1.58117e+13 1.10867e+14 4.53507e+14 1.25769e+15 2.62559e+15 4.45277e+15 6.47573e+15 8.44437e+15 1.01452e+16 1.14907e+16 1.25039e+16 1.31896e+16 1.36489e+16 1.39274e+16 1.40954e+16 1.41787e+16 1.41928e+16 0 0 0 0 0 0 0 0 0 0 0 0 0 0 0 0 0 0 0 0 0 0 0 0 0 0 0 0 0 0 0 0 
0 0 0 0 0 0 0 0 0 0 0 0 0 0 2.51717e+09 3.06447e+11 7.01946e+12 6.56308e+13 3.37785e+14 1.1314e+15 2.75897e+15 5.32269e+15 8.60431e+15 1.2215e+16 1.57512e+16 1.89194e+16 2.15486e+16 2.35915e+16 2.511e+16 2.61676e+16 2.68795e+16 2.72656e+16 2.74012e+16 0 0 0 0 0 0 0 0 0 0 0 0 0 0 0 0 0 0 0 0 0 0 0 0 0 0 0 0 0 0 0 0 
0 0 0 0 0 0 0 0 0 0 0 0 0 0 0 7.30275e+10 2.64704e+12 3.35046e+13 2.18955e+14 8.91219e+14 2.55651e+15 5.63284e+15 1.01953e+16 1.58712e+16 2.2068e+16 2.81767e+16 3.37033e+16 3.84535e+16 4.22585e+16 4.50956e+16 4.70451e+16 4.81376e+16 4.85531e+16 0 0 0 0 0 0 0 0 0 0 0 0 0 0 0 0 0 0 0 0 0 0 0 0 0 0 0 0 0 0 0 0 
0 0 0 0 0 0 0 0 0 0 0 0 0 0 0 1.28363e+10 8.46204e+11 1.48285e+13 1.23721e+14 6.15857e+14 2.08786e+15 5.29639e+15 1.07653e+16 1.84648e+16 2.78356e+16 3.79548e+16 4.79614e+16 5.70415e+16 6.47685e+16 7.09086e+16 7.52309e+16 7.78911e+16 7.86971e+16 0 0 0 0 0 0 0 0 0 0 0 0 0 0 0 0 0 0 0 0 0 0 0 0 0 0 0 0 0 0 0 0 
0 0 0 0 0 0 0 0 0 0 0 0 0 0 0 2.30765e+09 2.28412e+11 5.68849e+12 6.12737e+13 3.74289e+14 1.50737e+15 4.41559e+15 1.01284e+16 1.92396e+16 3.15226e+16 4.6095e+16 6.16106e+16 7.6737e+16 9.03338e+16 1.01531e+17 1.09803e+17 1.14913e+17 1.16553e+17 0 0 0 0 0 0 0 0 0 0 0 0 0 0 0 0 0 0 0 0 0 0 0 0 0 0 0 0 0 0 0 0 
0 0 0 0 0 0 0 0 0 0 0 0 0 0 0 0 5.16682e+10 1.90419e+12 2.67073e+13 2.01383e+14 9.64552e+14 3.27337e+15 8.50145e+15 1.79345e+16 3.21196e+16 5.04938e+16 7.16837e+16 9.36345e+16 1.14375e+17 1.32223e+17 1.4595e+17 1.54362e+17 1.57369e+17 0 0 0 0 0 0 0 0 0 0 0 0 0 0 0 0 0 0 0 0 0 0 0 0 0 0 0 0 0 0 0 0 
0 0 0 0 0 0 0 0 0 0 0 0 0 0 0 0 8.88054e+09 5.53337e+11 1.03096e+13 9.62151e+13 5.49165e+14 2.16515e+15 6.39313e+15 1.50146e+16 2.93935e+16 4.98599e+16 7.52317e+16 1.03439e+17 1.31503e+17 1.56597e+17 1.764e+17 1.89214e+17 1.93452e+17 0 0 0 0 0 0 0 0 0 0 0 0 0 0 0 0 0 0 0 0 0 0 0 0 0 0 0 0 0 0 0 0 
0 0 0 0 0 0 0 0 0 0 0 0 0 0 0 0 1.98459e+09 1.41752e+11 3.54158e+12 4.10763e+13 2.80819e+14 1.28473e+15 4.30797e+15 1.12755e+16 2.42416e+16 4.44486e+16 7.15338e+16 1.0354e+17 1.37118e+17 1.68677e+17 1.9404e+17 2.10451e+17 2.16308e+17 0 0 0 0 0 0 0 0 0 0 0 0 0 0 0 0 0 0 0 0 0 0 0 0 0 0 0 0 0 0 0 0 
0 0 0 0 0 0 0 0 0 0 0 0 0 0 0 0 0 3.20167e+10 1.08752e+12 1.58316e+13 1.29131e+14 6.86746e+14 2.61755e+15 7.65429e+15 1.80765e+16 3.58035e+16 6.15348e+16 9.39371e+16 1.29928e+17 1.64833e+17 1.93971e+17 2.13389e+17 2.2003e+17 0 0 0 0 0 0 0 0 0 0 0 0 0 0 0 0 0 0 0 0 0 0 0 0 0 0 0 0 0 0 0 0 
0 0 0 0 0 0 0 0 0 0 0 0 0 0 0 0 0 5.53715e+09 3.00481e+11 5.51542e+12 5.39426e+13 3.3303e+14 1.44064e+15 4.70139e+15 1.21833e+16 2.61686e+16 4.80947e+16 7.74992e+16 1.11838e+17 1.46546e+17 1.76762e+17 1.96868e+17 2.04132e+17 0 0 0 0 0 0 0 0 0 0 0 0 0 0 0 0 0 0 0 0 0 0 0 0 0 0 0 0 0 0 0 0 
0 0 0 0 0 0 0 0 0 0 0 0 0 0 0 0 0 1.59772e+09 7.70125e+10 1.76237e+12 2.05843e+13 1.47595e+14 7.24363e+14 2.63187e+15 7.48941e+15 1.74055e+16 3.41834e+16 5.82261e+16 8.77597e+16 1.18987e+17 1.46628e+17 1.65928e+17 1.72753e+17 0 0 0 0 0 0 0 0 0 0 0 0 0 0 0 0 0 0 0 0 0 0 0 0 0 0 0 0 0 0 0 0 
0 0 0 0 0 0 0 0 0 0 0 0 0 0 0 0 0 0 1.81038e+10 5.16972e+11 7.24014e+12 5.99963e+13 3.34049e+14 1.34999e+15 4.21243e+15 1.06011e+16 2.22497e+16 4.0002e+16 6.29967e+16 8.82914e+16 1.11456e+17 1.278e+17 1.33732e+17 0 0 0 0 0 0 0 0 0 0 0 0 0 0 0 0 0 0 0 0 0 0 0 0 0 0 0 0 0 0 0 0 
0 0 0 0 0 0 0 0 0 0 0 0 0 0 0 0 0 0 3.14424e+09 1.42383e+11 2.37261e+12 2.27287e+13 1.42431e+14 6.39387e+14 2.18183e+15 5.92754e+15 1.3267e+16 2.5214e+16 4.14949e+16 6.01936e+16 7.77738e+16 9.04337e+16 9.4995e+16 0 0 0 0 0 0 0 0 0 0 0 0 0 0 0 0 0 0 0 0 0 0 0 0 0 0 0 0 0 0 0 0 
0 0 0 0 0 0 0 0 0 0 0 0 0 0 0 0 0 0 1.18816e+09 3.82967e+10 7.37065e+11 8.042e+12 5.68493e+13 2.81896e+14 1.04949e+15 3.06759e+15 7.32657e+15 1.46748e+16 2.51986e+16 3.77238e+16 4.99671e+16 5.88921e+16 6.21966e+16 0 0 0 0 0 0 0 0 0 0 0 0 0 0 0 0 0 0 0 0 0 0 0 0 0 0 0 0 0 0 0 0 
0 0 0 0 0 0 0 0 0 0 0 0 0 0 0 0 0 0 0 9.50599e+09 2.15696e+11 2.70093e+12 2.12729e+13 1.16298e+14 4.69599e+14 1.47998e+15 3.76072e+15 7.92791e+15 1.42018e+16 2.19732e+16 2.97563e+16 3.55332e+16 3.76678e+16 0 0 0 0 0 0 0 0 0 0 0 0 0 0 0 0 0 0 0 0 0 0 0 0 0 0 0 0 0 0 0 0 
0 0 0 0 0 0 0 0 0 0 0 0 0 0 0 0 0 0 0 1.60937e+09 6.15364e+10 8.7153e+11 7.5893e+12 4.55233e+13 1.99316e+14 6.71538e+14 1.80795e+15 4.00584e+15 7.45722e+15 1.19105e+16 1.64616e+16 1.99686e+16 2.12625e+16 0 0 0 0 0 0 0 0 0 0 0 0 0 0 0 0 0 0 0 0 0 0 0 0 0 0 0 0 0 0 0 0 
0 0 0 0 0 0 0 0 0 0 0 0 0 0 0 0 0 0 0 8.07078e+08 1.78528e+10 2.73353e+11 2.60448e+12 1.69783e+13 8.01493e+13 2.88203e+14 8.19999e+14 1.90434e+15 3.69255e+15 6.06367e+15 8.57549e+15 1.05084e+16 1.12575e+16 0 0 0 0 0 0 0 0 0 0 0 0 0 0 0 0 0 0 0 0 0 0 0 0 0 0 0 0 0 0 0 0 
0 0 0 0 0 0 0 0 0 0 0 0 0 0 0 0 0 0 0 0 4.57469e+09 8.19539e+10 8.69861e+11 6.10219e+12 3.09238e+13 1.17993e+14 3.54083e+14 8.59424e+14 1.72426e+15 2.91429e+15 4.20519e+15 5.21978e+15 5.60153e+15 0 0 0 0 0 0 0 0 0 0 0 0 0 0 0 0 0 0 0 0 0 0 0 0 0 0 0 0 0 0 0 0 
0 0 0 0 0 0 0 0 0 0 0 0 0 0 0 0 0 0 0 0 7.27856e+08 2.47972e+10 2.8741e+11 2.14371e+12 1.15245e+13 4.65456e+13 1.46603e+14 3.70419e+14 7.69671e+14 1.33609e+15 1.96371e+15 2.46556e+15 2.65952e+15 0 0 0 0 0 0 0 0 0 0 0 0 0 0 0 0 0 0 0 0 0 0 0 0 0 0 0 0 0 0 0 0 
0 0 0 0 0 0 0 0 0 0 0 0 0 0 0 0 0 0 0 0 4.95556e+08 7.75754e+09 9.27759e+10 7.40941e+11 4.21597e+12 1.78836e+13 5.87646e+13 1.54375e+14 3.30182e+14 5.87841e+14 8.78868e+14 1.11299e+15 1.20426e+15 0 0 0 0 0 0 0 0 0 0 0 0 0 0 0 0 0 0 0 0 0 0 0 0 0 0 0 0 0 0 0 0 
0 0 0 0 0 0 0 0 0 0 0 0 0 0 0 0 0 0 0 0 0 1.97465e+09 2.86331e+10 2.54138e+11 1.51804e+12 6.71938e+12 2.29654e+13 6.23741e+13 1.37149e+14 2.50119e+14 3.78482e+14 4.86362e+14 5.2711e+14 0 0 0 0 0 0 0 0 0 0 0 0 0 0 0 0 0 0 0 0 0 0 0 0 0 0 0 0 0 0 0 0 
0 0 0 0 0 0 0 0 0 0 0 0 0 0 0 0 0 0 0 0 0 2.84877e+08 9.28664e+09 8.74263e+10 5.41882e+11 2.49586e+12 8.85031e+12 2.46908e+13 5.57998e+13 1.03394e+14 1.59277e+14 2.06062e+14 2.24295e+14 0 0 0 0 0 0 0 0 0 0 0 0 0 0 0 0 0 0 0 0 0 0 0 0 0 0 0 0 0 0 0 0 
0 0 0 0 0 0 0 0 0 0 0 0 0 0 0 0 0 0 0 0 0 2.72431e+08 3.08642e+09 2.87827e+10 1.91693e+11 9.26245e+11 3.37105e+12 9.66878e+12 2.2332e+13 4.20652e+13 6.58373e+13 8.54437e+13 9.3316e+13 0 0 0 0 0 0 0 0 0 0 0 0 0 0 0 0 0 0 0 0 0 0 0 0 0 0 0 0 0 0 0 0 
0 0 0 0 0 0 0 0 0 0 0 0 0 0 0 0 0 0 0 0 0 0 7.48323e+08 9.08953e+09 6.86201e+10 3.42449e+11 1.27869e+12 3.76918e+12 8.85725e+12 1.69763e+13 2.68125e+13 3.50593e+13 3.8413e+13 0 0 0 0 0 0 0 0 0 0 0 0 0 0 0 0 0 0 0 0 0 0 0 0 0 0 0 0 0 0 0 0 
0 0 0 0 0 0 0 0 0 0 0 0 0 0 0 0 0 0 0 0 0 0 9.47268e+07 3.20501e+09 2.4471e+10 1.24383e+11 4.86322e+11 1.46667e+12 3.50199e+12 6.79317e+12 1.08155e+13 1.42779e+13 1.56373e+13 0 0 0 0 0 0 0 0 0 0 0 0 0 0 0 0 0 0 0 0 0 0 0 0 0 0 0 0 0 0 0 0 
0 0 0 0 0 0 0 0 0 0 0 0 0 0 0 0 0 0 0 0 0 0 1.32761e+08 1.09943e+09 7.95336e+09 4.51577e+10 1.85274e+11 5.6621e+11 1.38482e+12 2.72683e+12 4.37916e+12 5.79397e+12 6.34591e+12 0 0 0 0 0 0 0 0 0 0 0 0 0 0 0 0 0 0 0 0 0 0 0 0 0 0 0 0 0 0 0 0 
0 0 0 0 0 0 0 0 0 0 0 0 0 0 0 0 0 0 0 0 0 0 0 2.43446e+08 2.58812e+09 1.69885e+10 6.96753e+10 2.19268e+11 5.49506e+11 1.09204e+12 1.76732e+12 2.3531e+12 2.59193e+12 0 0 0 0 0 0 0 0 0 0 0 0 0 0 0 0 0 0 0 0 0 0 0 0 0 0 0 0 0 0 0 0 
0 0 0 0 0 0 0 0 0 0 0 0 0 0 0 0 0 0 0 0 0 0 0 2.61783e+07 1.01269e+09 6.09467e+09 2.54103e+10 8.56739e+10 2.16768e+11 4.37052e+11 7.18914e+11 9.57469e+11 1.05743e+12 0 0 0 0 0 0 0 0 0 0 0 0 0 0 0 0 0 0 0 0 0 0 0 0 0 0 0 0 0 0 0 0 
0 0 0 0 0 0 0 0 0 0 0 0 0 0 0 0 0 0 0 0 0 0 0 5.67968e+07 3.42699e+08 1.89762e+09 9.62255e+09 3.33291e+10 8.43964e+10 1.76532e+11 2.89995e+11 3.90726e+11 4.30733e+11 0 0 0 0 0 0 0 0 0 0 0 0 0 0 0 0 0 0 0 0 0 0 0 0 0 0 0 0 0 0 0 0 
0 0 0 0 0 0 0 0 0 0 0 0 0 0 0 0 0 0 0 0 0 0 0 0 6.6309e+07 6.62352e+08 3.7753e+09 1.2318e+10 3.3385e+10 7.07401e+10 1.1663e+11 1.60635e+11 1.75188e+11 0 0 0 0 0 0 0 0 0 0 0 0 0 0 0 0 0 0 0 0 0 0 0 0 0 0 0 0 0 0 0 0 
0 0 0 0 0 0 0 0 0 0 0 0 0 0 0 0 0 0 0 0 0 0 0 0 5.83345e+06 2.88309e+08 1.29348e+09 4.52712e+09 1.34224e+10 2.75264e+10 4.7621e+10 6.47298e+10 7.19426e+10 0 0 0 0 0 0 0 0 0 0 0 0 0 0 0 0 0 0 0 0 0 0 0 0 0 0 0 0 0 0 0 0 
0 0 0 0 0 0 0 0 0 0 0 0 0 0 0 0 0 0 0 0 0 0 0 0 2.10951e+07 9.08221e+07 3.80778e+08 1.83818e+09 5.11475e+09 1.08146e+10 1.94497e+10 2.56928e+10 2.96064e+10 0 0 0 0 0 0 0 0 0 0 0 0 0 0 0 0 0 0 0 0 0 0 0 0 0 0 0 0 0 0 0 0 
0 0 0 0 0 0 0 0 0 0 0 0 0 0 0 0 0 0 0 0 0 0 0 0 0 1.46411e+07 1.54738e+08 7.2927e+08 1.81521e+09 4.48151e+09 7.52684e+09 1.05705e+10 1.18105e+10 0 0 0 0 0 0 0 0 0 0 0 0 0 0 0 0 0 0 0 0 0 0 0 0 0 0 0 0 0 0 0 0 
0 0 0 0 0 0 0 0 0 0 0 0 0 0 0 0 0 0 0 0 0 0 0 0 0 1.00282e+06 7.19995e+07 2.22375e+08 7.08274e+08 1.79002e+09 2.87318e+09 4.40886e+09 4.55407e+09 0 0 0 0 0 0 0 0 0 0 0 0 0 0 0 0 0 0 0 0 0 0 0 0 0 0 0 0 0 0 0 0 
0 0 0 0 0 0 0 0 0 0 0 0 0 0 0 0 0 0 0 0 0 0 0 0 0 6.7184e+06 1.97285e+07 6.40936e+07 3.12915e+08 6.24679e+08 1.19894e+09 1.70593e+09 1.86736e+09 0 0 0 0 0 0 0 0 0 0 0 0 0 0 0 0 0 0 0 0 0 0 0 0 0 0 0 0 0 0 0 0 
0 0 0 0 0 0 0 0 0 0 0 0 0 0 0 0 0 0 0 0 0 0 0 0 0 0 2.50927e+06 3.31997e+07 1.14977e+08 2.19213e+08 5.1344e+08 6.10592e+08 8.10207e+08 0 0 0 0 0 0 0 0 0 0 0 0 0 0 0 0 0 0 0 0 0 0 0 0 0 0 0 0 0 0 0 0 
0 0 0 0 0 0 0 0 0 0 0 0 0 0 0 0 0 0 0 0 0 0 0 0 0 0 125359 1.51237e+07 2.87998e+07 1.00091e+08 1.8428e+08 2.49612e+08 3.12862e+08 0 0 0 0 0 0 0 0 0 0 0 0 0 0 0 0 0 0 0 0 0 0 0 0 0 0 0 0 0 0 0 0 
0 0 0 0 0 0 0 0 0 0 0 0 0 0 0 0 0 0 0 0 0 0 0 0 0 0 1.8045e+06 3.35327e+06 9.4073e+06 4.48916e+07 5.59556e+07 1.16402e+08 1.00665e+08 0 0 0 0 0 0 0 0 0 0 0 0 0 0 0 0 0 0 0 0 0 0 0 0 0 0 0 0 0 0 0 0 
0 0 0 0 0 0 0 0 0 0 0 0 0 0 0 0 0 0 0 0 0 0 0 0 0 0 0 311951 6.3698e+06 1.34336e+07 2.32535e+07 4.50077e+07 3.80007e+07 0 0 0 0 0 0 0 0 0 0 0 0 0 0 0 0 0 0 0 0 0 0 0 0 0 0 0 0 0 0 0 0 
0 0 0 0 0 0 0 0 0 0 0 0 0 0 0 0 0 0 0 0 0 0 0 0 0 0 0 10015.7 2.52921e+06 2.55027e+06 1.26111e+07 1.22407e+07 1.98668e+07 0 0 0 0 0 0 0 0 0 0 0 0 0 0 0 0 0 0 0 0 0 0 0 0 0 0 0 0 0 0 0 0 
0 0 0 0 0 0 0 0 0 0 0 0 0 0 0 0 0 0 0 0 0 0 0 0 0 0 0 400688 415598 1.32138e+06 4.80658e+06 3.71679e+06 8.62088e+06 0 0 0 0 0 0 0 0 0 0 0 0 0 0 0 0 0 0 0 0 0 0 0 0 0 0 0 0 0 0 0 0 
0 0 0 0 0 0 0 0 0 0 0 0 0 0 0 0 0 0 0 0 0 0 0 0 0 0 0 0 24948.1 1.02234e+06 999175 2.39954e+06 2.27789e+06 0 0 0 0 0 0 0 0 0 0 0 0 0 0 0 0 0 0 0 0 0 0 0 0 0 0 0 0 0 0 0 0 
0 0 0 0 0 0 0 0 0 0 0 0 0 0 0 0 0 0 0 0 0 0 0 0 0 0 0 0 385.606 311729 138581 1.2283e+06 394523 0 0 0 0 0 0 0 0 0 0 0 0 0 0 0 0 0 0 0 0 0 0 0 0 0 0 0 0 0 0 0 0 
0 0 0 0 0 0 0 0 0 0 0 0 0 0 0 0 0 0 0 0 0 0 0 0 0 0 0 0 71541.4 33246.1 179990 309186 255927 0 0 0 0 0 0 0 0 0 0 0 0 0 0 0 0 0 0 0 0 0 0 0 0 0 0 0 0 0 0 0 0 
0 0 0 0 0 0 0 0 0 0 0 0 0 0 0 0 0 0 0 0 0 0 0 0 0 0 0 0 0 960.163 124510 37446.4 211132 0 0 0 0 0 0 0 0 0 0 0 0 0 0 0 0 0 0 0 0 0 0 0 0 0 0 0 0 0 0 0 0 
0 0 0 0 0 0 0 0 0 0 0 0 0 0 0 0 0 0 0 0 0 0 0 0 0 0 0 0 0 0 24933.5 3835.63 68221.6 0 0 0 0 0 0 0 0 0 0 0 0 0 0 0 0 0 0 0 0 0 0 0 0 0 0 0 0 0 0 0 0 
0 0 0 0 0 0 0 0 0 0 0 0 0 0 0 0 0 0 0 0 0 0 0 0 0 0 0 0 0 9867.78 1278.57 20820.6 7660 0 0 0 0 0 0 0 0 0 0 0 0 0 0 0 0 0 0 0 0 0 0 0 0 0 0 0 0 0 0 0 0 
0 0 0 0 0 0 0 0 0 0 0 0 0 0 0 0 0 0 0 0 0 0 0 0 0 0 0 0 0 0 0 9961.76 480.196 0 0 0 0 0 0 0 0 0 0 0 0 0 0 0 0 0 0 0 0 0 0 0 0 0 0 0 0 0 0 0 0 
0 0 0 0 0 0 0 0 0 0 0 0 0 0 0 0 0 0 0 0 0 0 0 0 0 0 0 0 0 0 0 958.91 0 0 0 0 0 0 0 0 0 0 0 0 0 0 0 0 0 0 0 0 0 0 0 0 0 0 0 0 0 0 0 0 0 
0 0 0 0 0 0 0 0 0 0 0 0 0 0 0 0 0 0 0 0 0 0 0 0 0 0 0 0 0 0 986.778 0 1664.32 0 0 0 0 0 0 0 0 0 0 0 0 0 0 0 0 0 0 0 0 0 0 0 0 0 0 0 0 0 0 0 0 
0 0 0 0 0 0 0 0 0 0 0 0 0 0 0 0 0 0 0 0 0 0 0 0 0 0 0 0 0 0 0 0 383.174 0 0 0 0 0 0 0 0 0 0 0 0 0 0 0 0 0 0 0 0 0 0 0 0 0 0 0 0 0 0 0 0 
0 0 0 0 0 0 0 0 0 0 0 0 0 0 0 0 0 0 0 0 0 0 0 0 0 0 0 0 0 0 0 0 0 0 0 0 0 0 0 0 0 0 0 0 0 0 0 0 0 0 0 0 0 0 0 0 0 0 0 0 0 0 0 0 0 
0 0 0 0 0 0 0 0 0 0 0 0 0 0 0 0 0 0 0 0 0 0 0 0 0 0 0 0 0 0 0 63.6631 0 0 0 0 0 0 0 0 0 0 0 0 0 0 0 0 0 0 0 0 0 0 0 0 0 0 0 0 0 0 0 0 0 
0 0 0 0 0 0 0 0 0 0 0 0 0 0 0 0 0 0 0 0 0 0 0 0 0 0 0 0 0 0 0 0 0 0 0 0 0 0 0 0 0 0 0 0 0 0 0 0 0 0 0 0 0 0 0 0 0 0 0 0 0 0 0 0 0 
0 0 0 0 0 0 0 0 0 0 0 0 0 0 0 0 0 0 0 0 0 0 0 0 0 0 0 0 0 0 0 0 0 0 0 0 0 0 0 0 0 0 0 0 0 0 0 0 0 0 0 0 0 0 0 0 0 0 0 0 0 0 0 0 0 
0 0 0 0 0 0 0 0 0 0 0 0 0 0 0 0 0 0 0 0 0 0 0 0 0 0 0 0 0 0 0 0 1.98947 0 0 0 0 0 0 0 0 0 0 0 0 0 0 0 0 0 0 0 0 0 0 0 0 0 0 0 0 0 0 0 0 
