1 0 0 0 0 0 0 0 0 0 0 0 0 0 0 0 0 0 0 0 0 0 0 0 0 0 0 0 0 0 0 0 0 0 0 0 0 0 0 0 0 0 0 0 0 0 0 0 0 0 0 0 0 0 0 0 0 0 0 0 0 0 0 0 1 
0 0 0 0 0 0 0 0 0 0 0 0 0 0 0 0 0 0 0 0 0 0 0 0 0 0 0 0 0 0 0 0 0 0 0 0 0 0 0 0 0 0 0 0 0 0 0 0 0 0 0 0 0 0 0 0 0 0 0 0 0 0 0 0 0 
0 0 0 0 0 0 0 0 0 0 0 0 0 0 0 0 0 0 0 0 0 0 0 0 0 0 0 0 0 0 0 0 0 0 0 0 0 0 0 0 0 0 0 0 0 0 0 0 0 0 0 0 0 0 0 0 0 0 0 0 0 0 0 0 0 
0 64 0 0 0 0 0 0 0 0 0 0 0 0 0 0 0 0 0 0 0 0 0 0 0 0 0 0 0 0 0 0 0 0 0 0 0 0 0 0 0 0 0 0 0 0 0 0 0 0 0 0 0 0 0 0 0 0 0 0 0 0 0 0 0 
0 0 0 0 0 0 0 0 0 0 0 0 0 0 0 0 0 0 0 0 0 0 0 0 0 0 0 0 0 0 0 0 0 0 0 0 0 0 0 0 0 0 0 0 0 0 0 0 0 0 0 0 0 0 0 0 0 0 0 0 0 0 0 0 0 
0 0 192 0 0 0 0 0 0 0 0 0 0 0 0 0 0 0 0 0 0 0 0 0 0 0 0 0 0 0 0 0 0 0 0 0 0 0 0 0 0 0 0 0 0 0 0 0 0 0 0 0 0 0 0 0 0 0 0 0 0 0 0 0 0 
0 0 1824 0 0 0 0 0 0 0 0 0 0 0 0 0 0 0 0 0 0 0 0 0 0 0 0 0 0 0 0 0 0 0 0 0 0 0 0 0 0 0 0 0 0 0 0 0 0 0 0 0 0 0 0 0 0 0 0 0 0 0 0 0 0 
0 0 0 959.219 0 0 0 0 0 0 0 0 0 0 0 0 0 0 0 0 0 0 0 0 0 0 0 0 0 0 0 0 0 0 0 0 0 0 0 0 0 0 0 0 0 0 0 0 0 0 0 0 0 0 0 0 0 0 0 0 0 0 0 0 0 
0 0 0 9985.56 239.805 0 0 0 0 0 0 0 0 0 0 0 0 0 0 0 0 0 0 0 0 0 0 0 0 0 0 0 0 0 0 0 0 0 0 0 0 0 0 0 0 0 0 0 0 0 0 0 0 0 0 0 0 0 0 0 0 0 0 0 0 
0 0 0 30719.2 5112.86 0 0 0 0 0 0 0 0 0 0 0 0 0 0 0 0 0 0 0 0 0 0 0 0 0 0 0 0 0 0 0 0 0 0 0 0 0 0 0 0 0 0 0 0 0 0 0 0 0 0 0 0 0 0 0 0 0 0 0 0 
0 0 0 0 59132.7 3838.77 0 0 0 0 0 0 0 0 0 0 0 0 0 0 0 0 0 0 0 0 0 0 0 0 0 0 0 0 0 0 0 0 0 0 0 0 0 0 0 0 0 0 0 0 0 0 0 0 0 0 0 0 0 0 0 0 0 0 0 
0 0 0 0 228509 38370.2 1926.1 0 0 0 0 0 0 0 0 0 0 0 0 0 0 0 0 0 0 0 0 0 0 0 0 0 0 0 0 0 0 0 0 0 0 0 0 0 0 0 0 0 0 0 0 0 0 0 0 0 0 0 0 0 0 0 0 0 0 
0 0 0 0 342382 341913 37046.8 1278.63 159.828 0 0 0 0 0 0 0 0 0 0 0 0 0 0 0 0 0 0 0 0 0 0 0 0 0 0 0 0 0 0 0 0 0 0 0 0 0 0 0 0 0 0 0 0 0 0 0 0 0 0 0 0 0 0 0 0 
0 0 0 0 0 1.50522e+06 335430 37378.4 0 0 0 0 0 0 0 0 0 0 0 0 0 0 0 0 0 0 0 0 0 0 0 0 0 0 0 0 0 0 0 0 0 0 0 0 0 0 0 0 0 0 0 0 0 0 0 0 0 0 0 0 0 0 0 0 0 
0 0 0 0 0 3.05259e+06 2.11912e+06 366269 46053.8 3854.82 0 0 0 0 0 0 0 0 0 0 0 0 0 0 0 0 0 0 0 0 0 0 0 0 0 0 0 0 0 0 0 0 0 0 0 0 0 0 0 0 0 0 0 0 0 0 0 0 0 0 0 0 0 0 0 
0 0 0 0 0 2.68258e+06 9.07974e+06 2.70631e+06 459520 42171 5721.28 0 0 0 0 0 0 0 0 0 0 0 0 0 0 0 0 0 0 0 0 0 0 0 0 0 0 0 0 0 0 0 0 0 0 0 0 0 0 0 0 0 0 0 0 0 0 0 0 0 0 0 0 0 0 
0 0 0 0 0 0 2.14058e+07 1.41108e+07 3.58573e+06 700897 80517.3 11556.3 1438.77 0 0 0 60.5901 0 0 0 0 0 0 0 0 0 0 0 0 0 0 0 11.984 0 0 0 0 0 0 0 0 0 0 0 0 0 0 0 0 0 0 0 0 0 0 0 0 0 0 0 0 0 0 0 0 
0 0 0 0 0 0 2.6666e+07 5.33628e+07 2.08004e+07 5.25018e+06 1.09939e+06 160143 15336.1 5804.98 1944.79 969.442 0 0 0 0 0 0 0 0 0 0 0 0 0 0 0 0 0 0 0 0 0 0 0 0 0 0 0 0 0 0 0 0 0 0 0 0 0 0 0 0 0 0 0 0 0 0 0 0 0 
0 0 0 0 0 0 1.53293e+07 1.30823e+08 9.34538e+07 3.17551e+07 8.42548e+06 1.93116e+06 402704 50285.9 5326.02 0 0 1922.13 0 0 0 0 0 0 0 0 0 0 0 0 0 383.487 0 0 0 0 0 0 0 0 0 0 0 0 0 0 0 0 0 0 0 0 0 0 0 0 0 0 0 0 0 0 0 0 0 
0 0 0 0 0 0 0 1.92536e+08 3.12348e+08 1.55475e+08 5.31851e+07 1.5353e+07 3.71187e+06 865058 210368 53545.5 28767 946.768 3879.73 0 0 0 0 0 0 0 0 0 0 0 960.206 0 0 0 0 0 0 0 0 0 0 0 0 0 0 0 0 0 0 0 0 0 0 0 0 0 0 0 0 0 0 0 0 0 0 
0 0 0 0 0 0 0 1.61775e+08 7.39841e+08 5.9786e+08 2.62235e+08 9.30333e+07 3.02599e+07 8.4775e+06 2.16875e+06 603562 129883 54227.5 27995.9 11638.1 2874.48 0 0 0 476.269 0 0 0 962.797 3847.03 4983.85 0 11943.1 0 0 0 0 0 0 0 0 0 0 0 0 0 0 0 0 0 0 0 0 0 0 0 0 0 0 0 0 0 0 0 0 
0 0 0 0 0 0 0 6.54981e+07 1.16464e+09 1.78862e+09 1.09611e+09 4.7735e+08 1.79052e+08 6.29e+07 2.0024e+07 6.01338e+06 2.00451e+06 825807 243460 136364 30784 22881.8 11575.8 7690.03 0 3804.15 5728.81 11599.8 15513.5 21112.1 0 28729.2 404.975 0 0 0 0 0 0 0 0 0 0 0 0 0 0 0 0 0 0 0 0 0 0 0 0 0 0 0 0 0 0 0 0 
0 0 0 0 0 0 0 0 1.1708e+09 3.96901e+09 3.68218e+09 2.01809e+09 9.0483e+08 3.67841e+08 1.41785e+08 5.12385e+07 1.80776e+07 6.20966e+06 2.77374e+06 1.13381e+06 735013 260366 122954 78156 91850.4 86309.9 76701.4 75510.3 93431.3 61190.6 110882 152059 68745.1 0 0 0 0 0 0 0 0 0 0 0 0 0 0 0 0 0 0 0 0 0 0 0 0 0 0 0 0 0 0 0 0 
0 0 0 0 0 0 0 0 7.06876e+08 6.29071e+09 9.82433e+09 7.24822e+09 3.88142e+09 1.82722e+09 8.04765e+08 3.37008e+08 1.35573e+08 5.46253e+07 2.2703e+07 1.04244e+07 4.73366e+06 2.87977e+06 1.73494e+06 1.0724e+06 718354 465978 533867 532228 491138 431053 684830 269425 711972 0 0 0 0 0 0 0 0 0 0 0 0 0 0 0 0 0 0 0 0 0 0 0 0 0 0 0 0 0 0 0 0 
0 0 0 0 0 0 0 0 2.13317e+08 6.86701e+09 2.02507e+10 2.14548e+10 1.43036e+10 7.7683e+09 3.85559e+09 1.84057e+09 8.48347e+08 3.81298e+08 1.70754e+08 7.90768e+07 4.00075e+07 2.17445e+07 1.20754e+07 7.69306e+06 5.11789e+06 4.60452e+06 3.54275e+06 3.12556e+06 2.57448e+06 3.37121e+06 2.35895e+06 2.9853e+06 2.94472e+06 0 0 0 0 0 0 0 0 0 0 0 0 0 0 0 0 0 0 0 0 0 0 0 0 0 0 0 0 0 0 0 0 
0 0 0 0 0 0 0 0 0 5.01319e+09 3.11366e+10 5.13605e+10 4.47445e+10 2.88565e+10 1.62808e+10 8.60867e+09 4.3981e+09 2.20795e+09 1.10042e+09 5.51903e+08 2.84593e+08 1.53218e+08 9.30127e+07 5.81613e+07 4.05135e+07 2.75328e+07 2.15091e+07 1.75377e+07 1.75859e+07 1.4914e+07 1.39333e+07 1.54933e+07 1.22055e+07 0 0 0 0 0 0 0 0 0 0 0 0 0 0 0 0 0 0 0 0 0 0 0 0 0 0 0 0 0 0 0 0 
0 0 0 0 0 0 0 0 0 2.28246e+09 3.49588e+10 9.73114e+10 1.1723e+11 9.27939e+10 5.98519e+10 3.51748e+10 1.98909e+10 1.09495e+10 5.95891e+09 3.24766e+09 1.80327e+09 1.02291e+09 6.0134e+08 3.78243e+08 2.51303e+08 1.79468e+08 1.38712e+08 1.13623e+08 9.52226e+07 8.06236e+07 8.3143e+07 7.26524e+07 7.79019e+07 0 0 0 0 0 0 0 0 0 0 0 0 0 0 0 0 0 0 0 0 0 0 0 0 0 0 0 0 0 0 0 0 
0 0 0 0 0 0 0 0 0 5.38498e+08 2.80282e+10 1.42698e+11 2.51997e+11 2.55704e+11 1.94825e+11 1.28355e+11 7.93028e+10 4.7597e+10 2.80844e+10 1.65548e+10 9.77511e+09 5.90892e+09 3.65908e+09 2.36425e+09 1.58519e+09 1.13118e+09 8.32233e+08 6.60045e+08 5.4185e+08 4.92586e+08 4.35364e+08 4.13401e+08 4.0597e+08 0 0 0 0 0 0 0 0 0 0 0 0 0 0 0 0 0 0 0 0 0 0 0 0 0 0 0 0 0 0 0 0 
0 0 0 0 0 0 0 0 0 0 1.5546e+10 1.58955e+11 4.37725e+11 5.94537e+11 5.49472e+11 4.14986e+11 2.82584e+11 1.83586e+11 1.16702e+11 7.35818e+10 4.65855e+10 2.97164e+10 1.94249e+10 1.30307e+10 9.02991e+09 6.4821e+09 4.88752e+09 3.81537e+09 3.19667e+09 2.73549e+09 2.4637e+09 2.33614e+09 2.3029e+09 0 0 0 0 0 0 0 0 0 0 0 0 0 0 0 0 0 0 0 0 0 0 0 0 0 0 0 0 0 0 0 0 
0 0 0 0 0 0 0 0 0 0 5.55508e+09 1.3274e+11 6.04125e+11 1.14902e+12 1.33962e+12 1.18447e+12 9.01776e+11 6.38414e+11 4.36375e+11 2.93534e+11 1.96546e+11 1.32969e+11 9.12422e+10 6.3684e+10 4.57663e+10 3.40061e+10 2.60592e+10 2.08749e+10 1.72438e+10 1.49386e+10 1.35098e+10 1.27369e+10 1.23658e+10 0 0 0 0 0 0 0 0 0 0 0 0 0 0 0 0 0 0 0 0 0 0 0 0 0 0 0 0 0 0 0 0 
0 0 0 0 0 0 0 0 0 0 1.07018e+09 8.14101e+10 6.5383e+11 1.82743e+12 2.77097e+12 2.95746e+12 2.57424e+12 1.99984e+12 1.47033e+12 1.05362e+12 7.47765e+11 5.335e+11 3.82044e+11 2.78992e+11 2.0867e+11 1.58987e+11 1.25433e+11 1.02071e+11 8.59261e+10 7.51967e+10 6.83969e+10 6.45597e+10 6.35593e+10 0 0 0 0 0 0 0 0 0 0 0 0 0 0 0 0 0 0 0 0 0 0 0 0 0 0 0 0 0 0 0 0 
0 0 0 0 0 0 0 0 0 0 0 3.5749e+10 5.4917e+11 2.35192e+12 4.82914e+12 6.37318e+12 6.46937e+12 5.63984e+12 4.50478e+12 3.44409e+12 2.5922e+12 1.93364e+12 1.45021e+12 1.10051e+12 8.49196e+11 6.70168e+11 5.41532e+11 4.51184e+11 3.87015e+11 3.42604e+11 3.14108e+11 2.97878e+11 2.92731e+11 0 0 0 0 0 0 0 0 0 0 0 0 0 0 0 0 0 0 0 0 0 0 0 0 0 0 0 0 0 0 0 0 
0 0 0 0 0 0 0 0 0 0 0 1.03546e+10 3.54179e+11 2.43688e+12 6.99977e+12 1.17761e+13 1.42807e+13 1.41667e+13 1.24846e+13 1.02876e+13 8.18818e+12 6.41761e+12 5.03532e+12 3.96512e+12 3.16911e+12 2.57352e+12 2.13411e+12 1.80584e+12 1.57946e+12 1.41657e+12 1.31077e+12 1.2504e+12 1.22774e+12 0 0 0 0 0 0 0 0 0 0 0 0 0 0 0 0 0 0 0 0 0 0 0 0 0 0 0 0 0 0 0 0 
0 0 0 0 0 0 0 0 0 0 0 1.70867e+09 1.72621e+11 2.01343e+12 8.36791e+12 1.84715e+13 2.73394e+13 3.14906e+13 3.10302e+13 2.7803e+13 2.3614e+13 1.95454e+13 1.59709e+13 1.30951e+13 1.07882e+13 9.01217e+12 7.65568e+12 6.63522e+12 5.88058e+12 5.34471e+12 4.98661e+12 4.77613e+12 4.72132e+12 0 0 0 0 0 0 0 0 0 0 0 0 0 0 0 0 0 0 0 0 0 0 0 0 0 0 0 0 0 0 0 0 
0 0 0 0 0 0 0 0 0 0 0 0 6.20273e+10 1.32008e+12 8.21185e+12 2.4415e+13 4.51075e+13 6.14302e+13 6.87423e+13 6.7933e+13 6.21826e+13 5.46211e+13 4.6774e+13 3.98728e+13 3.40691e+13 2.91547e+13 2.53157e+13 2.24102e+13 2.01966e+13 1.86011e+13 1.75035e+13 1.68562e+13 1.6621e+13 0 0 0 0 0 0 0 0 0 0 0 0 0 0 0 0 0 0 0 0 0 0 0 0 0 0 0 0 0 0 0 0 
0 0 0 0 0 0 0 0 0 0 0 0 1.50176e+10 6.808e+11 6.56989e+12 2.69691e+13 6.37566e+13 1.04575e+14 1.34987e+14 1.48979e+14 1.48757e+14 1.39294e+14 1.26208e+14 1.11938e+14 9.87251e+13 8.73595e+13 7.78246e+13 7.00991e+13 6.41712e+13 5.97019e+13 5.65676e+13 5.4871e+13 5.43062e+13 0 0 0 0 0 0 0 0 0 0 0 0 0 0 0 0 0 0 0 0 0 0 0 0 0 0 0 0 0 0 0 0 
0 0 0 0 0 0 0 0 0 0 0 0 2.24358e+09 2.72894e+11 4.28106e+12 2.48654e+13 7.65986e+13 1.5425e+14 2.33234e+14 2.9133e+14 3.20247e+14 3.23848e+14 3.11026e+14 2.89617e+14 2.65509e+14 2.41972e+14 2.21156e+14 2.03412e+14 1.89003e+14 1.77975e+14 1.70743e+14 1.66088e+14 1.6506e+14 0 0 0 0 0 0 0 0 0 0 0 0 0 0 0 0 0 0 0 0 0 0 0 0 0 0 0 0 0 0 0 0 
0 0 0 0 0 0 0 0 0 0 0 0 0 8.26816e+10 2.26364e+12 1.90539e+13 7.80189e+13 1.96072e+14 3.52979e+14 5.04601e+14 6.17604e+14 6.80641e+14 6.9899e+14 6.86719e+14 6.57315e+14 6.19846e+14 5.81998e+14 5.47646e+14 5.19225e+14 4.96198e+14 4.78463e+14 4.6912e+14 4.64855e+14 0 0 0 0 0 0 0 0 0 0 0 0 0 0 0 0 0 0 0 0 0 0 0 0 0 0 0 0 0 0 0 0 
0 0 0 0 0 0 0 0 0 0 0 0 0 1.72808e+10 9.63913e+11 1.2168e+13 6.72451e+13 2.1421e+14 4.6495e+14 7.72485e+14 1.06417e+15 1.28834e+15 1.42702e+15 1.48851e+15 1.49471e+15 1.46747e+15 1.42134e+15 1.36977e+15 1.31984e+15 1.2792e+15 1.24987e+15 1.22871e+15 1.22212e+15 0 0 0 0 0 0 0 0 0 0 0 0 0 0 0 0 0 0 0 0 0 0 0 0 0 0 0 0 0 0 0 0 
0 0 0 0 0 0 0 0 0 0 0 0 0 2.51168e+09 3.27479e+11 6.44233e+12 4.90007e+13 2.00591e+14 5.31949e+14 1.03739e+15 1.62623e+15 2.1829e+15 2.63074e+15 2.93796e+15 3.11108e+15 3.18621e+15 3.19387e+15 3.1671e+15 3.11852e+15 3.06451e+15 3.02494e+15 2.99609e+15 2.9869e+15 0 0 0 0 0 0 0 0 0 0 0 0 0 0 0 0 0 0 0 0 0 0 0 0 0 0 0 0 0 0 0 0 
0 0 0 0 0 0 0 0 0 0 0 0 0 0 8.65137e+10 2.8326e+12 3.02255e+13 1.60949e+14 5.27427e+14 1.22162e+15 2.19843e+15 3.30331e+15 4.36297e+15 5.23973e+15 5.90007e+15 6.33998e+15 6.60738e+15 6.74199e+15 6.79372e+15 6.80728e+15 6.79969e+15 6.78312e+15 6.77504e+15 0 0 0 0 0 0 0 0 0 0 0 0 0 0 0 0 0 0 0 0 0 0 0 0 0 0 0 0 0 0 0 0 
0 0 0 0 0 0 0 0 0 0 0 0 0 0 1.61913e+10 1.02679e+12 1.58156e+13 1.10795e+14 4.53511e+14 1.25707e+15 2.62657e+15 4.4546e+15 6.47385e+15 8.43872e+15 1.01407e+16 1.14891e+16 1.24909e+16 1.31807e+16 1.36491e+16 1.39206e+16 1.40839e+16 1.41548e+16 1.4195e+16 0 0 0 0 0 0 0 0 0 0 0 0 0 0 0 0 0 0 0 0 0 0 0 0 0 0 0 0 0 0 0 0 
0 0 0 0 0 0 0 0 0 0 0 0 0 0 2.50184e+09 3.05775e+11 7.02376e+12 6.56364e+13 3.37897e+14 1.13133e+15 2.76054e+15 5.32048e+15 8.60164e+15 1.22219e+16 1.57581e+16 1.8915e+16 2.15128e+16 2.35801e+16 2.51021e+16 2.61868e+16 2.68644e+16 2.72886e+16 2.74034e+16 0 0 0 0 0 0 0 0 0 0 0 0 0 0 0 0 0 0 0 0 0 0 0 0 0 0 0 0 0 0 0 0 
0 0 0 0 0 0 0 0 0 0 0 0 0 0 0 7.29973e+10 2.64682e+12 3.35281e+13 2.18889e+14 8.9135e+14 2.55574e+15 5.63669e+15 1.02023e+16 1.58692e+16 2.20685e+16 2.81806e+16 3.37561e+16 3.84664e+16 4.21882e+16 4.506e+16 4.70299e+16 4.81746e+16 4.85643e+16 0 0 0 0 0 0 0 0 0 0 0 0 0 0 0 0 0 0 0 0 0 0 0 0 0 0 0 0 0 0 0 0 
0 0 0 0 0 0 0 0 0 0 0 0 0 0 0 1.27859e+10 8.44533e+11 1.48276e+13 1.23683e+14 6.16302e+14 2.08851e+15 5.29274e+15 1.07626e+16 1.8462e+16 2.78287e+16 3.79598e+16 4.79504e+16 5.7042e+16 6.47938e+16 7.084e+16 7.51879e+16 7.78245e+16 7.8678e+16 0 0 0 0 0 0 0 0 0 0 0 0 0 0 0 0 0 0 0 0 0 0 0 0 0 0 0 0 0 0 0 0 
0 0 0 0 0 0 0 0 0 0 0 0 0 0 0 2.29774e+09 2.28335e+11 5.69221e+12 6.12602e+13 3.74044e+14 1.50613e+15 4.41639e+15 1.01315e+16 1.92462e+16 3.15296e+16 4.61181e+16 6.16232e+16 7.6727e+16 9.03573e+16 1.01518e+17 1.09845e+17 1.14901e+17 1.16468e+17 0 0 0 0 0 0 0 0 0 0 0 0 0 0 0 0 0 0 0 0 0 0 0 0 0 0 0 0 0 0 0 0 
0 0 0 0 0 0 0 0 0 0 0 0 0 0 0 0 5.15779e+10 1.90052e+12 2.67597e+13 2.01374e+14 9.64505e+14 3.2729e+15 8.50517e+15 1.79503e+16 3.21128e+16 5.04773e+16 7.16638e+16 9.36535e+16 1.14431e+17 1.32417e+17 1.46008e+17 1.54465e+17 1.57489e+17 0 0 0 0 0 0 0 0 0 0 0 0 0 0 0 0 0 0 0 0 0 0 0 0 0 0 0 0 0 0 0 0 
0 0 0 0 0 0 0 0 0 0 0 0 0 0 0 0 8.82771e+09 5.52717e+11 1.03156e+13 9.61125e+13 5.49848e+14 2.16624e+15 6.38573e+15 1.50016e+16 2.94174e+16 4.98848e+16 7.52445e+16 1.03429e+17 1.31528e+17 1.56524e+17 1.76334e+17 1.89016e+17 1.93374e+17 0 0 0 0 0 0 0 0 0 0 0 0 0 0 0 0 0 0 0 0 0 0 0 0 0 0 0 0 0 0 0 0 
0 0 0 0 0 0 0 0 0 0 0 0 0 0 0 0 1.98007e+09 1.41625e+11 3.54045e+12 4.1162e+13 2.80516e+14 1.28415e+15 4.30694e+15 1.12727e+16 2.42579e+16 4.44294e+16 7.1551e+16 1.03547e+17 1.37138e+17 1.68689e+17 1.94156e+17 2.10519e+17 2.1634e+17 0 0 0 0 0 0 0 0 0 0 0 0 0 0 0 0 0 0 0 0 0 0 0 0 0 0 0 0 0 0 0 0 
0 0 0 0 0 0 0 0 0 0 0 0 0 0 0 0 0 3.19924e+10 1.0877e+12 1.58306e+13 1.29168e+14 6.87046e+14 2.61911e+15 7.65279e+15 1.80374e+16 3.5799e+16 6.15624e+16 9.39492e+16 1.29849e+17 1.64718e+17 1.93957e+17 2.13456e+17 2.20121e+17 0 0 0 0 0 0 0 0 0 0 0 0 0 0 0 0 0 0 0 0 0 0 0 0 0 0 0 0 0 0 0 0 
0 0 0 0 0 0 0 0 0 0 0 0 0 0 0 0 0 5.50959e+09 3.00048e+11 5.51438e+12 5.39174e+13 3.33022e+14 1.44181e+15 4.70003e+15 1.21912e+16 2.61679e+16 4.80613e+16 7.74966e+16 1.11836e+17 1.46614e+17 1.76692e+17 1.96953e+17 2.04144e+17 0 0 0 0 0 0 0 0 0 0 0 0 0 0 0 0 0 0 0 0 0 0 0 0 0 0 0 0 0 0 0 0 
0 0 0 0 0 0 0 0 0 0 0 0 0 0 0 0 0 1.59222e+09 7.68614e+10 1.76061e+12 2.05933e+13 1.47354e+14 7.24431e+14 2.63356e+15 7.48779e+15 1.74047e+16 3.41871e+16 5.82284e+16 8.77779e+16 1.19053e+17 1.46586e+17 1.65884e+17 1.72617e+17 0 0 0 0 0 0 0 0 0 0 0 0 0 0 0 0 0 0 0 0 0 0 0 0 0 0 0 0 0 0 0 0 
0 0 0 0 0 0 0 0 0 0 0 0 0 0 0 0 0 0 1.80999e+10 5.18158e+11 7.24535e+12 6.01031e+13 3.33516e+14 1.35028e+15 4.2111e+15 1.05996e+16 2.22302e+16 3.99938e+16 6.29987e+16 8.83021e+16 1.11561e+17 1.27797e+17 1.33802e+17 0 0 0 0 0 0 0 0 0 0 0 0 0 0 0 0 0 0 0 0 0 0 0 0 0 0 0 0 0 0 0 0 
0 0 0 0 0 0 0 0 0 0 0 0 0 0 0 0 0 0 3.12839e+09 1.42014e+11 2.37511e+12 2.27234e+13 1.42551e+14 6.39338e+14 2.18462e+15 5.92875e+15 1.32778e+16 2.52342e+16 4.14958e+16 6.01256e+16 7.77693e+16 9.04196e+16 9.49869e+16 0 0 0 0 0 0 0 0 0 0 0 0 0 0 0 0 0 0 0 0 0 0 0 0 0 0 0 0 0 0 0 0 
0 0 0 0 0 0 0 0 0 0 0 0 0 0 0 0 0 0 1.18577e+09 3.81787e+10 7.36186e+11 8.046e+12 5.67969e+13 2.81587e+14 1.04768e+15 3.06487e+15 7.32014e+15 1.46614e+16 2.51918e+16 3.77562e+16 4.99337e+16 5.88814e+16 6.21898e+16 0 0 0 0 0 0 0 0 0 0 0 0 0 0 0 0 0 0 0 0 0 0 0 0 0 0 0 0 0 0 0 0 
0 0 0 0 0 0 0 0 0 0 0 0 0 0 0 0 0 0 0 9.49222e+09 2.16384e+11 2.70184e+12 2.13249e+13 1.16499e+14 4.70766e+14 1.48168e+15 3.76089e+15 7.9162e+15 1.41983e+16 2.19464e+16 2.97231e+16 3.55289e+16 3.76651e+16 0 0 0 0 0 0 0 0 0 0 0 0 0 0 0 0 0 0 0 0 0 0 0 0 0 0 0 0 0 0 0 0 
0 0 0 0 0 0 0 0 0 0 0 0 0 0 0 0 0 0 0 1.60351e+09 6.14504e+10 8.70824e+11 7.60005e+12 4.54687e+13 1.99276e+14 6.71997e+14 1.80914e+15 4.00751e+15 7.4599e+15 1.19109e+16 1.64831e+16 1.99512e+16 2.12781e+16 0 0 0 0 0 0 0 0 0 0 0 0 0 0 0 0 0 0 0 0 0 0 0 0 0 0 0 0 0 0 0 0 
0 0 0 0 0 0 0 0 0 0 0 0 0 0 0 0 0 0 0 8.04788e+08 1.77908e+10 2.73146e+11 2.60114e+12 1.69757e+13 8.01717e+13 2.8808e+14 8.19649e+14 1.90481e+15 3.68854e+15 6.06306e+15 8.57589e+15 1.052e+16 1.12396e+16 0 0 0 0 0 0 0 0 0 0 0 0 0 0 0 0 0 0 0 0 0 0 0 0 0 0 0 0 0 0 0 0 
0 0 0 0 0 0 0 0 0 0 0 0 0 0 0 0 0 0 0 0 4.57199e+09 8.22644e+10 8.70982e+11 6.11843e+12 3.08989e+13 1.18268e+14 3.54643e+14 8.58777e+14 1.72668e+15 2.91703e+15 4.20588e+15 5.2244e+15 5.60616e+15 0 0 0 0 0 0 0 0 0 0 0 0 0 0 0 0 0 0 0 0 0 0 0 0 0 0 0 0 0 0 0 0 
0 0 0 0 0 0 0 0 0 0 0 0 0 0 0 0 0 0 0 0 7.24721e+08 2.47263e+10 2.87114e+11 2.14797e+12 1.15349e+13 4.65278e+13 1.46663e+14 3.71475e+14 7.68622e+14 1.33467e+15 1.96183e+15 2.4612e+15 2.65996e+15 0 0 0 0 0 0 0 0 0 0 0 0 0 0 0 0 0 0 0 0 0 0 0 0 0 0 0 0 0 0 0 0 
0 0 0 0 0 0 0 0 0 0 0 0 0 0 0 0 0 0 0 0 4.94479e+08 7.73907e+09 9.28028e+10 7.40604e+11 4.21954e+12 1.7838e+13 5.87054e+13 1.54036e+14 3.29863e+14 5.87036e+14 8.77358e+14 1.11281e+15 1.2026e+15 0 0 0 0 0 0 0 0 0 0 0 0 0 0 0 0 0 0 0 0 0 0 0 0 0 0 0 0 0 0 0 0 
0 0 0 0 0 0 0 0 0 0 0 0 0 0 0 0 0 0 0 0 0 1.97635e+09 2.86806e+10 2.54522e+11 1.52149e+12 6.72952e+12 2.29709e+13 6.2297e+13 1.37368e+14 2.49367e+14 3.78643e+14 4.84831e+14 5.27331e+14 0 0 0 0 0 0 0 0 0 0 0 0 0 0 0 0 0 0 0 0 0 0 0 0 0 0 0 0 0 0 0 0 
0 0 0 0 0 0 0 0 0 0 0 0 0 0 0 0 0 0 0 0 0 2.83981e+08 9.27386e+09 8.75532e+10 5.4288e+11 2.49575e+12 8.83897e+12 2.47005e+13 5.578e+13 1.03426e+14 1.59257e+14 2.05895e+14 2.23719e+14 0 0 0 0 0 0 0 0 0 0 0 0 0 0 0 0 0 0 0 0 0 0 0 0 0 0 0 0 0 0 0 0 
0 0 0 0 0 0 0 0 0 0 0 0 0 0 0 0 0 0 0 0 0 2.71631e+08 3.07333e+09 2.88337e+10 1.91649e+11 9.26431e+11 3.37081e+12 9.68564e+12 2.23439e+13 4.19841e+13 6.56118e+13 8.54681e+13 9.33493e+13 0 0 0 0 0 0 0 0 0 0 0 0 0 0 0 0 0 0 0 0 0 0 0 0 0 0 0 0 0 0 0 0 
0 0 0 0 0 0 0 0 0 0 0 0 0 0 0 0 0 0 0 0 0 0 7.494e+08 9.10252e+09 6.86037e+10 3.42736e+11 1.28136e+12 3.76002e+12 8.84633e+12 1.69421e+13 2.67473e+13 3.50075e+13 3.83656e+13 0 0 0 0 0 0 0 0 0 0 0 0 0 0 0 0 0 0 0 0 0 0 0 0 0 0 0 0 0 0 0 0 
0 0 0 0 0 0 0 0 0 0 0 0 0 0 0 0 0 0 0 0 0 0 9.44249e+07 3.20057e+09 2.44995e+10 1.24739e+11 4.85531e+11 1.46491e+12 3.49818e+12 6.79261e+12 1.08152e+13 1.42359e+13 1.55936e+13 0 0 0 0 0 0 0 0 0 0 0 0 0 0 0 0 0 0 0 0 0 0 0 0 0 0 0 0 0 0 0 0 
0 0 0 0 0 0 0 0 0 0 0 0 0 0 0 0 0 0 0 0 0 0 1.32355e+08 1.09454e+09 7.98011e+09 4.5174e+10 1.85944e+11 5.6695e+11 1.38613e+12 2.72644e+12 4.36288e+12 5.80828e+12 6.35213e+12 0 0 0 0 0 0 0 0 0 0 0 0 0 0 0 0 0 0 0 0 0 0 0 0 0 0 0 0 0 0 0 0 
0 0 0 0 0 0 0 0 0 0 0 0 0 0 0 0 0 0 0 0 0 0 0 2.43574e+08 2.58684e+09 1.6998e+10 6.9898e+10 2.19228e+11 5.48561e+11 1.08837e+12 1.77081e+12 2.35186e+12 2.59027e+12 0 0 0 0 0 0 0 0 0 0 0 0 0 0 0 0 0 0 0 0 0 0 0 0 0 0 0 0 0 0 0 0 
0 0 0 0 0 0 0 0 0 0 0 0 0 0 0 0 0 0 0 0 0 0 0 2.60879e+07 1.01056e+09 6.09447e+09 2.54461e+10 8.57177e+10 2.16917e+11 4.36673e+11 7.18117e+11 9.55989e+11 1.05912e+12 0 0 0 0 0 0 0 0 0 0 0 0 0 0 0 0 0 0 0 0 0 0 0 0 0 0 0 0 0 0 0 0 
0 0 0 0 0 0 0 0 0 0 0 0 0 0 0 0 0 0 0 0 0 0 0 5.66196e+07 3.41593e+08 1.90314e+09 9.60736e+09 3.33357e+10 8.44782e+10 1.76384e+11 2.89569e+11 3.91127e+11 4.30071e+11 0 0 0 0 0 0 0 0 0 0 0 0 0 0 0 0 0 0 0 0 0 0 0 0 0 0 0 0 0 0 0 0 
0 0 0 0 0 0 0 0 0 0 0 0 0 0 0 0 0 0 0 0 0 0 0 0 6.62726e+07 6.60779e+08 3.77764e+09 1.23571e+10 3.33568e+10 7.0617e+10 1.16633e+11 1.60303e+11 1.74561e+11 0 0 0 0 0 0 0 0 0 0 0 0 0 0 0 0 0 0 0 0 0 0 0 0 0 0 0 0 0 0 0 0 
0 0 0 0 0 0 0 0 0 0 0 0 0 0 0 0 0 0 0 0 0 0 0 0 5.79966e+06 2.87111e+08 1.29333e+09 4.5263e+09 1.34461e+10 2.75479e+10 4.76054e+10 6.46401e+10 7.1837e+10 0 0 0 0 0 0 0 0 0 0 0 0 0 0 0 0 0 0 0 0 0 0 0 0 0 0 0 0 0 0 0 0 
0 0 0 0 0 0 0 0 0 0 0 0 0 0 0 0 0 0 0 0 0 0 0 0 2.10457e+07 9.05231e+07 3.81615e+08 1.83697e+09 5.12619e+09 1.08153e+10 1.94346e+10 2.57728e+10 2.96578e+10 0 0 0 0 0 0 0 0 0 0 0 0 0 0 0 0 0 0 0 0 0 0 0 0 0 0 0 0 0 0 0 0 
0 0 0 0 0 0 0 0 0 0 0 0 0 0 0 0 0 0 0 0 0 0 0 0 0 1.46268e+07 1.5428e+08 7.28273e+08 1.81746e+09 4.47831e+09 7.52545e+09 1.05756e+10 1.18144e+10 0 0 0 0 0 0 0 0 0 0 0 0 0 0 0 0 0 0 0 0 0 0 0 0 0 0 0 0 0 0 0 0 
0 0 0 0 0 0 0 0 0 0 0 0 0 0 0 0 0 0 0 0 0 0 0 0 0 1.00064e+06 7.17007e+07 2.22148e+08 7.06849e+08 1.79091e+09 2.87181e+09 4.4033e+09 4.55565e+09 0 0 0 0 0 0 0 0 0 0 0 0 0 0 0 0 0 0 0 0 0 0 0 0 0 0 0 0 0 0 0 0 
0 0 0 0 0 0 0 0 0 0 0 0 0 0 0 0 0 0 0 0 0 0 0 0 0 6.69985e+06 1.96644e+07 6.39244e+07 3.13303e+08 6.27028e+08 1.19934e+09 1.70425e+09 1.86853e+09 0 0 0 0 0 0 0 0 0 0 0 0 0 0 0 0 0 0 0 0 0 0 0 0 0 0 0 0 0 0 0 0 
0 0 0 0 0 0 0 0 0 0 0 0 0 0 0 0 0 0 0 0 0 0 0 0 0 0 2.50587e+06 3.31297e+07 1.14819e+08 2.19459e+08 5.14297e+08 6.10969e+08 8.08068e+08 0 0 0 0 0 0 0 0 0 0 0 0 0 0 0 0 0 0 0 0 0 0 0 0 0 0 0 0 0 0 0 0 
0 0 0 0 0 0 0 0 0 0 0 0 0 0 0 0 0 0 0 0 0 0 0 0 0 0 125099 1.50586e+07 2.87201e+07 1.0007e+08 1.84432e+08 2.49586e+08 3.12016e+08 0 0 0 0 0 0 0 0 0 0 0 0 0 0 0 0 0 0 0 0 0 0 0 0 0 0 0 0 0 0 0 0 
0 0 0 0 0 0 0 0 0 0 0 0 0 0 0 0 0 0 0 0 0 0 0 0 0 0 1.79954e+06 3.34601e+06 9.37423e+06 4.49162e+07 5.61346e+07 1.16665e+08 1.00937e+08 0 0 0 0 0 0 0 0 0 0 0 0 0 0 0 0 0 0 0 0 0 0 0 0 0 0 0 0 0 0 0 0 
0 0 0 0 0 0 0 0 0 0 0 0 0 0 0 0 0 0 0 0 0 0 0 0 0 0 0 311607 6.36981e+06 1.34013e+07 2.31988e+07 4.50782e+07 3.8045e+07 0 0 0 0 0 0 0 0 0 0 0 0 0 0 0 0 0 0 0 0 0 0 0 0 0 0 0 0 0 0 0 0 
0 0 0 0 0 0 0 0 0 0 0 0 0 0 0 0 0 0 0 0 0 0 0 0 0 0 0 9931.72 2.52074e+06 2.54782e+06 1.26224e+07 1.22398e+07 1.98781e+07 0 0 0 0 0 0 0 0 0 0 0 0 0 0 0 0 0 0 0 0 0 0 0 0 0 0 0 0 0 0 0 0 
0 0 0 0 0 0 0 0 0 0 0 0 0 0 0 0 0 0 0 0 0 0 0 0 0 0 0 399654 414962 1.31757e+06 4.79306e+06 3.71314e+06 8.63432e+06 0 0 0 0 0 0 0 0 0 0 0 0 0 0 0 0 0 0 0 0 0 0 0 0 0 0 0 0 0 0 0 0 
0 0 0 0 0 0 0 0 0 0 0 0 0 0 0 0 0 0 0 0 0 0 0 0 0 0 0 0 24906.2 1.02234e+06 1.00001e+06 2.39469e+06 2.28225e+06 0 0 0 0 0 0 0 0 0 0 0 0 0 0 0 0 0 0 0 0 0 0 0 0 0 0 0 0 0 0 0 0 
0 0 0 0 0 0 0 0 0 0 0 0 0 0 0 0 0 0 0 0 0 0 0 0 0 0 0 0 381.822 310877 138041 1.22751e+06 393591 0 0 0 0 0 0 0 0 0 0 0 0 0 0 0 0 0 0 0 0 0 0 0 0 0 0 0 0 0 0 0 0 
0 0 0 0 0 0 0 0 0 0 0 0 0 0 0 0 0 0 0 0 0 0 0 0 0 0 0 0 71356.1 33188 179631 308993 255255 0 0 0 0 0 0 0 0 0 0 0 0 0 0 0 0 0 0 0 0 0 0 0 0 0 0 0 0 0 0 0 0 
0 0 0 0 0 0 0 0 0 0 0 0 0 0 0 0 0 0 0 0 0 0 0 0 0 0 0 0 0 957.907 124333 37353.1 210835 0 0 0 0 0 0 0 0 0 0 0 0 0 0 0 0 0 0 0 0 0 0 0 0 0 0 0 0 0 0 0 0 
0 0 0 0 0 0 0 0 0 0 0 0 0 0 0 0 0 0 0 0 0 0 0 0 0 0 0 0 0 0 24870 3858.96 68077.9 0 0 0 0 0 0 0 0 0 0 0 0 0 0 0 0 0 0 0 0 0 0 0 0 0 0 0 0 0 0 0 0 
0 0 0 0 0 0 0 0 0 0 0 0 0 0 0 0 0 0 0 0 0 0 0 0 0 0 0 0 0 9842.22 1276.55 20736.1 7668.29 0 0 0 0 0 0 0 0 0 0 0 0 0 0 0 0 0 0 0 0 0 0 0 0 0 0 0 0 0 0 0 0 
0 0 0 0 0 0 0 0 0 0 0 0 0 0 0 0 0 0 0 0 0 0 0 0 0 0 0 0 0 0 0 9945.46 480.589 0 0 0 0 0 0 0 0 0 0 0 0 0 0 0 0 0 0 0 0 0 0 0 0 0 0 0 0 0 0 0 0 
0 0 0 0 0 0 0 0 0 0 0 0 0 0 0 0 0 0 0 0 0 0 0 0 0 0 0 0 0 0 0 956.573 0 0 0 0 0 0 0 0 0 0 0 0 0 0 0 0 0 0 0 0 0 0 0 0 0 0 0 0 0 0 0 0 0 
0 0 0 0 0 0 0 0 0 0 0 0 0 0 0 0 0 0 0 0 0 0 0 0 0 0 0 0 0 0 984.222 0 1658.4 0 0 0 0 0 0 0 0 0 0 0 0 0 0 0 0 0 0 0 0 0 0 0 0 0 0 0 0 0 0 0 0 
0 0 0 0 0 0 0 0 0 0 0 0 0 0 0 0 0 0 0 0 0 0 0 0 0 0 0 0 0 0 0 0 382.487 0 0 0 0 0 0 0 0 0 0 0 0 0 0 0 0 0 0 0 0 0 0 0 0 0 0 0 0 0 0 0 0 
0 0 0 0 0 0 0 0 0 0 0 0 0 0 0 0 0 0 0 0 0 0 0 0 0 0 0 0 0 0 0 0 0 0 0 0 0 0 0 0 0 0 0 0 0 0 0 0 0 0 0 0 0 0 0 0 0 0 0 0 0 0 0 0 0 
0 0 0 0 0 0 0 0 0 0 0 0 0 0 0 0 0 0 0 0 0 0 0 0 0 0 0 0 0 0 0 63.4982 0 0 0 0 0 0 0 0 0 0 0 0 0 0 0 0 0 0 0 0 0 0 0 0 0 0 0 0 0 0 0 0 0 
0 0 0 0 0 0 0 0 0 0 0 0 0 0 0 0 0 0 0 0 0 0 0 0 0 0 0 0 0 0 0 0 0 0 0 0 0 0 0 0 0 0 0 0 0 0 0 0 0 0 0 0 0 0 0 0 0 0 0 0 0 0 0 0 0 
0 0 0 0 0 0 0 0 0 0 0 0 0 0 0 0 0 0 0 0 0 0 0 0 0 0 0 0 0 0 0 0 0 0 0 0 0 0 0 0 0 0 0 0 0 0 0 0 0 0 0 0 0 0 0 0 0 0 0 0 0 0 0 0 0 
0 0 0 0 0 0 0 0 0 0 0 0 0 0 0 0 0 0 0 0 0 0 0 0 0 0 0 0 0 0 0 0 1.98432 0 0 0 0 0 0 0 0 0 0 0 0 0 0 0 0 0 0 0 0 0 0 0 0 0 0 0 0 0 0 0 0 
