1 0 0 0 0 0 0 0 0 0 0 0 0 0 0 0 0 0 0 0 0 0 0 0 0 0 0 0 0 0 0 0 0 0 0 0 0 0 0 0 0 0 0 0 0 0 0 0 0 0 0 0 0 0 0 0 0 0 0 0 0 0 0 0 1 
0 0 0 0 0 0 0 0 0 0 0 0 0 0 0 0 0 0 0 0 0 0 0 0 0 0 0 0 0 0 0 0 0 0 0 0 0 0 0 0 0 0 0 0 0 0 0 0 0 0 0 0 0 0 0 0 0 0 0 0 0 0 0 0 0 
0 0 0 0 0 0 0 0 0 0 0 0 0 0 0 0 0 0 0 0 0 0 0 0 0 0 0 0 0 0 0 0 0 0 0 0 0 0 0 0 0 0 0 0 0 0 0 0 0 0 0 0 0 0 0 0 0 0 0 0 0 0 0 0 0 
0 64 0 0 0 0 0 0 0 0 0 0 0 0 0 0 0 0 0 0 0 0 0 0 0 0 0 0 0 0 0 0 0 0 0 0 0 0 0 0 0 0 0 0 0 0 0 0 0 0 0 0 0 0 0 0 0 0 0 0 0 0 0 0 0 
0 0 0 0 0 0 0 0 0 0 0 0 0 0 0 0 0 0 0 0 0 0 0 0 0 0 0 0 0 0 0 0 0 0 0 0 0 0 0 0 0 0 0 0 0 0 0 0 0 0 0 0 0 0 0 0 0 0 0 0 0 0 0 0 0 
0 0 192 0 0 0 0 0 0 0 0 0 0 0 0 0 0 0 0 0 0 0 0 0 0 0 0 0 0 0 0 0 0 0 0 0 0 0 0 0 0 0 0 0 0 0 0 0 0 0 0 0 0 0 0 0 0 0 0 0 0 0 0 0 0 
0 0 1824 0 0 0 0 0 0 0 0 0 0 0 0 0 0 0 0 0 0 0 0 0 0 0 0 0 0 0 0 0 0 0 0 0 0 0 0 0 0 0 0 0 0 0 0 0 0 0 0 0 0 0 0 0 0 0 0 0 0 0 0 0 0 
0 0 0 958.79 0 0 0 0 0 0 0 0 0 0 0 0 0 0 0 0 0 0 0 0 0 0 0 0 0 0 0 0 0 0 0 0 0 0 0 0 0 0 0 0 0 0 0 0 0 0 0 0 0 0 0 0 0 0 0 0 0 0 0 0 0 
0 0 0 9986.42 239.697 0 0 0 0 0 0 0 0 0 0 0 0 0 0 0 0 0 0 0 0 0 0 0 0 0 0 0 0 0 0 0 0 0 0 0 0 0 0 0 0 0 0 0 0 0 0 0 0 0 0 0 0 0 0 0 0 0 0 0 0 
0 0 0 30718.8 5126.82 0 0 0 0 0 0 0 0 0 0 0 0 0 0 0 0 0 0 0 0 0 0 0 0 0 0 0 0 0 0 0 0 0 0 0 0 0 0 0 0 0 0 0 0 0 0 0 0 0 0 0 0 0 0 0 0 0 0 0 0 
0 0 0 0 59089.4 3846.83 0 0 0 0 0 0 0 0 0 0 0 0 0 0 0 0 0 0 0 0 0 0 0 0 0 0 0 0 0 0 0 0 0 0 0 0 0 0 0 0 0 0 0 0 0 0 0 0 0 0 0 0 0 0 0 0 0 0 0 
0 0 0 0 228554 38447.7 1926.37 0 0 0 0 0 0 0 0 0 0 0 0 0 0 0 0 0 0 0 0 0 0 0 0 0 0 0 0 0 0 0 0 0 0 0 0 0 0 0 0 0 0 0 0 0 0 0 0 0 0 0 0 0 0 0 0 0 0 
0 0 0 0 342366 341776 37211.2 1276.53 159.566 0 0 0 0 0 0 0 0 0 0 0 0 0 0 0 0 0 0 0 0 0 0 0 0 0 0 0 0 0 0 0 0 0 0 0 0 0 0 0 0 0 0 0 0 0 0 0 0 0 0 0 0 0 0 0 0 
0 0 0 0 0 1.5052e+06 335140 37551.1 0 0 0 0 0 0 0 0 0 0 0 0 0 0 0 0 0 0 0 0 0 0 0 0 0 0 0 0 0 0 0 0 0 0 0 0 0 0 0 0 0 0 0 0 0 0 0 0 0 0 0 0 0 0 0 0 0 
0 0 0 0 0 3.05268e+06 2.12072e+06 365932 45869.4 3823.21 0 0 0 0 0 0 0 0 0 0 0 0 0 0 0 0 0 0 0 0 0 0 0 0 0 0 0 0 0 0 0 0 0 0 0 0 0 0 0 0 0 0 0 0 0 0 0 0 0 0 0 0 0 0 0 
0 0 0 0 0 2.68256e+06 9.08142e+06 2.70984e+06 460814 42744.8 5789.29 0 0 0 0 0 0 0 0 0 0 0 0 0 0 0 0 0 0 0 0 0 0 0 0 0 0 0 0 0 0 0 0 0 0 0 0 0 0 0 0 0 0 0 0 0 0 0 0 0 0 0 0 0 0 
0 0 0 0 0 0 2.13979e+07 1.40927e+07 3.57343e+06 697726 80904.8 11613.1 1447.92 0 0 0 60.693 0 0 0 0 0 0 0 0 0 0 0 0 0 0 0 11.999 0 0 0 0 0 0 0 0 0 0 0 0 0 0 0 0 0 0 0 0 0 0 0 0 0 0 0 0 0 0 0 0 
0 0 0 0 0 0 2.66708e+07 5.3364e+07 2.087e+07 5.24268e+06 1.09926e+06 161263 15469.5 5730.54 1937.51 971.089 0 0 0 0 0 0 0 0 0 0 0 0 0 0 0 0 0 0 0 0 0 0 0 0 0 0 0 0 0 0 0 0 0 0 0 0 0 0 0 0 0 0 0 0 0 0 0 0 0 
0 0 0 0 0 0 1.53292e+07 1.30836e+08 9.33606e+07 3.18178e+07 8.39049e+06 1.93131e+06 404420 50089.9 5345.66 0 0 1933.14 0 0 0 0 0 0 0 0 0 0 0 0 0 383.968 0 0 0 0 0 0 0 0 0 0 0 0 0 0 0 0 0 0 0 0 0 0 0 0 0 0 0 0 0 0 0 0 0 
0 0 0 0 0 0 0 1.92591e+08 3.12035e+08 1.55458e+08 5.34108e+07 1.53669e+07 3.69605e+06 866158 211305 53430.6 28952.8 958.882 3854.17 0 0 0 0 0 0 0 0 0 0 0 960.645 0 0 0 0 0 0 0 0 0 0 0 0 0 0 0 0 0 0 0 0 0 0 0 0 0 0 0 0 0 0 0 0 0 0 
0 0 0 0 0 0 0 1.61688e+08 7.39975e+08 5.98291e+08 2.62379e+08 9.32507e+07 3.02584e+07 8.46987e+06 2.15462e+06 607933 129425 53965.4 27909.6 11580.4 2908.6 0 0 0 478.82 0 0 0 968.638 3849.79 4990.87 0 11998.3 0 0 0 0 0 0 0 0 0 0 0 0 0 0 0 0 0 0 0 0 0 0 0 0 0 0 0 0 0 0 0 0 
0 0 0 0 0 0 0 6.55288e+07 1.16527e+09 1.78743e+09 1.09694e+09 4.76255e+08 1.78511e+08 6.29062e+07 2.00522e+07 5.94884e+06 1.99513e+06 813283 242589 135727 30600.9 23130.9 11670.7 7648.37 0 3810.41 5773.93 11562.4 15525.8 21119.8 0 28926.6 388.638 0 0 0 0 0 0 0 0 0 0 0 0 0 0 0 0 0 0 0 0 0 0 0 0 0 0 0 0 0 0 0 0 
0 0 0 0 0 0 0 0 1.17063e+09 3.96916e+09 3.6802e+09 2.0244e+09 9.04878e+08 3.66895e+08 1.41317e+08 5.12955e+07 1.80687e+07 6.20929e+06 2.75672e+06 1.13903e+06 736615 260318 123316 78854.8 92199.2 86060.1 76424.8 75716.9 93320.2 61442.4 111496 152996 68485.1 0 0 0 0 0 0 0 0 0 0 0 0 0 0 0 0 0 0 0 0 0 0 0 0 0 0 0 0 0 0 0 0 
0 0 0 0 0 0 0 0 7.06526e+08 6.29101e+09 9.82774e+09 7.24535e+09 3.87649e+09 1.82543e+09 8.03805e+08 3.36918e+08 1.35811e+08 5.42079e+07 2.26789e+07 1.04627e+07 4.81425e+06 2.91239e+06 1.74812e+06 1.06381e+06 721515 465717 534862 533525 492435 435301 685585 267158 707617 0 0 0 0 0 0 0 0 0 0 0 0 0 0 0 0 0 0 0 0 0 0 0 0 0 0 0 0 0 0 0 0 
0 0 0 0 0 0 0 0 2.13424e+08 6.86808e+09 2.02342e+10 2.14699e+10 1.4324e+10 7.77413e+09 3.86125e+09 1.83773e+09 8.46011e+08 3.84146e+08 1.72137e+08 7.93162e+07 3.97706e+07 2.18033e+07 1.20931e+07 7.71816e+06 5.10291e+06 4.63042e+06 3.55506e+06 3.14267e+06 2.58182e+06 3.37421e+06 2.35906e+06 2.97929e+06 2.93639e+06 0 0 0 0 0 0 0 0 0 0 0 0 0 0 0 0 0 0 0 0 0 0 0 0 0 0 0 0 0 0 0 0 
0 0 0 0 0 0 0 0 0 5.01236e+09 3.11515e+10 5.13284e+10 4.47804e+10 2.8897e+10 1.62379e+10 8.61141e+09 4.39086e+09 2.20654e+09 1.09633e+09 5.51104e+08 2.85678e+08 1.53639e+08 9.23272e+07 5.8293e+07 4.02186e+07 2.77853e+07 2.14426e+07 1.75818e+07 1.76065e+07 1.48812e+07 1.38831e+07 1.53704e+07 1.21961e+07 0 0 0 0 0 0 0 0 0 0 0 0 0 0 0 0 0 0 0 0 0 0 0 0 0 0 0 0 0 0 0 0 
0 0 0 0 0 0 0 0 0 2.28273e+09 3.49682e+10 9.72928e+10 1.17206e+11 9.27814e+10 5.99344e+10 3.52207e+10 1.98995e+10 1.09293e+10 5.96918e+09 3.25296e+09 1.79733e+09 1.02439e+09 6.02707e+08 3.78984e+08 2.52026e+08 1.79276e+08 1.38561e+08 1.13651e+08 9.51834e+07 8.06149e+07 8.30559e+07 7.26349e+07 7.75942e+07 0 0 0 0 0 0 0 0 0 0 0 0 0 0 0 0 0 0 0 0 0 0 0 0 0 0 0 0 0 0 0 0 
0 0 0 0 0 0 0 0 0 5.38253e+08 2.80138e+10 1.42704e+11 2.51999e+11 2.559e+11 1.94724e+11 1.28382e+11 7.93032e+10 4.73831e+10 2.80724e+10 1.65617e+10 9.80038e+09 5.89758e+09 3.66969e+09 2.35557e+09 1.59679e+09 1.12661e+09 8.3587e+08 6.59541e+08 5.39793e+08 4.94431e+08 4.35013e+08 4.14848e+08 4.02541e+08 0 0 0 0 0 0 0 0 0 0 0 0 0 0 0 0 0 0 0 0 0 0 0 0 0 0 0 0 0 0 0 0 
0 0 0 0 0 0 0 0 0 0 1.55531e+10 1.59001e+11 4.37605e+11 5.93872e+11 5.5052e+11 4.15817e+11 2.82923e+11 1.83662e+11 1.16732e+11 7.38937e+10 4.6735e+10 2.99246e+10 1.94495e+10 1.30477e+10 9.01483e+09 6.48448e+09 4.90462e+09 3.83463e+09 3.21344e+09 2.7361e+09 2.455e+09 2.34097e+09 2.2976e+09 0 0 0 0 0 0 0 0 0 0 0 0 0 0 0 0 0 0 0 0 0 0 0 0 0 0 0 0 0 0 0 0 
0 0 0 0 0 0 0 0 0 0 5.55259e+09 1.32725e+11 6.04226e+11 1.15005e+12 1.33799e+12 1.18528e+12 9.03402e+11 6.38412e+11 4.35903e+11 2.93173e+11 1.9687e+11 1.3301e+11 9.09737e+10 6.38741e+10 4.58727e+10 3.39943e+10 2.59874e+10 2.09148e+10 1.72784e+10 1.5001e+10 1.35022e+10 1.26825e+10 1.24449e+10 0 0 0 0 0 0 0 0 0 0 0 0 0 0 0 0 0 0 0 0 0 0 0 0 0 0 0 0 0 0 0 0 
0 0 0 0 0 0 0 0 0 0 1.06967e+09 8.14114e+10 6.53878e+11 1.82583e+12 2.77315e+12 2.95364e+12 2.57417e+12 2.00599e+12 1.47354e+12 1.05537e+12 7.49063e+11 5.32816e+11 3.82717e+11 2.78939e+11 2.08049e+11 1.59169e+11 1.25484e+11 1.01797e+11 8.61974e+10 7.52296e+10 6.8597e+10 6.46867e+10 6.34491e+10 0 0 0 0 0 0 0 0 0 0 0 0 0 0 0 0 0 0 0 0 0 0 0 0 0 0 0 0 0 0 0 0 
0 0 0 0 0 0 0 0 0 0 0 3.57604e+10 5.48999e+11 2.35357e+12 4.82406e+12 6.37006e+12 6.46913e+12 5.63884e+12 4.5152e+12 3.45332e+12 2.58928e+12 1.93584e+12 1.45234e+12 1.10203e+12 8.4941e+11 6.71654e+11 5.41928e+11 4.5013e+11 3.85304e+11 3.4271e+11 3.13596e+11 2.97753e+11 2.91813e+11 0 0 0 0 0 0 0 0 0 0 0 0 0 0 0 0 0 0 0 0 0 0 0 0 0 0 0 0 0 0 0 0 
0 0 0 0 0 0 0 0 0 0 0 1.03383e+10 3.54267e+11 2.43623e+12 7.00466e+12 1.17792e+13 1.42812e+13 1.41657e+13 1.2492e+13 1.02865e+13 8.19379e+12 6.42889e+12 5.02923e+12 3.97205e+12 3.17422e+12 2.57438e+12 2.13233e+12 1.80902e+12 1.57905e+12 1.41748e+12 1.30784e+12 1.24648e+12 1.23193e+12 0 0 0 0 0 0 0 0 0 0 0 0 0 0 0 0 0 0 0 0 0 0 0 0 0 0 0 0 0 0 0 0 
0 0 0 0 0 0 0 0 0 0 0 1.70761e+09 1.72665e+11 2.01335e+12 8.36869e+12 1.84895e+13 2.73192e+13 3.14619e+13 3.10012e+13 2.78287e+13 2.36512e+13 1.95681e+13 1.59931e+13 1.30952e+13 1.08123e+13 9.01126e+12 7.67025e+12 6.6496e+12 5.8995e+12 5.34414e+12 4.98738e+12 4.78313e+12 4.72468e+12 0 0 0 0 0 0 0 0 0 0 0 0 0 0 0 0 0 0 0 0 0 0 0 0 0 0 0 0 0 0 0 0 
0 0 0 0 0 0 0 0 0 0 0 0 6.20438e+10 1.32008e+12 8.20906e+12 2.43817e+13 4.51285e+13 6.14328e+13 6.87736e+13 6.79692e+13 6.22787e+13 5.46314e+13 4.6861e+13 3.99352e+13 3.39507e+13 2.91821e+13 2.54247e+13 2.24279e+13 2.01907e+13 1.86102e+13 1.74648e+13 1.68823e+13 1.66306e+13 0 0 0 0 0 0 0 0 0 0 0 0 0 0 0 0 0 0 0 0 0 0 0 0 0 0 0 0 0 0 0 0 
0 0 0 0 0 0 0 0 0 0 0 0 1.49834e+10 6.80923e+11 6.56795e+12 2.69857e+13 6.37471e+13 1.04606e+14 1.34882e+14 1.48918e+14 1.4855e+14 1.39453e+14 1.26037e+14 1.12085e+14 9.88026e+13 8.73314e+13 7.76978e+13 7.02407e+13 6.41621e+13 5.97379e+13 5.67878e+13 5.50009e+13 5.4396e+13 0 0 0 0 0 0 0 0 0 0 0 0 0 0 0 0 0 0 0 0 0 0 0 0 0 0 0 0 0 0 0 0 
0 0 0 0 0 0 0 0 0 0 0 0 2.24348e+09 2.72926e+11 4.28469e+12 2.48646e+13 7.66425e+13 1.54239e+14 2.33247e+14 2.91151e+14 3.20481e+14 3.23956e+14 3.11316e+14 2.8971e+14 2.65684e+14 2.42214e+14 2.20997e+14 2.03454e+14 1.89255e+14 1.78484e+14 1.70631e+14 1.66317e+14 1.64734e+14 0 0 0 0 0 0 0 0 0 0 0 0 0 0 0 0 0 0 0 0 0 0 0 0 0 0 0 0 0 0 0 0 
0 0 0 0 0 0 0 0 0 0 0 0 0 8.26203e+10 2.2627e+12 1.90621e+13 7.79828e+13 1.96188e+14 3.5317e+14 5.05146e+14 6.17956e+14 6.80727e+14 6.99347e+14 6.87002e+14 6.57839e+14 6.20669e+14 5.8246e+14 5.47416e+14 5.18267e+14 4.95077e+14 4.78728e+14 4.69235e+14 4.65322e+14 0 0 0 0 0 0 0 0 0 0 0 0 0 0 0 0 0 0 0 0 0 0 0 0 0 0 0 0 0 0 0 0 
0 0 0 0 0 0 0 0 0 0 0 0 0 1.72771e+10 9.64043e+11 1.21639e+13 6.7216e+13 2.14067e+14 4.6475e+14 7.72069e+14 1.06375e+15 1.28805e+15 1.42729e+15 1.48989e+15 1.49379e+15 1.46676e+15 1.42464e+15 1.37042e+15 1.3189e+15 1.27935e+15 1.24903e+15 1.22936e+15 1.22211e+15 0 0 0 0 0 0 0 0 0 0 0 0 0 0 0 0 0 0 0 0 0 0 0 0 0 0 0 0 0 0 0 0 
0 0 0 0 0 0 0 0 0 0 0 0 0 2.51416e+09 3.27325e+11 6.4404e+12 4.90307e+13 2.00624e+14 5.32078e+14 1.03807e+15 1.62568e+15 2.18331e+15 2.62853e+15 2.93499e+15 3.11523e+15 3.18859e+15 3.1981e+15 3.16542e+15 3.12007e+15 3.06481e+15 3.02649e+15 2.99836e+15 2.98886e+15 0 0 0 0 0 0 0 0 0 0 0 0 0 0 0 0 0 0 0 0 0 0 0 0 0 0 0 0 0 0 0 0 
0 0 0 0 0 0 0 0 0 0 0 0 0 0 8.64174e+10 2.83159e+12 3.02222e+13 1.60919e+14 5.27587e+14 1.22017e+15 2.20081e+15 3.3058e+15 4.36086e+15 5.24278e+15 5.89693e+15 6.34188e+15 6.59546e+15 6.7487e+15 6.79376e+15 6.79996e+15 6.78929e+15 6.78199e+15 6.7751e+15 0 0 0 0 0 0 0 0 0 0 0 0 0 0 0 0 0 0 0 0 0 0 0 0 0 0 0 0 0 0 0 0 
0 0 0 0 0 0 0 0 0 0 0 0 0 0 1.62055e+10 1.02769e+12 1.58215e+13 1.10824e+14 4.53229e+14 1.25759e+15 2.62295e+15 4.45037e+15 6.48223e+15 8.43725e+15 1.01424e+16 1.14897e+16 1.24997e+16 1.31759e+16 1.36307e+16 1.39284e+16 1.4085e+16 1.41536e+16 1.41887e+16 0 0 0 0 0 0 0 0 0 0 0 0 0 0 0 0 0 0 0 0 0 0 0 0 0 0 0 0 0 0 0 0 
0 0 0 0 0 0 0 0 0 0 0 0 0 0 2.50583e+09 3.05176e+11 7.01603e+12 6.56066e+13 3.37944e+14 1.13203e+15 2.76203e+15 5.31857e+15 8.60341e+15 1.22249e+16 1.57543e+16 1.89076e+16 2.15396e+16 2.35809e+16 2.51304e+16 2.61706e+16 2.6864e+16 2.72673e+16 2.74013e+16 0 0 0 0 0 0 0 0 0 0 0 0 0 0 0 0 0 0 0 0 0 0 0 0 0 0 0 0 0 0 0 0 
0 0 0 0 0 0 0 0 0 0 0 0 0 0 0 7.2995e+10 2.64998e+12 3.35496e+13 2.18844e+14 8.91245e+14 2.55684e+15 5.6385e+15 1.01921e+16 1.58673e+16 2.20695e+16 2.81863e+16 3.37179e+16 3.84499e+16 4.22154e+16 4.50918e+16 4.7024e+16 4.81902e+16 4.85291e+16 0 0 0 0 0 0 0 0 0 0 0 0 0 0 0 0 0 0 0 0 0 0 0 0 0 0 0 0 0 0 0 0 
0 0 0 0 0 0 0 0 0 0 0 0 0 0 0 1.27957e+10 8.44985e+11 1.48266e+13 1.23688e+14 6.15845e+14 2.08674e+15 5.29725e+15 1.07651e+16 1.84694e+16 2.78422e+16 3.7957e+16 4.79435e+16 5.70408e+16 6.47182e+16 7.08144e+16 7.52473e+16 7.77706e+16 7.87091e+16 0 0 0 0 0 0 0 0 0 0 0 0 0 0 0 0 0 0 0 0 0 0 0 0 0 0 0 0 0 0 0 0 
0 0 0 0 0 0 0 0 0 0 0 0 0 0 0 2.30301e+09 2.2764e+11 5.69401e+12 6.13483e+13 3.73999e+14 1.50717e+15 4.4118e+15 1.01302e+16 1.92378e+16 3.15215e+16 4.611e+16 6.16134e+16 7.67436e+16 9.03717e+16 1.01489e+17 1.09826e+17 1.14966e+17 1.16571e+17 0 0 0 0 0 0 0 0 0 0 0 0 0 0 0 0 0 0 0 0 0 0 0 0 0 0 0 0 0 0 0 0 
0 0 0 0 0 0 0 0 0 0 0 0 0 0 0 0 5.16676e+10 1.90568e+12 2.67287e+13 2.01477e+14 9.64126e+14 3.27459e+15 8.50443e+15 1.7939e+16 3.21082e+16 5.04924e+16 7.16738e+16 9.36387e+16 1.14457e+17 1.32472e+17 1.45846e+17 1.54418e+17 1.57351e+17 0 0 0 0 0 0 0 0 0 0 0 0 0 0 0 0 0 0 0 0 0 0 0 0 0 0 0 0 0 0 0 0 
0 0 0 0 0 0 0 0 0 0 0 0 0 0 0 0 8.84748e+09 5.51951e+11 1.03167e+13 9.61828e+13 5.49821e+14 2.16581e+15 6.39159e+15 1.50076e+16 2.94122e+16 4.98731e+16 7.53187e+16 1.03463e+17 1.31546e+17 1.56607e+17 1.76535e+17 1.88992e+17 1.93417e+17 0 0 0 0 0 0 0 0 0 0 0 0 0 0 0 0 0 0 0 0 0 0 0 0 0 0 0 0 0 0 0 0 
0 0 0 0 0 0 0 0 0 0 0 0 0 0 0 0 1.98482e+09 1.41425e+11 3.5453e+12 4.11937e+13 2.80823e+14 1.28393e+15 4.30506e+15 1.12751e+16 2.42378e+16 4.44377e+16 7.14858e+16 1.03567e+17 1.37111e+17 1.6857e+17 1.94154e+17 2.10679e+17 2.16197e+17 0 0 0 0 0 0 0 0 0 0 0 0 0 0 0 0 0 0 0 0 0 0 0 0 0 0 0 0 0 0 0 0 
0 0 0 0 0 0 0 0 0 0 0 0 0 0 0 0 0 3.20128e+10 1.08772e+12 1.58222e+13 1.29047e+14 6.87239e+14 2.61759e+15 7.65413e+15 1.80647e+16 3.57773e+16 6.15462e+16 9.39048e+16 1.299e+17 1.64734e+17 1.93908e+17 2.13455e+17 2.20315e+17 0 0 0 0 0 0 0 0 0 0 0 0 0 0 0 0 0 0 0 0 0 0 0 0 0 0 0 0 0 0 0 0 
0 0 0 0 0 0 0 0 0 0 0 0 0 0 0 0 0 5.52569e+09 2.99689e+11 5.52194e+12 5.39494e+13 3.32981e+14 1.44164e+15 4.70113e+15 1.21911e+16 2.61814e+16 4.80591e+16 7.74827e+16 1.11759e+17 1.46669e+17 1.76625e+17 1.96891e+17 2.04137e+17 0 0 0 0 0 0 0 0 0 0 0 0 0 0 0 0 0 0 0 0 0 0 0 0 0 0 0 0 0 0 0 0 
0 0 0 0 0 0 0 0 0 0 0 0 0 0 0 0 0 1.59955e+09 7.68636e+10 1.76468e+12 2.06236e+13 1.4753e+14 7.24896e+14 2.63214e+15 7.48472e+15 1.74193e+16 3.4216e+16 5.82581e+16 8.78334e+16 1.19017e+17 1.46715e+17 1.65912e+17 1.72631e+17 0 0 0 0 0 0 0 0 0 0 0 0 0 0 0 0 0 0 0 0 0 0 0 0 0 0 0 0 0 0 0 0 
0 0 0 0 0 0 0 0 0 0 0 0 0 0 0 0 0 0 1.81032e+10 5.17125e+11 7.24799e+12 6.00955e+13 3.34014e+14 1.35121e+15 4.21307e+15 1.05839e+16 2.22154e+16 3.99954e+16 6.29787e+16 8.82726e+16 1.11508e+17 1.27718e+17 1.33739e+17 0 0 0 0 0 0 0 0 0 0 0 0 0 0 0 0 0 0 0 0 0 0 0 0 0 0 0 0 0 0 0 0 
0 0 0 0 0 0 0 0 0 0 0 0 0 0 0 0 0 0 3.13827e+09 1.4212e+11 2.38267e+12 2.27708e+13 1.42426e+14 6.3987e+14 2.18189e+15 5.93068e+15 1.3283e+16 2.52022e+16 4.14785e+16 6.01005e+16 7.77032e+16 9.03924e+16 9.50225e+16 0 0 0 0 0 0 0 0 0 0 0 0 0 0 0 0 0 0 0 0 0 0 0 0 0 0 0 0 0 0 0 0 
0 0 0 0 0 0 0 0 0 0 0 0 0 0 0 0 0 0 1.19023e+09 3.8163e+10 7.35464e+11 8.05865e+12 5.68193e+13 2.81654e+14 1.04922e+15 3.07015e+15 7.32628e+15 1.46712e+16 2.52019e+16 3.77532e+16 4.99466e+16 5.89101e+16 6.21601e+16 0 0 0 0 0 0 0 0 0 0 0 0 0 0 0 0 0 0 0 0 0 0 0 0 0 0 0 0 0 0 0 0 
0 0 0 0 0 0 0 0 0 0 0 0 0 0 0 0 0 0 0 9.5186e+09 2.15859e+11 2.69624e+12 2.13141e+13 1.16334e+14 4.70682e+14 1.47992e+15 3.75827e+15 7.92898e+15 1.4201e+16 2.19872e+16 2.97431e+16 3.55331e+16 3.76717e+16 0 0 0 0 0 0 0 0 0 0 0 0 0 0 0 0 0 0 0 0 0 0 0 0 0 0 0 0 0 0 0 0 
0 0 0 0 0 0 0 0 0 0 0 0 0 0 0 0 0 0 0 1.60546e+09 6.14507e+10 8.72792e+11 7.60618e+12 4.54457e+13 1.99252e+14 6.71639e+14 1.80928e+15 4.00771e+15 7.46565e+15 1.19163e+16 1.64912e+16 1.99699e+16 2.12636e+16 0 0 0 0 0 0 0 0 0 0 0 0 0 0 0 0 0 0 0 0 0 0 0 0 0 0 0 0 0 0 0 0 
0 0 0 0 0 0 0 0 0 0 0 0 0 0 0 0 0 0 0 8.0913e+08 1.78221e+10 2.72629e+11 2.60692e+12 1.69442e+13 8.01612e+13 2.88111e+14 8.19767e+14 1.90236e+15 3.68809e+15 6.05813e+15 8.57512e+15 1.0514e+16 1.12473e+16 0 0 0 0 0 0 0 0 0 0 0 0 0 0 0 0 0 0 0 0 0 0 0 0 0 0 0 0 0 0 0 0 
0 0 0 0 0 0 0 0 0 0 0 0 0 0 0 0 0 0 0 0 4.58448e+09 8.19438e+10 8.68919e+11 6.12605e+12 3.08776e+13 1.18115e+14 3.54072e+14 8.58749e+14 1.72333e+15 2.91845e+15 4.20737e+15 5.21942e+15 5.60067e+15 0 0 0 0 0 0 0 0 0 0 0 0 0 0 0 0 0 0 0 0 0 0 0 0 0 0 0 0 0 0 0 0 
0 0 0 0 0 0 0 0 0 0 0 0 0 0 0 0 0 0 0 0 7.26633e+08 2.47613e+10 2.8731e+11 2.15075e+12 1.15183e+13 4.65854e+13 1.46662e+14 3.70537e+14 7.68788e+14 1.33589e+15 1.96114e+15 2.46529e+15 2.66203e+15 0 0 0 0 0 0 0 0 0 0 0 0 0 0 0 0 0 0 0 0 0 0 0 0 0 0 0 0 0 0 0 0 
0 0 0 0 0 0 0 0 0 0 0 0 0 0 0 0 0 0 0 0 4.96923e+08 7.75857e+09 9.26913e+10 7.39481e+11 4.21385e+12 1.7865e+13 5.87575e+13 1.54185e+14 3.29881e+14 5.86551e+14 8.78206e+14 1.11351e+15 1.20476e+15 0 0 0 0 0 0 0 0 0 0 0 0 0 0 0 0 0 0 0 0 0 0 0 0 0 0 0 0 0 0 0 0 
0 0 0 0 0 0 0 0 0 0 0 0 0 0 0 0 0 0 0 0 0 1.97611e+09 2.86204e+10 2.54359e+11 1.52114e+12 6.71629e+12 2.2945e+13 6.23259e+13 1.372e+14 2.49289e+14 3.79547e+14 4.86143e+14 5.27929e+14 0 0 0 0 0 0 0 0 0 0 0 0 0 0 0 0 0 0 0 0 0 0 0 0 0 0 0 0 0 0 0 0 
0 0 0 0 0 0 0 0 0 0 0 0 0 0 0 0 0 0 0 0 0 2.84471e+08 9.27048e+09 8.74531e+10 5.42446e+11 2.49496e+12 8.8341e+12 2.47097e+13 5.58071e+13 1.03268e+14 1.59057e+14 2.05684e+14 2.24401e+14 0 0 0 0 0 0 0 0 0 0 0 0 0 0 0 0 0 0 0 0 0 0 0 0 0 0 0 0 0 0 0 0 
0 0 0 0 0 0 0 0 0 0 0 0 0 0 0 0 0 0 0 0 0 2.73177e+08 3.08317e+09 2.88301e+10 1.91391e+11 9.22969e+11 3.37295e+12 9.66266e+12 2.22778e+13 4.21057e+13 6.56202e+13 8.5626e+13 9.32969e+13 0 0 0 0 0 0 0 0 0 0 0 0 0 0 0 0 0 0 0 0 0 0 0 0 0 0 0 0 0 0 0 0 
0 0 0 0 0 0 0 0 0 0 0 0 0 0 0 0 0 0 0 0 0 0 7.48828e+08 9.07874e+09 6.85686e+10 3.41913e+11 1.27708e+12 3.76459e+12 8.83859e+12 1.6947e+13 2.67069e+13 3.50946e+13 3.8304e+13 0 0 0 0 0 0 0 0 0 0 0 0 0 0 0 0 0 0 0 0 0 0 0 0 0 0 0 0 0 0 0 0 
0 0 0 0 0 0 0 0 0 0 0 0 0 0 0 0 0 0 0 0 0 0 9.47064e+07 3.20257e+09 2.44829e+10 1.24227e+11 4.84834e+11 1.46636e+12 3.49517e+12 6.79979e+12 1.08219e+13 1.42681e+13 1.56087e+13 0 0 0 0 0 0 0 0 0 0 0 0 0 0 0 0 0 0 0 0 0 0 0 0 0 0 0 0 0 0 0 0 
0 0 0 0 0 0 0 0 0 0 0 0 0 0 0 0 0 0 0 0 0 0 1.33087e+08 1.09836e+09 7.97018e+09 4.51407e+10 1.8514e+11 5.66392e+11 1.38454e+12 2.72032e+12 4.36929e+12 5.78936e+12 6.35898e+12 0 0 0 0 0 0 0 0 0 0 0 0 0 0 0 0 0 0 0 0 0 0 0 0 0 0 0 0 0 0 0 0 
0 0 0 0 0 0 0 0 0 0 0 0 0 0 0 0 0 0 0 0 0 0 0 2.43539e+08 2.58274e+09 1.69764e+10 6.97196e+10 2.18529e+11 5.49154e+11 1.08965e+12 1.76618e+12 2.3473e+12 2.58953e+12 0 0 0 0 0 0 0 0 0 0 0 0 0 0 0 0 0 0 0 0 0 0 0 0 0 0 0 0 0 0 0 0 
0 0 0 0 0 0 0 0 0 0 0 0 0 0 0 0 0 0 0 0 0 0 0 2.61556e+07 1.00979e+09 6.09645e+09 2.53678e+10 8.54974e+10 2.16824e+11 4.36554e+11 7.1684e+11 9.56235e+11 1.05726e+12 0 0 0 0 0 0 0 0 0 0 0 0 0 0 0 0 0 0 0 0 0 0 0 0 0 0 0 0 0 0 0 0 
0 0 0 0 0 0 0 0 0 0 0 0 0 0 0 0 0 0 0 0 0 0 0 5.69703e+07 3.42811e+08 1.89886e+09 9.60209e+09 3.33179e+10 8.41363e+10 1.76511e+11 2.88532e+11 3.90657e+11 4.30575e+11 0 0 0 0 0 0 0 0 0 0 0 0 0 0 0 0 0 0 0 0 0 0 0 0 0 0 0 0 0 0 0 0 
0 0 0 0 0 0 0 0 0 0 0 0 0 0 0 0 0 0 0 0 0 0 0 0 6.63502e+07 6.60932e+08 3.77687e+09 1.23159e+10 3.32783e+10 7.06134e+10 1.16465e+11 1.60328e+11 1.74199e+11 0 0 0 0 0 0 0 0 0 0 0 0 0 0 0 0 0 0 0 0 0 0 0 0 0 0 0 0 0 0 0 0 
0 0 0 0 0 0 0 0 0 0 0 0 0 0 0 0 0 0 0 0 0 0 0 0 5.82853e+06 2.87705e+08 1.29606e+09 4.51799e+09 1.34052e+10 2.74524e+10 4.7545e+10 6.44004e+10 7.16321e+10 0 0 0 0 0 0 0 0 0 0 0 0 0 0 0 0 0 0 0 0 0 0 0 0 0 0 0 0 0 0 0 0 
0 0 0 0 0 0 0 0 0 0 0 0 0 0 0 0 0 0 0 0 0 0 0 0 2.11627e+07 9.07204e+07 3.80128e+08 1.84043e+09 5.12234e+09 1.07896e+10 1.94153e+10 2.56818e+10 2.95633e+10 0 0 0 0 0 0 0 0 0 0 0 0 0 0 0 0 0 0 0 0 0 0 0 0 0 0 0 0 0 0 0 0 
0 0 0 0 0 0 0 0 0 0 0 0 0 0 0 0 0 0 0 0 0 0 0 0 0 1.46453e+07 1.54337e+08 7.29121e+08 1.81414e+09 4.45778e+09 7.50984e+09 1.05335e+10 1.17772e+10 0 0 0 0 0 0 0 0 0 0 0 0 0 0 0 0 0 0 0 0 0 0 0 0 0 0 0 0 0 0 0 0 
0 0 0 0 0 0 0 0 0 0 0 0 0 0 0 0 0 0 0 0 0 0 0 0 0 1.00372e+06 7.18349e+07 2.22325e+08 7.08003e+08 1.78915e+09 2.86056e+09 4.41324e+09 4.54289e+09 0 0 0 0 0 0 0 0 0 0 0 0 0 0 0 0 0 0 0 0 0 0 0 0 0 0 0 0 0 0 0 0 
0 0 0 0 0 0 0 0 0 0 0 0 0 0 0 0 0 0 0 0 0 0 0 0 0 6.73833e+06 1.97091e+07 6.37701e+07 3.12807e+08 6.26164e+08 1.19592e+09 1.70114e+09 1.85592e+09 0 0 0 0 0 0 0 0 0 0 0 0 0 0 0 0 0 0 0 0 0 0 0 0 0 0 0 0 0 0 0 0 
0 0 0 0 0 0 0 0 0 0 0 0 0 0 0 0 0 0 0 0 0 0 0 0 0 0 2.50979e+06 3.32033e+07 1.14965e+08 2.18771e+08 5.12603e+08 6.07801e+08 8.08651e+08 0 0 0 0 0 0 0 0 0 0 0 0 0 0 0 0 0 0 0 0 0 0 0 0 0 0 0 0 0 0 0 0 
0 0 0 0 0 0 0 0 0 0 0 0 0 0 0 0 0 0 0 0 0 0 0 0 0 0 124909 1.50942e+07 2.87682e+07 1.00152e+08 1.84673e+08 2.48356e+08 3.11588e+08 0 0 0 0 0 0 0 0 0 0 0 0 0 0 0 0 0 0 0 0 0 0 0 0 0 0 0 0 0 0 0 0 
0 0 0 0 0 0 0 0 0 0 0 0 0 0 0 0 0 0 0 0 0 0 0 0 0 0 1.8103e+06 3.35066e+06 9.35438e+06 4.48957e+07 5.59495e+07 1.16017e+08 1.00508e+08 0 0 0 0 0 0 0 0 0 0 0 0 0 0 0 0 0 0 0 0 0 0 0 0 0 0 0 0 0 0 0 0 
0 0 0 0 0 0 0 0 0 0 0 0 0 0 0 0 0 0 0 0 0 0 0 0 0 0 0 311992 6.3794e+06 1.34459e+07 2.32288e+07 4.51181e+07 3.7945e+07 0 0 0 0 0 0 0 0 0 0 0 0 0 0 0 0 0 0 0 0 0 0 0 0 0 0 0 0 0 0 0 0 
0 0 0 0 0 0 0 0 0 0 0 0 0 0 0 0 0 0 0 0 0 0 0 0 0 0 0 10053 2.52379e+06 2.55158e+06 1.26071e+07 1.22201e+07 1.97735e+07 0 0 0 0 0 0 0 0 0 0 0 0 0 0 0 0 0 0 0 0 0 0 0 0 0 0 0 0 0 0 0 0 
0 0 0 0 0 0 0 0 0 0 0 0 0 0 0 0 0 0 0 0 0 0 0 0 0 0 0 401936 415502 1.31589e+06 4.80935e+06 3.70999e+06 8.62484e+06 0 0 0 0 0 0 0 0 0 0 0 0 0 0 0 0 0 0 0 0 0 0 0 0 0 0 0 0 0 0 0 0 
0 0 0 0 0 0 0 0 0 0 0 0 0 0 0 0 0 0 0 0 0 0 0 0 0 0 0 0 24993.4 1.02204e+06 1.00203e+06 2.39458e+06 2.27686e+06 0 0 0 0 0 0 0 0 0 0 0 0 0 0 0 0 0 0 0 0 0 0 0 0 0 0 0 0 0 0 0 0 
0 0 0 0 0 0 0 0 0 0 0 0 0 0 0 0 0 0 0 0 0 0 0 0 0 0 0 0 385.591 311456 137901 1.22888e+06 394741 0 0 0 0 0 0 0 0 0 0 0 0 0 0 0 0 0 0 0 0 0 0 0 0 0 0 0 0 0 0 0 0 
0 0 0 0 0 0 0 0 0 0 0 0 0 0 0 0 0 0 0 0 0 0 0 0 0 0 0 0 71764.3 33243.4 179337 310027 255395 0 0 0 0 0 0 0 0 0 0 0 0 0 0 0 0 0 0 0 0 0 0 0 0 0 0 0 0 0 0 0 0 
0 0 0 0 0 0 0 0 0 0 0 0 0 0 0 0 0 0 0 0 0 0 0 0 0 0 0 0 0 962.94 124456 37545.2 210874 0 0 0 0 0 0 0 0 0 0 0 0 0 0 0 0 0 0 0 0 0 0 0 0 0 0 0 0 0 0 0 0 
0 0 0 0 0 0 0 0 0 0 0 0 0 0 0 0 0 0 0 0 0 0 0 0 0 0 0 0 0 0 24919.6 3847.6 68378 0 0 0 0 0 0 0 0 0 0 0 0 0 0 0 0 0 0 0 0 0 0 0 0 0 0 0 0 0 0 0 0 
0 0 0 0 0 0 0 0 0 0 0 0 0 0 0 0 0 0 0 0 0 0 0 0 0 0 0 0 0 9898.52 1279.28 20709.9 7689.3 0 0 0 0 0 0 0 0 0 0 0 0 0 0 0 0 0 0 0 0 0 0 0 0 0 0 0 0 0 0 0 0 
0 0 0 0 0 0 0 0 0 0 0 0 0 0 0 0 0 0 0 0 0 0 0 0 0 0 0 0 0 0 0 9958.72 480.667 0 0 0 0 0 0 0 0 0 0 0 0 0 0 0 0 0 0 0 0 0 0 0 0 0 0 0 0 0 0 0 0 
0 0 0 0 0 0 0 0 0 0 0 0 0 0 0 0 0 0 0 0 0 0 0 0 0 0 0 0 0 0 0 958.437 0 0 0 0 0 0 0 0 0 0 0 0 0 0 0 0 0 0 0 0 0 0 0 0 0 0 0 0 0 0 0 0 0 
0 0 0 0 0 0 0 0 0 0 0 0 0 0 0 0 0 0 0 0 0 0 0 0 0 0 0 0 0 0 989.852 0 1657.47 0 0 0 0 0 0 0 0 0 0 0 0 0 0 0 0 0 0 0 0 0 0 0 0 0 0 0 0 0 0 0 0 
0 0 0 0 0 0 0 0 0 0 0 0 0 0 0 0 0 0 0 0 0 0 0 0 0 0 0 0 0 0 0 0 383.086 0 0 0 0 0 0 0 0 0 0 0 0 0 0 0 0 0 0 0 0 0 0 0 0 0 0 0 0 0 0 0 0 
0 0 0 0 0 0 0 0 0 0 0 0 0 0 0 0 0 0 0 0 0 0 0 0 0 0 0 0 0 0 0 0 0 0 0 0 0 0 0 0 0 0 0 0 0 0 0 0 0 0 0 0 0 0 0 0 0 0 0 0 0 0 0 0 0 
0 0 0 0 0 0 0 0 0 0 0 0 0 0 0 0 0 0 0 0 0 0 0 0 0 0 0 0 0 0 0 63.8614 0 0 0 0 0 0 0 0 0 0 0 0 0 0 0 0 0 0 0 0 0 0 0 0 0 0 0 0 0 0 0 0 0 
0 0 0 0 0 0 0 0 0 0 0 0 0 0 0 0 0 0 0 0 0 0 0 0 0 0 0 0 0 0 0 0 0 0 0 0 0 0 0 0 0 0 0 0 0 0 0 0 0 0 0 0 0 0 0 0 0 0 0 0 0 0 0 0 0 
0 0 0 0 0 0 0 0 0 0 0 0 0 0 0 0 0 0 0 0 0 0 0 0 0 0 0 0 0 0 0 0 0 0 0 0 0 0 0 0 0 0 0 0 0 0 0 0 0 0 0 0 0 0 0 0 0 0 0 0 0 0 0 0 0 
0 0 0 0 0 0 0 0 0 0 0 0 0 0 0 0 0 0 0 0 0 0 0 0 0 0 0 0 0 0 0 0 1.99567 0 0 0 0 0 0 0 0 0 0 0 0 0 0 0 0 0 0 0 0 0 0 0 0 0 0 0 0 0 0 0 0 
