1 0 0 0 0 0 0 0 0 0 0 0 0 0 0 0 0 0 0 0 0 0 0 0 0 0 0 0 0 0 0 0 0 0 0 0 0 0 0 0 0 0 0 0 0 0 0 0 0 0 0 0 0 0 0 0 0 0 0 0 0 0 0 0 1 
0 0 0 0 0 0 0 0 0 0 0 0 0 0 0 0 0 0 0 0 0 0 0 0 0 0 0 0 0 0 0 0 0 0 0 0 0 0 0 0 0 0 0 0 0 0 0 0 0 0 0 0 0 0 0 0 0 0 0 0 0 0 0 0 0 
0 0 0 0 0 0 0 0 0 0 0 0 0 0 0 0 0 0 0 0 0 0 0 0 0 0 0 0 0 0 0 0 0 0 0 0 0 0 0 0 0 0 0 0 0 0 0 0 0 0 0 0 0 0 0 0 0 0 0 0 0 0 0 0 0 
0 64 0 0 0 0 0 0 0 0 0 0 0 0 0 0 0 0 0 0 0 0 0 0 0 0 0 0 0 0 0 0 0 0 0 0 0 0 0 0 0 0 0 0 0 0 0 0 0 0 0 0 0 0 0 0 0 0 0 0 0 0 0 0 0 
0 0 0 0 0 0 0 0 0 0 0 0 0 0 0 0 0 0 0 0 0 0 0 0 0 0 0 0 0 0 0 0 0 0 0 0 0 0 0 0 0 0 0 0 0 0 0 0 0 0 0 0 0 0 0 0 0 0 0 0 0 0 0 0 0 
0 0 192 0 0 0 0 0 0 0 0 0 0 0 0 0 0 0 0 0 0 0 0 0 0 0 0 0 0 0 0 0 0 0 0 0 0 0 0 0 0 0 0 0 0 0 0 0 0 0 0 0 0 0 0 0 0 0 0 0 0 0 0 0 0 
0 0 1824 0 0 0 0 0 0 0 0 0 0 0 0 0 0 0 0 0 0 0 0 0 0 0 0 0 0 0 0 0 0 0 0 0 0 0 0 0 0 0 0 0 0 0 0 0 0 0 0 0 0 0 0 0 0 0 0 0 0 0 0 0 0 
0 0 0 962.852 0 0 0 0 0 0 0 0 0 0 0 0 0 0 0 0 0 0 0 0 0 0 0 0 0 0 0 0 0 0 0 0 0 0 0 0 0 0 0 0 0 0 0 0 0 0 0 0 0 0 0 0 0 0 0 0 0 0 0 0 0 
0 0 0 9978.3 240.713 0 0 0 0 0 0 0 0 0 0 0 0 0 0 0 0 0 0 0 0 0 0 0 0 0 0 0 0 0 0 0 0 0 0 0 0 0 0 0 0 0 0 0 0 0 0 0 0 0 0 0 0 0 0 0 0 0 0 0 0 
0 0 0 30722.9 5125.9 0 0 0 0 0 0 0 0 0 0 0 0 0 0 0 0 0 0 0 0 0 0 0 0 0 0 0 0 0 0 0 0 0 0 0 0 0 0 0 0 0 0 0 0 0 0 0 0 0 0 0 0 0 0 0 0 0 0 0 0 
0 0 0 0 59128.3 3845.22 0 0 0 0 0 0 0 0 0 0 0 0 0 0 0 0 0 0 0 0 0 0 0 0 0 0 0 0 0 0 0 0 0 0 0 0 0 0 0 0 0 0 0 0 0 0 0 0 0 0 0 0 0 0 0 0 0 0 0 
0 0 0 0 228475 38478.6 1926.19 0 0 0 0 0 0 0 0 0 0 0 0 0 0 0 0 0 0 0 0 0 0 0 0 0 0 0 0 0 0 0 0 0 0 0 0 0 0 0 0 0 0 0 0 0 0 0 0 0 0 0 0 0 0 0 0 0 0 
0 0 0 0 342406 341708 37311.2 1278.09 159.761 0 0 0 0 0 0 0 0 0 0 0 0 0 0 0 0 0 0 0 0 0 0 0 0 0 0 0 0 0 0 0 0 0 0 0 0 0 0 0 0 0 0 0 0 0 0 0 0 0 0 0 0 0 0 0 0 
0 0 0 0 0 1.5053e+06 335482 37771.7 0 0 0 0 0 0 0 0 0 0 0 0 0 0 0 0 0 0 0 0 0 0 0 0 0 0 0 0 0 0 0 0 0 0 0 0 0 0 0 0 0 0 0 0 0 0 0 0 0 0 0 0 0 0 0 0 0 
0 0 0 0 0 3.05258e+06 2.12014e+06 365093 46338 3894.1 0 0 0 0 0 0 0 0 0 0 0 0 0 0 0 0 0 0 0 0 0 0 0 0 0 0 0 0 0 0 0 0 0 0 0 0 0 0 0 0 0 0 0 0 0 0 0 0 0 0 0 0 0 0 0 
0 0 0 0 0 2.6826e+06 9.07727e+06 2.71498e+06 460188 42777.3 5787.48 0 0 0 0 0 0 0 0 0 0 0 0 0 0 0 0 0 0 0 0 0 0 0 0 0 0 0 0 0 0 0 0 0 0 0 0 0 0 0 0 0 0 0 0 0 0 0 0 0 0 0 0 0 0 
0 0 0 0 0 0 2.14039e+07 1.40963e+07 3.57956e+06 698037 80770.9 11515.4 1456.19 0 0 0 60.8523 0 0 0 0 0 0 0 0 0 0 0 0 0 0 0 12.0207 0 0 0 0 0 0 0 0 0 0 0 0 0 0 0 0 0 0 0 0 0 0 0 0 0 0 0 0 0 0 0 0 
0 0 0 0 0 0 2.66713e+07 5.33732e+07 2.08405e+07 5.24296e+06 1.09772e+06 160537 15328.6 5714.18 1928.06 973.637 0 0 0 0 0 0 0 0 0 0 0 0 0 0 0 0 0 0 0 0 0 0 0 0 0 0 0 0 0 0 0 0 0 0 0 0 0 0 0 0 0 0 0 0 0 0 0 0 0 
0 0 0 0 0 0 1.5327e+07 1.30792e+08 9.33832e+07 3.17938e+07 8.35428e+06 1.91819e+06 400363 50066.3 5374.22 0 0 1923.26 0 0 0 0 0 0 0 0 0 0 0 0 0 384.664 0 0 0 0 0 0 0 0 0 0 0 0 0 0 0 0 0 0 0 0 0 0 0 0 0 0 0 0 0 0 0 0 0 
0 0 0 0 0 0 0 1.92595e+08 3.12156e+08 1.55142e+08 5.33423e+07 1.54087e+07 3.6899e+06 859590 208975 53515.9 28815.3 974.63 3858.75 0 0 0 0 0 0 0 0 0 0 0 957.994 0 0 0 0 0 0 0 0 0 0 0 0 0 0 0 0 0 0 0 0 0 0 0 0 0 0 0 0 0 0 0 0 0 0 
0 0 0 0 0 0 0 1.61734e+08 7.40169e+08 5.98664e+08 2.62862e+08 9.33495e+07 3.03804e+07 8.49097e+06 2.14888e+06 601913 128604 53424.1 28121 11603.6 2954.4 0 0 0 478.71 0 0 0 960.621 3835.24 5004.3 0 11951.2 0 0 0 0 0 0 0 0 0 0 0 0 0 0 0 0 0 0 0 0 0 0 0 0 0 0 0 0 0 0 0 0 
0 0 0 0 0 0 0 6.55074e+07 1.16439e+09 1.78813e+09 1.09508e+09 4.76273e+08 1.78868e+08 6.30954e+07 1.99861e+07 5.98738e+06 2.01217e+06 824992 242487 137479 30906.7 23071 11533.9 7719.41 0 3879.42 5834.59 11610.6 15348.5 21069.3 0 28829.3 399.749 0 0 0 0 0 0 0 0 0 0 0 0 0 0 0 0 0 0 0 0 0 0 0 0 0 0 0 0 0 0 0 0 
0 0 0 0 0 0 0 0 1.17139e+09 3.96805e+09 3.68231e+09 2.02254e+09 9.06426e+08 3.68335e+08 1.41708e+08 5.12239e+07 1.81794e+07 6.26614e+06 2.76526e+06 1.12995e+06 744102 260297 123302 79161.6 93365.4 87553.5 77283.3 74732.9 93489.6 62053.8 111732 152168 68214.2 0 0 0 0 0 0 0 0 0 0 0 0 0 0 0 0 0 0 0 0 0 0 0 0 0 0 0 0 0 0 0 0 
0 0 0 0 0 0 0 0 7.06264e+08 6.28961e+09 9.82562e+09 7.25039e+09 3.87924e+09 1.82772e+09 8.02479e+08 3.37782e+08 1.35271e+08 5.45645e+07 2.25669e+07 1.04579e+07 4.75828e+06 2.87079e+06 1.7545e+06 1.08132e+06 727668 469015 533742 529355 492051 433396 686887 267530 705856 0 0 0 0 0 0 0 0 0 0 0 0 0 0 0 0 0 0 0 0 0 0 0 0 0 0 0 0 0 0 0 0 
0 0 0 0 0 0 0 0 2.13484e+08 6.87113e+09 2.02398e+10 2.1461e+10 1.43144e+10 7.76458e+09 3.88148e+09 1.84715e+09 8.4961e+08 3.80961e+08 1.71876e+08 7.9511e+07 3.98308e+07 2.18748e+07 1.20948e+07 7.73658e+06 5.15847e+06 4.66362e+06 3.50233e+06 3.13487e+06 2.57858e+06 3.37141e+06 2.34464e+06 2.95195e+06 2.91029e+06 0 0 0 0 0 0 0 0 0 0 0 0 0 0 0 0 0 0 0 0 0 0 0 0 0 0 0 0 0 0 0 0 
0 0 0 0 0 0 0 0 0 5.0128e+09 3.11318e+10 5.13415e+10 4.47805e+10 2.8884e+10 1.62788e+10 8.61388e+09 4.40284e+09 2.21145e+09 1.10294e+09 5.54099e+08 2.85859e+08 1.54272e+08 9.31951e+07 5.86388e+07 4.01737e+07 2.77315e+07 2.16159e+07 1.76728e+07 1.75643e+07 1.49666e+07 1.38585e+07 1.52972e+07 1.21865e+07 0 0 0 0 0 0 0 0 0 0 0 0 0 0 0 0 0 0 0 0 0 0 0 0 0 0 0 0 0 0 0 0 
0 0 0 0 0 0 0 0 0 2.27978e+09 3.49965e+10 9.72667e+10 1.1715e+11 9.28092e+10 5.99219e+10 3.53434e+10 1.995e+10 1.09879e+10 5.98607e+09 3.26428e+09 1.79919e+09 1.02806e+09 6.0442e+08 3.7917e+08 2.51133e+08 1.79598e+08 1.38222e+08 1.1338e+08 9.54345e+07 7.99476e+07 8.28832e+07 7.26569e+07 7.80977e+07 0 0 0 0 0 0 0 0 0 0 0 0 0 0 0 0 0 0 0 0 0 0 0 0 0 0 0 0 0 0 0 0 
0 0 0 0 0 0 0 0 0 5.39489e+08 2.80014e+10 1.42721e+11 2.52064e+11 2.55839e+11 1.94509e+11 1.28471e+11 7.9345e+10 4.75232e+10 2.80813e+10 1.65039e+10 9.78085e+09 5.90693e+09 3.67717e+09 2.36895e+09 1.58904e+09 1.13286e+09 8.40237e+08 6.59743e+08 5.40004e+08 4.92915e+08 4.32796e+08 4.15439e+08 4.04906e+08 0 0 0 0 0 0 0 0 0 0 0 0 0 0 0 0 0 0 0 0 0 0 0 0 0 0 0 0 0 0 0 0 
0 0 0 0 0 0 0 0 0 0 1.55557e+10 1.58977e+11 4.37707e+11 5.94445e+11 5.49961e+11 4.15036e+11 2.82549e+11 1.83421e+11 1.16774e+11 7.36373e+10 4.6579e+10 2.98034e+10 1.95017e+10 1.30505e+10 9.0689e+09 6.49709e+09 4.89153e+09 3.84188e+09 3.19894e+09 2.72721e+09 2.46308e+09 2.34578e+09 2.29801e+09 0 0 0 0 0 0 0 0 0 0 0 0 0 0 0 0 0 0 0 0 0 0 0 0 0 0 0 0 0 0 0 0 
0 0 0 0 0 0 0 0 0 0 5.54707e+09 1.32794e+11 6.04226e+11 1.14957e+12 1.34019e+12 1.18328e+12 9.03228e+11 6.38368e+11 4.3524e+11 2.9347e+11 1.96853e+11 1.3322e+11 9.09912e+10 6.37182e+10 4.57571e+10 3.3914e+10 2.60586e+10 2.08146e+10 1.73183e+10 1.49552e+10 1.35862e+10 1.27438e+10 1.24316e+10 0 0 0 0 0 0 0 0 0 0 0 0 0 0 0 0 0 0 0 0 0 0 0 0 0 0 0 0 0 0 0 0 
0 0 0 0 0 0 0 0 0 0 1.07225e+09 8.13709e+10 6.5355e+11 1.82623e+12 2.77059e+12 2.95837e+12 2.57007e+12 2.00074e+12 1.47098e+12 1.05299e+12 7.49436e+11 5.33946e+11 3.82395e+11 2.78433e+11 2.07028e+11 1.58951e+11 1.25332e+11 1.01817e+11 8.60154e+10 7.54266e+10 6.8359e+10 6.44214e+10 6.33055e+10 0 0 0 0 0 0 0 0 0 0 0 0 0 0 0 0 0 0 0 0 0 0 0 0 0 0 0 0 0 0 0 0 
0 0 0 0 0 0 0 0 0 0 0 3.57551e+10 5.4919e+11 2.35248e+12 4.83042e+12 6.37586e+12 6.47842e+12 5.6361e+12 4.50704e+12 3.45387e+12 2.59919e+12 1.9396e+12 1.45411e+12 1.1039e+12 8.49036e+11 6.7067e+11 5.42269e+11 4.51002e+11 3.85803e+11 3.42151e+11 3.1404e+11 2.97546e+11 2.91019e+11 0 0 0 0 0 0 0 0 0 0 0 0 0 0 0 0 0 0 0 0 0 0 0 0 0 0 0 0 0 0 0 0 
0 0 0 0 0 0 0 0 0 0 0 1.03403e+10 3.54421e+11 2.43622e+12 6.99577e+12 1.17731e+13 1.42714e+13 1.41572e+13 1.24669e+13 1.02832e+13 8.18458e+12 6.41779e+12 5.04236e+12 3.96849e+12 3.16407e+12 2.56828e+12 2.12841e+12 1.80805e+12 1.57908e+12 1.41077e+12 1.30583e+12 1.24439e+12 1.22917e+12 0 0 0 0 0 0 0 0 0 0 0 0 0 0 0 0 0 0 0 0 0 0 0 0 0 0 0 0 0 0 0 0 
0 0 0 0 0 0 0 0 0 0 0 1.70817e+09 1.72545e+11 2.01428e+12 8.37215e+12 1.84786e+13 2.73339e+13 3.15111e+13 3.10443e+13 2.77973e+13 2.36261e+13 1.95473e+13 1.59743e+13 1.30794e+13 1.08108e+13 9.01701e+12 7.6565e+12 6.63518e+12 5.86542e+12 5.33627e+12 4.96975e+12 4.76674e+12 4.70055e+12 0 0 0 0 0 0 0 0 0 0 0 0 0 0 0 0 0 0 0 0 0 0 0 0 0 0 0 0 0 0 0 0 
0 0 0 0 0 0 0 0 0 0 0 0 6.20174e+10 1.31984e+12 8.20533e+12 2.43925e+13 4.51246e+13 6.14087e+13 6.8785e+13 6.79279e+13 6.23074e+13 5.45201e+13 4.68222e+13 3.98468e+13 3.39029e+13 2.91752e+13 2.53809e+13 2.23806e+13 2.01394e+13 1.85583e+13 1.7473e+13 1.68696e+13 1.66459e+13 0 0 0 0 0 0 0 0 0 0 0 0 0 0 0 0 0 0 0 0 0 0 0 0 0 0 0 0 0 0 0 0 
0 0 0 0 0 0 0 0 0 0 0 0 1.5004e+10 6.81076e+11 6.57516e+12 2.698e+13 6.37585e+13 1.04616e+14 1.35065e+14 1.49256e+14 1.4859e+14 1.39599e+14 1.26166e+14 1.1195e+14 9.87811e+13 8.7169e+13 7.74467e+13 7.00233e+13 6.41345e+13 5.95715e+13 5.65563e+13 5.48363e+13 5.43744e+13 0 0 0 0 0 0 0 0 0 0 0 0 0 0 0 0 0 0 0 0 0 0 0 0 0 0 0 0 0 0 0 0 
0 0 0 0 0 0 0 0 0 0 0 0 2.24697e+09 2.72684e+11 4.28078e+12 2.48589e+13 7.6585e+13 1.54221e+14 2.33046e+14 2.91234e+14 3.20553e+14 3.23828e+14 3.10822e+14 2.89403e+14 2.65443e+14 2.41931e+14 2.21061e+14 2.03191e+14 1.88632e+14 1.78067e+14 1.70629e+14 1.66068e+14 1.6455e+14 0 0 0 0 0 0 0 0 0 0 0 0 0 0 0 0 0 0 0 0 0 0 0 0 0 0 0 0 0 0 0 0 
0 0 0 0 0 0 0 0 0 0 0 0 0 8.26819e+10 2.26366e+12 1.90809e+13 7.80151e+13 1.96111e+14 3.52978e+14 5.04435e+14 6.17899e+14 6.80382e+14 6.99343e+14 6.86908e+14 6.57223e+14 6.20367e+14 5.82472e+14 5.47352e+14 5.18074e+14 4.95202e+14 4.78068e+14 4.67474e+14 4.6468e+14 0 0 0 0 0 0 0 0 0 0 0 0 0 0 0 0 0 0 0 0 0 0 0 0 0 0 0 0 0 0 0 0 
0 0 0 0 0 0 0 0 0 0 0 0 0 1.72767e+10 9.63658e+11 1.21575e+13 6.72485e+13 2.14188e+14 4.64904e+14 7.72121e+14 1.06313e+15 1.28837e+15 1.42736e+15 1.49072e+15 1.4967e+15 1.468e+15 1.42102e+15 1.37019e+15 1.3223e+15 1.28078e+15 1.24884e+15 1.2287e+15 1.22201e+15 0 0 0 0 0 0 0 0 0 0 0 0 0 0 0 0 0 0 0 0 0 0 0 0 0 0 0 0 0 0 0 0 
0 0 0 0 0 0 0 0 0 0 0 0 0 2.52238e+09 3.27183e+11 6.43825e+12 4.89957e+13 2.00611e+14 5.3215e+14 1.03752e+15 1.62564e+15 2.18348e+15 2.62952e+15 2.93483e+15 3.1125e+15 3.19239e+15 3.19846e+15 3.16523e+15 3.1177e+15 3.06876e+15 3.02649e+15 3.00236e+15 2.98571e+15 0 0 0 0 0 0 0 0 0 0 0 0 0 0 0 0 0 0 0 0 0 0 0 0 0 0 0 0 0 0 0 0 
0 0 0 0 0 0 0 0 0 0 0 0 0 0 8.6556e+10 2.83125e+12 3.02326e+13 1.60858e+14 5.27568e+14 1.22164e+15 2.20122e+15 3.30543e+15 4.36046e+15 5.24198e+15 5.90115e+15 6.3382e+15 6.60897e+15 6.74665e+15 6.79996e+15 6.81259e+15 6.79574e+15 6.78774e+15 6.784e+15 0 0 0 0 0 0 0 0 0 0 0 0 0 0 0 0 0 0 0 0 0 0 0 0 0 0 0 0 0 0 0 0 
0 0 0 0 0 0 0 0 0 0 0 0 0 0 1.62242e+10 1.02744e+12 1.58261e+13 1.10837e+14 4.53292e+14 1.25766e+15 2.6262e+15 4.45222e+15 6.48085e+15 8.44448e+15 1.01358e+16 1.14933e+16 1.24917e+16 1.319e+16 1.36555e+16 1.39356e+16 1.40996e+16 1.41723e+16 1.42085e+16 0 0 0 0 0 0 0 0 0 0 0 0 0 0 0 0 0 0 0 0 0 0 0 0 0 0 0 0 0 0 0 0 
0 0 0 0 0 0 0 0 0 0 0 0 0 0 2.51638e+09 3.05116e+11 7.01359e+12 6.56297e+13 3.37852e+14 1.13153e+15 2.75701e+15 5.31875e+15 8.60883e+15 1.22167e+16 1.5767e+16 1.89127e+16 2.15327e+16 2.36054e+16 2.51141e+16 2.61749e+16 2.68974e+16 2.72897e+16 2.74133e+16 0 0 0 0 0 0 0 0 0 0 0 0 0 0 0 0 0 0 0 0 0 0 0 0 0 0 0 0 0 0 0 0 
0 0 0 0 0 0 0 0 0 0 0 0 0 0 0 7.31059e+10 2.64849e+12 3.3554e+13 2.18759e+14 8.90572e+14 2.55841e+15 5.63517e+15 1.01886e+16 1.58793e+16 2.20789e+16 2.81793e+16 3.37343e+16 3.84478e+16 4.2279e+16 4.5091e+16 4.7024e+16 4.81736e+16 4.85387e+16 0 0 0 0 0 0 0 0 0 0 0 0 0 0 0 0 0 0 0 0 0 0 0 0 0 0 0 0 0 0 0 0 
0 0 0 0 0 0 0 0 0 0 0 0 0 0 0 1.28089e+10 8.44342e+11 1.4817e+13 1.23839e+14 6.16006e+14 2.08774e+15 5.29786e+15 1.07638e+16 1.84585e+16 2.78064e+16 3.79639e+16 4.7928e+16 5.702e+16 6.46804e+16 7.08912e+16 7.52674e+16 7.7863e+16 7.8616e+16 0 0 0 0 0 0 0 0 0 0 0 0 0 0 0 0 0 0 0 0 0 0 0 0 0 0 0 0 0 0 0 0 
0 0 0 0 0 0 0 0 0 0 0 0 0 0 0 2.30631e+09 2.2773e+11 5.69605e+12 6.12866e+13 3.74642e+14 1.50582e+15 4.4143e+15 1.01271e+16 1.92414e+16 3.15206e+16 4.60826e+16 6.16435e+16 7.67116e+16 9.033e+16 1.01469e+17 1.09752e+17 1.14855e+17 1.16695e+17 0 0 0 0 0 0 0 0 0 0 0 0 0 0 0 0 0 0 0 0 0 0 0 0 0 0 0 0 0 0 0 0 
0 0 0 0 0 0 0 0 0 0 0 0 0 0 0 0 5.16214e+10 1.90222e+12 2.67434e+13 2.01161e+14 9.65083e+14 3.27292e+15 8.50971e+15 1.79267e+16 3.21397e+16 5.05243e+16 7.16554e+16 9.36561e+16 1.14428e+17 1.32237e+17 1.45884e+17 1.54392e+17 1.57319e+17 0 0 0 0 0 0 0 0 0 0 0 0 0 0 0 0 0 0 0 0 0 0 0 0 0 0 0 0 0 0 0 0 
0 0 0 0 0 0 0 0 0 0 0 0 0 0 0 0 8.85768e+09 5.52522e+11 1.03139e+13 9.62131e+13 5.49923e+14 2.16469e+15 6.38768e+15 1.50101e+16 2.93885e+16 4.98312e+16 7.52695e+16 1.0352e+17 1.31439e+17 1.56685e+17 1.76565e+17 1.89037e+17 1.93349e+17 0 0 0 0 0 0 0 0 0 0 0 0 0 0 0 0 0 0 0 0 0 0 0 0 0 0 0 0 0 0 0 0 
0 0 0 0 0 0 0 0 0 0 0 0 0 0 0 0 1.98498e+09 1.4139e+11 3.54563e+12 4.11595e+13 2.80461e+14 1.28536e+15 4.30644e+15 1.12811e+16 2.42569e+16 4.44474e+16 7.15207e+16 1.03407e+17 1.37251e+17 1.68583e+17 1.93842e+17 2.1065e+17 2.16299e+17 0 0 0 0 0 0 0 0 0 0 0 0 0 0 0 0 0 0 0 0 0 0 0 0 0 0 0 0 0 0 0 0 
0 0 0 0 0 0 0 0 0 0 0 0 0 0 0 0 0 3.20422e+10 1.08616e+12 1.58278e+13 1.29173e+14 6.87394e+14 2.61836e+15 7.65527e+15 1.80544e+16 3.58226e+16 6.15702e+16 9.40218e+16 1.29906e+17 1.64813e+17 1.94137e+17 2.13323e+17 2.2024e+17 0 0 0 0 0 0 0 0 0 0 0 0 0 0 0 0 0 0 0 0 0 0 0 0 0 0 0 0 0 0 0 0 
0 0 0 0 0 0 0 0 0 0 0 0 0 0 0 0 0 5.5241e+09 2.99953e+11 5.51928e+12 5.39308e+13 3.32917e+14 1.44233e+15 4.70062e+15 1.21861e+16 2.61493e+16 4.80564e+16 7.74802e+16 1.11788e+17 1.46661e+17 1.76651e+17 1.9693e+17 2.04104e+17 0 0 0 0 0 0 0 0 0 0 0 0 0 0 0 0 0 0 0 0 0 0 0 0 0 0 0 0 0 0 0 0 
0 0 0 0 0 0 0 0 0 0 0 0 0 0 0 0 0 1.59989e+09 7.67287e+10 1.75965e+12 2.0574e+13 1.47416e+14 7.24335e+14 2.63328e+15 7.48962e+15 1.74234e+16 3.41838e+16 5.82497e+16 8.77683e+16 1.18957e+17 1.4669e+17 1.65887e+17 1.72618e+17 0 0 0 0 0 0 0 0 0 0 0 0 0 0 0 0 0 0 0 0 0 0 0 0 0 0 0 0 0 0 0 0 
0 0 0 0 0 0 0 0 0 0 0 0 0 0 0 0 0 0 1.81767e+10 5.16555e+11 7.24916e+12 6.00518e+13 3.33966e+14 1.35075e+15 4.21432e+15 1.05891e+16 2.22414e+16 3.99728e+16 6.29951e+16 8.82654e+16 1.11447e+17 1.27881e+17 1.33702e+17 0 0 0 0 0 0 0 0 0 0 0 0 0 0 0 0 0 0 0 0 0 0 0 0 0 0 0 0 0 0 0 0 
0 0 0 0 0 0 0 0 0 0 0 0 0 0 0 0 0 0 3.13377e+09 1.42156e+11 2.37737e+12 2.27213e+13 1.42451e+14 6.39354e+14 2.18192e+15 5.92505e+15 1.32651e+16 2.52195e+16 4.14923e+16 6.01925e+16 7.77814e+16 9.03497e+16 9.50508e+16 0 0 0 0 0 0 0 0 0 0 0 0 0 0 0 0 0 0 0 0 0 0 0 0 0 0 0 0 0 0 0 0 
0 0 0 0 0 0 0 0 0 0 0 0 0 0 0 0 0 0 1.19147e+09 3.82431e+10 7.35323e+11 8.05208e+12 5.67152e+13 2.81692e+14 1.04903e+15 3.06951e+15 7.33101e+15 1.46668e+16 2.51965e+16 3.77421e+16 4.99499e+16 5.89006e+16 6.21998e+16 0 0 0 0 0 0 0 0 0 0 0 0 0 0 0 0 0 0 0 0 0 0 0 0 0 0 0 0 0 0 0 0 
0 0 0 0 0 0 0 0 0 0 0 0 0 0 0 0 0 0 0 9.53545e+09 2.15668e+11 2.69837e+12 2.12856e+13 1.16303e+14 4.71034e+14 1.48233e+15 3.76358e+15 7.93454e+15 1.41925e+16 2.19649e+16 2.9754e+16 3.55374e+16 3.76712e+16 0 0 0 0 0 0 0 0 0 0 0 0 0 0 0 0 0 0 0 0 0 0 0 0 0 0 0 0 0 0 0 0 
0 0 0 0 0 0 0 0 0 0 0 0 0 0 0 0 0 0 0 1.60516e+09 6.14169e+10 8.71121e+11 7.60719e+12 4.54468e+13 1.99011e+14 6.71583e+14 1.80887e+15 4.00669e+15 7.47215e+15 1.19102e+16 1.64864e+16 1.99735e+16 2.12599e+16 0 0 0 0 0 0 0 0 0 0 0 0 0 0 0 0 0 0 0 0 0 0 0 0 0 0 0 0 0 0 0 0 
0 0 0 0 0 0 0 0 0 0 0 0 0 0 0 0 0 0 0 8.09264e+08 1.78297e+10 2.7222e+11 2.60314e+12 1.69502e+13 8.0084e+13 2.88101e+14 8.20094e+14 1.90605e+15 3.68953e+15 6.06318e+15 8.56687e+15 1.0509e+16 1.12666e+16 0 0 0 0 0 0 0 0 0 0 0 0 0 0 0 0 0 0 0 0 0 0 0 0 0 0 0 0 0 0 0 0 
0 0 0 0 0 0 0 0 0 0 0 0 0 0 0 0 0 0 0 0 4.58962e+09 8.19276e+10 8.69047e+11 6.1155e+12 3.08854e+13 1.18076e+14 3.5357e+14 8.59192e+14 1.72392e+15 2.91547e+15 4.20558e+15 5.2236e+15 5.6094e+15 0 0 0 0 0 0 0 0 0 0 0 0 0 0 0 0 0 0 0 0 0 0 0 0 0 0 0 0 0 0 0 0 
0 0 0 0 0 0 0 0 0 0 0 0 0 0 0 0 0 0 0 0 7.25814e+08 2.47376e+10 2.86964e+11 2.15056e+12 1.15191e+13 4.64707e+13 1.46888e+14 3.70076e+14 7.69723e+14 1.33625e+15 1.95909e+15 2.4631e+15 2.65387e+15 0 0 0 0 0 0 0 0 0 0 0 0 0 0 0 0 0 0 0 0 0 0 0 0 0 0 0 0 0 0 0 0 
0 0 0 0 0 0 0 0 0 0 0 0 0 0 0 0 0 0 0 0 4.96986e+08 7.75727e+09 9.28479e+10 7.39513e+11 4.21393e+12 1.78687e+13 5.87256e+13 1.5413e+14 3.30486e+14 5.86945e+14 8.7789e+14 1.11188e+15 1.20392e+15 0 0 0 0 0 0 0 0 0 0 0 0 0 0 0 0 0 0 0 0 0 0 0 0 0 0 0 0 0 0 0 0 
0 0 0 0 0 0 0 0 0 0 0 0 0 0 0 0 0 0 0 0 0 1.98114e+09 2.86675e+10 2.5393e+11 1.5227e+12 6.7196e+12 2.29524e+13 6.23683e+13 1.37221e+14 2.49597e+14 3.79587e+14 4.85681e+14 5.27038e+14 0 0 0 0 0 0 0 0 0 0 0 0 0 0 0 0 0 0 0 0 0 0 0 0 0 0 0 0 0 0 0 0 
0 0 0 0 0 0 0 0 0 0 0 0 0 0 0 0 0 0 0 0 0 2.84464e+08 9.26663e+09 8.75674e+10 5.42987e+11 2.49115e+12 8.84711e+12 2.47363e+13 5.58224e+13 1.03341e+14 1.5959e+14 2.06069e+14 2.23803e+14 0 0 0 0 0 0 0 0 0 0 0 0 0 0 0 0 0 0 0 0 0 0 0 0 0 0 0 0 0 0 0 0 
0 0 0 0 0 0 0 0 0 0 0 0 0 0 0 0 0 0 0 0 0 2.73215e+08 3.08478e+09 2.88918e+10 1.91419e+11 9.24449e+11 3.36246e+12 9.65096e+12 2.23567e+13 4.21631e+13 6.56767e+13 8.56334e+13 9.34432e+13 0 0 0 0 0 0 0 0 0 0 0 0 0 0 0 0 0 0 0 0 0 0 0 0 0 0 0 0 0 0 0 0 
0 0 0 0 0 0 0 0 0 0 0 0 0 0 0 0 0 0 0 0 0 0 7.49576e+08 9.07746e+09 6.84575e+10 3.42658e+11 1.27991e+12 3.76124e+12 8.86049e+12 1.6981e+13 2.67573e+13 3.505e+13 3.82947e+13 0 0 0 0 0 0 0 0 0 0 0 0 0 0 0 0 0 0 0 0 0 0 0 0 0 0 0 0 0 0 0 0 
0 0 0 0 0 0 0 0 0 0 0 0 0 0 0 0 0 0 0 0 0 0 9.46112e+07 3.20594e+09 2.45066e+10 1.24329e+11 4.83907e+11 1.46455e+12 3.49257e+12 6.78867e+12 1.08388e+13 1.42546e+13 1.56401e+13 0 0 0 0 0 0 0 0 0 0 0 0 0 0 0 0 0 0 0 0 0 0 0 0 0 0 0 0 0 0 0 0 
0 0 0 0 0 0 0 0 0 0 0 0 0 0 0 0 0 0 0 0 0 0 1.3316e+08 1.09857e+09 7.98725e+09 4.50769e+10 1.85311e+11 5.66281e+11 1.38073e+12 2.72465e+12 4.37323e+12 5.79234e+12 6.37215e+12 0 0 0 0 0 0 0 0 0 0 0 0 0 0 0 0 0 0 0 0 0 0 0 0 0 0 0 0 0 0 0 0 
0 0 0 0 0 0 0 0 0 0 0 0 0 0 0 0 0 0 0 0 0 0 0 2.43705e+08 2.58033e+09 1.69355e+10 6.96705e+10 2.18576e+11 5.489e+11 1.08874e+12 1.76833e+12 2.35964e+12 2.593e+12 0 0 0 0 0 0 0 0 0 0 0 0 0 0 0 0 0 0 0 0 0 0 0 0 0 0 0 0 0 0 0 0 
0 0 0 0 0 0 0 0 0 0 0 0 0 0 0 0 0 0 0 0 0 0 0 2.61996e+07 1.01275e+09 6.09768e+09 2.54083e+10 8.55218e+10 2.16742e+11 4.35539e+11 7.1758e+11 9.56102e+11 1.05608e+12 0 0 0 0 0 0 0 0 0 0 0 0 0 0 0 0 0 0 0 0 0 0 0 0 0 0 0 0 0 0 0 0 
0 0 0 0 0 0 0 0 0 0 0 0 0 0 0 0 0 0 0 0 0 0 0 5.69398e+07 3.42504e+08 1.90197e+09 9.59014e+09 3.32926e+10 8.42518e+10 1.75974e+11 2.89377e+11 3.8971e+11 4.31155e+11 0 0 0 0 0 0 0 0 0 0 0 0 0 0 0 0 0 0 0 0 0 0 0 0 0 0 0 0 0 0 0 0 
0 0 0 0 0 0 0 0 0 0 0 0 0 0 0 0 0 0 0 0 0 0 0 0 6.63953e+07 6.60996e+08 3.76898e+09 1.23249e+10 3.32884e+10 7.05418e+10 1.16559e+11 1.60531e+11 1.74405e+11 0 0 0 0 0 0 0 0 0 0 0 0 0 0 0 0 0 0 0 0 0 0 0 0 0 0 0 0 0 0 0 0 
0 0 0 0 0 0 0 0 0 0 0 0 0 0 0 0 0 0 0 0 0 0 0 0 5.82709e+06 2.88493e+08 1.29595e+09 4.51812e+09 1.34466e+10 2.75151e+10 4.75492e+10 6.45309e+10 7.16957e+10 0 0 0 0 0 0 0 0 0 0 0 0 0 0 0 0 0 0 0 0 0 0 0 0 0 0 0 0 0 0 0 0 
0 0 0 0 0 0 0 0 0 0 0 0 0 0 0 0 0 0 0 0 0 0 0 0 2.11608e+07 9.06894e+07 3.81144e+08 1.83544e+09 5.11687e+09 1.07913e+10 1.93815e+10 2.57535e+10 2.96022e+10 0 0 0 0 0 0 0 0 0 0 0 0 0 0 0 0 0 0 0 0 0 0 0 0 0 0 0 0 0 0 0 0 
0 0 0 0 0 0 0 0 0 0 0 0 0 0 0 0 0 0 0 0 0 0 0 0 0 1.465e+07 1.54456e+08 7.28088e+08 1.81262e+09 4.46667e+09 7.52774e+09 1.05638e+10 1.17782e+10 0 0 0 0 0 0 0 0 0 0 0 0 0 0 0 0 0 0 0 0 0 0 0 0 0 0 0 0 0 0 0 0 
0 0 0 0 0 0 0 0 0 0 0 0 0 0 0 0 0 0 0 0 0 0 0 0 0 1.00458e+06 7.20565e+07 2.2271e+08 7.04729e+08 1.79368e+09 2.86593e+09 4.40611e+09 4.5579e+09 0 0 0 0 0 0 0 0 0 0 0 0 0 0 0 0 0 0 0 0 0 0 0 0 0 0 0 0 0 0 0 0 
0 0 0 0 0 0 0 0 0 0 0 0 0 0 0 0 0 0 0 0 0 0 0 0 0 6.73776e+06 1.9722e+07 6.39192e+07 3.13259e+08 6.25824e+08 1.19663e+09 1.70139e+09 1.868e+09 0 0 0 0 0 0 0 0 0 0 0 0 0 0 0 0 0 0 0 0 0 0 0 0 0 0 0 0 0 0 0 0 
0 0 0 0 0 0 0 0 0 0 0 0 0 0 0 0 0 0 0 0 0 0 0 0 0 0 2.5106e+06 3.31581e+07 1.14898e+08 2.18485e+08 5.13669e+08 6.0993e+08 8.09129e+08 0 0 0 0 0 0 0 0 0 0 0 0 0 0 0 0 0 0 0 0 0 0 0 0 0 0 0 0 0 0 0 0 
0 0 0 0 0 0 0 0 0 0 0 0 0 0 0 0 0 0 0 0 0 0 0 0 0 0 124795 1.51383e+07 2.87919e+07 9.99285e+07 1.84599e+08 2.48552e+08 3.12921e+08 0 0 0 0 0 0 0 0 0 0 0 0 0 0 0 0 0 0 0 0 0 0 0 0 0 0 0 0 0 0 0 0 
0 0 0 0 0 0 0 0 0 0 0 0 0 0 0 0 0 0 0 0 0 0 0 0 0 0 1.81018e+06 3.35198e+06 9.40543e+06 4.49858e+07 5.58903e+07 1.16172e+08 1.00667e+08 0 0 0 0 0 0 0 0 0 0 0 0 0 0 0 0 0 0 0 0 0 0 0 0 0 0 0 0 0 0 0 0 
0 0 0 0 0 0 0 0 0 0 0 0 0 0 0 0 0 0 0 0 0 0 0 0 0 0 0 312159 6.3703e+06 1.34255e+07 2.31997e+07 4.50172e+07 3.78987e+07 0 0 0 0 0 0 0 0 0 0 0 0 0 0 0 0 0 0 0 0 0 0 0 0 0 0 0 0 0 0 0 0 
0 0 0 0 0 0 0 0 0 0 0 0 0 0 0 0 0 0 0 0 0 0 0 0 0 0 0 10001.6 2.53083e+06 2.55423e+06 1.26048e+07 1.22411e+07 1.98241e+07 0 0 0 0 0 0 0 0 0 0 0 0 0 0 0 0 0 0 0 0 0 0 0 0 0 0 0 0 0 0 0 0 
0 0 0 0 0 0 0 0 0 0 0 0 0 0 0 0 0 0 0 0 0 0 0 0 0 0 0 401944 415539 1.32149e+06 4.81155e+06 3.70974e+06 8.60758e+06 0 0 0 0 0 0 0 0 0 0 0 0 0 0 0 0 0 0 0 0 0 0 0 0 0 0 0 0 0 0 0 0 
0 0 0 0 0 0 0 0 0 0 0 0 0 0 0 0 0 0 0 0 0 0 0 0 0 0 0 0 24976.5 1.02206e+06 1.00269e+06 2.39209e+06 2.27852e+06 0 0 0 0 0 0 0 0 0 0 0 0 0 0 0 0 0 0 0 0 0 0 0 0 0 0 0 0 0 0 0 0 
0 0 0 0 0 0 0 0 0 0 0 0 0 0 0 0 0 0 0 0 0 0 0 0 0 0 0 0 392.227 312122 138320 1.2298e+06 394629 0 0 0 0 0 0 0 0 0 0 0 0 0 0 0 0 0 0 0 0 0 0 0 0 0 0 0 0 0 0 0 0 
0 0 0 0 0 0 0 0 0 0 0 0 0 0 0 0 0 0 0 0 0 0 0 0 0 0 0 0 71759.1 33248.4 179726 309950 255005 0 0 0 0 0 0 0 0 0 0 0 0 0 0 0 0 0 0 0 0 0 0 0 0 0 0 0 0 0 0 0 0 
0 0 0 0 0 0 0 0 0 0 0 0 0 0 0 0 0 0 0 0 0 0 0 0 0 0 0 0 0 961.621 124503 37558.3 210793 0 0 0 0 0 0 0 0 0 0 0 0 0 0 0 0 0 0 0 0 0 0 0 0 0 0 0 0 0 0 0 0 
0 0 0 0 0 0 0 0 0 0 0 0 0 0 0 0 0 0 0 0 0 0 0 0 0 0 0 0 0 0 24963.2 3860.03 68275.2 0 0 0 0 0 0 0 0 0 0 0 0 0 0 0 0 0 0 0 0 0 0 0 0 0 0 0 0 0 0 0 0 
0 0 0 0 0 0 0 0 0 0 0 0 0 0 0 0 0 0 0 0 0 0 0 0 0 0 0 0 0 9897.81 1278.59 20764.4 7691.61 0 0 0 0 0 0 0 0 0 0 0 0 0 0 0 0 0 0 0 0 0 0 0 0 0 0 0 0 0 0 0 0 
0 0 0 0 0 0 0 0 0 0 0 0 0 0 0 0 0 0 0 0 0 0 0 0 0 0 0 0 0 0 0 9964.36 480.826 0 0 0 0 0 0 0 0 0 0 0 0 0 0 0 0 0 0 0 0 0 0 0 0 0 0 0 0 0 0 0 0 
0 0 0 0 0 0 0 0 0 0 0 0 0 0 0 0 0 0 0 0 0 0 0 0 0 0 0 0 0 0 0 959.889 0 0 0 0 0 0 0 0 0 0 0 0 0 0 0 0 0 0 0 0 0 0 0 0 0 0 0 0 0 0 0 0 0 
0 0 0 0 0 0 0 0 0 0 0 0 0 0 0 0 0 0 0 0 0 0 0 0 0 0 0 0 0 0 989.781 0 1661.05 0 0 0 0 0 0 0 0 0 0 0 0 0 0 0 0 0 0 0 0 0 0 0 0 0 0 0 0 0 0 0 0 
0 0 0 0 0 0 0 0 0 0 0 0 0 0 0 0 0 0 0 0 0 0 0 0 0 0 0 0 0 0 0 0 383.352 0 0 0 0 0 0 0 0 0 0 0 0 0 0 0 0 0 0 0 0 0 0 0 0 0 0 0 0 0 0 0 0 
0 0 0 0 0 0 0 0 0 0 0 0 0 0 0 0 0 0 0 0 0 0 0 0 0 0 0 0 0 0 0 0 0 0 0 0 0 0 0 0 0 0 0 0 0 0 0 0 0 0 0 0 0 0 0 0 0 0 0 0 0 0 0 0 0 
0 0 0 0 0 0 0 0 0 0 0 0 0 0 0 0 0 0 0 0 0 0 0 0 0 0 0 0 0 0 0 63.8568 0 0 0 0 0 0 0 0 0 0 0 0 0 0 0 0 0 0 0 0 0 0 0 0 0 0 0 0 0 0 0 0 0 
0 0 0 0 0 0 0 0 0 0 0 0 0 0 0 0 0 0 0 0 0 0 0 0 0 0 0 0 0 0 0 0 0 0 0 0 0 0 0 0 0 0 0 0 0 0 0 0 0 0 0 0 0 0 0 0 0 0 0 0 0 0 0 0 0 
0 0 0 0 0 0 0 0 0 0 0 0 0 0 0 0 0 0 0 0 0 0 0 0 0 0 0 0 0 0 0 0 0 0 0 0 0 0 0 0 0 0 0 0 0 0 0 0 0 0 0 0 0 0 0 0 0 0 0 0 0 0 0 0 0 
0 0 0 0 0 0 0 0 0 0 0 0 0 0 0 0 0 0 0 0 0 0 0 0 0 0 0 0 0 0 0 0 1.99553 0 0 0 0 0 0 0 0 0 0 0 0 0 0 0 0 0 0 0 0 0 0 0 0 0 0 0 0 0 0 0 0 
