1 0 0 0 0 0 0 0 0 0 0 0 0 0 0 0 0 0 0 0 0 0 0 0 0 0 0 0 0 0 0 0 0 0 0 0 0 0 0 0 0 0 0 0 0 0 0 0 0 0 0 0 0 0 0 0 0 0 0 0 0 0 0 0 1 
0 0 0 0 0 0 0 0 0 0 0 0 0 0 0 0 0 0 0 0 0 0 0 0 0 0 0 0 0 0 0 0 0 0 0 0 0 0 0 0 0 0 0 0 0 0 0 0 0 0 0 0 0 0 0 0 0 0 0 0 0 0 0 0 0 
0 64 0 0 0 0 0 0 0 0 0 0 0 0 0 0 0 0 0 0 0 0 0 0 0 0 0 0 0 0 0 0 0 0 0 0 0 0 0 0 0 0 0 0 0 0 0 0 0 0 0 0 0 0 0 0 0 0 0 0 0 0 0 64 0 
0 0 128.663 0 0 0 0 0 0 0 0 0 0 0 0 0 0 0 0 0 0 0 0 0 0 0 0 0 0 0 0 0 0 0 0 0 0 0 0 0 0 0 0 0 0 0 0 0 0 0 0 0 0 0 0 0 0 0 0 0 0 0 128.564 0 0 
0 0 1887.34 386.725 64.5766 0 0 0 0 0 0 0 0 0 0 0 0 0 0 0 0 0 0 0 0 0 0 0 0 0 0 0 0 0 0 0 0 0 0 0 0 0 0 0 0 0 0 0 0 0 0 0 0 0 0 0 0 0 0 0 64.1199 381.839 1887.44 0 0 
0 0 0 7225.73 1156.68 513.019 127.904 0 0 0 0 0 0 0 0 0 0 0 0 0 0 0 0 0 0 0 0 0 0 0 0 0 0 0 0 0 0 0 0 0 0 0 0 0 0 0 0 0 0 0 0 0 0 0 0 0 0 0 128.549 514.608 1144.83 7190.37 0 0 0 
0 0 0 34051.5 27332.6 6840.36 2581.97 1412.15 381.747 62.3126 0 0 0 0 0 0 0 0 0 0 0 0 0 0 0 0 0 0 0 0 0 0 0 0 0 0 0 0 0 0 0 0 0 0 0 0 0 0 0 0 0 0 0 0 0 64.3361 388.652 1416.19 2579.75 6910.25 27417.8 34091.8 0 0 0 
0 0 0 0 185135 97143.4 43038.8 16994.6 8583.19 4651.96 1935.83 511.257 127.321 0 0 0 0 0 0 0 0 0 0 0 0 0 0 0 0 0 0 0 0 0 0 0 0 0 0 0 0 0 0 0 0 0 0 0 0 0 0 0 129.95 518.073 1935.05 4648.08 8691.53 16935 43089.3 97456.1 183481 0 0 0 0 
0 0 0 0 421687 834855 412190 222729 120966 59257.2 33581.5 19855.5 9634.61 4329.79 1391.51 381.83 78.4866 0 0 0 0 0 0 0 16.0339 0 0 0 0 0 0 0 15.8755 0 0 0 0 0 0 0 15.9471 0 0 0 0 0 0 0 81.9222 387.508 1418.96 4377.92 9719.48 19935.7 33803.1 59371.8 122092 224140 416367 830061 423268 0 0 0 0 
0 0 0 0 0 2.86076e+06 3.33818e+06 1.99152e+06 1.13012e+06 720180 424276 250558 153740 94187.6 55372.8 29249.8 13883.5 5894.21 2165.53 760.5 388.166 257.339 258.068 259.678 0 255.325 254.074 255.932 255.176 253.665 253.934 251.862 0 254.076 253.081 254.189 252.445 251.963 252.393 256.095 0 257.565 260.033 258.468 387.998 770.379 2176.26 5902.62 13829.4 29277.7 55275.2 93714.2 153534 251529 427859 722887 1.14836e+06 1.98803e+06 3.33284e+06 2.85222e+06 0 0 0 0 0 
0 0 0 0 0 3.8244e+06 1.46019e+07 1.35564e+07 9.3313e+06 6.07085e+06 3.99395e+06 2.68238e+06 1.78676e+06 1.16529e+06 768967 508707 327872 203768 119931 68347.3 36959.8 21341.2 13833.5 10824.6 11732.2 9674.78 9350.33 9142.91 9297.53 9122.43 9271.27 9340.06 11133.7 9300.61 9224.18 9156.13 9285.51 9249.32 9321.85 9672.43 11646.8 10839.1 13823.2 21246.7 36564.8 67499.6 119839 203103 328048 509570 777041 1.16907e+06 1.8008e+06 2.69891e+06 4.03513e+06 6.10926e+06 9.42096e+06 1.35551e+07 1.45999e+07 3.83735e+06 0 0 0 0 0 
0 0 0 0 0 0 3.02807e+07 6.37292e+07 5.72234e+07 4.31643e+07 3.1345e+07 2.23126e+07 1.58412e+07 1.14145e+07 8.17594e+06 5.85113e+06 4.14845e+06 2.93453e+06 2.07755e+06 1.45324e+06 1.02115e+06 708385 501898 368778 283176 246987 230453 222728 216085 216948 215194 211108 203753 210172 212706 215877 215548 220449 229044 245814 283825 369462 496928 708726 1.01617e+06 1.45349e+06 2.08079e+06 2.93862e+06 4.18436e+06 5.83611e+06 8.17077e+06 1.1485e+07 1.58852e+07 2.24485e+07 3.16052e+07 4.35263e+07 5.7566e+07 6.40369e+07 3.03288e+07 0 0 0 0 0 0 
0 0 0 0 0 0 2.62957e+07 1.69488e+08 2.61415e+08 2.45181e+08 1.98134e+08 1.55684e+08 1.19426e+08 9.06605e+07 6.90022e+07 5.26964e+07 4.03134e+07 3.06233e+07 2.30655e+07 1.77083e+07 1.36353e+07 1.05697e+07 8.34664e+06 6.67037e+06 5.43123e+06 4.60765e+06 4.02109e+06 3.63479e+06 3.42978e+06 3.27365e+06 3.21867e+06 3.18329e+06 3.1807e+06 3.16346e+06 3.19778e+06 3.2536e+06 3.42453e+06 3.64233e+06 4.0192e+06 4.6264e+06 5.50217e+06 6.68663e+06 8.38333e+06 1.05877e+07 1.36527e+07 1.77521e+07 2.32475e+07 3.05522e+07 3.99411e+07 5.2689e+07 6.92078e+07 9.11244e+07 1.19755e+08 1.56878e+08 2.00067e+08 2.46713e+08 2.63572e+08 1.69602e+08 2.62507e+07 0 0 0 0 0 0 
0 0 0 0 0 0 0 2.32748e+08 7.8564e+08 1.07045e+09 1.03949e+09 8.96817e+08 7.48003e+08 6.087e+08 4.91437e+08 3.93395e+08 3.16044e+08 2.53344e+08 2.04464e+08 1.65042e+08 1.34122e+08 1.10203e+08 9.15241e+07 7.6635e+07 6.49636e+07 5.62683e+07 5.02836e+07 4.57534e+07 4.25363e+07 4.04053e+07 3.8698e+07 3.78325e+07 3.7407e+07 3.77202e+07 3.85909e+07 4.02943e+07 4.25091e+07 4.58054e+07 5.05378e+07 5.69136e+07 6.54415e+07 7.69508e+07 9.16171e+07 1.10434e+08 1.3466e+08 1.65402e+08 2.04668e+08 2.53875e+08 3.17883e+08 3.92858e+08 4.91935e+08 6.12481e+08 7.50057e+08 9.05875e+08 1.04765e+09 1.07125e+09 7.84487e+08 2.31708e+08 0 0 0 0 0 0 0 
0 0 0 0 0 0 0 1.39462e+08 1.38398e+09 3.30481e+09 4.26685e+09 4.33017e+09 3.98352e+09 3.48159e+09 2.96426e+09 2.51041e+09 2.1218e+09 1.78192e+09 1.50317e+09 1.2705e+09 1.07759e+09 9.13491e+08 7.86073e+08 6.80747e+08 6.00554e+08 5.34905e+08 4.82161e+08 4.43622e+08 4.12836e+08 3.93288e+08 3.81643e+08 3.73473e+08 3.71425e+08 3.71448e+08 3.79151e+08 3.94125e+08 4.14557e+08 4.44982e+08 4.81747e+08 5.38732e+08 6.0298e+08 6.86335e+08 7.91536e+08 9.19544e+08 1.07466e+09 1.26609e+09 1.50819e+09 1.80286e+09 2.1338e+09 2.53204e+09 2.99278e+09 3.49439e+09 3.99179e+09 4.34737e+09 4.28786e+09 3.317e+09 1.38878e+09 1.40084e+08 0 0 0 0 0 0 0 
0 0 0 0 0 0 0 0 1.34291e+09 6.68996e+09 1.31709e+10 1.67834e+10 1.76794e+10 1.70945e+10 1.5662e+10 1.39501e+10 1.24161e+10 1.08534e+10 9.51506e+09 8.34485e+09 7.30035e+09 6.43145e+09 5.69508e+09 5.07037e+09 4.58842e+09 4.16392e+09 3.82921e+09 3.55029e+09 3.33633e+09 3.19316e+09 3.09114e+09 3.03033e+09 3.00725e+09 3.03665e+09 3.08738e+09 3.19434e+09 3.3483e+09 3.56858e+09 3.83457e+09 4.18861e+09 4.59664e+09 5.09564e+09 5.72602e+09 6.44348e+09 7.32022e+09 8.35263e+09 9.55917e+09 1.09359e+10 1.24034e+10 1.40687e+10 1.56882e+10 1.7078e+10 1.78238e+10 1.69019e+10 1.32306e+10 6.6668e+09 1.33745e+09 0 0 0 0 0 0 0 0 
0 0 0 0 0 0 0 0 5.84401e+08 8.31145e+09 2.8411e+10 5.04509e+10 6.47498e+10 7.05568e+10 7.07706e+10 6.79956e+10 6.30677e+10 5.81284e+10 5.29733e+10 4.80325e+10 4.34411e+10 3.94504e+10 3.5767e+10 3.27095e+10 3.00969e+10 2.80607e+10 2.61755e+10 2.45511e+10 2.34793e+10 2.2501e+10 2.18269e+10 2.1521e+10 2.14186e+10 2.15155e+10 2.18571e+10 2.25005e+10 2.34175e+10 2.46273e+10 2.61874e+10 2.79071e+10 3.00565e+10 3.27863e+10 3.59435e+10 3.95254e+10 4.36144e+10 4.82204e+10 5.31137e+10 5.83484e+10 6.32556e+10 6.78815e+10 7.10136e+10 7.0995e+10 6.46772e+10 5.03041e+10 2.842e+10 8.31323e+09 5.83603e+08 0 0 0 0 0 0 0 0 
0 0 0 0 0 0 0 0 0 5.91949e+09 4.10536e+10 1.11658e+11 1.86287e+11 2.41435e+11 2.71651e+11 2.83482e+11 2.81677e+11 2.72619e+11 2.59083e+11 2.44681e+11 2.28897e+11 2.13311e+11 1.98447e+11 1.86097e+11 1.7546e+11 1.6497e+11 1.57048e+11 1.49809e+11 1.43437e+11 1.38631e+11 1.35397e+11 1.33998e+11 1.33778e+11 1.34083e+11 1.35895e+11 1.39225e+11 1.43343e+11 1.50001e+11 1.56399e+11 1.64946e+11 1.74351e+11 1.86676e+11 1.98736e+11 2.12842e+11 2.27966e+11 2.43764e+11 2.59227e+11 2.72615e+11 2.81999e+11 2.82861e+11 2.72122e+11 2.41012e+11 1.86714e+11 1.11879e+11 4.09006e+10 5.91627e+09 0 0 0 0 0 0 0 0 0 
0 0 0 0 0 0 0 0 0 1.94923e+09 3.76047e+10 1.74664e+11 4.12588e+11 6.67092e+11 8.70682e+11 1.01279e+12 1.0905e+12 1.11907e+12 1.12251e+12 1.10505e+12 1.06807e+12 1.03057e+12 9.87722e+11 9.44336e+11 9.0392e+11 8.68773e+11 8.33378e+11 8.08062e+11 7.82641e+11 7.63877e+11 7.53496e+11 7.44516e+11 7.42021e+11 7.4757e+11 7.53333e+11 7.66287e+11 7.86833e+11 8.08202e+11 8.3418e+11 8.68743e+11 9.05778e+11 9.47255e+11 9.89341e+11 1.02891e+12 1.07323e+12 1.1039e+12 1.12603e+12 1.12401e+12 1.09294e+12 1.01588e+12 8.7539e+11 6.68478e+11 4.11181e+11 1.74573e+11 3.76182e+10 1.95891e+09 0 0 0 0 0 0 0 0 0 
0 0 0 0 0 0 0 0 0 0 2.04016e+10 1.85969e+11 6.71498e+11 1.44553e+12 2.29915e+12 3.06079e+12 3.63021e+12 4.04086e+12 4.28456e+12 4.40369e+12 4.45069e+12 4.42733e+12 4.37422e+12 4.29123e+12 4.18902e+12 4.11231e+12 4.01744e+12 3.91007e+12 3.85082e+12 3.78791e+12 3.74166e+12 3.70802e+12 3.7156e+12 3.72744e+12 3.76505e+12 3.80876e+12 3.85502e+12 3.93592e+12 4.02339e+12 4.09768e+12 4.19368e+12 4.2944e+12 4.37622e+12 4.44461e+12 4.45652e+12 4.39743e+12 4.28082e+12 4.04003e+12 3.63591e+12 3.067e+12 2.29713e+12 1.4419e+12 6.70675e+11 1.85813e+11 2.04438e+10 0 0 0 0 0 0 0 0 0 0 
0 0 0 0 0 0 0 0 0 0 5.29122e+09 1.31097e+11 7.85317e+11 2.39628e+12 4.84127e+12 7.61996e+12 1.02998e+13 1.25236e+13 1.43035e+13 1.55524e+13 1.64363e+13 1.70021e+13 1.73391e+13 1.74452e+13 1.75077e+13 1.73399e+13 1.72483e+13 1.71444e+13 1.70628e+13 1.69276e+13 1.68632e+13 1.67714e+13 1.67363e+13 1.67791e+13 1.68802e+13 1.69564e+13 1.71737e+13 1.72444e+13 1.73814e+13 1.74981e+13 1.75868e+13 1.75194e+13 1.74095e+13 1.70753e+13 1.64629e+13 1.55743e+13 1.42851e+13 1.25571e+13 1.03008e+13 7.60568e+12 4.82879e+12 2.3901e+12 7.85641e+11 1.31202e+11 5.28834e+09 0 0 0 0 0 0 0 0 0 0 
0 0 0 0 0 0 0 0 0 0 0 5.59846e+10 6.41941e+11 2.94072e+12 7.93629e+12 1.54221e+13 2.41877e+13 3.30814e+13 4.1242e+13 4.80234e+13 5.3631e+13 5.80348e+13 6.13827e+13 6.37132e+13 6.55194e+13 6.66308e+13 6.74093e+13 6.77554e+13 6.80606e+13 6.81626e+13 6.82411e+13 6.86247e+13 6.85108e+13 6.84975e+13 6.83938e+13 6.85133e+13 6.83896e+13 6.80701e+13 6.77088e+13 6.68543e+13 6.56694e+13 6.3943e+13 6.16999e+13 5.82162e+13 5.37318e+13 4.81766e+13 4.12809e+13 3.31651e+13 2.41941e+13 1.54063e+13 7.9587e+12 2.94538e+12 6.43185e+11 5.58898e+10 0 0 0 0 0 0 0 0 0 0 0 
0 0 0 0 0 0 0 0 0 0 0 1.15815e+10 3.56484e+11 2.64701e+12 1.00759e+13 2.4912e+13 4.68513e+13 7.36531e+13 1.01806e+14 1.28543e+14 1.53306e+14 1.75026e+14 1.92987e+14 2.07828e+14 2.20177e+14 2.30416e+14 2.37087e+14 2.4222e+14 2.46157e+14 2.49957e+14 2.51617e+14 2.52831e+14 2.53424e+14 2.52875e+14 2.52085e+14 2.49957e+14 2.46779e+14 2.42787e+14 2.37702e+14 2.30002e+14 2.20495e+14 2.08617e+14 1.93242e+14 1.74994e+14 1.53794e+14 1.29062e+14 1.02307e+14 7.37868e+13 4.7052e+13 2.49176e+13 1.00414e+13 2.64439e+12 3.56553e+11 1.15974e+10 0 0 0 0 0 0 0 0 0 0 0 
0 0 0 0 0 0 0 0 0 0 0 0 1.22143e+11 1.704e+12 9.55126e+12 3.15781e+13 7.3641e+13 1.35943e+14 2.12628e+14 2.96993e+14 3.82559e+14 4.64383e+14 5.3775e+14 6.04131e+14 6.59303e+14 7.07973e+14 7.48245e+14 7.77513e+14 8.02529e+14 8.21427e+14 8.36541e+14 8.41974e+14 8.43418e+14 8.41993e+14 8.33983e+14 8.23486e+14 8.0545e+14 7.79303e+14 7.48645e+14 7.08031e+14 6.60483e+14 6.0378e+14 5.38686e+14 4.65028e+14 3.82445e+14 2.97679e+14 2.13748e+14 1.35827e+14 7.37156e+13 3.15819e+13 9.5575e+12 1.70829e+12 1.22211e+11 0 0 0 0 0 0 0 0 0 0 0 0 
0 0 0 0 0 0 0 0 0 0 0 0 2.06588e+10 7.59665e+11 6.78092e+12 3.09736e+13 9.23189e+13 2.04657e+14 3.7152e+14 5.81902e+14 8.19561e+14 1.07034e+15 1.31894e+15 1.5486e+15 1.76161e+15 1.95002e+15 2.11213e+15 2.23976e+15 2.35613e+15 2.44021e+15 2.49362e+15 2.52067e+15 2.53701e+15 2.52673e+15 2.50205e+15 2.44622e+15 2.36386e+15 2.25259e+15 2.1153e+15 1.94954e+15 1.76183e+15 1.54694e+15 1.31744e+15 1.07363e+15 8.22974e+14 5.84729e+14 3.73117e+14 2.05936e+14 9.24709e+13 3.10624e+13 6.78593e+12 7.61239e+11 2.06746e+10 0 0 0 0 0 0 0 0 0 0 0 0 
0 0 0 0 0 0 0 0 0 0 0 0 0 2.13203e+11 3.51789e+12 2.3392e+13 9.13954e+13 2.51993e+14 5.37352e+14 9.60868e+14 1.50549e+15 2.13471e+15 2.80546e+15 3.48436e+15 4.14284e+15 4.76119e+15 5.31616e+15 5.80211e+15 6.17916e+15 6.495e+15 6.71143e+15 6.83603e+15 6.86535e+15 6.84952e+15 6.72224e+15 6.51572e+15 6.19658e+15 5.79248e+15 5.32092e+15 4.7618e+15 4.15034e+15 3.49533e+15 2.80736e+15 2.13389e+15 1.5077e+15 9.63258e+14 5.38307e+14 2.51592e+14 9.15304e+13 2.33249e+13 3.52699e+12 2.13629e+11 0 0 0 0 0 0 0 0 0 0 0 0 0 
0 0 0 0 0 0 0 0 0 0 0 0 0 3.00709e+10 1.28417e+12 1.338e+13 7.13949e+13 2.48363e+14 6.40471e+14 1.32414e+15 2.32979e+15 3.6505e+15 5.18063e+15 6.86627e+15 8.59444e+15 1.02962e+16 1.18781e+16 1.33255e+16 1.45369e+16 1.54835e+16 1.61559e+16 1.65764e+16 1.67219e+16 1.66003e+16 1.62151e+16 1.54934e+16 1.44896e+16 1.32561e+16 1.18562e+16 1.02801e+16 8.60119e+15 6.8648e+15 5.19574e+15 3.65185e+15 2.3378e+15 1.32575e+15 6.39981e+14 2.47721e+14 7.12997e+13 1.33761e+13 1.28419e+12 3.01748e+10 0 0 0 0 0 0 0 0 0 0 0 0 0 
0 0 0 0 0 0 0 0 0 0 0 0 0 0 3.00515e+11 5.68955e+12 4.35068e+13 1.9547e+14 6.18986e+14 1.51328e+15 3.0346e+15 5.27462e+15 8.20012e+15 1.16978e+16 1.54862e+16 1.94855e+16 2.34168e+16 2.69373e+16 3.0087e+16 3.26686e+16 3.46803e+16 3.58166e+16 3.62115e+16 3.5772e+16 3.47072e+16 3.2846e+16 3.01688e+16 2.69895e+16 2.33539e+16 1.94797e+16 1.55028e+16 1.16784e+16 8.22776e+15 5.29829e+15 3.04208e+15 1.51334e+15 6.19292e+14 1.95682e+14 4.31545e+13 5.68865e+12 3.01136e+11 0 0 0 0 0 0 0 0 0 0 0 0 0 0 
0 0 0 0 0 0 0 0 0 0 0 0 0 0 3.60181e+10 1.72776e+12 2.04094e+13 1.23383e+14 4.88625e+14 1.42632e+15 3.31629e+15 6.49207e+15 1.112e+16 1.71406e+16 2.43017e+16 3.21226e+16 4.01923e+16 4.80653e+16 5.51618e+16 6.12711e+16 6.5835e+16 6.85535e+16 6.95017e+16 6.87215e+16 6.5798e+16 6.13066e+16 5.52801e+16 4.80829e+16 4.02876e+16 3.22114e+16 2.43017e+16 1.71128e+16 1.11044e+16 6.47646e+15 3.30944e+15 1.42525e+15 4.8608e+14 1.23106e+14 2.0301e+13 1.72481e+12 3.62076e+10 0 0 0 0 0 0 0 0 0 0 0 0 0 0 
0 0 0 0 0 0 0 0 0 0 0 0 0 0 0 3.46076e+11 7.22074e+12 6.15677e+13 3.11658e+14 1.10491e+15 3.01613e+15 6.68796e+15 1.27645e+16 2.15389e+16 3.28261e+16 4.60986e+16 6.04586e+16 7.50745e+16 8.86348e+16 1.00741e+17 1.10207e+17 1.15668e+17 1.17583e+17 1.15702e+17 1.10198e+17 1.00753e+17 8.88872e+16 7.50572e+16 6.0414e+16 4.60735e+16 3.27633e+16 2.15162e+16 1.27812e+16 6.70688e+15 3.01391e+15 1.10083e+15 3.10082e+14 6.13942e+13 7.20961e+12 3.44271e+11 0 0 0 0 0 0 0 0 0 0 0 0 0 0 0 
0 0 0 0 0 0 0 0 0 0 0 0 0 0 0 3.58524e+10 1.86865e+12 2.41187e+13 1.60791e+14 7.04672e+14 2.28368e+15 5.84586e+15 1.24921e+16 2.31348e+16 3.81266e+16 5.70499e+16 7.91031e+16 1.02165e+17 1.2537e+17 1.45694e+17 1.61674e+17 1.71701e+17 1.75325e+17 1.71946e+17 1.61757e+17 1.45531e+17 1.25171e+17 1.02326e+17 7.90196e+16 5.70836e+16 3.81396e+16 2.30873e+16 1.24679e+16 5.84576e+15 2.2837e+15 7.02312e+14 1.61252e+14 2.40132e+13 1.85928e+12 3.57351e+10 0 0 0 0 0 0 0 0 0 0 0 0 0 0 0 
0 0 0 0 0 0 0 0 0 0 0 0 0 0 0 0 3.22521e+11 7.23364e+12 6.72082e+13 3.7135e+14 1.43939e+15 4.28831e+15 1.03255e+16 2.11532e+16 3.79977e+16 6.10797e+16 8.94731e+16 1.21694e+17 1.54169e+17 1.83883e+17 2.0767e+17 2.23452e+17 2.28795e+17 2.23334e+17 2.07435e+17 1.84059e+17 1.5364e+17 1.21282e+17 8.94799e+16 6.11128e+16 3.80232e+16 2.11959e+16 1.03232e+16 4.27131e+15 1.43027e+15 3.70412e+14 6.69574e+13 7.21119e+12 3.20717e+11 0 0 0 0 0 0 0 0 0 0 0 0 0 0 0 0 
0 0 0 0 0 0 0 0 0 0 0 0 0 0 0 0 2.94919e+10 1.61609e+12 2.22892e+13 1.60114e+14 7.59608e+14 2.64182e+15 7.26036e+15 1.65473e+16 3.2495e+16 5.63537e+16 8.76849e+16 1.25082e+17 1.65039e+17 2.02351e+17 2.3355e+17 2.54176e+17 2.61152e+17 2.54092e+17 2.33485e+17 2.02036e+17 1.65073e+17 1.25294e+17 8.80275e+16 5.6301e+16 3.2416e+16 1.65529e+16 7.26585e+15 2.62982e+15 7.55319e+14 1.60283e+14 2.22166e+13 1.60884e+12 2.92482e+10 0 0 0 0 0 0 0 0 0 0 0 0 0 0 0 0 
0 0 0 0 0 0 0 0 0 0 0 0 0 0 0 0 0 2.44094e+11 5.78678e+12 5.66947e+13 3.32434e+14 1.37154e+15 4.35549e+15 1.10626e+16 2.38933e+16 4.47431e+16 7.45949e+16 1.11657e+17 1.53029e+17 1.94597e+17 2.28977e+17 2.52525e+17 2.60503e+17 2.52104e+17 2.29066e+17 1.94603e+17 1.53401e+17 1.11987e+17 7.44663e+16 4.47168e+16 2.3918e+16 1.11157e+16 4.33502e+15 1.37081e+15 3.33067e+14 5.68104e+13 5.76366e+12 2.4342e+11 0 0 0 0 0 0 0 0 0 0 0 0 0 0 0 0 0 
0 0 0 0 0 0 0 0 0 0 0 0 0 0 0 0 0 2.01772e+10 1.12855e+12 1.62882e+13 1.22087e+14 6.08489e+14 2.21496e+15 6.3898e+15 1.51543e+16 3.08947e+16 5.48349e+16 8.70475e+16 1.24606e+17 1.6289e+17 1.96426e+17 2.19305e+17 2.27662e+17 2.19317e+17 1.96394e+17 1.62704e+17 1.24421e+17 8.68006e+16 5.47958e+16 3.07945e+16 1.52135e+16 6.39793e+15 2.21199e+15 6.05386e+14 1.22333e+14 1.61986e+13 1.12585e+12 1.98967e+10 0 0 0 0 0 0 0 0 0 0 0 0 0 0 0 0 0 
0 0 0 0 0 0 0 0 0 0 0 0 0 0 0 0 0 0 1.52204e+11 3.68637e+12 3.73467e+13 2.25255e+14 9.69897e+14 3.16246e+15 8.34951e+15 1.84067e+16 3.51967e+16 5.89304e+16 8.82744e+16 1.19539e+17 1.47786e+17 1.67337e+17 1.74399e+17 1.67337e+17 1.4767e+17 1.19407e+17 8.83666e+16 5.88505e+16 3.50673e+16 1.84814e+16 8.33739e+15 3.16223e+15 9.69377e+14 2.26655e+14 3.73293e+13 3.68902e+12 1.51676e+11 0 0 0 0 0 0 0 0 0 0 0 0 0 0 0 0 0 0 
0 0 0 0 0 0 0 0 0 0 0 0 0 0 0 0 0 0 1.16329e+10 6.42129e+11 9.36053e+12 7.19466e+13 3.64379e+14 1.36251e+15 3.9932e+15 9.64176e+15 1.97333e+16 3.50551e+16 5.49765e+16 7.70764e+16 9.75464e+16 1.12174e+17 1.17589e+17 1.12326e+17 9.7622e+16 7.72815e+16 5.4904e+16 3.50549e+16 1.97623e+16 9.63169e+15 3.9922e+15 1.36215e+15 3.63767e+14 7.1811e+13 9.34726e+12 6.38933e+11 1.14476e+10 0 0 0 0 0 0 0 0 0 0 0 0 0 0 0 0 0 0 
0 0 0 0 0 0 0 0 0 0 0 0 0 0 0 0 0 0 0 7.82493e+10 1.89093e+12 1.92171e+13 1.17682e+14 5.06652e+14 1.67154e+15 4.41853e+15 9.74208e+15 1.84147e+16 3.02239e+16 4.39066e+16 5.70571e+16 6.65001e+16 6.99911e+16 6.65111e+16 5.71401e+16 4.40466e+16 3.02371e+16 1.84337e+16 9.76478e+15 4.41798e+15 1.6732e+15 5.07254e+14 1.17645e+14 1.92184e+13 1.88402e+12 7.82043e+10 0 0 0 0 0 0 0 0 0 0 0 0 0 0 0 0 0 0 0 
0 0 0 0 0 0 0 0 0 0 0 0 0 0 0 0 0 0 0 5.69879e+09 2.96058e+11 4.28963e+12 3.28024e+13 1.65542e+14 6.13103e+14 1.78676e+15 4.26883e+15 8.55759e+15 1.4772e+16 2.22448e+16 2.96255e+16 3.51967e+16 3.70955e+16 3.51e+16 2.96515e+16 2.22473e+16 1.48007e+16 8.5845e+15 4.26797e+15 1.79091e+15 6.12517e+14 1.65014e+14 3.26432e+13 4.26809e+12 2.95939e+11 5.64071e+09 0 0 0 0 0 0 0 0 0 0 0 0 0 0 0 0 0 0 0 
0 0 0 0 0 0 0 0 0 0 0 0 0 0 0 0 0 0 0 0 3.34518e+10 7.8024e+11 7.7461e+12 4.6884e+13 1.99155e+14 6.39902e+14 1.655e+15 3.54032e+15 6.41725e+15 1.00763e+16 1.37343e+16 1.6503e+16 1.76197e+16 1.65877e+16 1.37641e+16 1.00625e+16 6.42801e+15 3.54478e+15 1.65996e+15 6.4293e+14 1.97888e+14 4.6818e+13 7.74126e+12 7.77021e+11 3.33566e+10 0 0 0 0 0 0 0 0 0 0 0 0 0 0 0 0 0 0 0 0 
0 0 0 0 0 0 0 0 0 0 0 0 0 0 0 0 0 0 0 0 2.43066e+09 1.1296e+11 1.55862e+12 1.15315e+13 5.67555e+13 2.05001e+14 5.75512e+14 1.31772e+15 2.51693e+15 4.08685e+15 5.74413e+15 7.00574e+15 7.51191e+15 7.02237e+15 5.74151e+15 4.0987e+15 2.51402e+15 1.31407e+15 5.75708e+14 2.04233e+14 5.66817e+13 1.14842e+13 1.55408e+12 1.12159e+11 2.41509e+09 0 0 0 0 0 0 0 0 0 0 0 0 0 0 0 0 0 0 0 0 
0 0 0 0 0 0 0 0 0 0 0 0 0 0 0 0 0 0 0 0 0 1.19853e+10 2.60919e+11 2.47544e+12 1.43488e+13 5.82369e+13 1.79328e+14 4.39307e+14 8.86935e+14 1.5022e+15 2.16694e+15 2.69588e+15 2.90037e+15 2.69393e+15 2.17247e+15 1.50429e+15 8.88231e+14 4.3975e+14 1.79662e+14 5.82079e+13 1.4288e+13 2.45893e+12 2.5907e+11 1.18982e+10 0 0 0 0 0 0 0 0 0 0 0 0 0 0 0 0 0 0 0 0 0 
0 0 0 0 0 0 0 0 0 0 0 0 0 0 0 0 0 0 0 0 0 9.32049e+08 3.57331e+10 4.56005e+11 3.1837e+12 1.48077e+13 5.04049e+13 1.33136e+14 2.83478e+14 5.00531e+14 7.43553e+14 9.41717e+14 1.01386e+15 9.39704e+14 7.44217e+14 5.01154e+14 2.83993e+14 1.33581e+14 5.01979e+13 1.47713e+13 3.17409e+12 4.52831e+11 3.54514e+10 9.18258e+08 0 0 0 0 0 0 0 0 0 0 0 0 0 0 0 0 0 0 0 0 0 
0 0 0 0 0 0 0 0 0 0 0 0 0 0 0 0 0 0 0 0 0 0 3.66496e+09 7.14224e+10 6.26001e+11 3.38541e+12 1.28248e+13 3.66711e+13 8.28488e+13 1.53495e+14 2.33873e+14 3.00507e+14 3.27057e+14 3.00563e+14 2.34001e+14 1.5355e+14 8.31222e+13 3.6615e+13 1.27681e+13 3.36157e+12 6.23158e+11 7.11184e+10 3.61615e+09 0 0 0 0 0 0 0 0 0 0 0 0 0 0 0 0 0 0 0 0 0 0 
0 0 0 0 0 0 0 0 0 0 0 0 0 0 0 0 0 0 0 0 0 0 3.25246e+08 9.51903e+09 1.07842e+11 6.90914e+11 2.94134e+12 9.18662e+12 2.223e+13 4.27824e+13 6.76523e+13 8.84015e+13 9.68643e+13 8.86322e+13 6.77935e+13 4.29554e+13 2.22152e+13 9.18991e+12 2.93129e+12 6.87376e+11 1.07358e+11 9.40822e+09 3.20932e+08 0 0 0 0 0 0 0 0 0 0 0 0 0 0 0 0 0 0 0 0 0 0 
0 0 0 0 0 0 0 0 0 0 0 0 0 0 0 0 0 0 0 0 0 0 0 9.69191e+08 1.62923e+10 1.26932e+11 6.19827e+11 2.12114e+12 5.47555e+12 1.11026e+13 1.81039e+13 2.41077e+13 2.64858e+13 2.41909e+13 1.81035e+13 1.11114e+13 5.48093e+12 2.10967e+12 6.13092e+11 1.2663e+11 1.61551e+10 9.56694e+08 0 0 0 0 0 0 0 0 0 0 0 0 0 0 0 0 0 0 0 0 0 0 0 
0 0 0 0 0 0 0 0 0 0 0 0 0 0 0 0 0 0 0 0 0 0 0 1.05815e+08 2.20022e+09 2.10101e+10 1.18663e+11 4.51434e+11 1.25149e+12 2.67397e+12 4.50453e+12 6.12912e+12 6.7635e+12 6.1278e+12 4.52667e+12 2.67185e+12 1.24826e+12 4.4913e+11 1.18055e+11 2.08401e+10 2.17962e+09 1.04388e+08 0 0 0 0 0 0 0 0 0 0 0 0 0 0 0 0 0 0 0 0 0 0 0 
0 0 0 0 0 0 0 0 0 0 0 0 0 0 0 0 0 0 0 0 0 0 0 0 2.2509e+08 3.16384e+09 2.10957e+10 8.9065e+10 2.66203e+11 5.98529e+11 1.05145e+12 1.46009e+12 1.62397e+12 1.45935e+12 1.0466e+12 5.9709e+11 2.66252e+11 8.84937e+10 2.09525e+10 3.1484e+09 2.22519e+08 0 0 0 0 0 0 0 0 0 0 0 0 0 0 0 0 0 0 0 0 0 0 0 0 
0 0 0 0 0 0 0 0 0 0 0 0 0 0 0 0 0 0 0 0 0 0 0 0 3.17223e+07 4.47345e+08 3.42441e+09 1.65066e+10 5.35332e+10 1.27229e+11 2.3151e+11 3.28337e+11 3.67458e+11 3.27218e+11 2.30644e+11 1.27324e+11 5.33449e+10 1.64184e+10 3.41208e+09 4.44403e+08 3.13327e+07 0 0 0 0 0 0 0 0 0 0 0 0 0 0 0 0 0 0 0 0 0 0 0 0 
0 0 0 0 0 0 0 0 0 0 0 0 0 0 0 0 0 0 0 0 0 0 0 0 0 4.57398e+07 5.39026e+08 2.89257e+09 1.02353e+10 2.57893e+10 4.88673e+10 7.02107e+10 7.95157e+10 7.03637e+10 4.8579e+10 2.58852e+10 1.01615e+10 2.88948e+09 5.30715e+08 4.50439e+07 0 0 0 0 0 0 0 0 0 0 0 0 0 0 0 0 0 0 0 0 0 0 0 0 0 
0 0 0 0 0 0 0 0 0 0 0 0 0 0 0 0 0 0 0 0 0 0 0 0 0 8.69833e+06 8.12895e+07 4.75564e+08 1.89227e+09 5.05193e+09 9.89938e+09 1.47058e+10 1.66954e+10 1.46969e+10 9.86115e+09 5.0419e+09 1.89872e+09 4.7426e+08 8.06627e+07 8.59592e+06 0 0 0 0 0 0 0 0 0 0 0 0 0 0 0 0 0 0 0 0 0 0 0 0 0 
0 0 0 0 0 0 0 0 0 0 0 0 0 0 0 0 0 0 0 0 0 0 0 0 0 0 7.89869e+06 8.09833e+07 3.38542e+08 9.55112e+08 1.97696e+09 2.95724e+09 3.43281e+09 2.96836e+09 1.97895e+09 9.54953e+08 3.37177e+08 8.07229e+07 7.79273e+06 0 0 0 0 0 0 0 0 0 0 0 0 0 0 0 0 0 0 0 0 0 0 0 0 0 0 
0 0 0 0 0 0 0 0 0 0 0 0 0 0 0 0 0 0 0 0 0 0 0 0 0 0 2.09886e+06 1.28666e+07 5.65901e+07 1.85145e+08 3.79968e+08 5.96109e+08 6.8312e+08 5.99545e+08 3.79708e+08 1.84051e+08 5.6172e+07 1.28537e+07 2.07572e+06 0 0 0 0 0 0 0 0 0 0 0 0 0 0 0 0 0 0 0 0 0 0 0 0 0 0 
0 0 0 0 0 0 0 0 0 0 0 0 0 0 0 0 0 0 0 0 0 0 0 0 0 0 0 1.0965e+06 1.08779e+07 3.27057e+07 7.35104e+07 1.19002e+08 1.36012e+08 1.19633e+08 7.36473e+07 3.27866e+07 1.08274e+07 1.08899e+06 0 0 0 0 0 0 0 0 0 0 0 0 0 0 0 0 0 0 0 0 0 0 0 0 0 0 0 
0 0 0 0 0 0 0 0 0 0 0 0 0 0 0 0 0 0 0 0 0 0 0 0 0 0 0 431428 1.69668e+06 5.61683e+06 1.51596e+07 2.2174e+07 2.85178e+07 2.22241e+07 1.50991e+07 5.56529e+06 1.69241e+06 429002 0 0 0 0 0 0 0 0 0 0 0 0 0 0 0 0 0 0 0 0 0 0 0 0 0 0 0 
0 0 0 0 0 0 0 0 0 0 0 0 0 0 0 0 0 0 0 0 0 0 0 0 0 0 0 0 113241 1.26181e+06 2.42055e+06 4.70038e+06 5.21187e+06 4.69379e+06 2.41462e+06 1.25553e+06 112779 0 0 0 0 0 0 0 0 0 0 0 0 0 0 0 0 0 0 0 0 0 0 0 0 0 0 0 0 
0 0 0 0 0 0 0 0 0 0 0 0 0 0 0 0 0 0 0 0 0 0 0 0 0 0 0 0 73864.2 170759 461006 968889 937627 962188 457986 170950 73603.9 0 0 0 0 0 0 0 0 0 0 0 0 0 0 0 0 0 0 0 0 0 0 0 0 0 0 0 0 
0 0 0 0 0 0 0 0 0 0 0 0 0 0 0 0 0 0 0 0 0 0 0 0 0 0 0 0 0 7677.83 117570 111464 239153 111359 116531 7630.98 0 0 0 0 0 0 0 0 0 0 0 0 0 0 0 0 0 0 0 0 0 0 0 0 0 0 0 0 0 
0 0 0 0 0 0 0 0 0 0 0 0 0 0 0 0 0 0 0 0 0 0 0 0 0 0 0 0 0 10030.9 11540.5 32679.6 37408.7 32614.8 11430.5 9948.64 0 0 0 0 0 0 0 0 0 0 0 0 0 0 0 0 0 0 0 0 0 0 0 0 0 0 0 0 0 
0 0 0 0 0 0 0 0 0 0 0 0 0 0 0 0 0 0 0 0 0 0 0 0 0 0 0 0 0 0 254.556 7732.34 2029.22 7642.17 251.675 0 0 0 0 0 0 0 0 0 0 0 0 0 0 0 0 0 0 0 0 0 0 0 0 0 0 0 0 0 0 
0 0 0 0 0 0 0 0 0 0 0 0 0 0 0 0 0 0 0 0 0 0 0 0 0 0 0 0 0 0 988.707 383.361 1925.26 376.681 989.894 0 0 0 0 0 0 0 0 0 0 0 0 0 0 0 0 0 0 0 0 0 0 0 0 0 0 0 0 0 0 
0 0 0 0 0 0 0 0 0 0 0 0 0 0 0 0 0 0 0 0 0 0 0 0 0 0 0 0 0 0 0 0 256.371 0 0 0 0 0 0 0 0 0 0 0 0 0 0 0 0 0 0 0 0 0 0 0 0 0 0 0 0 0 0 0 0 
0 0 0 0 0 0 0 0 0 0 0 0 0 0 0 0 0 0 0 0 0 0 0 0 0 0 0 0 0 0 0 64.085 0 64.0383 0 0 0 0 0 0 0 0 0 0 0 0 0 0 0 0 0 0 0 0 0 0 0 0 0 0 0 0 0 0 0 
0 0 0 0 0 0 0 0 0 0 0 0 0 0 0 0 0 0 0 0 0 0 0 0 0 0 0 0 0 0 0 0 0 0 0 0 0 0 0 0 0 0 0 0 0 0 0 0 0 0 0 0 0 0 0 0 0 0 0 0 0 0 0 0 0 
0 0 0 0 0 0 0 0 0 0 0 0 0 0 0 0 0 0 0 0 0 0 0 0 0 0 0 0 0 0 0 0 1.99065 0 0 0 0 0 0 0 0 0 0 0 0 0 0 0 0 0 0 0 0 0 0 0 0 0 0 0 0 0 0 0 0 
