1 0 0 0 0 0 0 0 0 0 0 0 0 0 0 0 0 0 0 0 0 0 0 0 0 0 0 0 0 0 0 0 0 0 0 0 0 0 0 0 0 0 0 0 0 0 0 0 0 0 0 0 0 0 0 0 0 0 0 0 0 0 0 0 1 
0 0 0 0 0 0 0 0 0 0 0 0 0 0 0 0 0 0 0 0 0 0 0 0 0 0 0 0 0 0 0 0 0 0 0 0 0 0 0 0 0 0 0 0 0 0 0 0 0 0 0 0 0 0 0 0 0 0 0 0 0 0 0 0 0 
0 64 0 0 0 0 0 0 0 0 0 0 0 0 0 0 0 0 0 0 0 0 0 0 0 0 0 0 0 0 0 0 0 0 0 0 0 0 0 0 0 0 0 0 0 0 0 0 0 0 0 0 0 0 0 0 0 0 0 0 0 0 0 64 0 
0 0 127.321 0 0 0 0 0 0 0 0 0 0 0 0 0 0 0 0 0 0 0 0 0 0 0 0 0 0 0 0 0 0 0 0 0 0 0 0 0 0 0 0 0 0 0 0 0 0 0 0 0 0 0 0 0 0 0 0 0 0 0 127.428 0 0 
0 0 1888.68 384.903 64.4584 0 0 0 0 0 0 0 0 0 0 0 0 0 0 0 0 0 0 0 0 0 0 0 0 0 0 0 0 0 0 0 0 0 0 0 0 0 0 0 0 0 0 0 0 0 0 0 0 0 0 0 0 0 0 0 64.0484 381.079 1888.57 0 0 
0 0 0 7142.79 1166.42 512.384 127.202 0 0 0 0 0 0 0 0 0 0 0 0 0 0 0 0 0 0 0 0 0 0 0 0 0 0 0 0 0 0 0 0 0 0 0 0 0 0 0 0 0 0 0 0 0 0 0 0 0 0 0 127.572 507.47 1146.76 7171.29 0 0 0 
0 0 0 34136.3 27407.4 6905.66 2564.41 1405.33 388.446 65.0457 0 0 0 0 0 0 0 0 0 0 0 0 0 0 0 0 0 0 0 0 0 0 0 0 0 0 0 0 0 0 0 0 0 0 0 0 0 0 0 0 0 0 0 0 0 63.652 391.746 1415.11 2551.4 6793.31 27371.1 34111.6 0 0 0 
0 0 0 0 184044 97705.9 43145.1 16777 8512.93 4611.13 1909.5 513.45 128.902 0 0 0 0 0 0 0 0 0 0 0 0 0 0 0 0 0 0 0 0 0 0 0 0 0 0 0 0 0 0 0 0 0 0 0 0 0 0 0 128.798 509.959 1914.71 4610.93 8570.06 16982.6 42766.7 96027 183767 0 0 0 0 
0 0 0 0 422693 832289 411484 223148 121064 59220.2 33714.5 19963.8 9702.71 4363.24 1416.69 386.294 81.6732 0 0 0 0 0 0 0 16.2777 0 0 0 0 0 0 0 16.2913 0 0 0 0 0 0 0 15.9778 0 0 0 0 0 0 0 79.5431 380.626 1392.63 4323.51 9630.14 19787 33534.8 58832.7 121250 223800 412622 831602 423027 0 0 0 0 
0 0 0 0 0 2.87702e+06 3.3302e+06 1.98732e+06 1.14284e+06 721579 426572 249509 154253 94672.4 55151.3 29204.7 13963.8 5852.45 2157.84 768.354 389.446 260.085 260.875 258.561 0 259.741 259.333 260.476 260.214 261.053 263.344 260.647 0 256.729 257.713 257.515 255.801 256.344 253.705 254.524 0 255.46 256.056 254.923 379.629 773.134 2192.76 5901.89 13926.1 29364.1 55574.5 94341.7 154373 252033 425521 717231 1.14409e+06 1.98085e+06 3.32164e+06 2.86732e+06 0 0 0 0 0 
0 0 0 0 0 3.81008e+06 1.4705e+07 1.35786e+07 9.4044e+06 6.13486e+06 4.0258e+06 2.6899e+06 1.79192e+06 1.1752e+06 780054 511669 332035 205872 120954 68325.1 36961.2 21300 13788.1 10841.8 11734.8 9723.21 9460.7 9362.33 9440.32 9322.21 9374.44 9597.1 11327.1 9569.27 9371.37 9211.51 9372.5 9241.36 9306.35 9757.84 11697.3 10806.5 13636.5 21252.2 36496.3 67832.6 119520 204611 328002 508163 769756 1.16858e+06 1.79093e+06 2.69397e+06 4.0429e+06 6.12107e+06 9.38678e+06 1.35283e+07 1.45968e+07 3.82227e+06 0 0 0 0 0 
0 0 0 0 0 0 3.03387e+07 6.37612e+07 5.73526e+07 4.32072e+07 3.15909e+07 2.23315e+07 1.59365e+07 1.14248e+07 8.19658e+06 5.90537e+06 4.20393e+06 2.96175e+06 2.10027e+06 1.46348e+06 1.02296e+06 708734 505079 372246 286297 249948 231347 224863 218008 219643 216683 213245 207556 214726 217806 219886 215690 222231 229947 246940 282063 368315 496166 704279 1.00859e+06 1.45441e+06 2.07974e+06 2.94204e+06 4.15585e+06 5.83198e+06 8.14688e+06 1.14711e+07 1.57719e+07 2.23103e+07 3.14402e+07 4.35016e+07 5.76103e+07 6.37701e+07 3.03543e+07 0 0 0 0 0 0 
0 0 0 0 0 0 2.61431e+07 1.70307e+08 2.62795e+08 2.46306e+08 1.99114e+08 1.55442e+08 1.19117e+08 9.07401e+07 6.88167e+07 5.26522e+07 4.03349e+07 3.08024e+07 2.33631e+07 1.79249e+07 1.37754e+07 1.07045e+07 8.42637e+06 6.71694e+06 5.48935e+06 4.66572e+06 4.01889e+06 3.62597e+06 3.43405e+06 3.29726e+06 3.23058e+06 3.19778e+06 3.22341e+06 3.20834e+06 3.2354e+06 3.29231e+06 3.4544e+06 3.65796e+06 4.03561e+06 4.6204e+06 5.45933e+06 6.61756e+06 8.27466e+06 1.05668e+07 1.36785e+07 1.78256e+07 2.3283e+07 3.0642e+07 3.99926e+07 5.22524e+07 6.87387e+07 9.00965e+07 1.18347e+08 1.55939e+08 1.99463e+08 2.46793e+08 2.62652e+08 1.69675e+08 2.62436e+07 0 0 0 0 0 0 
0 0 0 0 0 0 0 2.3249e+08 7.85392e+08 1.066e+09 1.03903e+09 8.95879e+08 7.45408e+08 6.05473e+08 4.90138e+08 3.90336e+08 3.16101e+08 2.53365e+08 2.05606e+08 1.66286e+08 1.35795e+08 1.10802e+08 9.1877e+07 7.68876e+07 6.52909e+07 5.65292e+07 5.03366e+07 4.58462e+07 4.24815e+07 4.04417e+07 3.86904e+07 3.78217e+07 3.73076e+07 3.77676e+07 3.87425e+07 4.03509e+07 4.26893e+07 4.59262e+07 5.04612e+07 5.64969e+07 6.5031e+07 7.61884e+07 9.1327e+07 1.10592e+08 1.34626e+08 1.65847e+08 2.04375e+08 2.53673e+08 3.14059e+08 3.92255e+08 4.86954e+08 6.05124e+08 7.46861e+08 9.0379e+08 1.04276e+09 1.06892e+09 7.84425e+08 2.32294e+08 0 0 0 0 0 0 0 
0 0 0 0 0 0 0 1.38851e+08 1.38299e+09 3.30311e+09 4.28507e+09 4.33191e+09 3.95652e+09 3.47715e+09 2.96188e+09 2.51065e+09 2.12231e+09 1.78596e+09 1.50299e+09 1.2734e+09 1.08192e+09 9.22293e+08 7.92723e+08 6.89186e+08 6.04193e+08 5.35869e+08 4.82883e+08 4.42621e+08 4.13163e+08 3.92561e+08 3.79694e+08 3.71949e+08 3.70946e+08 3.73299e+08 3.80414e+08 3.95425e+08 4.1643e+08 4.43419e+08 4.83441e+08 5.33783e+08 5.98628e+08 6.8275e+08 7.90393e+08 9.16424e+08 1.07539e+09 1.26426e+09 1.50916e+09 1.78589e+09 2.12213e+09 2.51677e+09 2.9697e+09 3.47824e+09 3.97862e+09 4.34772e+09 4.28e+09 3.30178e+09 1.385e+09 1.39725e+08 0 0 0 0 0 0 0 
0 0 0 0 0 0 0 0 1.3411e+09 6.68117e+09 1.31499e+10 1.68387e+10 1.77226e+10 1.69871e+10 1.55825e+10 1.39516e+10 1.23259e+10 1.08617e+10 9.50577e+09 8.35768e+09 7.3334e+09 6.46731e+09 5.70507e+09 5.10651e+09 4.57325e+09 4.15251e+09 3.81984e+09 3.56125e+09 3.35441e+09 3.20405e+09 3.0999e+09 3.03752e+09 3.01108e+09 3.03959e+09 3.09739e+09 3.19765e+09 3.35838e+09 3.56892e+09 3.82999e+09 4.16549e+09 4.58833e+09 5.06751e+09 5.68392e+09 6.41997e+09 7.32556e+09 8.31998e+09 9.47629e+09 1.08489e+10 1.23901e+10 1.39843e+10 1.56314e+10 1.70658e+10 1.77333e+10 1.68765e+10 1.31839e+10 6.65837e+09 1.34369e+09 0 0 0 0 0 0 0 0 
0 0 0 0 0 0 0 0 5.85857e+08 8.30244e+09 2.84616e+10 5.03451e+10 6.45866e+10 7.05801e+10 7.0845e+10 6.7622e+10 6.29921e+10 5.79186e+10 5.27998e+10 4.79647e+10 4.34622e+10 3.94328e+10 3.58324e+10 3.27052e+10 3.00952e+10 2.7801e+10 2.60003e+10 2.45724e+10 2.33325e+10 2.2577e+10 2.18743e+10 2.15201e+10 2.14193e+10 2.14937e+10 2.18155e+10 2.24001e+10 2.33267e+10 2.44404e+10 2.60407e+10 2.79069e+10 3.02158e+10 3.27957e+10 3.56895e+10 3.93804e+10 4.32217e+10 4.78673e+10 5.27343e+10 5.77992e+10 6.3168e+10 6.76275e+10 7.07182e+10 7.02149e+10 6.46237e+10 5.04563e+10 2.83494e+10 8.32595e+09 5.82129e+08 0 0 0 0 0 0 0 0 
0 0 0 0 0 0 0 0 0 5.91741e+09 4.09498e+10 1.11282e+11 1.86361e+11 2.40936e+11 2.70991e+11 2.82662e+11 2.80875e+11 2.72351e+11 2.58705e+11 2.43503e+11 2.28137e+11 2.12971e+11 1.99512e+11 1.86876e+11 1.75151e+11 1.64659e+11 1.55666e+11 1.48629e+11 1.43272e+11 1.38717e+11 1.36088e+11 1.33976e+11 1.33404e+11 1.33913e+11 1.35558e+11 1.38621e+11 1.42735e+11 1.4888e+11 1.55154e+11 1.64969e+11 1.75052e+11 1.86084e+11 1.99038e+11 2.13356e+11 2.28828e+11 2.43802e+11 2.58712e+11 2.70903e+11 2.81733e+11 2.82385e+11 2.71194e+11 2.41751e+11 1.86618e+11 1.11468e+11 4.09781e+10 5.93262e+09 0 0 0 0 0 0 0 0 0 
0 0 0 0 0 0 0 0 0 1.97403e+09 3.75602e+10 1.74522e+11 4.09235e+11 6.64773e+11 8.72581e+11 1.00779e+12 1.08802e+12 1.11879e+12 1.1209e+12 1.09951e+12 1.06795e+12 1.02998e+12 9.86834e+11 9.43591e+11 9.06125e+11 8.67753e+11 8.35891e+11 8.0483e+11 7.84276e+11 7.65086e+11 7.50562e+11 7.44796e+11 7.40262e+11 7.43487e+11 7.51066e+11 7.64686e+11 7.81817e+11 8.04583e+11 8.3354e+11 8.65078e+11 9.00811e+11 9.43426e+11 9.86612e+11 1.03004e+12 1.06668e+12 1.10237e+12 1.12046e+12 1.12148e+12 1.09006e+12 1.01018e+12 8.7496e+11 6.67678e+11 4.11224e+11 1.74318e+11 3.76223e+10 1.95575e+09 0 0 0 0 0 0 0 0 0 
0 0 0 0 0 0 0 0 0 0 2.04767e+10 1.86454e+11 6.70845e+11 1.4434e+12 2.29223e+12 3.05058e+12 3.635e+12 4.03542e+12 4.27087e+12 4.41092e+12 4.4513e+12 4.43422e+12 4.37787e+12 4.29662e+12 4.1839e+12 4.1011e+12 4.00159e+12 3.91465e+12 3.849e+12 3.80153e+12 3.75596e+12 3.71334e+12 3.70728e+12 3.70006e+12 3.7208e+12 3.776e+12 3.83741e+12 3.91231e+12 3.9925e+12 4.09119e+12 4.19144e+12 4.27679e+12 4.36964e+12 4.44321e+12 4.45518e+12 4.41224e+12 4.29024e+12 4.03053e+12 3.62772e+12 3.05335e+12 2.29919e+12 1.44008e+12 6.71622e+11 1.86501e+11 2.04984e+10 0 0 0 0 0 0 0 0 0 0 
0 0 0 0 0 0 0 0 0 0 5.31573e+09 1.31176e+11 7.8497e+11 2.38457e+12 4.83086e+12 7.62091e+12 1.02834e+13 1.25289e+13 1.42581e+13 1.55635e+13 1.64929e+13 1.70381e+13 1.73366e+13 1.74593e+13 1.75136e+13 1.74769e+13 1.73054e+13 1.71297e+13 1.70055e+13 1.6924e+13 1.68254e+13 1.67737e+13 1.67058e+13 1.67382e+13 1.67993e+13 1.68813e+13 1.6976e+13 1.71106e+13 1.72919e+13 1.74672e+13 1.75439e+13 1.75378e+13 1.73494e+13 1.70487e+13 1.6487e+13 1.55848e+13 1.42608e+13 1.25058e+13 1.02695e+13 7.63498e+12 4.83897e+12 2.38597e+12 7.85203e+11 1.31053e+11 5.28293e+09 0 0 0 0 0 0 0 0 0 0 
0 0 0 0 0 0 0 0 0 0 0 5.59771e+10 6.44496e+11 2.93928e+12 7.93169e+12 1.54111e+13 2.42058e+13 3.30039e+13 4.11325e+13 4.80236e+13 5.37581e+13 5.82125e+13 6.14954e+13 6.3858e+13 6.54507e+13 6.6789e+13 6.75956e+13 6.77917e+13 6.82251e+13 6.83787e+13 6.82294e+13 6.80275e+13 6.79419e+13 6.81565e+13 6.81416e+13 6.81305e+13 6.78993e+13 6.79072e+13 6.7445e+13 6.68199e+13 6.58567e+13 6.38089e+13 6.12417e+13 5.81055e+13 5.37351e+13 4.80525e+13 4.12292e+13 3.31276e+13 2.42616e+13 1.54156e+13 7.93041e+12 2.93664e+12 6.43788e+11 5.5868e+10 0 0 0 0 0 0 0 0 0 0 0 
0 0 0 0 0 0 0 0 0 0 0 1.15918e+10 3.58028e+11 2.65374e+12 1.00481e+13 2.48989e+13 4.69292e+13 7.36272e+13 1.01759e+14 1.291e+14 1.53819e+14 1.75475e+14 1.93122e+14 2.08492e+14 2.20866e+14 2.30061e+14 2.36975e+14 2.42227e+14 2.46285e+14 2.49035e+14 2.50276e+14 2.51288e+14 2.51249e+14 2.50994e+14 2.50596e+14 2.48654e+14 2.45688e+14 2.41653e+14 2.36474e+14 2.29768e+14 2.20356e+14 2.07924e+14 1.93226e+14 1.7491e+14 1.53701e+14 1.29069e+14 1.01671e+14 7.36774e+13 4.69446e+13 2.48998e+13 1.00498e+13 2.6585e+12 3.55944e+11 1.16227e+10 0 0 0 0 0 0 0 0 0 0 0 
0 0 0 0 0 0 0 0 0 0 0 0 1.22404e+11 1.71168e+12 9.57467e+12 3.16445e+13 7.36219e+13 1.3594e+14 2.1288e+14 2.97078e+14 3.82603e+14 4.63431e+14 5.39261e+14 6.06024e+14 6.60998e+14 7.08456e+14 7.47223e+14 7.76495e+14 8.00948e+14 8.20903e+14 8.32709e+14 8.40244e+14 8.43545e+14 8.40027e+14 8.29792e+14 8.19683e+14 8.03128e+14 7.77863e+14 7.48502e+14 7.0926e+14 6.60562e+14 6.03802e+14 5.38134e+14 4.64864e+14 3.83108e+14 2.96763e+14 2.12589e+14 1.35957e+14 7.39263e+13 3.16089e+13 9.56142e+12 1.71072e+12 1.21951e+11 0 0 0 0 0 0 0 0 0 0 0 0 
0 0 0 0 0 0 0 0 0 0 0 0 2.0727e+10 7.62428e+11 6.79859e+12 3.10023e+13 9.24534e+13 2.05103e+14 3.72484e+14 5.83627e+14 8.23012e+14 1.07304e+15 1.32014e+15 1.55337e+15 1.76587e+15 1.95217e+15 2.11717e+15 2.24552e+15 2.35351e+15 2.43933e+15 2.4981e+15 2.52538e+15 2.53133e+15 2.51721e+15 2.49085e+15 2.43678e+15 2.3535e+15 2.24934e+15 2.11019e+15 1.95014e+15 1.76378e+15 1.55026e+15 1.31965e+15 1.07048e+15 8.21624e+14 5.83172e+14 3.72671e+14 2.05175e+14 9.21832e+13 3.10535e+13 6.80347e+12 7.59877e+11 2.06459e+10 0 0 0 0 0 0 0 0 0 0 0 0 
0 0 0 0 0 0 0 0 0 0 0 0 0 2.14144e+11 3.52471e+12 2.34019e+13 9.14935e+13 2.51794e+14 5.38924e+14 9.60679e+14 1.50516e+15 2.14054e+15 2.80988e+15 3.50064e+15 4.16589e+15 4.78475e+15 5.31882e+15 5.80538e+15 6.1907e+15 6.49421e+15 6.71288e+15 6.82707e+15 6.88578e+15 6.83788e+15 6.70484e+15 6.49566e+15 6.20141e+15 5.79529e+15 5.32525e+15 4.79157e+15 4.16601e+15 3.50437e+15 2.81326e+15 2.13449e+15 1.50718e+15 9.63977e+14 5.38961e+14 2.51581e+14 9.14544e+13 2.33496e+13 3.51599e+12 2.14085e+11 0 0 0 0 0 0 0 0 0 0 0 0 0 
0 0 0 0 0 0 0 0 0 0 0 0 0 3.01441e+10 1.28417e+12 1.33425e+13 7.13212e+13 2.48129e+14 6.39283e+14 1.32685e+15 2.33421e+15 3.64074e+15 5.20386e+15 6.87e+15 8.60855e+15 1.03204e+16 1.19138e+16 1.33231e+16 1.4554e+16 1.54865e+16 1.6169e+16 1.66324e+16 1.67315e+16 1.65709e+16 1.61831e+16 1.54836e+16 1.4476e+16 1.32738e+16 1.18672e+16 1.03107e+16 8.61043e+15 6.88701e+15 5.17832e+15 3.64126e+15 2.33292e+15 1.32318e+15 6.39069e+14 2.48488e+14 7.14721e+13 1.33397e+13 1.28203e+12 3.00884e+10 0 0 0 0 0 0 0 0 0 0 0 0 0 
0 0 0 0 0 0 0 0 0 0 0 0 0 0 3.00981e+11 5.66503e+12 4.34014e+13 1.95739e+14 6.1966e+14 1.51054e+15 3.03657e+15 5.29079e+15 8.22395e+15 1.17113e+16 1.55294e+16 1.95182e+16 2.34279e+16 2.71021e+16 3.01647e+16 3.27392e+16 3.46973e+16 3.57927e+16 3.61182e+16 3.58014e+16 3.46789e+16 3.2715e+16 3.01204e+16 2.69933e+16 2.33401e+16 1.94916e+16 1.55226e+16 1.16811e+16 8.20414e+15 5.2918e+15 3.04149e+15 1.51146e+15 6.19554e+14 1.95703e+14 4.3244e+13 5.68205e+12 3.02281e+11 0 0 0 0 0 0 0 0 0 0 0 0 0 0 
0 0 0 0 0 0 0 0 0 0 0 0 0 0 3.61776e+10 1.72675e+12 2.03205e+13 1.23339e+14 4.88221e+14 1.42296e+15 3.31583e+15 6.48197e+15 1.1112e+16 1.71536e+16 2.43535e+16 3.21805e+16 4.03128e+16 4.82236e+16 5.53539e+16 6.13213e+16 6.57544e+16 6.83746e+16 6.93918e+16 6.85467e+16 6.58814e+16 6.13317e+16 5.52188e+16 4.80699e+16 4.02762e+16 3.21963e+16 2.43211e+16 1.71407e+16 1.11061e+16 6.48406e+15 3.30899e+15 1.42407e+15 4.87787e+14 1.23128e+14 2.02863e+13 1.72459e+12 3.61139e+10 0 0 0 0 0 0 0 0 0 0 0 0 0 0 
0 0 0 0 0 0 0 0 0 0 0 0 0 0 0 3.43587e+11 7.20447e+12 6.14734e+13 3.10121e+14 1.10682e+15 3.01112e+15 6.69498e+15 1.27574e+16 2.15343e+16 3.28292e+16 4.61643e+16 6.06205e+16 7.51758e+16 8.90554e+16 1.01014e+17 1.10166e+17 1.15742e+17 1.17735e+17 1.15609e+17 1.09958e+17 1.00805e+17 8.87907e+16 7.51579e+16 6.04301e+16 4.61051e+16 3.28483e+16 2.15272e+16 1.28246e+16 6.70823e+15 3.01003e+15 1.10495e+15 3.10808e+14 6.13596e+13 7.20089e+12 3.44037e+11 0 0 0 0 0 0 0 0 0 0 0 0 0 0 0 
0 0 0 0 0 0 0 0 0 0 0 0 0 0 0 3.58623e+10 1.86156e+12 2.40775e+13 1.60884e+14 7.04376e+14 2.27895e+15 5.84249e+15 1.24581e+16 2.30619e+16 3.811e+16 5.7157e+16 7.92473e+16 1.02552e+17 1.25431e+17 1.45923e+17 1.6169e+17 1.72063e+17 1.75596e+17 1.7198e+17 1.61416e+17 1.45501e+17 1.25376e+17 1.0233e+17 7.90035e+16 5.70477e+16 3.80924e+16 2.31088e+16 1.24506e+16 5.83897e+15 2.28294e+15 7.04894e+14 1.6112e+14 2.40572e+13 1.85675e+12 3.57261e+10 0 0 0 0 0 0 0 0 0 0 0 0 0 0 0 
0 0 0 0 0 0 0 0 0 0 0 0 0 0 0 0 3.19406e+11 7.24277e+12 6.69887e+13 3.70606e+14 1.43888e+15 4.27675e+15 1.03216e+16 2.11661e+16 3.78989e+16 6.09835e+16 8.96118e+16 1.21682e+17 1.54155e+17 1.83742e+17 2.08061e+17 2.24091e+17 2.29331e+17 2.23621e+17 2.08194e+17 1.8384e+17 1.53922e+17 1.2118e+17 8.95565e+16 6.10514e+16 3.78746e+16 2.11433e+16 1.0334e+16 4.27324e+15 1.43645e+15 3.712e+14 6.68998e+13 7.24299e+12 3.20523e+11 0 0 0 0 0 0 0 0 0 0 0 0 0 0 0 0 
0 0 0 0 0 0 0 0 0 0 0 0 0 0 0 0 2.95126e+10 1.61186e+12 2.23115e+13 1.60531e+14 7.58608e+14 2.63999e+15 7.26433e+15 1.65222e+16 3.24729e+16 5.6207e+16 8.74526e+16 1.24738e+17 1.64726e+17 2.02286e+17 2.33404e+17 2.54372e+17 2.61505e+17 2.54425e+17 2.33046e+17 2.02205e+17 1.64548e+17 1.25081e+17 8.77375e+16 5.6259e+16 3.24671e+16 1.65293e+16 7.24258e+15 2.63636e+15 7.5887e+14 1.60355e+14 2.22421e+13 1.61027e+12 2.92426e+10 0 0 0 0 0 0 0 0 0 0 0 0 0 0 0 0 
0 0 0 0 0 0 0 0 0 0 0 0 0 0 0 0 0 2.43369e+11 5.77642e+12 5.66668e+13 3.33396e+14 1.37372e+15 4.34804e+15 1.10937e+16 2.3877e+16 4.47233e+16 7.42824e+16 1.1156e+17 1.53139e+17 1.94209e+17 2.29181e+17 2.52274e+17 2.6091e+17 2.52362e+17 2.29431e+17 1.94144e+17 1.53382e+17 1.11771e+17 7.45045e+16 4.4698e+16 2.39008e+16 1.10883e+16 4.34581e+15 1.37674e+15 3.35132e+14 5.66659e+13 5.79988e+12 2.43285e+11 0 0 0 0 0 0 0 0 0 0 0 0 0 0 0 0 0 
0 0 0 0 0 0 0 0 0 0 0 0 0 0 0 0 0 2.0134e+10 1.12753e+12 1.62382e+13 1.22448e+14 6.0898e+14 2.21485e+15 6.37827e+15 1.51392e+16 3.08095e+16 5.47657e+16 8.67525e+16 1.24248e+17 1.62939e+17 1.96357e+17 2.19209e+17 2.27442e+17 2.19373e+17 1.96552e+17 1.62997e+17 1.24353e+17 8.68836e+16 5.48066e+16 3.0871e+16 1.51712e+16 6.39099e+15 2.21658e+15 6.08382e+14 1.2244e+14 1.62592e+13 1.13004e+12 1.99745e+10 0 0 0 0 0 0 0 0 0 0 0 0 0 0 0 0 0 
0 0 0 0 0 0 0 0 0 0 0 0 0 0 0 0 0 0 1.51873e+11 3.6873e+12 3.74632e+13 2.27437e+14 9.69738e+14 3.17176e+15 8.35191e+15 1.83753e+16 3.51521e+16 5.88268e+16 8.80658e+16 1.19393e+17 1.4746e+17 1.67081e+17 1.73845e+17 1.67246e+17 1.47714e+17 1.19696e+17 8.84525e+16 5.91209e+16 3.52368e+16 1.84206e+16 8.3688e+15 3.17043e+15 9.71116e+14 2.27102e+14 3.72475e+13 3.69649e+12 1.51777e+11 0 0 0 0 0 0 0 0 0 0 0 0 0 0 0 0 0 0 
0 0 0 0 0 0 0 0 0 0 0 0 0 0 0 0 0 0 1.15469e+10 6.43783e+11 9.3685e+12 7.21995e+13 3.65844e+14 1.36616e+15 4.00668e+15 9.67856e+15 1.97198e+16 3.50593e+16 5.49798e+16 7.71427e+16 9.75953e+16 1.12018e+17 1.17302e+17 1.12085e+17 9.75659e+16 7.72806e+16 5.50403e+16 3.51191e+16 1.97578e+16 9.66513e+15 4.00731e+15 1.36562e+15 3.6508e+14 7.18289e+13 9.37748e+12 6.39946e+11 1.1531e+10 0 0 0 0 0 0 0 0 0 0 0 0 0 0 0 0 0 0 
0 0 0 0 0 0 0 0 0 0 0 0 0 0 0 0 0 0 0 7.80954e+10 1.89626e+12 1.93098e+13 1.18298e+14 5.09275e+14 1.6787e+15 4.42902e+15 9.77778e+15 1.84201e+16 3.02112e+16 4.39321e+16 5.70663e+16 6.63491e+16 6.97752e+16 6.63605e+16 5.69607e+16 4.40856e+16 3.03817e+16 1.84455e+16 9.7839e+15 4.43551e+15 1.6768e+15 5.08932e+14 1.17815e+14 1.91977e+13 1.88257e+12 7.82672e+10 0 0 0 0 0 0 0 0 0 0 0 0 0 0 0 0 0 0 0 
0 0 0 0 0 0 0 0 0 0 0 0 0 0 0 0 0 0 0 5.66569e+09 2.96786e+11 4.2885e+12 3.29443e+13 1.66005e+14 6.16672e+14 1.80141e+15 4.27411e+15 8.55881e+15 1.47641e+16 2.22254e+16 2.95633e+16 3.50254e+16 3.70108e+16 3.50264e+16 2.96476e+16 2.22535e+16 1.4781e+16 8.56901e+15 4.26444e+15 1.79294e+15 6.13913e+14 1.65325e+14 3.26022e+13 4.26805e+12 2.96558e+11 5.65076e+09 0 0 0 0 0 0 0 0 0 0 0 0 0 0 0 0 0 0 0 
0 0 0 0 0 0 0 0 0 0 0 0 0 0 0 0 0 0 0 0 3.34177e+10 7.80457e+11 7.7809e+12 4.70414e+13 1.9957e+14 6.43866e+14 1.66449e+15 3.55627e+15 6.43308e+15 1.00699e+16 1.37632e+16 1.64791e+16 1.7505e+16 1.65043e+16 1.37268e+16 1.00827e+16 6.43148e+15 3.54637e+15 1.66071e+15 6.41419e+14 1.99214e+14 4.67205e+13 7.73962e+12 7.75861e+11 3.32388e+10 0 0 0 0 0 0 0 0 0 0 0 0 0 0 0 0 0 0 0 0 
0 0 0 0 0 0 0 0 0 0 0 0 0 0 0 0 0 0 0 0 2.4193e+09 1.12492e+11 1.55875e+12 1.15829e+13 5.66857e+13 2.04679e+14 5.78335e+14 1.32383e+15 2.52219e+15 4.08552e+15 5.74073e+15 7.00829e+15 7.47031e+15 6.99694e+15 5.73322e+15 4.09557e+15 2.51638e+15 1.31888e+15 5.75319e+14 2.04846e+14 5.68531e+13 1.14869e+13 1.54684e+12 1.12196e+11 2.40025e+09 0 0 0 0 0 0 0 0 0 0 0 0 0 0 0 0 0 0 0 0 
0 0 0 0 0 0 0 0 0 0 0 0 0 0 0 0 0 0 0 0 0 1.19342e+10 2.59411e+11 2.46241e+12 1.43278e+13 5.81807e+13 1.79481e+14 4.41916e+14 8.89099e+14 1.5043e+15 2.16648e+15 2.68684e+15 2.8861e+15 2.68887e+15 2.16618e+15 1.50097e+15 8.89854e+14 4.41718e+14 1.79763e+14 5.81391e+13 1.43022e+13 2.46561e+12 2.60149e+11 1.18588e+10 0 0 0 0 0 0 0 0 0 0 0 0 0 0 0 0 0 0 0 0 0 
0 0 0 0 0 0 0 0 0 0 0 0 0 0 0 0 0 0 0 0 0 9.22e+08 3.55513e+10 4.5379e+11 3.17717e+12 1.47969e+13 5.02265e+13 1.33343e+14 2.8403e+14 5.01269e+14 7.43711e+14 9.37912e+14 1.01152e+15 9.36913e+14 7.4185e+14 5.01118e+14 2.83785e+14 1.33579e+14 5.03024e+13 1.47653e+13 3.1789e+12 4.53993e+11 3.53963e+10 9.13424e+08 0 0 0 0 0 0 0 0 0 0 0 0 0 0 0 0 0 0 0 0 0 
0 0 0 0 0 0 0 0 0 0 0 0 0 0 0 0 0 0 0 0 0 0 3.6377e+09 7.12081e+10 6.2629e+11 3.36293e+12 1.27648e+13 3.65586e+13 8.30397e+13 1.53176e+14 2.33921e+14 2.99275e+14 3.24995e+14 2.99716e+14 2.3367e+14 1.52824e+14 8.33319e+13 3.67935e+13 1.2808e+13 3.37436e+12 6.20987e+11 7.10328e+10 3.62495e+09 0 0 0 0 0 0 0 0 0 0 0 0 0 0 0 0 0 0 0 0 0 0 
0 0 0 0 0 0 0 0 0 0 0 0 0 0 0 0 0 0 0 0 0 0 3.21605e+08 9.46533e+09 1.07602e+11 6.92224e+11 2.93664e+12 9.18597e+12 2.22152e+13 4.28701e+13 6.77243e+13 8.82648e+13 9.6494e+13 8.82837e+13 6.77589e+13 4.28737e+13 2.22763e+13 9.21991e+12 2.93485e+12 6.86368e+11 1.07359e+11 9.46884e+09 3.20379e+08 0 0 0 0 0 0 0 0 0 0 0 0 0 0 0 0 0 0 0 0 0 0 
0 0 0 0 0 0 0 0 0 0 0 0 0 0 0 0 0 0 0 0 0 0 0 9.58883e+08 1.62797e+10 1.26622e+11 6.18046e+11 2.11895e+12 5.46048e+12 1.10989e+13 1.80834e+13 2.4079e+13 2.65076e+13 2.41324e+13 1.80721e+13 1.10611e+13 5.4739e+12 2.11901e+12 6.15401e+11 1.26573e+11 1.622e+10 9.58505e+08 0 0 0 0 0 0 0 0 0 0 0 0 0 0 0 0 0 0 0 0 0 0 0 
0 0 0 0 0 0 0 0 0 0 0 0 0 0 0 0 0 0 0 0 0 0 0 1.04767e+08 2.18033e+09 2.10097e+10 1.18505e+11 4.51775e+11 1.25111e+12 2.66271e+12 4.49521e+12 6.12964e+12 6.77801e+12 6.12128e+12 4.50341e+12 2.67838e+12 1.2497e+12 4.49547e+11 1.18201e+11 2.09227e+10 2.17964e+09 1.0446e+08 0 0 0 0 0 0 0 0 0 0 0 0 0 0 0 0 0 0 0 0 0 0 0 
0 0 0 0 0 0 0 0 0 0 0 0 0 0 0 0 0 0 0 0 0 0 0 0 2.24324e+08 3.16581e+09 2.10492e+10 8.92658e+10 2.66991e+11 5.9951e+11 1.04768e+12 1.45696e+12 1.62317e+12 1.45343e+12 1.04743e+12 5.98521e+11 2.66514e+11 8.87694e+10 2.10122e+10 3.15313e+09 2.2284e+08 0 0 0 0 0 0 0 0 0 0 0 0 0 0 0 0 0 0 0 0 0 0 0 0 
0 0 0 0 0 0 0 0 0 0 0 0 0 0 0 0 0 0 0 0 0 0 0 0 3.15101e+07 4.46817e+08 3.42355e+09 1.64491e+10 5.36769e+10 1.27525e+11 2.30969e+11 3.26963e+11 3.69029e+11 3.28014e+11 2.32e+11 1.27427e+11 5.36933e+10 1.6431e+10 3.4211e+09 4.45688e+08 3.14072e+07 0 0 0 0 0 0 0 0 0 0 0 0 0 0 0 0 0 0 0 0 0 0 0 0 
0 0 0 0 0 0 0 0 0 0 0 0 0 0 0 0 0 0 0 0 0 0 0 0 0 4.5623e+07 5.35617e+08 2.89641e+09 1.02312e+10 2.58608e+10 4.87196e+10 7.03792e+10 7.93845e+10 7.04091e+10 4.86366e+10 2.58251e+10 1.01378e+10 2.89899e+09 5.36404e+08 4.55494e+07 0 0 0 0 0 0 0 0 0 0 0 0 0 0 0 0 0 0 0 0 0 0 0 0 0 
0 0 0 0 0 0 0 0 0 0 0 0 0 0 0 0 0 0 0 0 0 0 0 0 0 8.62691e+06 8.09531e+07 4.74582e+08 1.88649e+09 5.04296e+09 9.8928e+09 1.46482e+10 1.65817e+10 1.46276e+10 9.8498e+09 5.04043e+09 1.8845e+09 4.73944e+08 8.12555e+07 8.57332e+06 0 0 0 0 0 0 0 0 0 0 0 0 0 0 0 0 0 0 0 0 0 0 0 0 0 
0 0 0 0 0 0 0 0 0 0 0 0 0 0 0 0 0 0 0 0 0 0 0 0 0 0 7.83563e+06 8.08446e+07 3.38608e+08 9.55268e+08 1.97291e+09 2.96464e+09 3.41303e+09 2.95975e+09 1.9625e+09 9.48778e+08 3.39193e+08 8.05665e+07 7.81423e+06 0 0 0 0 0 0 0 0 0 0 0 0 0 0 0 0 0 0 0 0 0 0 0 0 0 0 
0 0 0 0 0 0 0 0 0 0 0 0 0 0 0 0 0 0 0 0 0 0 0 0 0 0 2.07896e+06 1.28817e+07 5.62696e+07 1.84023e+08 3.79483e+08 5.97805e+08 6.85653e+08 5.97831e+08 3.80104e+08 1.84815e+08 5.62152e+07 1.29071e+07 2.07435e+06 0 0 0 0 0 0 0 0 0 0 0 0 0 0 0 0 0 0 0 0 0 0 0 0 0 0 
0 0 0 0 0 0 0 0 0 0 0 0 0 0 0 0 0 0 0 0 0 0 0 0 0 0 0 1.09716e+06 1.08759e+07 3.27872e+07 7.34161e+07 1.19266e+08 1.35563e+08 1.20248e+08 7.37875e+07 3.27241e+07 1.08616e+07 1.09304e+06 0 0 0 0 0 0 0 0 0 0 0 0 0 0 0 0 0 0 0 0 0 0 0 0 0 0 0 
0 0 0 0 0 0 0 0 0 0 0 0 0 0 0 0 0 0 0 0 0 0 0 0 0 0 0 431551 1.70774e+06 5.602e+06 1.50767e+07 2.2105e+07 2.85347e+07 2.21334e+07 1.51466e+07 5.57056e+06 1.70048e+06 429623 0 0 0 0 0 0 0 0 0 0 0 0 0 0 0 0 0 0 0 0 0 0 0 0 0 0 0 
0 0 0 0 0 0 0 0 0 0 0 0 0 0 0 0 0 0 0 0 0 0 0 0 0 0 0 0 112364 1.26258e+06 2.404e+06 4.66371e+06 5.19275e+06 4.65745e+06 2.40537e+06 1.25494e+06 113435 0 0 0 0 0 0 0 0 0 0 0 0 0 0 0 0 0 0 0 0 0 0 0 0 0 0 0 0 
0 0 0 0 0 0 0 0 0 0 0 0 0 0 0 0 0 0 0 0 0 0 0 0 0 0 0 0 74095.3 171330 459031 965021 934063 962362 457582 171047 73788.9 0 0 0 0 0 0 0 0 0 0 0 0 0 0 0 0 0 0 0 0 0 0 0 0 0 0 0 0 
0 0 0 0 0 0 0 0 0 0 0 0 0 0 0 0 0 0 0 0 0 0 0 0 0 0 0 0 0 7610.95 117048 111299 239566 111294 116556 7692.38 0 0 0 0 0 0 0 0 0 0 0 0 0 0 0 0 0 0 0 0 0 0 0 0 0 0 0 0 0 
0 0 0 0 0 0 0 0 0 0 0 0 0 0 0 0 0 0 0 0 0 0 0 0 0 0 0 0 0 9968.3 11454.6 32295.4 37454.8 32217.6 11559.2 10011.7 0 0 0 0 0 0 0 0 0 0 0 0 0 0 0 0 0 0 0 0 0 0 0 0 0 0 0 0 0 
0 0 0 0 0 0 0 0 0 0 0 0 0 0 0 0 0 0 0 0 0 0 0 0 0 0 0 0 0 0 254.577 7645.96 2046.25 7668.94 255.12 0 0 0 0 0 0 0 0 0 0 0 0 0 0 0 0 0 0 0 0 0 0 0 0 0 0 0 0 0 0 
0 0 0 0 0 0 0 0 0 0 0 0 0 0 0 0 0 0 0 0 0 0 0 0 0 0 0 0 0 0 989.338 382.38 1908.65 380.252 992.244 0 0 0 0 0 0 0 0 0 0 0 0 0 0 0 0 0 0 0 0 0 0 0 0 0 0 0 0 0 0 
0 0 0 0 0 0 0 0 0 0 0 0 0 0 0 0 0 0 0 0 0 0 0 0 0 0 0 0 0 0 0 0 253.638 0 0 0 0 0 0 0 0 0 0 0 0 0 0 0 0 0 0 0 0 0 0 0 0 0 0 0 0 0 0 0 0 
0 0 0 0 0 0 0 0 0 0 0 0 0 0 0 0 0 0 0 0 0 0 0 0 0 0 0 0 0 0 0 63.3679 0 63.6279 0 0 0 0 0 0 0 0 0 0 0 0 0 0 0 0 0 0 0 0 0 0 0 0 0 0 0 0 0 0 0 
0 0 0 0 0 0 0 0 0 0 0 0 0 0 0 0 0 0 0 0 0 0 0 0 0 0 0 0 0 0 0 0 0 0 0 0 0 0 0 0 0 0 0 0 0 0 0 0 0 0 0 0 0 0 0 0 0 0 0 0 0 0 0 0 0 
0 0 0 0 0 0 0 0 0 0 0 0 0 0 0 0 0 0 0 0 0 0 0 0 0 0 0 0 0 0 0 0 1.98221 0 0 0 0 0 0 0 0 0 0 0 0 0 0 0 0 0 0 0 0 0 0 0 0 0 0 0 0 0 0 0 0 
