1 0 0 0 0 0 0 0 0 0 0 0 0 0 0 0 0 0 0 0 0 0 0 0 0 0 0 0 0 0 0 0 0 0 0 0 0 0 0 0 0 0 0 0 0 0 0 0 0 0 0 0 0 0 0 0 0 0 0 0 0 0 0 0 1 
0 0 0 0 0 0 0 0 0 0 0 0 0 0 0 0 0 0 0 0 0 0 0 0 0 0 0 0 0 0 0 0 0 0 0 0 0 0 0 0 0 0 0 0 0 0 0 0 0 0 0 0 0 0 0 0 0 0 0 0 0 0 0 0 0 
0 64 0 0 0 0 0 0 0 0 0 0 0 0 0 0 0 0 0 0 0 0 0 0 0 0 0 0 0 0 0 0 0 0 0 0 0 0 0 0 0 0 0 0 0 0 0 0 0 0 0 0 0 0 0 0 0 0 0 0 0 0 0 64 0 
0 0 127.105 0 0 0 0 0 0 0 0 0 0 0 0 0 0 0 0 0 0 0 0 0 0 0 0 0 0 0 0 0 0 0 0 0 0 0 0 0 0 0 0 0 0 0 0 0 0 0 0 0 0 0 0 0 0 0 0 0 0 0 128.932 0 0 
0 0 1888.89 383.914 63.2649 0 0 0 0 0 0 0 0 0 0 0 0 0 0 0 0 0 0 0 0 0 0 0 0 0 0 0 0 0 0 0 0 0 0 0 0 0 0 0 0 0 0 0 0 0 0 0 0 0 0 0 0 0 0 0 64.0622 386.101 1887.07 0 0 
0 0 0 7218.08 1124.66 508.781 126.814 0 0 0 0 0 0 0 0 0 0 0 0 0 0 0 0 0 0 0 0 0 0 0 0 0 0 0 0 0 0 0 0 0 0 0 0 0 0 0 0 0 0 0 0 0 0 0 0 0 0 0 126.06 512.142 1159.29 7193.02 0 0 0 
0 0 0 34062 27330 6827.74 2547.64 1389.41 383.103 65.2073 0 0 0 0 0 0 0 0 0 0 0 0 0 0 0 0 0 0 0 0 0 0 0 0 0 0 0 0 0 0 0 0 0 0 0 0 0 0 0 0 0 0 0 0 0 64.6718 385.127 1397.75 2563.02 6838.1 27446.2 34084.9 0 0 0 
0 0 0 0 183859 97111.3 43222.7 16885.4 8511.03 4597.54 1920.33 516.336 127.24 0 0 0 0 0 0 0 0 0 0 0 0 0 0 0 0 0 0 0 0 0 0 0 0 0 0 0 0 0 0 0 0 0 0 0 0 0 0 0 127.646 505.244 1906.17 4604.72 8547.05 16787.7 42514.6 97397.2 183212 0 0 0 0 
0 0 0 0 422999 831467 411836 223844 120636 58978.7 33439.1 19710.9 9608.1 4362.02 1397.4 379.501 80.3474 0 0 0 0 0 0 0 15.8075 0 0 0 0 0 0 0 16.1938 0 0 0 0 0 0 0 16.1839 0 0 0 0 0 0 0 81.2544 387.917 1407.7 4363.26 9587.69 19769.3 33462.4 59049.7 120777 221001 411361 828487 423494 0 0 0 0 
0 0 0 0 0 2.86231e+06 3.32091e+06 1.98891e+06 1.1491e+06 722931 426798 250636 153793 93418.8 55250.7 29349.4 13846 5852.39 2181.74 776.998 385.054 255.005 252.075 250.96 0 254.952 258.267 260.149 262.04 260.73 260.603 261.079 0 258.676 256.523 258.847 258.94 258.977 260.929 260.325 0 259.213 257.77 257.589 386.254 776.705 2203.38 5914.46 14004.1 29605 55457.7 93713.1 152755 248702 425520 726050 1.13706e+06 1.95033e+06 3.3221e+06 2.86105e+06 0 0 0 0 0 
0 0 0 0 0 3.82628e+06 1.45424e+07 1.35244e+07 9.44037e+06 6.12926e+06 4.04659e+06 2.71578e+06 1.80279e+06 1.16344e+06 772065 505670 328791 205284 119659 67660.5 36453.7 21118.3 13628.3 10716.4 11634.4 9664.85 9425.36 9330.52 9390.44 9246.01 9410.73 9448.89 11343.1 9578.41 9501.73 9301.87 9415.72 9205.61 9327.8 9718.23 11711.9 10735.2 13774 21154.4 36763.4 67705.9 119471 206124 332017 511355 778791 1.15922e+06 1.79395e+06 2.69459e+06 4.05639e+06 6.09911e+06 9.31579e+06 1.34377e+07 1.45705e+07 3.83022e+06 0 0 0 0 0 
0 0 0 0 0 0 3.04103e+07 6.35447e+07 5.75849e+07 4.34792e+07 3.17682e+07 2.22887e+07 1.60222e+07 1.15513e+07 8.1515e+06 5.84979e+06 4.16992e+06 2.96865e+06 2.08544e+06 1.45757e+06 1.01803e+06 705641 496046 368170 283702 247717 230801 226171 219112 219598 215868 213980 207244 214757 217598 220148 219485 225831 232973 248996 285969 371692 502849 709571 1.02103e+06 1.46404e+06 2.09058e+06 2.96095e+06 4.17624e+06 5.92492e+06 8.24035e+06 1.15675e+07 1.59831e+07 2.22496e+07 3.14844e+07 4.31552e+07 5.69648e+07 6.35928e+07 3.03353e+07 0 0 0 0 0 0 
0 0 0 0 0 0 2.62431e+07 1.69988e+08 2.62783e+08 2.47418e+08 2.00178e+08 1.5692e+08 1.1977e+08 9.06715e+07 6.91086e+07 5.26726e+07 4.03296e+07 3.07414e+07 2.35629e+07 1.79165e+07 1.36927e+07 1.0601e+07 8.31216e+06 6.67604e+06 5.49016e+06 4.6394e+06 4.05041e+06 3.6771e+06 3.43904e+06 3.27024e+06 3.21508e+06 3.2057e+06 3.20867e+06 3.21329e+06 3.24315e+06 3.30824e+06 3.43396e+06 3.65095e+06 4.04569e+06 4.64162e+06 5.5161e+06 6.67389e+06 8.35825e+06 1.06257e+07 1.37581e+07 1.79801e+07 2.35307e+07 3.08377e+07 4.04415e+07 5.27892e+07 6.90511e+07 9.09054e+07 1.1898e+08 1.55979e+08 1.98347e+08 2.46018e+08 2.63098e+08 1.69009e+08 2.62899e+07 0 0 0 0 0 0 
0 0 0 0 0 0 0 2.3292e+08 7.83292e+08 1.0706e+09 1.04528e+09 9.06765e+08 7.5194e+08 6.10663e+08 4.94471e+08 3.93189e+08 3.17968e+08 2.55112e+08 2.05477e+08 1.66394e+08 1.35968e+08 1.11045e+08 9.11181e+07 7.65885e+07 6.51004e+07 5.64453e+07 5.0227e+07 4.59446e+07 4.24884e+07 4.01987e+07 3.836e+07 3.74331e+07 3.73675e+07 3.76728e+07 3.8556e+07 4.04803e+07 4.27139e+07 4.60617e+07 5.07879e+07 5.67394e+07 6.54287e+07 7.65692e+07 9.15725e+07 1.10827e+08 1.35353e+08 1.66622e+08 2.06159e+08 2.5709e+08 3.18259e+08 3.9404e+08 4.93575e+08 6.09485e+08 7.46916e+08 9.0048e+08 1.04291e+09 1.06884e+09 7.82365e+08 2.33207e+08 0 0 0 0 0 0 0 
0 0 0 0 0 0 0 1.39008e+08 1.38788e+09 3.31121e+09 4.28935e+09 4.33953e+09 4.01127e+09 3.50329e+09 2.98394e+09 2.5286e+09 2.13091e+09 1.79208e+09 1.50828e+09 1.27597e+09 1.08421e+09 9.23111e+08 7.89838e+08 6.87519e+08 6.04494e+08 5.36602e+08 4.83802e+08 4.44828e+08 4.15552e+08 3.93707e+08 3.78523e+08 3.7295e+08 3.69862e+08 3.712e+08 3.79989e+08 3.96192e+08 4.16741e+08 4.43958e+08 4.83193e+08 5.3627e+08 6.04286e+08 6.87253e+08 7.93191e+08 9.22244e+08 1.07674e+09 1.27208e+09 1.50918e+09 1.79627e+09 2.1271e+09 2.52282e+09 2.982e+09 3.49821e+09 3.97549e+09 4.32132e+09 4.27923e+09 3.3024e+09 1.38295e+09 1.39781e+08 0 0 0 0 0 0 0 
0 0 0 0 0 0 0 0 1.34018e+09 6.66424e+09 1.31554e+10 1.6838e+10 1.77416e+10 1.70708e+10 1.5707e+10 1.40127e+10 1.24279e+10 1.09467e+10 9.55198e+09 8.39952e+09 7.36814e+09 6.47088e+09 5.69619e+09 5.09749e+09 4.59484e+09 4.15922e+09 3.84253e+09 3.57829e+09 3.36673e+09 3.20451e+09 3.09306e+09 3.01624e+09 2.99672e+09 3.03224e+09 3.11915e+09 3.2244e+09 3.36394e+09 3.5623e+09 3.82464e+09 4.16618e+09 4.5992e+09 5.09907e+09 5.7399e+09 6.45962e+09 7.3333e+09 8.37002e+09 9.60271e+09 1.09089e+10 1.24736e+10 1.40835e+10 1.57088e+10 1.70623e+10 1.76372e+10 1.68516e+10 1.31692e+10 6.67044e+09 1.34495e+09 0 0 0 0 0 0 0 0 
0 0 0 0 0 0 0 0 5.83722e+08 8.31902e+09 2.84444e+10 5.02471e+10 6.44561e+10 7.03621e+10 7.06918e+10 6.7507e+10 6.33517e+10 5.80277e+10 5.30432e+10 4.81685e+10 4.36695e+10 3.95631e+10 3.5803e+10 3.27196e+10 3.01323e+10 2.79293e+10 2.60909e+10 2.45589e+10 2.32953e+10 2.24408e+10 2.18094e+10 2.14176e+10 2.13152e+10 2.15228e+10 2.19749e+10 2.26439e+10 2.34401e+10 2.45938e+10 2.60456e+10 2.78691e+10 3.00345e+10 3.29003e+10 3.611e+10 3.97087e+10 4.37443e+10 4.81543e+10 5.32807e+10 5.84259e+10 6.34642e+10 6.79158e+10 7.10028e+10 7.08083e+10 6.48935e+10 5.03963e+10 2.84252e+10 8.30708e+09 5.85253e+08 0 0 0 0 0 0 0 0 
0 0 0 0 0 0 0 0 0 5.92554e+09 4.09479e+10 1.11378e+11 1.86219e+11 2.41396e+11 2.71199e+11 2.83045e+11 2.82146e+11 2.71905e+11 2.58615e+11 2.44551e+11 2.2863e+11 2.13697e+11 1.99655e+11 1.86821e+11 1.74278e+11 1.65022e+11 1.56189e+11 1.48706e+11 1.43735e+11 1.3924e+11 1.36112e+11 1.34736e+11 1.33969e+11 1.3423e+11 1.35837e+11 1.3921e+11 1.43215e+11 1.48731e+11 1.55696e+11 1.65007e+11 1.75625e+11 1.86983e+11 1.99751e+11 2.14378e+11 2.30038e+11 2.45418e+11 2.60544e+11 2.74055e+11 2.83251e+11 2.83899e+11 2.72731e+11 2.42085e+11 1.87124e+11 1.11536e+11 4.082e+10 5.92211e+09 0 0 0 0 0 0 0 0 0 
0 0 0 0 0 0 0 0 0 1.95217e+09 3.75474e+10 1.74534e+11 4.11431e+11 6.63255e+11 8.67827e+11 1.01051e+12 1.09071e+12 1.12257e+12 1.12081e+12 1.10054e+12 1.06922e+12 1.0262e+12 9.9251e+11 9.46787e+11 9.08754e+11 8.67736e+11 8.36182e+11 8.09854e+11 7.84925e+11 7.69131e+11 7.52386e+11 7.4767e+11 7.48624e+11 7.46959e+11 7.52711e+11 7.66247e+11 7.85466e+11 8.07104e+11 8.36744e+11 8.7212e+11 9.11059e+11 9.47181e+11 9.94029e+11 1.03569e+12 1.07724e+12 1.10822e+12 1.12665e+12 1.12487e+12 1.08997e+12 1.01322e+12 8.75357e+11 6.68816e+11 4.11839e+11 1.73706e+11 3.77109e+10 1.97365e+09 0 0 0 0 0 0 0 0 0 
0 0 0 0 0 0 0 0 0 0 2.05196e+10 1.86434e+11 6.71102e+11 1.44427e+12 2.3022e+12 3.04717e+12 3.63348e+12 4.02781e+12 4.28046e+12 4.40169e+12 4.44933e+12 4.43632e+12 4.37742e+12 4.31463e+12 4.20643e+12 4.10062e+12 4.00175e+12 3.916e+12 3.8485e+12 3.78205e+12 3.73668e+12 3.71122e+12 3.71715e+12 3.71189e+12 3.74722e+12 3.78969e+12 3.86727e+12 3.92456e+12 4.02547e+12 4.13488e+12 4.20396e+12 4.30925e+12 4.40819e+12 4.45995e+12 4.46308e+12 4.42574e+12 4.29499e+12 4.03467e+12 3.64088e+12 3.06535e+12 2.3105e+12 1.44879e+12 6.6911e+11 1.87007e+11 2.04826e+10 0 0 0 0 0 0 0 0 0 0 
0 0 0 0 0 0 0 0 0 0 5.28749e+09 1.31009e+11 7.85616e+11 2.39416e+12 4.84997e+12 7.63225e+12 1.02831e+13 1.2538e+13 1.42571e+13 1.55405e+13 1.64518e+13 1.69989e+13 1.72983e+13 1.74578e+13 1.74787e+13 1.74301e+13 1.72635e+13 1.71803e+13 1.69722e+13 1.68605e+13 1.67357e+13 1.67444e+13 1.67911e+13 1.67929e+13 1.68564e+13 1.69562e+13 1.70734e+13 1.72543e+13 1.73544e+13 1.74419e+13 1.75859e+13 1.76269e+13 1.7508e+13 1.71145e+13 1.65091e+13 1.55951e+13 1.43333e+13 1.25714e+13 1.03017e+13 7.62571e+12 4.84614e+12 2.38768e+12 7.84931e+11 1.30981e+11 5.30869e+09 0 0 0 0 0 0 0 0 0 0 
0 0 0 0 0 0 0 0 0 0 0 5.61457e+10 6.44081e+11 2.94307e+12 7.94118e+12 1.54295e+13 2.42727e+13 3.30426e+13 4.11626e+13 4.80403e+13 5.36427e+13 5.79477e+13 6.15021e+13 6.41807e+13 6.58725e+13 6.66074e+13 6.73997e+13 6.79352e+13 6.82025e+13 6.82124e+13 6.84082e+13 6.84278e+13 6.83622e+13 6.84896e+13 6.83314e+13 6.83758e+13 6.82007e+13 6.80592e+13 6.77503e+13 6.71602e+13 6.5815e+13 6.40309e+13 6.15878e+13 5.82206e+13 5.39201e+13 4.80239e+13 4.11481e+13 3.30751e+13 2.42902e+13 1.54546e+13 7.94449e+12 2.93151e+12 6.45543e+11 5.61084e+10 0 0 0 0 0 0 0 0 0 0 0 
0 0 0 0 0 0 0 0 0 0 0 1.15822e+10 3.55813e+11 2.65148e+12 1.0001e+13 2.50166e+13 4.70665e+13 7.37816e+13 1.01669e+14 1.28706e+14 1.53801e+14 1.74583e+14 1.93088e+14 2.08318e+14 2.20147e+14 2.29746e+14 2.36849e+14 2.41871e+14 2.45476e+14 2.48776e+14 2.50825e+14 2.51163e+14 2.52675e+14 2.51772e+14 2.51425e+14 2.497e+14 2.47384e+14 2.4395e+14 2.38516e+14 2.30836e+14 2.21232e+14 2.08895e+14 1.93838e+14 1.75852e+14 1.54087e+14 1.29018e+14 1.01791e+14 7.35202e+13 4.69903e+13 2.49435e+13 1.00336e+13 2.6522e+12 3.55257e+11 1.1606e+10 0 0 0 0 0 0 0 0 0 0 0 
0 0 0 0 0 0 0 0 0 0 0 0 1.22245e+11 1.7061e+12 9.5859e+12 3.14506e+13 7.37612e+13 1.35821e+14 2.13085e+14 2.97261e+14 3.82848e+14 4.6392e+14 5.37628e+14 6.04418e+14 6.61681e+14 7.10528e+14 7.48198e+14 7.78588e+14 8.05703e+14 8.21047e+14 8.33137e+14 8.41807e+14 8.44091e+14 8.43087e+14 8.33866e+14 8.23537e+14 8.07621e+14 7.8234e+14 7.49742e+14 7.10599e+14 6.6217e+14 6.07506e+14 5.40745e+14 4.66303e+14 3.83564e+14 2.97686e+14 2.12691e+14 1.35395e+14 7.34529e+13 3.15229e+13 9.55217e+12 1.70953e+12 1.22273e+11 0 0 0 0 0 0 0 0 0 0 0 0 
0 0 0 0 0 0 0 0 0 0 0 0 2.06095e+10 7.58699e+11 6.79979e+12 3.10024e+13 9.22923e+13 2.05524e+14 3.72074e+14 5.83247e+14 8.19458e+14 1.06843e+15 1.31497e+15 1.54757e+15 1.75981e+15 1.95455e+15 2.11222e+15 2.25641e+15 2.35955e+15 2.43837e+15 2.49912e+15 2.53178e+15 2.55107e+15 2.53806e+15 2.50706e+15 2.45794e+15 2.37194e+15 2.25333e+15 2.11529e+15 1.95643e+15 1.77003e+15 1.56042e+15 1.32387e+15 1.07459e+15 8.22723e+14 5.85035e+14 3.72373e+14 2.05532e+14 9.21943e+13 3.10573e+13 6.79448e+12 7.58716e+11 2.07472e+10 0 0 0 0 0 0 0 0 0 0 0 0 
0 0 0 0 0 0 0 0 0 0 0 0 0 2.12701e+11 3.52896e+12 2.3416e+13 9.16579e+13 2.5168e+14 5.38603e+14 9.60883e+14 1.50468e+15 2.13258e+15 2.80475e+15 3.48387e+15 4.157e+15 4.7709e+15 5.33661e+15 5.81227e+15 6.20856e+15 6.50619e+15 6.73769e+15 6.87248e+15 6.91709e+15 6.85915e+15 6.729e+15 6.54855e+15 6.21914e+15 5.81691e+15 5.33101e+15 4.77639e+15 4.16335e+15 3.5045e+15 2.81884e+15 2.14218e+15 1.50972e+15 9.63709e+14 5.38334e+14 2.5189e+14 9.17332e+13 2.33458e+13 3.51247e+12 2.14883e+11 0 0 0 0 0 0 0 0 0 0 0 0 0 
0 0 0 0 0 0 0 0 0 0 0 0 0 3.00718e+10 1.27985e+12 1.33751e+13 7.11297e+13 2.48715e+14 6.38687e+14 1.32515e+15 2.33462e+15 3.63671e+15 5.17101e+15 6.86486e+15 8.60612e+15 1.03051e+16 1.18915e+16 1.33533e+16 1.45347e+16 1.55327e+16 1.62271e+16 1.66414e+16 1.67812e+16 1.66414e+16 1.62672e+16 1.55371e+16 1.45777e+16 1.33272e+16 1.18821e+16 1.0329e+16 8.59742e+15 6.88451e+15 5.195e+15 3.64226e+15 2.33251e+15 1.32386e+15 6.40058e+14 2.48051e+14 7.1356e+13 1.33244e+13 1.28446e+12 3.05604e+10 0 0 0 0 0 0 0 0 0 0 0 0 0 
0 0 0 0 0 0 0 0 0 0 0 0 0 0 3.01761e+11 5.66349e+12 4.32452e+13 1.95488e+14 6.20972e+14 1.51041e+15 3.04745e+15 5.30068e+15 8.20308e+15 1.16843e+16 1.55398e+16 1.95312e+16 2.3506e+16 2.7092e+16 3.03205e+16 3.27752e+16 3.47316e+16 3.5962e+16 3.63086e+16 3.5876e+16 3.47342e+16 3.28265e+16 3.02364e+16 2.70934e+16 2.34404e+16 1.95046e+16 1.55673e+16 1.17255e+16 8.25189e+15 5.28842e+15 3.04102e+15 1.51021e+15 6.19337e+14 1.96016e+14 4.334e+13 5.68362e+12 3.0252e+11 0 0 0 0 0 0 0 0 0 0 0 0 0 0 
0 0 0 0 0 0 0 0 0 0 0 0 0 0 3.61243e+10 1.72684e+12 2.03305e+13 1.22809e+14 4.87598e+14 1.42394e+15 3.31529e+15 6.46721e+15 1.11055e+16 1.70992e+16 2.4342e+16 3.219e+16 4.03051e+16 4.82795e+16 5.5442e+16 6.15706e+16 6.61303e+16 6.88972e+16 6.97343e+16 6.87892e+16 6.60022e+16 6.15708e+16 5.55781e+16 4.8457e+16 4.03527e+16 3.22527e+16 2.43204e+16 1.71787e+16 1.11254e+16 6.49438e+15 3.31165e+15 1.42031e+15 4.86511e+14 1.2325e+14 2.03192e+13 1.73048e+12 3.65292e+10 0 0 0 0 0 0 0 0 0 0 0 0 0 0 
0 0 0 0 0 0 0 0 0 0 0 0 0 0 0 3.45276e+11 7.18745e+12 6.1309e+13 3.10911e+14 1.10579e+15 2.99904e+15 6.71843e+15 1.27989e+16 2.15605e+16 3.28269e+16 4.61611e+16 6.06812e+16 7.51625e+16 8.90883e+16 1.00983e+17 1.10329e+17 1.16118e+17 1.18089e+17 1.1589e+17 1.10055e+17 1.0134e+17 8.92852e+16 7.53291e+16 6.06467e+16 4.61526e+16 3.28878e+16 2.15914e+16 1.27791e+16 6.70245e+15 3.00017e+15 1.10451e+15 3.11105e+14 6.13193e+13 7.22839e+12 3.46974e+11 0 0 0 0 0 0 0 0 0 0 0 0 0 0 0 
0 0 0 0 0 0 0 0 0 0 0 0 0 0 0 3.56472e+10 1.86514e+12 2.40578e+13 1.60419e+14 7.05281e+14 2.27915e+15 5.83703e+15 1.24707e+16 2.3133e+16 3.80461e+16 5.70523e+16 7.90101e+16 1.02602e+17 1.25382e+17 1.45555e+17 1.61698e+17 1.71845e+17 1.7524e+17 1.71782e+17 1.6173e+17 1.4559e+17 1.25339e+17 1.02485e+17 7.91618e+16 5.70614e+16 3.81508e+16 2.30994e+16 1.24758e+16 5.83192e+15 2.28527e+15 7.05541e+14 1.61765e+14 2.40922e+13 1.87726e+12 3.62479e+10 0 0 0 0 0 0 0 0 0 0 0 0 0 0 0 
0 0 0 0 0 0 0 0 0 0 0 0 0 0 0 0 3.21561e+11 7.23853e+12 6.70817e+13 3.71276e+14 1.44093e+15 4.27104e+15 1.03369e+16 2.11029e+16 3.78345e+16 6.09438e+16 8.95169e+16 1.21385e+17 1.53882e+17 1.83849e+17 2.07918e+17 2.2355e+17 2.29186e+17 2.23595e+17 2.07907e+17 1.83611e+17 1.53924e+17 1.21459e+17 8.94942e+16 6.1205e+16 3.79602e+16 2.10827e+16 1.02882e+16 4.26347e+15 1.43804e+15 3.72085e+14 6.70681e+13 7.2676e+12 3.2121e+11 0 0 0 0 0 0 0 0 0 0 0 0 0 0 0 0 
0 0 0 0 0 0 0 0 0 0 0 0 0 0 0 0 2.91829e+10 1.60803e+12 2.23685e+13 1.60801e+14 7.59016e+14 2.64254e+15 7.26291e+15 1.6567e+16 3.24876e+16 5.62107e+16 8.76298e+16 1.24889e+17 1.64607e+17 2.02361e+17 2.33253e+17 2.54425e+17 2.60923e+17 2.54123e+17 2.33365e+17 2.01982e+17 1.64442e+17 1.24902e+17 8.77608e+16 5.61795e+16 3.24333e+16 1.65119e+16 7.23035e+15 2.63647e+15 7.58789e+14 1.61014e+14 2.23242e+13 1.62086e+12 2.9756e+10 0 0 0 0 0 0 0 0 0 0 0 0 0 0 0 0 
0 0 0 0 0 0 0 0 0 0 0 0 0 0 0 0 0 2.43939e+11 5.78967e+12 5.70769e+13 3.35381e+14 1.37951e+15 4.34152e+15 1.11014e+16 2.39141e+16 4.46688e+16 7.42663e+16 1.11639e+17 1.5339e+17 1.9436e+17 2.28676e+17 2.51707e+17 2.60855e+17 2.52291e+17 2.28725e+17 1.93972e+17 1.53082e+17 1.11497e+17 7.432e+16 4.46823e+16 2.38305e+16 1.10553e+16 4.32964e+15 1.37517e+15 3.33952e+14 5.6741e+13 5.80546e+12 2.44042e+11 0 0 0 0 0 0 0 0 0 0 0 0 0 0 0 0 0 
0 0 0 0 0 0 0 0 0 0 0 0 0 0 0 0 0 1.99872e+10 1.12531e+12 1.62547e+13 1.22863e+14 6.08653e+14 2.22163e+15 6.39402e+15 1.52129e+16 3.08801e+16 5.47619e+16 8.65567e+16 1.24126e+17 1.62724e+17 1.96485e+17 2.19097e+17 2.27239e+17 2.19387e+17 1.96571e+17 1.62902e+17 1.241e+17 8.65647e+16 5.47314e+16 3.07615e+16 1.51403e+16 6.37016e+15 2.21519e+15 6.08738e+14 1.22856e+14 1.62897e+13 1.13251e+12 2.02619e+10 0 0 0 0 0 0 0 0 0 0 0 0 0 0 0 0 0 
0 0 0 0 0 0 0 0 0 0 0 0 0 0 0 0 0 0 1.51268e+11 3.68837e+12 3.77198e+13 2.29097e+14 9.7225e+14 3.17845e+15 8.36255e+15 1.84949e+16 3.51397e+16 5.89331e+16 8.81546e+16 1.19331e+17 1.47555e+17 1.67224e+17 1.74095e+17 1.66935e+17 1.47518e+17 1.19566e+17 8.82946e+16 5.8876e+16 3.50432e+16 1.83695e+16 8.31393e+15 3.15977e+15 9.68137e+14 2.28141e+14 3.7513e+13 3.69902e+12 1.52376e+11 0 0 0 0 0 0 0 0 0 0 0 0 0 0 0 0 0 0 
0 0 0 0 0 0 0 0 0 0 0 0 0 0 0 0 0 0 1.15216e+10 6.37009e+11 9.37379e+12 7.24074e+13 3.66909e+14 1.36463e+15 4.01675e+15 9.68107e+15 1.97877e+16 3.50955e+16 5.4989e+16 7.71108e+16 9.75874e+16 1.11877e+17 1.17201e+17 1.12137e+17 9.7657e+16 7.71093e+16 5.49556e+16 3.50343e+16 1.9711e+16 9.63588e+15 3.97804e+15 1.35811e+15 3.65642e+14 7.21199e+13 9.38547e+12 6.42297e+11 1.15775e+10 0 0 0 0 0 0 0 0 0 0 0 0 0 0 0 0 0 0 
0 0 0 0 0 0 0 0 0 0 0 0 0 0 0 0 0 0 0 7.74319e+10 1.87904e+12 1.93169e+13 1.18834e+14 5.11985e+14 1.68075e+15 4.44227e+15 9.76756e+15 1.84207e+16 3.01832e+16 4.39706e+16 5.69037e+16 6.64589e+16 6.9846e+16 6.64935e+16 5.70033e+16 4.39598e+16 3.01869e+16 1.83789e+16 9.73808e+15 4.4239e+15 1.6729e+15 5.07536e+14 1.18532e+14 1.92386e+13 1.88467e+12 7.82205e+10 0 0 0 0 0 0 0 0 0 0 0 0 0 0 0 0 0 0 0 
0 0 0 0 0 0 0 0 0 0 0 0 0 0 0 0 0 0 0 5.66824e+09 2.93743e+11 4.27051e+12 3.28534e+13 1.66357e+14 6.16837e+14 1.79449e+15 4.28719e+15 8.56328e+15 1.47379e+16 2.2252e+16 2.96568e+16 3.50536e+16 3.70587e+16 3.49812e+16 2.962e+16 2.22791e+16 1.47764e+16 8.55051e+15 4.27173e+15 1.79044e+15 6.15792e+14 1.66326e+14 3.28571e+13 4.30364e+12 2.96862e+11 5.67191e+09 0 0 0 0 0 0 0 0 0 0 0 0 0 0 0 0 0 0 0 
0 0 0 0 0 0 0 0 0 0 0 0 0 0 0 0 0 0 0 0 3.31573e+10 7.75501e+11 7.76555e+12 4.70084e+13 1.99539e+14 6.44533e+14 1.65975e+15 3.55126e+15 6.43536e+15 1.00548e+16 1.37519e+16 1.65917e+16 1.75809e+16 1.65362e+16 1.37438e+16 1.00827e+16 6.44076e+15 3.55381e+15 1.65602e+15 6.43001e+14 1.99604e+14 4.70239e+13 7.77617e+12 7.80517e+11 3.33522e+10 0 0 0 0 0 0 0 0 0 0 0 0 0 0 0 0 0 0 0 0 
0 0 0 0 0 0 0 0 0 0 0 0 0 0 0 0 0 0 0 0 2.41438e+09 1.11878e+11 1.555e+12 1.1615e+13 5.70208e+13 2.05684e+14 5.76441e+14 1.31512e+15 2.50759e+15 4.07621e+15 5.73921e+15 7.00315e+15 7.47363e+15 7.00788e+15 5.7444e+15 4.10183e+15 2.52715e+15 1.31707e+15 5.76323e+14 2.05699e+14 5.70677e+13 1.16459e+13 1.56583e+12 1.12674e+11 2.40902e+09 0 0 0 0 0 0 0 0 0 0 0 0 0 0 0 0 0 0 0 0 
0 0 0 0 0 0 0 0 0 0 0 0 0 0 0 0 0 0 0 0 0 1.186e+10 2.59355e+11 2.47515e+12 1.43454e+13 5.85586e+13 1.79886e+14 4.38905e+14 8.86077e+14 1.49866e+15 2.16726e+15 2.69026e+15 2.88811e+15 2.68501e+15 2.16633e+15 1.50367e+15 8.88652e+14 4.42859e+14 1.79709e+14 5.84087e+13 1.4387e+13 2.48947e+12 2.60971e+11 1.19195e+10 0 0 0 0 0 0 0 0 0 0 0 0 0 0 0 0 0 0 0 0 0 
0 0 0 0 0 0 0 0 0 0 0 0 0 0 0 0 0 0 0 0 0 9.2121e+08 3.53319e+10 4.54484e+11 3.18745e+12 1.48161e+13 5.07211e+13 1.33242e+14 2.83748e+14 4.99165e+14 7.43238e+14 9.40675e+14 1.01276e+15 9.39058e+14 7.42618e+14 5.03351e+14 2.8609e+14 1.33546e+14 5.0488e+13 1.48202e+13 3.20189e+12 4.55618e+11 3.55068e+10 9.1704e+08 0 0 0 0 0 0 0 0 0 0 0 0 0 0 0 0 0 0 0 0 0 
0 0 0 0 0 0 0 0 0 0 0 0 0 0 0 0 0 0 0 0 0 0 3.61999e+09 7.08711e+10 6.2666e+11 3.36742e+12 1.2798e+13 3.67425e+13 8.26519e+13 1.52451e+14 2.33391e+14 2.99883e+14 3.26438e+14 2.99697e+14 2.33792e+14 1.53375e+14 8.35785e+13 3.68907e+13 1.28224e+13 3.37623e+12 6.26043e+11 7.1114e+10 3.64744e+09 0 0 0 0 0 0 0 0 0 0 0 0 0 0 0 0 0 0 0 0 0 0 
0 0 0 0 0 0 0 0 0 0 0 0 0 0 0 0 0 0 0 0 0 0 3.24264e+08 9.41337e+09 1.07486e+11 6.88163e+11 2.9558e+12 9.18475e+12 2.21782e+13 4.27409e+13 6.74235e+13 8.80826e+13 9.6151e+13 8.84486e+13 6.75002e+13 4.29189e+13 2.22846e+13 9.22034e+12 2.95058e+12 6.91651e+11 1.07924e+11 9.44854e+09 3.20459e+08 0 0 0 0 0 0 0 0 0 0 0 0 0 0 0 0 0 0 0 0 0 0 
0 0 0 0 0 0 0 0 0 0 0 0 0 0 0 0 0 0 0 0 0 0 0 9.60473e+08 1.6144e+10 1.26394e+11 6.15244e+11 2.11331e+12 5.44596e+12 1.10509e+13 1.80578e+13 2.40387e+13 2.6335e+13 2.40041e+13 1.80366e+13 1.10889e+13 5.49316e+12 2.12847e+12 6.16514e+11 1.27493e+11 1.6262e+10 9.69403e+08 0 0 0 0 0 0 0 0 0 0 0 0 0 0 0 0 0 0 0 0 0 0 0 
0 0 0 0 0 0 0 0 0 0 0 0 0 0 0 0 0 0 0 0 0 0 0 1.05541e+08 2.16985e+09 2.09243e+10 1.18191e+11 4.49152e+11 1.24702e+12 2.65556e+12 4.48122e+12 6.10676e+12 6.74654e+12 6.09369e+12 4.50273e+12 2.67553e+12 1.25287e+12 4.51015e+11 1.1861e+11 2.09685e+10 2.18758e+09 1.0403e+08 0 0 0 0 0 0 0 0 0 0 0 0 0 0 0 0 0 0 0 0 0 0 0 
0 0 0 0 0 0 0 0 0 0 0 0 0 0 0 0 0 0 0 0 0 0 0 0 2.23925e+08 3.14218e+09 2.09368e+10 8.86876e+10 2.65891e+11 5.99841e+11 1.04665e+12 1.45515e+12 1.62287e+12 1.45811e+12 1.04743e+12 5.98401e+11 2.671e+11 8.88305e+10 2.10196e+10 3.15041e+09 2.25654e+08 0 0 0 0 0 0 0 0 0 0 0 0 0 0 0 0 0 0 0 0 0 0 0 0 
0 0 0 0 0 0 0 0 0 0 0 0 0 0 0 0 0 0 0 0 0 0 0 0 3.17965e+07 4.45498e+08 3.40994e+09 1.64061e+10 5.33125e+10 1.27098e+11 2.31441e+11 3.29379e+11 3.66864e+11 3.26604e+11 2.30768e+11 1.27749e+11 5.36636e+10 1.64958e+10 3.41298e+09 4.45856e+08 3.14609e+07 0 0 0 0 0 0 0 0 0 0 0 0 0 0 0 0 0 0 0 0 0 0 0 0 
0 0 0 0 0 0 0 0 0 0 0 0 0 0 0 0 0 0 0 0 0 0 0 0 0 4.54689e+07 5.34781e+08 2.89425e+09 1.01598e+10 2.56679e+10 4.85267e+10 7.0495e+10 7.98013e+10 7.08756e+10 4.89637e+10 2.59127e+10 1.02094e+10 2.89601e+09 5.35895e+08 4.57092e+07 0 0 0 0 0 0 0 0 0 0 0 0 0 0 0 0 0 0 0 0 0 0 0 0 0 
0 0 0 0 0 0 0 0 0 0 0 0 0 0 0 0 0 0 0 0 0 0 0 0 0 8.62473e+06 8.09958e+07 4.73672e+08 1.89193e+09 5.03081e+09 9.85874e+09 1.45956e+10 1.67054e+10 1.47312e+10 9.90039e+09 5.05321e+09 1.88643e+09 4.75735e+08 8.09727e+07 8.58563e+06 0 0 0 0 0 0 0 0 0 0 0 0 0 0 0 0 0 0 0 0 0 0 0 0 0 
0 0 0 0 0 0 0 0 0 0 0 0 0 0 0 0 0 0 0 0 0 0 0 0 0 0 7.78844e+06 8.03992e+07 3.3467e+08 9.47293e+08 1.96246e+09 2.94807e+09 3.41208e+09 2.95711e+09 1.97787e+09 9.53019e+08 3.39941e+08 8.05713e+07 7.88535e+06 0 0 0 0 0 0 0 0 0 0 0 0 0 0 0 0 0 0 0 0 0 0 0 0 0 0 
0 0 0 0 0 0 0 0 0 0 0 0 0 0 0 0 0 0 0 0 0 0 0 0 0 0 2.07885e+06 1.28358e+07 5.59296e+07 1.83714e+08 3.77315e+08 5.96297e+08 6.81053e+08 5.97275e+08 3.79839e+08 1.83868e+08 5.6456e+07 1.28957e+07 2.06892e+06 0 0 0 0 0 0 0 0 0 0 0 0 0 0 0 0 0 0 0 0 0 0 0 0 0 0 
0 0 0 0 0 0 0 0 0 0 0 0 0 0 0 0 0 0 0 0 0 0 0 0 0 0 0 1.08046e+06 1.07757e+07 3.26322e+07 7.32636e+07 1.18997e+08 1.34587e+08 1.19746e+08 7.31265e+07 3.28566e+07 1.08886e+07 1.10299e+06 0 0 0 0 0 0 0 0 0 0 0 0 0 0 0 0 0 0 0 0 0 0 0 0 0 0 0 
0 0 0 0 0 0 0 0 0 0 0 0 0 0 0 0 0 0 0 0 0 0 0 0 0 0 0 428826 1.7009e+06 5.54653e+06 1.5146e+07 2.20213e+07 2.83123e+07 2.21576e+07 1.51292e+07 5.5932e+06 1.70783e+06 429785 0 0 0 0 0 0 0 0 0 0 0 0 0 0 0 0 0 0 0 0 0 0 0 0 0 0 0 
0 0 0 0 0 0 0 0 0 0 0 0 0 0 0 0 0 0 0 0 0 0 0 0 0 0 0 0 111898 1.25506e+06 2.4075e+06 4.68584e+06 5.17798e+06 4.66644e+06 2.398e+06 1.25072e+06 112695 0 0 0 0 0 0 0 0 0 0 0 0 0 0 0 0 0 0 0 0 0 0 0 0 0 0 0 0 
0 0 0 0 0 0 0 0 0 0 0 0 0 0 0 0 0 0 0 0 0 0 0 0 0 0 0 0 73656.2 171069 457146 959961 932800 960183 454920 170277 73750.3 0 0 0 0 0 0 0 0 0 0 0 0 0 0 0 0 0 0 0 0 0 0 0 0 0 0 0 0 
0 0 0 0 0 0 0 0 0 0 0 0 0 0 0 0 0 0 0 0 0 0 0 0 0 0 0 0 0 7643.4 116325 110753 240317 111094 116703 7614.17 0 0 0 0 0 0 0 0 0 0 0 0 0 0 0 0 0 0 0 0 0 0 0 0 0 0 0 0 0 
0 0 0 0 0 0 0 0 0 0 0 0 0 0 0 0 0 0 0 0 0 0 0 0 0 0 0 0 0 9873.45 11350.6 32521.9 37136.6 32371.8 11446.4 9961.33 0 0 0 0 0 0 0 0 0 0 0 0 0 0 0 0 0 0 0 0 0 0 0 0 0 0 0 0 0 
0 0 0 0 0 0 0 0 0 0 0 0 0 0 0 0 0 0 0 0 0 0 0 0 0 0 0 0 0 0 253.968 7636.84 1997.57 7679.76 255.809 0 0 0 0 0 0 0 0 0 0 0 0 0 0 0 0 0 0 0 0 0 0 0 0 0 0 0 0 0 0 
0 0 0 0 0 0 0 0 0 0 0 0 0 0 0 0 0 0 0 0 0 0 0 0 0 0 0 0 0 0 989.619 380.142 1924.37 379.099 987.316 0 0 0 0 0 0 0 0 0 0 0 0 0 0 0 0 0 0 0 0 0 0 0 0 0 0 0 0 0 0 
0 0 0 0 0 0 0 0 0 0 0 0 0 0 0 0 0 0 0 0 0 0 0 0 0 0 0 0 0 0 0 0 253.563 0 0 0 0 0 0 0 0 0 0 0 0 0 0 0 0 0 0 0 0 0 0 0 0 0 0 0 0 0 0 0 0 
0 0 0 0 0 0 0 0 0 0 0 0 0 0 0 0 0 0 0 0 0 0 0 0 0 0 0 0 0 0 0 63.8462 0 63.624 0 0 0 0 0 0 0 0 0 0 0 0 0 0 0 0 0 0 0 0 0 0 0 0 0 0 0 0 0 0 0 
0 0 0 0 0 0 0 0 0 0 0 0 0 0 0 0 0 0 0 0 0 0 0 0 0 0 0 0 0 0 0 0 0 0 0 0 0 0 0 0 0 0 0 0 0 0 0 0 0 0 0 0 0 0 0 0 0 0 0 0 0 0 0 0 0 
0 0 0 0 0 0 0 0 0 0 0 0 0 0 0 0 0 0 0 0 0 0 0 0 0 0 0 0 0 0 0 0 1.96708 0 0 0 0 0 0 0 0 0 0 0 0 0 0 0 0 0 0 0 0 0 0 0 0 0 0 0 0 0 0 0 0 
