1 0 0 0 0 0 0 0 0 0 0 0 0 0 0 0 0 0 0 0 0 0 0 0 0 0 0 0 0 0 0 0 0 0 0 0 0 0 0 0 0 0 0 0 0 0 0 0 0 0 0 0 0 0 0 0 0 0 0 0 0 0 0 0 1 
0 0 0 0 0 0 0 0 0 0 0 0 0 0 0 0 0 0 0 0 0 0 0 0 0 0 0 0 0 0 0 0 0 0 0 0 0 0 0 0 0 0 0 0 0 0 0 0 0 0 0 0 0 0 0 0 0 0 0 0 0 0 0 0 0 
0 64 0 0 0 0 0 0 0 0 0 0 0 0 0 0 0 0 0 0 0 0 0 0 0 0 0 0 0 0 0 0 0 0 0 0 0 0 0 0 0 0 0 0 0 0 0 0 0 0 0 0 0 0 0 0 0 0 0 0 0 0 0 64 0 
0 0 129.27 0 0 0 0 0 0 0 0 0 0 0 0 0 0 0 0 0 0 0 0 0 0 0 0 0 0 0 0 0 0 0 0 0 0 0 0 0 0 0 0 0 0 0 0 0 0 0 0 0 0 0 0 0 0 0 0 0 0 0 126.64 0 0 
0 0 1886.73 382.214 63.846 0 0 0 0 0 0 0 0 0 0 0 0 0 0 0 0 0 0 0 0 0 0 0 0 0 0 0 0 0 0 0 0 0 0 0 0 0 0 0 0 0 0 0 0 0 0 0 0 0 0 0 0 0 0 0 63.8553 386.133 1889.36 0 0 
0 0 0 7187.64 1147.2 513.439 128.1 0 0 0 0 0 0 0 0 0 0 0 0 0 0 0 0 0 0 0 0 0 0 0 0 0 0 0 0 0 0 0 0 0 0 0 0 0 0 0 0 0 0 0 0 0 0 0 0 0 0 0 128.202 513.676 1149.85 7118.1 0 0 0 
0 0 0 34094.1 27345.5 6812.25 2565.83 1415.89 383.874 64.3918 0 0 0 0 0 0 0 0 0 0 0 0 0 0 0 0 0 0 0 0 0 0 0 0 0 0 0 0 0 0 0 0 0 0 0 0 0 0 0 0 0 0 0 0 0 65.4255 387.601 1392.69 2543.29 6823.03 27139.8 34159.8 0 0 0 
0 0 0 0 183579 97029.4 42743.1 16870.5 8552.85 4596.77 1913.9 517.435 129.618 0 0 0 0 0 0 0 0 0 0 0 0 0 0 0 0 0 0 0 0 0 0 0 0 0 0 0 0 0 0 0 0 0 0 0 0 0 0 0 127.779 509.531 1923.39 4615.55 8601.55 16904.9 42582.3 97005.5 182986 0 0 0 0 
0 0 0 0 423240 828692 411556 221545 121028 58758.6 33466.3 19716.4 9614.25 4326.08 1400.28 379.582 81.4477 0 0 0 0 0 0 0 15.6808 0 0 0 0 0 0 0 15.6477 0 0 0 0 0 0 0 15.834 0 0 0 0 0 0 0 79.441 388.819 1414.43 4362.29 9670.25 19713 33863.2 59177.8 120029 221048 411147 825699 424036 0 0 0 0 
0 0 0 0 0 2.8601e+06 3.32005e+06 1.97558e+06 1.13457e+06 717457 422307 248921 152889 93250 54893 29010.8 13835.2 5864.83 2164.16 758.092 383.335 252.771 253.918 252.839 0 255.986 254.897 257.932 255.953 253.777 253.316 254.077 0 254.869 257.305 255.208 254.318 254.919 253.602 254.942 0 252.278 251.675 254.748 378.735 758.817 2153.93 5825.78 13822.3 29164.8 55250 93784.3 154007 250546 425327 715425 1.14683e+06 1.97464e+06 3.32124e+06 2.85717e+06 0 0 0 0 0 
0 0 0 0 0 3.83137e+06 1.46204e+07 1.34991e+07 9.35704e+06 6.07968e+06 4.01766e+06 2.68177e+06 1.78686e+06 1.1681e+06 770354 508739 326832 202228 118376 66987.4 36007.9 20857.8 13593.5 10629.4 11472.1 9582.83 9287.39 9151.2 9305.21 9157.76 9274.86 9367.67 11254.5 9518.45 9351.98 9238.26 9301.63 9117.23 9237.36 9521.75 11527.9 10758.4 13670.6 21067.3 36489.2 67111.6 119554 203476 325886 505679 774200 1.16778e+06 1.79058e+06 2.67545e+06 4.01429e+06 6.08516e+06 9.34267e+06 1.34573e+07 1.45608e+07 3.8373e+06 0 0 0 0 0 
0 0 0 0 0 0 3.0438e+07 6.38284e+07 5.72911e+07 4.32006e+07 3.13179e+07 2.23679e+07 1.59593e+07 1.14894e+07 8.1867e+06 5.82441e+06 4.14311e+06 2.91621e+06 2.07445e+06 1.44409e+06 1.0134e+06 700894 493670 363925 278532 244054 228808 220985 215661 217979 214981 212982 206217 211738 214028 216390 215478 221888 227351 244171 280070 364248 497953 703563 1.00657e+06 1.44718e+06 2.07309e+06 2.90079e+06 4.10094e+06 5.78004e+06 8.14096e+06 1.14369e+07 1.57966e+07 2.22314e+07 3.14977e+07 4.31376e+07 5.77116e+07 6.38081e+07 3.0483e+07 0 0 0 0 0 0 
0 0 0 0 0 0 2.61389e+07 1.68948e+08 2.62337e+08 2.45627e+08 1.99165e+08 1.55463e+08 1.19142e+08 9.06679e+07 6.87604e+07 5.20976e+07 3.97837e+07 3.02991e+07 2.31904e+07 1.76572e+07 1.35505e+07 1.0497e+07 8.2617e+06 6.63882e+06 5.4485e+06 4.60542e+06 4.0005e+06 3.62976e+06 3.40752e+06 3.25776e+06 3.22004e+06 3.20589e+06 3.20157e+06 3.20074e+06 3.23472e+06 3.26788e+06 3.40377e+06 3.60969e+06 3.98289e+06 4.60819e+06 5.47752e+06 6.64722e+06 8.27332e+06 1.04925e+07 1.35655e+07 1.76893e+07 2.33193e+07 3.0607e+07 4.00739e+07 5.22912e+07 6.86051e+07 9.02226e+07 1.18868e+08 1.55374e+08 1.9879e+08 2.46754e+08 2.63318e+08 1.69585e+08 2.6153e+07 0 0 0 0 0 0 
0 0 0 0 0 0 0 2.33831e+08 7.87626e+08 1.06273e+09 1.04208e+09 9.01925e+08 7.4637e+08 6.06878e+08 4.88346e+08 3.92166e+08 3.12806e+08 2.52046e+08 2.04123e+08 1.64212e+08 1.32952e+08 1.09454e+08 9.0202e+07 7.59319e+07 6.48372e+07 5.63683e+07 5.02719e+07 4.58089e+07 4.25509e+07 4.03589e+07 3.85285e+07 3.77801e+07 3.73604e+07 3.77317e+07 3.85183e+07 3.98584e+07 4.20576e+07 4.56022e+07 5.00605e+07 5.64647e+07 6.50069e+07 7.61071e+07 9.05013e+07 1.1004e+08 1.34541e+08 1.65643e+08 2.04034e+08 2.53536e+08 3.13808e+08 3.89668e+08 4.89088e+08 6.07819e+08 7.48002e+08 8.99561e+08 1.04429e+09 1.07193e+09 7.89156e+08 2.33041e+08 0 0 0 0 0 0 0 
0 0 0 0 0 0 0 1.38895e+08 1.38621e+09 3.28749e+09 4.27019e+09 4.35847e+09 3.99323e+09 3.48955e+09 2.97224e+09 2.52431e+09 2.11696e+09 1.77063e+09 1.4928e+09 1.25932e+09 1.06519e+09 9.0461e+08 7.83252e+08 6.82049e+08 5.99113e+08 5.32928e+08 4.82255e+08 4.41441e+08 4.12466e+08 3.90614e+08 3.77354e+08 3.69771e+08 3.69108e+08 3.71527e+08 3.78173e+08 3.9008e+08 4.10937e+08 4.41103e+08 4.78423e+08 5.30778e+08 5.96176e+08 6.81706e+08 7.8205e+08 9.13841e+08 1.07673e+09 1.26623e+09 1.5005e+09 1.77422e+09 2.11548e+09 2.51325e+09 2.98185e+09 3.4954e+09 3.99429e+09 4.33803e+09 4.29567e+09 3.29698e+09 1.37927e+09 1.39111e+08 0 0 0 0 0 0 0 
0 0 0 0 0 0 0 0 1.33916e+09 6.66483e+09 1.30902e+10 1.68545e+10 1.77371e+10 1.70433e+10 1.55971e+10 1.39653e+10 1.2388e+10 1.07955e+10 9.44416e+09 8.26239e+09 7.24623e+09 6.36712e+09 5.64844e+09 5.04958e+09 4.54321e+09 4.1448e+09 3.81589e+09 3.55732e+09 3.34767e+09 3.19853e+09 3.05907e+09 3.01072e+09 3.00127e+09 3.02877e+09 3.08976e+09 3.16966e+09 3.33602e+09 3.53851e+09 3.80294e+09 4.14736e+09 4.55276e+09 5.067e+09 5.67772e+09 6.41697e+09 7.3326e+09 8.32354e+09 9.52957e+09 1.09128e+10 1.23912e+10 1.40585e+10 1.57195e+10 1.70405e+10 1.7667e+10 1.67845e+10 1.31465e+10 6.67336e+09 1.34317e+09 0 0 0 0 0 0 0 0 
0 0 0 0 0 0 0 0 5.82923e+08 8.34215e+09 2.843e+10 5.02192e+10 6.47158e+10 7.04934e+10 7.0631e+10 6.77081e+10 6.30337e+10 5.79597e+10 5.27007e+10 4.773e+10 4.32806e+10 3.92242e+10 3.56477e+10 3.25035e+10 2.99281e+10 2.77232e+10 2.58855e+10 2.43611e+10 2.3304e+10 2.23897e+10 2.18422e+10 2.1362e+10 2.12077e+10 2.13546e+10 2.17018e+10 2.22863e+10 2.31457e+10 2.43179e+10 2.57769e+10 2.76869e+10 2.99498e+10 3.266e+10 3.58068e+10 3.93983e+10 4.32827e+10 4.79658e+10 5.26838e+10 5.79903e+10 6.3289e+10 6.787e+10 7.08514e+10 7.03031e+10 6.46127e+10 5.02138e+10 2.83239e+10 8.30222e+09 5.82918e+08 0 0 0 0 0 0 0 0 
0 0 0 0 0 0 0 0 0 5.91993e+09 4.0978e+10 1.1154e+11 1.85964e+11 2.41423e+11 2.72229e+11 2.83658e+11 2.82292e+11 2.71727e+11 2.59212e+11 2.43272e+11 2.2715e+11 2.11868e+11 1.97777e+11 1.84715e+11 1.73451e+11 1.63758e+11 1.55618e+11 1.4827e+11 1.42045e+11 1.38028e+11 1.35106e+11 1.33049e+11 1.31733e+11 1.32953e+11 1.35088e+11 1.37765e+11 1.42073e+11 1.47827e+11 1.55049e+11 1.63602e+11 1.74313e+11 1.85749e+11 1.9824e+11 2.12884e+11 2.28257e+11 2.44605e+11 2.58818e+11 2.72154e+11 2.82119e+11 2.83363e+11 2.71716e+11 2.41671e+11 1.86598e+11 1.11107e+11 4.08567e+10 5.9424e+09 0 0 0 0 0 0 0 0 0 
0 0 0 0 0 0 0 0 0 1.96776e+09 3.76388e+10 1.74451e+11 4.11346e+11 6.65222e+11 8.70516e+11 1.01409e+12 1.09256e+12 1.11985e+12 1.12188e+12 1.09801e+12 1.06441e+12 1.02324e+12 9.78698e+11 9.37461e+11 8.98243e+11 8.65677e+11 8.32193e+11 8.03755e+11 7.79942e+11 7.62764e+11 7.50669e+11 7.41894e+11 7.38989e+11 7.41497e+11 7.5144e+11 7.61392e+11 7.78089e+11 8.01439e+11 8.32192e+11 8.65019e+11 8.98288e+11 9.39158e+11 9.84758e+11 1.0292e+12 1.07037e+12 1.10208e+12 1.12564e+12 1.12372e+12 1.09035e+12 1.01111e+12 8.77226e+11 6.68028e+11 4.10818e+11 1.74549e+11 3.77799e+10 1.95694e+09 0 0 0 0 0 0 0 0 0 
0 0 0 0 0 0 0 0 0 0 2.04734e+10 1.86222e+11 6.6858e+11 1.43972e+12 2.30421e+12 3.06271e+12 3.64102e+12 4.0423e+12 4.28161e+12 4.42114e+12 4.43363e+12 4.41625e+12 4.37206e+12 4.27482e+12 4.1901e+12 4.10636e+12 4.00584e+12 3.912e+12 3.81938e+12 3.77279e+12 3.7325e+12 3.69978e+12 3.69037e+12 3.72903e+12 3.74709e+12 3.77894e+12 3.83515e+12 3.91038e+12 4.00393e+12 4.11011e+12 4.18487e+12 4.27529e+12 4.37902e+12 4.44152e+12 4.45077e+12 4.41974e+12 4.2812e+12 4.02166e+12 3.62304e+12 3.05484e+12 2.29724e+12 1.44224e+12 6.7203e+11 1.86343e+11 2.04954e+10 0 0 0 0 0 0 0 0 0 0 
0 0 0 0 0 0 0 0 0 0 5.31559e+09 1.31185e+11 7.85928e+11 2.38307e+12 4.82634e+12 7.62588e+12 1.03323e+13 1.25639e+13 1.4266e+13 1.55662e+13 1.64792e+13 1.69993e+13 1.73552e+13 1.74511e+13 1.74612e+13 1.7437e+13 1.73096e+13 1.70933e+13 1.6963e+13 1.68153e+13 1.68119e+13 1.67096e+13 1.66493e+13 1.66804e+13 1.67954e+13 1.6818e+13 1.70306e+13 1.71949e+13 1.72751e+13 1.73721e+13 1.7478e+13 1.74446e+13 1.73547e+13 1.70745e+13 1.65125e+13 1.56344e+13 1.4284e+13 1.24896e+13 1.02743e+13 7.62634e+12 4.84437e+12 2.38464e+12 7.83649e+11 1.31483e+11 5.29594e+09 0 0 0 0 0 0 0 0 0 0 
0 0 0 0 0 0 0 0 0 0 0 5.60896e+10 6.45227e+11 2.94826e+12 7.959e+12 1.54263e+13 2.42781e+13 3.31045e+13 4.13203e+13 4.80065e+13 5.38173e+13 5.81038e+13 6.15695e+13 6.41085e+13 6.57646e+13 6.67522e+13 6.73472e+13 6.78461e+13 6.80673e+13 6.82127e+13 6.83271e+13 6.82704e+13 6.81397e+13 6.82194e+13 6.8266e+13 6.82019e+13 6.81664e+13 6.79017e+13 6.73752e+13 6.65697e+13 6.5411e+13 6.38839e+13 6.14986e+13 5.82175e+13 5.37712e+13 4.81569e+13 4.12139e+13 3.31847e+13 2.43062e+13 1.54801e+13 7.96351e+12 2.9403e+12 6.45014e+11 5.61326e+10 0 0 0 0 0 0 0 0 0 0 0 
0 0 0 0 0 0 0 0 0 0 0 1.1593e+10 3.56717e+11 2.65091e+12 1.00127e+13 2.49136e+13 4.70063e+13 7.36447e+13 1.01883e+14 1.29208e+14 1.5358e+14 1.75443e+14 1.93669e+14 2.0878e+14 2.20915e+14 2.30016e+14 2.3729e+14 2.43149e+14 2.46548e+14 2.4929e+14 2.50698e+14 2.52141e+14 2.51861e+14 2.51602e+14 2.51064e+14 2.4902e+14 2.46002e+14 2.42756e+14 2.36583e+14 2.29707e+14 2.20526e+14 2.0896e+14 1.93555e+14 1.75457e+14 1.53626e+14 1.29147e+14 1.02245e+14 7.39821e+13 4.70999e+13 2.48935e+13 1.00232e+13 2.6504e+12 3.55481e+11 1.15656e+10 0 0 0 0 0 0 0 0 0 0 0 
0 0 0 0 0 0 0 0 0 0 0 0 1.22397e+11 1.71243e+12 9.55854e+12 3.15187e+13 7.39749e+13 1.36096e+14 2.1283e+14 2.97694e+14 3.8354e+14 4.64723e+14 5.37871e+14 6.04987e+14 6.61767e+14 7.08807e+14 7.49212e+14 7.80141e+14 8.04949e+14 8.22551e+14 8.34629e+14 8.39651e+14 8.45018e+14 8.41881e+14 8.32526e+14 8.19371e+14 8.02925e+14 7.7828e+14 7.47596e+14 7.09034e+14 6.64769e+14 6.05954e+14 5.37511e+14 4.64256e+14 3.82849e+14 2.97742e+14 2.13017e+14 1.35989e+14 7.36901e+13 3.15972e+13 9.55566e+12 1.71203e+12 1.2282e+11 0 0 0 0 0 0 0 0 0 0 0 0 
0 0 0 0 0 0 0 0 0 0 0 0 2.07256e+10 7.59433e+11 6.80403e+12 3.09687e+13 9.21589e+13 2.05644e+14 3.72735e+14 5.84392e+14 8.21925e+14 1.07149e+15 1.31947e+15 1.54952e+15 1.7644e+15 1.95342e+15 2.11458e+15 2.24511e+15 2.3594e+15 2.43827e+15 2.50263e+15 2.5356e+15 2.54666e+15 2.53827e+15 2.50013e+15 2.44111e+15 2.357e+15 2.2547e+15 2.11842e+15 1.95521e+15 1.76569e+15 1.55168e+15 1.3182e+15 1.0742e+15 8.25651e+14 5.84331e+14 3.72567e+14 2.05155e+14 9.21658e+13 3.09962e+13 6.7821e+12 7.60625e+11 2.06447e+10 0 0 0 0 0 0 0 0 0 0 0 0 
0 0 0 0 0 0 0 0 0 0 0 0 0 2.14389e+11 3.53063e+12 2.33866e+13 9.12954e+13 2.51696e+14 5.3891e+14 9.61772e+14 1.50445e+15 2.13025e+15 2.80275e+15 3.48755e+15 4.15754e+15 4.77736e+15 5.3279e+15 5.8052e+15 6.20679e+15 6.50062e+15 6.71635e+15 6.86667e+15 6.91676e+15 6.85766e+15 6.7349e+15 6.49798e+15 6.18438e+15 5.79373e+15 5.32448e+15 4.78689e+15 4.15759e+15 3.5023e+15 2.81436e+15 2.13707e+15 1.51021e+15 9.63128e+14 5.38733e+14 2.51541e+14 9.1482e+13 2.33029e+13 3.5264e+12 2.15108e+11 0 0 0 0 0 0 0 0 0 0 0 0 0 
0 0 0 0 0 0 0 0 0 0 0 0 0 3.02589e+10 1.28853e+12 1.33959e+13 7.11177e+13 2.48019e+14 6.39774e+14 1.3243e+15 2.33362e+15 3.6433e+15 5.17906e+15 6.86498e+15 8.59821e+15 1.03328e+16 1.18762e+16 1.33123e+16 1.45159e+16 1.55217e+16 1.6219e+16 1.66258e+16 1.67687e+16 1.66512e+16 1.61647e+16 1.54647e+16 1.45221e+16 1.32833e+16 1.1894e+16 1.02843e+16 8.60028e+15 6.86432e+15 5.1958e+15 3.66012e+15 2.33626e+15 1.32492e+15 6.39821e+14 2.47242e+14 7.12928e+13 1.33843e+13 1.28529e+12 3.02687e+10 0 0 0 0 0 0 0 0 0 0 0 0 0 
0 0 0 0 0 0 0 0 0 0 0 0 0 0 3.02903e+11 5.71537e+12 4.34007e+13 1.94979e+14 6.17479e+14 1.51087e+15 3.05144e+15 5.28953e+15 8.21903e+15 1.16936e+16 1.55543e+16 1.95333e+16 2.33942e+16 2.69925e+16 3.01522e+16 3.2832e+16 3.47694e+16 3.58486e+16 3.62287e+16 3.58822e+16 3.47512e+16 3.27743e+16 3.01658e+16 2.69867e+16 2.33938e+16 1.95071e+16 1.55418e+16 1.17052e+16 8.22326e+15 5.28258e+15 3.04107e+15 1.5117e+15 6.1726e+14 1.95835e+14 4.33198e+13 5.68999e+12 3.02497e+11 0 0 0 0 0 0 0 0 0 0 0 0 0 0 
0 0 0 0 0 0 0 0 0 0 0 0 0 0 3.62917e+10 1.74015e+12 2.0399e+13 1.23301e+14 4.87931e+14 1.42599e+15 3.30993e+15 6.49277e+15 1.11071e+16 1.71733e+16 2.43123e+16 3.21725e+16 4.02967e+16 4.81523e+16 5.53237e+16 6.11582e+16 6.56543e+16 6.85176e+16 6.94598e+16 6.85475e+16 6.57744e+16 6.13821e+16 5.52999e+16 4.8254e+16 4.0323e+16 3.22283e+16 2.43016e+16 1.71661e+16 1.11335e+16 6.48896e+15 3.31001e+15 1.41964e+15 4.86778e+14 1.23457e+14 2.03616e+13 1.73246e+12 3.63416e+10 0 0 0 0 0 0 0 0 0 0 0 0 0 0 
0 0 0 0 0 0 0 0 0 0 0 0 0 0 0 3.46753e+11 7.24686e+12 6.15723e+13 3.11494e+14 1.10195e+15 3.00937e+15 6.71053e+15 1.27942e+16 2.1518e+16 3.27938e+16 4.61827e+16 6.06837e+16 7.53542e+16 8.92081e+16 1.00982e+17 1.09918e+17 1.15701e+17 1.17871e+17 1.1561e+17 1.0979e+17 1.0087e+17 8.93039e+16 7.54349e+16 6.06596e+16 4.61123e+16 3.28495e+16 2.15322e+16 1.27847e+16 6.69933e+15 3.00395e+15 1.10373e+15 3.11853e+14 6.16678e+13 7.24426e+12 3.45856e+11 0 0 0 0 0 0 0 0 0 0 0 0 0 0 0 
0 0 0 0 0 0 0 0 0 0 0 0 0 0 0 3.58477e+10 1.87108e+12 2.41041e+13 1.60889e+14 7.05394e+14 2.27886e+15 5.83749e+15 1.24813e+16 2.30891e+16 3.80928e+16 5.70314e+16 7.9167e+16 1.02433e+17 1.25481e+17 1.46008e+17 1.62046e+17 1.72149e+17 1.75212e+17 1.71958e+17 1.61764e+17 1.45602e+17 1.25287e+17 1.02557e+17 7.91261e+16 5.7175e+16 3.81372e+16 2.3127e+16 1.24582e+16 5.82619e+15 2.27463e+15 7.06379e+14 1.61311e+14 2.41801e+13 1.86469e+12 3.59989e+10 0 0 0 0 0 0 0 0 0 0 0 0 0 0 0 
0 0 0 0 0 0 0 0 0 0 0 0 0 0 0 0 3.22572e+11 7.25938e+12 6.70621e+13 3.70916e+14 1.43549e+15 4.26972e+15 1.03272e+16 2.11542e+16 3.79694e+16 6.09011e+16 8.95527e+16 1.21582e+17 1.54246e+17 1.84177e+17 2.08423e+17 2.23946e+17 2.29133e+17 2.23591e+17 2.08201e+17 1.83736e+17 1.53837e+17 1.21458e+17 8.95927e+16 6.10269e+16 3.79571e+16 2.11623e+16 1.03026e+16 4.27276e+15 1.44225e+15 3.71547e+14 6.74323e+13 7.27326e+12 3.22321e+11 0 0 0 0 0 0 0 0 0 0 0 0 0 0 0 0 
0 0 0 0 0 0 0 0 0 0 0 0 0 0 0 0 2.93944e+10 1.61769e+12 2.23052e+13 1.60542e+14 7.5671e+14 2.63417e+15 7.25722e+15 1.65408e+16 3.24483e+16 5.63182e+16 8.75099e+16 1.24816e+17 1.64328e+17 2.02244e+17 2.33706e+17 2.54082e+17 2.6143e+17 2.54629e+17 2.33769e+17 2.02632e+17 1.64812e+17 1.25021e+17 8.77336e+16 5.6218e+16 3.24735e+16 1.64998e+16 7.24892e+15 2.63701e+15 7.58208e+14 1.60505e+14 2.23308e+13 1.62098e+12 2.95248e+10 0 0 0 0 0 0 0 0 0 0 0 0 0 0 0 0 
0 0 0 0 0 0 0 0 0 0 0 0 0 0 0 0 0 2.44572e+11 5.78637e+12 5.67542e+13 3.33554e+14 1.37484e+15 4.32822e+15 1.10912e+16 2.38786e+16 4.47296e+16 7.43394e+16 1.11682e+17 1.53117e+17 1.94058e+17 2.29036e+17 2.52574e+17 2.60723e+17 2.52345e+17 2.28809e+17 1.94128e+17 1.53065e+17 1.11489e+17 7.43116e+16 4.47327e+16 2.38451e+16 1.10556e+16 4.33778e+15 1.37747e+15 3.33434e+14 5.67241e+13 5.81113e+12 2.45097e+11 0 0 0 0 0 0 0 0 0 0 0 0 0 0 0 0 0 
0 0 0 0 0 0 0 0 0 0 0 0 0 0 0 0 0 2.01197e+10 1.13361e+12 1.6287e+13 1.2218e+14 6.09099e+14 2.21333e+15 6.37334e+15 1.51761e+16 3.07904e+16 5.47923e+16 8.669e+16 1.24362e+17 1.62875e+17 1.96027e+17 2.1915e+17 2.2758e+17 2.18996e+17 1.96149e+17 1.62612e+17 1.24273e+17 8.67669e+16 5.47046e+16 3.07641e+16 1.51325e+16 6.37979e+15 2.2155e+15 6.08044e+14 1.22476e+14 1.63265e+13 1.137e+12 2.01778e+10 0 0 0 0 0 0 0 0 0 0 0 0 0 0 0 0 0 
0 0 0 0 0 0 0 0 0 0 0 0 0 0 0 0 0 0 1.52075e+11 3.69409e+12 3.73962e+13 2.27202e+14 9.75945e+14 3.17893e+15 8.35334e+15 1.84727e+16 3.51677e+16 5.89656e+16 8.80978e+16 1.19433e+17 1.4749e+17 1.67134e+17 1.73974e+17 1.67198e+17 1.47684e+17 1.19817e+17 8.84084e+16 5.88484e+16 3.50771e+16 1.84169e+16 8.35462e+15 3.17171e+15 9.73104e+14 2.27154e+14 3.73791e+13 3.70728e+12 1.5266e+11 0 0 0 0 0 0 0 0 0 0 0 0 0 0 0 0 0 0 
0 0 0 0 0 0 0 0 0 0 0 0 0 0 0 0 0 0 1.15666e+10 6.45234e+11 9.37841e+12 7.21741e+13 3.6595e+14 1.36828e+15 4.00537e+15 9.65895e+15 1.97434e+16 3.49981e+16 5.49609e+16 7.68629e+16 9.74976e+16 1.12e+17 1.17404e+17 1.11953e+17 9.75165e+16 7.71397e+16 5.4947e+16 3.49831e+16 1.97088e+16 9.65476e+15 3.9967e+15 1.36467e+15 3.65263e+14 7.19122e+13 9.40104e+12 6.44472e+11 1.15956e+10 0 0 0 0 0 0 0 0 0 0 0 0 0 0 0 0 0 0 
0 0 0 0 0 0 0 0 0 0 0 0 0 0 0 0 0 0 0 7.81345e+10 1.89851e+12 1.92664e+13 1.18202e+14 5.10345e+14 1.6821e+15 4.42851e+15 9.74687e+15 1.84435e+16 3.02687e+16 4.39696e+16 5.68997e+16 6.62131e+16 6.97622e+16 6.65062e+16 5.71817e+16 4.39629e+16 3.0201e+16 1.83603e+16 9.76688e+15 4.43097e+15 1.6746e+15 5.09734e+14 1.18369e+14 1.92664e+13 1.89962e+12 7.83761e+10 0 0 0 0 0 0 0 0 0 0 0 0 0 0 0 0 0 0 0 
0 0 0 0 0 0 0 0 0 0 0 0 0 0 0 0 0 0 0 5.70043e+09 2.96223e+11 4.29165e+12 3.28021e+13 1.65935e+14 6.16544e+14 1.79979e+15 4.27919e+15 8.55167e+15 1.47541e+16 2.22004e+16 2.95116e+16 3.49945e+16 3.7044e+16 3.50863e+16 2.96034e+16 2.22573e+16 1.4753e+16 8.55018e+15 4.26342e+15 1.79281e+15 6.14481e+14 1.65673e+14 3.26973e+13 4.27546e+12 2.9711e+11 5.69302e+09 0 0 0 0 0 0 0 0 0 0 0 0 0 0 0 0 0 0 0 
0 0 0 0 0 0 0 0 0 0 0 0 0 0 0 0 0 0 0 0 3.328e+10 7.79353e+11 7.78032e+12 4.70018e+13 1.99493e+14 6.44101e+14 1.66355e+15 3.55423e+15 6.43254e+15 1.00913e+16 1.37389e+16 1.65119e+16 1.75502e+16 1.65057e+16 1.37368e+16 1.00477e+16 6.41442e+15 3.54358e+15 1.663e+15 6.42651e+14 1.983e+14 4.69452e+13 7.76921e+12 7.79842e+11 3.33175e+10 0 0 0 0 0 0 0 0 0 0 0 0 0 0 0 0 0 0 0 0 
0 0 0 0 0 0 0 0 0 0 0 0 0 0 0 0 0 0 0 0 2.43327e+09 1.12568e+11 1.56144e+12 1.15663e+13 5.69892e+13 2.05812e+14 5.78734e+14 1.32156e+15 2.52797e+15 4.08668e+15 5.72428e+15 7.01712e+15 7.47875e+15 7.00325e+15 5.74953e+15 4.07694e+15 2.51072e+15 1.31728e+15 5.76496e+14 2.04783e+14 5.6919e+13 1.15532e+13 1.56062e+12 1.1309e+11 2.42764e+09 0 0 0 0 0 0 0 0 0 0 0 0 0 0 0 0 0 0 0 0 
0 0 0 0 0 0 0 0 0 0 0 0 0 0 0 0 0 0 0 0 0 1.1896e+10 2.60697e+11 2.47627e+12 1.43759e+13 5.86072e+13 1.80446e+14 4.42952e+14 8.90105e+14 1.50421e+15 2.16225e+15 2.68331e+15 2.88102e+15 2.68714e+15 2.16393e+15 1.50536e+15 8.90971e+14 4.40985e+14 1.79563e+14 5.80933e+13 1.42703e+13 2.47545e+12 2.60857e+11 1.19677e+10 0 0 0 0 0 0 0 0 0 0 0 0 0 0 0 0 0 0 0 0 0 
0 0 0 0 0 0 0 0 0 0 0 0 0 0 0 0 0 0 0 0 0 9.2822e+08 3.56143e+10 4.54775e+11 3.18599e+12 1.49011e+13 5.06077e+13 1.33508e+14 2.84372e+14 5.01863e+14 7.44214e+14 9.37129e+14 1.01609e+15 9.39733e+14 7.45681e+14 5.03134e+14 2.85169e+14 1.33667e+14 5.04528e+13 1.47609e+13 3.17579e+12 4.54254e+11 3.55222e+10 9.17864e+08 0 0 0 0 0 0 0 0 0 0 0 0 0 0 0 0 0 0 0 0 0 
0 0 0 0 0 0 0 0 0 0 0 0 0 0 0 0 0 0 0 0 0 0 3.64234e+09 7.14635e+10 6.25269e+11 3.37625e+12 1.2859e+13 3.68516e+13 8.32365e+13 1.53588e+14 2.34392e+14 3.00186e+14 3.25649e+14 3.0035e+14 2.34541e+14 1.53555e+14 8.33508e+13 3.6595e+13 1.27578e+13 3.37054e+12 6.25848e+11 7.1404e+10 3.65734e+09 0 0 0 0 0 0 0 0 0 0 0 0 0 0 0 0 0 0 0 0 0 0 
0 0 0 0 0 0 0 0 0 0 0 0 0 0 0 0 0 0 0 0 0 0 3.24902e+08 9.50488e+09 1.07415e+11 6.8887e+11 2.95034e+12 9.26261e+12 2.23287e+13 4.28427e+13 6.78128e+13 8.85991e+13 9.68319e+13 8.84335e+13 6.76373e+13 4.2758e+13 2.22351e+13 9.19229e+12 2.93918e+12 6.88858e+11 1.07368e+11 9.51104e+09 3.21309e+08 0 0 0 0 0 0 0 0 0 0 0 0 0 0 0 0 0 0 0 0 0 0 
0 0 0 0 0 0 0 0 0 0 0 0 0 0 0 0 0 0 0 0 0 0 0 9.69937e+08 1.63368e+10 1.27074e+11 6.18421e+11 2.11919e+12 5.48401e+12 1.11336e+13 1.80761e+13 2.41436e+13 2.64915e+13 2.40669e+13 1.80446e+13 1.1055e+13 5.46041e+12 2.11804e+12 6.19068e+11 1.26866e+11 1.63551e+10 9.73192e+08 0 0 0 0 0 0 0 0 0 0 0 0 0 0 0 0 0 0 0 0 0 0 0 
0 0 0 0 0 0 0 0 0 0 0 0 0 0 0 0 0 0 0 0 0 0 0 1.05604e+08 2.20087e+09 2.10318e+10 1.18826e+11 4.50683e+11 1.24793e+12 2.66857e+12 4.50433e+12 6.11187e+12 6.74969e+12 6.10543e+12 4.51189e+12 2.66058e+12 1.24749e+12 4.50175e+11 1.19016e+11 2.1026e+10 2.19179e+09 1.04588e+08 0 0 0 0 0 0 0 0 0 0 0 0 0 0 0 0 0 0 0 0 0 0 0 
0 0 0 0 0 0 0 0 0 0 0 0 0 0 0 0 0 0 0 0 0 0 0 0 2.25113e+08 3.1678e+09 2.1108e+10 8.91849e+10 2.67063e+11 5.98976e+11 1.0495e+12 1.45093e+12 1.62109e+12 1.45935e+12 1.05009e+12 6.00705e+11 2.66807e+11 8.86678e+10 2.09868e+10 3.18316e+09 2.25066e+08 0 0 0 0 0 0 0 0 0 0 0 0 0 0 0 0 0 0 0 0 0 0 0 0 
0 0 0 0 0 0 0 0 0 0 0 0 0 0 0 0 0 0 0 0 0 0 0 0 3.19041e+07 4.47553e+08 3.4272e+09 1.64722e+10 5.35602e+10 1.26701e+11 2.31053e+11 3.27786e+11 3.69869e+11 3.29164e+11 2.31619e+11 1.27388e+11 5.36209e+10 1.64806e+10 3.43634e+09 4.49567e+08 3.16076e+07 0 0 0 0 0 0 0 0 0 0 0 0 0 0 0 0 0 0 0 0 0 0 0 0 
0 0 0 0 0 0 0 0 0 0 0 0 0 0 0 0 0 0 0 0 0 0 0 0 0 4.59401e+07 5.40484e+08 2.9025e+09 1.02285e+10 2.58231e+10 4.85018e+10 7.0948e+10 7.98835e+10 7.05608e+10 4.87762e+10 2.59281e+10 1.02149e+10 2.90944e+09 5.3902e+08 4.57787e+07 0 0 0 0 0 0 0 0 0 0 0 0 0 0 0 0 0 0 0 0 0 0 0 0 0 
0 0 0 0 0 0 0 0 0 0 0 0 0 0 0 0 0 0 0 0 0 0 0 0 0 8.72206e+06 8.14772e+07 4.78571e+08 1.90762e+09 5.06602e+09 9.91439e+09 1.47027e+10 1.67141e+10 1.46888e+10 9.94553e+09 5.0497e+09 1.9003e+09 4.78738e+08 8.1616e+07 8.64013e+06 0 0 0 0 0 0 0 0 0 0 0 0 0 0 0 0 0 0 0 0 0 0 0 0 0 
0 0 0 0 0 0 0 0 0 0 0 0 0 0 0 0 0 0 0 0 0 0 0 0 0 0 7.86988e+06 8.16615e+07 3.41521e+08 9.559e+08 1.97783e+09 2.96453e+09 3.44162e+09 2.96928e+09 1.98756e+09 9.61753e+08 3.40831e+08 8.11915e+07 7.86375e+06 0 0 0 0 0 0 0 0 0 0 0 0 0 0 0 0 0 0 0 0 0 0 0 0 0 0 
0 0 0 0 0 0 0 0 0 0 0 0 0 0 0 0 0 0 0 0 0 0 0 0 0 0 2.10504e+06 1.29988e+07 5.64326e+07 1.85654e+08 3.81627e+08 5.9775e+08 6.84383e+08 6.02877e+08 3.81566e+08 1.85075e+08 5.67129e+07 1.29567e+07 2.07876e+06 0 0 0 0 0 0 0 0 0 0 0 0 0 0 0 0 0 0 0 0 0 0 0 0 0 0 
0 0 0 0 0 0 0 0 0 0 0 0 0 0 0 0 0 0 0 0 0 0 0 0 0 0 0 1.09923e+06 1.09451e+07 3.2993e+07 7.38287e+07 1.19719e+08 1.35695e+08 1.19499e+08 7.38453e+07 3.27838e+07 1.08735e+07 1.09957e+06 0 0 0 0 0 0 0 0 0 0 0 0 0 0 0 0 0 0 0 0 0 0 0 0 0 0 0 
0 0 0 0 0 0 0 0 0 0 0 0 0 0 0 0 0 0 0 0 0 0 0 0 0 0 0 433030 1.71222e+06 5.60757e+06 1.51609e+07 2.21378e+07 2.85517e+07 2.22569e+07 1.52095e+07 5.58945e+06 1.70681e+06 431557 0 0 0 0 0 0 0 0 0 0 0 0 0 0 0 0 0 0 0 0 0 0 0 0 0 0 0 
0 0 0 0 0 0 0 0 0 0 0 0 0 0 0 0 0 0 0 0 0 0 0 0 0 0 0 0 112822 1.27016e+06 2.42333e+06 4.70398e+06 5.20946e+06 4.71946e+06 2.41626e+06 1.26094e+06 113536 0 0 0 0 0 0 0 0 0 0 0 0 0 0 0 0 0 0 0 0 0 0 0 0 0 0 0 0 
0 0 0 0 0 0 0 0 0 0 0 0 0 0 0 0 0 0 0 0 0 0 0 0 0 0 0 0 74134.8 171019 460691 968616 947471 968720 457775 171529 74192.6 0 0 0 0 0 0 0 0 0 0 0 0 0 0 0 0 0 0 0 0 0 0 0 0 0 0 0 0 
0 0 0 0 0 0 0 0 0 0 0 0 0 0 0 0 0 0 0 0 0 0 0 0 0 0 0 0 0 7667.04 118189 112413 241089 111799 117281 7631.9 0 0 0 0 0 0 0 0 0 0 0 0 0 0 0 0 0 0 0 0 0 0 0 0 0 0 0 0 0 
0 0 0 0 0 0 0 0 0 0 0 0 0 0 0 0 0 0 0 0 0 0 0 0 0 0 0 0 0 10034.4 11517 32702.7 37467.5 32581.2 11586.8 10032.2 0 0 0 0 0 0 0 0 0 0 0 0 0 0 0 0 0 0 0 0 0 0 0 0 0 0 0 0 0 
0 0 0 0 0 0 0 0 0 0 0 0 0 0 0 0 0 0 0 0 0 0 0 0 0 0 0 0 0 0 254.116 7706.22 2048.83 7686.16 255.608 0 0 0 0 0 0 0 0 0 0 0 0 0 0 0 0 0 0 0 0 0 0 0 0 0 0 0 0 0 0 
0 0 0 0 0 0 0 0 0 0 0 0 0 0 0 0 0 0 0 0 0 0 0 0 0 0 0 0 0 0 1008.07 384.115 1941.92 387.662 1003.38 0 0 0 0 0 0 0 0 0 0 0 0 0 0 0 0 0 0 0 0 0 0 0 0 0 0 0 0 0 0 
0 0 0 0 0 0 0 0 0 0 0 0 0 0 0 0 0 0 0 0 0 0 0 0 0 0 0 0 0 0 0 0 256.459 0 0 0 0 0 0 0 0 0 0 0 0 0 0 0 0 0 0 0 0 0 0 0 0 0 0 0 0 0 0 0 0 
0 0 0 0 0 0 0 0 0 0 0 0 0 0 0 0 0 0 0 0 0 0 0 0 0 0 0 0 0 0 0 64.4704 0 65.2304 0 0 0 0 0 0 0 0 0 0 0 0 0 0 0 0 0 0 0 0 0 0 0 0 0 0 0 0 0 0 0 
0 0 0 0 0 0 0 0 0 0 0 0 0 0 0 0 0 0 0 0 0 0 0 0 0 0 0 0 0 0 0 0 0 0 0 0 0 0 0 0 0 0 0 0 0 0 0 0 0 0 0 0 0 0 0 0 0 0 0 0 0 0 0 0 0 
0 0 0 0 0 0 0 0 0 0 0 0 0 0 0 0 0 0 0 0 0 0 0 0 0 0 0 0 0 0 0 0 2.01684 0 0 0 0 0 0 0 0 0 0 0 0 0 0 0 0 0 0 0 0 0 0 0 0 0 0 0 0 0 0 0 0 
