1 0 0 0 0 0 0 0 0 0 0 0 0 0 0 0 0 
0 0 0 0 0 0 0 0 0 0 0 0 0 0 0 0 0 
0 16 0 0 0 0 0 0 0 0 0 0 0 0 0 0 0 
0 0 32 0 0 0 0 0 0 0 0 0 0 0 0 0 0 
0 0 88 96.5013 24.1253 0 0 0 8.10486 0 0 0 0 0 0 0 0 
0 0 0 254.997 253.435 189.97 96.713 64.8389 0 0 0 0 0 0 0 0 0 
0 0 0 208.501 738.718 683.746 707.735 624.559 768.542 0 0 0 0 0 0 0 0 
0 0 0 0 577.759 1677.91 1814.58 1912.23 1568.31 0 0 0 0 0 0 0 0 
0 0 0 0 225.963 1243.75 2937.97 3694.93 4398.26 0 0 0 0 0 0 0 0 
0 0 0 0 0 441.922 1560.07 3133.45 3270.67 0 0 0 0 0 0 0 0 
0 0 0 0 0 130.697 769.021 1376.04 2094.62 0 0 0 0 0 0 0 0 
0 0 0 0 0 0 65.586 521.635 576.565 0 0 0 0 0 0 0 0 
0 0 0 0 0 0 56.3305 96.2148 118.476 0 0 0 0 0 0 0 0 
0 0 0 0 0 0 0 0 64.4423 0 0 0 0 0 0 0 0 
0 0 0 0 0 0 0 16.0944 0 0 0 0 0 0 0 0 0 
0 0 0 0 0 0 0 0 0 0 0 0 0 0 0 0 0 
0 0 0 0 0 0 0 0 2.0118 0 0 0 0 0 0 0 0 
