1 0 0 0 0 0 0 0 0 0 0 0 0 0 0 0 0 
0 0 0 0 0 0 0 0 0 0 0 0 0 0 0 0 0 
0 16 0 0 0 0 0 0 0 0 0 0 0 0 0 0 0 
0 0 32 0 0 0 0 0 0 0 0 0 0 0 0 0 0 
0 0 88 95.9839 23.996 0 0 0 8.00015 0 0 0 0 0 0 0 0 
0 0 0 256.032 256.006 191.992 95.9905 64.0012 0 0 0 0 0 0 0 0 0 
0 0 0 207.984 735.993 688.023 704.063 624.07 767.994 0 0 0 0 0 0 0 0 
0 0 0 0 576.011 1663.97 1823.82 1919.74 1599.9 0 0 0 0 0 0 0 0 
0 0 0 0 227.994 1248.01 2928.01 3680.19 4356.12 0 0 0 0 0 0 0 0 
0 0 0 0 0 448.034 1568.27 3135.98 3264.03 0 0 0 0 0 0 0 0 
0 0 0 0 0 127.977 767.872 1392.11 2112 0 0 0 0 0 0 0 0 
0 0 0 0 0 0 63.9791 511.978 575.943 0 0 0 0 0 0 0 0 
0 0 0 0 0 0 55.99 95.9421 120.035 0 0 0 0 0 0 0 0 
0 0 0 0 0 0 0 0 63.9793 0 0 0 0 0 0 0 0 
0 0 0 0 0 0 0 15.9971 0 0 0 0 0 0 0 0 0 
0 0 0 0 0 0 0 0 0 0 0 0 0 0 0 0 0 
0 0 0 0 0 0 0 0 1.99964 0 0 0 0 0 0 0 0 
