1 0 0 0 0 0 0 0 0 0 0 0 0 0 0 0 0 
0 0 0 0 0 0 0 0 0 0 0 0 0 0 0 0 0 
0 16 0 0 0 0 0 0 0 0 0 0 0 0 0 0 0 
0 0 32 0 0 0 0 0 0 0 0 0 0 0 0 0 0 
0 0 88 96.0129 24.0032 0 0 0 7.99478 0 0 0 0 0 0 0 0 
0 0 0 255.974 256.008 192.015 95.976 63.9582 0 0 0 0 0 0 0 0 0 
0 0 0 208.013 736.005 688.037 704.143 624.103 767.981 0 0 0 0 0 0 0 0 
0 0 0 0 575.954 1663.97 1823.96 1920.15 1600.14 0 0 0 0 0 0 0 0 
0 0 0 0 228.031 1247.91 2927.88 3679.85 4355.82 0 0 0 0 0 0 0 0 
0 0 0 0 0 448.044 1567.96 3135.75 3264.07 0 0 0 0 0 0 0 0 
0 0 0 0 0 128.022 768.064 1392.1 2112 0 0 0 0 0 0 0 0 
0 0 0 0 0 0 64.0082 512.095 575.98 0 0 0 0 0 0 0 0 
0 0 0 0 0 0 56.0144 95.994 120.028 0 0 0 0 0 0 0 0 
0 0 0 0 0 0 0 0 63.9906 0 0 0 0 0 0 0 0 
0 0 0 0 0 0 0 16.0041 0 0 0 0 0 0 0 0 0 
0 0 0 0 0 0 0 0 0 0 0 0 0 0 0 0 0 
0 0 0 0 0 0 0 0 2.00051 0 0 0 0 0 0 0 0 
