1 0 0 0 0 0 0 0 0 0 0 0 0 0 0 0 0 
0 0 0 0 0 0 0 0 0 0 0 0 0 0 0 0 0 
0 16 0 0 0 0 0 0 0 0 0 0 0 0 0 0 0 
0 0 32 0 0 0 0 0 0 0 0 0 0 0 0 0 0 
0 0 88 95.9986 23.9997 0 0 0 8.00088 0 0 0 0 0 0 0 0 
0 0 0 256.003 255.997 191.966 95.9941 64.007 0 0 0 0 0 0 0 0 0 
0 0 0 207.999 736.024 688.062 703.944 623.997 767.956 0 0 0 0 0 0 0 0 
0 0 0 0 575.961 1664.01 1824.13 1919.9 1600.02 0 0 0 0 0 0 0 0 
0 0 0 0 228.018 1247.95 2927.94 3680.2 4355.86 0 0 0 0 0 0 0 0 
0 0 0 0 0 448.007 1567.99 3135.86 3264.31 0 0 0 0 0 0 0 0 
0 0 0 0 0 128.012 767.987 1392.06 2111.95 0 0 0 0 0 0 0 0 
0 0 0 0 0 0 64.0079 511.967 575.918 0 0 0 0 0 0 0 0 
0 0 0 0 0 0 56.0045 96.0067 119.979 0 0 0 0 0 0 0 0 
0 0 0 0 0 0 0 0 64.0109 0 0 0 0 0 0 0 0 
0 0 0 0 0 0 0 16.0013 0 0 0 0 0 0 0 0 0 
0 0 0 0 0 0 0 0 0 0 0 0 0 0 0 0 0 
0 0 0 0 0 0 0 0 2.00016 0 0 0 0 0 0 0 0 
