1 0 0 0 0 0 0 0 0 0 0 0 0 0 0 0 0 
0 0 0 0 0 0 0 0 0 0 0 0 0 0 0 0 0 
0 16 0 0 0 0 0 0 0 0 0 0 0 0 0 0 0 
0 0 32 0 0 0 0 0 0 0 0 0 0 0 0 0 0 
0 0 88 95.5829 23.8962 0 0 0 8.13166 0 0 0 0 0 0 0 0 
0 0 0 256.848 255.13 192.24 95.2865 65.05 0 0 0 0 0 0 0 0 0 
0 0 0 207.569 737.401 686.248 704.542 622.958 767.123 0 0 0 0 0 0 0 0 
0 0 0 0 576.341 1665.32 1822.85 1920.06 1608.69 0 0 0 0 0 0 0 0 
0 0 0 0 227.232 1249.5 2929.17 3678.71 4348.16 0 0 0 0 0 0 0 0 
0 0 0 0 0 447.147 1570.24 3140.71 3258.36 0 0 0 0 0 0 0 0 
0 0 0 0 0 127.548 766.159 1385.87 2116.36 0 0 0 0 0 0 0 0 
0 0 0 0 0 0 64.3179 514.435 577.888 0 0 0 0 0 0 0 0 
0 0 0 0 0 0 55.4408 96.3594 118.818 0 0 0 0 0 0 0 0 
0 0 0 0 0 0 0 0 64.4865 0 0 0 0 0 0 0 0 
0 0 0 0 0 0 0 15.8406 0 0 0 0 0 0 0 0 0 
0 0 0 0 0 0 0 0 0 0 0 0 0 0 0 0 0 
0 0 0 0 0 0 0 0 1.98003 0 0 0 0 0 0 0 0 
