1 0 0 0 0 0 0 0 0 0 0 0 0 0 0 0 0 
0 0 0 0 0 0 0 0 0 0 0 0 0 0 0 0 0 
0 16 0 0 0 0 0 0 0 0 0 0 0 0 0 0 0 
0 0 32 0 0 0 0 0 0 0 0 0 0 0 0 0 0 
0 0 88 95.5138 23.8794 0 0 0 8.00242 0 0 0 0 0 0 0 0 
0 0 0 256.958 255.576 191.976 96.4118 64.0223 0 0 0 0 0 0 0 0 0 
0 0 0 207.528 736.992 688.45 704.471 622.122 765.302 0 0 0 0 0 0 0 0 
0 0 0 0 575.676 1662.55 1821.04 1924.37 1599.59 0 0 0 0 0 0 0 0 
0 0 0 0 227.876 1248.83 2926.78 3678.63 4363.62 0 0 0 0 0 0 0 0 
0 0 0 0 0 448.878 1573.88 3132.39 3264.38 0 0 0 0 0 0 0 0 
0 0 0 0 0 127.316 766.207 1394.23 2104.81 0 0 0 0 0 0 0 0 
0 0 0 0 0 0 63.785 512.368 576.331 0 0 0 0 0 0 0 0 
0 0 0 0 0 0 55.4253 96.0381 121.964 0 0 0 0 0 0 0 0 
0 0 0 0 0 0 0 0 64.0217 0 0 0 0 0 0 0 0 
0 0 0 0 0 0 0 15.835 0 0 0 0 0 0 0 0 0 
0 0 0 0 0 0 0 0 0 0 0 0 0 0 0 0 0 
0 0 0 0 0 0 0 0 1.97929 0 0 0 0 0 0 0 0 
