1 0 0 0 0 0 0 0 0 0 0 0 0 0 0 0 0 
0 0 0 0 0 0 0 0 0 0 0 0 0 0 0 0 0 
0 16 0 0 0 0 0 0 0 0 0 0 0 0 0 0 0 
0 0 32 0 0 0 0 0 0 0 0 0 0 0 0 0 0 
0 0 88 95.4421 23.8567 0 0 0 7.90751 0 0 0 0 0 0 0 0 
0 0 0 257.13 255.2 191.672 96.835 63.2569 0 0 0 0 0 0 0 0 0 
0 0 0 207.428 736.878 689.562 706.531 627.014 764.358 0 0 0 0 0 0 0 0 
0 0 0 0 577.218 1661.29 1821 1912.45 1600.7 0 0 0 0 0 0 0 0 
0 0 0 0 226.847 1249.43 2923.43 3684.37 4365.76 0 0 0 0 0 0 0 0 
0 0 0 0 0 448.504 1571 3141.64 3257.1 0 0 0 0 0 0 0 0 
0 0 0 0 0 127.54 769.503 1386.58 2113.26 0 0 0 0 0 0 0 0 
0 0 0 0 0 0 63.9879 512.68 573.607 0 0 0 0 0 0 0 0 
0 0 0 0 0 0 55.7131 96.0865 121.586 0 0 0 0 0 0 0 0 
0 0 0 0 0 0 0 0 63.7383 0 0 0 0 0 0 0 0 
0 0 0 0 0 0 0 15.9188 0 0 0 0 0 0 0 0 0 
0 0 0 0 0 0 0 0 0 0 0 0 0 0 0 0 0 
0 0 0 0 0 0 0 0 1.98994 0 0 0 0 0 0 0 0 
