1 0 0 0 0 0 0 0 0 0 0 0 0 0 0 0 0 
0 0 0 0 0 0 0 0 0 0 0 0 0 0 0 0 0 
0 16 0 0 0 0 0 0 0 0 0 0 0 0 0 0 0 
0 0 32 0 0 0 0 0 0 0 0 0 0 0 0 0 0 
0 0 88 95.8212 23.9538 0 0 0 7.92465 0 0 0 0 0 0 0 0 
0 0 0 256.358 256.551 191.377 95.7227 63.3951 0 0 0 0 0 0 0 0 0 
0 0 0 207.821 734.393 687.692 703.108 623.35 765.586 0 0 0 0 0 0 0 0 
0 0 0 0 577.724 1666.89 1827.38 1921.75 1601.16 0 0 0 0 0 0 0 0 
0 0 0 0 227.379 1245.24 2926.9 3681.83 4362.04 0 0 0 0 0 0 0 0 
0 0 0 0 0 448.993 1564.35 3130.79 3256.6 0 0 0 0 0 0 0 0 
0 0 0 0 0 127.807 770.5 1396.24 2114.33 0 0 0 0 0 0 0 0 
0 0 0 0 0 0 64.2632 510.57 578.121 0 0 0 0 0 0 0 0 
0 0 0 0 0 0 55.777 96.138 118.506 0 0 0 0 0 0 0 0 
0 0 0 0 0 0 0 0 63.7415 0 0 0 0 0 0 0 0 
0 0 0 0 0 0 0 15.9343 0 0 0 0 0 0 0 0 0 
0 0 0 0 0 0 0 0 0 0 0 0 0 0 0 0 0 
0 0 0 0 0 0 0 0 1.9917 0 0 0 0 0 0 0 0 
