1 0 0 0 0 0 0 0 0 0 0 0 0 0 0 0 0 
0 0 0 0 0 0 0 0 0 0 0 0 0 0 0 0 0 
0 16 0 0 0 0 0 0 0 0 0 0 0 0 0 0 0 
0 0 32 0 0 0 0 0 0 0 0 0 0 0 0 0 0 
0 0 88 96.5194 24.1285 0 0 0 8.1981 0 0 0 0 0 0 0 0 
0 0 0 254.961 255.739 191.132 95.363 65.5881 0 0 0 0 0 0 0 0 0 
0 0 0 208.519 737.283 691.402 706.208 621.845 769.338 0 0 0 0 0 0 0 0 
0 0 0 0 573.634 1661.05 1827.19 1928.44 1598.39 0 0 0 0 0 0 0 0 
0 0 0 0 229.216 1247.18 2921.22 3666.19 4356.44 0 0 0 0 0 0 0 0 
0 0 0 0 0 449.203 1567.12 3140.75 3263.24 0 0 0 0 0 0 0 0 
0 0 0 0 0 128.038 770.217 1392.1 2110.26 0 0 0 0 0 0 0 0 
0 0 0 0 0 0 64.5336 512.389 578.443 0 0 0 0 0 0 0 0 
0 0 0 0 0 0 56.1539 96.6474 119.53 0 0 0 0 0 0 0 0 
0 0 0 0 0 0 0 0 64.1499 0 0 0 0 0 0 0 0 
0 0 0 0 0 0 0 16.0443 0 0 0 0 0 0 0 0 0 
0 0 0 0 0 0 0 0 0 0 0 0 0 0 0 0 0 
0 0 0 0 0 0 0 0 2.00544 0 0 0 0 0 0 0 0 
