1 0 0 0 0 0 0 0 0 0 0 0 0 0 0 0 0 
0 0 0 0 0 0 0 0 0 0 0 0 0 0 0 0 0 
0 16 0 0 0 0 0 0 0 0 0 0 0 0 0 0 0 
0 0 32 0 0 0 0 0 0 0 0 0 0 0 0 0 0 
0 0 88 95.6825 23.9236 0 0 0 7.78108 0 0 0 0 0 0 0 0 
0 0 0 256.621 254.844 191.775 95.2744 62.2501 0 0 0 0 0 0 0 0 0 
0 0 0 207.697 739.102 687.046 706.2 628.821 764.143 0 0 0 0 0 0 0 0 
0 0 0 0 573.579 1666.59 1820.7 1915.7 1606.3 0 0 0 0 0 0 0 0 
0 0 0 0 228.552 1246.95 2930.65 3681.31 4355.21 0 0 0 0 0 0 0 0 
0 0 0 0 0 447.422 1567.95 3134.37 3264.27 0 0 0 0 0 0 0 0 
0 0 0 0 0 128.213 767.025 1395.45 2110.07 0 0 0 0 0 0 0 0 
0 0 0 0 0 0 64.0182 509.932 576.473 0 0 0 0 0 0 0 0 
0 0 0 0 0 0 56.1744 96.1229 119.493 0 0 0 0 0 0 0 0 
0 0 0 0 0 0 0 0 64.2537 0 0 0 0 0 0 0 0 
0 0 0 0 0 0 0 16.0478 0 0 0 0 0 0 0 0 0 
0 0 0 0 0 0 0 0 0 0 0 0 0 0 0 0 0 
0 0 0 0 0 0 0 0 2.00608 0 0 0 0 0 0 0 0 
