1 0 0 0 0 0 0 0 0 0 0 0 0 0 0 0 0 
0 0 0 0 0 0 0 0 0 0 0 0 0 0 0 0 0 
0 16 0 0 0 0 0 0 0 0 0 0 0 0 0 0 0 
0 0 32 0 0 0 0 0 0 0 0 0 0 0 0 0 0 
0 0 88 95.8526 23.964 0 0 0 7.96469 0 0 0 0 0 0 0 0 
0 0 0 256.281 255.672 192.604 96.6479 63.7149 0 0 0 0 0 0 0 0 0 
0 0 0 207.867 736.315 688.781 704.237 624.817 766.782 0 0 0 0 0 0 0 0 
0 0 0 0 576.447 1661.06 1822.8 1921.56 1598.11 0 0 0 0 0 0 0 0 
0 0 0 0 227.601 1249.79 2929.29 3681.9 4363.87 0 0 0 0 0 0 0 0 
0 0 0 0 0 447.119 1565.82 3129.59 3258.82 0 0 0 0 0 0 0 0 
0 0 0 0 0 128.647 768.524 1391.86 2113.12 0 0 0 0 0 0 0 0 
0 0 0 0 0 0 64.7343 513.687 575.463 0 0 0 0 0 0 0 0 
0 0 0 0 0 0 55.9531 96.8758 119.728 0 0 0 0 0 0 0 0 
0 0 0 0 0 0 0 0 64.1362 0 0 0 0 0 0 0 0 
0 0 0 0 0 0 0 15.9876 0 0 0 0 0 0 0 0 0 
0 0 0 0 0 0 0 0 0 0 0 0 0 0 0 0 0 
0 0 0 0 0 0 0 0 1.99853 0 0 0 0 0 0 0 0 
