1 0 0 0 0 0 0 0 0 0 0 0 0 0 0 0 0 
0 0 0 0 0 0 0 0 0 0 0 0 0 0 0 0 0 
0 16 0 0 0 0 0 0 0 0 0 0 0 0 0 0 0 
0 0 32 0 0 0 0 0 0 0 0 0 0 0 0 0 0 
0 0 88 95.7625 23.939 0 0 0 8.01913 0 0 0 0 0 0 0 0 
0 0 0 256.475 256.077 191.31 95.6773 64.1512 0 0 0 0 0 0 0 0 0 
0 0 0 207.762 735.174 687.164 705.558 623.667 762.595 0 0 0 0 0 0 0 0 
0 0 0 0 577.686 1665.61 1823.1 1915.75 1608.08 0 0 0 0 0 0 0 0 
0 0 0 0 227.124 1249.62 2921.68 3682.5 4353.2 0 0 0 0 0 0 0 0 
0 0 0 0 0 446.612 1576.76 3140.05 3265.41 0 0 0 0 0 0 0 0 
0 0 0 0 0 127.687 766.79 1393.77 2112.05 0 0 0 0 0 0 0 0 
0 0 0 0 0 0 62.5058 508.087 574.328 0 0 0 0 0 0 0 0 
0 0 0 0 0 0 55.9254 96.0379 120.212 0 0 0 0 0 0 0 0 
0 0 0 0 0 0 0 0 64.1122 0 0 0 0 0 0 0 0 
0 0 0 0 0 0 0 15.9799 0 0 0 0 0 0 0 0 0 
0 0 0 0 0 0 0 0 0 0 0 0 0 0 0 0 0 
0 0 0 0 0 0 0 0 1.99754 0 0 0 0 0 0 0 0 
