1 0 0 0 0 0 0 0 0 0 0 0 0 0 0 0 0 
0 0 0 0 0 0 0 0 0 0 0 0 0 0 0 0 0 
0 16 0 0 0 0 0 0 0 0 0 0 0 0 0 0 0 
0 0 32 0 0 0 0 0 0 0 0 0 0 0 0 0 0 
0 0 88 95.8329 23.959 0 0 0 7.9546 0 0 0 0 0 0 0 0 
0 0 0 256.334 255.836 192.546 96.6556 63.6405 0 0 0 0 0 0 0 0 0 
0 0 0 207.833 735.881 688.764 702.816 625.914 766.928 0 0 0 0 0 0 0 0 
0 0 0 0 576.885 1660.57 1829.25 1917.42 1610.42 0 0 0 0 0 0 0 0 
0 0 0 0 227.44 1250.25 2919.19 3684.52 4344.54 0 0 0 0 0 0 0 0 
0 0 0 0 0 448.099 1571.06 3128.88 3258.54 0 0 0 0 0 0 0 0 
0 0 0 0 0 127.773 768.843 1396.02 2118.91 0 0 0 0 0 0 0 0 
0 0 0 0 0 0 64.6215 510.989 578.916 0 0 0 0 0 0 0 0 
0 0 0 0 0 0 55.5705 96.7362 117.946 0 0 0 0 0 0 0 0 
0 0 0 0 0 0 0 0 63.8684 0 0 0 0 0 0 0 0 
0 0 0 0 0 0 0 15.8767 0 0 0 0 0 0 0 0 0 
0 0 0 0 0 0 0 0 0 0 0 0 0 0 0 0 0 
0 0 0 0 0 0 0 0 1.98462 0 0 0 0 0 0 0 0 
