1 0 0 0 0 0 0 0 0 0 0 0 0 0 0 0 1 
0 0 0 0 0 0 0 0 0 0 0 0 0 0 0 0 0 
0 16 0 0 0 0 0 0 0 0 0 0 0 0 0 16 0 
0 0 31.7052 0 0 0 0 0 0 0 0 0 0 0 32.1001 0 0 
0 0 88.2948 95.0573 24.329 0 0 0 7.80024 0 0 0 23.8893 95.5108 87.8999 0 0 
0 0 0 256.938 254.864 192.711 95.7047 62.8289 0 62.5189 93.6676 190.466 255.833 256.307 0 0 0 
0 0 0 208.005 738.611 691.496 702.704 621.091 768.852 614.2 696.437 692.351 737.852 208.182 0 0 0 
0 0 0 0 574.082 1662.92 1826.54 1920.67 1595.01 1923.89 1840.48 1675.32 574.613 0 0 0 0 
0 0 0 0 228.114 1247.03 2929.16 3681.23 4363.89 3671.57 2920.99 1235.15 227.813 0 0 0 0 
0 0 0 0 0 446.682 1574.34 3142.15 3270.9 3146.94 1564.9 448.054 0 0 0 0 0 
0 0 0 0 0 127.165 763.418 1391.71 2104.07 1401.95 771.733 126.653 0 0 0 0 0 
0 0 0 0 0 0 62.0193 509.65 572.383 505.073 64.1874 0 0 0 0 0 0 
0 0 0 0 0 0 54.1082 95.0137 120.901 97.8964 55.6039 0 0 0 0 0 0 
0 0 0 0 0 0 0 0 64.2373 0 0 0 0 0 0 0 0 
0 0 0 0 0 0 0 15.6575 0 15.9524 0 0 0 0 0 0 0 
0 0 0 0 0 0 0 0 0 0 0 0 0 0 0 0 0 
0 0 0 0 0 0 0 0 1.95979 0 0 0 0 0 0 0 0 
