1 0 0 0 0 0 0 0 0 0 0 0 0 0 0 0 0 0 0 0 0 0 0 0 0 0 0 0 0 0 0 0 0 0 0 0 0 0 0 0 0 0 0 0 0 0 0 0 0 0 0 0 0 0 0 0 0 0 0 0 0 0 0 0 1 
0 0 0 0 0 0 0 0 0 0 0 0 0 0 0 0 0 0 0 0 0 0 0 0 0 0 0 0 0 0 0 0 0 0 0 0 0 0 0 0 0 0 0 0 0 0 0 0 0 0 0 0 0 0 0 0 0 0 0 0 0 0 0 0 0 
0 64 0 0 0 0 0 0 0 0 0 0 0 0 0 0 0 0 0 0 0 0 0 0 0 0 0 0 0 0 0 0 0 0 0 0 0 0 0 0 0 0 0 0 0 0 0 0 0 0 0 0 0 0 0 0 0 0 0 0 0 0 0 64 0 
0 0 129.782 0 0 0 0 0 0 0 0 0 0 0 0 0 0 0 0 0 0 0 0 0 0 0 0 0 0 0 0 0 0 0 0 0 0 0 0 0 0 0 0 0 0 0 0 0 0 0 0 0 0 0 0 0 0 0 0 0 0 0 126.995 0 0 
0 0 1886.22 381.323 64.2457 0 0 0 0 0 0 0 0 0 0 0 0 0 0 0 0 0 0 0 0 0 0 0 0 0 0 0 0 0 0 0 0 0 0 0 0 0 0 0 0 0 0 0 0 0 0 0 0 0 0 0 0 0 0 0 64.2509 384.896 1889 0 0 
0 0 0 7188.55 1153.62 513.428 129.756 0 0 0 0 0 0 0 0 0 0 0 0 0 0 0 0 0 0 0 0 0 0 0 0 0 0 0 0 0 0 0 0 0 0 0 0 0 0 0 0 0 0 0 0 0 0 0 0 0 0 0 127.043 508.199 1162.67 7165.01 0 0 0 
0 0 0 34094.1 27138.3 6886.99 2582.25 1427.2 376.645 63.7419 0 0 0 0 0 0 0 0 0 0 0 0 0 0 0 0 0 0 0 0 0 0 0 0 0 0 0 0 0 0 0 0 0 0 0 0 0 0 0 0 0 0 0 0 0 61.9672 385.267 1408.05 2525.56 6724.06 27295.6 34114.1 0 0 0 
0 0 0 0 182821 96694.2 43270.7 17110.1 8652.96 4618.4 1926.9 507.749 126.387 0 0 0 0 0 0 0 0 0 0 0 0 0 0 0 0 0 0 0 0 0 0 0 0 0 0 0 0 0 0 0 0 0 0 0 0 0 0 0 126.043 514.467 1925.5 4623.55 8525.24 16899 43019.7 97720.9 184914 0 0 0 0 
0 0 0 0 424199 829887 412789 226319 121252 58466.1 33720.1 19778.4 9731.63 4303.22 1414.05 388.857 83.2252 0 0 0 0 0 0 0 16.1638 0 0 0 0 0 0 0 15.7957 0 0 0 0 0 0 0 15.6479 0 0 0 0 0 0 0 78.2313 374.588 1385.36 4249.96 9627.39 19723 33241.9 58310.6 120889 222801 410620 830112 421940 0 0 0 0 
0 0 0 0 0 2.87095e+06 3.34121e+06 1.99468e+06 1.1466e+06 720440 422264 248503 153611 94401.8 55066.1 29545.9 13676.9 5835.78 2198.07 784.023 379.665 250.649 253.76 257.976 0 256.7 259.876 262.649 260.327 259.01 258.863 254.199 0 257.761 257.589 257.242 255.663 254.216 252.225 252.27 0 249.66 249.811 246.519 372.476 740.148 2164.13 5820.57 13646.6 29101 55209.2 94341.3 154863 247735 425271 718123 1.13637e+06 1.9848e+06 3.34417e+06 2.86798e+06 0 0 0 0 0 
0 0 0 0 0 3.81958e+06 1.48041e+07 1.35556e+07 9.41406e+06 6.06456e+06 4.03228e+06 2.69871e+06 1.78055e+06 1.16527e+06 774857 507454 327205 202153 117775 67635.2 36843.2 21027.5 13490.2 10526.1 11771.3 9868.58 9451.2 9160 9383.36 9190.58 9421.13 9495.8 11390.4 9547.84 9329.78 9255.1 9245.38 9092.99 9239.89 9440.21 11314.3 10437.7 13399.4 20575.6 35863 67415.5 117893 201367 325106 500191 767969 1.14297e+06 1.75621e+06 2.64921e+06 3.97085e+06 6.04778e+06 9.30152e+06 1.34799e+07 1.46381e+07 3.82147e+06 0 0 0 0 0 
0 0 0 0 0 0 3.04858e+07 6.43488e+07 5.74781e+07 4.3666e+07 3.1353e+07 2.22698e+07 1.59009e+07 1.14391e+07 8.1987e+06 5.84991e+06 4.12682e+06 2.92587e+06 2.06312e+06 1.44085e+06 995064 684104 489162 363397 281833 245795 231576 225062 219270 221071 218561 217244 208568 212323 215501 217333 215707 217100 225006 240708 276612 363275 498139 696044 1.00673e+06 1.44904e+06 2.04568e+06 2.89907e+06 4.12167e+06 5.78992e+06 8.11228e+06 1.13937e+07 1.57451e+07 2.2065e+07 3.11996e+07 4.28138e+07 5.77653e+07 6.44274e+07 3.03254e+07 0 0 0 0 0 0 
0 0 0 0 0 0 2.58845e+07 1.69131e+08 2.6272e+08 2.4516e+08 1.98841e+08 1.56717e+08 1.19308e+08 8.98867e+07 6.89513e+07 5.28371e+07 3.99416e+07 3.04436e+07 2.32807e+07 1.77654e+07 1.36014e+07 1.04857e+07 8.26184e+06 6.55019e+06 5.44609e+06 4.57884e+06 3.99612e+06 3.63126e+06 3.43318e+06 3.30418e+06 3.26242e+06 3.26709e+06 3.30799e+06 3.27092e+06 3.2518e+06 3.27643e+06 3.392e+06 3.62129e+06 3.97528e+06 4.55014e+06 5.4665e+06 6.59528e+06 8.32517e+06 1.05678e+07 1.37297e+07 1.77967e+07 2.30899e+07 3.03772e+07 3.98655e+07 5.21679e+07 6.81168e+07 8.95558e+07 1.18159e+08 1.55132e+08 1.98493e+08 2.43983e+08 2.61773e+08 1.6898e+08 2.62104e+07 0 0 0 0 0 0 
0 0 0 0 0 0 0 2.32886e+08 7.82718e+08 1.06949e+09 1.04195e+09 8.98884e+08 7.47177e+08 6.11737e+08 4.95258e+08 3.9474e+08 3.13451e+08 2.53144e+08 2.03652e+08 1.656e+08 1.34096e+08 1.08955e+08 9.01416e+07 7.55036e+07 6.42461e+07 5.64237e+07 5.01027e+07 4.5646e+07 4.21406e+07 3.99857e+07 3.88251e+07 3.86937e+07 3.79121e+07 3.80589e+07 3.9272e+07 4.05671e+07 4.24644e+07 4.58776e+07 5.0079e+07 5.67714e+07 6.43656e+07 7.56086e+07 9.04747e+07 1.11082e+08 1.36979e+08 1.66551e+08 2.05099e+08 2.53561e+08 3.11944e+08 3.88089e+08 4.8278e+08 6.00786e+08 7.50432e+08 8.94867e+08 1.03738e+09 1.06959e+09 7.88195e+08 2.31041e+08 0 0 0 0 0 0 0 
0 0 0 0 0 0 0 1.39055e+08 1.39097e+09 3.27281e+09 4.2641e+09 4.31739e+09 4.00731e+09 3.47398e+09 2.97921e+09 2.4991e+09 2.11526e+09 1.77883e+09 1.49963e+09 1.25513e+09 1.06672e+09 9.12856e+08 7.83952e+08 6.80057e+08 5.95897e+08 5.26721e+08 4.75573e+08 4.37119e+08 4.09905e+08 3.90559e+08 3.75459e+08 3.74207e+08 3.73246e+08 3.7397e+08 3.8295e+08 3.92672e+08 4.09984e+08 4.39289e+08 4.80554e+08 5.35417e+08 6.03241e+08 6.81339e+08 7.88085e+08 9.21144e+08 1.07853e+09 1.27203e+09 1.50285e+09 1.78133e+09 2.10009e+09 2.48862e+09 2.95237e+09 3.44505e+09 3.99042e+09 4.2914e+09 4.31095e+09 3.28657e+09 1.3764e+09 1.41062e+08 0 0 0 0 0 0 0 
0 0 0 0 0 0 0 0 1.33506e+09 6.67762e+09 1.31011e+10 1.67298e+10 1.76735e+10 1.71441e+10 1.56841e+10 1.39873e+10 1.23316e+10 1.08006e+10 9.34413e+09 8.207e+09 7.27371e+09 6.42597e+09 5.67796e+09 5.07436e+09 4.55869e+09 4.13478e+09 3.79691e+09 3.5425e+09 3.32247e+09 3.18729e+09 3.10294e+09 3.02979e+09 3.01656e+09 3.02601e+09 3.11209e+09 3.22345e+09 3.3269e+09 3.56056e+09 3.86563e+09 4.15104e+09 4.59731e+09 5.11828e+09 5.72329e+09 6.49784e+09 7.38171e+09 8.44468e+09 9.52058e+09 1.08821e+10 1.23708e+10 1.39367e+10 1.55748e+10 1.69613e+10 1.76638e+10 1.67755e+10 1.31299e+10 6.64249e+09 1.34196e+09 0 0 0 0 0 0 0 0 
0 0 0 0 0 0 0 0 5.86526e+08 8.33619e+09 2.81953e+10 5.02378e+10 6.45369e+10 7.04179e+10 7.05118e+10 6.73352e+10 6.27312e+10 5.77891e+10 5.25556e+10 4.75467e+10 4.31818e+10 3.94993e+10 3.58329e+10 3.27805e+10 3.01672e+10 2.77428e+10 2.57827e+10 2.44105e+10 2.32702e+10 2.2341e+10 2.16945e+10 2.14359e+10 2.1233e+10 2.15e+10 2.17253e+10 2.24766e+10 2.33692e+10 2.4663e+10 2.61416e+10 2.79133e+10 2.99914e+10 3.2621e+10 3.59397e+10 3.93527e+10 4.37717e+10 4.82796e+10 5.28959e+10 5.79745e+10 6.32529e+10 6.76525e+10 7.01912e+10 7.00127e+10 6.4267e+10 4.99845e+10 2.82228e+10 8.34505e+09 5.895e+08 0 0 0 0 0 0 0 0 
0 0 0 0 0 0 0 0 0 5.92898e+09 4.1184e+10 1.11101e+11 1.86432e+11 2.40587e+11 2.70837e+11 2.8186e+11 2.80832e+11 2.70937e+11 2.58652e+11 2.43758e+11 2.27609e+11 2.12223e+11 1.99506e+11 1.85662e+11 1.73847e+11 1.63467e+11 1.55719e+11 1.49139e+11 1.43609e+11 1.38614e+11 1.3537e+11 1.34288e+11 1.32826e+11 1.33259e+11 1.34826e+11 1.38695e+11 1.44196e+11 1.49239e+11 1.54763e+11 1.6388e+11 1.74644e+11 1.869e+11 1.98903e+11 2.14923e+11 2.30398e+11 2.46677e+11 2.59988e+11 2.72759e+11 2.80841e+11 2.80644e+11 2.70455e+11 2.40662e+11 1.85454e+11 1.10649e+11 4.09223e+10 5.9492e+09 0 0 0 0 0 0 0 0 0 
0 0 0 0 0 0 0 0 0 1.95981e+09 3.7661e+10 1.74838e+11 4.10091e+11 6.62289e+11 8.69693e+11 1.00032e+12 1.08319e+12 1.12227e+12 1.11708e+12 1.10248e+12 1.07829e+12 1.0264e+12 9.87434e+11 9.44568e+11 9.05341e+11 8.68167e+11 8.33477e+11 8.05082e+11 7.90893e+11 7.68056e+11 7.54959e+11 7.44594e+11 7.40281e+11 7.42964e+11 7.54543e+11 7.63119e+11 7.83537e+11 7.99516e+11 8.37006e+11 8.69283e+11 9.09121e+11 9.38104e+11 9.88458e+11 1.03017e+12 1.07485e+12 1.11556e+12 1.12539e+12 1.12095e+12 1.09339e+12 1.00663e+12 8.74716e+11 6.65829e+11 4.09749e+11 1.73481e+11 3.79311e+10 1.95406e+09 0 0 0 0 0 0 0 0 0 
0 0 0 0 0 0 0 0 0 0 2.05164e+10 1.86533e+11 6.73667e+11 1.4412e+12 2.29277e+12 3.0419e+12 3.5841e+12 4.01205e+12 4.27948e+12 4.40889e+12 4.44555e+12 4.42138e+12 4.36079e+12 4.28429e+12 4.21263e+12 4.09996e+12 3.99591e+12 3.91942e+12 3.83943e+12 3.77454e+12 3.74252e+12 3.70716e+12 3.70621e+12 3.72188e+12 3.74187e+12 3.77275e+12 3.82498e+12 3.90131e+12 3.98914e+12 4.09536e+12 4.20318e+12 4.31723e+12 4.40321e+12 4.48052e+12 4.46374e+12 4.41533e+12 4.29705e+12 4.04856e+12 3.63799e+12 3.05405e+12 2.2974e+12 1.44101e+12 6.72651e+11 1.87495e+11 2.04464e+10 0 0 0 0 0 0 0 0 0 0 
0 0 0 0 0 0 0 0 0 0 5.27479e+09 1.31204e+11 7.84931e+11 2.39803e+12 4.81095e+12 7.56313e+12 1.01665e+13 1.23649e+13 1.41784e+13 1.55087e+13 1.65454e+13 1.69939e+13 1.7358e+13 1.76271e+13 1.75487e+13 1.75013e+13 1.73401e+13 1.71691e+13 1.7022e+13 1.69496e+13 1.68466e+13 1.67924e+13 1.67254e+13 1.68504e+13 1.67767e+13 1.69523e+13 1.70719e+13 1.71383e+13 1.73704e+13 1.74343e+13 1.7594e+13 1.75087e+13 1.73248e+13 1.71105e+13 1.65094e+13 1.56319e+13 1.43211e+13 1.25343e+13 1.02843e+13 7.63293e+12 4.8396e+12 2.39948e+12 7.82671e+11 1.32592e+11 5.23827e+09 0 0 0 0 0 0 0 0 0 0 
0 0 0 0 0 0 0 0 0 0 0 5.59735e+10 6.42754e+11 2.94184e+12 7.94332e+12 1.53647e+13 2.40341e+13 3.2674e+13 4.06917e+13 4.78547e+13 5.36844e+13 5.82586e+13 6.14364e+13 6.3744e+13 6.57771e+13 6.68834e+13 6.74652e+13 6.80864e+13 6.85172e+13 6.86068e+13 6.87117e+13 6.82688e+13 6.82546e+13 6.80231e+13 6.82485e+13 6.79963e+13 6.83381e+13 6.81355e+13 6.7723e+13 6.71374e+13 6.5768e+13 6.39082e+13 6.10391e+13 5.79425e+13 5.40795e+13 4.86564e+13 4.12392e+13 3.33069e+13 2.42955e+13 1.55201e+13 7.98977e+12 2.93876e+12 6.49311e+11 5.57151e+10 0 0 0 0 0 0 0 0 0 0 0 
0 0 0 0 0 0 0 0 0 0 0 1.15799e+10 3.56885e+11 2.65246e+12 1.00491e+13 2.49551e+13 4.69448e+13 7.32749e+13 1.00772e+14 1.28254e+14 1.5352e+14 1.75253e+14 1.94724e+14 2.09189e+14 2.22066e+14 2.29677e+14 2.38003e+14 2.43467e+14 2.47019e+14 2.50102e+14 2.51151e+14 2.53071e+14 2.52852e+14 2.51845e+14 2.51509e+14 2.49631e+14 2.47878e+14 2.44079e+14 2.3705e+14 2.30883e+14 2.19602e+14 2.07602e+14 1.9374e+14 1.75137e+14 1.54157e+14 1.29353e+14 1.02353e+14 7.38351e+13 4.6972e+13 2.49056e+13 1.00038e+13 2.6493e+12 3.55577e+11 1.15368e+10 0 0 0 0 0 0 0 0 0 0 0 
0 0 0 0 0 0 0 0 0 0 0 0 1.21633e+11 1.70793e+12 9.59694e+12 3.16942e+13 7.38018e+13 1.35912e+14 2.12025e+14 2.96017e+14 3.80584e+14 4.634e+14 5.40501e+14 6.06156e+14 6.64173e+14 7.13444e+14 7.51582e+14 7.85465e+14 8.09476e+14 8.25405e+14 8.34074e+14 8.42202e+14 8.45625e+14 8.44958e+14 8.38791e+14 8.27358e+14 8.08915e+14 7.84589e+14 7.47679e+14 7.07946e+14 6.59234e+14 6.03594e+14 5.38666e+14 4.64496e+14 3.84491e+14 2.98777e+14 2.13254e+14 1.36272e+14 7.40212e+13 3.16599e+13 9.51819e+12 1.71136e+12 1.21563e+11 0 0 0 0 0 0 0 0 0 0 0 0 
0 0 0 0 0 0 0 0 0 0 0 0 2.07196e+10 7.56552e+11 6.7941e+12 3.11231e+13 9.23352e+13 2.04806e+14 3.71832e+14 5.84334e+14 8.20924e+14 1.07093e+15 1.30956e+15 1.54578e+15 1.76331e+15 1.95905e+15 2.13247e+15 2.25857e+15 2.36997e+15 2.44941e+15 2.50633e+15 2.53878e+15 2.55545e+15 2.53024e+15 2.50374e+15 2.43768e+15 2.35896e+15 2.24362e+15 2.11311e+15 1.94594e+15 1.76094e+15 1.55026e+15 1.3193e+15 1.07108e+15 8.21373e+14 5.82681e+14 3.72487e+14 2.06266e+14 9.24257e+13 3.09791e+13 6.83295e+12 7.57736e+11 2.04314e+10 0 0 0 0 0 0 0 0 0 0 0 0 
0 0 0 0 0 0 0 0 0 0 0 0 0 2.13812e+11 3.51929e+12 2.33711e+13 9.23105e+13 2.52099e+14 5.35917e+14 9.60511e+14 1.50273e+15 2.14311e+15 2.81445e+15 3.49481e+15 4.14921e+15 4.7788e+15 5.33758e+15 5.85217e+15 6.21118e+15 6.5418e+15 6.74187e+15 6.86682e+15 6.90689e+15 6.84206e+15 6.70034e+15 6.50139e+15 6.19492e+15 5.78058e+15 5.31052e+15 4.79086e+15 4.14733e+15 3.49714e+15 2.80386e+15 2.12865e+15 1.50241e+15 9.63046e+14 5.41043e+14 2.52479e+14 9.11674e+13 2.32957e+13 3.52676e+12 2.117e+11 0 0 0 0 0 0 0 0 0 0 0 0 0 
0 0 0 0 0 0 0 0 0 0 0 0 0 3.04167e+10 1.28135e+12 1.33102e+13 7.11495e+13 2.49402e+14 6.39659e+14 1.32063e+15 2.3251e+15 3.64281e+15 5.20049e+15 6.85747e+15 8.58909e+15 1.02999e+16 1.19329e+16 1.33526e+16 1.46094e+16 1.55985e+16 1.63135e+16 1.66273e+16 1.68472e+16 1.66677e+16 1.62202e+16 1.54299e+16 1.45514e+16 1.33343e+16 1.19289e+16 1.03023e+16 8.60848e+15 6.87185e+15 5.19287e+15 3.64781e+15 2.33291e+15 1.32147e+15 6.3829e+14 2.46428e+14 7.12695e+13 1.33561e+13 1.27954e+12 2.99101e+10 0 0 0 0 0 0 0 0 0 0 0 0 0 
0 0 0 0 0 0 0 0 0 0 0 0 0 0 3.0136e+11 5.63321e+12 4.32778e+13 1.96226e+14 6.22642e+14 1.51214e+15 3.04492e+15 5.29365e+15 8.23515e+15 1.16628e+16 1.55299e+16 1.96241e+16 2.35045e+16 2.71109e+16 3.0299e+16 3.27952e+16 3.47908e+16 3.60108e+16 3.61467e+16 3.58757e+16 3.47545e+16 3.274e+16 3.01547e+16 2.69774e+16 2.34532e+16 1.95135e+16 1.54907e+16 1.16778e+16 8.23225e+15 5.3022e+15 3.04622e+15 1.51061e+15 6.16694e+14 1.94565e+14 4.3265e+13 5.65424e+12 2.97208e+11 0 0 0 0 0 0 0 0 0 0 0 0 0 0 
0 0 0 0 0 0 0 0 0 0 0 0 0 0 3.62357e+10 1.71367e+12 2.01413e+13 1.23037e+14 4.90299e+14 1.4293e+15 3.32437e+15 6.49875e+15 1.10996e+16 1.7149e+16 2.4322e+16 3.21656e+16 4.03584e+16 4.84766e+16 5.53595e+16 6.1699e+16 6.62454e+16 6.87659e+16 6.99925e+16 6.85979e+16 6.59013e+16 6.14644e+16 5.55503e+16 4.82783e+16 4.01644e+16 3.21407e+16 2.43721e+16 1.72008e+16 1.11463e+16 6.48517e+15 3.30851e+15 1.42006e+15 4.87217e+14 1.23498e+14 2.03038e+13 1.71256e+12 3.60365e+10 0 0 0 0 0 0 0 0 0 0 0 0 0 0 
0 0 0 0 0 0 0 0 0 0 0 0 0 0 0 3.46399e+11 7.13295e+12 6.1173e+13 3.1201e+14 1.1038e+15 3.02196e+15 6.69991e+15 1.27937e+16 2.15455e+16 3.29021e+16 4.61918e+16 6.07822e+16 7.55287e+16 8.94402e+16 1.00904e+17 1.10197e+17 1.16366e+17 1.18278e+17 1.16301e+17 1.10312e+17 1.0107e+17 8.8921e+16 7.51507e+16 6.05215e+16 4.59161e+16 3.28633e+16 2.16247e+16 1.27447e+16 6.70091e+15 3.00593e+15 1.10157e+15 3.10865e+14 6.15508e+13 7.22795e+12 3.41257e+11 0 0 0 0 0 0 0 0 0 0 0 0 0 0 0 
0 0 0 0 0 0 0 0 0 0 0 0 0 0 0 3.58768e+10 1.85541e+12 2.38473e+13 1.60029e+14 7.06894e+14 2.2692e+15 5.84448e+15 1.25006e+16 2.31718e+16 3.80685e+16 5.70015e+16 7.91102e+16 1.02522e+17 1.25464e+17 1.46e+17 1.6108e+17 1.71639e+17 1.75569e+17 1.71968e+17 1.61754e+17 1.45638e+17 1.25468e+17 1.02572e+17 7.94046e+16 5.72674e+16 3.81495e+16 2.29778e+16 1.24442e+16 5.81881e+15 2.28119e+15 7.10757e+14 1.61908e+14 2.40197e+13 1.85683e+12 3.56363e+10 0 0 0 0 0 0 0 0 0 0 0 0 0 0 0 
0 0 0 0 0 0 0 0 0 0 0 0 0 0 0 0 3.22027e+11 7.20914e+12 6.66818e+13 3.71201e+14 1.43329e+15 4.25874e+15 1.03197e+16 2.11307e+16 3.79631e+16 6.1126e+16 8.94441e+16 1.21158e+17 1.5359e+17 1.83727e+17 2.08231e+17 2.23311e+17 2.28224e+17 2.23076e+17 2.07678e+17 1.84192e+17 1.5399e+17 1.21667e+17 8.96619e+16 6.10187e+16 3.77983e+16 2.10468e+16 1.03163e+16 4.26578e+15 1.4379e+15 3.72706e+14 6.70083e+13 7.22452e+12 3.18429e+11 0 0 0 0 0 0 0 0 0 0 0 0 0 0 0 0 
0 0 0 0 0 0 0 0 0 0 0 0 0 0 0 0 2.93075e+10 1.60468e+12 2.22035e+13 1.6024e+14 7.60496e+14 2.62964e+15 7.22562e+15 1.65446e+16 3.24313e+16 5.6314e+16 8.76638e+16 1.25186e+17 1.64559e+17 2.02604e+17 2.33689e+17 2.53952e+17 2.60932e+17 2.53985e+17 2.33516e+17 2.02567e+17 1.64759e+17 1.24908e+17 8.75421e+16 5.6039e+16 3.23229e+16 1.6548e+16 7.27237e+15 2.65049e+15 7.60382e+14 1.61058e+14 2.21981e+13 1.6125e+12 2.91313e+10 0 0 0 0 0 0 0 0 0 0 0 0 0 0 0 0 
0 0 0 0 0 0 0 0 0 0 0 0 0 0 0 0 0 2.4371e+11 5.73999e+12 5.6713e+13 3.35087e+14 1.37157e+15 4.3195e+15 1.11031e+16 2.38943e+16 4.46181e+16 7.42783e+16 1.11308e+17 1.53788e+17 1.94484e+17 2.29284e+17 2.52507e+17 2.60833e+17 2.52435e+17 2.28938e+17 1.94082e+17 1.5301e+17 1.11626e+17 7.41668e+16 4.48285e+16 2.39567e+16 1.11365e+16 4.3431e+15 1.38237e+15 3.35601e+14 5.69138e+13 5.77584e+12 2.43852e+11 0 0 0 0 0 0 0 0 0 0 0 0 0 0 0 0 0 
0 0 0 0 0 0 0 0 0 0 0 0 0 0 0 0 0 2.0125e+10 1.12626e+12 1.62529e+13 1.2253e+14 6.10835e+14 2.21406e+15 6.36036e+15 1.51489e+16 3.08256e+16 5.46564e+16 8.64693e+16 1.23876e+17 1.62455e+17 1.96212e+17 2.19475e+17 2.27119e+17 2.19533e+17 1.9617e+17 1.62077e+17 1.24135e+17 8.6686e+16 5.48703e+16 3.09069e+16 1.52598e+16 6.41411e+15 2.21804e+15 6.09673e+14 1.23133e+14 1.63228e+13 1.12455e+12 2.0012e+10 0 0 0 0 0 0 0 0 0 0 0 0 0 0 0 0 0 
0 0 0 0 0 0 0 0 0 0 0 0 0 0 0 0 0 0 1.51923e+11 3.68674e+12 3.74104e+13 2.27805e+14 9.70639e+14 3.15867e+15 8.35761e+15 1.83563e+16 3.51074e+16 5.88901e+16 8.79208e+16 1.19027e+17 1.47136e+17 1.66281e+17 1.73627e+17 1.66371e+17 1.47614e+17 1.19542e+17 8.82582e+16 5.88595e+16 3.50741e+16 1.85322e+16 8.3812e+15 3.17616e+15 9.71946e+14 2.2763e+14 3.75558e+13 3.7064e+12 1.52346e+11 0 0 0 0 0 0 0 0 0 0 0 0 0 0 0 0 0 0 
0 0 0 0 0 0 0 0 0 0 0 0 0 0 0 0 0 0 1.16271e+10 6.38608e+11 9.35574e+12 7.1963e+13 3.64379e+14 1.36101e+15 3.99495e+15 9.62455e+15 1.97141e+16 3.50141e+16 5.50583e+16 7.69795e+16 9.73296e+16 1.11995e+17 1.17376e+17 1.12179e+17 9.76315e+16 7.7144e+16 5.49277e+16 3.49739e+16 1.97679e+16 9.68136e+15 4.01019e+15 1.3661e+15 3.65669e+14 7.25426e+13 9.31958e+12 6.4282e+11 1.14898e+10 0 0 0 0 0 0 0 0 0 0 0 0 0 0 0 0 0 0 
0 0 0 0 0 0 0 0 0 0 0 0 0 0 0 0 0 0 0 7.80309e+10 1.87932e+12 1.90025e+13 1.17982e+14 5.07765e+14 1.67448e+15 4.4148e+15 9.7142e+15 1.84207e+16 3.01517e+16 4.38781e+16 5.69498e+16 6.67503e+16 7.03838e+16 6.68313e+16 5.70396e+16 4.41054e+16 3.03189e+16 1.84336e+16 9.77563e+15 4.42558e+15 1.67212e+15 5.07853e+14 1.17719e+14 1.92621e+13 1.90169e+12 7.79027e+10 0 0 0 0 0 0 0 0 0 0 0 0 0 0 0 0 0 0 0 
0 0 0 0 0 0 0 0 0 0 0 0 0 0 0 0 0 0 0 5.64981e+09 2.96611e+11 4.2718e+12 3.26991e+13 1.64813e+14 6.12545e+14 1.78843e+15 4.26448e+15 8.48995e+15 1.4735e+16 2.22052e+16 2.96684e+16 3.5183e+16 3.71901e+16 3.50669e+16 2.96241e+16 2.23045e+16 1.48034e+16 8.55516e+15 4.25755e+15 1.78001e+15 6.14044e+14 1.66241e+14 3.28091e+13 4.26537e+12 2.95995e+11 5.62534e+09 0 0 0 0 0 0 0 0 0 0 0 0 0 0 0 0 0 0 0 
0 0 0 0 0 0 0 0 0 0 0 0 0 0 0 0 0 0 0 0 3.32437e+10 7.81322e+11 7.77232e+12 4.64364e+13 1.98258e+14 6.37017e+14 1.65788e+15 3.53906e+15 6.39929e+15 9.99762e+15 1.37738e+16 1.65586e+16 1.76061e+16 1.65916e+16 1.38087e+16 1.00703e+16 6.42987e+15 3.54165e+15 1.6501e+15 6.40435e+14 1.99177e+14 4.67878e+13 7.71958e+12 7.75575e+11 3.31848e+10 0 0 0 0 0 0 0 0 0 0 0 0 0 0 0 0 0 0 0 0 
0 0 0 0 0 0 0 0 0 0 0 0 0 0 0 0 0 0 0 0 2.40813e+09 1.12948e+11 1.5644e+12 1.15922e+13 5.64715e+13 2.0331e+14 5.73951e+14 1.32062e+15 2.50894e+15 4.08986e+15 5.72829e+15 7.00988e+15 7.48578e+15 6.99926e+15 5.72004e+15 4.07464e+15 2.5113e+15 1.31158e+15 5.7531e+14 2.0355e+14 5.65982e+13 1.14632e+13 1.54562e+12 1.12394e+11 2.41575e+09 0 0 0 0 0 0 0 0 0 0 0 0 0 0 0 0 0 0 0 0 
0 0 0 0 0 0 0 0 0 0 0 0 0 0 0 0 0 0 0 0 0 1.18342e+10 2.60061e+11 2.48101e+12 1.42345e+13 5.81254e+13 1.7905e+14 4.39623e+14 8.86471e+14 1.50691e+15 2.17005e+15 2.70535e+15 2.8925e+15 2.69392e+15 2.15278e+15 1.50014e+15 8.85336e+14 4.36827e+14 1.78203e+14 5.80739e+13 1.42471e+13 2.43937e+12 2.5776e+11 1.17737e+10 0 0 0 0 0 0 0 0 0 0 0 0 0 0 0 0 0 0 0 0 0 
0 0 0 0 0 0 0 0 0 0 0 0 0 0 0 0 0 0 0 0 0 9.24878e+08 3.54539e+10 4.56054e+11 3.19022e+12 1.47329e+13 5.02182e+13 1.32678e+14 2.85586e+14 5.00025e+14 7.42667e+14 9.41284e+14 1.01516e+15 9.40303e+14 7.43286e+14 5.01072e+14 2.8382e+14 1.33327e+14 5.03338e+13 1.47865e+13 3.16951e+12 4.47858e+11 3.54865e+10 9.1356e+08 0 0 0 0 0 0 0 0 0 0 0 0 0 0 0 0 0 0 0 0 0 
0 0 0 0 0 0 0 0 0 0 0 0 0 0 0 0 0 0 0 0 0 0 3.63546e+09 7.06818e+10 6.23731e+11 3.34871e+12 1.26546e+13 3.65641e+13 8.26286e+13 1.52668e+14 2.33435e+14 2.99972e+14 3.25152e+14 2.97956e+14 2.34923e+14 1.5185e+14 8.33125e+13 3.65865e+13 1.2759e+13 3.35659e+12 6.18491e+11 7.06087e+10 3.56925e+09 0 0 0 0 0 0 0 0 0 0 0 0 0 0 0 0 0 0 0 0 0 0 
0 0 0 0 0 0 0 0 0 0 0 0 0 0 0 0 0 0 0 0 0 0 3.22124e+08 9.47057e+09 1.08061e+11 6.8776e+11 2.92509e+12 9.10916e+12 2.20366e+13 4.2408e+13 6.72091e+13 8.82625e+13 9.64352e+13 8.83876e+13 6.73254e+13 4.30441e+13 2.22247e+13 9.21958e+12 2.93146e+12 6.91972e+11 1.06873e+11 9.37971e+09 3.18291e+08 0 0 0 0 0 0 0 0 0 0 0 0 0 0 0 0 0 0 0 0 0 0 
0 0 0 0 0 0 0 0 0 0 0 0 0 0 0 0 0 0 0 0 0 0 0 9.64851e+08 1.62029e+10 1.25985e+11 6.16753e+11 2.08985e+12 5.43627e+12 1.103e+13 1.79522e+13 2.41011e+13 2.63003e+13 2.40284e+13 1.81724e+13 1.11301e+13 5.47411e+12 2.11703e+12 6.18978e+11 1.26125e+11 1.62481e+10 9.45832e+08 0 0 0 0 0 0 0 0 0 0 0 0 0 0 0 0 0 0 0 0 0 0 0 
0 0 0 0 0 0 0 0 0 0 0 0 0 0 0 0 0 0 0 0 0 0 0 1.04886e+08 2.19296e+09 2.09524e+10 1.18058e+11 4.49512e+11 1.24045e+12 2.64147e+12 4.4887e+12 6.08146e+12 6.72408e+12 6.09168e+12 4.50207e+12 2.6791e+12 1.25121e+12 4.48953e+11 1.17546e+11 2.11061e+10 2.16743e+09 1.03765e+08 0 0 0 0 0 0 0 0 0 0 0 0 0 0 0 0 0 0 0 0 0 0 0 
0 0 0 0 0 0 0 0 0 0 0 0 0 0 0 0 0 0 0 0 0 0 0 0 2.26907e+08 3.16046e+09 2.09275e+10 8.85489e+10 2.66025e+11 5.96882e+11 1.04218e+12 1.4574e+12 1.62255e+12 1.45156e+12 1.05087e+12 6.01348e+11 2.65958e+11 8.85829e+10 2.10586e+10 3.1584e+09 2.20627e+08 0 0 0 0 0 0 0 0 0 0 0 0 0 0 0 0 0 0 0 0 0 0 0 0 
0 0 0 0 0 0 0 0 0 0 0 0 0 0 0 0 0 0 0 0 0 0 0 0 3.19516e+07 4.50877e+08 3.41498e+09 1.64459e+10 5.35596e+10 1.28189e+11 2.32803e+11 3.28728e+11 3.69242e+11 3.29207e+11 2.32909e+11 1.27739e+11 5.3209e+10 1.63262e+10 3.39579e+09 4.46141e+08 3.15452e+07 0 0 0 0 0 0 0 0 0 0 0 0 0 0 0 0 0 0 0 0 0 0 0 0 
0 0 0 0 0 0 0 0 0 0 0 0 0 0 0 0 0 0 0 0 0 0 0 0 0 4.64406e+07 5.38785e+08 2.89395e+09 1.02246e+10 2.60808e+10 4.84685e+10 7.0324e+10 7.95766e+10 7.00909e+10 4.8484e+10 2.59193e+10 1.01976e+10 2.87291e+09 5.36712e+08 4.48697e+07 0 0 0 0 0 0 0 0 0 0 0 0 0 0 0 0 0 0 0 0 0 0 0 0 0 
0 0 0 0 0 0 0 0 0 0 0 0 0 0 0 0 0 0 0 0 0 0 0 0 0 8.78006e+06 8.29538e+07 4.79606e+08 1.89704e+09 5.06086e+09 9.8877e+09 1.46056e+10 1.67038e+10 1.46126e+10 9.87197e+09 4.99193e+09 1.90519e+09 4.78148e+08 8.11772e+07 8.63114e+06 0 0 0 0 0 0 0 0 0 0 0 0 0 0 0 0 0 0 0 0 0 0 0 0 0 
0 0 0 0 0 0 0 0 0 0 0 0 0 0 0 0 0 0 0 0 0 0 0 0 0 0 7.92749e+06 8.21131e+07 3.40535e+08 9.56569e+08 1.97825e+09 2.95026e+09 3.41389e+09 2.93319e+09 1.96334e+09 9.57486e+08 3.4115e+08 8.09475e+07 7.84054e+06 0 0 0 0 0 0 0 0 0 0 0 0 0 0 0 0 0 0 0 0 0 0 0 0 0 0 
0 0 0 0 0 0 0 0 0 0 0 0 0 0 0 0 0 0 0 0 0 0 0 0 0 0 2.12548e+06 1.30057e+07 5.68344e+07 1.87235e+08 3.80986e+08 5.94446e+08 6.89734e+08 6.01192e+08 3.77238e+08 1.84747e+08 5.61212e+07 1.29847e+07 2.09449e+06 0 0 0 0 0 0 0 0 0 0 0 0 0 0 0 0 0 0 0 0 0 0 0 0 0 0 
0 0 0 0 0 0 0 0 0 0 0 0 0 0 0 0 0 0 0 0 0 0 0 0 0 0 0 1.09856e+06 1.08759e+07 3.28851e+07 7.37394e+07 1.21381e+08 1.35183e+08 1.18183e+08 7.38915e+07 3.30044e+07 1.07767e+07 1.10801e+06 0 0 0 0 0 0 0 0 0 0 0 0 0 0 0 0 0 0 0 0 0 0 0 0 0 0 0 
0 0 0 0 0 0 0 0 0 0 0 0 0 0 0 0 0 0 0 0 0 0 0 0 0 0 0 433422 1.72916e+06 5.66071e+06 1.52524e+07 2.23353e+07 2.86775e+07 2.2291e+07 1.52657e+07 5.54626e+06 1.72045e+06 433287 0 0 0 0 0 0 0 0 0 0 0 0 0 0 0 0 0 0 0 0 0 0 0 0 0 0 0 
0 0 0 0 0 0 0 0 0 0 0 0 0 0 0 0 0 0 0 0 0 0 0 0 0 0 0 0 114043 1.25395e+06 2.43775e+06 4.71891e+06 5.20413e+06 4.71648e+06 2.43498e+06 1.26578e+06 112569 0 0 0 0 0 0 0 0 0 0 0 0 0 0 0 0 0 0 0 0 0 0 0 0 0 0 0 0 
0 0 0 0 0 0 0 0 0 0 0 0 0 0 0 0 0 0 0 0 0 0 0 0 0 0 0 0 74858 172988 462090 984009 954463 973231 462779 172387 74567.9 0 0 0 0 0 0 0 0 0 0 0 0 0 0 0 0 0 0 0 0 0 0 0 0 0 0 0 0 
0 0 0 0 0 0 0 0 0 0 0 0 0 0 0 0 0 0 0 0 0 0 0 0 0 0 0 0 0 7818.31 118390 111754 242981 113813 118558 7786.81 0 0 0 0 0 0 0 0 0 0 0 0 0 0 0 0 0 0 0 0 0 0 0 0 0 0 0 0 0 
0 0 0 0 0 0 0 0 0 0 0 0 0 0 0 0 0 0 0 0 0 0 0 0 0 0 0 0 0 10149.7 11688.6 32659.9 38624.9 32941.1 11719.6 10157 0 0 0 0 0 0 0 0 0 0 0 0 0 0 0 0 0 0 0 0 0 0 0 0 0 0 0 0 0 
0 0 0 0 0 0 0 0 0 0 0 0 0 0 0 0 0 0 0 0 0 0 0 0 0 0 0 0 0 0 259.236 7820.43 2103.43 7823.43 260.372 0 0 0 0 0 0 0 0 0 0 0 0 0 0 0 0 0 0 0 0 0 0 0 0 0 0 0 0 0 0 
0 0 0 0 0 0 0 0 0 0 0 0 0 0 0 0 0 0 0 0 0 0 0 0 0 0 0 0 0 0 1009.66 385.781 1956.46 387.283 1005.83 0 0 0 0 0 0 0 0 0 0 0 0 0 0 0 0 0 0 0 0 0 0 0 0 0 0 0 0 0 0 
0 0 0 0 0 0 0 0 0 0 0 0 0 0 0 0 0 0 0 0 0 0 0 0 0 0 0 0 0 0 0 0 260.89 0 0 0 0 0 0 0 0 0 0 0 0 0 0 0 0 0 0 0 0 0 0 0 0 0 0 0 0 0 0 0 0 
0 0 0 0 0 0 0 0 0 0 0 0 0 0 0 0 0 0 0 0 0 0 0 0 0 0 0 0 0 0 0 64.261 0 64.8155 0 0 0 0 0 0 0 0 0 0 0 0 0 0 0 0 0 0 0 0 0 0 0 0 0 0 0 0 0 0 0 
0 0 0 0 0 0 0 0 0 0 0 0 0 0 0 0 0 0 0 0 0 0 0 0 0 0 0 0 0 0 0 0 0 0 0 0 0 0 0 0 0 0 0 0 0 0 0 0 0 0 0 0 0 0 0 0 0 0 0 0 0 0 0 0 0 
0 0 0 0 0 0 0 0 0 0 0 0 0 0 0 0 0 0 0 0 0 0 0 0 0 0 0 0 0 0 0 0 2.04427 0 0 0 0 0 0 0 0 0 0 0 0 0 0 0 0 0 0 0 0 0 0 0 0 0 0 0 0 0 0 0 0 
