1 0 0 0 0 0 0 0 0 0 0 0 0 0 0 0 0 0 0 0 0 0 0 0 0 0 0 0 0 0 0 0 0 0 0 0 0 0 0 0 0 0 0 0 0 0 0 0 0 0 0 0 0 0 0 0 0 0 0 0 0 0 0 0 1 
0 0 0 0 0 0 0 0 0 0 0 0 0 0 0 0 0 0 0 0 0 0 0 0 0 0 0 0 0 0 0 0 0 0 0 0 0 0 0 0 0 0 0 0 0 0 0 0 0 0 0 0 0 0 0 0 0 0 0 0 0 0 0 0 0 
0 64 0 0 0 0 0 0 0 0 0 0 0 0 0 0 0 0 0 0 0 0 0 0 0 0 0 0 0 0 0 0 0 0 0 0 0 0 0 0 0 0 0 0 0 0 0 0 0 0 0 0 0 0 0 0 0 0 0 0 0 0 0 64 0 
0 0 125.602 0 0 0 0 0 0 0 0 0 0 0 0 0 0 0 0 0 0 0 0 0 0 0 0 0 0 0 0 0 0 0 0 0 0 0 0 0 0 0 0 0 0 0 0 0 0 0 0 0 0 0 0 0 0 0 0 0 0 0 126.738 0 0 
0 0 1890.4 383.47 63.305 0 0 0 0 0 0 0 0 0 0 0 0 0 0 0 0 0 0 0 0 0 0 0 0 0 0 0 0 0 0 0 0 0 0 0 0 0 0 0 0 0 0 0 0 0 0 0 0 0 0 0 0 0 0 0 62.9034 377.571 1889.26 0 0 
0 0 0 7184.11 1162.08 518.988 124.676 0 0 0 0 0 0 0 0 0 0 0 0 0 0 0 0 0 0 0 0 0 0 0 0 0 0 0 0 0 0 0 0 0 0 0 0 0 0 0 0 0 0 0 0 0 0 0 0 0 0 0 126.172 502.244 1159.55 7161.26 0 0 0 
0 0 0 34096.4 27114.3 6882.09 2591.09 1393.54 379.523 64.9564 0 0 0 0 0 0 0 0 0 0 0 0 0 0 0 0 0 0 0 0 0 0 0 0 0 0 0 0 0 0 0 0 0 0 0 0 0 0 0 0 0 0 0 0 0 64.0301 384.984 1408.87 2493.4 6772.76 27579.2 34125.2 0 0 0 
0 0 0 0 184391 96441.5 43124.3 16738.8 8393.79 4551.21 1910.61 502.94 127.977 0 0 0 0 0 0 0 0 0 0 0 0 0 0 0 0 0 0 0 0 0 0 0 0 0 0 0 0 0 0 0 0 0 0 0 0 0 0 0 126.042 509.492 1931.08 4601.2 8571.82 16618.4 42620.1 96549.1 182400 0 0 0 0 
0 0 0 0 422645 828856 418071 222244 120409 58732.3 33006.2 19683 9690.84 4365.55 1390.62 380.804 78.4087 0 0 0 0 0 0 0 15.9882 0 0 0 0 0 0 0 15.4427 0 0 0 0 0 0 0 15.4645 0 0 0 0 0 0 0 79.0332 379.868 1403.8 4290.67 9523.57 19953.1 33700 59109 118672 224079 414024 842200 424174 0 0 0 0 
0 0 0 0 0 2.87242e+06 3.33195e+06 1.96273e+06 1.13754e+06 716398 428305 250171 152728 93797.4 55530.3 29379.2 13877.8 5851.42 2162.52 766.971 381.631 256.275 255.846 257.597 0 257.828 256.585 260.835 259.138 261.992 255.091 251.034 0 247.778 251.271 255.181 255.605 253.621 248.164 249.764 0 253.793 251.209 257.077 388.73 764.385 2137.28 5734.77 13722.5 29743.9 56798.5 95690.2 156958 251394 433149 720667 1.13721e+06 1.98785e+06 3.34445e+06 2.87014e+06 0 0 0 0 0 
0 0 0 0 0 3.81939e+06 1.46842e+07 1.34986e+07 9.32396e+06 6.14141e+06 4.04951e+06 2.69346e+06 1.77444e+06 1.16341e+06 768784 507990 324512 203466 119096 68413.6 36874.3 21516.1 13524.8 10666.7 11730.4 9670.48 9286.87 9248.23 9242.42 9110.67 9165.61 9404.19 11149.6 9473.4 9305.12 9103.29 9249.73 9139.72 9235.11 9646.27 11591.5 10924.6 13679.2 21202.6 36837.4 68287.6 121616 206013 333067 512690 784093 1.19657e+06 1.80527e+06 2.72057e+06 4.05786e+06 6.14542e+06 9.41501e+06 1.35623e+07 1.47805e+07 3.80835e+06 0 0 0 0 0 
0 0 0 0 0 0 3.04763e+07 6.36782e+07 5.78936e+07 4.30772e+07 3.12962e+07 2.24434e+07 1.59075e+07 1.14717e+07 8.25252e+06 5.84106e+06 4.10565e+06 2.91787e+06 2.0711e+06 1.44538e+06 1.01888e+06 705965 492883 367376 280074 243187 226394 217326 212562 214419 213744 213028 205450 212450 215851 219673 216915 221198 231717 247969 289498 370216 497899 708322 1.01581e+06 1.44403e+06 2.07688e+06 2.97059e+06 4.19359e+06 5.93605e+06 8.34635e+06 1.15197e+07 1.57779e+07 2.23539e+07 3.15776e+07 4.32057e+07 5.79654e+07 6.43317e+07 3.03004e+07 0 0 0 0 0 0 
0 0 0 0 0 0 2.6018e+07 1.69249e+08 2.60385e+08 2.46042e+08 1.98729e+08 1.56513e+08 1.19337e+08 9.02812e+07 6.86362e+07 5.24781e+07 3.97067e+07 3.02052e+07 2.2984e+07 1.76074e+07 1.35124e+07 1.04911e+07 8.38389e+06 6.69345e+06 5.48399e+06 4.56025e+06 3.95653e+06 3.53526e+06 3.35323e+06 3.23765e+06 3.20556e+06 3.19776e+06 3.20658e+06 3.21154e+06 3.21292e+06 3.27241e+06 3.43425e+06 3.64949e+06 4.00332e+06 4.65623e+06 5.5126e+06 6.67074e+06 8.34023e+06 1.05833e+07 1.36969e+07 1.75464e+07 2.33532e+07 3.07708e+07 4.02994e+07 5.23423e+07 6.86863e+07 8.95868e+07 1.1895e+08 1.56515e+08 1.99729e+08 2.48237e+08 2.63992e+08 1.69261e+08 2.60897e+07 0 0 0 0 0 0 
0 0 0 0 0 0 0 2.32636e+08 7.83061e+08 1.06391e+09 1.03406e+09 9.03417e+08 7.46688e+08 6.04606e+08 4.86693e+08 3.89892e+08 3.11058e+08 2.51449e+08 2.0392e+08 1.64445e+08 1.33027e+08 1.09137e+08 9.0615e+07 7.54209e+07 6.50531e+07 5.63276e+07 5.02248e+07 4.53728e+07 4.10708e+07 3.95519e+07 3.885e+07 3.77885e+07 3.7523e+07 3.74513e+07 3.87564e+07 4.04183e+07 4.24428e+07 4.57411e+07 5.00274e+07 5.62048e+07 6.47305e+07 7.55572e+07 9.1025e+07 1.10502e+08 1.3439e+08 1.64718e+08 2.02756e+08 2.51564e+08 3.09762e+08 3.87278e+08 4.83278e+08 6.03579e+08 7.49387e+08 9.01585e+08 1.04354e+09 1.07546e+09 7.90275e+08 2.33363e+08 0 0 0 0 0 0 0 
0 0 0 0 0 0 0 1.39951e+08 1.38442e+09 3.28565e+09 4.27099e+09 4.31642e+09 3.96782e+09 3.46582e+09 2.95788e+09 2.50986e+09 2.11501e+09 1.76658e+09 1.48699e+09 1.26168e+09 1.07099e+09 9.0317e+08 7.73e+08 6.78833e+08 5.99037e+08 5.30794e+08 4.76352e+08 4.35848e+08 4.10164e+08 3.88161e+08 3.74313e+08 3.7107e+08 3.66312e+08 3.70362e+08 3.80694e+08 3.9349e+08 4.14014e+08 4.4318e+08 4.81203e+08 5.37885e+08 6.00922e+08 6.82913e+08 7.87466e+08 9.17938e+08 1.07033e+09 1.25051e+09 1.48358e+09 1.75534e+09 2.09586e+09 2.49122e+09 2.94878e+09 3.43394e+09 3.95182e+09 4.29777e+09 4.31186e+09 3.32385e+09 1.37997e+09 1.38468e+08 0 0 0 0 0 0 0 
0 0 0 0 0 0 0 0 1.34062e+09 6.63831e+09 1.31514e+10 1.69563e+10 1.77967e+10 1.69562e+10 1.55774e+10 1.39222e+10 1.23265e+10 1.08458e+10 9.52062e+09 8.28521e+09 7.27109e+09 6.36744e+09 5.61691e+09 5.04462e+09 4.54165e+09 4.1173e+09 3.79151e+09 3.49947e+09 3.31406e+09 3.16751e+09 3.0462e+09 3.0149e+09 2.9842e+09 3.02865e+09 3.08547e+09 3.18207e+09 3.35152e+09 3.55947e+09 3.80605e+09 4.13742e+09 4.58367e+09 5.11678e+09 5.75249e+09 6.44102e+09 7.28263e+09 8.23165e+09 9.42251e+09 1.08348e+10 1.21959e+10 1.38981e+10 1.56128e+10 1.69003e+10 1.75948e+10 1.67589e+10 1.31508e+10 6.63198e+09 1.34067e+09 0 0 0 0 0 0 0 0 
0 0 0 0 0 0 0 0 5.892e+08 8.3077e+09 2.81098e+10 5.01017e+10 6.428e+10 6.98797e+10 7.00173e+10 6.78188e+10 6.28728e+10 5.81999e+10 5.30647e+10 4.80509e+10 4.34879e+10 3.94724e+10 3.58502e+10 3.25026e+10 2.98778e+10 2.80901e+10 2.59362e+10 2.439e+10 2.31588e+10 2.22528e+10 2.17084e+10 2.13892e+10 2.11901e+10 2.13721e+10 2.17849e+10 2.25785e+10 2.34756e+10 2.45212e+10 2.61387e+10 2.79231e+10 2.99466e+10 3.25796e+10 3.56341e+10 3.95255e+10 4.31761e+10 4.80962e+10 5.23718e+10 5.72883e+10 6.31792e+10 6.73197e+10 6.98498e+10 7.00058e+10 6.42202e+10 5.03025e+10 2.84548e+10 8.33882e+09 5.82612e+08 0 0 0 0 0 0 0 0 
0 0 0 0 0 0 0 0 0 5.96715e+09 4.09841e+10 1.11106e+11 1.87077e+11 2.41449e+11 2.71434e+11 2.83559e+11 2.81241e+11 2.72878e+11 2.60503e+11 2.43422e+11 2.27269e+11 2.1185e+11 1.98222e+11 1.84981e+11 1.7478e+11 1.63571e+11 1.54908e+11 1.47242e+11 1.41581e+11 1.37475e+11 1.35543e+11 1.32359e+11 1.32932e+11 1.33708e+11 1.35498e+11 1.40288e+11 1.43515e+11 1.49874e+11 1.55589e+11 1.63644e+11 1.75215e+11 1.86089e+11 1.982e+11 2.13127e+11 2.27359e+11 2.429e+11 2.58542e+11 2.72701e+11 2.80372e+11 2.83714e+11 2.70676e+11 2.40518e+11 1.868e+11 1.11167e+11 4.09068e+10 5.90913e+09 0 0 0 0 0 0 0 0 0 
0 0 0 0 0 0 0 0 0 1.98182e+09 3.75824e+10 1.75319e+11 4.10964e+11 6.63966e+11 8.71437e+11 1.01338e+12 1.08653e+12 1.1239e+12 1.11658e+12 1.09137e+12 1.06357e+12 1.0247e+12 9.81311e+11 9.34793e+11 9.00746e+11 8.63161e+11 8.32862e+11 8.0373e+11 7.77446e+11 7.61853e+11 7.43132e+11 7.33266e+11 7.38771e+11 7.4047e+11 7.51442e+11 7.64113e+11 7.84171e+11 8.0953e+11 8.35336e+11 8.6996e+11 9.0728e+11 9.51666e+11 9.91124e+11 1.02609e+12 1.0759e+12 1.09894e+12 1.12303e+12 1.11209e+12 1.08618e+12 1.01627e+12 8.75902e+11 6.692e+11 4.13365e+11 1.7517e+11 3.77571e+10 1.96297e+09 0 0 0 0 0 0 0 0 0 
0 0 0 0 0 0 0 0 0 0 2.0767e+10 1.86241e+11 6.72244e+11 1.44945e+12 2.29829e+12 3.04556e+12 3.6243e+12 4.01708e+12 4.273e+12 4.38923e+12 4.48126e+12 4.45228e+12 4.36151e+12 4.28635e+12 4.18757e+12 4.0852e+12 3.96271e+12 3.86279e+12 3.81145e+12 3.73421e+12 3.696e+12 3.68666e+12 3.6853e+12 3.72428e+12 3.77104e+12 3.79174e+12 3.82924e+12 3.92973e+12 4.01919e+12 4.11521e+12 4.20357e+12 4.29333e+12 4.41565e+12 4.46334e+12 4.45819e+12 4.40683e+12 4.26436e+12 4.01191e+12 3.62906e+12 3.04915e+12 2.29751e+12 1.44062e+12 6.71727e+11 1.87426e+11 2.03376e+10 0 0 0 0 0 0 0 0 0 0 
0 0 0 0 0 0 0 0 0 0 5.3389e+09 1.3043e+11 7.84838e+11 2.39187e+12 4.84831e+12 7.65616e+12 1.02119e+13 1.25544e+13 1.42654e+13 1.56234e+13 1.64654e+13 1.7021e+13 1.74429e+13 1.7584e+13 1.75169e+13 1.72668e+13 1.70504e+13 1.68773e+13 1.68566e+13 1.67125e+13 1.66829e+13 1.66166e+13 1.65755e+13 1.65366e+13 1.6738e+13 1.68747e+13 1.70409e+13 1.72287e+13 1.73293e+13 1.74948e+13 1.7606e+13 1.75337e+13 1.74203e+13 1.71184e+13 1.65437e+13 1.55501e+13 1.43352e+13 1.2497e+13 1.02722e+13 7.64014e+12 4.83301e+12 2.38728e+12 7.88354e+11 1.30014e+11 5.27487e+09 0 0 0 0 0 0 0 0 0 0 
0 0 0 0 0 0 0 0 0 0 0 5.64492e+10 6.45247e+11 2.94404e+12 7.951e+12 1.54188e+13 2.42047e+13 3.27767e+13 4.09623e+13 4.79624e+13 5.37398e+13 5.82743e+13 6.15149e+13 6.39426e+13 6.58044e+13 6.65433e+13 6.67919e+13 6.7532e+13 6.73913e+13 6.75129e+13 6.73523e+13 6.81684e+13 6.79917e+13 6.80184e+13 6.82695e+13 6.80417e+13 6.80831e+13 6.77222e+13 6.76427e+13 6.69416e+13 6.58391e+13 6.39137e+13 6.16819e+13 5.84146e+13 5.34674e+13 4.79439e+13 4.09128e+13 3.31948e+13 2.42967e+13 1.54234e+13 8.00324e+12 2.93941e+12 6.41676e+11 5.58791e+10 0 0 0 0 0 0 0 0 0 0 0 
0 0 0 0 0 0 0 0 0 0 0 1.15909e+10 3.54557e+11 2.6451e+12 1.00011e+13 2.48668e+13 4.6886e+13 7.33434e+13 1.01248e+14 1.29014e+14 1.54187e+14 1.7552e+14 1.94451e+14 2.09571e+14 2.20216e+14 2.29408e+14 2.3536e+14 2.40409e+14 2.44147e+14 2.46692e+14 2.49059e+14 2.50292e+14 2.50212e+14 2.51518e+14 2.51442e+14 2.48915e+14 2.44248e+14 2.41252e+14 2.36772e+14 2.31339e+14 2.19899e+14 2.08937e+14 1.94438e+14 1.75491e+14 1.53959e+14 1.28586e+14 1.01601e+14 7.40737e+13 4.6885e+13 2.50397e+13 9.94999e+12 2.66431e+12 3.53613e+11 1.14971e+10 0 0 0 0 0 0 0 0 0 0 0 
0 0 0 0 0 0 0 0 0 0 0 0 1.21806e+11 1.71206e+12 9.61813e+12 3.15891e+13 7.33589e+13 1.36414e+14 2.13195e+14 2.97727e+14 3.82908e+14 4.65038e+14 5.38462e+14 6.06154e+14 6.6306e+14 7.06492e+14 7.42416e+14 7.75422e+14 7.99939e+14 8.15836e+14 8.31247e+14 8.3902e+14 8.41729e+14 8.36992e+14 8.31762e+14 8.21889e+14 8.06442e+14 7.80197e+14 7.47447e+14 7.09799e+14 6.62313e+14 6.04236e+14 5.39863e+14 4.65796e+14 3.81792e+14 2.97663e+14 2.13869e+14 1.36026e+14 7.40411e+13 3.15131e+13 9.57942e+12 1.70484e+12 1.21387e+11 0 0 0 0 0 0 0 0 0 0 0 0 
0 0 0 0 0 0 0 0 0 0 0 0 2.0553e+10 7.54746e+11 6.77765e+12 3.10458e+13 9.27057e+13 2.05884e+14 3.73597e+14 5.80908e+14 8.22268e+14 1.07052e+15 1.31746e+15 1.55594e+15 1.76792e+15 1.94426e+15 2.10404e+15 2.23419e+15 2.34642e+15 2.43656e+15 2.48901e+15 2.52683e+15 2.52527e+15 2.51963e+15 2.48278e+15 2.43798e+15 2.35109e+15 2.24521e+15 2.10919e+15 1.94449e+15 1.76463e+15 1.55768e+15 1.32182e+15 1.07369e+15 8.24102e+14 5.82972e+14 3.73321e+14 2.05439e+14 9.23977e+13 3.0962e+13 6.82361e+12 7.59478e+11 2.06397e+10 0 0 0 0 0 0 0 0 0 0 0 0 
0 0 0 0 0 0 0 0 0 0 0 0 0 2.13099e+11 3.52078e+12 2.34019e+13 9.13993e+13 2.50776e+14 5.38702e+14 9.66452e+14 1.50597e+15 2.13303e+15 2.81349e+15 3.50769e+15 4.16785e+15 4.76857e+15 5.30437e+15 5.76773e+15 6.1714e+15 6.49418e+15 6.71852e+15 6.80296e+15 6.88466e+15 6.84213e+15 6.68181e+15 6.46166e+15 6.19179e+15 5.79161e+15 5.30568e+15 4.77619e+15 4.1462e+15 3.503e+15 2.82873e+15 2.1533e+15 1.51343e+15 9.67492e+14 5.36749e+14 2.52061e+14 9.15679e+13 2.33811e+13 3.52013e+12 2.09939e+11 0 0 0 0 0 0 0 0 0 0 0 0 0 
0 0 0 0 0 0 0 0 0 0 0 0 0 3.00701e+10 1.27169e+12 1.33467e+13 7.16236e+13 2.48152e+14 6.37368e+14 1.32247e+15 2.33772e+15 3.64675e+15 5.21914e+15 6.87552e+15 8.60316e+15 1.02747e+16 1.18506e+16 1.32116e+16 1.44597e+16 1.54445e+16 1.61171e+16 1.65536e+16 1.6689e+16 1.64938e+16 1.60474e+16 1.53739e+16 1.45277e+16 1.33206e+16 1.18367e+16 1.02669e+16 8.57127e+15 6.85421e+15 5.21344e+15 3.66521e+15 2.33124e+15 1.32328e+15 6.39908e+14 2.49049e+14 7.12526e+13 1.33805e+13 1.27793e+12 3.02351e+10 0 0 0 0 0 0 0 0 0 0 0 0 0 
0 0 0 0 0 0 0 0 0 0 0 0 0 0 3.00594e+11 5.66523e+12 4.32951e+13 1.96165e+14 6.18689e+14 1.51034e+15 3.03957e+15 5.28916e+15 8.22657e+15 1.16926e+16 1.54663e+16 1.948e+16 2.33861e+16 2.6947e+16 3.00003e+16 3.26827e+16 3.45908e+16 3.57562e+16 3.62953e+16 3.57503e+16 3.45304e+16 3.27505e+16 3.01892e+16 2.69427e+16 2.33688e+16 1.94314e+16 1.54764e+16 1.16463e+16 8.20964e+15 5.27507e+15 3.04434e+15 1.51589e+15 6.22209e+14 1.95357e+14 4.31932e+13 5.64606e+12 2.99015e+11 0 0 0 0 0 0 0 0 0 0 0 0 0 0 
0 0 0 0 0 0 0 0 0 0 0 0 0 0 3.61687e+10 1.7206e+12 2.0343e+13 1.23181e+14 4.87732e+14 1.42207e+15 3.31787e+15 6.50056e+15 1.1074e+16 1.70398e+16 2.41696e+16 3.21641e+16 4.0291e+16 4.79707e+16 5.53046e+16 6.13634e+16 6.55873e+16 6.85262e+16 6.92891e+16 6.83332e+16 6.58952e+16 6.118e+16 5.52799e+16 4.83489e+16 4.0319e+16 3.22376e+16 2.42717e+16 1.71467e+16 1.11097e+16 6.47428e+15 3.3144e+15 1.4229e+15 4.87228e+14 1.22402e+14 2.01913e+13 1.72138e+12 3.62897e+10 0 0 0 0 0 0 0 0 0 0 0 0 0 0 
0 0 0 0 0 0 0 0 0 0 0 0 0 0 0 3.44853e+11 7.23805e+12 6.13364e+13 3.1176e+14 1.10629e+15 2.99866e+15 6.69033e+15 1.27567e+16 2.14511e+16 3.26839e+16 4.61305e+16 6.05033e+16 7.55625e+16 8.88824e+16 1.00938e+17 1.10345e+17 1.1537e+17 1.17456e+17 1.15722e+17 1.10016e+17 1.00918e+17 8.89363e+16 7.50298e+16 6.05031e+16 4.60538e+16 3.2677e+16 2.14434e+16 1.27653e+16 6.67725e+15 3.00645e+15 1.10239e+15 3.10177e+14 6.08532e+13 7.15964e+12 3.42729e+11 0 0 0 0 0 0 0 0 0 0 0 0 0 0 0 
0 0 0 0 0 0 0 0 0 0 0 0 0 0 0 3.58254e+10 1.84425e+12 2.41857e+13 1.61456e+14 7.04993e+14 2.28176e+15 5.83831e+15 1.24531e+16 2.31337e+16 3.80765e+16 5.70399e+16 7.91568e+16 1.02676e+17 1.25573e+17 1.45583e+17 1.62434e+17 1.71842e+17 1.75363e+17 1.72086e+17 1.61887e+17 1.45986e+17 1.25338e+17 1.02057e+17 7.87011e+16 5.69261e+16 3.80107e+16 2.31392e+16 1.24741e+16 5.84182e+15 2.27762e+15 7.04116e+14 1.601e+14 2.38494e+13 1.84858e+12 3.57427e+10 0 0 0 0 0 0 0 0 0 0 0 0 0 0 0 
0 0 0 0 0 0 0 0 0 0 0 0 0 0 0 0 3.17463e+11 7.24638e+12 6.75713e+13 3.71305e+14 1.43793e+15 4.25389e+15 1.03316e+16 2.11059e+16 3.81378e+16 6.11187e+16 8.97313e+16 1.2112e+17 1.53692e+17 1.84123e+17 2.07801e+17 2.23403e+17 2.28471e+17 2.23789e+17 2.08426e+17 1.83464e+17 1.53214e+17 1.21259e+17 8.92992e+16 6.0855e+16 3.79331e+16 2.11555e+16 1.02908e+16 4.27427e+15 1.43387e+15 3.68831e+14 6.64236e+13 7.23589e+12 3.18235e+11 0 0 0 0 0 0 0 0 0 0 0 0 0 0 0 0 
0 0 0 0 0 0 0 0 0 0 0 0 0 0 0 0 2.93606e+10 1.60867e+12 2.23438e+13 1.61246e+14 7.56214e+14 2.64334e+15 7.24865e+15 1.66637e+16 3.26696e+16 5.63731e+16 8.77773e+16 1.25518e+17 1.6514e+17 2.02424e+17 2.33498e+17 2.54315e+17 2.61029e+17 2.54123e+17 2.32575e+17 2.01674e+17 1.64284e+17 1.24333e+17 8.77618e+16 5.6393e+16 3.25439e+16 1.65529e+16 7.23283e+15 2.63482e+15 7.58536e+14 1.59617e+14 2.21025e+13 1.59919e+12 2.92929e+10 0 0 0 0 0 0 0 0 0 0 0 0 0 0 0 0 
0 0 0 0 0 0 0 0 0 0 0 0 0 0 0 0 0 2.41978e+11 5.79629e+12 5.69746e+13 3.35594e+14 1.38149e+15 4.3445e+15 1.11007e+16 2.38122e+16 4.48634e+16 7.44083e+16 1.11329e+17 1.53115e+17 1.94078e+17 2.28468e+17 2.52184e+17 2.61186e+17 2.51962e+17 2.28747e+17 1.93882e+17 1.52795e+17 1.11564e+17 7.46481e+16 4.4854e+16 2.39651e+16 1.11487e+16 4.34961e+15 1.38408e+15 3.32997e+14 5.62358e+13 5.75945e+12 2.43892e+11 0 0 0 0 0 0 0 0 0 0 0 0 0 0 0 0 0 
0 0 0 0 0 0 0 0 0 0 0 0 0 0 0 0 0 2.00426e+10 1.12692e+12 1.63096e+13 1.2369e+14 6.11763e+14 2.23287e+15 6.38544e+15 1.51719e+16 3.0712e+16 5.47602e+16 8.67667e+16 1.24552e+17 1.62446e+17 1.96363e+17 2.19817e+17 2.28036e+17 2.19216e+17 1.96619e+17 1.63328e+17 1.24953e+17 8.73169e+16 5.49992e+16 3.0927e+16 1.53316e+16 6.38677e+15 2.23103e+15 6.0713e+14 1.22164e+14 1.62023e+13 1.12116e+12 2.01558e+10 0 0 0 0 0 0 0 0 0 0 0 0 0 0 0 0 0 
0 0 0 0 0 0 0 0 0 0 0 0 0 0 0 0 0 0 1.51451e+11 3.69626e+12 3.76358e+13 2.30352e+14 9.80858e+14 3.19586e+15 8.3579e+15 1.83779e+16 3.50785e+16 5.88339e+16 8.82792e+16 1.19998e+17 1.48071e+17 1.67681e+17 1.74198e+17 1.67465e+17 1.47682e+17 1.19937e+17 8.85019e+16 5.93555e+16 3.52446e+16 1.85087e+16 8.39823e+15 3.18901e+15 9.73652e+14 2.28083e+14 3.73809e+13 3.6698e+12 1.51042e+11 0 0 0 0 0 0 0 0 0 0 0 0 0 0 0 0 0 0 
0 0 0 0 0 0 0 0 0 0 0 0 0 0 0 0 0 0 1.147e+10 6.42122e+11 9.48594e+12 7.23347e+13 3.69671e+14 1.37062e+15 4.0146e+15 9.61788e+15 1.96755e+16 3.51233e+16 5.47368e+16 7.71059e+16 9.74e+16 1.12136e+17 1.17358e+17 1.12224e+17 9.78046e+16 7.72544e+16 5.52429e+16 3.52648e+16 1.98129e+16 9.67683e+15 4.01728e+15 1.36334e+15 3.67318e+14 7.18457e+13 9.41019e+12 6.3995e+11 1.16063e+10 0 0 0 0 0 0 0 0 0 0 0 0 0 0 0 0 0 0 
0 0 0 0 0 0 0 0 0 0 0 0 0 0 0 0 0 0 0 7.83013e+10 1.90039e+12 1.93782e+13 1.18742e+14 5.12711e+14 1.6801e+15 4.43034e+15 9.73533e+15 1.84343e+16 3.03728e+16 4.38437e+16 5.69149e+16 6.64751e+16 7.01305e+16 6.66065e+16 5.71849e+16 4.41186e+16 3.06319e+16 1.85761e+16 9.81783e+15 4.43863e+15 1.67922e+15 5.08154e+14 1.17941e+14 1.9391e+13 1.87973e+12 7.73081e+10 0 0 0 0 0 0 0 0 0 0 0 0 0 0 0 0 0 0 0 
0 0 0 0 0 0 0 0 0 0 0 0 0 0 0 0 0 0 0 5.63816e+09 2.97073e+11 4.31158e+12 3.30099e+13 1.6567e+14 6.22864e+14 1.78942e+15 4.2445e+15 8.54901e+15 1.47615e+16 2.23067e+16 2.95759e+16 3.48794e+16 3.70382e+16 3.49883e+16 2.97e+16 2.23682e+16 1.4891e+16 8.60152e+15 4.264e+15 1.79152e+15 6.17664e+14 1.65129e+14 3.27917e+13 4.27762e+12 2.95503e+11 5.67612e+09 0 0 0 0 0 0 0 0 0 0 0 0 0 0 0 0 0 0 0 
0 0 0 0 0 0 0 0 0 0 0 0 0 0 0 0 0 0 0 0 3.3172e+10 7.75406e+11 7.77746e+12 4.71743e+13 1.99577e+14 6.45544e+14 1.65858e+15 3.54082e+15 6.44564e+15 1.00745e+16 1.37377e+16 1.657e+16 1.75976e+16 1.66628e+16 1.37898e+16 1.0186e+16 6.47671e+15 3.57402e+15 1.66712e+15 6.44353e+14 1.98837e+14 4.68696e+13 7.74918e+12 7.74657e+11 3.29915e+10 0 0 0 0 0 0 0 0 0 0 0 0 0 0 0 0 0 0 0 0 
0 0 0 0 0 0 0 0 0 0 0 0 0 0 0 0 0 0 0 0 2.43078e+09 1.12472e+11 1.56564e+12 1.15536e+13 5.71582e+13 2.0615e+14 5.78905e+14 1.32339e+15 2.51449e+15 4.097e+15 5.74442e+15 7.01272e+15 7.51871e+15 7.06109e+15 5.78787e+15 4.10211e+15 2.53444e+15 1.32336e+15 5.79109e+14 2.04825e+14 5.70449e+13 1.16111e+13 1.55171e+12 1.12413e+11 2.43066e+09 0 0 0 0 0 0 0 0 0 0 0 0 0 0 0 0 0 0 0 0 
0 0 0 0 0 0 0 0 0 0 0 0 0 0 0 0 0 0 0 0 0 1.18956e+10 2.60213e+11 2.47917e+12 1.44035e+13 5.82425e+13 1.80017e+14 4.40933e+14 8.92391e+14 1.51489e+15 2.18917e+15 2.6934e+15 2.89576e+15 2.69438e+15 2.18101e+15 1.51825e+15 8.93119e+14 4.38508e+14 1.79032e+14 5.84526e+13 1.4404e+13 2.46529e+12 2.57838e+11 1.19226e+10 0 0 0 0 0 0 0 0 0 0 0 0 0 0 0 0 0 0 0 0 0 
0 0 0 0 0 0 0 0 0 0 0 0 0 0 0 0 0 0 0 0 0 9.25743e+08 3.56672e+10 4.54171e+11 3.20379e+12 1.48738e+13 5.02823e+13 1.33601e+14 2.84479e+14 5.03231e+14 7.49369e+14 9.4456e+14 1.01922e+15 9.48165e+14 7.4961e+14 5.05333e+14 2.84804e+14 1.33222e+14 5.04269e+13 1.48361e+13 3.16666e+12 4.51341e+11 3.54864e+10 9.11897e+08 0 0 0 0 0 0 0 0 0 0 0 0 0 0 0 0 0 0 0 0 0 
0 0 0 0 0 0 0 0 0 0 0 0 0 0 0 0 0 0 0 0 0 0 3.65385e+09 7.17442e+10 6.24292e+11 3.37601e+12 1.2711e+13 3.6439e+13 8.35472e+13 1.5259e+14 2.34654e+14 3.00421e+14 3.29011e+14 3.02945e+14 2.36241e+14 1.53506e+14 8.32856e+13 3.68222e+13 1.29213e+13 3.37052e+12 6.24323e+11 7.03218e+10 3.63353e+09 0 0 0 0 0 0 0 0 0 0 0 0 0 0 0 0 0 0 0 0 0 0 
0 0 0 0 0 0 0 0 0 0 0 0 0 0 0 0 0 0 0 0 0 0 3.26442e+08 9.46064e+09 1.07771e+11 6.88531e+11 2.94681e+12 9.17359e+12 2.2174e+13 4.29122e+13 6.76453e+13 8.8847e+13 9.68376e+13 8.91893e+13 6.82443e+13 4.30865e+13 2.22935e+13 9.27889e+12 2.95386e+12 6.86343e+11 1.0684e+11 9.48753e+09 3.17987e+08 0 0 0 0 0 0 0 0 0 0 0 0 0 0 0 0 0 0 0 0 0 0 
0 0 0 0 0 0 0 0 0 0 0 0 0 0 0 0 0 0 0 0 0 0 0 9.71709e+08 1.62183e+10 1.26611e+11 6.13511e+11 2.12161e+12 5.44646e+12 1.11698e+13 1.81159e+13 2.42677e+13 2.6599e+13 2.43398e+13 1.82659e+13 1.1239e+13 5.51521e+12 2.114e+12 6.19074e+11 1.26729e+11 1.61913e+10 9.55631e+08 0 0 0 0 0 0 0 0 0 0 0 0 0 0 0 0 0 0 0 0 0 0 0 
0 0 0 0 0 0 0 0 0 0 0 0 0 0 0 0 0 0 0 0 0 0 0 1.06042e+08 2.18126e+09 2.07915e+10 1.1786e+11 4.46734e+11 1.24619e+12 2.65771e+12 4.51128e+12 6.14034e+12 6.80458e+12 6.1478e+12 4.51065e+12 2.68181e+12 1.25208e+12 4.51248e+11 1.18042e+11 2.08471e+10 2.15569e+09 1.03022e+08 0 0 0 0 0 0 0 0 0 0 0 0 0 0 0 0 0 0 0 0 0 0 0 
0 0 0 0 0 0 0 0 0 0 0 0 0 0 0 0 0 0 0 0 0 0 0 0 2.24286e+08 3.14354e+09 2.0843e+10 8.79979e+10 2.6542e+11 5.9871e+11 1.05019e+12 1.45687e+12 1.62467e+12 1.4608e+12 1.05331e+12 5.998e+11 2.65275e+11 8.85452e+10 2.08949e+10 3.11344e+09 2.19984e+08 0 0 0 0 0 0 0 0 0 0 0 0 0 0 0 0 0 0 0 0 0 0 0 0 
0 0 0 0 0 0 0 0 0 0 0 0 0 0 0 0 0 0 0 0 0 0 0 0 3.1916e+07 4.41941e+08 3.40724e+09 1.62471e+10 5.29795e+10 1.27876e+11 2.30357e+11 3.26745e+11 3.69854e+11 3.29267e+11 2.30775e+11 1.26607e+11 5.34909e+10 1.63335e+10 3.42792e+09 4.409e+08 3.11803e+07 0 0 0 0 0 0 0 0 0 0 0 0 0 0 0 0 0 0 0 0 0 0 0 0 
0 0 0 0 0 0 0 0 0 0 0 0 0 0 0 0 0 0 0 0 0 0 0 0 0 4.59365e+07 5.34897e+08 2.88902e+09 1.01319e+10 2.57034e+10 4.86175e+10 7.0333e+10 7.88677e+10 7.03702e+10 4.82691e+10 2.58352e+10 1.01305e+10 2.88704e+09 5.28694e+08 4.48091e+07 0 0 0 0 0 0 0 0 0 0 0 0 0 0 0 0 0 0 0 0 0 0 0 0 0 
0 0 0 0 0 0 0 0 0 0 0 0 0 0 0 0 0 0 0 0 0 0 0 0 0 8.73848e+06 8.08977e+07 4.76166e+08 1.879e+09 4.98293e+09 9.88416e+09 1.47551e+10 1.67182e+10 1.46524e+10 9.94521e+09 5.01313e+09 1.884e+09 4.75262e+08 8.08102e+07 8.57406e+06 0 0 0 0 0 0 0 0 0 0 0 0 0 0 0 0 0 0 0 0 0 0 0 0 0 
0 0 0 0 0 0 0 0 0 0 0 0 0 0 0 0 0 0 0 0 0 0 0 0 0 0 7.93914e+06 8.10323e+07 3.39631e+08 9.62458e+08 1.97466e+09 2.96348e+09 3.42514e+09 2.96684e+09 1.96481e+09 9.49392e+08 3.35889e+08 8.0265e+07 7.85768e+06 0 0 0 0 0 0 0 0 0 0 0 0 0 0 0 0 0 0 0 0 0 0 0 0 0 0 
0 0 0 0 0 0 0 0 0 0 0 0 0 0 0 0 0 0 0 0 0 0 0 0 0 0 2.10685e+06 1.28088e+07 5.59118e+07 1.85573e+08 3.82561e+08 5.91429e+08 6.88813e+08 5.96771e+08 3.77494e+08 1.83917e+08 5.60209e+07 1.28838e+07 2.09589e+06 0 0 0 0 0 0 0 0 0 0 0 0 0 0 0 0 0 0 0 0 0 0 0 0 0 0 
0 0 0 0 0 0 0 0 0 0 0 0 0 0 0 0 0 0 0 0 0 0 0 0 0 0 0 1.0969e+06 1.08449e+07 3.22835e+07 7.27786e+07 1.19074e+08 1.34979e+08 1.19032e+08 7.36247e+07 3.2761e+07 1.07376e+07 1.08534e+06 0 0 0 0 0 0 0 0 0 0 0 0 0 0 0 0 0 0 0 0 0 0 0 0 0 0 0 
0 0 0 0 0 0 0 0 0 0 0 0 0 0 0 0 0 0 0 0 0 0 0 0 0 0 0 435914 1.69697e+06 5.58522e+06 1.49502e+07 2.19897e+07 2.84367e+07 2.22262e+07 1.52055e+07 5.58854e+06 1.6966e+06 431218 0 0 0 0 0 0 0 0 0 0 0 0 0 0 0 0 0 0 0 0 0 0 0 0 0 0 0 
0 0 0 0 0 0 0 0 0 0 0 0 0 0 0 0 0 0 0 0 0 0 0 0 0 0 0 0 113244 1.2437e+06 2.3993e+06 4.66249e+06 5.16982e+06 4.68885e+06 2.40885e+06 1.25366e+06 111791 0 0 0 0 0 0 0 0 0 0 0 0 0 0 0 0 0 0 0 0 0 0 0 0 0 0 0 0 
0 0 0 0 0 0 0 0 0 0 0 0 0 0 0 0 0 0 0 0 0 0 0 0 0 0 0 0 74050.5 171238 459402 963818 930131 960310 455298 170466 74209.5 0 0 0 0 0 0 0 0 0 0 0 0 0 0 0 0 0 0 0 0 0 0 0 0 0 0 0 0 
0 0 0 0 0 0 0 0 0 0 0 0 0 0 0 0 0 0 0 0 0 0 0 0 0 0 0 0 0 7733.63 116253 111384 237835 111008 116804 7451.99 0 0 0 0 0 0 0 0 0 0 0 0 0 0 0 0 0 0 0 0 0 0 0 0 0 0 0 0 0 
0 0 0 0 0 0 0 0 0 0 0 0 0 0 0 0 0 0 0 0 0 0 0 0 0 0 0 0 0 9923.47 11418.4 31938.2 37159.1 32167.6 11218.2 9901.48 0 0 0 0 0 0 0 0 0 0 0 0 0 0 0 0 0 0 0 0 0 0 0 0 0 0 0 0 0 
0 0 0 0 0 0 0 0 0 0 0 0 0 0 0 0 0 0 0 0 0 0 0 0 0 0 0 0 0 0 252.744 7588.24 2051.06 7643.46 250.103 0 0 0 0 0 0 0 0 0 0 0 0 0 0 0 0 0 0 0 0 0 0 0 0 0 0 0 0 0 0 
0 0 0 0 0 0 0 0 0 0 0 0 0 0 0 0 0 0 0 0 0 0 0 0 0 0 0 0 0 0 986.661 378.438 1920.24 379.826 976.207 0 0 0 0 0 0 0 0 0 0 0 0 0 0 0 0 0 0 0 0 0 0 0 0 0 0 0 0 0 0 
0 0 0 0 0 0 0 0 0 0 0 0 0 0 0 0 0 0 0 0 0 0 0 0 0 0 0 0 0 0 0 0 248.921 0 0 0 0 0 0 0 0 0 0 0 0 0 0 0 0 0 0 0 0 0 0 0 0 0 0 0 0 0 0 0 0 
0 0 0 0 0 0 0 0 0 0 0 0 0 0 0 0 0 0 0 0 0 0 0 0 0 0 0 0 0 0 0 63.3099 0 62.9147 0 0 0 0 0 0 0 0 0 0 0 0 0 0 0 0 0 0 0 0 0 0 0 0 0 0 0 0 0 0 0 
0 0 0 0 0 0 0 0 0 0 0 0 0 0 0 0 0 0 0 0 0 0 0 0 0 0 0 0 0 0 0 0 0 0 0 0 0 0 0 0 0 0 0 0 0 0 0 0 0 0 0 0 0 0 0 0 0 0 0 0 0 0 0 0 0 
0 0 0 0 0 0 0 0 0 0 0 0 0 0 0 0 0 0 0 0 0 0 0 0 0 0 0 0 0 0 0 0 1.95934 0 0 0 0 0 0 0 0 0 0 0 0 0 0 0 0 0 0 0 0 0 0 0 0 0 0 0 0 0 0 0 0 
