1 0 0 0 0 0 0 0 0 0 0 0 0 0 0 0 1 
0 0 0 0 0 0 0 0 0 0 0 0 0 0 0 0 0 
0 16 0 0 0 0 0 0 0 0 0 0 0 0 0 16 0 
0 0 32.1166 0 0 0 0 0 0 0 0 0 0 0 31.755 0 0 
0 0 87.8834 94.4166 23.1701 0 0 0 8.288 0 0 0 22.4882 94.9074 88.245 0 0 
0 0 0 258.849 262.247 191.415 96.3103 64.851 0 64.0464 97.3659 189.294 249.106 249.134 0 0 0 
0 0 0 206.734 731.679 689.951 691.744 620.299 755.09 617.14 714.944 691.849 738.381 215.959 0 0 0 
0 0 0 0 582.561 1665.41 1805.94 1912.72 1612.26 1937.99 1827.54 1686.16 582.778 0 0 0 0 
0 0 0 0 220.342 1243.31 2942.8 3711.39 4411.73 3726.89 2922.62 1235.29 227.247 0 0 0 0 
0 0 0 0 0 450.189 1578.33 3136.03 3258.05 3102.32 1573.05 443.272 0 0 0 0 0 
0 0 0 0 0 127.726 770.483 1365.29 2070.11 1367.54 755.144 122.131 0 0 0 0 0 
0 0 0 0 0 0 66.817 513.625 567.21 513.838 63.3583 0 0 0 0 0 0 
0 0 0 0 0 0 55.5706 100.052 121.424 94.7686 53.9793 0 0 0 0 0 0 
0 0 0 0 0 0 0 0 63.8965 0 0 0 0 0 0 0 0 
0 0 0 0 0 0 0 15.7535 0 15.464 0 0 0 0 0 0 0 
0 0 0 0 0 0 0 0 0 0 0 0 0 0 0 0 0 
0 0 0 0 0 0 0 0 1.93582 0 0 0 0 0 0 0 0 
