1 0 0 0 0 0 0 0 0 0 0 0 0 0 0 0 0 0 0 0 0 0 0 0 0 0 0 0 0 0 0 0 0 0 0 0 0 0 0 0 0 0 0 0 0 0 0 0 0 0 0 0 0 0 0 0 0 0 0 0 0 0 0 0 1 
0 0 0 0 0 0 0 0 0 0 0 0 0 0 0 0 0 0 0 0 0 0 0 0 0 0 0 0 0 0 0 0 0 0 0 0 0 0 0 0 0 0 0 0 0 0 0 0 0 0 0 0 0 0 0 0 0 0 0 0 0 0 0 0 0 
0 0 0 0 0 0 0 0 0 0 0 0 0 0 0 0 0 0 0 0 0 0 0 0 0 0 0 0 0 0 0 0 0 0 0 0 0 0 0 0 0 0 0 0 0 0 0 0 0 0 0 0 0 0 0 0 0 0 0 0 0 0 0 0 0 
0 0 0 0 0 0 0 0 0 0 0 0 0 0 0 0 0 0 0 0 0 0 0 0 0 0 0 0 0 0 0 0 0 0 0 0 0 0 0 0 0 0 0 0 0 0 0 0 0 0 0 0 0 0 0 0 0 0 0 0 0 0 0 0 0 
0 64 0 0 0 0 0 0 0 0 0 0 0 0 0 0 0 0 0 0 0 0 0 0 0 0 0 0 0 0 0 0 0 0 0 0 0 0 0 0 0 0 0 0 0 0 0 0 0 0 0 0 0 0 0 0 0 0 0 0 0 0 0 0 0 
0 0 0 0 0 0 0 0 0 0 0 0 0 0 0 0 0 0 0 0 0 0 0 0 0 0 0 0 0 0 0 0 0 0 0 0 0 0 0 0 0 0 0 0 0 0 0 0 0 0 0 0 0 0 0 0 0 0 0 0 0 0 0 0 0 
0 0 0 0 0 0 0 0 0 0 0 0 0 0 0 0 0 0 0 0 0 0 0 0 0 0 0 0 0 0 0 0 0 0 0 0 0 0 0 0 0 0 0 0 0 0 0 0 0 0 0 0 0 0 0 0 0 0 0 0 0 0 0 0 0 
0 0 256 0 0 0 0 0 0 0 0 0 0 0 0 0 0 0 0 0 0 0 0 0 0 0 0 0 0 0 0 0 0 0 0 0 0 0 0 0 0 0 0 0 0 0 0 0 0 0 0 0 0 0 0 0 0 0 0 0 0 0 0 0 0 
0 0 1760 0 0 0 0 0 0 0 0 0 0 0 0 0 0 0 0 0 0 0 0 0 0 0 0 0 0 0 0 0 0 0 0 0 0 0 0 0 0 0 0 0 0 0 0 0 0 0 0 0 0 0 0 0 0 0 0 0 0 0 0 0 0 
0 0 0 128.024 0 0 0 0 0 0 0 0 0 0 0 0 0 0 0 0 0 0 0 0 0 0 0 0 0 0 0 0 0 0 0 0 0 0 0 0 0 0 0 0 0 0 0 0 0 0 0 0 0 0 0 0 0 0 0 0 0 0 0 0 0 
0 0 0 1407.52 0 0 0 0 0 0 0 0 0 0 0 0 0 0 0 0 0 0 0 0 0 0 0 0 0 0 0 0 0 0 0 0 0 0 0 0 0 0 0 0 0 0 0 0 0 0 0 0 0 0 0 0 0 0 0 0 0 0 0 0 0 
0 0 0 12672.9 192.391 0 0 0 0 0 0 0 0 0 0 0 0 0 0 0 0 0 0 0 0 0 0 0 0 0 0 0 0 0 0 0 0 0 0 0 0 0 0 0 0 0 0 0 0 0 0 0 0 0 0 0 0 0 0 0 0 0 0 0 0 
0 0 0 27455.6 1791.49 0 0 0 0 0 0 0 0 0 0 0 0 0 0 0 0 0 0 0 0 0 0 0 0 0 0 0 0 0 0 0 0 0 0 0 0 0 0 0 0 0 0 0 0 0 0 0 0 0 0 0 0 0 0 0 0 0 0 0 0 
0 0 0 0 14463.9 385.115 0 0 0 0 0 0 0 0 0 0 0 0 0 0 0 0 0 0 0 0 0 0 0 0 0 0 0 0 0 0 0 0 0 0 0 0 0 0 0 0 0 0 0 0 0 0 0 0 0 0 0 0 0 0 0 0 0 0 0 
0 0 0 0 84092.4 4034.04 0 0 0 0 0 0 0 0 0 0 0 0 0 0 0 0 0 0 0 0 0 0 0 0 0 0 0 0 0 0 0 0 0 0 0 0 0 0 0 0 0 0 0 0 0 0 0 0 0 0 0 0 0 0 0 0 0 0 0 
0 0 0 0 264392 26113.5 1407.09 0 0 0 0 0 0 0 0 0 0 0 0 0 0 0 0 0 0 0 0 0 0 0 0 0 0 0 0 0 0 0 0 0 0 0 0 0 0 0 0 0 0 0 0 0 0 0 0 0 0 0 0 0 0 0 0 0 0 
0 0 0 0 270444 146893 9415.71 447.954 47.9165 0 0 0 0 0 0 0 4.00889 0 0 0 0 0 0 0 0 0 0 0 0 0 0 0 3.98161 0 0 0 0 0 0 0 0 0 0 0 0 0 0 0 0 0 0 0 0 0 0 0 0 0 0 0 0 0 0 0 0 
0 0 0 0 0 655869 66428.3 4225.79 0 0 0 0 0 0 0 0 0 0 0 0 0 0 0 0 0 0 0 0 0 0 0 0 0 0 0 0 0 0 0 0 0 0 0 0 0 0 0 0 0 0 0 0 0 0 0 0 0 0 0 0 0 0 0 0 0 
0 0 0 0 0 1.95166e+06 340266 32240.8 4038.87 448.656 0 0 0 0 0 64.1422 0 0 0 0 0 0 0 0 0 0 0 0 0 0 0 0 0 0 0 0 0 0 0 0 0 0 0 0 0 0 0 0 0 0 0 0 0 0 0 0 0 0 0 0 0 0 0 0 0 
0 0 0 0 0 3.06596e+06 1.4614e+06 191714 15879.8 4224.97 1280.83 384.477 192.525 128.357 192.393 0 0 128.135 0 0 0 0 0 0 0 0 0 0 0 0 0 127.412 0 0 0 0 0 0 0 0 0 0 0 0 0 0 0 0 0 0 0 0 0 0 0 0 0 0 0 0 0 0 0 0 0 
0 0 0 0 0 1.7736e+06 5.28307e+06 919709 125316 9995.45 3271.14 1732.97 818.205 576.988 288.674 0 0 63.9887 0 0 0 0 0 0 0 0 0 0 0 0 0 0 0 0 0 0 0 0 0 0 0 0 0 0 0 0 0 0 0 0 0 0 0 0 0 0 0 0 0 0 0 0 0 0 0 
0 0 0 0 0 0 1.40479e+07 3.91462e+06 626556 100311 16534.2 3456.22 2180.27 1154.45 0 0 1921.5 0 384.918 0 0 0 0 0 0 0 0 0 0 0 446.46 0 0 0 0 0 0 0 0 0 0 0 0 0 0 0 0 0 0 0 0 0 0 0 0 0 0 0 0 0 0 0 0 0 0 
0 0 0 0 0 0 2.38292e+07 1.38677e+07 2.89422e+06 520750 104513 31999.5 11139.8 5000.06 3334.29 5386.1 1152.17 0 1727.03 256.376 0 0 0 0 0 0 0 0 0 255.349 1528.42 0 3965.87 0 0 0 0 0 0 0 0 0 0 0 0 0 0 0 0 0 0 0 0 0 0 0 0 0 0 0 0 0 0 0 0 
0 0 0 0 0 0 2.19724e+07 4.17399e+07 1.14459e+07 2.27017e+06 501891 133705 50173.8 24226.9 17809.7 11906.8 0 5389.16 2117.32 1153.55 388.159 0 0 0 0 0 0 0 382.606 1914.08 0 0 128.16 0 0 0 0 0 0 0 0 0 0 0 0 0 0 0 0 0 0 0 0 0 0 0 0 0 0 0 0 0 0 0 0 
0 0 0 0 0 0 7.96289e+06 9.80024e+07 4.02611e+07 9.91136e+06 2.07679e+06 562516 189678 91884.4 53909.3 14209 14290.8 25142.6 3633.47 9277.34 1640.6 772.048 0 0 96.1736 0 0 767.548 2588 8799.59 0 13431 0 0 0 0 0 0 0 0 0 0 0 0 0 0 0 0 0 0 0 0 0 0 0 0 0 0 0 0 0 0 0 0 0 
0 0 0 0 0 0 0 1.62746e+08 1.22139e+08 3.70319e+07 9.60181e+06 2.44545e+06 803363 331843 144706 83410 93185.8 43637.7 15731.4 23968.6 9223.99 3484.05 2567.97 900.767 0 899.026 2689.87 5753.34 13025.2 8779.78 7417.29 46955.2 0 0 0 0 0 0 0 0 0 0 0 0 0 0 0 0 0 0 0 0 0 0 0 0 0 0 0 0 0 0 0 0 0 
0 0 0 0 0 0 0 1.72563e+08 3.13748e+08 1.2486e+08 3.60053e+07 1.0299e+07 3.33691e+06 1.26142e+06 595943 392188 263280 65020.8 136848 50771.5 49433.3 14642 6546.33 7719.7 7895.25 7692.56 12678.7 23403.3 41441.7 10761.4 56419.1 3079.69 44387.3 0 0 0 0 0 0 0 0 0 0 0 0 0 0 0 0 0 0 0 0 0 0 0 0 0 0 0 0 0 0 0 0 
0 0 0 0 0 0 0 1.02437e+08 6.51039e+08 3.74855e+08 1.27428e+08 3.87521e+07 1.25278e+07 4.87304e+06 2.3011e+06 1.30828e+06 589524 443844 365649 148192 155837 89044.9 39348.9 16137.7 22479.3 40770.8 57373.2 82847.6 80899.9 74189.1 261748 24055.3 306466 0 0 0 0 0 0 0 0 0 0 0 0 0 0 0 0 0 0 0 0 0 0 0 0 0 0 0 0 0 0 0 0 
0 0 0 0 0 0 0 2.47973e+07 1.01549e+09 9.83069e+08 4.13674e+08 1.39714e+08 4.75685e+07 1.78653e+07 8.07495e+06 3.95111e+06 2.16935e+06 1.74423e+06 966961 702436 469368 325744 209764 164585 142359 146018 203323 270742 185220 375861 316613 262441 574151 0 0 0 0 0 0 0 0 0 0 0 0 0 0 0 0 0 0 0 0 0 0 0 0 0 0 0 0 0 0 0 0 
0 0 0 0 0 0 0 0 1.10973e+09 2.19595e+09 1.20428e+09 4.67136e+08 1.67593e+08 6.51167e+07 2.78777e+07 1.37848e+07 8.45357e+06 5.35111e+06 2.83485e+06 2.4852e+06 1.46648e+06 1.19106e+06 796012 632818 601413 641855 675768 617725 661815 1.28036e+06 373156 1.48337e+06 261436 0 0 0 0 0 0 0 0 0 0 0 0 0 0 0 0 0 0 0 0 0 0 0 0 0 0 0 0 0 0 0 0 
0 0 0 0 0 0 0 0 7.86052e+08 4.03783e+09 3.13501e+09 1.42743e+09 5.60317e+08 2.21293e+08 9.62003e+07 4.78655e+07 2.73789e+07 1.5485e+07 1.05484e+07 7.69799e+06 5.00795e+06 3.95547e+06 3.02684e+06 2.24585e+06 1.82467e+06 1.80111e+06 1.9153e+06 1.81794e+06 2.57264e+06 2.55221e+06 2.01283e+06 4.13615e+06 1.61353e+06 0 0 0 0 0 0 0 0 0 0 0 0 0 0 0 0 0 0 0 0 0 0 0 0 0 0 0 0 0 0 0 0 
0 0 0 0 0 0 0 0 3.18858e+08 5.8102e+09 7.16718e+09 4.02257e+09 1.75377e+09 7.2966e+08 3.22042e+08 1.58369e+08 8.49567e+07 4.99188e+07 3.5422e+07 2.25659e+07 1.70165e+07 1.22914e+07 9.76004e+06 7.71766e+06 6.75138e+06 6.14525e+06 5.54186e+06 5.91601e+06 7.61713e+06 4.77624e+06 8.40537e+06 5.73023e+06 7.88754e+06 0 0 0 0 0 0 0 0 0 0 0 0 0 0 0 0 0 0 0 0 0 0 0 0 0 0 0 0 0 0 0 0 
0 0 0 0 0 0 0 0 5.37365e+07 6.21086e+09 1.40581e+10 1.02593e+10 5.1294e+09 2.29174e+09 1.03913e+09 5.04432e+08 2.68901e+08 1.64233e+08 1.06125e+08 6.92791e+07 5.31213e+07 3.82699e+07 3.05604e+07 2.5133e+07 2.11293e+07 1.82673e+07 1.70639e+07 1.87007e+07 1.71904e+07 1.57909e+07 2.35891e+07 1.24436e+07 2.57903e+07 0 0 0 0 0 0 0 0 0 0 0 0 0 0 0 0 0 0 0 0 0 0 0 0 0 0 0 0 0 0 0 0 
0 0 0 0 0 0 0 0 0 4.67906e+09 2.29955e+10 2.33641e+10 1.38485e+10 6.765e+09 3.19689e+09 1.57675e+09 8.47774e+08 5.02844e+08 3.12203e+08 2.17178e+08 1.5773e+08 1.1665e+08 9.22242e+07 7.43453e+07 6.14471e+07 5.36294e+07 5.15261e+07 5.11257e+07 4.28689e+07 5.38495e+07 4.77131e+07 4.86473e+07 5.33586e+07 0 0 0 0 0 0 0 0 0 0 0 0 0 0 0 0 0 0 0 0 0 0 0 0 0 0 0 0 0 0 0 0 
0 0 0 0 0 0 0 0 0 2.32429e+09 3.02252e+10 4.68694e+10 3.42352e+10 1.88118e+10 9.42514e+09 4.78598e+09 2.58023e+09 1.4902e+09 9.33907e+08 6.49371e+08 4.49956e+08 3.46156e+08 2.6618e+08 2.1873e+08 1.82677e+08 1.61289e+08 1.49143e+08 1.32894e+08 1.28016e+08 1.44163e+08 1.08101e+08 1.50848e+08 1.06472e+08 0 0 0 0 0 0 0 0 0 0 0 0 0 0 0 0 0 0 0 0 0 0 0 0 0 0 0 0 0 0 0 0 
0 0 0 0 0 0 0 0 0 6.69316e+08 3.07272e+10 8.11221e+10 7.67363e+10 4.86376e+10 2.645e+10 1.39531e+10 7.60425e+09 4.39847e+09 2.77708e+09 1.8567e+09 1.31023e+09 9.95785e+08 7.66928e+08 6.23672e+08 5.26646e+08 4.58261e+08 4.04918e+08 3.62077e+08 3.74316e+08 3.39843e+08 3.31806e+08 3.63626e+08 3.09442e+08 0 0 0 0 0 0 0 0 0 0 0 0 0 0 0 0 0 0 0 0 0 0 0 0 0 0 0 0 0 0 0 0 
0 0 0 0 0 0 0 0 0 8.04484e+07 2.32695e+10 1.18305e+11 1.53804e+11 1.16078e+11 6.98277e+10 3.89284e+10 2.17579e+10 1.27567e+10 7.96778e+09 5.24468e+09 3.7456e+09 2.76626e+09 2.15973e+09 1.73498e+09 1.4568e+09 1.25028e+09 1.0978e+09 1.02079e+09 9.83342e+08 8.58763e+08 9.52564e+08 8.2698e+08 9.30853e+08 0 0 0 0 0 0 0 0 0 0 0 0 0 0 0 0 0 0 0 0 0 0 0 0 0 0 0 0 0 0 0 0 
0 0 0 0 0 0 0 0 0 0 1.25527e+10 1.4129e+11 2.7169e+11 2.53367e+11 1.72745e+11 1.03437e+11 6.01845e+10 3.58071e+10 2.2294e+10 1.47523e+10 1.04091e+10 7.61871e+09 5.94753e+09 4.75274e+09 3.96416e+09 3.39315e+09 2.99524e+09 2.76475e+09 2.49243e+09 2.38722e+09 2.39601e+09 2.16523e+09 2.38925e+09 0 0 0 0 0 0 0 0 0 0 0 0 0 0 0 0 0 0 0 0 0 0 0 0 0 0 0 0 0 0 0 0 
0 0 0 0 0 0 0 0 0 0 4.52272e+09 1.34358e+11 4.1623e+11 5.00492e+11 3.96549e+11 2.60417e+11 1.59567e+11 9.73969e+10 6.12726e+10 4.06857e+10 2.83188e+10 2.0835e+10 1.60329e+10 1.28217e+10 1.05926e+10 9.07089e+09 8.01054e+09 7.21213e+09 6.52208e+09 6.41739e+09 5.88895e+09 5.98185e+09 5.76868e+09 0 0 0 0 0 0 0 0 0 0 0 0 0 0 0 0 0 0 0 0 0 0 0 0 0 0 0 0 0 0 0 0 
0 0 0 0 0 0 0 0 0 0 9.44814e+08 9.8881e+10 5.41496e+11 8.8429e+11 8.37858e+11 6.14581e+11 4.02981e+11 2.55612e+11 1.64336e+11 1.09559e+11 7.61342e+10 5.59618e+10 4.25896e+10 3.40379e+10 2.79681e+10 2.38559e+10 2.0924e+10 1.86197e+10 1.72335e+10 1.62963e+10 1.5212e+10 1.546e+10 1.45822e+10 0 0 0 0 0 0 0 0 0 0 0 0 0 0 0 0 0 0 0 0 0 0 0 0 0 0 0 0 0 0 0 0 
0 0 0 0 0 0 0 0 0 0 8.16431e+07 5.46029e+10 5.85524e+11 1.37942e+12 1.61531e+12 1.35297e+12 9.64523e+11 6.44653e+11 4.2654e+11 2.87455e+11 2.01521e+11 1.47113e+11 1.11945e+11 8.87078e+10 7.29573e+10 6.18673e+10 5.38462e+10 4.81211e+10 4.45387e+10 4.10186e+10 3.96998e+10 3.83516e+10 3.80263e+10 0 0 0 0 0 0 0 0 0 0 0 0 0 0 0 0 0 0 0 0 0 0 0 0 0 0 0 0 0 0 0 0 
0 0 0 0 0 0 0 0 0 0 0 2.17173e+10 5.14995e+11 1.87096e+12 2.81651e+12 2.75673e+12 2.17397e+12 1.5489e+12 1.06567e+12 7.35253e+11 5.20226e+11 3.80143e+11 2.89672e+11 2.28693e+11 1.8761e+11 1.58054e+11 1.37396e+11 1.23036e+11 1.12194e+11 1.04107e+11 1.00399e+11 9.58084e+10 9.68952e+10 0 0 0 0 0 0 0 0 0 0 0 0 0 0 0 0 0 0 0 0 0 0 0 0 0 0 0 0 0 0 0 0 
0 0 0 0 0 0 0 0 0 0 0 5.78339e+09 3.60738e+11 2.17188e+12 4.38769e+12 5.15462e+12 4.5808e+12 3.53134e+12 2.55388e+12 1.8181e+12 1.30762e+12 9.65301e+11 7.3596e+11 5.80698e+11 4.7425e+11 3.99389e+11 3.46322e+11 3.08775e+11 2.80091e+11 2.62483e+11 2.49111e+11 2.41586e+11 2.40088e+11 0 0 0 0 0 0 0 0 0 0 0 0 0 0 0 0 0 0 0 0 0 0 0 0 0 0 0 0 0 0 0 0 
0 0 0 0 0 0 0 0 0 0 0 8.80001e+08 1.9662e+11 2.11924e+12 6.04373e+12 8.7792e+12 8.95861e+12 7.58256e+12 5.83823e+12 4.32813e+12 3.19022e+12 2.38907e+12 1.83311e+12 1.45058e+12 1.18378e+12 9.96466e+11 8.62e+11 7.65211e+11 6.95751e+11 6.4954e+11 6.14245e+11 5.99637e+11 5.9039e+11 0 0 0 0 0 0 0 0 0 0 0 0 0 0 0 0 0 0 0 0 0 0 0 0 0 0 0 0 0 0 0 0 
0 0 0 0 0 0 0 0 0 0 0 5.43325e+07 8.11161e+10 1.71036e+12 7.26145e+12 1.34875e+13 1.61659e+13 1.5247e+13 1.26562e+13 9.86338e+12 7.51801e+12 5.74591e+12 4.46426e+12 3.55187e+12 2.90477e+12 2.44566e+12 2.11393e+12 1.87499e+12 1.70578e+12 1.58377e+12 1.50496e+12 1.46121e+12 1.44426e+12 0 0 0 0 0 0 0 0 0 0 0 0 0 0 0 0 0 0 0 0 0 0 0 0 0 0 0 0 0 0 0 0 
0 0 0 0 0 0 0 0 0 0 0 0 2.41928e+10 1.12384e+12 7.50762e+12 1.85238e+13 2.66888e+13 2.85528e+13 2.58499e+13 2.14109e+13 1.70187e+13 1.33657e+13 1.05774e+13 8.50844e+12 7.00389e+12 5.90186e+12 5.10952e+12 4.52741e+12 4.11749e+12 3.82242e+12 3.63621e+12 3.52205e+12 3.48926e+12 0 0 0 0 0 0 0 0 0 0 0 0 0 0 0 0 0 0 0 0 0 0 0 0 0 0 0 0 0 0 0 0 
0 0 0 0 0 0 0 0 0 0 0 0 4.77138e+09 5.90631e+11 6.59111e+12 2.24967e+13 4.00614e+13 4.94604e+13 4.95242e+13 4.4067e+13 3.68317e+13 2.99683e+13 2.42698e+13 1.98242e+13 1.64714e+13 1.3977e+13 1.21315e+13 1.0781e+13 9.79129e+12 9.09681e+12 8.6428e+12 8.37327e+12 8.29552e+12 0 0 0 0 0 0 0 0 0 0 0 0 0 0 0 0 0 0 0 0 0 0 0 0 0 0 0 0 0 0 0 0 
0 0 0 0 0 0 0 0 0 0 0 0 5.19731e+08 2.43156e+11 4.8539e+12 2.39068e+13 5.41137e+13 7.87129e+13 8.84635e+13 8.54462e+13 7.57998e+13 6.43414e+13 5.37202e+13 4.47891e+13 3.77189e+13 3.2309e+13 2.82049e+13 2.51564e+13 2.28882e+13 2.13298e+13 2.02462e+13 1.96466e+13 1.94379e+13 0 0 0 0 0 0 0 0 0 0 0 0 0 0 0 0 0 0 0 0 0 0 0 0 0 0 0 0 0 0 0 0 
0 0 0 0 0 0 0 0 0 0 0 0 2.24854e+07 7.59936e+10 2.95889e+12 2.19921e+13 6.5376e+13 1.14397e+14 1.46399e+14 1.55415e+14 1.47659e+14 1.31854e+14 1.1406e+14 9.77114e+13 8.38631e+13 7.27176e+13 6.4032e+13 5.73823e+13 5.25288e+13 4.8959e+13 4.66114e+13 4.52224e+13 4.48043e+13 0 0 0 0 0 0 0 0 0 0 0 0 0 0 0 0 0 0 0 0 0 0 0 0 0 0 0 0 0 0 0 0 
0 0 0 0 0 0 0 0 0 0 0 0 0 1.69838e+10 1.47433e+12 1.73239e+13 6.99088e+13 1.50709e+14 2.23421e+14 2.63867e+14 2.71073e+14 2.56491e+14 2.31669e+14 2.04772e+14 1.79864e+14 1.58679e+14 1.41339e+14 1.27936e+14 1.1754e+14 1.10039e+14 1.04928e+14 1.02008e+14 1.01078e+14 0 0 0 0 0 0 0 0 0 0 0 0 0 0 0 0 0 0 0 0 0 0 0 0 0 0 0 0 0 0 0 0 
0 0 0 0 0 0 0 0 0 0 0 0 0 2.42474e+09 5.90555e+11 1.15716e+13 6.55984e+13 1.78701e+14 3.12542e+14 4.15772e+14 4.66798e+14 4.71769e+14 4.48023e+14 4.10986e+14 3.71316e+14 3.34108e+14 3.02336e+14 2.7648e+14 2.56156e+14 2.41113e+14 2.30819e+14 2.2477e+14 2.2266e+14 0 0 0 0 0 0 0 0 0 0 0 0 0 0 0 0 0 0 0 0 0 0 0 0 0 0 0 0 0 0 0 0 
0 0 0 0 0 0 0 0 0 0 0 0 0 1.80959e+08 1.85472e+11 6.49424e+12 5.3571e+13 1.89288e+14 3.97804e+14 6.05032e+14 7.50392e+14 8.17282e+14 8.21321e+14 7.8641e+14 7.33814e+14 6.77331e+14 6.24416e+14 5.78378e+14 5.41192e+14 5.12913e+14 4.93011e+14 4.81647e+14 4.7787e+14 0 0 0 0 0 0 0 0 0 0 0 0 0 0 0 0 0 0 0 0 0 0 0 0 0 0 0 0 0 0 0 0 
0 0 0 0 0 0 0 0 0 0 0 0 0 5.41435e+06 4.37285e+10 3.02707e+12 3.77429e+13 1.77808e+14 4.5861e+14 8.09164e+14 1.12055e+15 1.32683e+15 1.4207e+15 1.4293e+15 1.38434e+15 1.31489e+15 1.23877e+15 1.16615e+15 1.10483e+15 1.05618e+15 1.02136e+15 1.00039e+15 9.93215e+14 0 0 0 0 0 0 0 0 0 0 0 0 0 0 0 0 0 0 0 0 0 0 0 0 0 0 0 0 0 0 0 0 
0 0 0 0 0 0 0 0 0 0 0 0 0 0 7.12012e+09 1.1575e+12 2.27652e+13 1.47013e+14 4.7518e+14 9.88901e+14 1.54698e+15 2.01069e+15 2.31239e+15 2.45646e+15 2.48407e+15 2.43717e+15 2.35352e+15 2.26093e+15 2.17178e+15 2.09744e+15 2.0428e+15 2.00869e+15 1.99702e+15 0 0 0 0 0 0 0 0 0 0 0 0 0 0 0 0 0 0 0 0 0 0 0 0 0 0 0 0 0 0 0 0 
0 0 0 0 0 0 0 0 0 0 0 0 0 0 6.92103e+08 3.55398e+11 1.16712e+13 1.06292e+14 4.40089e+14 1.09773e+15 1.96665e+15 2.83157e+15 3.52476e+15 3.98113e+15 4.2206e+15 4.2969e+15 4.2723e+15 4.1923e+15 4.09592e+15 4.0035e+15 3.92732e+15 3.88103e+15 3.86422e+15 0 0 0 0 0 0 0 0 0 0 0 0 0 0 0 0 0 0 0 0 0 0 0 0 0 0 0 0 0 0 0 0 
0 0 0 0 0 0 0 0 0 0 0 0 0 0 3.31578e+07 8.422e+10 5.0413e+12 6.67523e+13 3.6207e+14 1.10153e+15 2.29032e+15 3.69064e+15 5.0099e+15 6.05654e+15 6.76923e+15 7.18456e+15 7.37342e+15 7.42003e+15 7.38116e+15 7.31764e+15 7.24591e+15 7.19731e+15 7.18221e+15 0 0 0 0 0 0 0 0 0 0 0 0 0 0 0 0 0 0 0 0 0 0 0 0 0 0 0 0 0 0 0 0 
0 0 0 0 0 0 0 0 0 0 0 0 0 0 745100 1.44644e+10 1.8115e+12 3.62052e+13 2.63167e+14 9.93982e+14 2.43012e+15 4.43144e+15 6.61971e+15 8.62039e+15 1.02114e+16 1.13443e+16 1.20712e+16 1.24865e+16 1.26916e+16 1.27623e+16 1.27819e+16 1.27727e+16 1.27683e+16 0 0 0 0 0 0 0 0 0 0 0 0 0 0 0 0 0 0 0 0 0 0 0 0 0 0 0 0 0 0 0 0 
0 0 0 0 0 0 0 0 0 0 0 0 0 0 0 1.58945e+09 5.30829e+11 1.68483e+13 1.67892e+14 8.02054e+14 2.34009e+15 4.88389e+15 8.09492e+15 1.14342e+16 1.44428e+16 1.68707e+16 1.86736e+16 1.99162e+16 2.07213e+16 2.12103e+16 2.14724e+16 2.16101e+16 2.16497e+16 0 0 0 0 0 0 0 0 0 0 0 0 0 0 0 0 0 0 0 0 0 0 0 0 0 0 0 0 0 0 0 0 
0 0 0 0 0 0 0 0 0 0 0 0 0 0 0 9.38165e+07 1.22625e+11 6.67698e+12 9.37062e+13 5.76291e+14 2.03551e+15 4.91794e+15 9.12824e+15 1.40845e+16 1.90826e+16 2.35583e+16 2.72199e+16 3.00268e+16 3.20483e+16 3.34222e+16 3.43015e+16 3.47652e+16 3.49271e+16 0 0 0 0 0 0 0 0 0 0 0 0 0 0 0 0 0 0 0 0 0 0 0 0 0 0 0 0 0 0 0 0 
0 0 0 0 0 0 0 0 0 0 0 0 0 0 0 2.97181e+06 2.09405e+10 2.22407e+12 4.54741e+13 3.66732e+14 1.59205e+15 4.50631e+15 9.45707e+15 1.60688e+16 2.34671e+16 3.07573e+16 3.7272e+16 4.26393e+16 4.68092e+16 4.98339e+16 5.18781e+16 5.30465e+16 5.33967e+16 0 0 0 0 0 0 0 0 0 0 0 0 0 0 0 0 0 0 0 0 0 0 0 0 0 0 0 0 0 0 0 0 
0 0 0 0 0 0 0 0 0 0 0 0 0 0 0 57965.1 2.38433e+09 6.10304e+11 1.90861e+13 2.05975e+14 1.11538e+15 3.74375e+15 8.97086e+15 1.69034e+16 2.68035e+16 3.74739e+16 4.77784e+16 5.69036e+16 6.4396e+16 7.0144e+16 7.41232e+16 7.64833e+16 7.72636e+16 0 0 0 0 0 0 0 0 0 0 0 0 0 0 0 0 0 0 0 0 0 0 0 0 0 0 0 0 0 0 0 0 
0 0 0 0 0 0 0 0 0 0 0 0 0 0 0 0 1.48384e+08 1.3305e+11 6.87009e+12 1.01691e+14 6.96882e+14 2.80718e+15 7.7572e+15 1.63518e+16 2.83169e+16 4.24552e+16 5.7193e+16 7.11364e+16 8.3233e+16 9.2882e+16 9.98478e+16 1.03995e+17 1.05387e+17 0 0 0 0 0 0 0 0 0 0 0 0 0 0 0 0 0 0 0 0 0 0 0 0 0 0 0 0 0 0 0 0 
0 0 0 0 0 0 0 0 0 0 0 0 0 0 0 0 5.35216e+06 2.16838e+10 2.09214e+12 4.39276e+13 3.87205e+14 1.89451e+15 6.09687e+15 1.44898e+16 2.75964e+16 4.46151e+16 6.37895e+16 8.30676e+16 1.00746e+17 1.15413e+17 1.26328e+17 1.32998e+17 1.35249e+17 0 0 0 0 0 0 0 0 0 0 0 0 0 0 0 0 0 0 0 0 0 0 0 0 0 0 0 0 0 0 0 0 
0 0 0 0 0 0 0 0 0 0 0 0 0 0 0 0 109862 2.36212e+09 5.26177e+11 1.65023e+13 1.90592e+14 1.14702e+15 4.34156e+15 1.1737e+16 2.47359e+16 4.33348e+16 6.60327e+16 9.04239e+16 1.13884e+17 1.34276e+17 1.49821e+17 1.59579e+17 1.62862e+17 0 0 0 0 0 0 0 0 0 0 0 0 0 0 0 0 0 0 0 0 0 0 0 0 0 0 0 0 0 0 0 0 
0 0 0 0 0 0 0 0 0 0 0 0 0 0 0 0 2147.04 1.40113e+08 1.05184e+11 5.33415e+12 8.28796e+13 6.21153e+14 2.79334e+15 8.65041e+15 2.03323e+16 3.88251e+16 6.33382e+16 9.14697e+16 1.20045e+17 1.45879e+17 1.66231e+17 1.79191e+17 1.83657e+17 0 0 0 0 0 0 0 0 0 0 0 0 0 0 0 0 0 0 0 0 0 0 0 0 0 0 0 0 0 0 0 0 
0 0 0 0 0 0 0 0 0 0 0 0 0 0 0 0 0 4.57573e+06 1.56067e+10 1.46017e+12 3.16439e+13 2.99958e+14 1.61902e+15 5.79512e+15 1.5279e+16 3.19862e+16 5.60997e+16 8.58218e+16 1.17642e+17 1.47637e+17 1.72046e+17 1.87917e+17 1.93431e+17 0 0 0 0 0 0 0 0 0 0 0 0 0 0 0 0 0 0 0 0 0 0 0 0 0 0 0 0 0 0 0 0 
0 0 0 0 0 0 0 0 0 0 0 0 0 0 0 0 0 91957.3 1.52338e+09 3.28907e+11 1.05346e+13 1.28809e+14 8.42938e+14 3.51718e+15 1.04788e+16 2.41779e+16 4.58225e+16 7.44202e+16 1.06945e+17 1.38902e+17 1.65815e+17 1.83647e+17 1.89858e+17 0 0 0 0 0 0 0 0 0 0 0 0 0 0 0 0 0 0 0 0 0 0 0 0 0 0 0 0 0 0 0 0 
0 0 0 0 0 0 0 0 0 0 0 0 0 0 0 0 0 0 7.55932e+07 5.82993e+10 3.01136e+12 4.89487e+13 3.93752e+14 1.92864e+15 6.53638e+15 1.67185e+16 3.43984e+16 5.95785e+16 8.99472e+16 1.21229e+17 1.48348e+17 1.66754e+17 1.7326e+17 0 0 0 0 0 0 0 0 0 0 0 0 0 0 0 0 0 0 0 0 0 0 0 0 0 0 0 0 0 0 0 0 
0 0 0 0 0 0 0 0 0 0 0 0 0 0 0 0 0 0 1.86027e+06 7.49115e+09 7.25171e+11 1.63685e+13 1.64329e+14 9.54905e+14 3.70582e+15 1.05645e+16 2.369e+16 4.39395e+16 6.98949e+16 9.79375e+16 1.23113e+17 1.40541e+17 1.46778e+17 0 0 0 0 0 0 0 0 0 0 0 0 0 0 0 0 0 0 0 0 0 0 0 0 0 0 0 0 0 0 0 0 
0 0 0 0 0 0 0 0 0 0 0 0 0 0 0 0 0 0 2699.86 5.98029e+08 1.42089e+11 4.7473e+12 6.1074e+13 4.2543e+14 1.90342e+15 6.08221e+15 1.49367e+16 2.97692e+16 5.00577e+16 7.30568e+16 9.44436e+16 1.09663e+17 1.15176e+17 0 0 0 0 0 0 0 0 0 0 0 0 0 0 0 0 0 0 0 0 0 0 0 0 0 0 0 0 0 0 0 0 
0 0 0 0 0 0 0 0 0 0 0 0 0 0 0 0 0 0 0 2.08651e+07 2.1426e+10 1.17776e+12 2.0091e+13 1.70213e+14 8.84653e+14 3.18593e+15 8.60902e+15 1.85025e+16 3.29659e+16 5.02535e+16 6.69552e+16 7.90925e+16 8.35358e+16 0 0 0 0 0 0 0 0 0 0 0 0 0 0 0 0 0 0 0 0 0 0 0 0 0 0 0 0 0 0 0 0 
0 0 0 0 0 0 0 0 0 0 0 0 0 0 0 0 0 0 0 114338 2.23073e+09 2.42873e+11 5.77574e+12 6.08975e+13 3.7149e+14 1.51612e+15 4.52754e+15 1.05239e+16 1.99341e+16 3.1805e+16 4.37266e+16 5.26137e+16 5.59047e+16 0 0 0 0 0 0 0 0 0 0 0 0 0 0 0 0 0 0 0 0 0 0 0 0 0 0 0 0 0 0 0 0 
0 0 0 0 0 0 0 0 0 0 0 0 0 0 0 0 0 0 0 0 1.28293e+08 3.99574e+10 1.43518e+12 1.93321e+13 1.40546e+14 6.54568e+14 2.16984e+15 5.47662e+15 1.10618e+16 1.84962e+16 2.62829e+16 3.22454e+16 3.44779e+16 0 0 0 0 0 0 0 0 0 0 0 0 0 0 0 0 0 0 0 0 0 0 0 0 0 0 0 0 0 0 0 0 
0 0 0 0 0 0 0 0 0 0 0 0 0 0 0 0 0 0 0 0 1.66892e+06 4.84382e+09 3.00889e+11 5.40834e+12 4.76274e+13 2.55851e+14 9.45924e+14 2.6032e+15 5.61715e+15 9.87487e+15 1.45156e+16 1.81756e+16 1.95703e+16 0 0 0 0 0 0 0 0 0 0 0 0 0 0 0 0 0 0 0 0 0 0 0 0 0 0 0 0 0 0 0 0 
0 0 0 0 0 0 0 0 0 0 0 0 0 0 0 0 0 0 0 0 3036.33 3.67946e+08 5.14536e+10 1.31439e+12 1.43935e+13 9.02131e+13 3.75072e+14 1.12885e+15 2.61054e+15 4.8317e+15 7.36102e+15 9.40592e+15 1.01951e+16 0 0 0 0 0 0 0 0 0 0 0 0 0 0 0 0 0 0 0 0 0 0 0 0 0 0 0 0 0 0 0 0 
0 0 0 0 0 0 0 0 0 0 0 0 0 0 0 0 0 0 0 0 0 1.12234e+07 6.76416e+09 2.72492e+11 3.84419e+12 2.85836e+13 1.34642e+14 4.46079e+14 1.10862e+15 2.16442e+15 3.4233e+15 4.4711e+15 4.88155e+15 0 0 0 0 0 0 0 0 0 0 0 0 0 0 0 0 0 0 0 0 0 0 0 0 0 0 0 0 0 0 0 0 
0 0 0 0 0 0 0 0 0 0 0 0 0 0 0 0 0 0 0 0 0 77818.8 6.00673e+08 4.68692e+10 8.96633e+11 8.08903e+12 4.37259e+13 1.6024e+14 4.30004e+14 8.87583e+14 1.45881e+15 1.94834e+15 2.14368e+15 0 0 0 0 0 0 0 0 0 0 0 0 0 0 0 0 0 0 0 0 0 0 0 0 0 0 0 0 0 0 0 0 
0 0 0 0 0 0 0 0 0 0 0 0 0 0 0 0 0 0 0 0 0 0 2.61999e+07 6.36353e+09 1.79872e+11 2.03025e+12 1.27721e+13 5.22515e+13 1.52122e+14 3.32932e+14 5.69429e+14 7.79098e+14 8.63449e+14 0 0 0 0 0 0 0 0 0 0 0 0 0 0 0 0 0 0 0 0 0 0 0 0 0 0 0 0 0 0 0 0 
0 0 0 0 0 0 0 0 0 0 0 0 0 0 0 0 0 0 0 0 0 0 663282 6.15155e+08 3.03394e+10 4.47665e+11 3.34041e+12 1.54051e+13 4.89275e+13 1.14071e+14 2.03647e+14 2.85403e+14 3.1878e+14 0 0 0 0 0 0 0 0 0 0 0 0 0 0 0 0 0 0 0 0 0 0 0 0 0 0 0 0 0 0 0 0 
0 0 0 0 0 0 0 0 0 0 0 0 0 0 0 0 0 0 0 0 0 0 1885.47 3.1697e+07 4.09704e+09 8.5503e+10 7.77134e+11 4.09781e+12 1.42932e+13 3.56352e+13 6.64726e+13 9.56877e+13 1.07915e+14 0 0 0 0 0 0 0 0 0 0 0 0 0 0 0 0 0 0 0 0 0 0 0 0 0 0 0 0 0 0 0 0 
0 0 0 0 0 0 0 0 0 0 0 0 0 0 0 0 0 0 0 0 0 0 0 1.17195e+06 4.13557e+08 1.38202e+10 1.59579e+11 9.78119e+11 3.78828e+12 1.01434e+13 1.98353e+13 2.93553e+13 3.33813e+13 0 0 0 0 0 0 0 0 0 0 0 0 0 0 0 0 0 0 0 0 0 0 0 0 0 0 0 0 0 0 0 0 
0 0 0 0 0 0 0 0 0 0 0 0 0 0 0 0 0 0 0 0 0 0 0 25167.8 2.19876e+07 1.80817e+09 2.86067e+10 2.08636e+11 9.06531e+11 2.62519e+12 5.41486e+12 8.24051e+12 9.46714e+12 0 0 0 0 0 0 0 0 0 0 0 0 0 0 0 0 0 0 0 0 0 0 0 0 0 0 0 0 0 0 0 0 
0 0 0 0 0 0 0 0 0 0 0 0 0 0 0 0 0 0 0 0 0 0 0 0 980418 1.84893e+08 4.36222e+09 3.94605e+10 1.95565e+11 6.17699e+11 1.34616e+12 2.11649e+12 2.45272e+12 0 0 0 0 0 0 0 0 0 0 0 0 0 0 0 0 0 0 0 0 0 0 0 0 0 0 0 0 0 0 0 0 
0 0 0 0 0 0 0 0 0 0 0 0 0 0 0 0 0 0 0 0 0 0 0 0 25412.3 9.1968e+06 5.384e+08 6.54404e+09 3.79035e+10 1.31924e+11 3.05851e+11 4.97565e+11 5.83859e+11 0 0 0 0 0 0 0 0 0 0 0 0 0 0 0 0 0 0 0 0 0 0 0 0 0 0 0 0 0 0 0 0 
0 0 0 0 0 0 0 0 0 0 0 0 0 0 0 0 0 0 0 0 0 0 0 0 476.309 401478 5.51677e+07 9.3202e+08 6.51584e+09 2.55197e+10 6.33723e+10 1.07022e+11 1.26978e+11 0 0 0 0 0 0 0 0 0 0 0 0 0 0 0 0 0 0 0 0 0 0 0 0 0 0 0 0 0 0 0 0 
0 0 0 0 0 0 0 0 0 0 0 0 0 0 0 0 0 0 0 0 0 0 0 0 0 11429.4 2.15963e+06 1.05714e+08 9.93131e+08 4.46036e+09 1.19257e+10 2.11242e+10 2.53013e+10 0 0 0 0 0 0 0 0 0 0 0 0 0 0 0 0 0 0 0 0 0 0 0 0 0 0 0 0 0 0 0 0 
0 0 0 0 0 0 0 0 0 0 0 0 0 0 0 0 0 0 0 0 0 0 0 0 0 0 86178.5 1.08428e+07 1.31481e+08 6.86369e+08 2.0613e+09 3.79739e+09 4.65859e+09 0 0 0 0 0 0 0 0 0 0 0 0 0 0 0 0 0 0 0 0 0 0 0 0 0 0 0 0 0 0 0 0 
0 0 0 0 0 0 0 0 0 0 0 0 0 0 0 0 0 0 0 0 0 0 0 0 0 0 0 281075 1.259e+07 9.68819e+07 3.1886e+08 6.23977e+08 7.83281e+08 0 0 0 0 0 0 0 0 0 0 0 0 0 0 0 0 0 0 0 0 0 0 0 0 0 0 0 0 0 0 0 0 
0 0 0 0 0 0 0 0 0 0 0 0 0 0 0 0 0 0 0 0 0 0 0 0 0 0 0 0 1.56681e+06 1.17429e+07 4.33511e+07 9.64331e+07 1.18371e+08 0 0 0 0 0 0 0 0 0 0 0 0 0 0 0 0 0 0 0 0 0 0 0 0 0 0 0 0 0 0 0 0 
0 0 0 0 0 0 0 0 0 0 0 0 0 0 0 0 0 0 0 0 0 0 0 0 0 0 0 0 772.909 841316 5.99382e+06 1.2675e+07 1.7167e+07 0 0 0 0 0 0 0 0 0 0 0 0 0 0 0 0 0 0 0 0 0 0 0 0 0 0 0 0 0 0 0 0 
0 0 0 0 0 0 0 0 0 0 0 0 0 0 0 0 0 0 0 0 0 0 0 0 0 0 0 0 0 175290 657103 1.50463e+06 2.45039e+06 0 0 0 0 0 0 0 0 0 0 0 0 0 0 0 0 0 0 0 0 0 0 0 0 0 0 0 0 0 0 0 0 
0 0 0 0 0 0 0 0 0 0 0 0 0 0 0 0 0 0 0 0 0 0 0 0 0 0 0 0 0 0 18162.5 275416 186827 0 0 0 0 0 0 0 0 0 0 0 0 0 0 0 0 0 0 0 0 0 0 0 0 0 0 0 0 0 0 0 0 
0 0 0 0 0 0 0 0 0 0 0 0 0 0 0 0 0 0 0 0 0 0 0 0 0 0 0 0 0 0 19358 17329.3 44389.6 0 0 0 0 0 0 0 0 0 0 0 0 0 0 0 0 0 0 0 0 0 0 0 0 0 0 0 0 0 0 0 0 
0 0 0 0 0 0 0 0 0 0 0 0 0 0 0 0 0 0 0 0 0 0 0 0 0 0 0 0 0 0 0 0 8007.44 0 0 0 0 0 0 0 0 0 0 0 0 0 0 0 0 0 0 0 0 0 0 0 0 0 0 0 0 0 0 0 0 
0 0 0 0 0 0 0 0 0 0 0 0 0 0 0 0 0 0 0 0 0 0 0 0 0 0 0 0 0 0 0 1336.21 0 0 0 0 0 0 0 0 0 0 0 0 0 0 0 0 0 0 0 0 0 0 0 0 0 0 0 0 0 0 0 0 0 
0 0 0 0 0 0 0 0 0 0 0 0 0 0 0 0 0 0 0 0 0 0 0 0 0 0 0 0 0 0 0 0 0 0 0 0 0 0 0 0 0 0 0 0 0 0 0 0 0 0 0 0 0 0 0 0 0 0 0 0 0 0 0 0 0 
0 0 0 0 0 0 0 0 0 0 0 0 0 0 0 0 0 0 0 0 0 0 0 0 0 0 0 0 0 0 0 0 41.7565 0 0 0 0 0 0 0 0 0 0 0 0 0 0 0 0 0 0 0 0 0 0 0 0 0 0 0 0 0 0 0 0 
0 0 0 0 0 0 0 0 0 0 0 0 0 0 0 0 0 0 0 0 0 0 0 0 0 0 0 0 0 0 0 0 0 0 0 0 0 0 0 0 0 0 0 0 0 0 0 0 0 0 0 0 0 0 0 0 0 0 0 0 0 0 0 0 0 
0 0 0 0 0 0 0 0 0 0 0 0 0 0 0 0 0 0 0 0 0 0 0 0 0 0 0 0 0 0 0 0 0 0 0 0 0 0 0 0 0 0 0 0 0 0 0 0 0 0 0 0 0 0 0 0 0 0 0 0 0 0 0 0 0 
0 0 0 0 0 0 0 0 0 0 0 0 0 0 0 0 0 0 0 0 0 0 0 0 0 0 0 0 0 0 0 0 0 0 0 0 0 0 0 0 0 0 0 0 0 0 0 0 0 0 0 0 0 0 0 0 0 0 0 0 0 0 0 0 0 
0 0 0 0 0 0 0 0 0 0 0 0 0 0 0 0 0 0 0 0 0 0 0 0 0 0 0 0 0 0 0 0 0 0 0 0 0 0 0 0 0 0 0 0 0 0 0 0 0 0 0 0 0 0 0 0 0 0 0 0 0 0 0 0 0 
0 0 0 0 0 0 0 0 0 0 0 0 0 0 0 0 0 0 0 0 0 0 0 0 0 0 0 0 0 0 0 0 0 0 0 0 0 0 0 0 0 0 0 0 0 0 0 0 0 0 0 0 0 0 0 0 0 0 0 0 0 0 0 0 0 
0 0 0 0 0 0 0 0 0 0 0 0 0 0 0 0 0 0 0 0 0 0 0 0 0 0 0 0 0 0 0 0 0 0 0 0 0 0 0 0 0 0 0 0 0 0 0 0 0 0 0 0 0 0 0 0 0 0 0 0 0 0 0 0 0 
0 0 0 0 0 0 0 0 0 0 0 0 0 0 0 0 0 0 0 0 0 0 0 0 0 0 0 0 0 0 0 0 0 0 0 0 0 0 0 0 0 0 0 0 0 0 0 0 0 0 0 0 0 0 0 0 0 0 0 0 0 0 0 0 0 
0 0 0 0 0 0 0 0 0 0 0 0 0 0 0 0 0 0 0 0 0 0 0 0 0 0 0 0 0 0 0 0 0 0 0 0 0 0 0 0 0 0 0 0 0 0 0 0 0 0 0 0 0 0 0 0 0 0 0 0 0 0 0 0 0 
0 0 0 0 0 0 0 0 0 0 0 0 0 0 0 0 0 0 0 0 0 0 0 0 0 0 0 0 0 0 0 0 0 0 0 0 0 0 0 0 0 0 0 0 0 0 0 0 0 0 0 0 0 0 0 0 0 0 0 0 0 0 0 0 0 
0 0 0 0 0 0 0 0 0 0 0 0 0 0 0 0 0 0 0 0 0 0 0 0 0 0 0 0 0 0 0 0 0 0 0 0 0 0 0 0 0 0 0 0 0 0 0 0 0 0 0 0 0 0 0 0 0 0 0 0 0 0 0 0 0 
0 0 0 0 0 0 0 0 0 0 0 0 0 0 0 0 0 0 0 0 0 0 0 0 0 0 0 0 0 0 0 0 0 0 0 0 0 0 0 0 0 0 0 0 0 0 0 0 0 0 0 0 0 0 0 0 0 0 0 0 0 0 0 0 0 
0 0 0 0 0 0 0 0 0 0 0 0 0 0 0 0 0 0 0 0 0 0 0 0 0 0 0 0 0 0 0 0 0 0 0 0 0 0 0 0 0 0 0 0 0 0 0 0 0 0 0 0 0 0 0 0 0 0 0 0 0 0 0 0 0 
0 0 0 0 0 0 0 0 0 0 0 0 0 0 0 0 0 0 0 0 0 0 0 0 0 0 0 0 0 0 0 0 0 0 0 0 0 0 0 0 0 0 0 0 0 0 0 0 0 0 0 0 0 0 0 0 0 0 0 0 0 0 0 0 0 
0 0 0 0 0 0 0 0 0 0 0 0 0 0 0 0 0 0 0 0 0 0 0 0 0 0 0 0 0 0 0 0 0 0 0 0 0 0 0 0 0 0 0 0 0 0 0 0 0 0 0 0 0 0 0 0 0 0 0 0 0 0 0 0 0 
0 0 0 0 0 0 0 0 0 0 0 0 0 0 0 0 0 0 0 0 0 0 0 0 0 0 0 0 0 0 0 0 0 0 0 0 0 0 0 0 0 0 0 0 0 0 0 0 0 0 0 0 0 0 0 0 0 0 0 0 0 0 0 0 0 
0 0 0 0 0 0 0 0 0 0 0 0 0 0 0 0 0 0 0 0 0 0 0 0 0 0 0 0 0 0 0 0 0 0 0 0 0 0 0 0 0 0 0 0 0 0 0 0 0 0 0 0 0 0 0 0 0 0 0 0 0 0 0 0 0 
0 0 0 0 0 0 0 0 0 0 0 0 0 0 0 0 0 0 0 0 0 0 0 0 0 0 0 0 0 0 0 0 0 0 0 0 0 0 0 0 0 0 0 0 0 0 0 0 0 0 0 0 0 0 0 0 0 0 0 0 0 0 0 0 0 
0 0 0 0 0 0 0 0 0 0 0 0 0 0 0 0 0 0 0 0 0 0 0 0 0 0 0 0 0 0 0 0 0 0 0 0 0 0 0 0 0 0 0 0 0 0 0 0 0 0 0 0 0 0 0 0 0 0 0 0 0 0 0 0 0 
0 0 0 0 0 0 0 0 0 0 0 0 0 0 0 0 0 0 0 0 0 0 0 0 0 0 0 0 0 0 0 0 0 0 0 0 0 0 0 0 0 0 0 0 0 0 0 0 0 0 0 0 0 0 0 0 0 0 0 0 0 0 0 0 0 
0 0 0 0 0 0 0 0 0 0 0 0 0 0 0 0 0 0 0 0 0 0 0 0 0 0 0 0 0 0 0 0 0 0 0 0 0 0 0 0 0 0 0 0 0 0 0 0 0 0 0 0 0 0 0 0 0 0 0 0 0 0 0 0 0 
0 0 0 0 0 0 0 0 0 0 0 0 0 0 0 0 0 0 0 0 0 0 0 0 0 0 0 0 0 0 0 0 0 0 0 0 0 0 0 0 0 0 0 0 0 0 0 0 0 0 0 0 0 0 0 0 0 0 0 0 0 0 0 0 0 
0 0 0 0 0 0 0 0 0 0 0 0 0 0 0 0 0 0 0 0 0 0 0 0 0 0 0 0 0 0 0 0 0 0 0 0 0 0 0 0 0 0 0 0 0 0 0 0 0 0 0 0 0 0 0 0 0 0 0 0 0 0 0 0 0 
0 0 0 0 0 0 0 0 0 0 0 0 0 0 0 0 0 0 0 0 0 0 0 0 0 0 0 0 0 0 0 0 0 0 0 0 0 0 0 0 0 0 0 0 0 0 0 0 0 0 0 0 0 0 0 0 0 0 0 0 0 0 0 0 0 
0 0 0 0 0 0 0 0 0 0 0 0 0 0 0 0 0 0 0 0 0 0 0 0 0 0 0 0 0 0 0 0 0 0 0 0 0 0 0 0 0 0 0 0 0 0 0 0 0 0 0 0 0 0 0 0 0 0 0 0 0 0 0 0 0 
0 0 0 0 0 0 0 0 0 0 0 0 0 0 0 0 0 0 0 0 0 0 0 0 0 0 0 0 0 0 0 0 0 0 0 0 0 0 0 0 0 0 0 0 0 0 0 0 0 0 0 0 0 0 0 0 0 0 0 0 0 0 0 0 0 
0 0 0 0 0 0 0 0 0 0 0 0 0 0 0 0 0 0 0 0 0 0 0 0 0 0 0 0 0 0 0 0 0 0 0 0 0 0 0 0 0 0 0 0 0 0 0 0 0 0 0 0 0 0 0 0 0 0 0 0 0 0 0 0 0 
0 0 0 0 0 0 0 0 0 0 0 0 0 0 0 0 0 0 0 0 0 0 0 0 0 0 0 0 0 0 0 0 0 0 0 0 0 0 0 0 0 0 0 0 0 0 0 0 0 0 0 0 0 0 0 0 0 0 0 0 0 0 0 0 0 
0 0 0 0 0 0 0 0 0 0 0 0 0 0 0 0 0 0 0 0 0 0 0 0 0 0 0 0 0 0 0 0 0 0 0 0 0 0 0 0 0 0 0 0 0 0 0 0 0 0 0 0 0 0 0 0 0 0 0 0 0 0 0 0 0 
0 0 0 0 0 0 0 0 0 0 0 0 0 0 0 0 0 0 0 0 0 0 0 0 0 0 0 0 0 0 0 0 0 0 0 0 0 0 0 0 0 0 0 0 0 0 0 0 0 0 0 0 0 0 0 0 0 0 0 0 0 0 0 0 0 
0 0 0 0 0 0 0 0 0 0 0 0 0 0 0 0 0 0 0 0 0 0 0 0 0 0 0 0 0 0 0 0 0 0 0 0 0 0 0 0 0 0 0 0 0 0 0 0 0 0 0 0 0 0 0 0 0 0 0 0 0 0 0 0 0 
0 0 0 0 0 0 0 0 0 0 0 0 0 0 0 0 0 0 0 0 0 0 0 0 0 0 0 0 0 0 0 0 0 0 0 0 0 0 0 0 0 0 0 0 0 0 0 0 0 0 0 0 0 0 0 0 0 0 0 0 0 0 0 0 0 
0 0 0 0 0 0 0 0 0 0 0 0 0 0 0 0 0 0 0 0 0 0 0 0 0 0 0 0 0 0 0 0 0 0 0 0 0 0 0 0 0 0 0 0 0 0 0 0 0 0 0 0 0 0 0 0 0 0 0 0 0 0 0 0 0 
