1 0 0 0 0 0 0 0 0 0 0 0 0 0 0 0 0 0 0 0 0 0 0 0 0 0 0 0 0 0 0 0 0 0 0 0 0 0 0 0 0 0 0 0 0 0 0 0 0 0 0 0 0 0 0 0 0 0 0 0 0 0 0 0 1 
0 0 0 0 0 0 0 0 0 0 0 0 0 0 0 0 0 0 0 0 0 0 0 0 0 0 0 0 0 0 0 0 0 0 0 0 0 0 0 0 0 0 0 0 0 0 0 0 0 0 0 0 0 0 0 0 0 0 0 0 0 0 0 0 0 
0 64 0 0 0 0 0 0 0 0 0 0 0 0 0 0 0 0 0 0 0 0 0 0 0 0 0 0 0 0 0 0 0 0 0 0 0 0 0 0 0 0 0 0 0 0 0 0 0 0 0 0 0 0 0 0 0 0 0 0 0 0 0 64 0 
0 0 127.192 0 0 0 0 0 0 0 0 0 0 0 0 0 0 0 0 0 0 0 0 0 0 0 0 0 0 0 0 0 0 0 0 0 0 0 0 0 0 0 0 0 0 0 0 0 0 0 0 0 0 0 0 0 0 0 0 0 0 0 127.225 0 0 
0 0 1888.81 381.66 63.6623 0 0 0 0 0 0 0 0 0 0 0 0 0 0 0 0 0 0 0 0 0 0 0 0 0 0 0 0 0 0 0 0 0 0 0 0 0 0 0 0 0 0 0 0 0 0 0 0 0 0 0 0 0 0 0 63.813 379.48 1888.77 0 0 
0 0 0 7119.58 1150.54 516.048 127.972 0 0 0 0 0 0 0 0 0 0 0 0 0 0 0 0 0 0 0 0 0 0 0 0 0 0 0 0 0 0 0 0 0 0 0 0 0 0 0 0 0 0 0 0 0 0 0 0 0 0 0 128.453 511.32 1139.25 7140.93 0 0 0 
0 0 0 34162.8 27481.2 6874.47 2556.26 1413.33 387.113 65.3244 0 0 0 0 0 0 0 0 0 0 0 0 0 0 0 0 0 0 0 0 0 0 0 0 0 0 0 0 0 0 0 0 0 0 0 0 0 0 0 0 0 0 0 0 0 64.5254 385.076 1400.62 2548.5 6825.32 27312.5 34143.6 0 0 0 
0 0 0 0 182978 97451 42968.5 17016.3 8607.19 4580.22 1920.64 507.62 127.344 0 0 0 0 0 0 0 0 0 0 0 0 0 0 0 0 0 0 0 0 0 0 0 0 0 0 0 0 0 0 0 0 0 0 0 0 0 0 0 126.921 507.696 1915.46 4573.61 8518.19 16855.8 42838.1 96978.2 183655 0 0 0 0 
0 0 0 0 423703 831121 410663 222084 121627 59465.9 33366.6 19789.6 9697.34 4411.42 1423.02 385.188 80.1118 0 0 0 0 0 0 0 16.1877 0 0 0 0 0 0 0 15.9979 0 0 0 0 0 0 0 15.94 0 0 0 0 0 0 0 79 387.69 1418.6 4335.53 9696.29 19869.6 33361.9 59070.9 120601 223300 411436 826910 423206 0 0 0 0 
0 0 0 0 0 2.86137e+06 3.32834e+06 1.98206e+06 1.14216e+06 718857 422618 249897 154827 94564.6 55600.4 29563.5 13963.6 5868.87 2184.06 773.034 387.859 259.511 259.934 257.317 0 257.541 256.883 257.56 256.14 256.294 255.395 256.866 0 255.936 258.298 257.244 258.753 259.032 258.462 259.427 0 255.466 254.537 252.977 380.395 771.023 2193.1 5925.9 14068.5 29540.2 55603.4 94840.4 154146 251031 424642 715629 1.13161e+06 1.98034e+06 3.31341e+06 2.86362e+06 0 0 0 0 0 
0 0 0 0 0 3.82718e+06 1.45395e+07 1.35666e+07 9.40829e+06 6.10431e+06 3.99886e+06 2.67922e+06 1.78119e+06 1.16882e+06 777156 507170 326373 203664 119431 67255.1 36644.6 21286.1 13769.1 10888.7 11732.1 9748.43 9395.79 9258.85 9340.69 9210.31 9303.49 9453.66 11303.2 9530.12 9340.31 9227.49 9348.77 9224.94 9383.53 9690.84 11746.4 10782.2 13647.8 21115.3 36649.3 67521.9 119968 205224 326970 506737 771392 1.16403e+06 1.79141e+06 2.67512e+06 4.01761e+06 6.10816e+06 9.35835e+06 1.35812e+07 1.46637e+07 3.82967e+06 0 0 0 0 0 
0 0 0 0 0 0 3.03707e+07 6.36309e+07 5.75342e+07 4.33129e+07 3.14458e+07 2.23512e+07 1.58957e+07 1.14938e+07 8.16927e+06 5.8672e+06 4.15785e+06 2.92899e+06 2.07206e+06 1.44739e+06 1.01052e+06 704398 498511 368977 284353 248286 230714 222566 215499 217540 214744 213325 206413 213391 213597 217585 217736 224439 232362 247210 282380 369480 497954 702734 1.00548e+06 1.45098e+06 2.08479e+06 2.91988e+06 4.15168e+06 5.83197e+06 8.21025e+06 1.14825e+07 1.58571e+07 2.23286e+07 3.13172e+07 4.32341e+07 5.75435e+07 6.37676e+07 3.03282e+07 0 0 0 0 0 0 
0 0 0 0 0 0 2.62795e+07 1.69124e+08 2.62884e+08 2.46288e+08 1.987e+08 1.55458e+08 1.19451e+08 9.10638e+07 6.91497e+07 5.26546e+07 4.00464e+07 3.05369e+07 2.3327e+07 1.78446e+07 1.36046e+07 1.05786e+07 8.34021e+06 6.6578e+06 5.47627e+06 4.64337e+06 4.01868e+06 3.62522e+06 3.41859e+06 3.25504e+06 3.19896e+06 3.1909e+06 3.20328e+06 3.18985e+06 3.22689e+06 3.28786e+06 3.43085e+06 3.62782e+06 4.01301e+06 4.64456e+06 5.48591e+06 6.62269e+06 8.29218e+06 1.05397e+07 1.3697e+07 1.78592e+07 2.33789e+07 3.0652e+07 4.01136e+07 5.26365e+07 6.93248e+07 9.0664e+07 1.19314e+08 1.54999e+08 1.98509e+08 2.46877e+08 2.62257e+08 1.6947e+08 2.62122e+07 0 0 0 0 0 0 
0 0 0 0 0 0 0 2.32887e+08 7.85834e+08 1.06803e+09 1.04049e+09 9.01361e+08 7.50717e+08 6.08938e+08 4.8904e+08 3.92981e+08 3.1637e+08 2.53749e+08 2.04535e+08 1.65886e+08 1.34338e+08 1.1001e+08 9.09654e+07 7.62779e+07 6.49158e+07 5.6574e+07 5.03127e+07 4.55256e+07 4.20837e+07 4.01866e+07 3.84969e+07 3.77286e+07 3.72298e+07 3.77874e+07 3.86645e+07 4.02912e+07 4.24957e+07 4.57848e+07 5.05002e+07 5.65372e+07 6.51948e+07 7.64071e+07 9.15596e+07 1.10526e+08 1.34718e+08 1.65902e+08 2.04743e+08 2.5456e+08 3.16238e+08 3.95019e+08 4.89761e+08 6.09237e+08 7.47872e+08 8.9967e+08 1.04358e+09 1.07209e+09 7.85569e+08 2.3248e+08 0 0 0 0 0 0 0 
0 0 0 0 0 0 0 1.39785e+08 1.38406e+09 3.30193e+09 4.28942e+09 4.33862e+09 4.0009e+09 3.50806e+09 2.98863e+09 2.52107e+09 2.12282e+09 1.78551e+09 1.50273e+09 1.26644e+09 1.0751e+09 9.16718e+08 7.90329e+08 6.83238e+08 5.99609e+08 5.3273e+08 4.81243e+08 4.42062e+08 4.13935e+08 3.91377e+08 3.77464e+08 3.69087e+08 3.67359e+08 3.71394e+08 3.79267e+08 3.92137e+08 4.14836e+08 4.439e+08 4.82989e+08 5.36775e+08 6.01954e+08 6.84404e+08 7.88597e+08 9.17638e+08 1.07673e+09 1.26653e+09 1.50249e+09 1.78507e+09 2.12279e+09 2.53153e+09 2.99171e+09 3.49617e+09 3.98676e+09 4.35363e+09 4.27438e+09 3.30232e+09 1.38877e+09 1.39696e+08 0 0 0 0 0 0 0 
0 0 0 0 0 0 0 0 1.33824e+09 6.68102e+09 1.30726e+10 1.68501e+10 1.76864e+10 1.70595e+10 1.57181e+10 1.40269e+10 1.23784e+10 1.08487e+10 9.51725e+09 8.3661e+09 7.30811e+09 6.45153e+09 5.72074e+09 5.07647e+09 4.57618e+09 4.14182e+09 3.81525e+09 3.55036e+09 3.33556e+09 3.17718e+09 3.08028e+09 3.01854e+09 2.99123e+09 3.01732e+09 3.07862e+09 3.20576e+09 3.35451e+09 3.54934e+09 3.82358e+09 4.15819e+09 4.56908e+09 5.09884e+09 5.69646e+09 6.43296e+09 7.32494e+09 8.34813e+09 9.50366e+09 1.08498e+10 1.24253e+10 1.40617e+10 1.56734e+10 1.70965e+10 1.77639e+10 1.68231e+10 1.31322e+10 6.68909e+09 1.33782e+09 0 0 0 0 0 0 0 0 
0 0 0 0 0 0 0 0 5.86932e+08 8.29612e+09 2.8445e+10 5.04369e+10 6.44762e+10 7.05261e+10 7.08442e+10 6.77129e+10 6.30959e+10 5.80002e+10 5.2973e+10 4.80448e+10 4.35198e+10 3.95003e+10 3.59593e+10 3.28334e+10 3.0054e+10 2.78686e+10 2.58964e+10 2.44473e+10 2.32081e+10 2.23594e+10 2.17962e+10 2.14207e+10 2.1285e+10 2.14599e+10 2.18067e+10 2.24877e+10 2.34065e+10 2.45297e+10 2.59624e+10 2.77922e+10 3.00564e+10 3.27028e+10 3.58029e+10 3.94673e+10 4.3412e+10 4.77692e+10 5.27683e+10 5.81214e+10 6.31325e+10 6.76702e+10 7.06085e+10 7.05073e+10 6.45062e+10 5.03136e+10 2.84431e+10 8.29435e+09 5.83586e+08 0 0 0 0 0 0 0 0 
0 0 0 0 0 0 0 0 0 5.92575e+09 4.09246e+10 1.11246e+11 1.86296e+11 2.41518e+11 2.7114e+11 2.8366e+11 2.82348e+11 2.73496e+11 2.5939e+11 2.44407e+11 2.27874e+11 2.13393e+11 1.99617e+11 1.87194e+11 1.75704e+11 1.64617e+11 1.55868e+11 1.4797e+11 1.42333e+11 1.38654e+11 1.35335e+11 1.33585e+11 1.33438e+11 1.33568e+11 1.35986e+11 1.39043e+11 1.43154e+11 1.48074e+11 1.55842e+11 1.64159e+11 1.74332e+11 1.85677e+11 1.98454e+11 2.12793e+11 2.27309e+11 2.43105e+11 2.5899e+11 2.72019e+11 2.82e+11 2.8273e+11 2.71277e+11 2.41109e+11 1.86697e+11 1.11599e+11 4.10376e+10 5.92605e+09 0 0 0 0 0 0 0 0 0 
0 0 0 0 0 0 0 0 0 1.97125e+09 3.76595e+10 1.74141e+11 4.11327e+11 6.66625e+11 8.72957e+11 1.01498e+12 1.09214e+12 1.12252e+12 1.12312e+12 1.10413e+12 1.0691e+12 1.03075e+12 9.89326e+11 9.47436e+11 9.058e+11 8.67129e+11 8.33003e+11 8.03233e+11 7.79154e+11 7.62183e+11 7.52974e+11 7.44583e+11 7.40473e+11 7.43188e+11 7.5212e+11 7.66049e+11 7.83451e+11 8.08037e+11 8.32216e+11 8.67693e+11 9.02125e+11 9.43634e+11 9.85115e+11 1.02595e+12 1.06734e+12 1.09996e+12 1.12314e+12 1.12159e+12 1.08577e+12 1.01112e+12 8.7262e+11 6.65508e+11 4.11704e+11 1.74585e+11 3.75391e+10 1.95969e+09 0 0 0 0 0 0 0 0 0 
0 0 0 0 0 0 0 0 0 0 2.04941e+10 1.86714e+11 6.70864e+11 1.44603e+12 2.3033e+12 3.0515e+12 3.63286e+12 4.03058e+12 4.27777e+12 4.41708e+12 4.45366e+12 4.44763e+12 4.39452e+12 4.2896e+12 4.17443e+12 4.10287e+12 4.00144e+12 3.91313e+12 3.83756e+12 3.77922e+12 3.74343e+12 3.71423e+12 3.69616e+12 3.71768e+12 3.73747e+12 3.78227e+12 3.84085e+12 3.91494e+12 4.00676e+12 4.09206e+12 4.17731e+12 4.26647e+12 4.35473e+12 4.40716e+12 4.43582e+12 4.39809e+12 4.27219e+12 4.0366e+12 3.63262e+12 3.05272e+12 2.29667e+12 1.4432e+12 6.71288e+11 1.86352e+11 2.04701e+10 0 0 0 0 0 0 0 0 0 0 
0 0 0 0 0 0 0 0 0 0 5.31288e+09 1.30958e+11 7.83583e+11 2.38973e+12 4.85176e+12 7.62621e+12 1.02582e+13 1.25074e+13 1.42726e+13 1.55831e+13 1.6466e+13 1.70197e+13 1.73546e+13 1.74854e+13 1.74416e+13 1.74142e+13 1.73094e+13 1.71745e+13 1.702e+13 1.68907e+13 1.67869e+13 1.67483e+13 1.67118e+13 1.67056e+13 1.67489e+13 1.69397e+13 1.70389e+13 1.71248e+13 1.72931e+13 1.74024e+13 1.74265e+13 1.74309e+13 1.72814e+13 1.70107e+13 1.64271e+13 1.55025e+13 1.42053e+13 1.25035e+13 1.0268e+13 7.61079e+12 4.84393e+12 2.39547e+12 7.85697e+11 1.30964e+11 5.29891e+09 0 0 0 0 0 0 0 0 0 0 
0 0 0 0 0 0 0 0 0 0 0 5.62067e+10 6.45525e+11 2.94349e+12 7.97491e+12 1.54555e+13 2.41888e+13 3.30866e+13 4.11557e+13 4.80792e+13 5.37021e+13 5.82318e+13 6.15338e+13 6.40389e+13 6.55795e+13 6.68635e+13 6.74069e+13 6.77006e+13 6.80121e+13 6.82468e+13 6.84441e+13 6.83051e+13 6.82552e+13 6.82188e+13 6.83338e+13 6.80377e+13 6.80873e+13 6.78923e+13 6.74012e+13 6.65085e+13 6.54185e+13 6.36311e+13 6.11871e+13 5.80182e+13 5.3658e+13 4.80497e+13 4.11725e+13 3.3152e+13 2.42617e+13 1.54486e+13 7.95467e+12 2.94266e+12 6.44194e+11 5.59354e+10 0 0 0 0 0 0 0 0 0 0 0 
0 0 0 0 0 0 0 0 0 0 0 1.16228e+10 3.56339e+11 2.64687e+12 1.00202e+13 2.49805e+13 4.69231e+13 7.34296e+13 1.01932e+14 1.29313e+14 1.53965e+14 1.75353e+14 1.93619e+14 2.08436e+14 2.20698e+14 2.30298e+14 2.37184e+14 2.426e+14 2.46605e+14 2.49578e+14 2.50811e+14 2.51814e+14 2.5317e+14 2.52372e+14 2.51272e+14 2.48847e+14 2.46535e+14 2.42247e+14 2.36232e+14 2.29157e+14 2.19429e+14 2.08136e+14 1.92747e+14 1.75075e+14 1.53926e+14 1.29252e+14 1.01772e+14 7.35578e+13 4.69504e+13 2.49557e+13 1.00236e+13 2.65408e+12 3.55184e+11 1.15888e+10 0 0 0 0 0 0 0 0 0 0 0 
0 0 0 0 0 0 0 0 0 0 0 0 1.22482e+11 1.70786e+12 9.54442e+12 3.15382e+13 7.37819e+13 1.35844e+14 2.12645e+14 2.9755e+14 3.84362e+14 4.65703e+14 5.40549e+14 6.06777e+14 6.61679e+14 7.11158e+14 7.48371e+14 7.79877e+14 8.05086e+14 8.24227e+14 8.35737e+14 8.44173e+14 8.44351e+14 8.4141e+14 8.33911e+14 8.22002e+14 8.03063e+14 7.78879e+14 7.4812e+14 7.07469e+14 6.60925e+14 6.03154e+14 5.38537e+14 4.64335e+14 3.82183e+14 2.97497e+14 2.13291e+14 1.35757e+14 7.38398e+13 3.15305e+13 9.5801e+12 1.70338e+12 1.216e+11 0 0 0 0 0 0 0 0 0 0 0 0 
0 0 0 0 0 0 0 0 0 0 0 0 2.0748e+10 7.58686e+11 6.78873e+12 3.0957e+13 9.22484e+13 2.05118e+14 3.72326e+14 5.82623e+14 8.24038e+14 1.07751e+15 1.32198e+15 1.55778e+15 1.76951e+15 1.95606e+15 2.11801e+15 2.25246e+15 2.36337e+15 2.44784e+15 2.50851e+15 2.53526e+15 2.54497e+15 2.53492e+15 2.49514e+15 2.43945e+15 2.35715e+15 2.25164e+15 2.1141e+15 1.95081e+15 1.7587e+15 1.54765e+15 1.31106e+15 1.07037e+15 8.23112e+14 5.82949e+14 3.72924e+14 2.05811e+14 9.23364e+13 3.10326e+13 6.78638e+12 7.56254e+11 2.07082e+10 0 0 0 0 0 0 0 0 0 0 0 0 
0 0 0 0 0 0 0 0 0 0 0 0 0 2.13934e+11 3.519e+12 2.33682e+13 9.15036e+13 2.52092e+14 5.37722e+14 9.61147e+14 1.50704e+15 2.1403e+15 2.82331e+15 3.50355e+15 4.17141e+15 4.78411e+15 5.33901e+15 5.80504e+15 6.20339e+15 6.52747e+15 6.74373e+15 6.87583e+15 6.90981e+15 6.84952e+15 6.73342e+15 6.48863e+15 6.18581e+15 5.78618e+15 5.30529e+15 4.75858e+15 4.1389e+15 3.485e+15 2.80523e+15 2.13788e+15 1.5025e+15 9.62779e+14 5.39122e+14 2.51098e+14 9.14387e+13 2.33782e+13 3.51704e+12 2.13097e+11 0 0 0 0 0 0 0 0 0 0 0 0 0 
0 0 0 0 0 0 0 0 0 0 0 0 0 3.03048e+10 1.28089e+12 1.33675e+13 7.13275e+13 2.47737e+14 6.38098e+14 1.32167e+15 2.33399e+15 3.64641e+15 5.19055e+15 6.88211e+15 8.61863e+15 1.03233e+16 1.19036e+16 1.33458e+16 1.45735e+16 1.54731e+16 1.62058e+16 1.66555e+16 1.67794e+16 1.66456e+16 1.61863e+16 1.54771e+16 1.44754e+16 1.32787e+16 1.18515e+16 1.02545e+16 8.5822e+15 6.84977e+15 5.17143e+15 3.63759e+15 2.33304e+15 1.327e+15 6.39096e+14 2.48331e+14 7.12864e+13 1.33488e+13 1.28107e+12 3.02828e+10 0 0 0 0 0 0 0 0 0 0 0 0 0 
0 0 0 0 0 0 0 0 0 0 0 0 0 0 3.01908e+11 5.68323e+12 4.34722e+13 1.95936e+14 6.19735e+14 1.51127e+15 3.03955e+15 5.29318e+15 8.21878e+15 1.17153e+16 1.55459e+16 1.94922e+16 2.33733e+16 2.70026e+16 3.0128e+16 3.27594e+16 3.47273e+16 3.58788e+16 3.63409e+16 3.59269e+16 3.47215e+16 3.27529e+16 3.01069e+16 2.69271e+16 2.33311e+16 1.94681e+16 1.5478e+16 1.16683e+16 8.2145e+15 5.28216e+15 3.04077e+15 1.50936e+15 6.17993e+14 1.95585e+14 4.3301e+13 5.67331e+12 3.02077e+11 0 0 0 0 0 0 0 0 0 0 0 0 0 0 
0 0 0 0 0 0 0 0 0 0 0 0 0 0 3.64006e+10 1.72541e+12 2.03027e+13 1.23298e+14 4.8819e+14 1.42258e+15 3.30712e+15 6.474e+15 1.10846e+16 1.71258e+16 2.43022e+16 3.21638e+16 4.0275e+16 4.81132e+16 5.52481e+16 6.13136e+16 6.56741e+16 6.84826e+16 6.9529e+16 6.86169e+16 6.56416e+16 6.12006e+16 5.52485e+16 4.8081e+16 4.02785e+16 3.21405e+16 2.42717e+16 1.71864e+16 1.1105e+16 6.49366e+15 3.31422e+15 1.42222e+15 4.87039e+14 1.23265e+14 2.03377e+13 1.72671e+12 3.63973e+10 0 0 0 0 0 0 0 0 0 0 0 0 0 0 
0 0 0 0 0 0 0 0 0 0 0 0 0 0 0 3.46367e+11 7.21676e+12 6.15945e+13 3.11536e+14 1.1056e+15 3.00641e+15 6.68851e+15 1.27525e+16 2.14999e+16 3.27744e+16 4.61186e+16 6.05604e+16 7.51802e+16 8.89809e+16 1.00774e+17 1.09933e+17 1.15923e+17 1.17784e+17 1.15609e+17 1.0989e+17 1.00831e+17 8.88845e+16 7.53285e+16 6.06162e+16 4.60414e+16 3.2805e+16 2.14822e+16 1.27931e+16 6.69671e+15 3.00907e+15 1.10355e+15 3.11579e+14 6.1584e+13 7.21305e+12 3.46562e+11 0 0 0 0 0 0 0 0 0 0 0 0 0 0 0 
0 0 0 0 0 0 0 0 0 0 0 0 0 0 0 3.59764e+10 1.8663e+12 2.40868e+13 1.61716e+14 7.07586e+14 2.27681e+15 5.82619e+15 1.24474e+16 2.30547e+16 3.79762e+16 5.69959e+16 7.90273e+16 1.02527e+17 1.25294e+17 1.45651e+17 1.61722e+17 1.71917e+17 1.75574e+17 1.7155e+17 1.61579e+17 1.45461e+17 1.2541e+17 1.02689e+17 7.91071e+16 5.71905e+16 3.8086e+16 2.30879e+16 1.2474e+16 5.8404e+15 2.27607e+15 7.06161e+14 1.61229e+14 2.40979e+13 1.86366e+12 3.59604e+10 0 0 0 0 0 0 0 0 0 0 0 0 0 0 0 
0 0 0 0 0 0 0 0 0 0 0 0 0 0 0 0 3.22759e+11 7.25506e+12 6.72299e+13 3.72e+14 1.44416e+15 4.27766e+15 1.03165e+16 2.1122e+16 3.79426e+16 6.09348e+16 8.94801e+16 1.21227e+17 1.53971e+17 1.83879e+17 2.08066e+17 2.23518e+17 2.28957e+17 2.23805e+17 2.07698e+17 1.83696e+17 1.54092e+17 1.21488e+17 8.96467e+16 6.10039e+16 3.80037e+16 2.11806e+16 1.03274e+16 4.26884e+15 1.44178e+15 3.71224e+14 6.71184e+13 7.24398e+12 3.22274e+11 0 0 0 0 0 0 0 0 0 0 0 0 0 0 0 0 
0 0 0 0 0 0 0 0 0 0 0 0 0 0 0 0 2.94343e+10 1.62221e+12 2.23077e+13 1.61455e+14 7.59389e+14 2.64785e+15 7.27819e+15 1.65513e+16 3.24739e+16 5.62511e+16 8.77316e+16 1.25111e+17 1.64586e+17 2.02307e+17 2.33451e+17 2.54212e+17 2.612e+17 2.54448e+17 2.33505e+17 2.02241e+17 1.64501e+17 1.25031e+17 8.76499e+16 5.62779e+16 3.24869e+16 1.65516e+16 7.26061e+15 2.64788e+15 7.60757e+14 1.61075e+14 2.23327e+13 1.61732e+12 2.94644e+10 0 0 0 0 0 0 0 0 0 0 0 0 0 0 0 0 
0 0 0 0 0 0 0 0 0 0 0 0 0 0 0 0 0 2.44422e+11 5.80363e+12 5.6862e+13 3.34768e+14 1.37906e+15 4.36547e+15 1.11061e+16 2.39371e+16 4.47936e+16 7.44137e+16 1.1171e+17 1.53264e+17 1.94375e+17 2.28989e+17 2.51951e+17 2.60458e+17 2.52227e+17 2.28954e+17 1.94515e+17 1.53205e+17 1.1127e+17 7.4287e+16 4.48242e+16 2.39196e+16 1.11173e+16 4.3483e+15 1.37844e+15 3.3471e+14 5.67865e+13 5.80117e+12 2.44965e+11 0 0 0 0 0 0 0 0 0 0 0 0 0 0 0 0 0 
0 0 0 0 0 0 0 0 0 0 0 0 0 0 0 0 0 2.01018e+10 1.13075e+12 1.63071e+13 1.23011e+14 6.09449e+14 2.22611e+15 6.41382e+15 1.52027e+16 3.08834e+16 5.474e+16 8.66852e+16 1.2432e+17 1.62825e+17 1.96538e+17 2.19473e+17 2.27371e+17 2.19143e+17 1.96518e+17 1.62791e+17 1.24203e+17 8.67695e+16 5.47249e+16 3.07886e+16 1.52062e+16 6.38293e+15 2.22389e+15 6.09393e+14 1.2286e+14 1.62647e+13 1.13264e+12 2.00783e+10 0 0 0 0 0 0 0 0 0 0 0 0 0 0 0 0 0 
0 0 0 0 0 0 0 0 0 0 0 0 0 0 0 0 0 0 1.5208e+11 3.70228e+12 3.75291e+13 2.29097e+14 9.75089e+14 3.17806e+15 8.38635e+15 1.84748e+16 3.52e+16 5.89831e+16 8.82387e+16 1.19576e+17 1.47541e+17 1.67208e+17 1.73986e+17 1.67122e+17 1.47763e+17 1.19647e+17 8.83399e+16 5.88971e+16 3.52377e+16 1.8484e+16 8.36933e+15 3.18168e+15 9.71837e+14 2.27966e+14 3.72957e+13 3.6897e+12 1.52516e+11 0 0 0 0 0 0 0 0 0 0 0 0 0 0 0 0 0 0 
0 0 0 0 0 0 0 0 0 0 0 0 0 0 0 0 0 0 1.15214e+10 6.43012e+11 9.37994e+12 7.22882e+13 3.67223e+14 1.36948e+15 4.00674e+15 9.67413e+15 1.97787e+16 3.51267e+16 5.51375e+16 7.71785e+16 9.76304e+16 1.1199e+17 1.17268e+17 1.12095e+17 9.78023e+16 7.72997e+16 5.51882e+16 3.51857e+16 1.9778e+16 9.66379e+15 4.00601e+15 1.36452e+15 3.65163e+14 7.2136e+13 9.35379e+12 6.43658e+11 1.15588e+10 0 0 0 0 0 0 0 0 0 0 0 0 0 0 0 0 0 0 
0 0 0 0 0 0 0 0 0 0 0 0 0 0 0 0 0 0 0 7.80306e+10 1.89531e+12 1.9254e+13 1.18622e+14 5.11382e+14 1.67864e+15 4.43606e+15 9.77956e+15 1.83815e+16 3.03078e+16 4.3877e+16 5.70126e+16 6.65315e+16 7.00589e+16 6.65686e+16 5.71481e+16 4.40429e+16 3.03563e+16 1.84527e+16 9.79603e+15 4.44469e+15 1.67782e+15 5.10431e+14 1.18241e+14 1.92519e+13 1.89291e+12 7.82802e+10 0 0 0 0 0 0 0 0 0 0 0 0 0 0 0 0 0 0 0 
0 0 0 0 0 0 0 0 0 0 0 0 0 0 0 0 0 0 0 5.67701e+09 2.98223e+11 4.29318e+12 3.28605e+13 1.6617e+14 6.17189e+14 1.79748e+15 4.27387e+15 8.58003e+15 1.47628e+16 2.22923e+16 2.96197e+16 3.51062e+16 3.71715e+16 3.51235e+16 2.97041e+16 2.23678e+16 1.48192e+16 8.59291e+15 4.27692e+15 1.79597e+15 6.16313e+14 1.65862e+14 3.2778e+13 4.2861e+12 2.98474e+11 5.67023e+09 0 0 0 0 0 0 0 0 0 0 0 0 0 0 0 0 0 0 0 
0 0 0 0 0 0 0 0 0 0 0 0 0 0 0 0 0 0 0 0 3.33459e+10 7.82065e+11 7.78955e+12 4.71204e+13 1.99684e+14 6.44709e+14 1.66358e+15 3.55065e+15 6.44416e+15 1.00789e+16 1.37514e+16 1.65635e+16 1.76122e+16 1.65476e+16 1.37665e+16 1.00855e+16 6.45279e+15 3.55455e+15 1.66041e+15 6.43244e+14 1.99079e+14 4.69048e+13 7.77136e+12 7.81335e+11 3.33557e+10 0 0 0 0 0 0 0 0 0 0 0 0 0 0 0 0 0 0 0 0 
0 0 0 0 0 0 0 0 0 0 0 0 0 0 0 0 0 0 0 0 2.42168e+09 1.13146e+11 1.56285e+12 1.16151e+13 5.70538e+13 2.05985e+14 5.77434e+14 1.32055e+15 2.52091e+15 4.10066e+15 5.75483e+15 7.0223e+15 7.52081e+15 7.03519e+15 5.76202e+15 4.10081e+15 2.51623e+15 1.31914e+15 5.76219e+14 2.05047e+14 5.68368e+13 1.1586e+13 1.55991e+12 1.12766e+11 2.41723e+09 0 0 0 0 0 0 0 0 0 0 0 0 0 0 0 0 0 0 0 0 
0 0 0 0 0 0 0 0 0 0 0 0 0 0 0 0 0 0 0 0 0 1.19192e+10 2.6065e+11 2.47414e+12 1.43439e+13 5.85453e+13 1.80101e+14 4.41287e+14 8.88337e+14 1.5064e+15 2.17182e+15 2.6974e+15 2.89711e+15 2.69813e+15 2.17452e+15 1.50618e+15 8.91877e+14 4.41241e+14 1.79359e+14 5.82322e+13 1.43271e+13 2.47742e+12 2.60777e+11 1.1946e+10 0 0 0 0 0 0 0 0 0 0 0 0 0 0 0 0 0 0 0 0 0 
0 0 0 0 0 0 0 0 0 0 0 0 0 0 0 0 0 0 0 0 0 9.218e+08 3.55014e+10 4.5498e+11 3.19733e+12 1.48203e+13 5.06232e+13 1.33498e+14 2.84411e+14 5.01771e+14 7.4585e+14 9.41781e+14 1.0149e+15 9.39164e+14 7.44704e+14 5.02063e+14 2.84858e+14 1.33461e+14 5.03786e+13 1.48299e+13 3.18826e+12 4.54048e+11 3.5582e+10 9.22513e+08 0 0 0 0 0 0 0 0 0 0 0 0 0 0 0 0 0 0 0 0 0 
0 0 0 0 0 0 0 0 0 0 0 0 0 0 0 0 0 0 0 0 0 0 3.62789e+09 7.12483e+10 6.25865e+11 3.38051e+12 1.27957e+13 3.66663e+13 8.30105e+13 1.53071e+14 2.34877e+14 3.01706e+14 3.27049e+14 3.00929e+14 2.33918e+14 1.53239e+14 8.3244e+13 3.66372e+13 1.28058e+13 3.3679e+12 6.22421e+11 7.11557e+10 3.62709e+09 0 0 0 0 0 0 0 0 0 0 0 0 0 0 0 0 0 0 0 0 0 0 
0 0 0 0 0 0 0 0 0 0 0 0 0 0 0 0 0 0 0 0 0 0 3.2133e+08 9.46433e+09 1.07884e+11 6.92207e+11 2.9474e+12 9.19184e+12 2.22123e+13 4.28987e+13 6.76201e+13 8.86641e+13 9.69205e+13 8.84536e+13 6.77311e+13 4.29278e+13 2.22414e+13 9.199e+12 2.94476e+12 6.89265e+11 1.07348e+11 9.44598e+09 3.2262e+08 0 0 0 0 0 0 0 0 0 0 0 0 0 0 0 0 0 0 0 0 0 0 
0 0 0 0 0 0 0 0 0 0 0 0 0 0 0 0 0 0 0 0 0 0 0 9.59255e+08 1.61982e+10 1.27128e+11 6.17491e+11 2.12053e+12 5.47342e+12 1.10885e+13 1.80334e+13 2.41082e+13 2.64953e+13 2.41688e+13 1.8082e+13 1.11048e+13 5.48953e+12 2.12111e+12 6.16261e+11 1.27208e+11 1.62084e+10 9.65508e+08 0 0 0 0 0 0 0 0 0 0 0 0 0 0 0 0 0 0 0 0 0 0 0 
0 0 0 0 0 0 0 0 0 0 0 0 0 0 0 0 0 0 0 0 0 0 0 1.03959e+08 2.17041e+09 2.09623e+10 1.18641e+11 4.50262e+11 1.24833e+12 2.66395e+12 4.49901e+12 6.09881e+12 6.77457e+12 6.12469e+12 4.49061e+12 2.66738e+12 1.2518e+12 4.50639e+11 1.18849e+11 2.09197e+10 2.18748e+09 1.04577e+08 0 0 0 0 0 0 0 0 0 0 0 0 0 0 0 0 0 0 0 0 0 0 0 
0 0 0 0 0 0 0 0 0 0 0 0 0 0 0 0 0 0 0 0 0 0 0 0 2.23231e+08 3.14942e+09 2.09354e+10 8.84284e+10 2.66197e+11 5.99034e+11 1.04797e+12 1.45332e+12 1.6211e+12 1.45546e+12 1.05031e+12 6.00812e+11 2.67451e+11 8.8933e+10 2.10061e+10 3.15826e+09 2.2488e+08 0 0 0 0 0 0 0 0 0 0 0 0 0 0 0 0 0 0 0 0 0 0 0 0 
0 0 0 0 0 0 0 0 0 0 0 0 0 0 0 0 0 0 0 0 0 0 0 0 3.12438e+07 4.43922e+08 3.41107e+09 1.63441e+10 5.3224e+10 1.26855e+11 2.31251e+11 3.28146e+11 3.68215e+11 3.2836e+11 2.32121e+11 1.27831e+11 5.35787e+10 1.64994e+10 3.42047e+09 4.45681e+08 3.14192e+07 0 0 0 0 0 0 0 0 0 0 0 0 0 0 0 0 0 0 0 0 0 0 0 0 
0 0 0 0 0 0 0 0 0 0 0 0 0 0 0 0 0 0 0 0 0 0 0 0 0 4.56847e+07 5.33919e+08 2.88712e+09 1.01567e+10 2.58051e+10 4.85454e+10 7.05429e+10 7.95498e+10 7.06358e+10 4.88297e+10 2.59861e+10 1.0178e+10 2.88601e+09 5.35369e+08 4.55549e+07 0 0 0 0 0 0 0 0 0 0 0 0 0 0 0 0 0 0 0 0 0 0 0 0 0 
0 0 0 0 0 0 0 0 0 0 0 0 0 0 0 0 0 0 0 0 0 0 0 0 0 8.56793e+06 8.12604e+07 4.75033e+08 1.88482e+09 5.01959e+09 9.86668e+09 1.46403e+10 1.66057e+10 1.46982e+10 9.87736e+09 5.04507e+09 1.89133e+09 4.74747e+08 8.11348e+07 8.57212e+06 0 0 0 0 0 0 0 0 0 0 0 0 0 0 0 0 0 0 0 0 0 0 0 0 0 
0 0 0 0 0 0 0 0 0 0 0 0 0 0 0 0 0 0 0 0 0 0 0 0 0 0 7.87015e+06 8.0812e+07 3.37561e+08 9.5074e+08 1.97144e+09 2.95517e+09 3.42024e+09 2.96881e+09 1.9764e+09 9.55911e+08 3.39204e+08 8.0753e+07 7.87176e+06 0 0 0 0 0 0 0 0 0 0 0 0 0 0 0 0 0 0 0 0 0 0 0 0 0 0 
0 0 0 0 0 0 0 0 0 0 0 0 0 0 0 0 0 0 0 0 0 0 0 0 0 0 2.05798e+06 1.29268e+07 5.61212e+07 1.8431e+08 3.78746e+08 5.95235e+08 6.84068e+08 5.96826e+08 3.79124e+08 1.84803e+08 5.61569e+07 1.29016e+07 2.06996e+06 0 0 0 0 0 0 0 0 0 0 0 0 0 0 0 0 0 0 0 0 0 0 0 0 0 0 
0 0 0 0 0 0 0 0 0 0 0 0 0 0 0 0 0 0 0 0 0 0 0 0 0 0 0 1.08515e+06 1.08565e+07 3.27543e+07 7.35531e+07 1.1886e+08 1.35615e+08 1.18905e+08 7.36586e+07 3.27067e+07 1.08475e+07 1.08927e+06 0 0 0 0 0 0 0 0 0 0 0 0 0 0 0 0 0 0 0 0 0 0 0 0 0 0 0 
0 0 0 0 0 0 0 0 0 0 0 0 0 0 0 0 0 0 0 0 0 0 0 0 0 0 0 426794 1.70006e+06 5.5735e+06 1.51377e+07 2.21643e+07 2.83551e+07 2.21289e+07 1.51297e+07 5.56593e+06 1.69114e+06 428857 0 0 0 0 0 0 0 0 0 0 0 0 0 0 0 0 0 0 0 0 0 0 0 0 0 0 0 
0 0 0 0 0 0 0 0 0 0 0 0 0 0 0 0 0 0 0 0 0 0 0 0 0 0 0 0 111446 1.25592e+06 2.39989e+06 4.66525e+06 5.16128e+06 4.67269e+06 2.40746e+06 1.25211e+06 112261 0 0 0 0 0 0 0 0 0 0 0 0 0 0 0 0 0 0 0 0 0 0 0 0 0 0 0 0 
0 0 0 0 0 0 0 0 0 0 0 0 0 0 0 0 0 0 0 0 0 0 0 0 0 0 0 0 73236.8 170171 459474 961229 932394 959588 458122 169957 73887.5 0 0 0 0 0 0 0 0 0 0 0 0 0 0 0 0 0 0 0 0 0 0 0 0 0 0 0 0 
0 0 0 0 0 0 0 0 0 0 0 0 0 0 0 0 0 0 0 0 0 0 0 0 0 0 0 0 0 7593.62 116846 111205 239971 111325 116419 7638.21 0 0 0 0 0 0 0 0 0 0 0 0 0 0 0 0 0 0 0 0 0 0 0 0 0 0 0 0 0 
0 0 0 0 0 0 0 0 0 0 0 0 0 0 0 0 0 0 0 0 0 0 0 0 0 0 0 0 0 9954.31 11438.1 32478.1 37162.4 32436.3 11495.3 9939.73 0 0 0 0 0 0 0 0 0 0 0 0 0 0 0 0 0 0 0 0 0 0 0 0 0 0 0 0 0 
0 0 0 0 0 0 0 0 0 0 0 0 0 0 0 0 0 0 0 0 0 0 0 0 0 0 0 0 0 0 257.064 7646.6 2048.83 7632.78 254.638 0 0 0 0 0 0 0 0 0 0 0 0 0 0 0 0 0 0 0 0 0 0 0 0 0 0 0 0 0 0 
0 0 0 0 0 0 0 0 0 0 0 0 0 0 0 0 0 0 0 0 0 0 0 0 0 0 0 0 0 0 988.612 384.015 1911.18 380.436 988.344 0 0 0 0 0 0 0 0 0 0 0 0 0 0 0 0 0 0 0 0 0 0 0 0 0 0 0 0 0 0 
0 0 0 0 0 0 0 0 0 0 0 0 0 0 0 0 0 0 0 0 0 0 0 0 0 0 0 0 0 0 0 0 256.395 0 0 0 0 0 0 0 0 0 0 0 0 0 0 0 0 0 0 0 0 0 0 0 0 0 0 0 0 0 0 0 0 
0 0 0 0 0 0 0 0 0 0 0 0 0 0 0 0 0 0 0 0 0 0 0 0 0 0 0 0 0 0 0 64.0474 0 64.1307 0 0 0 0 0 0 0 0 0 0 0 0 0 0 0 0 0 0 0 0 0 0 0 0 0 0 0 0 0 0 0 
0 0 0 0 0 0 0 0 0 0 0 0 0 0 0 0 0 0 0 0 0 0 0 0 0 0 0 0 0 0 0 0 0 0 0 0 0 0 0 0 0 0 0 0 0 0 0 0 0 0 0 0 0 0 0 0 0 0 0 0 0 0 0 0 0 
0 0 0 0 0 0 0 0 0 0 0 0 0 0 0 0 0 0 0 0 0 0 0 0 0 0 0 0 0 0 0 0 2.01578 0 0 0 0 0 0 0 0 0 0 0 0 0 0 0 0 0 0 0 0 0 0 0 0 0 0 0 0 0 0 0 0 
