1 0 0 0 0 0 0 0 0 0 0 0 0 0 0 0 0 0 0 0 0 0 0 0 0 0 0 0 0 0 0 0 0 0 0 0 0 0 0 0 0 0 0 0 0 0 0 0 0 0 0 0 0 0 0 0 0 0 0 0 0 0 0 0 1 
0 0 0 0 0 0 0 0 0 0 0 0 0 0 0 0 0 0 0 0 0 0 0 0 0 0 0 0 0 0 0 0 0 0 0 0 0 0 0 0 0 0 0 0 0 0 0 0 0 0 0 0 0 0 0 0 0 0 0 0 0 0 0 0 0 
0 64 0 0 0 0 0 0 0 0 0 0 0 0 0 0 0 0 0 0 0 0 0 0 0 0 0 0 0 0 0 0 0 0 0 0 0 0 0 0 0 0 0 0 0 0 0 0 0 0 0 0 0 0 0 0 0 0 0 0 0 0 0 64 0 
0 0 128.955 0 0 0 0 0 0 0 0 0 0 0 0 0 0 0 0 0 0 0 0 0 0 0 0 0 0 0 0 0 0 0 0 0 0 0 0 0 0 0 0 0 0 0 0 0 0 0 0 0 0 0 0 0 0 0 0 0 0 0 127.162 0 0 
0 0 1887.05 386.637 64.8252 0 0 0 0 0 0 0 0 0 0 0 0 0 0 0 0 0 0 0 0 0 0 0 0 0 0 0 0 0 0 0 0 0 0 0 0 0 0 0 0 0 0 0 0 0 0 0 0 0 0 0 0 0 0 0 62.7767 383.068 1888.84 0 0 
0 0 0 7182.89 1158.88 516.821 127.794 0 0 0 0 0 0 0 0 0 0 0 0 0 0 0 0 0 0 0 0 0 0 0 0 0 0 0 0 0 0 0 0 0 0 0 0 0 0 0 0 0 0 0 0 0 0 0 0 0 0 0 126.112 508.394 1147.24 7149.97 0 0 0 
0 0 0 34094.5 27397.2 6922.32 2570.37 1409.31 384.391 65.4823 0 0 0 0 0 0 0 0 0 0 0 0 0 0 0 0 0 0 0 0 0 0 0 0 0 0 0 0 0 0 0 0 0 0 0 0 0 0 0 0 0 0 0 0 0 63.8684 383.924 1404.83 2541.85 6829.62 27272.4 34131 0 0 0 
0 0 0 0 184170 97635.6 43132.3 16817.8 8585.28 4594.12 1900.38 504.784 128.154 0 0 0 0 0 0 0 0 0 0 0 0 0 0 0 0 0 0 0 0 0 0 0 0 0 0 0 0 0 0 0 0 0 0 0 0 0 0 0 127.763 510.042 1920.04 4599.3 8594.62 16804.1 42722.8 96681.4 183140 0 0 0 0 
0 0 0 0 422585 833100 415302 222507 120838 58937.8 33614.9 19887.2 9716.14 4371.76 1405.09 387.867 80.1993 0 0 0 0 0 0 0 15.9637 0 0 0 0 0 0 0 15.9545 0 0 0 0 0 0 0 16.0833 0 0 0 0 0 0 0 81.0018 386.32 1412.55 4329.71 9683.22 19778 33506.2 59814.3 120867 223474 412011 823891 423754 0 0 0 0 
0 0 0 0 0 2.87193e+06 3.33795e+06 1.986e+06 1.13752e+06 718472 423804 249388 153512 94260.3 55747.6 29530.2 14035.9 5909.03 2159.16 759.329 384.966 256.383 255.865 255.852 0 257.465 256.356 254.232 253.873 251.667 255.595 256.653 0 256.357 254.438 252.266 254.05 253.232 255.301 254.493 0 253.554 252.75 252.895 380.835 752.891 2162.77 5885.52 14009.2 29247.6 55501.6 93495.6 153185 250542 424926 715735 1.1385e+06 1.98593e+06 3.30685e+06 2.8557e+06 0 0 0 0 0 
0 0 0 0 0 3.81441e+06 1.46134e+07 1.3545e+07 9.39367e+06 6.08755e+06 3.98768e+06 2.67874e+06 1.78517e+06 1.16377e+06 772853 505863 326220 203276 120119 67300.9 36378.5 20988.1 13739.1 10825.6 11665.1 9733.12 9340.07 9203.88 9269.79 9210.54 9280.47 9475.23 11356.9 9555.07 9259.98 9118.8 9249.2 9222.95 9312.35 9657.93 11594.5 10751.9 13667.1 21219.2 36626.3 67871.3 119860 203575 325980 506180 776986 1.17368e+06 1.79327e+06 2.6914e+06 4.01844e+06 6.06377e+06 9.35254e+06 1.3432e+07 1.46091e+07 3.8409e+06 0 0 0 0 0 
0 0 0 0 0 0 3.03721e+07 6.36882e+07 5.76354e+07 4.33676e+07 3.16042e+07 2.23292e+07 1.59347e+07 1.14131e+07 8.10511e+06 5.84976e+06 4.15072e+06 2.94477e+06 2.0779e+06 1.45301e+06 1.0159e+06 702534 496736 368281 284413 247785 230193 222495 216670 218682 216640 213068 206058 212941 216636 218473 217287 222742 230212 245096 282764 373157 504172 711287 1.02242e+06 1.44807e+06 2.07528e+06 2.93854e+06 4.16258e+06 5.85957e+06 8.21449e+06 1.15548e+07 1.5847e+07 2.23983e+07 3.14312e+07 4.28825e+07 5.69427e+07 6.36543e+07 3.0318e+07 0 0 0 0 0 0 
0 0 0 0 0 0 2.61898e+07 1.69227e+08 2.63777e+08 2.46492e+08 1.98845e+08 1.55316e+08 1.18936e+08 9.09268e+07 6.91831e+07 5.24756e+07 4.01459e+07 3.05887e+07 2.32761e+07 1.78059e+07 1.36635e+07 1.0551e+07 8.2971e+06 6.6422e+06 5.45778e+06 4.61159e+06 4.02831e+06 3.61558e+06 3.40134e+06 3.2436e+06 3.20606e+06 3.20242e+06 3.22398e+06 3.20506e+06 3.2282e+06 3.27992e+06 3.43559e+06 3.65005e+06 4.01566e+06 4.64372e+06 5.47214e+06 6.66355e+06 8.32389e+06 1.06244e+07 1.36465e+07 1.77735e+07 2.33826e+07 3.07006e+07 4.01725e+07 5.26274e+07 6.9274e+07 9.09102e+07 1.19404e+08 1.55621e+08 1.98309e+08 2.43872e+08 2.61968e+08 1.70023e+08 2.6283e+07 0 0 0 0 0 0 
0 0 0 0 0 0 0 2.32485e+08 7.82776e+08 1.06518e+09 1.04554e+09 9.03303e+08 7.4723e+08 6.08667e+08 4.91553e+08 3.91685e+08 3.1517e+08 2.53776e+08 2.04274e+08 1.66228e+08 1.34899e+08 1.1011e+08 9.08528e+07 7.61515e+07 6.50459e+07 5.61368e+07 5.02027e+07 4.55352e+07 4.23308e+07 3.99444e+07 3.83915e+07 3.74332e+07 3.74639e+07 3.78221e+07 3.8657e+07 4.02598e+07 4.26998e+07 4.58757e+07 5.02385e+07 5.6366e+07 6.50498e+07 7.64184e+07 9.1572e+07 1.10473e+08 1.34567e+08 1.66449e+08 2.06202e+08 2.54546e+08 3.1628e+08 3.93347e+08 4.89504e+08 6.0624e+08 7.48258e+08 9.03347e+08 1.03643e+09 1.065e+09 7.84229e+08 2.3167e+08 0 0 0 0 0 0 0 
0 0 0 0 0 0 0 1.40045e+08 1.38272e+09 3.30425e+09 4.27324e+09 4.36296e+09 3.9978e+09 3.49785e+09 2.97927e+09 2.51616e+09 2.11108e+09 1.7853e+09 1.50595e+09 1.26809e+09 1.07838e+09 9.16548e+08 7.85279e+08 6.82772e+08 5.95127e+08 5.32171e+08 4.79366e+08 4.40861e+08 4.1222e+08 3.91112e+08 3.7836e+08 3.70944e+08 3.70502e+08 3.72449e+08 3.80429e+08 3.9278e+08 4.15157e+08 4.44993e+08 4.81286e+08 5.31682e+08 6.03257e+08 6.85228e+08 7.87238e+08 9.18339e+08 1.07627e+09 1.27217e+09 1.49643e+09 1.78562e+09 2.12696e+09 2.52425e+09 2.99198e+09 3.48775e+09 3.98934e+09 4.32696e+09 4.27685e+09 3.29491e+09 1.38298e+09 1.4021e+08 0 0 0 0 0 0 0 
0 0 0 0 0 0 0 0 1.34356e+09 6.65202e+09 1.3154e+10 1.68372e+10 1.77629e+10 1.70867e+10 1.57288e+10 1.39876e+10 1.23464e+10 1.08179e+10 9.48968e+09 8.3177e+09 7.31212e+09 6.44745e+09 5.68846e+09 5.05451e+09 4.55513e+09 4.15148e+09 3.83064e+09 3.55478e+09 3.35243e+09 3.2144e+09 3.08637e+09 3.02929e+09 3.009e+09 3.0378e+09 3.11079e+09 3.20803e+09 3.36205e+09 3.56653e+09 3.83197e+09 4.16825e+09 4.58256e+09 5.10294e+09 5.73886e+09 6.46582e+09 7.33679e+09 8.34222e+09 9.52824e+09 1.08979e+10 1.24337e+10 1.4061e+10 1.56476e+10 1.70811e+10 1.76656e+10 1.68304e+10 1.30844e+10 6.68501e+09 1.34308e+09 0 0 0 0 0 0 0 0 
0 0 0 0 0 0 0 0 5.85034e+08 8.31825e+09 2.83933e+10 5.03306e+10 6.47261e+10 7.06401e+10 7.10355e+10 6.79535e+10 6.33403e+10 5.8145e+10 5.28654e+10 4.79172e+10 4.33573e+10 3.93472e+10 3.57493e+10 3.26294e+10 3.01371e+10 2.79328e+10 2.61563e+10 2.46197e+10 2.34308e+10 2.26172e+10 2.19414e+10 2.14678e+10 2.14509e+10 2.16499e+10 2.19997e+10 2.24802e+10 2.33756e+10 2.46823e+10 2.61128e+10 2.78716e+10 3.02227e+10 3.29087e+10 3.60011e+10 3.95667e+10 4.34474e+10 4.79823e+10 5.28198e+10 5.80923e+10 6.3172e+10 6.783e+10 7.06712e+10 7.013e+10 6.46774e+10 5.03116e+10 2.83811e+10 8.30244e+09 5.86342e+08 0 0 0 0 0 0 0 0 
0 0 0 0 0 0 0 0 0 5.94093e+09 4.08755e+10 1.11576e+11 1.86527e+11 2.40913e+11 2.71709e+11 2.83758e+11 2.82494e+11 2.73409e+11 2.59462e+11 2.44925e+11 2.29599e+11 2.13968e+11 1.99326e+11 1.86234e+11 1.74301e+11 1.64289e+11 1.56581e+11 1.49371e+11 1.44587e+11 1.39654e+11 1.3594e+11 1.3464e+11 1.33734e+11 1.34439e+11 1.36498e+11 1.38986e+11 1.43838e+11 1.4943e+11 1.56639e+11 1.65138e+11 1.74409e+11 1.85587e+11 1.98891e+11 2.13461e+11 2.28187e+11 2.43748e+11 2.58999e+11 2.72776e+11 2.82973e+11 2.83439e+11 2.7118e+11 2.40141e+11 1.8608e+11 1.11034e+11 4.08951e+10 5.94509e+09 0 0 0 0 0 0 0 0 0 
0 0 0 0 0 0 0 0 0 1.96323e+09 3.76328e+10 1.74568e+11 4.11491e+11 6.66299e+11 8.73086e+11 1.01345e+12 1.09379e+12 1.12665e+12 1.1295e+12 1.10705e+12 1.06991e+12 1.0311e+12 9.86823e+11 9.44378e+11 9.0367e+11 8.65976e+11 8.3597e+11 8.09921e+11 7.84942e+11 7.66971e+11 7.53987e+11 7.48611e+11 7.46019e+11 7.45191e+11 7.55251e+11 7.69193e+11 7.84909e+11 8.08983e+11 8.37414e+11 8.68117e+11 9.01805e+11 9.42173e+11 9.86293e+11 1.03033e+12 1.06982e+12 1.09553e+12 1.1238e+12 1.12218e+12 1.08695e+12 1.01075e+12 8.68886e+11 6.64421e+11 4.09926e+11 1.73884e+11 3.78199e+10 1.95455e+09 0 0 0 0 0 0 0 0 0 
0 0 0 0 0 0 0 0 0 0 2.05652e+10 1.86115e+11 6.71313e+11 1.43822e+12 2.29159e+12 3.05215e+12 3.64317e+12 4.04863e+12 4.29355e+12 4.41946e+12 4.47338e+12 4.45123e+12 4.38597e+12 4.31528e+12 4.21052e+12 4.09763e+12 4.01225e+12 3.92568e+12 3.85677e+12 3.80001e+12 3.76851e+12 3.749e+12 3.72195e+12 3.73814e+12 3.75108e+12 3.79251e+12 3.84194e+12 3.92812e+12 4.0105e+12 4.10653e+12 4.18886e+12 4.26646e+12 4.35927e+12 4.42094e+12 4.43084e+12 4.40404e+12 4.2803e+12 4.02992e+12 3.63069e+12 3.04007e+12 2.29121e+12 1.44166e+12 6.71157e+11 1.86716e+11 2.04614e+10 0 0 0 0 0 0 0 0 0 0 
0 0 0 0 0 0 0 0 0 0 5.29868e+09 1.31129e+11 7.84512e+11 2.38366e+12 4.82865e+12 7.61265e+12 1.03008e+13 1.25308e+13 1.43191e+13 1.56491e+13 1.65023e+13 1.70747e+13 1.74745e+13 1.75819e+13 1.75371e+13 1.74571e+13 1.7376e+13 1.72861e+13 1.71346e+13 1.69608e+13 1.6961e+13 1.68706e+13 1.68484e+13 1.67461e+13 1.68277e+13 1.69025e+13 1.69992e+13 1.71696e+13 1.73489e+13 1.73953e+13 1.74584e+13 1.74285e+13 1.73071e+13 1.6963e+13 1.63817e+13 1.55701e+13 1.4237e+13 1.24935e+13 1.02827e+13 7.62292e+12 4.8312e+12 2.37848e+12 7.84266e+11 1.31851e+11 5.28383e+09 0 0 0 0 0 0 0 0 0 0 
0 0 0 0 0 0 0 0 0 0 0 5.59972e+10 6.43887e+11 2.94532e+12 7.9563e+12 1.5444e+13 2.42353e+13 3.31898e+13 4.11983e+13 4.80618e+13 5.39627e+13 5.84109e+13 6.16234e+13 6.39559e+13 6.58018e+13 6.69565e+13 6.76212e+13 6.82667e+13 6.84265e+13 6.86917e+13 6.86969e+13 6.8672e+13 6.83447e+13 6.83934e+13 6.83669e+13 6.85557e+13 6.80474e+13 6.79528e+13 6.71879e+13 6.66196e+13 6.54408e+13 6.34385e+13 6.12237e+13 5.79196e+13 5.35335e+13 4.78934e+13 4.12362e+13 3.30833e+13 2.42289e+13 1.54278e+13 7.95095e+12 2.94413e+12 6.46495e+11 5.59794e+10 0 0 0 0 0 0 0 0 0 0 0 
0 0 0 0 0 0 0 0 0 0 0 1.15966e+10 3.55979e+11 2.65313e+12 1.00108e+13 2.49226e+13 4.68529e+13 7.36965e+13 1.01921e+14 1.29064e+14 1.5439e+14 1.76111e+14 1.94667e+14 2.09238e+14 2.21884e+14 2.31167e+14 2.37614e+14 2.42952e+14 2.47236e+14 2.50345e+14 2.52185e+14 2.52834e+14 2.52984e+14 2.52548e+14 2.51439e+14 2.4908e+14 2.46439e+14 2.42356e+14 2.36381e+14 2.29133e+14 2.20054e+14 2.07477e+14 1.93308e+14 1.75074e+14 1.53776e+14 1.28518e+14 1.01501e+14 7.35527e+13 4.69123e+13 2.48872e+13 1.00366e+13 2.65544e+12 3.56074e+11 1.15783e+10 0 0 0 0 0 0 0 0 0 0 0 
0 0 0 0 0 0 0 0 0 0 0 0 1.22438e+11 1.71378e+12 9.59161e+12 3.15633e+13 7.37772e+13 1.35554e+14 2.13466e+14 2.98165e+14 3.84417e+14 4.65098e+14 5.41154e+14 6.084e+14 6.65618e+14 7.11954e+14 7.50687e+14 7.8017e+14 8.05817e+14 8.22034e+14 8.35645e+14 8.44145e+14 8.46608e+14 8.43134e+14 8.35682e+14 8.23134e+14 8.03517e+14 7.78416e+14 7.46112e+14 7.05227e+14 6.57444e+14 6.04639e+14 5.3725e+14 4.64054e+14 3.82278e+14 2.97355e+14 2.13537e+14 1.36519e+14 7.36466e+13 3.16314e+13 9.55666e+12 1.71635e+12 1.22311e+11 0 0 0 0 0 0 0 0 0 0 0 0 
0 0 0 0 0 0 0 0 0 0 0 0 2.06966e+10 7.59448e+11 6.79699e+12 3.10071e+13 9.2301e+13 2.05564e+14 3.7226e+14 5.83465e+14 8.25048e+14 1.07531e+15 1.32257e+15 1.55495e+15 1.76926e+15 1.95953e+15 2.12343e+15 2.25618e+15 2.3619e+15 2.44502e+15 2.50039e+15 2.53485e+15 2.55049e+15 2.53822e+15 2.50504e+15 2.44437e+15 2.36199e+15 2.24411e+15 2.11645e+15 1.94695e+15 1.76018e+15 1.54954e+15 1.31919e+15 1.07278e+15 8.20939e+14 5.82788e+14 3.71967e+14 2.05432e+14 9.23254e+13 3.10082e+13 6.80848e+12 7.60636e+11 2.06871e+10 0 0 0 0 0 0 0 0 0 0 0 0 
0 0 0 0 0 0 0 0 0 0 0 0 0 2.13903e+11 3.52372e+12 2.33744e+13 9.1514e+13 2.52007e+14 5.37651e+14 9.63277e+14 1.50665e+15 2.14282e+15 2.81556e+15 3.50139e+15 4.16701e+15 4.7835e+15 5.33954e+15 5.81127e+15 6.20454e+15 6.49802e+15 6.7153e+15 6.85013e+15 6.89574e+15 6.85051e+15 6.71811e+15 6.51523e+15 6.19516e+15 5.78284e+15 5.29472e+15 4.76139e+15 4.15145e+15 3.48589e+15 2.80046e+15 2.13171e+15 1.50868e+15 9.62818e+14 5.38898e+14 2.50682e+14 9.15892e+13 2.33737e+13 3.52988e+12 2.13963e+11 0 0 0 0 0 0 0 0 0 0 0 0 0 
0 0 0 0 0 0 0 0 0 0 0 0 0 3.02444e+10 1.28372e+12 1.33712e+13 7.12982e+13 2.47647e+14 6.38184e+14 1.32091e+15 2.33994e+15 3.64835e+15 5.19641e+15 6.87655e+15 8.60258e+15 1.02911e+16 1.18874e+16 1.33168e+16 1.45308e+16 1.5484e+16 1.61746e+16 1.65577e+16 1.67052e+16 1.65974e+16 1.61843e+16 1.54366e+16 1.44831e+16 1.32604e+16 1.18253e+16 1.02745e+16 8.58753e+15 6.86664e+15 5.17069e+15 3.63971e+15 2.33272e+15 1.32361e+15 6.38911e+14 2.48274e+14 7.12791e+13 1.33572e+13 1.2826e+12 3.02227e+10 0 0 0 0 0 0 0 0 0 0 0 0 0 
0 0 0 0 0 0 0 0 0 0 0 0 0 0 3.00694e+11 5.67907e+12 4.33767e+13 1.9587e+14 6.18496e+14 1.51014e+15 3.04265e+15 5.30318e+15 8.23168e+15 1.1677e+16 1.55119e+16 1.94822e+16 2.33757e+16 2.69145e+16 3.00941e+16 3.26968e+16 3.4609e+16 3.57892e+16 3.62957e+16 3.58231e+16 3.46344e+16 3.28112e+16 3.01359e+16 2.68922e+16 2.33393e+16 1.94752e+16 1.55392e+16 1.1689e+16 8.22475e+15 5.29139e+15 3.03664e+15 1.51368e+15 6.1954e+14 1.96129e+14 4.341e+13 5.68263e+12 3.01924e+11 0 0 0 0 0 0 0 0 0 0 0 0 0 0 
0 0 0 0 0 0 0 0 0 0 0 0 0 0 3.64781e+10 1.72937e+12 2.03325e+13 1.23085e+14 4.87891e+14 1.42363e+15 3.30491e+15 6.46817e+15 1.11298e+16 1.71567e+16 2.42745e+16 3.2176e+16 4.02829e+16 4.81836e+16 5.52078e+16 6.11122e+16 6.56829e+16 6.8728e+16 6.94356e+16 6.8641e+16 6.5786e+16 6.12585e+16 5.52455e+16 4.81355e+16 4.02198e+16 3.21318e+16 2.42734e+16 1.71199e+16 1.11244e+16 6.47931e+15 3.31892e+15 1.42412e+15 4.87364e+14 1.22938e+14 2.03499e+13 1.72882e+12 3.62304e+10 0 0 0 0 0 0 0 0 0 0 0 0 0 0 
0 0 0 0 0 0 0 0 0 0 0 0 0 0 0 3.44771e+11 7.22483e+12 6.14171e+13 3.12621e+14 1.10575e+15 3.00914e+15 6.70222e+15 1.27496e+16 2.15265e+16 3.28042e+16 4.60567e+16 6.05802e+16 7.51663e+16 8.89248e+16 1.00734e+17 1.09775e+17 1.15696e+17 1.17837e+17 1.15451e+17 1.09919e+17 1.00925e+17 8.91178e+16 7.52304e+16 6.05555e+16 4.60433e+16 3.27683e+16 2.14977e+16 1.27578e+16 6.72292e+15 3.01299e+15 1.10376e+15 3.10883e+14 6.1521e+13 7.2102e+12 3.44112e+11 0 0 0 0 0 0 0 0 0 0 0 0 0 0 0 
0 0 0 0 0 0 0 0 0 0 0 0 0 0 0 3.61268e+10 1.86493e+12 2.41201e+13 1.61341e+14 7.06151e+14 2.27717e+15 5.83657e+15 1.24676e+16 2.30757e+16 3.80693e+16 5.7014e+16 7.8946e+16 1.0227e+17 1.25136e+17 1.45365e+17 1.61346e+17 1.71743e+17 1.75168e+17 1.71754e+17 1.61319e+17 1.45403e+17 1.25346e+17 1.02483e+17 7.89968e+16 5.70845e+16 3.80784e+16 2.30987e+16 1.24744e+16 5.83744e+15 2.2804e+15 7.04712e+14 1.60984e+14 2.41078e+13 1.86405e+12 3.59874e+10 0 0 0 0 0 0 0 0 0 0 0 0 0 0 0 
0 0 0 0 0 0 0 0 0 0 0 0 0 0 0 0 3.2137e+11 7.28758e+12 6.72068e+13 3.7116e+14 1.43549e+15 4.27183e+15 1.03124e+16 2.11697e+16 3.79388e+16 6.09897e+16 8.94224e+16 1.21183e+17 1.53792e+17 1.83576e+17 2.07444e+17 2.23253e+17 2.28714e+17 2.23042e+17 2.0755e+17 1.8357e+17 1.53871e+17 1.21286e+17 8.95921e+16 6.0993e+16 3.79283e+16 2.11286e+16 1.03387e+16 4.27762e+15 1.43527e+15 3.70926e+14 6.74612e+13 7.26745e+12 3.20593e+11 0 0 0 0 0 0 0 0 0 0 0 0 0 0 0 0 
0 0 0 0 0 0 0 0 0 0 0 0 0 0 0 0 2.96209e+10 1.61699e+12 2.23014e+13 1.60987e+14 7.57406e+14 2.63224e+15 7.2453e+15 1.65481e+16 3.24732e+16 5.62673e+16 8.7586e+16 1.24883e+17 1.64321e+17 2.02166e+17 2.33428e+17 2.53508e+17 2.60479e+17 2.53868e+17 2.33444e+17 2.02275e+17 1.64445e+17 1.24917e+17 8.76305e+16 5.63738e+16 3.24987e+16 1.65978e+16 7.2693e+15 2.62784e+15 7.56011e+14 1.60724e+14 2.23451e+13 1.61191e+12 2.93674e+10 0 0 0 0 0 0 0 0 0 0 0 0 0 0 0 0 
0 0 0 0 0 0 0 0 0 0 0 0 0 0 0 0 0 2.43327e+11 5.79248e+12 5.69227e+13 3.34505e+14 1.37265e+15 4.34249e+15 1.10608e+16 2.39527e+16 4.47271e+16 7.44231e+16 1.11667e+17 1.53305e+17 1.94468e+17 2.29244e+17 2.52837e+17 2.60669e+17 2.52152e+17 2.29139e+17 1.94573e+17 1.53209e+17 1.11664e+17 7.45433e+16 4.47845e+16 2.39617e+16 1.11188e+16 4.34005e+15 1.37514e+15 3.3359e+14 5.68999e+13 5.80592e+12 2.43278e+11 0 0 0 0 0 0 0 0 0 0 0 0 0 0 0 0 0 
0 0 0 0 0 0 0 0 0 0 0 0 0 0 0 0 0 2.02946e+10 1.1295e+12 1.6298e+13 1.22662e+14 6.07684e+14 2.21778e+15 6.38805e+15 1.51737e+16 3.08797e+16 5.48603e+16 8.69851e+16 1.24635e+17 1.63349e+17 1.9705e+17 2.19355e+17 2.27823e+17 2.19796e+17 1.96835e+17 1.6278e+17 1.24279e+17 8.69737e+16 5.48406e+16 3.08465e+16 1.52222e+16 6.40084e+15 2.21397e+15 6.07544e+14 1.22742e+14 1.62801e+13 1.12828e+12 1.99625e+10 0 0 0 0 0 0 0 0 0 0 0 0 0 0 0 0 0 
0 0 0 0 0 0 0 0 0 0 0 0 0 0 0 0 0 0 1.52194e+11 3.69505e+12 3.7459e+13 2.28237e+14 9.6869e+14 3.17767e+15 8.34701e+15 1.85103e+16 3.52343e+16 5.90931e+16 8.8457e+16 1.19847e+17 1.47941e+17 1.67372e+17 1.74488e+17 1.67748e+17 1.47961e+17 1.19656e+17 8.85331e+16 5.90532e+16 3.52482e+16 1.85102e+16 8.35402e+15 3.16843e+15 9.7303e+14 2.28276e+14 3.74715e+13 3.69714e+12 1.51492e+11 0 0 0 0 0 0 0 0 0 0 0 0 0 0 0 0 0 0 
0 0 0 0 0 0 0 0 0 0 0 0 0 0 0 0 0 0 1.16302e+10 6.4085e+11 9.36943e+12 7.19056e+13 3.66319e+14 1.36643e+15 4.01791e+15 9.68599e+15 1.97999e+16 3.51844e+16 5.52813e+16 7.71851e+16 9.77423e+16 1.12285e+17 1.17592e+17 1.12238e+17 9.75746e+16 7.73112e+16 5.50937e+16 3.51116e+16 1.97508e+16 9.65227e+15 3.99885e+15 1.36432e+15 3.65225e+14 7.21086e+13 9.39035e+12 6.4025e+11 1.15007e+10 0 0 0 0 0 0 0 0 0 0 0 0 0 0 0 0 0 0 
0 0 0 0 0 0 0 0 0 0 0 0 0 0 0 0 0 0 0 7.81902e+10 1.89547e+12 1.9191e+13 1.18297e+14 5.09587e+14 1.67868e+15 4.45686e+15 9.82976e+15 1.84783e+16 3.03135e+16 4.40539e+16 5.70694e+16 6.66526e+16 7.00576e+16 6.65543e+16 5.71258e+16 4.40308e+16 3.03171e+16 1.84354e+16 9.78324e+15 4.42298e+15 1.67095e+15 5.09218e+14 1.1835e+14 1.92913e+13 1.88988e+12 7.78703e+10 0 0 0 0 0 0 0 0 0 0 0 0 0 0 0 0 0 0 0 
0 0 0 0 0 0 0 0 0 0 0 0 0 0 0 0 0 0 0 5.69608e+09 2.96522e+11 4.29341e+12 3.26612e+13 1.66014e+14 6.1741e+14 1.79851e+15 4.29326e+15 8.61661e+15 1.48035e+16 2.22936e+16 2.96267e+16 3.51194e+16 3.72363e+16 3.51691e+16 2.96791e+16 2.23211e+16 1.477e+16 8.58541e+15 4.27063e+15 1.78967e+15 6.16421e+14 1.65861e+14 3.28761e+13 4.28471e+12 2.96418e+11 5.64089e+09 0 0 0 0 0 0 0 0 0 0 0 0 0 0 0 0 0 0 0 
0 0 0 0 0 0 0 0 0 0 0 0 0 0 0 0 0 0 0 0 3.34154e+10 7.80297e+11 7.76121e+12 4.6954e+13 1.99547e+14 6.43698e+14 1.66939e+15 3.5716e+15 6.4563e+15 1.00869e+16 1.37779e+16 1.65482e+16 1.76198e+16 1.66118e+16 1.3771e+16 1.00471e+16 6.43244e+15 3.53568e+15 1.65797e+15 6.42636e+14 1.98734e+14 4.70276e+13 7.77149e+12 7.7749e+11 3.32443e+10 0 0 0 0 0 0 0 0 0 0 0 0 0 0 0 0 0 0 0 0 
0 0 0 0 0 0 0 0 0 0 0 0 0 0 0 0 0 0 0 0 2.42608e+09 1.12632e+11 1.56657e+12 1.15539e+13 5.70233e+13 2.06009e+14 5.78352e+14 1.31903e+15 2.51743e+15 4.08323e+15 5.74237e+15 7.01715e+15 7.49576e+15 7.01188e+15 5.72744e+15 4.08871e+15 2.51271e+15 1.31417e+15 5.7459e+14 2.04614e+14 5.6872e+13 1.16134e+13 1.55232e+12 1.12836e+11 2.41335e+09 0 0 0 0 0 0 0 0 0 0 0 0 0 0 0 0 0 0 0 0 
0 0 0 0 0 0 0 0 0 0 0 0 0 0 0 0 0 0 0 0 0 1.19424e+10 2.60905e+11 2.48624e+12 1.43265e+13 5.85436e+13 1.80382e+14 4.41205e+14 8.88171e+14 1.49943e+15 2.17016e+15 2.6908e+15 2.8969e+15 2.69774e+15 2.16596e+15 1.49878e+15 8.84445e+14 4.40299e+14 1.79281e+14 5.82317e+13 1.43881e+13 2.4805e+12 2.59377e+11 1.19279e+10 0 0 0 0 0 0 0 0 0 0 0 0 0 0 0 0 0 0 0 0 0 
0 0 0 0 0 0 0 0 0 0 0 0 0 0 0 0 0 0 0 0 0 9.24598e+08 3.55589e+10 4.54966e+11 3.18367e+12 1.48194e+13 5.06463e+13 1.33731e+14 2.85267e+14 5.01372e+14 7.44937e+14 9.42065e+14 1.01649e+15 9.39632e+14 7.46304e+14 5.00404e+14 2.84568e+14 1.33089e+14 5.03869e+13 1.48661e+13 3.19509e+12 4.54766e+11 3.54115e+10 9.19598e+08 0 0 0 0 0 0 0 0 0 0 0 0 0 0 0 0 0 0 0 0 0 
0 0 0 0 0 0 0 0 0 0 0 0 0 0 0 0 0 0 0 0 0 0 3.64564e+09 7.1583e+10 6.27126e+11 3.37427e+12 1.28006e+13 3.67864e+13 8.31515e+13 1.5316e+14 2.34022e+14 3.01162e+14 3.2682e+14 3.00536e+14 2.34021e+14 1.53033e+14 8.27748e+13 3.66702e+13 1.28188e+13 3.3893e+12 6.23748e+11 7.1107e+10 3.61948e+09 0 0 0 0 0 0 0 0 0 0 0 0 0 0 0 0 0 0 0 0 0 0 
0 0 0 0 0 0 0 0 0 0 0 0 0 0 0 0 0 0 0 0 0 0 3.24872e+08 9.4552e+09 1.0802e+11 6.91772e+11 2.95181e+12 9.20315e+12 2.22395e+13 4.29619e+13 6.76424e+13 8.83919e+13 9.66196e+13 8.8424e+13 6.747e+13 4.27074e+13 2.21206e+13 9.20401e+12 2.9466e+12 6.88419e+11 1.07899e+11 9.42915e+09 3.22944e+08 0 0 0 0 0 0 0 0 0 0 0 0 0 0 0 0 0 0 0 0 0 0 
0 0 0 0 0 0 0 0 0 0 0 0 0 0 0 0 0 0 0 0 0 0 0 9.65311e+08 1.62281e+10 1.27301e+11 6.20551e+11 2.12561e+12 5.47663e+12 1.11002e+13 1.80933e+13 2.41134e+13 2.64853e+13 2.40313e+13 1.80587e+13 1.10599e+13 5.45928e+12 2.11118e+12 6.17565e+11 1.26829e+11 1.61996e+10 9.5997e+08 0 0 0 0 0 0 0 0 0 0 0 0 0 0 0 0 0 0 0 0 0 0 0 
0 0 0 0 0 0 0 0 0 0 0 0 0 0 0 0 0 0 0 0 0 0 0 1.05576e+08 2.18895e+09 2.10656e+10 1.18755e+11 4.50781e+11 1.25073e+12 2.67775e+12 4.50734e+12 6.10999e+12 6.77622e+12 6.10824e+12 4.48914e+12 2.66594e+12 1.2477e+12 4.50281e+11 1.18349e+11 2.10044e+10 2.18275e+09 1.04842e+08 0 0 0 0 0 0 0 0 0 0 0 0 0 0 0 0 0 0 0 0 0 0 0 
0 0 0 0 0 0 0 0 0 0 0 0 0 0 0 0 0 0 0 0 0 0 0 0 2.25285e+08 3.16528e+09 2.1097e+10 8.88234e+10 2.66641e+11 6.00071e+11 1.04804e+12 1.45803e+12 1.62108e+12 1.46145e+12 1.04913e+12 6.0019e+11 2.66835e+11 8.89633e+10 2.09798e+10 3.1612e+09 2.24267e+08 0 0 0 0 0 0 0 0 0 0 0 0 0 0 0 0 0 0 0 0 0 0 0 0 
0 0 0 0 0 0 0 0 0 0 0 0 0 0 0 0 0 0 0 0 0 0 0 0 3.15524e+07 4.47548e+08 3.44126e+09 1.65289e+10 5.35816e+10 1.27094e+11 2.31625e+11 3.26889e+11 3.68107e+11 3.2723e+11 2.32492e+11 1.2746e+11 5.36137e+10 1.65106e+10 3.43782e+09 4.45695e+08 3.15875e+07 0 0 0 0 0 0 0 0 0 0 0 0 0 0 0 0 0 0 0 0 0 0 0 0 
0 0 0 0 0 0 0 0 0 0 0 0 0 0 0 0 0 0 0 0 0 0 0 0 0 4.57905e+07 5.40176e+08 2.91642e+09 1.02385e+10 2.58469e+10 4.8791e+10 7.09213e+10 7.99552e+10 7.08776e+10 4.87997e+10 2.59894e+10 1.02112e+10 2.90914e+09 5.38815e+08 4.57553e+07 0 0 0 0 0 0 0 0 0 0 0 0 0 0 0 0 0 0 0 0 0 0 0 0 0 
0 0 0 0 0 0 0 0 0 0 0 0 0 0 0 0 0 0 0 0 0 0 0 0 0 8.5917e+06 8.16589e+07 4.79587e+08 1.9072e+09 5.05892e+09 9.89994e+09 1.47531e+10 1.66702e+10 1.46749e+10 9.94437e+09 5.07472e+09 1.90296e+09 4.78389e+08 8.16668e+07 8.62125e+06 0 0 0 0 0 0 0 0 0 0 0 0 0 0 0 0 0 0 0 0 0 0 0 0 0 
0 0 0 0 0 0 0 0 0 0 0 0 0 0 0 0 0 0 0 0 0 0 0 0 0 0 7.86975e+06 8.13567e+07 3.40715e+08 9.60944e+08 1.98672e+09 2.98756e+09 3.44362e+09 2.98496e+09 1.99448e+09 9.59869e+08 3.39726e+08 8.16461e+07 7.93557e+06 0 0 0 0 0 0 0 0 0 0 0 0 0 0 0 0 0 0 0 0 0 0 0 0 0 0 
0 0 0 0 0 0 0 0 0 0 0 0 0 0 0 0 0 0 0 0 0 0 0 0 0 0 2.07793e+06 1.29321e+07 5.69088e+07 1.85651e+08 3.82087e+08 6.03393e+08 6.8835e+08 6.02696e+08 3.81632e+08 1.85936e+08 5.7037e+07 1.29498e+07 2.0944e+06 0 0 0 0 0 0 0 0 0 0 0 0 0 0 0 0 0 0 0 0 0 0 0 0 0 0 
0 0 0 0 0 0 0 0 0 0 0 0 0 0 0 0 0 0 0 0 0 0 0 0 0 0 0 1.09165e+06 1.0911e+07 3.3043e+07 7.42631e+07 1.20432e+08 1.36472e+08 1.19403e+08 7.3922e+07 3.29829e+07 1.08913e+07 1.09585e+06 0 0 0 0 0 0 0 0 0 0 0 0 0 0 0 0 0 0 0 0 0 0 0 0 0 0 0 
0 0 0 0 0 0 0 0 0 0 0 0 0 0 0 0 0 0 0 0 0 0 0 0 0 0 0 432905 1.70768e+06 5.64095e+06 1.53137e+07 2.23522e+07 2.87787e+07 2.22389e+07 1.52545e+07 5.60852e+06 1.70234e+06 432340 0 0 0 0 0 0 0 0 0 0 0 0 0 0 0 0 0 0 0 0 0 0 0 0 0 0 0 
0 0 0 0 0 0 0 0 0 0 0 0 0 0 0 0 0 0 0 0 0 0 0 0 0 0 0 0 113762 1.26594e+06 2.44116e+06 4.72999e+06 5.22107e+06 4.71624e+06 2.431e+06 1.26391e+06 113783 0 0 0 0 0 0 0 0 0 0 0 0 0 0 0 0 0 0 0 0 0 0 0 0 0 0 0 0 
0 0 0 0 0 0 0 0 0 0 0 0 0 0 0 0 0 0 0 0 0 0 0 0 0 0 0 0 74407 172176 462845 976041 948203 967908 464585 171175 73671.8 0 0 0 0 0 0 0 0 0 0 0 0 0 0 0 0 0 0 0 0 0 0 0 0 0 0 0 0 
0 0 0 0 0 0 0 0 0 0 0 0 0 0 0 0 0 0 0 0 0 0 0 0 0 0 0 0 0 7726.06 117996 111966 241067 112287 118134 7688.36 0 0 0 0 0 0 0 0 0 0 0 0 0 0 0 0 0 0 0 0 0 0 0 0 0 0 0 0 0 
0 0 0 0 0 0 0 0 0 0 0 0 0 0 0 0 0 0 0 0 0 0 0 0 0 0 0 0 0 10050.3 11600.2 32755.6 37817.3 32640.3 11606.3 9948.04 0 0 0 0 0 0 0 0 0 0 0 0 0 0 0 0 0 0 0 0 0 0 0 0 0 0 0 0 0 
0 0 0 0 0 0 0 0 0 0 0 0 0 0 0 0 0 0 0 0 0 0 0 0 0 0 0 0 0 0 260.167 7723.95 2046.55 7713.68 256.394 0 0 0 0 0 0 0 0 0 0 0 0 0 0 0 0 0 0 0 0 0 0 0 0 0 0 0 0 0 0 
0 0 0 0 0 0 0 0 0 0 0 0 0 0 0 0 0 0 0 0 0 0 0 0 0 0 0 0 0 0 997.818 384.366 1929.14 384.835 988.486 0 0 0 0 0 0 0 0 0 0 0 0 0 0 0 0 0 0 0 0 0 0 0 0 0 0 0 0 0 0 
0 0 0 0 0 0 0 0 0 0 0 0 0 0 0 0 0 0 0 0 0 0 0 0 0 0 0 0 0 0 0 0 257.916 0 0 0 0 0 0 0 0 0 0 0 0 0 0 0 0 0 0 0 0 0 0 0 0 0 0 0 0 0 0 0 0 
0 0 0 0 0 0 0 0 0 0 0 0 0 0 0 0 0 0 0 0 0 0 0 0 0 0 0 0 0 0 0 64.0159 0 64.1199 0 0 0 0 0 0 0 0 0 0 0 0 0 0 0 0 0 0 0 0 0 0 0 0 0 0 0 0 0 0 0 
0 0 0 0 0 0 0 0 0 0 0 0 0 0 0 0 0 0 0 0 0 0 0 0 0 0 0 0 0 0 0 0 0 0 0 0 0 0 0 0 0 0 0 0 0 0 0 0 0 0 0 0 0 0 0 0 0 0 0 0 0 0 0 0 0 
0 0 0 0 0 0 0 0 0 0 0 0 0 0 0 0 0 0 0 0 0 0 0 0 0 0 0 0 0 0 0 0 1.99762 0 0 0 0 0 0 0 0 0 0 0 0 0 0 0 0 0 0 0 0 0 0 0 0 0 0 0 0 0 0 0 0 
