1 0 0 0 0 0 0 0 0 0 0 0 0 0 0 0 0 0 0 0 0 0 0 0 0 0 0 0 0 0 0 0 0 0 0 0 0 0 0 0 0 0 0 0 0 0 0 0 0 0 0 0 0 0 0 0 0 0 0 0 0 0 0 0 1 
0 0 0 0 0 0 0 0 0 0 0 0 0 0 0 0 0 0 0 0 0 0 0 0 0 0 0 0 0 0 0 0 0 0 0 0 0 0 0 0 0 0 0 0 0 0 0 0 0 0 0 0 0 0 0 0 0 0 0 0 0 0 0 0 0 
0 64 0 0 0 0 0 0 0 0 0 0 0 0 0 0 0 0 0 0 0 0 0 0 0 0 0 0 0 0 0 0 0 0 0 0 0 0 0 0 0 0 0 0 0 0 0 0 0 0 0 0 0 0 0 0 0 0 0 0 0 0 0 64 0 
0 0 124.965 0 0 0 0 0 0 0 0 0 0 0 0 0 0 0 0 0 0 0 0 0 0 0 0 0 0 0 0 0 0 0 0 0 0 0 0 0 0 0 0 0 0 0 0 0 0 0 0 0 0 0 0 0 0 0 0 0 0 0 130.268 0 0 
0 0 1891.04 386.46 65.4676 0 0 0 0 0 0 0 0 0 0 0 0 0 0 0 0 0 0 0 0 0 0 0 0 0 0 0 0 0 0 0 0 0 0 0 0 0 0 0 0 0 0 0 0 0 0 0 0 0 0 0 0 0 0 0 65.3464 389.806 1885.73 0 0 
0 0 0 7149.64 1147.35 508.305 128.31 0 0 0 0 0 0 0 0 0 0 0 0 0 0 0 0 0 0 0 0 0 0 0 0 0 0 0 0 0 0 0 0 0 0 0 0 0 0 0 0 0 0 0 0 0 0 0 0 0 0 0 127.61 518.363 1159.48 7235.99 0 0 0 
0 0 0 34127.9 27191.7 6795.72 2552.57 1419.89 381.951 64.1003 0 0 0 0 0 0 0 0 0 0 0 0 0 0 0 0 0 0 0 0 0 0 0 0 0 0 0 0 0 0 0 0 0 0 0 0 0 0 0 0 0 0 0 0 0 63.2605 373.381 1375.14 2563.92 6835.13 27551.3 34038.2 0 0 0 
0 0 0 0 183787 97640.1 43495.8 16626.1 8588.03 4635.77 1884.04 506.542 124.526 0 0 0 0 0 0 0 0 0 0 0 0 0 0 0 0 0 0 0 0 0 0 0 0 0 0 0 0 0 0 0 0 0 0 0 0 0 0 0 127.705 503.529 1899.36 4551.76 8388.76 16501.8 43024.2 97544.9 184623 0 0 0 0 
0 0 0 0 423184 825287 409039 223105 121083 59325.6 33195.1 19919.3 9713.19 4334.84 1396.62 383.001 80.1996 0 0 0 0 0 0 0 15.743 0 0 0 0 0 0 0 16.5868 0 0 0 0 0 0 0 16.7175 0 0 0 0 0 0 0 83.4704 396.106 1423.38 4388.66 9529.06 19480.8 32585.6 56817.5 119583 218952 409793 842679 421977 0 0 0 0 
0 0 0 0 0 2.87941e+06 3.33792e+06 1.95041e+06 1.14245e+06 721620 427740 249217 153043 93964.8 54701.4 29178.6 13744.3 5839.98 2197.8 777.272 385.882 253.256 252.667 252.359 0 253.048 254.827 262.23 261.49 263.14 262.671 262.035 0 256.849 262.421 270.212 268.521 268.064 265.366 264.026 0 262.128 265.441 261.827 390.962 770.236 2139.82 5696.95 13816.3 28907.1 54803.3 93414.2 152538 249350 424122 703097 1.12041e+06 1.98125e+06 3.34034e+06 2.87705e+06 0 0 0 0 0 
0 0 0 0 0 3.81487e+06 1.4549e+07 1.3231e+07 9.3381e+06 6.20701e+06 4.07628e+06 2.69453e+06 1.78174e+06 1.1623e+06 776618 513373 330016 206732 118163 66617.5 36219.6 21256.4 13707.3 10870.2 11692.7 9907.93 9372.04 9274.06 9588.45 9398.13 9641.91 9640.57 11413 9635.5 9534.12 9349.18 9625.42 9485.61 9543.43 9894.39 11865.8 10763.2 13671.7 21176.6 36041.1 66370.1 118179 202281 321746 503877 775231 1.16453e+06 1.79404e+06 2.63211e+06 4.00375e+06 6.07353e+06 9.31762e+06 1.34094e+07 1.46909e+07 3.79988e+06 0 0 0 0 0 
0 0 0 0 0 0 3.04003e+07 6.3644e+07 5.76694e+07 4.29549e+07 3.15606e+07 2.2326e+07 1.59991e+07 1.16775e+07 8.14649e+06 5.87071e+06 4.19218e+06 2.93496e+06 2.07643e+06 1.43414e+06 1.00359e+06 700573 501319 368535 281733 248912 235237 226309 216979 222933 217879 216002 207592 214421 217207 219244 219358 224292 235538 252054 284473 366427 497534 697094 999196 1.45347e+06 2.07333e+06 2.88857e+06 4.09909e+06 5.81355e+06 8.09802e+06 1.13587e+07 1.56305e+07 2.2162e+07 3.11509e+07 4.26921e+07 5.7128e+07 6.33832e+07 3.02575e+07 0 0 0 0 0 0 
0 0 0 0 0 0 2.62319e+07 1.69141e+08 2.63087e+08 2.47776e+08 1.98368e+08 1.5389e+08 1.19075e+08 9.08571e+07 6.89952e+07 5.24789e+07 4.02175e+07 3.05496e+07 2.30913e+07 1.75934e+07 1.35661e+07 1.05628e+07 8.37096e+06 6.71921e+06 5.50584e+06 4.62716e+06 4.02779e+06 3.69865e+06 3.5199e+06 3.34856e+06 3.2785e+06 3.26774e+06 3.22648e+06 3.2599e+06 3.24731e+06 3.3333e+06 3.46703e+06 3.66824e+06 4.02802e+06 4.6182e+06 5.44178e+06 6.61932e+06 8.26182e+06 1.06306e+07 1.34589e+07 1.77289e+07 2.31981e+07 3.04638e+07 4.02521e+07 5.22671e+07 6.87132e+07 8.91575e+07 1.18976e+08 1.55449e+08 1.97017e+08 2.45465e+08 2.62402e+08 1.6802e+08 2.62301e+07 0 0 0 0 0 0 
0 0 0 0 0 0 0 2.33128e+08 7.87573e+08 1.07388e+09 1.04468e+09 8.99287e+08 7.54815e+08 6.09796e+08 4.90552e+08 3.95839e+08 3.1659e+08 2.53483e+08 2.04184e+08 1.65771e+08 1.338e+08 1.11351e+08 9.24577e+07 7.78311e+07 6.56908e+07 5.65153e+07 5.02395e+07 4.5626e+07 4.24297e+07 4.06945e+07 3.92938e+07 3.82922e+07 3.79592e+07 3.82772e+07 3.87726e+07 4.02804e+07 4.28444e+07 4.60207e+07 5.06847e+07 5.70361e+07 6.47765e+07 7.55824e+07 9.17313e+07 1.10051e+08 1.32826e+08 1.63094e+08 2.04578e+08 2.52683e+08 3.14641e+08 3.89484e+08 4.85433e+08 6.09904e+08 7.3831e+08 8.95229e+08 1.04704e+09 1.06727e+09 7.74525e+08 2.32476e+08 0 0 0 0 0 0 0 
0 0 0 0 0 0 0 1.39881e+08 1.39428e+09 3.3223e+09 4.29073e+09 4.35588e+09 4.01241e+09 3.51458e+09 2.98953e+09 2.51211e+09 2.12612e+09 1.7976e+09 1.4886e+09 1.25684e+09 1.07195e+09 9.22624e+08 7.9082e+08 6.87122e+08 5.99594e+08 5.38201e+08 4.81913e+08 4.44537e+08 4.15036e+08 3.95731e+08 3.78871e+08 3.73711e+08 3.74134e+08 3.75539e+08 3.8043e+08 3.92611e+08 4.11433e+08 4.40144e+08 4.7664e+08 5.25783e+08 5.9628e+08 6.77262e+08 7.75618e+08 9.00386e+08 1.05519e+09 1.26061e+09 1.48751e+09 1.77367e+09 2.12611e+09 2.52443e+09 2.97734e+09 3.44259e+09 3.94801e+09 4.33086e+09 4.29261e+09 3.29971e+09 1.38664e+09 1.4171e+08 0 0 0 0 0 0 0 
0 0 0 0 0 0 0 0 1.32779e+09 6.67356e+09 1.31047e+10 1.67619e+10 1.7896e+10 1.7171e+10 1.57439e+10 1.40246e+10 1.23938e+10 1.08926e+10 9.39697e+09 8.30285e+09 7.31865e+09 6.47186e+09 5.75782e+09 5.10597e+09 4.55559e+09 4.15115e+09 3.84137e+09 3.59729e+09 3.3408e+09 3.20334e+09 3.11024e+09 3.08219e+09 3.04225e+09 3.07513e+09 3.10546e+09 3.22198e+09 3.32295e+09 3.54597e+09 3.82091e+09 4.13683e+09 4.52321e+09 5.0445e+09 5.66858e+09 6.378e+09 7.24875e+09 8.30122e+09 9.41861e+09 1.07612e+10 1.23837e+10 1.40427e+10 1.552e+10 1.69356e+10 1.76387e+10 1.6811e+10 1.31144e+10 6.62929e+09 1.3413e+09 0 0 0 0 0 0 0 0 
0 0 0 0 0 0 0 0 5.85164e+08 8.27526e+09 2.86045e+10 5.06548e+10 6.46791e+10 7.12073e+10 7.10723e+10 6.81153e+10 6.40268e+10 5.84062e+10 5.3339e+10 4.76829e+10 4.32312e+10 3.93772e+10 3.58308e+10 3.28244e+10 3.01779e+10 2.79647e+10 2.60843e+10 2.44441e+10 2.33202e+10 2.26612e+10 2.20819e+10 2.14025e+10 2.13515e+10 2.15365e+10 2.18554e+10 2.24573e+10 2.3342e+10 2.41093e+10 2.58116e+10 2.78271e+10 2.9981e+10 3.25603e+10 3.56247e+10 3.87764e+10 4.3193e+10 4.7921e+10 5.27576e+10 5.79732e+10 6.32915e+10 6.75449e+10 7.06186e+10 6.99702e+10 6.40245e+10 4.9891e+10 2.83965e+10 8.3607e+09 5.93607e+08 0 0 0 0 0 0 0 0 
0 0 0 0 0 0 0 0 0 5.93799e+09 4.08758e+10 1.11677e+11 1.8621e+11 2.40981e+11 2.73574e+11 2.82867e+11 2.81801e+11 2.73862e+11 2.60036e+11 2.45139e+11 2.28879e+11 2.14332e+11 1.99226e+11 1.8671e+11 1.73874e+11 1.63306e+11 1.55505e+11 1.48994e+11 1.44863e+11 1.39878e+11 1.35713e+11 1.34704e+11 1.33159e+11 1.34868e+11 1.35569e+11 1.3823e+11 1.43339e+11 1.48375e+11 1.54755e+11 1.62044e+11 1.7291e+11 1.86788e+11 1.99623e+11 2.11551e+11 2.28544e+11 2.42615e+11 2.59635e+11 2.72808e+11 2.82245e+11 2.84451e+11 2.72652e+11 2.40466e+11 1.84253e+11 1.10694e+11 4.07828e+10 5.91489e+09 0 0 0 0 0 0 0 0 0 
0 0 0 0 0 0 0 0 0 1.95987e+09 3.76092e+10 1.74326e+11 4.12823e+11 6.73133e+11 8.80807e+11 1.01764e+12 1.08946e+12 1.12401e+12 1.11785e+12 1.10035e+12 1.07525e+12 1.0342e+12 9.90751e+11 9.43721e+11 9.03811e+11 8.64109e+11 8.39594e+11 8.10892e+11 7.91043e+11 7.66859e+11 7.51715e+11 7.43619e+11 7.414e+11 7.44407e+11 7.50057e+11 7.56873e+11 7.71086e+11 7.99047e+11 8.26599e+11 8.63032e+11 8.97022e+11 9.32031e+11 9.82121e+11 1.03361e+12 1.07036e+12 1.09862e+12 1.11894e+12 1.1138e+12 1.09344e+12 1.00858e+12 8.66111e+11 6.61508e+11 4.08085e+11 1.74482e+11 3.77824e+10 1.97372e+09 0 0 0 0 0 0 0 0 0 
0 0 0 0 0 0 0 0 0 0 2.04653e+10 1.85936e+11 6.69261e+11 1.44425e+12 2.30214e+12 3.05171e+12 3.60556e+12 4.03187e+12 4.26795e+12 4.38885e+12 4.4399e+12 4.44545e+12 4.41391e+12 4.34926e+12 4.2107e+12 4.08821e+12 3.99968e+12 3.92853e+12 3.86149e+12 3.82244e+12 3.77619e+12 3.74122e+12 3.717e+12 3.71016e+12 3.7555e+12 3.79121e+12 3.84842e+12 3.9171e+12 3.97633e+12 4.06726e+12 4.15299e+12 4.27171e+12 4.39504e+12 4.48023e+12 4.46865e+12 4.4241e+12 4.27102e+12 4.03448e+12 3.61616e+12 3.01901e+12 2.27815e+12 1.4337e+12 6.68915e+11 1.8737e+11 2.04342e+10 0 0 0 0 0 0 0 0 0 0 
0 0 0 0 0 0 0 0 0 0 5.2438e+09 1.31481e+11 7.77937e+11 2.38232e+12 4.84748e+12 7.64435e+12 1.01987e+13 1.25071e+13 1.42941e+13 1.55079e+13 1.64241e+13 1.69964e+13 1.73463e+13 1.74918e+13 1.75015e+13 1.74781e+13 1.73507e+13 1.71008e+13 1.68693e+13 1.6921e+13 1.69754e+13 1.69969e+13 1.67895e+13 1.68052e+13 1.69374e+13 1.69588e+13 1.70257e+13 1.71129e+13 1.72463e+13 1.7218e+13 1.7344e+13 1.73459e+13 1.7309e+13 1.70099e+13 1.64498e+13 1.55593e+13 1.43034e+13 1.25073e+13 1.02165e+13 7.56973e+12 4.8053e+12 2.38534e+12 7.91545e+11 1.31103e+11 5.39074e+09 0 0 0 0 0 0 0 0 0 0 
0 0 0 0 0 0 0 0 0 0 0 5.59451e+10 6.47097e+11 2.92414e+12 7.92891e+12 1.53794e+13 2.41849e+13 3.28447e+13 4.10254e+13 4.82882e+13 5.3731e+13 5.84692e+13 6.1451e+13 6.39187e+13 6.55183e+13 6.7155e+13 6.77329e+13 6.8256e+13 6.83129e+13 6.81504e+13 6.83234e+13 6.84381e+13 6.86171e+13 6.82197e+13 6.83496e+13 6.84906e+13 6.82248e+13 6.81412e+13 6.70581e+13 6.62436e+13 6.58357e+13 6.38446e+13 6.15481e+13 5.80517e+13 5.37923e+13 4.76786e+13 4.12697e+13 3.29856e+13 2.42635e+13 1.55268e+13 7.95462e+12 2.94738e+12 6.45875e+11 5.6138e+10 0 0 0 0 0 0 0 0 0 0 0 
0 0 0 0 0 0 0 0 0 0 0 1.13801e+10 3.60057e+11 2.65692e+12 1.00164e+13 2.50267e+13 4.6752e+13 7.34237e+13 1.01523e+14 1.29012e+14 1.54527e+14 1.75267e+14 1.94375e+14 2.09725e+14 2.2239e+14 2.30089e+14 2.3773e+14 2.44816e+14 2.4676e+14 2.49445e+14 2.5392e+14 2.53462e+14 2.53029e+14 2.53238e+14 2.52364e+14 2.51961e+14 2.48088e+14 2.45015e+14 2.37625e+14 2.30746e+14 2.20808e+14 2.08502e+14 1.95009e+14 1.76341e+14 1.54051e+14 1.29083e+14 1.0128e+14 7.34041e+13 4.69954e+13 2.48341e+13 1.00135e+13 2.65643e+12 3.55305e+11 1.17e+10 0 0 0 0 0 0 0 0 0 0 0 
0 0 0 0 0 0 0 0 0 0 0 0 1.22888e+11 1.71631e+12 9.57531e+12 3.141e+13 7.40052e+13 1.3583e+14 2.11793e+14 2.97978e+14 3.84423e+14 4.6818e+14 5.40286e+14 6.0872e+14 6.614e+14 7.1678e+14 7.60906e+14 7.87107e+14 8.04787e+14 8.25246e+14 8.36986e+14 8.4548e+14 8.47357e+14 8.4592e+14 8.37603e+14 8.28514e+14 8.0666e+14 7.82917e+14 7.50493e+14 7.11339e+14 6.64172e+14 6.07071e+14 5.40674e+14 4.65565e+14 3.8376e+14 2.97696e+14 2.12585e+14 1.36889e+14 7.3389e+13 3.16874e+13 9.57746e+12 1.71468e+12 1.23056e+11 0 0 0 0 0 0 0 0 0 0 0 0 
0 0 0 0 0 0 0 0 0 0 0 0 2.0463e+10 7.62564e+11 6.81671e+12 3.09953e+13 9.23159e+13 2.05762e+14 3.72772e+14 5.85152e+14 8.19436e+14 1.0747e+15 1.3244e+15 1.55638e+15 1.76162e+15 1.96539e+15 2.12487e+15 2.25507e+15 2.35687e+15 2.44762e+15 2.50335e+15 2.53316e+15 2.56345e+15 2.54272e+15 2.52466e+15 2.4488e+15 2.36941e+15 2.25687e+15 2.11887e+15 1.96545e+15 1.76748e+15 1.55305e+15 1.32059e+15 1.07696e+15 8.22949e+14 5.83931e+14 3.72719e+14 2.04962e+14 9.26852e+13 3.08842e+13 6.81518e+12 7.6042e+11 2.0694e+10 0 0 0 0 0 0 0 0 0 0 0 0 
0 0 0 0 0 0 0 0 0 0 0 0 0 2.13464e+11 3.51316e+12 2.345e+13 9.11651e+13 2.51814e+14 5.39499e+14 9.598e+14 1.50086e+15 2.13759e+15 2.82155e+15 3.52193e+15 4.15933e+15 4.79419e+15 5.33918e+15 5.83074e+15 6.19091e+15 6.46748e+15 6.72094e+15 6.89933e+15 6.8899e+15 6.85803e+15 6.74188e+15 6.53335e+15 6.21209e+15 5.85927e+15 5.34176e+15 4.80791e+15 4.18076e+15 3.49157e+15 2.81472e+15 2.12894e+15 1.50405e+15 9.60827e+14 5.37482e+14 2.52346e+14 9.16495e+13 2.33788e+13 3.56088e+12 2.15612e+11 0 0 0 0 0 0 0 0 0 0 0 0 0 
0 0 0 0 0 0 0 0 0 0 0 0 0 3.01596e+10 1.27582e+12 1.34221e+13 7.1646e+13 2.47168e+14 6.40759e+14 1.33209e+15 2.34336e+15 3.63657e+15 5.19665e+15 6.88124e+15 8.60712e+15 1.02664e+16 1.18782e+16 1.33075e+16 1.45633e+16 1.54727e+16 1.60896e+16 1.6653e+16 1.67832e+16 1.66394e+16 1.61746e+16 1.55078e+16 1.46471e+16 1.32557e+16 1.19113e+16 1.02936e+16 8.60485e+15 6.87297e+15 5.20057e+15 3.65665e+15 2.33614e+15 1.32134e+15 6.40241e+14 2.48136e+14 7.13364e+13 1.34258e+13 1.28278e+12 3.02697e+10 0 0 0 0 0 0 0 0 0 0 0 0 0 
0 0 0 0 0 0 0 0 0 0 0 0 0 0 2.9897e+11 5.66195e+12 4.34793e+13 1.96092e+14 6.1746e+14 1.50051e+15 3.05398e+15 5.29943e+15 8.23201e+15 1.1698e+16 1.5549e+16 1.95834e+16 2.35482e+16 2.69097e+16 3.02214e+16 3.28028e+16 3.46161e+16 3.59003e+16 3.62048e+16 3.59103e+16 3.47933e+16 3.28025e+16 3.01159e+16 2.70353e+16 2.34082e+16 1.9531e+16 1.55338e+16 1.17166e+16 8.24652e+15 5.29896e+15 3.02773e+15 1.50657e+15 6.18436e+14 1.94965e+14 4.33563e+13 5.70442e+12 3.03063e+11 0 0 0 0 0 0 0 0 0 0 0 0 0 0 
0 0 0 0 0 0 0 0 0 0 0 0 0 0 3.60415e+10 1.71449e+12 2.03387e+13 1.23778e+14 4.87315e+14 1.42474e+15 3.306e+15 6.47662e+15 1.10837e+16 1.72251e+16 2.43298e+16 3.22588e+16 4.03576e+16 4.84085e+16 5.55089e+16 6.12471e+16 6.58224e+16 6.84297e+16 7.00173e+16 6.87066e+16 6.57966e+16 6.11741e+16 5.51475e+16 4.80657e+16 4.03208e+16 3.21742e+16 2.43502e+16 1.7135e+16 1.10693e+16 6.4699e+15 3.31733e+15 1.42512e+15 4.8671e+14 1.23145e+14 2.01405e+13 1.72742e+12 3.63621e+10 0 0 0 0 0 0 0 0 0 0 0 0 0 0 
0 0 0 0 0 0 0 0 0 0 0 0 0 0 0 3.41779e+11 7.18217e+12 6.15885e+13 3.12008e+14 1.10454e+15 2.99253e+15 6.71621e+15 1.27784e+16 2.15427e+16 3.27818e+16 4.59291e+16 6.06485e+16 7.5102e+16 8.8917e+16 1.01305e+17 1.10715e+17 1.16427e+17 1.18265e+17 1.16025e+17 1.09922e+17 1.0127e+17 8.85827e+16 7.49529e+16 6.06196e+16 4.61267e+16 3.28178e+16 2.14579e+16 1.27436e+16 6.72087e+15 3.00971e+15 1.10547e+15 3.12629e+14 6.12982e+13 7.22173e+12 3.47949e+11 0 0 0 0 0 0 0 0 0 0 0 0 0 0 0 
0 0 0 0 0 0 0 0 0 0 0 0 0 0 0 3.55369e+10 1.85447e+12 2.40062e+13 1.61568e+14 7.07732e+14 2.28668e+15 5.80695e+15 1.245e+16 2.29867e+16 3.81456e+16 5.74014e+16 7.88797e+16 1.02096e+17 1.25517e+17 1.46426e+17 1.62218e+17 1.72173e+17 1.75709e+17 1.72001e+17 1.6194e+17 1.45671e+17 1.25153e+17 1.02305e+17 7.91347e+16 5.72223e+16 3.80101e+16 2.30555e+16 1.24731e+16 5.81021e+15 2.27915e+15 7.07253e+14 1.6181e+14 2.4066e+13 1.85105e+12 3.574e+10 0 0 0 0 0 0 0 0 0 0 0 0 0 0 0 
0 0 0 0 0 0 0 0 0 0 0 0 0 0 0 0 3.19334e+11 7.18746e+12 6.67702e+13 3.71736e+14 1.44023e+15 4.28404e+15 1.03383e+16 2.11888e+16 3.80284e+16 6.09275e+16 8.95013e+16 1.2138e+17 1.53545e+17 1.83917e+17 2.07827e+17 2.23672e+17 2.28495e+17 2.23517e+17 2.07677e+17 1.8396e+17 1.5423e+17 1.21686e+17 8.94426e+16 6.09212e+16 3.77794e+16 2.11474e+16 1.03196e+16 4.25792e+15 1.44057e+15 3.73727e+14 6.68608e+13 7.29964e+12 3.22208e+11 0 0 0 0 0 0 0 0 0 0 0 0 0 0 0 0 
0 0 0 0 0 0 0 0 0 0 0 0 0 0 0 0 2.94149e+10 1.60508e+12 2.21681e+13 1.60197e+14 7.59221e+14 2.64267e+15 7.2481e+15 1.65226e+16 3.23406e+16 5.62687e+16 8.78645e+16 1.25104e+17 1.64729e+17 2.00942e+17 2.33105e+17 2.53353e+17 2.60701e+17 2.52841e+17 2.33191e+17 2.02162e+17 1.64651e+17 1.25277e+17 8.77556e+16 5.61887e+16 3.24763e+16 1.65685e+16 7.23559e+15 2.64885e+15 7.60189e+14 1.61826e+14 2.25034e+13 1.6068e+12 2.94906e+10 0 0 0 0 0 0 0 0 0 0 0 0 0 0 0 0 
0 0 0 0 0 0 0 0 0 0 0 0 0 0 0 0 0 2.42709e+11 5.74275e+12 5.6348e+13 3.32329e+14 1.38133e+15 4.33788e+15 1.10536e+16 2.39936e+16 4.48433e+16 7.4644e+16 1.12027e+17 1.52602e+17 1.94378e+17 2.28899e+17 2.52367e+17 2.59808e+17 2.52426e+17 2.29235e+17 1.93742e+17 1.5327e+17 1.11371e+17 7.42564e+16 4.47181e+16 2.39932e+16 1.11051e+16 4.3625e+15 1.37955e+15 3.3526e+14 5.71119e+13 5.83516e+12 2.47055e+11 0 0 0 0 0 0 0 0 0 0 0 0 0 0 0 0 0 
0 0 0 0 0 0 0 0 0 0 0 0 0 0 0 0 0 2.00928e+10 1.1166e+12 1.60664e+13 1.21696e+14 6.05452e+14 2.22197e+15 6.39007e+15 1.5165e+16 3.0688e+16 5.45432e+16 8.69405e+16 1.25019e+17 1.62582e+17 1.96444e+17 2.19634e+17 2.28227e+17 2.20037e+17 1.96403e+17 1.62998e+17 1.24278e+17 8.67398e+16 5.47294e+16 3.08034e+16 1.5242e+16 6.42691e+15 2.22883e+15 6.10748e+14 1.23443e+14 1.64098e+13 1.14382e+12 2.01239e+10 0 0 0 0 0 0 0 0 0 0 0 0 0 0 0 0 0 
0 0 0 0 0 0 0 0 0 0 0 0 0 0 0 0 0 0 1.51069e+11 3.67241e+12 3.69362e+13 2.26185e+14 9.72804e+14 3.15485e+15 8.29719e+15 1.83799e+16 3.49743e+16 5.87631e+16 8.80991e+16 1.19917e+17 1.47386e+17 1.67211e+17 1.7439e+17 1.67412e+17 1.47727e+17 1.19331e+17 8.81433e+16 5.91012e+16 3.52179e+16 1.85009e+16 8.33135e+15 3.17437e+15 9.82398e+14 2.28784e+14 3.76413e+13 3.72414e+12 1.53807e+11 0 0 0 0 0 0 0 0 0 0 0 0 0 0 0 0 0 0 
0 0 0 0 0 0 0 0 0 0 0 0 0 0 0 0 0 0 1.15667e+10 6.36539e+11 9.3232e+12 7.12505e+13 3.63946e+14 1.3627e+15 3.96919e+15 9.5727e+15 1.96956e+16 3.49527e+16 5.51287e+16 7.71048e+16 9.77079e+16 1.11964e+17 1.17128e+17 1.11854e+17 9.76226e+16 7.70923e+16 5.51038e+16 3.51221e+16 1.97193e+16 9.59356e+15 4.01125e+15 1.37614e+15 3.68423e+14 7.24429e+13 9.45686e+12 6.47182e+11 1.16606e+10 0 0 0 0 0 0 0 0 0 0 0 0 0 0 0 0 0 0 
0 0 0 0 0 0 0 0 0 0 0 0 0 0 0 0 0 0 0 7.73383e+10 1.89788e+12 1.91549e+13 1.1673e+14 5.06249e+14 1.66381e+15 4.4196e+15 9.70725e+15 1.8353e+16 3.01999e+16 4.40503e+16 5.68955e+16 6.61745e+16 6.98267e+16 6.65814e+16 5.69858e+16 4.41865e+16 3.05527e+16 1.84534e+16 9.75847e+15 4.43522e+15 1.6845e+15 5.10566e+14 1.19088e+14 1.93017e+13 1.89712e+12 7.93066e+10 0 0 0 0 0 0 0 0 0 0 0 0 0 0 0 0 0 0 0 
0 0 0 0 0 0 0 0 0 0 0 0 0 0 0 0 0 0 0 5.67266e+09 2.93754e+11 4.29005e+12 3.23917e+13 1.63731e+14 6.1261e+14 1.78694e+15 4.27778e+15 8.57383e+15 1.47379e+16 2.21906e+16 2.94415e+16 3.49273e+16 3.70159e+16 3.49647e+16 2.95907e+16 2.23082e+16 1.48656e+16 8.53303e+15 4.25518e+15 1.80007e+15 6.18111e+14 1.66064e+14 3.28139e+13 4.25739e+12 2.98555e+11 5.66026e+09 0 0 0 0 0 0 0 0 0 0 0 0 0 0 0 0 0 0 0 
0 0 0 0 0 0 0 0 0 0 0 0 0 0 0 0 0 0 0 0 3.31236e+10 7.7662e+11 7.76519e+12 4.6766e+13 1.97474e+14 6.35664e+14 1.66501e+15 3.56494e+15 6.4792e+15 1.00626e+16 1.37149e+16 1.65338e+16 1.75582e+16 1.65176e+16 1.37944e+16 1.01237e+16 6.46139e+15 3.55844e+15 1.66898e+15 6.45045e+14 1.99912e+14 4.71124e+13 7.75025e+12 7.85371e+11 3.33845e+10 0 0 0 0 0 0 0 0 0 0 0 0 0 0 0 0 0 0 0 0 
0 0 0 0 0 0 0 0 0 0 0 0 0 0 0 0 0 0 0 0 2.43629e+09 1.11854e+11 1.55973e+12 1.15838e+13 5.66762e+13 2.039e+14 5.74369e+14 1.32433e+15 2.52491e+15 4.12046e+15 5.75523e+15 6.99281e+15 7.48444e+15 7.01167e+15 5.73437e+15 4.11324e+15 2.55248e+15 1.32208e+15 5.75684e+14 2.03888e+14 5.65199e+13 1.14857e+13 1.57369e+12 1.13496e+11 2.40571e+09 0 0 0 0 0 0 0 0 0 0 0 0 0 0 0 0 0 0 0 0 
0 0 0 0 0 0 0 0 0 0 0 0 0 0 0 0 0 0 0 0 0 1.19662e+10 2.57682e+11 2.4719e+12 1.43113e+13 5.80929e+13 1.78755e+14 4.41319e+14 8.94847e+14 1.5092e+15 2.17076e+15 2.69987e+15 2.89564e+15 2.69781e+15 2.17997e+15 1.50571e+15 8.90614e+14 4.42533e+14 1.79021e+14 5.75796e+13 1.41694e+13 2.47161e+12 2.61881e+11 1.19857e+10 0 0 0 0 0 0 0 0 0 0 0 0 0 0 0 0 0 0 0 0 0 
0 0 0 0 0 0 0 0 0 0 0 0 0 0 0 0 0 0 0 0 0 9.24366e+08 3.558e+10 4.54404e+11 3.19379e+12 1.48169e+13 5.04358e+13 1.32321e+14 2.82798e+14 4.99684e+14 7.48268e+14 9.36798e+14 1.01308e+15 9.39237e+14 7.48536e+14 5.06008e+14 2.86039e+14 1.33358e+14 5.02548e+13 1.46758e+13 3.14421e+12 4.48646e+11 3.56952e+10 9.2094e+08 0 0 0 0 0 0 0 0 0 0 0 0 0 0 0 0 0 0 0 0 0 
0 0 0 0 0 0 0 0 0 0 0 0 0 0 0 0 0 0 0 0 0 0 3.67845e+09 7.13798e+10 6.30026e+11 3.39329e+12 1.27922e+13 3.69302e+13 8.27413e+13 1.5429e+14 2.34492e+14 3.00492e+14 3.26311e+14 2.98542e+14 2.33976e+14 1.54514e+14 8.33309e+13 3.66828e+13 1.27099e+13 3.32342e+12 6.22765e+11 7.14249e+10 3.63559e+09 0 0 0 0 0 0 0 0 0 0 0 0 0 0 0 0 0 0 0 0 0 0 
0 0 0 0 0 0 0 0 0 0 0 0 0 0 0 0 0 0 0 0 0 0 3.26302e+08 9.54384e+09 1.07697e+11 6.958e+11 2.95449e+12 9.23428e+12 2.23068e+13 4.3109e+13 6.75064e+13 8.84695e+13 9.6309e+13 8.82205e+13 6.74212e+13 4.27636e+13 2.20362e+13 9.18385e+12 2.92113e+12 6.81633e+11 1.07819e+11 9.46118e+09 3.17837e+08 0 0 0 0 0 0 0 0 0 0 0 0 0 0 0 0 0 0 0 0 0 0 
0 0 0 0 0 0 0 0 0 0 0 0 0 0 0 0 0 0 0 0 0 0 0 9.6422e+08 1.65229e+10 1.27195e+11 6.20441e+11 2.13306e+12 5.52188e+12 1.11365e+13 1.81224e+13 2.41331e+13 2.65002e+13 2.4101e+13 1.81795e+13 1.11465e+13 5.47642e+12 2.10866e+12 6.16441e+11 1.26651e+11 1.62666e+10 9.59072e+08 0 0 0 0 0 0 0 0 0 0 0 0 0 0 0 0 0 0 0 0 0 0 0 
0 0 0 0 0 0 0 0 0 0 0 0 0 0 0 0 0 0 0 0 0 0 0 1.05725e+08 2.17723e+09 2.11082e+10 1.18628e+11 4.52428e+11 1.25114e+12 2.69055e+12 4.51983e+12 6.08983e+12 6.76381e+12 6.1338e+12 4.49917e+12 2.67378e+12 1.25182e+12 4.51109e+11 1.18625e+11 2.12163e+10 2.16411e+09 1.02887e+08 0 0 0 0 0 0 0 0 0 0 0 0 0 0 0 0 0 0 0 0 0 0 0 
0 0 0 0 0 0 0 0 0 0 0 0 0 0 0 0 0 0 0 0 0 0 0 0 2.23474e+08 3.17313e+09 2.11708e+10 8.94979e+10 2.66657e+11 6.02747e+11 1.0553e+12 1.46376e+12 1.63815e+12 1.46148e+12 1.05951e+12 6.00965e+11 2.66576e+11 8.89531e+10 2.11846e+10 3.17856e+09 2.23917e+08 0 0 0 0 0 0 0 0 0 0 0 0 0 0 0 0 0 0 0 0 0 0 0 0 
0 0 0 0 0 0 0 0 0 0 0 0 0 0 0 0 0 0 0 0 0 0 0 0 3.14392e+07 4.5061e+08 3.44002e+09 1.65631e+10 5.38488e+10 1.26822e+11 2.32696e+11 3.28817e+11 3.699e+11 3.30875e+11 2.33409e+11 1.28459e+11 5.38238e+10 1.65932e+10 3.43832e+09 4.44147e+08 3.1307e+07 0 0 0 0 0 0 0 0 0 0 0 0 0 0 0 0 0 0 0 0 0 0 0 0 
0 0 0 0 0 0 0 0 0 0 0 0 0 0 0 0 0 0 0 0 0 0 0 0 0 4.56936e+07 5.43546e+08 2.90987e+09 1.0257e+10 2.61302e+10 4.91009e+10 7.12774e+10 8.01496e+10 7.09159e+10 4.85108e+10 2.57914e+10 1.02607e+10 2.91531e+09 5.4088e+08 4.54594e+07 0 0 0 0 0 0 0 0 0 0 0 0 0 0 0 0 0 0 0 0 0 0 0 0 0 
0 0 0 0 0 0 0 0 0 0 0 0 0 0 0 0 0 0 0 0 0 0 0 0 0 8.46102e+06 8.15722e+07 4.75698e+08 1.88056e+09 5.08045e+09 9.8659e+09 1.47423e+10 1.68629e+10 1.4702e+10 9.87481e+09 5.05569e+09 1.91239e+09 4.78769e+08 8.18557e+07 8.53135e+06 0 0 0 0 0 0 0 0 0 0 0 0 0 0 0 0 0 0 0 0 0 0 0 0 0 
0 0 0 0 0 0 0 0 0 0 0 0 0 0 0 0 0 0 0 0 0 0 0 0 0 0 7.8283e+06 8.10393e+07 3.35659e+08 9.55912e+08 1.97588e+09 2.96837e+09 3.44499e+09 2.9704e+09 1.99168e+09 9.60363e+08 3.4143e+08 8.14735e+07 7.90285e+06 0 0 0 0 0 0 0 0 0 0 0 0 0 0 0 0 0 0 0 0 0 0 0 0 0 0 
0 0 0 0 0 0 0 0 0 0 0 0 0 0 0 0 0 0 0 0 0 0 0 0 0 0 2.04328e+06 1.291e+07 5.6883e+07 1.82912e+08 3.82018e+08 5.99445e+08 6.77333e+08 5.97149e+08 3.84725e+08 1.8452e+08 5.68683e+07 1.30656e+07 2.0919e+06 0 0 0 0 0 0 0 0 0 0 0 0 0 0 0 0 0 0 0 0 0 0 0 0 0 0 
0 0 0 0 0 0 0 0 0 0 0 0 0 0 0 0 0 0 0 0 0 0 0 0 0 0 0 1.07639e+06 1.07356e+07 3.27077e+07 7.37707e+07 1.19111e+08 1.34582e+08 1.19883e+08 7.38056e+07 3.29741e+07 1.08361e+07 1.0797e+06 0 0 0 0 0 0 0 0 0 0 0 0 0 0 0 0 0 0 0 0 0 0 0 0 0 0 0 
0 0 0 0 0 0 0 0 0 0 0 0 0 0 0 0 0 0 0 0 0 0 0 0 0 0 0 421176 1.6674e+06 5.58714e+06 1.51661e+07 2.22206e+07 2.86451e+07 2.19682e+07 1.50345e+07 5.57959e+06 1.70749e+06 427080 0 0 0 0 0 0 0 0 0 0 0 0 0 0 0 0 0 0 0 0 0 0 0 0 0 0 0 
0 0 0 0 0 0 0 0 0 0 0 0 0 0 0 0 0 0 0 0 0 0 0 0 0 0 0 0 111007 1.23736e+06 2.37501e+06 4.65606e+06 5.16685e+06 4.63852e+06 2.38981e+06 1.24569e+06 111340 0 0 0 0 0 0 0 0 0 0 0 0 0 0 0 0 0 0 0 0 0 0 0 0 0 0 0 0 
0 0 0 0 0 0 0 0 0 0 0 0 0 0 0 0 0 0 0 0 0 0 0 0 0 0 0 0 72809.9 169458 456445 956695 927551 951596 458946 169120 73158.8 0 0 0 0 0 0 0 0 0 0 0 0 0 0 0 0 0 0 0 0 0 0 0 0 0 0 0 0 
0 0 0 0 0 0 0 0 0 0 0 0 0 0 0 0 0 0 0 0 0 0 0 0 0 0 0 0 0 7609.99 114887 110381 238027 110197 115391 7665.02 0 0 0 0 0 0 0 0 0 0 0 0 0 0 0 0 0 0 0 0 0 0 0 0 0 0 0 0 0 
0 0 0 0 0 0 0 0 0 0 0 0 0 0 0 0 0 0 0 0 0 0 0 0 0 0 0 0 0 9919.91 11245.1 31982.7 37017.6 32328.5 11464.9 9868.53 0 0 0 0 0 0 0 0 0 0 0 0 0 0 0 0 0 0 0 0 0 0 0 0 0 0 0 0 0 
0 0 0 0 0 0 0 0 0 0 0 0 0 0 0 0 0 0 0 0 0 0 0 0 0 0 0 0 0 0 249.905 7608.74 2056.38 7697.04 257.239 0 0 0 0 0 0 0 0 0 0 0 0 0 0 0 0 0 0 0 0 0 0 0 0 0 0 0 0 0 0 
0 0 0 0 0 0 0 0 0 0 0 0 0 0 0 0 0 0 0 0 0 0 0 0 0 0 0 0 0 0 983.136 379.168 1897.63 384.318 983.067 0 0 0 0 0 0 0 0 0 0 0 0 0 0 0 0 0 0 0 0 0 0 0 0 0 0 0 0 0 0 
0 0 0 0 0 0 0 0 0 0 0 0 0 0 0 0 0 0 0 0 0 0 0 0 0 0 0 0 0 0 0 0 254.05 0 0 0 0 0 0 0 0 0 0 0 0 0 0 0 0 0 0 0 0 0 0 0 0 0 0 0 0 0 0 0 0 
0 0 0 0 0 0 0 0 0 0 0 0 0 0 0 0 0 0 0 0 0 0 0 0 0 0 0 0 0 0 0 63.8001 0 61.9124 0 0 0 0 0 0 0 0 0 0 0 0 0 0 0 0 0 0 0 0 0 0 0 0 0 0 0 0 0 0 0 
0 0 0 0 0 0 0 0 0 0 0 0 0 0 0 0 0 0 0 0 0 0 0 0 0 0 0 0 0 0 0 0 0 0 0 0 0 0 0 0 0 0 0 0 0 0 0 0 0 0 0 0 0 0 0 0 0 0 0 0 0 0 0 0 0 
0 0 0 0 0 0 0 0 0 0 0 0 0 0 0 0 0 0 0 0 0 0 0 0 0 0 0 0 0 0 0 0 1.95899 0 0 0 0 0 0 0 0 0 0 0 0 0 0 0 0 0 0 0 0 0 0 0 0 0 0 0 0 0 0 0 0 
