1 0 0 0 0 0 0 0 0 0 0 0 0 0 0 0 0 0 0 0 0 0 0 0 0 0 0 0 0 0 0 0 0 0 0 0 0 0 0 0 0 0 0 0 0 0 0 0 0 0 0 0 0 0 0 0 0 0 0 0 0 0 0 0 1 
0 0 0 0 0 0 0 0 0 0 0 0 0 0 0 0 0 0 0 0 0 0 0 0 0 0 0 0 0 0 0 0 0 0 0 0 0 0 0 0 0 0 0 0 0 0 0 0 0 0 0 0 0 0 0 0 0 0 0 0 0 0 0 0 0 
0 64 0 0 0 0 0 0 0 0 0 0 0 0 0 0 0 0 0 0 0 0 0 0 0 0 0 0 0 0 0 0 0 0 0 0 0 0 0 0 0 0 0 0 0 0 0 0 0 0 0 0 0 0 0 0 0 0 0 0 0 0 0 64 0 
0 0 129.532 0 0 0 0 0 0 0 0 0 0 0 0 0 0 0 0 0 0 0 0 0 0 0 0 0 0 0 0 0 0 0 0 0 0 0 0 0 0 0 0 0 0 0 0 0 0 0 0 0 0 0 0 0 0 0 0 0 0 0 130.745 0 0 
0 0 1886.47 392.028 64.8637 0 0 0 0 0 0 0 0 0 0 0 0 0 0 0 0 0 0 0 0 0 0 0 0 0 0 0 0 0 0 0 0 0 0 0 0 0 0 0 0 0 0 0 0 0 0 0 0 0 0 0 0 0 0 0 67.8889 397.892 1885.25 0 0 
0 0 0 7175.39 1191.22 524.209 129.802 0 0 0 0 0 0 0 0 0 0 0 0 0 0 0 0 0 0 0 0 0 0 0 0 0 0 0 0 0 0 0 0 0 0 0 0 0 0 0 0 0 0 0 0 0 0 0 0 0 0 0 127.973 525.071 1171.2 7273.94 0 0 0 
0 0 0 34096.6 27073 6927 2567.89 1407.22 383.029 66.0183 0 0 0 0 0 0 0 0 0 0 0 0 0 0 0 0 0 0 0 0 0 0 0 0 0 0 0 0 0 0 0 0 0 0 0 0 0 0 0 0 0 0 0 0 0 64.2997 384.453 1403.85 2581.03 6987.32 27295.6 33992.2 0 0 0 
0 0 0 0 184341 97612.5 42737.7 16911.1 8580.12 4607.28 1922.21 506.182 124.52 0 0 0 0 0 0 0 0 0 0 0 0 0 0 0 0 0 0 0 0 0 0 0 0 0 0 0 0 0 0 0 0 0 0 0 0 0 0 0 123.218 508.874 1919.52 4692.23 8486.47 17103.9 43664.7 98332.1 184997 0 0 0 0 
0 0 0 0 422706 838657 410994 221176 119364 58700.7 33364.3 20033.3 9577.77 4321.33 1420.68 382.331 84.4409 0 0 0 0 0 0 0 16.4571 0 0 0 0 0 0 0 15.5996 0 0 0 0 0 0 0 16.0654 0 0 0 0 0 0 0 74.7875 370.041 1373.96 4301.54 9511.64 19441.8 33359.7 58191.1 121292 222573 415326 842691 421844 0 0 0 0 
0 0 0 0 0 2.86883e+06 3.30827e+06 1.96351e+06 1.13179e+06 716387 422423 249443 154914 93906.3 55630.5 29425.9 13986.7 5961.33 2176.58 779.406 390.353 254.9 262.368 264.016 0 254.93 250.757 253.761 245.177 249.915 247.232 249.903 0 248.427 249.707 246.582 247.384 244.815 251.111 250.624 0 260.344 256.393 259.02 386.315 784.821 2171.25 5715.25 13721.4 29279.6 55268.9 92304.8 152228 246328 422711 711918 1.12956e+06 1.97191e+06 3.33644e+06 2.85817e+06 0 0 0 0 0 
0 0 0 0 0 3.81196e+06 1.44374e+07 1.33856e+07 9.17637e+06 6.09756e+06 4.05183e+06 2.67932e+06 1.81155e+06 1.17762e+06 765820 501132 327283 204593 119626 67367.5 36035.1 21167.2 13552.1 10759 11592.8 9548.42 9128.36 9020.08 9244.82 9009.27 9275.13 9484.13 11354.3 9468.34 9413.14 9071.45 9233.31 9153.86 9248.84 9554.05 11652.4 10588.5 13295 21056.8 36558.1 66484.1 117696 203478 325873 504135 770193 1.14904e+06 1.76035e+06 2.6319e+06 3.96421e+06 6.07264e+06 9.29227e+06 1.34396e+07 1.47098e+07 3.81781e+06 0 0 0 0 0 
0 0 0 0 0 0 3.05892e+07 6.36724e+07 5.65408e+07 4.25586e+07 3.14282e+07 2.22925e+07 1.57226e+07 1.15015e+07 8.18477e+06 5.81796e+06 4.14407e+06 2.92449e+06 2.05685e+06 1.43773e+06 1.00857e+06 698525 497136 361711 279071 242899 225504 217319 209976 214233 208703 210808 202384 210664 213251 215658 214531 220011 230062 249476 284143 369112 500959 701906 1.00705e+06 1.43087e+06 2.07109e+06 2.92575e+06 4.15354e+06 5.84124e+06 8.07207e+06 1.1366e+07 1.57767e+07 2.20399e+07 3.11322e+07 4.30366e+07 5.69917e+07 6.37308e+07 3.04375e+07 0 0 0 0 0 0 
0 0 0 0 0 0 2.61831e+07 1.69065e+08 2.63239e+08 2.4825e+08 1.98072e+08 1.54236e+08 1.17567e+08 8.99313e+07 6.84828e+07 5.14546e+07 3.95358e+07 3.05405e+07 2.32284e+07 1.7502e+07 1.35072e+07 1.05369e+07 8.23738e+06 6.60467e+06 5.42819e+06 4.60958e+06 4.01453e+06 3.55508e+06 3.37514e+06 3.2115e+06 3.16473e+06 3.16168e+06 3.18298e+06 3.17748e+06 3.21597e+06 3.29607e+06 3.45496e+06 3.68224e+06 4.04883e+06 4.62492e+06 5.43923e+06 6.56279e+06 8.12662e+06 1.04765e+07 1.37636e+07 1.79681e+07 2.3361e+07 3.05522e+07 4.04202e+07 5.27369e+07 6.93972e+07 8.95303e+07 1.1755e+08 1.54765e+08 1.97137e+08 2.44961e+08 2.62682e+08 1.70022e+08 2.6029e+07 0 0 0 0 0 0 
0 0 0 0 0 0 0 2.33675e+08 7.82621e+08 1.07233e+09 1.04819e+09 9.06128e+08 7.432e+08 6.03132e+08 4.88831e+08 3.91031e+08 3.14744e+08 2.55562e+08 2.03913e+08 1.65532e+08 1.33394e+08 1.09647e+08 9.02568e+07 7.58289e+07 6.45458e+07 5.63259e+07 4.96029e+07 4.54272e+07 4.20756e+07 3.95905e+07 3.80008e+07 3.74548e+07 3.76066e+07 3.73289e+07 3.82937e+07 3.98709e+07 4.21509e+07 4.55873e+07 5.01153e+07 5.61152e+07 6.50235e+07 7.57063e+07 8.98076e+07 1.09407e+08 1.34477e+08 1.66922e+08 2.03756e+08 2.55607e+08 3.1805e+08 3.97032e+08 4.8698e+08 6.03261e+08 7.4348e+08 8.92479e+08 1.04763e+09 1.0706e+09 7.76863e+08 2.32617e+08 0 0 0 0 0 0 0 
0 0 0 0 0 0 0 1.39215e+08 1.37937e+09 3.28264e+09 4.309e+09 4.3398e+09 3.94581e+09 3.47234e+09 2.95851e+09 2.49713e+09 2.12525e+09 1.77535e+09 1.48047e+09 1.25465e+09 1.06232e+09 9.00268e+08 7.77398e+08 6.78471e+08 5.93526e+08 5.31345e+08 4.79496e+08 4.38801e+08 4.14878e+08 3.91544e+08 3.73864e+08 3.69002e+08 3.64067e+08 3.65096e+08 3.70054e+08 3.88321e+08 4.09698e+08 4.35079e+08 4.7595e+08 5.29714e+08 5.98908e+08 6.84502e+08 7.89641e+08 9.12213e+08 1.07786e+09 1.26727e+09 1.50932e+09 1.79324e+09 2.11726e+09 2.4865e+09 2.96353e+09 3.44448e+09 3.955e+09 4.31939e+09 4.27331e+09 3.28208e+09 1.39571e+09 1.39194e+08 0 0 0 0 0 0 0 
0 0 0 0 0 0 0 0 1.35216e+09 6.63355e+09 1.31006e+10 1.67764e+10 1.76266e+10 1.69523e+10 1.56169e+10 1.40006e+10 1.2272e+10 1.0872e+10 9.56004e+09 8.33351e+09 7.33167e+09 6.37508e+09 5.65039e+09 5.06661e+09 4.57511e+09 4.17129e+09 3.81679e+09 3.53644e+09 3.32988e+09 3.18794e+09 3.07249e+09 2.99063e+09 2.96972e+09 2.99973e+09 3.07334e+09 3.19056e+09 3.32853e+09 3.56315e+09 3.83355e+09 4.16376e+09 4.58473e+09 5.06288e+09 5.68594e+09 6.41492e+09 7.33135e+09 8.32039e+09 9.50356e+09 1.08117e+10 1.23341e+10 1.40402e+10 1.54978e+10 1.67718e+10 1.75764e+10 1.67865e+10 1.30252e+10 6.64914e+09 1.3399e+09 0 0 0 0 0 0 0 0 
0 0 0 0 0 0 0 0 5.81805e+08 8.30442e+09 2.82689e+10 5.04618e+10 6.4452e+10 7.03286e+10 7.08875e+10 6.7538e+10 6.2857e+10 5.77362e+10 5.25421e+10 4.77216e+10 4.31595e+10 3.92591e+10 3.60775e+10 3.26921e+10 3.01411e+10 2.77403e+10 2.57752e+10 2.42746e+10 2.33641e+10 2.23015e+10 2.17147e+10 2.14855e+10 2.13249e+10 2.12708e+10 2.18007e+10 2.23696e+10 2.33394e+10 2.43945e+10 2.60274e+10 2.79718e+10 3.00915e+10 3.25228e+10 3.54871e+10 3.9209e+10 4.29438e+10 4.70979e+10 5.23446e+10 5.80087e+10 6.31424e+10 6.72066e+10 7.02189e+10 7.02799e+10 6.40506e+10 5.03417e+10 2.82624e+10 8.2873e+09 5.83472e+08 0 0 0 0 0 0 0 0 
0 0 0 0 0 0 0 0 0 5.98853e+09 4.06687e+10 1.11335e+11 1.85681e+11 2.409e+11 2.71829e+11 2.81595e+11 2.83244e+11 2.73414e+11 2.57837e+11 2.42643e+11 2.28017e+11 2.13933e+11 1.99514e+11 1.85967e+11 1.74049e+11 1.65444e+11 1.56086e+11 1.48749e+11 1.42978e+11 1.37622e+11 1.34191e+11 1.32719e+11 1.3329e+11 1.34212e+11 1.35637e+11 1.38417e+11 1.43009e+11 1.49085e+11 1.569e+11 1.6477e+11 1.72955e+11 1.84009e+11 1.96595e+11 2.09479e+11 2.27328e+11 2.43913e+11 2.613e+11 2.73114e+11 2.82558e+11 2.83659e+11 2.73802e+11 2.39988e+11 1.85798e+11 1.11153e+11 4.0793e+10 6.00158e+09 0 0 0 0 0 0 0 0 0 
0 0 0 0 0 0 0 0 0 1.96142e+09 3.79036e+10 1.73384e+11 4.11027e+11 6.65333e+11 8.70884e+11 1.014e+12 1.08859e+12 1.12652e+12 1.12917e+12 1.10975e+12 1.0793e+12 1.02939e+12 9.83233e+11 9.46955e+11 9.0152e+11 8.60433e+11 8.29728e+11 8.02506e+11 7.78375e+11 7.60796e+11 7.48982e+11 7.41659e+11 7.35613e+11 7.47616e+11 7.56119e+11 7.64794e+11 7.83279e+11 8.06145e+11 8.25819e+11 8.60935e+11 8.96355e+11 9.34631e+11 9.77552e+11 1.02146e+12 1.06243e+12 1.10027e+12 1.12427e+12 1.13065e+12 1.08963e+12 1.01079e+12 8.75061e+11 6.64409e+11 4.1225e+11 1.73419e+11 3.78111e+10 1.95504e+09 0 0 0 0 0 0 0 0 0 
0 0 0 0 0 0 0 0 0 0 2.06542e+10 1.86751e+11 6.69945e+11 1.44029e+12 2.28774e+12 3.0438e+12 3.62027e+12 4.06083e+12 4.29476e+12 4.42904e+12 4.47865e+12 4.49947e+12 4.4434e+12 4.29148e+12 4.21002e+12 4.11524e+12 4.00025e+12 3.88333e+12 3.79729e+12 3.76609e+12 3.71244e+12 3.70142e+12 3.70548e+12 3.72301e+12 3.74224e+12 3.79635e+12 3.85812e+12 3.89684e+12 3.99832e+12 4.0857e+12 4.16943e+12 4.25411e+12 4.3366e+12 4.39146e+12 4.42721e+12 4.38335e+12 4.27704e+12 4.02755e+12 3.63386e+12 3.07278e+12 2.29831e+12 1.44699e+12 6.67914e+11 1.86953e+11 2.07194e+10 0 0 0 0 0 0 0 0 0 0 
0 0 0 0 0 0 0 0 0 0 5.28607e+09 1.31224e+11 7.84073e+11 2.37063e+12 4.81289e+12 7.61095e+12 1.03674e+13 1.2588e+13 1.44057e+13 1.5538e+13 1.66025e+13 1.72157e+13 1.74279e+13 1.76178e+13 1.75816e+13 1.75266e+13 1.7188e+13 1.70351e+13 1.69957e+13 1.66561e+13 1.67039e+13 1.65926e+13 1.6665e+13 1.66485e+13 1.68325e+13 1.68697e+13 1.69561e+13 1.71771e+13 1.72482e+13 1.74072e+13 1.73819e+13 1.74146e+13 1.72581e+13 1.69163e+13 1.63153e+13 1.5509e+13 1.42118e+13 1.25837e+13 1.02906e+13 7.64303e+12 4.80859e+12 2.3903e+12 7.86881e+11 1.3164e+11 5.3085e+09 0 0 0 0 0 0 0 0 0 0 
0 0 0 0 0 0 0 0 0 0 0 5.66004e+10 6.45081e+11 2.95004e+12 7.90824e+12 1.5376e+13 2.40349e+13 3.31486e+13 4.11917e+13 4.80795e+13 5.38019e+13 5.81145e+13 6.12816e+13 6.38188e+13 6.56558e+13 6.68628e+13 6.74621e+13 6.76608e+13 6.79768e+13 6.80235e+13 6.78466e+13 6.79419e+13 6.81798e+13 6.83149e+13 6.80453e+13 6.79846e+13 6.7661e+13 6.7247e+13 6.73012e+13 6.677e+13 6.52675e+13 6.3052e+13 6.08348e+13 5.77462e+13 5.32952e+13 4.77184e+13 4.12735e+13 3.30502e+13 2.41674e+13 1.53916e+13 7.96759e+12 2.93196e+12 6.43879e+11 5.63819e+10 0 0 0 0 0 0 0 0 0 0 0 
0 0 0 0 0 0 0 0 0 0 0 1.16378e+10 3.58023e+11 2.6559e+12 1.00431e+13 2.47391e+13 4.72048e+13 7.38491e+13 1.01736e+14 1.28896e+14 1.53986e+14 1.75479e+14 1.94802e+14 2.07749e+14 2.19853e+14 2.28819e+14 2.36472e+14 2.42448e+14 2.47631e+14 2.48799e+14 2.50215e+14 2.51062e+14 2.51996e+14 2.51793e+14 2.49671e+14 2.49124e+14 2.44931e+14 2.42556e+14 2.36386e+14 2.28729e+14 2.194e+14 2.07369e+14 1.92213e+14 1.74956e+14 1.53761e+14 1.2968e+14 1.01697e+14 7.35585e+13 4.70102e+13 2.489e+13 1.003e+13 2.65474e+12 3.56764e+11 1.1529e+10 0 0 0 0 0 0 0 0 0 0 0 
0 0 0 0 0 0 0 0 0 0 0 0 1.22781e+11 1.71765e+12 9.59286e+12 3.15858e+13 7.34805e+13 1.35983e+14 2.13819e+14 2.95091e+14 3.81725e+14 4.64726e+14 5.42154e+14 6.04435e+14 6.60791e+14 7.11322e+14 7.49814e+14 7.77972e+14 8.02317e+14 8.1137e+14 8.24054e+14 8.38589e+14 8.42707e+14 8.41238e+14 8.40792e+14 8.26028e+14 8.04697e+14 7.79904e+14 7.44928e+14 7.08085e+14 6.57667e+14 6.03202e+14 5.39858e+14 4.63082e+14 3.82815e+14 2.96869e+14 2.1174e+14 1.3563e+14 7.35207e+13 3.16293e+13 9.58109e+12 1.70993e+12 1.23569e+11 0 0 0 0 0 0 0 0 0 0 0 0 
0 0 0 0 0 0 0 0 0 0 0 0 2.07003e+10 7.60185e+11 6.83883e+12 3.11469e+13 9.25095e+13 2.05105e+14 3.72251e+14 5.83988e+14 8.18144e+14 1.07311e+15 1.32154e+15 1.5599e+15 1.76833e+15 1.96098e+15 2.11366e+15 2.23671e+15 2.33777e+15 2.41149e+15 2.47732e+15 2.50297e+15 2.53331e+15 2.52555e+15 2.49722e+15 2.43555e+15 2.35453e+15 2.24227e+15 2.10339e+15 1.95036e+15 1.757e+15 1.55643e+15 1.31992e+15 1.07673e+15 8.21375e+14 5.8193e+14 3.71634e+14 2.04844e+14 9.23926e+13 3.10102e+13 6.7796e+12 7.62805e+11 2.06983e+10 0 0 0 0 0 0 0 0 0 0 0 0 
0 0 0 0 0 0 0 0 0 0 0 0 0 2.14249e+11 3.51829e+12 2.34595e+13 9.14354e+13 2.50631e+14 5.39167e+14 9.60924e+14 1.5041e+15 2.13933e+15 2.82121e+15 3.50741e+15 4.15523e+15 4.7645e+15 5.33416e+15 5.7659e+15 6.14413e+15 6.45265e+15 6.68711e+15 6.80016e+15 6.84326e+15 6.80561e+15 6.66172e+15 6.50279e+15 6.20223e+15 5.80259e+15 5.30712e+15 4.7664e+15 4.17606e+15 3.52867e+15 2.82489e+15 2.1486e+15 1.50954e+15 9.63757e+14 5.3861e+14 2.51456e+14 9.17651e+13 2.3356e+13 3.52394e+12 2.1429e+11 0 0 0 0 0 0 0 0 0 0 0 0 0 
0 0 0 0 0 0 0 0 0 0 0 0 0 3.02258e+10 1.28294e+12 1.3393e+13 7.12217e+13 2.48658e+14 6.37187e+14 1.3257e+15 2.34174e+15 3.64047e+15 5.17232e+15 6.86677e+15 8.6167e+15 1.03401e+16 1.18597e+16 1.32619e+16 1.44869e+16 1.54887e+16 1.60696e+16 1.64644e+16 1.66236e+16 1.64445e+16 1.60667e+16 1.54463e+16 1.44885e+16 1.3253e+16 1.18295e+16 1.02733e+16 8.62151e+15 6.8798e+15 5.17304e+15 3.61934e+15 2.32978e+15 1.32097e+15 6.38923e+14 2.48166e+14 7.12916e+13 1.33101e+13 1.28808e+12 3.0246e+10 0 0 0 0 0 0 0 0 0 0 0 0 0 
0 0 0 0 0 0 0 0 0 0 0 0 0 0 3.01936e+11 5.66762e+12 4.34418e+13 1.95712e+14 6.199e+14 1.52099e+15 3.05625e+15 5.29913e+15 8.19131e+15 1.16693e+16 1.558e+16 1.95402e+16 2.34503e+16 2.70846e+16 3.0296e+16 3.26749e+16 3.455e+16 3.55463e+16 3.60461e+16 3.55858e+16 3.43839e+16 3.24216e+16 3.00893e+16 2.68623e+16 2.33252e+16 1.94526e+16 1.5489e+16 1.16868e+16 8.18922e+15 5.28548e+15 3.04249e+15 1.50929e+15 6.17499e+14 1.96184e+14 4.31612e+13 5.72269e+12 3.03879e+11 0 0 0 0 0 0 0 0 0 0 0 0 0 0 
0 0 0 0 0 0 0 0 0 0 0 0 0 0 3.6126e+10 1.7359e+12 2.03467e+13 1.23438e+14 4.85552e+14 1.42002e+15 3.31546e+15 6.49233e+15 1.10822e+16 1.71368e+16 2.42862e+16 3.21927e+16 4.04358e+16 4.81543e+16 5.55081e+16 6.14225e+16 6.56091e+16 6.81351e+16 6.90296e+16 6.83016e+16 6.55665e+16 6.1131e+16 5.5251e+16 4.80784e+16 4.0117e+16 3.22322e+16 2.44027e+16 1.71138e+16 1.11365e+16 6.50173e+15 3.30017e+15 1.4194e+15 4.89073e+14 1.23476e+14 2.03533e+13 1.7306e+12 3.65059e+10 0 0 0 0 0 0 0 0 0 0 0 0 0 0 
0 0 0 0 0 0 0 0 0 0 0 0 0 0 0 3.44616e+11 7.19922e+12 6.14982e+13 3.12887e+14 1.10207e+15 2.99201e+15 6.71012e+15 1.27751e+16 2.15789e+16 3.27756e+16 4.61639e+16 6.04651e+16 7.50243e+16 8.89002e+16 1.01085e+17 1.10082e+17 1.16016e+17 1.17588e+17 1.15723e+17 1.09677e+17 1.00995e+17 8.92895e+16 7.52186e+16 6.05991e+16 4.61312e+16 3.27088e+16 2.14818e+16 1.27475e+16 6.71718e+15 3.00624e+15 1.10942e+15 3.13118e+14 6.14454e+13 7.25394e+12 3.47911e+11 0 0 0 0 0 0 0 0 0 0 0 0 0 0 0 
0 0 0 0 0 0 0 0 0 0 0 0 0 0 0 3.56891e+10 1.86751e+12 2.41205e+13 1.61192e+14 7.0383e+14 2.27754e+15 5.82328e+15 1.24912e+16 2.30683e+16 3.816e+16 5.69049e+16 7.93501e+16 1.02514e+17 1.24938e+17 1.45395e+17 1.60581e+17 1.71282e+17 1.74975e+17 1.72197e+17 1.61987e+17 1.46093e+17 1.25485e+17 1.0257e+17 7.88881e+16 5.68677e+16 3.79276e+16 2.2983e+16 1.24747e+16 5.80743e+15 2.28197e+15 7.09478e+14 1.6095e+14 2.43181e+13 1.88185e+12 3.6207e+10 0 0 0 0 0 0 0 0 0 0 0 0 0 0 0 
0 0 0 0 0 0 0 0 0 0 0 0 0 0 0 0 3.18591e+11 7.24131e+12 6.73355e+13 3.70486e+14 1.43431e+15 4.2511e+15 1.03373e+16 2.11309e+16 3.78393e+16 6.10232e+16 8.91861e+16 1.21663e+17 1.53995e+17 1.83411e+17 2.07878e+17 2.22839e+17 2.28772e+17 2.23208e+17 2.08781e+17 1.84406e+17 1.54497e+17 1.21115e+17 8.93916e+16 6.08815e+16 3.78974e+16 2.11599e+16 1.03098e+16 4.26789e+15 1.44503e+15 3.70699e+14 6.75792e+13 7.25121e+12 3.24612e+11 0 0 0 0 0 0 0 0 0 0 0 0 0 0 0 0 
0 0 0 0 0 0 0 0 0 0 0 0 0 0 0 0 2.9257e+10 1.60558e+12 2.22716e+13 1.60834e+14 7.60551e+14 2.64016e+15 7.24619e+15 1.64496e+16 3.25175e+16 5.62457e+16 8.75182e+16 1.24578e+17 1.64298e+17 2.02278e+17 2.34077e+17 2.54398e+17 2.61554e+17 2.54064e+17 2.33136e+17 2.02752e+17 1.64545e+17 1.25467e+17 8.77801e+16 5.61888e+16 3.25461e+16 1.66047e+16 7.28184e+15 2.64411e+15 7.61319e+14 1.6133e+14 2.2508e+13 1.63629e+12 2.98799e+10 0 0 0 0 0 0 0 0 0 0 0 0 0 0 0 0 
0 0 0 0 0 0 0 0 0 0 0 0 0 0 0 0 0 2.41398e+11 5.76059e+12 5.70815e+13 3.36113e+14 1.38301e+15 4.35332e+15 1.11654e+16 2.38502e+16 4.45756e+16 7.43433e+16 1.11489e+17 1.52969e+17 1.9453e+17 2.29358e+17 2.52771e+17 2.60814e+17 2.52196e+17 2.29064e+17 1.93926e+17 1.5285e+17 1.11766e+17 7.46115e+16 4.49535e+16 2.39747e+16 1.11239e+16 4.33399e+15 1.38093e+15 3.37094e+14 5.71587e+13 5.84174e+12 2.47295e+11 0 0 0 0 0 0 0 0 0 0 0 0 0 0 0 0 0 
0 0 0 0 0 0 0 0 0 0 0 0 0 0 0 0 0 2.0101e+10 1.12572e+12 1.61194e+13 1.2276e+14 6.09053e+14 2.23162e+15 6.41376e+15 1.51842e+16 3.09398e+16 5.47954e+16 8.67776e+16 1.24478e+17 1.6268e+17 1.96322e+17 2.20024e+17 2.27378e+17 2.18825e+17 1.96279e+17 1.62267e+17 1.23773e+17 8.64744e+16 5.49696e+16 3.0981e+16 1.5204e+16 6.3977e+15 2.22779e+15 6.13573e+14 1.23738e+14 1.64419e+13 1.13868e+12 2.03426e+10 0 0 0 0 0 0 0 0 0 0 0 0 0 0 0 0 0 
0 0 0 0 0 0 0 0 0 0 0 0 0 0 0 0 0 0 1.51056e+11 3.67478e+12 3.71955e+13 2.29081e+14 9.74246e+14 3.16568e+15 8.35808e+15 1.85099e+16 3.52197e+16 5.92313e+16 8.86168e+16 1.1978e+17 1.47618e+17 1.66856e+17 1.74316e+17 1.67644e+17 1.47484e+17 1.19077e+17 8.86046e+16 5.90979e+16 3.52711e+16 1.84913e+16 8.36729e+15 3.19148e+15 9.81621e+14 2.30269e+14 3.73142e+13 3.72885e+12 1.53271e+11 0 0 0 0 0 0 0 0 0 0 0 0 0 0 0 0 0 0 
0 0 0 0 0 0 0 0 0 0 0 0 0 0 0 0 0 0 1.15703e+10 6.37691e+11 9.37594e+12 7.21614e+13 3.68168e+14 1.37076e+15 4.00718e+15 9.68079e+15 1.98915e+16 3.52238e+16 5.51922e+16 7.7178e+16 9.77946e+16 1.12443e+17 1.17794e+17 1.12634e+17 9.82065e+16 7.75865e+16 5.4974e+16 3.50429e+16 1.97064e+16 9.66223e+15 4.02439e+15 1.37305e+15 3.6935e+14 7.19936e+13 9.47085e+12 6.42791e+11 1.17195e+10 0 0 0 0 0 0 0 0 0 0 0 0 0 0 0 0 0 0 
0 0 0 0 0 0 0 0 0 0 0 0 0 0 0 0 0 0 0 7.79185e+10 1.88572e+12 1.91718e+13 1.17927e+14 5.11417e+14 1.68848e+15 4.4404e+15 9.76794e+15 1.84574e+16 3.04094e+16 4.41071e+16 5.74205e+16 6.68026e+16 7.03024e+16 6.68691e+16 5.6803e+16 4.39523e+16 3.02123e+16 1.83808e+16 9.8111e+15 4.44094e+15 1.69038e+15 5.14977e+14 1.19193e+14 1.91511e+13 1.91002e+12 7.87885e+10 0 0 0 0 0 0 0 0 0 0 0 0 0 0 0 0 0 0 0 
0 0 0 0 0 0 0 0 0 0 0 0 0 0 0 0 0 0 0 5.65964e+09 2.95619e+11 4.2616e+12 3.28543e+13 1.66149e+14 6.18531e+14 1.79652e+15 4.27158e+15 8.58782e+15 1.48119e+16 2.23955e+16 2.97842e+16 3.52794e+16 3.72941e+16 3.5233e+16 2.96689e+16 2.22303e+16 1.47609e+16 8.62773e+15 4.28051e+15 1.8054e+15 6.19306e+14 1.67354e+14 3.27782e+13 4.30692e+12 2.98099e+11 5.7081e+09 0 0 0 0 0 0 0 0 0 0 0 0 0 0 0 0 0 0 0 
0 0 0 0 0 0 0 0 0 0 0 0 0 0 0 0 0 0 0 0 3.32104e+10 7.7599e+11 7.69723e+12 4.68401e+13 1.99727e+14 6.47217e+14 1.65471e+15 3.54149e+15 6.43474e+15 1.00608e+16 1.38338e+16 1.66507e+16 1.76733e+16 1.65284e+16 1.37931e+16 1.00844e+16 6.42572e+15 3.57308e+15 1.66304e+15 6.49709e+14 2.02246e+14 4.69509e+13 7.73389e+12 7.87242e+11 3.34549e+10 0 0 0 0 0 0 0 0 0 0 0 0 0 0 0 0 0 0 0 0 
0 0 0 0 0 0 0 0 0 0 0 0 0 0 0 0 0 0 0 0 2.40212e+09 1.12237e+11 1.55768e+12 1.1494e+13 5.64957e+13 2.05195e+14 5.78586e+14 1.31413e+15 2.52235e+15 4.09757e+15 5.73893e+15 7.0352e+15 7.53007e+15 7.05562e+15 5.78041e+15 4.10992e+15 2.53188e+15 1.32497e+15 5.84406e+14 2.06287e+14 5.72863e+13 1.16329e+13 1.5705e+12 1.13281e+11 2.44681e+09 0 0 0 0 0 0 0 0 0 0 0 0 0 0 0 0 0 0 0 0 
0 0 0 0 0 0 0 0 0 0 0 0 0 0 0 0 0 0 0 0 0 1.17118e+10 2.59589e+11 2.4638e+12 1.43175e+13 5.82931e+13 1.79397e+14 4.3987e+14 8.94545e+14 1.50712e+15 2.17511e+15 2.70524e+15 2.89374e+15 2.69311e+15 2.19216e+15 1.5174e+15 8.95567e+14 4.44801e+14 1.81128e+14 5.88332e+13 1.43538e+13 2.48439e+12 2.60156e+11 1.19412e+10 0 0 0 0 0 0 0 0 0 0 0 0 0 0 0 0 0 0 0 0 0 
0 0 0 0 0 0 0 0 0 0 0 0 0 0 0 0 0 0 0 0 0 9.19961e+08 3.55775e+10 4.55266e+11 3.16988e+12 1.47576e+13 5.00074e+13 1.33711e+14 2.84889e+14 5.0242e+14 7.43594e+14 9.3965e+14 1.01729e+15 9.49006e+14 7.51527e+14 5.05923e+14 2.86216e+14 1.34637e+14 5.05057e+13 1.49627e+13 3.22833e+12 4.57891e+11 3.55957e+10 9.24659e+08 0 0 0 0 0 0 0 0 0 0 0 0 0 0 0 0 0 0 0 0 0 
0 0 0 0 0 0 0 0 0 0 0 0 0 0 0 0 0 0 0 0 0 0 3.62219e+09 7.13653e+10 6.20601e+11 3.35139e+12 1.27215e+13 3.63515e+13 8.28275e+13 1.52051e+14 2.33183e+14 3.00051e+14 3.29246e+14 3.03463e+14 2.35267e+14 1.54406e+14 8.40171e+13 3.70821e+13 1.29064e+13 3.42413e+12 6.25592e+11 7.12848e+10 3.65954e+09 0 0 0 0 0 0 0 0 0 0 0 0 0 0 0 0 0 0 0 0 0 0 
0 0 0 0 0 0 0 0 0 0 0 0 0 0 0 0 0 0 0 0 0 0 3.20017e+08 9.54245e+09 1.06456e+11 6.82909e+11 2.92125e+12 9.17491e+12 2.20933e+13 4.29517e+13 6.74486e+13 8.84532e+13 9.74123e+13 8.90888e+13 6.78617e+13 4.31977e+13 2.25753e+13 9.25939e+12 2.96858e+12 6.9071e+11 1.0798e+11 9.58244e+09 3.23444e+08 0 0 0 0 0 0 0 0 0 0 0 0 0 0 0 0 0 0 0 0 0 0 
0 0 0 0 0 0 0 0 0 0 0 0 0 0 0 0 0 0 0 0 0 0 0 9.65428e+08 1.62439e+10 1.26642e+11 6.13685e+11 2.11183e+12 5.47166e+12 1.10388e+13 1.80977e+13 2.40727e+13 2.6628e+13 2.42746e+13 1.82163e+13 1.12076e+13 5.56646e+12 2.13099e+12 6.14161e+11 1.25833e+11 1.63262e+10 9.67871e+08 0 0 0 0 0 0 0 0 0 0 0 0 0 0 0 0 0 0 0 0 0 0 0 
0 0 0 0 0 0 0 0 0 0 0 0 0 0 0 0 0 0 0 0 0 0 0 1.05504e+08 2.21205e+09 2.09348e+10 1.17059e+11 4.47352e+11 1.25038e+12 2.66814e+12 4.51622e+12 6.12606e+12 6.83108e+12 6.15341e+12 4.54329e+12 2.68857e+12 1.26634e+12 4.50864e+11 1.18315e+11 2.10788e+10 2.19202e+09 1.06397e+08 0 0 0 0 0 0 0 0 0 0 0 0 0 0 0 0 0 0 0 0 0 0 0 
0 0 0 0 0 0 0 0 0 0 0 0 0 0 0 0 0 0 0 0 0 0 0 0 2.2714e+08 3.1959e+09 2.09254e+10 8.78215e+10 2.63103e+11 5.99098e+11 1.04264e+12 1.46987e+12 1.63815e+12 1.47039e+12 1.06503e+12 6.01005e+11 2.68241e+11 8.96837e+10 2.09695e+10 3.16409e+09 2.26187e+08 0 0 0 0 0 0 0 0 0 0 0 0 0 0 0 0 0 0 0 0 0 0 0 0 
0 0 0 0 0 0 0 0 0 0 0 0 0 0 0 0 0 0 0 0 0 0 0 0 3.19724e+07 4.53479e+08 3.43687e+09 1.62087e+10 5.31362e+10 1.26076e+11 2.3063e+11 3.27196e+11 3.70249e+11 3.30643e+11 2.32727e+11 1.27867e+11 5.43986e+10 1.6571e+10 3.47021e+09 4.51956e+08 3.23249e+07 0 0 0 0 0 0 0 0 0 0 0 0 0 0 0 0 0 0 0 0 0 0 0 0 
0 0 0 0 0 0 0 0 0 0 0 0 0 0 0 0 0 0 0 0 0 0 0 0 0 4.63187e+07 5.43419e+08 2.93757e+09 1.01406e+10 2.56902e+10 4.90415e+10 7.02133e+10 8.02053e+10 7.16737e+10 4.90632e+10 2.61023e+10 1.02915e+10 2.90792e+09 5.4022e+08 4.58829e+07 0 0 0 0 0 0 0 0 0 0 0 0 0 0 0 0 0 0 0 0 0 0 0 0 0 
0 0 0 0 0 0 0 0 0 0 0 0 0 0 0 0 0 0 0 0 0 0 0 0 0 8.76229e+06 8.18447e+07 4.80338e+08 1.90234e+09 5.07761e+09 1.00045e+10 1.48807e+10 1.68787e+10 1.48729e+10 9.92056e+09 5.10956e+09 1.90975e+09 4.80119e+08 8.22501e+07 8.71166e+06 0 0 0 0 0 0 0 0 0 0 0 0 0 0 0 0 0 0 0 0 0 0 0 0 0 
0 0 0 0 0 0 0 0 0 0 0 0 0 0 0 0 0 0 0 0 0 0 0 0 0 0 8.04357e+06 8.14888e+07 3.42476e+08 9.59422e+08 2.00063e+09 2.97859e+09 3.47331e+09 2.99014e+09 2.00233e+09 9.5425e+08 3.40758e+08 8.19806e+07 7.95368e+06 0 0 0 0 0 0 0 0 0 0 0 0 0 0 0 0 0 0 0 0 0 0 0 0 0 0 
0 0 0 0 0 0 0 0 0 0 0 0 0 0 0 0 0 0 0 0 0 0 0 0 0 0 2.12792e+06 1.30669e+07 5.69726e+07 1.85734e+08 3.81346e+08 6.10559e+08 6.95935e+08 6.06224e+08 3.8394e+08 1.869e+08 5.70289e+07 1.30015e+07 2.10889e+06 0 0 0 0 0 0 0 0 0 0 0 0 0 0 0 0 0 0 0 0 0 0 0 0 0 0 
0 0 0 0 0 0 0 0 0 0 0 0 0 0 0 0 0 0 0 0 0 0 0 0 0 0 0 1.11253e+06 1.09897e+07 3.28179e+07 7.37886e+07 1.21284e+08 1.38192e+08 1.21282e+08 7.46631e+07 3.34568e+07 1.10109e+07 1.11427e+06 0 0 0 0 0 0 0 0 0 0 0 0 0 0 0 0 0 0 0 0 0 0 0 0 0 0 0 
0 0 0 0 0 0 0 0 0 0 0 0 0 0 0 0 0 0 0 0 0 0 0 0 0 0 0 438411 1.73193e+06 5.67573e+06 1.53595e+07 2.26101e+07 2.89137e+07 2.23665e+07 1.53087e+07 5.69846e+06 1.7305e+06 437018 0 0 0 0 0 0 0 0 0 0 0 0 0 0 0 0 0 0 0 0 0 0 0 0 0 0 0 
0 0 0 0 0 0 0 0 0 0 0 0 0 0 0 0 0 0 0 0 0 0 0 0 0 0 0 0 115608 1.27134e+06 2.45608e+06 4.75227e+06 5.24264e+06 4.76424e+06 2.44952e+06 1.26109e+06 115320 0 0 0 0 0 0 0 0 0 0 0 0 0 0 0 0 0 0 0 0 0 0 0 0 0 0 0 0 
0 0 0 0 0 0 0 0 0 0 0 0 0 0 0 0 0 0 0 0 0 0 0 0 0 0 0 0 75177.3 173746 459458 978877 945844 971375 462959 175391 74572.3 0 0 0 0 0 0 0 0 0 0 0 0 0 0 0 0 0 0 0 0 0 0 0 0 0 0 0 0 
0 0 0 0 0 0 0 0 0 0 0 0 0 0 0 0 0 0 0 0 0 0 0 0 0 0 0 0 0 7842.95 120213 113492 242252 114597 117690 7977.84 0 0 0 0 0 0 0 0 0 0 0 0 0 0 0 0 0 0 0 0 0 0 0 0 0 0 0 0 0 
0 0 0 0 0 0 0 0 0 0 0 0 0 0 0 0 0 0 0 0 0 0 0 0 0 0 0 0 0 10248.3 11661 32934.7 38027.3 33113.8 11714.9 10018.1 0 0 0 0 0 0 0 0 0 0 0 0 0 0 0 0 0 0 0 0 0 0 0 0 0 0 0 0 0 
0 0 0 0 0 0 0 0 0 0 0 0 0 0 0 0 0 0 0 0 0 0 0 0 0 0 0 0 0 0 259.846 7701.17 2088.24 7753.2 260.263 0 0 0 0 0 0 0 0 0 0 0 0 0 0 0 0 0 0 0 0 0 0 0 0 0 0 0 0 0 0 
0 0 0 0 0 0 0 0 0 0 0 0 0 0 0 0 0 0 0 0 0 0 0 0 0 0 0 0 0 0 1003.46 389.348 1956.32 389.148 1002.64 0 0 0 0 0 0 0 0 0 0 0 0 0 0 0 0 0 0 0 0 0 0 0 0 0 0 0 0 0 0 
0 0 0 0 0 0 0 0 0 0 0 0 0 0 0 0 0 0 0 0 0 0 0 0 0 0 0 0 0 0 0 0 259.308 0 0 0 0 0 0 0 0 0 0 0 0 0 0 0 0 0 0 0 0 0 0 0 0 0 0 0 0 0 0 0 0 
0 0 0 0 0 0 0 0 0 0 0 0 0 0 0 0 0 0 0 0 0 0 0 0 0 0 0 0 0 0 0 65.2087 0 63.9119 0 0 0 0 0 0 0 0 0 0 0 0 0 0 0 0 0 0 0 0 0 0 0 0 0 0 0 0 0 0 0 
0 0 0 0 0 0 0 0 0 0 0 0 0 0 0 0 0 0 0 0 0 0 0 0 0 0 0 0 0 0 0 0 0 0 0 0 0 0 0 0 0 0 0 0 0 0 0 0 0 0 0 0 0 0 0 0 0 0 0 0 0 0 0 0 0 
0 0 0 0 0 0 0 0 0 0 0 0 0 0 0 0 0 0 0 0 0 0 0 0 0 0 0 0 0 0 0 0 1.99916 0 0 0 0 0 0 0 0 0 0 0 0 0 0 0 0 0 0 0 0 0 0 0 0 0 0 0 0 0 0 0 0 
