1 0 0 0 0 0 0 0 0 0 0 0 0 0 0 0 0 0 0 0 0 0 0 0 0 0 0 0 0 0 0 0 0 0 0 0 0 0 0 0 0 0 0 0 0 0 0 0 0 0 0 0 0 0 0 0 0 0 0 0 0 0 0 0 1 
0 0 0 0 0 0 0 0 0 0 0 0 0 0 0 0 0 0 0 0 0 0 0 0 0 0 0 0 0 0 0 0 0 0 0 0 0 0 0 0 0 0 0 0 0 0 0 0 0 0 0 0 0 0 0 0 0 0 0 0 0 0 0 0 0 
0 64 0 0 0 0 0 0 0 0 0 0 0 0 0 0 0 0 0 0 0 0 0 0 0 0 0 0 0 0 0 0 0 0 0 0 0 0 0 0 0 0 0 0 0 0 0 0 0 0 0 0 0 0 0 0 0 0 0 0 0 0 0 64 0 
0 0 125.973 0 0 0 0 0 0 0 0 0 0 0 0 0 0 0 0 0 0 0 0 0 0 0 0 0 0 0 0 0 0 0 0 0 0 0 0 0 0 0 0 0 0 0 0 0 0 0 0 0 0 0 0 0 0 0 0 0 0 0 127.582 0 0 
0 0 1890.03 387.747 61.8299 0 0 0 0 0 0 0 0 0 0 0 0 0 0 0 0 0 0 0 0 0 0 0 0 0 0 0 0 0 0 0 0 0 0 0 0 0 0 0 0 0 0 0 0 0 0 0 0 0 0 0 0 0 0 0 64.3211 383.565 1888.42 0 0 
0 0 0 7075.58 1170.08 504.467 128.177 0 0 0 0 0 0 0 0 0 0 0 0 0 0 0 0 0 0 0 0 0 0 0 0 0 0 0 0 0 0 0 0 0 0 0 0 0 0 0 0 0 0 0 0 0 0 0 0 0 0 0 131.039 512.683 1153.74 7243.85 0 0 0 
0 0 0 34200.7 27272.5 6836.82 2568.76 1424.43 383.066 67.6911 0 0 0 0 0 0 0 0 0 0 0 0 0 0 0 0 0 0 0 0 0 0 0 0 0 0 0 0 0 0 0 0 0 0 0 0 0 0 0 0 0 0 0 0 0 63.6651 392.369 1405.18 2539.33 6785.01 27699.5 34036.6 0 0 0 
0 0 0 0 183369 97570.4 42652 16843.2 8678.9 4705.35 1932.82 515.177 128.927 0 0 0 0 0 0 0 0 0 0 0 0 0 0 0 0 0 0 0 0 0 0 0 0 0 0 0 0 0 0 0 0 0 0 0 0 0 0 0 132.921 523.006 1918.09 4705.85 8740.32 17194.4 42452.1 98526.6 184841 0 0 0 0 
0 0 0 0 423502 821476 413094 220276 120748 59892.2 34355.7 19903.1 9654.48 4379.96 1393.35 383.837 84.1022 0 0 0 0 0 0 0 16.4138 0 0 0 0 0 0 0 16.0858 0 0 0 0 0 0 0 15.5822 0 0 0 0 0 0 0 78.0397 382.311 1404.39 4334.41 9588.61 19843.3 33751.9 59026.1 120136 221592 418485 843438 421617 0 0 0 0 
0 0 0 0 0 2.85203e+06 3.34746e+06 1.99233e+06 1.14039e+06 728889 426484 250624 155438 94811.6 56382.9 29755 13786.3 5842.17 2180.5 769.684 381.649 258.226 259.03 262.015 0 257.288 252.869 251.511 253.279 257.208 256.583 258.357 0 251.53 253.093 253.682 255.699 258.888 256.552 254.802 0 248.904 249.231 247.187 377.321 758.157 2175.78 5947.35 13950.1 29464.7 55957.4 94576.7 154186 249813 431003 730958 1.14095e+06 2.00705e+06 3.35429e+06 2.86068e+06 0 0 0 0 0 
0 0 0 0 0 3.8461e+06 1.45117e+07 1.35618e+07 9.42768e+06 6.12995e+06 4.11065e+06 2.71055e+06 1.82515e+06 1.19196e+06 789582 511575 328813 207137 122867 67326.9 37194.5 21276.9 13744.3 10961.5 11699.7 9706.27 9348.07 9219.6 9463.14 9240.5 9252.65 9427.67 11156.6 9436.6 9287.89 9159.16 9256.11 9205.36 9356.09 9752.38 11622 10720.6 13537.2 21159.4 36739.4 67037.2 118806 204740 328359 507956 769885 1.16302e+06 1.79073e+06 2.72569e+06 4.0721e+06 6.10365e+06 9.47588e+06 1.36992e+07 1.47917e+07 3.81457e+06 0 0 0 0 0 
0 0 0 0 0 0 3.05174e+07 6.34264e+07 5.82106e+07 4.38855e+07 3.20256e+07 2.25143e+07 1.5812e+07 1.14717e+07 8.11e+06 5.86113e+06 4.19864e+06 2.9158e+06 2.07416e+06 1.4454e+06 1.01289e+06 704863 501626 367027 284047 249606 232224 226025 217342 219632 216243 214755 207887 214279 216882 217710 216245 220776 226448 245159 284709 367699 504941 713066 1.02937e+06 1.45933e+06 2.07828e+06 2.94119e+06 4.17657e+06 5.82816e+06 8.25215e+06 1.14915e+07 1.59845e+07 2.23614e+07 3.1491e+07 4.38047e+07 5.80388e+07 6.43499e+07 3.01387e+07 0 0 0 0 0 0 
0 0 0 0 0 0 2.61393e+07 1.68649e+08 2.62143e+08 2.46784e+08 2.00514e+08 1.57762e+08 1.19994e+08 9.04692e+07 6.8801e+07 5.23261e+07 3.98478e+07 3.07603e+07 2.33706e+07 1.7768e+07 1.36507e+07 1.05416e+07 8.26287e+06 6.68415e+06 5.50197e+06 4.66957e+06 4.02609e+06 3.65519e+06 3.41317e+06 3.26531e+06 3.22944e+06 3.22483e+06 3.24525e+06 3.24348e+06 3.23558e+06 3.26682e+06 3.43095e+06 3.58613e+06 4.00155e+06 4.59622e+06 5.50154e+06 6.63539e+06 8.33432e+06 1.06551e+07 1.36262e+07 1.80133e+07 2.33428e+07 3.06304e+07 3.99712e+07 5.22538e+07 6.89143e+07 8.98317e+07 1.18135e+08 1.56414e+08 2.01313e+08 2.4785e+08 2.65359e+08 1.70442e+08 2.62261e+07 0 0 0 0 0 0 
0 0 0 0 0 0 0 2.33245e+08 7.84594e+08 1.06569e+09 1.04589e+09 9.0328e+08 7.45167e+08 6.04513e+08 4.87115e+08 3.89743e+08 3.16768e+08 2.54381e+08 2.04213e+08 1.64902e+08 1.35276e+08 1.1035e+08 9.07427e+07 7.58507e+07 6.54208e+07 5.68149e+07 5.07752e+07 4.57726e+07 4.24264e+07 4.02363e+07 3.8557e+07 3.77923e+07 3.72675e+07 3.80206e+07 3.89067e+07 4.02387e+07 4.23732e+07 4.60108e+07 5.04004e+07 5.65039e+07 6.47864e+07 7.61088e+07 9.17216e+07 1.1071e+08 1.34173e+08 1.65888e+08 2.05767e+08 2.53823e+08 3.18347e+08 3.95008e+08 4.93644e+08 6.106e+08 7.48889e+08 9.03062e+08 1.03868e+09 1.07356e+09 7.85669e+08 2.30907e+08 0 0 0 0 0 0 0 
0 0 0 0 0 0 0 1.40102e+08 1.38159e+09 3.27081e+09 4.27276e+09 4.3303e+09 4.01512e+09 3.50563e+09 2.98591e+09 2.50871e+09 2.11948e+09 1.78708e+09 1.50828e+09 1.26702e+09 1.08521e+09 9.32962e+08 7.92865e+08 6.89045e+08 5.99801e+08 5.33837e+08 4.79464e+08 4.43073e+08 4.09814e+08 3.91537e+08 3.79258e+08 3.72508e+08 3.71648e+08 3.73609e+08 3.83862e+08 3.98333e+08 4.1781e+08 4.46429e+08 4.86082e+08 5.35904e+08 6.05109e+08 6.92531e+08 7.96313e+08 9.13641e+08 1.07263e+09 1.26401e+09 1.4854e+09 1.78219e+09 2.10222e+09 2.50468e+09 2.96659e+09 3.49366e+09 3.97839e+09 4.33943e+09 4.26625e+09 3.29971e+09 1.39397e+09 1.39571e+08 0 0 0 0 0 0 0 
0 0 0 0 0 0 0 0 1.34388e+09 6.68135e+09 1.31428e+10 1.67442e+10 1.76685e+10 1.70094e+10 1.56029e+10 1.39666e+10 1.23163e+10 1.08116e+10 9.51554e+09 8.40232e+09 7.38774e+09 6.53579e+09 5.74971e+09 5.11092e+09 4.59828e+09 4.16303e+09 3.83395e+09 3.55745e+09 3.34971e+09 3.21847e+09 3.12093e+09 3.06335e+09 3.03843e+09 3.07975e+09 3.13552e+09 3.25082e+09 3.39263e+09 3.60572e+09 3.84325e+09 4.18255e+09 4.62591e+09 5.12869e+09 5.7483e+09 6.44407e+09 7.31848e+09 8.28259e+09 9.46315e+09 1.07752e+10 1.24141e+10 1.39968e+10 1.56338e+10 1.69864e+10 1.77338e+10 1.67849e+10 1.31083e+10 6.67818e+09 1.32904e+09 0 0 0 0 0 0 0 0 
0 0 0 0 0 0 0 0 5.85042e+08 8.34639e+09 2.81607e+10 5.00248e+10 6.37119e+10 6.97891e+10 7.02278e+10 6.68807e+10 6.26701e+10 5.78477e+10 5.26354e+10 4.78832e+10 4.35184e+10 3.99846e+10 3.64005e+10 3.29157e+10 3.00985e+10 2.77281e+10 2.60286e+10 2.46696e+10 2.33156e+10 2.25754e+10 2.21091e+10 2.1688e+10 2.16744e+10 2.16299e+10 2.21461e+10 2.27161e+10 2.36033e+10 2.4868e+10 2.62615e+10 2.80472e+10 3.00585e+10 3.28714e+10 3.5944e+10 3.94728e+10 4.3292e+10 4.75694e+10 5.32186e+10 5.79416e+10 6.29525e+10 6.73317e+10 7.06005e+10 7.02979e+10 6.43858e+10 4.99832e+10 2.82985e+10 8.32852e+09 5.83347e+08 0 0 0 0 0 0 0 0 
0 0 0 0 0 0 0 0 0 5.9213e+09 4.11931e+10 1.11115e+11 1.86314e+11 2.40094e+11 2.6949e+11 2.80259e+11 2.79652e+11 2.7158e+11 2.59539e+11 2.44803e+11 2.30863e+11 2.13892e+11 2.00442e+11 1.87243e+11 1.74141e+11 1.64803e+11 1.56108e+11 1.485e+11 1.42801e+11 1.3863e+11 1.3597e+11 1.36098e+11 1.35069e+11 1.3501e+11 1.37168e+11 1.40477e+11 1.43964e+11 1.49384e+11 1.55753e+11 1.64355e+11 1.73616e+11 1.84769e+11 1.98677e+11 2.12089e+11 2.26798e+11 2.42364e+11 2.58236e+11 2.7379e+11 2.80618e+11 2.83849e+11 2.71301e+11 2.39856e+11 1.8473e+11 1.10655e+11 4.10057e+10 5.91102e+09 0 0 0 0 0 0 0 0 0 
0 0 0 0 0 0 0 0 0 1.95746e+09 3.76945e+10 1.74149e+11 4.11726e+11 6.6442e+11 8.71957e+11 1.00998e+12 1.09009e+12 1.12469e+12 1.13043e+12 1.10774e+12 1.07381e+12 1.03819e+12 9.92403e+11 9.43061e+11 9.05846e+11 8.69444e+11 8.38232e+11 8.08687e+11 7.85077e+11 7.67587e+11 7.53313e+11 7.48802e+11 7.48882e+11 7.50778e+11 7.60068e+11 7.67688e+11 7.88573e+11 8.09696e+11 8.3888e+11 8.61909e+11 9.00105e+11 9.41144e+11 9.81334e+11 1.02535e+12 1.06633e+12 1.09802e+12 1.12614e+12 1.11948e+12 1.0934e+12 1.02013e+12 8.74075e+11 6.64192e+11 4.11671e+11 1.74759e+11 3.7775e+10 1.95105e+09 0 0 0 0 0 0 0 0 0 
0 0 0 0 0 0 0 0 0 0 2.04318e+10 1.87752e+11 6.72797e+11 1.45759e+12 2.30677e+12 3.04505e+12 3.64281e+12 4.05132e+12 4.2957e+12 4.39843e+12 4.44816e+12 4.45925e+12 4.38227e+12 4.2966e+12 4.18483e+12 4.06598e+12 3.98634e+12 3.92506e+12 3.87028e+12 3.7993e+12 3.76e+12 3.72885e+12 3.75025e+12 3.76012e+12 3.7714e+12 3.81565e+12 3.84048e+12 3.93081e+12 4.01463e+12 4.11244e+12 4.22335e+12 4.29741e+12 4.35352e+12 4.43867e+12 4.45869e+12 4.42306e+12 4.29964e+12 4.05724e+12 3.64791e+12 3.06365e+12 2.30044e+12 1.44637e+12 6.72545e+11 1.87283e+11 2.05266e+10 0 0 0 0 0 0 0 0 0 0 
0 0 0 0 0 0 0 0 0 0 5.29444e+09 1.30617e+11 7.85733e+11 2.38333e+12 4.86447e+12 7.61671e+12 1.02878e+13 1.25884e+13 1.43188e+13 1.55427e+13 1.65386e+13 1.70989e+13 1.73292e+13 1.73718e+13 1.73874e+13 1.73879e+13 1.72875e+13 1.71222e+13 1.69166e+13 1.69041e+13 1.6907e+13 1.68988e+13 1.67763e+13 1.68557e+13 1.70055e+13 1.71224e+13 1.71444e+13 1.72357e+13 1.74069e+13 1.74879e+13 1.74905e+13 1.75025e+13 1.73342e+13 1.69637e+13 1.64352e+13 1.56226e+13 1.44315e+13 1.25936e+13 1.02686e+13 7.6242e+12 4.83639e+12 2.39546e+12 7.89739e+11 1.31494e+11 5.21692e+09 0 0 0 0 0 0 0 0 0 0 
0 0 0 0 0 0 0 0 0 0 0 5.62405e+10 6.43583e+11 2.94916e+12 7.93277e+12 1.54142e+13 2.42024e+13 3.31011e+13 4.13401e+13 4.84214e+13 5.38868e+13 5.83319e+13 6.17412e+13 6.42324e+13 6.59322e+13 6.71313e+13 6.76484e+13 6.80312e+13 6.80039e+13 6.82916e+13 6.84086e+13 6.81229e+13 6.86342e+13 6.87454e+13 6.89224e+13 6.89146e+13 6.87431e+13 6.8108e+13 6.76032e+13 6.66408e+13 6.58166e+13 6.38444e+13 6.1684e+13 5.8374e+13 5.39105e+13 4.85162e+13 4.11697e+13 3.30886e+13 2.44088e+13 1.55164e+13 7.9619e+12 2.93433e+12 6.44647e+11 5.57957e+10 0 0 0 0 0 0 0 0 0 0 0 
0 0 0 0 0 0 0 0 0 0 0 1.15366e+10 3.54936e+11 2.6584e+12 1.00638e+13 2.49134e+13 4.72125e+13 7.40794e+13 1.02227e+14 1.28428e+14 1.54063e+14 1.76052e+14 1.94898e+14 2.09448e+14 2.22472e+14 2.3038e+14 2.36626e+14 2.41925e+14 2.47214e+14 2.50037e+14 2.5063e+14 2.51464e+14 2.5329e+14 2.52769e+14 2.51471e+14 2.52186e+14 2.47603e+14 2.43012e+14 2.36797e+14 2.2922e+14 2.2017e+14 2.08348e+14 1.93158e+14 1.75297e+14 1.53296e+14 1.29322e+14 1.01341e+14 7.35719e+13 4.70853e+13 2.50141e+13 1.0038e+13 2.66657e+12 3.52014e+11 1.14159e+10 0 0 0 0 0 0 0 0 0 0 0 
0 0 0 0 0 0 0 0 0 0 0 0 1.22254e+11 1.69228e+12 9.55614e+12 3.18408e+13 7.38093e+13 1.35733e+14 2.13869e+14 2.97198e+14 3.8166e+14 4.6428e+14 5.41259e+14 6.07085e+14 6.63432e+14 7.1121e+14 7.46998e+14 7.75943e+14 8.00583e+14 8.23739e+14 8.32367e+14 8.41764e+14 8.49736e+14 8.51015e+14 8.43663e+14 8.26743e+14 8.03917e+14 7.79381e+14 7.47217e+14 7.08582e+14 6.61088e+14 6.04736e+14 5.38662e+14 4.65935e+14 3.82066e+14 2.97516e+14 2.13057e+14 1.36121e+14 7.41752e+13 3.14886e+13 9.56813e+12 1.70186e+12 1.2158e+11 0 0 0 0 0 0 0 0 0 0 0 0 
0 0 0 0 0 0 0 0 0 0 0 0 2.05928e+10 7.57684e+11 6.78236e+12 3.09388e+13 9.25297e+13 2.06032e+14 3.7312e+14 5.81566e+14 8.18757e+14 1.07013e+15 1.32103e+15 1.56008e+15 1.77035e+15 1.9526e+15 2.11755e+15 2.24842e+15 2.35157e+15 2.43346e+15 2.50866e+15 2.53945e+15 2.55388e+15 2.54473e+15 2.50461e+15 2.45434e+15 2.35644e+15 2.24151e+15 2.11075e+15 1.95836e+15 1.77256e+15 1.54849e+15 1.31776e+15 1.07934e+15 8.26361e+14 5.81972e+14 3.70916e+14 2.05945e+14 9.21571e+13 3.10773e+13 6.79196e+12 7.53466e+11 2.03057e+10 0 0 0 0 0 0 0 0 0 0 0 0 
0 0 0 0 0 0 0 0 0 0 0 0 0 2.1294e+11 3.50817e+12 2.32699e+13 9.15652e+13 2.51725e+14 5.38618e+14 9.60972e+14 1.50515e+15 2.13274e+15 2.80466e+15 3.49285e+15 4.16412e+15 4.76366e+15 5.31584e+15 5.77812e+15 6.20304e+15 6.50901e+15 6.74635e+15 6.8776e+15 6.89626e+15 6.85106e+15 6.75333e+15 6.54081e+15 6.21696e+15 5.82513e+15 5.31589e+15 4.76549e+15 4.15712e+15 3.50989e+15 2.82392e+15 2.14484e+15 1.51305e+15 9.65812e+14 5.42471e+14 2.52407e+14 9.12855e+13 2.32738e+13 3.50868e+12 2.13368e+11 0 0 0 0 0 0 0 0 0 0 0 0 0 
0 0 0 0 0 0 0 0 0 0 0 0 0 2.99555e+10 1.27538e+12 1.33356e+13 7.1026e+13 2.46881e+14 6.384e+14 1.32284e+15 2.32532e+15 3.6294e+15 5.17385e+15 6.86638e+15 8.59781e+15 1.03226e+16 1.18592e+16 1.33547e+16 1.4528e+16 1.54828e+16 1.62519e+16 1.66848e+16 1.68139e+16 1.66797e+16 1.62378e+16 1.55287e+16 1.45873e+16 1.33768e+16 1.19507e+16 1.03182e+16 8.59114e+15 6.86242e+15 5.18861e+15 3.64682e+15 2.34188e+15 1.32042e+15 6.39922e+14 2.47257e+14 7.13531e+13 1.32974e+13 1.27954e+12 2.98935e+10 0 0 0 0 0 0 0 0 0 0 0 0 0 
0 0 0 0 0 0 0 0 0 0 0 0 0 0 2.98817e+11 5.67963e+12 4.30083e+13 1.96389e+14 6.19427e+14 1.51034e+15 3.03186e+15 5.27864e+15 8.21492e+15 1.17102e+16 1.55364e+16 1.95068e+16 2.34355e+16 2.70557e+16 3.01879e+16 3.27296e+16 3.45569e+16 3.59561e+16 3.63417e+16 3.58486e+16 3.47662e+16 3.28182e+16 3.02602e+16 2.70639e+16 2.34331e+16 1.94878e+16 1.54622e+16 1.1632e+16 8.19981e+15 5.26516e+15 3.03219e+15 1.51456e+15 6.15986e+14 1.95753e+14 4.30202e+13 5.67361e+12 2.99587e+11 0 0 0 0 0 0 0 0 0 0 0 0 0 0 
0 0 0 0 0 0 0 0 0 0 0 0 0 0 3.61988e+10 1.71178e+12 2.03499e+13 1.22625e+14 4.85794e+14 1.42596e+15 3.31009e+15 6.45357e+15 1.11244e+16 1.711e+16 2.42938e+16 3.21121e+16 4.01955e+16 4.82859e+16 5.53915e+16 6.13583e+16 6.56018e+16 6.82054e+16 6.90893e+16 6.85317e+16 6.57011e+16 6.12143e+16 5.50717e+16 4.81478e+16 4.03707e+16 3.22933e+16 2.423e+16 1.71221e+16 1.10917e+16 6.48855e+15 3.31128e+15 1.42249e+15 4.88669e+14 1.23023e+14 2.02397e+13 1.72309e+12 3.58824e+10 0 0 0 0 0 0 0 0 0 0 0 0 0 0 
0 0 0 0 0 0 0 0 0 0 0 0 0 0 0 3.43333e+11 7.24495e+12 6.13697e+13 3.10751e+14 1.11042e+15 3.01719e+15 6.71376e+15 1.27205e+16 2.15145e+16 3.28004e+16 4.60088e+16 6.05311e+16 7.52478e+16 8.87292e+16 1.01098e+17 1.10078e+17 1.1561e+17 1.17625e+17 1.15781e+17 1.10121e+17 1.0023e+17 8.87404e+16 7.51742e+16 6.08103e+16 4.59028e+16 3.27817e+16 2.14918e+16 1.27585e+16 6.68228e+15 3.00889e+15 1.10541e+15 3.10778e+14 6.10974e+13 7.22435e+12 3.43101e+11 0 0 0 0 0 0 0 0 0 0 0 0 0 0 0 
0 0 0 0 0 0 0 0 0 0 0 0 0 0 0 3.57423e+10 1.85235e+12 2.41984e+13 1.6125e+14 7.03529e+14 2.28928e+15 5.85086e+15 1.24384e+16 2.31286e+16 3.81188e+16 5.70504e+16 7.93166e+16 1.02201e+17 1.25146e+17 1.4516e+17 1.61658e+17 1.71529e+17 1.75075e+17 1.71227e+17 1.61118e+17 1.45842e+17 1.25118e+17 1.02697e+17 7.88757e+16 5.70078e+16 3.81581e+16 2.30681e+16 1.24794e+16 5.83588e+15 2.27769e+15 7.04401e+14 1.60737e+14 2.38862e+13 1.85919e+12 3.54143e+10 0 0 0 0 0 0 0 0 0 0 0 0 0 0 0 
0 0 0 0 0 0 0 0 0 0 0 0 0 0 0 0 3.19337e+11 7.2545e+12 6.7386e+13 3.71587e+14 1.4459e+15 4.28449e+15 1.03347e+16 2.1103e+16 3.78395e+16 6.09854e+16 8.92686e+16 1.21462e+17 1.5392e+17 1.83791e+17 2.06962e+17 2.22541e+17 2.28634e+17 2.2387e+17 2.06915e+17 1.83763e+17 1.54047e+17 1.2129e+17 8.94794e+16 6.11426e+16 3.78852e+16 2.11661e+16 1.0313e+16 4.29481e+15 1.4344e+15 3.69865e+14 6.72355e+13 7.24208e+12 3.20888e+11 0 0 0 0 0 0 0 0 0 0 0 0 0 0 0 0 
0 0 0 0 0 0 0 0 0 0 0 0 0 0 0 0 2.91506e+10 1.61263e+12 2.23884e+13 1.59759e+14 7.58322e+14 2.65639e+15 7.30449e+15 1.64933e+16 3.23871e+16 5.6207e+16 8.75852e+16 1.24605e+17 1.65202e+17 2.02661e+17 2.33838e+17 2.5378e+17 2.60559e+17 2.53044e+17 2.3357e+17 2.01778e+17 1.64646e+17 1.24655e+17 8.74914e+16 5.627e+16 3.25309e+16 1.65701e+16 7.30714e+15 2.64151e+15 7.57269e+14 1.60812e+14 2.21912e+13 1.59991e+12 2.93108e+10 0 0 0 0 0 0 0 0 0 0 0 0 0 0 0 0 
0 0 0 0 0 0 0 0 0 0 0 0 0 0 0 0 0 2.42889e+11 5.76078e+12 5.68296e+13 3.33937e+14 1.382e+15 4.35829e+15 1.11252e+16 2.39331e+16 4.4826e+16 7.42747e+16 1.11899e+17 1.53717e+17 1.94542e+17 2.29291e+17 2.52656e+17 2.60809e+17 2.5328e+17 2.29771e+17 1.94077e+17 1.52714e+17 1.11531e+17 7.42007e+16 4.45499e+16 2.39155e+16 1.11678e+16 4.34123e+15 1.37529e+15 3.33487e+14 5.66825e+13 5.74585e+12 2.43206e+11 0 0 0 0 0 0 0 0 0 0 0 0 0 0 0 0 0 
0 0 0 0 0 0 0 0 0 0 0 0 0 0 0 0 0 1.99558e+10 1.1267e+12 1.62926e+13 1.22929e+14 6.09816e+14 2.23239e+15 6.4201e+15 1.52451e+16 3.08748e+16 5.49042e+16 8.67719e+16 1.2394e+17 1.6294e+17 1.97101e+17 2.20575e+17 2.28596e+17 2.19371e+17 1.97037e+17 1.63367e+17 1.24761e+17 8.66949e+16 5.48501e+16 3.10215e+16 1.52526e+16 6.40358e+15 2.21456e+15 6.0726e+14 1.22806e+14 1.62381e+13 1.1245e+12 2.01054e+10 0 0 0 0 0 0 0 0 0 0 0 0 0 0 0 0 0 
0 0 0 0 0 0 0 0 0 0 0 0 0 0 0 0 0 0 1.50937e+11 3.66829e+12 3.75133e+13 2.27708e+14 9.7036e+14 3.18055e+15 8.40664e+15 1.8549e+16 3.5309e+16 5.90443e+16 8.80899e+16 1.19296e+17 1.47867e+17 1.67356e+17 1.74497e+17 1.67792e+17 1.47255e+17 1.19805e+17 8.85747e+16 5.89851e+16 3.52748e+16 1.84676e+16 8.36378e+15 3.18395e+15 9.70269e+14 2.27155e+14 3.7316e+13 3.70124e+12 1.51609e+11 0 0 0 0 0 0 0 0 0 0 0 0 0 0 0 0 0 0 
0 0 0 0 0 0 0 0 0 0 0 0 0 0 0 0 0 0 1.14841e+10 6.38971e+11 9.3237e+12 7.25228e+13 3.67902e+14 1.37397e+15 4.01596e+15 9.69499e+15 1.98659e+16 3.5093e+16 5.51795e+16 7.73456e+16 9.7585e+16 1.12449e+17 1.1771e+17 1.1192e+17 9.79633e+16 7.75506e+16 5.52548e+16 3.53501e+16 1.98244e+16 9.67226e+15 4.00606e+15 1.36006e+15 3.64687e+14 7.23311e+13 9.38644e+12 6.35963e+11 1.15934e+10 0 0 0 0 0 0 0 0 0 0 0 0 0 0 0 0 0 0 
0 0 0 0 0 0 0 0 0 0 0 0 0 0 0 0 0 0 0 7.71525e+10 1.86816e+12 1.92829e+13 1.18337e+14 5.1161e+14 1.67314e+15 4.42988e+15 9.7572e+15 1.84295e+16 3.0169e+16 4.37649e+16 5.68135e+16 6.65797e+16 6.98535e+16 6.65446e+16 5.70773e+16 4.40617e+16 3.02687e+16 1.84493e+16 9.76284e+15 4.43655e+15 1.68214e+15 5.0675e+14 1.1798e+14 1.93039e+13 1.8783e+12 7.7867e+10 0 0 0 0 0 0 0 0 0 0 0 0 0 0 0 0 0 0 0 
0 0 0 0 0 0 0 0 0 0 0 0 0 0 0 0 0 0 0 5.60346e+09 2.9464e+11 4.27068e+12 3.27315e+13 1.65829e+14 6.16966e+14 1.7947e+15 4.26528e+15 8.57356e+15 1.47111e+16 2.22511e+16 2.96121e+16 3.50321e+16 3.69957e+16 3.51182e+16 2.96659e+16 2.22558e+16 1.47299e+16 8.53984e+15 4.26087e+15 1.7935e+15 6.14194e+14 1.66596e+14 3.28984e+13 4.28181e+12 2.92954e+11 5.68024e+09 0 0 0 0 0 0 0 0 0 0 0 0 0 0 0 0 0 0 0 
0 0 0 0 0 0 0 0 0 0 0 0 0 0 0 0 0 0 0 0 3.29917e+10 7.7091e+11 7.73589e+12 4.70072e+13 1.99974e+14 6.46216e+14 1.65935e+15 3.53778e+15 6.39219e+15 1.00107e+16 1.37079e+16 1.65226e+16 1.75775e+16 1.64862e+16 1.36588e+16 1.00302e+16 6.46914e+15 3.56824e+15 1.65065e+15 6.40524e+14 2.00371e+14 4.71413e+13 7.76769e+12 7.75556e+11 3.3137e+10 0 0 0 0 0 0 0 0 0 0 0 0 0 0 0 0 0 0 0 0 
0 0 0 0 0 0 0 0 0 0 0 0 0 0 0 0 0 0 0 0 2.40515e+09 1.12038e+11 1.55384e+12 1.15513e+13 5.70725e+13 2.04938e+14 5.77156e+14 1.31898e+15 2.49758e+15 4.07244e+15 5.713e+15 6.99134e+15 7.47002e+15 6.97761e+15 5.73783e+15 4.10991e+15 2.52491e+15 1.31349e+15 5.7409e+14 2.05902e+14 5.73709e+13 1.15994e+13 1.5454e+12 1.11748e+11 2.4192e+09 0 0 0 0 0 0 0 0 0 0 0 0 0 0 0 0 0 0 0 0 
0 0 0 0 0 0 0 0 0 0 0 0 0 0 0 0 0 0 0 0 0 1.18868e+10 2.58426e+11 2.47308e+12 1.44338e+13 5.83121e+13 1.79542e+14 4.40504e+14 8.8279e+14 1.49676e+15 2.15698e+15 2.66953e+15 2.86416e+15 2.66658e+15 2.17515e+15 1.50654e+15 8.90221e+14 4.38471e+14 1.8042e+14 5.8501e+13 1.43894e+13 2.45894e+12 2.6122e+11 1.18719e+10 0 0 0 0 0 0 0 0 0 0 0 0 0 0 0 0 0 0 0 0 0 
0 0 0 0 0 0 0 0 0 0 0 0 0 0 0 0 0 0 0 0 0 9.3293e+08 3.54534e+10 4.55802e+11 3.19061e+12 1.4889e+13 5.03072e+13 1.33204e+14 2.82839e+14 5.01956e+14 7.40903e+14 9.31896e+14 1.01083e+15 9.40011e+14 7.46407e+14 5.04113e+14 2.84541e+14 1.33921e+14 5.03832e+13 1.48469e+13 3.17518e+12 4.55022e+11 3.54482e+10 9.21608e+08 0 0 0 0 0 0 0 0 0 0 0 0 0 0 0 0 0 0 0 0 0 
0 0 0 0 0 0 0 0 0 0 0 0 0 0 0 0 0 0 0 0 0 0 3.64737e+09 7.11595e+10 6.25296e+11 3.39438e+12 1.28704e+13 3.66356e+13 8.27787e+13 1.52844e+14 2.33346e+14 3.01697e+14 3.26589e+14 3.01432e+14 2.34105e+14 1.54182e+14 8.35941e+13 3.68251e+13 1.28654e+13 3.37399e+12 6.16028e+11 7.0799e+10 3.65663e+09 0 0 0 0 0 0 0 0 0 0 0 0 0 0 0 0 0 0 0 0 0 0 
0 0 0 0 0 0 0 0 0 0 0 0 0 0 0 0 0 0 0 0 0 0 3.25726e+08 9.44057e+09 1.07571e+11 6.89218e+11 2.96327e+12 9.14536e+12 2.21744e+13 4.27606e+13 6.76859e+13 8.81254e+13 9.64143e+13 8.89141e+13 6.74977e+13 4.29571e+13 2.21969e+13 9.22462e+12 2.94486e+12 6.88167e+11 1.06923e+11 9.45397e+09 3.22467e+08 0 0 0 0 0 0 0 0 0 0 0 0 0 0 0 0 0 0 0 0 0 0 
0 0 0 0 0 0 0 0 0 0 0 0 0 0 0 0 0 0 0 0 0 0 0 9.6113e+08 1.61906e+10 1.26266e+11 6.17685e+11 2.12174e+12 5.48542e+12 1.1165e+13 1.80294e+13 2.40662e+13 2.66837e+13 2.41123e+13 1.80867e+13 1.10592e+13 5.46376e+12 2.11554e+12 6.14957e+11 1.25778e+11 1.60995e+10 9.61296e+08 0 0 0 0 0 0 0 0 0 0 0 0 0 0 0 0 0 0 0 0 0 0 0 
0 0 0 0 0 0 0 0 0 0 0 0 0 0 0 0 0 0 0 0 0 0 0 1.0466e+08 2.17692e+09 2.08536e+10 1.18398e+11 4.51041e+11 1.24923e+12 2.65908e+12 4.50731e+12 6.13136e+12 6.78845e+12 6.15206e+12 4.52609e+12 2.69053e+12 1.2514e+12 4.46325e+11 1.1809e+11 2.07556e+10 2.1586e+09 1.05745e+08 0 0 0 0 0 0 0 0 0 0 0 0 0 0 0 0 0 0 0 0 0 0 0 
0 0 0 0 0 0 0 0 0 0 0 0 0 0 0 0 0 0 0 0 0 0 0 0 2.24811e+08 3.15096e+09 2.08871e+10 8.87109e+10 2.67034e+11 6.00118e+11 1.04369e+12 1.45166e+12 1.6243e+12 1.46085e+12 1.05854e+12 6.02566e+11 2.66255e+11 8.8737e+10 2.08968e+10 3.15544e+09 2.22568e+08 0 0 0 0 0 0 0 0 0 0 0 0 0 0 0 0 0 0 0 0 0 0 0 0 
0 0 0 0 0 0 0 0 0 0 0 0 0 0 0 0 0 0 0 0 0 0 0 0 3.18918e+07 4.44621e+08 3.42743e+09 1.64328e+10 5.33555e+10 1.26776e+11 2.30748e+11 3.29873e+11 3.63879e+11 3.29272e+11 2.3369e+11 1.27619e+11 5.32968e+10 1.65473e+10 3.41936e+09 4.44742e+08 3.17125e+07 0 0 0 0 0 0 0 0 0 0 0 0 0 0 0 0 0 0 0 0 0 0 0 0 
0 0 0 0 0 0 0 0 0 0 0 0 0 0 0 0 0 0 0 0 0 0 0 0 0 4.58773e+07 5.33769e+08 2.86936e+09 1.01225e+10 2.57634e+10 4.89651e+10 7.08682e+10 8.04696e+10 7.10112e+10 4.90837e+10 2.60574e+10 1.02039e+10 2.89831e+09 5.40737e+08 4.56038e+07 0 0 0 0 0 0 0 0 0 0 0 0 0 0 0 0 0 0 0 0 0 0 0 0 0 
0 0 0 0 0 0 0 0 0 0 0 0 0 0 0 0 0 0 0 0 0 0 0 0 0 8.70122e+06 8.2236e+07 4.77505e+08 1.8802e+09 5.01233e+09 9.89054e+09 1.4694e+10 1.68211e+10 1.4815e+10 9.95704e+09 5.12431e+09 1.90244e+09 4.74488e+08 8.22032e+07 8.66017e+06 0 0 0 0 0 0 0 0 0 0 0 0 0 0 0 0 0 0 0 0 0 0 0 0 0 
0 0 0 0 0 0 0 0 0 0 0 0 0 0 0 0 0 0 0 0 0 0 0 0 0 0 7.81506e+06 8.12273e+07 3.3855e+08 9.45046e+08 1.96063e+09 2.96004e+09 3.42382e+09 2.97508e+09 1.96555e+09 9.51682e+08 3.39589e+08 8.14797e+07 7.88771e+06 0 0 0 0 0 0 0 0 0 0 0 0 0 0 0 0 0 0 0 0 0 0 0 0 0 0 
0 0 0 0 0 0 0 0 0 0 0 0 0 0 0 0 0 0 0 0 0 0 0 0 0 0 2.11044e+06 1.29937e+07 5.67976e+07 1.84325e+08 3.78937e+08 6.00446e+08 6.80438e+08 5.95717e+08 3.77218e+08 1.83135e+08 5.66532e+07 1.29915e+07 2.09993e+06 0 0 0 0 0 0 0 0 0 0 0 0 0 0 0 0 0 0 0 0 0 0 0 0 0 0 
0 0 0 0 0 0 0 0 0 0 0 0 0 0 0 0 0 0 0 0 0 0 0 0 0 0 0 1.09827e+06 1.09856e+07 3.27596e+07 7.30394e+07 1.20131e+08 1.35087e+08 1.19764e+08 7.39763e+07 3.29741e+07 1.09675e+07 1.09553e+06 0 0 0 0 0 0 0 0 0 0 0 0 0 0 0 0 0 0 0 0 0 0 0 0 0 0 0 
0 0 0 0 0 0 0 0 0 0 0 0 0 0 0 0 0 0 0 0 0 0 0 0 0 0 0 438362 1.70851e+06 5.60515e+06 1.51393e+07 2.2131e+07 2.85876e+07 2.2034e+07 1.51199e+07 5.68432e+06 1.73462e+06 433910 0 0 0 0 0 0 0 0 0 0 0 0 0 0 0 0 0 0 0 0 0 0 0 0 0 0 0 
0 0 0 0 0 0 0 0 0 0 0 0 0 0 0 0 0 0 0 0 0 0 0 0 0 0 0 0 113576 1.26005e+06 2.41109e+06 4.70416e+06 5.24218e+06 4.6497e+06 2.42896e+06 1.26886e+06 112858 0 0 0 0 0 0 0 0 0 0 0 0 0 0 0 0 0 0 0 0 0 0 0 0 0 0 0 0 
0 0 0 0 0 0 0 0 0 0 0 0 0 0 0 0 0 0 0 0 0 0 0 0 0 0 0 0 73610.5 172768 461131 960994 938399 959193 458823 173463 74924.4 0 0 0 0 0 0 0 0 0 0 0 0 0 0 0 0 0 0 0 0 0 0 0 0 0 0 0 0 
0 0 0 0 0 0 0 0 0 0 0 0 0 0 0 0 0 0 0 0 0 0 0 0 0 0 0 0 0 7733.9 116747 111031 236977 111865 118973 7632.31 0 0 0 0 0 0 0 0 0 0 0 0 0 0 0 0 0 0 0 0 0 0 0 0 0 0 0 0 0 
0 0 0 0 0 0 0 0 0 0 0 0 0 0 0 0 0 0 0 0 0 0 0 0 0 0 0 0 0 10026.5 11533.7 32731.8 36984.3 32392.1 11598.8 10064 0 0 0 0 0 0 0 0 0 0 0 0 0 0 0 0 0 0 0 0 0 0 0 0 0 0 0 0 0 
0 0 0 0 0 0 0 0 0 0 0 0 0 0 0 0 0 0 0 0 0 0 0 0 0 0 0 0 0 0 263.437 7553.45 2043.71 7658.73 258.522 0 0 0 0 0 0 0 0 0 0 0 0 0 0 0 0 0 0 0 0 0 0 0 0 0 0 0 0 0 0 
0 0 0 0 0 0 0 0 0 0 0 0 0 0 0 0 0 0 0 0 0 0 0 0 0 0 0 0 0 0 990.627 386.808 1932.31 385.703 988.089 0 0 0 0 0 0 0 0 0 0 0 0 0 0 0 0 0 0 0 0 0 0 0 0 0 0 0 0 0 0 
0 0 0 0 0 0 0 0 0 0 0 0 0 0 0 0 0 0 0 0 0 0 0 0 0 0 0 0 0 0 0 0 256.363 0 0 0 0 0 0 0 0 0 0 0 0 0 0 0 0 0 0 0 0 0 0 0 0 0 0 0 0 0 0 0 0 
0 0 0 0 0 0 0 0 0 0 0 0 0 0 0 0 0 0 0 0 0 0 0 0 0 0 0 0 0 0 0 63.0222 0 64.9599 0 0 0 0 0 0 0 0 0 0 0 0 0 0 0 0 0 0 0 0 0 0 0 0 0 0 0 0 0 0 0 
0 0 0 0 0 0 0 0 0 0 0 0 0 0 0 0 0 0 0 0 0 0 0 0 0 0 0 0 0 0 0 0 0 0 0 0 0 0 0 0 0 0 0 0 0 0 0 0 0 0 0 0 0 0 0 0 0 0 0 0 0 0 0 0 0 
0 0 0 0 0 0 0 0 0 0 0 0 0 0 0 0 0 0 0 0 0 0 0 0 0 0 0 0 0 0 0 0 2.00214 0 0 0 0 0 0 0 0 0 0 0 0 0 0 0 0 0 0 0 0 0 0 0 0 0 0 0 0 0 0 0 0 
