1 0 0 0 0 0 0 0 0 0 0 0 0 0 0 0 0 0 0 0 0 0 0 0 0 0 0 0 0 0 0 0 0 0 0 0 0 0 0 0 0 0 0 0 0 0 0 0 0 0 0 0 0 0 0 0 0 0 0 0 0 0 0 0 1 
0 0 0 0 0 0 0 0 0 0 0 0 0 0 0 0 0 0 0 0 0 0 0 0 0 0 0 0 0 0 0 0 0 0 0 0 0 0 0 0 0 0 0 0 0 0 0 0 0 0 0 0 0 0 0 0 0 0 0 0 0 0 0 0 0 
0 64 0 0 0 0 0 0 0 0 0 0 0 0 0 0 0 0 0 0 0 0 0 0 0 0 0 0 0 0 0 0 0 0 0 0 0 0 0 0 0 0 0 0 0 0 0 0 0 0 0 0 0 0 0 0 0 0 0 0 0 0 0 64 0 
0 0 124.643 0 0 0 0 0 0 0 0 0 0 0 0 0 0 0 0 0 0 0 0 0 0 0 0 0 0 0 0 0 0 0 0 0 0 0 0 0 0 0 0 0 0 0 0 0 0 0 0 0 0 0 0 0 0 0 0 0 0 0 128.756 0 0 
0 0 1891.36 385.734 63.1124 0 0 0 0 0 0 0 0 0 0 0 0 0 0 0 0 0 0 0 0 0 0 0 0 0 0 0 0 0 0 0 0 0 0 0 0 0 0 0 0 0 0 0 0 0 0 0 0 0 0 0 0 0 0 0 65.5067 393.853 1887.24 0 0 
0 0 0 7106.92 1162.44 515.338 124.651 0 0 0 0 0 0 0 0 0 0 0 0 0 0 0 0 0 0 0 0 0 0 0 0 0 0 0 0 0 0 0 0 0 0 0 0 0 0 0 0 0 0 0 0 0 0 0 0 0 0 0 127.727 520.955 1160.48 7230.16 0 0 0 
0 0 0 34171.3 27056.4 6820.48 2580.04 1415.22 386.281 63.5205 0 0 0 0 0 0 0 0 0 0 0 0 0 0 0 0 0 0 0 0 0 0 0 0 0 0 0 0 0 0 0 0 0 0 0 0 0 0 0 0 0 0 0 0 0 63.8068 396.514 1438.21 2567.44 6933.71 27356.5 34040 0 0 0 
0 0 0 0 182427 96315 42609.8 16886.5 8538.86 4540.79 1879.2 502.434 126.713 0 0 0 0 0 0 0 0 0 0 0 0 0 0 0 0 0 0 0 0 0 0 0 0 0 0 0 0 0 0 0 0 0 0 0 0 0 0 0 131.7 520.794 1971.01 4740.08 8737.46 17447.1 43356.2 98242 185407 0 0 0 0 
0 0 0 0 424667 829923 408443 222211 121764 58622.1 33239 19805.7 9637.6 4327.29 1370.63 382.854 78.8159 0 0 0 0 0 0 0 16.3869 0 0 0 0 0 0 0 15.5079 0 0 0 0 0 0 0 15.821 0 0 0 0 0 0 0 83.2744 382.319 1419.42 4402.54 9595.87 19959.2 33661.4 59730.6 121838 225460 414546 828772 421387 0 0 0 0 
0 0 0 0 0 2.8664e+06 3.27812e+06 1.97182e+06 1.1528e+06 720936 422970 247084 152748 93155.1 54336.8 28612.2 13503.5 5797.05 2141.2 753.689 376.817 260.577 259.343 259.74 0 253.498 252.993 253.243 254.45 252.802 250.89 249.682 0 251.079 251.291 248.468 246.125 245.255 255.908 252.369 0 252.723 256.162 255.25 392.989 778.396 2177.8 5914 13763.3 29278.4 56043.5 94390.3 155244 251852 433835 726915 1.15506e+06 2.0078e+06 3.32851e+06 2.86829e+06 0 0 0 0 0 
0 0 0 0 0 3.82454e+06 1.46201e+07 1.35815e+07 9.37407e+06 6.15293e+06 4.02414e+06 2.71569e+06 1.77024e+06 1.1583e+06 763538 502914 325489 204179 118434 66541.8 36426.9 21057.9 13756 10771.1 11549.3 9513.3 9242.96 9191.81 9302.65 9269.73 9198.96 9266.11 10889.1 9184.91 9171.02 9095.22 9279.64 9151.48 9292.35 9703.08 11471.5 10537.6 13382.2 20956 35857 65703.5 118218 206063 328280 512113 778781 1.16017e+06 1.79505e+06 2.73844e+06 4.07879e+06 6.15183e+06 9.60995e+06 1.36565e+07 1.45142e+07 3.82176e+06 0 0 0 0 0 
0 0 0 0 0 0 3.03056e+07 6.38028e+07 5.74134e+07 4.31916e+07 3.14793e+07 2.23517e+07 1.58581e+07 1.15586e+07 8.24021e+06 5.84065e+06 4.17616e+06 2.9397e+06 2.07328e+06 1.44465e+06 997375 695014 490264 369110 285760 245141 227763 219877 213373 214996 213356 212427 199275 209747 212467 214239 216634 223552 230549 244981 283141 368067 493720 692211 1.00894e+06 1.43843e+06 2.06351e+06 2.8853e+06 4.10678e+06 5.71798e+06 8.18917e+06 1.15088e+07 1.6087e+07 2.26048e+07 3.17188e+07 4.35695e+07 5.75006e+07 6.36011e+07 3.03571e+07 0 0 0 0 0 0 
0 0 0 0 0 0 2.63167e+07 1.70723e+08 2.63496e+08 2.44296e+08 1.98404e+08 1.55148e+08 1.19018e+08 9.02042e+07 6.95109e+07 5.26833e+07 4.00596e+07 3.05925e+07 2.31883e+07 1.75452e+07 1.34316e+07 1.0588e+07 8.24249e+06 6.62305e+06 5.47497e+06 4.60511e+06 3.96031e+06 3.58003e+06 3.39913e+06 3.21259e+06 3.1862e+06 3.18817e+06 3.16592e+06 3.18574e+06 3.22543e+06 3.26423e+06 3.4178e+06 3.64749e+06 4.0008e+06 4.57062e+06 5.40896e+06 6.57776e+06 8.20421e+06 1.04696e+07 1.33792e+07 1.75168e+07 2.29691e+07 3.01604e+07 3.9652e+07 5.26528e+07 6.92256e+07 9.13697e+07 1.20549e+08 1.55473e+08 2.00899e+08 2.4612e+08 2.61014e+08 1.68759e+08 2.6314e+07 0 0 0 0 0 0 
0 0 0 0 0 0 0 2.32313e+08 7.88493e+08 1.0654e+09 1.04031e+09 8.96653e+08 7.44621e+08 6.08099e+08 4.8932e+08 3.93917e+08 3.16438e+08 2.53031e+08 2.04351e+08 1.65276e+08 1.32582e+08 1.08772e+08 9.0799e+07 7.64811e+07 6.485e+07 5.60583e+07 4.99385e+07 4.54266e+07 4.23392e+07 4.02079e+07 3.87741e+07 3.74257e+07 3.76069e+07 3.79147e+07 3.88402e+07 4.02602e+07 4.22862e+07 4.53004e+07 4.96554e+07 5.53999e+07 6.44715e+07 7.59863e+07 8.98194e+07 1.08747e+08 1.33583e+08 1.64923e+08 2.02815e+08 2.5201e+08 3.14568e+08 3.906e+08 4.89524e+08 6.0929e+08 7.46681e+08 9.09298e+08 1.04392e+09 1.06413e+09 7.81595e+08 2.33299e+08 0 0 0 0 0 0 0 
0 0 0 0 0 0 0 1.38583e+08 1.3796e+09 3.29226e+09 4.28323e+09 4.3529e+09 3.96188e+09 3.5039e+09 2.9677e+09 2.51466e+09 2.09304e+09 1.77265e+09 1.49803e+09 1.2606e+09 1.06607e+09 9.03283e+08 7.73709e+08 6.76888e+08 5.93298e+08 5.33659e+08 4.81374e+08 4.41099e+08 4.11582e+08 3.89192e+08 3.75034e+08 3.71612e+08 3.68949e+08 3.70554e+08 3.76431e+08 3.93865e+08 4.10499e+08 4.37575e+08 4.74144e+08 5.2552e+08 5.9667e+08 6.80411e+08 7.85494e+08 9.12197e+08 1.06701e+09 1.24924e+09 1.49269e+09 1.75253e+09 2.12836e+09 2.51925e+09 2.98648e+09 3.48493e+09 3.96901e+09 4.34437e+09 4.286e+09 3.27892e+09 1.37973e+09 1.39649e+08 0 0 0 0 0 0 0 
0 0 0 0 0 0 0 0 1.34444e+09 6.7026e+09 1.30911e+10 1.68418e+10 1.76672e+10 1.69877e+10 1.57224e+10 1.4001e+10 1.23145e+10 1.08233e+10 9.47992e+09 8.28504e+09 7.25084e+09 6.43503e+09 5.64505e+09 5.0477e+09 4.57101e+09 4.11579e+09 3.77794e+09 3.5415e+09 3.33788e+09 3.18251e+09 3.06269e+09 2.99003e+09 2.96272e+09 2.98542e+09 3.05389e+09 3.1572e+09 3.31909e+09 3.52987e+09 3.80791e+09 4.12826e+09 4.53423e+09 5.04729e+09 5.66169e+09 6.38224e+09 7.28878e+09 8.27862e+09 9.47862e+09 1.07334e+10 1.23658e+10 1.39461e+10 1.56353e+10 1.70501e+10 1.7735e+10 1.68216e+10 1.31545e+10 6.61181e+09 1.34776e+09 0 0 0 0 0 0 0 0 
0 0 0 0 0 0 0 0 5.82063e+08 8.31061e+09 2.83548e+10 5.02598e+10 6.49623e+10 7.06652e+10 7.12211e+10 6.80244e+10 6.36922e+10 5.77643e+10 5.24223e+10 4.76981e+10 4.26389e+10 3.92951e+10 3.57148e+10 3.29112e+10 3.02251e+10 2.77797e+10 2.5874e+10 2.44774e+10 2.34954e+10 2.23926e+10 2.16968e+10 2.0981e+10 2.10707e+10 2.10595e+10 2.14752e+10 2.21426e+10 2.31277e+10 2.43415e+10 2.57939e+10 2.75142e+10 2.98047e+10 3.26463e+10 3.58144e+10 3.93666e+10 4.31725e+10 4.7732e+10 5.25474e+10 5.81344e+10 6.2694e+10 6.72556e+10 7.04337e+10 7.06049e+10 6.47019e+10 5.02296e+10 2.83511e+10 8.38037e+09 5.87675e+08 0 0 0 0 0 0 0 0 
0 0 0 0 0 0 0 0 0 5.91504e+09 4.08979e+10 1.11346e+11 1.87236e+11 2.42294e+11 2.72088e+11 2.84455e+11 2.81589e+11 2.72618e+11 2.602e+11 2.44661e+11 2.2708e+11 2.122e+11 1.98285e+11 1.85401e+11 1.75478e+11 1.64908e+11 1.55601e+11 1.47414e+11 1.42523e+11 1.38935e+11 1.34322e+11 1.32481e+11 1.32266e+11 1.32211e+11 1.33903e+11 1.37048e+11 1.42298e+11 1.48794e+11 1.55456e+11 1.64656e+11 1.73673e+11 1.84219e+11 1.95875e+11 2.10588e+11 2.28383e+11 2.4319e+11 2.60012e+11 2.69262e+11 2.80767e+11 2.82197e+11 2.72262e+11 2.43723e+11 1.85165e+11 1.11601e+11 4.06636e+10 5.937e+09 0 0 0 0 0 0 0 0 0 
0 0 0 0 0 0 0 0 0 1.96025e+09 3.76828e+10 1.73108e+11 4.08547e+11 6.64813e+11 8.7523e+11 1.01773e+12 1.09813e+12 1.12783e+12 1.13396e+12 1.10739e+12 1.06797e+12 1.03362e+12 9.85916e+11 9.39467e+11 8.96177e+11 8.65172e+11 8.3325e+11 8.06141e+11 7.7734e+11 7.57191e+11 7.49686e+11 7.43636e+11 7.4391e+11 7.41979e+11 7.45449e+11 7.57806e+11 7.77598e+11 7.93099e+11 8.2442e+11 8.5536e+11 9.01824e+11 9.33025e+11 9.73882e+11 1.00787e+12 1.05434e+12 1.09305e+12 1.12165e+12 1.12458e+12 1.09092e+12 1.00881e+12 8.81323e+11 6.66241e+11 4.09377e+11 1.73336e+11 3.7731e+10 1.97172e+09 0 0 0 0 0 0 0 0 0 
0 0 0 0 0 0 0 0 0 0 2.06082e+10 1.87441e+11 6.7224e+11 1.45129e+12 2.3036e+12 3.0527e+12 3.66131e+12 4.05285e+12 4.29392e+12 4.41438e+12 4.46296e+12 4.45369e+12 4.40727e+12 4.30084e+12 4.18708e+12 4.09405e+12 3.99172e+12 3.90858e+12 3.80828e+12 3.75388e+12 3.72518e+12 3.69654e+12 3.69977e+12 3.69925e+12 3.69696e+12 3.73093e+12 3.78414e+12 3.85928e+12 3.9853e+12 4.06934e+12 4.17512e+12 4.26944e+12 4.35954e+12 4.42513e+12 4.4741e+12 4.42991e+12 4.3003e+12 4.01782e+12 3.65039e+12 3.07524e+12 2.28881e+12 1.44248e+12 6.71882e+11 1.86827e+11 2.06858e+10 0 0 0 0 0 0 0 0 0 0 
0 0 0 0 0 0 0 0 0 0 5.28051e+09 1.31329e+11 7.78746e+11 2.38542e+12 4.87492e+12 7.65578e+12 1.02645e+13 1.25827e+13 1.43577e+13 1.55904e+13 1.65266e+13 1.71341e+13 1.75285e+13 1.77126e+13 1.75821e+13 1.73074e+13 1.71863e+13 1.70383e+13 1.69672e+13 1.68267e+13 1.6728e+13 1.66737e+13 1.66187e+13 1.66733e+13 1.67614e+13 1.68122e+13 1.67753e+13 1.69549e+13 1.70197e+13 1.7316e+13 1.74311e+13 1.73908e+13 1.70941e+13 1.67909e+13 1.64271e+13 1.5555e+13 1.42727e+13 1.24844e+13 1.0245e+13 7.58564e+12 4.8199e+12 2.37846e+12 7.87968e+11 1.31333e+11 5.32011e+09 0 0 0 0 0 0 0 0 0 0 
0 0 0 0 0 0 0 0 0 0 0 5.62209e+10 6.50061e+11 2.9241e+12 7.98793e+12 1.5417e+13 2.42217e+13 3.33516e+13 4.1431e+13 4.81406e+13 5.35724e+13 5.87917e+13 6.21235e+13 6.40718e+13 6.53979e+13 6.68527e+13 6.77255e+13 6.74389e+13 6.78879e+13 6.84234e+13 6.82005e+13 6.80123e+13 6.80158e+13 6.77091e+13 6.79957e+13 6.7643e+13 6.75757e+13 6.71567e+13 6.69395e+13 6.59576e+13 6.51583e+13 6.33468e+13 6.0987e+13 5.79442e+13 5.34451e+13 4.82102e+13 4.10452e+13 3.30871e+13 2.41226e+13 1.53162e+13 7.91984e+12 2.956e+12 6.43748e+11 5.64393e+10 0 0 0 0 0 0 0 0 0 0 0 
0 0 0 0 0 0 0 0 0 0 0 1.16202e+10 3.56651e+11 2.65172e+12 1.00005e+13 2.49681e+13 4.71297e+13 7.38743e+13 1.01666e+14 1.29891e+14 1.54067e+14 1.76108e+14 1.94362e+14 2.08354e+14 2.20407e+14 2.29275e+14 2.36245e+14 2.42977e+14 2.45885e+14 2.48911e+14 2.50131e+14 2.50716e+14 2.50307e+14 2.50721e+14 2.49917e+14 2.4849e+14 2.44014e+14 2.42171e+14 2.37174e+14 2.28465e+14 2.19912e+14 2.07931e+14 1.92949e+14 1.74066e+14 1.53018e+14 1.28766e+14 1.02146e+14 7.34373e+13 4.66322e+13 2.48411e+13 1.00898e+13 2.64468e+12 3.55671e+11 1.15733e+10 0 0 0 0 0 0 0 0 0 0 0 
0 0 0 0 0 0 0 0 0 0 0 0 1.22598e+11 1.71774e+12 9.51377e+12 3.15116e+13 7.39555e+13 1.3615e+14 2.12891e+14 2.98443e+14 3.85152e+14 4.64899e+14 5.41096e+14 6.06763e+14 6.63311e+14 7.12434e+14 7.50797e+14 7.79399e+14 8.01662e+14 8.1706e+14 8.32904e+14 8.45303e+14 8.4603e+14 8.40934e+14 8.32208e+14 8.19182e+14 8.02748e+14 7.78428e+14 7.47806e+14 7.0993e+14 6.61608e+14 6.05806e+14 5.36939e+14 4.65359e+14 3.79467e+14 2.97459e+14 2.12176e+14 1.35084e+14 7.37328e+13 3.15885e+13 9.57569e+12 1.71251e+12 1.22505e+11 0 0 0 0 0 0 0 0 0 0 0 0 
0 0 0 0 0 0 0 0 0 0 0 0 2.06638e+10 7.61844e+11 6.78029e+12 3.09759e+13 9.24377e+13 2.05362e+14 3.72502e+14 5.86647e+14 8.20952e+14 1.06896e+15 1.31627e+15 1.55855e+15 1.77075e+15 1.96713e+15 2.12747e+15 2.25171e+15 2.35399e+15 2.43504e+15 2.49644e+15 2.5361e+15 2.54439e+15 2.53574e+15 2.49197e+15 2.42001e+15 2.35763e+15 2.25045e+15 2.1113e+15 1.95887e+15 1.76538e+15 1.54987e+15 1.31587e+15 1.06436e+15 8.23174e+14 5.78015e+14 3.71005e+14 2.04791e+14 9.27059e+13 3.11898e+13 6.78803e+12 7.55493e+11 2.06083e+10 0 0 0 0 0 0 0 0 0 0 0 0 
0 0 0 0 0 0 0 0 0 0 0 0 0 2.15268e+11 3.53643e+12 2.33934e+13 9.12244e+13 2.53118e+14 5.41486e+14 9.62238e+14 1.51248e+15 2.13014e+15 2.81515e+15 3.50433e+15 4.16199e+15 4.7932e+15 5.35837e+15 5.83664e+15 6.21439e+15 6.50546e+15 6.69418e+15 6.85505e+15 6.92592e+15 6.8644e+15 6.73667e+15 6.51749e+15 6.17536e+15 5.80163e+15 5.34942e+15 4.78743e+15 4.14712e+15 3.49928e+15 2.8038e+15 2.14171e+15 1.49393e+15 9.59283e+14 5.38722e+14 2.53388e+14 9.15296e+13 2.33817e+13 3.51799e+12 2.15297e+11 0 0 0 0 0 0 0 0 0 0 0 0 0 
0 0 0 0 0 0 0 0 0 0 0 0 0 3.04953e+10 1.28076e+12 1.34178e+13 7.13635e+13 2.475e+14 6.40176e+14 1.32907e+15 2.32944e+15 3.64686e+15 5.20226e+15 6.88588e+15 8.62374e+15 1.0328e+16 1.19428e+16 1.33558e+16 1.45185e+16 1.55034e+16 1.62304e+16 1.66205e+16 1.67893e+16 1.67048e+16 1.60536e+16 1.53829e+16 1.44578e+16 1.32994e+16 1.18655e+16 1.02538e+16 8.61727e+15 6.84119e+15 5.18569e+15 3.63076e+15 2.31445e+15 1.32752e+15 6.38938e+14 2.48933e+14 7.14021e+13 1.33904e+13 1.27507e+12 3.01221e+10 0 0 0 0 0 0 0 0 0 0 0 0 0 
0 0 0 0 0 0 0 0 0 0 0 0 0 0 3.03407e+11 5.62845e+12 4.31698e+13 1.94985e+14 6.19746e+14 1.51154e+15 3.04526e+15 5.30134e+15 8.20192e+15 1.17359e+16 1.55445e+16 1.94842e+16 2.3419e+16 2.69972e+16 3.00366e+16 3.26465e+16 3.45648e+16 3.57822e+16 3.63423e+16 3.57201e+16 3.44721e+16 3.25756e+16 3.00664e+16 2.70175e+16 2.34282e+16 1.94604e+16 1.55226e+16 1.16865e+16 8.17951e+15 5.25244e+15 3.04849e+15 1.51308e+15 6.22399e+14 1.95185e+14 4.33021e+13 5.67719e+12 3.01091e+11 0 0 0 0 0 0 0 0 0 0 0 0 0 0 
0 0 0 0 0 0 0 0 0 0 0 0 0 0 3.62775e+10 1.72935e+12 2.02659e+13 1.22625e+14 4.86778e+14 1.42502e+15 3.32475e+15 6.49286e+15 1.11137e+16 1.71524e+16 2.43721e+16 3.21442e+16 4.03109e+16 4.83285e+16 5.51802e+16 6.09084e+16 6.56392e+16 6.839e+16 6.95897e+16 6.87428e+16 6.55326e+16 6.1382e+16 5.56372e+16 4.83294e+16 4.04878e+16 3.21623e+16 2.42837e+16 1.70744e+16 1.11276e+16 6.48937e+15 3.30624e+15 1.42577e+15 4.88368e+14 1.22925e+14 2.03717e+13 1.7177e+12 3.62028e+10 0 0 0 0 0 0 0 0 0 0 0 0 0 0 
0 0 0 0 0 0 0 0 0 0 0 0 0 0 0 3.46082e+11 7.17583e+12 6.12798e+13 3.08639e+14 1.10239e+15 3.01607e+15 6.72774e+15 1.28091e+16 2.15536e+16 3.28088e+16 4.61621e+16 6.08858e+16 7.52423e+16 8.87862e+16 1.00853e+17 1.09748e+17 1.15369e+17 1.17553e+17 1.1581e+17 1.10117e+17 1.01068e+17 8.90272e+16 7.52985e+16 6.04343e+16 4.61895e+16 3.27831e+16 2.15496e+16 1.27682e+16 6.71204e+15 3.03185e+15 1.1027e+15 3.0909e+14 6.15298e+13 7.18185e+12 3.44563e+11 0 0 0 0 0 0 0 0 0 0 0 0 0 0 0 
0 0 0 0 0 0 0 0 0 0 0 0 0 0 0 3.57883e+10 1.84891e+12 2.39481e+13 1.60116e+14 6.99295e+14 2.26659e+15 5.8216e+15 1.24648e+16 2.30836e+16 3.81762e+16 5.72192e+16 7.90733e+16 1.02705e+17 1.25713e+17 1.46094e+17 1.62125e+17 1.71851e+17 1.75432e+17 1.72047e+17 1.61566e+17 1.45452e+17 1.24935e+17 1.02517e+17 7.89823e+16 5.70891e+16 3.82017e+16 2.30496e+16 1.24875e+16 5.86235e+15 2.28327e+15 7.09394e+14 1.61353e+14 2.39752e+13 1.85127e+12 3.57562e+10 0 0 0 0 0 0 0 0 0 0 0 0 0 0 0 
0 0 0 0 0 0 0 0 0 0 0 0 0 0 0 0 3.20663e+11 7.20473e+12 6.69135e+13 3.69045e+14 1.43066e+15 4.27246e+15 1.02895e+16 2.11271e+16 3.80656e+16 6.12927e+16 8.93455e+16 1.21355e+17 1.54674e+17 1.84205e+17 2.08118e+17 2.24482e+17 2.29054e+17 2.23866e+17 2.07685e+17 1.82751e+17 1.5403e+17 1.21066e+17 8.95566e+16 6.11436e+16 3.78448e+16 2.1176e+16 1.03537e+16 4.26685e+15 1.44471e+15 3.70158e+14 6.70946e+13 7.19836e+12 3.21214e+11 0 0 0 0 0 0 0 0 0 0 0 0 0 0 0 0 
0 0 0 0 0 0 0 0 0 0 0 0 0 0 0 0 2.92973e+10 1.60134e+12 2.2202e+13 1.59841e+14 7.55444e+14 2.61866e+15 7.25344e+15 1.65063e+16 3.24529e+16 5.61999e+16 8.75083e+16 1.2456e+17 1.64282e+17 2.03007e+17 2.34249e+17 2.54652e+17 2.6244e+17 2.54292e+17 2.33373e+17 2.02976e+17 1.64307e+17 1.24728e+17 8.74158e+16 5.61422e+16 3.25186e+16 1.65927e+16 7.25587e+15 2.66172e+15 7.58414e+14 1.60666e+14 2.22789e+13 1.60809e+12 2.91183e+10 0 0 0 0 0 0 0 0 0 0 0 0 0 0 0 0 
0 0 0 0 0 0 0 0 0 0 0 0 0 0 0 0 0 2.43879e+11 5.73996e+12 5.63002e+13 3.32741e+14 1.37577e+15 4.34505e+15 1.10553e+16 2.37037e+16 4.45372e+16 7.46176e+16 1.11633e+17 1.53633e+17 1.94723e+17 2.29937e+17 2.52566e+17 2.60191e+17 2.51851e+17 2.29796e+17 1.94655e+17 1.53142e+17 1.116e+17 7.42848e+16 4.47151e+16 2.38897e+16 1.11236e+16 4.34788e+15 1.37642e+15 3.3512e+14 5.68726e+13 5.76505e+12 2.42185e+11 0 0 0 0 0 0 0 0 0 0 0 0 0 0 0 0 0 
0 0 0 0 0 0 0 0 0 0 0 0 0 0 0 0 0 2.00597e+10 1.12989e+12 1.62078e+13 1.2155e+14 6.05753e+14 2.22049e+15 6.3956e+15 1.51302e+16 3.06871e+16 5.46753e+16 8.69073e+16 1.23945e+17 1.62343e+17 1.95613e+17 2.19193e+17 2.27101e+17 2.19177e+17 1.96612e+17 1.63023e+17 1.24484e+17 8.67413e+16 5.48803e+16 3.08081e+16 1.51304e+16 6.4107e+15 2.21364e+15 6.06816e+14 1.23029e+14 1.61935e+13 1.12639e+12 1.98741e+10 0 0 0 0 0 0 0 0 0 0 0 0 0 0 0 0 0 
0 0 0 0 0 0 0 0 0 0 0 0 0 0 0 0 0 0 1.52524e+11 3.67853e+12 3.7127e+13 2.27284e+14 9.69029e+14 3.16446e+15 8.3004e+15 1.84391e+16 3.5006e+16 5.87825e+16 8.80496e+16 1.19006e+17 1.4722e+17 1.66642e+17 1.74066e+17 1.67154e+17 1.47969e+17 1.19694e+17 8.86017e+16 5.91977e+16 3.53228e+16 1.84794e+16 8.39908e+15 3.17377e+15 9.70414e+14 2.2696e+14 3.73457e+13 3.69217e+12 1.51418e+11 0 0 0 0 0 0 0 0 0 0 0 0 0 0 0 0 0 0 
0 0 0 0 0 0 0 0 0 0 0 0 0 0 0 0 0 0 1.15371e+10 6.37434e+11 9.30289e+12 7.16885e+13 3.65907e+14 1.36217e+15 4.00719e+15 9.61258e+15 1.9721e+16 3.51357e+16 5.50384e+16 7.70856e+16 9.7389e+16 1.12248e+17 1.17362e+17 1.1225e+17 9.75184e+16 7.7339e+16 5.51125e+16 3.51812e+16 1.97782e+16 9.66322e+15 4.0215e+15 1.36119e+15 3.64133e+14 7.21281e+13 9.32763e+12 6.36256e+11 1.14574e+10 0 0 0 0 0 0 0 0 0 0 0 0 0 0 0 0 0 0 
0 0 0 0 0 0 0 0 0 0 0 0 0 0 0 0 0 0 0 7.7873e+10 1.88376e+12 1.90716e+13 1.17976e+14 5.07794e+14 1.67124e+15 4.42099e+15 9.75219e+15 1.83535e+16 3.01365e+16 4.37584e+16 5.70587e+16 6.63445e+16 6.99387e+16 6.64787e+16 5.69531e+16 4.39191e+16 3.02917e+16 1.84096e+16 9.8256e+15 4.44224e+15 1.66841e+15 5.06427e+14 1.17728e+14 1.90427e+13 1.88781e+12 7.81738e+10 0 0 0 0 0 0 0 0 0 0 0 0 0 0 0 0 0 0 0 
0 0 0 0 0 0 0 0 0 0 0 0 0 0 0 0 0 0 0 5.61143e+09 2.94733e+11 4.24422e+12 3.25809e+13 1.649e+14 6.14294e+14 1.79869e+15 4.24436e+15 8.59169e+15 1.48326e+16 2.22469e+16 2.94788e+16 3.50026e+16 3.68774e+16 3.49254e+16 2.95625e+16 2.22053e+16 1.47825e+16 8.58687e+15 4.27615e+15 1.79166e+15 6.11126e+14 1.65312e+14 3.28031e+13 4.27472e+12 2.96876e+11 5.63819e+09 0 0 0 0 0 0 0 0 0 0 0 0 0 0 0 0 0 0 0 
0 0 0 0 0 0 0 0 0 0 0 0 0 0 0 0 0 0 0 0 3.29748e+10 7.73431e+11 7.72595e+12 4.67256e+13 1.9889e+14 6.41269e+14 1.66859e+15 3.54819e+15 6.4298e+15 1.00184e+16 1.36162e+16 1.63989e+16 1.74802e+16 1.65063e+16 1.3759e+16 1.00106e+16 6.43352e+15 3.56169e+15 1.65936e+15 6.42289e+14 2.00285e+14 4.69463e+13 7.75333e+12 7.82013e+11 3.31192e+10 0 0 0 0 0 0 0 0 0 0 0 0 0 0 0 0 0 0 0 0 
0 0 0 0 0 0 0 0 0 0 0 0 0 0 0 0 0 0 0 0 2.40858e+09 1.11553e+11 1.54316e+12 1.14981e+13 5.6401e+13 2.02996e+14 5.7997e+14 1.31805e+15 2.52809e+15 4.1188e+15 5.71374e+15 6.94935e+15 7.41908e+15 6.95884e+15 5.69697e+15 4.08119e+15 2.51386e+15 1.31914e+15 5.78803e+14 2.05509e+14 5.66455e+13 1.15895e+13 1.54629e+12 1.1277e+11 2.39273e+09 0 0 0 0 0 0 0 0 0 0 0 0 0 0 0 0 0 0 0 0 
0 0 0 0 0 0 0 0 0 0 0 0 0 0 0 0 0 0 0 0 0 1.17924e+10 2.58657e+11 2.45075e+12 1.42504e+13 5.80878e+13 1.77478e+14 4.41921e+14 8.85749e+14 1.49669e+15 2.15724e+15 2.66836e+15 2.86388e+15 2.67092e+15 2.15253e+15 1.49927e+15 8.8037e+14 4.40157e+14 1.79642e+14 5.80991e+13 1.44308e+13 2.45966e+12 2.60798e+11 1.183e+10 0 0 0 0 0 0 0 0 0 0 0 0 0 0 0 0 0 0 0 0 0 
0 0 0 0 0 0 0 0 0 0 0 0 0 0 0 0 0 0 0 0 0 9.26554e+08 3.54141e+10 4.5563e+11 3.15657e+12 1.46883e+13 5.03143e+13 1.32083e+14 2.83929e+14 4.98291e+14 7.42983e+14 9.34916e+14 1.01306e+15 9.3656e+14 7.43875e+14 4.98273e+14 2.8601e+14 1.33801e+14 5.05838e+13 1.48438e+13 3.19529e+12 4.56625e+11 3.53328e+10 9.16204e+08 0 0 0 0 0 0 0 0 0 0 0 0 0 0 0 0 0 0 0 0 0 
0 0 0 0 0 0 0 0 0 0 0 0 0 0 0 0 0 0 0 0 0 0 3.64511e+09 7.10684e+10 6.24141e+11 3.35167e+12 1.28032e+13 3.668e+13 8.26989e+13 1.52139e+14 2.32575e+14 2.9873e+14 3.2339e+14 2.9882e+14 2.34337e+14 1.53788e+14 8.36971e+13 3.67345e+13 1.28144e+13 3.37731e+12 6.28741e+11 7.15675e+10 3.61498e+09 0 0 0 0 0 0 0 0 0 0 0 0 0 0 0 0 0 0 0 0 0 0 
0 0 0 0 0 0 0 0 0 0 0 0 0 0 0 0 0 0 0 0 0 0 3.24792e+08 9.38823e+09 1.07085e+11 6.83982e+11 2.9388e+12 9.15351e+12 2.21403e+13 4.25779e+13 6.67989e+13 8.79195e+13 9.64309e+13 8.81908e+13 6.75848e+13 4.28594e+13 2.2036e+13 9.19434e+12 2.93284e+12 6.93589e+11 1.07535e+11 9.42159e+09 3.21443e+08 0 0 0 0 0 0 0 0 0 0 0 0 0 0 0 0 0 0 0 0 0 0 
0 0 0 0 0 0 0 0 0 0 0 0 0 0 0 0 0 0 0 0 0 0 0 9.58666e+08 1.62066e+10 1.26229e+11 6.16691e+11 2.11283e+12 5.43261e+12 1.10807e+13 1.78391e+13 2.38532e+13 2.63662e+13 2.39924e+13 1.79071e+13 1.09849e+13 5.47433e+12 2.11453e+12 6.17416e+11 1.27571e+11 1.63575e+10 9.46734e+08 0 0 0 0 0 0 0 0 0 0 0 0 0 0 0 0 0 0 0 0 0 0 0 
0 0 0 0 0 0 0 0 0 0 0 0 0 0 0 0 0 0 0 0 0 0 0 1.05218e+08 2.18605e+09 2.09239e+10 1.18156e+11 4.51413e+11 1.24726e+12 2.65095e+12 4.47298e+12 6.0689e+12 6.74703e+12 6.09305e+12 4.47271e+12 2.65106e+12 1.24232e+12 4.47853e+11 1.18885e+11 2.08436e+10 2.17992e+09 1.05202e+08 0 0 0 0 0 0 0 0 0 0 0 0 0 0 0 0 0 0 0 0 0 0 0 
0 0 0 0 0 0 0 0 0 0 0 0 0 0 0 0 0 0 0 0 0 0 0 0 2.25098e+08 3.17925e+09 2.0656e+10 8.79238e+10 2.63721e+11 5.93971e+11 1.03542e+12 1.44618e+12 1.62031e+12 1.45671e+12 1.04682e+12 5.9468e+11 2.66267e+11 8.89854e+10 2.08901e+10 3.17793e+09 2.22962e+08 0 0 0 0 0 0 0 0 0 0 0 0 0 0 0 0 0 0 0 0 0 0 0 0 
0 0 0 0 0 0 0 0 0 0 0 0 0 0 0 0 0 0 0 0 0 0 0 0 3.14655e+07 4.44912e+08 3.4279e+09 1.63243e+10 5.29697e+10 1.26507e+11 2.30347e+11 3.25791e+11 3.6668e+11 3.23424e+11 2.26656e+11 1.27223e+11 5.32224e+10 1.64061e+10 3.42547e+09 4.43582e+08 3.19474e+07 0 0 0 0 0 0 0 0 0 0 0 0 0 0 0 0 0 0 0 0 0 0 0 0 
0 0 0 0 0 0 0 0 0 0 0 0 0 0 0 0 0 0 0 0 0 0 0 0 0 4.51836e+07 5.34895e+08 2.88329e+09 1.01224e+10 2.54783e+10 4.81709e+10 6.95197e+10 7.89455e+10 6.99626e+10 4.83915e+10 2.57269e+10 1.02581e+10 2.86685e+09 5.3558e+08 4.53148e+07 0 0 0 0 0 0 0 0 0 0 0 0 0 0 0 0 0 0 0 0 0 0 0 0 0 
0 0 0 0 0 0 0 0 0 0 0 0 0 0 0 0 0 0 0 0 0 0 0 0 0 8.57799e+06 8.12747e+07 4.72621e+08 1.88233e+09 5.01496e+09 9.86491e+09 1.45653e+10 1.65626e+10 1.45978e+10 9.75713e+09 4.99177e+09 1.8831e+09 4.71956e+08 8.07854e+07 8.62637e+06 0 0 0 0 0 0 0 0 0 0 0 0 0 0 0 0 0 0 0 0 0 0 0 0 0 
0 0 0 0 0 0 0 0 0 0 0 0 0 0 0 0 0 0 0 0 0 0 0 0 0 0 7.82685e+06 8.15805e+07 3.38513e+08 9.53074e+08 1.97555e+09 2.93293e+09 3.3914e+09 2.95271e+09 1.94844e+09 9.41308e+08 3.36626e+08 8.08924e+07 7.82182e+06 0 0 0 0 0 0 0 0 0 0 0 0 0 0 0 0 0 0 0 0 0 0 0 0 0 0 
0 0 0 0 0 0 0 0 0 0 0 0 0 0 0 0 0 0 0 0 0 0 0 0 0 0 2.05017e+06 1.28241e+07 5.63022e+07 1.85459e+08 3.81222e+08 5.96685e+08 6.78497e+08 5.95199e+08 3.75805e+08 1.83603e+08 5.60778e+07 1.27756e+07 2.07567e+06 0 0 0 0 0 0 0 0 0 0 0 0 0 0 0 0 0 0 0 0 0 0 0 0 0 0 
0 0 0 0 0 0 0 0 0 0 0 0 0 0 0 0 0 0 0 0 0 0 0 0 0 0 0 1.0713e+06 1.07546e+07 3.24779e+07 7.27263e+07 1.18688e+08 1.34428e+08 1.17149e+08 7.27463e+07 3.24426e+07 1.07652e+07 1.10041e+06 0 0 0 0 0 0 0 0 0 0 0 0 0 0 0 0 0 0 0 0 0 0 0 0 0 0 0 
0 0 0 0 0 0 0 0 0 0 0 0 0 0 0 0 0 0 0 0 0 0 0 0 0 0 0 422811 1.67135e+06 5.51017e+06 1.51005e+07 2.20969e+07 2.84665e+07 2.21324e+07 1.4791e+07 5.5051e+06 1.69202e+06 426667 0 0 0 0 0 0 0 0 0 0 0 0 0 0 0 0 0 0 0 0 0 0 0 0 0 0 0 
0 0 0 0 0 0 0 0 0 0 0 0 0 0 0 0 0 0 0 0 0 0 0 0 0 0 0 0 111806 1.24802e+06 2.38072e+06 4.61446e+06 5.10343e+06 4.63248e+06 2.35334e+06 1.23486e+06 113725 0 0 0 0 0 0 0 0 0 0 0 0 0 0 0 0 0 0 0 0 0 0 0 0 0 0 0 0 
0 0 0 0 0 0 0 0 0 0 0 0 0 0 0 0 0 0 0 0 0 0 0 0 0 0 0 0 72612.9 166995 454331 955814 928142 943736 449963 168513 73350.3 0 0 0 0 0 0 0 0 0 0 0 0 0 0 0 0 0 0 0 0 0 0 0 0 0 0 0 0 
0 0 0 0 0 0 0 0 0 0 0 0 0 0 0 0 0 0 0 0 0 0 0 0 0 0 0 0 0 7522.28 114888 111249 239581 109524 115495 7671.51 0 0 0 0 0 0 0 0 0 0 0 0 0 0 0 0 0 0 0 0 0 0 0 0 0 0 0 0 0 
0 0 0 0 0 0 0 0 0 0 0 0 0 0 0 0 0 0 0 0 0 0 0 0 0 0 0 0 0 9800.31 11359.2 31975.8 37613 32263.4 11301.7 9735.02 0 0 0 0 0 0 0 0 0 0 0 0 0 0 0 0 0 0 0 0 0 0 0 0 0 0 0 0 0 
0 0 0 0 0 0 0 0 0 0 0 0 0 0 0 0 0 0 0 0 0 0 0 0 0 0 0 0 0 0 247.105 7539.7 2028.99 7578.68 257.143 0 0 0 0 0 0 0 0 0 0 0 0 0 0 0 0 0 0 0 0 0 0 0 0 0 0 0 0 0 0 
0 0 0 0 0 0 0 0 0 0 0 0 0 0 0 0 0 0 0 0 0 0 0 0 0 0 0 0 0 0 979.743 376.333 1909.92 381.589 972.573 0 0 0 0 0 0 0 0 0 0 0 0 0 0 0 0 0 0 0 0 0 0 0 0 0 0 0 0 0 0 
0 0 0 0 0 0 0 0 0 0 0 0 0 0 0 0 0 0 0 0 0 0 0 0 0 0 0 0 0 0 0 0 254.201 0 0 0 0 0 0 0 0 0 0 0 0 0 0 0 0 0 0 0 0 0 0 0 0 0 0 0 0 0 0 0 0 
0 0 0 0 0 0 0 0 0 0 0 0 0 0 0 0 0 0 0 0 0 0 0 0 0 0 0 0 0 0 0 63.6554 0 63.4577 0 0 0 0 0 0 0 0 0 0 0 0 0 0 0 0 0 0 0 0 0 0 0 0 0 0 0 0 0 0 0 
0 0 0 0 0 0 0 0 0 0 0 0 0 0 0 0 0 0 0 0 0 0 0 0 0 0 0 0 0 0 0 0 0 0 0 0 0 0 0 0 0 0 0 0 0 0 0 0 0 0 0 0 0 0 0 0 0 0 0 0 0 0 0 0 0 
0 0 0 0 0 0 0 0 0 0 0 0 0 0 0 0 0 0 0 0 0 0 0 0 0 0 0 0 0 0 0 0 2.05359 0 0 0 0 0 0 0 0 0 0 0 0 0 0 0 0 0 0 0 0 0 0 0 0 0 0 0 0 0 0 0 0 
