1 0 0 0 0 0 0 0 0 0 0 0 0 0 0 0 0 0 0 0 0 0 0 0 0 0 0 0 0 0 0 0 0 0 0 0 0 0 0 0 0 0 0 0 0 0 0 0 0 0 0 0 0 0 0 0 0 0 0 0 0 0 0 0 1 
0 0 0 0 0 0 0 0 0 0 0 0 0 0 0 0 0 0 0 0 0 0 0 0 0 0 0 0 0 0 0 0 0 0 0 0 0 0 0 0 0 0 0 0 0 0 0 0 0 0 0 0 0 0 0 0 0 0 0 0 0 0 0 0 0 
0 64 0 0 0 0 0 0 0 0 0 0 0 0 0 0 0 0 0 0 0 0 0 0 0 0 0 0 0 0 0 0 0 0 0 0 0 0 0 0 0 0 0 0 0 0 0 0 0 0 0 0 0 0 0 0 0 0 0 0 0 0 0 64 0 
0 0 123.9 0 0 0 0 0 0 0 0 0 0 0 0 0 0 0 0 0 0 0 0 0 0 0 0 0 0 0 0 0 0 0 0 0 0 0 0 0 0 0 0 0 0 0 0 0 0 0 0 0 0 0 0 0 0 0 0 0 0 0 123.815 0 0 
0 0 1892.1 381.434 62.9307 0 0 0 0 0 0 0 0 0 0 0 0 0 0 0 0 0 0 0 0 0 0 0 0 0 0 0 0 0 0 0 0 0 0 0 0 0 0 0 0 0 0 0 0 0 0 0 0 0 0 0 0 0 0 0 64.5025 383.083 1892.19 0 0 
0 0 0 6960.28 1147.56 513.695 124.608 0 0 0 0 0 0 0 0 0 0 0 0 0 0 0 0 0 0 0 0 0 0 0 0 0 0 0 0 0 0 0 0 0 0 0 0 0 0 0 0 0 0 0 0 0 0 0 0 0 0 0 129.617 514.724 1168.03 7178.49 0 0 0 
0 0 0 34322.3 27561.1 6861.03 2489.43 1407.11 383.936 64.0598 0 0 0 0 0 0 0 0 0 0 0 0 0 0 0 0 0 0 0 0 0 0 0 0 0 0 0 0 0 0 0 0 0 0 0 0 0 0 0 0 0 0 0 0 0 63.6138 387.691 1399.33 2546.65 6833.35 27778.4 34102.4 0 0 0 
0 0 0 0 182092 97035.2 42495.1 17002.9 8695.91 4689.52 1962.27 509.469 129.092 0 0 0 0 0 0 0 0 0 0 0 0 0 0 0 0 0 0 0 0 0 0 0 0 0 0 0 0 0 0 0 0 0 0 0 0 0 0 0 130.364 520.419 1926.57 4583.94 8597.51 17295.4 43424.7 98136.5 182872 0 0 0 0 
0 0 0 0 424513 836739 412804 223719 121589 60452.6 34464.1 20089.9 9724.58 4319.61 1402.01 386.216 78.432 0 0 0 0 0 0 0 15.8614 0 0 0 0 0 0 0 16.0065 0 0 0 0 0 0 0 15.9517 0 0 0 0 0 0 0 80.7552 385.552 1404.79 4458.69 9787.15 19713.4 33896.2 59432.3 120869 220433 414740 834840 423493 0 0 0 0 
0 0 0 0 0 2.85328e+06 3.29224e+06 1.98012e+06 1.14579e+06 725017 437107 255484 157747 94104.6 56445.5 29147.2 13920.8 5887.32 2123.46 759.62 377.709 258.375 253.592 255.994 0 255.615 254.752 255.455 252.358 255.1 258.37 254.671 0 250.508 252.783 256.296 252.258 254.673 255.331 261.82 0 251.448 255.281 257.681 386.067 790.199 2218.62 6007.09 14100.2 29603.5 56037.3 96443.7 155432 253648 429146 726504 1.13513e+06 1.98307e+06 3.33343e+06 2.85995e+06 0 0 0 0 0 
0 0 0 0 0 3.83009e+06 1.4664e+07 1.34589e+07 9.40106e+06 6.13989e+06 4.04136e+06 2.71402e+06 1.79103e+06 1.1721e+06 779304 512843 327375 203403 120632 67031.7 36250.4 20892.6 13610.4 10746 11611.5 9716.65 9442.52 9302.5 9477.03 9348.58 9448.15 9584.9 11372.2 9448.32 9302.5 9183.63 9199.1 9098.33 9165.06 9629.16 11643.6 10821 13702.1 20994.8 37179.5 67723.1 121715 206089 328436 514659 771782 1.1707e+06 1.79427e+06 2.67153e+06 4.03325e+06 6.19013e+06 9.37264e+06 1.33501e+07 1.45071e+07 3.82424e+06 0 0 0 0 0 
0 0 0 0 0 0 3.02645e+07 6.45421e+07 5.81084e+07 4.33403e+07 3.21092e+07 2.28572e+07 1.63339e+07 1.15297e+07 8.1514e+06 5.82316e+06 4.13918e+06 2.91304e+06 2.08291e+06 1.44694e+06 1.00301e+06 699634 491952 365494 283788 248042 230752 225865 220076 220905 216068 212570 205795 211585 214085 216333 216510 221479 229371 244066 277505 361864 497029 706527 1.01171e+06 1.46017e+06 2.08838e+06 2.93898e+06 4.15856e+06 5.82595e+06 8.21339e+06 1.16639e+07 1.58836e+07 2.25316e+07 3.15416e+07 4.3232e+07 5.69195e+07 6.30749e+07 3.01718e+07 0 0 0 0 0 0 
0 0 0 0 0 0 2.62957e+07 1.68955e+08 2.63271e+08 2.46022e+08 2.01236e+08 1.59786e+08 1.20312e+08 9.08749e+07 6.96151e+07 5.18317e+07 4.00958e+07 3.05767e+07 2.33557e+07 1.76558e+07 1.35613e+07 1.05707e+07 8.28116e+06 6.71002e+06 5.51108e+06 4.64411e+06 4.03267e+06 3.63727e+06 3.4894e+06 3.31153e+06 3.29702e+06 3.24215e+06 3.22291e+06 3.21587e+06 3.27601e+06 3.28931e+06 3.40965e+06 3.64684e+06 4.03482e+06 4.60036e+06 5.41915e+06 6.58163e+06 8.28377e+06 1.05665e+07 1.37619e+07 1.7927e+07 2.34587e+07 3.0532e+07 4.02421e+07 5.2498e+07 6.91422e+07 9.07753e+07 1.19782e+08 1.55271e+08 1.98662e+08 2.46034e+08 2.58231e+08 1.68531e+08 2.65013e+07 0 0 0 0 0 0 
0 0 0 0 0 0 0 2.33534e+08 7.87124e+08 1.07855e+09 1.05111e+09 9.13745e+08 7.61889e+08 6.17006e+08 4.91356e+08 3.95771e+08 3.13858e+08 2.52342e+08 2.04981e+08 1.66066e+08 1.34834e+08 1.10288e+08 9.15888e+07 7.60002e+07 6.51038e+07 5.70153e+07 5.02735e+07 4.57538e+07 4.26338e+07 4.08882e+07 3.94159e+07 3.80724e+07 3.70464e+07 3.75377e+07 3.8788e+07 4.02992e+07 4.27032e+07 4.56369e+07 4.99548e+07 5.56457e+07 6.34719e+07 7.59158e+07 9.00142e+07 1.0931e+08 1.35172e+08 1.67659e+08 2.06991e+08 2.54211e+08 3.16385e+08 3.93812e+08 4.92491e+08 6.09957e+08 7.49713e+08 9.04005e+08 1.0491e+09 1.06269e+09 7.80113e+08 2.3348e+08 0 0 0 0 0 0 0 
0 0 0 0 0 0 0 1.38505e+08 1.38199e+09 3.30245e+09 4.27415e+09 4.34786e+09 4.02652e+09 3.50918e+09 3.00721e+09 2.52604e+09 2.11762e+09 1.78108e+09 1.49219e+09 1.27184e+09 1.08109e+09 9.21892e+08 7.92673e+08 6.90592e+08 5.94064e+08 5.36555e+08 4.8199e+08 4.43585e+08 4.19134e+08 3.96569e+08 3.79914e+08 3.71319e+08 3.72507e+08 3.75663e+08 3.78437e+08 3.97584e+08 4.12355e+08 4.42352e+08 4.7803e+08 5.3008e+08 5.9876e+08 6.80895e+08 7.83576e+08 9.179e+08 1.07894e+09 1.27745e+09 1.49723e+09 1.78049e+09 2.09224e+09 2.52423e+09 2.98979e+09 3.53289e+09 3.9738e+09 4.35972e+09 4.24433e+09 3.25465e+09 1.39676e+09 1.40558e+08 0 0 0 0 0 0 0 
0 0 0 0 0 0 0 0 1.34275e+09 6.6618e+09 1.32442e+10 1.69062e+10 1.77284e+10 1.71621e+10 1.58961e+10 1.42398e+10 1.229e+10 1.08413e+10 9.53363e+09 8.26533e+09 7.28104e+09 6.45289e+09 5.76663e+09 5.15719e+09 4.58149e+09 4.14711e+09 3.81208e+09 3.56624e+09 3.3807e+09 3.24496e+09 3.10568e+09 3.07104e+09 3.01055e+09 3.04248e+09 3.12004e+09 3.18665e+09 3.32806e+09 3.55023e+09 3.84048e+09 4.17468e+09 4.59498e+09 5.1129e+09 5.73482e+09 6.46055e+09 7.36542e+09 8.32357e+09 9.41188e+09 1.0756e+10 1.22299e+10 1.41291e+10 1.58517e+10 1.70094e+10 1.77867e+10 1.68928e+10 1.31077e+10 6.67581e+09 1.33401e+09 0 0 0 0 0 0 0 0 
0 0 0 0 0 0 0 0 5.82244e+08 8.3136e+09 2.8504e+10 5.03479e+10 6.49219e+10 7.02442e+10 7.06561e+10 6.80705e+10 6.33999e+10 5.82636e+10 5.35999e+10 4.8076e+10 4.36874e+10 3.94976e+10 3.59878e+10 3.27083e+10 3.01946e+10 2.78496e+10 2.59308e+10 2.46414e+10 2.35492e+10 2.25001e+10 2.17899e+10 2.1584e+10 2.13883e+10 2.14294e+10 2.18872e+10 2.25474e+10 2.32409e+10 2.45346e+10 2.6031e+10 2.76185e+10 2.99579e+10 3.28255e+10 3.59485e+10 3.94507e+10 4.34489e+10 4.77522e+10 5.24599e+10 5.79142e+10 6.33785e+10 6.80485e+10 7.08263e+10 7.06419e+10 6.47315e+10 5.00041e+10 2.8296e+10 8.35692e+09 5.8949e+08 0 0 0 0 0 0 0 0 
0 0 0 0 0 0 0 0 0 5.93639e+09 4.1034e+10 1.11405e+11 1.85469e+11 2.40819e+11 2.72323e+11 2.8306e+11 2.84315e+11 2.74646e+11 2.62183e+11 2.47578e+11 2.29586e+11 2.13162e+11 1.98715e+11 1.8563e+11 1.73861e+11 1.65626e+11 1.57421e+11 1.50036e+11 1.43673e+11 1.39758e+11 1.35088e+11 1.33933e+11 1.32661e+11 1.32954e+11 1.35094e+11 1.38624e+11 1.42283e+11 1.48294e+11 1.5639e+11 1.63991e+11 1.73455e+11 1.87392e+11 1.99736e+11 2.14807e+11 2.29161e+11 2.42498e+11 2.57941e+11 2.71536e+11 2.82858e+11 2.85586e+11 2.71294e+11 2.39941e+11 1.86091e+11 1.11463e+11 4.09995e+10 5.93108e+09 0 0 0 0 0 0 0 0 0 
0 0 0 0 0 0 0 0 0 1.95151e+09 3.73715e+10 1.74506e+11 4.12672e+11 6.64711e+11 8.69974e+11 1.01202e+12 1.09731e+12 1.12303e+12 1.12366e+12 1.10659e+12 1.07398e+12 1.0347e+12 9.91156e+11 9.50132e+11 9.07524e+11 8.62009e+11 8.3768e+11 8.12975e+11 7.84023e+11 7.64112e+11 7.47587e+11 7.40718e+11 7.35258e+11 7.40875e+11 7.50055e+11 7.65221e+11 7.86991e+11 8.10472e+11 8.33018e+11 8.63491e+11 9.0866e+11 9.47621e+11 9.92948e+11 1.02546e+12 1.06561e+12 1.10341e+12 1.11766e+12 1.11538e+12 1.09268e+12 1.00741e+12 8.74575e+11 6.69705e+11 4.08414e+11 1.74002e+11 3.78092e+10 1.96319e+09 0 0 0 0 0 0 0 0 0 
0 0 0 0 0 0 0 0 0 0 2.04565e+10 1.86935e+11 6.7056e+11 1.43743e+12 2.29386e+12 3.04589e+12 3.65424e+12 4.04014e+12 4.29089e+12 4.40041e+12 4.45043e+12 4.45752e+12 4.3839e+12 4.30917e+12 4.22271e+12 4.09105e+12 3.98489e+12 3.9274e+12 3.86075e+12 3.78437e+12 3.70802e+12 3.69535e+12 3.66608e+12 3.6844e+12 3.71889e+12 3.77517e+12 3.8386e+12 3.8923e+12 3.9707e+12 4.07994e+12 4.17719e+12 4.29406e+12 4.39961e+12 4.47073e+12 4.46205e+12 4.38959e+12 4.26157e+12 4.03453e+12 3.64439e+12 3.06455e+12 2.30567e+12 1.438e+12 6.71868e+11 1.87528e+11 2.04956e+10 0 0 0 0 0 0 0 0 0 0 
0 0 0 0 0 0 0 0 0 0 5.29986e+09 1.30184e+11 7.8593e+11 2.37376e+12 4.80912e+12 7.58939e+12 1.03478e+13 1.2618e+13 1.44261e+13 1.57009e+13 1.64475e+13 1.70094e+13 1.72886e+13 1.75164e+13 1.75403e+13 1.76046e+13 1.72668e+13 1.70198e+13 1.69626e+13 1.68668e+13 1.66829e+13 1.66144e+13 1.66241e+13 1.66348e+13 1.66986e+13 1.69613e+13 1.70201e+13 1.72304e+13 1.72458e+13 1.73814e+13 1.74827e+13 1.74486e+13 1.7311e+13 1.70076e+13 1.63382e+13 1.54781e+13 1.4224e+13 1.26135e+13 1.03559e+13 7.63522e+12 4.84554e+12 2.3848e+12 7.8836e+11 1.30846e+11 5.23702e+09 0 0 0 0 0 0 0 0 0 0 
0 0 0 0 0 0 0 0 0 0 0 5.61579e+10 6.42063e+11 2.95233e+12 7.96557e+12 1.53944e+13 2.43255e+13 3.31577e+13 4.13514e+13 4.82148e+13 5.35155e+13 5.82338e+13 6.16514e+13 6.37993e+13 6.54761e+13 6.67159e+13 6.68502e+13 6.74795e+13 6.81153e+13 6.7704e+13 6.78583e+13 6.80486e+13 6.80131e+13 6.79771e+13 6.83396e+13 6.80637e+13 6.75539e+13 6.78723e+13 6.71581e+13 6.60267e+13 6.49534e+13 6.34391e+13 6.11266e+13 5.74903e+13 5.30244e+13 4.75369e+13 4.11778e+13 3.31819e+13 2.42128e+13 1.54439e+13 7.93316e+12 2.94841e+12 6.4483e+11 5.58607e+10 0 0 0 0 0 0 0 0 0 0 0 
0 0 0 0 0 0 0 0 0 0 0 1.17069e+10 3.56801e+11 2.66361e+12 1.00448e+13 2.48345e+13 4.66635e+13 7.346e+13 1.02281e+14 1.30079e+14 1.53496e+14 1.75328e+14 1.92588e+14 2.0775e+14 2.19269e+14 2.27735e+14 2.34672e+14 2.41438e+14 2.44952e+14 2.48432e+14 2.49473e+14 2.49272e+14 2.47987e+14 2.49395e+14 2.50443e+14 2.48509e+14 2.45838e+14 2.42299e+14 2.3744e+14 2.2825e+14 2.1734e+14 2.07543e+14 1.91872e+14 1.7361e+14 1.52577e+14 1.27994e+14 1.01641e+14 7.37358e+13 4.70034e+13 2.49837e+13 1.0018e+13 2.65875e+12 3.55355e+11 1.15539e+10 0 0 0 0 0 0 0 0 0 0 0 
0 0 0 0 0 0 0 0 0 0 0 0 1.22435e+11 1.7086e+12 9.5286e+12 3.14705e+13 7.31904e+13 1.34843e+14 2.11313e+14 2.97618e+14 3.81221e+14 4.61025e+14 5.40222e+14 6.06909e+14 6.61638e+14 7.02159e+14 7.3838e+14 7.70243e+14 7.97984e+14 8.17494e+14 8.36641e+14 8.374e+14 8.40032e+14 8.36782e+14 8.29954e+14 8.16402e+14 7.95114e+14 7.73409e+14 7.40737e+14 7.0046e+14 6.52948e+14 5.98052e+14 5.36513e+14 4.63214e+14 3.81693e+14 2.97391e+14 2.14296e+14 1.35796e+14 7.38113e+13 3.14323e+13 9.60718e+12 1.70105e+12 1.21294e+11 0 0 0 0 0 0 0 0 0 0 0 0 
0 0 0 0 0 0 0 0 0 0 0 0 2.07068e+10 7.58757e+11 6.78502e+12 3.10793e+13 9.22239e+13 2.04047e+14 3.73277e+14 5.8236e+14 8.2256e+14 1.07353e+15 1.31545e+15 1.55404e+15 1.76505e+15 1.94263e+15 2.11283e+15 2.24702e+15 2.35458e+15 2.42247e+15 2.49134e+15 2.52503e+15 2.53677e+15 2.50645e+15 2.4839e+15 2.42042e+15 2.33644e+15 2.2205e+15 2.09828e+15 1.91479e+15 1.74275e+15 1.53675e+15 1.30447e+15 1.06592e+15 8.18169e+14 5.8609e+14 3.71933e+14 2.06461e+14 9.25164e+13 3.11e+13 6.7452e+12 7.6002e+11 2.06235e+10 0 0 0 0 0 0 0 0 0 0 0 0 
0 0 0 0 0 0 0 0 0 0 0 0 0 2.14978e+11 3.55766e+12 2.33258e+13 9.17081e+13 2.51032e+14 5.34729e+14 9.56808e+14 1.5053e+15 2.13211e+15 2.79854e+15 3.49567e+15 4.14094e+15 4.75625e+15 5.30074e+15 5.81206e+15 6.19558e+15 6.46013e+15 6.67272e+15 6.82168e+15 6.89209e+15 6.83923e+15 6.69328e+15 6.46972e+15 6.12251e+15 5.76859e+15 5.29802e+15 4.75853e+15 4.14644e+15 3.49609e+15 2.79765e+15 2.12115e+15 1.5083e+15 9.61059e+14 5.39603e+14 2.52639e+14 9.13053e+13 2.33022e+13 3.53763e+12 2.14063e+11 0 0 0 0 0 0 0 0 0 0 0 0 0 
0 0 0 0 0 0 0 0 0 0 0 0 0 3.02349e+10 1.29392e+12 1.35214e+13 7.12797e+13 2.48711e+14 6.37755e+14 1.31872e+15 2.3159e+15 3.6372e+15 5.19962e+15 6.84601e+15 8.59692e+15 1.03122e+16 1.18655e+16 1.32638e+16 1.44651e+16 1.54389e+16 1.61636e+16 1.65881e+16 1.67023e+16 1.64987e+16 1.60051e+16 1.53322e+16 1.44187e+16 1.32627e+16 1.18207e+16 1.02507e+16 8.57221e+15 6.85384e+15 5.22946e+15 3.64131e+15 2.33367e+15 1.3227e+15 6.37075e+14 2.47661e+14 7.10508e+13 1.33992e+13 1.28685e+12 3.02167e+10 0 0 0 0 0 0 0 0 0 0 0 0 0 
0 0 0 0 0 0 0 0 0 0 0 0 0 0 3.0835e+11 5.73025e+12 4.35961e+13 1.97192e+14 6.18635e+14 1.50506e+15 3.02757e+15 5.25669e+15 8.19243e+15 1.17171e+16 1.5518e+16 1.95592e+16 2.34521e+16 2.71178e+16 3.02419e+16 3.26166e+16 3.4543e+16 3.57024e+16 3.62812e+16 3.57645e+16 3.45276e+16 3.23697e+16 2.99446e+16 2.68643e+16 2.34526e+16 1.94384e+16 1.54516e+16 1.16983e+16 8.22011e+15 5.29672e+15 3.0543e+15 1.51651e+15 6.24544e+14 1.94392e+14 4.34896e+13 5.66677e+12 3.04004e+11 0 0 0 0 0 0 0 0 0 0 0 0 0 0 
0 0 0 0 0 0 0 0 0 0 0 0 0 0 3.64166e+10 1.75611e+12 2.04728e+13 1.23729e+14 4.9133e+14 1.42726e+15 3.30005e+15 6.45925e+15 1.11037e+16 1.70997e+16 2.42162e+16 3.20606e+16 4.02234e+16 4.83658e+16 5.54511e+16 6.11607e+16 6.56062e+16 6.81413e+16 6.9193e+16 6.82957e+16 6.53116e+16 6.11927e+16 5.53423e+16 4.81868e+16 4.03743e+16 3.20924e+16 2.4285e+16 1.71267e+16 1.11199e+16 6.53177e+15 3.32209e+15 1.42123e+15 4.84131e+14 1.22973e+14 2.03264e+13 1.73142e+12 3.63279e+10 0 0 0 0 0 0 0 0 0 0 0 0 0 0 
0 0 0 0 0 0 0 0 0 0 0 0 0 0 0 3.54931e+11 7.34037e+12 6.15243e+13 3.11864e+14 1.11528e+15 3.02764e+15 6.72415e+15 1.2712e+16 2.14695e+16 3.2742e+16 4.58567e+16 6.06405e+16 7.51612e+16 8.89605e+16 1.01389e+17 1.10213e+17 1.15545e+17 1.17492e+17 1.15485e+17 1.09754e+17 1.01188e+17 8.91389e+16 7.53088e+16 6.05838e+16 4.63469e+16 3.27248e+16 2.15553e+16 1.28214e+16 6.7165e+15 3.00624e+15 1.10224e+15 3.10404e+14 6.13942e+13 7.16435e+12 3.45986e+11 0 0 0 0 0 0 0 0 0 0 0 0 0 0 0 
0 0 0 0 0 0 0 0 0 0 0 0 0 0 0 3.62716e+10 1.90766e+12 2.42483e+13 1.61736e+14 7.06064e+14 2.30674e+15 5.8427e+15 1.24694e+16 2.3058e+16 3.79989e+16 5.71316e+16 7.85435e+16 1.02418e+17 1.2505e+17 1.44779e+17 1.60539e+17 1.7141e+17 1.75131e+17 1.70922e+17 1.61427e+17 1.45483e+17 1.255e+17 1.02497e+17 7.89607e+16 5.69497e+16 3.81064e+16 2.31134e+16 1.24109e+16 5.83907e+15 2.27113e+15 7.06306e+14 1.6084e+14 2.39249e+13 1.84224e+12 3.56403e+10 0 0 0 0 0 0 0 0 0 0 0 0 0 0 0 
0 0 0 0 0 0 0 0 0 0 0 0 0 0 0 0 3.27176e+11 7.38613e+12 6.7577e+13 3.71941e+14 1.43956e+15 4.30866e+15 1.03894e+16 2.12038e+16 3.79405e+16 6.09135e+16 8.95345e+16 1.20775e+17 1.53685e+17 1.83225e+17 2.07452e+17 2.23107e+17 2.28731e+17 2.23321e+17 2.07317e+17 1.83836e+17 1.53949e+17 1.21072e+17 8.96021e+16 6.1151e+16 3.81088e+16 2.11714e+16 1.03522e+16 4.25756e+15 1.43414e+15 3.72693e+14 6.68584e+13 7.2343e+12 3.2139e+11 0 0 0 0 0 0 0 0 0 0 0 0 0 0 0 0 
0 0 0 0 0 0 0 0 0 0 0 0 0 0 0 0 2.98697e+10 1.64558e+12 2.24655e+13 1.60541e+14 7.56769e+14 2.63814e+15 7.27395e+15 1.66426e+16 3.26793e+16 5.65237e+16 8.74653e+16 1.24424e+17 1.64912e+17 2.03007e+17 2.33829e+17 2.54151e+17 2.61302e+17 2.54724e+17 2.34775e+17 2.02844e+17 1.64272e+17 1.25073e+17 8.7748e+16 5.61548e+16 3.2562e+16 1.65902e+16 7.25825e+15 2.61813e+15 7.59668e+14 1.59994e+14 2.22571e+13 1.60739e+12 2.90279e+10 0 0 0 0 0 0 0 0 0 0 0 0 0 0 0 0 
0 0 0 0 0 0 0 0 0 0 0 0 0 0 0 0 0 2.47169e+11 5.89088e+12 5.74895e+13 3.35035e+14 1.38351e+15 4.35814e+15 1.10657e+16 2.39649e+16 4.47642e+16 7.49743e+16 1.12152e+17 1.53483e+17 1.94234e+17 2.29522e+17 2.52941e+17 2.60985e+17 2.52505e+17 2.2899e+17 1.93769e+17 1.5303e+17 1.11211e+17 7.39885e+16 4.47756e+16 2.39213e+16 1.10532e+16 4.32732e+15 1.37478e+15 3.32019e+14 5.64458e+13 5.72158e+12 2.44482e+11 0 0 0 0 0 0 0 0 0 0 0 0 0 0 0 0 0 
0 0 0 0 0 0 0 0 0 0 0 0 0 0 0 0 0 2.03232e+10 1.15079e+12 1.64477e+13 1.23019e+14 6.08997e+14 2.22337e+15 6.39498e+15 1.51773e+16 3.09221e+16 5.47567e+16 8.69981e+16 1.23977e+17 1.63106e+17 1.97329e+17 2.20045e+17 2.28278e+17 2.20591e+17 1.96916e+17 1.62865e+17 1.24358e+17 8.71682e+16 5.48717e+16 3.09484e+16 1.51784e+16 6.37649e+15 2.20239e+15 6.06174e+14 1.21801e+14 1.60298e+13 1.11954e+12 1.967e+10 0 0 0 0 0 0 0 0 0 0 0 0 0 0 0 0 0 
0 0 0 0 0 0 0 0 0 0 0 0 0 0 0 0 0 0 1.54154e+11 3.75199e+12 3.7474e+13 2.29309e+14 9.66961e+14 3.17217e+15 8.34454e+15 1.8472e+16 3.53784e+16 5.90993e+16 8.80508e+16 1.19799e+17 1.47372e+17 1.67549e+17 1.74693e+17 1.67472e+17 1.47435e+17 1.19485e+17 8.84305e+16 5.90002e+16 3.52323e+16 1.84498e+16 8.36577e+15 3.16382e+15 9.65128e+14 2.25698e+14 3.72476e+13 3.66908e+12 1.51474e+11 0 0 0 0 0 0 0 0 0 0 0 0 0 0 0 0 0 0 
0 0 0 0 0 0 0 0 0 0 0 0 0 0 0 0 0 0 1.17007e+10 6.50645e+11 9.39153e+12 7.19731e+13 3.66946e+14 1.36425e+15 4.0217e+15 9.64812e+15 1.97683e+16 3.51745e+16 5.54142e+16 7.72788e+16 9.7936e+16 1.12176e+17 1.17113e+17 1.11993e+17 9.80206e+16 7.75059e+16 5.53579e+16 3.54183e+16 1.9898e+16 9.6589e+15 3.96738e+15 1.35696e+15 3.65774e+14 7.18897e+13 9.28929e+12 6.3539e+11 1.12859e+10 0 0 0 0 0 0 0 0 0 0 0 0 0 0 0 0 0 0 
0 0 0 0 0 0 0 0 0 0 0 0 0 0 0 0 0 0 0 7.86825e+10 1.90832e+12 1.92324e+13 1.17769e+14 5.08309e+14 1.68283e+15 4.42953e+15 9.72627e+15 1.84794e+16 3.03523e+16 4.40549e+16 5.71179e+16 6.66339e+16 6.97231e+16 6.63954e+16 5.72023e+16 4.40597e+16 3.03702e+16 1.8422e+16 9.81473e+15 4.42359e+15 1.66748e+15 5.10294e+14 1.17959e+14 1.91454e+13 1.88321e+12 7.72439e+10 0 0 0 0 0 0 0 0 0 0 0 0 0 0 0 0 0 0 0 
0 0 0 0 0 0 0 0 0 0 0 0 0 0 0 0 0 0 0 5.74926e+09 2.99317e+11 4.28214e+12 3.27236e+13 1.66268e+14 6.16307e+14 1.80125e+15 4.26831e+15 8.5514e+15 1.4787e+16 2.22857e+16 2.96455e+16 3.5018e+16 3.70463e+16 3.50561e+16 2.95379e+16 2.24981e+16 1.48517e+16 8.56903e+15 4.27201e+15 1.7827e+15 6.16265e+14 1.65688e+14 3.26072e+13 4.22165e+12 2.92142e+11 5.52957e+09 0 0 0 0 0 0 0 0 0 0 0 0 0 0 0 0 0 0 0 
0 0 0 0 0 0 0 0 0 0 0 0 0 0 0 0 0 0 0 0 3.34241e+10 7.89188e+11 7.76833e+12 4.73153e+13 1.98774e+14 6.42785e+14 1.6619e+15 3.56223e+15 6.4596e+15 1.0116e+16 1.36995e+16 1.6535e+16 1.75191e+16 1.65006e+16 1.37414e+16 1.00604e+16 6.40876e+15 3.55293e+15 1.65165e+15 6.43158e+14 1.99462e+14 4.65999e+13 7.68909e+12 7.70756e+11 3.2692e+10 0 0 0 0 0 0 0 0 0 0 0 0 0 0 0 0 0 0 0 0 
0 0 0 0 0 0 0 0 0 0 0 0 0 0 0 0 0 0 0 0 2.43007e+09 1.12135e+11 1.5683e+12 1.15239e+13 5.72793e+13 2.05577e+14 5.77248e+14 1.31205e+15 2.51764e+15 4.08621e+15 5.76623e+15 6.99257e+15 7.48076e+15 7.01001e+15 5.76937e+15 4.07131e+15 2.52217e+15 1.31396e+15 5.76127e+14 2.05001e+14 5.67639e+13 1.14296e+13 1.53975e+12 1.1185e+11 2.35931e+09 0 0 0 0 0 0 0 0 0 0 0 0 0 0 0 0 0 0 0 0 
0 0 0 0 0 0 0 0 0 0 0 0 0 0 0 0 0 0 0 0 0 1.19259e+10 2.60034e+11 2.47597e+12 1.42666e+13 5.83878e+13 1.78936e+14 4.40953e+14 8.84248e+14 1.49614e+15 2.1507e+15 2.67679e+15 2.88128e+15 2.68553e+15 2.1498e+15 1.50198e+15 8.89226e+14 4.39609e+14 1.79699e+14 5.78931e+13 1.42132e+13 2.42784e+12 2.58597e+11 1.17367e+10 0 0 0 0 0 0 0 0 0 0 0 0 0 0 0 0 0 0 0 0 0 
0 0 0 0 0 0 0 0 0 0 0 0 0 0 0 0 0 0 0 0 0 9.25682e+08 3.55403e+10 4.5576e+11 3.19936e+12 1.48486e+13 5.0579e+13 1.33338e+14 2.82895e+14 4.97893e+14 7.41447e+14 9.37203e+14 1.01078e+15 9.30363e+14 7.38353e+14 5.01194e+14 2.8532e+14 1.33959e+14 5.06678e+13 1.48255e+13 3.16257e+12 4.49413e+11 3.54597e+10 9.14027e+08 0 0 0 0 0 0 0 0 0 0 0 0 0 0 0 0 0 0 0 0 0 
0 0 0 0 0 0 0 0 0 0 0 0 0 0 0 0 0 0 0 0 0 0 3.61494e+09 7.1147e+10 6.21908e+11 3.37212e+12 1.27482e+13 3.66579e+13 8.35036e+13 1.52439e+14 2.31509e+14 2.9816e+14 3.23022e+14 2.98098e+14 2.32534e+14 1.53388e+14 8.31191e+13 3.66499e+13 1.27392e+13 3.36647e+12 6.19446e+11 7.12012e+10 3.62021e+09 0 0 0 0 0 0 0 0 0 0 0 0 0 0 0 0 0 0 0 0 0 0 
0 0 0 0 0 0 0 0 0 0 0 0 0 0 0 0 0 0 0 0 0 0 3.22558e+08 9.49281e+09 1.07507e+11 6.87584e+11 2.92943e+12 9.20125e+12 2.22775e+13 4.27816e+13 6.78474e+13 8.77355e+13 9.61903e+13 8.8081e+13 6.70569e+13 4.24265e+13 2.21374e+13 9.19413e+12 2.95874e+12 6.90046e+11 1.06793e+11 9.42631e+09 3.23117e+08 0 0 0 0 0 0 0 0 0 0 0 0 0 0 0 0 0 0 0 0 0 0 
0 0 0 0 0 0 0 0 0 0 0 0 0 0 0 0 0 0 0 0 0 0 0 9.65222e+08 1.62596e+10 1.26041e+11 6.14616e+11 2.12582e+12 5.51953e+12 1.11275e+13 1.80532e+13 2.38884e+13 2.63539e+13 2.39292e+13 1.78698e+13 1.10059e+13 5.48572e+12 2.13249e+12 6.199e+11 1.26054e+11 1.61733e+10 9.57831e+08 0 0 0 0 0 0 0 0 0 0 0 0 0 0 0 0 0 0 0 0 0 0 0 
0 0 0 0 0 0 0 0 0 0 0 0 0 0 0 0 0 0 0 0 0 0 0 1.04462e+08 2.17026e+09 2.0858e+10 1.183e+11 4.46861e+11 1.24426e+12 2.65384e+12 4.49942e+12 6.1124e+12 6.73414e+12 6.0791e+12 4.46959e+12 2.65488e+12 1.24386e+12 4.53358e+11 1.18558e+11 2.07511e+10 2.19112e+09 1.05045e+08 0 0 0 0 0 0 0 0 0 0 0 0 0 0 0 0 0 0 0 0 0 0 0 
0 0 0 0 0 0 0 0 0 0 0 0 0 0 0 0 0 0 0 0 0 0 0 0 2.21467e+08 3.11736e+09 2.0938e+10 8.80096e+10 2.67585e+11 6.00227e+11 1.05955e+12 1.45927e+12 1.61405e+12 1.45452e+12 1.05677e+12 6.00298e+11 2.68637e+11 8.89923e+10 2.08909e+10 3.17539e+09 2.23328e+08 0 0 0 0 0 0 0 0 0 0 0 0 0 0 0 0 0 0 0 0 0 0 0 0 
0 0 0 0 0 0 0 0 0 0 0 0 0 0 0 0 0 0 0 0 0 0 0 0 3.17053e+07 4.41528e+08 3.4008e+09 1.64396e+10 5.29675e+10 1.26895e+11 2.33029e+11 3.27003e+11 3.67221e+11 3.27651e+11 2.32983e+11 1.26395e+11 5.38405e+10 1.63377e+10 3.43506e+09 4.50941e+08 3.18491e+07 0 0 0 0 0 0 0 0 0 0 0 0 0 0 0 0 0 0 0 0 0 0 0 0 
0 0 0 0 0 0 0 0 0 0 0 0 0 0 0 0 0 0 0 0 0 0 0 0 0 4.51284e+07 5.30193e+08 2.86653e+09 1.01939e+10 2.5751e+10 4.89881e+10 7.11323e+10 8.07637e+10 7.11065e+10 4.91338e+10 2.62241e+10 1.02427e+10 2.90757e+09 5.40122e+08 4.57655e+07 0 0 0 0 0 0 0 0 0 0 0 0 0 0 0 0 0 0 0 0 0 0 0 0 0 
0 0 0 0 0 0 0 0 0 0 0 0 0 0 0 0 0 0 0 0 0 0 0 0 0 8.51465e+06 8.02483e+07 4.76857e+08 1.87802e+09 5.0174e+09 9.85389e+09 1.48907e+10 1.67342e+10 1.48248e+10 9.92972e+09 5.0384e+09 1.88466e+09 4.79344e+08 8.30514e+07 8.67837e+06 0 0 0 0 0 0 0 0 0 0 0 0 0 0 0 0 0 0 0 0 0 0 0 0 0 
0 0 0 0 0 0 0 0 0 0 0 0 0 0 0 0 0 0 0 0 0 0 0 0 0 0 7.77988e+06 7.94676e+07 3.38793e+08 9.49331e+08 1.97539e+09 2.95708e+09 3.47976e+09 2.99912e+09 1.998e+09 9.59446e+08 3.41645e+08 8.24325e+07 7.88515e+06 0 0 0 0 0 0 0 0 0 0 0 0 0 0 0 0 0 0 0 0 0 0 0 0 0 0 
0 0 0 0 0 0 0 0 0 0 0 0 0 0 0 0 0 0 0 0 0 0 0 0 0 0 2.08359e+06 1.27676e+07 5.57166e+07 1.85758e+08 3.8171e+08 6.02682e+08 6.80657e+08 5.98201e+08 3.81722e+08 1.84886e+08 5.70646e+07 1.31164e+07 2.133e+06 0 0 0 0 0 0 0 0 0 0 0 0 0 0 0 0 0 0 0 0 0 0 0 0 0 0 
0 0 0 0 0 0 0 0 0 0 0 0 0 0 0 0 0 0 0 0 0 0 0 0 0 0 0 1.08947e+06 1.07422e+07 3.24368e+07 7.40408e+07 1.19275e+08 1.37064e+08 1.20685e+08 7.39074e+07 3.32231e+07 1.09993e+07 1.11715e+06 0 0 0 0 0 0 0 0 0 0 0 0 0 0 0 0 0 0 0 0 0 0 0 0 0 0 0 
0 0 0 0 0 0 0 0 0 0 0 0 0 0 0 0 0 0 0 0 0 0 0 0 0 0 0 431227 1.6887e+06 5.57703e+06 1.51421e+07 2.21489e+07 2.85909e+07 2.21864e+07 1.51051e+07 5.63736e+06 1.71798e+06 437060 0 0 0 0 0 0 0 0 0 0 0 0 0 0 0 0 0 0 0 0 0 0 0 0 0 0 0 
0 0 0 0 0 0 0 0 0 0 0 0 0 0 0 0 0 0 0 0 0 0 0 0 0 0 0 0 115564 1.26312e+06 2.41219e+06 4.72381e+06 5.21771e+06 4.7104e+06 2.42918e+06 1.26231e+06 112775 0 0 0 0 0 0 0 0 0 0 0 0 0 0 0 0 0 0 0 0 0 0 0 0 0 0 0 0 
0 0 0 0 0 0 0 0 0 0 0 0 0 0 0 0 0 0 0 0 0 0 0 0 0 0 0 0 73977.6 172034 465339 965780 943256 960893 462239 172670 74227.7 0 0 0 0 0 0 0 0 0 0 0 0 0 0 0 0 0 0 0 0 0 0 0 0 0 0 0 0 
0 0 0 0 0 0 0 0 0 0 0 0 0 0 0 0 0 0 0 0 0 0 0 0 0 0 0 0 0 7817.19 118794 112388 242079 110700 117989 7683.46 0 0 0 0 0 0 0 0 0 0 0 0 0 0 0 0 0 0 0 0 0 0 0 0 0 0 0 0 0 
0 0 0 0 0 0 0 0 0 0 0 0 0 0 0 0 0 0 0 0 0 0 0 0 0 0 0 0 0 10162.4 11743.6 33088.6 37288.3 32637.8 11499.5 10167.1 0 0 0 0 0 0 0 0 0 0 0 0 0 0 0 0 0 0 0 0 0 0 0 0 0 0 0 0 0 
0 0 0 0 0 0 0 0 0 0 0 0 0 0 0 0 0 0 0 0 0 0 0 0 0 0 0 0 0 0 252.809 7764.42 2070.41 7702.45 258.376 0 0 0 0 0 0 0 0 0 0 0 0 0 0 0 0 0 0 0 0 0 0 0 0 0 0 0 0 0 0 
0 0 0 0 0 0 0 0 0 0 0 0 0 0 0 0 0 0 0 0 0 0 0 0 0 0 0 0 0 0 1014.23 383.527 1930.81 382.818 1012.8 0 0 0 0 0 0 0 0 0 0 0 0 0 0 0 0 0 0 0 0 0 0 0 0 0 0 0 0 0 0 
0 0 0 0 0 0 0 0 0 0 0 0 0 0 0 0 0 0 0 0 0 0 0 0 0 0 0 0 0 0 0 0 255.129 0 0 0 0 0 0 0 0 0 0 0 0 0 0 0 0 0 0 0 0 0 0 0 0 0 0 0 0 0 0 0 0 
0 0 0 0 0 0 0 0 0 0 0 0 0 0 0 0 0 0 0 0 0 0 0 0 0 0 0 0 0 0 0 65.9152 0 64.8081 0 0 0 0 0 0 0 0 0 0 0 0 0 0 0 0 0 0 0 0 0 0 0 0 0 0 0 0 0 0 0 
0 0 0 0 0 0 0 0 0 0 0 0 0 0 0 0 0 0 0 0 0 0 0 0 0 0 0 0 0 0 0 0 0 0 0 0 0 0 0 0 0 0 0 0 0 0 0 0 0 0 0 0 0 0 0 0 0 0 0 0 0 0 0 0 0 
0 0 0 0 0 0 0 0 0 0 0 0 0 0 0 0 0 0 0 0 0 0 0 0 0 0 0 0 0 0 0 0 2.03786 0 0 0 0 0 0 0 0 0 0 0 0 0 0 0 0 0 0 0 0 0 0 0 0 0 0 0 0 0 0 0 0 
