1 0 0 0 0 0 0 0 0 0 0 0 0 0 0 0 0 
0 0 0 0 0 0 0 0 0 0 0 0 0 0 0 0 0 
0 16 0 0 0 0 0 0 0 0 0 0 0 0 0 0 0 
0 0 32 0 0 0 0 0 0 0 0 0 0 0 0 0 0 
0 0 88 96.2334 24.057 0 0 0 8.06815 0 0 0 0 0 0 0 0 
0 0 0 255.533 255.542 193.599 97.5928 64.5405 0 0 0 0 0 0 0 0 0 
0 0 0 208.233 738.072 687.752 707.192 628.235 770.823 0 0 0 0 0 0 0 0 
0 0 0 0 572.933 1661.29 1826.6 1922.51 1602.57 0 0 0 0 0 0 0 0 
0 0 0 0 229.396 1249.23 2910.74 3671.43 4354.91 0 0 0 0 0 0 0 0 
0 0 0 0 0 446.594 1574.91 3129.1 3252.86 0 0 0 0 0 0 0 0 
0 0 0 0 0 129.541 770.76 1398.18 2115.93 0 0 0 0 0 0 0 0 
0 0 0 0 0 0 63.2434 513.116 575.926 0 0 0 0 0 0 0 0 
0 0 0 0 0 0 56.9565 96.6092 122.492 0 0 0 0 0 0 0 0 
0 0 0 0 0 0 0 0 64.3975 0 0 0 0 0 0 0 0 
0 0 0 0 0 0 0 16.2743 0 0 0 0 0 0 0 0 0 
0 0 0 0 0 0 0 0 0 0 0 0 0 0 0 0 0 
0 0 0 0 0 0 0 0 2.03444 0 0 0 0 0 0 0 0 
