1 0 0 0 0 0 0 0 0 0 0 0 0 0 0 0 0 
0 0 0 0 0 0 0 0 0 0 0 0 0 0 0 0 0 
0 16 0 0 0 0 0 0 0 0 0 0 0 0 0 0 0 
0 0 32 0 0 0 0 0 0 0 0 0 0 0 0 0 0 
0 0 88 96.2633 24.069 0 0 0 7.86702 0 0 0 0 0 0 0 0 
0 0 0 255.459 256.123 190.727 96.4924 62.931 0 0 0 0 0 0 0 0 0 
0 0 0 208.277 736.056 687.937 700.352 623.203 764.938 0 0 0 0 0 0 0 0 
0 0 0 0 575.207 1668.13 1827.14 1918.66 1602.27 0 0 0 0 0 0 0 0 
0 0 0 0 228.545 1244.98 2933.58 3686.02 4357.3 0 0 0 0 0 0 0 0 
0 0 0 0 0 448.092 1559.28 3134.72 3262.33 0 0 0 0 0 0 0 0 
0 0 0 0 0 128.13 770.927 1392.28 2117.03 0 0 0 0 0 0 0 0 
0 0 0 0 0 0 64.4055 509.845 572.958 0 0 0 0 0 0 0 0 
0 0 0 0 0 0 55.8259 96.3959 119.721 0 0 0 0 0 0 0 0 
0 0 0 0 0 0 0 0 63.5946 0 0 0 0 0 0 0 0 
0 0 0 0 0 0 0 15.9513 0 0 0 0 0 0 0 0 0 
0 0 0 0 0 0 0 0 0 0 0 0 0 0 0 0 0 
0 0 0 0 0 0 0 0 1.99407 0 0 0 0 0 0 0 0 
