1 0 0 0 0 0 0 0 0 0 0 0 0 0 0 0 0 
0 0 0 0 0 0 0 0 0 0 0 0 0 0 0 0 0 
0 16 0 0 0 0 0 0 0 0 0 0 0 0 0 0 0 
0 0 32 0 0 0 0 0 0 0 0 0 0 0 0 0 0 
0 0 88 96.4079 24.1051 0 0 0 8.0381 0 0 0 0 0 0 0 0 
0 0 0 255.184 256.164 192.626 95.8163 64.2999 0 0 0 0 0 0 0 0 0 
0 0 0 208.408 735.571 685.172 703.339 625.389 768 0 0 0 0 0 0 0 0 
0 0 0 0 575.948 1666.79 1822.99 1912.58 1597.98 0 0 0 0 0 0 0 0 
0 0 0 0 228.212 1248.98 2932.2 3685.11 4356.19 0 0 0 0 0 0 0 0 
0 0 0 0 0 445.767 1565.78 3142.11 3266.57 0 0 0 0 0 0 0 0 
0 0 0 0 0 128.664 768.042 1384.7 2113.23 0 0 0 0 0 0 0 0 
0 0 0 0 0 0 63.8005 513.888 573.961 0 0 0 0 0 0 0 0 
0 0 0 0 0 0 56.0374 95.9135 120.186 0 0 0 0 0 0 0 0 
0 0 0 0 0 0 0 0 63.8452 0 0 0 0 0 0 0 0 
0 0 0 0 0 0 0 16.0116 0 0 0 0 0 0 0 0 0 
0 0 0 0 0 0 0 0 0 0 0 0 0 0 0 0 0 
0 0 0 0 0 0 0 0 2.0016 0 0 0 0 0 0 0 0 
