1 0 0 0 0 0 0 0 0 0 0 0 0 0 0 0 0 
0 0 0 0 0 0 0 0 0 0 0 0 0 0 0 0 0 
0 16 0 0 0 0 0 0 0 0 0 0 0 0 0 0 0 
0 0 32 0 0 0 0 0 0 0 0 0 0 0 0 0 0 
0 0 88 96.4079 24.1053 0 0 0 8.16536 0 0 0 0 0 0 0 0 
0 0 0 255.184 257.379 191.78 96.215 65.3185 0 0 0 0 0 0 0 0 0 
0 0 0 208.408 733.57 691.127 704.57 622.676 769.648 0 0 0 0 0 0 0 0 
0 0 0 0 576.26 1660.24 1827.61 1921.66 1604.43 0 0 0 0 0 0 0 0 
0 0 0 0 228.686 1247.71 2923.38 3684.26 4350.72 0 0 0 0 0 0 0 0 
0 0 0 0 0 448.268 1563.56 3128.91 3252.27 0 0 0 0 0 0 0 0 
0 0 0 0 0 128.872 772.089 1385.8 2124.16 0 0 0 0 0 0 0 0 
0 0 0 0 0 0 64.4309 518.87 574.924 0 0 0 0 0 0 0 0 
0 0 0 0 0 0 56.1399 96.4687 119.158 0 0 0 0 0 0 0 0 
0 0 0 0 0 0 0 0 64.5193 0 0 0 0 0 0 0 0 
0 0 0 0 0 0 0 16.0407 0 0 0 0 0 0 0 0 0 
0 0 0 0 0 0 0 0 0 0 0 0 0 0 0 0 0 
0 0 0 0 0 0 0 0 2.00523 0 0 0 0 0 0 0 0 
