1 0 0 0 0 0 0 0 0 0 0 0 0 0 0 0 0 
0 0 0 0 0 0 0 0 0 0 0 0 0 0 0 0 0 
0 16 0 0 0 0 0 0 0 0 0 0 0 0 0 0 0 
0 0 32 0 0 0 0 0 0 0 0 0 0 0 0 0 0 
0 0 88 95.8622 23.9662 0 0 0 8.17108 0 0 0 0 0 0 0 0 
0 0 0 256.276 257.246 191.965 95.8257 65.3648 0 0 0 0 0 0 0 0 0 
0 0 0 207.862 734.261 687.935 707.853 621.865 771.395 0 0 0 0 0 0 0 0 
0 0 0 0 575.909 1665.42 1820.06 1927.71 1601.24 0 0 0 0 0 0 0 0 
0 0 0 0 228.617 1245.38 2925.25 3667.55 4352.92 0 0 0 0 0 0 0 0 
0 0 0 0 0 449.4 1571.46 3138.19 3252.52 0 0 0 0 0 0 0 0 
0 0 0 0 0 127.899 767.408 1396.4 2118.86 0 0 0 0 0 0 0 0 
0 0 0 0 0 0 63.8387 511.397 580.699 0 0 0 0 0 0 0 0 
0 0 0 0 0 0 56.3126 95.4287 118.379 0 0 0 0 0 0 0 0 
0 0 0 0 0 0 0 0 63.7982 0 0 0 0 0 0 0 0 
0 0 0 0 0 0 0 16.0905 0 0 0 0 0 0 0 0 0 
0 0 0 0 0 0 0 0 0 0 0 0 0 0 0 0 0 
0 0 0 0 0 0 0 0 2.01143 0 0 0 0 0 0 0 0 
