1 0 0 0 0 0 0 0 0 0 0 0 0 0 0 0 0 
0 0 0 0 0 0 0 0 0 0 0 0 0 0 0 0 0 
0 16 0 0 0 0 0 0 0 0 0 0 0 0 0 0 0 
0 0 32 0 0 0 0 0 0 0 0 0 0 0 0 0 0 
0 0 88 95.5351 23.8869 0 0 0 8.16504 0 0 0 0 0 0 0 0 
0 0 0 256.93 255.316 190.986 95.5552 65.3156 0 0 0 0 0 0 0 0 0 
0 0 0 207.535 737.844 687.988 703.516 619.553 768.288 0 0 0 0 0 0 0 0 
0 0 0 0 574.817 1667.14 1826.79 1922.55 1603.13 0 0 0 0 0 0 0 0 
0 0 0 0 228.136 1245.49 2926.63 3683.5 4349.24 0 0 0 0 0 0 0 0 
0 0 0 0 0 448.644 1566.01 3132.79 3265.24 0 0 0 0 0 0 0 0 
0 0 0 0 0 127.752 770.115 1391.96 2114.13 0 0 0 0 0 0 0 0 
0 0 0 0 0 0 63.3187 512.511 575.932 0 0 0 0 0 0 0 0 
0 0 0 0 0 0 56.0543 95.8046 120.178 0 0 0 0 0 0 0 0 
0 0 0 0 0 0 0 0 63.6949 0 0 0 0 0 0 0 0 
0 0 0 0 0 0 0 16.0165 0 0 0 0 0 0 0 0 0 
0 0 0 0 0 0 0 0 0 0 0 0 0 0 0 0 0 
0 0 0 0 0 0 0 0 2.00221 0 0 0 0 0 0 0 0 
