1 0 0 0 0 0 0 0 0 0 0 0 0 0 0 0 0 
0 0 0 0 0 0 0 0 0 0 0 0 0 0 0 0 0 
0 16 0 0 0 0 0 0 0 0 0 0 0 0 0 0 0 
0 0 32 0 0 0 0 0 0 0 0 0 0 0 0 0 0 
0 0 88 96.2401 24.0632 0 0 0 8.0608 0 0 0 0 0 0 0 0 
0 0 0 255.534 255.94 192.381 96.5388 64.4824 0 0 0 0 0 0 0 0 0 
0 0 0 208.226 736.406 688.175 705.624 625.485 766.593 0 0 0 0 0 0 0 0 
0 0 0 0 575.156 1661.72 1821.46 1916.61 1597.06 0 0 0 0 0 0 0 0 
0 0 0 0 228.434 1250.13 2927.81 3683.4 4358.72 0 0 0 0 0 0 0 0 
0 0 0 0 0 448.178 1566.43 3133.79 3268.63 0 0 0 0 0 0 0 0 
0 0 0 0 0 127.421 769.863 1389.83 2113.71 0 0 0 0 0 0 0 0 
0 0 0 0 0 0 65.1154 513.92 570.589 0 0 0 0 0 0 0 0 
0 0 0 0 0 0 55.1602 96.723 120.91 0 0 0 0 0 0 0 0 
0 0 0 0 0 0 0 0 63.7486 0 0 0 0 0 0 0 0 
0 0 0 0 0 0 0 15.7615 0 0 0 0 0 0 0 0 0 
0 0 0 0 0 0 0 0 0 0 0 0 0 0 0 0 0 
0 0 0 0 0 0 0 0 1.97031 0 0 0 0 0 0 0 0 
