1 0 0 0 0 0 0 0 0 0 0 0 0 0 0 0 0 
0 0 0 0 0 0 0 0 0 0 0 0 0 0 0 0 0 
0 16 0 0 0 0 0 0 0 0 0 0 0 0 0 0 0 
0 0 32 0 0 0 0 0 0 0 0 0 0 0 0 0 0 
0 0 88 96.0171 24.0053 0 0 0 8.15164 0 0 0 0 0 0 0 0 
0 0 0 255.98 256.198 192.225 95.4066 65.2071 0 0 0 0 0 0 0 0 0 
0 0 0 208.003 736.017 688.683 708.287 623.484 768.284 0 0 0 0 0 0 0 0 
0 0 0 0 575.335 1662.14 1823.31 1918.67 1601.04 0 0 0 0 0 0 0 0 
0 0 0 0 228.445 1249.27 2922 3677.42 4352.78 0 0 0 0 0 0 0 0 
0 0 0 0 0 447.177 1568.15 3140.95 3262.83 0 0 0 0 0 0 0 0 
0 0 0 0 0 128.51 770.861 1390.84 2118.16 0 0 0 0 0 0 0 0 
0 0 0 0 0 0 63.7057 511.411 572.397 0 0 0 0 0 0 0 0 
0 0 0 0 0 0 56.279 95.9431 119.854 0 0 0 0 0 0 0 0 
0 0 0 0 0 0 0 0 64.4812 0 0 0 0 0 0 0 0 
0 0 0 0 0 0 0 16.0807 0 0 0 0 0 0 0 0 0 
0 0 0 0 0 0 0 0 0 0 0 0 0 0 0 0 0 
0 0 0 0 0 0 0 0 2.01028 0 0 0 0 0 0 0 0 
