1 0 0 0 0 0 0 0 0 0 0 0 0 0 0 0 0 
0 0 0 0 0 0 0 0 0 0 0 0 0 0 0 0 0 
0 16 0 0 0 0 0 0 0 0 0 0 0 0 0 0 0 
0 0 32 0 0 0 0 0 0 0 0 0 0 0 0 0 0 
0 0 88 96.2753 24.0698 0 0 0 8.125 0 0 0 0 0 0 0 0 
0 0 0 255.464 255.443 192.897 96.0015 64.9944 0 0 0 0 0 0 0 0 0 
0 0 0 208.261 736.835 686.214 707.138 620.287 766.246 0 0 0 0 0 0 0 0 
0 0 0 0 575.704 1664.35 1818.9 1926.97 1607.61 0 0 0 0 0 0 0 0 
0 0 0 0 227.947 1248.76 2928.73 3673.64 4346.71 0 0 0 0 0 0 0 0 
0 0 0 0 0 447.974 1568.48 3133.65 3265.59 0 0 0 0 0 0 0 0 
0 0 0 0 0 127.805 769.467 1400.15 2112.83 0 0 0 0 0 0 0 0 
0 0 0 0 0 0 63.0613 508.506 577.543 0 0 0 0 0 0 0 0 
0 0 0 0 0 0 56.2319 95.7272 120.065 0 0 0 0 0 0 0 0 
0 0 0 0 0 0 0 0 63.2697 0 0 0 0 0 0 0 0 
0 0 0 0 0 0 0 16.0678 0 0 0 0 0 0 0 0 0 
0 0 0 0 0 0 0 0 0 0 0 0 0 0 0 0 0 
0 0 0 0 0 0 0 0 2.00865 0 0 0 0 0 0 0 0 
