1 0 0 0 0 0 0 0 0 0 0 0 0 0 0 0 0 
0 0 0 0 0 0 0 0 0 0 0 0 0 0 0 0 0 
0 16 0 0 0 0 0 0 0 0 0 0 0 0 0 0 0 
0 0 32 0 0 0 0 0 0 0 0 0 0 0 0 0 0 
0 0 88 95.7411 23.9363 0 0 0 8.18098 0 0 0 0 0 0 0 0 
0 0 0 256.504 256.089 191.235 96.4414 65.4432 0 0 0 0 0 0 0 0 0 
0 0 0 207.755 735.204 689.158 701.921 618.756 772.151 0 0 0 0 0 0 0 0 
0 0 0 0 577.487 1663.49 1821.07 1922.58 1589.68 0 0 0 0 0 0 0 0 
0 0 0 0 227.285 1247.4 2936.09 3685.65 4367.6 0 0 0 0 0 0 0 0 
0 0 0 0 0 449.659 1566.29 3132.46 3253.54 0 0 0 0 0 0 0 0 
0 0 0 0 0 127.06 765.924 1388.81 2118.43 0 0 0 0 0 0 0 0 
0 0 0 0 0 0 64.7166 514.465 573.104 0 0 0 0 0 0 0 0 
0 0 0 0 0 0 55.5423 95.9655 121.155 0 0 0 0 0 0 0 0 
0 0 0 0 0 0 0 0 64.1688 0 0 0 0 0 0 0 0 
0 0 0 0 0 0 0 15.8704 0 0 0 0 0 0 0 0 0 
0 0 0 0 0 0 0 0 0 0 0 0 0 0 0 0 0 
0 0 0 0 0 0 0 0 1.98394 0 0 0 0 0 0 0 0 
