1 0 0 0 0 0 0 0 0 0 0 0 0 0 0 0 0 
0 0 0 0 0 0 0 0 0 0 0 0 0 0 0 0 0 
0 16 0 0 0 0 0 0 0 0 0 0 0 0 0 0 0 
0 0 32 0 0 0 0 0 0 0 0 0 0 0 0 0 0 
0 0 88 95.827 23.9597 0 0 0 7.79414 0 0 0 0 0 0 0 0 
0 0 0 256.346 256.472 191.898 95.4935 62.3502 0 0 0 0 0 0 0 0 0 
0 0 0 207.827 734.659 685.949 706.1 628.046 766.577 0 0 0 0 0 0 0 0 
0 0 0 0 577.474 1667.12 1820.18 1916.16 1603.25 0 0 0 0 0 0 0 0 
0 0 0 0 227.435 1247.39 2931.4 3687.59 4356.03 0 0 0 0 0 0 0 0 
0 0 0 0 0 448.69 1566.08 3124.59 3261.68 0 0 0 0 0 0 0 0 
0 0 0 0 0 126.954 769.37 1396.67 2112.5 0 0 0 0 0 0 0 0 
0 0 0 0 0 0 63.6917 513.228 576.95 0 0 0 0 0 0 0 0 
0 0 0 0 0 0 55.687 95.4551 118.539 0 0 0 0 0 0 0 0 
0 0 0 0 0 0 0 0 64.6899 0 0 0 0 0 0 0 0 
0 0 0 0 0 0 0 15.9115 0 0 0 0 0 0 0 0 0 
0 0 0 0 0 0 0 0 0 0 0 0 0 0 0 0 0 
0 0 0 0 0 0 0 0 1.98902 0 0 0 0 0 0 0 0 
