1 0 0 0 0 0 0 0 0 0 0 0 0 0 0 0 0 
0 0 0 0 0 0 0 0 0 0 0 0 0 0 0 0 0 
0 16 0 0 0 0 0 0 0 0 0 0 0 0 0 0 0 
0 0 32 0 0 0 0 0 0 0 0 0 0 0 0 0 0 
0 0 88 95.3618 23.8414 0 0 0 7.97041 0 0 0 0 0 0 0 0 
0 0 0 257.276 256.171 191.241 95.4789 63.7619 0 0 0 0 0 0 0 0 0 
0 0 0 207.362 735.342 689.652 702.318 624.218 770.615 0 0 0 0 0 0 0 0 
0 0 0 0 577.453 1662.27 1830.58 1922.34 1597.89 0 0 0 0 0 0 0 0 
0 0 0 0 227.192 1248.76 2919.9 3673.21 4345.81 0 0 0 0 0 0 0 0 
0 0 0 0 0 448.958 1573.93 3140.93 3276.58 0 0 0 0 0 0 0 0 
0 0 0 0 0 127.117 765.816 1393.44 2110.72 0 0 0 0 0 0 0 0 
0 0 0 0 0 0 63.9361 510.431 576.425 0 0 0 0 0 0 0 0 
0 0 0 0 0 0 56.0344 95.6576 118.466 0 0 0 0 0 0 0 0 
0 0 0 0 0 0 0 0 63.5294 0 0 0 0 0 0 0 0 
0 0 0 0 0 0 0 16.0103 0 0 0 0 0 0 0 0 0 
0 0 0 0 0 0 0 0 0 0 0 0 0 0 0 0 0 
0 0 0 0 0 0 0 0 2.00133 0 0 0 0 0 0 0 0 
