1 0 0 0 0 0 0 0 0 0 0 0 0 0 0 0 0 
0 0 0 0 0 0 0 0 0 0 0 0 0 0 0 0 0 
0 16 0 0 0 0 0 0 0 0 0 0 0 0 0 0 0 
0 0 32 0 0 0 0 0 0 0 0 0 0 0 0 0 0 
0 0 88 95.5667 23.8927 0 0 0 7.9525 0 0 0 0 0 0 0 0 
0 0 0 256.876 255.739 191.006 96.4898 63.6181 0 0 0 0 0 0 0 0 0 
0 0 0 207.557 736.241 686.922 700.938 624.804 765.867 0 0 0 0 0 0 0 0 
0 0 0 0 576.773 1668.56 1822.38 1916.72 1601.37 0 0 0 0 0 0 0 0 
0 0 0 0 227.355 1247.13 2936.99 3680.23 4353.15 0 0 0 0 0 0 0 0 
0 0 0 0 0 445.448 1565.55 3141.82 3271.27 0 0 0 0 0 0 0 0 
0 0 0 0 0 128.932 765.25 1390.98 2110.97 0 0 0 0 0 0 0 0 
0 0 0 0 0 0 63.9994 510.199 573.978 0 0 0 0 0 0 0 0 
0 0 0 0 0 0 56.4017 95.5124 119.558 0 0 0 0 0 0 0 0 
0 0 0 0 0 0 0 0 63.8696 0 0 0 0 0 0 0 0 
0 0 0 0 0 0 0 16.1151 0 0 0 0 0 0 0 0 0 
0 0 0 0 0 0 0 0 0 0 0 0 0 0 0 0 0 
0 0 0 0 0 0 0 0 2.01445 0 0 0 0 0 0 0 0 
