1 0 0 0 0 0 0 0 0 0 0 0 0 0 0 0 0 
0 0 0 0 0 0 0 0 0 0 0 0 0 0 0 0 0 
0 16 0 0 0 0 0 0 0 0 0 0 0 0 0 0 0 
0 0 32 0 0 0 0 0 0 0 0 0 0 0 0 0 0 
0 0 88 95.6635 23.9153 0 0 0 8.06943 0 0 0 0 0 0 0 0 
0 0 0 256.682 255.305 190.774 95.7912 64.5547 0 0 0 0 0 0 0 0 0 
0 0 0 207.654 736.777 690.945 703.87 626.586 769.776 0 0 0 0 0 0 0 0 
0 0 0 0 576.904 1661.79 1826.76 1915.85 1602.78 0 0 0 0 0 0 0 0 
0 0 0 0 227.099 1248.43 2925.82 3685.15 4348.29 0 0 0 0 0 0 0 0 
0 0 0 0 0 448.133 1565.84 3128.91 3265.73 0 0 0 0 0 0 0 0 
0 0 0 0 0 127.93 770.042 1391.51 2111.82 0 0 0 0 0 0 0 0 
0 0 0 0 0 0 63.6807 515.224 576.801 0 0 0 0 0 0 0 0 
0 0 0 0 0 0 56.1944 96.154 120.923 0 0 0 0 0 0 0 0 
0 0 0 0 0 0 0 0 63.8081 0 0 0 0 0 0 0 0 
0 0 0 0 0 0 0 16.0559 0 0 0 0 0 0 0 0 0 
0 0 0 0 0 0 0 0 0 0 0 0 0 0 0 0 0 
0 0 0 0 0 0 0 0 2.00701 0 0 0 0 0 0 0 0 
