1 0 0 0 0 0 0 0 0 0 0 0 0 0 0 0 0 
0 0 0 0 0 0 0 0 0 0 0 0 0 0 0 0 0 
0 16 0 0 0 0 0 0 0 0 0 0 0 0 0 0 0 
0 0 32 0 0 0 0 0 0 0 0 0 0 0 0 0 0 
0 0 88 95.6782 23.9205 0 0 0 8.07827 0 0 0 0 0 0 0 0 
0 0 0 256.653 256.093 191.483 96.4713 64.6251 0 0 0 0 0 0 0 0 0 
0 0 0 207.669 736.164 689.575 706.472 621.058 768.484 0 0 0 0 0 0 0 0 
0 0 0 0 575.755 1663.85 1820.44 1924.82 1596.81 0 0 0 0 0 0 0 0 
0 0 0 0 228.069 1246.47 2928.05 3676 4361.32 0 0 0 0 0 0 0 0 
0 0 0 0 0 447.95 1567.35 3134.48 3255.14 0 0 0 0 0 0 0 0 
0 0 0 0 0 128.672 768.724 1399.74 2122.53 0 0 0 0 0 0 0 0 
0 0 0 0 0 0 64.0867 506.65 573.015 0 0 0 0 0 0 0 0 
0 0 0 0 0 0 56.3993 96.511 118.518 0 0 0 0 0 0 0 0 
0 0 0 0 0 0 0 0 64.0988 0 0 0 0 0 0 0 0 
0 0 0 0 0 0 0 16.1147 0 0 0 0 0 0 0 0 0 
0 0 0 0 0 0 0 0 0 0 0 0 0 0 0 0 0 
0 0 0 0 0 0 0 0 2.01437 0 0 0 0 0 0 0 0 
