1 0 0 0 0 0 0 0 0 0 0 0 0 0 0 0 0 
0 0 0 0 0 0 0 0 0 0 0 0 0 0 0 0 0 
0 16 0 0 0 0 0 0 0 0 0 0 0 0 0 0 0 
0 0 32 0 0 0 0 0 0 0 0 0 0 0 0 0 0 
0 0 88 95.397 23.8502 0 0 0 7.99287 0 0 0 0 0 0 0 0 
0 0 0 257.206 255.574 191.584 96.4094 63.9409 0 0 0 0 0 0 0 0 0 
0 0 0 207.397 736.963 688.307 702.99 625.43 767.491 0 0 0 0 0 0 0 0 
0 0 0 0 575.967 1663.31 1823.36 1914.13 1596.93 0 0 0 0 0 0 0 0 
0 0 0 0 227.646 1249.75 2927.68 3683.18 4357.47 0 0 0 0 0 0 0 0 
0 0 0 0 0 447.47 1571.52 3139.66 3271.41 0 0 0 0 0 0 0 0 
0 0 0 0 0 127.581 767.141 1391.68 2108.48 0 0 0 0 0 0 0 0 
0 0 0 0 0 0 63.0072 510.298 573.369 0 0 0 0 0 0 0 0 
0 0 0 0 0 0 55.8883 95.717 120.933 0 0 0 0 0 0 0 0 
0 0 0 0 0 0 0 0 63.9302 0 0 0 0 0 0 0 0 
0 0 0 0 0 0 0 15.9682 0 0 0 0 0 0 0 0 0 
0 0 0 0 0 0 0 0 0 0 0 0 0 0 0 0 0 
0 0 0 0 0 0 0 0 1.99609 0 0 0 0 0 0 0 0 
