1 0 0 0 0 0 0 0 0 0 0 0 0 0 0 0 0 
0 0 0 0 0 0 0 0 0 0 0 0 0 0 0 0 0 
0 16 0 0 0 0 0 0 0 0 0 0 0 0 0 0 0 
0 0 32 0 0 0 0 0 0 0 0 0 0 0 0 0 0 
0 0 88 95.6371 23.9102 0 0 0 7.96838 0 0 0 0 0 0 0 0 
0 0 0 256.735 254.584 190.247 95.1361 63.7451 0 0 0 0 0 0 0 0 0 
0 0 0 207.628 736.748 687.015 701.957 627.627 767.302 0 0 0 0 0 0 0 0 
0 0 0 0 579.182 1667.01 1828.24 1913.36 1602.42 0 0 0 0 0 0 0 0 
0 0 0 0 225.575 1248.39 2925.9 3682.18 4355.13 0 0 0 0 0 0 0 0 
0 0 0 0 0 451.035 1568.25 3130.55 3264.3 0 0 0 0 0 0 0 0 
0 0 0 0 0 124.3 770.918 1403.86 2106.8 0 0 0 0 0 0 0 0 
0 0 0 0 0 0 63.1928 508.383 581.141 0 0 0 0 0 0 0 0 
0 0 0 0 0 0 54.414 94.7361 119.141 0 0 0 0 0 0 0 0 
0 0 0 0 0 0 0 0 63.8562 0 0 0 0 0 0 0 0 
0 0 0 0 0 0 0 15.5472 0 0 0 0 0 0 0 0 0 
0 0 0 0 0 0 0 0 0 0 0 0 0 0 0 0 0 
0 0 0 0 0 0 0 0 1.94346 0 0 0 0 0 0 0 0 
