1 0 0 0 0 0 0 0 0 0 0 0 0 0 0 0 0 
0 0 0 0 0 0 0 0 0 0 0 0 0 0 0 0 0 
0 16 0 0 0 0 0 0 0 0 0 0 0 0 0 0 0 
0 0 32 0 0 0 0 0 0 0 0 0 0 0 0 0 0 
0 0 88 95.8572 23.9653 0 0 0 7.98233 0 0 0 0 0 0 0 0 
0 0 0 256.295 256.342 192.53 95.5923 63.8616 0 0 0 0 0 0 0 0 0 
0 0 0 207.848 735.425 689.64 703.63 622.771 766.565 0 0 0 0 0 0 0 0 
0 0 0 0 576.303 1660.62 1821.56 1922.39 1601.68 0 0 0 0 0 0 0 0 
0 0 0 0 227.964 1248 2934.77 3677.44 4358.93 0 0 0 0 0 0 0 0 
0 0 0 0 0 449.025 1565.69 3135.31 3259.38 0 0 0 0 0 0 0 0 
0 0 0 0 0 128.185 766.7 1397.94 2113.29 0 0 0 0 0 0 0 0 
0 0 0 0 0 0 63.9902 508.944 576.023 0 0 0 0 0 0 0 0 
0 0 0 0 0 0 56.0698 95.3161 120.148 0 0 0 0 0 0 0 0 
0 0 0 0 0 0 0 0 63.9886 0 0 0 0 0 0 0 0 
0 0 0 0 0 0 0 16.0202 0 0 0 0 0 0 0 0 0 
0 0 0 0 0 0 0 0 0 0 0 0 0 0 0 0 0 
0 0 0 0 0 0 0 0 2.00253 0 0 0 0 0 0 0 0 
