1 0 0 0 0 0 0 0 0 0 0 0 0 0 0 0 0 
0 0 0 0 0 0 0 0 0 0 0 0 0 0 0 0 0 
0 16 0 0 0 0 0 0 0 0 0 0 0 0 0 0 0 
0 0 32 0 0 0 0 0 0 0 0 0 0 0 0 0 0 
0 0 88 95.5345 23.8846 0 0 0 8.02275 0 0 0 0 0 0 0 0 
0 0 0 256.94 254.853 192.775 95.4997 64.1808 0 0 0 0 0 0 0 0 0 
0 0 0 207.525 737.036 688.102 708.718 624.701 772.975 0 0 0 0 0 0 0 0 
0 0 0 0 577.872 1659.2 1818.89 1925.92 1599.28 0 0 0 0 0 0 0 0 
0 0 0 0 226.354 1252.78 2926.56 3665.13 4343.75 0 0 0 0 0 0 0 0 
0 0 0 0 0 448.635 1568 3143.57 3270.49 0 0 0 0 0 0 0 0 
0 0 0 0 0 126.504 771.117 1392.25 2110.66 0 0 0 0 0 0 0 0 
0 0 0 0 0 0 64.2765 512.562 581.067 0 0 0 0 0 0 0 0 
0 0 0 0 0 0 54.9415 95.986 118.305 0 0 0 0 0 0 0 0 
0 0 0 0 0 0 0 0 63.4813 0 0 0 0 0 0 0 0 
0 0 0 0 0 0 0 15.6979 0 0 0 0 0 0 0 0 0 
0 0 0 0 0 0 0 0 0 0 0 0 0 0 0 0 0 
0 0 0 0 0 0 0 0 1.96227 0 0 0 0 0 0 0 0 
