1 0 0 0 0 0 0 0 0 0 0 0 0 0 0 0 0 
0 0 0 0 0 0 0 0 0 0 0 0 0 0 0 0 0 
0 16 0 0 0 0 0 0 0 0 0 0 0 0 0 0 0 
0 0 32 0 0 0 0 0 0 0 0 0 0 0 0 0 0 
0 0 88 95.4465 23.8611 0 0 0 8.0885 0 0 0 0 0 0 0 0 
0 0 0 257.116 255.68 190.605 95.8448 64.7059 0 0 0 0 0 0 0 0 0 
0 0 0 207.437 736.435 688.636 699.255 621.257 769.766 0 0 0 0 0 0 0 0 
0 0 0 0 576.68 1667.21 1833.51 1923.75 1598.16 0 0 0 0 0 0 0 0 
0 0 0 0 227.344 1246.57 2925.09 3678.18 4356.28 0 0 0 0 0 0 0 0 
0 0 0 0 0 445.801 1566.22 3135.23 3262.43 0 0 0 0 0 0 0 0 
0 0 0 0 0 129.181 767.2 1393.49 2112.62 0 0 0 0 0 0 0 0 
0 0 0 0 0 0 64.776 511.598 576.111 0 0 0 0 0 0 0 0 
0 0 0 0 0 0 56.1041 95.7657 120.71 0 0 0 0 0 0 0 0 
0 0 0 0 0 0 0 0 63.8375 0 0 0 0 0 0 0 0 
0 0 0 0 0 0 0 16.0301 0 0 0 0 0 0 0 0 0 
0 0 0 0 0 0 0 0 0 0 0 0 0 0 0 0 0 
0 0 0 0 0 0 0 0 2.00383 0 0 0 0 0 0 0 0 
