1 0 0 0 0 0 0 0 0 0 0 0 0 0 0 0 0 
0 0 0 0 0 0 0 0 0 0 0 0 0 0 0 0 0 
0 16 0 0 0 0 0 0 0 0 0 0 0 0 0 0 0 
0 0 32 0 0 0 0 0 0 0 0 0 0 0 0 0 0 
0 0 88 95.6166 23.905 0 0 0 7.90883 0 0 0 0 0 0 0 0 
0 0 0 256.776 255.439 192.23 95.8622 63.2689 0 0 0 0 0 0 0 0 0 
0 0 0 207.607 737.278 687.927 706.662 623.847 767.187 0 0 0 0 0 0 0 0 
0 0 0 0 575.577 1662.84 1816.07 1920.55 1604.69 0 0 0 0 0 0 0 0 
0 0 0 0 227.8 1249 2936.22 3681.04 4347.24 0 0 0 0 0 0 0 0 
0 0 0 0 0 448.7 1565.02 3135.3 3273.52 0 0 0 0 0 0 0 0 
0 0 0 0 0 127.3 768.547 1392.68 2106.7 0 0 0 0 0 0 0 0 
0 0 0 0 0 0 63.7767 512.051 575.556 0 0 0 0 0 0 0 0 
0 0 0 0 0 0 55.8484 95.3096 121.278 0 0 0 0 0 0 0 0 
0 0 0 0 0 0 0 0 63.9325 0 0 0 0 0 0 0 0 
0 0 0 0 0 0 0 15.957 0 0 0 0 0 0 0 0 0 
0 0 0 0 0 0 0 0 0 0 0 0 0 0 0 0 0 
0 0 0 0 0 0 0 0 1.99468 0 0 0 0 0 0 0 0 
