1 0 0 0 0 0 0 0 0 0 0 0 0 0 0 0 0 
0 0 0 0 0 0 0 0 0 0 0 0 0 0 0 0 0 
0 16 0 0 0 0 0 0 0 0 0 0 0 0 0 0 0 
0 0 32 0 0 0 0 0 0 0 0 0 0 0 0 0 0 
0 0 88 95.7692 23.9433 0 0 0 8.08963 0 0 0 0 0 0 0 0 
0 0 0 256.471 256.503 191.724 96.51 64.7149 0 0 0 0 0 0 0 0 0 
0 0 0 207.76 735.68 688.464 702.245 621.18 767.419 0 0 0 0 0 0 0 0 
0 0 0 0 575.398 1663.02 1819.64 1919.79 1595.63 0 0 0 0 0 0 0 0 
0 0 0 0 228.475 1248.92 2937.26 3682.84 4356.64 0 0 0 0 0 0 0 0 
0 0 0 0 0 448.654 1566.24 3138.86 3271.56 0 0 0 0 0 0 0 0 
0 0 0 0 0 127.223 766.705 1388.58 2113.09 0 0 0 0 0 0 0 0 
0 0 0 0 0 0 63.6267 511.671 572.571 0 0 0 0 0 0 0 0 
0 0 0 0 0 0 55.77 96.426 119.462 0 0 0 0 0 0 0 0 
0 0 0 0 0 0 0 0 63.5501 0 0 0 0 0 0 0 0 
0 0 0 0 0 0 0 15.9348 0 0 0 0 0 0 0 0 0 
0 0 0 0 0 0 0 0 0 0 0 0 0 0 0 0 0 
0 0 0 0 0 0 0 0 1.99191 0 0 0 0 0 0 0 0 
