1 0 0 0 0 0 0 0 0 0 0 0 0 0 0 0 0 
0 0 0 0 0 0 0 0 0 0 0 0 0 0 0 0 0 
0 16 0 0 0 0 0 0 0 0 0 0 0 0 0 0 0 
0 0 32 0 0 0 0 0 0 0 0 0 0 0 0 0 0 
0 0 88 95.3819 23.8449 0 0 0 8.04865 0 0 0 0 0 0 0 0 
0 0 0 257.246 255.613 192.184 95.654 64.3878 0 0 0 0 0 0 0 0 0 
0 0 0 207.373 737.085 687.982 702.962 621.169 770.242 0 0 0 0 0 0 0 0 
0 0 0 0 575.645 1662.29 1823.32 1923.47 1592.12 0 0 0 0 0 0 0 0 
0 0 0 0 227.813 1249.38 2930.82 3679.74 4361.07 0 0 0 0 0 0 0 0 
0 0 0 0 0 449.599 1569.33 3133.99 3268.91 0 0 0 0 0 0 0 0 
0 0 0 0 0 126.567 766.466 1394.39 2108.09 0 0 0 0 0 0 0 0 
0 0 0 0 0 0 64.0886 511.023 574.467 0 0 0 0 0 0 0 0 
0 0 0 0 0 0 55.362 96.0169 121.022 0 0 0 0 0 0 0 0 
0 0 0 0 0 0 0 0 64.0453 0 0 0 0 0 0 0 0 
0 0 0 0 0 0 0 15.8182 0 0 0 0 0 0 0 0 0 
0 0 0 0 0 0 0 0 0 0 0 0 0 0 0 0 0 
0 0 0 0 0 0 0 0 1.97732 0 0 0 0 0 0 0 0 
