1 0 0 0 0 0 0 0 0 0 0 0 0 0 0 0 0 0 0 0 0 0 0 0 0 0 0 0 0 0 0 0 0 0 0 0 0 0 0 0 0 0 0 0 0 0 0 0 0 0 0 0 0 0 0 0 0 0 0 0 0 0 0 0 0 
0 0 0 0 0 0 0 0 0 0 0 0 0 0 0 0 0 0 0 0 0 0 0 0 0 0 0 0 0 0 0 0 0 0 0 0 0 0 0 0 0 0 0 0 0 0 0 0 0 0 0 0 0 0 0 0 0 0 0 0 0 0 0 0 0 
0 64 0 0 0 0 0 0 0 0 0 0 0 0 0 0 0 0 0 0 0 0 0 0 0 0 0 0 0 0 0 0 0 0 0 0 0 0 0 0 0 0 0 0 0 0 0 0 0 0 0 0 0 0 0 0 0 0 0 0 0 0 0 0 0 
0 0 128 0 0 0 0 0 0 0 0 0 0 0 0 0 0 0 0 0 0 0 0 0 0 0 0 0 0 0 0 0 0 0 0 0 0 0 0 0 0 0 0 0 0 0 0 0 0 0 0 0 0 0 0 0 0 0 0 0 0 0 0 0 0 
0 0 1888 384.56 64.1687 0 0 0 0 0 0 0 0 0 0 0 0 0 0 0 0 0 0 0 0 0 0 0 0 0 0 0 0 0 0 0 0 0 0 0 0 0 0 0 0 0 0 0 0 0 0 0 0 0 0 0 0 0 0 0 0 0 0 0 0 
0 0 0 7166.88 1156.2 514.162 128.236 0 0 0 0 0 0 0 0 0 0 0 0 0 0 0 0 0 0 0 0 0 0 0 0 0 0 0 0 0 0 0 0 0 0 0 0 0 0 0 0 0 0 0 0 0 0 0 0 0 0 0 0 0 0 0 0 0 0 
0 0 0 34112.6 27323.2 6859.8 2554.67 1406.41 378.705 62.1555 0 0 0 0 0 0 0 0 0 0 0 0 0 0 0 0 0 0 0 0 0 0 0 0 0 0 0 0 0 0 0 0 0 0 0 0 0 0 0 0 0 0 0 0 0 0 0 0 0 0 0 0 0 0 0 
0 0 0 0 183676 97149.3 42761.3 16775.8 8557.22 4606.64 1922.31 506.347 125.525 0 0 0 0 0 0 0 0 0 0 0 0 0 0 0 0 0 0 0 0 0 0 0 0 0 0 0 0 0 0 0 0 0 0 0 0 0 0 0 0 0 0 0 0 0 0 0 0 0 0 0 0 
0 0 0 0 423156 829553 412747 222392 121541 58954.3 33507.6 19827.3 9575.93 4318.02 1407.94 385.636 82.2273 0 0 0 0 0 0 0 15.6585 0 0 0 0 0 0 0 15.8925 0 0 0 0 0 0 0 0 0 0 0 0 0 0 0 0 0 0 0 0 0 0 0 0 0 0 0 0 0 0 0 0 
0 0 0 0 0 2.8604e+06 3.32302e+06 1.98007e+06 1.14154e+06 723761 428006 249472 154188 94236.3 54988.4 29502.6 14147.2 6035.76 2182.86 782.409 380.123 265.967 238.224 241.704 0 256.265 259.133 260.872 254.24 264.542 250.765 253.007 0 0 0 0 0 0 0 0 0 0 0 0 0 0 0 0 0 0 0 0 0 0 0 0 0 0 0 0 0 0 0 0 0 
0 0 0 0 0 3.83004e+06 1.46084e+07 1.35132e+07 9.37445e+06 6.10585e+06 4.03476e+06 2.68164e+06 1.79453e+06 1.16505e+06 773686 510959 329467 205768 119872 68577.3 36832.9 20621.2 13484.2 10858.3 11726.5 9648.51 9319.13 9285.47 9406.96 9156.94 9318.26 9585.57 11370.7 0 0 0 0 0 0 0 0 0 0 0 0 0 0 0 0 0 0 0 0 0 0 0 0 0 0 0 0 0 0 0 0 
0 0 0 0 0 0 3.03373e+07 6.37731e+07 5.74701e+07 4.33297e+07 3.14353e+07 2.23959e+07 1.59116e+07 1.15215e+07 8.22348e+06 5.89268e+06 4.17375e+06 2.95809e+06 2.09669e+06 1.45327e+06 1.02047e+06 700976 498834 367343 282214 246353 231515 224842 218917 217128 213980 214504 206324 0 0 0 0 0 0 0 0 0 0 0 0 0 0 0 0 0 0 0 0 0 0 0 0 0 0 0 0 0 0 0 0 
0 0 0 0 0 0 2.62475e+07 1.69413e+08 2.62832e+08 2.46403e+08 1.9958e+08 1.56088e+08 1.19218e+08 9.03959e+07 6.90982e+07 5.25883e+07 4.03081e+07 3.07274e+07 2.33031e+07 1.78409e+07 1.36634e+07 1.06119e+07 8.32555e+06 6.61037e+06 5.48824e+06 4.64104e+06 4.02188e+06 3.62439e+06 3.41052e+06 3.25578e+06 3.21118e+06 3.20027e+06 3.21282e+06 0 0 0 0 0 0 0 0 0 0 0 0 0 0 0 0 0 0 0 0 0 0 0 0 0 0 0 0 0 0 0 0 
0 0 0 0 0 0 0 2.32727e+08 7.85581e+08 1.0674e+09 1.04183e+09 9.02877e+08 7.51131e+08 6.08088e+08 4.90125e+08 3.9385e+08 3.16166e+08 2.54253e+08 2.05383e+08 1.66522e+08 1.35479e+08 1.10054e+08 9.09165e+07 7.64458e+07 6.53146e+07 5.65537e+07 5.01179e+07 4.59786e+07 4.23768e+07 3.97836e+07 3.86447e+07 3.75637e+07 3.74371e+07 0 0 0 0 0 0 0 0 0 0 0 0 0 0 0 0 0 0 0 0 0 0 0 0 0 0 0 0 0 0 0 0 
0 0 0 0 0 0 0 1.39569e+08 1.38387e+09 3.302e+09 4.28268e+09 4.3398e+09 3.98957e+09 3.49598e+09 2.98547e+09 2.52875e+09 2.12269e+09 1.78476e+09 1.50464e+09 1.27208e+09 1.07684e+09 9.18137e+08 7.86499e+08 6.83082e+08 6.02539e+08 5.33434e+08 4.82043e+08 4.42292e+08 4.10839e+08 3.90885e+08 3.77981e+08 3.69804e+08 3.68354e+08 0 0 0 0 0 0 0 0 0 0 0 0 0 0 0 0 0 0 0 0 0 0 0 0 0 0 0 0 0 0 0 0 
0 0 0 0 0 0 0 0 1.34029e+09 6.66962e+09 1.31382e+10 1.68351e+10 1.77263e+10 1.70844e+10 1.56899e+10 1.40667e+10 1.24373e+10 1.0921e+10 9.52566e+09 8.31969e+09 7.32776e+09 6.47196e+09 5.72966e+09 5.08311e+09 4.57825e+09 4.16619e+09 3.83074e+09 3.54264e+09 3.33107e+09 3.18216e+09 3.0718e+09 3.03097e+09 3.00393e+09 0 0 0 0 0 0 0 0 0 0 0 0 0 0 0 0 0 0 0 0 0 0 0 0 0 0 0 0 0 0 0 0 
0 0 0 0 0 0 0 0 5.85478e+08 8.31466e+09 2.83953e+10 5.03793e+10 6.45439e+10 7.04199e+10 7.086e+10 6.78688e+10 6.33243e+10 5.82364e+10 5.29341e+10 4.80955e+10 4.34539e+10 3.9356e+10 3.58737e+10 3.2712e+10 3.01038e+10 2.78382e+10 2.60881e+10 2.44726e+10 2.33539e+10 2.23595e+10 2.17917e+10 2.15314e+10 2.13258e+10 0 0 0 0 0 0 0 0 0 0 0 0 0 0 0 0 0 0 0 0 0 0 0 0 0 0 0 0 0 0 0 0 
0 0 0 0 0 0 0 0 0 5.92901e+09 4.09252e+10 1.11311e+11 1.86602e+11 2.41365e+11 2.71643e+11 2.83351e+11 2.82674e+11 2.73208e+11 2.60131e+11 2.4425e+11 2.29282e+11 2.13581e+11 1.98849e+11 1.86546e+11 1.74589e+11 1.64688e+11 1.55806e+11 1.49115e+11 1.42705e+11 1.38747e+11 1.35734e+11 1.33651e+11 1.33964e+11 0 0 0 0 0 0 0 0 0 0 0 0 0 0 0 0 0 0 0 0 0 0 0 0 0 0 0 0 0 0 0 0 
0 0 0 0 0 0 0 0 0 1.96127e+09 3.76588e+10 1.74412e+11 4.11213e+11 6.66286e+11 8.73521e+11 1.01338e+12 1.09336e+12 1.1263e+12 1.12658e+12 1.10485e+12 1.07102e+12 1.03026e+12 9.85627e+11 9.44241e+11 9.02234e+11 8.66841e+11 8.32591e+11 8.06361e+11 7.81523e+11 7.64077e+11 7.50699e+11 7.45494e+11 7.42728e+11 0 0 0 0 0 0 0 0 0 0 0 0 0 0 0 0 0 0 0 0 0 0 0 0 0 0 0 0 0 0 0 0 
0 0 0 0 0 0 0 0 0 0 2.05015e+10 1.86437e+11 6.70818e+11 1.4449e+12 2.29822e+12 3.05213e+12 3.63171e+12 4.03592e+12 4.28802e+12 4.42178e+12 4.45904e+12 4.43894e+12 4.37597e+12 4.29052e+12 4.19509e+12 4.08763e+12 3.99825e+12 3.91591e+12 3.84264e+12 3.78412e+12 3.74395e+12 3.72551e+12 3.71803e+12 0 0 0 0 0 0 0 0 0 0 0 0 0 0 0 0 0 0 0 0 0 0 0 0 0 0 0 0 0 0 0 0 
0 0 0 0 0 0 0 0 0 0 5.29428e+09 1.31152e+11 7.85942e+11 2.38719e+12 4.83726e+12 7.63049e+12 1.0275e+13 1.25246e+13 1.42848e+13 1.55555e+13 1.648e+13 1.70112e+13 1.73527e+13 1.74638e+13 1.74826e+13 1.74309e+13 1.73107e+13 1.71447e+13 1.70079e+13 1.68988e+13 1.68053e+13 1.6775e+13 1.6739e+13 0 0 0 0 0 0 0 0 0 0 0 0 0 0 0 0 0 0 0 0 0 0 0 0 0 0 0 0 0 0 0 0 
0 0 0 0 0 0 0 0 0 0 0 5.60528e+10 6.43965e+11 2.94232e+12 7.95329e+12 1.54475e+13 2.42545e+13 3.31354e+13 4.12544e+13 4.81672e+13 5.37378e+13 5.82285e+13 6.13883e+13 6.3796e+13 6.55826e+13 6.67053e+13 6.7469e+13 6.79727e+13 6.82809e+13 6.83676e+13 6.83611e+13 6.83778e+13 6.84009e+13 0 0 0 0 0 0 0 0 0 0 0 0 0 0 0 0 0 0 0 0 0 0 0 0 0 0 0 0 0 0 0 0 
0 0 0 0 0 0 0 0 0 0 0 1.15915e+10 3.55615e+11 2.65127e+12 1.00298e+13 2.49419e+13 4.70027e+13 7.36313e+13 1.01755e+14 1.29175e+14 1.53918e+14 1.75385e+14 1.93598e+14 2.08537e+14 2.20382e+14 2.29602e+14 2.37056e+14 2.42402e+14 2.46454e+14 2.49151e+14 2.51242e+14 2.52431e+14 2.52538e+14 0 0 0 0 0 0 0 0 0 0 0 0 0 0 0 0 0 0 0 0 0 0 0 0 0 0 0 0 0 0 0 0 
0 0 0 0 0 0 0 0 0 0 0 0 1.22242e+11 1.70905e+12 9.56636e+12 3.15405e+13 7.37376e+13 1.35968e+14 2.12991e+14 2.97583e+14 3.82838e+14 4.64567e+14 5.39815e+14 6.05132e+14 6.62091e+14 7.08961e+14 7.48181e+14 7.79069e+14 8.03955e+14 8.22568e+14 8.34521e+14 8.41679e+14 8.44148e+14 0 0 0 0 0 0 0 0 0 0 0 0 0 0 0 0 0 0 0 0 0 0 0 0 0 0 0 0 0 0 0 0 
0 0 0 0 0 0 0 0 0 0 0 0 2.06708e+10 7.58845e+11 6.79432e+12 3.10144e+13 9.22926e+13 2.05393e+14 3.72662e+14 5.83292e+14 8.22654e+14 1.07089e+15 1.31756e+15 1.55202e+15 1.76491e+15 1.95409e+15 2.11496e+15 2.25006e+15 2.35888e+15 2.43963e+15 2.50185e+15 2.538e+15 2.54806e+15 0 0 0 0 0 0 0 0 0 0 0 0 0 0 0 0 0 0 0 0 0 0 0 0 0 0 0 0 0 0 0 0 
0 0 0 0 0 0 0 0 0 0 0 0 0 2.13701e+11 3.52029e+12 2.33644e+13 9.1521e+13 2.51741e+14 5.38465e+14 9.6242e+14 1.50585e+15 2.13821e+15 2.81286e+15 3.49446e+15 4.15392e+15 4.77427e+15 5.33306e+15 5.80727e+15 6.18868e+15 6.50358e+15 6.72962e+15 6.85822e+15 6.903e+15 0 0 0 0 0 0 0 0 0 0 0 0 0 0 0 0 0 0 0 0 0 0 0 0 0 0 0 0 0 0 0 0 
0 0 0 0 0 0 0 0 0 0 0 0 0 3.02093e+10 1.28298e+12 1.33605e+13 7.12861e+13 2.47925e+14 6.39031e+14 1.32443e+15 2.33474e+15 3.64331e+15 5.18673e+15 6.8735e+15 8.60802e+15 1.02996e+16 1.18788e+16 1.33058e+16 1.45194e+16 1.5488e+16 1.61755e+16 1.66022e+16 1.67493e+16 0 0 0 0 0 0 0 0 0 0 0 0 0 0 0 0 0 0 0 0 0 0 0 0 0 0 0 0 0 0 0 0 
0 0 0 0 0 0 0 0 0 0 0 0 0 0 3.0162e+11 5.67673e+12 4.33456e+13 1.95724e+14 6.19193e+14 1.51084e+15 3.04203e+15 5.29022e+15 8.2184e+15 1.1697e+16 1.55298e+16 1.94964e+16 2.33944e+16 2.69808e+16 3.01598e+16 3.27592e+16 3.46866e+16 3.58305e+16 3.6231e+16 0 0 0 0 0 0 0 0 0 0 0 0 0 0 0 0 0 0 0 0 0 0 0 0 0 0 0 0 0 0 0 0 
0 0 0 0 0 0 0 0 0 0 0 0 0 0 3.62577e+10 1.72776e+12 2.03007e+13 1.23216e+14 4.87359e+14 1.42321e+15 3.31232e+15 6.48735e+15 1.11156e+16 1.7141e+16 2.42911e+16 3.21848e+16 4.02973e+16 4.81791e+16 5.52865e+16 6.12847e+16 6.57734e+16 6.85992e+16 6.95323e+16 0 0 0 0 0 0 0 0 0 0 0 0 0 0 0 0 0 0 0 0 0 0 0 0 0 0 0 0 0 0 0 0 
0 0 0 0 0 0 0 0 0 0 0 0 0 0 0 3.44994e+11 7.21031e+12 6.1425e+13 3.11355e+14 1.10463e+15 3.00917e+15 6.70729e+15 1.27819e+16 2.1519e+16 3.2805e+16 4.60857e+16 6.05727e+16 7.52722e+16 8.90299e+16 1.00913e+17 1.10047e+17 1.15792e+17 1.17859e+17 0 0 0 0 0 0 0 0 0 0 0 0 0 0 0 0 0 0 0 0 0 0 0 0 0 0 0 0 0 0 0 0 
0 0 0 0 0 0 0 0 0 0 0 0 0 0 0 3.59176e+10 1.86427e+12 2.40512e+13 1.61053e+14 7.05451e+14 2.27905e+15 5.83626e+15 1.24682e+16 2.3089e+16 3.80946e+16 5.71185e+16 7.91143e+16 1.02457e+17 1.25366e+17 1.45551e+17 1.61564e+17 1.71914e+17 1.75317e+17 0 0 0 0 0 0 0 0 0 0 0 0 0 0 0 0 0 0 0 0 0 0 0 0 0 0 0 0 0 0 0 0 
0 0 0 0 0 0 0 0 0 0 0 0 0 0 0 0 3.21067e+11 7.24844e+12 6.71775e+13 3.71373e+14 1.43811e+15 4.27048e+15 1.03248e+16 2.11549e+16 3.79339e+16 6.10194e+16 8.95404e+16 1.21508e+17 1.53905e+17 1.83893e+17 2.08044e+17 2.23478e+17 2.2889e+17 0 0 0 0 0 0 0 0 0 0 0 0 0 0 0 0 0 0 0 0 0 0 0 0 0 0 0 0 0 0 0 0 
0 0 0 0 0 0 0 0 0 0 0 0 0 0 0 0 2.94747e+10 1.61583e+12 2.22868e+13 1.60455e+14 7.57544e+14 2.63649e+15 7.25151e+15 1.65527e+16 3.2493e+16 5.62427e+16 8.76403e+16 1.24831e+17 1.64681e+17 2.02474e+17 2.33534e+17 2.54108e+17 2.61266e+17 0 0 0 0 0 0 0 0 0 0 0 0 0 0 0 0 0 0 0 0 0 0 0 0 0 0 0 0 0 0 0 0 
0 0 0 0 0 0 0 0 0 0 0 0 0 0 0 0 0 2.43709e+11 5.78794e+12 5.67992e+13 3.34124e+14 1.37495e+15 4.33683e+15 1.109e+16 2.38977e+16 4.47499e+16 7.44059e+16 1.11699e+17 1.53318e+17 1.94259e+17 2.29028e+17 2.52377e+17 2.60563e+17 0 0 0 0 0 0 0 0 0 0 0 0 0 0 0 0 0 0 0 0 0 0 0 0 0 0 0 0 0 0 0 0 
0 0 0 0 0 0 0 0 0 0 0 0 0 0 0 0 0 2.01613e+10 1.13084e+12 1.62608e+13 1.2234e+14 6.07959e+14 2.21828e+15 6.3891e+15 1.51865e+16 3.08284e+16 5.4783e+16 8.6805e+16 1.24371e+17 1.62942e+17 1.96543e+17 2.19523e+17 2.27693e+17 0 0 0 0 0 0 0 0 0 0 0 0 0 0 0 0 0 0 0 0 0 0 0 0 0 0 0 0 0 0 0 0 
0 0 0 0 0 0 0 0 0 0 0 0 0 0 0 0 0 0 1.51736e+11 3.69084e+12 3.74298e+13 2.27244e+14 9.71274e+14 3.16945e+15 8.35537e+15 1.84634e+16 3.51407e+16 5.88998e+16 8.82158e+16 1.19544e+17 1.47687e+17 1.67171e+17 1.74301e+17 0 0 0 0 0 0 0 0 0 0 0 0 0 0 0 0 0 0 0 0 0 0 0 0 0 0 0 0 0 0 0 0 
0 0 0 0 0 0 0 0 0 0 0 0 0 0 0 0 0 0 1.15805e+10 6.41736e+11 9.35954e+12 7.19932e+13 3.65348e+14 1.36286e+15 4.00184e+15 9.65013e+15 1.97638e+16 3.50888e+16 5.49975e+16 7.70759e+16 9.75327e+16 1.12121e+17 1.1722e+17 0 0 0 0 0 0 0 0 0 0 0 0 0 0 0 0 0 0 0 0 0 0 0 0 0 0 0 0 0 0 0 0 
0 0 0 0 0 0 0 0 0 0 0 0 0 0 0 0 0 0 0 7.79746e+10 1.88842e+12 1.92392e+13 1.18009e+14 5.08963e+14 1.67321e+15 4.4281e+15 9.75477e+15 1.84017e+16 3.02501e+16 4.39407e+16 5.69828e+16 6.6435e+16 6.99893e+16 0 0 0 0 0 0 0 0 0 0 0 0 0 0 0 0 0 0 0 0 0 0 0 0 0 0 0 0 0 0 0 0 
0 0 0 0 0 0 0 0 0 0 0 0 0 0 0 0 0 0 0 5.67072e+09 2.96659e+11 4.27712e+12 3.27231e+13 1.65566e+14 6.15439e+14 1.79119e+15 4.26726e+15 8.55401e+15 1.47487e+16 2.22338e+16 2.95899e+16 3.5025e+16 3.70083e+16 0 0 0 0 0 0 0 0 0 0 0 0 0 0 0 0 0 0 0 0 0 0 0 0 0 0 0 0 0 0 0 0 
0 0 0 0 0 0 0 0 0 0 0 0 0 0 0 0 0 0 0 0 3.32695e+10 7.78352e+11 7.77247e+12 4.68496e+13 1.98945e+14 6.42082e+14 1.65878e+15 3.54591e+15 6.43441e+15 1.00521e+16 1.37299e+16 1.6498e+16 1.75363e+16 0 0 0 0 0 0 0 0 0 0 0 0 0 0 0 0 0 0 0 0 0 0 0 0 0 0 0 0 0 0 0 0 
0 0 0 0 0 0 0 0 0 0 0 0 0 0 0 0 0 0 0 0 2.41317e+09 1.12704e+11 1.5555e+12 1.15727e+13 5.68233e+13 2.04798e+14 5.76165e+14 1.31769e+15 2.51403e+15 4.08967e+15 5.73191e+15 6.99597e+15 7.47732e+15 0 0 0 0 0 0 0 0 0 0 0 0 0 0 0 0 0 0 0 0 0 0 0 0 0 0 0 0 0 0 0 0 
0 0 0 0 0 0 0 0 0 0 0 0 0 0 0 0 0 0 0 0 0 1.191e+10 2.60328e+11 2.46913e+12 1.43096e+13 5.82377e+13 1.79369e+14 4.40316e+14 8.88254e+14 1.50069e+15 2.16047e+15 2.68067e+15 2.88403e+15 0 0 0 0 0 0 0 0 0 0 0 0 0 0 0 0 0 0 0 0 0 0 0 0 0 0 0 0 0 0 0 0 
0 0 0 0 0 0 0 0 0 0 0 0 0 0 0 0 0 0 0 0 0 9.209e+08 3.55117e+10 4.55226e+11 3.18483e+12 1.47933e+13 5.03772e+13 1.33265e+14 2.83771e+14 5.0125e+14 7.44105e+14 9.39403e+14 1.01086e+15 0 0 0 0 0 0 0 0 0 0 0 0 0 0 0 0 0 0 0 0 0 0 0 0 0 0 0 0 0 0 0 0 
0 0 0 0 0 0 0 0 0 0 0 0 0 0 0 0 0 0 0 0 0 0 3.63735e+09 7.12862e+10 6.24688e+11 3.36952e+12 1.28027e+13 3.6713e+13 8.30935e+13 1.53032e+14 2.3331e+14 2.99628e+14 3.25759e+14 0 0 0 0 0 0 0 0 0 0 0 0 0 0 0 0 0 0 0 0 0 0 0 0 0 0 0 0 0 0 0 0 
0 0 0 0 0 0 0 0 0 0 0 0 0 0 0 0 0 0 0 0 0 0 3.2238e+08 9.45066e+09 1.07726e+11 6.89893e+11 2.93825e+12 9.18722e+12 2.2224e+13 4.28291e+13 6.76138e+13 8.83518e+13 9.66126e+13 0 0 0 0 0 0 0 0 0 0 0 0 0 0 0 0 0 0 0 0 0 0 0 0 0 0 0 0 0 0 0 0 
0 0 0 0 0 0 0 0 0 0 0 0 0 0 0 0 0 0 0 0 0 0 0 9.64527e+08 1.62149e+10 1.26764e+11 6.17332e+11 2.11759e+12 5.47814e+12 1.10808e+13 1.80958e+13 2.40655e+13 2.64127e+13 0 0 0 0 0 0 0 0 0 0 0 0 0 0 0 0 0 0 0 0 0 0 0 0 0 0 0 0 0 0 0 0 
0 0 0 0 0 0 0 0 0 0 0 0 0 0 0 0 0 0 0 0 0 0 0 1.04524e+08 2.17419e+09 2.09294e+10 1.18218e+11 4.49608e+11 1.24764e+12 2.66608e+12 4.49875e+12 6.11831e+12 6.77395e+12 0 0 0 0 0 0 0 0 0 0 0 0 0 0 0 0 0 0 0 0 0 0 0 0 0 0 0 0 0 0 0 0 
0 0 0 0 0 0 0 0 0 0 0 0 0 0 0 0 0 0 0 0 0 0 0 0 2.24285e+08 3.14584e+09 2.09627e+10 8.87575e+10 2.6663e+11 5.99801e+11 1.04917e+12 1.46013e+12 1.62446e+12 0 0 0 0 0 0 0 0 0 0 0 0 0 0 0 0 0 0 0 0 0 0 0 0 0 0 0 0 0 0 0 0 
0 0 0 0 0 0 0 0 0 0 0 0 0 0 0 0 0 0 0 0 0 0 0 0 3.15498e+07 4.44707e+08 3.41001e+09 1.64302e+10 5.34801e+10 1.27465e+11 2.3153e+11 3.28674e+11 3.69899e+11 0 0 0 0 0 0 0 0 0 0 0 0 0 0 0 0 0 0 0 0 0 0 0 0 0 0 0 0 0 0 0 0 
0 0 0 0 0 0 0 0 0 0 0 0 0 0 0 0 0 0 0 0 0 0 0 0 0 4.56221e+07 5.35591e+08 2.88482e+09 1.01919e+10 2.58388e+10 4.88285e+10 7.06827e+10 7.99096e+10 0 0 0 0 0 0 0 0 0 0 0 0 0 0 0 0 0 0 0 0 0 0 0 0 0 0 0 0 0 0 0 0 
0 0 0 0 0 0 0 0 0 0 0 0 0 0 0 0 0 0 0 0 0 0 0 0 0 8.59827e+06 8.10348e+07 4.74652e+08 1.89239e+09 5.04137e+09 9.87574e+09 1.46941e+10 1.66977e+10 0 0 0 0 0 0 0 0 0 0 0 0 0 0 0 0 0 0 0 0 0 0 0 0 0 0 0 0 0 0 0 0 
0 0 0 0 0 0 0 0 0 0 0 0 0 0 0 0 0 0 0 0 0 0 0 0 0 0 7.86962e+06 8.06669e+07 3.37057e+08 9.52987e+08 1.9773e+09 2.96345e+09 3.41692e+09 0 0 0 0 0 0 0 0 0 0 0 0 0 0 0 0 0 0 0 0 0 0 0 0 0 0 0 0 0 0 0 0 
0 0 0 0 0 0 0 0 0 0 0 0 0 0 0 0 0 0 0 0 0 0 0 0 0 0 2.07834e+06 1.28717e+07 5.61257e+07 1.84167e+08 3.80108e+08 5.99526e+08 6.8261e+08 0 0 0 0 0 0 0 0 0 0 0 0 0 0 0 0 0 0 0 0 0 0 0 0 0 0 0 0 0 0 0 0 
0 0 0 0 0 0 0 0 0 0 0 0 0 0 0 0 0 0 0 0 0 0 0 0 0 0 0 1.09359e+06 1.08586e+07 3.27197e+07 7.36715e+07 1.19736e+08 1.35704e+08 0 0 0 0 0 0 0 0 0 0 0 0 0 0 0 0 0 0 0 0 0 0 0 0 0 0 0 0 0 0 0 0 
0 0 0 0 0 0 0 0 0 0 0 0 0 0 0 0 0 0 0 0 0 0 0 0 0 0 0 429979 1.69661e+06 5.56045e+06 1.51355e+07 2.2187e+07 2.86269e+07 0 0 0 0 0 0 0 0 0 0 0 0 0 0 0 0 0 0 0 0 0 0 0 0 0 0 0 0 0 0 0 0 
0 0 0 0 0 0 0 0 0 0 0 0 0 0 0 0 0 0 0 0 0 0 0 0 0 0 0 0 113286 1.2555e+06 2.40506e+06 4.69408e+06 5.19689e+06 0 0 0 0 0 0 0 0 0 0 0 0 0 0 0 0 0 0 0 0 0 0 0 0 0 0 0 0 0 0 0 0 
0 0 0 0 0 0 0 0 0 0 0 0 0 0 0 0 0 0 0 0 0 0 0 0 0 0 0 0 73647.8 170298 456507 963016 937169 0 0 0 0 0 0 0 0 0 0 0 0 0 0 0 0 0 0 0 0 0 0 0 0 0 0 0 0 0 0 0 0 
0 0 0 0 0 0 0 0 0 0 0 0 0 0 0 0 0 0 0 0 0 0 0 0 0 0 0 0 0 7702.05 116694 111389 240274 0 0 0 0 0 0 0 0 0 0 0 0 0 0 0 0 0 0 0 0 0 0 0 0 0 0 0 0 0 0 0 0 
0 0 0 0 0 0 0 0 0 0 0 0 0 0 0 0 0 0 0 0 0 0 0 0 0 0 0 0 0 9957.31 11463.7 32431.7 37378.3 0 0 0 0 0 0 0 0 0 0 0 0 0 0 0 0 0 0 0 0 0 0 0 0 0 0 0 0 0 0 0 0 
0 0 0 0 0 0 0 0 0 0 0 0 0 0 0 0 0 0 0 0 0 0 0 0 0 0 0 0 0 0 255.9 7665.69 2039.52 0 0 0 0 0 0 0 0 0 0 0 0 0 0 0 0 0 0 0 0 0 0 0 0 0 0 0 0 0 0 0 0 
0 0 0 0 0 0 0 0 0 0 0 0 0 0 0 0 0 0 0 0 0 0 0 0 0 0 0 0 0 0 989.726 382.645 1919.59 0 0 0 0 0 0 0 0 0 0 0 0 0 0 0 0 0 0 0 0 0 0 0 0 0 0 0 0 0 0 0 0 
0 0 0 0 0 0 0 0 0 0 0 0 0 0 0 0 0 0 0 0 0 0 0 0 0 0 0 0 0 0 0 0 255.716 0 0 0 0 0 0 0 0 0 0 0 0 0 0 0 0 0 0 0 0 0 0 0 0 0 0 0 0 0 0 0 0 
0 0 0 0 0 0 0 0 0 0 0 0 0 0 0 0 0 0 0 0 0 0 0 0 0 0 0 0 0 0 0 63.8533 0 0 0 0 0 0 0 0 0 0 0 0 0 0 0 0 0 0 0 0 0 0 0 0 0 0 0 0 0 0 0 0 0 
0 0 0 0 0 0 0 0 0 0 0 0 0 0 0 0 0 0 0 0 0 0 0 0 0 0 0 0 0 0 0 0 0 0 0 0 0 0 0 0 0 0 0 0 0 0 0 0 0 0 0 0 0 0 0 0 0 0 0 0 0 0 0 0 0 
0 0 0 0 0 0 0 0 0 0 0 0 0 0 0 0 0 0 0 0 0 0 0 0 0 0 0 0 0 0 0 0 1.99542 0 0 0 0 0 0 0 0 0 0 0 0 0 0 0 0 0 0 0 0 0 0 0 0 0 0 0 0 0 0 0 0 
