1 0 0 0 0 0 0 0 0 0 0 0 0 0 0 0 0 0 0 0 0 0 0 0 0 0 0 0 0 0 0 0 0 0 0 0 0 0 0 0 0 0 0 0 0 0 0 0 0 0 0 0 0 0 0 0 0 0 0 0 0 0 0 0 0 
0 0 0 0 0 0 0 0 0 0 0 0 0 0 0 0 0 0 0 0 0 0 0 0 0 0 0 0 0 0 0 0 0 0 0 0 0 0 0 0 0 0 0 0 0 0 0 0 0 0 0 0 0 0 0 0 0 0 0 0 0 0 0 0 0 
0 64 0 0 0 0 0 0 0 0 0 0 0 0 0 0 0 0 0 0 0 0 0 0 0 0 0 0 0 0 0 0 0 0 0 0 0 0 0 0 0 0 0 0 0 0 0 0 0 0 0 0 0 0 0 0 0 0 0 0 0 0 0 0 0 
0 0 128 0 0 0 0 0 0 0 0 0 0 0 0 0 0 0 0 0 0 0 0 0 0 0 0 0 0 0 0 0 0 0 0 0 0 0 0 0 0 0 0 0 0 0 0 0 0 0 0 0 0 0 0 0 0 0 0 0 0 0 0 0 0 
0 0 1888 386.222 64.3194 0 0 0 0 0 0 0 0 0 0 0 0 0 0 0 0 0 0 0 0 0 0 0 0 0 0 0 0 0 0 0 0 0 0 0 0 0 0 0 0 0 0 0 0 0 0 0 0 0 0 0 0 0 0 0 0 0 0 0 0 
0 0 0 7163.56 1153.68 515.113 128.565 0 0 0 0 0 0 0 0 0 0 0 0 0 0 0 0 0 0 0 0 0 0 0 0 0 0 0 0 0 0 0 0 0 0 0 0 0 0 0 0 0 0 0 0 0 0 0 0 0 0 0 0 0 0 0 0 0 0 
0 0 0 34114.2 27352.5 6821.37 2560.74 1412.7 379.29 62.7746 0 0 0 0 0 0 0 0 0 0 0 0 0 0 0 0 0 0 0 0 0 0 0 0 0 0 0 0 0 0 0 0 0 0 0 0 0 0 0 0 0 0 0 0 0 0 0 0 0 0 0 0 0 0 0 
0 0 0 0 183625 97345.8 42676.8 16828.9 8526.75 4605.44 1925.95 513.618 129.763 0 0 0 0 0 0 0 0 0 0 0 0 0 0 0 0 0 0 0 0 0 0 0 0 0 0 0 0 0 0 0 0 0 0 0 0 0 0 0 0 0 0 0 0 0 0 0 0 0 0 0 0 
0 0 0 0 423181 829430 412748 222988 120873 59316.1 33457.2 19720.6 9687.35 4417.58 1389.49 387.236 82.0766 0 0 0 0 0 0 0 16.6738 0 0 0 0 0 0 0 16.1775 0 0 0 0 0 0 0 0 0 0 0 0 0 0 0 0 0 0 0 0 0 0 0 0 0 0 0 0 0 0 0 0 
0 0 0 0 0 2.8602e+06 3.32557e+06 1.97656e+06 1.14301e+06 718511 424004 251046 154334 94459.5 55506.8 29441.1 14100.2 5984.42 2173.18 766.627 396.566 258.541 262.401 267.256 0 256.912 254.901 260.272 254.958 256.154 254.196 252.079 0 0 0 0 0 0 0 0 0 0 0 0 0 0 0 0 0 0 0 0 0 0 0 0 0 0 0 0 0 0 0 0 0 
0 0 0 0 0 3.8302e+06 1.46071e+07 1.35133e+07 9.36992e+06 6.08009e+06 4.04181e+06 2.69854e+06 1.79708e+06 1.17375e+06 780488 510397 329435 203983 119219 66835.8 36501.2 21222.7 13944.5 10718.9 11841.1 9868.8 9390.36 9255.08 9489.73 9249.21 9423.62 9485.7 11180 0 0 0 0 0 0 0 0 0 0 0 0 0 0 0 0 0 0 0 0 0 0 0 0 0 0 0 0 0 0 0 0 
0 0 0 0 0 0 3.03327e+07 6.38193e+07 5.74457e+07 4.33504e+07 3.15493e+07 2.24165e+07 1.59581e+07 1.15555e+07 8.20597e+06 5.91319e+06 4.1854e+06 2.92999e+06 2.07192e+06 1.44399e+06 1.01567e+06 708745 495906 368851 284677 247215 230481 227749 219562 218805 216614 214324 205986 0 0 0 0 0 0 0 0 0 0 0 0 0 0 0 0 0 0 0 0 0 0 0 0 0 0 0 0 0 0 0 0 
0 0 0 0 0 0 2.62509e+07 1.69362e+08 2.63107e+08 2.4692e+08 1.99323e+08 1.56125e+08 1.19468e+08 9.04539e+07 6.9174e+07 5.26098e+07 3.99829e+07 3.06273e+07 2.33408e+07 1.77903e+07 1.36784e+07 1.05666e+07 8.26552e+06 6.61605e+06 5.46025e+06 4.65518e+06 4.07871e+06 3.66612e+06 3.42351e+06 3.27611e+06 3.24896e+06 3.22026e+06 3.24273e+06 0 0 0 0 0 0 0 0 0 0 0 0 0 0 0 0 0 0 0 0 0 0 0 0 0 0 0 0 0 0 0 0 
0 0 0 0 0 0 0 2.32703e+08 7.85046e+08 1.0677e+09 1.04233e+09 9.03522e+08 7.51244e+08 6.09758e+08 4.91213e+08 3.93523e+08 3.15424e+08 2.54062e+08 2.04826e+08 1.66085e+08 1.35068e+08 1.10743e+08 9.06118e+07 7.61979e+07 6.50481e+07 5.64437e+07 5.04169e+07 4.56123e+07 4.25198e+07 4.02228e+07 3.88811e+07 3.78805e+07 3.75618e+07 0 0 0 0 0 0 0 0 0 0 0 0 0 0 0 0 0 0 0 0 0 0 0 0 0 0 0 0 0 0 0 0 
0 0 0 0 0 0 0 1.39601e+08 1.3844e+09 3.29895e+09 4.28243e+09 4.34802e+09 3.98522e+09 3.49519e+09 2.98056e+09 2.52457e+09 2.12442e+09 1.78632e+09 1.50004e+09 1.26538e+09 1.07368e+09 9.16253e+08 7.86738e+08 6.81908e+08 5.99213e+08 5.34183e+08 4.82741e+08 4.42894e+08 4.15245e+08 3.9418e+08 3.82078e+08 3.74993e+08 3.69477e+08 0 0 0 0 0 0 0 0 0 0 0 0 0 0 0 0 0 0 0 0 0 0 0 0 0 0 0 0 0 0 0 0 
0 0 0 0 0 0 0 0 1.33987e+09 6.67411e+09 1.31396e+10 1.68152e+10 1.77181e+10 1.70607e+10 1.56733e+10 1.4036e+10 1.24109e+10 1.088e+10 9.50479e+09 8.33351e+09 7.30324e+09 6.43716e+09 5.71216e+09 5.09764e+09 4.57892e+09 4.16311e+09 3.83551e+09 3.57462e+09 3.37234e+09 3.2058e+09 3.09492e+09 3.03895e+09 3.03041e+09 0 0 0 0 0 0 0 0 0 0 0 0 0 0 0 0 0 0 0 0 0 0 0 0 0 0 0 0 0 0 0 0 
0 0 0 0 0 0 0 0 5.85653e+08 8.31191e+09 2.83803e+10 5.03603e+10 6.45979e+10 7.04526e+10 7.08344e+10 6.80196e+10 6.33226e+10 5.82092e+10 5.29108e+10 4.8103e+10 4.34651e+10 3.94386e+10 3.59288e+10 3.28432e+10 3.02621e+10 2.80436e+10 2.61679e+10 2.46297e+10 2.34881e+10 2.24638e+10 2.19057e+10 2.15349e+10 2.13739e+10 0 0 0 0 0 0 0 0 0 0 0 0 0 0 0 0 0 0 0 0 0 0 0 0 0 0 0 0 0 0 0 0 
0 0 0 0 0 0 0 0 0 5.92871e+09 4.09494e+10 1.11341e+11 1.86389e+11 2.41207e+11 2.71913e+11 2.83769e+11 2.82474e+11 2.73184e+11 2.6012e+11 2.4452e+11 2.29156e+11 2.13748e+11 1.99877e+11 1.87057e+11 1.75335e+11 1.65085e+11 1.5691e+11 1.49489e+11 1.43187e+11 1.38973e+11 1.36034e+11 1.34197e+11 1.33764e+11 0 0 0 0 0 0 0 0 0 0 0 0 0 0 0 0 0 0 0 0 0 0 0 0 0 0 0 0 0 0 0 0 
0 0 0 0 0 0 0 0 0 1.96207e+09 3.76519e+10 1.74376e+11 4.11414e+11 6.66393e+11 8.7314e+11 1.01194e+12 1.09294e+12 1.1253e+12 1.125e+12 1.10391e+12 1.07079e+12 1.03145e+12 9.89978e+11 9.45544e+11 9.06132e+11 8.72681e+11 8.36322e+11 8.09158e+11 7.8478e+11 7.66888e+11 7.54866e+11 7.47121e+11 7.41379e+11 0 0 0 0 0 0 0 0 0 0 0 0 0 0 0 0 0 0 0 0 0 0 0 0 0 0 0 0 0 0 0 0 
0 0 0 0 0 0 0 0 0 0 2.04942e+10 1.86526e+11 6.71025e+11 1.44496e+12 2.29853e+12 3.05188e+12 3.63318e+12 4.04106e+12 4.29324e+12 4.42188e+12 4.46417e+12 4.44343e+12 4.38564e+12 4.29205e+12 4.19993e+12 4.10123e+12 4.01303e+12 3.92276e+12 3.85554e+12 3.79393e+12 3.76021e+12 3.73073e+12 3.72262e+12 0 0 0 0 0 0 0 0 0 0 0 0 0 0 0 0 0 0 0 0 0 0 0 0 0 0 0 0 0 0 0 0 
0 0 0 0 0 0 0 0 0 0 5.29761e+09 1.31116e+11 7.85605e+11 2.38798e+12 4.83853e+12 7.62678e+12 1.02722e+13 1.25201e+13 1.42836e+13 1.55721e+13 1.64584e+13 1.70287e+13 1.73297e+13 1.75009e+13 1.74992e+13 1.74092e+13 1.73213e+13 1.72281e+13 1.70487e+13 1.69334e+13 1.68204e+13 1.67892e+13 1.67271e+13 0 0 0 0 0 0 0 0 0 0 0 0 0 0 0 0 0 0 0 0 0 0 0 0 0 0 0 0 0 0 0 0 
0 0 0 0 0 0 0 0 0 0 0 5.60353e+10 6.43975e+11 2.94083e+12 7.94929e+12 1.54542e+13 2.42559e+13 3.31144e+13 4.11749e+13 4.81485e+13 5.3819e+13 5.82111e+13 6.14366e+13 6.39893e+13 6.55961e+13 6.68713e+13 6.74389e+13 6.7907e+13 6.82497e+13 6.83708e+13 6.84303e+13 6.8407e+13 6.83974e+13 0 0 0 0 0 0 0 0 0 0 0 0 0 0 0 0 0 0 0 0 0 0 0 0 0 0 0 0 0 0 0 0 
0 0 0 0 0 0 0 0 0 0 0 1.15923e+10 3.55782e+11 2.6523e+12 1.00333e+13 2.4919e+13 4.69924e+13 7.3696e+13 1.01942e+14 1.29068e+14 1.53862e+14 1.75269e+14 1.93686e+14 2.08268e+14 2.20399e+14 2.29545e+14 2.36968e+14 2.42517e+14 2.46398e+14 2.49342e+14 2.51558e+14 2.52442e+14 2.53256e+14 0 0 0 0 0 0 0 0 0 0 0 0 0 0 0 0 0 0 0 0 0 0 0 0 0 0 0 0 0 0 0 0 
0 0 0 0 0 0 0 0 0 0 0 0 1.22152e+11 1.70848e+12 9.56689e+12 3.15747e+13 7.37404e+13 1.35925e+14 2.12941e+14 2.97754e+14 3.82975e+14 4.65319e+14 5.39473e+14 6.04874e+14 6.61917e+14 7.09678e+14 7.49135e+14 7.80472e+14 8.04978e+14 8.22057e+14 8.34319e+14 8.4296e+14 8.43165e+14 0 0 0 0 0 0 0 0 0 0 0 0 0 0 0 0 0 0 0 0 0 0 0 0 0 0 0 0 0 0 0 0 
0 0 0 0 0 0 0 0 0 0 0 0 2.06829e+10 7.59049e+11 6.79221e+12 3.10101e+13 9.2307e+13 2.05489e+14 3.72595e+14 5.83318e+14 8.22258e+14 1.071e+15 1.31825e+15 1.55272e+15 1.76406e+15 1.95242e+15 2.1144e+15 2.24739e+15 2.35572e+15 2.44305e+15 2.49789e+15 2.53303e+15 2.54946e+15 0 0 0 0 0 0 0 0 0 0 0 0 0 0 0 0 0 0 0 0 0 0 0 0 0 0 0 0 0 0 0 0 
0 0 0 0 0 0 0 0 0 0 0 0 0 2.13723e+11 3.52079e+12 2.336e+13 9.14895e+13 2.51491e+14 5.38395e+14 9.62509e+14 1.50587e+15 2.13741e+15 2.81149e+15 3.49806e+15 4.15845e+15 4.77255e+15 5.32568e+15 5.79866e+15 6.20338e+15 6.50417e+15 6.729e+15 6.86457e+15 6.90518e+15 0 0 0 0 0 0 0 0 0 0 0 0 0 0 0 0 0 0 0 0 0 0 0 0 0 0 0 0 0 0 0 0 
0 0 0 0 0 0 0 0 0 0 0 0 0 3.02139e+10 1.28293e+12 1.33555e+13 7.13535e+13 2.48086e+14 6.39243e+14 1.32386e+15 2.33464e+15 3.64384e+15 5.18873e+15 6.86627e+15 8.6045e+15 1.03042e+16 1.18837e+16 1.3305e+16 1.45003e+16 1.54757e+16 1.61829e+16 1.66085e+16 1.67529e+16 0 0 0 0 0 0 0 0 0 0 0 0 0 0 0 0 0 0 0 0 0 0 0 0 0 0 0 0 0 0 0 0 
0 0 0 0 0 0 0 0 0 0 0 0 0 0 3.01887e+11 5.67757e+12 4.33032e+13 1.95707e+14 6.18937e+14 1.51133e+15 3.04056e+15 5.28665e+15 8.21585e+15 1.17002e+16 1.55299e+16 1.9495e+16 2.33848e+16 2.69811e+16 3.01497e+16 3.27639e+16 3.46839e+16 3.58377e+16 3.62352e+16 0 0 0 0 0 0 0 0 0 0 0 0 0 0 0 0 0 0 0 0 0 0 0 0 0 0 0 0 0 0 0 0 
0 0 0 0 0 0 0 0 0 0 0 0 0 0 3.62643e+10 1.72714e+12 2.02978e+13 1.23275e+14 4.87339e+14 1.42293e+15 3.31523e+15 6.48986e+15 1.1116e+16 1.71389e+16 2.42956e+16 3.21867e+16 4.02946e+16 4.81834e+16 5.52736e+16 6.12389e+16 6.57587e+16 6.85649e+16 6.94985e+16 0 0 0 0 0 0 0 0 0 0 0 0 0 0 0 0 0 0 0 0 0 0 0 0 0 0 0 0 0 0 0 0 
0 0 0 0 0 0 0 0 0 0 0 0 0 0 0 3.45436e+11 7.21498e+12 6.13696e+13 3.11558e+14 1.10467e+15 3.00847e+15 6.70903e+15 1.27783e+16 2.15076e+16 3.27966e+16 4.60827e+16 6.06072e+16 7.52935e+16 8.90686e+16 1.00927e+17 1.10051e+17 1.15958e+17 1.17818e+17 0 0 0 0 0 0 0 0 0 0 0 0 0 0 0 0 0 0 0 0 0 0 0 0 0 0 0 0 0 0 0 0 
0 0 0 0 0 0 0 0 0 0 0 0 0 0 0 3.58588e+10 1.86252e+12 2.40511e+13 1.61065e+14 7.0582e+14 2.27888e+15 5.83428e+15 1.24776e+16 2.3107e+16 3.80859e+16 5.71307e+16 7.91072e+16 1.02454e+17 1.25387e+17 1.45645e+17 1.61683e+17 1.71637e+17 1.75323e+17 0 0 0 0 0 0 0 0 0 0 0 0 0 0 0 0 0 0 0 0 0 0 0 0 0 0 0 0 0 0 0 0 
0 0 0 0 0 0 0 0 0 0 0 0 0 0 0 0 3.21285e+11 7.25682e+12 6.70825e+13 3.71189e+14 1.43803e+15 4.27206e+15 1.03198e+16 2.1154e+16 3.79576e+16 6.0999e+16 8.9527e+16 1.2146e+17 1.53951e+17 1.83864e+17 2.0792e+17 2.23596e+17 2.28967e+17 0 0 0 0 0 0 0 0 0 0 0 0 0 0 0 0 0 0 0 0 0 0 0 0 0 0 0 0 0 0 0 0 
0 0 0 0 0 0 0 0 0 0 0 0 0 0 0 0 2.93934e+10 1.61393e+12 2.23e+13 1.60444e+14 7.57748e+14 2.6362e+15 7.25043e+15 1.65496e+16 3.24662e+16 5.62519e+16 8.76516e+16 1.24935e+17 1.64665e+17 2.02535e+17 2.33647e+17 2.54141e+17 2.61306e+17 0 0 0 0 0 0 0 0 0 0 0 0 0 0 0 0 0 0 0 0 0 0 0 0 0 0 0 0 0 0 0 0 
0 0 0 0 0 0 0 0 0 0 0 0 0 0 0 0 0 2.44129e+11 5.79466e+12 5.67659e+13 3.33752e+14 1.37499e+15 4.34193e+15 1.10949e+16 2.39188e+16 4.4742e+16 7.4388e+16 1.11629e+17 1.53233e+17 1.94259e+17 2.28953e+17 2.52567e+17 2.60628e+17 0 0 0 0 0 0 0 0 0 0 0 0 0 0 0 0 0 0 0 0 0 0 0 0 0 0 0 0 0 0 0 0 
0 0 0 0 0 0 0 0 0 0 0 0 0 0 0 0 0 2.00708e+10 1.13106e+12 1.62409e+13 1.22381e+14 6.0733e+14 2.21449e+15 6.38462e+15 1.5187e+16 3.08378e+16 5.47933e+16 8.6776e+16 1.24314e+17 1.62827e+17 1.96525e+17 2.19281e+17 2.27703e+17 0 0 0 0 0 0 0 0 0 0 0 0 0 0 0 0 0 0 0 0 0 0 0 0 0 0 0 0 0 0 0 0 
0 0 0 0 0 0 0 0 0 0 0 0 0 0 0 0 0 0 1.51859e+11 3.69672e+12 3.7387e+13 2.27388e+14 9.71272e+14 3.16921e+15 8.34948e+15 1.84629e+16 3.51401e+16 5.89486e+16 8.82735e+16 1.19473e+17 1.47612e+17 1.67116e+17 1.74011e+17 0 0 0 0 0 0 0 0 0 0 0 0 0 0 0 0 0 0 0 0 0 0 0 0 0 0 0 0 0 0 0 0 
0 0 0 0 0 0 0 0 0 0 0 0 0 0 0 0 0 0 1.15585e+10 6.41333e+11 9.35678e+12 7.19956e+13 3.65308e+14 1.3621e+15 4.00147e+15 9.64795e+15 1.97508e+16 3.50642e+16 5.50314e+16 7.71436e+16 9.75659e+16 1.12157e+17 1.17394e+17 0 0 0 0 0 0 0 0 0 0 0 0 0 0 0 0 0 0 0 0 0 0 0 0 0 0 0 0 0 0 0 0 
0 0 0 0 0 0 0 0 0 0 0 0 0 0 0 0 0 0 0 7.80265e+10 1.8894e+12 1.92225e+13 1.18114e+14 5.09322e+14 1.67419e+15 4.42881e+15 9.76569e+15 1.84072e+16 3.02315e+16 4.39527e+16 5.69768e+16 6.64425e+16 6.99161e+16 0 0 0 0 0 0 0 0 0 0 0 0 0 0 0 0 0 0 0 0 0 0 0 0 0 0 0 0 0 0 0 0 
0 0 0 0 0 0 0 0 0 0 0 0 0 0 0 0 0 0 0 5.66891e+09 2.96278e+11 4.27836e+12 3.27302e+13 1.65392e+14 6.14522e+14 1.79087e+15 4.26714e+15 8.55764e+15 1.47583e+16 2.22414e+16 2.96281e+16 3.504e+16 3.70534e+16 0 0 0 0 0 0 0 0 0 0 0 0 0 0 0 0 0 0 0 0 0 0 0 0 0 0 0 0 0 0 0 0 
0 0 0 0 0 0 0 0 0 0 0 0 0 0 0 0 0 0 0 0 3.3281e+10 7.78082e+11 7.75854e+12 4.68763e+13 1.9909e+14 6.42522e+14 1.65875e+15 3.54636e+15 6.43664e+15 1.0065e+16 1.37293e+16 1.65167e+16 1.75384e+16 0 0 0 0 0 0 0 0 0 0 0 0 0 0 0 0 0 0 0 0 0 0 0 0 0 0 0 0 0 0 0 0 
0 0 0 0 0 0 0 0 0 0 0 0 0 0 0 0 0 0 0 0 2.40958e+09 1.12494e+11 1.55765e+12 1.15673e+13 5.67637e+13 2.04783e+14 5.75496e+14 1.31613e+15 2.51336e+15 4.08608e+15 5.73304e+15 6.99933e+15 7.48007e+15 0 0 0 0 0 0 0 0 0 0 0 0 0 0 0 0 0 0 0 0 0 0 0 0 0 0 0 0 0 0 0 0 
0 0 0 0 0 0 0 0 0 0 0 0 0 0 0 0 0 0 0 0 0 1.19184e+10 2.59923e+11 2.47063e+12 1.43102e+13 5.81855e+13 1.79509e+14 4.39874e+14 8.87123e+14 1.50134e+15 2.16732e+15 2.68507e+15 2.88452e+15 0 0 0 0 0 0 0 0 0 0 0 0 0 0 0 0 0 0 0 0 0 0 0 0 0 0 0 0 0 0 0 0 
0 0 0 0 0 0 0 0 0 0 0 0 0 0 0 0 0 0 0 0 0 9.19439e+08 3.54378e+10 4.54381e+11 3.18386e+12 1.47977e+13 5.03547e+13 1.33271e+14 2.84046e+14 5.011e+14 7.43908e+14 9.38909e+14 1.01442e+15 0 0 0 0 0 0 0 0 0 0 0 0 0 0 0 0 0 0 0 0 0 0 0 0 0 0 0 0 0 0 0 0 
0 0 0 0 0 0 0 0 0 0 0 0 0 0 0 0 0 0 0 0 0 0 3.63985e+09 7.10864e+10 6.2426e+11 3.37209e+12 1.27735e+13 3.65494e+13 8.29034e+13 1.52907e+14 2.33707e+14 3.00364e+14 3.26087e+14 0 0 0 0 0 0 0 0 0 0 0 0 0 0 0 0 0 0 0 0 0 0 0 0 0 0 0 0 0 0 0 0 
0 0 0 0 0 0 0 0 0 0 0 0 0 0 0 0 0 0 0 0 0 0 3.21984e+08 9.45358e+09 1.07477e+11 6.8885e+11 2.94728e+12 9.21369e+12 2.2204e+13 4.27776e+13 6.75024e+13 8.84698e+13 9.67193e+13 0 0 0 0 0 0 0 0 0 0 0 0 0 0 0 0 0 0 0 0 0 0 0 0 0 0 0 0 0 0 0 0 
0 0 0 0 0 0 0 0 0 0 0 0 0 0 0 0 0 0 0 0 0 0 0 9.63431e+08 1.62325e+10 1.26643e+11 6.16233e+11 2.11662e+12 5.45662e+12 1.1094e+13 1.80504e+13 2.40682e+13 2.64582e+13 0 0 0 0 0 0 0 0 0 0 0 0 0 0 0 0 0 0 0 0 0 0 0 0 0 0 0 0 0 0 0 0 
0 0 0 0 0 0 0 0 0 0 0 0 0 0 0 0 0 0 0 0 0 0 0 1.04568e+08 2.18349e+09 2.09135e+10 1.18315e+11 4.49619e+11 1.2497e+12 2.65744e+12 4.48872e+12 6.11139e+12 6.7621e+12 0 0 0 0 0 0 0 0 0 0 0 0 0 0 0 0 0 0 0 0 0 0 0 0 0 0 0 0 0 0 0 0 
0 0 0 0 0 0 0 0 0 0 0 0 0 0 0 0 0 0 0 0 0 0 0 0 2.24397e+08 3.15921e+09 2.09732e+10 8.84663e+10 2.66003e+11 5.98944e+11 1.04803e+12 1.45406e+12 1.62037e+12 0 0 0 0 0 0 0 0 0 0 0 0 0 0 0 0 0 0 0 0 0 0 0 0 0 0 0 0 0 0 0 0 
0 0 0 0 0 0 0 0 0 0 0 0 0 0 0 0 0 0 0 0 0 0 0 0 3.14397e+07 4.46462e+08 3.41492e+09 1.64295e+10 5.35155e+10 1.27283e+11 2.3166e+11 3.27657e+11 3.67493e+11 0 0 0 0 0 0 0 0 0 0 0 0 0 0 0 0 0 0 0 0 0 0 0 0 0 0 0 0 0 0 0 0 
0 0 0 0 0 0 0 0 0 0 0 0 0 0 0 0 0 0 0 0 0 0 0 0 0 4.56294e+07 5.37006e+08 2.89737e+09 1.01665e+10 2.57645e+10 4.85966e+10 7.06715e+10 7.96392e+10 0 0 0 0 0 0 0 0 0 0 0 0 0 0 0 0 0 0 0 0 0 0 0 0 0 0 0 0 0 0 0 0 
0 0 0 0 0 0 0 0 0 0 0 0 0 0 0 0 0 0 0 0 0 0 0 0 0 8.59741e+06 8.13939e+07 4.75252e+08 1.88764e+09 5.03135e+09 9.88727e+09 1.46606e+10 1.662e+10 0 0 0 0 0 0 0 0 0 0 0 0 0 0 0 0 0 0 0 0 0 0 0 0 0 0 0 0 0 0 0 0 
0 0 0 0 0 0 0 0 0 0 0 0 0 0 0 0 0 0 0 0 0 0 0 0 0 0 7.86421e+06 8.10797e+07 3.38197e+08 9.52058e+08 1.97471e+09 2.97384e+09 3.42646e+09 0 0 0 0 0 0 0 0 0 0 0 0 0 0 0 0 0 0 0 0 0 0 0 0 0 0 0 0 0 0 0 0 
0 0 0 0 0 0 0 0 0 0 0 0 0 0 0 0 0 0 0 0 0 0 0 0 0 0 2.07735e+06 1.29378e+07 5.61628e+07 1.84406e+08 3.78729e+08 5.98329e+08 6.84167e+08 0 0 0 0 0 0 0 0 0 0 0 0 0 0 0 0 0 0 0 0 0 0 0 0 0 0 0 0 0 0 0 0 
0 0 0 0 0 0 0 0 0 0 0 0 0 0 0 0 0 0 0 0 0 0 0 0 0 0 0 1.09101e+06 1.08871e+07 3.27295e+07 7.35247e+07 1.19277e+08 1.35793e+08 0 0 0 0 0 0 0 0 0 0 0 0 0 0 0 0 0 0 0 0 0 0 0 0 0 0 0 0 0 0 0 0 
0 0 0 0 0 0 0 0 0 0 0 0 0 0 0 0 0 0 0 0 0 0 0 0 0 0 0 429847 1.7025e+06 5.57183e+06 1.51274e+07 2.20801e+07 2.84873e+07 0 0 0 0 0 0 0 0 0 0 0 0 0 0 0 0 0 0 0 0 0 0 0 0 0 0 0 0 0 0 0 0 
0 0 0 0 0 0 0 0 0 0 0 0 0 0 0 0 0 0 0 0 0 0 0 0 0 0 0 0 112861 1.25938e+06 2.40867e+06 4.67693e+06 5.17114e+06 0 0 0 0 0 0 0 0 0 0 0 0 0 0 0 0 0 0 0 0 0 0 0 0 0 0 0 0 0 0 0 0 
0 0 0 0 0 0 0 0 0 0 0 0 0 0 0 0 0 0 0 0 0 0 0 0 0 0 0 0 73650 171131 457529 963847 936095 0 0 0 0 0 0 0 0 0 0 0 0 0 0 0 0 0 0 0 0 0 0 0 0 0 0 0 0 0 0 0 0 
0 0 0 0 0 0 0 0 0 0 0 0 0 0 0 0 0 0 0 0 0 0 0 0 0 0 0 0 0 7681.69 117374 111378 239705 0 0 0 0 0 0 0 0 0 0 0 0 0 0 0 0 0 0 0 0 0 0 0 0 0 0 0 0 0 0 0 0 
0 0 0 0 0 0 0 0 0 0 0 0 0 0 0 0 0 0 0 0 0 0 0 0 0 0 0 0 0 9957.8 11519 32453.9 37380.5 0 0 0 0 0 0 0 0 0 0 0 0 0 0 0 0 0 0 0 0 0 0 0 0 0 0 0 0 0 0 0 0 
0 0 0 0 0 0 0 0 0 0 0 0 0 0 0 0 0 0 0 0 0 0 0 0 0 0 0 0 0 0 256.965 7724.4 2038.22 0 0 0 0 0 0 0 0 0 0 0 0 0 0 0 0 0 0 0 0 0 0 0 0 0 0 0 0 0 0 0 0 
0 0 0 0 0 0 0 0 0 0 0 0 0 0 0 0 0 0 0 0 0 0 0 0 0 0 0 0 0 0 989.019 385.451 1918.42 0 0 0 0 0 0 0 0 0 0 0 0 0 0 0 0 0 0 0 0 0 0 0 0 0 0 0 0 0 0 0 0 
0 0 0 0 0 0 0 0 0 0 0 0 0 0 0 0 0 0 0 0 0 0 0 0 0 0 0 0 0 0 0 0 257.006 0 0 0 0 0 0 0 0 0 0 0 0 0 0 0 0 0 0 0 0 0 0 0 0 0 0 0 0 0 0 0 0 
0 0 0 0 0 0 0 0 0 0 0 0 0 0 0 0 0 0 0 0 0 0 0 0 0 0 0 0 0 0 0 63.8077 0 0 0 0 0 0 0 0 0 0 0 0 0 0 0 0 0 0 0 0 0 0 0 0 0 0 0 0 0 0 0 0 0 
0 0 0 0 0 0 0 0 0 0 0 0 0 0 0 0 0 0 0 0 0 0 0 0 0 0 0 0 0 0 0 0 0 0 0 0 0 0 0 0 0 0 0 0 0 0 0 0 0 0 0 0 0 0 0 0 0 0 0 0 0 0 0 0 0 
0 0 0 0 0 0 0 0 0 0 0 0 0 0 0 0 0 0 0 0 0 0 0 0 0 0 0 0 0 0 0 0 1.99399 0 0 0 0 0 0 0 0 0 0 0 0 0 0 0 0 0 0 0 0 0 0 0 0 0 0 0 0 0 0 0 0 
