1 0 0 0 0 0 0 0 0 0 0 0 0 0 0 0 0 0 0 0 0 0 0 0 0 0 0 0 0 0 0 0 0 0 0 0 0 0 0 0 0 0 0 0 0 0 0 0 0 0 0 0 0 0 0 0 0 0 0 0 0 0 0 0 0 
0 0 0 0 0 0 0 0 0 0 0 0 0 0 0 0 0 0 0 0 0 0 0 0 0 0 0 0 0 0 0 0 0 0 0 0 0 0 0 0 0 0 0 0 0 0 0 0 0 0 0 0 0 0 0 0 0 0 0 0 0 0 0 0 0 
0 64 0 0 0 0 0 0 0 0 0 0 0 0 0 0 0 0 0 0 0 0 0 0 0 0 0 0 0 0 0 0 0 0 0 0 0 0 0 0 0 0 0 0 0 0 0 0 0 0 0 0 0 0 0 0 0 0 0 0 0 0 0 0 0 
0 0 128 0 0 0 0 0 0 0 0 0 0 0 0 0 0 0 0 0 0 0 0 0 0 0 0 0 0 0 0 0 0 0 0 0 0 0 0 0 0 0 0 0 0 0 0 0 0 0 0 0 0 0 0 0 0 0 0 0 0 0 0 0 0 
0 0 1888 384.264 64.1337 0 0 0 0 0 0 0 0 0 0 0 0 0 0 0 0 0 0 0 0 0 0 0 0 0 0 0 0 0 0 0 0 0 0 0 0 0 0 0 0 0 0 0 0 0 0 0 0 0 0 0 0 0 0 0 0 0 0 0 0 
0 0 0 7167.47 1149.01 513.874 126.696 0 0 0 0 0 0 0 0 0 0 0 0 0 0 0 0 0 0 0 0 0 0 0 0 0 0 0 0 0 0 0 0 0 0 0 0 0 0 0 0 0 0 0 0 0 0 0 0 0 0 0 0 0 0 0 0 0 0 
0 0 0 34112.3 27347.5 6868.37 2546.42 1394.52 383.588 63.7751 0 0 0 0 0 0 0 0 0 0 0 0 0 0 0 0 0 0 0 0 0 0 0 0 0 0 0 0 0 0 0 0 0 0 0 0 0 0 0 0 0 0 0 0 0 0 0 0 0 0 0 0 0 0 0 
0 0 0 0 183649 97220.7 42859.1 16746 8486.12 4575.17 1910.08 508.259 130.315 0 0 0 0 0 0 0 0 0 0 0 0 0 0 0 0 0 0 0 0 0 0 0 0 0 0 0 0 0 0 0 0 0 0 0 0 0 0 0 0 0 0 0 0 0 0 0 0 0 0 0 0 
0 0 0 0 423166 829061 412231 222213 120439 58733.5 33266.9 19790.8 9677.35 4337.73 1395.97 367.888 81.0093 0 0 0 0 0 0 0 16.2644 0 0 0 0 0 0 0 15.9765 0 0 0 0 0 0 0 0 0 0 0 0 0 0 0 0 0 0 0 0 0 0 0 0 0 0 0 0 0 0 0 0 
0 0 0 0 0 2.86113e+06 3.32666e+06 1.97803e+06 1.13961e+06 715665 424627 247278 153624 94557.8 55790.6 29457.1 13845.9 5864.93 2162.63 772.272 392.409 244.13 253.2 260.518 0 254.559 252.236 259.945 257.495 266.154 261.595 260.006 0 0 0 0 0 0 0 0 0 0 0 0 0 0 0 0 0 0 0 0 0 0 0 0 0 0 0 0 0 0 0 0 0 
0 0 0 0 0 3.82971e+06 1.45946e+07 1.35199e+07 9.36402e+06 6.10773e+06 4.02162e+06 2.67575e+06 1.7809e+06 1.16396e+06 771120 509357 331164 205215 121574 68656.2 36446.9 21187.4 14008 10632.8 11478.9 9693.61 9334.16 9299.92 9490.55 9464.29 9309.68 9336.41 11288.5 0 0 0 0 0 0 0 0 0 0 0 0 0 0 0 0 0 0 0 0 0 0 0 0 0 0 0 0 0 0 0 0 
0 0 0 0 0 0 3.03555e+07 6.37678e+07 5.73926e+07 4.31871e+07 3.14477e+07 2.23136e+07 1.58515e+07 1.14881e+07 8.18731e+06 5.86875e+06 4.1584e+06 2.9434e+06 2.06786e+06 1.45816e+06 1.0251e+06 706853 501947 370725 286797 250497 234136 227833 219617 220654 214640 214550 207610 0 0 0 0 0 0 0 0 0 0 0 0 0 0 0 0 0 0 0 0 0 0 0 0 0 0 0 0 0 0 0 0 
0 0 0 0 0 0 2.62398e+07 1.69329e+08 2.62963e+08 2.46123e+08 1.99058e+08 1.55623e+08 1.19219e+08 9.073e+07 6.88339e+07 5.25912e+07 4.01904e+07 3.06693e+07 2.32009e+07 1.77939e+07 1.36075e+07 1.06053e+07 8.33602e+06 6.64038e+06 5.44968e+06 4.65412e+06 4.05802e+06 3.63795e+06 3.46174e+06 3.2758e+06 3.24299e+06 3.20296e+06 3.22001e+06 0 0 0 0 0 0 0 0 0 0 0 0 0 0 0 0 0 0 0 0 0 0 0 0 0 0 0 0 0 0 0 0 
0 0 0 0 0 0 0 2.32895e+08 7.85212e+08 1.06785e+09 1.04115e+09 9.03882e+08 7.48523e+08 6.06547e+08 4.89476e+08 3.91933e+08 3.15711e+08 2.53239e+08 2.04281e+08 1.66341e+08 1.35122e+08 1.10534e+08 9.12366e+07 7.65031e+07 6.54141e+07 5.70013e+07 5.08795e+07 4.61103e+07 4.27658e+07 4.03057e+07 3.85186e+07 3.77913e+07 3.74036e+07 0 0 0 0 0 0 0 0 0 0 0 0 0 0 0 0 0 0 0 0 0 0 0 0 0 0 0 0 0 0 0 0 
0 0 0 0 0 0 0 1.39486e+08 1.38446e+09 3.30027e+09 4.27848e+09 4.34316e+09 3.98234e+09 3.48776e+09 2.97843e+09 2.52085e+09 2.11501e+09 1.77914e+09 1.50958e+09 1.27162e+09 1.07586e+09 9.18311e+08 7.91585e+08 6.84636e+08 6.01557e+08 5.3614e+08 4.82479e+08 4.44542e+08 4.13003e+08 3.91474e+08 3.77246e+08 3.69794e+08 3.69283e+08 0 0 0 0 0 0 0 0 0 0 0 0 0 0 0 0 0 0 0 0 0 0 0 0 0 0 0 0 0 0 0 0 
0 0 0 0 0 0 0 0 1.34016e+09 6.67367e+09 1.31435e+10 1.68035e+10 1.7708e+10 1.70371e+10 1.56322e+10 1.39973e+10 1.23789e+10 1.08919e+10 9.50898e+09 8.3475e+09 7.32132e+09 6.46565e+09 5.69931e+09 5.09546e+09 4.60073e+09 4.15462e+09 3.82083e+09 3.55906e+09 3.355e+09 3.19956e+09 3.08942e+09 3.02461e+09 3.01305e+09 0 0 0 0 0 0 0 0 0 0 0 0 0 0 0 0 0 0 0 0 0 0 0 0 0 0 0 0 0 0 0 0 
0 0 0 0 0 0 0 0 5.85345e+08 8.31134e+09 2.83934e+10 5.03771e+10 6.45621e+10 7.04351e+10 7.07699e+10 6.78725e+10 6.32791e+10 5.79992e+10 5.28362e+10 4.79769e+10 4.36127e+10 3.95184e+10 3.60575e+10 3.29333e+10 3.01435e+10 2.79081e+10 2.60994e+10 2.45248e+10 2.34148e+10 2.24556e+10 2.186e+10 2.15057e+10 2.14022e+10 0 0 0 0 0 0 0 0 0 0 0 0 0 0 0 0 0 0 0 0 0 0 0 0 0 0 0 0 0 0 0 0 
0 0 0 0 0 0 0 0 0 5.93095e+09 4.09318e+10 1.11372e+11 1.8639e+11 2.4127e+11 2.71874e+11 2.83376e+11 2.82025e+11 2.72775e+11 2.60087e+11 2.44665e+11 2.29243e+11 2.1396e+11 1.99669e+11 1.86236e+11 1.7514e+11 1.64714e+11 1.56018e+11 1.4907e+11 1.43307e+11 1.38973e+11 1.35844e+11 1.34068e+11 1.32758e+11 0 0 0 0 0 0 0 0 0 0 0 0 0 0 0 0 0 0 0 0 0 0 0 0 0 0 0 0 0 0 0 0 
0 0 0 0 0 0 0 0 0 1.96032e+09 3.76579e+10 1.74331e+11 4.11481e+11 6.66679e+11 8.73703e+11 1.01386e+12 1.09307e+12 1.12548e+12 1.12547e+12 1.10716e+12 1.07234e+12 1.03254e+12 9.88688e+11 9.4681e+11 9.05367e+11 8.70215e+11 8.35196e+11 8.06975e+11 7.82702e+11 7.66087e+11 7.51698e+11 7.45129e+11 7.40483e+11 0 0 0 0 0 0 0 0 0 0 0 0 0 0 0 0 0 0 0 0 0 0 0 0 0 0 0 0 0 0 0 0 
0 0 0 0 0 0 0 0 0 0 2.04987e+10 1.86537e+11 6.71064e+11 1.44483e+12 2.29863e+12 3.05661e+12 3.64306e+12 4.04041e+12 4.2884e+12 4.41308e+12 4.45922e+12 4.43741e+12 4.37597e+12 4.30605e+12 4.19855e+12 4.10973e+12 4.00055e+12 3.9199e+12 3.84626e+12 3.78297e+12 3.74623e+12 3.70694e+12 3.70508e+12 0 0 0 0 0 0 0 0 0 0 0 0 0 0 0 0 0 0 0 0 0 0 0 0 0 0 0 0 0 0 0 0 
0 0 0 0 0 0 0 0 0 0 5.2933e+09 1.31122e+11 7.85514e+11 2.38702e+12 4.8357e+12 7.62228e+12 1.02643e+13 1.25304e+13 1.42935e+13 1.55777e+13 1.64493e+13 1.69994e+13 1.73671e+13 1.74829e+13 1.75149e+13 1.73946e+13 1.73556e+13 1.71962e+13 1.70245e+13 1.6914e+13 1.67844e+13 1.67255e+13 1.67243e+13 0 0 0 0 0 0 0 0 0 0 0 0 0 0 0 0 0 0 0 0 0 0 0 0 0 0 0 0 0 0 0 0 
0 0 0 0 0 0 0 0 0 0 0 5.60396e+10 6.44084e+11 2.94168e+12 7.95175e+12 1.54436e+13 2.42517e+13 3.31351e+13 4.1209e+13 4.81417e+13 5.37434e+13 5.81261e+13 6.14535e+13 6.38724e+13 6.55933e+13 6.67326e+13 6.73801e+13 6.79004e+13 6.81309e+13 6.82584e+13 6.82639e+13 6.8249e+13 6.82716e+13 0 0 0 0 0 0 0 0 0 0 0 0 0 0 0 0 0 0 0 0 0 0 0 0 0 0 0 0 0 0 0 0 
0 0 0 0 0 0 0 0 0 0 0 1.15854e+10 3.55715e+11 2.65216e+12 1.00345e+13 2.49329e+13 4.70032e+13 7.36753e+13 1.01856e+14 1.29083e+14 1.53801e+14 1.75477e+14 1.93383e+14 2.08585e+14 2.20215e+14 2.29486e+14 2.36875e+14 2.42529e+14 2.46228e+14 2.48488e+14 2.50515e+14 2.5181e+14 2.52237e+14 0 0 0 0 0 0 0 0 0 0 0 0 0 0 0 0 0 0 0 0 0 0 0 0 0 0 0 0 0 0 0 0 
0 0 0 0 0 0 0 0 0 0 0 0 1.2216e+11 1.70886e+12 9.56308e+12 3.15645e+13 7.37222e+13 1.3585e+14 2.12899e+14 2.97467e+14 3.8326e+14 4.64762e+14 5.39273e+14 6.04135e+14 6.61024e+14 7.08672e+14 7.48101e+14 7.78974e+14 8.03292e+14 8.22407e+14 8.34533e+14 8.41591e+14 8.43524e+14 0 0 0 0 0 0 0 0 0 0 0 0 0 0 0 0 0 0 0 0 0 0 0 0 0 0 0 0 0 0 0 0 
0 0 0 0 0 0 0 0 0 0 0 0 2.06682e+10 7.58856e+11 6.79623e+12 3.1013e+13 9.22974e+13 2.05569e+14 3.72552e+14 5.83288e+14 8.21937e+14 1.07227e+15 1.31892e+15 1.55269e+15 1.76622e+15 1.95331e+15 2.11487e+15 2.2516e+15 2.35798e+15 2.43938e+15 2.49934e+15 2.53302e+15 2.54202e+15 0 0 0 0 0 0 0 0 0 0 0 0 0 0 0 0 0 0 0 0 0 0 0 0 0 0 0 0 0 0 0 0 
0 0 0 0 0 0 0 0 0 0 0 0 0 2.13651e+11 3.52006e+12 2.33646e+13 9.15343e+13 2.51443e+14 5.38629e+14 9.6322e+14 1.50687e+15 2.13471e+15 2.81441e+15 3.49653e+15 4.15807e+15 4.77485e+15 5.32488e+15 5.79972e+15 6.20116e+15 6.5035e+15 6.72158e+15 6.85793e+15 6.907e+15 0 0 0 0 0 0 0 0 0 0 0 0 0 0 0 0 0 0 0 0 0 0 0 0 0 0 0 0 0 0 0 0 
0 0 0 0 0 0 0 0 0 0 0 0 0 3.01835e+10 1.28216e+12 1.33559e+13 7.13103e+13 2.48136e+14 6.39274e+14 1.32424e+15 2.33424e+15 3.64561e+15 5.18013e+15 6.87061e+15 8.59851e+15 1.02975e+16 1.18837e+16 1.33012e+16 1.45121e+16 1.54913e+16 1.61917e+16 1.66087e+16 1.67566e+16 0 0 0 0 0 0 0 0 0 0 0 0 0 0 0 0 0 0 0 0 0 0 0 0 0 0 0 0 0 0 0 0 
0 0 0 0 0 0 0 0 0 0 0 0 0 0 3.01803e+11 5.6746e+12 4.33172e+13 1.9574e+14 6.18947e+14 1.51057e+15 3.04187e+15 5.28826e+15 8.22029e+15 1.1694e+16 1.55285e+16 1.94985e+16 2.33735e+16 2.7003e+16 3.01387e+16 3.27681e+16 3.46987e+16 3.58834e+16 3.62474e+16 0 0 0 0 0 0 0 0 0 0 0 0 0 0 0 0 0 0 0 0 0 0 0 0 0 0 0 0 0 0 0 0 
0 0 0 0 0 0 0 0 0 0 0 0 0 0 3.62533e+10 1.72812e+12 2.03125e+13 1.23163e+14 4.871e+14 1.4228e+15 3.31217e+15 6.49091e+15 1.11187e+16 1.71435e+16 2.4298e+16 3.21846e+16 4.03319e+16 4.81484e+16 5.52994e+16 6.12586e+16 6.57495e+16 6.85723e+16 6.94742e+16 0 0 0 0 0 0 0 0 0 0 0 0 0 0 0 0 0 0 0 0 0 0 0 0 0 0 0 0 0 0 0 0 
0 0 0 0 0 0 0 0 0 0 0 0 0 0 0 3.45032e+11 7.20339e+12 6.14595e+13 3.11505e+14 1.10456e+15 3.00939e+15 6.70709e+15 1.27833e+16 2.15155e+16 3.28062e+16 4.60885e+16 6.05798e+16 7.52684e+16 8.90959e+16 1.00933e+17 1.10085e+17 1.15761e+17 1.17825e+17 0 0 0 0 0 0 0 0 0 0 0 0 0 0 0 0 0 0 0 0 0 0 0 0 0 0 0 0 0 0 0 0 
0 0 0 0 0 0 0 0 0 0 0 0 0 0 0 3.58824e+10 1.86323e+12 2.40367e+13 1.61266e+14 7.05622e+14 2.27877e+15 5.83415e+15 1.24726e+16 2.31013e+16 3.8091e+16 5.71255e+16 7.91031e+16 1.02575e+17 1.25417e+17 1.45732e+17 1.61706e+17 1.71932e+17 1.75428e+17 0 0 0 0 0 0 0 0 0 0 0 0 0 0 0 0 0 0 0 0 0 0 0 0 0 0 0 0 0 0 0 0 
0 0 0 0 0 0 0 0 0 0 0 0 0 0 0 0 3.21222e+11 7.24264e+12 6.7068e+13 3.7164e+14 1.43842e+15 4.26836e+15 1.03173e+16 2.11499e+16 3.79518e+16 6.10141e+16 8.95201e+16 1.21388e+17 1.53856e+17 1.83836e+17 2.07928e+17 2.23558e+17 2.28985e+17 0 0 0 0 0 0 0 0 0 0 0 0 0 0 0 0 0 0 0 0 0 0 0 0 0 0 0 0 0 0 0 0 
0 0 0 0 0 0 0 0 0 0 0 0 0 0 0 0 2.94811e+10 1.615e+12 2.22685e+13 1.60481e+14 7.57692e+14 2.63942e+15 7.24808e+15 1.65513e+16 3.24657e+16 5.62309e+16 8.76837e+16 1.24883e+17 1.64605e+17 2.02296e+17 2.3348e+17 2.54045e+17 2.61191e+17 0 0 0 0 0 0 0 0 0 0 0 0 0 0 0 0 0 0 0 0 0 0 0 0 0 0 0 0 0 0 0 0 
0 0 0 0 0 0 0 0 0 0 0 0 0 0 0 0 0 2.44164e+11 5.78909e+12 5.66786e+13 3.33898e+14 1.37497e+15 4.34225e+15 1.10886e+16 2.39145e+16 4.47616e+16 7.43794e+16 1.11677e+17 1.53276e+17 1.94268e+17 2.28987e+17 2.52449e+17 2.60623e+17 0 0 0 0 0 0 0 0 0 0 0 0 0 0 0 0 0 0 0 0 0 0 0 0 0 0 0 0 0 0 0 0 
0 0 0 0 0 0 0 0 0 0 0 0 0 0 0 0 0 2.01404e+10 1.13103e+12 1.62554e+13 1.2249e+14 6.07352e+14 2.2172e+15 6.38976e+15 1.51807e+16 3.08325e+16 5.47751e+16 8.67512e+16 1.24336e+17 1.62898e+17 1.9654e+17 2.193e+17 2.27448e+17 0 0 0 0 0 0 0 0 0 0 0 0 0 0 0 0 0 0 0 0 0 0 0 0 0 0 0 0 0 0 0 0 
0 0 0 0 0 0 0 0 0 0 0 0 0 0 0 0 0 0 1.51946e+11 3.6948e+12 3.73393e+13 2.27475e+14 9.71315e+14 3.16988e+15 8.35585e+15 1.84476e+16 3.51494e+16 5.89491e+16 8.82632e+16 1.19555e+17 1.47659e+17 1.67288e+17 1.74408e+17 0 0 0 0 0 0 0 0 0 0 0 0 0 0 0 0 0 0 0 0 0 0 0 0 0 0 0 0 0 0 0 0 
0 0 0 0 0 0 0 0 0 0 0 0 0 0 0 0 0 0 1.15604e+10 6.40266e+11 9.35206e+12 7.19413e+13 3.65381e+14 1.36245e+15 3.99994e+15 9.65654e+15 1.97561e+16 3.50809e+16 5.50194e+16 7.70916e+16 9.75226e+16 1.12034e+17 1.17227e+17 0 0 0 0 0 0 0 0 0 0 0 0 0 0 0 0 0 0 0 0 0 0 0 0 0 0 0 0 0 0 0 0 
0 0 0 0 0 0 0 0 0 0 0 0 0 0 0 0 0 0 0 7.79785e+10 1.88674e+12 1.92291e+13 1.1803e+14 5.08973e+14 1.67508e+15 4.42871e+15 9.75434e+15 1.84083e+16 3.02711e+16 4.39806e+16 5.70409e+16 6.64669e+16 6.99131e+16 0 0 0 0 0 0 0 0 0 0 0 0 0 0 0 0 0 0 0 0 0 0 0 0 0 0 0 0 0 0 0 0 
0 0 0 0 0 0 0 0 0 0 0 0 0 0 0 0 0 0 0 5.66476e+09 2.95903e+11 4.2664e+12 3.27337e+13 1.65507e+14 6.15176e+14 1.79232e+15 4.27312e+15 8.55746e+15 1.47577e+16 2.22541e+16 2.96081e+16 3.50679e+16 3.70872e+16 0 0 0 0 0 0 0 0 0 0 0 0 0 0 0 0 0 0 0 0 0 0 0 0 0 0 0 0 0 0 0 0 
0 0 0 0 0 0 0 0 0 0 0 0 0 0 0 0 0 0 0 0 3.32064e+10 7.77675e+11 7.75853e+12 4.68633e+13 1.99149e+14 6.42118e+14 1.65747e+15 3.54398e+15 6.42867e+15 1.0056e+16 1.37301e+16 1.6514e+16 1.75469e+16 0 0 0 0 0 0 0 0 0 0 0 0 0 0 0 0 0 0 0 0 0 0 0 0 0 0 0 0 0 0 0 0 
0 0 0 0 0 0 0 0 0 0 0 0 0 0 0 0 0 0 0 0 2.40375e+09 1.12255e+11 1.55302e+12 1.15542e+13 5.67032e+13 2.04852e+14 5.76533e+14 1.31736e+15 2.51268e+15 4.08721e+15 5.73718e+15 6.99543e+15 7.47482e+15 0 0 0 0 0 0 0 0 0 0 0 0 0 0 0 0 0 0 0 0 0 0 0 0 0 0 0 0 0 0 0 0 
0 0 0 0 0 0 0 0 0 0 0 0 0 0 0 0 0 0 0 0 0 1.18839e+10 2.59746e+11 2.46678e+12 1.43037e+13 5.8216e+13 1.79509e+14 4.40284e+14 8.87304e+14 1.49749e+15 2.16001e+15 2.68329e+15 2.88429e+15 0 0 0 0 0 0 0 0 0 0 0 0 0 0 0 0 0 0 0 0 0 0 0 0 0 0 0 0 0 0 0 0 
0 0 0 0 0 0 0 0 0 0 0 0 0 0 0 0 0 0 0 0 0 9.18451e+08 3.54172e+10 4.54292e+11 3.18136e+12 1.4774e+13 5.0367e+13 1.33347e+14 2.84272e+14 5.01409e+14 7.42794e+14 9.38479e+14 1.01234e+15 0 0 0 0 0 0 0 0 0 0 0 0 0 0 0 0 0 0 0 0 0 0 0 0 0 0 0 0 0 0 0 0 
0 0 0 0 0 0 0 0 0 0 0 0 0 0 0 0 0 0 0 0 0 0 3.6182e+09 7.11406e+10 6.24395e+11 3.36199e+12 1.27762e+13 3.66518e+13 8.29595e+13 1.52825e+14 2.33905e+14 2.99889e+14 3.25512e+14 0 0 0 0 0 0 0 0 0 0 0 0 0 0 0 0 0 0 0 0 0 0 0 0 0 0 0 0 0 0 0 0 
0 0 0 0 0 0 0 0 0 0 0 0 0 0 0 0 0 0 0 0 0 0 3.19606e+08 9.43029e+09 1.07425e+11 6.88816e+11 2.93695e+12 9.18795e+12 2.22197e+13 4.28902e+13 6.76256e+13 8.82809e+13 9.63677e+13 0 0 0 0 0 0 0 0 0 0 0 0 0 0 0 0 0 0 0 0 0 0 0 0 0 0 0 0 0 0 0 0 
0 0 0 0 0 0 0 0 0 0 0 0 0 0 0 0 0 0 0 0 0 0 0 9.58446e+08 1.62042e+10 1.26572e+11 6.15138e+11 2.1164e+12 5.46076e+12 1.10826e+13 1.80505e+13 2.40768e+13 2.64572e+13 0 0 0 0 0 0 0 0 0 0 0 0 0 0 0 0 0 0 0 0 0 0 0 0 0 0 0 0 0 0 0 0 
0 0 0 0 0 0 0 0 0 0 0 0 0 0 0 0 0 0 0 0 0 0 0 1.03729e+08 2.1748e+09 2.08909e+10 1.18293e+11 4.47981e+11 1.25e+12 2.67018e+12 4.49533e+12 6.11518e+12 6.76932e+12 0 0 0 0 0 0 0 0 0 0 0 0 0 0 0 0 0 0 0 0 0 0 0 0 0 0 0 0 0 0 0 0 
0 0 0 0 0 0 0 0 0 0 0 0 0 0 0 0 0 0 0 0 0 0 0 0 2.22758e+08 3.14722e+09 2.09204e+10 8.86364e+10 2.65909e+11 5.98486e+11 1.05021e+12 1.45322e+12 1.62538e+12 0 0 0 0 0 0 0 0 0 0 0 0 0 0 0 0 0 0 0 0 0 0 0 0 0 0 0 0 0 0 0 0 
0 0 0 0 0 0 0 0 0 0 0 0 0 0 0 0 0 0 0 0 0 0 0 0 3.12751e+07 4.43612e+08 3.41516e+09 1.64166e+10 5.33227e+10 1.27465e+11 2.31215e+11 3.28423e+11 3.6761e+11 0 0 0 0 0 0 0 0 0 0 0 0 0 0 0 0 0 0 0 0 0 0 0 0 0 0 0 0 0 0 0 0 
0 0 0 0 0 0 0 0 0 0 0 0 0 0 0 0 0 0 0 0 0 0 0 0 0 4.5321e+07 5.33931e+08 2.89772e+09 1.01836e+10 2.57657e+10 4.85732e+10 7.0583e+10 7.96773e+10 0 0 0 0 0 0 0 0 0 0 0 0 0 0 0 0 0 0 0 0 0 0 0 0 0 0 0 0 0 0 0 0 
0 0 0 0 0 0 0 0 0 0 0 0 0 0 0 0 0 0 0 0 0 0 0 0 0 8.54268e+06 8.09644e+07 4.73995e+08 1.89127e+09 5.01635e+09 9.86158e+09 1.46921e+10 1.66832e+10 0 0 0 0 0 0 0 0 0 0 0 0 0 0 0 0 0 0 0 0 0 0 0 0 0 0 0 0 0 0 0 0 
0 0 0 0 0 0 0 0 0 0 0 0 0 0 0 0 0 0 0 0 0 0 0 0 0 0 7.82456e+06 8.05998e+07 3.38468e+08 9.54241e+08 1.96721e+09 2.94491e+09 3.41555e+09 0 0 0 0 0 0 0 0 0 0 0 0 0 0 0 0 0 0 0 0 0 0 0 0 0 0 0 0 0 0 0 0 
0 0 0 0 0 0 0 0 0 0 0 0 0 0 0 0 0 0 0 0 0 0 0 0 0 0 2.06292e+06 1.28662e+07 5.62179e+07 1.84606e+08 3.7877e+08 5.96007e+08 6.8482e+08 0 0 0 0 0 0 0 0 0 0 0 0 0 0 0 0 0 0 0 0 0 0 0 0 0 0 0 0 0 0 0 0 
0 0 0 0 0 0 0 0 0 0 0 0 0 0 0 0 0 0 0 0 0 0 0 0 0 0 0 1.08661e+06 1.07756e+07 3.27358e+07 7.35645e+07 1.19323e+08 1.35083e+08 0 0 0 0 0 0 0 0 0 0 0 0 0 0 0 0 0 0 0 0 0 0 0 0 0 0 0 0 0 0 0 0 
0 0 0 0 0 0 0 0 0 0 0 0 0 0 0 0 0 0 0 0 0 0 0 0 0 0 0 426583 1.69724e+06 5.56349e+06 1.51567e+07 2.21036e+07 2.84879e+07 0 0 0 0 0 0 0 0 0 0 0 0 0 0 0 0 0 0 0 0 0 0 0 0 0 0 0 0 0 0 0 0 
0 0 0 0 0 0 0 0 0 0 0 0 0 0 0 0 0 0 0 0 0 0 0 0 0 0 0 0 112315 1.24322e+06 2.40922e+06 4.67926e+06 5.18636e+06 0 0 0 0 0 0 0 0 0 0 0 0 0 0 0 0 0 0 0 0 0 0 0 0 0 0 0 0 0 0 0 0 
0 0 0 0 0 0 0 0 0 0 0 0 0 0 0 0 0 0 0 0 0 0 0 0 0 0 0 0 73213.4 170391 457119 964900 934101 0 0 0 0 0 0 0 0 0 0 0 0 0 0 0 0 0 0 0 0 0 0 0 0 0 0 0 0 0 0 0 0 
0 0 0 0 0 0 0 0 0 0 0 0 0 0 0 0 0 0 0 0 0 0 0 0 0 0 0 0 0 7631 115757 111306 239240 0 0 0 0 0 0 0 0 0 0 0 0 0 0 0 0 0 0 0 0 0 0 0 0 0 0 0 0 0 0 0 0 
0 0 0 0 0 0 0 0 0 0 0 0 0 0 0 0 0 0 0 0 0 0 0 0 0 0 0 0 0 9895.98 11464.9 32262.8 37512.7 0 0 0 0 0 0 0 0 0 0 0 0 0 0 0 0 0 0 0 0 0 0 0 0 0 0 0 0 0 0 0 0 
0 0 0 0 0 0 0 0 0 0 0 0 0 0 0 0 0 0 0 0 0 0 0 0 0 0 0 0 0 0 253.907 7597.36 2048.93 0 0 0 0 0 0 0 0 0 0 0 0 0 0 0 0 0 0 0 0 0 0 0 0 0 0 0 0 0 0 0 0 
0 0 0 0 0 0 0 0 0 0 0 0 0 0 0 0 0 0 0 0 0 0 0 0 0 0 0 0 0 0 983.403 381.897 1906.18 0 0 0 0 0 0 0 0 0 0 0 0 0 0 0 0 0 0 0 0 0 0 0 0 0 0 0 0 0 0 0 0 
0 0 0 0 0 0 0 0 0 0 0 0 0 0 0 0 0 0 0 0 0 0 0 0 0 0 0 0 0 0 0 0 253.509 0 0 0 0 0 0 0 0 0 0 0 0 0 0 0 0 0 0 0 0 0 0 0 0 0 0 0 0 0 0 0 0 
0 0 0 0 0 0 0 0 0 0 0 0 0 0 0 0 0 0 0 0 0 0 0 0 0 0 0 0 0 0 0 63.4453 0 0 0 0 0 0 0 0 0 0 0 0 0 0 0 0 0 0 0 0 0 0 0 0 0 0 0 0 0 0 0 0 0 
0 0 0 0 0 0 0 0 0 0 0 0 0 0 0 0 0 0 0 0 0 0 0 0 0 0 0 0 0 0 0 0 0 0 0 0 0 0 0 0 0 0 0 0 0 0 0 0 0 0 0 0 0 0 0 0 0 0 0 0 0 0 0 0 0 
0 0 0 0 0 0 0 0 0 0 0 0 0 0 0 0 0 0 0 0 0 0 0 0 0 0 0 0 0 0 0 0 1.98267 0 0 0 0 0 0 0 0 0 0 0 0 0 0 0 0 0 0 0 0 0 0 0 0 0 0 0 0 0 0 0 0 
