1 0 0 0 0 0 0 0 0 0 0 0 0 0 0 0 0 
0 0 0 0 0 0 0 0 0 0 0 0 0 0 0 0 0 
0 16 0 0 0 0 0 0 0 0 0 0 0 0 0 0 0 
0 0 32 0 0 0 0 0 0 0 0 0 0 0 0 0 0 
0 0 88 96.1493 24.0373 0 0 0 7.98993 0 0 0 0 0 0 0 0 
0 0 0 255.701 255.056 195.687 97.8379 63.9194 0 0 0 0 0 0 0 0 0 
0 0 0 208.149 737.128 686.502 715.227 634.996 773.392 0 0 0 0 0 0 0 0 
0 0 0 0 576.428 1655.86 1802.15 1898.46 1620.2 0 0 0 0 0 0 0 0 
0 0 0 0 227.351 1254.66 2941.84 3685.74 4316.01 0 0 0 0 0 0 0 0 
0 0 0 0 0 446.657 1551.35 3147.12 3264.49 0 0 0 0 0 0 0 0 
0 0 0 0 0 128.635 778.309 1382.04 2120.54 0 0 0 0 0 0 0 0 
0 0 0 0 0 0 67.0071 516.876 582.301 0 0 0 0 0 0 0 0 
0 0 0 0 0 0 54.2841 95.3298 120.732 0 0 0 0 0 0 0 0 
0 0 0 0 0 0 0 0 62.4061 0 0 0 0 0 0 0 0 
0 0 0 0 0 0 0 15.5097 0 0 0 0 0 0 0 0 0 
0 0 0 0 0 0 0 0 0 0 0 0 0 0 0 0 0 
0 0 0 0 0 0 0 0 1.93872 0 0 0 0 0 0 0 0 
