1 0 0 0 0 0 0 0 0 0 0 0 0 0 0 0 0 
0 0 0 0 0 0 0 0 0 0 0 0 0 0 0 0 0 
0 16 0 0 0 0 0 0 0 0 0 0 0 0 0 0 0 
0 0 32 0 0 0 0 0 0 0 0 0 0 0 0 0 0 
0 0 88 95.9733 23.9933 0 0 0 7.46892 0 0 0 0 0 0 0 0 
0 0 0 256.053 257.454 190.079 94.4835 59.7513 0 0 0 0 0 0 0 0 0 
0 0 0 207.973 731.335 691.64 712.088 639.668 769.121 0 0 0 0 0 0 0 0 
0 0 0 0 580.995 1659.95 1820.91 1915.03 1616.25 0 0 0 0 0 0 0 0 
0 0 0 0 226.223 1248.8 2916.8 3674.75 4315.74 0 0 0 0 0 0 0 0 
0 0 0 0 0 453.614 1572.16 3120.38 3299.9 0 0 0 0 0 0 0 0 
0 0 0 0 0 123.925 772.896 1405.65 2091.91 0 0 0 0 0 0 0 0 
0 0 0 0 0 0 64.0768 512.289 586.414 0 0 0 0 0 0 0 0 
0 0 0 0 0 0 54.5889 96.8726 116.449 0 0 0 0 0 0 0 0 
0 0 0 0 0 0 0 0 64.803 0 0 0 0 0 0 0 0 
0 0 0 0 0 0 0 15.5968 0 0 0 0 0 0 0 0 0 
0 0 0 0 0 0 0 0 0 0 0 0 0 0 0 0 0 
0 0 0 0 0 0 0 0 1.94961 0 0 0 0 0 0 0 0 
