1 0 0 0 0 0 0 0 0 0 0 0 0 0 0 0 0 
0 0 0 0 0 0 0 0 0 0 0 0 0 0 0 0 0 
0 16 0 0 0 0 0 0 0 0 0 0 0 0 0 0 0 
0 0 32 0 0 0 0 0 0 0 0 0 0 0 0 0 0 
0 0 88 97.088 24.272 0 0 0 7.72563 0 0 0 0 0 0 0 0 
0 0 0 253.824 259.186 192.581 96.9627 61.8051 0 0 0 0 0 0 0 0 0 
0 0 0 209.088 732.064 687.46 702.088 631.426 771.782 0 0 0 0 0 0 0 0 
0 0 0 0 573.227 1669.47 1832.03 1933.53 1595.34 0 0 0 0 0 0 0 0 
0 0 0 0 231.251 1239.89 2919.41 3650.69 4348.09 0 0 0 0 0 0 0 0 
0 0 0 0 0 447.063 1568.97 3135.52 3267.85 0 0 0 0 0 0 0 0 
0 0 0 0 0 131.536 764.663 1405.23 2126.59 0 0 0 0 0 0 0 0 
0 0 0 0 0 0 66.7298 508.034 569.702 0 0 0 0 0 0 0 0 
0 0 0 0 0 0 57.1523 97.4349 117.047 0 0 0 0 0 0 0 0 
0 0 0 0 0 0 0 0 63.8309 0 0 0 0 0 0 0 0 
0 0 0 0 0 0 0 16.3292 0 0 0 0 0 0 0 0 0 
0 0 0 0 0 0 0 0 0 0 0 0 0 0 0 0 0 
0 0 0 0 0 0 0 0 2.04115 0 0 0 0 0 0 0 0 
