1 0 0 0 0 0 0 0 0 0 0 0 0 0 0 0 0 
0 0 0 0 0 0 0 0 0 0 0 0 0 0 0 0 0 
0 16 0 0 0 0 0 0 0 0 0 0 0 0 0 0 0 
0 0 32 0 0 0 0 0 0 0 0 0 0 0 0 0 0 
0 0 88 96.0063 24.0016 0 0 0 8.00519 0 0 0 0 0 0 0 0 
0 0 0 255.987 256.02 192.002 95.9868 64.0415 0 0 0 0 0 0 0 0 0 
0 0 0 208.006 735.989 688.044 703.983 623.943 767.852 0 0 0 0 0 0 0 0 
0 0 0 0 575.954 1663.91 1824.21 1920.03 1600.27 0 0 0 0 0 0 0 0 
0 0 0 0 228.035 1248.05 2927.81 3679.98 4355.98 0 0 0 0 0 0 0 0 
0 0 0 0 0 448 1567.92 3135.92 3263.99 0 0 0 0 0 0 0 0 
0 0 0 0 0 128.001 768.07 1392.15 2111.85 0 0 0 0 0 0 0 0 
0 0 0 0 0 0 64.022 511.904 575.966 0 0 0 0 0 0 0 0 
0 0 0 0 0 0 56.0038 96.0257 120.06 0 0 0 0 0 0 0 0 
0 0 0 0 0 0 0 0 64.0322 0 0 0 0 0 0 0 0 
0 0 0 0 0 0 0 16.0011 0 0 0 0 0 0 0 0 0 
0 0 0 0 0 0 0 0 0 0 0 0 0 0 0 0 0 
0 0 0 0 0 0 0 0 2.00014 0 0 0 0 0 0 0 0 
