1 0 0 0 0 0 0 0 0 0 0 0 0 0 0 0 0 
0 0 0 0 0 0 0 0 0 0 0 0 0 0 0 0 0 
0 16 0 0 0 0 0 0 0 0 0 0 0 0 0 0 0 
0 0 32 0 0 0 0 0 0 0 0 0 0 0 0 0 0 
0 0 88 96.0126 24.0031 0 0 0 7.99935 0 0 0 0 0 0 0 0 
0 0 0 255.975 256.002 191.975 96.0248 63.9948 0 0 0 0 0 0 0 0 0 
0 0 0 208.013 735.982 688.001 703.879 623.959 768.011 0 0 0 0 0 0 0 0 
0 0 0 0 576.017 1664.07 1824.07 1919.98 1600.22 0 0 0 0 0 0 0 0 
0 0 0 0 227.996 1247.95 2928.06 3679.99 4355.53 0 0 0 0 0 0 0 0 
0 0 0 0 0 448.012 1567.97 3136.24 3264.38 0 0 0 0 0 0 0 0 
0 0 0 0 0 127.991 768.007 1391.85 2111.73 0 0 0 0 0 0 0 0 
0 0 0 0 0 0 63.9986 511.972 576.103 0 0 0 0 0 0 0 0 
0 0 0 0 0 0 55.9801 96.0161 120.021 0 0 0 0 0 0 0 0 
0 0 0 0 0 0 0 0 64.0015 0 0 0 0 0 0 0 0 
0 0 0 0 0 0 0 15.9943 0 0 0 0 0 0 0 0 0 
0 0 0 0 0 0 0 0 0 0 0 0 0 0 0 0 0 
0 0 0 0 0 0 0 0 1.99929 0 0 0 0 0 0 0 0 
