1 0 0 0 0 0 0 0 0 0 0 0 0 0 0 0 0 
0 0 0 0 0 0 0 0 0 0 0 0 0 0 0 0 0 
0 16 0 0 0 0 0 0 0 0 0 0 0 0 0 0 0 
0 0 32 0 0 0 0 0 0 0 0 0 0 0 0 0 0 
0 0 88 94.5067 23.6267 0 0 0 7.72038 0 0 0 0 0 0 0 0 
0 0 0 258.987 251.233 188.125 93.0146 61.763 0 0 0 0 0 0 0 0 0 
0 0 0 206.507 744.417 688.78 691.887 617.992 770.784 0 0 0 0 0 0 0 0 
0 0 0 0 574.96 1670.49 1848.34 1917.98 1596.25 0 0 0 0 0 0 0 0 
0 0 0 0 225.763 1245.34 2924.8 3697.54 4366.55 0 0 0 0 0 0 0 0 
0 0 0 0 0 450.099 1561.65 3147.89 3253.67 0 0 0 0 0 0 0 0 
0 0 0 0 0 125.163 770.365 1368.8 2103.59 0 0 0 0 0 0 0 0 
0 0 0 0 0 0 62.9949 513.756 585.191 0 0 0 0 0 0 0 0 
0 0 0 0 0 0 54.9467 98.5748 120.835 0 0 0 0 0 0 0 0 
0 0 0 0 0 0 0 0 63.447 0 0 0 0 0 0 0 0 
0 0 0 0 0 0 0 15.699 0 0 0 0 0 0 0 0 0 
0 0 0 0 0 0 0 0 0 0 0 0 0 0 0 0 0 
0 0 0 0 0 0 0 0 1.96238 0 0 0 0 0 0 0 0 
