1 0 0 0 0 0 0 0 0 0 0 0 0 0 0 0 0 
0 0 0 0 0 0 0 0 0 0 0 0 0 0 0 0 0 
0 16 0 0 0 0 0 0 0 0 0 0 0 0 0 0 0 
0 0 32 0 0 0 0 0 0 0 0 0 0 0 0 0 0 
0 0 88 96.8533 24.2133 0 0 0 8.30099 0 0 0 0 0 0 0 0 
0 0 0 254.293 254.322 191.566 94.3926 66.4079 0 0 0 0 0 0 0 0 0 
0 0 0 208.853 738.732 686.228 704.261 613.186 765.09 0 0 0 0 0 0 0 0 
0 0 0 0 574.717 1665.06 1830.25 1934.94 1607.39 0 0 0 0 0 0 0 0 
0 0 0 0 228.016 1253.54 2921.15 3661.77 4351.48 0 0 0 0 0 0 0 0 
0 0 0 0 0 443.01 1568.78 3163.18 3265.96 0 0 0 0 0 0 0 0 
0 0 0 0 0 128.601 769.811 1371.97 2111.75 0 0 0 0 0 0 0 0 
0 0 0 0 0 0 63.8623 516.499 568.671 0 0 0 0 0 0 0 0 
0 0 0 0 0 0 55.4913 96.1972 123.444 0 0 0 0 0 0 0 0 
0 0 0 0 0 0 0 0 65.9364 0 0 0 0 0 0 0 0 
0 0 0 0 0 0 0 15.8546 0 0 0 0 0 0 0 0 0 
0 0 0 0 0 0 0 0 0 0 0 0 0 0 0 0 0 
0 0 0 0 0 0 0 0 1.98183 0 0 0 0 0 0 0 0 
