1 0 0 0 0 0 0 0 0 0 0 0 0 0 0 0 0 
0 0 0 0 0 0 0 0 0 0 0 0 0 0 0 0 0 
0 16 0 0 0 0 0 0 0 0 0 0 0 0 0 0 0 
0 0 32 0 0 0 0 0 0 0 0 0 0 0 0 0 0 
0 0 88 95.856 23.964 0 0 0 7.72847 0 0 0 0 0 0 0 0 
0 0 0 256.288 261.411 194.965 96.4306 61.8277 0 0 0 0 0 0 0 0 0 
0 0 0 207.856 727.174 688.513 701.558 623.032 769.11 0 0 0 0 0 0 0 0 
0 0 0 0 577.562 1658.5 1824.5 1925.44 1617.53 0 0 0 0 0 0 0 0 
0 0 0 0 229.889 1246.71 2934.86 3691.62 4324.09 0 0 0 0 0 0 0 0 
0 0 0 0 0 450.208 1560.82 3113.78 3266.93 0 0 0 0 0 0 0 0 
0 0 0 0 0 129.106 769.383 1399.06 2128.43 0 0 0 0 0 0 0 0 
0 0 0 0 0 0 64.4832 511.872 569.659 0 0 0 0 0 0 0 0 
0 0 0 0 0 0 55.9672 97.3807 120.702 0 0 0 0 0 0 0 0 
0 0 0 0 0 0 0 0 63.8206 0 0 0 0 0 0 0 0 
0 0 0 0 0 0 0 15.9906 0 0 0 0 0 0 0 0 0 
0 0 0 0 0 0 0 0 0 0 0 0 0 0 0 0 0 
0 0 0 0 0 0 0 0 1.99883 0 0 0 0 0 0 0 0 
