1 0 0 0 0 0 0 0 0 0 0 0 0 0 0 0 0 
0 0 0 0 0 0 0 0 0 0 0 0 0 0 0 0 0 
0 16 0 0 0 0 0 0 0 0 0 0 0 0 0 0 0 
0 0 32 0 0 0 0 0 0 0 0 0 0 0 0 0 0 
0 0 88 97.3227 24.3307 0 0 0 7.89015 0 0 0 0 0 0 0 0 
0 0 0 253.355 257.815 195.808 95.9954 63.1212 0 0 0 0 0 0 0 0 0 
0 0 0 209.323 735.726 690.471 697.927 619.192 776.392 0 0 0 0 0 0 0 0 
0 0 0 0 569.78 1651.94 1825.93 1944.26 1594.38 0 0 0 0 0 0 0 0 
0 0 0 0 232.348 1252.05 2949.17 3624.78 4329.97 0 0 0 0 0 0 0 0 
0 0 0 0 0 447.151 1546.84 3191.13 3308.84 0 0 0 0 0 0 0 0 
0 0 0 0 0 130.58 769.904 1380.75 2088.09 0 0 0 0 0 0 0 0 
0 0 0 0 0 0 65.8274 503.956 571.776 0 0 0 0 0 0 0 0 
0 0 0 0 0 0 56.4104 96.7035 126.98 0 0 0 0 0 0 0 0 
0 0 0 0 0 0 0 0 63.6688 0 0 0 0 0 0 0 0 
0 0 0 0 0 0 0 16.1173 0 0 0 0 0 0 0 0 0 
0 0 0 0 0 0 0 0 0 0 0 0 0 0 0 0 0 
0 0 0 0 0 0 0 0 2.01466 0 0 0 0 0 0 0 0 
