1 0 0 0 0 0 0 0 0 0 0 0 0 0 0 0 0 
0 0 0 0 0 0 0 0 0 0 0 0 0 0 0 0 0 
0 16 0 0 0 0 0 0 0 0 0 0 0 0 0 0 0 
0 0 32 0 0 0 0 0 0 0 0 0 0 0 0 0 0 
0 0 88 96.208 24.052 0 0 0 7.95258 0 0 0 0 0 0 0 0 
0 0 0 255.584 253.864 193.601 97.2487 63.6206 0 0 0 0 0 0 0 0 0 
0 0 0 208.208 738.646 679.201 696.797 624.988 769.251 0 0 0 0 0 0 0 0 
0 0 0 0 576.907 1671.85 1843.69 1920.5 1609.01 0 0 0 0 0 0 0 0 
0 0 0 0 226.53 1247.65 2904.35 3684.88 4337.45 0 0 0 0 0 0 0 0 
0 0 0 0 0 452.324 1575.2 3118.43 3273.14 0 0 0 0 0 0 0 0 
0 0 0 0 0 123.368 772.228 1403.83 2108.63 0 0 0 0 0 0 0 0 
0 0 0 0 0 0 64.5739 514.577 577.48 0 0 0 0 0 0 0 0 
0 0 0 0 0 0 53.912 93.7744 120.772 0 0 0 0 0 0 0 0 
0 0 0 0 0 0 0 0 64.3998 0 0 0 0 0 0 0 0 
0 0 0 0 0 0 0 15.4034 0 0 0 0 0 0 0 0 0 
0 0 0 0 0 0 0 0 0 0 0 0 0 0 0 0 0 
0 0 0 0 0 0 0 0 1.92543 0 0 0 0 0 0 0 0 
