1 0 0 0 0 0 0 0 0 0 0 0 0 0 0 0 0 
0 0 0 0 0 0 0 0 0 0 0 0 0 0 0 0 0 
0 16 0 0 0 0 0 0 0 0 0 0 0 0 0 0 0 
0 0 32 0 0 0 0 0 0 0 0 0 0 0 0 0 0 
0 0 88 95.6213 23.9053 0 0 0 7.97472 0 0 0 0 0 0 0 0 
0 0 0 256.757 255.648 191.09 94.5379 63.7977 0 0 0 0 0 0 0 0 0 
0 0 0 207.621 733.011 690.479 707.441 617.071 765.499 0 0 0 0 0 0 0 0 
0 0 0 0 583.412 1658.08 1808.89 1928.98 1601.86 0 0 0 0 0 0 0 0 
0 0 0 0 224.023 1253.31 2958.83 3679.15 4366.88 0 0 0 0 0 0 0 0 
0 0 0 0 0 449.764 1544.03 3141.49 3245.04 0 0 0 0 0 0 0 0 
0 0 0 0 0 125.274 774.592 1385.65 2121.2 0 0 0 0 0 0 0 0 
0 0 0 0 0 0 64.564 509.191 575.775 0 0 0 0 0 0 0 0 
0 0 0 0 0 0 55.1205 98.9132 120.78 0 0 0 0 0 0 0 0 
0 0 0 0 0 0 0 0 63.0268 0 0 0 0 0 0 0 0 
0 0 0 0 0 0 0 15.7487 0 0 0 0 0 0 0 0 0 
0 0 0 0 0 0 0 0 0 0 0 0 0 0 0 0 0 
0 0 0 0 0 0 0 0 1.96859 0 0 0 0 0 0 0 0 
