1 0 0 0 0 0 0 0 0 0 0 0 0 0 0 0 0 0 0 0 0 0 0 0 0 0 0 0 0 0 0 0 0 0 0 0 0 0 0 0 0 0 0 0 0 0 0 0 0 0 0 0 0 0 0 0 0 0 0 0 0 0 0 0 0 
0 0 0 0 0 0 0 0 0 0 0 0 0 0 0 0 0 0 0 0 0 0 0 0 0 0 0 0 0 0 0 0 0 0 0 0 0 0 0 0 0 0 0 0 0 0 0 0 0 0 0 0 0 0 0 0 0 0 0 0 0 0 0 0 0 
0 64 0 0 0 0 0 0 0 0 0 0 0 0 0 0 0 0 0 0 0 0 0 0 0 0 0 0 0 0 0 0 0 0 0 0 0 0 0 0 0 0 0 0 0 0 0 0 0 0 0 0 0 0 0 0 0 0 0 0 0 0 0 0 0 
0 0 128 0 0 0 0 0 0 0 0 0 0 0 0 0 0 0 0 0 0 0 0 0 0 0 0 0 0 0 0 0 0 0 0 0 0 0 0 0 0 0 0 0 0 0 0 0 0 0 0 0 0 0 0 0 0 0 0 0 0 0 0 0 0 
0 0 1888 381.867 63.7717 0 0 0 0 0 0 0 0 0 0 0 0 0 0 0 0 0 0 0 0 0 0 0 0 0 0 0 0 0 0 0 0 0 0 0 0 0 0 0 0 0 0 0 0 0 0 0 0 0 0 0 0 0 0 0 0 0 0 0 0 
0 0 0 7172.27 1164.79 493.557 143.857 0 0 0 0 0 0 0 0 0 0 0 0 0 0 0 0 0 0 0 0 0 0 0 0 0 0 0 0 0 0 0 0 0 0 0 0 0 0 0 0 0 0 0 0 0 0 0 0 0 0 0 0 0 0 0 0 0 0 
0 0 0 34109.9 27011.1 6973.26 2445.46 1446.74 380.903 54.6664 0 0 0 0 0 0 0 0 0 0 0 0 0 0 0 0 0 0 0 0 0 0 0 0 0 0 0 0 0 0 0 0 0 0 0 0 0 0 0 0 0 0 0 0 0 0 0 0 0 0 0 0 0 0 0 
0 0 0 0 184276 96834.9 43518.1 17085.3 9025.21 4015.85 2290.65 533.499 111.484 0 0 0 0 0 0 0 0 0 0 0 0 0 0 0 0 0 0 0 0 0 0 0 0 0 0 0 0 0 0 0 0 0 0 0 0 0 0 0 0 0 0 0 0 0 0 0 0 0 0 0 0 
0 0 0 0 422860 827782 407292 225869 115469 64099.1 34142.2 21166 9264.52 3449.95 1427.74 476.56 116.092 0 0 0 0 0 0 0 12.4174 0 0 0 0 0 0 0 13.9291 0 0 0 0 0 0 0 0 0 0 0 0 0 0 0 0 0 0 0 0 0 0 0 0 0 0 0 0 0 0 0 0 
0 0 0 0 0 2.86453e+06 3.27381e+06 1.95439e+06 1.18554e+06 776434 438845 236754 151665 87197.7 49157.4 27018.1 14203.5 5823.39 1791.03 741.946 289.457 226.745 275.429 248.555 0 247.281 292.698 255.369 213.411 172.928 245.944 204.8 0 0 0 0 0 0 0 0 0 0 0 0 0 0 0 0 0 0 0 0 0 0 0 0 0 0 0 0 0 0 0 0 0 
0 0 0 0 0 3.8279e+06 1.46796e+07 1.32294e+07 9.15965e+06 6.05453e+06 3.9591e+06 2.66299e+06 1.74418e+06 1.02503e+06 681947 449207 292838 179233 108744 63530.6 39794.3 19334.5 16101.1 9892.29 11862.7 11789.1 7834.72 8723.62 8255.32 8620.43 10412.2 10951.4 10905.2 0 0 0 0 0 0 0 0 0 0 0 0 0 0 0 0 0 0 0 0 0 0 0 0 0 0 0 0 0 0 0 0 
0 0 0 0 0 0 3.03612e+07 6.40498e+07 5.59913e+07 4.32137e+07 3.10729e+07 2.19008e+07 1.54632e+07 1.10594e+07 7.69613e+06 5.56276e+06 3.82167e+06 2.8272e+06 1.98724e+06 1.46572e+06 957493 708580 449559 312827 276882 240685 225156 213677 199039 199685 229593 210067 190775 0 0 0 0 0 0 0 0 0 0 0 0 0 0 0 0 0 0 0 0 0 0 0 0 0 0 0 0 0 0 0 0 
0 0 0 0 0 0 2.62064e+07 1.69579e+08 2.64817e+08 2.38858e+08 1.97363e+08 1.51694e+08 1.13598e+08 8.7604e+07 6.77247e+07 5.24307e+07 4.10191e+07 2.98464e+07 2.23181e+07 1.66564e+07 1.30047e+07 9.89768e+06 7.95088e+06 6.34609e+06 5.1188e+06 4.52393e+06 3.62682e+06 3.4806e+06 3.24491e+06 3.26295e+06 3.20806e+06 2.9845e+06 3.04559e+06 0 0 0 0 0 0 0 0 0 0 0 0 0 0 0 0 0 0 0 0 0 0 0 0 0 0 0 0 0 0 0 0 
0 0 0 0 0 0 0 2.32804e+08 7.8364e+08 1.06343e+09 1.02981e+09 9.0181e+08 7.51645e+08 6.03037e+08 4.78964e+08 3.72227e+08 3.06603e+08 2.32626e+08 1.98927e+08 1.56933e+08 1.3295e+08 1.0593e+08 9.22633e+07 7.91333e+07 6.99842e+07 5.43317e+07 4.75819e+07 4.34715e+07 4.03025e+07 3.892e+07 3.32264e+07 3.52282e+07 3.83112e+07 0 0 0 0 0 0 0 0 0 0 0 0 0 0 0 0 0 0 0 0 0 0 0 0 0 0 0 0 0 0 0 0 
0 0 0 0 0 0 0 1.39355e+08 1.388e+09 3.31237e+09 4.20293e+09 4.31496e+09 3.96096e+09 3.37411e+09 2.93704e+09 2.54373e+09 2.01922e+09 1.7194e+09 1.40418e+09 1.20437e+09 1.04693e+09 8.91634e+08 7.37255e+08 6.60385e+08 5.47154e+08 5.16088e+08 4.62406e+08 4.2052e+08 4.01126e+08 3.85547e+08 3.74066e+08 3.65387e+08 3.65147e+08 0 0 0 0 0 0 0 0 0 0 0 0 0 0 0 0 0 0 0 0 0 0 0 0 0 0 0 0 0 0 0 0 
0 0 0 0 0 0 0 0 1.33832e+09 6.68929e+09 1.32146e+10 1.66508e+10 1.75421e+10 1.72934e+10 1.58053e+10 1.42553e+10 1.24089e+10 1.03276e+10 9.20595e+09 7.9981e+09 7.14096e+09 6.28171e+09 5.63392e+09 4.74034e+09 4.20316e+09 4.01634e+09 3.79646e+09 3.51536e+09 3.19588e+09 3.06187e+09 3.04998e+09 3.01322e+09 3.11066e+09 0 0 0 0 0 0 0 0 0 0 0 0 0 0 0 0 0 0 0 0 0 0 0 0 0 0 0 0 0 0 0 0 
0 0 0 0 0 0 0 0 5.84923e+08 8.30006e+09 2.85416e+10 5.04646e+10 6.46253e+10 7.0963e+10 7.08384e+10 6.69894e+10 6.22615e+10 5.78522e+10 5.10371e+10 4.79332e+10 4.36677e+10 3.89494e+10 3.46591e+10 3.11393e+10 2.91437e+10 2.74369e+10 2.59452e+10 2.43088e+10 2.31175e+10 2.26059e+10 2.17213e+10 2.11513e+10 2.03703e+10 0 0 0 0 0 0 0 0 0 0 0 0 0 0 0 0 0 0 0 0 0 0 0 0 0 0 0 0 0 0 0 0 
0 0 0 0 0 0 0 0 0 5.92353e+09 4.08073e+10 1.11379e+11 1.85612e+11 2.37972e+11 2.66488e+11 2.81988e+11 2.79863e+11 2.70796e+11 2.60799e+11 2.40555e+11 2.25586e+11 2.07364e+11 1.94436e+11 1.82983e+11 1.70228e+11 1.59323e+11 1.51185e+11 1.47004e+11 1.44734e+11 1.37025e+11 1.36685e+11 1.34271e+11 1.34373e+11 0 0 0 0 0 0 0 0 0 0 0 0 0 0 0 0 0 0 0 0 0 0 0 0 0 0 0 0 0 0 0 0 
0 0 0 0 0 0 0 0 0 1.96294e+09 3.7623e+10 1.74963e+11 4.12239e+11 6.64907e+11 8.71608e+11 1.00337e+12 1.09915e+12 1.11831e+12 1.11985e+12 1.09964e+12 1.0585e+12 1.03241e+12 9.89011e+11 9.57598e+11 9.08281e+11 8.8351e+11 8.26724e+11 8.03268e+11 7.82069e+11 7.66602e+11 7.54741e+11 7.30245e+11 7.3176e+11 0 0 0 0 0 0 0 0 0 0 0 0 0 0 0 0 0 0 0 0 0 0 0 0 0 0 0 0 0 0 0 0 
0 0 0 0 0 0 0 0 0 0 2.05433e+10 1.85912e+11 6.73043e+11 1.45714e+12 2.3057e+12 3.04679e+12 3.59581e+12 4.00678e+12 4.31253e+12 4.3781e+12 4.49157e+12 4.47268e+12 4.41891e+12 4.27721e+12 4.17598e+12 4.12724e+12 4.10635e+12 3.90122e+12 3.69718e+12 3.69552e+12 3.76999e+12 3.72051e+12 3.64844e+12 0 0 0 0 0 0 0 0 0 0 0 0 0 0 0 0 0 0 0 0 0 0 0 0 0 0 0 0 0 0 0 0 
0 0 0 0 0 0 0 0 0 0 5.27775e+09 1.31179e+11 7.82461e+11 2.37774e+12 4.85703e+12 7.6671e+12 1.02943e+13 1.24309e+13 1.4174e+13 1.57493e+13 1.6616e+13 1.69652e+13 1.72942e+13 1.7421e+13 1.75596e+13 1.70267e+13 1.72492e+13 1.70443e+13 1.72948e+13 1.71623e+13 1.66599e+13 1.68496e+13 1.70589e+13 0 0 0 0 0 0 0 0 0 0 0 0 0 0 0 0 0 0 0 0 0 0 0 0 0 0 0 0 0 0 0 0 
0 0 0 0 0 0 0 0 0 0 0 5.6072e+10 6.46477e+11 2.94373e+12 7.95103e+12 1.53881e+13 2.43525e+13 3.32414e+13 4.12257e+13 4.83757e+13 5.38696e+13 5.8308e+13 6.14124e+13 6.39002e+13 6.57117e+13 6.72909e+13 6.75693e+13 6.81443e+13 6.91475e+13 6.94542e+13 6.84995e+13 6.8396e+13 6.76285e+13 0 0 0 0 0 0 0 0 0 0 0 0 0 0 0 0 0 0 0 0 0 0 0 0 0 0 0 0 0 0 0 0 
0 0 0 0 0 0 0 0 0 0 0 1.15823e+10 3.54072e+11 2.64918e+12 1e+13 2.50612e+13 4.71529e+13 7.42513e+13 1.02006e+14 1.28872e+14 1.54524e+14 1.7521e+14 1.93508e+14 2.0883e+14 2.22914e+14 2.30472e+14 2.41478e+14 2.45055e+14 2.46671e+14 2.49573e+14 2.51194e+14 2.55448e+14 2.57763e+14 0 0 0 0 0 0 0 0 0 0 0 0 0 0 0 0 0 0 0 0 0 0 0 0 0 0 0 0 0 0 0 0 
0 0 0 0 0 0 0 0 0 0 0 0 1.22726e+11 1.71402e+12 9.58012e+12 3.15131e+13 7.35373e+13 1.35318e+14 2.12733e+14 2.9696e+14 3.83194e+14 4.6436e+14 5.41861e+14 6.0823e+14 6.55584e+14 7.12479e+14 7.45669e+14 7.79837e+14 8.15368e+14 8.24995e+14 8.39265e+14 8.46449e+14 8.43915e+14 0 0 0 0 0 0 0 0 0 0 0 0 0 0 0 0 0 0 0 0 0 0 0 0 0 0 0 0 0 0 0 0 
0 0 0 0 0 0 0 0 0 0 0 0 2.05749e+10 7.5457e+11 6.77958e+12 3.0941e+13 9.21872e+13 2.05561e+14 3.73159e+14 5.84241e+14 8.22591e+14 1.07716e+15 1.31431e+15 1.54379e+15 1.7551e+15 1.92296e+15 2.08774e+15 2.21763e+15 2.33492e+15 2.46033e+15 2.48983e+15 2.51464e+15 2.52851e+15 0 0 0 0 0 0 0 0 0 0 0 0 0 0 0 0 0 0 0 0 0 0 0 0 0 0 0 0 0 0 0 0 
0 0 0 0 0 0 0 0 0 0 0 0 0 2.15116e+11 3.53297e+12 2.33658e+13 9.12853e+13 2.51319e+14 5.38632e+14 9.61641e+14 1.49956e+15 2.13319e+15 2.81861e+15 3.49181e+15 4.12884e+15 4.78138e+15 5.32477e+15 5.81095e+15 6.14304e+15 6.46877e+15 6.64294e+15 6.82088e+15 6.80912e+15 0 0 0 0 0 0 0 0 0 0 0 0 0 0 0 0 0 0 0 0 0 0 0 0 0 0 0 0 0 0 0 0 
0 0 0 0 0 0 0 0 0 0 0 0 0 3.01518e+10 1.27926e+12 1.33457e+13 7.17359e+13 2.48445e+14 6.38435e+14 1.32239e+15 2.33485e+15 3.61308e+15 5.20569e+15 6.865e+15 8.70327e+15 1.03155e+16 1.18687e+16 1.32822e+16 1.45052e+16 1.53743e+16 1.61865e+16 1.64578e+16 1.67827e+16 0 0 0 0 0 0 0 0 0 0 0 0 0 0 0 0 0 0 0 0 0 0 0 0 0 0 0 0 0 0 0 0 
0 0 0 0 0 0 0 0 0 0 0 0 0 0 3.05813e+11 5.71402e+12 4.31523e+13 1.95232e+14 6.18167e+14 1.51854e+15 3.05284e+15 5.32244e+15 8.19006e+15 1.1729e+16 1.54558e+16 1.94419e+16 2.3532e+16 2.7058e+16 3.01368e+16 3.28077e+16 3.48728e+16 3.627e+16 3.60878e+16 0 0 0 0 0 0 0 0 0 0 0 0 0 0 0 0 0 0 0 0 0 0 0 0 0 0 0 0 0 0 0 0 
0 0 0 0 0 0 0 0 0 0 0 0 0 0 3.59344e+10 1.72357e+12 2.03325e+13 1.235e+14 4.88718e+14 1.41672e+15 3.30864e+15 6.49316e+15 1.10664e+16 1.71784e+16 2.44526e+16 3.23399e+16 4.0478e+16 4.82494e+16 5.56792e+16 6.11181e+16 6.59315e+16 6.85185e+16 7.02748e+16 0 0 0 0 0 0 0 0 0 0 0 0 0 0 0 0 0 0 0 0 0 0 0 0 0 0 0 0 0 0 0 0 
0 0 0 0 0 0 0 0 0 0 0 0 0 0 0 3.47274e+11 7.24518e+12 6.13712e+13 3.11134e+14 1.10625e+15 3.00539e+15 6.69085e+15 1.2842e+16 2.13994e+16 3.25753e+16 4.6052e+16 6.02078e+16 7.54684e+16 8.91545e+16 1.02019e+17 1.10131e+17 1.1576e+17 1.17617e+17 0 0 0 0 0 0 0 0 0 0 0 0 0 0 0 0 0 0 0 0 0 0 0 0 0 0 0 0 0 0 0 0 
0 0 0 0 0 0 0 0 0 0 0 0 0 0 0 3.58266e+10 1.84804e+12 2.41196e+13 1.61073e+14 7.02919e+14 2.28095e+15 5.85818e+15 1.24818e+16 2.31023e+16 3.80947e+16 5.70941e+16 7.96195e+16 1.02678e+17 1.24963e+17 1.44711e+17 1.60764e+17 1.71304e+17 1.75428e+17 0 0 0 0 0 0 0 0 0 0 0 0 0 0 0 0 0 0 0 0 0 0 0 0 0 0 0 0 0 0 0 0 
0 0 0 0 0 0 0 0 0 0 0 0 0 0 0 0 3.2255e+11 7.24296e+12 6.72393e+13 3.73917e+14 1.43825e+15 4.25931e+15 1.02952e+16 2.12148e+16 3.80158e+16 6.1082e+16 8.87884e+16 1.20606e+17 1.53962e+17 1.83799e+17 2.08455e+17 2.24139e+17 2.28049e+17 0 0 0 0 0 0 0 0 0 0 0 0 0 0 0 0 0 0 0 0 0 0 0 0 0 0 0 0 0 0 0 0 
0 0 0 0 0 0 0 0 0 0 0 0 0 0 0 0 2.92883e+10 1.60527e+12 2.20998e+13 1.59735e+14 7.56537e+14 2.63703e+15 7.27452e+15 1.65668e+16 3.24913e+16 5.59356e+16 8.76169e+16 1.24541e+17 1.6424e+17 2.02924e+17 2.34054e+17 2.53905e+17 2.619e+17 0 0 0 0 0 0 0 0 0 0 0 0 0 0 0 0 0 0 0 0 0 0 0 0 0 0 0 0 0 0 0 0 
0 0 0 0 0 0 0 0 0 0 0 0 0 0 0 0 0 2.45896e+11 5.85225e+12 5.73476e+13 3.34646e+14 1.37023e+15 4.32541e+15 1.11121e+16 2.39231e+16 4.48402e+16 7.46883e+16 1.12306e+17 1.53164e+17 1.93319e+17 2.2851e+17 2.53502e+17 2.6014e+17 0 0 0 0 0 0 0 0 0 0 0 0 0 0 0 0 0 0 0 0 0 0 0 0 0 0 0 0 0 0 0 0 
0 0 0 0 0 0 0 0 0 0 0 0 0 0 0 0 0 1.98247e+10 1.12366e+12 1.60193e+13 1.22338e+14 6.08882e+14 2.21509e+15 6.34329e+15 1.51817e+16 3.10082e+16 5.49638e+16 8.69129e+16 1.24941e+17 1.63156e+17 1.95817e+17 2.17187e+17 2.27851e+17 0 0 0 0 0 0 0 0 0 0 0 0 0 0 0 0 0 0 0 0 0 0 0 0 0 0 0 0 0 0 0 0 
0 0 0 0 0 0 0 0 0 0 0 0 0 0 0 0 0 0 1.50845e+11 3.70479e+12 3.7624e+13 2.27126e+14 9.74997e+14 3.17743e+15 8.3565e+15 1.84688e+16 3.50861e+16 5.88664e+16 8.81337e+16 1.19426e+17 1.48185e+17 1.68065e+17 1.74267e+17 0 0 0 0 0 0 0 0 0 0 0 0 0 0 0 0 0 0 0 0 0 0 0 0 0 0 0 0 0 0 0 0 
0 0 0 0 0 0 0 0 0 0 0 0 0 0 0 0 0 0 1.1495e+10 6.37375e+11 9.22167e+12 7.22026e+13 3.63629e+14 1.35627e+15 3.98437e+15 9.56287e+15 1.97133e+16 3.52048e+16 5.50771e+16 7.78551e+16 9.80923e+16 1.12889e+17 1.171e+17 0 0 0 0 0 0 0 0 0 0 0 0 0 0 0 0 0 0 0 0 0 0 0 0 0 0 0 0 0 0 0 0 
0 0 0 0 0 0 0 0 0 0 0 0 0 0 0 0 0 0 0 7.75559e+10 1.91112e+12 1.93519e+13 1.173e+14 5.10492e+14 1.67319e+15 4.45059e+15 9.78869e+15 1.83976e+16 3.03456e+16 4.38366e+16 5.68717e+16 6.61575e+16 7.03452e+16 0 0 0 0 0 0 0 0 0 0 0 0 0 0 0 0 0 0 0 0 0 0 0 0 0 0 0 0 0 0 0 0 
0 0 0 0 0 0 0 0 0 0 0 0 0 0 0 0 0 0 0 5.58901e+09 2.9803e+11 4.28455e+12 3.30012e+13 1.64971e+14 6.167e+14 1.78446e+15 4.23447e+15 8.45089e+15 1.46612e+16 2.20204e+16 2.94634e+16 3.47354e+16 3.69107e+16 0 0 0 0 0 0 0 0 0 0 0 0 0 0 0 0 0 0 0 0 0 0 0 0 0 0 0 0 0 0 0 0 
0 0 0 0 0 0 0 0 0 0 0 0 0 0 0 0 0 0 0 0 3.28777e+10 7.94937e+11 7.8191e+12 4.69077e+13 1.98367e+14 6.43198e+14 1.65832e+15 3.53526e+15 6.40028e+15 1.01035e+16 1.37105e+16 1.66831e+16 1.75149e+16 0 0 0 0 0 0 0 0 0 0 0 0 0 0 0 0 0 0 0 0 0 0 0 0 0 0 0 0 0 0 0 0 
0 0 0 0 0 0 0 0 0 0 0 0 0 0 0 0 0 0 0 0 2.39684e+09 1.11352e+11 1.55619e+12 1.16473e+13 5.68964e+13 2.05666e+14 5.78503e+14 1.31635e+15 2.4886e+15 4.0609e+15 5.71047e+15 6.95988e+15 7.46277e+15 0 0 0 0 0 0 0 0 0 0 0 0 0 0 0 0 0 0 0 0 0 0 0 0 0 0 0 0 0 0 0 0 
0 0 0 0 0 0 0 0 0 0 0 0 0 0 0 0 0 0 0 0 0 1.17889e+10 2.64045e+11 2.49115e+12 1.44914e+13 5.76093e+13 1.78966e+14 4.3943e+14 8.94334e+14 1.48922e+15 2.16617e+15 2.68154e+15 2.89971e+15 0 0 0 0 0 0 0 0 0 0 0 0 0 0 0 0 0 0 0 0 0 0 0 0 0 0 0 0 0 0 0 0 
0 0 0 0 0 0 0 0 0 0 0 0 0 0 0 0 0 0 0 0 0 9.26552e+08 3.50167e+10 4.51113e+11 3.23645e+12 1.48358e+13 4.9965e+13 1.32644e+14 2.82145e+14 4.92369e+14 7.29092e+14 9.34881e+14 1.01191e+15 0 0 0 0 0 0 0 0 0 0 0 0 0 0 0 0 0 0 0 0 0 0 0 0 0 0 0 0 0 0 0 0 
0 0 0 0 0 0 0 0 0 0 0 0 0 0 0 0 0 0 0 0 0 0 3.62435e+09 7.13212e+10 6.24206e+11 3.40572e+12 1.2944e+13 3.69121e+13 8.23932e+13 1.54404e+14 2.32603e+14 2.93806e+14 3.20747e+14 0 0 0 0 0 0 0 0 0 0 0 0 0 0 0 0 0 0 0 0 0 0 0 0 0 0 0 0 0 0 0 0 
0 0 0 0 0 0 0 0 0 0 0 0 0 0 0 0 0 0 0 0 0 0 3.2244e+08 9.44165e+09 1.06883e+11 6.89194e+11 2.9641e+12 9.31075e+12 2.21809e+13 4.27177e+13 6.74994e+13 8.78961e+13 9.65666e+13 0 0 0 0 0 0 0 0 0 0 0 0 0 0 0 0 0 0 0 0 0 0 0 0 0 0 0 0 0 0 0 0 
0 0 0 0 0 0 0 0 0 0 0 0 0 0 0 0 0 0 0 0 0 0 0 9.68917e+08 1.64612e+10 1.28667e+11 6.21102e+11 2.12525e+12 5.50652e+12 1.1155e+13 1.77924e+13 2.42042e+13 2.66693e+13 0 0 0 0 0 0 0 0 0 0 0 0 0 0 0 0 0 0 0 0 0 0 0 0 0 0 0 0 0 0 0 0 
0 0 0 0 0 0 0 0 0 0 0 0 0 0 0 0 0 0 0 0 0 0 0 1.04681e+08 2.16433e+09 2.05397e+10 1.16936e+11 4.59215e+11 1.27651e+12 2.65673e+12 4.50106e+12 6.04676e+12 6.87084e+12 0 0 0 0 0 0 0 0 0 0 0 0 0 0 0 0 0 0 0 0 0 0 0 0 0 0 0 0 0 0 0 0 
0 0 0 0 0 0 0 0 0 0 0 0 0 0 0 0 0 0 0 0 0 0 0 0 2.27425e+08 3.11406e+09 2.10829e+10 8.778e+10 2.75345e+11 6.04374e+11 1.05571e+12 1.46919e+12 1.6264e+12 0 0 0 0 0 0 0 0 0 0 0 0 0 0 0 0 0 0 0 0 0 0 0 0 0 0 0 0 0 0 0 0 
0 0 0 0 0 0 0 0 0 0 0 0 0 0 0 0 0 0 0 0 0 0 0 0 3.06497e+07 4.52975e+08 3.34251e+09 1.62211e+10 5.3073e+10 1.3073e+11 2.31911e+11 3.20447e+11 3.68555e+11 0 0 0 0 0 0 0 0 0 0 0 0 0 0 0 0 0 0 0 0 0 0 0 0 0 0 0 0 0 0 0 0 
0 0 0 0 0 0 0 0 0 0 0 0 0 0 0 0 0 0 0 0 0 0 0 0 0 4.67593e+07 5.31088e+08 2.87951e+09 1.00923e+10 2.61715e+10 5.04211e+10 7.1583e+10 7.70456e+10 0 0 0 0 0 0 0 0 0 0 0 0 0 0 0 0 0 0 0 0 0 0 0 0 0 0 0 0 0 0 0 0 
0 0 0 0 0 0 0 0 0 0 0 0 0 0 0 0 0 0 0 0 0 0 0 0 0 8.39679e+06 8.20965e+07 4.66345e+08 1.88684e+09 5.08842e+09 1.00551e+10 1.52531e+10 1.66364e+10 0 0 0 0 0 0 0 0 0 0 0 0 0 0 0 0 0 0 0 0 0 0 0 0 0 0 0 0 0 0 0 0 
0 0 0 0 0 0 0 0 0 0 0 0 0 0 0 0 0 0 0 0 0 0 0 0 0 0 8.01164e+06 8.26319e+07 3.23134e+08 9.49e+08 2.02283e+09 3.09395e+09 3.56528e+09 0 0 0 0 0 0 0 0 0 0 0 0 0 0 0 0 0 0 0 0 0 0 0 0 0 0 0 0 0 0 0 0 
0 0 0 0 0 0 0 0 0 0 0 0 0 0 0 0 0 0 0 0 0 0 0 0 0 0 1.99617e+06 1.30736e+07 5.65896e+07 1.81195e+08 3.80664e+08 6.15156e+08 6.99003e+08 0 0 0 0 0 0 0 0 0 0 0 0 0 0 0 0 0 0 0 0 0 0 0 0 0 0 0 0 0 0 0 0 
0 0 0 0 0 0 0 0 0 0 0 0 0 0 0 0 0 0 0 0 0 0 0 0 0 0 0 1.12939e+06 1.11359e+07 3.23174e+07 7.31348e+07 1.17904e+08 1.4127e+08 0 0 0 0 0 0 0 0 0 0 0 0 0 0 0 0 0 0 0 0 0 0 0 0 0 0 0 0 0 0 0 0 
0 0 0 0 0 0 0 0 0 0 0 0 0 0 0 0 0 0 0 0 0 0 0 0 0 0 0 416239 1.70936e+06 5.69316e+06 1.52028e+07 2.21963e+07 2.96034e+07 0 0 0 0 0 0 0 0 0 0 0 0 0 0 0 0 0 0 0 0 0 0 0 0 0 0 0 0 0 0 0 0 
0 0 0 0 0 0 0 0 0 0 0 0 0 0 0 0 0 0 0 0 0 0 0 0 0 0 0 0 115496 1.25743e+06 2.41853e+06 4.74005e+06 5.21235e+06 0 0 0 0 0 0 0 0 0 0 0 0 0 0 0 0 0 0 0 0 0 0 0 0 0 0 0 0 0 0 0 0 
0 0 0 0 0 0 0 0 0 0 0 0 0 0 0 0 0 0 0 0 0 0 0 0 0 0 0 0 70790.4 171072 462277 991373 986033 0 0 0 0 0 0 0 0 0 0 0 0 0 0 0 0 0 0 0 0 0 0 0 0 0 0 0 0 0 0 0 0 
0 0 0 0 0 0 0 0 0 0 0 0 0 0 0 0 0 0 0 0 0 0 0 0 0 0 0 0 0 7927.35 118208 114055 248167 0 0 0 0 0 0 0 0 0 0 0 0 0 0 0 0 0 0 0 0 0 0 0 0 0 0 0 0 0 0 0 0 
0 0 0 0 0 0 0 0 0 0 0 0 0 0 0 0 0 0 0 0 0 0 0 0 0 0 0 0 0 9515.21 11601.5 32232 37924.6 0 0 0 0 0 0 0 0 0 0 0 0 0 0 0 0 0 0 0 0 0 0 0 0 0 0 0 0 0 0 0 0 
0 0 0 0 0 0 0 0 0 0 0 0 0 0 0 0 0 0 0 0 0 0 0 0 0 0 0 0 0 0 261.976 7836.27 2107.73 0 0 0 0 0 0 0 0 0 0 0 0 0 0 0 0 0 0 0 0 0 0 0 0 0 0 0 0 0 0 0 0 
0 0 0 0 0 0 0 0 0 0 0 0 0 0 0 0 0 0 0 0 0 0 0 0 0 0 0 0 0 0 948.666 388.923 1930.23 0 0 0 0 0 0 0 0 0 0 0 0 0 0 0 0 0 0 0 0 0 0 0 0 0 0 0 0 0 0 0 0 
0 0 0 0 0 0 0 0 0 0 0 0 0 0 0 0 0 0 0 0 0 0 0 0 0 0 0 0 0 0 0 0 260.924 0 0 0 0 0 0 0 0 0 0 0 0 0 0 0 0 0 0 0 0 0 0 0 0 0 0 0 0 0 0 0 0 
0 0 0 0 0 0 0 0 0 0 0 0 0 0 0 0 0 0 0 0 0 0 0 0 0 0 0 0 0 0 0 61.2043 0 0 0 0 0 0 0 0 0 0 0 0 0 0 0 0 0 0 0 0 0 0 0 0 0 0 0 0 0 0 0 0 0 
0 0 0 0 0 0 0 0 0 0 0 0 0 0 0 0 0 0 0 0 0 0 0 0 0 0 0 0 0 0 0 0 0 0 0 0 0 0 0 0 0 0 0 0 0 0 0 0 0 0 0 0 0 0 0 0 0 0 0 0 0 0 0 0 0 
0 0 0 0 0 0 0 0 0 0 0 0 0 0 0 0 0 0 0 0 0 0 0 0 0 0 0 0 0 0 0 0 1.91263 0 0 0 0 0 0 0 0 0 0 0 0 0 0 0 0 0 0 0 0 0 0 0 0 0 0 0 0 0 0 0 0 
