1 0 0 0 0 0 0 0 0 0 0 0 0 0 0 0 0 0 0 0 0 0 0 0 0 0 0 0 0 0 0 0 0 0 0 0 0 0 0 0 0 0 0 0 0 0 0 0 0 0 0 0 0 0 0 0 0 0 0 0 0 0 0 0 0 
0 0 0 0 0 0 0 0 0 0 0 0 0 0 0 0 0 0 0 0 0 0 0 0 0 0 0 0 0 0 0 0 0 0 0 0 0 0 0 0 0 0 0 0 0 0 0 0 0 0 0 0 0 0 0 0 0 0 0 0 0 0 0 0 0 
0 64 0 0 0 0 0 0 0 0 0 0 0 0 0 0 0 0 0 0 0 0 0 0 0 0 0 0 0 0 0 0 0 0 0 0 0 0 0 0 0 0 0 0 0 0 0 0 0 0 0 0 0 0 0 0 0 0 0 0 0 0 0 0 0 
0 0 128 0 0 0 0 0 0 0 0 0 0 0 0 0 0 0 0 0 0 0 0 0 0 0 0 0 0 0 0 0 0 0 0 0 0 0 0 0 0 0 0 0 0 0 0 0 0 0 0 0 0 0 0 0 0 0 0 0 0 0 0 0 0 
0 0 1888 383.125 63.2157 0 0 0 0 0 0 0 0 0 0 0 0 0 0 0 0 0 0 0 0 0 0 0 0 0 0 0 0 0 0 0 0 0 0 0 0 0 0 0 0 0 0 0 0 0 0 0 0 0 0 0 0 0 0 0 0 0 0 0 0 
0 0 0 7169.75 1169.13 511.079 136.165 0 0 0 0 0 0 0 0 0 0 0 0 0 0 0 0 0 0 0 0 0 0 0 0 0 0 0 0 0 0 0 0 0 0 0 0 0 0 0 0 0 0 0 0 0 0 0 0 0 0 0 0 0 0 0 0 0 0 
0 0 0 34111.1 27207.3 6508.74 2490.62 1495.56 397.675 68.2175 0 0 0 0 0 0 0 0 0 0 0 0 0 0 0 0 0 0 0 0 0 0 0 0 0 0 0 0 0 0 0 0 0 0 0 0 0 0 0 0 0 0 0 0 0 0 0 0 0 0 0 0 0 0 0 
0 0 0 0 183873 95531.6 43108.4 16844 8808.27 4793.02 2397.53 554.768 119.797 0 0 0 0 0 0 0 0 0 0 0 0 0 0 0 0 0 0 0 0 0 0 0 0 0 0 0 0 0 0 0 0 0 0 0 0 0 0 0 0 0 0 0 0 0 0 0 0 0 0 0 0 
0 0 0 0 423063 827798 403038 220473 122358 56750.3 36757 21156.5 10610.1 4075.69 1082.65 337.488 86.0985 0 0 0 0 0 0 0 10.194 0 0 0 0 0 0 0 17.6083 0 0 0 0 0 0 0 0 0 0 0 0 0 0 0 0 0 0 0 0 0 0 0 0 0 0 0 0 0 0 0 0 
0 0 0 0 0 2.87018e+06 3.34058e+06 1.95971e+06 1.15081e+06 713196 431664 248105 166174 97028.1 53771.7 27057.9 13252.1 5903.15 1518.8 577.752 367.244 279.034 184.979 202.153 0 213.754 292.819 284.926 293.696 325.388 293.141 261.269 0 0 0 0 0 0 0 0 0 0 0 0 0 0 0 0 0 0 0 0 0 0 0 0 0 0 0 0 0 0 0 0 0 
0 0 0 0 0 3.82398e+06 1.45997e+07 1.35577e+07 9.05181e+06 6.02775e+06 4.05765e+06 2.70007e+06 1.74371e+06 1.18541e+06 771047 495522 307994 201358 114908 59821.1 32955 19606 12709.7 10626 11499.4 9533.4 9277.45 9297.36 10194.4 9856.28 9983.92 10073.2 10226.8 0 0 0 0 0 0 0 0 0 0 0 0 0 0 0 0 0 0 0 0 0 0 0 0 0 0 0 0 0 0 0 0 
0 0 0 0 0 0 3.03394e+07 6.31794e+07 5.70644e+07 4.28227e+07 3.03141e+07 2.22639e+07 1.60721e+07 1.1597e+07 8.3251e+06 5.46922e+06 4.48867e+06 2.97082e+06 2.01707e+06 1.55384e+06 1.01801e+06 609781 486001 346795 254190 219715 205696 205622 239795 221381 210504 225345 223934 0 0 0 0 0 0 0 0 0 0 0 0 0 0 0 0 0 0 0 0 0 0 0 0 0 0 0 0 0 0 0 0 
0 0 0 0 0 0 2.62459e+07 1.70338e+08 2.64083e+08 2.45926e+08 1.97424e+08 1.50479e+08 1.22549e+08 9.00504e+07 6.69057e+07 5.10434e+07 3.72873e+07 3.00202e+07 2.39366e+07 1.70188e+07 1.28917e+07 9.7901e+06 7.81202e+06 6.69732e+06 5.02945e+06 4.54765e+06 3.40937e+06 3.6621e+06 3.35538e+06 3.39664e+06 3.28269e+06 3.3598e+06 3.55117e+06 0 0 0 0 0 0 0 0 0 0 0 0 0 0 0 0 0 0 0 0 0 0 0 0 0 0 0 0 0 0 0 0 
0 0 0 0 0 0 0 2.32591e+08 7.82283e+08 1.06746e+09 1.04071e+09 9.11169e+08 7.15116e+08 6.04531e+08 4.85077e+08 3.88641e+08 3.02874e+08 2.43715e+08 2.01368e+08 1.59774e+08 1.32037e+08 1.06711e+08 9.073e+07 7.55725e+07 6.34201e+07 5.42237e+07 4.92811e+07 4.42119e+07 4.1845e+07 3.76708e+07 4.09042e+07 3.98345e+07 3.97578e+07 0 0 0 0 0 0 0 0 0 0 0 0 0 0 0 0 0 0 0 0 0 0 0 0 0 0 0 0 0 0 0 0 
0 0 0 0 0 0 0 1.39351e+08 1.38893e+09 3.28813e+09 4.30518e+09 4.33969e+09 3.98423e+09 3.39883e+09 2.93766e+09 2.43166e+09 2.15114e+09 1.815e+09 1.46352e+09 1.28252e+09 1.06418e+09 8.89529e+08 7.83723e+08 6.46578e+08 6.26945e+08 5.39859e+08 4.70341e+08 4.07298e+08 4.00978e+08 3.84661e+08 3.80269e+08 3.70578e+08 3.59561e+08 0 0 0 0 0 0 0 0 0 0 0 0 0 0 0 0 0 0 0 0 0 0 0 0 0 0 0 0 0 0 0 0 
0 0 0 0 0 0 0 0 1.33895e+09 6.68248e+09 1.3043e+10 1.68287e+10 1.77922e+10 1.68729e+10 1.55635e+10 1.40739e+10 1.21939e+10 1.07357e+10 9.53201e+09 8.17306e+09 7.34908e+09 6.46213e+09 5.46632e+09 5.08834e+09 4.41834e+09 4.09295e+09 3.69376e+09 3.36361e+09 3.27108e+09 3.14309e+09 3.12746e+09 3.06923e+09 3.07801e+09 0 0 0 0 0 0 0 0 0 0 0 0 0 0 0 0 0 0 0 0 0 0 0 0 0 0 0 0 0 0 0 0 
0 0 0 0 0 0 0 0 5.84524e+08 8.32876e+09 2.84144e+10 4.98733e+10 6.42266e+10 7.06548e+10 7.01315e+10 6.8268e+10 6.34511e+10 5.80262e+10 5.35263e+10 4.8004e+10 4.32653e+10 3.94454e+10 3.62254e+10 3.20315e+10 3.01081e+10 2.69777e+10 2.49167e+10 2.36598e+10 2.30317e+10 2.27392e+10 2.16393e+10 2.1258e+10 2.16362e+10 0 0 0 0 0 0 0 0 0 0 0 0 0 0 0 0 0 0 0 0 0 0 0 0 0 0 0 0 0 0 0 0 
0 0 0 0 0 0 0 0 0 5.92452e+09 4.10456e+10 1.11855e+11 1.86825e+11 2.41097e+11 2.70805e+11 2.80962e+11 2.80213e+11 2.73457e+11 2.62991e+11 2.46052e+11 2.32252e+11 2.11998e+11 1.94497e+11 1.85128e+11 1.71804e+11 1.63252e+11 1.56779e+11 1.47316e+11 1.40422e+11 1.36485e+11 1.3576e+11 1.36368e+11 1.34023e+11 0 0 0 0 0 0 0 0 0 0 0 0 0 0 0 0 0 0 0 0 0 0 0 0 0 0 0 0 0 0 0 0 
0 0 0 0 0 0 0 0 0 1.95368e+09 3.76489e+10 1.74283e+11 4.09481e+11 6.6746e+11 8.76042e+11 1.00768e+12 1.09305e+12 1.13471e+12 1.10372e+12 1.10364e+12 1.05666e+12 1.00546e+12 9.85475e+11 9.25584e+11 8.99724e+11 8.56598e+11 8.33712e+11 8.0733e+11 7.83918e+11 7.77596e+11 7.5523e+11 7.44953e+11 7.43716e+11 0 0 0 0 0 0 0 0 0 0 0 0 0 0 0 0 0 0 0 0 0 0 0 0 0 0 0 0 0 0 0 0 
0 0 0 0 0 0 0 0 0 0 2.04592e+10 1.86937e+11 6.73221e+11 1.44785e+12 2.29078e+12 3.05725e+12 3.62276e+12 4.00157e+12 4.31406e+12 4.41298e+12 4.46071e+12 4.43513e+12 4.37868e+12 4.25682e+12 4.15721e+12 4.14279e+12 3.94896e+12 3.91685e+12 3.85999e+12 3.87278e+12 3.71983e+12 3.83238e+12 3.77063e+12 0 0 0 0 0 0 0 0 0 0 0 0 0 0 0 0 0 0 0 0 0 0 0 0 0 0 0 0 0 0 0 0 
0 0 0 0 0 0 0 0 0 0 5.28391e+09 1.30945e+11 7.85867e+11 2.37447e+12 4.85569e+12 7.61126e+12 1.02404e+13 1.24581e+13 1.42661e+13 1.56436e+13 1.64231e+13 1.7003e+13 1.73109e+13 1.75217e+13 1.7486e+13 1.71975e+13 1.74834e+13 1.74199e+13 1.75544e+13 1.68419e+13 1.71467e+13 1.68123e+13 1.66841e+13 0 0 0 0 0 0 0 0 0 0 0 0 0 0 0 0 0 0 0 0 0 0 0 0 0 0 0 0 0 0 0 0 
0 0 0 0 0 0 0 0 0 0 0 5.58314e+10 6.4403e+11 2.95218e+12 7.95243e+12 1.54313e+13 2.43429e+13 3.32e+13 4.10094e+13 4.81093e+13 5.41509e+13 5.8934e+13 6.1582e+13 6.42935e+13 6.59393e+13 6.76677e+13 6.83093e+13 6.80272e+13 6.95211e+13 7.04932e+13 6.89616e+13 6.79647e+13 6.85335e+13 0 0 0 0 0 0 0 0 0 0 0 0 0 0 0 0 0 0 0 0 0 0 0 0 0 0 0 0 0 0 0 0 
0 0 0 0 0 0 0 0 0 0 0 1.1616e+10 3.55625e+11 2.65241e+12 9.99423e+12 2.50165e+13 4.69232e+13 7.33231e+13 1.02192e+14 1.29984e+14 1.54828e+14 1.75545e+14 1.93661e+14 2.08452e+14 2.2104e+14 2.30617e+14 2.36587e+14 2.46285e+14 2.47334e+14 2.53582e+14 2.50502e+14 2.54436e+14 2.5325e+14 0 0 0 0 0 0 0 0 0 0 0 0 0 0 0 0 0 0 0 0 0 0 0 0 0 0 0 0 0 0 0 0 
0 0 0 0 0 0 0 0 0 0 0 0 1.21495e+11 1.70937e+12 9.59101e+12 3.15399e+13 7.39082e+13 1.36618e+14 2.13087e+14 2.96279e+14 3.80251e+14 4.68e+14 5.50161e+14 6.13636e+14 6.7403e+14 7.19606e+14 7.50114e+14 7.79496e+14 8.02417e+14 8.25615e+14 8.38209e+14 8.39515e+14 8.5596e+14 0 0 0 0 0 0 0 0 0 0 0 0 0 0 0 0 0 0 0 0 0 0 0 0 0 0 0 0 0 0 0 0 
0 0 0 0 0 0 0 0 0 0 0 0 2.08129e+10 7.56295e+11 6.80165e+12 3.09793e+13 9.20494e+13 2.06063e+14 3.70838e+14 5.85253e+14 8.25781e+14 1.07497e+15 1.32027e+15 1.55289e+15 1.76267e+15 1.96278e+15 2.12735e+15 2.24475e+15 2.3654e+15 2.43738e+15 2.50862e+15 2.56199e+15 2.53676e+15 0 0 0 0 0 0 0 0 0 0 0 0 0 0 0 0 0 0 0 0 0 0 0 0 0 0 0 0 0 0 0 0 
0 0 0 0 0 0 0 0 0 0 0 0 0 2.13891e+11 3.51728e+12 2.33501e+13 9.18041e+13 2.50573e+14 5.41798e+14 9.59456e+14 1.51171e+15 2.14034e+15 2.81172e+15 3.50714e+15 4.16187e+15 4.75926e+15 5.33953e+15 5.78569e+15 6.20893e+15 6.49859e+15 6.71785e+15 6.83917e+15 6.85546e+15 0 0 0 0 0 0 0 0 0 0 0 0 0 0 0 0 0 0 0 0 0 0 0 0 0 0 0 0 0 0 0 0 
0 0 0 0 0 0 0 0 0 0 0 0 0 3.01979e+10 1.27799e+12 1.3382e+13 7.08662e+13 2.476e+14 6.39945e+14 1.3245e+15 2.32801e+15 3.63589e+15 5.18572e+15 6.87913e+15 8.61214e+15 1.03925e+16 1.19684e+16 1.34271e+16 1.45693e+16 1.55899e+16 1.61095e+16 1.66035e+16 1.68213e+16 0 0 0 0 0 0 0 0 0 0 0 0 0 0 0 0 0 0 0 0 0 0 0 0 0 0 0 0 0 0 0 0 
0 0 0 0 0 0 0 0 0 0 0 0 0 0 3.02401e+11 5.67367e+12 4.36897e+13 1.96134e+14 6.137e+14 1.51425e+15 3.03163e+15 5.27931e+15 8.18622e+15 1.16137e+16 1.54777e+16 1.94001e+16 2.33623e+16 2.69754e+16 3.02089e+16 3.24849e+16 3.48731e+16 3.57821e+16 3.5903e+16 0 0 0 0 0 0 0 0 0 0 0 0 0 0 0 0 0 0 0 0 0 0 0 0 0 0 0 0 0 0 0 0 
0 0 0 0 0 0 0 0 0 0 0 0 0 0 3.61943e+10 1.7233e+12 2.02186e+13 1.23176e+14 4.8824e+14 1.41741e+15 3.31817e+15 6.47753e+15 1.11492e+16 1.71625e+16 2.42703e+16 3.2153e+16 4.03932e+16 4.81145e+16 5.47336e+16 6.13123e+16 6.58648e+16 6.85364e+16 6.97006e+16 0 0 0 0 0 0 0 0 0 0 0 0 0 0 0 0 0 0 0 0 0 0 0 0 0 0 0 0 0 0 0 0 
0 0 0 0 0 0 0 0 0 0 0 0 0 0 0 3.44859e+11 7.19476e+12 6.16257e+13 3.14363e+14 1.10834e+15 3.01253e+15 6.74622e+15 1.27551e+16 2.15945e+16 3.28785e+16 4.60118e+16 6.02389e+16 7.51615e+16 8.92333e+16 1.01394e+17 1.09518e+17 1.15184e+17 1.17683e+17 0 0 0 0 0 0 0 0 0 0 0 0 0 0 0 0 0 0 0 0 0 0 0 0 0 0 0 0 0 0 0 0 
0 0 0 0 0 0 0 0 0 0 0 0 0 0 0 3.57504e+10 1.86365e+12 2.40358e+13 1.6032e+14 7.07078e+14 2.28065e+15 5.80897e+15 1.24889e+16 2.29934e+16 3.8091e+16 5.71706e+16 7.88714e+16 1.0273e+17 1.25817e+17 1.45375e+17 1.62566e+17 1.72809e+17 1.75279e+17 0 0 0 0 0 0 0 0 0 0 0 0 0 0 0 0 0 0 0 0 0 0 0 0 0 0 0 0 0 0 0 0 
0 0 0 0 0 0 0 0 0 0 0 0 0 0 0 0 3.224e+11 7.20872e+12 6.69515e+13 3.71093e+14 1.43537e+15 4.27272e+15 1.03259e+16 2.12738e+16 3.79412e+16 6.10787e+16 9.01102e+16 1.20858e+17 1.5376e+17 1.82548e+17 2.06283e+17 2.23824e+17 2.30032e+17 0 0 0 0 0 0 0 0 0 0 0 0 0 0 0 0 0 0 0 0 0 0 0 0 0 0 0 0 0 0 0 0 
0 0 0 0 0 0 0 0 0 0 0 0 0 0 0 0 2.92952e+10 1.61198e+12 2.21534e+13 1.59034e+14 7.61276e+14 2.62449e+15 7.21539e+15 1.64785e+16 3.24779e+16 5.6375e+16 8.75742e+16 1.25771e+17 1.64738e+17 2.03928e+17 2.34267e+17 2.5393e+17 2.60183e+17 0 0 0 0 0 0 0 0 0 0 0 0 0 0 0 0 0 0 0 0 0 0 0 0 0 0 0 0 0 0 0 0 
0 0 0 0 0 0 0 0 0 0 0 0 0 0 0 0 0 2.42286e+11 5.794e+12 5.70443e+13 3.32126e+14 1.39108e+15 4.36164e+15 1.11006e+16 2.38346e+16 4.46182e+16 7.43081e+16 1.10955e+17 1.52977e+17 1.94631e+17 2.29954e+17 2.5054e+17 2.60375e+17 0 0 0 0 0 0 0 0 0 0 0 0 0 0 0 0 0 0 0 0 0 0 0 0 0 0 0 0 0 0 0 0 
0 0 0 0 0 0 0 0 0 0 0 0 0 0 0 0 0 2.00396e+10 1.12216e+12 1.61745e+13 1.22045e+14 6.09353e+14 2.21306e+15 6.37212e+15 1.52401e+16 3.07283e+16 5.47986e+16 8.69312e+16 1.24847e+17 1.62313e+17 1.96343e+17 2.21978e+17 2.28669e+17 0 0 0 0 0 0 0 0 0 0 0 0 0 0 0 0 0 0 0 0 0 0 0 0 0 0 0 0 0 0 0 0 
0 0 0 0 0 0 0 0 0 0 0 0 0 0 0 0 0 0 1.53177e+11 3.68809e+12 3.75515e+13 2.25999e+14 9.81698e+14 3.172e+15 8.34382e+15 1.85294e+16 3.50611e+16 5.89715e+16 8.77796e+16 1.19268e+17 1.46888e+17 1.66198e+17 1.74298e+17 0 0 0 0 0 0 0 0 0 0 0 0 0 0 0 0 0 0 0 0 0 0 0 0 0 0 0 0 0 0 0 0 
0 0 0 0 0 0 0 0 0 0 0 0 0 0 0 0 0 0 1.14827e+10 6.35135e+11 9.19687e+12 7.15944e+13 3.65071e+14 1.37676e+15 3.99847e+15 9.65802e+15 1.97278e+16 3.52328e+16 5.51243e+16 7.75574e+16 9.82068e+16 1.12158e+17 1.16651e+17 0 0 0 0 0 0 0 0 0 0 0 0 0 0 0 0 0 0 0 0 0 0 0 0 0 0 0 0 0 0 0 0 
0 0 0 0 0 0 0 0 0 0 0 0 0 0 0 0 0 0 0 7.71949e+10 1.8963e+12 1.928e+13 1.1692e+14 5.09069e+14 1.68581e+15 4.45733e+15 9.84487e+15 1.8334e+16 3.02569e+16 4.36244e+16 5.65362e+16 6.65587e+16 7.00576e+16 0 0 0 0 0 0 0 0 0 0 0 0 0 0 0 0 0 0 0 0 0 0 0 0 0 0 0 0 0 0 0 0 
0 0 0 0 0 0 0 0 0 0 0 0 0 0 0 0 0 0 0 5.64405e+09 2.94615e+11 4.18203e+12 3.27698e+13 1.65012e+14 6.1681e+14 1.77897e+15 4.29167e+15 8.55895e+15 1.48402e+16 2.23431e+16 2.98899e+16 3.49351e+16 3.71412e+16 0 0 0 0 0 0 0 0 0 0 0 0 0 0 0 0 0 0 0 0 0 0 0 0 0 0 0 0 0 0 0 0 
0 0 0 0 0 0 0 0 0 0 0 0 0 0 0 0 0 0 0 0 3.3179e+10 7.8451e+11 7.68257e+12 4.64488e+13 1.97714e+14 6.4505e+14 1.64694e+15 3.53811e+15 6.39219e+15 1.0068e+16 1.36925e+16 1.64521e+16 1.7431e+16 0 0 0 0 0 0 0 0 0 0 0 0 0 0 0 0 0 0 0 0 0 0 0 0 0 0 0 0 0 0 0 0 
0 0 0 0 0 0 0 0 0 0 0 0 0 0 0 0 0 0 0 0 2.4577e+09 1.11513e+11 1.53819e+12 1.15018e+13 5.65556e+13 2.02259e+14 5.69989e+14 1.31338e+15 2.50332e+15 4.07121e+15 5.63526e+15 6.99955e+15 7.48011e+15 0 0 0 0 0 0 0 0 0 0 0 0 0 0 0 0 0 0 0 0 0 0 0 0 0 0 0 0 0 0 0 0 
0 0 0 0 0 0 0 0 0 0 0 0 0 0 0 0 0 0 0 0 0 1.19936e+10 2.60568e+11 2.4789e+12 1.43356e+13 5.80462e+13 1.79041e+14 4.36162e+14 8.83056e+14 1.50172e+15 2.20001e+15 2.66058e+15 2.85752e+15 0 0 0 0 0 0 0 0 0 0 0 0 0 0 0 0 0 0 0 0 0 0 0 0 0 0 0 0 0 0 0 0 
0 0 0 0 0 0 0 0 0 0 0 0 0 0 0 0 0 0 0 0 0 9.22809e+08 3.41884e+10 4.46627e+11 3.17825e+12 1.47489e+13 5.03797e+13 1.32948e+14 2.79166e+14 4.93542e+14 7.33287e+14 9.34021e+14 1.01398e+15 0 0 0 0 0 0 0 0 0 0 0 0 0 0 0 0 0 0 0 0 0 0 0 0 0 0 0 0 0 0 0 0 
0 0 0 0 0 0 0 0 0 0 0 0 0 0 0 0 0 0 0 0 0 0 3.63787e+09 6.9796e+10 6.26162e+11 3.37007e+12 1.26992e+13 3.64803e+13 8.20526e+13 1.49261e+14 2.3144e+14 3.04306e+14 3.2611e+14 0 0 0 0 0 0 0 0 0 0 0 0 0 0 0 0 0 0 0 0 0 0 0 0 0 0 0 0 0 0 0 0 
0 0 0 0 0 0 0 0 0 0 0 0 0 0 0 0 0 0 0 0 0 0 3.22396e+08 9.14358e+09 1.08668e+11 6.88113e+11 2.91988e+12 9.22387e+12 2.22149e+13 4.27421e+13 6.64869e+13 8.75897e+13 9.65859e+13 0 0 0 0 0 0 0 0 0 0 0 0 0 0 0 0 0 0 0 0 0 0 0 0 0 0 0 0 0 0 0 0 
0 0 0 0 0 0 0 0 0 0 0 0 0 0 0 0 0 0 0 0 0 0 0 9.60766e+08 1.56816e+10 1.26348e+11 6.11592e+11 2.08049e+12 5.47621e+12 1.10895e+13 1.77771e+13 2.32972e+13 2.63717e+13 0 0 0 0 0 0 0 0 0 0 0 0 0 0 0 0 0 0 0 0 0 0 0 0 0 0 0 0 0 0 0 0 
0 0 0 0 0 0 0 0 0 0 0 0 0 0 0 0 0 0 0 0 0 0 0 1.05634e+08 2.1338e+09 2.13721e+10 1.185e+11 4.55296e+11 1.22962e+12 2.70406e+12 4.51249e+12 5.98921e+12 6.58816e+12 0 0 0 0 0 0 0 0 0 0 0 0 0 0 0 0 0 0 0 0 0 0 0 0 0 0 0 0 0 0 0 0 
0 0 0 0 0 0 0 0 0 0 0 0 0 0 0 0 0 0 0 0 0 0 0 0 2.25967e+08 3.1199e+09 2.10813e+10 8.59351e+10 2.64864e+11 5.9753e+11 1.03135e+12 1.45138e+12 1.5498e+12 0 0 0 0 0 0 0 0 0 0 0 0 0 0 0 0 0 0 0 0 0 0 0 0 0 0 0 0 0 0 0 0 
0 0 0 0 0 0 0 0 0 0 0 0 0 0 0 0 0 0 0 0 0 0 0 0 3.18001e+07 4.52951e+08 3.42822e+09 1.65131e+10 5.36443e+10 1.22243e+11 2.31378e+11 3.22939e+11 3.62527e+11 0 0 0 0 0 0 0 0 0 0 0 0 0 0 0 0 0 0 0 0 0 0 0 0 0 0 0 0 0 0 0 0 
0 0 0 0 0 0 0 0 0 0 0 0 0 0 0 0 0 0 0 0 0 0 0 0 0 4.6834e+07 5.26819e+08 2.91874e+09 1.0151e+10 2.58345e+10 4.729e+10 6.93339e+10 7.82661e+10 0 0 0 0 0 0 0 0 0 0 0 0 0 0 0 0 0 0 0 0 0 0 0 0 0 0 0 0 0 0 0 0 
0 0 0 0 0 0 0 0 0 0 0 0 0 0 0 0 0 0 0 0 0 0 0 0 0 8.66109e+06 8.29095e+07 4.75573e+08 1.95324e+09 5.04325e+09 9.71457e+09 1.47256e+10 1.63447e+10 0 0 0 0 0 0 0 0 0 0 0 0 0 0 0 0 0 0 0 0 0 0 0 0 0 0 0 0 0 0 0 0 
0 0 0 0 0 0 0 0 0 0 0 0 0 0 0 0 0 0 0 0 0 0 0 0 0 0 7.9474e+06 8.09564e+07 3.42138e+08 9.52421e+08 1.99483e+09 2.94456e+09 3.41808e+09 0 0 0 0 0 0 0 0 0 0 0 0 0 0 0 0 0 0 0 0 0 0 0 0 0 0 0 0 0 0 0 0 
0 0 0 0 0 0 0 0 0 0 0 0 0 0 0 0 0 0 0 0 0 0 0 0 0 0 2.11764e+06 1.34462e+07 5.64951e+07 1.87592e+08 3.87188e+08 5.9647e+08 6.80372e+08 0 0 0 0 0 0 0 0 0 0 0 0 0 0 0 0 0 0 0 0 0 0 0 0 0 0 0 0 0 0 0 0 
0 0 0 0 0 0 0 0 0 0 0 0 0 0 0 0 0 0 0 0 0 0 0 0 0 0 0 1.11446e+06 1.07684e+07 3.33911e+07 7.37338e+07 1.17994e+08 1.3529e+08 0 0 0 0 0 0 0 0 0 0 0 0 0 0 0 0 0 0 0 0 0 0 0 0 0 0 0 0 0 0 0 0 
0 0 0 0 0 0 0 0 0 0 0 0 0 0 0 0 0 0 0 0 0 0 0 0 0 0 0 441566 1.75971e+06 5.55537e+06 1.55671e+07 2.25291e+07 2.70915e+07 0 0 0 0 0 0 0 0 0 0 0 0 0 0 0 0 0 0 0 0 0 0 0 0 0 0 0 0 0 0 0 0 
0 0 0 0 0 0 0 0 0 0 0 0 0 0 0 0 0 0 0 0 0 0 0 0 0 0 0 0 115094 1.25177e+06 2.38804e+06 4.74127e+06 5.2217e+06 0 0 0 0 0 0 0 0 0 0 0 0 0 0 0 0 0 0 0 0 0 0 0 0 0 0 0 0 0 0 0 0 
0 0 0 0 0 0 0 0 0 0 0 0 0 0 0 0 0 0 0 0 0 0 0 0 0 0 0 0 75365.9 174102 447257 993755 932493 0 0 0 0 0 0 0 0 0 0 0 0 0 0 0 0 0 0 0 0 0 0 0 0 0 0 0 0 0 0 0 0 
0 0 0 0 0 0 0 0 0 0 0 0 0 0 0 0 0 0 0 0 0 0 0 0 0 0 0 0 0 7925.45 116116 110585 240152 0 0 0 0 0 0 0 0 0 0 0 0 0 0 0 0 0 0 0 0 0 0 0 0 0 0 0 0 0 0 0 0 
0 0 0 0 0 0 0 0 0 0 0 0 0 0 0 0 0 0 0 0 0 0 0 0 0 0 0 0 0 10192.6 11725.8 31497.9 37480.1 0 0 0 0 0 0 0 0 0 0 0 0 0 0 0 0 0 0 0 0 0 0 0 0 0 0 0 0 0 0 0 0 
0 0 0 0 0 0 0 0 0 0 0 0 0 0 0 0 0 0 0 0 0 0 0 0 0 0 0 0 0 0 274.038 7695.64 1899.72 0 0 0 0 0 0 0 0 0 0 0 0 0 0 0 0 0 0 0 0 0 0 0 0 0 0 0 0 0 0 0 0 
0 0 0 0 0 0 0 0 0 0 0 0 0 0 0 0 0 0 0 0 0 0 0 0 0 0 0 0 0 0 1010.09 397.26 1919.08 0 0 0 0 0 0 0 0 0 0 0 0 0 0 0 0 0 0 0 0 0 0 0 0 0 0 0 0 0 0 0 0 
0 0 0 0 0 0 0 0 0 0 0 0 0 0 0 0 0 0 0 0 0 0 0 0 0 0 0 0 0 0 0 0 260.236 0 0 0 0 0 0 0 0 0 0 0 0 0 0 0 0 0 0 0 0 0 0 0 0 0 0 0 0 0 0 0 0 
0 0 0 0 0 0 0 0 0 0 0 0 0 0 0 0 0 0 0 0 0 0 0 0 0 0 0 0 0 0 0 65.1668 0 0 0 0 0 0 0 0 0 0 0 0 0 0 0 0 0 0 0 0 0 0 0 0 0 0 0 0 0 0 0 0 0 
0 0 0 0 0 0 0 0 0 0 0 0 0 0 0 0 0 0 0 0 0 0 0 0 0 0 0 0 0 0 0 0 0 0 0 0 0 0 0 0 0 0 0 0 0 0 0 0 0 0 0 0 0 0 0 0 0 0 0 0 0 0 0 0 0 
0 0 0 0 0 0 0 0 0 0 0 0 0 0 0 0 0 0 0 0 0 0 0 0 0 0 0 0 0 0 0 0 2.03646 0 0 0 0 0 0 0 0 0 0 0 0 0 0 0 0 0 0 0 0 0 0 0 0 0 0 0 0 0 0 0 0 
