1 0 0 0 0 0 0 0 0 0 0 0 0 0 0 0 0 0 0 0 0 0 0 0 0 0 0 0 0 0 0 0 0 0 0 0 0 0 0 0 0 0 0 0 0 0 0 0 0 0 0 0 0 0 0 0 0 0 0 0 0 0 0 0 0 
0 0 0 0 0 0 0 0 0 0 0 0 0 0 0 0 0 0 0 0 0 0 0 0 0 0 0 0 0 0 0 0 0 0 0 0 0 0 0 0 0 0 0 0 0 0 0 0 0 0 0 0 0 0 0 0 0 0 0 0 0 0 0 0 0 
0 64 0 0 0 0 0 0 0 0 0 0 0 0 0 0 0 0 0 0 0 0 0 0 0 0 0 0 0 0 0 0 0 0 0 0 0 0 0 0 0 0 0 0 0 0 0 0 0 0 0 0 0 0 0 0 0 0 0 0 0 0 0 0 0 
0 0 128 0 0 0 0 0 0 0 0 0 0 0 0 0 0 0 0 0 0 0 0 0 0 0 0 0 0 0 0 0 0 0 0 0 0 0 0 0 0 0 0 0 0 0 0 0 0 0 0 0 0 0 0 0 0 0 0 0 0 0 0 0 0 
0 0 1888 387.531 65.8802 0 0 0 0 0 0 0 0 0 0 0 0 0 0 0 0 0 0 0 0 0 0 0 0 0 0 0 0 0 0 0 0 0 0 0 0 0 0 0 0 0 0 0 0 0 0 0 0 0 0 0 0 0 0 0 0 0 0 0 0 
0 0 0 7160.94 1190.47 521.448 117.062 0 0 0 0 0 0 0 0 0 0 0 0 0 0 0 0 0 0 0 0 0 0 0 0 0 0 0 0 0 0 0 0 0 0 0 0 0 0 0 0 0 0 0 0 0 0 0 0 0 0 0 0 0 0 0 0 0 0 
0 0 0 34115.5 27757.1 6958.69 2482.86 1442.06 377.213 63.8953 0 0 0 0 0 0 0 0 0 0 0 0 0 0 0 0 0 0 0 0 0 0 0 0 0 0 0 0 0 0 0 0 0 0 0 0 0 0 0 0 0 0 0 0 0 0 0 0 0 0 0 0 0 0 0 
0 0 0 0 182699 98360.9 43484.5 17028.4 9112.29 4362.09 2230.65 493.861 136.561 0 0 0 0 0 0 0 0 0 0 0 0 0 0 0 0 0 0 0 0 0 0 0 0 0 0 0 0 0 0 0 0 0 0 0 0 0 0 0 0 0 0 0 0 0 0 0 0 0 0 0 0 
0 0 0 0 423664 830074 415773 224320 122554 63495.4 36044.6 20499.3 10104.1 4712.42 1468.37 251.652 115.814 0 0 0 0 0 0 0 19.6146 0 0 0 0 0 0 0 11.4735 0 0 0 0 0 0 0 0 0 0 0 0 0 0 0 0 0 0 0 0 0 0 0 0 0 0 0 0 0 0 0 0 
0 0 0 0 0 2.85529e+06 3.31497e+06 1.95581e+06 1.13731e+06 726375 434533 263401 154320 91724.2 51858.3 27744.8 14037.6 5853.31 1445.68 813.11 263.737 244.246 218.073 273.355 0 219.59 252.664 243.118 295.152 223.838 200.753 180.09 0 0 0 0 0 0 0 0 0 0 0 0 0 0 0 0 0 0 0 0 0 0 0 0 0 0 0 0 0 0 0 0 0 
0 0 0 0 0 3.83331e+06 1.46256e+07 1.36206e+07 9.15058e+06 6.18902e+06 4.11275e+06 2.76633e+06 1.75391e+06 1.1426e+06 773262 489109 304420 189308 118860 72201.4 36175.9 18509.7 14186.2 10966.4 10085.9 9509.84 10419.4 9736.52 7331.35 7310.58 6830.66 8133.17 10555.4 0 0 0 0 0 0 0 0 0 0 0 0 0 0 0 0 0 0 0 0 0 0 0 0 0 0 0 0 0 0 0 0 
0 0 0 0 0 0 3.03119e+07 6.40945e+07 5.81702e+07 4.26871e+07 3.19044e+07 2.31917e+07 1.65932e+07 1.17464e+07 8.06112e+06 5.77507e+06 4.12516e+06 2.96848e+06 2.26037e+06 1.54723e+06 1.00261e+06 662701 469722 370694 282671 237329 202229 195166 175914 188603 214901 208873 207730 0 0 0 0 0 0 0 0 0 0 0 0 0 0 0 0 0 0 0 0 0 0 0 0 0 0 0 0 0 0 0 0 
0 0 0 0 0 0 2.62601e+07 1.68473e+08 2.62406e+08 2.4607e+08 2.00519e+08 1.56805e+08 1.22218e+08 9.50446e+07 6.99372e+07 5.2789e+07 3.99606e+07 2.93014e+07 2.25892e+07 1.77216e+07 1.34475e+07 9.97006e+06 8.42472e+06 6.41603e+06 5.69169e+06 4.54611e+06 3.75693e+06 3.30241e+06 3.06148e+06 3.09594e+06 3.23261e+06 3.12876e+06 3.04176e+06 0 0 0 0 0 0 0 0 0 0 0 0 0 0 0 0 0 0 0 0 0 0 0 0 0 0 0 0 0 0 0 0 
0 0 0 0 0 0 0 2.33321e+08 7.88282e+08 1.06965e+09 1.04061e+09 9.07691e+08 7.55007e+08 6.17624e+08 5.17326e+08 4.02244e+08 3.23615e+08 2.55616e+08 2.05607e+08 1.6008e+08 1.37382e+08 1.10324e+08 8.39438e+07 7.56949e+07 6.3185e+07 5.47721e+07 4.41357e+07 4.27678e+07 4.05785e+07 3.90957e+07 3.74096e+07 3.85722e+07 3.84792e+07 0 0 0 0 0 0 0 0 0 0 0 0 0 0 0 0 0 0 0 0 0 0 0 0 0 0 0 0 0 0 0 0 
0 0 0 0 0 0 0 1.39509e+08 1.37806e+09 3.31185e+09 4.25202e+09 4.33094e+09 3.98803e+09 3.57573e+09 3.02673e+09 2.58312e+09 2.18152e+09 1.83274e+09 1.49879e+09 1.27638e+09 1.07621e+09 9.29997e+08 7.66044e+08 6.52581e+08 5.99544e+08 4.85803e+08 4.47106e+08 4.35545e+08 4.13848e+08 3.79227e+08 3.68669e+08 3.57536e+08 3.55006e+08 0 0 0 0 0 0 0 0 0 0 0 0 0 0 0 0 0 0 0 0 0 0 0 0 0 0 0 0 0 0 0 0 
0 0 0 0 0 0 0 0 1.34336e+09 6.65943e+09 1.32194e+10 1.67059e+10 1.77063e+10 1.73487e+10 1.56341e+10 1.41549e+10 1.26976e+10 1.12137e+10 9.74315e+09 8.30789e+09 7.26009e+09 6.35738e+09 5.78265e+09 5.07649e+09 4.2681e+09 4.11431e+09 3.67994e+09 3.53928e+09 3.2512e+09 3.22228e+09 3.19693e+09 2.92685e+09 3.04295e+09 0 0 0 0 0 0 0 0 0 0 0 0 0 0 0 0 0 0 0 0 0 0 0 0 0 0 0 0 0 0 0 0 
0 0 0 0 0 0 0 0 5.85465e+08 8.30108e+09 2.83446e+10 5.06719e+10 6.42462e+10 6.94208e+10 7.14589e+10 6.8951e+10 6.39217e+10 5.98222e+10 5.5021e+10 4.88841e+10 4.42814e+10 3.95858e+10 3.55426e+10 3.25954e+10 2.8841e+10 2.5957e+10 2.6044e+10 2.41961e+10 2.30147e+10 2.25633e+10 2.12576e+10 2.06716e+10 2.12304e+10 0 0 0 0 0 0 0 0 0 0 0 0 0 0 0 0 0 0 0 0 0 0 0 0 0 0 0 0 0 0 0 0 
0 0 0 0 0 0 0 0 0 5.94186e+09 4.09347e+10 1.11526e+11 1.86503e+11 2.4214e+11 2.72077e+11 2.83327e+11 2.85692e+11 2.78879e+11 2.59197e+11 2.48754e+11 2.27738e+11 2.17426e+11 1.98471e+11 1.78613e+11 1.7201e+11 1.66352e+11 1.54207e+11 1.49592e+11 1.45839e+11 1.37629e+11 1.32381e+11 1.34362e+11 1.29149e+11 0 0 0 0 0 0 0 0 0 0 0 0 0 0 0 0 0 0 0 0 0 0 0 0 0 0 0 0 0 0 0 0 
0 0 0 0 0 0 0 0 0 1.96098e+09 3.76379e+10 1.73596e+11 4.14587e+11 6.68245e+11 8.68068e+11 1.01836e+12 1.09492e+12 1.13982e+12 1.12858e+12 1.09889e+12 1.09201e+12 1.01668e+12 9.76357e+11 9.21305e+11 9.00714e+11 8.6676e+11 8.11439e+11 8.15448e+11 7.68526e+11 7.50307e+11 7.23003e+11 7.19618e+11 7.13932e+11 0 0 0 0 0 0 0 0 0 0 0 0 0 0 0 0 0 0 0 0 0 0 0 0 0 0 0 0 0 0 0 0 
0 0 0 0 0 0 0 0 0 0 2.04911e+10 1.87091e+11 6.67058e+11 1.44925e+12 2.32501e+12 3.03508e+12 3.70215e+12 4.02337e+12 4.26152e+12 4.43703e+12 4.5113e+12 4.45204e+12 4.33403e+12 4.33489e+12 4.20132e+12 4.12949e+12 3.99787e+12 3.83017e+12 3.81718e+12 3.76632e+12 3.72446e+12 3.68625e+12 3.71847e+12 0 0 0 0 0 0 0 0 0 0 0 0 0 0 0 0 0 0 0 0 0 0 0 0 0 0 0 0 0 0 0 0 
0 0 0 0 0 0 0 0 0 0 5.31583e+09 1.30785e+11 7.8509e+11 2.37988e+12 4.8196e+12 7.66709e+12 1.01677e+13 1.2544e+13 1.42511e+13 1.5692e+13 1.64584e+13 1.7207e+13 1.73039e+13 1.73354e+13 1.74465e+13 1.75738e+13 1.74592e+13 1.73497e+13 1.70206e+13 1.65775e+13 1.66811e+13 1.62463e+13 1.6981e+13 0 0 0 0 0 0 0 0 0 0 0 0 0 0 0 0 0 0 0 0 0 0 0 0 0 0 0 0 0 0 0 0 
0 0 0 0 0 0 0 0 0 0 0 5.61798e+10 6.45949e+11 2.93584e+12 7.96392e+12 1.54347e+13 2.42637e+13 3.31049e+13 4.1032e+13 4.8078e+13 5.3593e+13 5.8314e+13 6.19192e+13 6.41316e+13 6.56969e+13 6.69007e+13 6.7418e+13 6.69585e+13 6.80441e+13 6.8168e+13 6.81226e+13 6.87802e+13 6.79145e+13 0 0 0 0 0 0 0 0 0 0 0 0 0 0 0 0 0 0 0 0 0 0 0 0 0 0 0 0 0 0 0 0 
0 0 0 0 0 0 0 0 0 0 0 1.1619e+10 3.55281e+11 2.65915e+12 9.98964e+12 2.48605e+13 4.70686e+13 7.34125e+13 1.02454e+14 1.28487e+14 1.54724e+14 1.77149e+14 1.9293e+14 2.10316e+14 2.19959e+14 2.31498e+14 2.37445e+14 2.39801e+14 2.44134e+14 2.4948e+14 2.49033e+14 2.51382e+14 2.5366e+14 0 0 0 0 0 0 0 0 0 0 0 0 0 0 0 0 0 0 0 0 0 0 0 0 0 0 0 0 0 0 0 0 
0 0 0 0 0 0 0 0 0 0 0 0 1.22103e+11 1.70778e+12 9.58524e+12 3.16655e+13 7.36594e+13 1.35796e+14 2.11201e+14 2.97509e+14 3.81272e+14 4.62412e+14 5.46233e+14 6.04943e+14 6.67708e+14 7.1186e+14 7.41092e+14 7.78905e+14 8.0939e+14 8.14773e+14 8.33077e+14 8.35241e+14 8.41126e+14 0 0 0 0 0 0 0 0 0 0 0 0 0 0 0 0 0 0 0 0 0 0 0 0 0 0 0 0 0 0 0 0 
0 0 0 0 0 0 0 0 0 0 0 0 2.08076e+10 7.59467e+11 6.79288e+12 3.0957e+13 9.2384e+13 2.06313e+14 3.735e+14 5.81936e+14 8.19657e+14 1.06459e+15 1.31037e+15 1.56083e+15 1.76774e+15 1.94374e+15 2.12928e+15 2.24495e+15 2.34902e+15 2.45595e+15 2.49559e+15 2.5306e+15 2.5311e+15 0 0 0 0 0 0 0 0 0 0 0 0 0 0 0 0 0 0 0 0 0 0 0 0 0 0 0 0 0 0 0 0 
0 0 0 0 0 0 0 0 0 0 0 0 0 2.13902e+11 3.5265e+12 2.33434e+13 9.14101e+13 2.5181e+14 5.38956e+14 9.63355e+14 1.50775e+15 2.13448e+15 2.82418e+15 3.50877e+15 4.19543e+15 4.81191e+15 5.35276e+15 5.85411e+15 6.20384e+15 6.49184e+15 6.77607e+15 6.89627e+15 6.88437e+15 0 0 0 0 0 0 0 0 0 0 0 0 0 0 0 0 0 0 0 0 0 0 0 0 0 0 0 0 0 0 0 0 
0 0 0 0 0 0 0 0 0 0 0 0 0 3.01342e+10 1.28347e+12 1.33882e+13 7.12722e+13 2.47294e+14 6.4157e+14 1.3232e+15 2.33096e+15 3.66101e+15 5.16917e+15 6.81546e+15 8.54801e+15 1.03206e+16 1.18725e+16 1.32126e+16 1.44871e+16 1.54737e+16 1.62121e+16 1.66249e+16 1.66959e+16 0 0 0 0 0 0 0 0 0 0 0 0 0 0 0 0 0 0 0 0 0 0 0 0 0 0 0 0 0 0 0 0 
0 0 0 0 0 0 0 0 0 0 0 0 0 0 3.02525e+11 5.66505e+12 4.34199e+13 1.95309e+14 6.18109e+14 1.52468e+15 3.06214e+15 5.29855e+15 8.24707e+15 1.17571e+16 1.55073e+16 1.94569e+16 2.32567e+16 2.68596e+16 3.0158e+16 3.26664e+16 3.46506e+16 3.5732e+16 3.6655e+16 0 0 0 0 0 0 0 0 0 0 0 0 0 0 0 0 0 0 0 0 0 0 0 0 0 0 0 0 0 0 0 0 
0 0 0 0 0 0 0 0 0 0 0 0 0 0 3.6047e+10 1.73243e+12 2.03129e+13 1.23709e+14 4.83882e+14 1.40818e+15 3.29991e+15 6.4805e+15 1.11136e+16 1.71821e+16 2.44377e+16 3.22466e+16 4.05594e+16 4.86498e+16 5.56153e+16 6.15738e+16 6.56284e+16 6.91406e+16 6.94241e+16 0 0 0 0 0 0 0 0 0 0 0 0 0 0 0 0 0 0 0 0 0 0 0 0 0 0 0 0 0 0 0 0 
0 0 0 0 0 0 0 0 0 0 0 0 0 0 0 3.46209e+11 7.18882e+12 6.12742e+13 3.13286e+14 1.10695e+15 3.00407e+15 6.68438e+15 1.27243e+16 2.13244e+16 3.26752e+16 4.60555e+16 6.06172e+16 7.50791e+16 8.89731e+16 1.00944e+17 1.10052e+17 1.15407e+17 1.17545e+17 0 0 0 0 0 0 0 0 0 0 0 0 0 0 0 0 0 0 0 0 0 0 0 0 0 0 0 0 0 0 0 0 
0 0 0 0 0 0 0 0 0 0 0 0 0 0 0 3.6011e+10 1.86677e+12 2.41595e+13 1.61499e+14 7.05615e+14 2.28118e+15 5.83212e+15 1.24543e+16 2.32176e+16 3.80475e+16 5.70885e+16 7.92265e+16 1.02587e+17 1.257e+17 1.46099e+17 1.62101e+17 1.71806e+17 1.75783e+17 0 0 0 0 0 0 0 0 0 0 0 0 0 0 0 0 0 0 0 0 0 0 0 0 0 0 0 0 0 0 0 0 
0 0 0 0 0 0 0 0 0 0 0 0 0 0 0 0 3.21329e+11 7.23884e+12 6.67047e+13 3.73863e+14 1.4368e+15 4.29867e+15 1.03933e+16 2.11314e+16 3.80307e+16 6.10833e+16 8.89183e+16 1.21249e+17 1.53475e+17 1.8404e+17 2.07924e+17 2.24169e+17 2.29828e+17 0 0 0 0 0 0 0 0 0 0 0 0 0 0 0 0 0 0 0 0 0 0 0 0 0 0 0 0 0 0 0 0 
0 0 0 0 0 0 0 0 0 0 0 0 0 0 0 0 2.94525e+10 1.62593e+12 2.24392e+13 1.58609e+14 7.61494e+14 2.62587e+15 7.25301e+15 1.66172e+16 3.2334e+16 5.6001e+16 8.7608e+16 1.24568e+17 1.63875e+17 2.00369e+17 2.3373e+17 2.53434e+17 2.60166e+17 0 0 0 0 0 0 0 0 0 0 0 0 0 0 0 0 0 0 0 0 0 0 0 0 0 0 0 0 0 0 0 0 
0 0 0 0 0 0 0 0 0 0 0 0 0 0 0 0 0 2.44235e+11 5.79271e+12 5.70931e+13 3.3275e+14 1.37779e+15 4.32346e+15 1.10375e+16 2.40464e+16 4.48511e+16 7.47584e+16 1.11833e+17 1.53686e+17 1.95402e+17 2.28393e+17 2.52353e+17 2.59957e+17 0 0 0 0 0 0 0 0 0 0 0 0 0 0 0 0 0 0 0 0 0 0 0 0 0 0 0 0 0 0 0 0 
0 0 0 0 0 0 0 0 0 0 0 0 0 0 0 0 0 2.02286e+10 1.13136e+12 1.63623e+13 1.21825e+14 6.06471e+14 2.21501e+15 6.40259e+15 1.52073e+16 3.08477e+16 5.48546e+16 8.68022e+16 1.24161e+17 1.62734e+17 1.96088e+17 2.18789e+17 2.27604e+17 0 0 0 0 0 0 0 0 0 0 0 0 0 0 0 0 0 0 0 0 0 0 0 0 0 0 0 0 0 0 0 0 
0 0 0 0 0 0 0 0 0 0 0 0 0 0 0 0 0 0 1.51632e+11 3.70549e+12 3.76809e+13 2.26633e+14 9.71103e+14 3.16628e+15 8.28414e+15 1.84651e+16 3.50855e+16 5.92638e+16 8.87048e+16 1.19504e+17 1.47779e+17 1.67611e+17 1.73985e+17 0 0 0 0 0 0 0 0 0 0 0 0 0 0 0 0 0 0 0 0 0 0 0 0 0 0 0 0 0 0 0 0 
0 0 0 0 0 0 0 0 0 0 0 0 0 0 0 0 0 0 1.16348e+10 6.37697e+11 9.34983e+12 7.18053e+13 3.64566e+14 1.36823e+15 4.02239e+15 9.67643e+15 1.97432e+16 3.49034e+16 5.51173e+16 7.71743e+16 9.78411e+16 1.12438e+17 1.17712e+17 0 0 0 0 0 0 0 0 0 0 0 0 0 0 0 0 0 0 0 0 0 0 0 0 0 0 0 0 0 0 0 0 
0 0 0 0 0 0 0 0 0 0 0 0 0 0 0 0 0 0 0 7.7501e+10 1.8902e+12 1.91439e+13 1.17519e+14 5.03011e+14 1.68347e+15 4.43636e+15 9.76078e+15 1.83668e+16 3.02168e+16 4.42227e+16 5.74439e+16 6.63409e+16 7.01393e+16 0 0 0 0 0 0 0 0 0 0 0 0 0 0 0 0 0 0 0 0 0 0 0 0 0 0 0 0 0 0 0 0 
0 0 0 0 0 0 0 0 0 0 0 0 0 0 0 0 0 0 0 5.65698e+09 2.96484e+11 4.25842e+12 3.28794e+13 1.65063e+14 6.11778e+14 1.79986e+15 4.27298e+15 8.56669e+15 1.46896e+16 2.21985e+16 2.92659e+16 3.4991e+16 3.71134e+16 0 0 0 0 0 0 0 0 0 0 0 0 0 0 0 0 0 0 0 0 0 0 0 0 0 0 0 0 0 0 0 0 
0 0 0 0 0 0 0 0 0 0 0 0 0 0 0 0 0 0 0 0 3.26915e+10 7.7813e+11 7.81739e+12 4.70352e+13 1.9868e+14 6.40463e+14 1.65711e+15 3.56186e+15 6.42718e+15 1.00183e+16 1.37661e+16 1.66066e+16 1.75776e+16 0 0 0 0 0 0 0 0 0 0 0 0 0 0 0 0 0 0 0 0 0 0 0 0 0 0 0 0 0 0 0 0 
0 0 0 0 0 0 0 0 0 0 0 0 0 0 0 0 0 0 0 0 2.36886e+09 1.1111e+11 1.54384e+12 1.16028e+13 5.69182e+13 2.03476e+14 5.69521e+14 1.31069e+15 2.51184e+15 4.09185e+15 5.71793e+15 6.99335e+15 7.47651e+15 0 0 0 0 0 0 0 0 0 0 0 0 0 0 0 0 0 0 0 0 0 0 0 0 0 0 0 0 0 0 0 0 
0 0 0 0 0 0 0 0 0 0 0 0 0 0 0 0 0 0 0 0 0 1.18557e+10 2.59861e+11 2.49045e+12 1.43351e+13 5.79272e+13 1.79971e+14 4.3513e+14 8.84884e+14 1.50034e+15 2.18431e+15 2.67749e+15 2.88138e+15 0 0 0 0 0 0 0 0 0 0 0 0 0 0 0 0 0 0 0 0 0 0 0 0 0 0 0 0 0 0 0 0 
0 0 0 0 0 0 0 0 0 0 0 0 0 0 0 0 0 0 0 0 0 9.01859e+08 3.49716e+10 4.57758e+11 3.22001e+12 1.48652e+13 5.04791e+13 1.33162e+14 2.7979e+14 4.9601e+14 7.43143e+14 9.51051e+14 1.02185e+15 0 0 0 0 0 0 0 0 0 0 0 0 0 0 0 0 0 0 0 0 0 0 0 0 0 0 0 0 0 0 0 0 
0 0 0 0 0 0 0 0 0 0 0 0 0 0 0 0 0 0 0 0 0 0 3.6481e+09 7.00985e+10 6.25803e+11 3.36153e+12 1.24983e+13 3.66191e+13 8.28693e+13 1.52395e+14 2.34002e+14 3.01327e+14 3.27094e+14 0 0 0 0 0 0 0 0 0 0 0 0 0 0 0 0 0 0 0 0 0 0 0 0 0 0 0 0 0 0 0 0 
0 0 0 0 0 0 0 0 0 0 0 0 0 0 0 0 0 0 0 0 0 0 3.1975e+08 9.39924e+09 1.06921e+11 6.91087e+11 2.98999e+12 9.16541e+12 2.20266e+13 4.29508e+13 6.64563e+13 8.82763e+13 9.72008e+13 0 0 0 0 0 0 0 0 0 0 0 0 0 0 0 0 0 0 0 0 0 0 0 0 0 0 0 0 0 0 0 0 
0 0 0 0 0 0 0 0 0 0 0 0 0 0 0 0 0 0 0 0 0 0 0 9.61195e+08 1.60937e+10 1.26793e+11 6.14218e+11 2.13943e+12 5.44249e+12 1.09319e+13 1.82052e+13 2.38591e+13 2.68418e+13 0 0 0 0 0 0 0 0 0 0 0 0 0 0 0 0 0 0 0 0 0 0 0 0 0 0 0 0 0 0 0 0 
0 0 0 0 0 0 0 0 0 0 0 0 0 0 0 0 0 0 0 0 0 0 0 1.03516e+08 2.15647e+09 2.10773e+10 1.20887e+11 4.58027e+11 1.24274e+12 2.69252e+12 4.45288e+12 6.06103e+12 6.64095e+12 0 0 0 0 0 0 0 0 0 0 0 0 0 0 0 0 0 0 0 0 0 0 0 0 0 0 0 0 0 0 0 0 
0 0 0 0 0 0 0 0 0 0 0 0 0 0 0 0 0 0 0 0 0 0 0 0 2.17674e+08 3.0776e+09 2.11298e+10 9.06301e+10 2.6791e+11 6.02339e+11 1.06416e+12 1.47147e+12 1.58851e+12 0 0 0 0 0 0 0 0 0 0 0 0 0 0 0 0 0 0 0 0 0 0 0 0 0 0 0 0 0 0 0 0 
0 0 0 0 0 0 0 0 0 0 0 0 0 0 0 0 0 0 0 0 0 0 0 0 3.12617e+07 4.38824e+08 3.37228e+09 1.67366e+10 5.43379e+10 1.27659e+11 2.31192e+11 3.19612e+11 3.67291e+11 0 0 0 0 0 0 0 0 0 0 0 0 0 0 0 0 0 0 0 0 0 0 0 0 0 0 0 0 0 0 0 0 
0 0 0 0 0 0 0 0 0 0 0 0 0 0 0 0 0 0 0 0 0 0 0 0 0 4.40778e+07 5.30616e+08 2.96464e+09 1.02697e+10 2.62849e+10 4.97538e+10 7.20774e+10 8.32954e+10 0 0 0 0 0 0 0 0 0 0 0 0 0 0 0 0 0 0 0 0 0 0 0 0 0 0 0 0 0 0 0 0 
0 0 0 0 0 0 0 0 0 0 0 0 0 0 0 0 0 0 0 0 0 0 0 0 0 8.5307e+06 8.04527e+07 4.70109e+08 1.94512e+09 5.05782e+09 9.92603e+09 1.47421e+10 1.6345e+10 0 0 0 0 0 0 0 0 0 0 0 0 0 0 0 0 0 0 0 0 0 0 0 0 0 0 0 0 0 0 0 0 
0 0 0 0 0 0 0 0 0 0 0 0 0 0 0 0 0 0 0 0 0 0 0 0 0 0 7.67726e+06 8.21087e+07 3.26903e+08 9.47887e+08 2.05652e+09 3.01754e+09 3.45118e+09 0 0 0 0 0 0 0 0 0 0 0 0 0 0 0 0 0 0 0 0 0 0 0 0 0 0 0 0 0 0 0 0 
0 0 0 0 0 0 0 0 0 0 0 0 0 0 0 0 0 0 0 0 0 0 0 0 0 0 2.02342e+06 1.26553e+07 5.65018e+07 1.84894e+08 3.93727e+08 6.18319e+08 6.988e+08 0 0 0 0 0 0 0 0 0 0 0 0 0 0 0 0 0 0 0 0 0 0 0 0 0 0 0 0 0 0 0 0 
0 0 0 0 0 0 0 0 0 0 0 0 0 0 0 0 0 0 0 0 0 0 0 0 0 0 0 1.05857e+06 1.10168e+07 3.25687e+07 7.38356e+07 1.26087e+08 1.37589e+08 0 0 0 0 0 0 0 0 0 0 0 0 0 0 0 0 0 0 0 0 0 0 0 0 0 0 0 0 0 0 0 0 
0 0 0 0 0 0 0 0 0 0 0 0 0 0 0 0 0 0 0 0 0 0 0 0 0 0 0 423044 1.6821e+06 5.65825e+06 1.53566e+07 2.27389e+07 2.95413e+07 0 0 0 0 0 0 0 0 0 0 0 0 0 0 0 0 0 0 0 0 0 0 0 0 0 0 0 0 0 0 0 0 
0 0 0 0 0 0 0 0 0 0 0 0 0 0 0 0 0 0 0 0 0 0 0 0 0 0 0 0 110447 1.24459e+06 2.42037e+06 4.69626e+06 5.42677e+06 0 0 0 0 0 0 0 0 0 0 0 0 0 0 0 0 0 0 0 0 0 0 0 0 0 0 0 0 0 0 0 0 
0 0 0 0 0 0 0 0 0 0 0 0 0 0 0 0 0 0 0 0 0 0 0 0 0 0 0 0 72280.1 168659 442906 969292 954253 0 0 0 0 0 0 0 0 0 0 0 0 0 0 0 0 0 0 0 0 0 0 0 0 0 0 0 0 0 0 0 0 
0 0 0 0 0 0 0 0 0 0 0 0 0 0 0 0 0 0 0 0 0 0 0 0 0 0 0 0 0 7644.55 117124 112134 240217 0 0 0 0 0 0 0 0 0 0 0 0 0 0 0 0 0 0 0 0 0 0 0 0 0 0 0 0 0 0 0 0 
0 0 0 0 0 0 0 0 0 0 0 0 0 0 0 0 0 0 0 0 0 0 0 0 0 0 0 0 0 9678.05 11299.9 31023.7 37092.6 0 0 0 0 0 0 0 0 0 0 0 0 0 0 0 0 0 0 0 0 0 0 0 0 0 0 0 0 0 0 0 0 
0 0 0 0 0 0 0 0 0 0 0 0 0 0 0 0 0 0 0 0 0 0 0 0 0 0 0 0 0 0 256.73 7705.59 1959.15 0 0 0 0 0 0 0 0 0 0 0 0 0 0 0 0 0 0 0 0 0 0 0 0 0 0 0 0 0 0 0 0 
0 0 0 0 0 0 0 0 0 0 0 0 0 0 0 0 0 0 0 0 0 0 0 0 0 0 0 0 0 0 962.966 378.571 1875.08 0 0 0 0 0 0 0 0 0 0 0 0 0 0 0 0 0 0 0 0 0 0 0 0 0 0 0 0 0 0 0 0 
0 0 0 0 0 0 0 0 0 0 0 0 0 0 0 0 0 0 0 0 0 0 0 0 0 0 0 0 0 0 0 0 261.39 0 0 0 0 0 0 0 0 0 0 0 0 0 0 0 0 0 0 0 0 0 0 0 0 0 0 0 0 0 0 0 0 
0 0 0 0 0 0 0 0 0 0 0 0 0 0 0 0 0 0 0 0 0 0 0 0 0 0 0 0 0 0 0 62.1269 0 0 0 0 0 0 0 0 0 0 0 0 0 0 0 0 0 0 0 0 0 0 0 0 0 0 0 0 0 0 0 0 0 
0 0 0 0 0 0 0 0 0 0 0 0 0 0 0 0 0 0 0 0 0 0 0 0 0 0 0 0 0 0 0 0 0 0 0 0 0 0 0 0 0 0 0 0 0 0 0 0 0 0 0 0 0 0 0 0 0 0 0 0 0 0 0 0 0 
0 0 0 0 0 0 0 0 0 0 0 0 0 0 0 0 0 0 0 0 0 0 0 0 0 0 0 0 0 0 0 0 1.94146 0 0 0 0 0 0 0 0 0 0 0 0 0 0 0 0 0 0 0 0 0 0 0 0 0 0 0 0 0 0 0 0 
