1 0 0 0 0 0 0 0 0 0 0 0 0 0 0 0 0 0 0 0 0 0 0 0 0 0 0 0 0 0 0 0 0 0 0 0 0 0 0 0 0 0 0 0 0 0 0 0 0 0 0 0 0 0 0 0 0 0 0 0 0 0 0 0 0 
0 0 0 0 0 0 0 0 0 0 0 0 0 0 0 0 0 0 0 0 0 0 0 0 0 0 0 0 0 0 0 0 0 0 0 0 0 0 0 0 0 0 0 0 0 0 0 0 0 0 0 0 0 0 0 0 0 0 0 0 0 0 0 0 0 
0 64 0 0 0 0 0 0 0 0 0 0 0 0 0 0 0 0 0 0 0 0 0 0 0 0 0 0 0 0 0 0 0 0 0 0 0 0 0 0 0 0 0 0 0 0 0 0 0 0 0 0 0 0 0 0 0 0 0 0 0 0 0 0 0 
0 0 128 0 0 0 0 0 0 0 0 0 0 0 0 0 0 0 0 0 0 0 0 0 0 0 0 0 0 0 0 0 0 0 0 0 0 0 0 0 0 0 0 0 0 0 0 0 0 0 0 0 0 0 0 0 0 0 0 0 0 0 0 0 0 
0 0 1888 395.083 64.596 0 0 0 0 0 0 0 0 0 0 0 0 0 0 0 0 0 0 0 0 0 0 0 0 0 0 0 0 0 0 0 0 0 0 0 0 0 0 0 0 0 0 0 0 0 0 0 0 0 0 0 0 0 0 0 0 0 0 0 0 
0 0 0 7145.83 1135.95 541.552 133.338 0 0 0 0 0 0 0 0 0 0 0 0 0 0 0 0 0 0 0 0 0 0 0 0 0 0 0 0 0 0 0 0 0 0 0 0 0 0 0 0 0 0 0 0 0 0 0 0 0 0 0 0 0 0 0 0 0 0 
0 0 0 34123.1 27733.5 6985.91 2749.07 1397.01 364.842 87.6454 0 0 0 0 0 0 0 0 0 0 0 0 0 0 0 0 0 0 0 0 0 0 0 0 0 0 0 0 0 0 0 0 0 0 0 0 0 0 0 0 0 0 0 0 0 0 0 0 0 0 0 0 0 0 0 
0 0 0 0 182915 95697.8 42111.2 18189.9 8699.7 4356.9 1905.38 658.901 132.745 0 0 0 0 0 0 0 0 0 0 0 0 0 0 0 0 0 0 0 0 0 0 0 0 0 0 0 0 0 0 0 0 0 0 0 0 0 0 0 0 0 0 0 0 0 0 0 0 0 0 0 0 
0 0 0 0 423527 834002 398654 230200 126209 60473.9 34357 19873.3 10887.3 4889.76 1677.39 392.309 129.407 0 0 0 0 0 0 0 14.2464 0 0 0 0 0 0 0 10.5586 0 0 0 0 0 0 0 0 0 0 0 0 0 0 0 0 0 0 0 0 0 0 0 0 0 0 0 0 0 0 0 0 
0 0 0 0 0 2.85521e+06 3.36138e+06 1.92754e+06 1.14202e+06 730489 455976 273461 155915 101370 60879 35191.2 13921.9 6385.28 1688.71 736.749 377.93 302.358 232.589 230.836 0 228.506 256.735 223.502 222.846 185.406 267.435 205.416 0 0 0 0 0 0 0 0 0 0 0 0 0 0 0 0 0 0 0 0 0 0 0 0 0 0 0 0 0 0 0 0 0 
0 0 0 0 0 3.83207e+06 1.45893e+07 1.35154e+07 9.21534e+06 6.18221e+06 4.31093e+06 2.62321e+06 1.83991e+06 1.14797e+06 751149 503362 308080 205713 119583 73812.8 31277.8 18144.8 12083.8 10097.9 10253.6 8018.18 8127.3 9261.7 8660.72 8871.18 7775.67 7791.7 11015.5 0 0 0 0 0 0 0 0 0 0 0 0 0 0 0 0 0 0 0 0 0 0 0 0 0 0 0 0 0 0 0 0 
0 0 0 0 0 0 3.03189e+07 6.36526e+07 5.75889e+07 4.2556e+07 3.11839e+07 2.30736e+07 1.56389e+07 1.11453e+07 8.75172e+06 5.83501e+06 4.22074e+06 3.12213e+06 2.04203e+06 1.42215e+06 999328 722879 439540 331857 281104 235919 227805 237512 217993 210067 198105 184675 203046 0 0 0 0 0 0 0 0 0 0 0 0 0 0 0 0 0 0 0 0 0 0 0 0 0 0 0 0 0 0 0 0 
0 0 0 0 0 0 2.62612e+07 1.70055e+08 2.63331e+08 2.46223e+08 1.97525e+08 1.5547e+08 1.22359e+08 9.14511e+07 6.84556e+07 5.21475e+07 4.01307e+07 2.95951e+07 2.31358e+07 1.74187e+07 1.25309e+07 1.04783e+07 7.9677e+06 6.60886e+06 5.15064e+06 4.05566e+06 3.89359e+06 3.55866e+06 3.3609e+06 2.84133e+06 2.97527e+06 3.23629e+06 3.04277e+06 0 0 0 0 0 0 0 0 0 0 0 0 0 0 0 0 0 0 0 0 0 0 0 0 0 0 0 0 0 0 0 0 
0 0 0 0 0 0 0 2.32001e+08 7.81891e+08 1.06621e+09 1.02974e+09 8.89603e+08 7.33416e+08 6.13961e+08 4.99931e+08 4.00283e+08 3.0415e+08 2.50358e+08 2.05061e+08 1.6045e+08 1.29938e+08 1.02479e+08 8.49412e+07 7.59305e+07 6.33987e+07 5.29285e+07 4.779e+07 4.34707e+07 4.09311e+07 3.94918e+07 3.59437e+07 3.56992e+07 3.81363e+07 0 0 0 0 0 0 0 0 0 0 0 0 0 0 0 0 0 0 0 0 0 0 0 0 0 0 0 0 0 0 0 0 
0 0 0 0 0 0 0 1.39815e+08 1.3918e+09 3.30396e+09 4.27344e+09 4.31717e+09 3.91409e+09 3.37576e+09 2.9243e+09 2.42808e+09 2.10399e+09 1.73117e+09 1.46698e+09 1.22127e+09 9.89396e+08 9.04605e+08 7.55346e+08 6.75813e+08 5.75918e+08 5.05387e+08 4.64243e+08 4.29684e+08 3.91766e+08 3.84532e+08 3.65116e+08 3.63009e+08 3.71115e+08 0 0 0 0 0 0 0 0 0 0 0 0 0 0 0 0 0 0 0 0 0 0 0 0 0 0 0 0 0 0 0 0 
0 0 0 0 0 0 0 0 1.33383e+09 6.67473e+09 1.30915e+10 1.67588e+10 1.75247e+10 1.68536e+10 1.54964e+10 1.37756e+10 1.22009e+10 1.06864e+10 9.26567e+09 7.84733e+09 7.01884e+09 6.05111e+09 5.57812e+09 4.88954e+09 4.41724e+09 4.13678e+09 3.58567e+09 3.40667e+09 3.33482e+09 3.03418e+09 3.13109e+09 3.01185e+09 3.08957e+09 0 0 0 0 0 0 0 0 0 0 0 0 0 0 0 0 0 0 0 0 0 0 0 0 0 0 0 0 0 0 0 0 
0 0 0 0 0 0 0 0 5.87239e+08 8.30937e+09 2.85268e+10 4.98978e+10 6.40722e+10 6.89075e+10 6.84254e+10 6.75549e+10 6.02764e+10 5.69746e+10 5.13868e+10 4.6607e+10 4.20331e+10 3.85547e+10 3.55823e+10 3.17985e+10 2.99689e+10 2.86528e+10 2.59165e+10 2.46242e+10 2.28207e+10 2.21695e+10 2.2083e+10 2.21474e+10 2.10462e+10 0 0 0 0 0 0 0 0 0 0 0 0 0 0 0 0 0 0 0 0 0 0 0 0 0 0 0 0 0 0 0 0 
0 0 0 0 0 0 0 0 0 5.92821e+09 4.08931e+10 1.12074e+11 1.87093e+11 2.4247e+11 2.71931e+11 2.80484e+11 2.8076e+11 2.65421e+11 2.57859e+11 2.40653e+11 2.20579e+11 2.10731e+11 1.97013e+11 1.84615e+11 1.73318e+11 1.60472e+11 1.54592e+11 1.46598e+11 1.38425e+11 1.39437e+11 1.33067e+11 1.32001e+11 1.28311e+11 0 0 0 0 0 0 0 0 0 0 0 0 0 0 0 0 0 0 0 0 0 0 0 0 0 0 0 0 0 0 0 0 
0 0 0 0 0 0 0 0 0 1.96236e+09 3.76418e+10 1.74592e+11 4.12612e+11 6.6829e+11 8.70481e+11 1.01919e+12 1.10198e+12 1.12519e+12 1.10639e+12 1.11333e+12 1.07477e+12 1.02214e+12 9.69045e+11 9.56415e+11 9.05842e+11 8.61958e+11 8.34412e+11 8.10951e+11 7.8115e+11 7.6075e+11 7.51594e+11 7.25352e+11 7.21451e+11 0 0 0 0 0 0 0 0 0 0 0 0 0 0 0 0 0 0 0 0 0 0 0 0 0 0 0 0 0 0 0 0 
0 0 0 0 0 0 0 0 0 0 2.04945e+10 1.86242e+11 6.68591e+11 1.44541e+12 2.31636e+12 3.08934e+12 3.61429e+12 3.99934e+12 4.27702e+12 4.37461e+12 4.46017e+12 4.35162e+12 4.37898e+12 4.22134e+12 4.15023e+12 4.13442e+12 3.91987e+12 3.78292e+12 3.79394e+12 3.7522e+12 3.71964e+12 3.65309e+12 3.73607e+12 0 0 0 0 0 0 0 0 0 0 0 0 0 0 0 0 0 0 0 0 0 0 0 0 0 0 0 0 0 0 0 0 
0 0 0 0 0 0 0 0 0 0 5.28875e+09 1.31066e+11 7.87646e+11 2.37874e+12 4.81734e+12 7.61329e+12 1.03538e+13 1.26528e+13 1.42764e+13 1.54472e+13 1.61993e+13 1.69181e+13 1.70511e+13 1.72761e+13 1.74324e+13 1.71152e+13 1.68957e+13 1.71166e+13 1.67361e+13 1.68434e+13 1.65187e+13 1.66453e+13 1.65577e+13 0 0 0 0 0 0 0 0 0 0 0 0 0 0 0 0 0 0 0 0 0 0 0 0 0 0 0 0 0 0 0 0 
0 0 0 0 0 0 0 0 0 0 0 5.59996e+10 6.44456e+11 2.95031e+12 7.96174e+12 1.53871e+13 2.4306e+13 3.31572e+13 4.11244e+13 4.79102e+13 5.30294e+13 5.73965e+13 6.10357e+13 6.46035e+13 6.54034e+13 6.48894e+13 6.70939e+13 6.7705e+13 6.60933e+13 6.76642e+13 6.66881e+13 6.777e+13 6.85636e+13 0 0 0 0 0 0 0 0 0 0 0 0 0 0 0 0 0 0 0 0 0 0 0 0 0 0 0 0 0 0 0 0 
0 0 0 0 0 0 0 0 0 0 0 1.15766e+10 3.54249e+11 2.65567e+12 1.00142e+13 2.50546e+13 4.69279e+13 7.39891e+13 1.02678e+14 1.29458e+14 1.54265e+14 1.74904e+14 1.94035e+14 2.06286e+14 2.16945e+14 2.30868e+14 2.36416e+14 2.38012e+14 2.4557e+14 2.48871e+14 2.55457e+14 2.57032e+14 2.54022e+14 0 0 0 0 0 0 0 0 0 0 0 0 0 0 0 0 0 0 0 0 0 0 0 0 0 0 0 0 0 0 0 0 
0 0 0 0 0 0 0 0 0 0 0 0 1.2249e+11 1.70388e+12 9.58818e+12 3.13764e+13 7.3829e+13 1.35441e+14 2.12598e+14 2.97679e+14 3.86163e+14 4.67883e+14 5.40302e+14 6.0122e+14 6.61065e+14 7.13125e+14 7.49914e+14 7.8897e+14 8.04521e+14 8.22522e+14 8.40719e+14 8.42178e+14 8.52188e+14 0 0 0 0 0 0 0 0 0 0 0 0 0 0 0 0 0 0 0 0 0 0 0 0 0 0 0 0 0 0 0 0 
0 0 0 0 0 0 0 0 0 0 0 0 2.06941e+10 7.57575e+11 6.79122e+12 3.10386e+13 9.22558e+13 2.05825e+14 3.74515e+14 5.85992e+14 8.17465e+14 1.06815e+15 1.3162e+15 1.54758e+15 1.76179e+15 1.96231e+15 2.14303e+15 2.2478e+15 2.37808e+15 2.44434e+15 2.48028e+15 2.51746e+15 2.52149e+15 0 0 0 0 0 0 0 0 0 0 0 0 0 0 0 0 0 0 0 0 0 0 0 0 0 0 0 0 0 0 0 0 
0 0 0 0 0 0 0 0 0 0 0 0 0 2.14442e+11 3.52527e+12 2.34635e+13 9.10676e+13 2.50778e+14 5.33869e+14 9.66469e+14 1.51931e+15 2.15072e+15 2.81191e+15 3.5073e+15 4.15455e+15 4.755e+15 5.37678e+15 5.85861e+15 6.16137e+15 6.4942e+15 6.7085e+15 6.92003e+15 6.92789e+15 0 0 0 0 0 0 0 0 0 0 0 0 0 0 0 0 0 0 0 0 0 0 0 0 0 0 0 0 0 0 0 0 
0 0 0 0 0 0 0 0 0 0 0 0 0 3.02182e+10 1.27099e+12 1.33477e+13 7.15318e+13 2.48747e+14 6.42538e+14 1.31373e+15 2.32442e+15 3.62778e+15 5.20247e+15 6.89263e+15 8.64811e+15 1.03146e+16 1.17574e+16 1.3348e+16 1.47928e+16 1.56529e+16 1.63852e+16 1.66642e+16 1.66648e+16 0 0 0 0 0 0 0 0 0 0 0 0 0 0 0 0 0 0 0 0 0 0 0 0 0 0 0 0 0 0 0 0 
0 0 0 0 0 0 0 0 0 0 0 0 0 0 3.04566e+11 5.66288e+12 4.34242e+13 1.9488e+14 6.17648e+14 1.5125e+15 3.03834e+15 5.27852e+15 8.22517e+15 1.17078e+16 1.55893e+16 1.96691e+16 2.35497e+16 2.68862e+16 2.98646e+16 3.24986e+16 3.47547e+16 3.6119e+16 3.64326e+16 0 0 0 0 0 0 0 0 0 0 0 0 0 0 0 0 0 0 0 0 0 0 0 0 0 0 0 0 0 0 0 0 
0 0 0 0 0 0 0 0 0 0 0 0 0 0 3.6033e+10 1.71765e+12 2.04103e+13 1.23834e+14 4.85741e+14 1.43073e+15 3.30685e+15 6.52819e+15 1.1122e+16 1.71269e+16 2.44142e+16 3.21819e+16 4.0184e+16 4.81525e+16 5.53518e+16 6.15615e+16 6.57881e+16 6.86799e+16 6.97936e+16 0 0 0 0 0 0 0 0 0 0 0 0 0 0 0 0 0 0 0 0 0 0 0 0 0 0 0 0 0 0 0 0 
0 0 0 0 0 0 0 0 0 0 0 0 0 0 0 3.48836e+11 7.12897e+12 6.15093e+13 3.13616e+14 1.09256e+15 3.02495e+15 6.69012e+15 1.27338e+16 2.15713e+16 3.25847e+16 4.61165e+16 6.05399e+16 7.575e+16 8.95518e+16 1.01589e+17 1.10218e+17 1.15032e+17 1.17935e+17 0 0 0 0 0 0 0 0 0 0 0 0 0 0 0 0 0 0 0 0 0 0 0 0 0 0 0 0 0 0 0 0 
0 0 0 0 0 0 0 0 0 0 0 0 0 0 0 3.5125e+10 1.86635e+12 2.40219e+13 1.61191e+14 7.10055e+14 2.26785e+15 5.82087e+15 1.24938e+16 2.29161e+16 3.79618e+16 5.68173e+16 7.96074e+16 1.02216e+17 1.2468e+17 1.44994e+17 1.60804e+17 1.71946e+17 1.74395e+17 0 0 0 0 0 0 0 0 0 0 0 0 0 0 0 0 0 0 0 0 0 0 0 0 0 0 0 0 0 0 0 0 
0 0 0 0 0 0 0 0 0 0 0 0 0 0 0 0 3.24497e+11 7.1897e+12 6.68788e+13 3.74554e+14 1.43843e+15 4.26219e+15 1.02831e+16 2.12178e+16 3.79171e+16 6.07374e+16 8.90608e+16 1.20988e+17 1.54393e+17 1.82915e+17 2.07413e+17 2.23629e+17 2.29518e+17 0 0 0 0 0 0 0 0 0 0 0 0 0 0 0 0 0 0 0 0 0 0 0 0 0 0 0 0 0 0 0 0 
0 0 0 0 0 0 0 0 0 0 0 0 0 0 0 0 2.87235e+10 1.6209e+12 2.23e+13 1.60087e+14 7.61954e+14 2.65034e+15 7.28559e+15 1.66091e+16 3.25898e+16 5.65746e+16 8.71958e+16 1.24584e+17 1.62952e+17 2.02865e+17 2.34775e+17 2.54026e+17 2.59197e+17 0 0 0 0 0 0 0 0 0 0 0 0 0 0 0 0 0 0 0 0 0 0 0 0 0 0 0 0 0 0 0 0 
0 0 0 0 0 0 0 0 0 0 0 0 0 0 0 0 0 2.45973e+11 5.71301e+12 5.62934e+13 3.34568e+14 1.37827e+15 4.34058e+15 1.10828e+16 2.39478e+16 4.46753e+16 7.4754e+16 1.12329e+17 1.55338e+17 1.94556e+17 2.28721e+17 2.52988e+17 2.63779e+17 0 0 0 0 0 0 0 0 0 0 0 0 0 0 0 0 0 0 0 0 0 0 0 0 0 0 0 0 0 0 0 0 
0 0 0 0 0 0 0 0 0 0 0 0 0 0 0 0 0 1.98378e+10 1.13252e+12 1.62354e+13 1.21197e+14 6.05678e+14 2.21644e+15 6.3679e+15 1.5256e+16 3.09873e+16 5.4916e+16 8.6599e+16 1.2287e+17 1.62425e+17 1.96279e+17 2.18273e+17 2.26422e+17 0 0 0 0 0 0 0 0 0 0 0 0 0 0 0 0 0 0 0 0 0 0 0 0 0 0 0 0 0 0 0 0 
0 0 0 0 0 0 0 0 0 0 0 0 0 0 0 0 0 0 1.53572e+11 3.65838e+12 3.73563e+13 2.2877e+14 9.7339e+14 3.17256e+15 8.28297e+15 1.84448e+16 3.51719e+16 5.92203e+16 8.92849e+16 1.19814e+17 1.47784e+17 1.67894e+17 1.73843e+17 0 0 0 0 0 0 0 0 0 0 0 0 0 0 0 0 0 0 0 0 0 0 0 0 0 0 0 0 0 0 0 0 
0 0 0 0 0 0 0 0 0 0 0 0 0 0 0 0 0 0 1.15709e+10 6.43039e+11 9.37587e+12 7.13559e+13 3.65105e+14 1.3732e+15 4.00959e+15 9.63246e+15 1.97482e+16 3.47763e+16 5.49501e+16 7.74895e+16 9.79595e+16 1.1249e+17 1.17811e+17 0 0 0 0 0 0 0 0 0 0 0 0 0 0 0 0 0 0 0 0 0 0 0 0 0 0 0 0 0 0 0 0 
0 0 0 0 0 0 0 0 0 0 0 0 0 0 0 0 0 0 0 7.96721e+10 1.85698e+12 1.91384e+13 1.17618e+14 5.07158e+14 1.67029e+15 4.40998e+15 9.71052e+15 1.86263e+16 3.0241e+16 4.39047e+16 5.68669e+16 6.6123e+16 7.00035e+16 0 0 0 0 0 0 0 0 0 0 0 0 0 0 0 0 0 0 0 0 0 0 0 0 0 0 0 0 0 0 0 0 
0 0 0 0 0 0 0 0 0 0 0 0 0 0 0 0 0 0 0 5.65332e+09 2.98602e+11 4.26664e+12 3.25938e+13 1.65462e+14 6.21497e+14 1.80238e+15 4.28525e+15 8.41566e+15 1.46103e+16 2.21413e+16 2.95521e+16 3.50816e+16 3.67153e+16 0 0 0 0 0 0 0 0 0 0 0 0 0 0 0 0 0 0 0 0 0 0 0 0 0 0 0 0 0 0 0 0 
0 0 0 0 0 0 0 0 0 0 0 0 0 0 0 0 0 0 0 0 3.38739e+10 7.74744e+11 7.77898e+12 4.65504e+13 1.98636e+14 6.46367e+14 1.66498e+15 3.58679e+15 6.40919e+15 1.00178e+16 1.36777e+16 1.6522e+16 1.77004e+16 0 0 0 0 0 0 0 0 0 0 0 0 0 0 0 0 0 0 0 0 0 0 0 0 0 0 0 0 0 0 0 0 
0 0 0 0 0 0 0 0 0 0 0 0 0 0 0 0 0 0 0 0 2.46315e+09 1.12695e+11 1.54757e+12 1.14866e+13 5.65833e+13 2.03112e+14 5.69834e+14 1.31383e+15 2.51097e+15 4.08514e+15 5.72853e+15 6.96165e+15 7.43093e+15 0 0 0 0 0 0 0 0 0 0 0 0 0 0 0 0 0 0 0 0 0 0 0 0 0 0 0 0 0 0 0 0 
0 0 0 0 0 0 0 0 0 0 0 0 0 0 0 0 0 0 0 0 0 1.23462e+10 2.60043e+11 2.47005e+12 1.42018e+13 5.79633e+13 1.80028e+14 4.40287e+14 8.95353e+14 1.49886e+15 2.13835e+15 2.67711e+15 2.86918e+15 0 0 0 0 0 0 0 0 0 0 0 0 0 0 0 0 0 0 0 0 0 0 0 0 0 0 0 0 0 0 0 0 
0 0 0 0 0 0 0 0 0 0 0 0 0 0 0 0 0 0 0 0 0 9.36583e+08 3.52331e+10 4.55721e+11 3.20015e+12 1.47773e+13 5.07419e+13 1.33814e+14 2.85063e+14 4.98633e+14 7.47522e+14 9.38731e+14 1.0063e+15 0 0 0 0 0 0 0 0 0 0 0 0 0 0 0 0 0 0 0 0 0 0 0 0 0 0 0 0 0 0 0 0 
0 0 0 0 0 0 0 0 0 0 0 0 0 0 0 0 0 0 0 0 0 0 3.72653e+09 7.01666e+10 6.31544e+11 3.37614e+12 1.26436e+13 3.70143e+13 8.34557e+13 1.54703e+14 2.30615e+14 2.98989e+14 3.29067e+14 0 0 0 0 0 0 0 0 0 0 0 0 0 0 0 0 0 0 0 0 0 0 0 0 0 0 0 0 0 0 0 0 
0 0 0 0 0 0 0 0 0 0 0 0 0 0 0 0 0 0 0 0 0 0 3.25931e+08 9.44461e+09 1.08206e+11 6.88377e+11 2.91324e+12 9.21959e+12 2.22072e+13 4.24927e+13 6.79839e+13 8.78916e+13 9.61767e+13 0 0 0 0 0 0 0 0 0 0 0 0 0 0 0 0 0 0 0 0 0 0 0 0 0 0 0 0 0 0 0 0 
0 0 0 0 0 0 0 0 0 0 0 0 0 0 0 0 0 0 0 0 0 0 0 9.84083e+08 1.60298e+10 1.27624e+11 6.23017e+11 2.07436e+12 5.35054e+12 1.10949e+13 1.80521e+13 2.45223e+13 2.64252e+13 0 0 0 0 0 0 0 0 0 0 0 0 0 0 0 0 0 0 0 0 0 0 0 0 0 0 0 0 0 0 0 0 
0 0 0 0 0 0 0 0 0 0 0 0 0 0 0 0 0 0 0 0 0 0 0 1.04142e+08 2.2362e+09 2.09951e+10 1.17958e+11 4.53777e+11 1.2498e+12 2.66506e+12 4.37141e+12 6.05993e+12 6.80407e+12 0 0 0 0 0 0 0 0 0 0 0 0 0 0 0 0 0 0 0 0 0 0 0 0 0 0 0 0 0 0 0 0 
0 0 0 0 0 0 0 0 0 0 0 0 0 0 0 0 0 0 0 0 0 0 0 0 2.32065e+08 3.24863e+09 2.16091e+10 8.78616e+10 2.68117e+11 6.04377e+11 1.05297e+12 1.41953e+12 1.59298e+12 0 0 0 0 0 0 0 0 0 0 0 0 0 0 0 0 0 0 0 0 0 0 0 0 0 0 0 0 0 0 0 0 
0 0 0 0 0 0 0 0 0 0 0 0 0 0 0 0 0 0 0 0 0 0 0 0 3.14639e+07 4.58306e+08 3.45123e+09 1.62264e+10 5.4029e+10 1.30092e+11 2.29517e+11 3.22111e+11 3.71077e+11 0 0 0 0 0 0 0 0 0 0 0 0 0 0 0 0 0 0 0 0 0 0 0 0 0 0 0 0 0 0 0 0 
0 0 0 0 0 0 0 0 0 0 0 0 0 0 0 0 0 0 0 0 0 0 0 0 0 4.63316e+07 5.56982e+08 2.92754e+09 1.00523e+10 2.51582e+10 5.06397e+10 7.24786e+10 7.97062e+10 0 0 0 0 0 0 0 0 0 0 0 0 0 0 0 0 0 0 0 0 0 0 0 0 0 0 0 0 0 0 0 0 
0 0 0 0 0 0 0 0 0 0 0 0 0 0 0 0 0 0 0 0 0 0 0 0 0 8.67649e+06 8.41562e+07 4.76945e+08 1.88992e+09 4.99205e+09 9.72197e+09 1.46048e+10 1.62424e+10 0 0 0 0 0 0 0 0 0 0 0 0 0 0 0 0 0 0 0 0 0 0 0 0 0 0 0 0 0 0 0 0 
0 0 0 0 0 0 0 0 0 0 0 0 0 0 0 0 0 0 0 0 0 0 0 0 0 0 8.10411e+06 8.50322e+07 3.39175e+08 9.46985e+08 1.88957e+09 2.97375e+09 3.3521e+09 0 0 0 0 0 0 0 0 0 0 0 0 0 0 0 0 0 0 0 0 0 0 0 0 0 0 0 0 0 0 0 0 
0 0 0 0 0 0 0 0 0 0 0 0 0 0 0 0 0 0 0 0 0 0 0 0 0 0 2.12874e+06 1.32357e+07 5.66945e+07 1.82534e+08 3.76231e+08 5.75063e+08 6.5916e+08 0 0 0 0 0 0 0 0 0 0 0 0 0 0 0 0 0 0 0 0 0 0 0 0 0 0 0 0 0 0 0 0 
0 0 0 0 0 0 0 0 0 0 0 0 0 0 0 0 0 0 0 0 0 0 0 0 0 0 0 1.10865e+06 1.15361e+07 3.34197e+07 7.5517e+07 1.17887e+08 1.3544e+08 0 0 0 0 0 0 0 0 0 0 0 0 0 0 0 0 0 0 0 0 0 0 0 0 0 0 0 0 0 0 0 0 
0 0 0 0 0 0 0 0 0 0 0 0 0 0 0 0 0 0 0 0 0 0 0 0 0 0 0 445301 1.76826e+06 5.5649e+06 1.49646e+07 2.24003e+07 2.75767e+07 0 0 0 0 0 0 0 0 0 0 0 0 0 0 0 0 0 0 0 0 0 0 0 0 0 0 0 0 0 0 0 0 
0 0 0 0 0 0 0 0 0 0 0 0 0 0 0 0 0 0 0 0 0 0 0 0 0 0 0 0 111956 1.30808e+06 2.40343e+06 4.69016e+06 5.32995e+06 0 0 0 0 0 0 0 0 0 0 0 0 0 0 0 0 0 0 0 0 0 0 0 0 0 0 0 0 0 0 0 0 
0 0 0 0 0 0 0 0 0 0 0 0 0 0 0 0 0 0 0 0 0 0 0 0 0 0 0 0 77037.2 176240 471861 967642 946198 0 0 0 0 0 0 0 0 0 0 0 0 0 0 0 0 0 0 0 0 0 0 0 0 0 0 0 0 0 0 0 0 
0 0 0 0 0 0 0 0 0 0 0 0 0 0 0 0 0 0 0 0 0 0 0 0 0 0 0 0 0 7608.2 120327 109914 232977 0 0 0 0 0 0 0 0 0 0 0 0 0 0 0 0 0 0 0 0 0 0 0 0 0 0 0 0 0 0 0 0 
0 0 0 0 0 0 0 0 0 0 0 0 0 0 0 0 0 0 0 0 0 0 0 0 0 0 0 0 0 10405.3 12007.7 33390.8 38268.1 0 0 0 0 0 0 0 0 0 0 0 0 0 0 0 0 0 0 0 0 0 0 0 0 0 0 0 0 0 0 0 0 
0 0 0 0 0 0 0 0 0 0 0 0 0 0 0 0 0 0 0 0 0 0 0 0 0 0 0 0 0 0 251.183 7802.37 1932.99 0 0 0 0 0 0 0 0 0 0 0 0 0 0 0 0 0 0 0 0 0 0 0 0 0 0 0 0 0 0 0 0 
0 0 0 0 0 0 0 0 0 0 0 0 0 0 0 0 0 0 0 0 0 0 0 0 0 0 0 0 0 0 1034.29 399.815 2021.93 0 0 0 0 0 0 0 0 0 0 0 0 0 0 0 0 0 0 0 0 0 0 0 0 0 0 0 0 0 0 0 0 
0 0 0 0 0 0 0 0 0 0 0 0 0 0 0 0 0 0 0 0 0 0 0 0 0 0 0 0 0 0 0 0 263.743 0 0 0 0 0 0 0 0 0 0 0 0 0 0 0 0 0 0 0 0 0 0 0 0 0 0 0 0 0 0 0 0 
0 0 0 0 0 0 0 0 0 0 0 0 0 0 0 0 0 0 0 0 0 0 0 0 0 0 0 0 0 0 0 66.7284 0 0 0 0 0 0 0 0 0 0 0 0 0 0 0 0 0 0 0 0 0 0 0 0 0 0 0 0 0 0 0 0 0 
0 0 0 0 0 0 0 0 0 0 0 0 0 0 0 0 0 0 0 0 0 0 0 0 0 0 0 0 0 0 0 0 0 0 0 0 0 0 0 0 0 0 0 0 0 0 0 0 0 0 0 0 0 0 0 0 0 0 0 0 0 0 0 0 0 
0 0 0 0 0 0 0 0 0 0 0 0 0 0 0 0 0 0 0 0 0 0 0 0 0 0 0 0 0 0 0 0 2.08526 0 0 0 0 0 0 0 0 0 0 0 0 0 0 0 0 0 0 0 0 0 0 0 0 0 0 0 0 0 0 0 0 
