1 0 0 0 0 0 0 0 0 0 0 0 0 0 0 0 0 0 0 0 0 0 0 0 0 0 0 0 0 0 0 0 0 0 0 0 0 0 0 0 0 0 0 0 0 0 0 0 0 0 0 0 0 0 0 0 0 0 0 0 0 0 0 0 0 
0 0 0 0 0 0 0 0 0 0 0 0 0 0 0 0 0 0 0 0 0 0 0 0 0 0 0 0 0 0 0 0 0 0 0 0 0 0 0 0 0 0 0 0 0 0 0 0 0 0 0 0 0 0 0 0 0 0 0 0 0 0 0 0 0 
0 64 0 0 0 0 0 0 0 0 0 0 0 0 0 0 0 0 0 0 0 0 0 0 0 0 0 0 0 0 0 0 0 0 0 0 0 0 0 0 0 0 0 0 0 0 0 0 0 0 0 0 0 0 0 0 0 0 0 0 0 0 0 0 0 
0 0 128 0 0 0 0 0 0 0 0 0 0 0 0 0 0 0 0 0 0 0 0 0 0 0 0 0 0 0 0 0 0 0 0 0 0 0 0 0 0 0 0 0 0 0 0 0 0 0 0 0 0 0 0 0 0 0 0 0 0 0 0 0 0 
0 0 1888 379.979 63.6464 0 0 0 0 0 0 0 0 0 0 0 0 0 0 0 0 0 0 0 0 0 0 0 0 0 0 0 0 0 0 0 0 0 0 0 0 0 0 0 0 0 0 0 0 0 0 0 0 0 0 0 0 0 0 0 0 0 0 0 0 
0 0 0 7176.04 1100.48 531.594 137.259 0 0 0 0 0 0 0 0 0 0 0 0 0 0 0 0 0 0 0 0 0 0 0 0 0 0 0 0 0 0 0 0 0 0 0 0 0 0 0 0 0 0 0 0 0 0 0 0 0 0 0 0 0 0 0 0 0 0 
0 0 0 34108 27142.3 6789.75 2673.46 1398.21 399.225 52.0209 0 0 0 0 0 0 0 0 0 0 0 0 0 0 0 0 0 0 0 0 0 0 0 0 0 0 0 0 0 0 0 0 0 0 0 0 0 0 0 0 0 0 0 0 0 0 0 0 0 0 0 0 0 0 0 
0 0 0 0 184207 97735.1 43639.3 16819.2 8226.22 4777.11 2282.06 608.168 178.162 0 0 0 0 0 0 0 0 0 0 0 0 0 0 0 0 0 0 0 0 0 0 0 0 0 0 0 0 0 0 0 0 0 0 0 0 0 0 0 0 0 0 0 0 0 0 0 0 0 0 0 0 
0 0 0 0 422862 821918 407749 221979 117465 56609.7 31548.4 21797.6 11131.5 4320.68 1627.42 386.595 77.1404 0 0 0 0 0 0 0 11.3702 0 0 0 0 0 0 0 14.0873 0 0 0 0 0 0 0 0 0 0 0 0 0 0 0 0 0 0 0 0 0 0 0 0 0 0 0 0 0 0 0 0 
0 0 0 0 0 2.8741e+06 3.31922e+06 1.9289e+06 1.12369e+06 754254 429815 263544 146013 92116.3 56376.8 31092 13439.2 6013.43 2333.25 605.002 349.54 223.824 247.413 155.611 0 196.394 295.302 192.294 285.478 221.993 219.665 243.555 0 0 0 0 0 0 0 0 0 0 0 0 0 0 0 0 0 0 0 0 0 0 0 0 0 0 0 0 0 0 0 0 0 
0 0 0 0 0 3.82344e+06 1.45756e+07 1.3724e+07 9.50955e+06 5.8403e+06 4.05574e+06 2.57913e+06 1.83837e+06 1.21316e+06 765294 506621 354913 192551 123401 68475.7 40170.9 19290.9 13147.3 11727.3 9935.14 9385.15 8139.93 8894.44 8935.46 7604.94 8185.61 10907.3 11136.7 0 0 0 0 0 0 0 0 0 0 0 0 0 0 0 0 0 0 0 0 0 0 0 0 0 0 0 0 0 0 0 0 
0 0 0 0 0 0 3.04291e+07 6.34888e+07 5.70425e+07 4.39247e+07 3.09432e+07 2.21814e+07 1.60154e+07 1.17678e+07 8.18179e+06 5.61459e+06 4.27665e+06 2.92665e+06 2.12419e+06 1.36601e+06 1.01238e+06 726322 494211 332026 259768 228900 190185 216162 200416 204456 185099 216649 193603 0 0 0 0 0 0 0 0 0 0 0 0 0 0 0 0 0 0 0 0 0 0 0 0 0 0 0 0 0 0 0 0 
0 0 0 0 0 0 2.61963e+07 1.69459e+08 2.64058e+08 2.48807e+08 2.01302e+08 1.51549e+08 1.20517e+08 8.81826e+07 6.98664e+07 5.33781e+07 3.96333e+07 3.03063e+07 2.08232e+07 1.66641e+07 1.33211e+07 1.0145e+07 8.26101e+06 6.32357e+06 4.92548e+06 4.29019e+06 3.77139e+06 3.45135e+06 3.37701e+06 3.03454e+06 3.34234e+06 3.41248e+06 3.08894e+06 0 0 0 0 0 0 0 0 0 0 0 0 0 0 0 0 0 0 0 0 0 0 0 0 0 0 0 0 0 0 0 0 
0 0 0 0 0 0 0 2.32903e+08 7.82441e+08 1.06406e+09 1.03474e+09 8.85196e+08 7.3297e+08 5.9787e+08 4.72086e+08 3.73889e+08 3.07672e+08 2.44088e+08 1.92065e+08 1.65337e+08 1.37784e+08 1.05974e+08 8.31775e+07 7.2246e+07 6.21727e+07 5.33451e+07 4.51722e+07 4.38515e+07 4.01406e+07 3.73349e+07 4.06767e+07 3.62513e+07 3.71043e+07 0 0 0 0 0 0 0 0 0 0 0 0 0 0 0 0 0 0 0 0 0 0 0 0 0 0 0 0 0 0 0 0 
0 0 0 0 0 0 0 1.39473e+08 1.38671e+09 3.29949e+09 4.28051e+09 4.38307e+09 3.9719e+09 3.4561e+09 2.93807e+09 2.47379e+09 2.06326e+09 1.76713e+09 1.46607e+09 1.23311e+09 1.05303e+09 9.04357e+08 7.56943e+08 6.62886e+08 5.48122e+08 4.75202e+08 4.53961e+08 4.05763e+08 3.92416e+08 3.95607e+08 3.75621e+08 3.66546e+08 3.524e+08 0 0 0 0 0 0 0 0 0 0 0 0 0 0 0 0 0 0 0 0 0 0 0 0 0 0 0 0 0 0 0 0 
0 0 0 0 0 0 0 0 1.3406e+09 6.65884e+09 1.31133e+10 1.67359e+10 1.75099e+10 1.72674e+10 1.53684e+10 1.40785e+10 1.22434e+10 1.08395e+10 9.38829e+09 8.114e+09 6.98592e+09 6.04911e+09 5.40342e+09 4.89209e+09 4.41904e+09 4.05146e+09 3.75247e+09 3.59087e+09 3.25682e+09 3.13581e+09 2.92958e+09 2.97051e+09 2.89686e+09 0 0 0 0 0 0 0 0 0 0 0 0 0 0 0 0 0 0 0 0 0 0 0 0 0 0 0 0 0 0 0 0 
0 0 0 0 0 0 0 0 5.84547e+08 8.34666e+09 2.83757e+10 5.06643e+10 6.45671e+10 7.05997e+10 7.15735e+10 6.85159e+10 6.36411e+10 5.74055e+10 5.06035e+10 4.54225e+10 4.15018e+10 3.76224e+10 3.37508e+10 3.10717e+10 2.947e+10 2.79513e+10 2.51832e+10 2.34565e+10 2.28118e+10 2.11149e+10 2.14724e+10 2.08146e+10 2.12463e+10 0 0 0 0 0 0 0 0 0 0 0 0 0 0 0 0 0 0 0 0 0 0 0 0 0 0 0 0 0 0 0 0 
0 0 0 0 0 0 0 0 0 5.90735e+09 4.10411e+10 1.10775e+11 1.86086e+11 2.39427e+11 2.75009e+11 2.84011e+11 2.82069e+11 2.67951e+11 2.53931e+11 2.41038e+11 2.23495e+11 2.0889e+11 1.9643e+11 1.84009e+11 1.71028e+11 1.60201e+11 1.53722e+11 1.46452e+11 1.35138e+11 1.30873e+11 1.30831e+11 1.3403e+11 1.29303e+11 0 0 0 0 0 0 0 0 0 0 0 0 0 0 0 0 0 0 0 0 0 0 0 0 0 0 0 0 0 0 0 0 
0 0 0 0 0 0 0 0 0 1.96479e+09 3.76174e+10 1.74668e+11 4.12015e+11 6.67179e+11 8.7364e+11 1.01904e+12 1.08418e+12 1.12001e+12 1.11186e+12 1.09378e+12 1.06913e+12 1.03678e+12 9.95647e+11 9.22094e+11 8.839e+11 8.57671e+11 8.16557e+11 7.82031e+11 7.65153e+11 7.48006e+11 7.64077e+11 7.51641e+11 7.45709e+11 0 0 0 0 0 0 0 0 0 0 0 0 0 0 0 0 0 0 0 0 0 0 0 0 0 0 0 0 0 0 0 0 
0 0 0 0 0 0 0 0 0 0 2.04923e+10 1.86511e+11 6.71038e+11 1.43677e+12 2.29119e+12 3.05652e+12 3.64241e+12 4.08554e+12 4.32777e+12 4.38134e+12 4.50829e+12 4.53552e+12 4.28194e+12 4.24137e+12 4.10741e+12 4.0573e+12 3.98459e+12 3.90729e+12 3.78171e+12 3.82379e+12 3.72402e+12 3.77423e+12 3.71959e+12 0 0 0 0 0 0 0 0 0 0 0 0 0 0 0 0 0 0 0 0 0 0 0 0 0 0 0 0 0 0 0 0 
0 0 0 0 0 0 0 0 0 0 5.28137e+09 1.31473e+11 7.85982e+11 2.40598e+12 4.814e+12 7.56994e+12 1.03112e+13 1.25656e+13 1.44274e+13 1.5787e+13 1.656e+13 1.69974e+13 1.72226e+13 1.74932e+13 1.7562e+13 1.71417e+13 1.7077e+13 1.66289e+13 1.67301e+13 1.68646e+13 1.67933e+13 1.67648e+13 1.70285e+13 0 0 0 0 0 0 0 0 0 0 0 0 0 0 0 0 0 0 0 0 0 0 0 0 0 0 0 0 0 0 0 0 
0 0 0 0 0 0 0 0 0 0 0 5.56933e+10 6.43894e+11 2.92824e+12 7.98093e+12 1.54902e+13 2.42855e+13 3.30607e+13 4.10946e+13 4.7922e+13 5.40412e+13 5.80158e+13 6.2385e+13 6.40265e+13 6.53906e+13 6.71281e+13 6.7356e+13 6.83849e+13 6.75407e+13 6.87151e+13 6.87336e+13 6.97708e+13 6.92117e+13 0 0 0 0 0 0 0 0 0 0 0 0 0 0 0 0 0 0 0 0 0 0 0 0 0 0 0 0 0 0 0 0 
0 0 0 0 0 0 0 0 0 0 0 1.163e+10 3.55737e+11 2.65566e+12 1.00481e+13 2.49403e+13 4.69177e+13 7.38479e+13 1.02095e+14 1.29244e+14 1.54234e+14 1.75146e+14 1.93199e+14 2.07841e+14 2.19703e+14 2.28086e+14 2.36206e+14 2.43234e+14 2.48992e+14 2.50709e+14 2.5743e+14 2.58962e+14 2.54561e+14 0 0 0 0 0 0 0 0 0 0 0 0 0 0 0 0 0 0 0 0 0 0 0 0 0 0 0 0 0 0 0 0 
0 0 0 0 0 0 0 0 0 0 0 0 1.21871e+11 1.71431e+12 9.54189e+12 3.15014e+13 7.37635e+13 1.36094e+14 2.13802e+14 2.98785e+14 3.81291e+14 4.65313e+14 5.37783e+14 6.11821e+14 6.65442e+14 7.15321e+14 7.56139e+14 7.74031e+14 8.08798e+14 8.35672e+14 8.35795e+14 8.45337e+14 8.50877e+14 0 0 0 0 0 0 0 0 0 0 0 0 0 0 0 0 0 0 0 0 0 0 0 0 0 0 0 0 0 0 0 0 
0 0 0 0 0 0 0 0 0 0 0 0 2.06724e+10 7.5264e+11 6.7969e+12 3.11702e+13 9.21135e+13 2.04513e+14 3.7175e+14 5.8378e+14 8.28662e+14 1.07588e+15 1.33242e+15 1.56044e+15 1.78636e+15 1.97205e+15 2.13785e+15 2.28642e+15 2.33581e+15 2.42176e+15 2.48553e+15 2.55444e+15 2.56421e+15 0 0 0 0 0 0 0 0 0 0 0 0 0 0 0 0 0 0 0 0 0 0 0 0 0 0 0 0 0 0 0 0 
0 0 0 0 0 0 0 0 0 0 0 0 0 2.14532e+11 3.53408e+12 2.32101e+13 9.1703e+13 2.52344e+14 5.38075e+14 9.5817e+14 1.49726e+15 2.14302e+15 2.81273e+15 3.49741e+15 4.17057e+15 4.82101e+15 5.34129e+15 5.78824e+15 6.29717e+15 6.53742e+15 6.71408e+15 6.81786e+15 6.89525e+15 0 0 0 0 0 0 0 0 0 0 0 0 0 0 0 0 0 0 0 0 0 0 0 0 0 0 0 0 0 0 0 0 
0 0 0 0 0 0 0 0 0 0 0 0 0 3.01038e+10 1.26998e+12 1.34273e+13 7.14149e+13 2.48376e+14 6.40409e+14 1.32878e+15 2.33879e+15 3.6406e+15 5.1671e+15 6.90314e+15 8.61901e+15 1.03208e+16 1.20386e+16 1.34981e+16 1.46021e+16 1.55872e+16 1.63303e+16 1.67184e+16 1.68216e+16 0 0 0 0 0 0 0 0 0 0 0 0 0 0 0 0 0 0 0 0 0 0 0 0 0 0 0 0 0 0 0 0 
0 0 0 0 0 0 0 0 0 0 0 0 0 0 3.0323e+11 5.66382e+12 4.30862e+13 1.94631e+14 6.16172e+14 1.51341e+15 3.05275e+15 5.27845e+15 8.25405e+15 1.16289e+16 1.55416e+16 1.94806e+16 2.33922e+16 2.70723e+16 3.01222e+16 3.28704e+16 3.48212e+16 3.61389e+16 3.63237e+16 0 0 0 0 0 0 0 0 0 0 0 0 0 0 0 0 0 0 0 0 0 0 0 0 0 0 0 0 0 0 0 0 
0 0 0 0 0 0 0 0 0 0 0 0 0 0 3.6374e+10 1.7199e+12 2.04553e+13 1.23851e+14 4.89144e+14 1.42045e+15 3.30024e+15 6.51937e+15 1.11018e+16 1.7165e+16 2.42212e+16 3.20913e+16 3.99043e+16 4.80161e+16 5.53578e+16 6.11598e+16 6.59604e+16 6.87007e+16 6.97389e+16 0 0 0 0 0 0 0 0 0 0 0 0 0 0 0 0 0 0 0 0 0 0 0 0 0 0 0 0 0 0 0 0 
0 0 0 0 0 0 0 0 0 0 0 0 0 0 0 3.44513e+11 7.18456e+12 6.1142e+13 3.10306e+14 1.09702e+15 3.01133e+15 6.67743e+15 1.2764e+16 2.15865e+16 3.27787e+16 4.63231e+16 6.12069e+16 7.51216e+16 8.84967e+16 1.0158e+17 1.09698e+17 1.14729e+17 1.17102e+17 0 0 0 0 0 0 0 0 0 0 0 0 0 0 0 0 0 0 0 0 0 0 0 0 0 0 0 0 0 0 0 0 
0 0 0 0 0 0 0 0 0 0 0 0 0 0 0 3.62261e+10 1.85597e+12 2.42929e+13 1.62191e+14 7.10709e+14 2.26989e+15 5.81289e+15 1.24565e+16 2.30011e+16 3.81552e+16 5.70856e+16 7.86052e+16 1.02818e+17 1.26167e+17 1.45011e+17 1.6167e+17 1.72325e+17 1.75524e+17 0 0 0 0 0 0 0 0 0 0 0 0 0 0 0 0 0 0 0 0 0 0 0 0 0 0 0 0 0 0 0 0 
0 0 0 0 0 0 0 0 0 0 0 0 0 0 0 0 3.18646e+11 7.22619e+12 6.69039e+13 3.70923e+14 1.44021e+15 4.28555e+15 1.03038e+16 2.11192e+16 3.78501e+16 6.05567e+16 8.93211e+16 1.20628e+17 1.54153e+17 1.82767e+17 2.07699e+17 2.24481e+17 2.29218e+17 0 0 0 0 0 0 0 0 0 0 0 0 0 0 0 0 0 0 0 0 0 0 0 0 0 0 0 0 0 0 0 0 
0 0 0 0 0 0 0 0 0 0 0 0 0 0 0 0 2.9925e+10 1.61999e+12 2.25203e+13 1.61449e+14 7.62102e+14 2.64352e+15 7.28295e+15 1.65577e+16 3.24696e+16 5.62282e+16 8.78278e+16 1.25598e+17 1.63551e+17 2.03684e+17 2.33237e+17 2.52457e+17 2.60939e+17 0 0 0 0 0 0 0 0 0 0 0 0 0 0 0 0 0 0 0 0 0 0 0 0 0 0 0 0 0 0 0 0 
0 0 0 0 0 0 0 0 0 0 0 0 0 0 0 0 0 2.41994e+11 5.74213e+12 5.70034e+13 3.34377e+14 1.37535e+15 4.34327e+15 1.11242e+16 2.39174e+16 4.49401e+16 7.44235e+16 1.11244e+17 1.5329e+17 1.93354e+17 2.29454e+17 2.54162e+17 2.61571e+17 0 0 0 0 0 0 0 0 0 0 0 0 0 0 0 0 0 0 0 0 0 0 0 0 0 0 0 0 0 0 0 0 
0 0 0 0 0 0 0 0 0 0 0 0 0 0 0 0 0 2.03807e+10 1.13655e+12 1.6282e+13 1.22964e+14 6.08985e+14 2.20962e+15 6.40519e+15 1.5275e+16 3.09305e+16 5.46797e+16 8.6738e+16 1.2453e+17 1.63129e+17 1.96734e+17 2.18423e+17 2.27081e+17 0 0 0 0 0 0 0 0 0 0 0 0 0 0 0 0 0 0 0 0 0 0 0 0 0 0 0 0 0 0 0 0 
0 0 0 0 0 0 0 0 0 0 0 0 0 0 0 0 0 0 1.52452e+11 3.66235e+12 3.7637e+13 2.29389e+14 9.74591e+14 3.16614e+15 8.33419e+15 1.84627e+16 3.53296e+16 5.89292e+16 8.82578e+16 1.20164e+17 1.47014e+17 1.66591e+17 1.73325e+17 0 0 0 0 0 0 0 0 0 0 0 0 0 0 0 0 0 0 0 0 0 0 0 0 0 0 0 0 0 0 0 0 
0 0 0 0 0 0 0 0 0 0 0 0 0 0 0 0 0 0 1.15355e+10 6.43218e+11 9.31391e+12 7.17798e+13 3.67274e+14 1.35901e+15 3.98958e+15 9.66424e+15 1.98195e+16 3.5445e+16 5.49532e+16 7.67296e+16 9.77614e+16 1.12255e+17 1.17647e+17 0 0 0 0 0 0 0 0 0 0 0 0 0 0 0 0 0 0 0 0 0 0 0 0 0 0 0 0 0 0 0 0 
0 0 0 0 0 0 0 0 0 0 0 0 0 0 0 0 0 0 0 7.89034e+10 1.87086e+12 1.93672e+13 1.18734e+14 5.13014e+14 1.67338e+15 4.42649e+15 9.70096e+15 1.83052e+16 3.06785e+16 4.39123e+16 5.73276e+16 6.68692e+16 7.01754e+16 0 0 0 0 0 0 0 0 0 0 0 0 0 0 0 0 0 0 0 0 0 0 0 0 0 0 0 0 0 0 0 0 
0 0 0 0 0 0 0 0 0 0 0 0 0 0 0 0 0 0 0 5.68698e+09 2.99478e+11 4.22215e+12 3.28847e+13 1.66031e+14 6.18001e+14 1.77308e+15 4.25635e+15 8.55353e+15 1.46392e+16 2.24134e+16 2.94807e+16 3.51646e+16 3.70195e+16 0 0 0 0 0 0 0 0 0 0 0 0 0 0 0 0 0 0 0 0 0 0 0 0 0 0 0 0 0 0 0 0 
0 0 0 0 0 0 0 0 0 0 0 0 0 0 0 0 0 0 0 0 3.3465e+10 7.73666e+11 7.75348e+12 4.73839e+13 2.00372e+14 6.45195e+14 1.66465e+15 3.54679e+15 6.37044e+15 1.00035e+16 1.36872e+16 1.64555e+16 1.76531e+16 0 0 0 0 0 0 0 0 0 0 0 0 0 0 0 0 0 0 0 0 0 0 0 0 0 0 0 0 0 0 0 0 
0 0 0 0 0 0 0 0 0 0 0 0 0 0 0 0 0 0 0 0 2.43431e+09 1.11969e+11 1.53087e+12 1.15252e+13 5.70718e+13 2.06085e+14 5.80974e+14 1.30908e+15 2.53505e+15 4.09078e+15 5.81493e+15 6.99073e+15 7.50167e+15 0 0 0 0 0 0 0 0 0 0 0 0 0 0 0 0 0 0 0 0 0 0 0 0 0 0 0 0 0 0 0 0 
0 0 0 0 0 0 0 0 0 0 0 0 0 0 0 0 0 0 0 0 0 1.19558e+10 2.61088e+11 2.44785e+12 1.43946e+13 5.91319e+13 1.78318e+14 4.48833e+14 8.88614e+14 1.50955e+15 2.14322e+15 2.71173e+15 2.84732e+15 0 0 0 0 0 0 0 0 0 0 0 0 0 0 0 0 0 0 0 0 0 0 0 0 0 0 0 0 0 0 0 0 
0 0 0 0 0 0 0 0 0 0 0 0 0 0 0 0 0 0 0 0 0 9.26198e+08 3.54281e+10 4.59437e+11 3.18185e+12 1.46987e+13 5.05294e+13 1.35081e+14 2.8432e+14 5.06287e+14 7.46178e+14 9.26796e+14 1.02265e+15 0 0 0 0 0 0 0 0 0 0 0 0 0 0 0 0 0 0 0 0 0 0 0 0 0 0 0 0 0 0 0 0 
0 0 0 0 0 0 0 0 0 0 0 0 0 0 0 0 0 0 0 0 0 0 3.67172e+09 7.16205e+10 6.25557e+11 3.38182e+12 1.30055e+13 3.61556e+13 8.45851e+13 1.52669e+14 2.34139e+14 3.04423e+14 3.26216e+14 0 0 0 0 0 0 0 0 0 0 0 0 0 0 0 0 0 0 0 0 0 0 0 0 0 0 0 0 0 0 0 0 
0 0 0 0 0 0 0 0 0 0 0 0 0 0 0 0 0 0 0 0 0 0 3.32e+08 9.38331e+09 1.08695e+11 6.80544e+11 2.93457e+12 9.2982e+12 2.25986e+13 4.29899e+13 6.7344e+13 8.69912e+13 9.60112e+13 0 0 0 0 0 0 0 0 0 0 0 0 0 0 0 0 0 0 0 0 0 0 0 0 0 0 0 0 0 0 0 0 
0 0 0 0 0 0 0 0 0 0 0 0 0 0 0 0 0 0 0 0 0 0 0 9.5299e+08 1.66683e+10 1.26351e+11 6.22194e+11 2.12616e+12 5.44485e+12 1.11482e+13 1.80569e+13 2.39827e+13 2.65369e+13 0 0 0 0 0 0 0 0 0 0 0 0 0 0 0 0 0 0 0 0 0 0 0 0 0 0 0 0 0 0 0 0 
0 0 0 0 0 0 0 0 0 0 0 0 0 0 0 0 0 0 0 0 0 0 0 1.07308e+08 2.1392e+09 2.1435e+10 1.16868e+11 4.49549e+11 1.26319e+12 2.76313e+12 4.53519e+12 6.29881e+12 6.84659e+12 0 0 0 0 0 0 0 0 0 0 0 0 0 0 0 0 0 0 0 0 0 0 0 0 0 0 0 0 0 0 0 0 
0 0 0 0 0 0 0 0 0 0 0 0 0 0 0 0 0 0 0 0 0 0 0 0 2.28283e+08 3.1989e+09 2.08696e+10 8.79902e+10 2.69472e+11 6.01439e+11 1.06533e+12 1.48779e+12 1.63112e+12 0 0 0 0 0 0 0 0 0 0 0 0 0 0 0 0 0 0 0 0 0 0 0 0 0 0 0 0 0 0 0 0 
0 0 0 0 0 0 0 0 0 0 0 0 0 0 0 0 0 0 0 0 0 0 0 0 3.16023e+07 4.35328e+08 3.5782e+09 1.67467e+10 5.17735e+10 1.28414e+11 2.31035e+11 3.30709e+11 3.74954e+11 0 0 0 0 0 0 0 0 0 0 0 0 0 0 0 0 0 0 0 0 0 0 0 0 0 0 0 0 0 0 0 0 
0 0 0 0 0 0 0 0 0 0 0 0 0 0 0 0 0 0 0 0 0 0 0 0 0 4.58504e+07 5.25693e+08 2.98257e+09 1.01447e+10 2.57587e+10 4.80512e+10 7.30902e+10 8.0288e+10 0 0 0 0 0 0 0 0 0 0 0 0 0 0 0 0 0 0 0 0 0 0 0 0 0 0 0 0 0 0 0 0 
0 0 0 0 0 0 0 0 0 0 0 0 0 0 0 0 0 0 0 0 0 0 0 0 0 8.41884e+06 7.92112e+07 4.86377e+08 1.93103e+09 4.89526e+09 9.92699e+09 1.47098e+10 1.64509e+10 0 0 0 0 0 0 0 0 0 0 0 0 0 0 0 0 0 0 0 0 0 0 0 0 0 0 0 0 0 0 0 0 
0 0 0 0 0 0 0 0 0 0 0 0 0 0 0 0 0 0 0 0 0 0 0 0 0 0 7.92117e+06 7.88849e+07 3.46148e+08 9.30821e+08 1.97632e+09 2.95339e+09 3.35599e+09 0 0 0 0 0 0 0 0 0 0 0 0 0 0 0 0 0 0 0 0 0 0 0 0 0 0 0 0 0 0 0 0 
0 0 0 0 0 0 0 0 0 0 0 0 0 0 0 0 0 0 0 0 0 0 0 0 0 0 2.04902e+06 1.27462e+07 5.64433e+07 1.84257e+08 3.64167e+08 5.98876e+08 6.92766e+08 0 0 0 0 0 0 0 0 0 0 0 0 0 0 0 0 0 0 0 0 0 0 0 0 0 0 0 0 0 0 0 0 
0 0 0 0 0 0 0 0 0 0 0 0 0 0 0 0 0 0 0 0 0 0 0 0 0 0 0 1.08807e+06 1.02785e+07 3.27476e+07 7.40209e+07 1.17732e+08 1.3175e+08 0 0 0 0 0 0 0 0 0 0 0 0 0 0 0 0 0 0 0 0 0 0 0 0 0 0 0 0 0 0 0 0 
0 0 0 0 0 0 0 0 0 0 0 0 0 0 0 0 0 0 0 0 0 0 0 0 0 0 0 423691 1.69399e+06 5.63452e+06 1.47009e+07 2.18999e+07 2.83405e+07 0 0 0 0 0 0 0 0 0 0 0 0 0 0 0 0 0 0 0 0 0 0 0 0 0 0 0 0 0 0 0 0 
0 0 0 0 0 0 0 0 0 0 0 0 0 0 0 0 0 0 0 0 0 0 0 0 0 0 0 0 112179 1.19313e+06 2.47341e+06 4.57033e+06 4.99386e+06 0 0 0 0 0 0 0 0 0 0 0 0 0 0 0 0 0 0 0 0 0 0 0 0 0 0 0 0 0 0 0 0 
0 0 0 0 0 0 0 0 0 0 0 0 0 0 0 0 0 0 0 0 0 0 0 0 0 0 0 0 72874.9 171246 459914 925235 925036 0 0 0 0 0 0 0 0 0 0 0 0 0 0 0 0 0 0 0 0 0 0 0 0 0 0 0 0 0 0 0 0 
0 0 0 0 0 0 0 0 0 0 0 0 0 0 0 0 0 0 0 0 0 0 0 0 0 0 0 0 0 7740.23 107347 113695 229072 0 0 0 0 0 0 0 0 0 0 0 0 0 0 0 0 0 0 0 0 0 0 0 0 0 0 0 0 0 0 0 0 
0 0 0 0 0 0 0 0 0 0 0 0 0 0 0 0 0 0 0 0 0 0 0 0 0 0 0 0 0 9858.21 11508.5 31955.5 36325.7 0 0 0 0 0 0 0 0 0 0 0 0 0 0 0 0 0 0 0 0 0 0 0 0 0 0 0 0 0 0 0 0 
0 0 0 0 0 0 0 0 0 0 0 0 0 0 0 0 0 0 0 0 0 0 0 0 0 0 0 0 0 0 264.568 6993.86 2006.22 0 0 0 0 0 0 0 0 0 0 0 0 0 0 0 0 0 0 0 0 0 0 0 0 0 0 0 0 0 0 0 0 
0 0 0 0 0 0 0 0 0 0 0 0 0 0 0 0 0 0 0 0 0 0 0 0 0 0 0 0 0 0 973.005 381.273 1891.23 0 0 0 0 0 0 0 0 0 0 0 0 0 0 0 0 0 0 0 0 0 0 0 0 0 0 0 0 0 0 0 0 
0 0 0 0 0 0 0 0 0 0 0 0 0 0 0 0 0 0 0 0 0 0 0 0 0 0 0 0 0 0 0 0 235.154 0 0 0 0 0 0 0 0 0 0 0 0 0 0 0 0 0 0 0 0 0 0 0 0 0 0 0 0 0 0 0 0 
0 0 0 0 0 0 0 0 0 0 0 0 0 0 0 0 0 0 0 0 0 0 0 0 0 0 0 0 0 0 0 62.7745 0 0 0 0 0 0 0 0 0 0 0 0 0 0 0 0 0 0 0 0 0 0 0 0 0 0 0 0 0 0 0 0 0 
0 0 0 0 0 0 0 0 0 0 0 0 0 0 0 0 0 0 0 0 0 0 0 0 0 0 0 0 0 0 0 0 0 0 0 0 0 0 0 0 0 0 0 0 0 0 0 0 0 0 0 0 0 0 0 0 0 0 0 0 0 0 0 0 0 
0 0 0 0 0 0 0 0 0 0 0 0 0 0 0 0 0 0 0 0 0 0 0 0 0 0 0 0 0 0 0 0 1.9617 0 0 0 0 0 0 0 0 0 0 0 0 0 0 0 0 0 0 0 0 0 0 0 0 0 0 0 0 0 0 0 0 
