1 0 0 0 0 0 0 0 0 0 0 0 0 0 0 0 0 0 0 0 0 0 0 0 0 0 0 0 0 0 0 0 0 0 0 0 0 0 0 0 0 0 0 0 0 0 0 0 0 0 0 0 0 0 0 0 0 0 0 0 0 0 0 0 0 
0 0 0 0 0 0 0 0 0 0 0 0 0 0 0 0 0 0 0 0 0 0 0 0 0 0 0 0 0 0 0 0 0 0 0 0 0 0 0 0 0 0 0 0 0 0 0 0 0 0 0 0 0 0 0 0 0 0 0 0 0 0 0 0 0 
0 64 0 0 0 0 0 0 0 0 0 0 0 0 0 0 0 0 0 0 0 0 0 0 0 0 0 0 0 0 0 0 0 0 0 0 0 0 0 0 0 0 0 0 0 0 0 0 0 0 0 0 0 0 0 0 0 0 0 0 0 0 0 0 0 
0 0 128 0 0 0 0 0 0 0 0 0 0 0 0 0 0 0 0 0 0 0 0 0 0 0 0 0 0 0 0 0 0 0 0 0 0 0 0 0 0 0 0 0 0 0 0 0 0 0 0 0 0 0 0 0 0 0 0 0 0 0 0 0 0 
0 0 1888 373.685 62.5923 0 0 0 0 0 0 0 0 0 0 0 0 0 0 0 0 0 0 0 0 0 0 0 0 0 0 0 0 0 0 0 0 0 0 0 0 0 0 0 0 0 0 0 0 0 0 0 0 0 0 0 0 0 0 0 0 0 0 0 0 
0 0 0 7188.63 1094.38 477.753 121.56 0 0 0 0 0 0 0 0 0 0 0 0 0 0 0 0 0 0 0 0 0 0 0 0 0 0 0 0 0 0 0 0 0 0 0 0 0 0 0 0 0 0 0 0 0 0 0 0 0 0 0 0 0 0 0 0 0 0 
0 0 0 34101.7 27301.3 6800.14 2454.59 1325.99 356.468 68.8302 0 0 0 0 0 0 0 0 0 0 0 0 0 0 0 0 0 0 0 0 0 0 0 0 0 0 0 0 0 0 0 0 0 0 0 0 0 0 0 0 0 0 0 0 0 0 0 0 0 0 0 0 0 0 0 
0 0 0 0 183912 96853.9 43338.6 16530.9 8415.66 4438.5 2064.32 421.843 123.27 0 0 0 0 0 0 0 0 0 0 0 0 0 0 0 0 0 0 0 0 0 0 0 0 0 0 0 0 0 0 0 0 0 0 0 0 0 0 0 0 0 0 0 0 0 0 0 0 0 0 0 0 
0 0 0 0 423006 825755 405708 217615 117117 58653 32083.5 19683.9 9569.3 4616.98 1148.83 498.515 62.5804 0 0 0 0 0 0 0 17.3252 0 0 0 0 0 0 0 14.6874 0 0 0 0 0 0 0 0 0 0 0 0 0 0 0 0 0 0 0 0 0 0 0 0 0 0 0 0 0 0 0 0 
0 0 0 0 0 2.8693e+06 3.34555e+06 1.96917e+06 1.14415e+06 714887 413812 253125 159473 98797.6 59705.2 25976.7 12305.6 4941.87 2218.7 637.373 434.83 388.08 215.259 269.21 0 223.214 275.944 231.671 291.296 330.04 235.902 229.48 0 0 0 0 0 0 0 0 0 0 0 0 0 0 0 0 0 0 0 0 0 0 0 0 0 0 0 0 0 0 0 0 0 
0 0 0 0 0 3.82533e+06 1.45279e+07 1.35101e+07 9.42616e+06 6.00825e+06 3.8599e+06 2.63924e+06 1.73416e+06 1.15544e+06 755777 513914 319359 217783 108581 62266.5 30906 18956.8 14283.7 9773.07 9543.28 10164.2 8109.7 8751.24 11024.1 8931.34 9560.68 8908.07 11049.6 0 0 0 0 0 0 0 0 0 0 0 0 0 0 0 0 0 0 0 0 0 0 0 0 0 0 0 0 0 0 0 0 
0 0 0 0 0 0 3.04567e+07 6.37496e+07 5.76149e+07 4.30022e+07 3.19038e+07 2.28423e+07 1.5735e+07 1.13442e+07 8.02398e+06 5.68435e+06 4.18861e+06 2.93932e+06 1.93286e+06 1.30862e+06 929147 738103 489499 336775 233518 258752 246431 242496 230238 234433 200602 199169 204038 0 0 0 0 0 0 0 0 0 0 0 0 0 0 0 0 0 0 0 0 0 0 0 0 0 0 0 0 0 0 0 0 
0 0 0 0 0 0 2.61926e+07 1.6903e+08 2.62304e+08 2.49435e+08 1.98739e+08 1.52356e+08 1.18755e+08 8.85811e+07 6.90079e+07 5.19696e+07 4.04956e+07 3.03422e+07 2.33097e+07 1.74578e+07 1.30772e+07 1.03039e+07 7.92936e+06 6.36398e+06 5.55595e+06 4.48185e+06 3.80969e+06 3.64178e+06 3.70365e+06 3.06184e+06 3.01254e+06 3.2228e+06 3.19221e+06 0 0 0 0 0 0 0 0 0 0 0 0 0 0 0 0 0 0 0 0 0 0 0 0 0 0 0 0 0 0 0 0 
0 0 0 0 0 0 0 2.33662e+08 7.86765e+08 1.06243e+09 1.04291e+09 8.95967e+08 7.39166e+08 6.07737e+08 5.06871e+08 4.02954e+08 3.19702e+08 2.48722e+08 1.97601e+08 1.50773e+08 1.25697e+08 1.04074e+08 9.02633e+07 7.76339e+07 6.60157e+07 5.50719e+07 5.3049e+07 4.8754e+07 4.03601e+07 3.74446e+07 3.64969e+07 3.64538e+07 3.84014e+07 0 0 0 0 0 0 0 0 0 0 0 0 0 0 0 0 0 0 0 0 0 0 0 0 0 0 0 0 0 0 0 0 
0 0 0 0 0 0 0 1.39061e+08 1.38174e+09 3.29797e+09 4.29204e+09 4.35143e+09 3.9491e+09 3.40971e+09 2.9501e+09 2.53666e+09 2.1209e+09 1.77833e+09 1.47307e+09 1.2561e+09 1.06009e+09 9.09667e+08 7.90129e+08 7.05025e+08 5.91734e+08 5.19238e+08 4.90595e+08 4.53382e+08 4.06715e+08 3.66359e+08 3.88038e+08 3.61077e+08 3.64823e+08 0 0 0 0 0 0 0 0 0 0 0 0 0 0 0 0 0 0 0 0 0 0 0 0 0 0 0 0 0 0 0 0 
0 0 0 0 0 0 0 0 1.34208e+09 6.6711e+09 1.31918e+10 1.68943e+10 1.80113e+10 1.71864e+10 1.5438e+10 1.40052e+10 1.21392e+10 1.09355e+10 9.47198e+09 8.05275e+09 7.21334e+09 6.37532e+09 5.63937e+09 5.01772e+09 4.43766e+09 4.18388e+09 3.76952e+09 3.41244e+09 3.2233e+09 3.15881e+09 2.94811e+09 2.90636e+09 2.88011e+09 0 0 0 0 0 0 0 0 0 0 0 0 0 0 0 0 0 0 0 0 0 0 0 0 0 0 0 0 0 0 0 0 
0 0 0 0 0 0 0 0 5.84958e+08 8.32499e+09 2.82848e+10 5.03314e+10 6.4088e+10 7.10563e+10 7.18294e+10 6.60719e+10 6.19609e+10 5.72666e+10 5.14697e+10 4.68008e+10 4.217e+10 3.8517e+10 3.65749e+10 3.2828e+10 2.97787e+10 2.72775e+10 2.48801e+10 2.37422e+10 2.273e+10 2.22501e+10 2.15297e+10 2.13996e+10 2.08016e+10 0 0 0 0 0 0 0 0 0 0 0 0 0 0 0 0 0 0 0 0 0 0 0 0 0 0 0 0 0 0 0 0 
0 0 0 0 0 0 0 0 0 5.92981e+09 4.0867e+10 1.11905e+11 1.86994e+11 2.4046e+11 2.74371e+11 2.88056e+11 2.83354e+11 2.73931e+11 2.61681e+11 2.41258e+11 2.2859e+11 2.13346e+11 1.94449e+11 1.87174e+11 1.72161e+11 1.63099e+11 1.54162e+11 1.47642e+11 1.38119e+11 1.33115e+11 1.30222e+11 1.31735e+11 1.3436e+11 0 0 0 0 0 0 0 0 0 0 0 0 0 0 0 0 0 0 0 0 0 0 0 0 0 0 0 0 0 0 0 0 
0 0 0 0 0 0 0 0 0 1.95506e+09 3.7822e+10 1.73585e+11 4.13957e+11 6.66232e+11 8.78042e+11 1.01372e+12 1.10181e+12 1.11732e+12 1.14465e+12 1.12231e+12 1.05115e+12 1.01776e+12 9.82502e+11 9.32326e+11 9.03589e+11 8.62375e+11 8.36878e+11 7.95215e+11 7.70324e+11 7.51706e+11 7.41564e+11 7.3583e+11 7.31509e+11 0 0 0 0 0 0 0 0 0 0 0 0 0 0 0 0 0 0 0 0 0 0 0 0 0 0 0 0 0 0 0 0 
0 0 0 0 0 0 0 0 0 0 2.04644e+10 1.85848e+11 6.67815e+11 1.44589e+12 2.27917e+12 3.05274e+12 3.62614e+12 4.06567e+12 4.21894e+12 4.48146e+12 4.52554e+12 4.44177e+12 4.41317e+12 4.20666e+12 4.18048e+12 4.04586e+12 3.92576e+12 3.91751e+12 3.79568e+12 3.67676e+12 3.66936e+12 3.69862e+12 3.75708e+12 0 0 0 0 0 0 0 0 0 0 0 0 0 0 0 0 0 0 0 0 0 0 0 0 0 0 0 0 0 0 0 0 
0 0 0 0 0 0 0 0 0 0 5.27338e+09 1.3232e+11 7.82761e+11 2.3912e+12 4.85718e+12 7.63646e+12 1.02535e+13 1.24176e+13 1.42495e+13 1.5433e+13 1.64293e+13 1.69419e+13 1.71803e+13 1.75819e+13 1.70257e+13 1.70996e+13 1.70691e+13 1.69801e+13 1.68091e+13 1.70133e+13 1.71262e+13 1.7117e+13 1.64588e+13 0 0 0 0 0 0 0 0 0 0 0 0 0 0 0 0 0 0 0 0 0 0 0 0 0 0 0 0 0 0 0 0 
0 0 0 0 0 0 0 0 0 0 0 5.57024e+10 6.47439e+11 2.93779e+12 7.93184e+12 1.54694e+13 2.43418e+13 3.33013e+13 4.10175e+13 4.79469e+13 5.42541e+13 5.80586e+13 6.14414e+13 6.35987e+13 6.54103e+13 6.54967e+13 6.73134e+13 6.82168e+13 6.82712e+13 6.77958e+13 6.77497e+13 6.60084e+13 6.76968e+13 0 0 0 0 0 0 0 0 0 0 0 0 0 0 0 0 0 0 0 0 0 0 0 0 0 0 0 0 0 0 0 0 
0 0 0 0 0 0 0 0 0 0 0 1.15842e+10 3.55621e+11 2.64387e+12 1.00577e+13 2.48801e+13 4.70873e+13 7.40958e+13 1.02385e+14 1.29414e+14 1.51614e+14 1.74943e+14 1.92666e+14 2.09779e+14 2.20946e+14 2.28811e+14 2.35588e+14 2.43581e+14 2.50136e+14 2.49278e+14 2.52016e+14 2.52025e+14 2.53647e+14 0 0 0 0 0 0 0 0 0 0 0 0 0 0 0 0 0 0 0 0 0 0 0 0 0 0 0 0 0 0 0 0 
0 0 0 0 0 0 0 0 0 0 0 0 1.21954e+11 1.71891e+12 9.53761e+12 3.1554e+13 7.37008e+13 1.35147e+14 2.13341e+14 2.96447e+14 3.86751e+14 4.65258e+14 5.42744e+14 5.98908e+14 6.58737e+14 7.1187e+14 7.51128e+14 7.79649e+14 8.01829e+14 8.19122e+14 8.22438e+14 8.34092e+14 8.41279e+14 0 0 0 0 0 0 0 0 0 0 0 0 0 0 0 0 0 0 0 0 0 0 0 0 0 0 0 0 0 0 0 0 
0 0 0 0 0 0 0 0 0 0 0 0 2.07482e+10 7.55151e+11 6.80749e+12 3.10285e+13 9.18007e+13 2.05609e+14 3.71488e+14 5.89318e+14 8.18969e+14 1.07847e+15 1.3228e+15 1.55787e+15 1.75758e+15 1.9579e+15 2.10702e+15 2.24974e+15 2.35567e+15 2.42978e+15 2.51513e+15 2.54418e+15 2.53829e+15 0 0 0 0 0 0 0 0 0 0 0 0 0 0 0 0 0 0 0 0 0 0 0 0 0 0 0 0 0 0 0 0 
0 0 0 0 0 0 0 0 0 0 0 0 0 2.15007e+11 3.52287e+12 2.33554e+13 9.1909e+13 2.51179e+14 5.38881e+14 9.5971e+14 1.51319e+15 2.13727e+15 2.80566e+15 3.48059e+15 4.15565e+15 4.78386e+15 5.34779e+15 5.79173e+15 6.19185e+15 6.53973e+15 6.75374e+15 6.90643e+15 6.95466e+15 0 0 0 0 0 0 0 0 0 0 0 0 0 0 0 0 0 0 0 0 0 0 0 0 0 0 0 0 0 0 0 0 
0 0 0 0 0 0 0 0 0 0 0 0 0 2.99924e+10 1.28011e+12 1.33801e+13 7.1236e+13 2.48527e+14 6.38237e+14 1.32051e+15 2.33202e+15 3.63328e+15 5.16326e+15 6.88035e+15 8.62889e+15 1.02138e+16 1.18957e+16 1.33052e+16 1.45659e+16 1.55326e+16 1.6206e+16 1.65516e+16 1.68206e+16 0 0 0 0 0 0 0 0 0 0 0 0 0 0 0 0 0 0 0 0 0 0 0 0 0 0 0 0 0 0 0 0 
0 0 0 0 0 0 0 0 0 0 0 0 0 0 3.02345e+11 5.67013e+12 4.34741e+13 1.96231e+14 6.20651e+14 1.51396e+15 3.0467e+15 5.29333e+15 8.32307e+15 1.17181e+16 1.54313e+16 1.95629e+16 2.3367e+16 2.69346e+16 3.00964e+16 3.27261e+16 3.50065e+16 3.61769e+16 3.6036e+16 0 0 0 0 0 0 0 0 0 0 0 0 0 0 0 0 0 0 0 0 0 0 0 0 0 0 0 0 0 0 0 0 
0 0 0 0 0 0 0 0 0 0 0 0 0 0 3.6158e+10 1.72847e+12 2.02033e+13 1.22749e+14 4.87392e+14 1.41726e+15 3.30611e+15 6.51387e+15 1.10133e+16 1.71841e+16 2.43679e+16 3.21612e+16 4.04475e+16 4.82796e+16 5.52639e+16 6.13385e+16 6.53216e+16 6.79986e+16 6.97594e+16 0 0 0 0 0 0 0 0 0 0 0 0 0 0 0 0 0 0 0 0 0 0 0 0 0 0 0 0 0 0 0 0 
0 0 0 0 0 0 0 0 0 0 0 0 0 0 0 3.43043e+11 7.21384e+12 6.13425e+13 3.10617e+14 1.10769e+15 2.9942e+15 6.67787e+15 1.28203e+16 2.15007e+16 3.30002e+16 4.63767e+16 6.05211e+16 7.55663e+16 8.92713e+16 1.00767e+17 1.0988e+17 1.15945e+17 1.17532e+17 0 0 0 0 0 0 0 0 0 0 0 0 0 0 0 0 0 0 0 0 0 0 0 0 0 0 0 0 0 0 0 0 
0 0 0 0 0 0 0 0 0 0 0 0 0 0 0 3.57988e+10 1.87077e+12 2.41204e+13 1.61174e+14 7.07904e+14 2.28701e+15 5.81783e+15 1.24208e+16 2.30127e+16 3.80421e+16 5.66414e+16 7.87495e+16 1.01601e+17 1.25151e+17 1.4575e+17 1.62559e+17 1.72416e+17 1.75354e+17 0 0 0 0 0 0 0 0 0 0 0 0 0 0 0 0 0 0 0 0 0 0 0 0 0 0 0 0 0 0 0 0 
0 0 0 0 0 0 0 0 0 0 0 0 0 0 0 0 3.18689e+11 7.24144e+12 6.71766e+13 3.7027e+14 1.44474e+15 4.27238e+15 1.03123e+16 2.11847e+16 3.77763e+16 6.14744e+16 8.94669e+16 1.21794e+17 1.53924e+17 1.83618e+17 2.0712e+17 2.22971e+17 2.28646e+17 0 0 0 0 0 0 0 0 0 0 0 0 0 0 0 0 0 0 0 0 0 0 0 0 0 0 0 0 0 0 0 0 
0 0 0 0 0 0 0 0 0 0 0 0 0 0 0 0 2.93326e+10 1.62014e+12 2.2322e+13 1.60945e+14 7.57149e+14 2.66218e+15 7.2921e+15 1.65049e+16 3.24371e+16 5.61392e+16 8.81942e+16 1.25561e+17 1.64278e+17 2.02665e+17 2.33975e+17 2.54298e+17 2.61691e+17 0 0 0 0 0 0 0 0 0 0 0 0 0 0 0 0 0 0 0 0 0 0 0 0 0 0 0 0 0 0 0 0 
0 0 0 0 0 0 0 0 0 0 0 0 0 0 0 0 0 2.42566e+11 5.77253e+12 5.63824e+13 3.32622e+14 1.3715e+15 4.34208e+15 1.1124e+16 2.38357e+16 4.43185e+16 7.43805e+16 1.11109e+17 1.53837e+17 1.94617e+17 2.27638e+17 2.52847e+17 2.60958e+17 0 0 0 0 0 0 0 0 0 0 0 0 0 0 0 0 0 0 0 0 0 0 0 0 0 0 0 0 0 0 0 0 
0 0 0 0 0 0 0 0 0 0 0 0 0 0 0 0 0 1.98081e+10 1.13312e+12 1.63763e+13 1.23605e+14 6.06288e+14 2.22346e+15 6.43833e+15 1.53049e+16 3.10096e+16 5.47374e+16 8.71123e+16 1.24526e+17 1.6222e+17 1.9775e+17 2.1765e+17 2.27688e+17 0 0 0 0 0 0 0 0 0 0 0 0 0 0 0 0 0 0 0 0 0 0 0 0 0 0 0 0 0 0 0 0 
0 0 0 0 0 0 0 0 0 0 0 0 0 0 0 0 0 0 1.51636e+11 3.68438e+12 3.6897e+13 2.25862e+14 9.66427e+14 3.14308e+15 8.43845e+15 1.86125e+16 3.48069e+16 5.86361e+16 8.78481e+16 1.19707e+17 1.47856e+17 1.68872e+17 1.73764e+17 0 0 0 0 0 0 0 0 0 0 0 0 0 0 0 0 0 0 0 0 0 0 0 0 0 0 0 0 0 0 0 0 
0 0 0 0 0 0 0 0 0 0 0 0 0 0 0 0 0 0 1.12851e+10 6.37795e+11 9.37625e+12 7.26216e+13 3.61094e+14 1.36181e+15 3.94607e+15 9.65139e+15 1.99503e+16 3.50971e+16 5.51057e+16 7.7119e+16 9.70845e+16 1.119e+17 1.16978e+17 0 0 0 0 0 0 0 0 0 0 0 0 0 0 0 0 0 0 0 0 0 0 0 0 0 0 0 0 0 0 0 0 
0 0 0 0 0 0 0 0 0 0 0 0 0 0 0 0 0 0 0 7.90812e+10 1.9025e+12 1.91652e+13 1.18616e+14 5.07331e+14 1.67195e+15 4.39556e+15 9.76069e+15 1.84057e+16 3.01399e+16 4.39263e+16 5.70995e+16 6.60985e+16 7.04618e+16 0 0 0 0 0 0 0 0 0 0 0 0 0 0 0 0 0 0 0 0 0 0 0 0 0 0 0 0 0 0 0 0 
0 0 0 0 0 0 0 0 0 0 0 0 0 0 0 0 0 0 0 5.48042e+09 2.93791e+11 4.25746e+12 3.29155e+13 1.657e+14 6.13289e+14 1.78835e+15 4.27587e+15 8.60177e+15 1.48148e+16 2.23949e+16 2.97062e+16 3.53003e+16 3.6884e+16 0 0 0 0 0 0 0 0 0 0 0 0 0 0 0 0 0 0 0 0 0 0 0 0 0 0 0 0 0 0 0 0 
0 0 0 0 0 0 0 0 0 0 0 0 0 0 0 0 0 0 0 0 3.34386e+10 7.90125e+11 7.78582e+12 4.71912e+13 1.98914e+14 6.41901e+14 1.65145e+15 3.54006e+15 6.45008e+15 1.00235e+16 1.37275e+16 1.64045e+16 1.75647e+16 0 0 0 0 0 0 0 0 0 0 0 0 0 0 0 0 0 0 0 0 0 0 0 0 0 0 0 0 0 0 0 0 
0 0 0 0 0 0 0 0 0 0 0 0 0 0 0 0 0 0 0 0 2.34589e+09 1.12247e+11 1.57056e+12 1.16833e+13 5.69572e+13 2.03981e+14 5.77319e+14 1.31426e+15 2.52595e+15 4.07322e+15 5.71178e+15 6.9739e+15 7.44205e+15 0 0 0 0 0 0 0 0 0 0 0 0 0 0 0 0 0 0 0 0 0 0 0 0 0 0 0 0 0 0 0 0 
0 0 0 0 0 0 0 0 0 0 0 0 0 0 0 0 0 0 0 0 0 1.19502e+10 2.6251e+11 2.47912e+12 1.44363e+13 5.80299e+13 1.78231e+14 4.45092e+14 8.89788e+14 1.50278e+15 2.14399e+15 2.7028e+15 2.89707e+15 0 0 0 0 0 0 0 0 0 0 0 0 0 0 0 0 0 0 0 0 0 0 0 0 0 0 0 0 0 0 0 0 
0 0 0 0 0 0 0 0 0 0 0 0 0 0 0 0 0 0 0 0 0 8.84514e+08 3.58848e+10 4.54717e+11 3.2397e+12 1.48177e+13 5.00198e+13 1.31365e+14 2.80304e+14 5.02989e+14 7.46037e+14 9.38706e+14 1.01171e+15 0 0 0 0 0 0 0 0 0 0 0 0 0 0 0 0 0 0 0 0 0 0 0 0 0 0 0 0 0 0 0 0 
0 0 0 0 0 0 0 0 0 0 0 0 0 0 0 0 0 0 0 0 0 0 3.65419e+09 7.24337e+10 6.27798e+11 3.39514e+12 1.27349e+13 3.69186e+13 8.3751e+13 1.49604e+14 2.33659e+14 3.00606e+14 3.26728e+14 0 0 0 0 0 0 0 0 0 0 0 0 0 0 0 0 0 0 0 0 0 0 0 0 0 0 0 0 0 0 0 0 
0 0 0 0 0 0 0 0 0 0 0 0 0 0 0 0 0 0 0 0 0 0 3.11751e+08 9.56544e+09 1.10086e+11 7.13664e+11 2.97669e+12 9.07391e+12 2.2164e+13 4.32616e+13 6.7036e+13 8.78247e+13 9.63949e+13 0 0 0 0 0 0 0 0 0 0 0 0 0 0 0 0 0 0 0 0 0 0 0 0 0 0 0 0 0 0 0 0 
0 0 0 0 0 0 0 0 0 0 0 0 0 0 0 0 0 0 0 0 0 0 0 9.82195e+08 1.66056e+10 1.26905e+11 6.20061e+11 2.11178e+12 5.44357e+12 1.09437e+13 1.81435e+13 2.38581e+13 2.63491e+13 0 0 0 0 0 0 0 0 0 0 0 0 0 0 0 0 0 0 0 0 0 0 0 0 0 0 0 0 0 0 0 0 
0 0 0 0 0 0 0 0 0 0 0 0 0 0 0 0 0 0 0 0 0 0 0 1.01793e+08 2.18903e+09 2.17314e+10 1.22313e+11 4.58336e+11 1.25637e+12 2.65973e+12 4.43769e+12 6.16368e+12 6.65947e+12 0 0 0 0 0 0 0 0 0 0 0 0 0 0 0 0 0 0 0 0 0 0 0 0 0 0 0 0 0 0 0 0 
0 0 0 0 0 0 0 0 0 0 0 0 0 0 0 0 0 0 0 0 0 0 0 0 2.26746e+08 3.20307e+09 2.11392e+10 8.80968e+10 2.68416e+11 6.04281e+11 1.0575e+12 1.44318e+12 1.64651e+12 0 0 0 0 0 0 0 0 0 0 0 0 0 0 0 0 0 0 0 0 0 0 0 0 0 0 0 0 0 0 0 0 
0 0 0 0 0 0 0 0 0 0 0 0 0 0 0 0 0 0 0 0 0 0 0 0 3.00163e+07 4.46404e+08 3.53484e+09 1.63587e+10 5.38934e+10 1.27263e+11 2.32807e+11 3.26185e+11 3.6287e+11 0 0 0 0 0 0 0 0 0 0 0 0 0 0 0 0 0 0 0 0 0 0 0 0 0 0 0 0 0 0 0 0 
0 0 0 0 0 0 0 0 0 0 0 0 0 0 0 0 0 0 0 0 0 0 0 0 0 4.58413e+07 5.537e+08 2.88503e+09 1.01642e+10 2.59032e+10 4.9264e+10 7.12085e+10 7.95242e+10 0 0 0 0 0 0 0 0 0 0 0 0 0 0 0 0 0 0 0 0 0 0 0 0 0 0 0 0 0 0 0 0 
0 0 0 0 0 0 0 0 0 0 0 0 0 0 0 0 0 0 0 0 0 0 0 0 0 8.40098e+06 8.24326e+07 4.86654e+08 1.92955e+09 5.04399e+09 9.77801e+09 1.51431e+10 1.68062e+10 0 0 0 0 0 0 0 0 0 0 0 0 0 0 0 0 0 0 0 0 0 0 0 0 0 0 0 0 0 0 0 0 
0 0 0 0 0 0 0 0 0 0 0 0 0 0 0 0 0 0 0 0 0 0 0 0 0 0 7.85278e+06 8.11412e+07 3.39619e+08 9.82144e+08 2.02746e+09 3.034e+09 3.45e+09 0 0 0 0 0 0 0 0 0 0 0 0 0 0 0 0 0 0 0 0 0 0 0 0 0 0 0 0 0 0 0 0 
0 0 0 0 0 0 0 0 0 0 0 0 0 0 0 0 0 0 0 0 0 0 0 0 0 0 2.02884e+06 1.28652e+07 5.69079e+07 1.88757e+08 3.97005e+08 6.07337e+08 7.21919e+08 0 0 0 0 0 0 0 0 0 0 0 0 0 0 0 0 0 0 0 0 0 0 0 0 0 0 0 0 0 0 0 0 
0 0 0 0 0 0 0 0 0 0 0 0 0 0 0 0 0 0 0 0 0 0 0 0 0 0 0 1.11107e+06 1.09666e+07 3.36667e+07 7.67687e+07 1.23369e+08 1.39712e+08 0 0 0 0 0 0 0 0 0 0 0 0 0 0 0 0 0 0 0 0 0 0 0 0 0 0 0 0 0 0 0 0 
0 0 0 0 0 0 0 0 0 0 0 0 0 0 0 0 0 0 0 0 0 0 0 0 0 0 0 415536 1.68463e+06 5.73148e+06 1.5859e+07 2.37108e+07 2.94433e+07 0 0 0 0 0 0 0 0 0 0 0 0 0 0 0 0 0 0 0 0 0 0 0 0 0 0 0 0 0 0 0 0 
0 0 0 0 0 0 0 0 0 0 0 0 0 0 0 0 0 0 0 0 0 0 0 0 0 0 0 0 115599 1.28231e+06 2.51311e+06 5.04915e+06 5.43295e+06 0 0 0 0 0 0 0 0 0 0 0 0 0 0 0 0 0 0 0 0 0 0 0 0 0 0 0 0 0 0 0 0 
0 0 0 0 0 0 0 0 0 0 0 0 0 0 0 0 0 0 0 0 0 0 0 0 0 0 0 0 70893.3 167121 473228 1.0235e+06 1.01554e+06 0 0 0 0 0 0 0 0 0 0 0 0 0 0 0 0 0 0 0 0 0 0 0 0 0 0 0 0 0 0 0 0 
0 0 0 0 0 0 0 0 0 0 0 0 0 0 0 0 0 0 0 0 0 0 0 0 0 0 0 0 0 7888.66 120163 118501 253517 0 0 0 0 0 0 0 0 0 0 0 0 0 0 0 0 0 0 0 0 0 0 0 0 0 0 0 0 0 0 0 0 
0 0 0 0 0 0 0 0 0 0 0 0 0 0 0 0 0 0 0 0 0 0 0 0 0 0 0 0 0 9577.93 11028 34431.3 39395.1 0 0 0 0 0 0 0 0 0 0 0 0 0 0 0 0 0 0 0 0 0 0 0 0 0 0 0 0 0 0 0 0 
0 0 0 0 0 0 0 0 0 0 0 0 0 0 0 0 0 0 0 0 0 0 0 0 0 0 0 0 0 0 259.366 7868.13 2207.92 0 0 0 0 0 0 0 0 0 0 0 0 0 0 0 0 0 0 0 0 0 0 0 0 0 0 0 0 0 0 0 0 
0 0 0 0 0 0 0 0 0 0 0 0 0 0 0 0 0 0 0 0 0 0 0 0 0 0 0 0 0 0 953.005 366.063 1962.84 0 0 0 0 0 0 0 0 0 0 0 0 0 0 0 0 0 0 0 0 0 0 0 0 0 0 0 0 0 0 0 0 
0 0 0 0 0 0 0 0 0 0 0 0 0 0 0 0 0 0 0 0 0 0 0 0 0 0 0 0 0 0 0 0 256.773 0 0 0 0 0 0 0 0 0 0 0 0 0 0 0 0 0 0 0 0 0 0 0 0 0 0 0 0 0 0 0 0 
0 0 0 0 0 0 0 0 0 0 0 0 0 0 0 0 0 0 0 0 0 0 0 0 0 0 0 0 0 0 0 61.4842 0 0 0 0 0 0 0 0 0 0 0 0 0 0 0 0 0 0 0 0 0 0 0 0 0 0 0 0 0 0 0 0 0 
0 0 0 0 0 0 0 0 0 0 0 0 0 0 0 0 0 0 0 0 0 0 0 0 0 0 0 0 0 0 0 0 0 0 0 0 0 0 0 0 0 0 0 0 0 0 0 0 0 0 0 0 0 0 0 0 0 0 0 0 0 0 0 0 0 
0 0 0 0 0 0 0 0 0 0 0 0 0 0 0 0 0 0 0 0 0 0 0 0 0 0 0 0 0 0 0 0 1.92138 0 0 0 0 0 0 0 0 0 0 0 0 0 0 0 0 0 0 0 0 0 0 0 0 0 0 0 0 0 0 0 0 
