1 0 0 0 0 0 0 0 0 0 0 0 0 0 0 0 0 0 0 0 0 0 0 0 0 0 0 0 0 0 0 0 0 0 0 0 0 0 0 0 0 0 0 0 0 0 0 0 0 0 0 0 0 0 0 0 0 0 0 0 0 0 0 0 0 
0 0 0 0 0 0 0 0 0 0 0 0 0 0 0 0 0 0 0 0 0 0 0 0 0 0 0 0 0 0 0 0 0 0 0 0 0 0 0 0 0 0 0 0 0 0 0 0 0 0 0 0 0 0 0 0 0 0 0 0 0 0 0 0 0 
0 64 0 0 0 0 0 0 0 0 0 0 0 0 0 0 0 0 0 0 0 0 0 0 0 0 0 0 0 0 0 0 0 0 0 0 0 0 0 0 0 0 0 0 0 0 0 0 0 0 0 0 0 0 0 0 0 0 0 0 0 0 0 0 0 
0 0 128 0 0 0 0 0 0 0 0 0 0 0 0 0 0 0 0 0 0 0 0 0 0 0 0 0 0 0 0 0 0 0 0 0 0 0 0 0 0 0 0 0 0 0 0 0 0 0 0 0 0 0 0 0 0 0 0 0 0 0 0 0 0 
0 0 1888 402.635 65.0255 0 0 0 0 0 0 0 0 0 0 0 0 0 0 0 0 0 0 0 0 0 0 0 0 0 0 0 0 0 0 0 0 0 0 0 0 0 0 0 0 0 0 0 0 0 0 0 0 0 0 0 0 0 0 0 0 0 0 0 0 
0 0 0 7130.73 1208.76 565.636 139.293 0 0 0 0 0 0 0 0 0 0 0 0 0 0 0 0 0 0 0 0 0 0 0 0 0 0 0 0 0 0 0 0 0 0 0 0 0 0 0 0 0 0 0 0 0 0 0 0 0 0 0 0 0 0 0 0 0 0 
0 0 0 34130.6 27723 6753 2542.88 1465.05 445.328 64.3325 0 0 0 0 0 0 0 0 0 0 0 0 0 0 0 0 0 0 0 0 0 0 0 0 0 0 0 0 0 0 0 0 0 0 0 0 0 0 0 0 0 0 0 0 0 0 0 0 0 0 0 0 0 0 0 
0 0 0 0 182716 97784.3 44377.9 17028.7 8422.73 4985.53 2060.11 710.551 158.157 0 0 0 0 0 0 0 0 0 0 0 0 0 0 0 0 0 0 0 0 0 0 0 0 0 0 0 0 0 0 0 0 0 0 0 0 0 0 0 0 0 0 0 0 0 0 0 0 0 0 0 0 
0 0 0 0 423664 840563 413708 230183 117168 58698.9 32146.8 19202.4 10315.3 4130.35 1500.35 486.368 52.8185 0 0 0 0 0 0 0 14.1767 0 0 0 0 0 0 0 17.0852 0 0 0 0 0 0 0 0 0 0 0 0 0 0 0 0 0 0 0 0 0 0 0 0 0 0 0 0 0 0 0 0 
0 0 0 0 0 2.83664e+06 3.35657e+06 1.99731e+06 1.14301e+06 725899 421037 248025 157475 89064.5 50955.6 27609.5 14463.4 6180.97 2567.18 792.94 415.498 164.005 222.279 251.602 0 232.124 230.591 233.612 193.575 233.64 272.32 241.568 0 0 0 0 0 0 0 0 0 0 0 0 0 0 0 0 0 0 0 0 0 0 0 0 0 0 0 0 0 0 0 0 0 
0 0 0 0 0 3.8422e+06 1.45914e+07 1.35129e+07 9.51764e+06 5.85456e+06 4.16104e+06 2.60228e+06 1.6785e+06 1.13338e+06 715812 545086 305164 190466 115924 67840 37566.6 18800.5 12700.9 9848.72 11162.6 8069.26 8901.98 8182.07 9215.38 9590.15 8617.78 8975.2 10321.3 0 0 0 0 0 0 0 0 0 0 0 0 0 0 0 0 0 0 0 0 0 0 0 0 0 0 0 0 0 0 0 0 
0 0 0 0 0 0 3.02587e+07 6.38882e+07 5.77216e+07 4.31087e+07 3.04563e+07 2.18788e+07 1.50777e+07 1.15504e+07 7.77776e+06 5.93586e+06 4.26278e+06 2.78003e+06 2.32229e+06 1.46239e+06 943978 680955 461357 351510 263087 221590 207525 215121 204867 183421 205698 178851 192212 0 0 0 0 0 0 0 0 0 0 0 0 0 0 0 0 0 0 0 0 0 0 0 0 0 0 0 0 0 0 0 0 
0 0 0 0 0 0 2.63069e+07 1.69521e+08 2.61317e+08 2.45377e+08 1.96732e+08 1.552e+08 1.19716e+08 8.89086e+07 6.97961e+07 5.31553e+07 3.85696e+07 3.01816e+07 2.27193e+07 1.83078e+07 1.2917e+07 9.87187e+06 8.31399e+06 6.3271e+06 5.12968e+06 4.43708e+06 4.10658e+06 3.56963e+06 3.32672e+06 3.06794e+06 2.98525e+06 3.04675e+06 3.40405e+06 0 0 0 0 0 0 0 0 0 0 0 0 0 0 0 0 0 0 0 0 0 0 0 0 0 0 0 0 0 0 0 0 
0 0 0 0 0 0 0 2.32031e+08 7.86996e+08 1.06634e+09 1.0494e+09 8.97447e+08 7.57574e+08 6.12049e+08 4.81504e+08 3.91051e+08 3.07846e+08 2.51042e+08 2.00881e+08 1.51778e+08 1.28697e+08 1.08939e+08 8.4433e+07 7.17265e+07 6.28613e+07 5.62329e+07 4.92322e+07 4.27895e+07 3.89753e+07 3.9039e+07 3.77093e+07 3.74577e+07 4.00887e+07 0 0 0 0 0 0 0 0 0 0 0 0 0 0 0 0 0 0 0 0 0 0 0 0 0 0 0 0 0 0 0 0 
0 0 0 0 0 0 0 1.40017e+08 1.38462e+09 3.29425e+09 4.27416e+09 4.3303e+09 3.9926e+09 3.4511e+09 2.95038e+09 2.48025e+09 2.15935e+09 1.77354e+09 1.46187e+09 1.22495e+09 1.02785e+09 8.56328e+08 7.74041e+08 6.5394e+08 5.6535e+08 5.10609e+08 4.52813e+08 4.27553e+08 3.95487e+08 3.99313e+08 3.77861e+08 3.81903e+08 3.7242e+08 0 0 0 0 0 0 0 0 0 0 0 0 0 0 0 0 0 0 0 0 0 0 0 0 0 0 0 0 0 0 0 0 
0 0 0 0 0 0 0 0 1.33851e+09 6.68438e+09 1.30877e+10 1.68776e+10 1.76827e+10 1.71572e+10 1.57745e+10 1.39031e+10 1.22974e+10 1.08023e+10 9.45618e+09 8.20848e+09 7.41928e+09 6.43676e+09 5.65845e+09 4.86187e+09 4.55437e+09 3.94815e+09 3.61481e+09 3.50428e+09 3.43499e+09 3.23544e+09 2.93448e+09 3.04347e+09 2.96058e+09 0 0 0 0 0 0 0 0 0 0 0 0 0 0 0 0 0 0 0 0 0 0 0 0 0 0 0 0 0 0 0 0 
0 0 0 0 0 0 0 0 5.86215e+08 8.3288e+09 2.85291e+10 5.03059e+10 6.483e+10 7.08812e+10 7.11138e+10 6.81484e+10 6.39724e+10 5.81845e+10 5.26607e+10 4.77066e+10 4.34821e+10 3.94253e+10 3.5732e+10 3.16852e+10 2.85311e+10 2.69011e+10 2.51914e+10 2.45854e+10 2.40261e+10 2.23842e+10 2.2077e+10 2.12574e+10 2.12792e+10 0 0 0 0 0 0 0 0 0 0 0 0 0 0 0 0 0 0 0 0 0 0 0 0 0 0 0 0 0 0 0 0 
0 0 0 0 0 0 0 0 0 5.90246e+09 4.08985e+10 1.11564e+11 1.86862e+11 2.42443e+11 2.70753e+11 2.8122e+11 2.7912e+11 2.70898e+11 2.54378e+11 2.43391e+11 2.29524e+11 2.09493e+11 1.96349e+11 1.85879e+11 1.73285e+11 1.66541e+11 1.58134e+11 1.53291e+11 1.47673e+11 1.4207e+11 1.36869e+11 1.35057e+11 1.28577e+11 0 0 0 0 0 0 0 0 0 0 0 0 0 0 0 0 0 0 0 0 0 0 0 0 0 0 0 0 0 0 0 0 
0 0 0 0 0 0 0 0 0 1.96923e+09 3.75962e+10 1.74622e+11 4.09701e+11 6.69606e+11 8.70286e+11 1.02006e+12 1.09602e+12 1.12821e+12 1.1397e+12 1.11513e+12 1.07796e+12 1.05691e+12 9.91361e+11 9.49308e+11 9.03197e+11 8.75338e+11 8.42543e+11 8.39376e+11 7.9006e+11 7.78961e+11 7.44966e+11 7.45326e+11 7.37766e+11 0 0 0 0 0 0 0 0 0 0 0 0 0 0 0 0 0 0 0 0 0 0 0 0 0 0 0 0 0 0 0 0 
0 0 0 0 0 0 0 0 0 0 2.04527e+10 1.85779e+11 6.71514e+11 1.43632e+12 2.30852e+12 3.05534e+12 3.65253e+12 4.04645e+12 4.2883e+12 4.46129e+12 4.48502e+12 4.47395e+12 4.38062e+12 4.27999e+12 4.24362e+12 4.08823e+12 3.98985e+12 3.97412e+12 3.83901e+12 3.83621e+12 3.7642e+12 3.59724e+12 3.62025e+12 0 0 0 0 0 0 0 0 0 0 0 0 0 0 0 0 0 0 0 0 0 0 0 0 0 0 0 0 0 0 0 0 
0 0 0 0 0 0 0 0 0 0 5.35374e+09 1.31225e+11 7.89655e+11 2.38484e+12 4.85251e+12 7.62424e+12 1.02193e+13 1.25345e+13 1.43341e+13 1.55498e+13 1.64881e+13 1.7102e+13 1.75894e+13 1.76845e+13 1.73932e+13 1.73608e+13 1.72758e+13 1.7183e+13 1.73986e+13 1.65156e+13 1.67893e+13 1.65587e+13 1.67537e+13 0 0 0 0 0 0 0 0 0 0 0 0 0 0 0 0 0 0 0 0 0 0 0 0 0 0 0 0 0 0 0 0 
0 0 0 0 0 0 0 0 0 0 0 5.60634e+10 6.38793e+11 2.95485e+12 7.90428e+12 1.53733e+13 2.42843e+13 3.30971e+13 4.15443e+13 4.79496e+13 5.34605e+13 5.77097e+13 6.10096e+13 6.35563e+13 6.57347e+13 6.58445e+13 6.81066e+13 6.84443e+13 6.78913e+13 6.86735e+13 6.80304e+13 6.83259e+13 6.86225e+13 0 0 0 0 0 0 0 0 0 0 0 0 0 0 0 0 0 0 0 0 0 0 0 0 0 0 0 0 0 0 0 0 
0 0 0 0 0 0 0 0 0 0 0 1.17515e+10 3.56548e+11 2.64913e+12 1.00609e+13 2.49656e+13 4.68041e+13 7.28828e+13 1.00822e+14 1.29441e+14 1.52038e+14 1.73975e+14 1.92745e+14 2.09697e+14 2.22115e+14 2.31535e+14 2.38672e+14 2.46398e+14 2.5102e+14 2.5084e+14 2.52733e+14 2.48091e+14 2.48763e+14 0 0 0 0 0 0 0 0 0 0 0 0 0 0 0 0 0 0 0 0 0 0 0 0 0 0 0 0 0 0 0 0 
0 0 0 0 0 0 0 0 0 0 0 0 1.22816e+11 1.69825e+12 9.57657e+12 3.15824e+13 7.36627e+13 1.36862e+14 2.12494e+14 2.96944e+14 3.86536e+14 4.69126e+14 5.45466e+14 6.04692e+14 6.61684e+14 7.09487e+14 7.37983e+14 7.69679e+14 7.9541e+14 8.22705e+14 8.325e+14 8.28583e+14 8.29923e+14 0 0 0 0 0 0 0 0 0 0 0 0 0 0 0 0 0 0 0 0 0 0 0 0 0 0 0 0 0 0 0 0 
0 0 0 0 0 0 0 0 0 0 0 0 2.09264e+10 7.63888e+11 6.77925e+12 3.112e+13 9.30246e+13 2.04909e+14 3.74386e+14 5.844e+14 8.24579e+14 1.06581e+15 1.3042e+15 1.5341e+15 1.75618e+15 1.92143e+15 2.09459e+15 2.2493e+15 2.36339e+15 2.40659e+15 2.48541e+15 2.53944e+15 2.58921e+15 0 0 0 0 0 0 0 0 0 0 0 0 0 0 0 0 0 0 0 0 0 0 0 0 0 0 0 0 0 0 0 0 
0 0 0 0 0 0 0 0 0 0 0 0 0 2.14974e+11 3.51099e+12 2.33028e+13 9.12602e+13 2.53425e+14 5.38891e+14 9.64355e+14 1.50328e+15 2.13837e+15 2.81935e+15 3.52186e+15 4.13998e+15 4.77219e+15 5.33501e+15 5.78486e+15 6.16827e+15 6.4549e+15 6.75846e+15 6.85615e+15 6.77218e+15 0 0 0 0 0 0 0 0 0 0 0 0 0 0 0 0 0 0 0 0 0 0 0 0 0 0 0 0 0 0 0 0 
0 0 0 0 0 0 0 0 0 0 0 0 0 3.03578e+10 1.29062e+12 1.33202e+13 7.10171e+13 2.46611e+14 6.38072e+14 1.32362e+15 2.33836e+15 3.65166e+15 5.18086e+15 6.85881e+15 8.6262e+15 1.03684e+16 1.19532e+16 1.3406e+16 1.44156e+16 1.56213e+16 1.61117e+16 1.65409e+16 1.67601e+16 0 0 0 0 0 0 0 0 0 0 0 0 0 0 0 0 0 0 0 0 0 0 0 0 0 0 0 0 0 0 0 0 
0 0 0 0 0 0 0 0 0 0 0 0 0 0 3.03879e+11 5.66685e+12 4.34095e+13 1.95341e+14 6.18755e+14 1.51035e+15 3.04364e+15 5.30374e+15 8.25983e+15 1.17125e+16 1.55533e+16 1.93975e+16 2.34326e+16 2.70541e+16 3.03857e+16 3.29184e+16 3.49692e+16 3.57235e+16 3.60738e+16 0 0 0 0 0 0 0 0 0 0 0 0 0 0 0 0 0 0 0 0 0 0 0 0 0 0 0 0 0 0 0 0 
0 0 0 0 0 0 0 0 0 0 0 0 0 0 3.67156e+10 1.73959e+12 2.0263e+13 1.23719e+14 4.87829e+14 1.41489e+15 3.30013e+15 6.456e+15 1.11149e+16 1.7212e+16 2.43288e+16 3.23026e+16 4.02371e+16 4.78966e+16 5.55051e+16 6.09351e+16 6.53406e+16 6.90423e+16 7.00581e+16 0 0 0 0 0 0 0 0 0 0 0 0 0 0 0 0 0 0 0 0 0 0 0 0 0 0 0 0 0 0 0 0 
0 0 0 0 0 0 0 0 0 0 0 0 0 0 0 3.4628e+11 7.26254e+12 6.11974e+13 3.11074e+14 1.11492e+15 3.00869e+15 6.72653e+15 1.27736e+16 2.14492e+16 3.29402e+16 4.63366e+16 6.04298e+16 7.52513e+16 8.85897e+16 1.00845e+17 1.09759e+17 1.14776e+17 1.1772e+17 0 0 0 0 0 0 0 0 0 0 0 0 0 0 0 0 0 0 0 0 0 0 0 0 0 0 0 0 0 0 0 0 
0 0 0 0 0 0 0 0 0 0 0 0 0 0 0 3.61232e+10 1.86161e+12 2.41319e+13 1.61168e+14 7.01871e+14 2.28697e+15 5.82799e+15 1.23816e+16 2.30331e+16 3.79013e+16 5.68182e+16 7.95651e+16 1.02723e+17 1.25611e+17 1.45783e+17 1.62445e+17 1.73388e+17 1.74917e+17 0 0 0 0 0 0 0 0 0 0 0 0 0 0 0 0 0 0 0 0 0 0 0 0 0 0 0 0 0 0 0 0 
0 0 0 0 0 0 0 0 0 0 0 0 0 0 0 0 3.21904e+11 7.2684e+12 6.70535e+13 3.70885e+14 1.43355e+15 4.2546e+15 1.0416e+16 2.12072e+16 3.78576e+16 6.10793e+16 8.96395e+16 1.21694e+17 1.54121e+17 1.83898e+17 2.08326e+17 2.23029e+17 2.28724e+17 0 0 0 0 0 0 0 0 0 0 0 0 0 0 0 0 0 0 0 0 0 0 0 0 0 0 0 0 0 0 0 0 
0 0 0 0 0 0 0 0 0 0 0 0 0 0 0 0 2.9542e+10 1.60855e+12 2.24033e+13 1.61347e+14 7.60655e+14 2.65629e+15 7.18297e+15 1.65406e+16 3.25846e+16 5.6197e+16 8.70267e+16 1.24534e+17 1.64162e+17 2.0231e+17 2.33353e+17 2.55389e+17 2.63595e+17 0 0 0 0 0 0 0 0 0 0 0 0 0 0 0 0 0 0 0 0 0 0 0 0 0 0 0 0 0 0 0 0 
0 0 0 0 0 0 0 0 0 0 0 0 0 0 0 0 0 2.45864e+11 5.82193e+12 5.66784e+13 3.3387e+14 1.36715e+15 4.37777e+15 1.10518e+16 2.37367e+16 4.4528e+16 7.43393e+16 1.11678e+17 1.52977e+17 1.9496e+17 2.28808e+17 2.50481e+17 2.59089e+17 0 0 0 0 0 0 0 0 0 0 0 0 0 0 0 0 0 0 0 0 0 0 0 0 0 0 0 0 0 0 0 0 
0 0 0 0 0 0 0 0 0 0 0 0 0 0 0 0 0 2.03979e+10 1.1304e+12 1.63508e+13 1.22829e+14 6.13073e+14 2.21303e+15 6.40912e+15 1.53115e+16 3.09442e+16 5.49576e+16 8.67248e+16 1.25147e+17 1.62813e+17 1.96022e+17 2.19354e+17 2.26645e+17 0 0 0 0 0 0 0 0 0 0 0 0 0 0 0 0 0 0 0 0 0 0 0 0 0 0 0 0 0 0 0 0 
0 0 0 0 0 0 0 0 0 0 0 0 0 0 0 0 0 0 1.53524e+11 3.72828e+12 3.70832e+13 2.26265e+14 9.76197e+14 3.1999e+15 8.37271e+15 1.85281e+16 3.50264e+16 5.89539e+16 8.78417e+16 1.18534e+17 1.47324e+17 1.67463e+17 1.74138e+17 0 0 0 0 0 0 0 0 0 0 0 0 0 0 0 0 0 0 0 0 0 0 0 0 0 0 0 0 0 0 0 0 
0 0 0 0 0 0 0 0 0 0 0 0 0 0 0 0 0 0 1.16563e+10 6.37018e+11 9.46298e+12 7.2396e+13 3.6518e+14 1.35263e+15 3.99125e+15 9.64643e+15 1.98936e+16 3.51149e+16 5.51401e+16 7.74868e+16 9.79964e+16 1.11787e+17 1.1782e+17 0 0 0 0 0 0 0 0 0 0 0 0 0 0 0 0 0 0 0 0 0 0 0 0 0 0 0 0 0 0 0 0 
0 0 0 0 0 0 0 0 0 0 0 0 0 0 0 0 0 0 0 7.99249e+10 1.92371e+12 1.91537e+13 1.16811e+14 5.11508e+14 1.68433e+15 4.43041e+15 9.82097e+15 1.83842e+16 3.02442e+16 4.40574e+16 5.69531e+16 6.69275e+16 7.01005e+16 0 0 0 0 0 0 0 0 0 0 0 0 0 0 0 0 0 0 0 0 0 0 0 0 0 0 0 0 0 0 0 0 
0 0 0 0 0 0 0 0 0 0 0 0 0 0 0 0 0 0 0 5.75574e+09 2.92773e+11 4.35363e+12 3.31646e+13 1.64735e+14 6.2133e+14 1.81662e+15 4.24958e+15 8.56644e+15 1.46818e+16 2.23826e+16 2.96695e+16 3.51098e+16 3.70959e+16 0 0 0 0 0 0 0 0 0 0 0 0 0 0 0 0 0 0 0 0 0 0 0 0 0 0 0 0 0 0 0 0 
0 0 0 0 0 0 0 0 0 0 0 0 0 0 0 0 0 0 0 0 3.39125e+10 7.79285e+11 7.78858e+12 4.66253e+13 1.95698e+14 6.3928e+14 1.66091e+15 3.57417e+15 6.43765e+15 9.90773e+15 1.38613e+16 1.64951e+16 1.7591e+16 0 0 0 0 0 0 0 0 0 0 0 0 0 0 0 0 0 0 0 0 0 0 0 0 0 0 0 0 0 0 0 0 
0 0 0 0 0 0 0 0 0 0 0 0 0 0 0 0 0 0 0 0 2.5285e+09 1.11677e+11 1.58128e+12 1.17248e+13 5.69077e+13 2.05859e+14 5.82811e+14 1.31239e+15 2.55121e+15 4.09398e+15 5.68472e+15 6.97171e+15 7.45e+15 0 0 0 0 0 0 0 0 0 0 0 0 0 0 0 0 0 0 0 0 0 0 0 0 0 0 0 0 0 0 0 0 
0 0 0 0 0 0 0 0 0 0 0 0 0 0 0 0 0 0 0 0 0 1.24285e+10 2.60142e+11 2.49153e+12 1.42218e+13 5.81194e+13 1.79544e+14 4.47341e+14 8.90377e+14 1.53502e+15 2.16939e+15 2.6961e+15 2.86332e+15 0 0 0 0 0 0 0 0 0 0 0 0 0 0 0 0 0 0 0 0 0 0 0 0 0 0 0 0 0 0 0 0 
0 0 0 0 0 0 0 0 0 0 0 0 0 0 0 0 0 0 0 0 0 9.39517e+08 3.52742e+10 4.5499e+11 3.25276e+12 1.45551e+13 5.01337e+13 1.3419e+14 2.88065e+14 4.99225e+14 7.49241e+14 9.36898e+14 9.92773e+14 0 0 0 0 0 0 0 0 0 0 0 0 0 0 0 0 0 0 0 0 0 0 0 0 0 0 0 0 0 0 0 0 
0 0 0 0 0 0 0 0 0 0 0 0 0 0 0 0 0 0 0 0 0 0 3.83322e+09 7.20674e+10 6.35164e+11 3.42021e+12 1.26225e+13 3.58555e+13 8.44411e+13 1.54846e+14 2.36431e+14 2.9658e+14 3.2939e+14 0 0 0 0 0 0 0 0 0 0 0 0 0 0 0 0 0 0 0 0 0 0 0 0 0 0 0 0 0 0 0 0 
0 0 0 0 0 0 0 0 0 0 0 0 0 0 0 0 0 0 0 0 0 0 3.03379e+08 9.68768e+09 1.06941e+11 7.0105e+11 2.98323e+12 9.21731e+12 2.23598e+13 4.34027e+13 6.70991e+13 8.88754e+13 9.56581e+13 0 0 0 0 0 0 0 0 0 0 0 0 0 0 0 0 0 0 0 0 0 0 0 0 0 0 0 0 0 0 0 0 
0 0 0 0 0 0 0 0 0 0 0 0 0 0 0 0 0 0 0 0 0 0 0 9.9947e+08 1.635e+10 1.27297e+11 6.19027e+11 2.14172e+12 5.42313e+12 1.13401e+13 1.85992e+13 2.41188e+13 2.6844e+13 0 0 0 0 0 0 0 0 0 0 0 0 0 0 0 0 0 0 0 0 0 0 0 0 0 0 0 0 0 0 0 0 
0 0 0 0 0 0 0 0 0 0 0 0 0 0 0 0 0 0 0 0 0 0 0 9.71471e+07 2.22316e+09 2.05876e+10 1.21163e+11 4.5065e+11 1.26955e+12 2.65298e+12 4.57474e+12 6.32035e+12 6.76386e+12 0 0 0 0 0 0 0 0 0 0 0 0 0 0 0 0 0 0 0 0 0 0 0 0 0 0 0 0 0 0 0 0 
0 0 0 0 0 0 0 0 0 0 0 0 0 0 0 0 0 0 0 0 0 0 0 0 2.29392e+08 3.19644e+09 2.08143e+10 8.97322e+10 2.74257e+11 6.08654e+11 1.04069e+12 1.50591e+12 1.65528e+12 0 0 0 0 0 0 0 0 0 0 0 0 0 0 0 0 0 0 0 0 0 0 0 0 0 0 0 0 0 0 0 0 
0 0 0 0 0 0 0 0 0 0 0 0 0 0 0 0 0 0 0 0 0 0 0 0 2.90065e+07 4.48362e+08 3.41366e+09 1.71251e+10 5.38517e+10 1.2542e+11 2.2999e+11 3.27481e+11 3.7356e+11 0 0 0 0 0 0 0 0 0 0 0 0 0 0 0 0 0 0 0 0 0 0 0 0 0 0 0 0 0 0 0 0 
0 0 0 0 0 0 0 0 0 0 0 0 0 0 0 0 0 0 0 0 0 0 0 0 0 4.50484e+07 5.41841e+08 2.79048e+09 1.00913e+10 2.62519e+10 5.05159e+10 7.13763e+10 7.98983e+10 0 0 0 0 0 0 0 0 0 0 0 0 0 0 0 0 0 0 0 0 0 0 0 0 0 0 0 0 0 0 0 0 
0 0 0 0 0 0 0 0 0 0 0 0 0 0 0 0 0 0 0 0 0 0 0 0 0 7.88165e+06 8.27556e+07 4.76198e+08 1.91942e+09 5.0356e+09 9.94853e+09 1.48298e+10 1.65777e+10 0 0 0 0 0 0 0 0 0 0 0 0 0 0 0 0 0 0 0 0 0 0 0 0 0 0 0 0 0 0 0 0 
0 0 0 0 0 0 0 0 0 0 0 0 0 0 0 0 0 0 0 0 0 0 0 0 0 0 7.65646e+06 8.11159e+07 3.32528e+08 9.3819e+08 2.02627e+09 3.08969e+09 3.48206e+09 0 0 0 0 0 0 0 0 0 0 0 0 0 0 0 0 0 0 0 0 0 0 0 0 0 0 0 0 0 0 0 0 
0 0 0 0 0 0 0 0 0 0 0 0 0 0 0 0 0 0 0 0 0 0 0 0 0 0 1.93494e+06 1.32936e+07 5.58326e+07 1.82093e+08 3.88128e+08 5.92115e+08 7.04399e+08 0 0 0 0 0 0 0 0 0 0 0 0 0 0 0 0 0 0 0 0 0 0 0 0 0 0 0 0 0 0 0 0 
0 0 0 0 0 0 0 0 0 0 0 0 0 0 0 0 0 0 0 0 0 0 0 0 0 0 0 1.08602e+06 1.08613e+07 3.13684e+07 7.33408e+07 1.22058e+08 1.37642e+08 0 0 0 0 0 0 0 0 0 0 0 0 0 0 0 0 0 0 0 0 0 0 0 0 0 0 0 0 0 0 0 0 
0 0 0 0 0 0 0 0 0 0 0 0 0 0 0 0 0 0 0 0 0 0 0 0 0 0 0 398312 1.73522e+06 5.51911e+06 1.50009e+07 2.26516e+07 2.81273e+07 0 0 0 0 0 0 0 0 0 0 0 0 0 0 0 0 0 0 0 0 0 0 0 0 0 0 0 0 0 0 0 0 
0 0 0 0 0 0 0 0 0 0 0 0 0 0 0 0 0 0 0 0 0 0 0 0 0 0 0 0 113890 1.25157e+06 2.3078e+06 4.71403e+06 5.23872e+06 0 0 0 0 0 0 0 0 0 0 0 0 0 0 0 0 0 0 0 0 0 0 0 0 0 0 0 0 0 0 0 0 
0 0 0 0 0 0 0 0 0 0 0 0 0 0 0 0 0 0 0 0 0 0 0 0 0 0 0 0 67300.5 171829 454043 946031 953495 0 0 0 0 0 0 0 0 0 0 0 0 0 0 0 0 0 0 0 0 0 0 0 0 0 0 0 0 0 0 0 0 
0 0 0 0 0 0 0 0 0 0 0 0 0 0 0 0 0 0 0 0 0 0 0 0 0 0 0 0 0 7576.05 115566 109194 237326 0 0 0 0 0 0 0 0 0 0 0 0 0 0 0 0 0 0 0 0 0 0 0 0 0 0 0 0 0 0 0 0 
0 0 0 0 0 0 0 0 0 0 0 0 0 0 0 0 0 0 0 0 0 0 0 0 0 0 0 0 0 9120.38 11545.3 31640 36705 0 0 0 0 0 0 0 0 0 0 0 0 0 0 0 0 0 0 0 0 0 0 0 0 0 0 0 0 0 0 0 0 
0 0 0 0 0 0 0 0 0 0 0 0 0 0 0 0 0 0 0 0 0 0 0 0 0 0 0 0 0 0 245.956 7727.4 2153.22 0 0 0 0 0 0 0 0 0 0 0 0 0 0 0 0 0 0 0 0 0 0 0 0 0 0 0 0 0 0 0 0 
0 0 0 0 0 0 0 0 0 0 0 0 0 0 0 0 0 0 0 0 0 0 0 0 0 0 0 0 0 0 908.39 388.059 1846.6 0 0 0 0 0 0 0 0 0 0 0 0 0 0 0 0 0 0 0 0 0 0 0 0 0 0 0 0 0 0 0 0 
0 0 0 0 0 0 0 0 0 0 0 0 0 0 0 0 0 0 0 0 0 0 0 0 0 0 0 0 0 0 0 0 258.572 0 0 0 0 0 0 0 0 0 0 0 0 0 0 0 0 0 0 0 0 0 0 0 0 0 0 0 0 0 0 0 0 
0 0 0 0 0 0 0 0 0 0 0 0 0 0 0 0 0 0 0 0 0 0 0 0 0 0 0 0 0 0 0 58.6058 0 0 0 0 0 0 0 0 0 0 0 0 0 0 0 0 0 0 0 0 0 0 0 0 0 0 0 0 0 0 0 0 0 
0 0 0 0 0 0 0 0 0 0 0 0 0 0 0 0 0 0 0 0 0 0 0 0 0 0 0 0 0 0 0 0 0 0 0 0 0 0 0 0 0 0 0 0 0 0 0 0 0 0 0 0 0 0 0 0 0 0 0 0 0 0 0 0 0 
0 0 0 0 0 0 0 0 0 0 0 0 0 0 0 0 0 0 0 0 0 0 0 0 0 0 0 0 0 0 0 0 1.83143 0 0 0 0 0 0 0 0 0 0 0 0 0 0 0 0 0 0 0 0 0 0 0 0 0 0 0 0 0 0 0 0 
