1 0 0 0 0 0 0 0 0 0 0 0 0 0 0 0 0 0 0 0 0 0 0 0 0 0 0 0 0 0 0 0 0 0 0 0 0 0 0 0 0 0 0 0 0 0 0 0 0 0 0 0 0 0 0 0 0 0 0 0 0 0 0 0 0 
0 0 0 0 0 0 0 0 0 0 0 0 0 0 0 0 0 0 0 0 0 0 0 0 0 0 0 0 0 0 0 0 0 0 0 0 0 0 0 0 0 0 0 0 0 0 0 0 0 0 0 0 0 0 0 0 0 0 0 0 0 0 0 0 0 
0 64 0 0 0 0 0 0 0 0 0 0 0 0 0 0 0 0 0 0 0 0 0 0 0 0 0 0 0 0 0 0 0 0 0 0 0 0 0 0 0 0 0 0 0 0 0 0 0 0 0 0 0 0 0 0 0 0 0 0 0 0 0 0 0 
0 0 128 0 0 0 0 0 0 0 0 0 0 0 0 0 0 0 0 0 0 0 0 0 0 0 0 0 0 0 0 0 0 0 0 0 0 0 0 0 0 0 0 0 0 0 0 0 0 0 0 0 0 0 0 0 0 0 0 0 0 0 0 0 0 
0 0 1888 398.229 67.8981 0 0 0 0 0 0 0 0 0 0 0 0 0 0 0 0 0 0 0 0 0 0 0 0 0 0 0 0 0 0 0 0 0 0 0 0 0 0 0 0 0 0 0 0 0 0 0 0 0 0 0 0 0 0 0 0 0 0 0 0 
0 0 0 7139.54 1169.78 525.082 126.454 0 0 0 0 0 0 0 0 0 0 0 0 0 0 0 0 0 0 0 0 0 0 0 0 0 0 0 0 0 0 0 0 0 0 0 0 0 0 0 0 0 0 0 0 0 0 0 0 0 0 0 0 0 0 0 0 0 0 
0 0 0 34126.2 27336.6 6871.85 2689.74 1482.35 383.369 50.1197 0 0 0 0 0 0 0 0 0 0 0 0 0 0 0 0 0 0 0 0 0 0 0 0 0 0 0 0 0 0 0 0 0 0 0 0 0 0 0 0 0 0 0 0 0 0 0 0 0 0 0 0 0 0 0 
0 0 0 0 183594 97676.5 42525 16468.2 7916.8 4312.84 2003.69 385.543 79.5617 0 0 0 0 0 0 0 0 0 0 0 0 0 0 0 0 0 0 0 0 0 0 0 0 0 0 0 0 0 0 0 0 0 0 0 0 0 0 0 0 0 0 0 0 0 0 0 0 0 0 0 0 
0 0 0 0 423208 829680 407365 220639 127756 59127.4 30531 18973.3 9566.38 4439.52 1371.79 415.481 67.9885 0 0 0 0 0 0 0 11.5041 0 0 0 0 0 0 0 20.518 0 0 0 0 0 0 0 0 0 0 0 0 0 0 0 0 0 0 0 0 0 0 0 0 0 0 0 0 0 0 0 0 
0 0 0 0 0 2.85846e+06 3.34242e+06 2.0047e+06 1.13957e+06 720940 439791 259914 154733 90512.5 53068.9 32056.8 14080.4 5549.63 2480.92 1018.26 342.654 406.912 226.721 202.494 0 273.041 267.536 198.711 270.268 223.711 291.316 224.883 0 0 0 0 0 0 0 0 0 0 0 0 0 0 0 0 0 0 0 0 0 0 0 0 0 0 0 0 0 0 0 0 0 
0 0 0 0 0 3.8313e+06 1.45759e+07 1.35404e+07 9.44662e+06 6.20681e+06 3.96401e+06 2.59736e+06 1.74056e+06 1.1682e+06 759305 483963 356373 218068 117681 70158 42817.3 21809.8 12565.7 10514.7 10527.4 8821.37 8480 11117.7 9536.99 9549.02 9662.72 10039.4 10936.8 0 0 0 0 0 0 0 0 0 0 0 0 0 0 0 0 0 0 0 0 0 0 0 0 0 0 0 0 0 0 0 0 
0 0 0 0 0 0 3.03659e+07 6.38001e+07 5.73064e+07 4.33859e+07 3.14774e+07 2.28896e+07 1.591e+07 1.14662e+07 8.50866e+06 5.61255e+06 3.94708e+06 2.87023e+06 1.98484e+06 1.57043e+06 1.03494e+06 749900 538466 350617 266624 255546 235447 223038 226169 247957 202418 230335 194024 0 0 0 0 0 0 0 0 0 0 0 0 0 0 0 0 0 0 0 0 0 0 0 0 0 0 0 0 0 0 0 0 
0 0 0 0 0 0 2.62374e+07 1.69124e+08 2.6312e+08 2.48501e+08 2.01014e+08 1.58412e+08 1.22177e+08 9.22936e+07 7.00943e+07 5.55487e+07 3.88954e+07 2.9046e+07 2.35517e+07 1.8229e+07 1.36655e+07 1.01702e+07 8.57289e+06 6.75624e+06 5.06405e+06 4.46698e+06 3.94169e+06 3.65049e+06 3.43536e+06 3.68317e+06 3.50021e+06 3.38013e+06 3.12476e+06 0 0 0 0 0 0 0 0 0 0 0 0 0 0 0 0 0 0 0 0 0 0 0 0 0 0 0 0 0 0 0 0 
0 0 0 0 0 0 0 2.33005e+08 7.87888e+08 1.06432e+09 1.0624e+09 9.19951e+08 7.69918e+08 6.08253e+08 4.85943e+08 3.89017e+08 3.08132e+08 2.53906e+08 2.08973e+08 1.72236e+08 1.4284e+08 1.18607e+08 9.62839e+07 7.79892e+07 6.2182e+07 5.4765e+07 5.02337e+07 4.67348e+07 4.23367e+07 3.85136e+07 4.03395e+07 3.80586e+07 3.46498e+07 0 0 0 0 0 0 0 0 0 0 0 0 0 0 0 0 0 0 0 0 0 0 0 0 0 0 0 0 0 0 0 0 
0 0 0 0 0 0 0 1.39504e+08 1.37985e+09 3.29611e+09 4.27367e+09 4.38029e+09 4.01004e+09 3.49813e+09 2.99286e+09 2.52949e+09 2.12972e+09 1.84689e+09 1.53515e+09 1.28823e+09 1.11777e+09 9.29786e+08 7.99638e+08 6.63962e+08 6.16727e+08 5.39169e+08 4.75473e+08 4.495e+08 4.01185e+08 3.98982e+08 3.61193e+08 3.48745e+08 3.31809e+08 0 0 0 0 0 0 0 0 0 0 0 0 0 0 0 0 0 0 0 0 0 0 0 0 0 0 0 0 0 0 0 0 
0 0 0 0 0 0 0 0 1.34061e+09 6.71174e+09 1.30803e+10 1.68174e+10 1.76486e+10 1.70648e+10 1.58721e+10 1.41211e+10 1.20867e+10 1.10218e+10 9.73199e+09 8.72915e+09 7.47941e+09 6.3953e+09 5.71392e+09 4.88214e+09 4.62249e+09 4.2152e+09 3.7033e+09 3.44211e+09 3.26568e+09 3.20676e+09 3.00273e+09 2.94798e+09 2.94128e+09 0 0 0 0 0 0 0 0 0 0 0 0 0 0 0 0 0 0 0 0 0 0 0 0 0 0 0 0 0 0 0 0 
0 0 0 0 0 0 0 0 5.86667e+08 8.24987e+09 2.8526e+10 4.97265e+10 6.53051e+10 7.0735e+10 7.13486e+10 6.85917e+10 6.41652e+10 5.86765e+10 5.23904e+10 4.73332e+10 4.3676e+10 3.96111e+10 3.52558e+10 3.31052e+10 3.02697e+10 2.77494e+10 2.53109e+10 2.31253e+10 2.3242e+10 2.138e+10 2.20149e+10 2.03273e+10 2.13586e+10 0 0 0 0 0 0 0 0 0 0 0 0 0 0 0 0 0 0 0 0 0 0 0 0 0 0 0 0 0 0 0 0 
0 0 0 0 0 0 0 0 0 5.95738e+09 4.08686e+10 1.12324e+11 1.86469e+11 2.42935e+11 2.72449e+11 2.84027e+11 2.80082e+11 2.72542e+11 2.55771e+11 2.38568e+11 2.29431e+11 2.16975e+11 1.99748e+11 1.89848e+11 1.73823e+11 1.58088e+11 1.48648e+11 1.45051e+11 1.37482e+11 1.39984e+11 1.33243e+11 1.32687e+11 1.318e+11 0 0 0 0 0 0 0 0 0 0 0 0 0 0 0 0 0 0 0 0 0 0 0 0 0 0 0 0 0 0 0 0 
0 0 0 0 0 0 0 0 0 1.96227e+09 3.75226e+10 1.74091e+11 4.09471e+11 6.65675e+11 8.74208e+11 1.0149e+12 1.09017e+12 1.13016e+12 1.1406e+12 1.10393e+12 1.08596e+12 1.03773e+12 1.00004e+12 9.43748e+11 9.00694e+11 8.55662e+11 8.12026e+11 7.91013e+11 7.57652e+11 7.57493e+11 7.52941e+11 7.67564e+11 7.45156e+11 0 0 0 0 0 0 0 0 0 0 0 0 0 0 0 0 0 0 0 0 0 0 0 0 0 0 0 0 0 0 0 0 
0 0 0 0 0 0 0 0 0 0 2.06092e+10 1.86766e+11 6.75923e+11 1.43949e+12 2.30554e+12 3.03918e+12 3.61592e+12 4.01174e+12 4.26918e+12 4.47083e+12 4.40069e+12 4.49039e+12 4.39522e+12 4.24462e+12 4.07786e+12 3.97244e+12 3.89428e+12 3.80824e+12 3.81058e+12 3.74644e+12 3.80652e+12 3.75346e+12 3.69221e+12 0 0 0 0 0 0 0 0 0 0 0 0 0 0 0 0 0 0 0 0 0 0 0 0 0 0 0 0 0 0 0 0 
0 0 0 0 0 0 0 0 0 0 5.29362e+09 1.30261e+11 7.79336e+11 2.39548e+12 4.8323e+12 7.6638e+12 1.03254e+13 1.25171e+13 1.41431e+13 1.53404e+13 1.63437e+13 1.68601e+13 1.73375e+13 1.71423e+13 1.74428e+13 1.7079e+13 1.71008e+13 1.67283e+13 1.68763e+13 1.71056e+13 1.69984e+13 1.65959e+13 1.65209e+13 0 0 0 0 0 0 0 0 0 0 0 0 0 0 0 0 0 0 0 0 0 0 0 0 0 0 0 0 0 0 0 0 
0 0 0 0 0 0 0 0 0 0 0 5.66021e+10 6.46088e+11 2.94821e+12 7.9165e+12 1.54633e+13 2.43185e+13 3.32946e+13 4.11157e+13 4.77716e+13 5.32179e+13 5.73551e+13 6.1355e+13 6.43633e+13 6.51093e+13 6.73859e+13 6.7711e+13 6.78865e+13 6.79334e+13 6.76058e+13 6.75622e+13 6.71869e+13 6.85738e+13 0 0 0 0 0 0 0 0 0 0 0 0 0 0 0 0 0 0 0 0 0 0 0 0 0 0 0 0 0 0 0 0 
0 0 0 0 0 0 0 0 0 0 0 1.15223e+10 3.54995e+11 2.63524e+12 1.00791e+13 2.47836e+13 4.68276e+13 7.32716e+13 1.02352e+14 1.29115e+14 1.52796e+14 1.76346e+14 1.92141e+14 2.0778e+14 2.21949e+14 2.29654e+14 2.34248e+14 2.46208e+14 2.44654e+14 2.48984e+14 2.47581e+14 2.54611e+14 2.51665e+14 0 0 0 0 0 0 0 0 0 0 0 0 0 0 0 0 0 0 0 0 0 0 0 0 0 0 0 0 0 0 0 0 
0 0 0 0 0 0 0 0 0 0 0 0 1.23556e+11 1.71043e+12 9.57727e+12 3.16446e+13 7.36299e+13 1.3602e+14 2.11344e+14 2.9693e+14 3.82252e+14 4.59506e+14 5.3456e+14 6.04313e+14 6.5888e+14 7.00644e+14 7.42144e+14 7.76835e+14 8.00645e+14 8.17547e+14 8.28955e+14 8.31928e+14 8.3949e+14 0 0 0 0 0 0 0 0 0 0 0 0 0 0 0 0 0 0 0 0 0 0 0 0 0 0 0 0 0 0 0 0 
0 0 0 0 0 0 0 0 0 0 0 0 2.05039e+10 7.60429e+11 6.74659e+12 3.11538e+13 9.22227e+13 2.04591e+14 3.71655e+14 5.81314e+14 8.23098e+14 1.07802e+15 1.33138e+15 1.53282e+15 1.75339e+15 1.95688e+15 2.11748e+15 2.2111e+15 2.36445e+15 2.43473e+15 2.51519e+15 2.50221e+15 2.56253e+15 0 0 0 0 0 0 0 0 0 0 0 0 0 0 0 0 0 0 0 0 0 0 0 0 0 0 0 0 0 0 0 0 
0 0 0 0 0 0 0 0 0 0 0 0 0 2.16968e+11 3.53249e+12 2.32543e+13 9.23225e+13 2.528e+14 5.40625e+14 9.63027e+14 1.49959e+15 2.13697e+15 2.80772e+15 3.52229e+15 4.19227e+15 4.78023e+15 5.30482e+15 5.90709e+15 6.19977e+15 6.47305e+15 6.64326e+15 6.8787e+15 6.87278e+15 0 0 0 0 0 0 0 0 0 0 0 0 0 0 0 0 0 0 0 0 0 0 0 0 0 0 0 0 0 0 0 0 
0 0 0 0 0 0 0 0 0 0 0 0 0 2.9983e+10 1.28709e+12 1.33037e+13 7.08998e+13 2.48793e+14 6.39351e+14 1.3271e+15 2.34574e+15 3.61349e+15 5.16401e+15 6.88399e+15 8.61992e+15 1.03067e+16 1.2029e+16 1.33452e+16 1.46115e+16 1.55508e+16 1.62896e+16 1.65218e+16 1.66133e+16 0 0 0 0 0 0 0 0 0 0 0 0 0 0 0 0 0 0 0 0 0 0 0 0 0 0 0 0 0 0 0 0 
0 0 0 0 0 0 0 0 0 0 0 0 0 0 3.05141e+11 5.70116e+12 4.30509e+13 1.95601e+14 6.21564e+14 1.51112e+15 3.03637e+15 5.30189e+15 8.20059e+15 1.16362e+16 1.54771e+16 1.96167e+16 2.34372e+16 2.68318e+16 3.01415e+16 3.26992e+16 3.48258e+16 3.63168e+16 3.62271e+16 0 0 0 0 0 0 0 0 0 0 0 0 0 0 0 0 0 0 0 0 0 0 0 0 0 0 0 0 0 0 0 0 
0 0 0 0 0 0 0 0 0 0 0 0 0 0 3.62859e+10 1.74438e+12 2.03355e+13 1.22127e+14 4.86237e+14 1.42559e+15 3.3183e+15 6.52695e+15 1.11444e+16 1.7081e+16 2.41798e+16 3.18549e+16 3.99092e+16 4.83131e+16 5.50002e+16 6.14342e+16 6.55824e+16 6.7868e+16 7.02053e+16 0 0 0 0 0 0 0 0 0 0 0 0 0 0 0 0 0 0 0 0 0 0 0 0 0 0 0 0 0 0 0 0 
0 0 0 0 0 0 0 0 0 0 0 0 0 0 0 3.46533e+11 7.30263e+12 6.14927e+13 3.10628e+14 1.10894e+15 3.01344e+15 6.71172e+15 1.28255e+16 2.16519e+16 3.28145e+16 4.60297e+16 6.05456e+16 7.45148e+16 8.8859e+16 1.00649e+17 1.09849e+17 1.16297e+17 1.16891e+17 0 0 0 0 0 0 0 0 0 0 0 0 0 0 0 0 0 0 0 0 0 0 0 0 0 0 0 0 0 0 0 0 
0 0 0 0 0 0 0 0 0 0 0 0 0 0 0 3.59037e+10 1.86925e+12 2.41804e+13 1.59898e+14 6.97367e+14 2.2749e+15 5.80343e+15 1.24788e+16 2.31234e+16 3.83318e+16 5.75844e+16 7.92892e+16 1.03034e+17 1.25681e+17 1.46727e+17 1.62912e+17 1.71889e+17 1.7651e+17 0 0 0 0 0 0 0 0 0 0 0 0 0 0 0 0 0 0 0 0 0 0 0 0 0 0 0 0 0 0 0 0 
0 0 0 0 0 0 0 0 0 0 0 0 0 0 0 0 3.27664e+11 7.30199e+12 6.75566e+13 3.72363e+14 1.43707e+15 4.2782e+15 1.02583e+16 2.11192e+16 3.79403e+16 6.08394e+16 8.97737e+16 1.22343e+17 1.55035e+17 1.82871e+17 2.05835e+17 2.2409e+17 2.28246e+17 0 0 0 0 0 0 0 0 0 0 0 0 0 0 0 0 0 0 0 0 0 0 0 0 0 0 0 0 0 0 0 0 
0 0 0 0 0 0 0 0 0 0 0 0 0 0 0 0 2.96407e+10 1.62827e+12 2.23748e+13 1.60271e+14 7.5602e+14 2.64284e+15 7.29232e+15 1.6564e+16 3.23424e+16 5.63349e+16 8.78929e+16 1.24351e+17 1.63601e+17 2.01697e+17 2.34515e+17 2.53847e+17 2.61385e+17 0 0 0 0 0 0 0 0 0 0 0 0 0 0 0 0 0 0 0 0 0 0 0 0 0 0 0 0 0 0 0 0 
0 0 0 0 0 0 0 0 0 0 0 0 0 0 0 0 0 2.4607e+11 5.81563e+12 5.7092e+13 3.32208e+14 1.36593e+15 4.31406e+15 1.1029e+16 2.39256e+16 4.45838e+16 7.39179e+16 1.11621e+17 1.52867e+17 1.95267e+17 2.29336e+17 2.51487e+17 2.60316e+17 0 0 0 0 0 0 0 0 0 0 0 0 0 0 0 0 0 0 0 0 0 0 0 0 0 0 0 0 0 0 0 0 
0 0 0 0 0 0 0 0 0 0 0 0 0 0 0 0 0 2.05096e+10 1.13621e+12 1.62072e+13 1.23782e+14 6.08075e+14 2.22558e+15 6.41422e+15 1.51858e+16 3.08894e+16 5.46398e+16 8.61933e+16 1.24951e+17 1.62596e+17 1.96553e+17 2.19377e+17 2.27675e+17 0 0 0 0 0 0 0 0 0 0 0 0 0 0 0 0 0 0 0 0 0 0 0 0 0 0 0 0 0 0 0 0 
0 0 0 0 0 0 0 0 0 0 0 0 0 0 0 0 0 0 1.51907e+11 3.72241e+12 3.71918e+13 2.27574e+14 9.64532e+14 3.16923e+15 8.34111e+15 1.84474e+16 3.54451e+16 5.91492e+16 8.77861e+16 1.1955e+17 1.47233e+17 1.67588e+17 1.74184e+17 0 0 0 0 0 0 0 0 0 0 0 0 0 0 0 0 0 0 0 0 0 0 0 0 0 0 0 0 0 0 0 0 
0 0 0 0 0 0 0 0 0 0 0 0 0 0 0 0 0 0 1.17167e+10 6.49175e+11 9.37843e+12 7.26123e+13 3.67189e+14 1.35803e+15 4.01728e+15 9.64228e+15 1.96993e+16 3.52667e+16 5.52804e+16 7.69991e+16 9.75511e+16 1.12052e+17 1.17003e+17 0 0 0 0 0 0 0 0 0 0 0 0 0 0 0 0 0 0 0 0 0 0 0 0 0 0 0 0 0 0 0 0 
0 0 0 0 0 0 0 0 0 0 0 0 0 0 0 0 0 0 0 7.74999e+10 1.9205e+12 1.92218e+13 1.19594e+14 5.078e+14 1.67266e+15 4.45607e+15 9.75706e+15 1.84341e+16 3.04065e+16 4.41988e+16 5.74215e+16 6.65703e+16 7.031e+16 0 0 0 0 0 0 0 0 0 0 0 0 0 0 0 0 0 0 0 0 0 0 0 0 0 0 0 0 0 0 0 0 
0 0 0 0 0 0 0 0 0 0 0 0 0 0 0 0 0 0 0 5.69863e+09 2.94057e+11 4.32351e+12 3.28873e+13 1.67423e+14 6.12194e+14 1.77245e+15 4.25361e+15 8.52838e+15 1.45542e+16 2.21895e+16 2.93983e+16 3.51391e+16 3.70673e+16 0 0 0 0 0 0 0 0 0 0 0 0 0 0 0 0 0 0 0 0 0 0 0 0 0 0 0 0 0 0 0 0 
0 0 0 0 0 0 0 0 0 0 0 0 0 0 0 0 0 0 0 0 3.28228e+10 7.83978e+11 7.71972e+12 4.73511e+13 1.98295e+14 6.42872e+14 1.65534e+15 3.52997e+15 6.49262e+15 9.99409e+15 1.36796e+16 1.64371e+16 1.7509e+16 0 0 0 0 0 0 0 0 0 0 0 0 0 0 0 0 0 0 0 0 0 0 0 0 0 0 0 0 0 0 0 0 
0 0 0 0 0 0 0 0 0 0 0 0 0 0 0 0 0 0 0 0 2.50056e+09 1.12274e+11 1.59382e+12 1.15828e+13 5.78755e+13 2.03054e+14 5.79181e+14 1.33125e+15 2.5197e+15 4.10525e+15 5.73704e+15 7.02683e+15 7.51521e+15 0 0 0 0 0 0 0 0 0 0 0 0 0 0 0 0 0 0 0 0 0 0 0 0 0 0 0 0 0 0 0 0 
0 0 0 0 0 0 0 0 0 0 0 0 0 0 0 0 0 0 0 0 0 1.16925e+10 2.60329e+11 2.47982e+12 1.43134e+13 5.85765e+13 1.78391e+14 4.36738e+14 8.88237e+14 1.50737e+15 2.173e+15 2.65734e+15 2.89223e+15 0 0 0 0 0 0 0 0 0 0 0 0 0 0 0 0 0 0 0 0 0 0 0 0 0 0 0 0 0 0 0 0 
0 0 0 0 0 0 0 0 0 0 0 0 0 0 0 0 0 0 0 0 0 9.39854e+08 3.51994e+10 4.55764e+11 3.21719e+12 1.48222e+13 5.03632e+13 1.34505e+14 2.84058e+14 5.07085e+14 7.42949e+14 9.46603e+14 9.95412e+14 0 0 0 0 0 0 0 0 0 0 0 0 0 0 0 0 0 0 0 0 0 0 0 0 0 0 0 0 0 0 0 0 
0 0 0 0 0 0 0 0 0 0 0 0 0 0 0 0 0 0 0 0 0 0 3.61009e+09 7.10555e+10 6.37574e+11 3.39495e+12 1.29257e+13 3.63526e+13 8.40778e+13 1.54888e+14 2.38582e+14 3.03331e+14 3.3132e+14 0 0 0 0 0 0 0 0 0 0 0 0 0 0 0 0 0 0 0 0 0 0 0 0 0 0 0 0 0 0 0 0 
0 0 0 0 0 0 0 0 0 0 0 0 0 0 0 0 0 0 0 0 0 0 3.3023e+08 9.27971e+09 1.08575e+11 7.14285e+11 2.91251e+12 9.36754e+12 2.20243e+13 4.23898e+13 6.67196e+13 8.87252e+13 9.60624e+13 0 0 0 0 0 0 0 0 0 0 0 0 0 0 0 0 0 0 0 0 0 0 0 0 0 0 0 0 0 0 0 0 
0 0 0 0 0 0 0 0 0 0 0 0 0 0 0 0 0 0 0 0 0 0 0 9.6336e+08 1.63422e+10 1.29149e+11 6.32759e+11 2.09056e+12 5.47778e+12 1.1258e+13 1.79599e+13 2.42137e+13 2.70369e+13 0 0 0 0 0 0 0 0 0 0 0 0 0 0 0 0 0 0 0 0 0 0 0 0 0 0 0 0 0 0 0 0 
0 0 0 0 0 0 0 0 0 0 0 0 0 0 0 0 0 0 0 0 0 0 0 1.07483e+08 2.16214e+09 2.12199e+10 1.22883e+11 4.44384e+11 1.23393e+12 2.65359e+12 4.49766e+12 6.03355e+12 6.65713e+12 0 0 0 0 0 0 0 0 0 0 0 0 0 0 0 0 0 0 0 0 0 0 0 0 0 0 0 0 0 0 0 0 
0 0 0 0 0 0 0 0 0 0 0 0 0 0 0 0 0 0 0 0 0 0 0 0 2.29221e+08 3.15873e+09 2.10533e+10 8.86775e+10 2.63133e+11 5.8412e+11 1.0439e+12 1.45272e+12 1.60823e+12 0 0 0 0 0 0 0 0 0 0 0 0 0 0 0 0 0 0 0 0 0 0 0 0 0 0 0 0 0 0 0 0 
0 0 0 0 0 0 0 0 0 0 0 0 0 0 0 0 0 0 0 0 0 0 0 0 3.20881e+07 4.41559e+08 3.39492e+09 1.65723e+10 5.27203e+10 1.26544e+11 2.32712e+11 3.24556e+11 3.692e+11 0 0 0 0 0 0 0 0 0 0 0 0 0 0 0 0 0 0 0 0 0 0 0 0 0 0 0 0 0 0 0 0 
0 0 0 0 0 0 0 0 0 0 0 0 0 0 0 0 0 0 0 0 0 0 0 0 0 4.6726e+07 5.32231e+08 2.93522e+09 1.04858e+10 2.57732e+10 4.8534e+10 6.86832e+10 7.94277e+10 0 0 0 0 0 0 0 0 0 0 0 0 0 0 0 0 0 0 0 0 0 0 0 0 0 0 0 0 0 0 0 0 
0 0 0 0 0 0 0 0 0 0 0 0 0 0 0 0 0 0 0 0 0 0 0 0 0 8.71898e+06 8.02115e+07 4.65381e+08 1.90808e+09 4.82475e+09 9.66238e+09 1.49832e+10 1.64042e+10 0 0 0 0 0 0 0 0 0 0 0 0 0 0 0 0 0 0 0 0 0 0 0 0 0 0 0 0 0 0 0 0 
0 0 0 0 0 0 0 0 0 0 0 0 0 0 0 0 0 0 0 0 0 0 0 0 0 0 8.0038e+06 7.93121e+07 3.38978e+08 9.75592e+08 2.0099e+09 2.94882e+09 3.37441e+09 0 0 0 0 0 0 0 0 0 0 0 0 0 0 0 0 0 0 0 0 0 0 0 0 0 0 0 0 0 0 0 0 
0 0 0 0 0 0 0 0 0 0 0 0 0 0 0 0 0 0 0 0 0 0 0 0 0 0 2.12508e+06 1.27645e+07 5.458e+07 1.83092e+08 3.77989e+08 5.69613e+08 6.97793e+08 0 0 0 0 0 0 0 0 0 0 0 0 0 0 0 0 0 0 0 0 0 0 0 0 0 0 0 0 0 0 0 0 
0 0 0 0 0 0 0 0 0 0 0 0 0 0 0 0 0 0 0 0 0 0 0 0 0 0 0 1.11625e+06 1.0423e+07 3.24638e+07 7.35271e+07 1.27193e+08 1.33964e+08 0 0 0 0 0 0 0 0 0 0 0 0 0 0 0 0 0 0 0 0 0 0 0 0 0 0 0 0 0 0 0 0 
0 0 0 0 0 0 0 0 0 0 0 0 0 0 0 0 0 0 0 0 0 0 0 0 0 0 0 434304 1.71664e+06 5.45347e+06 1.54216e+07 2.12782e+07 2.77313e+07 0 0 0 0 0 0 0 0 0 0 0 0 0 0 0 0 0 0 0 0 0 0 0 0 0 0 0 0 0 0 0 0 
0 0 0 0 0 0 0 0 0 0 0 0 0 0 0 0 0 0 0 0 0 0 0 0 0 0 0 0 114833 1.21584e+06 2.38818e+06 4.78345e+06 5.38105e+06 0 0 0 0 0 0 0 0 0 0 0 0 0 0 0 0 0 0 0 0 0 0 0 0 0 0 0 0 0 0 0 0 
0 0 0 0 0 0 0 0 0 0 0 0 0 0 0 0 0 0 0 0 0 0 0 0 0 0 0 0 74700.3 173345 450786 970665 911760 0 0 0 0 0 0 0 0 0 0 0 0 0 0 0 0 0 0 0 0 0 0 0 0 0 0 0 0 0 0 0 0 
0 0 0 0 0 0 0 0 0 0 0 0 0 0 0 0 0 0 0 0 0 0 0 0 0 0 0 0 0 7861.94 113097 110627 243249 0 0 0 0 0 0 0 0 0 0 0 0 0 0 0 0 0 0 0 0 0 0 0 0 0 0 0 0 0 0 0 0 
0 0 0 0 0 0 0 0 0 0 0 0 0 0 0 0 0 0 0 0 0 0 0 0 0 0 0 0 0 10123.2 11809.2 30861.8 36933.1 0 0 0 0 0 0 0 0 0 0 0 0 0 0 0 0 0 0 0 0 0 0 0 0 0 0 0 0 0 0 0 0 
0 0 0 0 0 0 0 0 0 0 0 0 0 0 0 0 0 0 0 0 0 0 0 0 0 0 0 0 0 0 266.472 7449.25 1852.6 0 0 0 0 0 0 0 0 0 0 0 0 0 0 0 0 0 0 0 0 0 0 0 0 0 0 0 0 0 0 0 0 
0 0 0 0 0 0 0 0 0 0 0 0 0 0 0 0 0 0 0 0 0 0 0 0 0 0 0 0 0 0 1005.23 390.895 1839.71 0 0 0 0 0 0 0 0 0 0 0 0 0 0 0 0 0 0 0 0 0 0 0 0 0 0 0 0 0 0 0 0 
0 0 0 0 0 0 0 0 0 0 0 0 0 0 0 0 0 0 0 0 0 0 0 0 0 0 0 0 0 0 0 0 252.756 0 0 0 0 0 0 0 0 0 0 0 0 0 0 0 0 0 0 0 0 0 0 0 0 0 0 0 0 0 0 0 0 
0 0 0 0 0 0 0 0 0 0 0 0 0 0 0 0 0 0 0 0 0 0 0 0 0 0 0 0 0 0 0 64.8537 0 0 0 0 0 0 0 0 0 0 0 0 0 0 0 0 0 0 0 0 0 0 0 0 0 0 0 0 0 0 0 0 0 
0 0 0 0 0 0 0 0 0 0 0 0 0 0 0 0 0 0 0 0 0 0 0 0 0 0 0 0 0 0 0 0 0 0 0 0 0 0 0 0 0 0 0 0 0 0 0 0 0 0 0 0 0 0 0 0 0 0 0 0 0 0 0 0 0 
0 0 0 0 0 0 0 0 0 0 0 0 0 0 0 0 0 0 0 0 0 0 0 0 0 0 0 0 0 0 0 0 2.02668 0 0 0 0 0 0 0 0 0 0 0 0 0 0 0 0 0 0 0 0 0 0 0 0 0 0 0 0 0 0 0 0 
