1 0 0 0 0 0 0 0 0 0 0 0 0 0 0 0 0 0 0 0 0 0 0 0 0 0 0 0 0 0 0 0 0 0 0 0 0 0 0 0 0 0 0 0 0 0 0 0 0 0 0 0 0 0 0 0 0 0 0 0 0 0 0 0 0 
0 0 0 0 0 0 0 0 0 0 0 0 0 0 0 0 0 0 0 0 0 0 0 0 0 0 0 0 0 0 0 0 0 0 0 0 0 0 0 0 0 0 0 0 0 0 0 0 0 0 0 0 0 0 0 0 0 0 0 0 0 0 0 0 0 
0 64 0 0 0 0 0 0 0 0 0 0 0 0 0 0 0 0 0 0 0 0 0 0 0 0 0 0 0 0 0 0 0 0 0 0 0 0 0 0 0 0 0 0 0 0 0 0 0 0 0 0 0 0 0 0 0 0 0 0 0 0 0 0 0 
0 0 128 0 0 0 0 0 0 0 0 0 0 0 0 0 0 0 0 0 0 0 0 0 0 0 0 0 0 0 0 0 0 0 0 0 0 0 0 0 0 0 0 0 0 0 0 0 0 0 0 0 0 0 0 0 0 0 0 0 0 0 0 0 0 
0 0 1888 398.859 65.712 0 0 0 0 0 0 0 0 0 0 0 0 0 0 0 0 0 0 0 0 0 0 0 0 0 0 0 0 0 0 0 0 0 0 0 0 0 0 0 0 0 0 0 0 0 0 0 0 0 0 0 0 0 0 0 0 0 0 0 0 
0 0 0 7138.28 1189.22 550.634 138.972 0 0 0 0 0 0 0 0 0 0 0 0 0 0 0 0 0 0 0 0 0 0 0 0 0 0 0 0 0 0 0 0 0 0 0 0 0 0 0 0 0 0 0 0 0 0 0 0 0 0 0 0 0 0 0 0 0 0 
0 0 0 34126.9 27354.8 7079.98 2543.05 1502.23 425.646 60.7531 0 0 0 0 0 0 0 0 0 0 0 0 0 0 0 0 0 0 0 0 0 0 0 0 0 0 0 0 0 0 0 0 0 0 0 0 0 0 0 0 0 0 0 0 0 0 0 0 0 0 0 0 0 0 0 
0 0 0 0 183508 97234.5 43786.2 18550.4 8987.78 5262.04 2061.52 588.453 135.479 0 0 0 0 0 0 0 0 0 0 0 0 0 0 0 0 0 0 0 0 0 0 0 0 0 0 0 0 0 0 0 0 0 0 0 0 0 0 0 0 0 0 0 0 0 0 0 0 0 0 0 0 
0 0 0 0 423258 833342 412944 222840 129434 63307 37012 18523 10031.6 4663.18 1017.84 412.261 93.7953 0 0 0 0 0 0 0 17.0125 0 0 0 0 0 0 0 19.068 0 0 0 0 0 0 0 0 0 0 0 0 0 0 0 0 0 0 0 0 0 0 0 0 0 0 0 0 0 0 0 0 
0 0 0 0 0 2.8515e+06 3.33326e+06 2.00284e+06 1.18463e+06 758974 434889 265751 152667 92716.7 55718.7 32690.4 15177.9 5655.76 2469.45 842.035 458.133 233.593 247.031 257.914 0 266.972 226.358 297.233 298.443 291.668 273.781 287.84 0 0 0 0 0 0 0 0 0 0 0 0 0 0 0 0 0 0 0 0 0 0 0 0 0 0 0 0 0 0 0 0 0 
0 0 0 0 0 3.83481e+06 1.46534e+07 1.36107e+07 9.2582e+06 6.08689e+06 4.14197e+06 2.67189e+06 1.82875e+06 1.08896e+06 779374 478690 334162 218997 119686 71415.1 43992.2 23183.6 12708.9 11568.1 11782 11111.1 10163.6 11164.8 8625.08 10456.1 9902.57 9209.59 10617.8 0 0 0 0 0 0 0 0 0 0 0 0 0 0 0 0 0 0 0 0 0 0 0 0 0 0 0 0 0 0 0 0 
0 0 0 0 0 0 3.02107e+07 6.40536e+07 5.75511e+07 4.27795e+07 3.2489e+07 2.24946e+07 1.55573e+07 1.12362e+07 8.11169e+06 5.65015e+06 3.89704e+06 2.89618e+06 2.25946e+06 1.40772e+06 956384 687023 482579 366862 297261 236942 253413 238082 230195 225934 208759 202803 196004 0 0 0 0 0 0 0 0 0 0 0 0 0 0 0 0 0 0 0 0 0 0 0 0 0 0 0 0 0 0 0 0 
0 0 0 0 0 0 2.63176e+07 1.68617e+08 2.64293e+08 2.45698e+08 1.98364e+08 1.56789e+08 1.20061e+08 9.11968e+07 6.50048e+07 5.19669e+07 4.11365e+07 3.07143e+07 2.23482e+07 1.82303e+07 1.38211e+07 9.80804e+06 7.99416e+06 6.47095e+06 5.4172e+06 4.91594e+06 4.2339e+06 3.93375e+06 3.40956e+06 3.47276e+06 3.2618e+06 2.98553e+06 3.31673e+06 0 0 0 0 0 0 0 0 0 0 0 0 0 0 0 0 0 0 0 0 0 0 0 0 0 0 0 0 0 0 0 0 
0 0 0 0 0 0 0 2.32958e+08 7.84088e+08 1.0685e+09 1.0291e+09 9.03076e+08 7.47591e+08 6.0469e+08 4.97475e+08 3.85261e+08 3.05817e+08 2.54916e+08 2.04946e+08 1.59369e+08 1.3216e+08 1.06994e+08 8.81842e+07 7.59078e+07 6.72647e+07 5.6687e+07 5.17491e+07 4.96267e+07 4.33082e+07 4.10903e+07 3.69597e+07 3.81372e+07 3.8772e+07 0 0 0 0 0 0 0 0 0 0 0 0 0 0 0 0 0 0 0 0 0 0 0 0 0 0 0 0 0 0 0 0 
0 0 0 0 0 0 0 1.39732e+08 1.38367e+09 3.32481e+09 4.29629e+09 4.31979e+09 3.98124e+09 3.48957e+09 2.95347e+09 2.52795e+09 2.11055e+09 1.84477e+09 1.49963e+09 1.28109e+09 1.09774e+09 9.15208e+08 7.88354e+08 6.56818e+08 6.01474e+08 5.72753e+08 5.02947e+08 4.62362e+08 4.27507e+08 3.76706e+08 3.76842e+08 3.64793e+08 3.88462e+08 0 0 0 0 0 0 0 0 0 0 0 0 0 0 0 0 0 0 0 0 0 0 0 0 0 0 0 0 0 0 0 0 
0 0 0 0 0 0 0 0 1.33925e+09 6.64907e+09 1.31609e+10 1.68223e+10 1.76923e+10 1.7429e+10 1.5926e+10 1.39043e+10 1.26312e+10 1.09675e+10 1.00228e+10 8.44842e+09 7.13177e+09 6.43538e+09 5.64179e+09 5.06271e+09 4.71391e+09 4.30842e+09 3.99497e+09 3.70657e+09 3.3814e+09 3.21797e+09 3.11038e+09 3.19894e+09 3.09761e+09 0 0 0 0 0 0 0 0 0 0 0 0 0 0 0 0 0 0 0 0 0 0 0 0 0 0 0 0 0 0 0 0 
0 0 0 0 0 0 0 0 5.86733e+08 8.30037e+09 2.83788e+10 5.03879e+10 6.47073e+10 7.03036e+10 7.15657e+10 6.77389e+10 6.31076e+10 5.73271e+10 5.23112e+10 4.73742e+10 4.54039e+10 4.02487e+10 3.62925e+10 3.26914e+10 3.09679e+10 2.81809e+10 2.69646e+10 2.47356e+10 2.43111e+10 2.344e+10 2.21603e+10 2.19546e+10 2.18706e+10 0 0 0 0 0 0 0 0 0 0 0 0 0 0 0 0 0 0 0 0 0 0 0 0 0 0 0 0 0 0 0 0 
0 0 0 0 0 0 0 0 0 5.93037e+09 4.09693e+10 1.11666e+11 1.86224e+11 2.40375e+11 2.73891e+11 2.86867e+11 2.79302e+11 2.72774e+11 2.65585e+11 2.45438e+11 2.29999e+11 2.19309e+11 2.03303e+11 1.89317e+11 1.77332e+11 1.69604e+11 1.60458e+11 1.52109e+11 1.44374e+11 1.37597e+11 1.35995e+11 1.35205e+11 1.30536e+11 0 0 0 0 0 0 0 0 0 0 0 0 0 0 0 0 0 0 0 0 0 0 0 0 0 0 0 0 0 0 0 0 
0 0 0 0 0 0 0 0 0 1.97207e+09 3.75569e+10 1.74337e+11 4.10988e+11 6.61559e+11 8.67907e+11 1.0239e+12 1.10363e+12 1.11677e+12 1.10982e+12 1.09966e+12 1.08302e+12 1.03262e+12 1.00521e+12 9.67855e+11 9.05773e+11 8.89894e+11 8.59088e+11 8.25813e+11 8.13582e+11 7.94845e+11 7.55455e+11 7.46522e+11 7.51741e+11 0 0 0 0 0 0 0 0 0 0 0 0 0 0 0 0 0 0 0 0 0 0 0 0 0 0 0 0 0 0 0 0 
0 0 0 0 0 0 0 0 0 0 2.05317e+10 1.85926e+11 6.73641e+11 1.455e+12 2.2986e+12 3.03813e+12 3.65522e+12 4.0708e+12 4.26278e+12 4.50109e+12 4.51557e+12 4.45389e+12 4.40875e+12 4.27748e+12 4.3706e+12 4.2745e+12 4.05489e+12 3.95829e+12 3.84271e+12 3.79814e+12 3.83311e+12 3.75813e+12 3.65771e+12 0 0 0 0 0 0 0 0 0 0 0 0 0 0 0 0 0 0 0 0 0 0 0 0 0 0 0 0 0 0 0 0 
0 0 0 0 0 0 0 0 0 0 5.31474e+09 1.31192e+11 7.83295e+11 2.39173e+12 4.83481e+12 7.61828e+12 1.02628e+13 1.2496e+13 1.43541e+13 1.54923e+13 1.65996e+13 1.72715e+13 1.74989e+13 1.79375e+13 1.75114e+13 1.75485e+13 1.75274e+13 1.72919e+13 1.76107e+13 1.73278e+13 1.67613e+13 1.66737e+13 1.73282e+13 0 0 0 0 0 0 0 0 0 0 0 0 0 0 0 0 0 0 0 0 0 0 0 0 0 0 0 0 0 0 0 0 
0 0 0 0 0 0 0 0 0 0 0 5.62216e+10 6.43126e+11 2.93273e+12 7.94556e+12 1.55092e+13 2.42694e+13 3.32828e+13 4.11783e+13 4.80886e+13 5.35525e+13 5.83469e+13 6.11397e+13 6.41706e+13 6.55111e+13 6.66884e+13 6.7958e+13 6.98754e+13 6.91495e+13 6.79117e+13 6.71249e+13 6.93069e+13 6.87226e+13 0 0 0 0 0 0 0 0 0 0 0 0 0 0 0 0 0 0 0 0 0 0 0 0 0 0 0 0 0 0 0 0 
0 0 0 0 0 0 0 0 0 0 0 1.16373e+10 3.56647e+11 2.64661e+12 1.00558e+13 2.47859e+13 4.70836e+13 7.3962e+13 1.02573e+14 1.29415e+14 1.53714e+14 1.75265e+14 1.93556e+14 2.08939e+14 2.23442e+14 2.33346e+14 2.39257e+14 2.4162e+14 2.44887e+14 2.45599e+14 2.4929e+14 2.56146e+14 2.49731e+14 0 0 0 0 0 0 0 0 0 0 0 0 0 0 0 0 0 0 0 0 0 0 0 0 0 0 0 0 0 0 0 0 
0 0 0 0 0 0 0 0 0 0 0 0 1.22272e+11 1.71314e+12 9.5523e+12 3.15889e+13 7.34825e+13 1.35211e+14 2.12565e+14 2.99536e+14 3.8266e+14 4.63604e+14 5.42911e+14 6.03042e+14 6.59496e+14 7.10168e+14 7.5129e+14 7.85546e+14 7.97456e+14 8.25561e+14 8.38573e+14 8.40552e+14 8.37001e+14 0 0 0 0 0 0 0 0 0 0 0 0 0 0 0 0 0 0 0 0 0 0 0 0 0 0 0 0 0 0 0 0 
0 0 0 0 0 0 0 0 0 0 0 0 2.07552e+10 7.58561e+11 6.79969e+12 3.11997e+13 9.22616e+13 2.04578e+14 3.70319e+14 5.80316e+14 8.20956e+14 1.06498e+15 1.30083e+15 1.5385e+15 1.75934e+15 1.95767e+15 2.12621e+15 2.25314e+15 2.34949e+15 2.45444e+15 2.50092e+15 2.51244e+15 2.57041e+15 0 0 0 0 0 0 0 0 0 0 0 0 0 0 0 0 0 0 0 0 0 0 0 0 0 0 0 0 0 0 0 0 
0 0 0 0 0 0 0 0 0 0 0 0 0 2.14926e+11 3.51571e+12 2.32212e+13 9.17962e+13 2.52604e+14 5.39216e+14 9.57447e+14 1.50815e+15 2.12063e+15 2.80826e+15 3.47913e+15 4.13615e+15 4.73906e+15 5.27552e+15 5.73226e+15 6.12267e+15 6.50284e+15 6.74469e+15 6.98859e+15 6.96728e+15 0 0 0 0 0 0 0 0 0 0 0 0 0 0 0 0 0 0 0 0 0 0 0 0 0 0 0 0 0 0 0 0 
0 0 0 0 0 0 0 0 0 0 0 0 0 3.02994e+10 1.28077e+12 1.33832e+13 7.12195e+13 2.48934e+14 6.3956e+14 1.33119e+15 2.31495e+15 3.67381e+15 5.16824e+15 6.85809e+15 8.57934e+15 1.02415e+16 1.18046e+16 1.33462e+16 1.4551e+16 1.54462e+16 1.62472e+16 1.65115e+16 1.65608e+16 0 0 0 0 0 0 0 0 0 0 0 0 0 0 0 0 0 0 0 0 0 0 0 0 0 0 0 0 0 0 0 0 
0 0 0 0 0 0 0 0 0 0 0 0 0 0 3.03234e+11 5.66622e+12 4.32965e+13 1.95335e+14 6.2095e+14 1.51014e+15 3.06179e+15 5.26523e+15 8.22807e+15 1.17855e+16 1.5528e+16 1.94569e+16 2.34913e+16 2.68476e+16 3.02373e+16 3.27056e+16 3.43756e+16 3.54918e+16 3.6066e+16 0 0 0 0 0 0 0 0 0 0 0 0 0 0 0 0 0 0 0 0 0 0 0 0 0 0 0 0 0 0 0 0 
0 0 0 0 0 0 0 0 0 0 0 0 0 0 3.63874e+10 1.73104e+12 2.03062e+13 1.2269e+14 4.88774e+14 1.42401e+15 3.32096e+15 6.49901e+15 1.11034e+16 1.69523e+16 2.4186e+16 3.21716e+16 4.00386e+16 4.82925e+16 5.4973e+16 6.11985e+16 6.57105e+16 6.87773e+16 6.92566e+16 0 0 0 0 0 0 0 0 0 0 0 0 0 0 0 0 0 0 0 0 0 0 0 0 0 0 0 0 0 0 0 0 
0 0 0 0 0 0 0 0 0 0 0 0 0 0 0 3.46216e+11 7.21312e+12 6.15352e+13 3.08248e+14 1.1057e+15 3.00884e+15 6.73089e+15 1.2859e+16 2.1737e+16 3.30012e+16 4.60088e+16 6.04433e+16 7.51803e+16 8.9132e+16 1.0019e+17 1.09796e+17 1.15715e+17 1.18271e+17 0 0 0 0 0 0 0 0 0 0 0 0 0 0 0 0 0 0 0 0 0 0 0 0 0 0 0 0 0 0 0 0 
0 0 0 0 0 0 0 0 0 0 0 0 0 0 0 3.55481e+10 1.86756e+12 2.40952e+13 1.61804e+14 7.0559e+14 2.27225e+15 5.82683e+15 1.24806e+16 2.30289e+16 3.81602e+16 5.75295e+16 7.96073e+16 1.02417e+17 1.25625e+17 1.46926e+17 1.61924e+17 1.72261e+17 1.76177e+17 0 0 0 0 0 0 0 0 0 0 0 0 0 0 0 0 0 0 0 0 0 0 0 0 0 0 0 0 0 0 0 0 
0 0 0 0 0 0 0 0 0 0 0 0 0 0 0 0 3.22719e+11 7.23446e+12 6.70192e+13 3.67088e+14 1.4421e+15 4.28094e+15 1.02706e+16 2.12048e+16 3.78587e+16 6.09347e+16 8.95945e+16 1.21276e+17 1.53902e+17 1.83389e+17 2.08194e+17 2.23584e+17 2.27185e+17 0 0 0 0 0 0 0 0 0 0 0 0 0 0 0 0 0 0 0 0 0 0 0 0 0 0 0 0 0 0 0 0 
0 0 0 0 0 0 0 0 0 0 0 0 0 0 0 0 2.89717e+10 1.61656e+12 2.23203e+13 1.62157e+14 7.49976e+14 2.62872e+15 7.30409e+15 1.6516e+16 3.24595e+16 5.62046e+16 8.77809e+16 1.25829e+17 1.64867e+17 2.02074e+17 2.34148e+17 2.53764e+17 2.62109e+17 0 0 0 0 0 0 0 0 0 0 0 0 0 0 0 0 0 0 0 0 0 0 0 0 0 0 0 0 0 0 0 0 
0 0 0 0 0 0 0 0 0 0 0 0 0 0 0 0 0 2.44718e+11 5.8123e+12 5.7185e+13 3.34571e+14 1.36741e+15 4.28483e+15 1.10622e+16 2.4012e+16 4.48129e+16 7.42052e+16 1.11103e+17 1.53626e+17 1.95643e+17 2.27995e+17 2.52586e+17 2.62299e+17 0 0 0 0 0 0 0 0 0 0 0 0 0 0 0 0 0 0 0 0 0 0 0 0 0 0 0 0 0 0 0 0 
0 0 0 0 0 0 0 0 0 0 0 0 0 0 0 0 0 1.98303e+10 1.12982e+12 1.62021e+13 1.23758e+14 6.0248e+14 2.22874e+15 6.40668e+15 1.50923e+16 3.06187e+16 5.47748e+16 8.69759e+16 1.23302e+17 1.6243e+17 1.97745e+17 2.19868e+17 2.25945e+17 0 0 0 0 0 0 0 0 0 0 0 0 0 0 0 0 0 0 0 0 0 0 0 0 0 0 0 0 0 0 0 0 
0 0 0 0 0 0 0 0 0 0 0 0 0 0 0 0 0 0 1.50721e+11 3.69337e+12 3.75734e+13 2.29639e+14 9.61742e+14 3.16088e+15 8.34797e+15 1.86148e+16 3.51804e+16 5.89205e+16 8.87708e+16 1.18847e+17 1.47121e+17 1.6674e+17 1.74477e+17 0 0 0 0 0 0 0 0 0 0 0 0 0 0 0 0 0 0 0 0 0 0 0 0 0 0 0 0 0 0 0 0 
0 0 0 0 0 0 0 0 0 0 0 0 0 0 0 0 0 0 1.14652e+10 6.3505e+11 9.23992e+12 7.29294e+13 3.67656e+14 1.35203e+15 3.99152e+15 9.62928e+15 1.96831e+16 3.49434e+16 5.49475e+16 7.71908e+16 9.73356e+16 1.1179e+17 1.17189e+17 0 0 0 0 0 0 0 0 0 0 0 0 0 0 0 0 0 0 0 0 0 0 0 0 0 0 0 0 0 0 0 0 
0 0 0 0 0 0 0 0 0 0 0 0 0 0 0 0 0 0 0 7.6557e+10 1.88358e+12 1.91119e+13 1.18081e+14 5.11463e+14 1.67052e+15 4.35619e+15 9.73252e+15 1.83601e+16 3.03004e+16 4.41348e+16 5.70342e+16 6.67581e+16 7.00114e+16 0 0 0 0 0 0 0 0 0 0 0 0 0 0 0 0 0 0 0 0 0 0 0 0 0 0 0 0 0 0 0 0 
0 0 0 0 0 0 0 0 0 0 0 0 0 0 0 0 0 0 0 5.55338e+09 2.94998e+11 4.25471e+12 3.30457e+13 1.67489e+14 6.19968e+14 1.80215e+15 4.26581e+15 8.55777e+15 1.47225e+16 2.21035e+16 2.95873e+16 3.50659e+16 3.68935e+16 0 0 0 0 0 0 0 0 0 0 0 0 0 0 0 0 0 0 0 0 0 0 0 0 0 0 0 0 0 0 0 0 
0 0 0 0 0 0 0 0 0 0 0 0 0 0 0 0 0 0 0 0 3.21698e+10 7.7512e+11 7.72643e+12 4.6251e+13 2.00449e+14 6.44603e+14 1.6496e+15 3.55137e+15 6.41445e+15 1.01847e+16 1.36738e+16 1.64658e+16 1.7648e+16 0 0 0 0 0 0 0 0 0 0 0 0 0 0 0 0 0 0 0 0 0 0 0 0 0 0 0 0 0 0 0 0 
0 0 0 0 0 0 0 0 0 0 0 0 0 0 0 0 0 0 0 0 2.42183e+09 1.10564e+11 1.55959e+12 1.16369e+13 5.63755e+13 2.05063e+14 5.74737e+14 1.31013e+15 2.51605e+15 4.02928e+15 5.77161e+15 6.99407e+15 7.4883e+15 0 0 0 0 0 0 0 0 0 0 0 0 0 0 0 0 0 0 0 0 0 0 0 0 0 0 0 0 0 0 0 0 
0 0 0 0 0 0 0 0 0 0 0 0 0 0 0 0 0 0 0 0 0 1.15416e+10 2.57585e+11 2.45128e+12 1.43052e+13 5.84343e+13 1.80985e+14 4.39844e+14 8.81995e+14 1.4974e+15 2.15092e+15 2.68474e+15 2.87377e+15 0 0 0 0 0 0 0 0 0 0 0 0 0 0 0 0 0 0 0 0 0 0 0 0 0 0 0 0 0 0 0 0 
0 0 0 0 0 0 0 0 0 0 0 0 0 0 0 0 0 0 0 0 0 9.2191e+08 3.44274e+10 4.51131e+11 3.18218e+12 1.48043e+13 5.085e+13 1.32648e+14 2.84309e+14 4.97747e+14 7.33588e+14 9.25816e+14 1.00014e+15 0 0 0 0 0 0 0 0 0 0 0 0 0 0 0 0 0 0 0 0 0 0 0 0 0 0 0 0 0 0 0 0 
0 0 0 0 0 0 0 0 0 0 0 0 0 0 0 0 0 0 0 0 0 0 3.48189e+09 7.08942e+10 6.19144e+11 3.35611e+12 1.26855e+13 3.71834e+13 8.24664e+13 1.54434e+14 2.29907e+14 2.97384e+14 3.25475e+14 0 0 0 0 0 0 0 0 0 0 0 0 0 0 0 0 0 0 0 0 0 0 0 0 0 0 0 0 0 0 0 0 
0 0 0 0 0 0 0 0 0 0 0 0 0 0 0 0 0 0 0 0 0 0 3.24093e+08 9.12774e+09 1.07175e+11 6.85828e+11 3.00246e+12 9.27111e+12 2.22659e+13 4.32472e+13 6.87294e+13 8.87931e+13 9.70558e+13 0 0 0 0 0 0 0 0 0 0 0 0 0 0 0 0 0 0 0 0 0 0 0 0 0 0 0 0 0 0 0 0 
0 0 0 0 0 0 0 0 0 0 0 0 0 0 0 0 0 0 0 0 0 0 0 9.35805e+08 1.59884e+10 1.2972e+11 6.02211e+11 2.1066e+12 5.50554e+12 1.1135e+13 1.84657e+13 2.45621e+13 2.66509e+13 0 0 0 0 0 0 0 0 0 0 0 0 0 0 0 0 0 0 0 0 0 0 0 0 0 0 0 0 0 0 0 0 
0 0 0 0 0 0 0 0 0 0 0 0 0 0 0 0 0 0 0 0 0 0 0 1.04823e+08 2.09091e+09 2.00899e+10 1.19109e+11 4.51629e+11 1.2414e+12 2.64006e+12 4.58915e+12 6.22875e+12 6.91102e+12 0 0 0 0 0 0 0 0 0 0 0 0 0 0 0 0 0 0 0 0 0 0 0 0 0 0 0 0 0 0 0 0 
0 0 0 0 0 0 0 0 0 0 0 0 0 0 0 0 0 0 0 0 0 0 0 0 2.1678e+08 3.04822e+09 2.07789e+10 8.79209e+10 2.70585e+11 6.05324e+11 1.05284e+12 1.44527e+12 1.60848e+12 0 0 0 0 0 0 0 0 0 0 0 0 0 0 0 0 0 0 0 0 0 0 0 0 0 0 0 0 0 0 0 0 
0 0 0 0 0 0 0 0 0 0 0 0 0 0 0 0 0 0 0 0 0 0 0 0 3.21894e+07 4.1696e+08 3.26788e+09 1.65408e+10 5.22403e+10 1.27887e+11 2.38856e+11 3.35954e+11 3.77019e+11 0 0 0 0 0 0 0 0 0 0 0 0 0 0 0 0 0 0 0 0 0 0 0 0 0 0 0 0 0 0 0 0 
0 0 0 0 0 0 0 0 0 0 0 0 0 0 0 0 0 0 0 0 0 0 0 0 0 4.46835e+07 5.3368e+08 2.93606e+09 9.88289e+09 2.5875e+10 4.88973e+10 7.0806e+10 7.92805e+10 0 0 0 0 0 0 0 0 0 0 0 0 0 0 0 0 0 0 0 0 0 0 0 0 0 0 0 0 0 0 0 0 
0 0 0 0 0 0 0 0 0 0 0 0 0 0 0 0 0 0 0 0 0 0 0 0 0 8.80702e+06 7.87747e+07 4.77557e+08 1.89788e+09 4.8388e+09 9.61756e+09 1.47478e+10 1.65922e+10 0 0 0 0 0 0 0 0 0 0 0 0 0 0 0 0 0 0 0 0 0 0 0 0 0 0 0 0 0 0 0 0 
0 0 0 0 0 0 0 0 0 0 0 0 0 0 0 0 0 0 0 0 0 0 0 0 0 0 7.72353e+06 8.25597e+07 3.35228e+08 9.17539e+08 2.01482e+09 2.96823e+09 3.37017e+09 0 0 0 0 0 0 0 0 0 0 0 0 0 0 0 0 0 0 0 0 0 0 0 0 0 0 0 0 0 0 0 0 
0 0 0 0 0 0 0 0 0 0 0 0 0 0 0 0 0 0 0 0 0 0 0 0 0 0 2.14248e+06 1.24664e+07 5.56241e+07 1.84791e+08 3.64023e+08 5.89756e+08 6.82839e+08 0 0 0 0 0 0 0 0 0 0 0 0 0 0 0 0 0 0 0 0 0 0 0 0 0 0 0 0 0 0 0 0 
0 0 0 0 0 0 0 0 0 0 0 0 0 0 0 0 0 0 0 0 0 0 0 0 0 0 0 1.07386e+06 1.12269e+07 3.27782e+07 6.97432e+07 1.20895e+08 1.31416e+08 0 0 0 0 0 0 0 0 0 0 0 0 0 0 0 0 0 0 0 0 0 0 0 0 0 0 0 0 0 0 0 0 
0 0 0 0 0 0 0 0 0 0 0 0 0 0 0 0 0 0 0 0 0 0 0 0 0 0 0 439922 1.62234e+06 5.46101e+06 1.55264e+07 2.19564e+07 2.80692e+07 0 0 0 0 0 0 0 0 0 0 0 0 0 0 0 0 0 0 0 0 0 0 0 0 0 0 0 0 0 0 0 0 
0 0 0 0 0 0 0 0 0 0 0 0 0 0 0 0 0 0 0 0 0 0 0 0 0 0 0 0 113219 1.32303e+06 2.40312e+06 4.70651e+06 5.23358e+06 0 0 0 0 0 0 0 0 0 0 0 0 0 0 0 0 0 0 0 0 0 0 0 0 0 0 0 0 0 0 0 0 
0 0 0 0 0 0 0 0 0 0 0 0 0 0 0 0 0 0 0 0 0 0 0 0 0 0 0 0 75242.4 166406 445757 961403 932092 0 0 0 0 0 0 0 0 0 0 0 0 0 0 0 0 0 0 0 0 0 0 0 0 0 0 0 0 0 0 0 0 
0 0 0 0 0 0 0 0 0 0 0 0 0 0 0 0 0 0 0 0 0 0 0 0 0 0 0 0 0 7688.22 121290 110921 238771 0 0 0 0 0 0 0 0 0 0 0 0 0 0 0 0 0 0 0 0 0 0 0 0 0 0 0 0 0 0 0 0 
0 0 0 0 0 0 0 0 0 0 0 0 0 0 0 0 0 0 0 0 0 0 0 0 0 0 0 0 0 10186.3 11218.6 32523.1 36841.5 0 0 0 0 0 0 0 0 0 0 0 0 0 0 0 0 0 0 0 0 0 0 0 0 0 0 0 0 0 0 0 0 
0 0 0 0 0 0 0 0 0 0 0 0 0 0 0 0 0 0 0 0 0 0 0 0 0 0 0 0 0 0 247.22 7951.14 1980.49 0 0 0 0 0 0 0 0 0 0 0 0 0 0 0 0 0 0 0 0 0 0 0 0 0 0 0 0 0 0 0 0 
0 0 0 0 0 0 0 0 0 0 0 0 0 0 0 0 0 0 0 0 0 0 0 0 0 0 0 0 0 0 1014.55 372.332 1956.7 0 0 0 0 0 0 0 0 0 0 0 0 0 0 0 0 0 0 0 0 0 0 0 0 0 0 0 0 0 0 0 0 
0 0 0 0 0 0 0 0 0 0 0 0 0 0 0 0 0 0 0 0 0 0 0 0 0 0 0 0 0 0 0 0 263.03 0 0 0 0 0 0 0 0 0 0 0 0 0 0 0 0 0 0 0 0 0 0 0 0 0 0 0 0 0 0 0 0 
0 0 0 0 0 0 0 0 0 0 0 0 0 0 0 0 0 0 0 0 0 0 0 0 0 0 0 0 0 0 0 65.455 0 0 0 0 0 0 0 0 0 0 0 0 0 0 0 0 0 0 0 0 0 0 0 0 0 0 0 0 0 0 0 0 0 
0 0 0 0 0 0 0 0 0 0 0 0 0 0 0 0 0 0 0 0 0 0 0 0 0 0 0 0 0 0 0 0 0 0 0 0 0 0 0 0 0 0 0 0 0 0 0 0 0 0 0 0 0 0 0 0 0 0 0 0 0 0 0 0 0 
0 0 0 0 0 0 0 0 0 0 0 0 0 0 0 0 0 0 0 0 0 0 0 0 0 0 0 0 0 0 0 0 2.04547 0 0 0 0 0 0 0 0 0 0 0 0 0 0 0 0 0 0 0 0 0 0 0 0 0 0 0 0 0 0 0 0 
