1 0 0 0 0 0 0 0 0 0 0 0 0 0 0 0 0 0 0 0 0 0 0 0 0 0 0 0 0 0 0 0 0 0 0 0 0 0 0 0 0 0 0 0 0 0 0 0 0 0 0 0 0 0 0 0 0 0 0 0 0 0 0 0 0 
0 0 0 0 0 0 0 0 0 0 0 0 0 0 0 0 0 0 0 0 0 0 0 0 0 0 0 0 0 0 0 0 0 0 0 0 0 0 0 0 0 0 0 0 0 0 0 0 0 0 0 0 0 0 0 0 0 0 0 0 0 0 0 0 0 
0 64 0 0 0 0 0 0 0 0 0 0 0 0 0 0 0 0 0 0 0 0 0 0 0 0 0 0 0 0 0 0 0 0 0 0 0 0 0 0 0 0 0 0 0 0 0 0 0 0 0 0 0 0 0 0 0 0 0 0 0 0 0 0 0 
0 0 128 0 0 0 0 0 0 0 0 0 0 0 0 0 0 0 0 0 0 0 0 0 0 0 0 0 0 0 0 0 0 0 0 0 0 0 0 0 0 0 0 0 0 0 0 0 0 0 0 0 0 0 0 0 0 0 0 0 0 0 0 0 0 
0 0 1888 391.307 68.4787 0 0 0 0 0 0 0 0 0 0 0 0 0 0 0 0 0 0 0 0 0 0 0 0 0 0 0 0 0 0 0 0 0 0 0 0 0 0 0 0 0 0 0 0 0 0 0 0 0 0 0 0 0 0 0 0 0 0 0 0 
0 0 0 7153.39 1127.83 456.731 121.704 0 0 0 0 0 0 0 0 0 0 0 0 0 0 0 0 0 0 0 0 0 0 0 0 0 0 0 0 0 0 0 0 0 0 0 0 0 0 0 0 0 0 0 0 0 0 0 0 0 0 0 0 0 0 0 0 0 0 
0 0 0 34119.3 27503.6 6837.29 2211.28 1432.83 348.672 54.5962 0 0 0 0 0 0 0 0 0 0 0 0 0 0 0 0 0 0 0 0 0 0 0 0 0 0 0 0 0 0 0 0 0 0 0 0 0 0 0 0 0 0 0 0 0 0 0 0 0 0 0 0 0 0 0 
0 0 0 0 183383 96993.4 42926.2 16792.8 8483.41 5234.13 2015.3 560.404 114.976 0 0 0 0 0 0 0 0 0 0 0 0 0 0 0 0 0 0 0 0 0 0 0 0 0 0 0 0 0 0 0 0 0 0 0 0 0 0 0 0 0 0 0 0 0 0 0 0 0 0 0 0 
0 0 0 0 423293 832360 413228 227648 128072 62733.8 34353.5 18620.6 8999.86 4691.63 1534.68 322.386 104.486 0 0 0 0 0 0 0 12.0995 0 0 0 0 0 0 0 13.3962 0 0 0 0 0 0 0 0 0 0 0 0 0 0 0 0 0 0 0 0 0 0 0 0 0 0 0 0 0 0 0 0 
0 0 0 0 0 2.85563e+06 3.33786e+06 2.03595e+06 1.14486e+06 741535 426505 246960 152520 96004.5 56843.6 31253.2 14786 5869.26 1708.01 1022.91 351.255 214.821 279.014 229.022 0 327.304 264.252 262.804 171.039 211.301 214.726 250.803 0 0 0 0 0 0 0 0 0 0 0 0 0 0 0 0 0 0 0 0 0 0 0 0 0 0 0 0 0 0 0 0 0 
0 0 0 0 0 3.83224e+06 1.46188e+07 1.34444e+07 9.60999e+06 6.12123e+06 4.06859e+06 2.69362e+06 1.86612e+06 1.20984e+06 799678 521731 303925 187372 120291 70230.5 38590.7 21283.5 11225.7 10227.6 9800.24 9060.62 10411 9316.29 9034.46 8455.6 7977.61 8085.32 11370 0 0 0 0 0 0 0 0 0 0 0 0 0 0 0 0 0 0 0 0 0 0 0 0 0 0 0 0 0 0 0 0 
0 0 0 0 0 0 3.02714e+07 6.39283e+07 5.77854e+07 4.36594e+07 3.2528e+07 2.34313e+07 1.65157e+07 1.14474e+07 8.47311e+06 6.00333e+06 4.33933e+06 2.99286e+06 1.94919e+06 1.32705e+06 1.08457e+06 666282 529086 344776 256643 255016 233581 187808 222663 214691 223691 218770 197592 0 0 0 0 0 0 0 0 0 0 0 0 0 0 0 0 0 0 0 0 0 0 0 0 0 0 0 0 0 0 0 0 
0 0 0 0 0 0 2.62879e+07 1.69454e+08 2.61051e+08 2.43378e+08 1.98338e+08 1.52148e+08 1.19549e+08 8.93744e+07 6.7747e+07 5.11759e+07 4.00762e+07 2.8998e+07 2.32798e+07 1.8252e+07 1.40767e+07 1.04559e+07 9.06896e+06 7.11534e+06 5.6623e+06 4.55565e+06 3.72691e+06 3.62366e+06 3.49044e+06 3.32448e+06 3.27869e+06 3.27014e+06 3.22596e+06 0 0 0 0 0 0 0 0 0 0 0 0 0 0 0 0 0 0 0 0 0 0 0 0 0 0 0 0 0 0 0 0 
0 0 0 0 0 0 0 2.32144e+08 7.88095e+08 1.06655e+09 1.03713e+09 9.00864e+08 7.4455e+08 6.12652e+08 4.74172e+08 3.971e+08 3.25229e+08 2.57737e+08 2.1146e+08 1.72953e+08 1.38236e+08 1.12507e+08 9.4107e+07 7.81377e+07 6.66648e+07 5.66076e+07 5.12128e+07 4.7444e+07 3.93929e+07 4.01859e+07 3.74689e+07 3.67044e+07 3.69273e+07 0 0 0 0 0 0 0 0 0 0 0 0 0 0 0 0 0 0 0 0 0 0 0 0 0 0 0 0 0 0 0 0 
0 0 0 0 0 0 0 1.39964e+08 1.38246e+09 3.31516e+09 4.28933e+09 4.35033e+09 3.95406e+09 3.52301e+09 2.99811e+09 2.50662e+09 2.13524e+09 1.83101e+09 1.56074e+09 1.3267e+09 1.10645e+09 9.45661e+08 7.94773e+08 6.75382e+08 5.77371e+08 5.15769e+08 4.64296e+08 4.5321e+08 4.29691e+08 4.03724e+08 3.59518e+08 3.699e+08 3.53418e+08 0 0 0 0 0 0 0 0 0 0 0 0 0 0 0 0 0 0 0 0 0 0 0 0 0 0 0 0 0 0 0 0 
0 0 0 0 0 0 0 0 1.33963e+09 6.66708e+09 1.3168e+10 1.67225e+10 1.75276e+10 1.67836e+10 1.57249e+10 1.38653e+10 1.26284e+10 1.08971e+10 9.58908e+09 8.25449e+09 7.46279e+09 6.40766e+09 5.60542e+09 5.11813e+09 4.67487e+09 4.3143e+09 3.85811e+09 3.4681e+09 3.20601e+09 3.16234e+09 3.03948e+09 2.99452e+09 3.028e+09 0 0 0 0 0 0 0 0 0 0 0 0 0 0 0 0 0 0 0 0 0 0 0 0 0 0 0 0 0 0 0 0 
0 0 0 0 0 0 0 0 5.86257e+08 8.29596e+09 2.83578e+10 5.04509e+10 6.47936e+10 6.9337e+10 6.99851e+10 6.71856e+10 6.25588e+10 5.71072e+10 5.20579e+10 4.6991e+10 4.46034e+10 3.88598e+10 3.67325e+10 3.34955e+10 3.1169e+10 2.78326e+10 2.55139e+10 2.36576e+10 2.27447e+10 2.16531e+10 2.24769e+10 2.12281e+10 2.18956e+10 0 0 0 0 0 0 0 0 0 0 0 0 0 0 0 0 0 0 0 0 0 0 0 0 0 0 0 0 0 0 0 0 
0 0 0 0 0 0 0 0 0 5.94116e+09 4.08852e+10 1.11575e+11 1.87622e+11 2.4257e+11 2.68156e+11 2.80365e+11 2.80071e+11 2.75977e+11 2.64094e+11 2.43625e+11 2.3016e+11 2.21014e+11 1.99844e+11 1.87955e+11 1.68685e+11 1.59253e+11 1.54134e+11 1.4237e+11 1.3838e+11 1.38426e+11 1.31027e+11 1.31636e+11 1.33173e+11 0 0 0 0 0 0 0 0 0 0 0 0 0 0 0 0 0 0 0 0 0 0 0 0 0 0 0 0 0 0 0 0 
0 0 0 0 0 0 0 0 0 1.96071e+09 3.77324e+10 1.74237e+11 4.0846e+11 6.68949e+11 8.81463e+11 1.02283e+12 1.09103e+12 1.10773e+12 1.10772e+12 1.14173e+12 1.07293e+12 1.02066e+12 9.93917e+11 9.40063e+11 9.08016e+11 8.50206e+11 8.24767e+11 7.94318e+11 7.85741e+11 7.59359e+11 7.22525e+11 7.46001e+11 7.19999e+11 0 0 0 0 0 0 0 0 0 0 0 0 0 0 0 0 0 0 0 0 0 0 0 0 0 0 0 0 0 0 0 0 
0 0 0 0 0 0 0 0 0 0 2.04677e+10 1.86268e+11 6.72465e+11 1.43954e+12 2.30307e+12 3.06584e+12 3.63475e+12 4.03949e+12 4.22809e+12 4.37646e+12 4.47014e+12 4.4559e+12 4.34576e+12 4.25853e+12 4.14533e+12 4.09724e+12 3.97394e+12 3.8666e+12 3.73599e+12 3.56972e+12 3.79612e+12 3.63101e+12 3.72312e+12 0 0 0 0 0 0 0 0 0 0 0 0 0 0 0 0 0 0 0 0 0 0 0 0 0 0 0 0 0 0 0 0 
0 0 0 0 0 0 0 0 0 0 5.30018e+09 1.31298e+11 7.87194e+11 2.3866e+12 4.82162e+12 7.59857e+12 1.03224e+13 1.25167e+13 1.43813e+13 1.54521e+13 1.6552e+13 1.71942e+13 1.73551e+13 1.73476e+13 1.74855e+13 1.70528e+13 1.70248e+13 1.67372e+13 1.66579e+13 1.70091e+13 1.69467e+13 1.67154e+13 1.67999e+13 0 0 0 0 0 0 0 0 0 0 0 0 0 0 0 0 0 0 0 0 0 0 0 0 0 0 0 0 0 0 0 0 
0 0 0 0 0 0 0 0 0 0 0 5.59717e+10 6.43477e+11 2.95055e+12 7.92746e+12 1.54252e+13 2.43011e+13 3.34271e+13 4.12978e+13 4.84454e+13 5.36656e+13 5.8198e+13 6.14414e+13 6.31252e+13 6.49898e+13 6.6863e+13 6.6164e+13 6.85573e+13 6.77806e+13 6.85821e+13 6.79944e+13 6.83927e+13 6.79133e+13 0 0 0 0 0 0 0 0 0 0 0 0 0 0 0 0 0 0 0 0 0 0 0 0 0 0 0 0 0 0 0 0 
0 0 0 0 0 0 0 0 0 0 0 1.16426e+10 3.54293e+11 2.64882e+12 1.00723e+13 2.49464e+13 4.66608e+13 7.34176e+13 1.02165e+14 1.29488e+14 1.5223e+14 1.74025e+14 1.93885e+14 2.10572e+14 2.20537e+14 2.29017e+14 2.38572e+14 2.37417e+14 2.43911e+14 2.4881e+14 2.46811e+14 2.49375e+14 2.46767e+14 0 0 0 0 0 0 0 0 0 0 0 0 0 0 0 0 0 0 0 0 0 0 0 0 0 0 0 0 0 0 0 0 
0 0 0 0 0 0 0 0 0 0 0 0 1.22683e+11 1.70684e+12 9.5683e+12 3.15053e+13 7.36807e+13 1.35377e+14 2.12374e+14 2.9535e+14 3.84067e+14 4.60372e+14 5.37011e+14 6.06081e+14 6.63339e+14 7.05514e+14 7.35024e+14 7.75584e+14 8.08339e+14 8.13892e+14 8.36202e+14 8.39672e+14 8.4408e+14 0 0 0 0 0 0 0 0 0 0 0 0 0 0 0 0 0 0 0 0 0 0 0 0 0 0 0 0 0 0 0 0 
0 0 0 0 0 0 0 0 0 0 0 0 2.08625e+10 7.57189e+11 6.79371e+12 3.11758e+13 9.27215e+13 2.06602e+14 3.71582e+14 5.83832e+14 8.20011e+14 1.07488e+15 1.30806e+15 1.53519e+15 1.75097e+15 1.94728e+15 2.12152e+15 2.22626e+15 2.34856e+15 2.43395e+15 2.51817e+15 2.52933e+15 2.53556e+15 0 0 0 0 0 0 0 0 0 0 0 0 0 0 0 0 0 0 0 0 0 0 0 0 0 0 0 0 0 0 0 0 
0 0 0 0 0 0 0 0 0 0 0 0 0 2.15003e+11 3.51252e+12 2.32852e+13 9.16401e+13 2.50371e+14 5.39757e+14 9.63971e+14 1.50406e+15 2.13449e+15 2.82157e+15 3.50406e+15 4.15222e+15 4.77814e+15 5.33882e+15 5.87291e+15 6.18459e+15 6.47884e+15 6.71556e+15 6.87424e+15 6.92525e+15 0 0 0 0 0 0 0 0 0 0 0 0 0 0 0 0 0 0 0 0 0 0 0 0 0 0 0 0 0 0 0 0 
0 0 0 0 0 0 0 0 0 0 0 0 0 3.04336e+10 1.27885e+12 1.33442e+13 7.11028e+13 2.48643e+14 6.40096e+14 1.32737e+15 2.35166e+15 3.65724e+15 5.22853e+15 6.88171e+15 8.6184e+15 1.02843e+16 1.18685e+16 1.33492e+16 1.45328e+16 1.55334e+16 1.60947e+16 1.65456e+16 1.67593e+16 0 0 0 0 0 0 0 0 0 0 0 0 0 0 0 0 0 0 0 0 0 0 0 0 0 0 0 0 0 0 0 0 
0 0 0 0 0 0 0 0 0 0 0 0 0 0 3.02651e+11 5.68823e+12 4.32782e+13 1.95865e+14 6.17091e+14 1.5097e+15 3.03202e+15 5.31362e+15 8.16549e+15 1.17773e+16 1.55588e+16 1.95189e+16 2.34266e+16 2.68072e+16 3.02883e+16 3.26488e+16 3.47513e+16 3.59479e+16 3.62721e+16 0 0 0 0 0 0 0 0 0 0 0 0 0 0 0 0 0 0 0 0 0 0 0 0 0 0 0 0 0 0 0 0 
0 0 0 0 0 0 0 0 0 0 0 0 0 0 3.63703e+10 1.7164e+12 2.03053e+13 1.22856e+14 4.87599e+14 1.41732e+15 3.30501e+15 6.43934e+15 1.11748e+16 1.71093e+16 2.43879e+16 3.22164e+16 4.01727e+16 4.84501e+16 5.49388e+16 6.14851e+16 6.59784e+16 6.89092e+16 6.97559e+16 0 0 0 0 0 0 0 0 0 0 0 0 0 0 0 0 0 0 0 0 0 0 0 0 0 0 0 0 0 0 0 0 
0 0 0 0 0 0 0 0 0 0 0 0 0 0 0 3.44611e+11 7.24378e+12 6.18886e+13 3.12449e+14 1.10866e+15 3.01784e+15 6.68925e+15 1.27248e+16 2.14305e+16 3.27769e+16 4.60645e+16 6.08236e+16 7.51335e+16 8.93565e+16 1.00741e+17 1.10149e+17 1.1494e+17 1.17077e+17 0 0 0 0 0 0 0 0 0 0 0 0 0 0 0 0 0 0 0 0 0 0 0 0 0 0 0 0 0 0 0 0 
0 0 0 0 0 0 0 0 0 0 0 0 0 0 0 3.60308e+10 1.83658e+12 2.37967e+13 1.6147e+14 7.03921e+14 2.27275e+15 5.88531e+15 1.2432e+16 2.30828e+16 3.79782e+16 5.73337e+16 7.91336e+16 1.02119e+17 1.25004e+17 1.45112e+17 1.60409e+17 1.7228e+17 1.75722e+17 0 0 0 0 0 0 0 0 0 0 0 0 0 0 0 0 0 0 0 0 0 0 0 0 0 0 0 0 0 0 0 0 
0 0 0 0 0 0 0 0 0 0 0 0 0 0 0 0 3.20615e+11 7.25769e+12 6.66011e+13 3.73547e+14 1.43901e+15 4.26295e+15 1.03923e+16 2.11685e+16 3.77928e+16 6.07604e+16 8.93919e+16 1.21633e+17 1.54022e+17 1.84831e+17 2.08398e+17 2.24282e+17 2.29292e+17 0 0 0 0 0 0 0 0 0 0 0 0 0 0 0 0 0 0 0 0 0 0 0 0 0 0 0 0 0 0 0 0 
0 0 0 0 0 0 0 0 0 0 0 0 0 0 0 0 2.95611e+10 1.59315e+12 2.20902e+13 1.59766e+14 7.60436e+14 2.62558e+15 7.21787e+15 1.65756e+16 3.2673e+16 5.59661e+16 8.75656e+16 1.25379e+17 1.65391e+17 2.01473e+17 2.34479e+17 2.53949e+17 2.6188e+17 0 0 0 0 0 0 0 0 0 0 0 0 0 0 0 0 0 0 0 0 0 0 0 0 0 0 0 0 0 0 0 0 
0 0 0 0 0 0 0 0 0 0 0 0 0 0 0 0 0 2.45841e+11 5.7933e+12 5.67467e+13 3.34465e+14 1.3775e+15 4.35134e+15 1.11079e+16 2.38531e+16 4.51347e+16 7.43304e+16 1.11203e+17 1.52976e+17 1.95757e+17 2.30242e+17 2.52178e+17 2.59827e+17 0 0 0 0 0 0 0 0 0 0 0 0 0 0 0 0 0 0 0 0 0 0 0 0 0 0 0 0 0 0 0 0 
0 0 0 0 0 0 0 0 0 0 0 0 0 0 0 0 0 2.02441e+10 1.11374e+12 1.60998e+13 1.21596e+14 6.09838e+14 2.22006e+15 6.3675e+15 1.52254e+16 3.08115e+16 5.48374e+16 8.6924e+16 1.23584e+17 1.62119e+17 1.94088e+17 2.18657e+17 2.27185e+17 0 0 0 0 0 0 0 0 0 0 0 0 0 0 0 0 0 0 0 0 0 0 0 0 0 0 0 0 0 0 0 0 
0 0 0 0 0 0 0 0 0 0 0 0 0 0 0 0 0 0 1.52794e+11 3.6753e+12 3.70436e+13 2.26825e+14 9.72051e+14 3.16964e+15 8.34073e+15 1.84053e+16 3.52873e+16 5.89129e+16 8.88171e+16 1.19219e+17 1.4825e+17 1.6729e+17 1.74113e+17 0 0 0 0 0 0 0 0 0 0 0 0 0 0 0 0 0 0 0 0 0 0 0 0 0 0 0 0 0 0 0 0 
0 0 0 0 0 0 0 0 0 0 0 0 0 0 0 0 0 0 1.15571e+10 6.32138e+11 9.29561e+12 7.15916e+13 3.6373e+14 1.37389e+15 3.99678e+15 9.63866e+15 1.96855e+16 3.51349e+16 5.50806e+16 7.7186e+16 9.77452e+16 1.12317e+17 1.17526e+17 0 0 0 0 0 0 0 0 0 0 0 0 0 0 0 0 0 0 0 0 0 0 0 0 0 0 0 0 0 0 0 0 
0 0 0 0 0 0 0 0 0 0 0 0 0 0 0 0 0 0 0 7.88352e+10 1.86188e+12 1.89631e+13 1.17438e+14 5.1014e+14 1.68059e+15 4.44583e+15 9.76176e+15 1.83601e+16 3.01273e+16 4.4132e+16 5.69245e+16 6.63833e+16 7.00725e+16 0 0 0 0 0 0 0 0 0 0 0 0 0 0 0 0 0 0 0 0 0 0 0 0 0 0 0 0 0 0 0 0 
0 0 0 0 0 0 0 0 0 0 0 0 0 0 0 0 0 0 0 5.57966e+09 2.94063e+11 4.20618e+12 3.27457e+13 1.64185e+14 6.18127e+14 1.78022e+15 4.26596e+15 8.5543e+15 1.4737e+16 2.22597e+16 2.97509e+16 3.53238e+16 3.70559e+16 0 0 0 0 0 0 0 0 0 0 0 0 0 0 0 0 0 0 0 0 0 0 0 0 0 0 0 0 0 0 0 0 
0 0 0 0 0 0 0 0 0 0 0 0 0 0 0 0 0 0 0 0 3.32867e+10 7.63369e+11 7.59251e+12 4.62722e+13 1.99663e+14 6.46488e+14 1.6655e+15 3.52293e+15 6.43918e+15 9.95736e+15 1.37053e+16 1.65374e+16 1.7709e+16 0 0 0 0 0 0 0 0 0 0 0 0 0 0 0 0 0 0 0 0 0 0 0 0 0 0 0 0 0 0 0 0 
0 0 0 0 0 0 0 0 0 0 0 0 0 0 0 0 0 0 0 0 2.40846e+09 1.11924e+11 1.51969e+12 1.14292e+13 5.58691e+13 2.05612e+14 5.69704e+14 1.32738e+15 2.50921e+15 4.06394e+15 5.68386e+15 6.94182e+15 7.4353e+15 0 0 0 0 0 0 0 0 0 0 0 0 0 0 0 0 0 0 0 0 0 0 0 0 0 0 0 0 0 0 0 0 
0 0 0 0 0 0 0 0 0 0 0 0 0 0 0 0 0 0 0 0 0 1.1888e+10 2.5662e+11 2.42774e+12 1.42671e+13 5.79659e+13 1.82917e+14 4.4097e+14 8.94186e+14 1.51588e+15 2.1556e+15 2.66816e+15 2.83891e+15 0 0 0 0 0 0 0 0 0 0 0 0 0 0 0 0 0 0 0 0 0 0 0 0 0 0 0 0 0 0 0 0 
0 0 0 0 0 0 0 0 0 0 0 0 0 0 0 0 0 0 0 0 0 9.26684e+08 3.56188e+10 4.47319e+11 3.11477e+12 1.47119e+13 5.05812e+13 1.34209e+14 2.83791e+14 5.07314e+14 7.47547e+14 9.32501e+14 1.00946e+15 0 0 0 0 0 0 0 0 0 0 0 0 0 0 0 0 0 0 0 0 0 0 0 0 0 0 0 0 0 0 0 0 
0 0 0 0 0 0 0 0 0 0 0 0 0 0 0 0 0 0 0 0 0 0 3.69515e+09 7.04221e+10 6.06984e+11 3.34172e+12 1.26768e+13 3.70556e+13 8.40354e+13 1.53545e+14 2.38306e+14 3.03946e+14 3.20504e+14 0 0 0 0 0 0 0 0 0 0 0 0 0 0 0 0 0 0 0 0 0 0 0 0 0 0 0 0 0 0 0 0 
0 0 0 0 0 0 0 0 0 0 0 0 0 0 0 0 0 0 0 0 0 0 3.3209e+08 9.55079e+09 1.06229e+11 6.75309e+11 2.91783e+12 9.29442e+12 2.21362e+13 4.2957e+13 6.76989e+13 8.90756e+13 9.77031e+13 0 0 0 0 0 0 0 0 0 0 0 0 0 0 0 0 0 0 0 0 0 0 0 0 0 0 0 0 0 0 0 0 
0 0 0 0 0 0 0 0 0 0 0 0 0 0 0 0 0 0 0 0 0 0 0 9.99812e+08 1.62128e+10 1.23863e+11 6.0202e+11 2.08479e+12 5.58569e+12 1.12551e+13 1.83338e+13 2.40947e+13 2.67986e+13 0 0 0 0 0 0 0 0 0 0 0 0 0 0 0 0 0 0 0 0 0 0 0 0 0 0 0 0 0 0 0 0 
0 0 0 0 0 0 0 0 0 0 0 0 0 0 0 0 0 0 0 0 0 0 0 1.08709e+08 2.16319e+09 2.05748e+10 1.14151e+11 4.4326e+11 1.23484e+12 2.72936e+12 4.46866e+12 6.08745e+12 6.81664e+12 0 0 0 0 0 0 0 0 0 0 0 0 0 0 0 0 0 0 0 0 0 0 0 0 0 0 0 0 0 0 0 0 
0 0 0 0 0 0 0 0 0 0 0 0 0 0 0 0 0 0 0 0 0 0 0 0 2.32442e+08 3.10513e+09 1.99573e+10 8.54269e+10 2.64045e+11 5.9232e+11 1.07328e+12 1.47604e+12 1.64804e+12 0 0 0 0 0 0 0 0 0 0 0 0 0 0 0 0 0 0 0 0 0 0 0 0 0 0 0 0 0 0 0 0 
0 0 0 0 0 0 0 0 0 0 0 0 0 0 0 0 0 0 0 0 0 0 0 0 3.26851e+07 4.4449e+08 3.29944e+09 1.59216e+10 5.17596e+10 1.27077e+11 2.33012e+11 3.38131e+11 3.68655e+11 0 0 0 0 0 0 0 0 0 0 0 0 0 0 0 0 0 0 0 0 0 0 0 0 0 0 0 0 0 0 0 0 
0 0 0 0 0 0 0 0 0 0 0 0 0 0 0 0 0 0 0 0 0 0 0 0 0 4.61161e+07 5.41798e+08 2.82256e+09 9.77526e+09 2.58598e+10 4.87554e+10 7.211e+10 8.07288e+10 0 0 0 0 0 0 0 0 0 0 0 0 0 0 0 0 0 0 0 0 0 0 0 0 0 0 0 0 0 0 0 0 
0 0 0 0 0 0 0 0 0 0 0 0 0 0 0 0 0 0 0 0 0 0 0 0 0 8.90082e+06 8.01809e+07 4.53961e+08 1.81945e+09 4.86524e+09 9.93996e+09 1.46352e+10 1.73757e+10 0 0 0 0 0 0 0 0 0 0 0 0 0 0 0 0 0 0 0 0 0 0 0 0 0 0 0 0 0 0 0 0 
0 0 0 0 0 0 0 0 0 0 0 0 0 0 0 0 0 0 0 0 0 0 0 0 0 0 7.89297e+06 8.06585e+07 3.1519e+08 9.46906e+08 1.95881e+09 3.01037e+09 3.4923e+09 0 0 0 0 0 0 0 0 0 0 0 0 0 0 0 0 0 0 0 0 0 0 0 0 0 0 0 0 0 0 0 0 
0 0 0 0 0 0 0 0 0 0 0 0 0 0 0 0 0 0 0 0 0 0 0 0 0 0 2.14065e+06 1.27714e+07 5.41712e+07 1.79209e+08 3.72981e+08 5.96566e+08 6.79199e+08 0 0 0 0 0 0 0 0 0 0 0 0 0 0 0 0 0 0 0 0 0 0 0 0 0 0 0 0 0 0 0 0 
0 0 0 0 0 0 0 0 0 0 0 0 0 0 0 0 0 0 0 0 0 0 0 0 0 0 0 1.09155e+06 1.08086e+07 3.09132e+07 7.20592e+07 1.18038e+08 1.35162e+08 0 0 0 0 0 0 0 0 0 0 0 0 0 0 0 0 0 0 0 0 0 0 0 0 0 0 0 0 0 0 0 0 
0 0 0 0 0 0 0 0 0 0 0 0 0 0 0 0 0 0 0 0 0 0 0 0 0 0 0 438991 1.67438e+06 5.45547e+06 1.46135e+07 2.16662e+07 2.79304e+07 0 0 0 0 0 0 0 0 0 0 0 0 0 0 0 0 0 0 0 0 0 0 0 0 0 0 0 0 0 0 0 0 
0 0 0 0 0 0 0 0 0 0 0 0 0 0 0 0 0 0 0 0 0 0 0 0 0 0 0 0 114192 1.24407e+06 2.2774e+06 4.40534e+06 5.14028e+06 0 0 0 0 0 0 0 0 0 0 0 0 0 0 0 0 0 0 0 0 0 0 0 0 0 0 0 0 0 0 0 0 
0 0 0 0 0 0 0 0 0 0 0 0 0 0 0 0 0 0 0 0 0 0 0 0 0 0 0 0 74910.7 168561 455395 926520 912784 0 0 0 0 0 0 0 0 0 0 0 0 0 0 0 0 0 0 0 0 0 0 0 0 0 0 0 0 0 0 0 0 
0 0 0 0 0 0 0 0 0 0 0 0 0 0 0 0 0 0 0 0 0 0 0 0 0 0 0 0 0 7858.47 114989 103405 229164 0 0 0 0 0 0 0 0 0 0 0 0 0 0 0 0 0 0 0 0 0 0 0 0 0 0 0 0 0 0 0 0 
0 0 0 0 0 0 0 0 0 0 0 0 0 0 0 0 0 0 0 0 0 0 0 0 0 0 0 0 0 10112.9 11361.5 32981.5 36925.7 0 0 0 0 0 0 0 0 0 0 0 0 0 0 0 0 0 0 0 0 0 0 0 0 0 0 0 0 0 0 0 0 
0 0 0 0 0 0 0 0 0 0 0 0 0 0 0 0 0 0 0 0 0 0 0 0 0 0 0 0 0 0 256.014 7746.71 2005.5 0 0 0 0 0 0 0 0 0 0 0 0 0 0 0 0 0 0 0 0 0 0 0 0 0 0 0 0 0 0 0 0 
0 0 0 0 0 0 0 0 0 0 0 0 0 0 0 0 0 0 0 0 0 0 0 0 0 0 0 0 0 0 1005.23 383.708 1916.08 0 0 0 0 0 0 0 0 0 0 0 0 0 0 0 0 0 0 0 0 0 0 0 0 0 0 0 0 0 0 0 0 
0 0 0 0 0 0 0 0 0 0 0 0 0 0 0 0 0 0 0 0 0 0 0 0 0 0 0 0 0 0 0 0 259.406 0 0 0 0 0 0 0 0 0 0 0 0 0 0 0 0 0 0 0 0 0 0 0 0 0 0 0 0 0 0 0 0 
0 0 0 0 0 0 0 0 0 0 0 0 0 0 0 0 0 0 0 0 0 0 0 0 0 0 0 0 0 0 0 64.8534 0 0 0 0 0 0 0 0 0 0 0 0 0 0 0 0 0 0 0 0 0 0 0 0 0 0 0 0 0 0 0 0 0 
0 0 0 0 0 0 0 0 0 0 0 0 0 0 0 0 0 0 0 0 0 0 0 0 0 0 0 0 0 0 0 0 0 0 0 0 0 0 0 0 0 0 0 0 0 0 0 0 0 0 0 0 0 0 0 0 0 0 0 0 0 0 0 0 0 
0 0 0 0 0 0 0 0 0 0 0 0 0 0 0 0 0 0 0 0 0 0 0 0 0 0 0 0 0 0 0 0 2.02667 0 0 0 0 0 0 0 0 0 0 0 0 0 0 0 0 0 0 0 0 0 0 0 0 0 0 0 0 0 0 0 0 
