1 0 0 0 0 0 0 0 0 0 0 0 0 0 0 0 0 0 0 0 0 0 0 0 0 0 0 0 0 0 0 0 0 0 0 0 0 0 0 0 0 0 0 0 0 0 0 0 0 0 0 0 0 0 0 0 0 0 0 0 0 0 0 0 0 
0 0 0 0 0 0 0 0 0 0 0 0 0 0 0 0 0 0 0 0 0 0 0 0 0 0 0 0 0 0 0 0 0 0 0 0 0 0 0 0 0 0 0 0 0 0 0 0 0 0 0 0 0 0 0 0 0 0 0 0 0 0 0 0 0 
0 64 0 0 0 0 0 0 0 0 0 0 0 0 0 0 0 0 0 0 0 0 0 0 0 0 0 0 0 0 0 0 0 0 0 0 0 0 0 0 0 0 0 0 0 0 0 0 0 0 0 0 0 0 0 0 0 0 0 0 0 0 0 0 0 
0 0 128 0 0 0 0 0 0 0 0 0 0 0 0 0 0 0 0 0 0 0 0 0 0 0 0 0 0 0 0 0 0 0 0 0 0 0 0 0 0 0 0 0 0 0 0 0 0 0 0 0 0 0 0 0 0 0 0 0 0 0 0 0 0 
0 0 1888 376.832 65.0035 0 0 0 0 0 0 0 0 0 0 0 0 0 0 0 0 0 0 0 0 0 0 0 0 0 0 0 0 0 0 0 0 0 0 0 0 0 0 0 0 0 0 0 0 0 0 0 0 0 0 0 0 0 0 0 0 0 0 0 0 
0 0 0 7182.34 1136.27 483.113 120.858 0 0 0 0 0 0 0 0 0 0 0 0 0 0 0 0 0 0 0 0 0 0 0 0 0 0 0 0 0 0 0 0 0 0 0 0 0 0 0 0 0 0 0 0 0 0 0 0 0 0 0 0 0 0 0 0 0 0 
0 0 0 34104.8 27206.7 6915.25 2622.36 1444.11 351.264 54.3442 0 0 0 0 0 0 0 0 0 0 0 0 0 0 0 0 0 0 0 0 0 0 0 0 0 0 0 0 0 0 0 0 0 0 0 0 0 0 0 0 0 0 0 0 0 0 0 0 0 0 0 0 0 0 0 
0 0 0 0 183966 96396.4 41687.7 16190.9 9372.79 4342.43 1803.66 475.418 101.283 0 0 0 0 0 0 0 0 0 0 0 0 0 0 0 0 0 0 0 0 0 0 0 0 0 0 0 0 0 0 0 0 0 0 0 0 0 0 0 0 0 0 0 0 0 0 0 0 0 0 0 0 
0 0 0 0 423002 832870 413313 223763 119999 58149.9 34814.6 19473.1 9549.53 4357.81 1613.82 322.991 140.86 0 0 0 0 0 0 0 12.2699 0 0 0 0 0 0 0 17.5201 0 0 0 0 0 0 0 0 0 0 0 0 0 0 0 0 0 0 0 0 0 0 0 0 0 0 0 0 0 0 0 0 
0 0 0 0 0 2.85595e+06 3.35893e+06 2.0163e+06 1.12997e+06 704454 410254 246935 150817 84324.4 52271.5 27420.5 11791.1 5307.41 1515.77 484.94 381.968 202.753 259.004 184.914 0 198.293 244.101 223.597 188.576 285.735 217.72 222.525 0 0 0 0 0 0 0 0 0 0 0 0 0 0 0 0 0 0 0 0 0 0 0 0 0 0 0 0 0 0 0 0 0 
0 0 0 0 0 3.83189e+06 1.4552e+07 1.37089e+07 9.44519e+06 6.19084e+06 3.95162e+06 2.56004e+06 1.73894e+06 1.17302e+06 742207 503180 332017 186023 117338 73522.8 32847.2 19081.8 9870.64 9960.22 10619.2 8736.06 8173.58 8527.06 10508.6 7951.47 10248 9392.18 12549.6 0 0 0 0 0 0 0 0 0 0 0 0 0 0 0 0 0 0 0 0 0 0 0 0 0 0 0 0 0 0 0 0 
0 0 0 0 0 0 3.03451e+07 6.3351e+07 5.78682e+07 4.33472e+07 3.17287e+07 2.16276e+07 1.56073e+07 1.10262e+07 8.37239e+06 5.6215e+06 4.17222e+06 2.87567e+06 2.10324e+06 1.44187e+06 1.04181e+06 661781 465226 353562 283191 221821 216505 225084 207042 194594 226189 212058 203394 0 0 0 0 0 0 0 0 0 0 0 0 0 0 0 0 0 0 0 0 0 0 0 0 0 0 0 0 0 0 0 0 
0 0 0 0 0 0 2.62606e+07 1.69493e+08 2.63552e+08 2.47191e+08 2.01101e+08 1.59426e+08 1.24769e+08 9.32127e+07 6.85975e+07 5.0057e+07 3.85008e+07 3.08086e+07 2.30866e+07 1.73307e+07 1.34581e+07 1.07967e+07 8.09172e+06 6.7024e+06 5.05095e+06 4.15158e+06 3.87844e+06 3.60716e+06 3.4832e+06 3.35165e+06 2.86997e+06 3.19548e+06 3.01689e+06 0 0 0 0 0 0 0 0 0 0 0 0 0 0 0 0 0 0 0 0 0 0 0 0 0 0 0 0 0 0 0 0 
0 0 0 0 0 0 0 2.32864e+08 7.8592e+08 1.06891e+09 1.03637e+09 9.15436e+08 7.6468e+08 6.24984e+08 4.94681e+08 3.92861e+08 3.1605e+08 2.50638e+08 2.05207e+08 1.63305e+08 1.33986e+08 1.13313e+08 9.32012e+07 7.59846e+07 6.65292e+07 5.78597e+07 4.80118e+07 4.22222e+07 4.14818e+07 4.02239e+07 3.98954e+07 3.53075e+07 4.01536e+07 0 0 0 0 0 0 0 0 0 0 0 0 0 0 0 0 0 0 0 0 0 0 0 0 0 0 0 0 0 0 0 0 
0 0 0 0 0 0 0 1.39541e+08 1.37937e+09 3.29221e+09 4.26996e+09 4.32527e+09 4.02686e+09 3.54976e+09 3.06163e+09 2.53109e+09 2.14485e+09 1.81461e+09 1.51421e+09 1.28039e+09 1.08711e+09 9.00266e+08 8.00187e+08 6.93926e+08 6.04289e+08 5.25618e+08 4.69911e+08 4.26387e+08 4.06249e+08 4.21644e+08 3.55964e+08 3.57469e+08 3.51451e+08 0 0 0 0 0 0 0 0 0 0 0 0 0 0 0 0 0 0 0 0 0 0 0 0 0 0 0 0 0 0 0 0 
0 0 0 0 0 0 0 0 1.34306e+09 6.68053e+09 1.3195e+10 1.69049e+10 1.76439e+10 1.70344e+10 1.54608e+10 1.39929e+10 1.22685e+10 1.04872e+10 9.4344e+09 8.49248e+09 7.12569e+09 6.33649e+09 5.57659e+09 5.23504e+09 4.61604e+09 3.96228e+09 3.90603e+09 3.51672e+09 3.25365e+09 3.17739e+09 3.127e+09 3.07154e+09 2.96909e+09 0 0 0 0 0 0 0 0 0 0 0 0 0 0 0 0 0 0 0 0 0 0 0 0 0 0 0 0 0 0 0 0 
0 0 0 0 0 0 0 0 5.8569e+08 8.30981e+09 2.83046e+10 5.06018e+10 6.47666e+10 7.10688e+10 7.12243e+10 6.78841e+10 6.20208e+10 5.818e+10 5.28265e+10 4.75929e+10 4.2654e+10 4.02659e+10 3.66433e+10 3.20299e+10 2.89293e+10 2.81212e+10 2.63063e+10 2.47441e+10 2.36276e+10 2.20538e+10 2.11032e+10 2.04743e+10 2.03661e+10 0 0 0 0 0 0 0 0 0 0 0 0 0 0 0 0 0 0 0 0 0 0 0 0 0 0 0 0 0 0 0 0 
0 0 0 0 0 0 0 0 0 5.93223e+09 4.10405e+10 1.11272e+11 1.86566e+11 2.4004e+11 2.72676e+11 2.845e+11 2.86051e+11 2.77225e+11 2.53454e+11 2.37631e+11 2.23969e+11 2.09064e+11 1.97443e+11 1.89381e+11 1.77174e+11 1.65558e+11 1.55458e+11 1.50329e+11 1.39915e+11 1.38427e+11 1.33656e+11 1.25889e+11 1.32723e+11 0 0 0 0 0 0 0 0 0 0 0 0 0 0 0 0 0 0 0 0 0 0 0 0 0 0 0 0 0 0 0 0 
0 0 0 0 0 0 0 0 0 1.95939e+09 3.75491e+10 1.73293e+11 4.12045e+11 6.69595e+11 8.67953e+11 1.00609e+12 1.08201e+12 1.11133e+12 1.12982e+12 1.12544e+12 1.06315e+12 1.02065e+12 9.81175e+11 9.56227e+11 9.06276e+11 8.79778e+11 8.27796e+11 8.08956e+11 7.72365e+11 7.4974e+11 7.1879e+11 7.46071e+11 7.34116e+11 0 0 0 0 0 0 0 0 0 0 0 0 0 0 0 0 0 0 0 0 0 0 0 0 0 0 0 0 0 0 0 0 
0 0 0 0 0 0 0 0 0 0 2.05542e+10 1.87454e+11 6.69715e+11 1.4443e+12 2.3107e+12 3.06826e+12 3.6428e+12 4.0244e+12 4.34248e+12 4.43823e+12 4.40678e+12 4.39375e+12 4.39874e+12 4.17193e+12 4.13042e+12 3.95901e+12 4.05393e+12 3.94917e+12 3.82804e+12 3.82875e+12 3.76547e+12 3.6833e+12 3.75986e+12 0 0 0 0 0 0 0 0 0 0 0 0 0 0 0 0 0 0 0 0 0 0 0 0 0 0 0 0 0 0 0 0 
0 0 0 0 0 0 0 0 0 0 5.28625e+09 1.31096e+11 7.85193e+11 2.38193e+12 4.85157e+12 7.64471e+12 1.03591e+13 1.25781e+13 1.42693e+13 1.55932e+13 1.65404e+13 1.71038e+13 1.69529e+13 1.71271e+13 1.73885e+13 1.75628e+13 1.7194e+13 1.70374e+13 1.66515e+13 1.64989e+13 1.67921e+13 1.66378e+13 1.65221e+13 0 0 0 0 0 0 0 0 0 0 0 0 0 0 0 0 0 0 0 0 0 0 0 0 0 0 0 0 0 0 0 0 
0 0 0 0 0 0 0 0 0 0 0 5.59447e+10 6.44728e+11 2.9452e+12 7.92965e+12 1.55121e+13 2.42307e+13 3.30823e+13 4.09184e+13 4.78741e+13 5.45473e+13 5.87812e+13 6.19712e+13 6.42217e+13 6.5637e+13 6.61485e+13 6.74536e+13 6.77261e+13 6.83622e+13 6.78829e+13 6.81269e+13 6.90584e+13 6.81342e+13 0 0 0 0 0 0 0 0 0 0 0 0 0 0 0 0 0 0 0 0 0 0 0 0 0 0 0 0 0 0 0 0 
0 0 0 0 0 0 0 0 0 0 0 1.16048e+10 3.55341e+11 2.65346e+12 1.00149e+13 2.47936e+13 4.69429e+13 7.39401e+13 1.02731e+14 1.30652e+14 1.54594e+14 1.76421e+14 1.94638e+14 2.09259e+14 2.21434e+14 2.31737e+14 2.3588e+14 2.39065e+14 2.48636e+14 2.52943e+14 2.49976e+14 2.51887e+14 2.56541e+14 0 0 0 0 0 0 0 0 0 0 0 0 0 0 0 0 0 0 0 0 0 0 0 0 0 0 0 0 0 0 0 0 
0 0 0 0 0 0 0 0 0 0 0 0 1.22651e+11 1.70416e+12 9.58749e+12 3.15644e+13 7.40436e+13 1.36611e+14 2.13599e+14 2.96082e+14 3.8294e+14 4.66159e+14 5.40434e+14 6.04108e+14 6.66273e+14 7.15283e+14 7.49421e+14 7.82378e+14 8.03517e+14 8.21881e+14 8.45651e+14 8.48126e+14 8.50551e+14 0 0 0 0 0 0 0 0 0 0 0 0 0 0 0 0 0 0 0 0 0 0 0 0 0 0 0 0 0 0 0 0 
0 0 0 0 0 0 0 0 0 0 0 0 2.06332e+10 7.61818e+11 6.77285e+12 3.10083e+13 9.14438e+13 2.03835e+14 3.7022e+14 5.85605e+14 8.18731e+14 1.07285e+15 1.31854e+15 1.57561e+15 1.76572e+15 1.94794e+15 2.12134e+15 2.26291e+15 2.35082e+15 2.45052e+15 2.49924e+15 2.56198e+15 2.56843e+15 0 0 0 0 0 0 0 0 0 0 0 0 0 0 0 0 0 0 0 0 0 0 0 0 0 0 0 0 0 0 0 0 
0 0 0 0 0 0 0 0 0 0 0 0 0 2.13693e+11 3.5381e+12 2.34276e+13 9.20741e+13 2.51865e+14 5.40094e+14 9.59018e+14 1.51053e+15 2.13325e+15 2.82602e+15 3.48577e+15 4.18841e+15 4.79198e+15 5.29112e+15 5.75516e+15 6.19672e+15 6.44997e+15 6.77989e+15 6.91451e+15 6.93648e+15 0 0 0 0 0 0 0 0 0 0 0 0 0 0 0 0 0 0 0 0 0 0 0 0 0 0 0 0 0 0 0 0 
0 0 0 0 0 0 0 0 0 0 0 0 0 3.02801e+10 1.28149e+12 1.33391e+13 7.13091e+13 2.48193e+14 6.39264e+14 1.32494e+15 2.33132e+15 3.64096e+15 5.18129e+15 6.82633e+15 8.57863e+15 1.02991e+16 1.19124e+16 1.32645e+16 1.44506e+16 1.54783e+16 1.61974e+16 1.64783e+16 1.6614e+16 0 0 0 0 0 0 0 0 0 0 0 0 0 0 0 0 0 0 0 0 0 0 0 0 0 0 0 0 0 0 0 0 
0 0 0 0 0 0 0 0 0 0 0 0 0 0 3.01455e+11 5.67852e+12 4.33609e+13 1.96113e+14 6.1652e+14 1.51188e+15 3.04076e+15 5.28552e+15 8.21062e+15 1.17739e+16 1.55252e+16 1.94738e+16 2.32332e+16 2.69775e+16 3.01244e+16 3.29447e+16 3.45681e+16 3.58095e+16 3.64193e+16 0 0 0 0 0 0 0 0 0 0 0 0 0 0 0 0 0 0 0 0 0 0 0 0 0 0 0 0 0 0 0 0 
0 0 0 0 0 0 0 0 0 0 0 0 0 0 3.65459e+10 1.72328e+12 2.02424e+13 1.22908e+14 4.89035e+14 1.41968e+15 3.31743e+15 6.49154e+15 1.10766e+16 1.70323e+16 2.43148e+16 3.22513e+16 4.05144e+16 4.80215e+16 5.52644e+16 6.10221e+16 6.60671e+16 6.95873e+16 6.97656e+16 0 0 0 0 0 0 0 0 0 0 0 0 0 0 0 0 0 0 0 0 0 0 0 0 0 0 0 0 0 0 0 0 
0 0 0 0 0 0 0 0 0 0 0 0 0 0 0 3.47205e+11 7.21969e+12 6.17783e+13 3.11626e+14 1.10928e+15 3.00572e+15 6.72706e+15 1.28161e+16 2.15502e+16 3.27547e+16 4.61116e+16 6.07646e+16 7.54081e+16 8.94967e+16 1.01242e+17 1.10444e+17 1.1445e+17 1.17483e+17 0 0 0 0 0 0 0 0 0 0 0 0 0 0 0 0 0 0 0 0 0 0 0 0 0 0 0 0 0 0 0 0 
0 0 0 0 0 0 0 0 0 0 0 0 0 0 0 3.64436e+10 1.8595e+12 2.38528e+13 1.61398e+14 7.05194e+14 2.27586e+15 5.81025e+15 1.25009e+16 2.3163e+16 3.81445e+16 5.68769e+16 7.8905e+16 1.03478e+17 1.24981e+17 1.46418e+17 1.61206e+17 1.72222e+17 1.738e+17 0 0 0 0 0 0 0 0 0 0 0 0 0 0 0 0 0 0 0 0 0 0 0 0 0 0 0 0 0 0 0 0 
0 0 0 0 0 0 0 0 0 0 0 0 0 0 0 0 3.23394e+11 7.24737e+12 6.70525e+13 3.69725e+14 1.44496e+15 4.26644e+15 1.0297e+16 2.11897e+16 3.78571e+16 6.11737e+16 8.90116e+16 1.20577e+17 1.54846e+17 1.82052e+17 2.0748e+17 2.23275e+17 2.33227e+17 0 0 0 0 0 0 0 0 0 0 0 0 0 0 0 0 0 0 0 0 0 0 0 0 0 0 0 0 0 0 0 0 
0 0 0 0 0 0 0 0 0 0 0 0 0 0 0 0 2.99612e+10 1.61641e+12 2.21012e+13 1.61336e+14 7.5321e+14 2.65863e+15 7.22455e+15 1.6442e+16 3.25389e+16 5.62224e+16 8.85553e+16 1.24276e+17 1.6372e+17 2.03424e+17 2.3333e+17 2.5526e+17 2.58086e+17 0 0 0 0 0 0 0 0 0 0 0 0 0 0 0 0 0 0 0 0 0 0 0 0 0 0 0 0 0 0 0 0 
0 0 0 0 0 0 0 0 0 0 0 0 0 0 0 0 0 2.45985e+11 5.77271e+12 5.66423e+13 3.35134e+14 1.36432e+15 4.35654e+15 1.11191e+16 2.38408e+16 4.48627e+16 7.39849e+16 1.12718e+17 1.53114e+17 1.9448e+17 2.29765e+17 2.51879e+17 2.60285e+17 0 0 0 0 0 0 0 0 0 0 0 0 0 0 0 0 0 0 0 0 0 0 0 0 0 0 0 0 0 0 0 0 
0 0 0 0 0 0 0 0 0 0 0 0 0 0 0 0 0 2.07367e+10 1.13116e+12 1.60785e+13 1.22959e+14 6.07486e+14 2.22382e+15 6.36652e+15 1.52563e+16 3.06811e+16 5.4804e+16 8.64013e+16 1.24834e+17 1.62394e+17 1.96613e+17 2.18605e+17 2.27742e+17 0 0 0 0 0 0 0 0 0 0 0 0 0 0 0 0 0 0 0 0 0 0 0 0 0 0 0 0 0 0 0 0 
0 0 0 0 0 0 0 0 0 0 0 0 0 0 0 0 0 0 1.53565e+11 3.70881e+12 3.70897e+13 2.29081e+14 9.67167e+14 3.20021e+15 8.33328e+15 1.84931e+16 3.50729e+16 5.88106e+16 8.75482e+16 1.19211e+17 1.46609e+17 1.67549e+17 1.75386e+17 0 0 0 0 0 0 0 0 0 0 0 0 0 0 0 0 0 0 0 0 0 0 0 0 0 0 0 0 0 0 0 0 
0 0 0 0 0 0 0 0 0 0 0 0 0 0 0 0 0 0 1.19524e+10 6.43623e+11 9.42117e+12 7.19373e+13 3.68627e+14 1.36086e+15 4.00942e+15 9.62932e+15 1.97916e+16 3.50343e+16 5.5329e+16 7.75194e+16 9.80523e+16 1.12193e+17 1.16361e+17 0 0 0 0 0 0 0 0 0 0 0 0 0 0 0 0 0 0 0 0 0 0 0 0 0 0 0 0 0 0 0 0 
0 0 0 0 0 0 0 0 0 0 0 0 0 0 0 0 0 0 0 7.86599e+10 1.89593e+12 1.93008e+13 1.17612e+14 5.07722e+14 1.67473e+15 4.46658e+15 9.74942e+15 1.83842e+16 3.02848e+16 4.37555e+16 5.72919e+16 6.63954e+16 7.03802e+16 0 0 0 0 0 0 0 0 0 0 0 0 0 0 0 0 0 0 0 0 0 0 0 0 0 0 0 0 0 0 0 0 
0 0 0 0 0 0 0 0 0 0 0 0 0 0 0 0 0 0 0 5.68619e+09 3.00506e+11 4.32712e+12 3.27301e+13 1.6691e+14 6.16261e+14 1.80397e+15 4.2779e+15 8.65497e+15 1.48185e+16 2.23832e+16 2.93717e+16 3.50512e+16 3.69608e+16 0 0 0 0 0 0 0 0 0 0 0 0 0 0 0 0 0 0 0 0 0 0 0 0 0 0 0 0 0 0 0 0 
0 0 0 0 0 0 0 0 0 0 0 0 0 0 0 0 0 0 0 0 3.31882e+10 7.85978e+11 7.82937e+12 4.66039e+13 1.99544e+14 6.37335e+14 1.67074e+15 3.56585e+15 6.46855e+15 1.01206e+16 1.37724e+16 1.65506e+16 1.75412e+16 0 0 0 0 0 0 0 0 0 0 0 0 0 0 0 0 0 0 0 0 0 0 0 0 0 0 0 0 0 0 0 0 
0 0 0 0 0 0 0 0 0 0 0 0 0 0 0 0 0 0 0 0 2.46724e+09 1.15028e+11 1.58082e+12 1.15439e+13 5.65603e+13 2.01934e+14 5.77436e+14 1.31353e+15 2.51232e+15 4.08557e+15 5.79974e+15 7.03225e+15 7.48211e+15 0 0 0 0 0 0 0 0 0 0 0 0 0 0 0 0 0 0 0 0 0 0 0 0 0 0 0 0 0 0 0 0 
0 0 0 0 0 0 0 0 0 0 0 0 0 0 0 0 0 0 0 0 0 1.20605e+10 2.63033e+11 2.46652e+12 1.43767e+13 5.90699e+13 1.77425e+14 4.41991e+14 8.9405e+14 1.5084e+15 2.17751e+15 2.71298e+15 2.90957e+15 0 0 0 0 0 0 0 0 0 0 0 0 0 0 0 0 0 0 0 0 0 0 0 0 0 0 0 0 0 0 0 0 
0 0 0 0 0 0 0 0 0 0 0 0 0 0 0 0 0 0 0 0 0 9.51648e+08 3.57764e+10 4.6105e+11 3.17085e+12 1.4903e+13 5.09175e+13 1.31642e+14 2.81234e+14 5.05807e+14 7.51672e+14 9.49046e+14 1.0186e+15 0 0 0 0 0 0 0 0 0 0 0 0 0 0 0 0 0 0 0 0 0 0 0 0 0 0 0 0 0 0 0 0 
0 0 0 0 0 0 0 0 0 0 0 0 0 0 0 0 0 0 0 0 0 0 3.69466e+09 7.25584e+10 6.41593e+11 3.37442e+12 1.28199e+13 3.68842e+13 8.36902e+13 1.53098e+14 2.34924e+14 3.03721e+14 3.29399e+14 0 0 0 0 0 0 0 0 0 0 0 0 0 0 0 0 0 0 0 0 0 0 0 0 0 0 0 0 0 0 0 0 
0 0 0 0 0 0 0 0 0 0 0 0 0 0 0 0 0 0 0 0 0 0 3.31779e+08 9.53353e+09 1.07458e+11 6.88566e+11 2.93213e+12 9.4106e+12 2.23492e+13 4.27488e+13 6.70556e+13 8.81014e+13 9.68426e+13 0 0 0 0 0 0 0 0 0 0 0 0 0 0 0 0 0 0 0 0 0 0 0 0 0 0 0 0 0 0 0 0 
0 0 0 0 0 0 0 0 0 0 0 0 0 0 0 0 0 0 0 0 0 0 0 9.92894e+08 1.6461e+10 1.29373e+11 6.18723e+11 2.05369e+12 5.53044e+12 1.11588e+13 1.80756e+13 2.41445e+13 2.63658e+13 0 0 0 0 0 0 0 0 0 0 0 0 0 0 0 0 0 0 0 0 0 0 0 0 0 0 0 0 0 0 0 0 
0 0 0 0 0 0 0 0 0 0 0 0 0 0 0 0 0 0 0 0 0 0 0 1.08809e+08 2.22289e+09 2.11735e+10 1.18116e+11 4.47568e+11 1.24583e+12 2.67101e+12 4.48676e+12 6.1115e+12 6.69378e+12 0 0 0 0 0 0 0 0 0 0 0 0 0 0 0 0 0 0 0 0 0 0 0 0 0 0 0 0 0 0 0 0 
0 0 0 0 0 0 0 0 0 0 0 0 0 0 0 0 0 0 0 0 0 0 0 0 2.36077e+08 3.22397e+09 2.12607e+10 8.95601e+10 2.65979e+11 6.06374e+11 1.05111e+12 1.43517e+12 1.59873e+12 0 0 0 0 0 0 0 0 0 0 0 0 0 0 0 0 0 0 0 0 0 0 0 0 0 0 0 0 0 0 0 0 
0 0 0 0 0 0 0 0 0 0 0 0 0 0 0 0 0 0 0 0 0 0 0 0 3.29193e+07 4.68794e+08 3.47338e+09 1.585e+10 5.45711e+10 1.27032e+11 2.33043e+11 3.23269e+11 3.71324e+11 0 0 0 0 0 0 0 0 0 0 0 0 0 0 0 0 0 0 0 0 0 0 0 0 0 0 0 0 0 0 0 0 
0 0 0 0 0 0 0 0 0 0 0 0 0 0 0 0 0 0 0 0 0 0 0 0 0 4.74692e+07 5.53667e+08 2.95743e+09 1.01903e+10 2.61103e+10 4.85715e+10 7.16895e+10 7.96743e+10 0 0 0 0 0 0 0 0 0 0 0 0 0 0 0 0 0 0 0 0 0 0 0 0 0 0 0 0 0 0 0 0 
0 0 0 0 0 0 0 0 0 0 0 0 0 0 0 0 0 0 0 0 0 0 0 0 0 9.24242e+06 8.60541e+07 4.86767e+08 1.88715e+09 5.05835e+09 9.93468e+09 1.4533e+10 1.65619e+10 0 0 0 0 0 0 0 0 0 0 0 0 0 0 0 0 0 0 0 0 0 0 0 0 0 0 0 0 0 0 0 0 
0 0 0 0 0 0 0 0 0 0 0 0 0 0 0 0 0 0 0 0 0 0 0 0 0 0 8.2287e+06 8.43216e+07 3.61704e+08 9.6382e+08 1.9412e+09 2.90847e+09 3.42822e+09 0 0 0 0 0 0 0 0 0 0 0 0 0 0 0 0 0 0 0 0 0 0 0 0 0 0 0 0 0 0 0 0 
0 0 0 0 0 0 0 0 0 0 0 0 0 0 0 0 0 0 0 0 0 0 0 0 0 0 2.21534e+06 1.38715e+07 5.84217e+07 1.86175e+08 3.89242e+08 6.03895e+08 6.82425e+08 0 0 0 0 0 0 0 0 0 0 0 0 0 0 0 0 0 0 0 0 0 0 0 0 0 0 0 0 0 0 0 0 
0 0 0 0 0 0 0 0 0 0 0 0 0 0 0 0 0 0 0 0 0 0 0 0 0 0 0 1.14842e+06 1.09116e+07 3.51362e+07 7.58212e+07 1.22146e+08 1.33285e+08 0 0 0 0 0 0 0 0 0 0 0 0 0 0 0 0 0 0 0 0 0 0 0 0 0 0 0 0 0 0 0 0 
0 0 0 0 0 0 0 0 0 0 0 0 0 0 0 0 0 0 0 0 0 0 0 0 0 0 0 454637 1.80748e+06 5.90779e+06 1.55831e+07 2.30063e+07 2.90906e+07 0 0 0 0 0 0 0 0 0 0 0 0 0 0 0 0 0 0 0 0 0 0 0 0 0 0 0 0 0 0 0 0 
0 0 0 0 0 0 0 0 0 0 0 0 0 0 0 0 0 0 0 0 0 0 0 0 0 0 0 0 119151 1.27524e+06 2.5508e+06 4.70135e+06 5.36683e+06 0 0 0 0 0 0 0 0 0 0 0 0 0 0 0 0 0 0 0 0 0 0 0 0 0 0 0 0 0 0 0 0 
0 0 0 0 0 0 0 0 0 0 0 0 0 0 0 0 0 0 0 0 0 0 0 0 0 0 0 0 77174.5 182201 487355 1.02559e+06 977527 0 0 0 0 0 0 0 0 0 0 0 0 0 0 0 0 0 0 0 0 0 0 0 0 0 0 0 0 0 0 0 0 
0 0 0 0 0 0 0 0 0 0 0 0 0 0 0 0 0 0 0 0 0 0 0 0 0 0 0 0 0 7943.51 120375 114357 252208 0 0 0 0 0 0 0 0 0 0 0 0 0 0 0 0 0 0 0 0 0 0 0 0 0 0 0 0 0 0 0 0 
0 0 0 0 0 0 0 0 0 0 0 0 0 0 0 0 0 0 0 0 0 0 0 0 0 0 0 0 0 10471.8 12137.4 34937.1 39032 0 0 0 0 0 0 0 0 0 0 0 0 0 0 0 0 0 0 0 0 0 0 0 0 0 0 0 0 0 0 0 0 
0 0 0 0 0 0 0 0 0 0 0 0 0 0 0 0 0 0 0 0 0 0 0 0 0 0 0 0 0 0 260.873 7951.27 2154.41 0 0 0 0 0 0 0 0 0 0 0 0 0 0 0 0 0 0 0 0 0 0 0 0 0 0 0 0 0 0 0 0 
0 0 0 0 0 0 0 0 0 0 0 0 0 0 0 0 0 0 0 0 0 0 0 0 0 0 0 0 0 0 1041.94 408.213 2070.03 0 0 0 0 0 0 0 0 0 0 0 0 0 0 0 0 0 0 0 0 0 0 0 0 0 0 0 0 0 0 0 0 
0 0 0 0 0 0 0 0 0 0 0 0 0 0 0 0 0 0 0 0 0 0 0 0 0 0 0 0 0 0 0 0 264.751 0 0 0 0 0 0 0 0 0 0 0 0 0 0 0 0 0 0 0 0 0 0 0 0 0 0 0 0 0 0 0 0 
0 0 0 0 0 0 0 0 0 0 0 0 0 0 0 0 0 0 0 0 0 0 0 0 0 0 0 0 0 0 0 67.2221 0 0 0 0 0 0 0 0 0 0 0 0 0 0 0 0 0 0 0 0 0 0 0 0 0 0 0 0 0 0 0 0 0 
0 0 0 0 0 0 0 0 0 0 0 0 0 0 0 0 0 0 0 0 0 0 0 0 0 0 0 0 0 0 0 0 0 0 0 0 0 0 0 0 0 0 0 0 0 0 0 0 0 0 0 0 0 0 0 0 0 0 0 0 0 0 0 0 0 
0 0 0 0 0 0 0 0 0 0 0 0 0 0 0 0 0 0 0 0 0 0 0 0 0 0 0 0 0 0 0 0 2.10069 0 0 0 0 0 0 0 0 0 0 0 0 0 0 0 0 0 0 0 0 0 0 0 0 0 0 0 0 0 0 0 0 
