1 0 0 0 0 0 0 0 0 0 0 0 0 0 0 0 0 0 0 0 0 0 0 0 0 0 0 0 0 0 0 0 0 0 0 0 0 0 0 0 0 0 0 0 0 0 0 0 0 0 0 0 0 0 0 0 0 0 0 0 0 0 0 0 0 
0 0 0 0 0 0 0 0 0 0 0 0 0 0 0 0 0 0 0 0 0 0 0 0 0 0 0 0 0 0 0 0 0 0 0 0 0 0 0 0 0 0 0 0 0 0 0 0 0 0 0 0 0 0 0 0 0 0 0 0 0 0 0 0 0 
0 64 0 0 0 0 0 0 0 0 0 0 0 0 0 0 0 0 0 0 0 0 0 0 0 0 0 0 0 0 0 0 0 0 0 0 0 0 0 0 0 0 0 0 0 0 0 0 0 0 0 0 0 0 0 0 0 0 0 0 0 0 0 0 0 
0 0 128 0 0 0 0 0 0 0 0 0 0 0 0 0 0 0 0 0 0 0 0 0 0 0 0 0 0 0 0 0 0 0 0 0 0 0 0 0 0 0 0 0 0 0 0 0 0 0 0 0 0 0 0 0 0 0 0 0 0 0 0 0 0 
0 0 1888 384.384 65.3453 0 0 0 0 0 0 0 0 0 0 0 0 0 0 0 0 0 0 0 0 0 0 0 0 0 0 0 0 0 0 0 0 0 0 0 0 0 0 0 0 0 0 0 0 0 0 0 0 0 0 0 0 0 0 0 0 0 0 0 0 
0 0 0 7167.23 1155.55 544.72 139.174 0 0 0 0 0 0 0 0 0 0 0 0 0 0 0 0 0 0 0 0 0 0 0 0 0 0 0 0 0 0 0 0 0 0 0 0 0 0 0 0 0 0 0 0 0 0 0 0 0 0 0 0 0 0 0 0 0 0 
0 0 0 34112.4 26928.2 6751.7 2442.87 1327.47 375.959 56.8496 0 0 0 0 0 0 0 0 0 0 0 0 0 0 0 0 0 0 0 0 0 0 0 0 0 0 0 0 0 0 0 0 0 0 0 0 0 0 0 0 0 0 0 0 0 0 0 0 0 0 0 0 0 0 0 
0 0 0 0 184464 100143 43461.5 16082.1 8019.44 3794.74 1842.46 478.686 90.4525 0 0 0 0 0 0 0 0 0 0 0 0 0 0 0 0 0 0 0 0 0 0 0 0 0 0 0 0 0 0 0 0 0 0 0 0 0 0 0 0 0 0 0 0 0 0 0 0 0 0 0 0 
0 0 0 0 422763 829121 415994 223282 117415 54935.2 33609.7 19572.4 8452.78 4239.28 1166.6 382.439 75.3398 0 0 0 0 0 0 0 15.7681 0 0 0 0 0 0 0 27.0398 0 0 0 0 0 0 0 0 0 0 0 0 0 0 0 0 0 0 0 0 0 0 0 0 0 0 0 0 0 0 0 0 
0 0 0 0 0 2.85256e+06 3.33082e+06 1.98497e+06 1.11747e+06 705662 407062 259161 151834 89406.3 48556.4 28969.4 13107.3 4546.94 1619.11 513.548 299.242 172.994 179.14 274.579 0 252.516 281.953 192.685 371.327 252.506 194.64 290.301 0 0 0 0 0 0 0 0 0 0 0 0 0 0 0 0 0 0 0 0 0 0 0 0 0 0 0 0 0 0 0 0 0 
0 0 0 0 0 3.83539e+06 1.46402e+07 1.35464e+07 9.57165e+06 6.14039e+06 3.84748e+06 2.64959e+06 1.75139e+06 1.18577e+06 808898 539349 333370 217098 107006 64073.8 30816 19473.9 13437 11539.4 10388.8 9938.96 7017 9690.86 10180.7 7944.25 8718.28 13067.6 11461.6 0 0 0 0 0 0 0 0 0 0 0 0 0 0 0 0 0 0 0 0 0 0 0 0 0 0 0 0 0 0 0 0 
0 0 0 0 0 0 3.02343e+07 6.40956e+07 5.76054e+07 4.29514e+07 3.1393e+07 2.2592e+07 1.58696e+07 1.17219e+07 8.78116e+06 5.84742e+06 4.44669e+06 2.98699e+06 2.07222e+06 1.60635e+06 978431 654536 471772 371007 267386 227010 208991 239083 205091 229154 234040 242464 206034 0 0 0 0 0 0 0 0 0 0 0 0 0 0 0 0 0 0 0 0 0 0 0 0 0 0 0 0 0 0 0 0 
0 0 0 0 0 0 2.6307e+07 1.69157e+08 2.62037e+08 2.45927e+08 2.02366e+08 1.59298e+08 1.21633e+08 9.12185e+07 6.84329e+07 5.34195e+07 3.96988e+07 3.19411e+07 2.3928e+07 1.75276e+07 1.37288e+07 1.10842e+07 8.6163e+06 6.5834e+06 4.86646e+06 4.25345e+06 4.23783e+06 3.40794e+06 3.57403e+06 3.7504e+06 3.66831e+06 3.30424e+06 3.07772e+06 0 0 0 0 0 0 0 0 0 0 0 0 0 0 0 0 0 0 0 0 0 0 0 0 0 0 0 0 0 0 0 0 
0 0 0 0 0 0 0 2.32115e+08 7.86561e+08 1.07351e+09 1.03927e+09 9.05912e+08 7.4992e+08 6.22548e+08 4.87024e+08 3.94482e+08 3.22861e+08 2.58466e+08 2.16171e+08 1.75321e+08 1.40235e+08 1.16344e+08 9.12754e+07 7.4625e+07 6.22757e+07 5.25914e+07 4.83289e+07 4.62994e+07 4.43053e+07 4.16035e+07 3.9571e+07 3.76556e+07 3.70076e+07 0 0 0 0 0 0 0 0 0 0 0 0 0 0 0 0 0 0 0 0 0 0 0 0 0 0 0 0 0 0 0 0 
0 0 0 0 0 0 0 1.40077e+08 1.38633e+09 3.28014e+09 4.30563e+09 4.3672e+09 3.96613e+09 3.46165e+09 3.0547e+09 2.53718e+09 2.17711e+09 1.81968e+09 1.53125e+09 1.33149e+09 1.12338e+09 9.91225e+08 8.31973e+08 6.86467e+08 5.99209e+08 5.27097e+08 4.6775e+08 4.33263e+08 4.27514e+08 3.90479e+08 3.78089e+08 3.54415e+08 3.71145e+08 0 0 0 0 0 0 0 0 0 0 0 0 0 0 0 0 0 0 0 0 0 0 0 0 0 0 0 0 0 0 0 0 
0 0 0 0 0 0 0 0 1.33395e+09 6.72196e+09 1.31676e+10 1.67975e+10 1.76589e+10 1.71385e+10 1.57941e+10 1.41127e+10 1.24125e+10 1.08737e+10 9.67959e+09 8.48282e+09 7.5032e+09 6.43149e+09 5.72993e+09 4.91828e+09 4.43757e+09 4.19474e+09 3.8509e+09 3.66796e+09 3.50882e+09 3.14972e+09 3.0726e+09 3.04816e+09 3.06943e+09 0 0 0 0 0 0 0 0 0 0 0 0 0 0 0 0 0 0 0 0 0 0 0 0 0 0 0 0 0 0 0 0 
0 0 0 0 0 0 0 0 5.88866e+08 8.26991e+09 2.83133e+10 5.0385e+10 6.49416e+10 7.05373e+10 7.1262e+10 6.76185e+10 6.49178e+10 6.00588e+10 5.39511e+10 4.87159e+10 4.45729e+10 3.99195e+10 3.6963e+10 3.29604e+10 2.9422e+10 2.79431e+10 2.65808e+10 2.4457e+10 2.31375e+10 2.29972e+10 2.13416e+10 2.08155e+10 2.07603e+10 0 0 0 0 0 0 0 0 0 0 0 0 0 0 0 0 0 0 0 0 0 0 0 0 0 0 0 0 0 0 0 0 
0 0 0 0 0 0 0 0 0 5.92384e+09 4.09586e+10 1.11307e+11 1.86466e+11 2.41995e+11 2.71515e+11 2.79206e+11 2.81975e+11 2.74709e+11 2.63395e+11 2.47187e+11 2.29166e+11 2.12644e+11 2.05606e+11 1.92748e+11 1.79804e+11 1.62237e+11 1.57821e+11 1.45184e+11 1.42223e+11 1.31887e+11 1.36786e+11 1.32003e+11 1.31703e+11 0 0 0 0 0 0 0 0 0 0 0 0 0 0 0 0 0 0 0 0 0 0 0 0 0 0 0 0 0 0 0 0 
0 0 0 0 0 0 0 0 0 1.97545e+09 3.76225e+10 1.74394e+11 4.11517e+11 6.65502e+11 8.68283e+11 1.01981e+12 1.08886e+12 1.12509e+12 1.13503e+12 1.10613e+12 1.06522e+12 1.02726e+12 1.00332e+12 9.51473e+11 8.97356e+11 8.53655e+11 8.33739e+11 8.09117e+11 7.77432e+11 7.63035e+11 7.42425e+11 7.48641e+11 7.44073e+11 0 0 0 0 0 0 0 0 0 0 0 0 0 0 0 0 0 0 0 0 0 0 0 0 0 0 0 0 0 0 0 0 
0 0 0 0 0 0 0 0 0 0 2.05148e+10 1.86581e+11 6.68848e+11 1.44619e+12 2.30619e+12 3.05828e+12 3.62069e+12 4.02593e+12 4.24413e+12 4.37669e+12 4.49474e+12 4.53093e+12 4.39588e+12 4.22955e+12 4.19622e+12 4.11399e+12 4.00421e+12 3.82628e+12 3.8621e+12 3.81595e+12 3.6375e+12 3.71932e+12 3.64247e+12 0 0 0 0 0 0 0 0 0 0 0 0 0 0 0 0 0 0 0 0 0 0 0 0 0 0 0 0 0 0 0 0 
0 0 0 0 0 0 0 0 0 0 5.31337e+09 1.30978e+11 7.89248e+11 2.38793e+12 4.85465e+12 7.6184e+12 1.03441e+13 1.25948e+13 1.42268e+13 1.54824e+13 1.64464e+13 1.69246e+13 1.74742e+13 1.75848e+13 1.73551e+13 1.73125e+13 1.70662e+13 1.70901e+13 1.66845e+13 1.64573e+13 1.70001e+13 1.67849e+13 1.68046e+13 0 0 0 0 0 0 0 0 0 0 0 0 0 0 0 0 0 0 0 0 0 0 0 0 0 0 0 0 0 0 0 0 
0 0 0 0 0 0 0 0 0 0 0 5.60148e+10 6.40636e+11 2.9388e+12 7.92216e+12 1.54881e+13 2.43993e+13 3.30619e+13 4.10848e+13 4.80989e+13 5.37636e+13 5.85161e+13 6.10164e+13 6.41529e+13 6.4929e+13 6.56362e+13 6.72623e+13 6.68865e+13 6.7498e+13 6.84755e+13 6.84434e+13 6.72208e+13 6.83474e+13 0 0 0 0 0 0 0 0 0 0 0 0 0 0 0 0 0 0 0 0 0 0 0 0 0 0 0 0 0 0 0 0 
0 0 0 0 0 0 0 0 0 0 0 1.16812e+10 3.57424e+11 2.6541e+12 1.00292e+13 2.4896e+13 4.68317e+13 7.38447e+13 1.02824e+14 1.29961e+14 1.54571e+14 1.74365e+14 1.93324e+14 2.05917e+14 2.21038e+14 2.30589e+14 2.33026e+14 2.44146e+14 2.46565e+14 2.51499e+14 2.46657e+14 2.51892e+14 2.50035e+14 0 0 0 0 0 0 0 0 0 0 0 0 0 0 0 0 0 0 0 0 0 0 0 0 0 0 0 0 0 0 0 0 
0 0 0 0 0 0 0 0 0 0 0 0 1.21999e+11 1.70353e+12 9.59204e+12 3.14919e+13 7.34525e+13 1.3596e+14 2.12935e+14 2.97857e+14 3.85154e+14 4.69986e+14 5.40465e+14 6.04951e+14 6.5971e+14 7.08429e+14 7.49539e+14 7.82145e+14 8.07289e+14 8.17915e+14 8.3611e+14 8.52591e+14 8.52532e+14 0 0 0 0 0 0 0 0 0 0 0 0 0 0 0 0 0 0 0 0 0 0 0 0 0 0 0 0 0 0 0 0 
0 0 0 0 0 0 0 0 0 0 0 0 2.06193e+10 7.63212e+11 6.76158e+12 3.11237e+13 9.24743e+13 2.0509e+14 3.72516e+14 5.82232e+14 8.20396e+14 1.07345e+15 1.31897e+15 1.56735e+15 1.76475e+15 1.94525e+15 2.11633e+15 2.21743e+15 2.37192e+15 2.41908e+15 2.48749e+15 2.50145e+15 2.55635e+15 0 0 0 0 0 0 0 0 0 0 0 0 0 0 0 0 0 0 0 0 0 0 0 0 0 0 0 0 0 0 0 0 
0 0 0 0 0 0 0 0 0 0 0 0 0 2.13466e+11 3.54382e+12 2.32763e+13 9.15904e+13 2.52124e+14 5.37682e+14 9.62287e+14 1.50643e+15 2.11838e+15 2.80566e+15 3.4792e+15 4.15236e+15 4.78888e+15 5.30429e+15 5.83302e+15 6.08159e+15 6.44439e+15 6.6688e+15 6.79231e+15 6.78057e+15 0 0 0 0 0 0 0 0 0 0 0 0 0 0 0 0 0 0 0 0 0 0 0 0 0 0 0 0 0 0 0 0 
0 0 0 0 0 0 0 0 0 0 0 0 0 3.0277e+10 1.27784e+12 1.33993e+13 7.14346e+13 2.47668e+14 6.39135e+14 1.3259e+15 2.32563e+15 3.63605e+15 5.17622e+15 6.81639e+15 8.60249e+15 1.02241e+16 1.18982e+16 1.32237e+16 1.46503e+16 1.55261e+16 1.60257e+16 1.67189e+16 1.67234e+16 0 0 0 0 0 0 0 0 0 0 0 0 0 0 0 0 0 0 0 0 0 0 0 0 0 0 0 0 0 0 0 0 
0 0 0 0 0 0 0 0 0 0 0 0 0 0 3.01386e+11 5.68653e+12 4.31409e+13 1.94996e+14 6.18138e+14 1.50868e+15 3.05192e+15 5.30421e+15 8.17019e+15 1.16571e+16 1.54596e+16 1.95767e+16 2.34184e+16 2.6945e+16 2.98991e+16 3.27473e+16 3.45649e+16 3.55167e+16 3.66532e+16 0 0 0 0 0 0 0 0 0 0 0 0 0 0 0 0 0 0 0 0 0 0 0 0 0 0 0 0 0 0 0 0 
0 0 0 0 0 0 0 0 0 0 0 0 0 0 3.63497e+10 1.71549e+12 2.03466e+13 1.23959e+14 4.87834e+14 1.42152e+15 3.31048e+15 6.49897e+15 1.11686e+16 1.72603e+16 2.4384e+16 3.21625e+16 4.04033e+16 4.84866e+16 5.54384e+16 6.11897e+16 6.64795e+16 6.88586e+16 6.91316e+16 0 0 0 0 0 0 0 0 0 0 0 0 0 0 0 0 0 0 0 0 0 0 0 0 0 0 0 0 0 0 0 0 
0 0 0 0 0 0 0 0 0 0 0 0 0 0 0 3.453e+11 7.23123e+12 6.13761e+13 3.11658e+14 1.10614e+15 3.01412e+15 6.70591e+15 1.28532e+16 2.14819e+16 3.27804e+16 4.58281e+16 6.02373e+16 7.49846e+16 8.87251e+16 1.01193e+17 1.09437e+17 1.15993e+17 1.17403e+17 0 0 0 0 0 0 0 0 0 0 0 0 0 0 0 0 0 0 0 0 0 0 0 0 0 0 0 0 0 0 0 0 
0 0 0 0 0 0 0 0 0 0 0 0 0 0 0 3.59474e+10 1.85875e+12 2.41455e+13 1.61935e+14 7.09055e+14 2.27294e+15 5.85129e+15 1.24094e+16 2.32784e+16 3.80038e+16 5.74765e+16 7.86625e+16 1.02085e+17 1.25936e+17 1.45511e+17 1.62098e+17 1.71676e+17 1.76532e+17 0 0 0 0 0 0 0 0 0 0 0 0 0 0 0 0 0 0 0 0 0 0 0 0 0 0 0 0 0 0 0 0 
0 0 0 0 0 0 0 0 0 0 0 0 0 0 0 0 3.21438e+11 7.17012e+12 6.66164e+13 3.69083e+14 1.43356e+15 4.2537e+15 1.03243e+16 2.09285e+16 3.81347e+16 6.09477e+16 9.04727e+16 1.21996e+17 1.53771e+17 1.8303e+17 2.06797e+17 2.23495e+17 2.27397e+17 0 0 0 0 0 0 0 0 0 0 0 0 0 0 0 0 0 0 0 0 0 0 0 0 0 0 0 0 0 0 0 0 
0 0 0 0 0 0 0 0 0 0 0 0 0 0 0 0 2.94342e+10 1.61626e+12 2.23539e+13 1.60854e+14 7.62632e+14 2.62858e+15 7.2733e+15 1.65944e+16 3.24662e+16 5.63255e+16 8.7817e+16 1.24683e+17 1.64411e+17 2.03522e+17 2.34741e+17 2.53685e+17 2.62806e+17 0 0 0 0 0 0 0 0 0 0 0 0 0 0 0 0 0 0 0 0 0 0 0 0 0 0 0 0 0 0 0 0 
0 0 0 0 0 0 0 0 0 0 0 0 0 0 0 0 0 2.45591e+11 5.75693e+12 5.61907e+13 3.35223e+14 1.379e+15 4.32785e+15 1.11362e+16 2.38309e+16 4.47586e+16 7.39589e+16 1.12214e+17 1.53616e+17 1.94264e+17 2.29348e+17 2.52734e+17 2.59405e+17 0 0 0 0 0 0 0 0 0 0 0 0 0 0 0 0 0 0 0 0 0 0 0 0 0 0 0 0 0 0 0 0 
0 0 0 0 0 0 0 0 0 0 0 0 0 0 0 0 0 1.99512e+10 1.121e+12 1.63763e+13 1.22088e+14 6.09867e+14 2.20091e+15 6.36019e+15 1.52052e+16 3.07662e+16 5.48094e+16 8.67712e+16 1.24499e+17 1.62946e+17 1.96291e+17 2.20221e+17 2.28325e+17 0 0 0 0 0 0 0 0 0 0 0 0 0 0 0 0 0 0 0 0 0 0 0 0 0 0 0 0 0 0 0 0 
0 0 0 0 0 0 0 0 0 0 0 0 0 0 0 0 0 0 1.52607e+11 3.6523e+12 3.6945e+13 2.26918e+14 9.77192e+14 3.16689e+15 8.32713e+15 1.84669e+16 3.5205e+16 5.85174e+16 8.81897e+16 1.19332e+17 1.47633e+17 1.67074e+17 1.74976e+17 0 0 0 0 0 0 0 0 0 0 0 0 0 0 0 0 0 0 0 0 0 0 0 0 0 0 0 0 0 0 0 0 
0 0 0 0 0 0 0 0 0 0 0 0 0 0 0 0 0 0 1.17313e+10 6.41347e+11 9.37043e+12 7.16213e+13 3.63349e+14 1.36394e+15 4.01255e+15 9.54439e+15 1.9711e+16 3.51795e+16 5.4858e+16 7.70318e+16 9.70717e+16 1.11334e+17 1.15835e+17 0 0 0 0 0 0 0 0 0 0 0 0 0 0 0 0 0 0 0 0 0 0 0 0 0 0 0 0 0 0 0 0 
0 0 0 0 0 0 0 0 0 0 0 0 0 0 0 0 0 0 0 7.72657e+10 1.88674e+12 1.92375e+13 1.18231e+14 5.05515e+14 1.66825e+15 4.48287e+15 9.70186e+15 1.83509e+16 3.02973e+16 4.3892e+16 5.72184e+16 6.67192e+16 7.0549e+16 0 0 0 0 0 0 0 0 0 0 0 0 0 0 0 0 0 0 0 0 0 0 0 0 0 0 0 0 0 0 0 0 
0 0 0 0 0 0 0 0 0 0 0 0 0 0 0 0 0 0 0 5.74217e+09 2.98051e+11 4.29613e+12 3.25472e+13 1.66101e+14 6.15486e+14 1.79818e+15 4.27929e+15 8.53862e+15 1.46459e+16 2.22382e+16 2.96101e+16 3.52037e+16 3.70131e+16 0 0 0 0 0 0 0 0 0 0 0 0 0 0 0 0 0 0 0 0 0 0 0 0 0 0 0 0 0 0 0 0 
0 0 0 0 0 0 0 0 0 0 0 0 0 0 0 0 0 0 0 0 3.26103e+10 7.78456e+11 7.70007e+12 4.64762e+13 1.98437e+14 6.35342e+14 1.66777e+15 3.55887e+15 6.45673e+15 1.01016e+16 1.37253e+16 1.63732e+16 1.76109e+16 0 0 0 0 0 0 0 0 0 0 0 0 0 0 0 0 0 0 0 0 0 0 0 0 0 0 0 0 0 0 0 0 
0 0 0 0 0 0 0 0 0 0 0 0 0 0 0 0 0 0 0 0 2.41831e+09 1.12115e+11 1.55847e+12 1.15853e+13 5.63932e+13 2.06905e+14 5.7798e+14 1.31061e+15 2.4963e+15 4.06671e+15 5.68005e+15 6.95565e+15 7.38312e+15 0 0 0 0 0 0 0 0 0 0 0 0 0 0 0 0 0 0 0 0 0 0 0 0 0 0 0 0 0 0 0 0 
0 0 0 0 0 0 0 0 0 0 0 0 0 0 0 0 0 0 0 0 0 1.17025e+10 2.61061e+11 2.45501e+12 1.42833e+13 5.79923e+13 1.77338e+14 4.44275e+14 8.82059e+14 1.49663e+15 2.17618e+15 2.69644e+15 2.89345e+15 0 0 0 0 0 0 0 0 0 0 0 0 0 0 0 0 0 0 0 0 0 0 0 0 0 0 0 0 0 0 0 0 
0 0 0 0 0 0 0 0 0 0 0 0 0 0 0 0 0 0 0 0 0 9.28057e+08 3.56743e+10 4.57204e+11 3.17189e+12 1.46365e+13 5.08129e+13 1.33209e+14 2.88796e+14 4.9742e+14 7.36454e+14 9.30795e+14 1.00321e+15 0 0 0 0 0 0 0 0 0 0 0 0 0 0 0 0 0 0 0 0 0 0 0 0 0 0 0 0 0 0 0 0 
0 0 0 0 0 0 0 0 0 0 0 0 0 0 0 0 0 0 0 0 0 0 3.58869e+09 7.15e+10 6.17806e+11 3.43059e+12 1.28635e+13 3.65845e+13 8.35403e+13 1.53383e+14 2.3361e+14 2.97575e+14 3.24745e+14 0 0 0 0 0 0 0 0 0 0 0 0 0 0 0 0 0 0 0 0 0 0 0 0 0 0 0 0 0 0 0 0 
0 0 0 0 0 0 0 0 0 0 0 0 0 0 0 0 0 0 0 0 0 0 3.252e+08 9.49202e+09 1.07876e+11 6.83145e+11 2.90964e+12 9.49536e+12 2.22904e+13 4.35832e+13 6.8116e+13 8.79683e+13 9.6318e+13 0 0 0 0 0 0 0 0 0 0 0 0 0 0 0 0 0 0 0 0 0 0 0 0 0 0 0 0 0 0 0 0 
0 0 0 0 0 0 0 0 0 0 0 0 0 0 0 0 0 0 0 0 0 0 0 9.56251e+08 1.6072e+10 1.27765e+11 6.25942e+11 2.10384e+12 5.48769e+12 1.11498e+13 1.80677e+13 2.40046e+13 2.67391e+13 0 0 0 0 0 0 0 0 0 0 0 0 0 0 0 0 0 0 0 0 0 0 0 0 0 0 0 0 0 0 0 0 
0 0 0 0 0 0 0 0 0 0 0 0 0 0 0 0 0 0 0 0 0 0 0 1.09762e+08 2.18702e+09 2.12536e+10 1.17199e+11 4.47631e+11 1.29153e+12 2.70651e+12 4.60822e+12 6.28949e+12 6.624e+12 0 0 0 0 0 0 0 0 0 0 0 0 0 0 0 0 0 0 0 0 0 0 0 0 0 0 0 0 0 0 0 0 
0 0 0 0 0 0 0 0 0 0 0 0 0 0 0 0 0 0 0 0 0 0 0 0 2.22107e+08 3.18695e+09 2.13249e+10 8.87009e+10 2.63045e+11 6.12877e+11 1.06256e+12 1.48274e+12 1.63758e+12 0 0 0 0 0 0 0 0 0 0 0 0 0 0 0 0 0 0 0 0 0 0 0 0 0 0 0 0 0 0 0 0 
0 0 0 0 0 0 0 0 0 0 0 0 0 0 0 0 0 0 0 0 0 0 0 0 3.31481e+07 4.40222e+08 3.39555e+09 1.6328e+10 5.47086e+10 1.27595e+11 2.32833e+11 3.22703e+11 3.79873e+11 0 0 0 0 0 0 0 0 0 0 0 0 0 0 0 0 0 0 0 0 0 0 0 0 0 0 0 0 0 0 0 0 
0 0 0 0 0 0 0 0 0 0 0 0 0 0 0 0 0 0 0 0 0 0 0 0 0 4.60143e+07 5.31573e+08 2.94397e+09 1.02938e+10 2.6047e+10 4.97581e+10 7.01246e+10 7.83807e+10 0 0 0 0 0 0 0 0 0 0 0 0 0 0 0 0 0 0 0 0 0 0 0 0 0 0 0 0 0 0 0 0 
0 0 0 0 0 0 0 0 0 0 0 0 0 0 0 0 0 0 0 0 0 0 0 0 0 9.06667e+06 7.90676e+07 4.63983e+08 1.8989e+09 5.1335e+09 1.0043e+10 1.51032e+10 1.71186e+10 0 0 0 0 0 0 0 0 0 0 0 0 0 0 0 0 0 0 0 0 0 0 0 0 0 0 0 0 0 0 0 0 
0 0 0 0 0 0 0 0 0 0 0 0 0 0 0 0 0 0 0 0 0 0 0 0 0 0 7.95837e+06 7.98626e+07 3.37443e+08 9.53484e+08 2.00256e+09 2.95981e+09 3.32252e+09 0 0 0 0 0 0 0 0 0 0 0 0 0 0 0 0 0 0 0 0 0 0 0 0 0 0 0 0 0 0 0 0 
0 0 0 0 0 0 0 0 0 0 0 0 0 0 0 0 0 0 0 0 0 0 0 0 0 0 2.2032e+06 1.27151e+07 5.50718e+07 1.84511e+08 3.95896e+08 6.21221e+08 6.88905e+08 0 0 0 0 0 0 0 0 0 0 0 0 0 0 0 0 0 0 0 0 0 0 0 0 0 0 0 0 0 0 0 0 
0 0 0 0 0 0 0 0 0 0 0 0 0 0 0 0 0 0 0 0 0 0 0 0 0 0 0 1.10436e+06 1.09439e+07 3.32961e+07 7.37763e+07 1.22898e+08 1.41179e+08 0 0 0 0 0 0 0 0 0 0 0 0 0 0 0 0 0 0 0 0 0 0 0 0 0 0 0 0 0 0 0 0 
0 0 0 0 0 0 0 0 0 0 0 0 0 0 0 0 0 0 0 0 0 0 0 0 0 0 0 458184 1.65764e+06 5.56057e+06 1.53582e+07 2.32796e+07 2.9607e+07 0 0 0 0 0 0 0 0 0 0 0 0 0 0 0 0 0 0 0 0 0 0 0 0 0 0 0 0 0 0 0 0 
0 0 0 0 0 0 0 0 0 0 0 0 0 0 0 0 0 0 0 0 0 0 0 0 0 0 0 0 114614 1.25966e+06 2.44924e+06 4.65953e+06 5.31921e+06 0 0 0 0 0 0 0 0 0 0 0 0 0 0 0 0 0 0 0 0 0 0 0 0 0 0 0 0 0 0 0 0 
0 0 0 0 0 0 0 0 0 0 0 0 0 0 0 0 0 0 0 0 0 0 0 0 0 0 0 0 78856.7 165919 454069 971235 934202 0 0 0 0 0 0 0 0 0 0 0 0 0 0 0 0 0 0 0 0 0 0 0 0 0 0 0 0 0 0 0 0 
0 0 0 0 0 0 0 0 0 0 0 0 0 0 0 0 0 0 0 0 0 0 0 0 0 0 0 0 0 7858.12 120006 111085 242923 0 0 0 0 0 0 0 0 0 0 0 0 0 0 0 0 0 0 0 0 0 0 0 0 0 0 0 0 0 0 0 0 
0 0 0 0 0 0 0 0 0 0 0 0 0 0 0 0 0 0 0 0 0 0 0 0 0 0 0 0 0 10689.2 11265.7 32636.3 38216.6 0 0 0 0 0 0 0 0 0 0 0 0 0 0 0 0 0 0 0 0 0 0 0 0 0 0 0 0 0 0 0 0 
0 0 0 0 0 0 0 0 0 0 0 0 0 0 0 0 0 0 0 0 0 0 0 0 0 0 0 0 0 0 267.673 7825.97 1924.6 0 0 0 0 0 0 0 0 0 0 0 0 0 0 0 0 0 0 0 0 0 0 0 0 0 0 0 0 0 0 0 0 
0 0 0 0 0 0 0 0 0 0 0 0 0 0 0 0 0 0 0 0 0 0 0 0 0 0 0 0 0 0 1062.5 383.133 1961.27 0 0 0 0 0 0 0 0 0 0 0 0 0 0 0 0 0 0 0 0 0 0 0 0 0 0 0 0 0 0 0 0 
0 0 0 0 0 0 0 0 0 0 0 0 0 0 0 0 0 0 0 0 0 0 0 0 0 0 0 0 0 0 0 0 262.402 0 0 0 0 0 0 0 0 0 0 0 0 0 0 0 0 0 0 0 0 0 0 0 0 0 0 0 0 0 0 0 0 
0 0 0 0 0 0 0 0 0 0 0 0 0 0 0 0 0 0 0 0 0 0 0 0 0 0 0 0 0 0 0 68.5486 0 0 0 0 0 0 0 0 0 0 0 0 0 0 0 0 0 0 0 0 0 0 0 0 0 0 0 0 0 0 0 0 0 
0 0 0 0 0 0 0 0 0 0 0 0 0 0 0 0 0 0 0 0 0 0 0 0 0 0 0 0 0 0 0 0 0 0 0 0 0 0 0 0 0 0 0 0 0 0 0 0 0 0 0 0 0 0 0 0 0 0 0 0 0 0 0 0 0 
0 0 0 0 0 0 0 0 0 0 0 0 0 0 0 0 0 0 0 0 0 0 0 0 0 0 0 0 0 0 0 0 2.14214 0 0 0 0 0 0 0 0 0 0 0 0 0 0 0 0 0 0 0 0 0 0 0 0 0 0 0 0 0 0 0 0 
