1 0 0 0 0 0 0 0 0 0 0 0 0 0 0 0 0 
0 0 0 0 0 0 0 0 0 0 0 0 0 0 0 0 0 
0 16 0 0 0 0 0 0 0 0 0 0 0 0 0 0 0 
0 0 32 0 0 0 0 0 0 0 0 0 0 0 0 0 0 
0 0 88 95.9861 23.9965 0 0 0 8.00169 0 0 0 0 0 0 0 0 
0 0 0 256.028 255.997 192.013 96.0051 64.0135 0 0 0 0 0 0 0 0 0 
0 0 0 207.986 735.961 688.029 704.265 624.074 767.841 0 0 0 0 0 0 0 0 
0 0 0 0 576.101 1663.84 1823.51 1919.98 1600.24 0 0 0 0 0 0 0 0 
0 0 0 0 227.944 1248.11 2928.18 3679.88 4355.98 0 0 0 0 0 0 0 0 
0 0 0 0 0 448.067 1568.01 3136.1 3263.77 0 0 0 0 0 0 0 0 
0 0 0 0 0 127.936 768.044 1391.81 2112.39 0 0 0 0 0 0 0 0 
0 0 0 0 0 0 63.9785 512.131 575.746 0 0 0 0 0 0 0 0 
0 0 0 0 0 0 56.006 96.0116 119.993 0 0 0 0 0 0 0 0 
0 0 0 0 0 0 0 0 64.0313 0 0 0 0 0 0 0 0 
0 0 0 0 0 0 0 16.0017 0 0 0 0 0 0 0 0 0 
0 0 0 0 0 0 0 0 0 0 0 0 0 0 0 0 0 
0 0 0 0 0 0 0 0 2.00022 0 0 0 0 0 0 0 0 
