1 0 0 0 0 0 0 0 0 0 0 0 0 0 0 0 0 
0 0 0 0 0 0 0 0 0 0 0 0 0 0 0 0 0 
0 16 0 0 0 0 0 0 0 0 0 0 0 0 0 0 0 
0 0 32 0 0 0 0 0 0 0 0 0 0 0 0 0 0 
0 0 88 95.9898 23.9974 0 0 0 8.00477 0 0 0 0 0 0 0 0 
0 0 0 256.02 255.929 191.999 96.0086 64.0382 0 0 0 0 0 0 0 0 0 
0 0 0 207.99 736.161 687.84 703.946 624.013 767.819 0 0 0 0 0 0 0 0 
0 0 0 0 575.901 1664.31 1823.91 1919.69 1599.93 0 0 0 0 0 0 0 0 
0 0 0 0 228.012 1247.83 2928.24 3680.38 4356.48 0 0 0 0 0 0 0 0 
0 0 0 0 0 448.046 1567.97 3135.93 3263.98 0 0 0 0 0 0 0 0 
0 0 0 0 0 127.972 767.906 1391.95 2111.63 0 0 0 0 0 0 0 0 
0 0 0 0 0 0 64.0302 511.999 576.203 0 0 0 0 0 0 0 0 
0 0 0 0 0 0 55.9893 96.0051 120.012 0 0 0 0 0 0 0 0 
0 0 0 0 0 0 0 0 63.9399 0 0 0 0 0 0 0 0 
0 0 0 0 0 0 0 15.9969 0 0 0 0 0 0 0 0 0 
0 0 0 0 0 0 0 0 0 0 0 0 0 0 0 0 0 
0 0 0 0 0 0 0 0 1.99962 0 0 0 0 0 0 0 0 
