1 0 0 0 0 0 0 0 0 0 0 0 0 0 0 0 0 
0 0 0 0 0 0 0 0 0 0 0 0 0 0 0 0 0 
0 16 0 0 0 0 0 0 0 0 0 0 0 0 0 0 0 
0 0 32 0 0 0 0 0 0 0 0 0 0 0 0 0 0 
0 0 88 96.0049 24.0012 0 0 0 8.01183 0 0 0 0 0 0 0 0 
0 0 0 255.99 256.001 191.949 95.97 64.0946 0 0 0 0 0 0 0 0 0 
0 0 0 208.005 736.019 687.963 704.037 623.686 767.824 0 0 0 0 0 0 0 0 
0 0 0 0 575.954 1664.22 1823.81 1920.02 1599.93 0 0 0 0 0 0 0 0 
0 0 0 0 228.025 1247.78 2928.16 3680.17 4356.02 0 0 0 0 0 0 0 0 
0 0 0 0 0 448.16 1568.17 3136.16 3264.73 0 0 0 0 0 0 0 0 
0 0 0 0 0 127.919 767.933 1392.06 2111.6 0 0 0 0 0 0 0 0 
0 0 0 0 0 0 63.9529 511.843 575.857 0 0 0 0 0 0 0 0 
0 0 0 0 0 0 55.9745 95.9794 119.987 0 0 0 0 0 0 0 0 
0 0 0 0 0 0 0 0 64.0374 0 0 0 0 0 0 0 0 
0 0 0 0 0 0 0 15.9927 0 0 0 0 0 0 0 0 0 
0 0 0 0 0 0 0 0 0 0 0 0 0 0 0 0 0 
0 0 0 0 0 0 0 0 1.99909 0 0 0 0 0 0 0 0 
