1 0 0 0 0 0 0 0 0 0 0 0 0 0 0 0 1 
0 0 0 0 0 0 0 0 0 0 0 0 0 0 0 0 0 
0 16 0 0 0 0 0 0 0 0 0 0 0 0 0 16 0 
0 0 31.9049 0 0 0 0 0 0 0 0 0 0 0 31.5367 0 0 
0 0 88.0951 95.4228 24.3218 0 0 0 8.02208 0 0 0 23.9192 95.3481 88.4633 0 0 
0 0 0 257.455 255.465 191.569 95.2068 63.5187 0 63.4534 95.5285 190.579 253.591 255.616 0 0 0 
0 0 0 207.122 738.296 690.418 702.299 623.605 770.197 621.188 697.678 682.428 737.564 209.035 0 0 0 
0 0 0 0 574.891 1664.12 1820.8 1921.1 1589.13 1922.09 1817.81 1667.32 575.272 0 0 0 0 
0 0 0 0 227.026 1247.15 2936.87 3676.46 4357.43 3676.09 2936.62 1250.32 229.653 0 0 0 0 
0 0 0 0 0 449.41 1567.38 3136.2 3266.79 3128.16 1568.69 449.033 0 0 0 0 0 
0 0 0 0 0 125.33 766.589 1397.36 2114.4 1405.4 772.362 128.319 0 0 0 0 0 
0 0 0 0 0 0 63.5784 510.933 579.714 512.27 63.6842 0 0 0 0 0 0 
0 0 0 0 0 0 55.2716 94.8043 119.469 95.5541 55.6355 0 0 0 0 0 0 
0 0 0 0 0 0 0 0 62.8327 0 0 0 0 0 0 0 0 
0 0 0 0 0 0 0 16.0171 0 15.8009 0 0 0 0 0 0 0 
0 0 0 0 0 0 0 0 0 0 0 0 0 0 0 0 0 
0 0 0 0 0 0 0 0 2.01163 0 0 0 0 0 0 0 0 
