1 0 0 0 0 0 0 0 0 0 0 0 0 0 0 0 1 
0 0 0 0 0 0 0 0 0 0 0 0 0 0 0 0 0 
0 16 0 0 0 0 0 0 0 0 0 0 0 0 0 16 0 
0 0 31.653 0 0 0 0 0 0 0 0 0 0 0 32.0156 0 0 
0 0 88.347 95.5098 23.7473 0 0 0 7.90025 0 0 0 23.7242 95.8266 87.9844 0 0 
0 0 0 254.152 253.956 189.421 95.5738 64.4809 0 64.3178 95.8711 190.947 254.848 255.97 0 0 0 
0 0 0 210.339 734.343 685.79 706.084 628.855 765.687 624.232 703.168 685.643 737.31 208.204 0 0 0 
0 0 0 0 578.637 1666.44 1824.76 1919.51 1598.61 1922.51 1827.84 1672.39 576.796 0 0 0 0 
0 0 0 0 229.316 1248.27 2927.45 3692.05 4369.06 3692.72 2934.72 1247.24 227.321 0 0 0 0 
0 0 0 0 0 450.043 1564.52 3120.81 3245.03 3127.98 1564.03 443.441 0 0 0 0 0 
0 0 0 0 0 128.039 769.671 1390.66 2121.79 1378.28 761.483 128.336 0 0 0 0 0 
0 0 0 0 0 0 63.8918 512.486 573.075 517.257 63.9154 0 0 0 0 0 0 
0 0 0 0 0 0 56.0411 95.1159 121.856 96.3656 56.9681 0 0 0 0 0 0 
0 0 0 0 0 0 0 0 64.9222 0 0 0 0 0 0 0 0 
0 0 0 0 0 0 0 16.0335 0 16.3412 0 0 0 0 0 0 0 
0 0 0 0 0 0 0 0 0 0 0 0 0 0 0 0 0 
0 0 0 0 0 0 0 0 2.05525 0 0 0 0 0 0 0 0 
