1 0 0 0 0 0 0 0 0 0 0 0 0 0 0 0 0 0 0 0 0 0 0 0 0 0 0 0 0 0 0 0 0 0 0 0 0 0 0 0 0 0 0 0 0 0 0 0 0 0 0 0 0 0 0 0 0 0 0 0 0 0 0 0 0 
0 0 0 0 0 0 0 0 0 0 0 0 0 0 0 0 0 0 0 0 0 0 0 0 0 0 0 0 0 0 0 0 0 0 0 0 0 0 0 0 0 0 0 0 0 0 0 0 0 0 0 0 0 0 0 0 0 0 0 0 0 0 0 0 0 
0 64 0 0 0 0 0 0 0 0 0 0 0 0 0 0 0 0 0 0 0 0 0 0 0 0 0 0 0 0 0 0 0 0 0 0 0 0 0 0 0 0 0 0 0 0 0 0 0 0 0 0 0 0 0 0 0 0 0 0 0 0 0 0 0 
0 0 128 0 0 0 0 0 0 0 0 0 0 0 0 0 0 0 0 0 0 0 0 0 0 0 0 0 0 0 0 0 0 0 0 0 0 0 0 0 0 0 0 0 0 0 0 0 0 0 0 0 0 0 0 0 0 0 0 0 0 0 0 0 0 
0 0 1888 382.748 62.8855 0 0 0 0 0 0 0 0 0 0 0 0 0 0 0 0 0 0 0 0 0 0 0 0 0 0 0 0 0 0 0 0 0 0 0 0 0 0 0 0 0 0 0 0 0 0 0 0 0 0 0 0 0 0 0 0 0 0 0 0 
0 0 0 7170.5 1155.38 507.872 125.407 0 0 0 0 0 0 0 0 0 0 0 0 0 0 0 0 0 0 0 0 0 0 0 0 0 0 0 0 0 0 0 0 0 0 0 0 0 0 0 0 0 0 0 0 0 0 0 0 0 0 0 0 0 0 0 0 0 0 
0 0 0 34110.7 27383.8 6793.66 2601.64 1436 400.723 65.6541 0 0 0 0 0 0 0 0 0 0 0 0 0 0 0 0 0 0 0 0 0 0 0 0 0 0 0 0 0 0 0 0 0 0 0 0 0 0 0 0 0 0 0 0 0 0 0 0 0 0 0 0 0 0 0 
0 0 0 0 183563 96990.4 42133.1 16908 8695.52 4910.26 1921.4 552.02 136.241 0 0 0 0 0 0 0 0 0 0 0 0 0 0 0 0 0 0 0 0 0 0 0 0 0 0 0 0 0 0 0 0 0 0 0 0 0 0 0 0 0 0 0 0 0 0 0 0 0 0 0 0 
0 0 0 0 423211 830404 411288 222700 122984 58287.2 32757.3 19216.5 9679.34 4379.06 1464.79 366.361 83.1122 0 0 0 0 0 0 0 14.9899 0 0 0 0 0 0 0 17.277 0 0 0 0 0 0 0 0 0 0 0 0 0 0 0 0 0 0 0 0 0 0 0 0 0 0 0 0 0 0 0 0 
0 0 0 0 0 2.85947e+06 3.32906e+06 1.98337e+06 1.13781e+06 728367 430744 245024 152719 95461.8 55318.5 29860.8 14514.2 5884.08 2255.3 772.936 364.375 225.871 248.376 222.381 0 280.868 248.004 276.42 242.893 262.508 286.441 265.984 0 0 0 0 0 0 0 0 0 0 0 0 0 0 0 0 0 0 0 0 0 0 0 0 0 0 0 0 0 0 0 0 0 
0 0 0 0 0 3.83035e+06 1.46184e+07 1.35499e+07 9.35333e+06 6.06441e+06 4.00773e+06 2.68766e+06 1.79028e+06 1.16988e+06 769503 505384 322947 201754 117454 66043.5 37038.7 19894.8 13553.9 10817.1 11817.9 9792.85 9096.84 9140.36 9480.84 8982.19 9582.46 9691.94 11638.5 0 0 0 0 0 0 0 0 0 0 0 0 0 0 0 0 0 0 0 0 0 0 0 0 0 0 0 0 0 0 0 0 
0 0 0 0 0 0 3.03078e+07 6.36709e+07 5.7511e+07 4.32862e+07 3.14505e+07 2.23989e+07 1.58991e+07 1.14522e+07 8.22893e+06 5.84954e+06 4.08655e+06 2.92956e+06 2.03478e+06 1.4242e+06 985385 691959 506981 365921 282977 248810 224719 220901 213244 225776 216724 210384 206921 0 0 0 0 0 0 0 0 0 0 0 0 0 0 0 0 0 0 0 0 0 0 0 0 0 0 0 0 0 0 0 0 
0 0 0 0 0 0 2.62629e+07 1.6952e+08 2.62726e+08 2.47154e+08 1.98917e+08 1.56365e+08 1.19178e+08 8.97283e+07 6.87166e+07 5.223e+07 3.98061e+07 3.05731e+07 2.29503e+07 1.79333e+07 1.32974e+07 1.08252e+07 8.36279e+06 6.65126e+06 5.47509e+06 4.66209e+06 3.98754e+06 3.6439e+06 3.40858e+06 3.19544e+06 3.21078e+06 3.24186e+06 3.24726e+06 0 0 0 0 0 0 0 0 0 0 0 0 0 0 0 0 0 0 0 0 0 0 0 0 0 0 0 0 0 0 0 0 
0 0 0 0 0 0 0 2.32653e+08 7.84965e+08 1.06663e+09 1.04357e+09 9.03846e+08 7.51425e+08 6.0873e+08 4.91107e+08 3.91843e+08 3.15312e+08 2.53717e+08 2.07654e+08 1.65093e+08 1.34394e+08 1.08292e+08 9.00492e+07 7.58933e+07 6.57384e+07 5.61892e+07 4.97969e+07 4.61297e+07 4.2049e+07 3.99512e+07 3.93059e+07 3.82729e+07 3.70929e+07 0 0 0 0 0 0 0 0 0 0 0 0 0 0 0 0 0 0 0 0 0 0 0 0 0 0 0 0 0 0 0 0 
0 0 0 0 0 0 0 1.39598e+08 1.38535e+09 3.29955e+09 4.29456e+09 4.33726e+09 3.96623e+09 3.46759e+09 2.98266e+09 2.51573e+09 2.11559e+09 1.77087e+09 1.49122e+09 1.25541e+09 1.06482e+09 9.1524e+08 7.96083e+08 6.94994e+08 6.08192e+08 5.36337e+08 4.79744e+08 4.39525e+08 4.13189e+08 3.96347e+08 3.78609e+08 3.66777e+08 3.64939e+08 0 0 0 0 0 0 0 0 0 0 0 0 0 0 0 0 0 0 0 0 0 0 0 0 0 0 0 0 0 0 0 0 
0 0 0 0 0 0 0 0 1.33953e+09 6.67464e+09 1.31169e+10 1.68176e+10 1.77694e+10 1.71356e+10 1.56859e+10 1.39689e+10 1.23267e+10 1.08282e+10 9.46595e+09 8.35023e+09 7.25745e+09 6.46415e+09 5.76052e+09 5.14739e+09 4.58518e+09 4.19391e+09 3.79419e+09 3.57672e+09 3.34016e+09 3.19287e+09 3.13132e+09 3.03936e+09 2.98853e+09 0 0 0 0 0 0 0 0 0 0 0 0 0 0 0 0 0 0 0 0 0 0 0 0 0 0 0 0 0 0 0 0 
0 0 0 0 0 0 0 0 5.8546e+08 8.31171e+09 2.83683e+10 5.03441e+10 6.44711e+10 7.05414e+10 7.07038e+10 6.78792e+10 6.27704e+10 5.78473e+10 5.27844e+10 4.75461e+10 4.35507e+10 3.98526e+10 3.59281e+10 3.28771e+10 3.04396e+10 2.80576e+10 2.62541e+10 2.47013e+10 2.31073e+10 2.25178e+10 2.16019e+10 2.15677e+10 2.15316e+10 0 0 0 0 0 0 0 0 0 0 0 0 0 0 0 0 0 0 0 0 0 0 0 0 0 0 0 0 0 0 0 0 
0 0 0 0 0 0 0 0 0 5.92958e+09 4.09808e+10 1.11355e+11 1.86646e+11 2.40703e+11 2.72056e+11 2.819e+11 2.82161e+11 2.73295e+11 2.58599e+11 2.44087e+11 2.28601e+11 2.12611e+11 2.01482e+11 1.87199e+11 1.74045e+11 1.64052e+11 1.55498e+11 1.49145e+11 1.43337e+11 1.40331e+11 1.3666e+11 1.33969e+11 1.33528e+11 0 0 0 0 0 0 0 0 0 0 0 0 0 0 0 0 0 0 0 0 0 0 0 0 0 0 0 0 0 0 0 0 
0 0 0 0 0 0 0 0 0 1.96117e+09 3.76507e+10 1.74393e+11 4.11483e+11 6.66558e+11 8.72329e+11 1.01509e+12 1.08738e+12 1.11774e+12 1.11907e+12 1.10017e+12 1.07311e+12 1.03148e+12 9.86544e+11 9.45653e+11 9.03981e+11 8.65744e+11 8.36042e+11 8.07856e+11 7.84135e+11 7.65027e+11 7.49671e+11 7.41062e+11 7.42682e+11 0 0 0 0 0 0 0 0 0 0 0 0 0 0 0 0 0 0 0 0 0 0 0 0 0 0 0 0 0 0 0 0 
0 0 0 0 0 0 0 0 0 0 2.04868e+10 1.86571e+11 6.70477e+11 1.44678e+12 2.29666e+12 3.05124e+12 3.63963e+12 4.04017e+12 4.28191e+12 4.42525e+12 4.46154e+12 4.43716e+12 4.36061e+12 4.27544e+12 4.18251e+12 4.11607e+12 4.00854e+12 3.90541e+12 3.85221e+12 3.78279e+12 3.7629e+12 3.75104e+12 3.71534e+12 0 0 0 0 0 0 0 0 0 0 0 0 0 0 0 0 0 0 0 0 0 0 0 0 0 0 0 0 0 0 0 0 
0 0 0 0 0 0 0 0 0 0 5.29662e+09 1.31059e+11 7.85667e+11 2.38409e+12 4.84843e+12 7.62944e+12 1.02826e+13 1.25133e+13 1.43155e+13 1.55503e+13 1.64652e+13 1.70572e+13 1.73474e+13 1.74662e+13 1.75248e+13 1.74396e+13 1.72315e+13 1.73108e+13 1.70985e+13 1.70009e+13 1.67451e+13 1.67647e+13 1.69071e+13 0 0 0 0 0 0 0 0 0 0 0 0 0 0 0 0 0 0 0 0 0 0 0 0 0 0 0 0 0 0 0 0 
0 0 0 0 0 0 0 0 0 0 0 5.60424e+10 6.44282e+11 2.94493e+12 7.94726e+12 1.54293e+13 2.4235e+13 3.30792e+13 4.11668e+13 4.81719e+13 5.38365e+13 5.81565e+13 6.15355e+13 6.41702e+13 6.57959e+13 6.67321e+13 6.80568e+13 6.80592e+13 6.82138e+13 6.81565e+13 6.86302e+13 6.84753e+13 6.83652e+13 0 0 0 0 0 0 0 0 0 0 0 0 0 0 0 0 0 0 0 0 0 0 0 0 0 0 0 0 0 0 0 0 
0 0 0 0 0 0 0 0 0 0 0 1.15915e+10 3.55888e+11 2.64958e+12 1.00171e+13 2.4975e+13 4.69888e+13 7.36148e+13 1.01705e+14 1.29146e+14 1.54016e+14 1.75445e+14 1.93199e+14 2.09033e+14 2.21156e+14 2.30513e+14 2.37278e+14 2.4315e+14 2.46884e+14 2.50384e+14 2.52531e+14 2.53935e+14 2.53257e+14 0 0 0 0 0 0 0 0 0 0 0 0 0 0 0 0 0 0 0 0 0 0 0 0 0 0 0 0 0 0 0 0 
0 0 0 0 0 0 0 0 0 0 0 0 1.22041e+11 1.70895e+12 9.58022e+12 3.15314e+13 7.37931e+13 1.36025e+14 2.12863e+14 2.97168e+14 3.81745e+14 4.64552e+14 5.38769e+14 6.03184e+14 6.61213e+14 7.08289e+14 7.46407e+14 7.79018e+14 8.05013e+14 8.23489e+14 8.38681e+14 8.4316e+14 8.48037e+14 0 0 0 0 0 0 0 0 0 0 0 0 0 0 0 0 0 0 0 0 0 0 0 0 0 0 0 0 0 0 0 0 
0 0 0 0 0 0 0 0 0 0 0 0 2.0635e+10 7.59872e+11 6.78905e+12 3.1012e+13 9.22696e+13 2.05707e+14 3.7273e+14 5.83282e+14 8.23548e+14 1.07015e+15 1.31819e+15 1.54815e+15 1.75949e+15 1.95285e+15 2.11316e+15 2.24753e+15 2.35841e+15 2.44495e+15 2.50246e+15 2.53637e+15 2.54558e+15 0 0 0 0 0 0 0 0 0 0 0 0 0 0 0 0 0 0 0 0 0 0 0 0 0 0 0 0 0 0 0 0 
0 0 0 0 0 0 0 0 0 0 0 0 0 2.13462e+11 3.52071e+12 2.33688e+13 9.1498e+13 2.51398e+14 5.3918e+14 9.62896e+14 1.50563e+15 2.13624e+15 2.81182e+15 3.4985e+15 4.14793e+15 4.77365e+15 5.34274e+15 5.8054e+15 6.18478e+15 6.48662e+15 6.71419e+15 6.84978e+15 6.91661e+15 0 0 0 0 0 0 0 0 0 0 0 0 0 0 0 0 0 0 0 0 0 0 0 0 0 0 0 0 0 0 0 0 
0 0 0 0 0 0 0 0 0 0 0 0 0 3.00714e+10 1.28482e+12 1.33538e+13 7.13355e+13 2.47965e+14 6.3889e+14 1.32567e+15 2.33605e+15 3.64585e+15 5.18536e+15 6.87299e+15 8.63395e+15 1.02937e+16 1.18375e+16 1.32739e+16 1.44752e+16 1.54409e+16 1.61689e+16 1.66582e+16 1.67155e+16 0 0 0 0 0 0 0 0 0 0 0 0 0 0 0 0 0 0 0 0 0 0 0 0 0 0 0 0 0 0 0 0 
0 0 0 0 0 0 0 0 0 0 0 0 0 0 3.01061e+11 5.67714e+12 4.32906e+13 1.95873e+14 6.18572e+14 1.50938e+15 3.042e+15 5.29681e+15 8.22626e+15 1.16878e+16 1.54931e+16 1.94637e+16 2.34238e+16 2.7007e+16 3.01475e+16 3.2752e+16 3.47066e+16 3.58182e+16 3.62585e+16 0 0 0 0 0 0 0 0 0 0 0 0 0 0 0 0 0 0 0 0 0 0 0 0 0 0 0 0 0 0 0 0 
0 0 0 0 0 0 0 0 0 0 0 0 0 0 3.60612e+10 1.72866e+12 2.03238e+13 1.2304e+14 4.87628e+14 1.42359e+15 3.31394e+15 6.4835e+15 1.11108e+16 1.71396e+16 2.42794e+16 3.21153e+16 4.02314e+16 4.81088e+16 5.52925e+16 6.13529e+16 6.57687e+16 6.86197e+16 6.95278e+16 0 0 0 0 0 0 0 0 0 0 0 0 0 0 0 0 0 0 0 0 0 0 0 0 0 0 0 0 0 0 0 0 
0 0 0 0 0 0 0 0 0 0 0 0 0 0 0 3.44718e+11 7.20708e+12 6.14292e+13 3.11258e+14 1.10404e+15 3.00395e+15 6.70799e+15 1.27877e+16 2.15372e+16 3.28371e+16 4.62599e+16 6.05945e+16 7.5353e+16 8.89099e+16 1.00829e+17 1.09908e+17 1.15679e+17 1.1794e+17 0 0 0 0 0 0 0 0 0 0 0 0 0 0 0 0 0 0 0 0 0 0 0 0 0 0 0 0 0 0 0 0 
0 0 0 0 0 0 0 0 0 0 0 0 0 0 0 3.56712e+10 1.8666e+12 2.40846e+13 1.61109e+14 7.06106e+14 2.28e+15 5.83033e+15 1.24714e+16 2.31074e+16 3.81249e+16 5.70367e+16 7.91786e+16 1.02399e+17 1.25689e+17 1.456e+17 1.61508e+17 1.72002e+17 1.75161e+17 0 0 0 0 0 0 0 0 0 0 0 0 0 0 0 0 0 0 0 0 0 0 0 0 0 0 0 0 0 0 0 0 
0 0 0 0 0 0 0 0 0 0 0 0 0 0 0 0 3.20288e+11 7.26223e+12 6.71457e+13 3.70873e+14 1.43988e+15 4.27071e+15 1.03039e+16 2.11216e+16 3.79344e+16 6.11344e+16 8.95688e+16 1.2148e+17 1.5399e+17 1.84161e+17 2.08548e+17 2.23664e+17 2.28799e+17 0 0 0 0 0 0 0 0 0 0 0 0 0 0 0 0 0 0 0 0 0 0 0 0 0 0 0 0 0 0 0 0 
0 0 0 0 0 0 0 0 0 0 0 0 0 0 0 0 2.93128e+10 1.61415e+12 2.23176e+13 1.60787e+14 7.57459e+14 2.63583e+15 7.26501e+15 1.65677e+16 3.24563e+16 5.61015e+16 8.77341e+16 1.25213e+17 1.64568e+17 2.02305e+17 2.33359e+17 2.53683e+17 2.61685e+17 0 0 0 0 0 0 0 0 0 0 0 0 0 0 0 0 0 0 0 0 0 0 0 0 0 0 0 0 0 0 0 0 
0 0 0 0 0 0 0 0 0 0 0 0 0 0 0 0 0 2.43269e+11 5.79506e+12 5.66791e+13 3.33832e+14 1.37776e+15 4.33733e+15 1.1085e+16 2.39151e+16 4.48667e+16 7.42845e+16 1.11524e+17 1.53351e+17 1.94365e+17 2.29166e+17 2.52923e+17 2.60499e+17 0 0 0 0 0 0 0 0 0 0 0 0 0 0 0 0 0 0 0 0 0 0 0 0 0 0 0 0 0 0 0 0 
0 0 0 0 0 0 0 0 0 0 0 0 0 0 0 0 0 2.00279e+10 1.12724e+12 1.62925e+13 1.22725e+14 6.07824e+14 2.21219e+15 6.3902e+15 1.51718e+16 3.07679e+16 5.47664e+16 8.66148e+16 1.23863e+17 1.62777e+17 1.96367e+17 2.18782e+17 2.27288e+17 0 0 0 0 0 0 0 0 0 0 0 0 0 0 0 0 0 0 0 0 0 0 0 0 0 0 0 0 0 0 0 0 
0 0 0 0 0 0 0 0 0 0 0 0 0 0 0 0 0 0 1.51612e+11 3.69271e+12 3.72226e+13 2.27708e+14 9.7563e+14 3.16634e+15 8.3608e+15 1.84308e+16 3.51198e+16 5.89177e+16 8.86507e+16 1.19407e+17 1.47283e+17 1.67675e+17 1.74607e+17 0 0 0 0 0 0 0 0 0 0 0 0 0 0 0 0 0 0 0 0 0 0 0 0 0 0 0 0 0 0 0 0 
0 0 0 0 0 0 0 0 0 0 0 0 0 0 0 0 0 0 1.14742e+10 6.40673e+11 9.38343e+12 7.19851e+13 3.64674e+14 1.36218e+15 4.00244e+15 9.65709e+15 1.97469e+16 3.50985e+16 5.48692e+16 7.71193e+16 9.77774e+16 1.11957e+17 1.17124e+17 0 0 0 0 0 0 0 0 0 0 0 0 0 0 0 0 0 0 0 0 0 0 0 0 0 0 0 0 0 0 0 0 
0 0 0 0 0 0 0 0 0 0 0 0 0 0 0 0 0 0 0 7.76827e+10 1.89288e+12 1.91969e+13 1.18329e+14 5.11036e+14 1.67226e+15 4.44183e+15 9.79421e+15 1.84474e+16 3.0278e+16 4.39875e+16 5.7001e+16 6.64369e+16 6.98695e+16 0 0 0 0 0 0 0 0 0 0 0 0 0 0 0 0 0 0 0 0 0 0 0 0 0 0 0 0 0 0 0 0 
0 0 0 0 0 0 0 0 0 0 0 0 0 0 0 0 0 0 0 5.57798e+09 2.94865e+11 4.27681e+12 3.27874e+13 1.65003e+14 6.15241e+14 1.79188e+15 4.26706e+15 8.54717e+15 1.47653e+16 2.22571e+16 2.96161e+16 3.50666e+16 3.70885e+16 0 0 0 0 0 0 0 0 0 0 0 0 0 0 0 0 0 0 0 0 0 0 0 0 0 0 0 0 0 0 0 0 
0 0 0 0 0 0 0 0 0 0 0 0 0 0 0 0 0 0 0 0 3.31125e+10 7.80093e+11 7.75513e+12 4.68194e+13 1.99181e+14 6.41523e+14 1.65844e+15 3.54546e+15 6.4394e+15 1.00715e+16 1.37461e+16 1.64945e+16 1.75514e+16 0 0 0 0 0 0 0 0 0 0 0 0 0 0 0 0 0 0 0 0 0 0 0 0 0 0 0 0 0 0 0 0 
0 0 0 0 0 0 0 0 0 0 0 0 0 0 0 0 0 0 0 0 2.37072e+09 1.11805e+11 1.55902e+12 1.1555e+13 5.65178e+13 2.03904e+14 5.7612e+14 1.32045e+15 2.51285e+15 4.08962e+15 5.73384e+15 7.00176e+15 7.49407e+15 0 0 0 0 0 0 0 0 0 0 0 0 0 0 0 0 0 0 0 0 0 0 0 0 0 0 0 0 0 0 0 0 
0 0 0 0 0 0 0 0 0 0 0 0 0 0 0 0 0 0 0 0 0 1.18648e+10 2.61781e+11 2.4756e+12 1.43216e+13 5.80751e+13 1.79107e+14 4.40142e+14 8.8511e+14 1.49668e+15 2.16418e+15 2.69678e+15 2.88664e+15 0 0 0 0 0 0 0 0 0 0 0 0 0 0 0 0 0 0 0 0 0 0 0 0 0 0 0 0 0 0 0 0 
0 0 0 0 0 0 0 0 0 0 0 0 0 0 0 0 0 0 0 0 0 9.06147e+08 3.52685e+10 4.56349e+11 3.18691e+12 1.47925e+13 5.01658e+13 1.32525e+14 2.84738e+14 5.01077e+14 7.44781e+14 9.37474e+14 1.01834e+15 0 0 0 0 0 0 0 0 0 0 0 0 0 0 0 0 0 0 0 0 0 0 0 0 0 0 0 0 0 0 0 0 
0 0 0 0 0 0 0 0 0 0 0 0 0 0 0 0 0 0 0 0 0 0 3.60494e+09 7.20773e+10 6.24923e+11 3.36808e+12 1.2777e+13 3.66158e+13 8.28142e+13 1.53065e+14 2.3303e+14 3.00976e+14 3.25678e+14 0 0 0 0 0 0 0 0 0 0 0 0 0 0 0 0 0 0 0 0 0 0 0 0 0 0 0 0 0 0 0 0 
0 0 0 0 0 0 0 0 0 0 0 0 0 0 0 0 0 0 0 0 0 0 3.15236e+08 9.33845e+09 1.0789e+11 6.93083e+11 2.92412e+12 9.1568e+12 2.21794e+13 4.2794e+13 6.74443e+13 8.83363e+13 9.65064e+13 0 0 0 0 0 0 0 0 0 0 0 0 0 0 0 0 0 0 0 0 0 0 0 0 0 0 0 0 0 0 0 0 
0 0 0 0 0 0 0 0 0 0 0 0 0 0 0 0 0 0 0 0 0 0 0 9.5093e+08 1.63688e+10 1.26987e+11 6.20248e+11 2.11126e+12 5.46777e+12 1.10989e+13 1.80594e+13 2.40474e+13 2.64182e+13 0 0 0 0 0 0 0 0 0 0 0 0 0 0 0 0 0 0 0 0 0 0 0 0 0 0 0 0 0 0 0 0 
0 0 0 0 0 0 0 0 0 0 0 0 0 0 0 0 0 0 0 0 0 0 0 1.02809e+08 2.14925e+09 2.10715e+10 1.18731e+11 4.51675e+11 1.24719e+12 2.66343e+12 4.52885e+12 6.13241e+12 6.76869e+12 0 0 0 0 0 0 0 0 0 0 0 0 0 0 0 0 0 0 0 0 0 0 0 0 0 0 0 0 0 0 0 0 
0 0 0 0 0 0 0 0 0 0 0 0 0 0 0 0 0 0 0 0 0 0 0 0 2.22463e+08 3.16657e+09 2.1093e+10 8.86417e+10 2.68294e+11 6.04039e+11 1.04616e+12 1.4562e+12 1.63062e+12 0 0 0 0 0 0 0 0 0 0 0 0 0 0 0 0 0 0 0 0 0 0 0 0 0 0 0 0 0 0 0 0 
0 0 0 0 0 0 0 0 0 0 0 0 0 0 0 0 0 0 0 0 0 0 0 0 3.09144e+07 4.4001e+08 3.44205e+09 1.64862e+10 5.35814e+10 1.2749e+11 2.31451e+11 3.25661e+11 3.68916e+11 0 0 0 0 0 0 0 0 0 0 0 0 0 0 0 0 0 0 0 0 0 0 0 0 0 0 0 0 0 0 0 0 
0 0 0 0 0 0 0 0 0 0 0 0 0 0 0 0 0 0 0 0 0 0 0 0 0 4.52515e+07 5.36588e+08 2.91246e+09 1.0203e+10 2.61408e+10 4.87457e+10 7.09523e+10 7.96367e+10 0 0 0 0 0 0 0 0 0 0 0 0 0 0 0 0 0 0 0 0 0 0 0 0 0 0 0 0 0 0 0 0 
0 0 0 0 0 0 0 0 0 0 0 0 0 0 0 0 0 0 0 0 0 0 0 0 0 8.39536e+06 8.02622e+07 4.75758e+08 1.89604e+09 5.0827e+09 9.8964e+09 1.47287e+10 1.66534e+10 0 0 0 0 0 0 0 0 0 0 0 0 0 0 0 0 0 0 0 0 0 0 0 0 0 0 0 0 0 0 0 0 
0 0 0 0 0 0 0 0 0 0 0 0 0 0 0 0 0 0 0 0 0 0 0 0 0 0 7.78756e+06 8.08263e+07 3.42054e+08 9.57127e+08 2.00052e+09 2.96454e+09 3.42157e+09 0 0 0 0 0 0 0 0 0 0 0 0 0 0 0 0 0 0 0 0 0 0 0 0 0 0 0 0 0 0 0 0 
0 0 0 0 0 0 0 0 0 0 0 0 0 0 0 0 0 0 0 0 0 0 0 0 0 0 2.0195e+06 1.27505e+07 5.65606e+07 1.85889e+08 3.85082e+08 5.98008e+08 6.86027e+08 0 0 0 0 0 0 0 0 0 0 0 0 0 0 0 0 0 0 0 0 0 0 0 0 0 0 0 0 0 0 0 0 
0 0 0 0 0 0 0 0 0 0 0 0 0 0 0 0 0 0 0 0 0 0 0 0 0 0 0 1.07941e+06 1.08318e+07 3.31847e+07 7.42975e+07 1.20719e+08 1.35333e+08 0 0 0 0 0 0 0 0 0 0 0 0 0 0 0 0 0 0 0 0 0 0 0 0 0 0 0 0 0 0 0 0 
0 0 0 0 0 0 0 0 0 0 0 0 0 0 0 0 0 0 0 0 0 0 0 0 0 0 0 417229 1.67343e+06 5.54387e+06 1.51503e+07 2.2279e+07 2.85082e+07 0 0 0 0 0 0 0 0 0 0 0 0 0 0 0 0 0 0 0 0 0 0 0 0 0 0 0 0 0 0 0 0 
0 0 0 0 0 0 0 0 0 0 0 0 0 0 0 0 0 0 0 0 0 0 0 0 0 0 0 0 111980 1.24591e+06 2.44756e+06 4.6743e+06 5.19508e+06 0 0 0 0 0 0 0 0 0 0 0 0 0 0 0 0 0 0 0 0 0 0 0 0 0 0 0 0 0 0 0 0 
0 0 0 0 0 0 0 0 0 0 0 0 0 0 0 0 0 0 0 0 0 0 0 0 0 0 0 0 71629.4 167702 454810 969063 934774 0 0 0 0 0 0 0 0 0 0 0 0 0 0 0 0 0 0 0 0 0 0 0 0 0 0 0 0 0 0 0 0 
0 0 0 0 0 0 0 0 0 0 0 0 0 0 0 0 0 0 0 0 0 0 0 0 0 0 0 0 0 7573.75 115958 111822 240185 0 0 0 0 0 0 0 0 0 0 0 0 0 0 0 0 0 0 0 0 0 0 0 0 0 0 0 0 0 0 0 0 
0 0 0 0 0 0 0 0 0 0 0 0 0 0 0 0 0 0 0 0 0 0 0 0 0 0 0 0 0 9679.84 11299.8 32608.1 37509.2 0 0 0 0 0 0 0 0 0 0 0 0 0 0 0 0 0 0 0 0 0 0 0 0 0 0 0 0 0 0 0 0 
0 0 0 0 0 0 0 0 0 0 0 0 0 0 0 0 0 0 0 0 0 0 0 0 0 0 0 0 0 0 253.953 7651.73 1987.5 0 0 0 0 0 0 0 0 0 0 0 0 0 0 0 0 0 0 0 0 0 0 0 0 0 0 0 0 0 0 0 0 
0 0 0 0 0 0 0 0 0 0 0 0 0 0 0 0 0 0 0 0 0 0 0 0 0 0 0 0 0 0 961.305 375.91 1944.11 0 0 0 0 0 0 0 0 0 0 0 0 0 0 0 0 0 0 0 0 0 0 0 0 0 0 0 0 0 0 0 0 
0 0 0 0 0 0 0 0 0 0 0 0 0 0 0 0 0 0 0 0 0 0 0 0 0 0 0 0 0 0 0 0 253.936 0 0 0 0 0 0 0 0 0 0 0 0 0 0 0 0 0 0 0 0 0 0 0 0 0 0 0 0 0 0 0 0 
0 0 0 0 0 0 0 0 0 0 0 0 0 0 0 0 0 0 0 0 0 0 0 0 0 0 0 0 0 0 0 62.0197 0 0 0 0 0 0 0 0 0 0 0 0 0 0 0 0 0 0 0 0 0 0 0 0 0 0 0 0 0 0 0 0 0 
0 0 0 0 0 0 0 0 0 0 0 0 0 0 0 0 0 0 0 0 0 0 0 0 0 0 0 0 0 0 0 0 0 0 0 0 0 0 0 0 0 0 0 0 0 0 0 0 0 0 0 0 0 0 0 0 0 0 0 0 0 0 0 0 0 
0 0 0 0 0 0 0 0 0 0 0 0 0 0 0 0 0 0 0 0 0 0 0 0 0 0 0 0 0 0 0 0 1.93812 0 0 0 0 0 0 0 0 0 0 0 0 0 0 0 0 0 0 0 0 0 0 0 0 0 0 0 0 0 0 0 0 
