1 0 0 0 0 0 0 0 0 0 0 0 0 0 0 0 0 0 0 0 0 0 0 0 0 0 0 0 0 0 0 0 0 0 0 0 0 0 0 0 0 0 0 0 0 0 0 0 0 0 0 0 0 0 0 0 0 0 0 0 0 0 0 0 0 
0 0 0 0 0 0 0 0 0 0 0 0 0 0 0 0 0 0 0 0 0 0 0 0 0 0 0 0 0 0 0 0 0 0 0 0 0 0 0 0 0 0 0 0 0 0 0 0 0 0 0 0 0 0 0 0 0 0 0 0 0 0 0 0 0 
0 64 0 0 0 0 0 0 0 0 0 0 0 0 0 0 0 0 0 0 0 0 0 0 0 0 0 0 0 0 0 0 0 0 0 0 0 0 0 0 0 0 0 0 0 0 0 0 0 0 0 0 0 0 0 0 0 0 0 0 0 0 0 0 0 
0 0 128 0 0 0 0 0 0 0 0 0 0 0 0 0 0 0 0 0 0 0 0 0 0 0 0 0 0 0 0 0 0 0 0 0 0 0 0 0 0 0 0 0 0 0 0 0 0 0 0 0 0 0 0 0 0 0 0 0 0 0 0 0 0 
0 0 1888 382.937 64.1514 0 0 0 0 0 0 0 0 0 0 0 0 0 0 0 0 0 0 0 0 0 0 0 0 0 0 0 0 0 0 0 0 0 0 0 0 0 0 0 0 0 0 0 0 0 0 0 0 0 0 0 0 0 0 0 0 0 0 0 0 
0 0 0 7170.13 1162.49 508.983 127.3 0 0 0 0 0 0 0 0 0 0 0 0 0 0 0 0 0 0 0 0 0 0 0 0 0 0 0 0 0 0 0 0 0 0 0 0 0 0 0 0 0 0 0 0 0 0 0 0 0 0 0 0 0 0 0 0 0 0 
0 0 0 34110.9 27342.5 6849.95 2553.51 1397.23 415.453 61.5906 0 0 0 0 0 0 0 0 0 0 0 0 0 0 0 0 0 0 0 0 0 0 0 0 0 0 0 0 0 0 0 0 0 0 0 0 0 0 0 0 0 0 0 0 0 0 0 0 0 0 0 0 0 0 0 
0 0 0 0 183619 97054 43141.3 17147.8 8710.7 4757.16 2023.34 526.14 134.68 0 0 0 0 0 0 0 0 0 0 0 0 0 0 0 0 0 0 0 0 0 0 0 0 0 0 0 0 0 0 0 0 0 0 0 0 0 0 0 0 0 0 0 0 0 0 0 0 0 0 0 0 
0 0 0 0 423188 828683 413462 222759 122885 60151.8 35658.7 20185.7 9431.89 4361.58 1373.52 385.779 77.5221 0 0 0 0 0 0 0 14.8903 0 0 0 0 0 0 0 15.6324 0 0 0 0 0 0 0 0 0 0 0 0 0 0 0 0 0 0 0 0 0 0 0 0 0 0 0 0 0 0 0 0 
0 0 0 0 0 2.86249e+06 3.31096e+06 1.98514e+06 1.14313e+06 727835 424701 249786 159595 93365.8 56426.9 29070.6 14255 6199.71 2042.69 728.293 365.058 266.086 245.101 262.918 0 240.913 246.342 241.983 246.489 234.475 240.959 254.241 0 0 0 0 0 0 0 0 0 0 0 0 0 0 0 0 0 0 0 0 0 0 0 0 0 0 0 0 0 0 0 0 0 
0 0 0 0 0 3.82893e+06 1.46274e+07 1.35091e+07 9.35803e+06 6.06356e+06 3.98257e+06 2.67311e+06 1.7687e+06 1.1551e+06 755317 495656 329750 198851 120421 67475.1 38041.3 21674.8 13870.1 10732.8 11666.8 9380.06 8824.69 9152.6 9033.14 9260.53 9221.06 8848.73 11006.9 0 0 0 0 0 0 0 0 0 0 0 0 0 0 0 0 0 0 0 0 0 0 0 0 0 0 0 0 0 0 0 0 
0 0 0 0 0 0 3.03308e+07 6.36944e+07 5.75498e+07 4.33924e+07 3.1488e+07 2.22875e+07 1.59293e+07 1.15603e+07 8.17564e+06 5.96434e+06 4.04187e+06 2.93633e+06 2.07854e+06 1.5021e+06 1.04389e+06 699287 500925 377781 278317 237493 228135 214388 221234 210825 209578 209187 204954 0 0 0 0 0 0 0 0 0 0 0 0 0 0 0 0 0 0 0 0 0 0 0 0 0 0 0 0 0 0 0 0 
0 0 0 0 0 0 2.6246e+07 1.69675e+08 2.6243e+08 2.46582e+08 1.99869e+08 1.55934e+08 1.19554e+08 9.03093e+07 6.97065e+07 5.31722e+07 4.04968e+07 3.17194e+07 2.38812e+07 1.79509e+07 1.3951e+07 1.06781e+07 8.41818e+06 6.68454e+06 5.5408e+06 4.5961e+06 3.94254e+06 3.57532e+06 3.32053e+06 3.25116e+06 3.21066e+06 3.16469e+06 3.30771e+06 0 0 0 0 0 0 0 0 0 0 0 0 0 0 0 0 0 0 0 0 0 0 0 0 0 0 0 0 0 0 0 0 
0 0 0 0 0 0 0 2.32425e+08 7.85838e+08 1.06296e+09 1.04301e+09 9.04833e+08 7.53326e+08 6.17386e+08 4.90337e+08 3.94553e+08 3.14279e+08 2.55837e+08 2.07715e+08 1.70682e+08 1.35233e+08 1.08564e+08 9.10807e+07 7.73703e+07 6.40923e+07 5.62723e+07 5.0648e+07 4.58395e+07 4.23848e+07 3.99076e+07 3.87861e+07 3.80058e+07 3.8015e+07 0 0 0 0 0 0 0 0 0 0 0 0 0 0 0 0 0 0 0 0 0 0 0 0 0 0 0 0 0 0 0 0 
0 0 0 0 0 0 0 1.39686e+08 1.38505e+09 3.30677e+09 4.27436e+09 4.34159e+09 4.00871e+09 3.50366e+09 3.01613e+09 2.51292e+09 2.13279e+09 1.80262e+09 1.50518e+09 1.28207e+09 1.08023e+09 9.27829e+08 7.94116e+08 6.82508e+08 6.04944e+08 5.33722e+08 4.84645e+08 4.4066e+08 4.09934e+08 3.93859e+08 3.85387e+08 3.72965e+08 3.72975e+08 0 0 0 0 0 0 0 0 0 0 0 0 0 0 0 0 0 0 0 0 0 0 0 0 0 0 0 0 0 0 0 0 
0 0 0 0 0 0 0 0 1.33843e+09 6.67323e+09 1.31501e+10 1.6846e+10 1.7713e+10 1.70232e+10 1.57775e+10 1.40663e+10 1.25116e+10 1.0949e+10 9.60022e+09 8.37954e+09 7.36795e+09 6.45353e+09 5.72054e+09 5.10237e+09 4.57402e+09 4.1996e+09 3.79684e+09 3.53967e+09 3.32642e+09 3.22245e+09 3.11126e+09 3.0557e+09 3.05162e+09 0 0 0 0 0 0 0 0 0 0 0 0 0 0 0 0 0 0 0 0 0 0 0 0 0 0 0 0 0 0 0 0 
0 0 0 0 0 0 0 0 5.8623e+08 8.31137e+09 2.84086e+10 5.03958e+10 6.46712e+10 7.08277e+10 7.1279e+10 6.83911e+10 6.37283e+10 5.79804e+10 5.31e+10 4.79562e+10 4.36885e+10 3.94241e+10 3.59833e+10 3.26991e+10 2.98246e+10 2.78219e+10 2.62313e+10 2.46824e+10 2.35655e+10 2.27735e+10 2.17896e+10 2.16176e+10 2.14958e+10 0 0 0 0 0 0 0 0 0 0 0 0 0 0 0 0 0 0 0 0 0 0 0 0 0 0 0 0 0 0 0 0 
0 0 0 0 0 0 0 0 0 5.92663e+09 4.0894e+10 1.11405e+11 1.86698e+11 2.40782e+11 2.70807e+11 2.83965e+11 2.82173e+11 2.74209e+11 2.5959e+11 2.46139e+11 2.2899e+11 2.14499e+11 2.00036e+11 1.87764e+11 1.74307e+11 1.64225e+11 1.5722e+11 1.49413e+11 1.44827e+11 1.38979e+11 1.35953e+11 1.34313e+11 1.33751e+11 0 0 0 0 0 0 0 0 0 0 0 0 0 0 0 0 0 0 0 0 0 0 0 0 0 0 0 0 0 0 0 0 
0 0 0 0 0 0 0 0 0 1.96279e+09 3.76783e+10 1.74071e+11 4.10559e+11 6.66403e+11 8.72193e+11 1.01343e+12 1.09553e+12 1.12476e+12 1.1284e+12 1.1112e+12 1.07381e+12 1.03798e+12 9.89994e+11 9.33578e+11 9.03149e+11 8.71297e+11 8.40546e+11 8.12523e+11 7.84535e+11 7.66917e+11 7.56202e+11 7.47622e+11 7.43007e+11 0 0 0 0 0 0 0 0 0 0 0 0 0 0 0 0 0 0 0 0 0 0 0 0 0 0 0 0 0 0 0 0 
0 0 0 0 0 0 0 0 0 0 2.04827e+10 1.86742e+11 6.71329e+11 1.44424e+12 2.29643e+12 3.05119e+12 3.64501e+12 4.06455e+12 4.30548e+12 4.42522e+12 4.47094e+12 4.42108e+12 4.3713e+12 4.28156e+12 4.19611e+12 4.11416e+12 4.0195e+12 3.9017e+12 3.85275e+12 3.7827e+12 3.74978e+12 3.70177e+12 3.69947e+12 0 0 0 0 0 0 0 0 0 0 0 0 0 0 0 0 0 0 0 0 0 0 0 0 0 0 0 0 0 0 0 0 
0 0 0 0 0 0 0 0 0 0 5.30636e+09 1.31058e+11 7.86278e+11 2.38883e+12 4.8377e+12 7.6181e+12 1.02781e+13 1.25118e+13 1.43313e+13 1.55693e+13 1.65134e+13 1.70934e+13 1.73482e+13 1.75165e+13 1.75451e+13 1.74938e+13 1.72732e+13 1.71946e+13 1.70477e+13 1.69438e+13 1.68202e+13 1.68193e+13 1.6793e+13 0 0 0 0 0 0 0 0 0 0 0 0 0 0 0 0 0 0 0 0 0 0 0 0 0 0 0 0 0 0 0 0 
0 0 0 0 0 0 0 0 0 0 0 5.60217e+10 6.4314e+11 2.94235e+12 7.95974e+12 1.54407e+13 2.41951e+13 3.30937e+13 4.12286e+13 4.82383e+13 5.36374e+13 5.84449e+13 6.15666e+13 6.38709e+13 6.53901e+13 6.66877e+13 6.72035e+13 6.78809e+13 6.817e+13 6.87209e+13 6.83403e+13 6.84979e+13 6.85355e+13 0 0 0 0 0 0 0 0 0 0 0 0 0 0 0 0 0 0 0 0 0 0 0 0 0 0 0 0 0 0 0 0 
0 0 0 0 0 0 0 0 0 0 0 1.16289e+10 3.55991e+11 2.65009e+12 1.00241e+13 2.49421e+13 4.69843e+13 7.36838e+13 1.01633e+14 1.2908e+14 1.53783e+14 1.75217e+14 1.94035e+14 2.08703e+14 2.20189e+14 2.29463e+14 2.37767e+14 2.43535e+14 2.48495e+14 2.49438e+14 2.52692e+14 2.52916e+14 2.52818e+14 0 0 0 0 0 0 0 0 0 0 0 0 0 0 0 0 0 0 0 0 0 0 0 0 0 0 0 0 0 0 0 0 
0 0 0 0 0 0 0 0 0 0 0 0 1.22196e+11 1.70921e+12 9.58176e+12 3.15804e+13 7.37526e+13 1.35939e+14 2.13083e+14 2.97537e+14 3.8289e+14 4.63471e+14 5.3999e+14 6.0452e+14 6.6014e+14 7.08407e+14 7.50249e+14 7.80364e+14 8.00389e+14 8.23504e+14 8.35071e+14 8.44893e+14 8.46381e+14 0 0 0 0 0 0 0 0 0 0 0 0 0 0 0 0 0 0 0 0 0 0 0 0 0 0 0 0 0 0 0 0 
0 0 0 0 0 0 0 0 0 0 0 0 2.07399e+10 7.58385e+11 6.77576e+12 3.10334e+13 9.24638e+13 2.05166e+14 3.72905e+14 5.83235e+14 8.2211e+14 1.07175e+15 1.31243e+15 1.55596e+15 1.7696e+15 1.95807e+15 2.11464e+15 2.24094e+15 2.35867e+15 2.44472e+15 2.50184e+15 2.53058e+15 2.55337e+15 0 0 0 0 0 0 0 0 0 0 0 0 0 0 0 0 0 0 0 0 0 0 0 0 0 0 0 0 0 0 0 0 
0 0 0 0 0 0 0 0 0 0 0 0 0 2.14242e+11 3.52484e+12 2.33146e+13 9.13768e+13 2.52089e+14 5.37804e+14 9.64152e+14 1.5089e+15 2.13675e+15 2.81098e+15 3.49411e+15 4.15118e+15 4.78565e+15 5.3184e+15 5.82284e+15 6.19169e+15 6.52053e+15 6.73561e+15 6.86146e+15 6.90455e+15 0 0 0 0 0 0 0 0 0 0 0 0 0 0 0 0 0 0 0 0 0 0 0 0 0 0 0 0 0 0 0 0 
0 0 0 0 0 0 0 0 0 0 0 0 0 3.02533e+10 1.28343e+12 1.33672e+13 7.1333e+13 2.47801e+14 6.39782e+14 1.32327e+15 2.33374e+15 3.64605e+15 5.18507e+15 6.87226e+15 8.59082e+15 1.02705e+16 1.19228e+16 1.33297e+16 1.45888e+16 1.54879e+16 1.61695e+16 1.66326e+16 1.67734e+16 0 0 0 0 0 0 0 0 0 0 0 0 0 0 0 0 0 0 0 0 0 0 0 0 0 0 0 0 0 0 0 0 
0 0 0 0 0 0 0 0 0 0 0 0 0 0 3.02023e+11 5.67782e+12 4.32941e+13 1.95836e+14 6.18902e+14 1.5094e+15 3.03733e+15 5.29029e+15 8.23598e+15 1.16963e+16 1.55684e+16 1.95054e+16 2.33761e+16 2.70153e+16 3.01884e+16 3.28401e+16 3.47468e+16 3.59199e+16 3.62343e+16 0 0 0 0 0 0 0 0 0 0 0 0 0 0 0 0 0 0 0 0 0 0 0 0 0 0 0 0 0 0 0 0 
0 0 0 0 0 0 0 0 0 0 0 0 0 0 3.62776e+10 1.72993e+12 2.03146e+13 1.23128e+14 4.86746e+14 1.42307e+15 3.32022e+15 6.48953e+15 1.11158e+16 1.7119e+16 2.43073e+16 3.21624e+16 4.0264e+16 4.81168e+16 5.52056e+16 6.11515e+16 6.57694e+16 6.84676e+16 6.95033e+16 0 0 0 0 0 0 0 0 0 0 0 0 0 0 0 0 0 0 0 0 0 0 0 0 0 0 0 0 0 0 0 0 
0 0 0 0 0 0 0 0 0 0 0 0 0 0 0 3.44741e+11 7.21704e+12 6.13832e+13 3.12157e+14 1.10556e+15 3.00099e+15 6.7091e+15 1.27696e+16 2.15348e+16 3.2739e+16 4.61366e+16 6.05621e+16 7.51622e+16 8.90062e+16 1.01112e+17 1.1019e+17 1.15802e+17 1.17554e+17 0 0 0 0 0 0 0 0 0 0 0 0 0 0 0 0 0 0 0 0 0 0 0 0 0 0 0 0 0 0 0 0 
0 0 0 0 0 0 0 0 0 0 0 0 0 0 0 3.59465e+10 1.86497e+12 2.40657e+13 1.60843e+14 7.05744e+14 2.28048e+15 5.82204e+15 1.24726e+16 2.31095e+16 3.81065e+16 5.70922e+16 7.92512e+16 1.0256e+17 1.2548e+17 1.45557e+17 1.61617e+17 1.72129e+17 1.75905e+17 0 0 0 0 0 0 0 0 0 0 0 0 0 0 0 0 0 0 0 0 0 0 0 0 0 0 0 0 0 0 0 0 
0 0 0 0 0 0 0 0 0 0 0 0 0 0 0 0 3.21424e+11 7.2589e+12 6.71456e+13 3.71315e+14 1.44128e+15 4.27788e+15 1.03196e+16 2.11313e+16 3.79526e+16 6.10712e+16 8.935e+16 1.21655e+17 1.53761e+17 1.83848e+17 2.07569e+17 2.23223e+17 2.28612e+17 0 0 0 0 0 0 0 0 0 0 0 0 0 0 0 0 0 0 0 0 0 0 0 0 0 0 0 0 0 0 0 0 
0 0 0 0 0 0 0 0 0 0 0 0 0 0 0 0 2.96276e+10 1.61515e+12 2.22785e+13 1.60357e+14 7.57185e+14 2.63904e+15 7.25219e+15 1.65728e+16 3.24895e+16 5.6147e+16 8.77537e+16 1.2455e+17 1.64706e+17 2.02254e+17 2.33639e+17 2.53815e+17 2.6118e+17 0 0 0 0 0 0 0 0 0 0 0 0 0 0 0 0 0 0 0 0 0 0 0 0 0 0 0 0 0 0 0 0 
0 0 0 0 0 0 0 0 0 0 0 0 0 0 0 0 0 2.44625e+11 5.79949e+12 5.68416e+13 3.33599e+14 1.37484e+15 4.33903e+15 1.10801e+16 2.39121e+16 4.48067e+16 7.42955e+16 1.11931e+17 1.53211e+17 1.93976e+17 2.29195e+17 2.52738e+17 2.60752e+17 0 0 0 0 0 0 0 0 0 0 0 0 0 0 0 0 0 0 0 0 0 0 0 0 0 0 0 0 0 0 0 0 
0 0 0 0 0 0 0 0 0 0 0 0 0 0 0 0 0 2.02515e+10 1.12708e+12 1.62587e+13 1.22255e+14 6.07052e+14 2.22134e+15 6.38094e+15 1.51756e+16 3.08287e+16 5.49356e+16 8.66799e+16 1.24481e+17 1.63352e+17 1.96416e+17 2.1955e+17 2.27249e+17 0 0 0 0 0 0 0 0 0 0 0 0 0 0 0 0 0 0 0 0 0 0 0 0 0 0 0 0 0 0 0 0 
0 0 0 0 0 0 0 0 0 0 0 0 0 0 0 0 0 0 1.52589e+11 3.69095e+12 3.74267e+13 2.27352e+14 9.69819e+14 3.17385e+15 8.34807e+15 1.84487e+16 3.50496e+16 5.8885e+16 8.82479e+16 1.19432e+17 1.47659e+17 1.67147e+17 1.74794e+17 0 0 0 0 0 0 0 0 0 0 0 0 0 0 0 0 0 0 0 0 0 0 0 0 0 0 0 0 0 0 0 0 
0 0 0 0 0 0 0 0 0 0 0 0 0 0 0 0 0 0 1.16617e+10 6.39219e+11 9.33944e+12 7.19624e+13 3.64349e+14 1.36556e+15 4.00084e+15 9.65405e+15 1.97943e+16 3.51119e+16 5.48705e+16 7.71471e+16 9.7617e+16 1.12164e+17 1.17163e+17 0 0 0 0 0 0 0 0 0 0 0 0 0 0 0 0 0 0 0 0 0 0 0 0 0 0 0 0 0 0 0 0 
0 0 0 0 0 0 0 0 0 0 0 0 0 0 0 0 0 0 0 7.84358e+10 1.88923e+12 1.92292e+13 1.17699e+14 5.08703e+14 1.67996e+15 4.42273e+15 9.72756e+15 1.84219e+16 3.03294e+16 4.38794e+16 5.69612e+16 6.62917e+16 6.98729e+16 0 0 0 0 0 0 0 0 0 0 0 0 0 0 0 0 0 0 0 0 0 0 0 0 0 0 0 0 0 0 0 0 
0 0 0 0 0 0 0 0 0 0 0 0 0 0 0 0 0 0 0 5.70049e+09 2.95936e+11 4.27956e+12 3.28501e+13 1.65028e+14 6.15458e+14 1.79613e+15 4.28274e+15 8.54495e+15 1.47712e+16 2.22769e+16 2.96032e+16 3.50626e+16 3.69925e+16 0 0 0 0 0 0 0 0 0 0 0 0 0 0 0 0 0 0 0 0 0 0 0 0 0 0 0 0 0 0 0 0 
0 0 0 0 0 0 0 0 0 0 0 0 0 0 0 0 0 0 0 0 3.33495e+10 7.81132e+11 7.7383e+12 4.66319e+13 1.98627e+14 6.43704e+14 1.65742e+15 3.55417e+15 6.43009e+15 1.0069e+16 1.3736e+16 1.64959e+16 1.75216e+16 0 0 0 0 0 0 0 0 0 0 0 0 0 0 0 0 0 0 0 0 0 0 0 0 0 0 0 0 0 0 0 0 
0 0 0 0 0 0 0 0 0 0 0 0 0 0 0 0 0 0 0 0 2.41918e+09 1.12435e+11 1.56122e+12 1.15806e+13 5.66298e+13 2.04477e+14 5.78895e+14 1.3181e+15 2.5181e+15 4.09506e+15 5.74518e+15 7.03123e+15 7.50638e+15 0 0 0 0 0 0 0 0 0 0 0 0 0 0 0 0 0 0 0 0 0 0 0 0 0 0 0 0 0 0 0 0 
0 0 0 0 0 0 0 0 0 0 0 0 0 0 0 0 0 0 0 0 0 1.19477e+10 2.61345e+11 2.4719e+12 1.43015e+13 5.80341e+13 1.78932e+14 4.41992e+14 8.88193e+14 1.49965e+15 2.16854e+15 2.68171e+15 2.89362e+15 0 0 0 0 0 0 0 0 0 0 0 0 0 0 0 0 0 0 0 0 0 0 0 0 0 0 0 0 0 0 0 0 
0 0 0 0 0 0 0 0 0 0 0 0 0 0 0 0 0 0 0 0 0 9.2242e+08 3.5565e+10 4.57625e+11 3.18457e+12 1.47712e+13 5.03245e+13 1.33097e+14 2.85959e+14 5.02887e+14 7.4554e+14 9.40167e+14 1.01253e+15 0 0 0 0 0 0 0 0 0 0 0 0 0 0 0 0 0 0 0 0 0 0 0 0 0 0 0 0 0 0 0 0 
0 0 0 0 0 0 0 0 0 0 0 0 0 0 0 0 0 0 0 0 0 0 3.65202e+09 7.13941e+10 6.26803e+11 3.3766e+12 1.27388e+13 3.64651e+13 8.2889e+13 1.53208e+14 2.33161e+14 2.9947e+14 3.26197e+14 0 0 0 0 0 0 0 0 0 0 0 0 0 0 0 0 0 0 0 0 0 0 0 0 0 0 0 0 0 0 0 0 
0 0 0 0 0 0 0 0 0 0 0 0 0 0 0 0 0 0 0 0 0 0 3.24495e+08 9.56919e+09 1.07557e+11 6.919e+11 2.94933e+12 9.18843e+12 2.21772e+13 4.30503e+13 6.76938e+13 8.86495e+13 9.58412e+13 0 0 0 0 0 0 0 0 0 0 0 0 0 0 0 0 0 0 0 0 0 0 0 0 0 0 0 0 0 0 0 0 
0 0 0 0 0 0 0 0 0 0 0 0 0 0 0 0 0 0 0 0 0 0 0 9.73312e+08 1.6396e+10 1.27028e+11 6.18052e+11 2.113e+12 5.45825e+12 1.10206e+13 1.80895e+13 2.39418e+13 2.65816e+13 0 0 0 0 0 0 0 0 0 0 0 0 0 0 0 0 0 0 0 0 0 0 0 0 0 0 0 0 0 0 0 0 
0 0 0 0 0 0 0 0 0 0 0 0 0 0 0 0 0 0 0 0 0 0 0 1.04662e+08 2.19902e+09 2.09411e+10 1.1868e+11 4.48657e+11 1.24112e+12 2.6613e+12 4.49381e+12 6.12856e+12 6.70064e+12 0 0 0 0 0 0 0 0 0 0 0 0 0 0 0 0 0 0 0 0 0 0 0 0 0 0 0 0 0 0 0 0 
0 0 0 0 0 0 0 0 0 0 0 0 0 0 0 0 0 0 0 0 0 0 0 0 2.26253e+08 3.20352e+09 2.09514e+10 8.86758e+10 2.68472e+11 5.9374e+11 1.04466e+12 1.46207e+12 1.61634e+12 0 0 0 0 0 0 0 0 0 0 0 0 0 0 0 0 0 0 0 0 0 0 0 0 0 0 0 0 0 0 0 0 
0 0 0 0 0 0 0 0 0 0 0 0 0 0 0 0 0 0 0 0 0 0 0 0 3.15509e+07 4.48021e+08 3.4454e+09 1.64243e+10 5.3053e+10 1.2655e+11 2.29798e+11 3.26759e+11 3.67627e+11 0 0 0 0 0 0 0 0 0 0 0 0 0 0 0 0 0 0 0 0 0 0 0 0 0 0 0 0 0 0 0 0 
0 0 0 0 0 0 0 0 0 0 0 0 0 0 0 0 0 0 0 0 0 0 0 0 0 4.60116e+07 5.44372e+08 2.90326e+09 1.02164e+10 2.58766e+10 4.84951e+10 7.01027e+10 7.9632e+10 0 0 0 0 0 0 0 0 0 0 0 0 0 0 0 0 0 0 0 0 0 0 0 0 0 0 0 0 0 0 0 0 
0 0 0 0 0 0 0 0 0 0 0 0 0 0 0 0 0 0 0 0 0 0 0 0 0 8.6279e+06 8.15868e+07 4.76067e+08 1.88639e+09 5.01527e+09 9.94407e+09 1.47935e+10 1.64704e+10 0 0 0 0 0 0 0 0 0 0 0 0 0 0 0 0 0 0 0 0 0 0 0 0 0 0 0 0 0 0 0 0 
0 0 0 0 0 0 0 0 0 0 0 0 0 0 0 0 0 0 0 0 0 0 0 0 0 0 7.93557e+06 8.15646e+07 3.36083e+08 9.55081e+08 1.98013e+09 2.97566e+09 3.3972e+09 0 0 0 0 0 0 0 0 0 0 0 0 0 0 0 0 0 0 0 0 0 0 0 0 0 0 0 0 0 0 0 0 
0 0 0 0 0 0 0 0 0 0 0 0 0 0 0 0 0 0 0 0 0 0 0 0 0 0 2.07899e+06 1.30033e+07 5.64576e+07 1.83465e+08 3.77494e+08 6.04685e+08 6.86615e+08 0 0 0 0 0 0 0 0 0 0 0 0 0 0 0 0 0 0 0 0 0 0 0 0 0 0 0 0 0 0 0 0 
0 0 0 0 0 0 0 0 0 0 0 0 0 0 0 0 0 0 0 0 0 0 0 0 0 0 0 1.09771e+06 1.09816e+07 3.2569e+07 7.31029e+07 1.1781e+08 1.37344e+08 0 0 0 0 0 0 0 0 0 0 0 0 0 0 0 0 0 0 0 0 0 0 0 0 0 0 0 0 0 0 0 0 
0 0 0 0 0 0 0 0 0 0 0 0 0 0 0 0 0 0 0 0 0 0 0 0 0 0 0 430983 1.71479e+06 5.61197e+06 1.52065e+07 2.22477e+07 2.85364e+07 0 0 0 0 0 0 0 0 0 0 0 0 0 0 0 0 0 0 0 0 0 0 0 0 0 0 0 0 0 0 0 0 
0 0 0 0 0 0 0 0 0 0 0 0 0 0 0 0 0 0 0 0 0 0 0 0 0 0 0 0 113511 1.27285e+06 2.4131e+06 4.64454e+06 5.13438e+06 0 0 0 0 0 0 0 0 0 0 0 0 0 0 0 0 0 0 0 0 0 0 0 0 0 0 0 0 0 0 0 0 
0 0 0 0 0 0 0 0 0 0 0 0 0 0 0 0 0 0 0 0 0 0 0 0 0 0 0 0 73678.1 172788 461426 970124 944394 0 0 0 0 0 0 0 0 0 0 0 0 0 0 0 0 0 0 0 0 0 0 0 0 0 0 0 0 0 0 0 0 
0 0 0 0 0 0 0 0 0 0 0 0 0 0 0 0 0 0 0 0 0 0 0 0 0 0 0 0 0 7748.41 118400 111586 241413 0 0 0 0 0 0 0 0 0 0 0 0 0 0 0 0 0 0 0 0 0 0 0 0 0 0 0 0 0 0 0 0 
0 0 0 0 0 0 0 0 0 0 0 0 0 0 0 0 0 0 0 0 0 0 0 0 0 0 0 0 0 9956.45 11705 32485.3 37686.6 0 0 0 0 0 0 0 0 0 0 0 0 0 0 0 0 0 0 0 0 0 0 0 0 0 0 0 0 0 0 0 0 
0 0 0 0 0 0 0 0 0 0 0 0 0 0 0 0 0 0 0 0 0 0 0 0 0 0 0 0 0 0 258.672 7779.08 2059.99 0 0 0 0 0 0 0 0 0 0 0 0 0 0 0 0 0 0 0 0 0 0 0 0 0 0 0 0 0 0 0 0 
0 0 0 0 0 0 0 0 0 0 0 0 0 0 0 0 0 0 0 0 0 0 0 0 0 0 0 0 0 0 988.675 389.298 1911.52 0 0 0 0 0 0 0 0 0 0 0 0 0 0 0 0 0 0 0 0 0 0 0 0 0 0 0 0 0 0 0 0 
0 0 0 0 0 0 0 0 0 0 0 0 0 0 0 0 0 0 0 0 0 0 0 0 0 0 0 0 0 0 0 0 259.137 0 0 0 0 0 0 0 0 0 0 0 0 0 0 0 0 0 0 0 0 0 0 0 0 0 0 0 0 0 0 0 0 
0 0 0 0 0 0 0 0 0 0 0 0 0 0 0 0 0 0 0 0 0 0 0 0 0 0 0 0 0 0 0 63.7855 0 0 0 0 0 0 0 0 0 0 0 0 0 0 0 0 0 0 0 0 0 0 0 0 0 0 0 0 0 0 0 0 0 
0 0 0 0 0 0 0 0 0 0 0 0 0 0 0 0 0 0 0 0 0 0 0 0 0 0 0 0 0 0 0 0 0 0 0 0 0 0 0 0 0 0 0 0 0 0 0 0 0 0 0 0 0 0 0 0 0 0 0 0 0 0 0 0 0 
0 0 0 0 0 0 0 0 0 0 0 0 0 0 0 0 0 0 0 0 0 0 0 0 0 0 0 0 0 0 0 0 1.9933 0 0 0 0 0 0 0 0 0 0 0 0 0 0 0 0 0 0 0 0 0 0 0 0 0 0 0 0 0 0 0 0 
