1 0 0 0 0 0 0 0 0 0 0 0 0 0 0 0 0 0 0 0 0 0 0 0 0 0 0 0 0 0 0 0 0 0 0 0 0 0 0 0 0 0 0 0 0 0 0 0 0 0 0 0 0 0 0 0 0 0 0 0 0 0 0 0 0 
0 0 0 0 0 0 0 0 0 0 0 0 0 0 0 0 0 0 0 0 0 0 0 0 0 0 0 0 0 0 0 0 0 0 0 0 0 0 0 0 0 0 0 0 0 0 0 0 0 0 0 0 0 0 0 0 0 0 0 0 0 0 0 0 0 
0 64 0 0 0 0 0 0 0 0 0 0 0 0 0 0 0 0 0 0 0 0 0 0 0 0 0 0 0 0 0 0 0 0 0 0 0 0 0 0 0 0 0 0 0 0 0 0 0 0 0 0 0 0 0 0 0 0 0 0 0 0 0 0 0 
0 0 128 0 0 0 0 0 0 0 0 0 0 0 0 0 0 0 0 0 0 0 0 0 0 0 0 0 0 0 0 0 0 0 0 0 0 0 0 0 0 0 0 0 0 0 0 0 0 0 0 0 0 0 0 0 0 0 0 0 0 0 0 0 0 
0 0 1888 383.251 63.1311 0 0 0 0 0 0 0 0 0 0 0 0 0 0 0 0 0 0 0 0 0 0 0 0 0 0 0 0 0 0 0 0 0 0 0 0 0 0 0 0 0 0 0 0 0 0 0 0 0 0 0 0 0 0 0 0 0 0 0 0 
0 0 0 7169.5 1142.02 514.714 130.281 0 0 0 0 0 0 0 0 0 0 0 0 0 0 0 0 0 0 0 0 0 0 0 0 0 0 0 0 0 0 0 0 0 0 0 0 0 0 0 0 0 0 0 0 0 0 0 0 0 0 0 0 0 0 0 0 0 0 
0 0 0 34111.3 27281.3 6827.88 2530.03 1393.48 360.243 59.7819 0 0 0 0 0 0 0 0 0 0 0 0 0 0 0 0 0 0 0 0 0 0 0 0 0 0 0 0 0 0 0 0 0 0 0 0 0 0 0 0 0 0 0 0 0 0 0 0 0 0 0 0 0 0 0 
0 0 0 0 183807 97278.8 43048 16576.8 8509.95 4571.44 1994.5 527.563 137.331 0 0 0 0 0 0 0 0 0 0 0 0 0 0 0 0 0 0 0 0 0 0 0 0 0 0 0 0 0 0 0 0 0 0 0 0 0 0 0 0 0 0 0 0 0 0 0 0 0 0 0 0 
0 0 0 0 423083 829287 413856 223217 121110 58788.1 33217.8 19828.1 9518.4 4675.09 1460.38 352.069 103.908 0 0 0 0 0 0 0 13.9 0 0 0 0 0 0 0 15.7003 0 0 0 0 0 0 0 0 0 0 0 0 0 0 0 0 0 0 0 0 0 0 0 0 0 0 0 0 0 0 0 0 
0 0 0 0 0 2.86066e+06 3.31376e+06 1.97226e+06 1.13127e+06 715168 421715 253923 152088 93545.4 54908.9 30049.7 15295.7 6025.46 2412.09 784.022 374.2 263.663 272.411 233.447 0 271.667 262.51 258.6 258.496 248.916 239.239 254.503 0 0 0 0 0 0 0 0 0 0 0 0 0 0 0 0 0 0 0 0 0 0 0 0 0 0 0 0 0 0 0 0 0 
0 0 0 0 0 3.82994e+06 1.46192e+07 1.34685e+07 9.35459e+06 6.08791e+06 4.04307e+06 2.6547e+06 1.81405e+06 1.18937e+06 773464 508513 326871 207786 122149 68542.3 38057.8 22583.3 13164.1 9916.03 11596.1 9843.77 9947.9 9476.5 9355.71 9162.54 9693.76 9721.76 11047.9 0 0 0 0 0 0 0 0 0 0 0 0 0 0 0 0 0 0 0 0 0 0 0 0 0 0 0 0 0 0 0 0 
0 0 0 0 0 0 3.03378e+07 6.38868e+07 5.73547e+07 4.31375e+07 3.16896e+07 2.2498e+07 1.58489e+07 1.13373e+07 8.18076e+06 5.98282e+06 4.22328e+06 2.94153e+06 2.10335e+06 1.46915e+06 1.04105e+06 705470 489355 377428 284560 264539 241123 228025 220617 220730 216905 215333 210175 0 0 0 0 0 0 0 0 0 0 0 0 0 0 0 0 0 0 0 0 0 0 0 0 0 0 0 0 0 0 0 0 
0 0 0 0 0 0 2.62441e+07 1.69259e+08 2.63727e+08 2.45584e+08 1.98492e+08 1.55274e+08 1.18922e+08 9.09171e+07 6.97275e+07 5.30798e+07 4.0158e+07 3.09106e+07 2.34906e+07 1.79889e+07 1.36483e+07 1.04894e+07 8.16516e+06 6.59581e+06 5.58974e+06 4.77927e+06 4.21188e+06 3.63029e+06 3.52399e+06 3.3199e+06 3.19089e+06 3.19612e+06 3.22828e+06 0 0 0 0 0 0 0 0 0 0 0 0 0 0 0 0 0 0 0 0 0 0 0 0 0 0 0 0 0 0 0 0 
0 0 0 0 0 0 0 2.32908e+08 7.84543e+08 1.06957e+09 1.04006e+09 9.03255e+08 7.51321e+08 6.13399e+08 4.89149e+08 3.89549e+08 3.16791e+08 2.52439e+08 2.05306e+08 1.68293e+08 1.34411e+08 1.11169e+08 9.27733e+07 7.77963e+07 6.69649e+07 5.7475e+07 5.08613e+07 4.61019e+07 4.30574e+07 4.02835e+07 3.9161e+07 3.84204e+07 3.81726e+07 0 0 0 0 0 0 0 0 0 0 0 0 0 0 0 0 0 0 0 0 0 0 0 0 0 0 0 0 0 0 0 0 
0 0 0 0 0 0 0 1.3948e+08 1.3839e+09 3.30122e+09 4.28513e+09 4.34613e+09 3.99277e+09 3.51246e+09 2.98445e+09 2.53734e+09 2.12372e+09 1.78522e+09 1.52882e+09 1.28575e+09 1.07587e+09 9.27024e+08 7.9633e+08 6.90801e+08 6.07e+08 5.37021e+08 4.81457e+08 4.47132e+08 4.10999e+08 3.98581e+08 3.77694e+08 3.72942e+08 3.68454e+08 0 0 0 0 0 0 0 0 0 0 0 0 0 0 0 0 0 0 0 0 0 0 0 0 0 0 0 0 0 0 0 0 
0 0 0 0 0 0 0 0 1.34053e+09 6.67176e+09 1.31451e+10 1.68714e+10 1.77141e+10 1.71614e+10 1.58183e+10 1.4195e+10 1.24998e+10 1.10172e+10 9.56063e+09 8.33239e+09 7.36963e+09 6.42174e+09 5.70342e+09 5.15199e+09 4.63645e+09 4.21943e+09 3.83702e+09 3.53847e+09 3.37665e+09 3.22939e+09 3.14078e+09 3.04338e+09 3.00846e+09 0 0 0 0 0 0 0 0 0 0 0 0 0 0 0 0 0 0 0 0 0 0 0 0 0 0 0 0 0 0 0 0 
0 0 0 0 0 0 0 0 5.85496e+08 8.3093e+09 2.84435e+10 5.03945e+10 6.46054e+10 7.06446e+10 7.12602e+10 6.81644e+10 6.35132e+10 5.81897e+10 5.28757e+10 4.8415e+10 4.35387e+10 3.94821e+10 3.59786e+10 3.24045e+10 3.02025e+10 2.77197e+10 2.61482e+10 2.46465e+10 2.33931e+10 2.25461e+10 2.17811e+10 2.13029e+10 2.1293e+10 0 0 0 0 0 0 0 0 0 0 0 0 0 0 0 0 0 0 0 0 0 0 0 0 0 0 0 0 0 0 0 0 
0 0 0 0 0 0 0 0 0 5.93206e+09 4.08204e+10 1.11435e+11 1.86548e+11 2.41409e+11 2.72329e+11 2.8413e+11 2.82688e+11 2.74387e+11 2.60612e+11 2.43842e+11 2.30367e+11 2.13649e+11 1.98968e+11 1.85072e+11 1.7376e+11 1.64452e+11 1.55688e+11 1.50942e+11 1.44211e+11 1.38986e+11 1.3403e+11 1.33242e+11 1.3427e+11 0 0 0 0 0 0 0 0 0 0 0 0 0 0 0 0 0 0 0 0 0 0 0 0 0 0 0 0 0 0 0 0 
0 0 0 0 0 0 0 0 0 1.96109e+09 3.77045e+10 1.74015e+11 4.1201e+11 6.66693e+11 8.74587e+11 1.01355e+12 1.09742e+12 1.12782e+12 1.12642e+12 1.10566e+12 1.06887e+12 1.03105e+12 9.8565e+11 9.43121e+11 9.0304e+11 8.69139e+11 8.31484e+11 8.07861e+11 7.88234e+11 7.59261e+11 7.51907e+11 7.44071e+11 7.37735e+11 0 0 0 0 0 0 0 0 0 0 0 0 0 0 0 0 0 0 0 0 0 0 0 0 0 0 0 0 0 0 0 0 
0 0 0 0 0 0 0 0 0 0 2.05011e+10 1.86606e+11 6.69766e+11 1.44809e+12 2.2936e+12 3.04995e+12 3.63509e+12 4.04411e+12 4.29421e+12 4.41813e+12 4.46933e+12 4.42031e+12 4.37035e+12 4.32237e+12 4.20058e+12 4.08134e+12 4.01201e+12 3.93218e+12 3.8201e+12 3.78882e+12 3.721e+12 3.71026e+12 3.71723e+12 0 0 0 0 0 0 0 0 0 0 0 0 0 0 0 0 0 0 0 0 0 0 0 0 0 0 0 0 0 0 0 0 
0 0 0 0 0 0 0 0 0 0 5.29875e+09 1.31163e+11 7.86065e+11 2.38038e+12 4.84032e+12 7.64193e+12 1.02837e+13 1.2512e+13 1.43343e+13 1.56205e+13 1.6432e+13 1.70578e+13 1.73675e+13 1.74784e+13 1.75119e+13 1.74256e+13 1.72814e+13 1.7202e+13 1.70564e+13 1.68714e+13 1.68118e+13 1.6718e+13 1.66882e+13 0 0 0 0 0 0 0 0 0 0 0 0 0 0 0 0 0 0 0 0 0 0 0 0 0 0 0 0 0 0 0 0 
0 0 0 0 0 0 0 0 0 0 0 5.61025e+10 6.43746e+11 2.94109e+12 7.95425e+12 1.54384e+13 2.42588e+13 3.3144e+13 4.12303e+13 4.81503e+13 5.37536e+13 5.81139e+13 6.16062e+13 6.39483e+13 6.56654e+13 6.69156e+13 6.76216e+13 6.75607e+13 6.79478e+13 6.80097e+13 6.82976e+13 6.8357e+13 6.86258e+13 0 0 0 0 0 0 0 0 0 0 0 0 0 0 0 0 0 0 0 0 0 0 0 0 0 0 0 0 0 0 0 0 
0 0 0 0 0 0 0 0 0 0 0 1.15777e+10 3.5586e+11 2.65699e+12 1.00171e+13 2.49395e+13 4.70035e+13 7.37189e+13 1.01765e+14 1.28641e+14 1.53726e+14 1.75915e+14 1.94146e+14 2.09128e+14 2.20859e+14 2.3037e+14 2.37381e+14 2.42283e+14 2.46051e+14 2.48919e+14 2.50575e+14 2.51562e+14 2.54289e+14 0 0 0 0 0 0 0 0 0 0 0 0 0 0 0 0 0 0 0 0 0 0 0 0 0 0 0 0 0 0 0 0 
0 0 0 0 0 0 0 0 0 0 0 0 1.2235e+11 1.7075e+12 9.58094e+12 3.1533e+13 7.36811e+13 1.35826e+14 2.13054e+14 2.98287e+14 3.82915e+14 4.6516e+14 5.38902e+14 6.06077e+14 6.63196e+14 7.09741e+14 7.48273e+14 7.81288e+14 8.03666e+14 8.19248e+14 8.33507e+14 8.40217e+14 8.44704e+14 0 0 0 0 0 0 0 0 0 0 0 0 0 0 0 0 0 0 0 0 0 0 0 0 0 0 0 0 0 0 0 0 
0 0 0 0 0 0 0 0 0 0 0 0 2.06687e+10 7.58438e+11 6.79434e+12 3.1006e+13 9.22902e+13 2.0517e+14 3.72034e+14 5.83412e+14 8.2389e+14 1.07015e+15 1.31928e+15 1.55187e+15 1.7692e+15 1.94966e+15 2.10778e+15 2.25025e+15 2.34966e+15 2.44378e+15 2.49501e+15 2.54075e+15 2.54371e+15 0 0 0 0 0 0 0 0 0 0 0 0 0 0 0 0 0 0 0 0 0 0 0 0 0 0 0 0 0 0 0 0 
0 0 0 0 0 0 0 0 0 0 0 0 0 2.14069e+11 3.51654e+12 2.33924e+13 9.15214e+13 2.52274e+14 5.39045e+14 9.61959e+14 1.50532e+15 2.13555e+15 2.81267e+15 3.49486e+15 4.15012e+15 4.77151e+15 5.3224e+15 5.78477e+15 6.1943e+15 6.48621e+15 6.72001e+15 6.82517e+15 6.87831e+15 0 0 0 0 0 0 0 0 0 0 0 0 0 0 0 0 0 0 0 0 0 0 0 0 0 0 0 0 0 0 0 0 
0 0 0 0 0 0 0 0 0 0 0 0 0 3.01782e+10 1.28324e+12 1.33512e+13 7.13604e+13 2.4759e+14 6.39134e+14 1.32481e+15 2.33546e+15 3.65034e+15 5.18433e+15 6.87743e+15 8.58715e+15 1.03046e+16 1.18794e+16 1.32884e+16 1.4515e+16 1.55006e+16 1.61627e+16 1.66639e+16 1.67563e+16 0 0 0 0 0 0 0 0 0 0 0 0 0 0 0 0 0 0 0 0 0 0 0 0 0 0 0 0 0 0 0 0 
0 0 0 0 0 0 0 0 0 0 0 0 0 0 3.01676e+11 5.67395e+12 4.32939e+13 1.95767e+14 6.19387e+14 1.50949e+15 3.04101e+15 5.27855e+15 8.21035e+15 1.16759e+16 1.55428e+16 1.94653e+16 2.34191e+16 2.69484e+16 3.01164e+16 3.2757e+16 3.46287e+16 3.5655e+16 3.61915e+16 0 0 0 0 0 0 0 0 0 0 0 0 0 0 0 0 0 0 0 0 0 0 0 0 0 0 0 0 0 0 0 0 
0 0 0 0 0 0 0 0 0 0 0 0 0 0 3.61785e+10 1.7287e+12 2.03306e+13 1.23313e+14 4.86542e+14 1.42428e+15 3.3113e+15 6.49599e+15 1.11143e+16 1.71277e+16 2.42735e+16 3.22123e+16 4.02143e+16 4.82369e+16 5.51075e+16 6.09296e+16 6.56436e+16 6.86132e+16 6.94153e+16 0 0 0 0 0 0 0 0 0 0 0 0 0 0 0 0 0 0 0 0 0 0 0 0 0 0 0 0 0 0 0 0 
0 0 0 0 0 0 0 0 0 0 0 0 0 0 0 3.4514e+11 7.19495e+12 6.13453e+13 3.11913e+14 1.1049e+15 3.00658e+15 6.70343e+15 1.27981e+16 2.15467e+16 3.28268e+16 4.60724e+16 6.0648e+16 7.52756e+16 8.91517e+16 1.01046e+17 1.10288e+17 1.1602e+17 1.17885e+17 0 0 0 0 0 0 0 0 0 0 0 0 0 0 0 0 0 0 0 0 0 0 0 0 0 0 0 0 0 0 0 0 
0 0 0 0 0 0 0 0 0 0 0 0 0 0 0 3.58818e+10 1.86413e+12 2.40607e+13 1.6112e+14 7.05632e+14 2.28273e+15 5.84217e+15 1.24792e+16 2.30841e+16 3.80798e+16 5.70789e+16 7.91396e+16 1.02447e+17 1.25565e+17 1.4605e+17 1.61556e+17 1.71994e+17 1.75416e+17 0 0 0 0 0 0 0 0 0 0 0 0 0 0 0 0 0 0 0 0 0 0 0 0 0 0 0 0 0 0 0 0 
0 0 0 0 0 0 0 0 0 0 0 0 0 0 0 0 3.21215e+11 7.25466e+12 6.69369e+13 3.71136e+14 1.43817e+15 4.2668e+15 1.03093e+16 2.11716e+16 3.79884e+16 6.10986e+16 8.94609e+16 1.21631e+17 1.54186e+17 1.8391e+17 2.08322e+17 2.23418e+17 2.29295e+17 0 0 0 0 0 0 0 0 0 0 0 0 0 0 0 0 0 0 0 0 0 0 0 0 0 0 0 0 0 0 0 0 
0 0 0 0 0 0 0 0 0 0 0 0 0 0 0 0 2.93531e+10 1.61391e+12 2.23565e+13 1.60178e+14 7.57847e+14 2.6344e+15 7.24516e+15 1.65695e+16 3.24558e+16 5.62875e+16 8.77237e+16 1.24812e+17 1.64487e+17 2.02228e+17 2.33457e+17 2.5413e+17 2.60892e+17 0 0 0 0 0 0 0 0 0 0 0 0 0 0 0 0 0 0 0 0 0 0 0 0 0 0 0 0 0 0 0 0 
0 0 0 0 0 0 0 0 0 0 0 0 0 0 0 0 0 2.44069e+11 5.80051e+12 5.68689e+13 3.33239e+14 1.37933e+15 4.34088e+15 1.10669e+16 2.39015e+16 4.46741e+16 7.43885e+16 1.11552e+17 1.53119e+17 1.94438e+17 2.28963e+17 2.52e+17 2.60927e+17 0 0 0 0 0 0 0 0 0 0 0 0 0 0 0 0 0 0 0 0 0 0 0 0 0 0 0 0 0 0 0 0 
0 0 0 0 0 0 0 0 0 0 0 0 0 0 0 0 0 2.00779e+10 1.12751e+12 1.62696e+13 1.22573e+14 6.05184e+14 2.21808e+15 6.37729e+15 1.51826e+16 3.08418e+16 5.47774e+16 8.68003e+16 1.2424e+17 1.62672e+17 1.96235e+17 2.20063e+17 2.27186e+17 0 0 0 0 0 0 0 0 0 0 0 0 0 0 0 0 0 0 0 0 0 0 0 0 0 0 0 0 0 0 0 0 
0 0 0 0 0 0 0 0 0 0 0 0 0 0 0 0 0 0 1.5216e+11 3.69064e+12 3.73619e+13 2.2784e+14 9.7243e+14 3.1767e+15 8.36172e+15 1.84842e+16 3.51716e+16 5.89971e+16 8.83194e+16 1.19552e+17 1.47773e+17 1.66798e+17 1.7438e+17 0 0 0 0 0 0 0 0 0 0 0 0 0 0 0 0 0 0 0 0 0 0 0 0 0 0 0 0 0 0 0 0 
0 0 0 0 0 0 0 0 0 0 0 0 0 0 0 0 0 0 1.16775e+10 6.40245e+11 9.37576e+12 7.1951e+13 3.65673e+14 1.36425e+15 3.9935e+15 9.62568e+15 1.97561e+16 3.51053e+16 5.506e+16 7.70569e+16 9.75543e+16 1.12032e+17 1.17364e+17 0 0 0 0 0 0 0 0 0 0 0 0 0 0 0 0 0 0 0 0 0 0 0 0 0 0 0 0 0 0 0 0 
0 0 0 0 0 0 0 0 0 0 0 0 0 0 0 0 0 0 0 7.80945e+10 1.89083e+12 1.91768e+13 1.17833e+14 5.07511e+14 1.6764e+15 4.42737e+15 9.73639e+15 1.83807e+16 3.02083e+16 4.39298e+16 5.7005e+16 6.65124e+16 6.98533e+16 0 0 0 0 0 0 0 0 0 0 0 0 0 0 0 0 0 0 0 0 0 0 0 0 0 0 0 0 0 0 0 0 
0 0 0 0 0 0 0 0 0 0 0 0 0 0 0 0 0 0 0 5.70631e+09 2.95985e+11 4.27409e+12 3.26856e+13 1.65726e+14 6.14391e+14 1.79277e+15 4.26228e+15 8.52974e+15 1.47964e+16 2.23366e+16 2.96056e+16 3.51131e+16 3.71308e+16 0 0 0 0 0 0 0 0 0 0 0 0 0 0 0 0 0 0 0 0 0 0 0 0 0 0 0 0 0 0 0 0 
0 0 0 0 0 0 0 0 0 0 0 0 0 0 0 0 0 0 0 0 3.34313e+10 7.79766e+11 7.74694e+12 4.66921e+13 1.98072e+14 6.4095e+14 1.6538e+15 3.54606e+15 6.42183e+15 1.00261e+16 1.37464e+16 1.65044e+16 1.75009e+16 0 0 0 0 0 0 0 0 0 0 0 0 0 0 0 0 0 0 0 0 0 0 0 0 0 0 0 0 0 0 0 0 
0 0 0 0 0 0 0 0 0 0 0 0 0 0 0 0 0 0 0 0 2.43771e+09 1.12613e+11 1.55404e+12 1.15558e+13 5.65924e+13 2.04485e+14 5.75504e+14 1.31597e+15 2.50812e+15 4.0827e+15 5.72306e+15 6.98142e+15 7.47253e+15 0 0 0 0 0 0 0 0 0 0 0 0 0 0 0 0 0 0 0 0 0 0 0 0 0 0 0 0 0 0 0 0 
0 0 0 0 0 0 0 0 0 0 0 0 0 0 0 0 0 0 0 0 0 1.19336e+10 2.61155e+11 2.47294e+12 1.42903e+13 5.78181e+13 1.79095e+14 4.40506e+14 8.8878e+14 1.50277e+15 2.1678e+15 2.68931e+15 2.88036e+15 0 0 0 0 0 0 0 0 0 0 0 0 0 0 0 0 0 0 0 0 0 0 0 0 0 0 0 0 0 0 0 0 
0 0 0 0 0 0 0 0 0 0 0 0 0 0 0 0 0 0 0 0 0 9.26131e+08 3.54168e+10 4.53572e+11 3.19983e+12 1.47302e+13 5.00466e+13 1.33227e+14 2.83532e+14 5.01443e+14 7.41935e+14 9.3511e+14 1.01039e+15 0 0 0 0 0 0 0 0 0 0 0 0 0 0 0 0 0 0 0 0 0 0 0 0 0 0 0 0 0 0 0 0 
0 0 0 0 0 0 0 0 0 0 0 0 0 0 0 0 0 0 0 0 0 0 3.6361e+09 7.14515e+10 6.244e+11 3.38294e+12 1.27657e+13 3.63645e+13 8.29491e+13 1.53198e+14 2.33342e+14 2.996e+14 3.2494e+14 0 0 0 0 0 0 0 0 0 0 0 0 0 0 0 0 0 0 0 0 0 0 0 0 0 0 0 0 0 0 0 0 
0 0 0 0 0 0 0 0 0 0 0 0 0 0 0 0 0 0 0 0 0 0 3.25312e+08 9.41282e+09 1.06572e+11 6.87527e+11 2.91975e+12 9.16699e+12 2.20569e+13 4.28237e+13 6.78755e+13 8.78828e+13 9.615e+13 0 0 0 0 0 0 0 0 0 0 0 0 0 0 0 0 0 0 0 0 0 0 0 0 0 0 0 0 0 0 0 0 
0 0 0 0 0 0 0 0 0 0 0 0 0 0 0 0 0 0 0 0 0 0 0 9.68707e+08 1.6327e+10 1.26804e+11 6.15385e+11 2.10795e+12 5.43522e+12 1.09584e+13 1.79431e+13 2.39857e+13 2.64693e+13 0 0 0 0 0 0 0 0 0 0 0 0 0 0 0 0 0 0 0 0 0 0 0 0 0 0 0 0 0 0 0 0 
0 0 0 0 0 0 0 0 0 0 0 0 0 0 0 0 0 0 0 0 0 0 0 1.04574e+08 2.1719e+09 2.09485e+10 1.17865e+11 4.45156e+11 1.25118e+12 2.65707e+12 4.46265e+12 6.1192e+12 6.78024e+12 0 0 0 0 0 0 0 0 0 0 0 0 0 0 0 0 0 0 0 0 0 0 0 0 0 0 0 0 0 0 0 0 
0 0 0 0 0 0 0 0 0 0 0 0 0 0 0 0 0 0 0 0 0 0 0 0 2.23816e+08 3.18685e+09 2.10036e+10 8.91162e+10 2.63645e+11 5.98547e+11 1.04371e+12 1.45259e+12 1.60808e+12 0 0 0 0 0 0 0 0 0 0 0 0 0 0 0 0 0 0 0 0 0 0 0 0 0 0 0 0 0 0 0 0 
0 0 0 0 0 0 0 0 0 0 0 0 0 0 0 0 0 0 0 0 0 0 0 0 3.15294e+07 4.4768e+08 3.40238e+09 1.64283e+10 5.33429e+10 1.26987e+11 2.28989e+11 3.25507e+11 3.70286e+11 0 0 0 0 0 0 0 0 0 0 0 0 0 0 0 0 0 0 0 0 0 0 0 0 0 0 0 0 0 0 0 0 
0 0 0 0 0 0 0 0 0 0 0 0 0 0 0 0 0 0 0 0 0 0 0 0 0 4.55419e+07 5.37389e+08 2.90223e+09 1.01796e+10 2.54386e+10 4.83105e+10 7.02811e+10 7.84693e+10 0 0 0 0 0 0 0 0 0 0 0 0 0 0 0 0 0 0 0 0 0 0 0 0 0 0 0 0 0 0 0 0 
0 0 0 0 0 0 0 0 0 0 0 0 0 0 0 0 0 0 0 0 0 0 0 0 0 8.58356e+06 8.1159e+07 4.78644e+08 1.90229e+09 5.01617e+09 9.80581e+09 1.45891e+10 1.66553e+10 0 0 0 0 0 0 0 0 0 0 0 0 0 0 0 0 0 0 0 0 0 0 0 0 0 0 0 0 0 0 0 0 
0 0 0 0 0 0 0 0 0 0 0 0 0 0 0 0 0 0 0 0 0 0 0 0 0 0 7.79702e+06 8.16281e+07 3.42157e+08 9.53741e+08 1.95797e+09 2.92917e+09 3.39211e+09 0 0 0 0 0 0 0 0 0 0 0 0 0 0 0 0 0 0 0 0 0 0 0 0 0 0 0 0 0 0 0 0 
0 0 0 0 0 0 0 0 0 0 0 0 0 0 0 0 0 0 0 0 0 0 0 0 0 0 2.07739e+06 1.29214e+07 5.67428e+07 1.87059e+08 3.8095e+08 5.95037e+08 6.84192e+08 0 0 0 0 0 0 0 0 0 0 0 0 0 0 0 0 0 0 0 0 0 0 0 0 0 0 0 0 0 0 0 0 
0 0 0 0 0 0 0 0 0 0 0 0 0 0 0 0 0 0 0 0 0 0 0 0 0 0 0 1.08492e+06 1.09119e+07 3.30698e+07 7.38949e+07 1.19666e+08 1.34516e+08 0 0 0 0 0 0 0 0 0 0 0 0 0 0 0 0 0 0 0 0 0 0 0 0 0 0 0 0 0 0 0 0 
0 0 0 0 0 0 0 0 0 0 0 0 0 0 0 0 0 0 0 0 0 0 0 0 0 0 0 431996 1.70729e+06 5.64345e+06 1.53594e+07 2.23675e+07 2.85599e+07 0 0 0 0 0 0 0 0 0 0 0 0 0 0 0 0 0 0 0 0 0 0 0 0 0 0 0 0 0 0 0 0 
0 0 0 0 0 0 0 0 0 0 0 0 0 0 0 0 0 0 0 0 0 0 0 0 0 0 0 0 112250 1.25554e+06 2.42633e+06 4.73935e+06 5.16574e+06 0 0 0 0 0 0 0 0 0 0 0 0 0 0 0 0 0 0 0 0 0 0 0 0 0 0 0 0 0 0 0 0 
0 0 0 0 0 0 0 0 0 0 0 0 0 0 0 0 0 0 0 0 0 0 0 0 0 0 0 0 74150.6 170764 464916 985440 959665 0 0 0 0 0 0 0 0 0 0 0 0 0 0 0 0 0 0 0 0 0 0 0 0 0 0 0 0 0 0 0 0 
0 0 0 0 0 0 0 0 0 0 0 0 0 0 0 0 0 0 0 0 0 0 0 0 0 0 0 0 0 7642.83 117406 113426 242792 0 0 0 0 0 0 0 0 0 0 0 0 0 0 0 0 0 0 0 0 0 0 0 0 0 0 0 0 0 0 0 0 
0 0 0 0 0 0 0 0 0 0 0 0 0 0 0 0 0 0 0 0 0 0 0 0 0 0 0 0 0 10015.7 11525.4 32545.2 38350.7 0 0 0 0 0 0 0 0 0 0 0 0 0 0 0 0 0 0 0 0 0 0 0 0 0 0 0 0 0 0 0 0 
0 0 0 0 0 0 0 0 0 0 0 0 0 0 0 0 0 0 0 0 0 0 0 0 0 0 0 0 0 0 258.243 7645.38 2067.04 0 0 0 0 0 0 0 0 0 0 0 0 0 0 0 0 0 0 0 0 0 0 0 0 0 0 0 0 0 0 0 0 
0 0 0 0 0 0 0 0 0 0 0 0 0 0 0 0 0 0 0 0 0 0 0 0 0 0 0 0 0 0 993.257 384.299 1921.04 0 0 0 0 0 0 0 0 0 0 0 0 0 0 0 0 0 0 0 0 0 0 0 0 0 0 0 0 0 0 0 0 
0 0 0 0 0 0 0 0 0 0 0 0 0 0 0 0 0 0 0 0 0 0 0 0 0 0 0 0 0 0 0 0 255.011 0 0 0 0 0 0 0 0 0 0 0 0 0 0 0 0 0 0 0 0 0 0 0 0 0 0 0 0 0 0 0 0 
0 0 0 0 0 0 0 0 0 0 0 0 0 0 0 0 0 0 0 0 0 0 0 0 0 0 0 0 0 0 0 64.0811 0 0 0 0 0 0 0 0 0 0 0 0 0 0 0 0 0 0 0 0 0 0 0 0 0 0 0 0 0 0 0 0 0 
0 0 0 0 0 0 0 0 0 0 0 0 0 0 0 0 0 0 0 0 0 0 0 0 0 0 0 0 0 0 0 0 0 0 0 0 0 0 0 0 0 0 0 0 0 0 0 0 0 0 0 0 0 0 0 0 0 0 0 0 0 0 0 0 0 
0 0 0 0 0 0 0 0 0 0 0 0 0 0 0 0 0 0 0 0 0 0 0 0 0 0 0 0 0 0 0 0 2.00254 0 0 0 0 0 0 0 0 0 0 0 0 0 0 0 0 0 0 0 0 0 0 0 0 0 0 0 0 0 0 0 0 
