1 0 0 0 0 0 0 0 0 0 0 0 0 0 0 0 0 0 0 0 0 0 0 0 0 0 0 0 0 0 0 0 0 0 0 0 0 0 0 0 0 0 0 0 0 0 0 0 0 0 0 0 0 0 0 0 0 0 0 0 0 0 0 0 0 
0 0 0 0 0 0 0 0 0 0 0 0 0 0 0 0 0 0 0 0 0 0 0 0 0 0 0 0 0 0 0 0 0 0 0 0 0 0 0 0 0 0 0 0 0 0 0 0 0 0 0 0 0 0 0 0 0 0 0 0 0 0 0 0 0 
0 64 0 0 0 0 0 0 0 0 0 0 0 0 0 0 0 0 0 0 0 0 0 0 0 0 0 0 0 0 0 0 0 0 0 0 0 0 0 0 0 0 0 0 0 0 0 0 0 0 0 0 0 0 0 0 0 0 0 0 0 0 0 0 0 
0 0 128 0 0 0 0 0 0 0 0 0 0 0 0 0 0 0 0 0 0 0 0 0 0 0 0 0 0 0 0 0 0 0 0 0 0 0 0 0 0 0 0 0 0 0 0 0 0 0 0 0 0 0 0 0 0 0 0 0 0 0 0 0 0 
0 0 1888 384.573 64.0218 0 0 0 0 0 0 0 0 0 0 0 0 0 0 0 0 0 0 0 0 0 0 0 0 0 0 0 0 0 0 0 0 0 0 0 0 0 0 0 0 0 0 0 0 0 0 0 0 0 0 0 0 0 0 0 0 0 0 0 0 
0 0 0 7166.85 1159.96 530.175 131.217 0 0 0 0 0 0 0 0 0 0 0 0 0 0 0 0 0 0 0 0 0 0 0 0 0 0 0 0 0 0 0 0 0 0 0 0 0 0 0 0 0 0 0 0 0 0 0 0 0 0 0 0 0 0 0 0 0 0 
0 0 0 34112.6 27377.6 6802.25 2594.22 1389.52 360.732 60.6748 0 0 0 0 0 0 0 0 0 0 0 0 0 0 0 0 0 0 0 0 0 0 0 0 0 0 0 0 0 0 0 0 0 0 0 0 0 0 0 0 0 0 0 0 0 0 0 0 0 0 0 0 0 0 0 
0 0 0 0 183557 97523.6 43024.2 16787.1 8591.11 4661.32 1941.59 516.193 126.722 0 0 0 0 0 0 0 0 0 0 0 0 0 0 0 0 0 0 0 0 0 0 0 0 0 0 0 0 0 0 0 0 0 0 0 0 0 0 0 0 0 0 0 0 0 0 0 0 0 0 0 0 
0 0 0 0 423218 829010 411886 225152 120268 59284 33844.9 19928 9465.84 4378.93 1414.75 338.914 77.4114 0 0 0 0 0 0 0 16.622 0 0 0 0 0 0 0 15.7319 0 0 0 0 0 0 0 0 0 0 0 0 0 0 0 0 0 0 0 0 0 0 0 0 0 0 0 0 0 0 0 0 
0 0 0 0 0 2.86051e+06 3.32422e+06 1.98e+06 1.14251e+06 715050 426659 251189 150373 92089.1 54136.1 29022 13404.2 5985.92 2311.53 837.07 412.534 263.342 284.504 251.758 0 261.635 234.277 253.616 267.041 260.036 261.584 270.941 0 0 0 0 0 0 0 0 0 0 0 0 0 0 0 0 0 0 0 0 0 0 0 0 0 0 0 0 0 0 0 0 0 
0 0 0 0 0 3.83014e+06 1.46449e+07 1.35271e+07 9.38199e+06 6.16109e+06 4.06004e+06 2.68312e+06 1.77518e+06 1.18323e+06 775440 505184 327579 203218 119393 68815.7 35600.8 23037.1 14542.7 10512.1 12175.4 9180.31 9229.81 9674.81 9594.19 9271.02 9466.82 9527.83 10963.5 0 0 0 0 0 0 0 0 0 0 0 0 0 0 0 0 0 0 0 0 0 0 0 0 0 0 0 0 0 0 0 0 
0 0 0 0 0 0 3.02625e+07 6.38643e+07 5.7426e+07 4.32929e+07 3.17552e+07 2.25165e+07 1.59553e+07 1.15209e+07 8.28044e+06 5.87219e+06 4.11167e+06 2.89334e+06 2.08147e+06 1.43238e+06 1.02383e+06 708222 501003 374507 284527 239781 230481 224441 215449 221891 220969 214392 208004 0 0 0 0 0 0 0 0 0 0 0 0 0 0 0 0 0 0 0 0 0 0 0 0 0 0 0 0 0 0 0 0 
0 0 0 0 0 0 2.62851e+07 1.69456e+08 2.63117e+08 2.44988e+08 1.99405e+08 1.57636e+08 1.1926e+08 9.05078e+07 7.02787e+07 5.28861e+07 4.1027e+07 3.06045e+07 2.32655e+07 1.80598e+07 1.37479e+07 1.04317e+07 8.19785e+06 6.47073e+06 5.38656e+06 4.58776e+06 4.00585e+06 3.68804e+06 3.48118e+06 3.31738e+06 3.20562e+06 3.19682e+06 3.26191e+06 0 0 0 0 0 0 0 0 0 0 0 0 0 0 0 0 0 0 0 0 0 0 0 0 0 0 0 0 0 0 0 0 
0 0 0 0 0 0 0 2.32295e+08 7.85488e+08 1.07063e+09 1.04114e+09 9.04326e+08 7.49676e+08 6.09395e+08 4.86893e+08 3.95657e+08 3.13592e+08 2.54043e+08 2.08107e+08 1.66701e+08 1.35744e+08 1.09833e+08 8.90486e+07 7.66468e+07 6.4944e+07 5.71572e+07 5.00506e+07 4.5647e+07 4.27364e+07 4.06329e+07 3.90865e+07 3.82721e+07 3.65073e+07 0 0 0 0 0 0 0 0 0 0 0 0 0 0 0 0 0 0 0 0 0 0 0 0 0 0 0 0 0 0 0 0 
0 0 0 0 0 0 0 1.3985e+08 1.3848e+09 3.29967e+09 4.27431e+09 4.33558e+09 3.96586e+09 3.47832e+09 2.98039e+09 2.50762e+09 2.13027e+09 1.78663e+09 1.5065e+09 1.26479e+09 1.05704e+09 9.16659e+08 7.87326e+08 6.74611e+08 5.97845e+08 5.2899e+08 4.76782e+08 4.40381e+08 4.13907e+08 3.94162e+08 3.78651e+08 3.73556e+08 3.68099e+08 0 0 0 0 0 0 0 0 0 0 0 0 0 0 0 0 0 0 0 0 0 0 0 0 0 0 0 0 0 0 0 0 
0 0 0 0 0 0 0 0 1.33775e+09 6.67069e+09 1.3154e+10 1.6836e+10 1.77286e+10 1.69883e+10 1.56354e+10 1.40169e+10 1.24251e+10 1.09434e+10 9.61291e+09 8.24885e+09 7.33745e+09 6.41724e+09 5.6899e+09 5.07232e+09 4.61635e+09 4.17634e+09 3.83696e+09 3.53266e+09 3.37762e+09 3.19055e+09 3.09271e+09 3.0662e+09 3.0101e+09 0 0 0 0 0 0 0 0 0 0 0 0 0 0 0 0 0 0 0 0 0 0 0 0 0 0 0 0 0 0 0 0 
0 0 0 0 0 0 0 0 5.86934e+08 8.31854e+09 2.84083e+10 5.03545e+10 6.43849e+10 7.03387e+10 7.06246e+10 6.77988e+10 6.29722e+10 5.78884e+10 5.26435e+10 4.80912e+10 4.30185e+10 3.92052e+10 3.56176e+10 3.26315e+10 2.97492e+10 2.77314e+10 2.61459e+10 2.43699e+10 2.30768e+10 2.25466e+10 2.19623e+10 2.1512e+10 2.1527e+10 0 0 0 0 0 0 0 0 0 0 0 0 0 0 0 0 0 0 0 0 0 0 0 0 0 0 0 0 0 0 0 0 
0 0 0 0 0 0 0 0 0 5.91957e+09 4.08896e+10 1.11285e+11 1.86676e+11 2.41538e+11 2.70893e+11 2.84091e+11 2.81685e+11 2.71703e+11 2.59976e+11 2.43211e+11 2.27628e+11 2.13356e+11 2.00172e+11 1.85257e+11 1.74402e+11 1.64416e+11 1.55164e+11 1.49517e+11 1.43829e+11 1.39056e+11 1.36046e+11 1.32929e+11 1.33144e+11 0 0 0 0 0 0 0 0 0 0 0 0 0 0 0 0 0 0 0 0 0 0 0 0 0 0 0 0 0 0 0 0 
0 0 0 0 0 0 0 0 0 1.96626e+09 3.76811e+10 1.74501e+11 4.1132e+11 6.65757e+11 8.74551e+11 1.01335e+12 1.09108e+12 1.12957e+12 1.12704e+12 1.09759e+12 1.0652e+12 1.0266e+12 9.73941e+11 9.3941e+11 9.04211e+11 8.62825e+11 8.33284e+11 8.03044e+11 7.84607e+11 7.63527e+11 7.50421e+11 7.50387e+11 7.44349e+11 0 0 0 0 0 0 0 0 0 0 0 0 0 0 0 0 0 0 0 0 0 0 0 0 0 0 0 0 0 0 0 0 
0 0 0 0 0 0 0 0 0 0 2.04857e+10 1.86417e+11 6.71252e+11 1.44727e+12 2.29831e+12 3.05043e+12 3.64892e+12 4.02858e+12 4.26291e+12 4.40764e+12 4.42004e+12 4.39724e+12 4.35359e+12 4.28302e+12 4.17768e+12 4.105e+12 3.98485e+12 3.92195e+12 3.8533e+12 3.80174e+12 3.75785e+12 3.7367e+12 3.69227e+12 0 0 0 0 0 0 0 0 0 0 0 0 0 0 0 0 0 0 0 0 0 0 0 0 0 0 0 0 0 0 0 0 
0 0 0 0 0 0 0 0 0 0 5.30332e+09 1.3115e+11 7.85585e+11 2.38497e+12 4.84187e+12 7.62274e+12 1.02568e+13 1.24553e+13 1.42293e+13 1.54857e+13 1.64443e+13 1.70018e+13 1.72393e+13 1.73951e+13 1.74899e+13 1.74361e+13 1.73371e+13 1.71605e+13 1.69715e+13 1.68708e+13 1.67816e+13 1.67347e+13 1.66832e+13 0 0 0 0 0 0 0 0 0 0 0 0 0 0 0 0 0 0 0 0 0 0 0 0 0 0 0 0 0 0 0 0 
0 0 0 0 0 0 0 0 0 0 0 5.60441e+10 6.43693e+11 2.94276e+12 7.94535e+12 1.54507e+13 2.41914e+13 3.31641e+13 4.109e+13 4.80216e+13 5.35406e+13 5.80454e+13 6.14184e+13 6.40679e+13 6.52132e+13 6.65174e+13 6.74258e+13 6.8085e+13 6.82453e+13 6.84621e+13 6.85e+13 6.82095e+13 6.82502e+13 0 0 0 0 0 0 0 0 0 0 0 0 0 0 0 0 0 0 0 0 0 0 0 0 0 0 0 0 0 0 0 0 
0 0 0 0 0 0 0 0 0 0 0 1.15861e+10 3.55847e+11 2.65131e+12 1.00412e+13 2.49584e+13 4.71248e+13 7.36851e+13 1.01896e+14 1.29146e+14 1.53542e+14 1.74897e+14 1.92971e+14 2.07575e+14 2.20066e+14 2.29623e+14 2.37291e+14 2.41848e+14 2.47115e+14 2.48171e+14 2.50508e+14 2.51171e+14 2.51255e+14 0 0 0 0 0 0 0 0 0 0 0 0 0 0 0 0 0 0 0 0 0 0 0 0 0 0 0 0 0 0 0 0 
0 0 0 0 0 0 0 0 0 0 0 0 1.22194e+11 1.70855e+12 9.55581e+12 3.15945e+13 7.37871e+13 1.35951e+14 2.12942e+14 2.9762e+14 3.83841e+14 4.62833e+14 5.38746e+14 6.03494e+14 6.57633e+14 7.10293e+14 7.45344e+14 7.80799e+14 8.03689e+14 8.20235e+14 8.29278e+14 8.41131e+14 8.43217e+14 0 0 0 0 0 0 0 0 0 0 0 0 0 0 0 0 0 0 0 0 0 0 0 0 0 0 0 0 0 0 0 0 
0 0 0 0 0 0 0 0 0 0 0 0 2.06823e+10 7.59139e+11 6.79126e+12 3.09153e+13 9.2272e+13 2.05793e+14 3.72893e+14 5.81582e+14 8.20251e+14 1.07638e+15 1.31841e+15 1.54565e+15 1.7642e+15 1.94757e+15 2.11659e+15 2.24631e+15 2.35381e+15 2.44239e+15 2.51222e+15 2.53052e+15 2.55173e+15 0 0 0 0 0 0 0 0 0 0 0 0 0 0 0 0 0 0 0 0 0 0 0 0 0 0 0 0 0 0 0 0 
0 0 0 0 0 0 0 0 0 0 0 0 0 2.13792e+11 3.52575e+12 2.33739e+13 9.13838e+13 2.51666e+14 5.38613e+14 9.65443e+14 1.50491e+15 2.13272e+15 2.80892e+15 3.50256e+15 4.15268e+15 4.76156e+15 5.31377e+15 5.79e+15 6.17175e+15 6.51164e+15 6.72191e+15 6.86677e+15 6.92153e+15 0 0 0 0 0 0 0 0 0 0 0 0 0 0 0 0 0 0 0 0 0 0 0 0 0 0 0 0 0 0 0 0 
0 0 0 0 0 0 0 0 0 0 0 0 0 3.02571e+10 1.28311e+12 1.33868e+13 7.12866e+13 2.47539e+14 6.39969e+14 1.32535e+15 2.33961e+15 3.64318e+15 5.20351e+15 6.88571e+15 8.59384e+15 1.02999e+16 1.18902e+16 1.32949e+16 1.44926e+16 1.54599e+16 1.61976e+16 1.66103e+16 1.67314e+16 0 0 0 0 0 0 0 0 0 0 0 0 0 0 0 0 0 0 0 0 0 0 0 0 0 0 0 0 0 0 0 0 
0 0 0 0 0 0 0 0 0 0 0 0 0 0 3.01375e+11 5.67215e+12 4.33364e+13 1.95557e+14 6.18517e+14 1.50972e+15 3.04388e+15 5.3044e+15 8.20823e+15 1.16791e+16 1.55052e+16 1.94662e+16 2.33615e+16 2.70162e+16 3.03116e+16 3.28035e+16 3.46449e+16 3.58811e+16 3.63334e+16 0 0 0 0 0 0 0 0 0 0 0 0 0 0 0 0 0 0 0 0 0 0 0 0 0 0 0 0 0 0 0 0 
0 0 0 0 0 0 0 0 0 0 0 0 0 0 3.64384e+10 1.73093e+12 2.03529e+13 1.2327e+14 4.862e+14 1.42305e+15 3.31065e+15 6.46928e+15 1.11018e+16 1.7137e+16 2.44218e+16 3.22554e+16 4.03618e+16 4.81981e+16 5.5233e+16 6.12763e+16 6.58456e+16 6.8626e+16 6.9395e+16 0 0 0 0 0 0 0 0 0 0 0 0 0 0 0 0 0 0 0 0 0 0 0 0 0 0 0 0 0 0 0 0 
0 0 0 0 0 0 0 0 0 0 0 0 0 0 0 3.44946e+11 7.22337e+12 6.15204e+13 3.11401e+14 1.10365e+15 3.00651e+15 6.71926e+15 1.2798e+16 2.15414e+16 3.27637e+16 4.61237e+16 6.05753e+16 7.52591e+16 8.90442e+16 1.00809e+17 1.10114e+17 1.15723e+17 1.17837e+17 0 0 0 0 0 0 0 0 0 0 0 0 0 0 0 0 0 0 0 0 0 0 0 0 0 0 0 0 0 0 0 0 
0 0 0 0 0 0 0 0 0 0 0 0 0 0 0 3.59326e+10 1.86191e+12 2.41471e+13 1.61642e+14 7.0478e+14 2.28012e+15 5.83322e+15 1.24794e+16 2.31021e+16 3.79818e+16 5.70705e+16 7.9126e+16 1.02577e+17 1.25149e+17 1.45819e+17 1.61494e+17 1.71923e+17 1.75466e+17 0 0 0 0 0 0 0 0 0 0 0 0 0 0 0 0 0 0 0 0 0 0 0 0 0 0 0 0 0 0 0 0 
0 0 0 0 0 0 0 0 0 0 0 0 0 0 0 0 3.20787e+11 7.24553e+12 6.71922e+13 3.7156e+14 1.43677e+15 4.26376e+15 1.03081e+16 2.11165e+16 3.80634e+16 6.10504e+16 8.95464e+16 1.21285e+17 1.5408e+17 1.83843e+17 2.07873e+17 2.23384e+17 2.28478e+17 0 0 0 0 0 0 0 0 0 0 0 0 0 0 0 0 0 0 0 0 0 0 0 0 0 0 0 0 0 0 0 0 
0 0 0 0 0 0 0 0 0 0 0 0 0 0 0 0 2.95034e+10 1.61133e+12 2.23039e+13 1.61175e+14 7.57669e+14 2.63799e+15 7.24932e+15 1.65656e+16 3.24258e+16 5.61967e+16 8.76612e+16 1.25038e+17 1.64976e+17 2.02593e+17 2.33713e+17 2.54406e+17 2.61599e+17 0 0 0 0 0 0 0 0 0 0 0 0 0 0 0 0 0 0 0 0 0 0 0 0 0 0 0 0 0 0 0 0 
0 0 0 0 0 0 0 0 0 0 0 0 0 0 0 0 0 2.44389e+11 5.79759e+12 5.68235e+13 3.3456e+14 1.37825e+15 4.33551e+15 1.10939e+16 2.38659e+16 4.47028e+16 7.4262e+16 1.11559e+17 1.52759e+17 1.93928e+17 2.29182e+17 2.51962e+17 2.60772e+17 0 0 0 0 0 0 0 0 0 0 0 0 0 0 0 0 0 0 0 0 0 0 0 0 0 0 0 0 0 0 0 0 
0 0 0 0 0 0 0 0 0 0 0 0 0 0 0 0 0 2.01222e+10 1.12444e+12 1.62543e+13 1.22757e+14 6.06761e+14 2.22141e+15 6.37935e+15 1.52497e+16 3.08669e+16 5.48257e+16 8.67199e+16 1.24591e+17 1.62726e+17 1.96069e+17 2.19528e+17 2.27547e+17 0 0 0 0 0 0 0 0 0 0 0 0 0 0 0 0 0 0 0 0 0 0 0 0 0 0 0 0 0 0 0 0 
0 0 0 0 0 0 0 0 0 0 0 0 0 0 0 0 0 0 1.52699e+11 3.68852e+12 3.73503e+13 2.27718e+14 9.73063e+14 3.17318e+15 8.32313e+15 1.84846e+16 3.51735e+16 5.90045e+16 8.81885e+16 1.19849e+17 1.4793e+17 1.67431e+17 1.74043e+17 0 0 0 0 0 0 0 0 0 0 0 0 0 0 0 0 0 0 0 0 0 0 0 0 0 0 0 0 0 0 0 0 
0 0 0 0 0 0 0 0 0 0 0 0 0 0 0 0 0 0 1.15659e+10 6.39676e+11 9.32722e+12 7.23242e+13 3.6475e+14 1.36547e+15 4.00583e+15 9.64635e+15 1.97636e+16 3.50894e+16 5.50238e+16 7.7027e+16 9.75702e+16 1.12125e+17 1.1749e+17 0 0 0 0 0 0 0 0 0 0 0 0 0 0 0 0 0 0 0 0 0 0 0 0 0 0 0 0 0 0 0 0 
0 0 0 0 0 0 0 0 0 0 0 0 0 0 0 0 0 0 0 7.83376e+10 1.89078e+12 1.91523e+13 1.18615e+14 5.08695e+14 1.67738e+15 4.41866e+15 9.76152e+15 1.84136e+16 3.02785e+16 4.39475e+16 5.69562e+16 6.63193e+16 6.99148e+16 0 0 0 0 0 0 0 0 0 0 0 0 0 0 0 0 0 0 0 0 0 0 0 0 0 0 0 0 0 0 0 0 
0 0 0 0 0 0 0 0 0 0 0 0 0 0 0 0 0 0 0 5.67672e+09 2.94656e+11 4.25625e+12 3.27145e+13 1.65648e+14 6.14471e+14 1.79074e+15 4.27164e+15 8.55337e+15 1.47544e+16 2.22464e+16 2.9564e+16 3.49973e+16 3.69682e+16 0 0 0 0 0 0 0 0 0 0 0 0 0 0 0 0 0 0 0 0 0 0 0 0 0 0 0 0 0 0 0 0 
0 0 0 0 0 0 0 0 0 0 0 0 0 0 0 0 0 0 0 0 3.33753e+10 7.80549e+11 7.75139e+12 4.69747e+13 1.99316e+14 6.45939e+14 1.65125e+15 3.54012e+15 6.41865e+15 1.00702e+16 1.37716e+16 1.65399e+16 1.7552e+16 0 0 0 0 0 0 0 0 0 0 0 0 0 0 0 0 0 0 0 0 0 0 0 0 0 0 0 0 0 0 0 0 
0 0 0 0 0 0 0 0 0 0 0 0 0 0 0 0 0 0 0 0 2.40735e+09 1.12351e+11 1.55232e+12 1.15514e+13 5.70933e+13 2.04267e+14 5.76983e+14 1.31871e+15 2.52098e+15 4.09879e+15 5.72884e+15 7.00213e+15 7.47707e+15 0 0 0 0 0 0 0 0 0 0 0 0 0 0 0 0 0 0 0 0 0 0 0 0 0 0 0 0 0 0 0 0 
0 0 0 0 0 0 0 0 0 0 0 0 0 0 0 0 0 0 0 0 0 1.1942e+10 2.61632e+11 2.47406e+12 1.4206e+13 5.82185e+13 1.79341e+14 4.39607e+14 8.86719e+14 1.49848e+15 2.16218e+15 2.69852e+15 2.89081e+15 0 0 0 0 0 0 0 0 0 0 0 0 0 0 0 0 0 0 0 0 0 0 0 0 0 0 0 0 0 0 0 0 
0 0 0 0 0 0 0 0 0 0 0 0 0 0 0 0 0 0 0 0 0 9.19552e+08 3.54013e+10 4.53794e+11 3.17228e+12 1.48236e+13 5.05154e+13 1.33439e+14 2.83735e+14 5.00934e+14 7.43925e+14 9.35836e+14 1.01282e+15 0 0 0 0 0 0 0 0 0 0 0 0 0 0 0 0 0 0 0 0 0 0 0 0 0 0 0 0 0 0 0 0 
0 0 0 0 0 0 0 0 0 0 0 0 0 0 0 0 0 0 0 0 0 0 3.62503e+09 7.18717e+10 6.25307e+11 3.35567e+12 1.27779e+13 3.65933e+13 8.30837e+13 1.53116e+14 2.3379e+14 2.99614e+14 3.26967e+14 0 0 0 0 0 0 0 0 0 0 0 0 0 0 0 0 0 0 0 0 0 0 0 0 0 0 0 0 0 0 0 0 
0 0 0 0 0 0 0 0 0 0 0 0 0 0 0 0 0 0 0 0 0 0 3.2178e+08 9.46063e+09 1.07919e+11 6.86462e+11 2.93864e+12 9.20817e+12 2.21479e+13 4.28708e+13 6.72821e+13 8.79826e+13 9.67521e+13 0 0 0 0 0 0 0 0 0 0 0 0 0 0 0 0 0 0 0 0 0 0 0 0 0 0 0 0 0 0 0 0 
0 0 0 0 0 0 0 0 0 0 0 0 0 0 0 0 0 0 0 0 0 0 0 9.67503e+08 1.63607e+10 1.25707e+11 6.15554e+11 2.12828e+12 5.47962e+12 1.1028e+13 1.81433e+13 2.41343e+13 2.64037e+13 0 0 0 0 0 0 0 0 0 0 0 0 0 0 0 0 0 0 0 0 0 0 0 0 0 0 0 0 0 0 0 0 
0 0 0 0 0 0 0 0 0 0 0 0 0 0 0 0 0 0 0 0 0 0 0 1.0528e+08 2.17645e+09 2.1146e+10 1.18747e+11 4.50615e+11 1.24363e+12 2.65489e+12 4.48717e+12 6.08002e+12 6.72171e+12 0 0 0 0 0 0 0 0 0 0 0 0 0 0 0 0 0 0 0 0 0 0 0 0 0 0 0 0 0 0 0 0 
0 0 0 0 0 0 0 0 0 0 0 0 0 0 0 0 0 0 0 0 0 0 0 0 2.24554e+08 3.16321e+09 2.08729e+10 8.83056e+10 2.68753e+11 5.98339e+11 1.0375e+12 1.46071e+12 1.62286e+12 0 0 0 0 0 0 0 0 0 0 0 0 0 0 0 0 0 0 0 0 0 0 0 0 0 0 0 0 0 0 0 0 
0 0 0 0 0 0 0 0 0 0 0 0 0 0 0 0 0 0 0 0 0 0 0 0 3.17006e+07 4.45306e+08 3.45177e+09 1.64654e+10 5.32123e+10 1.27565e+11 2.30154e+11 3.25175e+11 3.65426e+11 0 0 0 0 0 0 0 0 0 0 0 0 0 0 0 0 0 0 0 0 0 0 0 0 0 0 0 0 0 0 0 0 
0 0 0 0 0 0 0 0 0 0 0 0 0 0 0 0 0 0 0 0 0 0 0 0 0 4.56919e+07 5.35385e+08 2.90844e+09 1.01624e+10 2.59501e+10 4.84676e+10 6.96571e+10 7.98119e+10 0 0 0 0 0 0 0 0 0 0 0 0 0 0 0 0 0 0 0 0 0 0 0 0 0 0 0 0 0 0 0 0 
0 0 0 0 0 0 0 0 0 0 0 0 0 0 0 0 0 0 0 0 0 0 0 0 0 8.65894e+06 8.12541e+07 4.82125e+08 1.88992e+09 5.05067e+09 9.93309e+09 1.45682e+10 1.66211e+10 0 0 0 0 0 0 0 0 0 0 0 0 0 0 0 0 0 0 0 0 0 0 0 0 0 0 0 0 0 0 0 0 
0 0 0 0 0 0 0 0 0 0 0 0 0 0 0 0 0 0 0 0 0 0 0 0 0 0 7.91248e+06 8.05417e+07 3.40472e+08 9.58729e+08 2.00902e+09 2.98403e+09 3.39613e+09 0 0 0 0 0 0 0 0 0 0 0 0 0 0 0 0 0 0 0 0 0 0 0 0 0 0 0 0 0 0 0 0 
0 0 0 0 0 0 0 0 0 0 0 0 0 0 0 0 0 0 0 0 0 0 0 0 0 0 2.08051e+06 1.2991e+07 5.6365e+07 1.855e+08 3.83361e+08 6.01903e+08 6.82678e+08 0 0 0 0 0 0 0 0 0 0 0 0 0 0 0 0 0 0 0 0 0 0 0 0 0 0 0 0 0 0 0 0 
0 0 0 0 0 0 0 0 0 0 0 0 0 0 0 0 0 0 0 0 0 0 0 0 0 0 0 1.09512e+06 1.08117e+07 3.30544e+07 7.49666e+07 1.20087e+08 1.36712e+08 0 0 0 0 0 0 0 0 0 0 0 0 0 0 0 0 0 0 0 0 0 0 0 0 0 0 0 0 0 0 0 0 
0 0 0 0 0 0 0 0 0 0 0 0 0 0 0 0 0 0 0 0 0 0 0 0 0 0 0 430828 1.70811e+06 5.61181e+06 1.51902e+07 2.23879e+07 2.87944e+07 0 0 0 0 0 0 0 0 0 0 0 0 0 0 0 0 0 0 0 0 0 0 0 0 0 0 0 0 0 0 0 0 
0 0 0 0 0 0 0 0 0 0 0 0 0 0 0 0 0 0 0 0 0 0 0 0 0 0 0 0 112690 1.2503e+06 2.44703e+06 4.73095e+06 5.23363e+06 0 0 0 0 0 0 0 0 0 0 0 0 0 0 0 0 0 0 0 0 0 0 0 0 0 0 0 0 0 0 0 0 
0 0 0 0 0 0 0 0 0 0 0 0 0 0 0 0 0 0 0 0 0 0 0 0 0 0 0 0 73885.4 172503 457325 969542 950398 0 0 0 0 0 0 0 0 0 0 0 0 0 0 0 0 0 0 0 0 0 0 0 0 0 0 0 0 0 0 0 0 
0 0 0 0 0 0 0 0 0 0 0 0 0 0 0 0 0 0 0 0 0 0 0 0 0 0 0 0 0 7676.87 117366 113315 242782 0 0 0 0 0 0 0 0 0 0 0 0 0 0 0 0 0 0 0 0 0 0 0 0 0 0 0 0 0 0 0 0 
0 0 0 0 0 0 0 0 0 0 0 0 0 0 0 0 0 0 0 0 0 0 0 0 0 0 0 0 0 9997.46 11621.5 32414.4 37604.5 0 0 0 0 0 0 0 0 0 0 0 0 0 0 0 0 0 0 0 0 0 0 0 0 0 0 0 0 0 0 0 0 
0 0 0 0 0 0 0 0 0 0 0 0 0 0 0 0 0 0 0 0 0 0 0 0 0 0 0 0 0 0 257.298 7679.74 2086.08 0 0 0 0 0 0 0 0 0 0 0 0 0 0 0 0 0 0 0 0 0 0 0 0 0 0 0 0 0 0 0 0 
0 0 0 0 0 0 0 0 0 0 0 0 0 0 0 0 0 0 0 0 0 0 0 0 0 0 0 0 0 0 992.947 385.832 1914.46 0 0 0 0 0 0 0 0 0 0 0 0 0 0 0 0 0 0 0 0 0 0 0 0 0 0 0 0 0 0 0 0 
0 0 0 0 0 0 0 0 0 0 0 0 0 0 0 0 0 0 0 0 0 0 0 0 0 0 0 0 0 0 0 0 256.826 0 0 0 0 0 0 0 0 0 0 0 0 0 0 0 0 0 0 0 0 0 0 0 0 0 0 0 0 0 0 0 0 
0 0 0 0 0 0 0 0 0 0 0 0 0 0 0 0 0 0 0 0 0 0 0 0 0 0 0 0 0 0 0 64.0611 0 0 0 0 0 0 0 0 0 0 0 0 0 0 0 0 0 0 0 0 0 0 0 0 0 0 0 0 0 0 0 0 0 
0 0 0 0 0 0 0 0 0 0 0 0 0 0 0 0 0 0 0 0 0 0 0 0 0 0 0 0 0 0 0 0 0 0 0 0 0 0 0 0 0 0 0 0 0 0 0 0 0 0 0 0 0 0 0 0 0 0 0 0 0 0 0 0 0 
0 0 0 0 0 0 0 0 0 0 0 0 0 0 0 0 0 0 0 0 0 0 0 0 0 0 0 0 0 0 0 0 2.00191 0 0 0 0 0 0 0 0 0 0 0 0 0 0 0 0 0 0 0 0 0 0 0 0 0 0 0 0 0 0 0 0 
