1 0 0 0 0 0 0 0 0 0 0 0 0 0 0 0 0 0 0 0 0 0 0 0 0 0 0 0 0 0 0 0 0 0 0 0 0 0 0 0 0 0 0 0 0 0 0 0 0 0 0 0 0 0 0 0 0 0 0 0 0 0 0 0 0 
0 0 0 0 0 0 0 0 0 0 0 0 0 0 0 0 0 0 0 0 0 0 0 0 0 0 0 0 0 0 0 0 0 0 0 0 0 0 0 0 0 0 0 0 0 0 0 0 0 0 0 0 0 0 0 0 0 0 0 0 0 0 0 0 0 
0 64 0 0 0 0 0 0 0 0 0 0 0 0 0 0 0 0 0 0 0 0 0 0 0 0 0 0 0 0 0 0 0 0 0 0 0 0 0 0 0 0 0 0 0 0 0 0 0 0 0 0 0 0 0 0 0 0 0 0 0 0 0 0 0 
0 0 128 0 0 0 0 0 0 0 0 0 0 0 0 0 0 0 0 0 0 0 0 0 0 0 0 0 0 0 0 0 0 0 0 0 0 0 0 0 0 0 0 0 0 0 0 0 0 0 0 0 0 0 0 0 0 0 0 0 0 0 0 0 0 
0 0 1888 382.307 62.9851 0 0 0 0 0 0 0 0 0 0 0 0 0 0 0 0 0 0 0 0 0 0 0 0 0 0 0 0 0 0 0 0 0 0 0 0 0 0 0 0 0 0 0 0 0 0 0 0 0 0 0 0 0 0 0 0 0 0 0 0 
0 0 0 7171.39 1171.93 502.477 127.529 0 0 0 0 0 0 0 0 0 0 0 0 0 0 0 0 0 0 0 0 0 0 0 0 0 0 0 0 0 0 0 0 0 0 0 0 0 0 0 0 0 0 0 0 0 0 0 0 0 0 0 0 0 0 0 0 0 0 
0 0 0 34110.3 27297.2 6913.05 2583.41 1388.61 369.646 63.5145 0 0 0 0 0 0 0 0 0 0 0 0 0 0 0 0 0 0 0 0 0 0 0 0 0 0 0 0 0 0 0 0 0 0 0 0 0 0 0 0 0 0 0 0 0 0 0 0 0 0 0 0 0 0 0 
0 0 0 0 183686 97540.8 42943.5 16890.5 8518.27 4591.62 1880.24 473.85 118.597 0 0 0 0 0 0 0 0 0 0 0 0 0 0 0 0 0 0 0 0 0 0 0 0 0 0 0 0 0 0 0 0 0 0 0 0 0 0 0 0 0 0 0 0 0 0 0 0 0 0 0 0 
0 0 0 0 423158 829830 412895 221623 119854 59098.4 32710.9 19760.5 9867.28 4475.88 1409.99 412 86.1232 0 0 0 0 0 0 0 14.0991 0 0 0 0 0 0 0 14.7181 0 0 0 0 0 0 0 0 0 0 0 0 0 0 0 0 0 0 0 0 0 0 0 0 0 0 0 0 0 0 0 0 
0 0 0 0 0 2.85851e+06 3.33259e+06 1.97363e+06 1.13467e+06 723150 426078 246811 151249 93731.9 53985.1 29070.4 14263.1 5529.53 2187.27 825.538 398.515 214.163 242.564 219.335 0 254.413 272.659 264.866 254.822 249.675 269.702 241.292 0 0 0 0 0 0 0 0 0 0 0 0 0 0 0 0 0 0 0 0 0 0 0 0 0 0 0 0 0 0 0 0 0 
0 0 0 0 0 3.83121e+06 1.45916e+07 1.3516e+07 9.41588e+06 6.05916e+06 3.94896e+06 2.68235e+06 1.75697e+06 1.16062e+06 768012 512544 315610 203898 117509 70156.3 36859.7 21153.6 13819 10534.7 11609.7 10069.7 9141.65 8573.86 9086.14 9253.6 9799.01 9530.62 11304.8 0 0 0 0 0 0 0 0 0 0 0 0 0 0 0 0 0 0 0 0 0 0 0 0 0 0 0 0 0 0 0 0 
0 0 0 0 0 0 3.03405e+07 6.37932e+07 5.73805e+07 4.32066e+07 3.11866e+07 2.225e+07 1.59639e+07 1.15092e+07 8.07208e+06 5.82195e+06 4.12646e+06 2.8745e+06 2.06481e+06 1.47932e+06 1.02847e+06 692735 500302 371560 285799 250462 230632 221884 204778 222609 215515 214368 206736 0 0 0 0 0 0 0 0 0 0 0 0 0 0 0 0 0 0 0 0 0 0 0 0 0 0 0 0 0 0 0 0 
0 0 0 0 0 0 2.62512e+07 1.69431e+08 2.62257e+08 2.46451e+08 1.99219e+08 1.547e+08 1.19036e+08 8.98511e+07 6.8803e+07 5.23153e+07 3.96103e+07 3.06452e+07 2.34901e+07 1.78913e+07 1.39087e+07 1.06531e+07 8.37402e+06 6.84777e+06 5.66969e+06 4.72319e+06 3.97667e+06 3.54099e+06 3.41398e+06 3.23876e+06 3.21148e+06 3.21979e+06 3.10249e+06 0 0 0 0 0 0 0 0 0 0 0 0 0 0 0 0 0 0 0 0 0 0 0 0 0 0 0 0 0 0 0 0 
0 0 0 0 0 0 0 2.32655e+08 7.87025e+08 1.06821e+09 1.04406e+09 9.04291e+08 7.41586e+08 6.08394e+08 4.85636e+08 3.90596e+08 3.11029e+08 2.51498e+08 2.04127e+08 1.64495e+08 1.3376e+08 1.0898e+08 9.10097e+07 7.59216e+07 6.58639e+07 5.68211e+07 5.02118e+07 4.54947e+07 4.19229e+07 4.0447e+07 3.87701e+07 3.77145e+07 3.78026e+07 0 0 0 0 0 0 0 0 0 0 0 0 0 0 0 0 0 0 0 0 0 0 0 0 0 0 0 0 0 0 0 0 
0 0 0 0 0 0 0 1.39607e+08 1.3838e+09 3.29533e+09 4.27875e+09 4.33418e+09 3.98831e+09 3.4788e+09 2.9655e+09 2.49716e+09 2.11565e+09 1.77921e+09 1.48992e+09 1.25967e+09 1.07374e+09 9.07026e+08 7.95506e+08 6.95774e+08 6.05893e+08 5.31946e+08 4.82138e+08 4.43231e+08 4.16384e+08 3.92607e+08 3.7718e+08 3.74156e+08 3.67426e+08 0 0 0 0 0 0 0 0 0 0 0 0 0 0 0 0 0 0 0 0 0 0 0 0 0 0 0 0 0 0 0 0 
0 0 0 0 0 0 0 0 1.33865e+09 6.68336e+09 1.31183e+10 1.68276e+10 1.77321e+10 1.70577e+10 1.56275e+10 1.39233e+10 1.23164e+10 1.08595e+10 9.51008e+09 8.32602e+09 7.32962e+09 6.46646e+09 5.69919e+09 5.16967e+09 4.60602e+09 4.18303e+09 3.85944e+09 3.53208e+09 3.33977e+09 3.18652e+09 3.10015e+09 3.03399e+09 3.01638e+09 0 0 0 0 0 0 0 0 0 0 0 0 0 0 0 0 0 0 0 0 0 0 0 0 0 0 0 0 0 0 0 0 
0 0 0 0 0 0 0 0 5.86369e+08 8.30997e+09 2.83996e+10 5.03475e+10 6.45564e+10 7.0549e+10 7.06293e+10 6.77056e+10 6.28306e+10 5.77958e+10 5.31341e+10 4.80338e+10 4.36809e+10 3.95905e+10 3.58963e+10 3.25688e+10 2.98718e+10 2.78106e+10 2.597e+10 2.48672e+10 2.32519e+10 2.27072e+10 2.2102e+10 2.14952e+10 2.15401e+10 0 0 0 0 0 0 0 0 0 0 0 0 0 0 0 0 0 0 0 0 0 0 0 0 0 0 0 0 0 0 0 0 
0 0 0 0 0 0 0 0 0 5.92072e+09 4.09645e+10 1.11273e+11 1.86123e+11 2.41194e+11 2.71734e+11 2.83658e+11 2.82641e+11 2.71909e+11 2.5837e+11 2.44085e+11 2.2867e+11 2.14925e+11 1.97977e+11 1.85284e+11 1.75395e+11 1.64733e+11 1.56449e+11 1.48369e+11 1.44448e+11 1.39263e+11 1.35024e+11 1.34366e+11 1.3458e+11 0 0 0 0 0 0 0 0 0 0 0 0 0 0 0 0 0 0 0 0 0 0 0 0 0 0 0 0 0 0 0 0 
0 0 0 0 0 0 0 0 0 1.96648e+09 3.76702e+10 1.74597e+11 4.11571e+11 6.66381e+11 8.73918e+11 1.01235e+12 1.0966e+12 1.12664e+12 1.12431e+12 1.10215e+12 1.06911e+12 1.03376e+12 9.90586e+11 9.41921e+11 9.05978e+11 8.66483e+11 8.44686e+11 8.10553e+11 7.89424e+11 7.67922e+11 7.49997e+11 7.49142e+11 7.40451e+11 0 0 0 0 0 0 0 0 0 0 0 0 0 0 0 0 0 0 0 0 0 0 0 0 0 0 0 0 0 0 0 0 
0 0 0 0 0 0 0 0 0 0 2.04566e+10 1.86338e+11 6.71495e+11 1.44481e+12 2.30179e+12 3.05518e+12 3.63457e+12 4.04771e+12 4.28557e+12 4.41749e+12 4.47589e+12 4.42214e+12 4.36491e+12 4.28847e+12 4.2104e+12 4.11225e+12 4.01427e+12 3.92445e+12 3.85288e+12 3.78193e+12 3.75981e+12 3.69762e+12 3.72267e+12 0 0 0 0 0 0 0 0 0 0 0 0 0 0 0 0 0 0 0 0 0 0 0 0 0 0 0 0 0 0 0 0 
0 0 0 0 0 0 0 0 0 0 5.30636e+09 1.31221e+11 7.85364e+11 2.38362e+12 4.83885e+12 7.63826e+12 1.02824e+13 1.25071e+13 1.43192e+13 1.56202e+13 1.64842e+13 1.71464e+13 1.73505e+13 1.75183e+13 1.75586e+13 1.74976e+13 1.73612e+13 1.73274e+13 1.7125e+13 1.70772e+13 1.69032e+13 1.68257e+13 1.68e+13 0 0 0 0 0 0 0 0 0 0 0 0 0 0 0 0 0 0 0 0 0 0 0 0 0 0 0 0 0 0 0 0 
0 0 0 0 0 0 0 0 0 0 0 5.59599e+10 6.44051e+11 2.94892e+12 7.93652e+12 1.54396e+13 2.4232e+13 3.3138e+13 4.12039e+13 4.80295e+13 5.36768e+13 5.8112e+13 6.1643e+13 6.41953e+13 6.58114e+13 6.66269e+13 6.77268e+13 6.81268e+13 6.8761e+13 6.84313e+13 6.81482e+13 6.84704e+13 6.82073e+13 0 0 0 0 0 0 0 0 0 0 0 0 0 0 0 0 0 0 0 0 0 0 0 0 0 0 0 0 0 0 0 0 
0 0 0 0 0 0 0 0 0 0 0 1.16142e+10 3.55512e+11 2.64959e+12 1.00353e+13 2.49211e+13 4.70059e+13 7.37271e+13 1.01719e+14 1.2901e+14 1.53577e+14 1.75052e+14 1.9365e+14 2.08114e+14 2.20592e+14 2.31263e+14 2.38062e+14 2.42696e+14 2.4593e+14 2.48895e+14 2.51811e+14 2.50951e+14 2.52844e+14 0 0 0 0 0 0 0 0 0 0 0 0 0 0 0 0 0 0 0 0 0 0 0 0 0 0 0 0 0 0 0 0 
0 0 0 0 0 0 0 0 0 0 0 0 1.22284e+11 1.70753e+12 9.57782e+12 3.15405e+13 7.3735e+13 1.36058e+14 2.13052e+14 2.97678e+14 3.82773e+14 4.66096e+14 5.39215e+14 6.06559e+14 6.63605e+14 7.12165e+14 7.50909e+14 7.81407e+14 8.03038e+14 8.2367e+14 8.30029e+14 8.4243e+14 8.43333e+14 0 0 0 0 0 0 0 0 0 0 0 0 0 0 0 0 0 0 0 0 0 0 0 0 0 0 0 0 0 0 0 0 
0 0 0 0 0 0 0 0 0 0 0 0 2.06587e+10 7.58831e+11 6.79207e+12 3.10638e+13 9.22475e+13 2.05255e+14 3.72664e+14 5.83082e+14 8.23782e+14 1.06796e+15 1.31891e+15 1.55381e+15 1.76357e+15 1.94619e+15 2.11295e+15 2.2466e+15 2.3592e+15 2.43692e+15 2.50228e+15 2.54479e+15 2.55943e+15 0 0 0 0 0 0 0 0 0 0 0 0 0 0 0 0 0 0 0 0 0 0 0 0 0 0 0 0 0 0 0 0 
0 0 0 0 0 0 0 0 0 0 0 0 0 2.14093e+11 3.51715e+12 2.33339e+13 9.16337e+13 2.51351e+14 5.39472e+14 9.63601e+14 1.50314e+15 2.13434e+15 2.80963e+15 3.48633e+15 4.15974e+15 4.77683e+15 5.31765e+15 5.80288e+15 6.22064e+15 6.50828e+15 6.72149e+15 6.84791e+15 6.88957e+15 0 0 0 0 0 0 0 0 0 0 0 0 0 0 0 0 0 0 0 0 0 0 0 0 0 0 0 0 0 0 0 0 
0 0 0 0 0 0 0 0 0 0 0 0 0 3.00926e+10 1.28263e+12 1.33541e+13 7.13084e+13 2.48327e+14 6.37785e+14 1.32661e+15 2.33892e+15 3.65255e+15 5.18036e+15 6.86494e+15 8.59121e+15 1.03275e+16 1.18955e+16 1.33143e+16 1.45249e+16 1.54877e+16 1.62233e+16 1.66134e+16 1.6782e+16 0 0 0 0 0 0 0 0 0 0 0 0 0 0 0 0 0 0 0 0 0 0 0 0 0 0 0 0 0 0 0 0 
0 0 0 0 0 0 0 0 0 0 0 0 0 0 3.0197e+11 5.68649e+12 4.31848e+13 1.95778e+14 6.18971e+14 1.50571e+15 3.04081e+15 5.29254e+15 8.21543e+15 1.17154e+16 1.55317e+16 1.9462e+16 2.33936e+16 2.69474e+16 3.00505e+16 3.27724e+16 3.46326e+16 3.58093e+16 3.61902e+16 0 0 0 0 0 0 0 0 0 0 0 0 0 0 0 0 0 0 0 0 0 0 0 0 0 0 0 0 0 0 0 0 
0 0 0 0 0 0 0 0 0 0 0 0 0 0 3.61281e+10 1.72401e+12 2.03801e+13 1.2304e+14 4.87778e+14 1.4252e+15 3.31067e+15 6.47938e+15 1.11352e+16 1.71401e+16 2.43053e+16 3.2164e+16 4.02599e+16 4.83155e+16 5.54349e+16 6.12028e+16 6.57605e+16 6.86121e+16 6.95036e+16 0 0 0 0 0 0 0 0 0 0 0 0 0 0 0 0 0 0 0 0 0 0 0 0 0 0 0 0 0 0 0 0 
0 0 0 0 0 0 0 0 0 0 0 0 0 0 0 3.45897e+11 7.21341e+12 6.14315e+13 3.11196e+14 1.10427e+15 3.00935e+15 6.70624e+15 1.2789e+16 2.15076e+16 3.2794e+16 4.60808e+16 6.05566e+16 7.49907e+16 8.87606e+16 1.00901e+17 1.10309e+17 1.15925e+17 1.17934e+17 0 0 0 0 0 0 0 0 0 0 0 0 0 0 0 0 0 0 0 0 0 0 0 0 0 0 0 0 0 0 0 0 
0 0 0 0 0 0 0 0 0 0 0 0 0 0 0 3.56794e+10 1.86198e+12 2.41166e+13 1.61214e+14 7.05396e+14 2.28096e+15 5.83911e+15 1.24539e+16 2.30992e+16 3.80972e+16 5.71481e+16 7.91849e+16 1.02471e+17 1.25515e+17 1.45527e+17 1.61283e+17 1.71968e+17 1.75453e+17 0 0 0 0 0 0 0 0 0 0 0 0 0 0 0 0 0 0 0 0 0 0 0 0 0 0 0 0 0 0 0 0 
0 0 0 0 0 0 0 0 0 0 0 0 0 0 0 0 3.21247e+11 7.24933e+12 6.72134e+13 3.72023e+14 1.43559e+15 4.2722e+15 1.03182e+16 2.11534e+16 3.79164e+16 6.10119e+16 8.95526e+16 1.21642e+17 1.54021e+17 1.83864e+17 2.08073e+17 2.232e+17 2.28484e+17 0 0 0 0 0 0 0 0 0 0 0 0 0 0 0 0 0 0 0 0 0 0 0 0 0 0 0 0 0 0 0 0 
0 0 0 0 0 0 0 0 0 0 0 0 0 0 0 0 2.92892e+10 1.6121e+12 2.22867e+13 1.60513e+14 7.58641e+14 2.63628e+15 7.25951e+15 1.65558e+16 3.25321e+16 5.62705e+16 8.76369e+16 1.25093e+17 1.64579e+17 2.02754e+17 2.33236e+17 2.53697e+17 2.61612e+17 0 0 0 0 0 0 0 0 0 0 0 0 0 0 0 0 0 0 0 0 0 0 0 0 0 0 0 0 0 0 0 0 
0 0 0 0 0 0 0 0 0 0 0 0 0 0 0 0 0 2.43355e+11 5.78946e+12 5.66442e+13 3.34246e+14 1.37294e+15 4.33584e+15 1.10972e+16 2.38972e+16 4.47601e+16 7.43799e+16 1.1152e+17 1.53416e+17 1.94407e+17 2.29468e+17 2.53386e+17 2.60494e+17 0 0 0 0 0 0 0 0 0 0 0 0 0 0 0 0 0 0 0 0 0 0 0 0 0 0 0 0 0 0 0 0 
0 0 0 0 0 0 0 0 0 0 0 0 0 0 0 0 0 2.01184e+10 1.12858e+12 1.625e+13 1.22394e+14 6.0867e+14 2.21712e+15 6.37229e+15 1.51758e+16 3.08185e+16 5.47418e+16 8.67337e+16 1.24396e+17 1.6253e+17 1.96538e+17 2.1894e+17 2.27698e+17 0 0 0 0 0 0 0 0 0 0 0 0 0 0 0 0 0 0 0 0 0 0 0 0 0 0 0 0 0 0 0 0 
0 0 0 0 0 0 0 0 0 0 0 0 0 0 0 0 0 0 1.51755e+11 3.69319e+12 3.72897e+13 2.27242e+14 9.714e+14 3.1734e+15 8.33407e+15 1.84394e+16 3.52307e+16 5.89038e+16 8.80758e+16 1.19714e+17 1.47478e+17 1.67051e+17 1.74128e+17 0 0 0 0 0 0 0 0 0 0 0 0 0 0 0 0 0 0 0 0 0 0 0 0 0 0 0 0 0 0 0 0 
0 0 0 0 0 0 0 0 0 0 0 0 0 0 0 0 0 0 1.15466e+10 6.43714e+11 9.37259e+12 7.20434e+13 3.64852e+14 1.36361e+15 4.01177e+15 9.64617e+15 1.97084e+16 3.51383e+16 5.50468e+16 7.70432e+16 9.76982e+16 1.12316e+17 1.17295e+17 0 0 0 0 0 0 0 0 0 0 0 0 0 0 0 0 0 0 0 0 0 0 0 0 0 0 0 0 0 0 0 0 
0 0 0 0 0 0 0 0 0 0 0 0 0 0 0 0 0 0 0 7.78432e+10 1.8879e+12 1.91931e+13 1.18286e+14 5.09477e+14 1.67685e+15 4.44332e+15 9.74333e+15 1.83528e+16 3.02473e+16 4.38611e+16 5.69765e+16 6.65244e+16 7.00343e+16 0 0 0 0 0 0 0 0 0 0 0 0 0 0 0 0 0 0 0 0 0 0 0 0 0 0 0 0 0 0 0 0 
0 0 0 0 0 0 0 0 0 0 0 0 0 0 0 0 0 0 0 5.68611e+09 2.98109e+11 4.28363e+12 3.28375e+13 1.65498e+14 6.15526e+14 1.78793e+15 4.29058e+15 8.55613e+15 1.4764e+16 2.22913e+16 2.94514e+16 3.49302e+16 3.70416e+16 0 0 0 0 0 0 0 0 0 0 0 0 0 0 0 0 0 0 0 0 0 0 0 0 0 0 0 0 0 0 0 0 
0 0 0 0 0 0 0 0 0 0 0 0 0 0 0 0 0 0 0 0 3.31026e+10 7.81025e+11 7.75162e+12 4.7021e+13 1.98587e+14 6.40018e+14 1.65368e+15 3.55752e+15 6.42111e+15 1.00627e+16 1.381e+16 1.64847e+16 1.74984e+16 0 0 0 0 0 0 0 0 0 0 0 0 0 0 0 0 0 0 0 0 0 0 0 0 0 0 0 0 0 0 0 0 
0 0 0 0 0 0 0 0 0 0 0 0 0 0 0 0 0 0 0 0 2.4121e+09 1.13506e+11 1.56276e+12 1.15748e+13 5.67626e+13 2.0558e+14 5.73565e+14 1.31538e+15 2.51099e+15 4.08128e+15 5.72137e+15 7.01451e+15 7.4921e+15 0 0 0 0 0 0 0 0 0 0 0 0 0 0 0 0 0 0 0 0 0 0 0 0 0 0 0 0 0 0 0 0 
0 0 0 0 0 0 0 0 0 0 0 0 0 0 0 0 0 0 0 0 0 1.18739e+10 2.61594e+11 2.47333e+12 1.43286e+13 5.79701e+13 1.79354e+14 4.40378e+14 8.91935e+14 1.49908e+15 2.16757e+15 2.68508e+15 2.87604e+15 0 0 0 0 0 0 0 0 0 0 0 0 0 0 0 0 0 0 0 0 0 0 0 0 0 0 0 0 0 0 0 0 
0 0 0 0 0 0 0 0 0 0 0 0 0 0 0 0 0 0 0 0 0 9.20746e+08 3.58449e+10 4.56162e+11 3.1964e+12 1.48372e+13 5.03818e+13 1.32815e+14 2.82793e+14 5.01777e+14 7.42718e+14 9.37303e+14 1.01429e+15 0 0 0 0 0 0 0 0 0 0 0 0 0 0 0 0 0 0 0 0 0 0 0 0 0 0 0 0 0 0 0 0 
0 0 0 0 0 0 0 0 0 0 0 0 0 0 0 0 0 0 0 0 0 0 3.63836e+09 7.15429e+10 6.25656e+11 3.37045e+12 1.27728e+13 3.66013e+13 8.28033e+13 1.5287e+14 2.33208e+14 2.99804e+14 3.25719e+14 0 0 0 0 0 0 0 0 0 0 0 0 0 0 0 0 0 0 0 0 0 0 0 0 0 0 0 0 0 0 0 0 
0 0 0 0 0 0 0 0 0 0 0 0 0 0 0 0 0 0 0 0 0 0 3.21872e+08 9.5383e+09 1.08102e+11 6.90621e+11 2.94677e+12 9.25234e+12 2.22161e+13 4.27316e+13 6.76682e+13 8.84136e+13 9.63768e+13 0 0 0 0 0 0 0 0 0 0 0 0 0 0 0 0 0 0 0 0 0 0 0 0 0 0 0 0 0 0 0 0 
0 0 0 0 0 0 0 0 0 0 0 0 0 0 0 0 0 0 0 0 0 0 0 9.58759e+08 1.64398e+10 1.2667e+11 6.19359e+11 2.10453e+12 5.4737e+12 1.11087e+13 1.81082e+13 2.4099e+13 2.65048e+13 0 0 0 0 0 0 0 0 0 0 0 0 0 0 0 0 0 0 0 0 0 0 0 0 0 0 0 0 0 0 0 0 
0 0 0 0 0 0 0 0 0 0 0 0 0 0 0 0 0 0 0 0 0 0 0 1.03727e+08 2.19903e+09 2.09978e+10 1.18338e+11 4.55055e+11 1.25239e+12 2.66578e+12 4.50234e+12 6.11651e+12 6.77998e+12 0 0 0 0 0 0 0 0 0 0 0 0 0 0 0 0 0 0 0 0 0 0 0 0 0 0 0 0 0 0 0 0 
0 0 0 0 0 0 0 0 0 0 0 0 0 0 0 0 0 0 0 0 0 0 0 0 2.23058e+08 3.19582e+09 2.09327e+10 8.92453e+10 2.6653e+11 5.99231e+11 1.05453e+12 1.46413e+12 1.6204e+12 0 0 0 0 0 0 0 0 0 0 0 0 0 0 0 0 0 0 0 0 0 0 0 0 0 0 0 0 0 0 0 0 
0 0 0 0 0 0 0 0 0 0 0 0 0 0 0 0 0 0 0 0 0 0 0 0 3.12645e+07 4.47562e+08 3.45321e+09 1.63734e+10 5.44267e+10 1.28e+11 2.31494e+11 3.28712e+11 3.70283e+11 0 0 0 0 0 0 0 0 0 0 0 0 0 0 0 0 0 0 0 0 0 0 0 0 0 0 0 0 0 0 0 0 
0 0 0 0 0 0 0 0 0 0 0 0 0 0 0 0 0 0 0 0 0 0 0 0 0 4.54141e+07 5.4269e+08 2.91713e+09 1.02264e+10 2.61295e+10 4.86392e+10 7.09651e+10 7.97321e+10 0 0 0 0 0 0 0 0 0 0 0 0 0 0 0 0 0 0 0 0 0 0 0 0 0 0 0 0 0 0 0 0 
0 0 0 0 0 0 0 0 0 0 0 0 0 0 0 0 0 0 0 0 0 0 0 0 0 8.53897e+06 8.16143e+07 4.7823e+08 1.88817e+09 5.08079e+09 9.92516e+09 1.45997e+10 1.6619e+10 0 0 0 0 0 0 0 0 0 0 0 0 0 0 0 0 0 0 0 0 0 0 0 0 0 0 0 0 0 0 0 0 
0 0 0 0 0 0 0 0 0 0 0 0 0 0 0 0 0 0 0 0 0 0 0 0 0 0 7.83799e+06 8.1778e+07 3.41256e+08 9.66532e+08 1.98906e+09 2.96778e+09 3.41063e+09 0 0 0 0 0 0 0 0 0 0 0 0 0 0 0 0 0 0 0 0 0 0 0 0 0 0 0 0 0 0 0 0 
0 0 0 0 0 0 0 0 0 0 0 0 0 0 0 0 0 0 0 0 0 0 0 0 0 0 2.05526e+06 1.29738e+07 5.65946e+07 1.85059e+08 3.80857e+08 5.97749e+08 6.78953e+08 0 0 0 0 0 0 0 0 0 0 0 0 0 0 0 0 0 0 0 0 0 0 0 0 0 0 0 0 0 0 0 0 
0 0 0 0 0 0 0 0 0 0 0 0 0 0 0 0 0 0 0 0 0 0 0 0 0 0 0 1.08563e+06 1.10342e+07 3.30811e+07 7.3656e+07 1.18536e+08 1.34887e+08 0 0 0 0 0 0 0 0 0 0 0 0 0 0 0 0 0 0 0 0 0 0 0 0 0 0 0 0 0 0 0 0 
0 0 0 0 0 0 0 0 0 0 0 0 0 0 0 0 0 0 0 0 0 0 0 0 0 0 0 425310 1.71237e+06 5.65195e+06 1.52291e+07 2.2114e+07 2.85905e+07 0 0 0 0 0 0 0 0 0 0 0 0 0 0 0 0 0 0 0 0 0 0 0 0 0 0 0 0 0 0 0 0 
0 0 0 0 0 0 0 0 0 0 0 0 0 0 0 0 0 0 0 0 0 0 0 0 0 0 0 0 112015 1.28301e+06 2.41346e+06 4.67026e+06 5.16063e+06 0 0 0 0 0 0 0 0 0 0 0 0 0 0 0 0 0 0 0 0 0 0 0 0 0 0 0 0 0 0 0 0 
0 0 0 0 0 0 0 0 0 0 0 0 0 0 0 0 0 0 0 0 0 0 0 0 0 0 0 0 72957.4 172029 456612 964051 941240 0 0 0 0 0 0 0 0 0 0 0 0 0 0 0 0 0 0 0 0 0 0 0 0 0 0 0 0 0 0 0 0 
0 0 0 0 0 0 0 0 0 0 0 0 0 0 0 0 0 0 0 0 0 0 0 0 0 0 0 0 0 7621.1 119294 111203 239865 0 0 0 0 0 0 0 0 0 0 0 0 0 0 0 0 0 0 0 0 0 0 0 0 0 0 0 0 0 0 0 0 
0 0 0 0 0 0 0 0 0 0 0 0 0 0 0 0 0 0 0 0 0 0 0 0 0 0 0 0 0 9885.48 11529.5 32774.8 37288 0 0 0 0 0 0 0 0 0 0 0 0 0 0 0 0 0 0 0 0 0 0 0 0 0 0 0 0 0 0 0 0 
0 0 0 0 0 0 0 0 0 0 0 0 0 0 0 0 0 0 0 0 0 0 0 0 0 0 0 0 0 0 255.8 7816.63 2054.92 0 0 0 0 0 0 0 0 0 0 0 0 0 0 0 0 0 0 0 0 0 0 0 0 0 0 0 0 0 0 0 0 
0 0 0 0 0 0 0 0 0 0 0 0 0 0 0 0 0 0 0 0 0 0 0 0 0 0 0 0 0 0 981.233 384.71 1939.82 0 0 0 0 0 0 0 0 0 0 0 0 0 0 0 0 0 0 0 0 0 0 0 0 0 0 0 0 0 0 0 0 
0 0 0 0 0 0 0 0 0 0 0 0 0 0 0 0 0 0 0 0 0 0 0 0 0 0 0 0 0 0 0 0 260.35 0 0 0 0 0 0 0 0 0 0 0 0 0 0 0 0 0 0 0 0 0 0 0 0 0 0 0 0 0 0 0 0 
0 0 0 0 0 0 0 0 0 0 0 0 0 0 0 0 0 0 0 0 0 0 0 0 0 0 0 0 0 0 0 63.3053 0 0 0 0 0 0 0 0 0 0 0 0 0 0 0 0 0 0 0 0 0 0 0 0 0 0 0 0 0 0 0 0 0 
0 0 0 0 0 0 0 0 0 0 0 0 0 0 0 0 0 0 0 0 0 0 0 0 0 0 0 0 0 0 0 0 0 0 0 0 0 0 0 0 0 0 0 0 0 0 0 0 0 0 0 0 0 0 0 0 0 0 0 0 0 0 0 0 0 
0 0 0 0 0 0 0 0 0 0 0 0 0 0 0 0 0 0 0 0 0 0 0 0 0 0 0 0 0 0 0 0 1.97829 0 0 0 0 0 0 0 0 0 0 0 0 0 0 0 0 0 0 0 0 0 0 0 0 0 0 0 0 0 0 0 0 
