1 0 0 0 0 0 0 0 0 0 0 0 0 0 0 0 0 0 0 0 0 0 0 0 0 0 0 0 0 0 0 0 0 0 0 0 0 0 0 0 0 0 0 0 0 0 0 0 0 0 0 0 0 0 0 0 0 0 0 0 0 0 0 0 0 
0 0 0 0 0 0 0 0 0 0 0 0 0 0 0 0 0 0 0 0 0 0 0 0 0 0 0 0 0 0 0 0 0 0 0 0 0 0 0 0 0 0 0 0 0 0 0 0 0 0 0 0 0 0 0 0 0 0 0 0 0 0 0 0 0 
0 64 0 0 0 0 0 0 0 0 0 0 0 0 0 0 0 0 0 0 0 0 0 0 0 0 0 0 0 0 0 0 0 0 0 0 0 0 0 0 0 0 0 0 0 0 0 0 0 0 0 0 0 0 0 0 0 0 0 0 0 0 0 0 0 
0 0 128 0 0 0 0 0 0 0 0 0 0 0 0 0 0 0 0 0 0 0 0 0 0 0 0 0 0 0 0 0 0 0 0 0 0 0 0 0 0 0 0 0 0 0 0 0 0 0 0 0 0 0 0 0 0 0 0 0 0 0 0 0 0 
0 0 1888 390.489 65.114 0 0 0 0 0 0 0 0 0 0 0 0 0 0 0 0 0 0 0 0 0 0 0 0 0 0 0 0 0 0 0 0 0 0 0 0 0 0 0 0 0 0 0 0 0 0 0 0 0 0 0 0 0 0 0 0 0 0 0 0 
0 0 0 7155.02 1173.93 528.135 128.437 0 0 0 0 0 0 0 0 0 0 0 0 0 0 0 0 0 0 0 0 0 0 0 0 0 0 0 0 0 0 0 0 0 0 0 0 0 0 0 0 0 0 0 0 0 0 0 0 0 0 0 0 0 0 0 0 0 0 
0 0 0 34118.5 27561.4 6888.81 2563.41 1410.34 371.39 67.4063 0 0 0 0 0 0 0 0 0 0 0 0 0 0 0 0 0 0 0 0 0 0 0 0 0 0 0 0 0 0 0 0 0 0 0 0 0 0 0 0 0 0 0 0 0 0 0 0 0 0 0 0 0 0 0 
0 0 0 0 183143 98281.5 43887.2 17240.2 8591.69 4572.13 1908.87 473.939 128.568 0 0 0 0 0 0 0 0 0 0 0 0 0 0 0 0 0 0 0 0 0 0 0 0 0 0 0 0 0 0 0 0 0 0 0 0 0 0 0 0 0 0 0 0 0 0 0 0 0 0 0 0 
0 0 0 0 423433 828307 413712 223937 121309 59178 33671.2 20267.6 9541.46 4225.6 1361.95 383.666 65.4171 0 0 0 0 0 0 0 15.5685 0 0 0 0 0 0 0 16.329 0 0 0 0 0 0 0 0 0 0 0 0 0 0 0 0 0 0 0 0 0 0 0 0 0 0 0 0 0 0 0 0 
0 0 0 0 0 2.8593e+06 3.3333e+06 1.99489e+06 1.15165e+06 734644 426810 253896 158790 94108.8 55465.5 29675.5 13650 5596.57 2130.76 715.125 396.553 287.633 254.851 227.633 0 277.103 271.803 255.847 234.054 242.709 248.696 268.293 0 0 0 0 0 0 0 0 0 0 0 0 0 0 0 0 0 0 0 0 0 0 0 0 0 0 0 0 0 0 0 0 0 
0 0 0 0 0 3.8312e+06 1.4592e+07 1.35379e+07 9.40877e+06 6.11602e+06 4.03846e+06 2.70475e+06 1.78432e+06 1.18971e+06 790354 510136 330275 202393 122256 65310.1 35150.1 20047.5 12982.1 10657.8 11803.9 9668.84 9101.76 8458.01 9172.1 8752.25 9142.46 9778.24 11546.1 0 0 0 0 0 0 0 0 0 0 0 0 0 0 0 0 0 0 0 0 0 0 0 0 0 0 0 0 0 0 0 0 
0 0 0 0 0 0 3.03298e+07 6.37265e+07 5.74394e+07 4.34372e+07 3.14922e+07 2.25263e+07 1.61393e+07 1.14702e+07 8.14445e+06 5.93061e+06 4.18861e+06 2.86338e+06 2.09254e+06 1.47599e+06 988451 714834 491279 376770 279216 247629 234321 219794 219640 219868 213689 213037 208024 0 0 0 0 0 0 0 0 0 0 0 0 0 0 0 0 0 0 0 0 0 0 0 0 0 0 0 0 0 0 0 0 
0 0 0 0 0 0 2.62591e+07 1.69507e+08 2.63403e+08 2.46143e+08 2.00551e+08 1.56451e+08 1.20958e+08 9.12025e+07 6.86241e+07 5.23069e+07 3.98195e+07 3.14897e+07 2.33883e+07 1.76053e+07 1.39702e+07 1.06644e+07 8.36657e+06 6.66293e+06 5.50161e+06 4.57382e+06 3.96313e+06 3.7159e+06 3.48257e+06 3.27457e+06 3.26475e+06 3.26768e+06 3.17959e+06 0 0 0 0 0 0 0 0 0 0 0 0 0 0 0 0 0 0 0 0 0 0 0 0 0 0 0 0 0 0 0 0 
0 0 0 0 0 0 0 2.32494e+08 7.84935e+08 1.06916e+09 1.04338e+09 9.08567e+08 7.50318e+08 6.12521e+08 4.93127e+08 3.97377e+08 3.19845e+08 2.57573e+08 2.04566e+08 1.66538e+08 1.3476e+08 1.1338e+08 9.30792e+07 7.66369e+07 6.60046e+07 5.64717e+07 5.01848e+07 4.65438e+07 4.29085e+07 4.01055e+07 3.93842e+07 3.73254e+07 3.72152e+07 0 0 0 0 0 0 0 0 0 0 0 0 0 0 0 0 0 0 0 0 0 0 0 0 0 0 0 0 0 0 0 0 
0 0 0 0 0 0 0 1.39714e+08 1.38432e+09 3.3005e+09 4.27732e+09 4.33273e+09 4.01299e+09 3.50344e+09 2.97742e+09 2.52918e+09 2.11822e+09 1.79219e+09 1.52998e+09 1.28754e+09 1.08178e+09 9.09211e+08 8.03745e+08 6.95635e+08 6.01344e+08 5.3179e+08 4.8459e+08 4.43061e+08 4.13263e+08 3.91113e+08 3.74238e+08 3.77209e+08 3.64291e+08 0 0 0 0 0 0 0 0 0 0 0 0 0 0 0 0 0 0 0 0 0 0 0 0 0 0 0 0 0 0 0 0 
0 0 0 0 0 0 0 0 1.33891e+09 6.67597e+09 1.31631e+10 1.67801e+10 1.76294e+10 1.7066e+10 1.56498e+10 1.39813e+10 1.24658e+10 1.09491e+10 9.62588e+09 8.35256e+09 7.41249e+09 6.54847e+09 5.83792e+09 5.18112e+09 4.59838e+09 4.23847e+09 3.83922e+09 3.56733e+09 3.33394e+09 3.16503e+09 3.0746e+09 3.0258e+09 3.03166e+09 0 0 0 0 0 0 0 0 0 0 0 0 0 0 0 0 0 0 0 0 0 0 0 0 0 0 0 0 0 0 0 0 
0 0 0 0 0 0 0 0 5.86461e+08 8.30266e+09 2.83828e+10 5.05e+10 6.47799e+10 7.04208e+10 7.09899e+10 6.809e+10 6.33852e+10 5.81748e+10 5.32413e+10 4.81478e+10 4.3686e+10 3.99216e+10 3.63654e+10 3.27853e+10 3.06849e+10 2.78464e+10 2.61409e+10 2.45108e+10 2.33566e+10 2.2345e+10 2.19396e+10 2.16079e+10 2.12687e+10 0 0 0 0 0 0 0 0 0 0 0 0 0 0 0 0 0 0 0 0 0 0 0 0 0 0 0 0 0 0 0 0 
0 0 0 0 0 0 0 0 0 5.93177e+09 4.09068e+10 1.11312e+11 1.86356e+11 2.42665e+11 2.73038e+11 2.83604e+11 2.8209e+11 2.73707e+11 2.61529e+11 2.45389e+11 2.30787e+11 2.1507e+11 2.00431e+11 1.87537e+11 1.77498e+11 1.65704e+11 1.57344e+11 1.47947e+11 1.4227e+11 1.39731e+11 1.35629e+11 1.33251e+11 1.33241e+11 0 0 0 0 0 0 0 0 0 0 0 0 0 0 0 0 0 0 0 0 0 0 0 0 0 0 0 0 0 0 0 0 
0 0 0 0 0 0 0 0 0 1.96403e+09 3.76464e+10 1.74309e+11 4.11747e+11 6.65612e+11 8.74126e+11 1.0169e+12 1.09533e+12 1.13011e+12 1.12524e+12 1.10765e+12 1.07202e+12 1.03048e+12 9.93334e+11 9.56071e+11 9.04305e+11 8.71543e+11 8.33585e+11 8.06996e+11 7.84085e+11 7.69674e+11 7.45971e+11 7.46523e+11 7.50361e+11 0 0 0 0 0 0 0 0 0 0 0 0 0 0 0 0 0 0 0 0 0 0 0 0 0 0 0 0 0 0 0 0 
0 0 0 0 0 0 0 0 0 0 2.05195e+10 1.86461e+11 6.70067e+11 1.44348e+12 2.29736e+12 3.0554e+12 3.64759e+12 4.04727e+12 4.30958e+12 4.42361e+12 4.46936e+12 4.46797e+12 4.3912e+12 4.2873e+12 4.18479e+12 4.10617e+12 4.00172e+12 3.91944e+12 3.85505e+12 3.76583e+12 3.7657e+12 3.73391e+12 3.75478e+12 0 0 0 0 0 0 0 0 0 0 0 0 0 0 0 0 0 0 0 0 0 0 0 0 0 0 0 0 0 0 0 0 
0 0 0 0 0 0 0 0 0 0 5.29731e+09 1.31142e+11 7.86151e+11 2.39012e+12 4.83584e+12 7.61321e+12 1.0244e+13 1.25398e+13 1.43098e+13 1.56144e+13 1.64992e+13 1.69941e+13 1.73535e+13 1.74156e+13 1.75344e+13 1.73638e+13 1.7398e+13 1.72132e+13 1.70682e+13 1.70444e+13 1.68864e+13 1.68637e+13 1.68428e+13 0 0 0 0 0 0 0 0 0 0 0 0 0 0 0 0 0 0 0 0 0 0 0 0 0 0 0 0 0 0 0 0 
0 0 0 0 0 0 0 0 0 0 0 5.60714e+10 6.43936e+11 2.93571e+12 7.94593e+12 1.54459e+13 2.42491e+13 3.30987e+13 4.12987e+13 4.82606e+13 5.38918e+13 5.8317e+13 6.13922e+13 6.42115e+13 6.5757e+13 6.71595e+13 6.7764e+13 6.81074e+13 6.83644e+13 6.8731e+13 6.86095e+13 6.85518e+13 6.82443e+13 0 0 0 0 0 0 0 0 0 0 0 0 0 0 0 0 0 0 0 0 0 0 0 0 0 0 0 0 0 0 0 0 
0 0 0 0 0 0 0 0 0 0 0 1.15968e+10 3.55774e+11 2.65748e+12 1.00368e+13 2.49388e+13 4.70783e+13 7.37328e+13 1.01845e+14 1.29533e+14 1.53991e+14 1.7553e+14 1.93976e+14 2.08858e+14 2.21367e+14 2.30696e+14 2.37204e+14 2.43108e+14 2.48133e+14 2.49403e+14 2.51722e+14 2.52165e+14 2.51298e+14 0 0 0 0 0 0 0 0 0 0 0 0 0 0 0 0 0 0 0 0 0 0 0 0 0 0 0 0 0 0 0 0 
0 0 0 0 0 0 0 0 0 0 0 0 1.22179e+11 1.70701e+12 9.57148e+12 3.15874e+13 7.36121e+13 1.35916e+14 2.12577e+14 2.9735e+14 3.83669e+14 4.65948e+14 5.42913e+14 6.07648e+14 6.63371e+14 7.09375e+14 7.4853e+14 7.81612e+14 8.07758e+14 8.2287e+14 8.38465e+14 8.42372e+14 8.44972e+14 0 0 0 0 0 0 0 0 0 0 0 0 0 0 0 0 0 0 0 0 0 0 0 0 0 0 0 0 0 0 0 0 
0 0 0 0 0 0 0 0 0 0 0 0 2.06936e+10 7.58972e+11 6.78849e+12 3.09711e+13 9.23635e+13 2.05095e+14 3.72586e+14 5.82847e+14 8.20876e+14 1.07394e+15 1.31788e+15 1.55198e+15 1.76621e+15 1.9576e+15 2.11703e+15 2.24854e+15 2.35e+15 2.44577e+15 2.49384e+15 2.54114e+15 2.54692e+15 0 0 0 0 0 0 0 0 0 0 0 0 0 0 0 0 0 0 0 0 0 0 0 0 0 0 0 0 0 0 0 0 
0 0 0 0 0 0 0 0 0 0 0 0 0 2.13904e+11 3.52216e+12 2.33902e+13 9.16e+13 2.51852e+14 5.38862e+14 9.60921e+14 1.50566e+15 2.13377e+15 2.80924e+15 3.49309e+15 4.15022e+15 4.76444e+15 5.31782e+15 5.79227e+15 6.2081e+15 6.48915e+15 6.72376e+15 6.85747e+15 6.92292e+15 0 0 0 0 0 0 0 0 0 0 0 0 0 0 0 0 0 0 0 0 0 0 0 0 0 0 0 0 0 0 0 0 
0 0 0 0 0 0 0 0 0 0 0 0 0 3.01964e+10 1.2822e+12 1.33391e+13 7.11713e+13 2.48443e+14 6.38984e+14 1.3276e+15 2.33536e+15 3.63506e+15 5.18687e+15 6.87423e+15 8.61735e+15 1.02936e+16 1.18638e+16 1.33213e+16 1.45182e+16 1.54787e+16 1.61985e+16 1.66463e+16 1.67583e+16 0 0 0 0 0 0 0 0 0 0 0 0 0 0 0 0 0 0 0 0 0 0 0 0 0 0 0 0 0 0 0 0 
0 0 0 0 0 0 0 0 0 0 0 0 0 0 3.01934e+11 5.68041e+12 4.33526e+13 1.95402e+14 6.1959e+14 1.51013e+15 3.04395e+15 5.29898e+15 8.20906e+15 1.16778e+16 1.54974e+16 1.94735e+16 2.34562e+16 2.6971e+16 3.01243e+16 3.27071e+16 3.46409e+16 3.58317e+16 3.61921e+16 0 0 0 0 0 0 0 0 0 0 0 0 0 0 0 0 0 0 0 0 0 0 0 0 0 0 0 0 0 0 0 0 
0 0 0 0 0 0 0 0 0 0 0 0 0 0 3.61807e+10 1.73105e+12 2.03346e+13 1.22991e+14 4.86739e+14 1.42214e+15 3.30927e+15 6.48899e+15 1.1111e+16 1.71636e+16 2.43147e+16 3.21643e+16 4.02344e+16 4.82032e+16 5.52436e+16 6.13929e+16 6.58433e+16 6.83649e+16 6.94721e+16 0 0 0 0 0 0 0 0 0 0 0 0 0 0 0 0 0 0 0 0 0 0 0 0 0 0 0 0 0 0 0 0 
0 0 0 0 0 0 0 0 0 0 0 0 0 0 0 3.45078e+11 7.20037e+12 6.15583e+13 3.1142e+14 1.10416e+15 3.01202e+15 6.70797e+15 1.28125e+16 2.14847e+16 3.27687e+16 4.61786e+16 6.06785e+16 7.52902e+16 8.91552e+16 1.00736e+17 1.10038e+17 1.16107e+17 1.1797e+17 0 0 0 0 0 0 0 0 0 0 0 0 0 0 0 0 0 0 0 0 0 0 0 0 0 0 0 0 0 0 0 0 
0 0 0 0 0 0 0 0 0 0 0 0 0 0 0 3.57856e+10 1.8672e+12 2.40951e+13 1.61084e+14 7.057e+14 2.27844e+15 5.83198e+15 1.24688e+16 2.31482e+16 3.81653e+16 5.71042e+16 7.88824e+16 1.0246e+17 1.25398e+17 1.4591e+17 1.61638e+17 1.71972e+17 1.75545e+17 0 0 0 0 0 0 0 0 0 0 0 0 0 0 0 0 0 0 0 0 0 0 0 0 0 0 0 0 0 0 0 0 
0 0 0 0 0 0 0 0 0 0 0 0 0 0 0 0 3.21267e+11 7.24661e+12 6.72635e+13 3.71985e+14 1.4353e+15 4.27146e+15 1.0297e+16 2.1135e+16 3.79064e+16 6.0986e+16 8.96633e+16 1.21345e+17 1.54048e+17 1.83944e+17 2.08249e+17 2.23414e+17 2.28671e+17 0 0 0 0 0 0 0 0 0 0 0 0 0 0 0 0 0 0 0 0 0 0 0 0 0 0 0 0 0 0 0 0 
0 0 0 0 0 0 0 0 0 0 0 0 0 0 0 0 2.9286e+10 1.61394e+12 2.22876e+13 1.6023e+14 7.59229e+14 2.63429e+15 7.25537e+15 1.65333e+16 3.2476e+16 5.62812e+16 8.77663e+16 1.25034e+17 1.64364e+17 2.02514e+17 2.33594e+17 2.54343e+17 2.61147e+17 0 0 0 0 0 0 0 0 0 0 0 0 0 0 0 0 0 0 0 0 0 0 0 0 0 0 0 0 0 0 0 0 
0 0 0 0 0 0 0 0 0 0 0 0 0 0 0 0 0 2.43985e+11 5.78795e+12 5.68974e+13 3.34179e+14 1.37628e+15 4.34196e+15 1.11003e+16 2.39255e+16 4.47099e+16 7.43337e+16 1.116e+17 1.53241e+17 1.93648e+17 2.28389e+17 2.5195e+17 2.60724e+17 0 0 0 0 0 0 0 0 0 0 0 0 0 0 0 0 0 0 0 0 0 0 0 0 0 0 0 0 0 0 0 0 
0 0 0 0 0 0 0 0 0 0 0 0 0 0 0 0 0 2.00354e+10 1.12804e+12 1.6269e+13 1.22599e+14 6.08901e+14 2.21816e+15 6.38144e+15 1.5166e+16 3.0868e+16 5.47782e+16 8.68705e+16 1.24485e+17 1.63043e+17 1.96567e+17 2.19273e+17 2.27467e+17 0 0 0 0 0 0 0 0 0 0 0 0 0 0 0 0 0 0 0 0 0 0 0 0 0 0 0 0 0 0 0 0 
0 0 0 0 0 0 0 0 0 0 0 0 0 0 0 0 0 0 1.52653e+11 3.69445e+12 3.73511e+13 2.27443e+14 9.72077e+14 3.17463e+15 8.35583e+15 1.84461e+16 3.51531e+16 5.88378e+16 8.83064e+16 1.19753e+17 1.47769e+17 1.67331e+17 1.74438e+17 0 0 0 0 0 0 0 0 0 0 0 0 0 0 0 0 0 0 0 0 0 0 0 0 0 0 0 0 0 0 0 0 
0 0 0 0 0 0 0 0 0 0 0 0 0 0 0 0 0 0 1.15633e+10 6.39194e+11 9.38825e+12 7.19791e+13 3.65709e+14 1.36308e+15 3.99627e+15 9.62202e+15 1.97197e+16 3.51008e+16 5.48684e+16 7.69845e+16 9.76543e+16 1.12255e+17 1.173e+17 0 0 0 0 0 0 0 0 0 0 0 0 0 0 0 0 0 0 0 0 0 0 0 0 0 0 0 0 0 0 0 0 
0 0 0 0 0 0 0 0 0 0 0 0 0 0 0 0 0 0 0 7.8454e+10 1.88527e+12 1.92168e+13 1.18309e+14 5.09281e+14 1.68121e+15 4.43891e+15 9.76074e+15 1.84029e+16 3.0324e+16 4.39826e+16 5.70035e+16 6.6416e+16 6.9722e+16 0 0 0 0 0 0 0 0 0 0 0 0 0 0 0 0 0 0 0 0 0 0 0 0 0 0 0 0 0 0 0 0 
0 0 0 0 0 0 0 0 0 0 0 0 0 0 0 0 0 0 0 5.67029e+09 2.96798e+11 4.28262e+12 3.26806e+13 1.65706e+14 6.13834e+14 1.79398e+15 4.27177e+15 8.54447e+15 1.47566e+16 2.22689e+16 2.95716e+16 3.49982e+16 3.71299e+16 0 0 0 0 0 0 0 0 0 0 0 0 0 0 0 0 0 0 0 0 0 0 0 0 0 0 0 0 0 0 0 0 
0 0 0 0 0 0 0 0 0 0 0 0 0 0 0 0 0 0 0 0 3.32271e+10 7.75533e+11 7.77485e+12 4.69069e+13 1.99789e+14 6.44744e+14 1.66276e+15 3.56002e+15 6.42206e+15 1.00443e+16 1.37612e+16 1.65547e+16 1.75883e+16 0 0 0 0 0 0 0 0 0 0 0 0 0 0 0 0 0 0 0 0 0 0 0 0 0 0 0 0 0 0 0 0 
0 0 0 0 0 0 0 0 0 0 0 0 0 0 0 0 0 0 0 0 2.41073e+09 1.12915e+11 1.55475e+12 1.15776e+13 5.67515e+13 2.04709e+14 5.75624e+14 1.31875e+15 2.52535e+15 4.09453e+15 5.73174e+15 6.99677e+15 7.486e+15 0 0 0 0 0 0 0 0 0 0 0 0 0 0 0 0 0 0 0 0 0 0 0 0 0 0 0 0 0 0 0 0 
0 0 0 0 0 0 0 0 0 0 0 0 0 0 0 0 0 0 0 0 0 1.19621e+10 2.59489e+11 2.46722e+12 1.43293e+13 5.80808e+13 1.79749e+14 4.40376e+14 8.89884e+14 1.5058e+15 2.17021e+15 2.69596e+15 2.88287e+15 0 0 0 0 0 0 0 0 0 0 0 0 0 0 0 0 0 0 0 0 0 0 0 0 0 0 0 0 0 0 0 0 
0 0 0 0 0 0 0 0 0 0 0 0 0 0 0 0 0 0 0 0 0 9.24134e+08 3.56096e+10 4.54036e+11 3.18821e+12 1.48311e+13 5.03464e+13 1.33282e+14 2.84248e+14 5.02948e+14 7.44144e+14 9.36197e+14 1.01584e+15 0 0 0 0 0 0 0 0 0 0 0 0 0 0 0 0 0 0 0 0 0 0 0 0 0 0 0 0 0 0 0 0 
0 0 0 0 0 0 0 0 0 0 0 0 0 0 0 0 0 0 0 0 0 0 3.6759e+09 7.08467e+10 6.24026e+11 3.37773e+12 1.27883e+13 3.67657e+13 8.27684e+13 1.52629e+14 2.34733e+14 3.01076e+14 3.26235e+14 0 0 0 0 0 0 0 0 0 0 0 0 0 0 0 0 0 0 0 0 0 0 0 0 0 0 0 0 0 0 0 0 
0 0 0 0 0 0 0 0 0 0 0 0 0 0 0 0 0 0 0 0 0 0 3.25476e+08 9.58117e+09 1.07103e+11 6.83129e+11 2.92772e+12 9.16808e+12 2.22932e+13 4.28141e+13 6.7604e+13 8.83313e+13 9.67993e+13 0 0 0 0 0 0 0 0 0 0 0 0 0 0 0 0 0 0 0 0 0 0 0 0 0 0 0 0 0 0 0 0 
0 0 0 0 0 0 0 0 0 0 0 0 0 0 0 0 0 0 0 0 0 0 0 9.72295e+08 1.62822e+10 1.26641e+11 6.15838e+11 2.10877e+12 5.44429e+12 1.10397e+13 1.79647e+13 2.41481e+13 2.64254e+13 0 0 0 0 0 0 0 0 0 0 0 0 0 0 0 0 0 0 0 0 0 0 0 0 0 0 0 0 0 0 0 0 
0 0 0 0 0 0 0 0 0 0 0 0 0 0 0 0 0 0 0 0 0 0 0 1.05515e+08 2.21483e+09 2.08104e+10 1.182e+11 4.46552e+11 1.24697e+12 2.66826e+12 4.48887e+12 6.09533e+12 6.74632e+12 0 0 0 0 0 0 0 0 0 0 0 0 0 0 0 0 0 0 0 0 0 0 0 0 0 0 0 0 0 0 0 0 
0 0 0 0 0 0 0 0 0 0 0 0 0 0 0 0 0 0 0 0 0 0 0 0 2.26655e+08 3.15681e+09 2.08692e+10 8.84088e+10 2.64291e+11 5.98311e+11 1.04225e+12 1.44576e+12 1.61234e+12 0 0 0 0 0 0 0 0 0 0 0 0 0 0 0 0 0 0 0 0 0 0 0 0 0 0 0 0 0 0 0 0 
0 0 0 0 0 0 0 0 0 0 0 0 0 0 0 0 0 0 0 0 0 0 0 0 3.1746e+07 4.50612e+08 3.38853e+09 1.62774e+10 5.34639e+10 1.26544e+11 2.32461e+11 3.25456e+11 3.67139e+11 0 0 0 0 0 0 0 0 0 0 0 0 0 0 0 0 0 0 0 0 0 0 0 0 0 0 0 0 0 0 0 0 
0 0 0 0 0 0 0 0 0 0 0 0 0 0 0 0 0 0 0 0 0 0 0 0 0 4.5864e+07 5.37322e+08 2.87479e+09 1.01783e+10 2.54689e+10 4.80631e+10 7.09102e+10 7.87918e+10 0 0 0 0 0 0 0 0 0 0 0 0 0 0 0 0 0 0 0 0 0 0 0 0 0 0 0 0 0 0 0 0 
0 0 0 0 0 0 0 0 0 0 0 0 0 0 0 0 0 0 0 0 0 0 0 0 0 8.68189e+06 8.19815e+07 4.6939e+08 1.87393e+09 5.03367e+09 9.77453e+09 1.45507e+10 1.66752e+10 0 0 0 0 0 0 0 0 0 0 0 0 0 0 0 0 0 0 0 0 0 0 0 0 0 0 0 0 0 0 0 0 
0 0 0 0 0 0 0 0 0 0 0 0 0 0 0 0 0 0 0 0 0 0 0 0 0 0 7.93118e+06 8.13243e+07 3.35781e+08 9.55005e+08 1.95206e+09 2.93758e+09 3.41453e+09 0 0 0 0 0 0 0 0 0 0 0 0 0 0 0 0 0 0 0 0 0 0 0 0 0 0 0 0 0 0 0 0 
0 0 0 0 0 0 0 0 0 0 0 0 0 0 0 0 0 0 0 0 0 0 0 0 0 0 2.094e+06 1.29971e+07 5.57081e+07 1.82528e+08 3.79494e+08 5.87558e+08 6.76122e+08 0 0 0 0 0 0 0 0 0 0 0 0 0 0 0 0 0 0 0 0 0 0 0 0 0 0 0 0 0 0 0 0 
0 0 0 0 0 0 0 0 0 0 0 0 0 0 0 0 0 0 0 0 0 0 0 0 0 0 0 1.10066e+06 1.0884e+07 3.2234e+07 7.34951e+07 1.18285e+08 1.34032e+08 0 0 0 0 0 0 0 0 0 0 0 0 0 0 0 0 0 0 0 0 0 0 0 0 0 0 0 0 0 0 0 0 
0 0 0 0 0 0 0 0 0 0 0 0 0 0 0 0 0 0 0 0 0 0 0 0 0 0 0 433032 1.6999e+06 5.57401e+06 1.50756e+07 2.21312e+07 2.7915e+07 0 0 0 0 0 0 0 0 0 0 0 0 0 0 0 0 0 0 0 0 0 0 0 0 0 0 0 0 0 0 0 0 
0 0 0 0 0 0 0 0 0 0 0 0 0 0 0 0 0 0 0 0 0 0 0 0 0 0 0 0 113952 1.26495e+06 2.36489e+06 4.66449e+06 5.14541e+06 0 0 0 0 0 0 0 0 0 0 0 0 0 0 0 0 0 0 0 0 0 0 0 0 0 0 0 0 0 0 0 0 
0 0 0 0 0 0 0 0 0 0 0 0 0 0 0 0 0 0 0 0 0 0 0 0 0 0 0 0 74158.3 171375 459464 956740 934293 0 0 0 0 0 0 0 0 0 0 0 0 0 0 0 0 0 0 0 0 0 0 0 0 0 0 0 0 0 0 0 0 
0 0 0 0 0 0 0 0 0 0 0 0 0 0 0 0 0 0 0 0 0 0 0 0 0 0 0 0 0 7773.93 118071 109575 238475 0 0 0 0 0 0 0 0 0 0 0 0 0 0 0 0 0 0 0 0 0 0 0 0 0 0 0 0 0 0 0 0 
0 0 0 0 0 0 0 0 0 0 0 0 0 0 0 0 0 0 0 0 0 0 0 0 0 0 0 0 0 10032.6 11552.5 32769 37309.5 0 0 0 0 0 0 0 0 0 0 0 0 0 0 0 0 0 0 0 0 0 0 0 0 0 0 0 0 0 0 0 0 
0 0 0 0 0 0 0 0 0 0 0 0 0 0 0 0 0 0 0 0 0 0 0 0 0 0 0 0 0 0 261.267 7805.79 1989.8 0 0 0 0 0 0 0 0 0 0 0 0 0 0 0 0 0 0 0 0 0 0 0 0 0 0 0 0 0 0 0 0 
0 0 0 0 0 0 0 0 0 0 0 0 0 0 0 0 0 0 0 0 0 0 0 0 0 0 0 0 0 0 996.337 385.36 1943.14 0 0 0 0 0 0 0 0 0 0 0 0 0 0 0 0 0 0 0 0 0 0 0 0 0 0 0 0 0 0 0 0 
0 0 0 0 0 0 0 0 0 0 0 0 0 0 0 0 0 0 0 0 0 0 0 0 0 0 0 0 0 0 0 0 259.903 0 0 0 0 0 0 0 0 0 0 0 0 0 0 0 0 0 0 0 0 0 0 0 0 0 0 0 0 0 0 0 0 
0 0 0 0 0 0 0 0 0 0 0 0 0 0 0 0 0 0 0 0 0 0 0 0 0 0 0 0 0 0 0 64.2798 0 0 0 0 0 0 0 0 0 0 0 0 0 0 0 0 0 0 0 0 0 0 0 0 0 0 0 0 0 0 0 0 0 
0 0 0 0 0 0 0 0 0 0 0 0 0 0 0 0 0 0 0 0 0 0 0 0 0 0 0 0 0 0 0 0 0 0 0 0 0 0 0 0 0 0 0 0 0 0 0 0 0 0 0 0 0 0 0 0 0 0 0 0 0 0 0 0 0 
0 0 0 0 0 0 0 0 0 0 0 0 0 0 0 0 0 0 0 0 0 0 0 0 0 0 0 0 0 0 0 0 2.00874 0 0 0 0 0 0 0 0 0 0 0 0 0 0 0 0 0 0 0 0 0 0 0 0 0 0 0 0 0 0 0 0 
