1 0 0 0 0 0 0 0 0 0 0 0 0 0 0 0 0 0 0 0 0 0 0 0 0 0 0 0 0 0 0 0 0 0 0 0 0 0 0 0 0 0 0 0 0 0 0 0 0 0 0 0 0 0 0 0 0 0 0 0 0 0 0 0 0 
0 0 0 0 0 0 0 0 0 0 0 0 0 0 0 0 0 0 0 0 0 0 0 0 0 0 0 0 0 0 0 0 0 0 0 0 0 0 0 0 0 0 0 0 0 0 0 0 0 0 0 0 0 0 0 0 0 0 0 0 0 0 0 0 0 
0 64 0 0 0 0 0 0 0 0 0 0 0 0 0 0 0 0 0 0 0 0 0 0 0 0 0 0 0 0 0 0 0 0 0 0 0 0 0 0 0 0 0 0 0 0 0 0 0 0 0 0 0 0 0 0 0 0 0 0 0 0 0 0 0 
0 0 128 0 0 0 0 0 0 0 0 0 0 0 0 0 0 0 0 0 0 0 0 0 0 0 0 0 0 0 0 0 0 0 0 0 0 0 0 0 0 0 0 0 0 0 0 0 0 0 0 0 0 0 0 0 0 0 0 0 0 0 0 0 0 
0 0 1888 384.887 64.2762 0 0 0 0 0 0 0 0 0 0 0 0 0 0 0 0 0 0 0 0 0 0 0 0 0 0 0 0 0 0 0 0 0 0 0 0 0 0 0 0 0 0 0 0 0 0 0 0 0 0 0 0 0 0 0 0 0 0 0 0 
0 0 0 7166.23 1151.53 502.115 128.098 0 0 0 0 0 0 0 0 0 0 0 0 0 0 0 0 0 0 0 0 0 0 0 0 0 0 0 0 0 0 0 0 0 0 0 0 0 0 0 0 0 0 0 0 0 0 0 0 0 0 0 0 0 0 0 0 0 0 
0 0 0 34112.9 27324.3 6763.25 2542.22 1421.65 376.388 61.6046 0 0 0 0 0 0 0 0 0 0 0 0 0 0 0 0 0 0 0 0 0 0 0 0 0 0 0 0 0 0 0 0 0 0 0 0 0 0 0 0 0 0 0 0 0 0 0 0 0 0 0 0 0 0 0 
0 0 0 0 183688 97442.4 42679.6 16585.6 8372.32 4569.09 1881.19 513.186 123.033 0 0 0 0 0 0 0 0 0 0 0 0 0 0 0 0 0 0 0 0 0 0 0 0 0 0 0 0 0 0 0 0 0 0 0 0 0 0 0 0 0 0 0 0 0 0 0 0 0 0 0 0 
0 0 0 0 423148 831058 413257 222514 120098 57492 32975.3 19549.3 9485.72 4226.08 1324.94 391.776 70.9332 0 0 0 0 0 0 0 15.9968 0 0 0 0 0 0 0 16.1257 0 0 0 0 0 0 0 0 0 0 0 0 0 0 0 0 0 0 0 0 0 0 0 0 0 0 0 0 0 0 0 0 
0 0 0 0 0 2.85695e+06 3.31401e+06 1.9756e+06 1.1438e+06 722111 421498 247706 153058 93793.6 54748.4 30009.7 14392.7 6145.03 2155.93 768.969 382.213 226.189 223.261 253.666 0 253.742 248.929 251.25 239.165 243.692 246.078 253.723 0 0 0 0 0 0 0 0 0 0 0 0 0 0 0 0 0 0 0 0 0 0 0 0 0 0 0 0 0 0 0 0 0 
0 0 0 0 0 3.83179e+06 1.46338e+07 1.35819e+07 9.37463e+06 6.20234e+06 3.98233e+06 2.63008e+06 1.78207e+06 1.14774e+06 775801 506602 321262 208354 119592 70916.8 35282.2 20416.9 14259.4 10256.6 11051.2 9238.58 9233.37 9113.89 8807.39 9118.87 8801.78 8982.88 11007.1 0 0 0 0 0 0 0 0 0 0 0 0 0 0 0 0 0 0 0 0 0 0 0 0 0 0 0 0 0 0 0 0 
0 0 0 0 0 0 3.0312e+07 6.36805e+07 5.7512e+07 4.32094e+07 3.17866e+07 2.23685e+07 1.58104e+07 1.15038e+07 8.10784e+06 5.90995e+06 4.24505e+06 2.91191e+06 2.0765e+06 1.4293e+06 968545 684758 494232 371661 274922 249009 229190 216320 211825 211131 208994 208716 205870 0 0 0 0 0 0 0 0 0 0 0 0 0 0 0 0 0 0 0 0 0 0 0 0 0 0 0 0 0 0 0 0 
0 0 0 0 0 0 2.6256e+07 1.69419e+08 2.62924e+08 2.46508e+08 1.99543e+08 1.55658e+08 1.18468e+08 8.93831e+07 6.86904e+07 5.22548e+07 4.03871e+07 3.11589e+07 2.36567e+07 1.77223e+07 1.38864e+07 1.0604e+07 8.24257e+06 6.58042e+06 5.50179e+06 4.58174e+06 3.95009e+06 3.54919e+06 3.36736e+06 3.18915e+06 3.10983e+06 3.22128e+06 3.18578e+06 0 0 0 0 0 0 0 0 0 0 0 0 0 0 0 0 0 0 0 0 0 0 0 0 0 0 0 0 0 0 0 0 
0 0 0 0 0 0 0 2.3274e+08 7.84389e+08 1.06498e+09 1.03559e+09 9.06263e+08 7.49709e+08 6.04242e+08 4.8624e+08 3.9171e+08 3.12885e+08 2.52915e+08 2.04238e+08 1.66634e+08 1.34759e+08 1.09418e+08 9.28665e+07 7.65779e+07 6.54272e+07 5.65677e+07 4.95553e+07 4.39244e+07 4.14076e+07 3.88282e+07 3.80783e+07 3.6963e+07 3.75893e+07 0 0 0 0 0 0 0 0 0 0 0 0 0 0 0 0 0 0 0 0 0 0 0 0 0 0 0 0 0 0 0 0 
0 0 0 0 0 0 0 1.39579e+08 1.38602e+09 3.30223e+09 4.28594e+09 4.35149e+09 3.97481e+09 3.48702e+09 2.972e+09 2.51284e+09 2.10969e+09 1.77362e+09 1.50924e+09 1.28016e+09 1.07982e+09 9.16345e+08 7.78684e+08 6.82446e+08 5.88531e+08 5.29897e+08 4.72874e+08 4.31962e+08 4.01742e+08 3.83353e+08 3.78941e+08 3.6981e+08 3.67446e+08 0 0 0 0 0 0 0 0 0 0 0 0 0 0 0 0 0 0 0 0 0 0 0 0 0 0 0 0 0 0 0 0 
0 0 0 0 0 0 0 0 1.33898e+09 6.67375e+09 1.31219e+10 1.67618e+10 1.77644e+10 1.70913e+10 1.56702e+10 1.39974e+10 1.23505e+10 1.08794e+10 9.52474e+09 8.27249e+09 7.27452e+09 6.41792e+09 5.76266e+09 5.0871e+09 4.57477e+09 4.10817e+09 3.76927e+09 3.50547e+09 3.31072e+09 3.19465e+09 3.06868e+09 3.04968e+09 3.00543e+09 0 0 0 0 0 0 0 0 0 0 0 0 0 0 0 0 0 0 0 0 0 0 0 0 0 0 0 0 0 0 0 0 
0 0 0 0 0 0 0 0 5.85691e+08 8.31747e+09 2.84109e+10 5.04064e+10 6.46003e+10 7.03831e+10 7.08594e+10 6.77859e+10 6.27856e+10 5.7962e+10 5.25611e+10 4.74663e+10 4.33006e+10 3.96517e+10 3.5867e+10 3.24425e+10 2.94349e+10 2.74722e+10 2.57032e+10 2.44266e+10 2.29001e+10 2.24119e+10 2.17644e+10 2.15165e+10 2.15553e+10 0 0 0 0 0 0 0 0 0 0 0 0 0 0 0 0 0 0 0 0 0 0 0 0 0 0 0 0 0 0 0 0 
0 0 0 0 0 0 0 0 0 5.92165e+09 4.09392e+10 1.11368e+11 1.85781e+11 2.40939e+11 2.71081e+11 2.82907e+11 2.81401e+11 2.7245e+11 2.5789e+11 2.44345e+11 2.29008e+11 2.1421e+11 1.978e+11 1.83812e+11 1.73837e+11 1.64249e+11 1.54407e+11 1.46426e+11 1.42332e+11 1.40063e+11 1.35288e+11 1.32305e+11 1.33285e+11 0 0 0 0 0 0 0 0 0 0 0 0 0 0 0 0 0 0 0 0 0 0 0 0 0 0 0 0 0 0 0 0 
0 0 0 0 0 0 0 0 0 1.9638e+09 3.7681e+10 1.74424e+11 4.1222e+11 6.65069e+11 8.73242e+11 1.01331e+12 1.09168e+12 1.12359e+12 1.1233e+12 1.09954e+12 1.0636e+12 1.02117e+12 9.79801e+11 9.41766e+11 9.08319e+11 8.61172e+11 8.27973e+11 8.03692e+11 7.81279e+11 7.60163e+11 7.46468e+11 7.46009e+11 7.41292e+11 0 0 0 0 0 0 0 0 0 0 0 0 0 0 0 0 0 0 0 0 0 0 0 0 0 0 0 0 0 0 0 0 
0 0 0 0 0 0 0 0 0 0 2.04558e+10 1.86398e+11 6.70587e+11 1.44417e+12 2.29768e+12 3.05846e+12 3.64318e+12 4.03196e+12 4.29924e+12 4.4219e+12 4.44612e+12 4.39532e+12 4.35396e+12 4.27447e+12 4.15915e+12 4.08783e+12 4.00109e+12 3.94405e+12 3.86489e+12 3.75711e+12 3.73896e+12 3.7181e+12 3.70212e+12 0 0 0 0 0 0 0 0 0 0 0 0 0 0 0 0 0 0 0 0 0 0 0 0 0 0 0 0 0 0 0 0 
0 0 0 0 0 0 0 0 0 0 5.30711e+09 1.31172e+11 7.86475e+11 2.39189e+12 4.82777e+12 7.60391e+12 1.02524e+13 1.25381e+13 1.43402e+13 1.55156e+13 1.64908e+13 1.71007e+13 1.71993e+13 1.74634e+13 1.7504e+13 1.73787e+13 1.73445e+13 1.69809e+13 1.69276e+13 1.69168e+13 1.68383e+13 1.67119e+13 1.68103e+13 0 0 0 0 0 0 0 0 0 0 0 0 0 0 0 0 0 0 0 0 0 0 0 0 0 0 0 0 0 0 0 0 
0 0 0 0 0 0 0 0 0 0 0 5.60303e+10 6.43096e+11 2.94223e+12 7.96801e+12 1.54402e+13 2.42266e+13 3.30086e+13 4.1104e+13 4.81558e+13 5.36136e+13 5.79648e+13 6.16678e+13 6.36512e+13 6.52107e+13 6.63374e+13 6.71326e+13 6.78779e+13 6.78922e+13 6.79845e+13 6.78277e+13 6.87479e+13 6.84139e+13 0 0 0 0 0 0 0 0 0 0 0 0 0 0 0 0 0 0 0 0 0 0 0 0 0 0 0 0 0 0 0 0 
0 0 0 0 0 0 0 0 0 0 0 1.15959e+10 3.56097e+11 2.64972e+12 1.00394e+13 2.49777e+13 4.69384e+13 7.36497e+13 1.01486e+14 1.28828e+14 1.53355e+14 1.75538e+14 1.93547e+14 2.08669e+14 2.20178e+14 2.29753e+14 2.36475e+14 2.42484e+14 2.46378e+14 2.48797e+14 2.5172e+14 2.52773e+14 2.52579e+14 0 0 0 0 0 0 0 0 0 0 0 0 0 0 0 0 0 0 0 0 0 0 0 0 0 0 0 0 0 0 0 0 
0 0 0 0 0 0 0 0 0 0 0 0 1.21988e+11 1.70824e+12 9.55199e+12 3.15672e+13 7.38874e+13 1.36193e+14 2.13324e+14 2.97548e+14 3.82524e+14 4.64127e+14 5.38157e+14 6.0379e+14 6.62865e+14 7.07031e+14 7.46682e+14 7.77082e+14 8.06447e+14 8.25098e+14 8.39298e+14 8.40573e+14 8.41066e+14 0 0 0 0 0 0 0 0 0 0 0 0 0 0 0 0 0 0 0 0 0 0 0 0 0 0 0 0 0 0 0 0 
0 0 0 0 0 0 0 0 0 0 0 0 2.0746e+10 7.58914e+11 6.79083e+12 3.09969e+13 9.24196e+13 2.05322e+14 3.73093e+14 5.8392e+14 8.25464e+14 1.0715e+15 1.31722e+15 1.54827e+15 1.75935e+15 1.94816e+15 2.11844e+15 2.25654e+15 2.35871e+15 2.44312e+15 2.49155e+15 2.53043e+15 2.54682e+15 0 0 0 0 0 0 0 0 0 0 0 0 0 0 0 0 0 0 0 0 0 0 0 0 0 0 0 0 0 0 0 0 
0 0 0 0 0 0 0 0 0 0 0 0 0 2.13646e+11 3.52713e+12 2.33398e+13 9.13496e+13 2.51819e+14 5.37948e+14 9.62365e+14 1.50391e+15 2.14103e+15 2.81943e+15 3.49629e+15 4.14983e+15 4.77669e+15 5.32796e+15 5.80778e+15 6.17813e+15 6.50495e+15 6.72214e+15 6.85686e+15 6.91329e+15 0 0 0 0 0 0 0 0 0 0 0 0 0 0 0 0 0 0 0 0 0 0 0 0 0 0 0 0 0 0 0 0 
0 0 0 0 0 0 0 0 0 0 0 0 0 3.0372e+10 1.28058e+12 1.33655e+13 7.12696e+13 2.4782e+14 6.39549e+14 1.32579e+15 2.3337e+15 3.64138e+15 5.18379e+15 6.89463e+15 8.60705e+15 1.03102e+16 1.1887e+16 1.3251e+16 1.45381e+16 1.54787e+16 1.62107e+16 1.66558e+16 1.67278e+16 0 0 0 0 0 0 0 0 0 0 0 0 0 0 0 0 0 0 0 0 0 0 0 0 0 0 0 0 0 0 0 0 
0 0 0 0 0 0 0 0 0 0 0 0 0 0 3.01453e+11 5.67724e+12 4.33339e+13 1.956e+14 6.1822e+14 1.50745e+15 3.04006e+15 5.27932e+15 8.20018e+15 1.16679e+16 1.55682e+16 1.951e+16 2.33782e+16 2.70164e+16 3.02154e+16 3.27884e+16 3.47122e+16 3.57977e+16 3.62229e+16 0 0 0 0 0 0 0 0 0 0 0 0 0 0 0 0 0 0 0 0 0 0 0 0 0 0 0 0 0 0 0 0 
0 0 0 0 0 0 0 0 0 0 0 0 0 0 3.64547e+10 1.73039e+12 2.03322e+13 1.23316e+14 4.88222e+14 1.42512e+15 3.31962e+15 6.49934e+15 1.11271e+16 1.71458e+16 2.42543e+16 3.21712e+16 4.03065e+16 4.82864e+16 5.52088e+16 6.12095e+16 6.55989e+16 6.84128e+16 6.9498e+16 0 0 0 0 0 0 0 0 0 0 0 0 0 0 0 0 0 0 0 0 0 0 0 0 0 0 0 0 0 0 0 0 
0 0 0 0 0 0 0 0 0 0 0 0 0 0 0 3.44655e+11 7.20767e+12 6.14383e+13 3.10903e+14 1.1056e+15 3.00461e+15 6.70607e+15 1.27917e+16 2.15181e+16 3.2792e+16 4.60387e+16 6.05898e+16 7.50951e+16 8.89588e+16 1.0084e+17 1.10105e+17 1.161e+17 1.17773e+17 0 0 0 0 0 0 0 0 0 0 0 0 0 0 0 0 0 0 0 0 0 0 0 0 0 0 0 0 0 0 0 0 
0 0 0 0 0 0 0 0 0 0 0 0 0 0 0 3.60843e+10 1.86489e+12 2.40378e+13 1.613e+14 7.04303e+14 2.27861e+15 5.83847e+15 1.24748e+16 2.31064e+16 3.81056e+16 5.71137e+16 7.90763e+16 1.02694e+17 1.25479e+17 1.45803e+17 1.61817e+17 1.71774e+17 1.75601e+17 0 0 0 0 0 0 0 0 0 0 0 0 0 0 0 0 0 0 0 0 0 0 0 0 0 0 0 0 0 0 0 0 
0 0 0 0 0 0 0 0 0 0 0 0 0 0 0 0 3.21449e+11 7.24928e+12 6.71339e+13 3.71642e+14 1.43976e+15 4.26214e+15 1.0315e+16 2.11524e+16 3.79648e+16 6.11254e+16 8.95314e+16 1.21307e+17 1.53956e+17 1.83761e+17 2.07904e+17 2.23605e+17 2.28958e+17 0 0 0 0 0 0 0 0 0 0 0 0 0 0 0 0 0 0 0 0 0 0 0 0 0 0 0 0 0 0 0 0 
0 0 0 0 0 0 0 0 0 0 0 0 0 0 0 0 2.95393e+10 1.61739e+12 2.22473e+13 1.60401e+14 7.577e+14 2.64809e+15 7.24576e+15 1.65451e+16 3.24898e+16 5.61657e+16 8.76454e+16 1.24875e+17 1.64681e+17 2.02531e+17 2.33474e+17 2.53946e+17 2.61155e+17 0 0 0 0 0 0 0 0 0 0 0 0 0 0 0 0 0 0 0 0 0 0 0 0 0 0 0 0 0 0 0 0 
0 0 0 0 0 0 0 0 0 0 0 0 0 0 0 0 0 2.42567e+11 5.77858e+12 5.67829e+13 3.33022e+14 1.36845e+15 4.34337e+15 1.10878e+16 2.38986e+16 4.48111e+16 7.44815e+16 1.11635e+17 1.53135e+17 1.94223e+17 2.29034e+17 2.52271e+17 2.60118e+17 0 0 0 0 0 0 0 0 0 0 0 0 0 0 0 0 0 0 0 0 0 0 0 0 0 0 0 0 0 0 0 0 
0 0 0 0 0 0 0 0 0 0 0 0 0 0 0 0 0 2.02551e+10 1.13388e+12 1.62282e+13 1.22531e+14 6.079e+14 2.21928e+15 6.39157e+15 1.51491e+16 3.08068e+16 5.47495e+16 8.69278e+16 1.24387e+17 1.63018e+17 1.96383e+17 2.19561e+17 2.28102e+17 0 0 0 0 0 0 0 0 0 0 0 0 0 0 0 0 0 0 0 0 0 0 0 0 0 0 0 0 0 0 0 0 
0 0 0 0 0 0 0 0 0 0 0 0 0 0 0 0 0 0 1.5063e+11 3.68655e+12 3.74091e+13 2.27621e+14 9.68023e+14 3.17097e+15 8.37157e+15 1.84151e+16 3.51662e+16 5.88445e+16 8.84034e+16 1.19401e+17 1.47994e+17 1.67405e+17 1.74038e+17 0 0 0 0 0 0 0 0 0 0 0 0 0 0 0 0 0 0 0 0 0 0 0 0 0 0 0 0 0 0 0 0 
0 0 0 0 0 0 0 0 0 0 0 0 0 0 0 0 0 0 1.16238e+10 6.42899e+11 9.3407e+12 7.18642e+13 3.65509e+14 1.36281e+15 4.01085e+15 9.67308e+15 1.9709e+16 3.50588e+16 5.48488e+16 7.70813e+16 9.7361e+16 1.12045e+17 1.17689e+17 0 0 0 0 0 0 0 0 0 0 0 0 0 0 0 0 0 0 0 0 0 0 0 0 0 0 0 0 0 0 0 0 
0 0 0 0 0 0 0 0 0 0 0 0 0 0 0 0 0 0 0 7.75971e+10 1.88691e+12 1.92316e+13 1.17742e+14 5.07639e+14 1.66928e+15 4.43048e+15 9.76454e+15 1.8425e+16 3.02646e+16 4.39102e+16 5.70891e+16 6.64512e+16 6.97728e+16 0 0 0 0 0 0 0 0 0 0 0 0 0 0 0 0 0 0 0 0 0 0 0 0 0 0 0 0 0 0 0 0 
0 0 0 0 0 0 0 0 0 0 0 0 0 0 0 0 0 0 0 5.66117e+09 2.97534e+11 4.27416e+12 3.281e+13 1.65405e+14 6.14018e+14 1.79497e+15 4.2742e+15 8.55641e+15 1.47882e+16 2.23015e+16 2.94808e+16 3.49077e+16 3.69324e+16 0 0 0 0 0 0 0 0 0 0 0 0 0 0 0 0 0 0 0 0 0 0 0 0 0 0 0 0 0 0 0 0 
0 0 0 0 0 0 0 0 0 0 0 0 0 0 0 0 0 0 0 0 3.30063e+10 7.8177e+11 7.76531e+12 4.68902e+13 1.98705e+14 6.40438e+14 1.65723e+15 3.55505e+15 6.42621e+15 1.00501e+16 1.37481e+16 1.65682e+16 1.75701e+16 0 0 0 0 0 0 0 0 0 0 0 0 0 0 0 0 0 0 0 0 0 0 0 0 0 0 0 0 0 0 0 0 
0 0 0 0 0 0 0 0 0 0 0 0 0 0 0 0 0 0 0 0 2.4223e+09 1.12922e+11 1.5549e+12 1.15477e+13 5.67958e+13 2.03876e+14 5.76603e+14 1.31482e+15 2.51721e+15 4.09534e+15 5.75448e+15 6.97433e+15 7.45738e+15 0 0 0 0 0 0 0 0 0 0 0 0 0 0 0 0 0 0 0 0 0 0 0 0 0 0 0 0 0 0 0 0 
0 0 0 0 0 0 0 0 0 0 0 0 0 0 0 0 0 0 0 0 0 1.18116e+10 2.60805e+11 2.4678e+12 1.4325e+13 5.83014e+13 1.78561e+14 4.39298e+14 8.883e+14 1.50318e+15 2.15923e+15 2.6881e+15 2.89132e+15 0 0 0 0 0 0 0 0 0 0 0 0 0 0 0 0 0 0 0 0 0 0 0 0 0 0 0 0 0 0 0 0 
0 0 0 0 0 0 0 0 0 0 0 0 0 0 0 0 0 0 0 0 0 9.2472e+08 3.52809e+10 4.54291e+11 3.16907e+12 1.47964e+13 5.02527e+13 1.32945e+14 2.83273e+14 4.99585e+14 7.42868e+14 9.35399e+14 1.01601e+15 0 0 0 0 0 0 0 0 0 0 0 0 0 0 0 0 0 0 0 0 0 0 0 0 0 0 0 0 0 0 0 0 
0 0 0 0 0 0 0 0 0 0 0 0 0 0 0 0 0 0 0 0 0 0 3.59166e+09 7.11076e+10 6.24371e+11 3.37119e+12 1.28048e+13 3.66475e+13 8.26833e+13 1.52638e+14 2.34132e+14 3.01635e+14 3.2534e+14 0 0 0 0 0 0 0 0 0 0 0 0 0 0 0 0 0 0 0 0 0 0 0 0 0 0 0 0 0 0 0 0 
0 0 0 0 0 0 0 0 0 0 0 0 0 0 0 0 0 0 0 0 0 0 3.20937e+08 9.36149e+09 1.07592e+11 6.88817e+11 2.94017e+12 9.19518e+12 2.21185e+13 4.28211e+13 6.75186e+13 8.80563e+13 9.67331e+13 0 0 0 0 0 0 0 0 0 0 0 0 0 0 0 0 0 0 0 0 0 0 0 0 0 0 0 0 0 0 0 0 
0 0 0 0 0 0 0 0 0 0 0 0 0 0 0 0 0 0 0 0 0 0 0 9.49962e+08 1.62045e+10 1.27049e+11 6.17496e+11 2.12452e+12 5.47525e+12 1.10844e+13 1.80055e+13 2.41103e+13 2.64126e+13 0 0 0 0 0 0 0 0 0 0 0 0 0 0 0 0 0 0 0 0 0 0 0 0 0 0 0 0 0 0 0 0 
0 0 0 0 0 0 0 0 0 0 0 0 0 0 0 0 0 0 0 0 0 0 0 1.04133e+08 2.16847e+09 2.09492e+10 1.18334e+11 4.48408e+11 1.2476e+12 2.66025e+12 4.48583e+12 6.09955e+12 6.75029e+12 0 0 0 0 0 0 0 0 0 0 0 0 0 0 0 0 0 0 0 0 0 0 0 0 0 0 0 0 0 0 0 0 
0 0 0 0 0 0 0 0 0 0 0 0 0 0 0 0 0 0 0 0 0 0 0 0 2.21107e+08 3.1522e+09 2.11258e+10 8.84035e+10 2.65695e+11 5.99591e+11 1.04716e+12 1.45044e+12 1.61235e+12 0 0 0 0 0 0 0 0 0 0 0 0 0 0 0 0 0 0 0 0 0 0 0 0 0 0 0 0 0 0 0 0 
0 0 0 0 0 0 0 0 0 0 0 0 0 0 0 0 0 0 0 0 0 0 0 0 3.11639e+07 4.4014e+08 3.44352e+09 1.64961e+10 5.32313e+10 1.26504e+11 2.3055e+11 3.26503e+11 3.65604e+11 0 0 0 0 0 0 0 0 0 0 0 0 0 0 0 0 0 0 0 0 0 0 0 0 0 0 0 0 0 0 0 0 
0 0 0 0 0 0 0 0 0 0 0 0 0 0 0 0 0 0 0 0 0 0 0 0 0 4.48903e+07 5.34452e+08 2.90559e+09 1.01899e+10 2.55451e+10 4.84835e+10 7.06576e+10 7.94784e+10 0 0 0 0 0 0 0 0 0 0 0 0 0 0 0 0 0 0 0 0 0 0 0 0 0 0 0 0 0 0 0 0 
0 0 0 0 0 0 0 0 0 0 0 0 0 0 0 0 0 0 0 0 0 0 0 0 0 8.54626e+06 8.03647e+07 4.71372e+08 1.88824e+09 5.0602e+09 9.8022e+09 1.46451e+10 1.66507e+10 0 0 0 0 0 0 0 0 0 0 0 0 0 0 0 0 0 0 0 0 0 0 0 0 0 0 0 0 0 0 0 0 
0 0 0 0 0 0 0 0 0 0 0 0 0 0 0 0 0 0 0 0 0 0 0 0 0 0 7.74521e+06 7.96468e+07 3.38647e+08 9.4371e+08 1.97452e+09 2.94544e+09 3.42584e+09 0 0 0 0 0 0 0 0 0 0 0 0 0 0 0 0 0 0 0 0 0 0 0 0 0 0 0 0 0 0 0 0 
0 0 0 0 0 0 0 0 0 0 0 0 0 0 0 0 0 0 0 0 0 0 0 0 0 0 2.05265e+06 1.27282e+07 5.57014e+07 1.82223e+08 3.79236e+08 5.93475e+08 6.79973e+08 0 0 0 0 0 0 0 0 0 0 0 0 0 0 0 0 0 0 0 0 0 0 0 0 0 0 0 0 0 0 0 0 
0 0 0 0 0 0 0 0 0 0 0 0 0 0 0 0 0 0 0 0 0 0 0 0 0 0 0 1.07959e+06 1.07754e+07 3.26384e+07 7.25182e+07 1.1983e+08 1.36911e+08 0 0 0 0 0 0 0 0 0 0 0 0 0 0 0 0 0 0 0 0 0 0 0 0 0 0 0 0 0 0 0 0 
0 0 0 0 0 0 0 0 0 0 0 0 0 0 0 0 0 0 0 0 0 0 0 0 0 0 0 423712 1.67388e+06 5.48658e+06 1.50525e+07 2.19137e+07 2.85957e+07 0 0 0 0 0 0 0 0 0 0 0 0 0 0 0 0 0 0 0 0 0 0 0 0 0 0 0 0 0 0 0 0 
0 0 0 0 0 0 0 0 0 0 0 0 0 0 0 0 0 0 0 0 0 0 0 0 0 0 0 0 111420 1.2525e+06 2.40525e+06 4.65283e+06 5.1973e+06 0 0 0 0 0 0 0 0 0 0 0 0 0 0 0 0 0 0 0 0 0 0 0 0 0 0 0 0 0 0 0 0 
0 0 0 0 0 0 0 0 0 0 0 0 0 0 0 0 0 0 0 0 0 0 0 0 0 0 0 0 72706 168651 451461 955926 933637 0 0 0 0 0 0 0 0 0 0 0 0 0 0 0 0 0 0 0 0 0 0 0 0 0 0 0 0 0 0 0 0 
0 0 0 0 0 0 0 0 0 0 0 0 0 0 0 0 0 0 0 0 0 0 0 0 0 0 0 0 0 7500.91 115833 111055 239980 0 0 0 0 0 0 0 0 0 0 0 0 0 0 0 0 0 0 0 0 0 0 0 0 0 0 0 0 0 0 0 0 
0 0 0 0 0 0 0 0 0 0 0 0 0 0 0 0 0 0 0 0 0 0 0 0 0 0 0 0 0 9844.39 11295.1 31900.3 36957 0 0 0 0 0 0 0 0 0 0 0 0 0 0 0 0 0 0 0 0 0 0 0 0 0 0 0 0 0 0 0 0 
0 0 0 0 0 0 0 0 0 0 0 0 0 0 0 0 0 0 0 0 0 0 0 0 0 0 0 0 0 0 250.308 7600.04 2033.09 0 0 0 0 0 0 0 0 0 0 0 0 0 0 0 0 0 0 0 0 0 0 0 0 0 0 0 0 0 0 0 0 
0 0 0 0 0 0 0 0 0 0 0 0 0 0 0 0 0 0 0 0 0 0 0 0 0 0 0 0 0 0 978.434 376.245 1896.77 0 0 0 0 0 0 0 0 0 0 0 0 0 0 0 0 0 0 0 0 0 0 0 0 0 0 0 0 0 0 0 0 
0 0 0 0 0 0 0 0 0 0 0 0 0 0 0 0 0 0 0 0 0 0 0 0 0 0 0 0 0 0 0 0 252.425 0 0 0 0 0 0 0 0 0 0 0 0 0 0 0 0 0 0 0 0 0 0 0 0 0 0 0 0 0 0 0 0 
0 0 0 0 0 0 0 0 0 0 0 0 0 0 0 0 0 0 0 0 0 0 0 0 0 0 0 0 0 0 0 63.1248 0 0 0 0 0 0 0 0 0 0 0 0 0 0 0 0 0 0 0 0 0 0 0 0 0 0 0 0 0 0 0 0 0 
0 0 0 0 0 0 0 0 0 0 0 0 0 0 0 0 0 0 0 0 0 0 0 0 0 0 0 0 0 0 0 0 0 0 0 0 0 0 0 0 0 0 0 0 0 0 0 0 0 0 0 0 0 0 0 0 0 0 0 0 0 0 0 0 0 
0 0 0 0 0 0 0 0 0 0 0 0 0 0 0 0 0 0 0 0 0 0 0 0 0 0 0 0 0 0 0 0 1.97265 0 0 0 0 0 0 0 0 0 0 0 0 0 0 0 0 0 0 0 0 0 0 0 0 0 0 0 0 0 0 0 0 
