1 0 0 0 0 0 0 0 0 0 0 0 0 0 0 0 0 0 0 0 0 0 0 0 0 0 0 0 0 0 0 0 0 0 0 0 0 0 0 0 0 0 0 0 0 0 0 0 0 0 0 0 0 0 0 0 0 0 0 0 0 0 0 0 0 
0 0 0 0 0 0 0 0 0 0 0 0 0 0 0 0 0 0 0 0 0 0 0 0 0 0 0 0 0 0 0 0 0 0 0 0 0 0 0 0 0 0 0 0 0 0 0 0 0 0 0 0 0 0 0 0 0 0 0 0 0 0 0 0 0 
0 64 0 0 0 0 0 0 0 0 0 0 0 0 0 0 0 0 0 0 0 0 0 0 0 0 0 0 0 0 0 0 0 0 0 0 0 0 0 0 0 0 0 0 0 0 0 0 0 0 0 0 0 0 0 0 0 0 0 0 0 0 0 0 0 
0 0 128 0 0 0 0 0 0 0 0 0 0 0 0 0 0 0 0 0 0 0 0 0 0 0 0 0 0 0 0 0 0 0 0 0 0 0 0 0 0 0 0 0 0 0 0 0 0 0 0 0 0 0 0 0 0 0 0 0 0 0 0 0 0 
0 0 1888 384.447 64.1546 0 0 0 0 0 0 0 0 0 0 0 0 0 0 0 0 0 0 0 0 0 0 0 0 0 0 0 0 0 0 0 0 0 0 0 0 0 0 0 0 0 0 0 0 0 0 0 0 0 0 0 0 0 0 0 0 0 0 0 0 
0 0 0 7167.11 1162.67 515.421 129.827 0 0 0 0 0 0 0 0 0 0 0 0 0 0 0 0 0 0 0 0 0 0 0 0 0 0 0 0 0 0 0 0 0 0 0 0 0 0 0 0 0 0 0 0 0 0 0 0 0 0 0 0 0 0 0 0 0 0 
0 0 0 34112.4 27135.8 6809.86 2509.64 1388.32 393.856 62.7003 0 0 0 0 0 0 0 0 0 0 0 0 0 0 0 0 0 0 0 0 0 0 0 0 0 0 0 0 0 0 0 0 0 0 0 0 0 0 0 0 0 0 0 0 0 0 0 0 0 0 0 0 0 0 0 
0 0 0 0 184032 96955 42940 17039.6 8591.76 4681.92 1964.91 484.081 136.695 0 0 0 0 0 0 0 0 0 0 0 0 0 0 0 0 0 0 0 0 0 0 0 0 0 0 0 0 0 0 0 0 0 0 0 0 0 0 0 0 0 0 0 0 0 0 0 0 0 0 0 0 
0 0 0 0 422982 827675 411799 222078 120291 60324.3 33174.2 19290.9 9889.88 4378.49 1396.26 379.784 90.4201 0 0 0 0 0 0 0 16.3357 0 0 0 0 0 0 0 16.3267 0 0 0 0 0 0 0 0 0 0 0 0 0 0 0 0 0 0 0 0 0 0 0 0 0 0 0 0 0 0 0 0 
0 0 0 0 0 2.86493e+06 3.32926e+06 1.97921e+06 1.14071e+06 709586 420955 249987 154351 91919.2 56418.8 29545 14188.8 5994.12 2033.27 744.717 387.933 286.593 230.753 260.414 0 265.475 265.697 239.931 270.581 253.576 263.438 277.815 0 0 0 0 0 0 0 0 0 0 0 0 0 0 0 0 0 0 0 0 0 0 0 0 0 0 0 0 0 0 0 0 0 
0 0 0 0 0 3.82763e+06 1.45927e+07 1.35101e+07 9.31295e+06 6.10674e+06 4.07639e+06 2.69774e+06 1.79835e+06 1.18521e+06 783456 507012 328132 207852 121485 68664.4 36255 20391.2 14205.6 11447.1 12098.4 9836.94 9708.23 9222 9605.88 9315.43 9144.03 9518.98 10918.3 0 0 0 0 0 0 0 0 0 0 0 0 0 0 0 0 0 0 0 0 0 0 0 0 0 0 0 0 0 0 0 0 
0 0 0 0 0 0 3.0353e+07 6.37949e+07 5.74906e+07 4.33398e+07 3.1464e+07 2.25199e+07 1.60272e+07 1.15233e+07 8.26439e+06 5.89966e+06 4.12678e+06 2.88597e+06 2.11569e+06 1.47797e+06 1.03047e+06 692695 484872 369510 275235 248492 231215 223596 225811 224375 210753 207530 208311 0 0 0 0 0 0 0 0 0 0 0 0 0 0 0 0 0 0 0 0 0 0 0 0 0 0 0 0 0 0 0 0 
0 0 0 0 0 0 2.6242e+07 1.69264e+08 2.6319e+08 2.45686e+08 1.99845e+08 1.56619e+08 1.20238e+08 9.12719e+07 6.91606e+07 5.2653e+07 4.01674e+07 3.10585e+07 2.35731e+07 1.79741e+07 1.36108e+07 1.05479e+07 8.47286e+06 6.57868e+06 5.44219e+06 4.62594e+06 4.03402e+06 3.72825e+06 3.46696e+06 3.26357e+06 3.12726e+06 3.144e+06 3.21986e+06 0 0 0 0 0 0 0 0 0 0 0 0 0 0 0 0 0 0 0 0 0 0 0 0 0 0 0 0 0 0 0 0 
0 0 0 0 0 0 0 2.32977e+08 7.84307e+08 1.06784e+09 1.04156e+09 9.03178e+08 7.45296e+08 6.10937e+08 4.88075e+08 3.89302e+08 3.17745e+08 2.56586e+08 2.07945e+08 1.68602e+08 1.36576e+08 1.12422e+08 9.2261e+07 7.72885e+07 6.43073e+07 5.68187e+07 5.06609e+07 4.68222e+07 4.25709e+07 3.95535e+07 3.80431e+07 3.73737e+07 3.78284e+07 0 0 0 0 0 0 0 0 0 0 0 0 0 0 0 0 0 0 0 0 0 0 0 0 0 0 0 0 0 0 0 0 
0 0 0 0 0 0 0 1.39451e+08 1.38541e+09 3.30112e+09 4.26697e+09 4.33015e+09 3.97722e+09 3.48795e+09 2.98183e+09 2.52487e+09 2.13909e+09 1.79177e+09 1.51235e+09 1.26786e+09 1.06916e+09 9.18171e+08 8.00233e+08 6.78256e+08 6.00612e+08 5.42156e+08 4.87388e+08 4.49368e+08 4.17934e+08 3.88794e+08 3.79196e+08 3.70024e+08 3.74874e+08 0 0 0 0 0 0 0 0 0 0 0 0 0 0 0 0 0 0 0 0 0 0 0 0 0 0 0 0 0 0 0 0 
0 0 0 0 0 0 0 0 1.33987e+09 6.66777e+09 1.31617e+10 1.67911e+10 1.76345e+10 1.70127e+10 1.57558e+10 1.40872e+10 1.24052e+10 1.08938e+10 9.51773e+09 8.37843e+09 7.28194e+09 6.48623e+09 5.73711e+09 5.09144e+09 4.60017e+09 4.19105e+09 3.83756e+09 3.56211e+09 3.31865e+09 3.18827e+09 3.10725e+09 3.04702e+09 3.04378e+09 0 0 0 0 0 0 0 0 0 0 0 0 0 0 0 0 0 0 0 0 0 0 0 0 0 0 0 0 0 0 0 0 
0 0 0 0 0 0 0 0 5.8531e+08 8.32222e+09 2.8375e+10 5.03781e+10 6.45869e+10 7.01902e+10 7.06077e+10 6.80278e+10 6.32213e+10 5.83287e+10 5.31338e+10 4.78082e+10 4.37365e+10 3.96418e+10 3.59172e+10 3.25446e+10 2.99807e+10 2.78828e+10 2.61284e+10 2.45266e+10 2.34812e+10 2.24947e+10 2.17275e+10 2.16367e+10 2.17496e+10 0 0 0 0 0 0 0 0 0 0 0 0 0 0 0 0 0 0 0 0 0 0 0 0 0 0 0 0 0 0 0 0 
0 0 0 0 0 0 0 0 0 5.92512e+09 4.09156e+10 1.1138e+11 1.86729e+11 2.41404e+11 2.72186e+11 2.84318e+11 2.8298e+11 2.72602e+11 2.59305e+11 2.45064e+11 2.2793e+11 2.13928e+11 1.98974e+11 1.8686e+11 1.76153e+11 1.64267e+11 1.56385e+11 1.49276e+11 1.42584e+11 1.39047e+11 1.35615e+11 1.34119e+11 1.32445e+11 0 0 0 0 0 0 0 0 0 0 0 0 0 0 0 0 0 0 0 0 0 0 0 0 0 0 0 0 0 0 0 0 
0 0 0 0 0 0 0 0 0 1.96061e+09 3.77136e+10 1.7433e+11 4.11023e+11 6.67396e+11 8.7463e+11 1.0124e+12 1.09542e+12 1.1246e+12 1.13383e+12 1.11045e+12 1.07707e+12 1.033e+12 9.9075e+11 9.51969e+11 9.03563e+11 8.69177e+11 8.32304e+11 8.06598e+11 7.81739e+11 7.65218e+11 7.58502e+11 7.49937e+11 7.42704e+11 0 0 0 0 0 0 0 0 0 0 0 0 0 0 0 0 0 0 0 0 0 0 0 0 0 0 0 0 0 0 0 0 
0 0 0 0 0 0 0 0 0 0 2.04771e+10 1.86538e+11 6.70647e+11 1.44385e+12 2.29626e+12 3.0542e+12 3.62285e+12 4.04011e+12 4.30124e+12 4.43382e+12 4.46853e+12 4.41969e+12 4.36926e+12 4.29369e+12 4.20089e+12 4.09384e+12 3.98824e+12 3.90865e+12 3.85306e+12 3.79018e+12 3.7318e+12 3.68573e+12 3.70967e+12 0 0 0 0 0 0 0 0 0 0 0 0 0 0 0 0 0 0 0 0 0 0 0 0 0 0 0 0 0 0 0 0 
0 0 0 0 0 0 0 0 0 0 5.28568e+09 1.31242e+11 7.86491e+11 2.38466e+12 4.82852e+12 7.61356e+12 1.02976e+13 1.25486e+13 1.42362e+13 1.55908e+13 1.654e+13 1.70703e+13 1.73196e+13 1.74644e+13 1.74126e+13 1.74632e+13 1.73758e+13 1.7283e+13 1.71682e+13 1.68563e+13 1.69504e+13 1.67345e+13 1.68037e+13 0 0 0 0 0 0 0 0 0 0 0 0 0 0 0 0 0 0 0 0 0 0 0 0 0 0 0 0 0 0 0 0 
0 0 0 0 0 0 0 0 0 0 0 5.594e+10 6.43744e+11 2.94805e+12 7.9625e+12 1.54472e+13 2.42159e+13 3.3083e+13 4.11638e+13 4.79248e+13 5.34913e+13 5.78907e+13 6.12257e+13 6.37873e+13 6.52976e+13 6.66436e+13 6.75848e+13 6.79134e+13 6.78588e+13 6.85558e+13 6.81174e+13 6.82558e+13 6.81803e+13 0 0 0 0 0 0 0 0 0 0 0 0 0 0 0 0 0 0 0 0 0 0 0 0 0 0 0 0 0 0 0 0 
0 0 0 0 0 0 0 0 0 0 0 1.1581e+10 3.55831e+11 2.64819e+12 1.00349e+13 2.49307e+13 4.69889e+13 7.37388e+13 1.01889e+14 1.28857e+14 1.53684e+14 1.74819e+14 1.93461e+14 2.07994e+14 2.21083e+14 2.29888e+14 2.37645e+14 2.43159e+14 2.46709e+14 2.49432e+14 2.50505e+14 2.52041e+14 2.5136e+14 0 0 0 0 0 0 0 0 0 0 0 0 0 0 0 0 0 0 0 0 0 0 0 0 0 0 0 0 0 0 0 0 
0 0 0 0 0 0 0 0 0 0 0 0 1.22037e+11 1.70875e+12 9.56923e+12 3.16071e+13 7.37285e+13 1.35723e+14 2.13105e+14 2.97657e+14 3.83453e+14 4.64564e+14 5.37493e+14 6.0477e+14 6.6335e+14 7.1122e+14 7.46241e+14 7.79393e+14 8.07942e+14 8.21797e+14 8.35562e+14 8.40745e+14 8.40665e+14 0 0 0 0 0 0 0 0 0 0 0 0 0 0 0 0 0 0 0 0 0 0 0 0 0 0 0 0 0 0 0 0 
0 0 0 0 0 0 0 0 0 0 0 0 2.06312e+10 7.5944e+11 6.78145e+12 3.09784e+13 9.23513e+13 2.05432e+14 3.72105e+14 5.84359e+14 8.22738e+14 1.07567e+15 1.32018e+15 1.55848e+15 1.7657e+15 1.95584e+15 2.11457e+15 2.25009e+15 2.3597e+15 2.43773e+15 2.48908e+15 2.53357e+15 2.54751e+15 0 0 0 0 0 0 0 0 0 0 0 0 0 0 0 0 0 0 0 0 0 0 0 0 0 0 0 0 0 0 0 0 
0 0 0 0 0 0 0 0 0 0 0 0 0 2.13561e+11 3.52548e+12 2.33697e+13 9.15625e+13 2.51907e+14 5.38857e+14 9.61637e+14 1.50551e+15 2.13406e+15 2.81435e+15 3.48965e+15 4.15345e+15 4.76571e+15 5.33455e+15 5.80831e+15 6.19201e+15 6.50924e+15 6.74309e+15 6.84788e+15 6.90111e+15 0 0 0 0 0 0 0 0 0 0 0 0 0 0 0 0 0 0 0 0 0 0 0 0 0 0 0 0 0 0 0 0 
0 0 0 0 0 0 0 0 0 0 0 0 0 3.01538e+10 1.28247e+12 1.335e+13 7.12914e+13 2.47988e+14 6.39715e+14 1.32549e+15 2.33208e+15 3.64044e+15 5.20055e+15 6.86998e+15 8.59571e+15 1.0318e+16 1.18887e+16 1.32892e+16 1.45043e+16 1.54489e+16 1.61887e+16 1.66289e+16 1.67288e+16 0 0 0 0 0 0 0 0 0 0 0 0 0 0 0 0 0 0 0 0 0 0 0 0 0 0 0 0 0 0 0 0 
0 0 0 0 0 0 0 0 0 0 0 0 0 0 3.01898e+11 5.67684e+12 4.32396e+13 1.95766e+14 6.18183e+14 1.50967e+15 3.04589e+15 5.29575e+15 8.19042e+15 1.17065e+16 1.55332e+16 1.94983e+16 2.34052e+16 2.70177e+16 3.01937e+16 3.2806e+16 3.46405e+16 3.58453e+16 3.62198e+16 0 0 0 0 0 0 0 0 0 0 0 0 0 0 0 0 0 0 0 0 0 0 0 0 0 0 0 0 0 0 0 0 
0 0 0 0 0 0 0 0 0 0 0 0 0 0 3.62345e+10 1.72865e+12 2.03561e+13 1.23021e+14 4.87996e+14 1.42407e+15 3.31252e+15 6.48454e+15 1.11299e+16 1.71116e+16 2.43648e+16 3.21835e+16 4.02967e+16 4.81396e+16 5.5367e+16 6.14228e+16 6.59509e+16 6.86181e+16 6.9723e+16 0 0 0 0 0 0 0 0 0 0 0 0 0 0 0 0 0 0 0 0 0 0 0 0 0 0 0 0 0 0 0 0 
0 0 0 0 0 0 0 0 0 0 0 0 0 0 0 3.44892e+11 7.20444e+12 6.14578e+13 3.11031e+14 1.10346e+15 3.00794e+15 6.70366e+15 1.27706e+16 2.1554e+16 3.26933e+16 4.60693e+16 6.05047e+16 7.5222e+16 8.89767e+16 1.00863e+17 1.1004e+17 1.15979e+17 1.17678e+17 0 0 0 0 0 0 0 0 0 0 0 0 0 0 0 0 0 0 0 0 0 0 0 0 0 0 0 0 0 0 0 0 
0 0 0 0 0 0 0 0 0 0 0 0 0 0 0 3.59652e+10 1.8604e+12 2.40707e+13 1.61064e+14 7.06071e+14 2.27801e+15 5.84665e+15 1.24805e+16 2.30706e+16 3.81098e+16 5.70902e+16 7.91741e+16 1.02569e+17 1.25147e+17 1.45602e+17 1.616e+17 1.71591e+17 1.75276e+17 0 0 0 0 0 0 0 0 0 0 0 0 0 0 0 0 0 0 0 0 0 0 0 0 0 0 0 0 0 0 0 0 
0 0 0 0 0 0 0 0 0 0 0 0 0 0 0 0 3.21576e+11 7.24494e+12 6.71958e+13 3.71094e+14 1.4401e+15 4.26114e+15 1.03228e+16 2.11639e+16 3.79604e+16 6.09436e+16 8.96393e+16 1.21403e+17 1.54141e+17 1.8348e+17 2.07573e+17 2.23451e+17 2.29011e+17 0 0 0 0 0 0 0 0 0 0 0 0 0 0 0 0 0 0 0 0 0 0 0 0 0 0 0 0 0 0 0 0 
0 0 0 0 0 0 0 0 0 0 0 0 0 0 0 0 2.95159e+10 1.61687e+12 2.23002e+13 1.60689e+14 7.56702e+14 2.63882e+15 7.25643e+15 1.65589e+16 3.25326e+16 5.64385e+16 8.73439e+16 1.25038e+17 1.64624e+17 2.0279e+17 2.33773e+17 2.54353e+17 2.61239e+17 0 0 0 0 0 0 0 0 0 0 0 0 0 0 0 0 0 0 0 0 0 0 0 0 0 0 0 0 0 0 0 0 
0 0 0 0 0 0 0 0 0 0 0 0 0 0 0 0 0 2.45383e+11 5.79406e+12 5.67933e+13 3.33595e+14 1.37638e+15 4.33061e+15 1.10935e+16 2.38592e+16 4.46872e+16 7.46552e+16 1.11513e+17 1.53201e+17 1.94186e+17 2.29314e+17 2.52244e+17 2.60716e+17 0 0 0 0 0 0 0 0 0 0 0 0 0 0 0 0 0 0 0 0 0 0 0 0 0 0 0 0 0 0 0 0 
0 0 0 0 0 0 0 0 0 0 0 0 0 0 0 0 0 2.01913e+10 1.13057e+12 1.62491e+13 1.22721e+14 6.0697e+14 2.21794e+15 6.36444e+15 1.51893e+16 3.07906e+16 5.47366e+16 8.68663e+16 1.24489e+17 1.62941e+17 1.96425e+17 2.1948e+17 2.27568e+17 0 0 0 0 0 0 0 0 0 0 0 0 0 0 0 0 0 0 0 0 0 0 0 0 0 0 0 0 0 0 0 0 
0 0 0 0 0 0 0 0 0 0 0 0 0 0 0 0 0 0 1.53207e+11 3.69338e+12 3.73733e+13 2.27428e+14 9.72545e+14 3.17844e+15 8.34959e+15 1.84699e+16 3.51155e+16 5.88956e+16 8.82016e+16 1.19466e+17 1.47289e+17 1.67219e+17 1.74179e+17 0 0 0 0 0 0 0 0 0 0 0 0 0 0 0 0 0 0 0 0 0 0 0 0 0 0 0 0 0 0 0 0 
0 0 0 0 0 0 0 0 0 0 0 0 0 0 0 0 0 0 1.16221e+10 6.41228e+11 9.3443e+12 7.20334e+13 3.64998e+14 1.36542e+15 4.00086e+15 9.65062e+15 1.97672e+16 3.50272e+16 5.49861e+16 7.71719e+16 9.7752e+16 1.12103e+17 1.17235e+17 0 0 0 0 0 0 0 0 0 0 0 0 0 0 0 0 0 0 0 0 0 0 0 0 0 0 0 0 0 0 0 0 
0 0 0 0 0 0 0 0 0 0 0 0 0 0 0 0 0 0 0 7.88879e+10 1.88639e+12 1.92358e+13 1.18075e+14 5.09614e+14 1.67873e+15 4.42445e+15 9.75934e+15 1.84341e+16 3.02308e+16 4.39812e+16 5.70077e+16 6.63121e+16 6.99683e+16 0 0 0 0 0 0 0 0 0 0 0 0 0 0 0 0 0 0 0 0 0 0 0 0 0 0 0 0 0 0 0 0 
0 0 0 0 0 0 0 0 0 0 0 0 0 0 0 0 0 0 0 5.64738e+09 2.96382e+11 4.25242e+12 3.27407e+13 1.65709e+14 6.15811e+14 1.7966e+15 4.26303e+15 8.55898e+15 1.47916e+16 2.21528e+16 2.96472e+16 3.51743e+16 3.7004e+16 0 0 0 0 0 0 0 0 0 0 0 0 0 0 0 0 0 0 0 0 0 0 0 0 0 0 0 0 0 0 0 0 
0 0 0 0 0 0 0 0 0 0 0 0 0 0 0 0 0 0 0 0 3.34568e+10 7.78675e+11 7.77863e+12 4.67217e+13 1.99295e+14 6.43744e+14 1.6611e+15 3.55301e+15 6.41885e+15 1.00892e+16 1.37064e+16 1.65057e+16 1.76352e+16 0 0 0 0 0 0 0 0 0 0 0 0 0 0 0 0 0 0 0 0 0 0 0 0 0 0 0 0 0 0 0 0 
0 0 0 0 0 0 0 0 0 0 0 0 0 0 0 0 0 0 0 0 2.40821e+09 1.12836e+11 1.54399e+12 1.15833e+13 5.66703e+13 2.05014e+14 5.77485e+14 1.31794e+15 2.5145e+15 4.09772e+15 5.73633e+15 6.98348e+15 7.47104e+15 0 0 0 0 0 0 0 0 0 0 0 0 0 0 0 0 0 0 0 0 0 0 0 0 0 0 0 0 0 0 0 0 
0 0 0 0 0 0 0 0 0 0 0 0 0 0 0 0 0 0 0 0 0 1.19897e+10 2.60899e+11 2.47783e+12 1.43262e+13 5.81503e+13 1.79996e+14 4.38849e+14 8.89542e+14 1.50145e+15 2.16679e+15 2.67848e+15 2.87504e+15 0 0 0 0 0 0 0 0 0 0 0 0 0 0 0 0 0 0 0 0 0 0 0 0 0 0 0 0 0 0 0 0 
0 0 0 0 0 0 0 0 0 0 0 0 0 0 0 0 0 0 0 0 0 9.12987e+08 3.55219e+10 4.5139e+11 3.17742e+12 1.48068e+13 5.02997e+13 1.34092e+14 2.84668e+14 5.00168e+14 7.44731e+14 9.38978e+14 1.00925e+15 0 0 0 0 0 0 0 0 0 0 0 0 0 0 0 0 0 0 0 0 0 0 0 0 0 0 0 0 0 0 0 0 
0 0 0 0 0 0 0 0 0 0 0 0 0 0 0 0 0 0 0 0 0 0 3.66982e+09 7.1456e+10 6.28396e+11 3.36353e+12 1.27379e+13 3.65252e+13 8.28088e+13 1.53281e+14 2.33093e+14 3.01169e+14 3.26087e+14 0 0 0 0 0 0 0 0 0 0 0 0 0 0 0 0 0 0 0 0 0 0 0 0 0 0 0 0 0 0 0 0 
0 0 0 0 0 0 0 0 0 0 0 0 0 0 0 0 0 0 0 0 0 0 3.21259e+08 9.43419e+09 1.06945e+11 6.86817e+11 2.94907e+12 9.17457e+12 2.22146e+13 4.27562e+13 6.75998e+13 8.82058e+13 9.63584e+13 0 0 0 0 0 0 0 0 0 0 0 0 0 0 0 0 0 0 0 0 0 0 0 0 0 0 0 0 0 0 0 0 
0 0 0 0 0 0 0 0 0 0 0 0 0 0 0 0 0 0 0 0 0 0 0 9.65321e+08 1.62132e+10 1.26929e+11 6.17528e+11 2.10873e+12 5.45951e+12 1.10684e+13 1.8049e+13 2.3976e+13 2.66303e+13 0 0 0 0 0 0 0 0 0 0 0 0 0 0 0 0 0 0 0 0 0 0 0 0 0 0 0 0 0 0 0 0 
0 0 0 0 0 0 0 0 0 0 0 0 0 0 0 0 0 0 0 0 0 0 0 1.04073e+08 2.17638e+09 2.08334e+10 1.18289e+11 4.53358e+11 1.24817e+12 2.65958e+12 4.49713e+12 6.10671e+12 6.75941e+12 0 0 0 0 0 0 0 0 0 0 0 0 0 0 0 0 0 0 0 0 0 0 0 0 0 0 0 0 0 0 0 0 
0 0 0 0 0 0 0 0 0 0 0 0 0 0 0 0 0 0 0 0 0 0 0 0 2.23591e+08 3.15449e+09 2.09672e+10 8.8871e+10 2.67626e+11 6.05714e+11 1.0487e+12 1.45072e+12 1.62601e+12 0 0 0 0 0 0 0 0 0 0 0 0 0 0 0 0 0 0 0 0 0 0 0 0 0 0 0 0 0 0 0 0 
0 0 0 0 0 0 0 0 0 0 0 0 0 0 0 0 0 0 0 0 0 0 0 0 3.13484e+07 4.45595e+08 3.37121e+09 1.63979e+10 5.34617e+10 1.2709e+11 2.32212e+11 3.27605e+11 3.66843e+11 0 0 0 0 0 0 0 0 0 0 0 0 0 0 0 0 0 0 0 0 0 0 0 0 0 0 0 0 0 0 0 0 
0 0 0 0 0 0 0 0 0 0 0 0 0 0 0 0 0 0 0 0 0 0 0 0 0 4.52698e+07 5.32351e+08 2.90445e+09 1.01913e+10 2.61669e+10 4.91227e+10 7.10531e+10 7.88314e+10 0 0 0 0 0 0 0 0 0 0 0 0 0 0 0 0 0 0 0 0 0 0 0 0 0 0 0 0 0 0 0 0 
0 0 0 0 0 0 0 0 0 0 0 0 0 0 0 0 0 0 0 0 0 0 0 0 0 8.53831e+06 8.04673e+07 4.6783e+08 1.89475e+09 5.03029e+09 9.83044e+09 1.45083e+10 1.67172e+10 0 0 0 0 0 0 0 0 0 0 0 0 0 0 0 0 0 0 0 0 0 0 0 0 0 0 0 0 0 0 0 0 
0 0 0 0 0 0 0 0 0 0 0 0 0 0 0 0 0 0 0 0 0 0 0 0 0 0 7.77052e+06 8.06188e+07 3.38122e+08 9.56e+08 1.97542e+09 2.96874e+09 3.44078e+09 0 0 0 0 0 0 0 0 0 0 0 0 0 0 0 0 0 0 0 0 0 0 0 0 0 0 0 0 0 0 0 0 
0 0 0 0 0 0 0 0 0 0 0 0 0 0 0 0 0 0 0 0 0 0 0 0 0 0 2.05051e+06 1.28368e+07 5.58045e+07 1.85312e+08 3.82546e+08 5.9917e+08 6.81964e+08 0 0 0 0 0 0 0 0 0 0 0 0 0 0 0 0 0 0 0 0 0 0 0 0 0 0 0 0 0 0 0 0 
0 0 0 0 0 0 0 0 0 0 0 0 0 0 0 0 0 0 0 0 0 0 0 0 0 0 0 1.07631e+06 1.08548e+07 3.28863e+07 7.35489e+07 1.20411e+08 1.36093e+08 0 0 0 0 0 0 0 0 0 0 0 0 0 0 0 0 0 0 0 0 0 0 0 0 0 0 0 0 0 0 0 0 
0 0 0 0 0 0 0 0 0 0 0 0 0 0 0 0 0 0 0 0 0 0 0 0 0 0 0 423764 1.69199e+06 5.5656e+06 1.51105e+07 2.2351e+07 2.88131e+07 0 0 0 0 0 0 0 0 0 0 0 0 0 0 0 0 0 0 0 0 0 0 0 0 0 0 0 0 0 0 0 0 
0 0 0 0 0 0 0 0 0 0 0 0 0 0 0 0 0 0 0 0 0 0 0 0 0 0 0 0 111319 1.24562e+06 2.4038e+06 4.66425e+06 5.23766e+06 0 0 0 0 0 0 0 0 0 0 0 0 0 0 0 0 0 0 0 0 0 0 0 0 0 0 0 0 0 0 0 0 
0 0 0 0 0 0 0 0 0 0 0 0 0 0 0 0 0 0 0 0 0 0 0 0 0 0 0 0 72516.6 169438 459651 960064 941893 0 0 0 0 0 0 0 0 0 0 0 0 0 0 0 0 0 0 0 0 0 0 0 0 0 0 0 0 0 0 0 0 
0 0 0 0 0 0 0 0 0 0 0 0 0 0 0 0 0 0 0 0 0 0 0 0 0 0 0 0 0 7608.14 116632 111408 240121 0 0 0 0 0 0 0 0 0 0 0 0 0 0 0 0 0 0 0 0 0 0 0 0 0 0 0 0 0 0 0 0 
0 0 0 0 0 0 0 0 0 0 0 0 0 0 0 0 0 0 0 0 0 0 0 0 0 0 0 0 0 9793.99 11330.3 32414.5 37229.4 0 0 0 0 0 0 0 0 0 0 0 0 0 0 0 0 0 0 0 0 0 0 0 0 0 0 0 0 0 0 0 0 
0 0 0 0 0 0 0 0 0 0 0 0 0 0 0 0 0 0 0 0 0 0 0 0 0 0 0 0 0 0 251.278 7658.3 2066.73 0 0 0 0 0 0 0 0 0 0 0 0 0 0 0 0 0 0 0 0 0 0 0 0 0 0 0 0 0 0 0 0 
0 0 0 0 0 0 0 0 0 0 0 0 0 0 0 0 0 0 0 0 0 0 0 0 0 0 0 0 0 0 973.719 376.046 1936.62 0 0 0 0 0 0 0 0 0 0 0 0 0 0 0 0 0 0 0 0 0 0 0 0 0 0 0 0 0 0 0 0 
0 0 0 0 0 0 0 0 0 0 0 0 0 0 0 0 0 0 0 0 0 0 0 0 0 0 0 0 0 0 0 0 254.332 0 0 0 0 0 0 0 0 0 0 0 0 0 0 0 0 0 0 0 0 0 0 0 0 0 0 0 0 0 0 0 0 
0 0 0 0 0 0 0 0 0 0 0 0 0 0 0 0 0 0 0 0 0 0 0 0 0 0 0 0 0 0 0 62.8206 0 0 0 0 0 0 0 0 0 0 0 0 0 0 0 0 0 0 0 0 0 0 0 0 0 0 0 0 0 0 0 0 0 
0 0 0 0 0 0 0 0 0 0 0 0 0 0 0 0 0 0 0 0 0 0 0 0 0 0 0 0 0 0 0 0 0 0 0 0 0 0 0 0 0 0 0 0 0 0 0 0 0 0 0 0 0 0 0 0 0 0 0 0 0 0 0 0 0 
0 0 0 0 0 0 0 0 0 0 0 0 0 0 0 0 0 0 0 0 0 0 0 0 0 0 0 0 0 0 0 0 1.96314 0 0 0 0 0 0 0 0 0 0 0 0 0 0 0 0 0 0 0 0 0 0 0 0 0 0 0 0 0 0 0 0 
