1 0 0 0 0 0 0 0 0 0 0 0 0 0 0 0 0 0 0 0 0 0 0 0 0 0 0 0 0 0 0 0 0 0 0 0 0 0 0 0 0 0 0 0 0 0 0 0 0 0 0 0 0 0 0 0 0 0 0 0 0 0 0 0 0 
0 0 0 0 0 0 0 0 0 0 0 0 0 0 0 0 0 0 0 0 0 0 0 0 0 0 0 0 0 0 0 0 0 0 0 0 0 0 0 0 0 0 0 0 0 0 0 0 0 0 0 0 0 0 0 0 0 0 0 0 0 0 0 0 0 
0 64 0 0 0 0 0 0 0 0 0 0 0 0 0 0 0 0 0 0 0 0 0 0 0 0 0 0 0 0 0 0 0 0 0 0 0 0 0 0 0 0 0 0 0 0 0 0 0 0 0 0 0 0 0 0 0 0 0 0 0 0 0 0 0 
0 0 128 0 0 0 0 0 0 0 0 0 0 0 0 0 0 0 0 0 0 0 0 0 0 0 0 0 0 0 0 0 0 0 0 0 0 0 0 0 0 0 0 0 0 0 0 0 0 0 0 0 0 0 0 0 0 0 0 0 0 0 0 0 0 
0 0 1888 382.37 63.8558 0 0 0 0 0 0 0 0 0 0 0 0 0 0 0 0 0 0 0 0 0 0 0 0 0 0 0 0 0 0 0 0 0 0 0 0 0 0 0 0 0 0 0 0 0 0 0 0 0 0 0 0 0 0 0 0 0 0 0 0 
0 0 0 7171.26 1130.08 489.722 126.588 0 0 0 0 0 0 0 0 0 0 0 0 0 0 0 0 0 0 0 0 0 0 0 0 0 0 0 0 0 0 0 0 0 0 0 0 0 0 0 0 0 0 0 0 0 0 0 0 0 0 0 0 0 0 0 0 0 0 
0 0 0 34110.4 27320.2 6813.33 2418.42 1327.34 366.662 57.9936 0 0 0 0 0 0 0 0 0 0 0 0 0 0 0 0 0 0 0 0 0 0 0 0 0 0 0 0 0 0 0 0 0 0 0 0 0 0 0 0 0 0 0 0 0 0 0 0 0 0 0 0 0 0 0 
0 0 0 0 183762 96734 42706.9 16727.3 8738.93 4633.77 1946.55 489.689 129.456 0 0 0 0 0 0 0 0 0 0 0 0 0 0 0 0 0 0 0 0 0 0 0 0 0 0 0 0 0 0 0 0 0 0 0 0 0 0 0 0 0 0 0 0 0 0 0 0 0 0 0 0 
0 0 0 0 423100 829991 409938 220623 118633 58377 33002.9 18741.1 9276.25 4085.23 1232.04 367.81 79.7988 0 0 0 0 0 0 0 15.5039 0 0 0 0 0 0 0 15.5835 0 0 0 0 0 0 0 0 0 0 0 0 0 0 0 0 0 0 0 0 0 0 0 0 0 0 0 0 0 0 0 0 
0 0 0 0 0 2.86107e+06 3.32301e+06 1.96853e+06 1.13732e+06 716301 419151 246168 149312 89719.4 51819.9 28112.8 14007.2 5854.69 2210.81 743.31 376.233 249.256 283.003 222.079 0 224.887 237.89 245.824 272.029 270.102 269.736 259.378 0 0 0 0 0 0 0 0 0 0 0 0 0 0 0 0 0 0 0 0 0 0 0 0 0 0 0 0 0 0 0 0 0 
0 0 0 0 0 3.82941e+06 1.46326e+07 1.35008e+07 9.3087e+06 6.04769e+06 3.99228e+06 2.65403e+06 1.76617e+06 1.15416e+06 772852 509273 332699 200979 122845 68039.6 37579.7 21981.2 13536.4 10345.9 11014 9607.98 9032.8 9141.92 9100.95 9448 9250.7 9384.05 10977.2 0 0 0 0 0 0 0 0 0 0 0 0 0 0 0 0 0 0 0 0 0 0 0 0 0 0 0 0 0 0 0 0 
0 0 0 0 0 0 3.03013e+07 6.37516e+07 5.74743e+07 4.34875e+07 3.15813e+07 2.28673e+07 1.58129e+07 1.15704e+07 8.05832e+06 5.76923e+06 4.13048e+06 2.98426e+06 2.08212e+06 1.47864e+06 1.04132e+06 687431 485539 346319 270082 243101 237213 231768 221225 217574 210679 208169 201474 0 0 0 0 0 0 0 0 0 0 0 0 0 0 0 0 0 0 0 0 0 0 0 0 0 0 0 0 0 0 0 0 
0 0 0 0 0 0 2.62623e+07 1.69633e+08 2.62366e+08 2.45934e+08 2.00781e+08 1.55836e+08 1.19796e+08 9.10248e+07 6.91475e+07 5.26999e+07 3.96417e+07 3.08239e+07 2.33267e+07 1.78724e+07 1.38153e+07 1.07129e+07 8.15583e+06 6.5724e+06 5.4722e+06 4.53749e+06 4.00525e+06 3.73087e+06 3.37228e+06 3.30188e+06 3.17899e+06 3.28585e+06 3.21251e+06 0 0 0 0 0 0 0 0 0 0 0 0 0 0 0 0 0 0 0 0 0 0 0 0 0 0 0 0 0 0 0 0 
0 0 0 0 0 0 0 2.32471e+08 7.86202e+08 1.0656e+09 1.04041e+09 9.05864e+08 7.57732e+08 6.10611e+08 4.93092e+08 3.95406e+08 3.22408e+08 2.55662e+08 2.04647e+08 1.67409e+08 1.34011e+08 1.09199e+08 9.18726e+07 7.55129e+07 6.49806e+07 5.69609e+07 5.13056e+07 4.54878e+07 4.23859e+07 4.05161e+07 3.86057e+07 3.7899e+07 3.67164e+07 0 0 0 0 0 0 0 0 0 0 0 0 0 0 0 0 0 0 0 0 0 0 0 0 0 0 0 0 0 0 0 0 
0 0 0 0 0 0 0 1.39653e+08 1.38442e+09 3.30453e+09 4.27109e+09 4.32937e+09 3.98007e+09 3.49307e+09 3.00861e+09 2.54761e+09 2.11899e+09 1.80195e+09 1.52187e+09 1.2807e+09 1.08785e+09 9.23266e+08 7.75758e+08 6.90501e+08 6.02883e+08 5.41508e+08 4.86422e+08 4.44482e+08 4.13418e+08 3.97581e+08 3.87268e+08 3.70854e+08 3.64485e+08 0 0 0 0 0 0 0 0 0 0 0 0 0 0 0 0 0 0 0 0 0 0 0 0 0 0 0 0 0 0 0 0 
0 0 0 0 0 0 0 0 1.33962e+09 6.67189e+09 1.31476e+10 1.68228e+10 1.76747e+10 1.71759e+10 1.57239e+10 1.40091e+10 1.24736e+10 1.10372e+10 9.57638e+09 8.35162e+09 7.32816e+09 6.43179e+09 5.77808e+09 5.15142e+09 4.6327e+09 4.16729e+09 3.79725e+09 3.55789e+09 3.3338e+09 3.18682e+09 3.06754e+09 2.98935e+09 2.98441e+09 0 0 0 0 0 0 0 0 0 0 0 0 0 0 0 0 0 0 0 0 0 0 0 0 0 0 0 0 0 0 0 0 
0 0 0 0 0 0 0 0 5.85515e+08 8.31346e+09 2.84094e+10 5.03242e+10 6.44537e+10 7.01108e+10 7.05017e+10 6.79071e+10 6.34825e+10 5.806e+10 5.32715e+10 4.82888e+10 4.33997e+10 3.95522e+10 3.5768e+10 3.2935e+10 3.00978e+10 2.81601e+10 2.62663e+10 2.43733e+10 2.34789e+10 2.25312e+10 2.19243e+10 2.15748e+10 2.1457e+10 0 0 0 0 0 0 0 0 0 0 0 0 0 0 0 0 0 0 0 0 0 0 0 0 0 0 0 0 0 0 0 0 
0 0 0 0 0 0 0 0 0 5.92572e+09 4.09125e+10 1.11493e+11 1.86651e+11 2.42072e+11 2.71847e+11 2.83222e+11 2.81981e+11 2.72877e+11 2.5959e+11 2.44476e+11 2.29551e+11 2.15099e+11 1.99933e+11 1.86206e+11 1.73729e+11 1.65399e+11 1.56031e+11 1.49926e+11 1.4318e+11 1.38449e+11 1.35134e+11 1.32826e+11 1.33358e+11 0 0 0 0 0 0 0 0 0 0 0 0 0 0 0 0 0 0 0 0 0 0 0 0 0 0 0 0 0 0 0 0 
0 0 0 0 0 0 0 0 0 1.96313e+09 3.76684e+10 1.74248e+11 4.11077e+11 6.65652e+11 8.74517e+11 1.01448e+12 1.08929e+12 1.12284e+12 1.12134e+12 1.10135e+12 1.0709e+12 1.02641e+12 9.86124e+11 9.43287e+11 9.07541e+11 8.66299e+11 8.29942e+11 8.11029e+11 7.75249e+11 7.60693e+11 7.46279e+11 7.40767e+11 7.38381e+11 0 0 0 0 0 0 0 0 0 0 0 0 0 0 0 0 0 0 0 0 0 0 0 0 0 0 0 0 0 0 0 0 
0 0 0 0 0 0 0 0 0 0 2.04856e+10 1.86542e+11 6.71772e+11 1.44275e+12 2.29793e+12 3.055e+12 3.65158e+12 4.03505e+12 4.29054e+12 4.41773e+12 4.4549e+12 4.43362e+12 4.35708e+12 4.29913e+12 4.19298e+12 4.09443e+12 3.9942e+12 3.89261e+12 3.86024e+12 3.79946e+12 3.7284e+12 3.71415e+12 3.68266e+12 0 0 0 0 0 0 0 0 0 0 0 0 0 0 0 0 0 0 0 0 0 0 0 0 0 0 0 0 0 0 0 0 
0 0 0 0 0 0 0 0 0 0 5.30134e+09 1.31138e+11 7.85159e+11 2.39313e+12 4.83423e+12 7.61937e+12 1.02615e+13 1.25814e+13 1.43531e+13 1.55676e+13 1.64608e+13 1.69577e+13 1.73587e+13 1.74389e+13 1.7413e+13 1.73328e+13 1.71939e+13 1.71798e+13 1.69617e+13 1.68562e+13 1.68498e+13 1.67052e+13 1.66806e+13 0 0 0 0 0 0 0 0 0 0 0 0 0 0 0 0 0 0 0 0 0 0 0 0 0 0 0 0 0 0 0 0 
0 0 0 0 0 0 0 0 0 0 0 5.59903e+10 6.43931e+11 2.94156e+12 7.95592e+12 1.54951e+13 2.43058e+13 3.30889e+13 4.11599e+13 4.81523e+13 5.35949e+13 5.83163e+13 6.14537e+13 6.38797e+13 6.5438e+13 6.64698e+13 6.76734e+13 6.76646e+13 6.81049e+13 6.81266e+13 6.82883e+13 6.85066e+13 6.85785e+13 0 0 0 0 0 0 0 0 0 0 0 0 0 0 0 0 0 0 0 0 0 0 0 0 0 0 0 0 0 0 0 0 
0 0 0 0 0 0 0 0 0 0 0 1.16215e+10 3.55726e+11 2.64541e+12 1.00494e+13 2.48572e+13 4.68678e+13 7.35984e+13 1.01989e+14 1.29063e+14 1.54099e+14 1.74728e+14 1.9371e+14 2.08256e+14 2.19434e+14 2.29782e+14 2.36129e+14 2.41892e+14 2.46381e+14 2.49863e+14 2.5067e+14 2.51638e+14 2.50432e+14 0 0 0 0 0 0 0 0 0 0 0 0 0 0 0 0 0 0 0 0 0 0 0 0 0 0 0 0 0 0 0 0 
0 0 0 0 0 0 0 0 0 0 0 0 1.22158e+11 1.71126e+12 9.53605e+12 3.1632e+13 7.3844e+13 1.35883e+14 2.12855e+14 2.97901e+14 3.83817e+14 4.6492e+14 5.3696e+14 6.05002e+14 6.64543e+14 7.09407e+14 7.47704e+14 7.81272e+14 8.03657e+14 8.21924e+14 8.37064e+14 8.43619e+14 8.46474e+14 0 0 0 0 0 0 0 0 0 0 0 0 0 0 0 0 0 0 0 0 0 0 0 0 0 0 0 0 0 0 0 0 
0 0 0 0 0 0 0 0 0 0 0 0 2.07374e+10 7.59029e+11 6.79648e+12 3.09552e+13 9.23235e+13 2.05811e+14 3.72847e+14 5.84275e+14 8.21985e+14 1.07445e+15 1.32319e+15 1.55116e+15 1.76333e+15 1.95453e+15 2.11126e+15 2.24616e+15 2.3607e+15 2.44076e+15 2.49696e+15 2.53985e+15 2.54925e+15 0 0 0 0 0 0 0 0 0 0 0 0 0 0 0 0 0 0 0 0 0 0 0 0 0 0 0 0 0 0 0 0 
0 0 0 0 0 0 0 0 0 0 0 0 0 2.14248e+11 3.52945e+12 2.33565e+13 9.14658e+13 2.51477e+14 5.38263e+14 9.60804e+14 1.50432e+15 2.13499e+15 2.81296e+15 3.49503e+15 4.15017e+15 4.76364e+15 5.33702e+15 5.78743e+15 6.18813e+15 6.51881e+15 6.71667e+15 6.83215e+15 6.87864e+15 0 0 0 0 0 0 0 0 0 0 0 0 0 0 0 0 0 0 0 0 0 0 0 0 0 0 0 0 0 0 0 0 
0 0 0 0 0 0 0 0 0 0 0 0 0 3.0264e+10 1.28149e+12 1.33713e+13 7.12915e+13 2.47764e+14 6.39254e+14 1.32457e+15 2.33359e+15 3.64354e+15 5.17921e+15 6.88508e+15 8.5919e+15 1.03078e+16 1.18588e+16 1.32994e+16 1.45368e+16 1.54618e+16 1.62222e+16 1.66805e+16 1.67534e+16 0 0 0 0 0 0 0 0 0 0 0 0 0 0 0 0 0 0 0 0 0 0 0 0 0 0 0 0 0 0 0 0 
0 0 0 0 0 0 0 0 0 0 0 0 0 0 3.02091e+11 5.68821e+12 4.32728e+13 1.95987e+14 6.18484e+14 1.5107e+15 3.04547e+15 5.29039e+15 8.2226e+15 1.16978e+16 1.55662e+16 1.95334e+16 2.34359e+16 2.70782e+16 3.01043e+16 3.27197e+16 3.47244e+16 3.58131e+16 3.62905e+16 0 0 0 0 0 0 0 0 0 0 0 0 0 0 0 0 0 0 0 0 0 0 0 0 0 0 0 0 0 0 0 0 
0 0 0 0 0 0 0 0 0 0 0 0 0 0 3.64485e+10 1.72481e+12 2.03627e+13 1.22843e+14 4.8784e+14 1.42356e+15 3.31052e+15 6.48242e+15 1.11013e+16 1.71143e+16 2.43139e+16 3.21629e+16 4.03942e+16 4.81398e+16 5.53656e+16 6.1481e+16 6.57307e+16 6.86017e+16 6.959e+16 0 0 0 0 0 0 0 0 0 0 0 0 0 0 0 0 0 0 0 0 0 0 0 0 0 0 0 0 0 0 0 0 
0 0 0 0 0 0 0 0 0 0 0 0 0 0 0 3.45601e+11 7.21845e+12 6.16082e+13 3.11205e+14 1.10432e+15 3.01207e+15 6.7141e+15 1.28111e+16 2.14946e+16 3.27371e+16 4.60016e+16 6.03965e+16 7.52826e+16 8.90126e+16 1.00838e+17 1.10113e+17 1.15811e+17 1.17541e+17 0 0 0 0 0 0 0 0 0 0 0 0 0 0 0 0 0 0 0 0 0 0 0 0 0 0 0 0 0 0 0 0 
0 0 0 0 0 0 0 0 0 0 0 0 0 0 0 3.60852e+10 1.86085e+12 2.40946e+13 1.60849e+14 7.06579e+14 2.2765e+15 5.83343e+15 1.24617e+16 2.31264e+16 3.81257e+16 5.71424e+16 7.90546e+16 1.02448e+17 1.25459e+17 1.4551e+17 1.61361e+17 1.7193e+17 1.75766e+17 0 0 0 0 0 0 0 0 0 0 0 0 0 0 0 0 0 0 0 0 0 0 0 0 0 0 0 0 0 0 0 0 
0 0 0 0 0 0 0 0 0 0 0 0 0 0 0 0 3.21347e+11 7.26192e+12 6.73985e+13 3.70478e+14 1.43857e+15 4.27077e+15 1.03142e+16 2.11793e+16 3.7931e+16 6.11331e+16 8.96141e+16 1.21436e+17 1.53912e+17 1.83942e+17 2.08215e+17 2.23531e+17 2.28889e+17 0 0 0 0 0 0 0 0 0 0 0 0 0 0 0 0 0 0 0 0 0 0 0 0 0 0 0 0 0 0 0 0 
0 0 0 0 0 0 0 0 0 0 0 0 0 0 0 0 2.95942e+10 1.60621e+12 2.23628e+13 1.60446e+14 7.57869e+14 2.63761e+15 7.25138e+15 1.65396e+16 3.24814e+16 5.61543e+16 8.77911e+16 1.24845e+17 1.64402e+17 2.02442e+17 2.33549e+17 2.5397e+17 2.61043e+17 0 0 0 0 0 0 0 0 0 0 0 0 0 0 0 0 0 0 0 0 0 0 0 0 0 0 0 0 0 0 0 0 
0 0 0 0 0 0 0 0 0 0 0 0 0 0 0 0 0 2.44282e+11 5.80301e+12 5.69368e+13 3.33346e+14 1.37366e+15 4.33932e+15 1.1097e+16 2.39157e+16 4.48122e+16 7.42738e+16 1.11749e+17 1.53315e+17 1.93985e+17 2.28824e+17 2.52341e+17 2.6037e+17 0 0 0 0 0 0 0 0 0 0 0 0 0 0 0 0 0 0 0 0 0 0 0 0 0 0 0 0 0 0 0 0 
0 0 0 0 0 0 0 0 0 0 0 0 0 0 0 0 0 2.0221e+10 1.12524e+12 1.6292e+13 1.22752e+14 6.07633e+14 2.21791e+15 6.3639e+15 1.5193e+16 3.07705e+16 5.48158e+16 8.66352e+16 1.24555e+17 1.62974e+17 1.96648e+17 2.19241e+17 2.2768e+17 0 0 0 0 0 0 0 0 0 0 0 0 0 0 0 0 0 0 0 0 0 0 0 0 0 0 0 0 0 0 0 0 
0 0 0 0 0 0 0 0 0 0 0 0 0 0 0 0 0 0 1.51801e+11 3.69132e+12 3.73774e+13 2.27881e+14 9.70744e+14 3.17565e+15 8.33609e+15 1.84931e+16 3.51553e+16 5.9119e+16 8.81778e+16 1.19732e+17 1.4766e+17 1.67412e+17 1.74454e+17 0 0 0 0 0 0 0 0 0 0 0 0 0 0 0 0 0 0 0 0 0 0 0 0 0 0 0 0 0 0 0 0 
0 0 0 0 0 0 0 0 0 0 0 0 0 0 0 0 0 0 1.16352e+10 6.39036e+11 9.3556e+12 7.20912e+13 3.6634e+14 1.36646e+15 4.00549e+15 9.63935e+15 1.97413e+16 3.49977e+16 5.50056e+16 7.71309e+16 9.7514e+16 1.12351e+17 1.17466e+17 0 0 0 0 0 0 0 0 0 0 0 0 0 0 0 0 0 0 0 0 0 0 0 0 0 0 0 0 0 0 0 0 
0 0 0 0 0 0 0 0 0 0 0 0 0 0 0 0 0 0 0 7.79823e+10 1.88999e+12 1.92179e+13 1.18019e+14 5.07909e+14 1.6759e+15 4.42169e+15 9.76396e+15 1.84414e+16 3.02508e+16 4.39389e+16 5.7124e+16 6.63094e+16 6.97155e+16 0 0 0 0 0 0 0 0 0 0 0 0 0 0 0 0 0 0 0 0 0 0 0 0 0 0 0 0 0 0 0 0 
0 0 0 0 0 0 0 0 0 0 0 0 0 0 0 0 0 0 0 5.68837e+09 2.95973e+11 4.27393e+12 3.27715e+13 1.65858e+14 6.16178e+14 1.7957e+15 4.26017e+15 8.53938e+15 1.47611e+16 2.21845e+16 2.95398e+16 3.4947e+16 3.7071e+16 0 0 0 0 0 0 0 0 0 0 0 0 0 0 0 0 0 0 0 0 0 0 0 0 0 0 0 0 0 0 0 0 
0 0 0 0 0 0 0 0 0 0 0 0 0 0 0 0 0 0 0 0 3.32663e+10 7.79385e+11 7.7653e+12 4.6892e+13 1.98668e+14 6.42172e+14 1.65773e+15 3.53938e+15 6.4301e+15 1.00558e+16 1.36884e+16 1.65494e+16 1.75324e+16 0 0 0 0 0 0 0 0 0 0 0 0 0 0 0 0 0 0 0 0 0 0 0 0 0 0 0 0 0 0 0 0 
0 0 0 0 0 0 0 0 0 0 0 0 0 0 0 0 0 0 0 0 2.40752e+09 1.12904e+11 1.5533e+12 1.15356e+13 5.6927e+13 2.04874e+14 5.76683e+14 1.31963e+15 2.51286e+15 4.08869e+15 5.75606e+15 7.00471e+15 7.49007e+15 0 0 0 0 0 0 0 0 0 0 0 0 0 0 0 0 0 0 0 0 0 0 0 0 0 0 0 0 0 0 0 0 
0 0 0 0 0 0 0 0 0 0 0 0 0 0 0 0 0 0 0 0 0 1.18772e+10 2.60352e+11 2.47378e+12 1.42151e+13 5.8124e+13 1.79249e+14 4.39146e+14 8.84269e+14 1.50062e+15 2.15986e+15 2.68245e+15 2.88598e+15 0 0 0 0 0 0 0 0 0 0 0 0 0 0 0 0 0 0 0 0 0 0 0 0 0 0 0 0 0 0 0 0 
0 0 0 0 0 0 0 0 0 0 0 0 0 0 0 0 0 0 0 0 0 9.15682e+08 3.58034e+10 4.54001e+11 3.19049e+12 1.47309e+13 5.03824e+13 1.3325e+14 2.84473e+14 5.01811e+14 7.43918e+14 9.38475e+14 1.01136e+15 0 0 0 0 0 0 0 0 0 0 0 0 0 0 0 0 0 0 0 0 0 0 0 0 0 0 0 0 0 0 0 0 
0 0 0 0 0 0 0 0 0 0 0 0 0 0 0 0 0 0 0 0 0 0 3.63719e+09 7.10516e+10 6.25999e+11 3.36138e+12 1.27121e+13 3.65647e+13 8.27876e+13 1.52441e+14 2.33164e+14 3.00052e+14 3.27098e+14 0 0 0 0 0 0 0 0 0 0 0 0 0 0 0 0 0 0 0 0 0 0 0 0 0 0 0 0 0 0 0 0 
0 0 0 0 0 0 0 0 0 0 0 0 0 0 0 0 0 0 0 0 0 0 3.20776e+08 9.51881e+09 1.06725e+11 6.91276e+11 2.93717e+12 9.21602e+12 2.22196e+13 4.28033e+13 6.74033e+13 8.75216e+13 9.65082e+13 0 0 0 0 0 0 0 0 0 0 0 0 0 0 0 0 0 0 0 0 0 0 0 0 0 0 0 0 0 0 0 0 
0 0 0 0 0 0 0 0 0 0 0 0 0 0 0 0 0 0 0 0 0 0 0 9.62254e+08 1.62348e+10 1.2694e+11 6.16626e+11 2.11098e+12 5.45284e+12 1.10936e+13 1.80556e+13 2.40194e+13 2.62204e+13 0 0 0 0 0 0 0 0 0 0 0 0 0 0 0 0 0 0 0 0 0 0 0 0 0 0 0 0 0 0 0 0 
0 0 0 0 0 0 0 0 0 0 0 0 0 0 0 0 0 0 0 0 0 0 0 1.03473e+08 2.19776e+09 2.09087e+10 1.18835e+11 4.51144e+11 1.24982e+12 2.6575e+12 4.50634e+12 6.08225e+12 6.74838e+12 0 0 0 0 0 0 0 0 0 0 0 0 0 0 0 0 0 0 0 0 0 0 0 0 0 0 0 0 0 0 0 0 
0 0 0 0 0 0 0 0 0 0 0 0 0 0 0 0 0 0 0 0 0 0 0 0 2.22315e+08 3.16475e+09 2.10336e+10 8.94827e+10 2.65983e+11 6.008e+11 1.04595e+12 1.46653e+12 1.6256e+12 0 0 0 0 0 0 0 0 0 0 0 0 0 0 0 0 0 0 0 0 0 0 0 0 0 0 0 0 0 0 0 0 
0 0 0 0 0 0 0 0 0 0 0 0 0 0 0 0 0 0 0 0 0 0 0 0 3.12836e+07 4.48005e+08 3.41393e+09 1.65059e+10 5.41007e+10 1.27425e+11 2.32174e+11 3.26533e+11 3.67746e+11 0 0 0 0 0 0 0 0 0 0 0 0 0 0 0 0 0 0 0 0 0 0 0 0 0 0 0 0 0 0 0 0 
0 0 0 0 0 0 0 0 0 0 0 0 0 0 0 0 0 0 0 0 0 0 0 0 0 4.54759e+07 5.34965e+08 2.89634e+09 1.02194e+10 2.5957e+10 4.90103e+10 7.11541e+10 8.01432e+10 0 0 0 0 0 0 0 0 0 0 0 0 0 0 0 0 0 0 0 0 0 0 0 0 0 0 0 0 0 0 0 0 
0 0 0 0 0 0 0 0 0 0 0 0 0 0 0 0 0 0 0 0 0 0 0 0 0 8.55469e+06 8.1081e+07 4.73758e+08 1.89566e+09 5.1152e+09 9.97331e+09 1.47041e+10 1.67706e+10 0 0 0 0 0 0 0 0 0 0 0 0 0 0 0 0 0 0 0 0 0 0 0 0 0 0 0 0 0 0 0 0 
0 0 0 0 0 0 0 0 0 0 0 0 0 0 0 0 0 0 0 0 0 0 0 0 0 0 7.83839e+06 8.07432e+07 3.3744e+08 9.58853e+08 1.99152e+09 3.00793e+09 3.44305e+09 0 0 0 0 0 0 0 0 0 0 0 0 0 0 0 0 0 0 0 0 0 0 0 0 0 0 0 0 0 0 0 0 
0 0 0 0 0 0 0 0 0 0 0 0 0 0 0 0 0 0 0 0 0 0 0 0 0 0 2.06744e+06 1.28671e+07 5.54236e+07 1.84125e+08 3.82081e+08 6.02795e+08 6.91826e+08 0 0 0 0 0 0 0 0 0 0 0 0 0 0 0 0 0 0 0 0 0 0 0 0 0 0 0 0 0 0 0 0 
0 0 0 0 0 0 0 0 0 0 0 0 0 0 0 0 0 0 0 0 0 0 0 0 0 0 0 1.08732e+06 1.08577e+07 3.24761e+07 7.34118e+07 1.20607e+08 1.38251e+08 0 0 0 0 0 0 0 0 0 0 0 0 0 0 0 0 0 0 0 0 0 0 0 0 0 0 0 0 0 0 0 0 
0 0 0 0 0 0 0 0 0 0 0 0 0 0 0 0 0 0 0 0 0 0 0 0 0 0 0 426957 1.68816e+06 5.53214e+06 1.49979e+07 2.21632e+07 2.8922e+07 0 0 0 0 0 0 0 0 0 0 0 0 0 0 0 0 0 0 0 0 0 0 0 0 0 0 0 0 0 0 0 0 
0 0 0 0 0 0 0 0 0 0 0 0 0 0 0 0 0 0 0 0 0 0 0 0 0 0 0 0 112676 1.26497e+06 2.41449e+06 4.67982e+06 5.26071e+06 0 0 0 0 0 0 0 0 0 0 0 0 0 0 0 0 0 0 0 0 0 0 0 0 0 0 0 0 0 0 0 0 
0 0 0 0 0 0 0 0 0 0 0 0 0 0 0 0 0 0 0 0 0 0 0 0 0 0 0 0 73174.3 170086 452975 957215 936151 0 0 0 0 0 0 0 0 0 0 0 0 0 0 0 0 0 0 0 0 0 0 0 0 0 0 0 0 0 0 0 0 
0 0 0 0 0 0 0 0 0 0 0 0 0 0 0 0 0 0 0 0 0 0 0 0 0 0 0 0 0 7684.06 118187 111871 236432 0 0 0 0 0 0 0 0 0 0 0 0 0 0 0 0 0 0 0 0 0 0 0 0 0 0 0 0 0 0 0 0 
0 0 0 0 0 0 0 0 0 0 0 0 0 0 0 0 0 0 0 0 0 0 0 0 0 0 0 0 0 9897.96 11489.7 32022 37135 0 0 0 0 0 0 0 0 0 0 0 0 0 0 0 0 0 0 0 0 0 0 0 0 0 0 0 0 0 0 0 0 
0 0 0 0 0 0 0 0 0 0 0 0 0 0 0 0 0 0 0 0 0 0 0 0 0 0 0 0 0 0 256.256 7771.74 2067.88 0 0 0 0 0 0 0 0 0 0 0 0 0 0 0 0 0 0 0 0 0 0 0 0 0 0 0 0 0 0 0 0 
0 0 0 0 0 0 0 0 0 0 0 0 0 0 0 0 0 0 0 0 0 0 0 0 0 0 0 0 0 0 983.065 383.252 1907.78 0 0 0 0 0 0 0 0 0 0 0 0 0 0 0 0 0 0 0 0 0 0 0 0 0 0 0 0 0 0 0 0 
0 0 0 0 0 0 0 0 0 0 0 0 0 0 0 0 0 0 0 0 0 0 0 0 0 0 0 0 0 0 0 0 258.646 0 0 0 0 0 0 0 0 0 0 0 0 0 0 0 0 0 0 0 0 0 0 0 0 0 0 0 0 0 0 0 0 
0 0 0 0 0 0 0 0 0 0 0 0 0 0 0 0 0 0 0 0 0 0 0 0 0 0 0 0 0 0 0 63.4236 0 0 0 0 0 0 0 0 0 0 0 0 0 0 0 0 0 0 0 0 0 0 0 0 0 0 0 0 0 0 0 0 0 
0 0 0 0 0 0 0 0 0 0 0 0 0 0 0 0 0 0 0 0 0 0 0 0 0 0 0 0 0 0 0 0 0 0 0 0 0 0 0 0 0 0 0 0 0 0 0 0 0 0 0 0 0 0 0 0 0 0 0 0 0 0 0 0 0 
0 0 0 0 0 0 0 0 0 0 0 0 0 0 0 0 0 0 0 0 0 0 0 0 0 0 0 0 0 0 0 0 1.98199 0 0 0 0 0 0 0 0 0 0 0 0 0 0 0 0 0 0 0 0 0 0 0 0 0 0 0 0 0 0 0 0 
