1 0 0 0 0 0 0 0 0 0 0 0 0 0 0 0 0 
0 0 0 0 0 0 0 0 0 0 0 0 0 0 0 0 0 
0 16 0 0 0 0 0 0 0 0 0 0 0 0 0 0 0 
0 0 32 0 0 0 0 0 0 0 0 0 0 0 0 0 0 
0 0 88 95.9468 23.9788 0 0 0 7.93491 0 0 0 0 0 0 0 0 
0 0 0 256.089 255.728 192.583 96.6452 63.4862 0 0 0 0 0 0 0 0 0 
0 0 0 207.964 736.891 687.679 702.326 626.845 768.804 0 0 0 0 0 0 0 0 
0 0 0 0 575.062 1662.08 1824.9 1919.97 1601.13 0 0 0 0 0 0 0 0 
0 0 0 0 228.34 1249.62 2930.07 3672.79 4350.47 0 0 0 0 0 0 0 0 
0 0 0 0 0 448.946 1563.62 3138.49 3267.76 0 0 0 0 0 0 0 0 
0 0 0 0 0 127.096 771.461 1396.74 2111.86 0 0 0 0 0 0 0 0 
0 0 0 0 0 0 63.6452 510.674 576.531 0 0 0 0 0 0 0 0 
0 0 0 0 0 0 55.3255 95.1962 120.091 0 0 0 0 0 0 0 0 
0 0 0 0 0 0 0 0 63.4464 0 0 0 0 0 0 0 0 
0 0 0 0 0 0 0 15.8094 0 0 0 0 0 0 0 0 0 
0 0 0 0 0 0 0 0 0 0 0 0 0 0 0 0 0 
0 0 0 0 0 0 0 0 1.97633 0 0 0 0 0 0 0 0 
