1 0 0 0 0 0 0 0 0 0 0 0 0 0 0 0 0 
0 0 0 0 0 0 0 0 0 0 0 0 0 0 0 0 0 
0 16 0 0 0 0 0 0 0 0 0 0 0 0 0 0 0 
0 0 32 0 0 0 0 0 0 0 0 0 0 0 0 0 0 
0 0 88 95.7115 23.9374 0 0 0 7.9696 0 0 0 0 0 0 0 0 
0 0 0 256.577 256.238 191.48 96.6829 63.7635 0 0 0 0 0 0 0 0 0 
0 0 0 207.711 736.143 689.033 700.368 626.224 764.63 0 0 0 0 0 0 0 0 
0 0 0 0 575.344 1663.57 1825.5 1918.59 1604.12 0 0 0 0 0 0 0 0 
0 0 0 0 228.338 1248.6 2931.88 3678.72 4358.51 0 0 0 0 0 0 0 0 
0 0 0 0 0 446.918 1567.64 3136.55 3263.5 0 0 0 0 0 0 0 0 
0 0 0 0 0 128.399 765.911 1392.44 2107.36 0 0 0 0 0 0 0 0 
0 0 0 0 0 0 63.8499 511 576.829 0 0 0 0 0 0 0 0 
0 0 0 0 0 0 56.1607 96.6621 121.45 0 0 0 0 0 0 0 0 
0 0 0 0 0 0 0 0 63.6243 0 0 0 0 0 0 0 0 
0 0 0 0 0 0 0 16.0436 0 0 0 0 0 0 0 0 0 
0 0 0 0 0 0 0 0 0 0 0 0 0 0 0 0 0 
0 0 0 0 0 0 0 0 2.00542 0 0 0 0 0 0 0 0 
