1 0 0 0 0 0 0 0 0 0 0 0 0 0 0 0 0 
0 0 0 0 0 0 0 0 0 0 0 0 0 0 0 0 0 
0 16 0 0 0 0 0 0 0 0 0 0 0 0 0 0 0 
0 0 32 0 0 0 0 0 0 0 0 0 0 0 0 0 0 
0 0 88 95.551 23.889 0 0 0 7.9451 0 0 0 0 0 0 0 0 
0 0 0 256.845 255.946 191.918 97.1045 63.5615 0 0 0 0 0 0 0 0 0 
0 0 0 207.604 735.793 691.088 703.552 627.591 771.291 0 0 0 0 0 0 0 0 
0 0 0 0 576.805 1656.95 1826.93 1919.23 1596.26 0 0 0 0 0 0 0 0 
0 0 0 0 227.567 1251.69 2920.59 3675.66 4353.94 0 0 0 0 0 0 0 0 
0 0 0 0 0 449.074 1568.36 3133.48 3270.09 0 0 0 0 0 0 0 0 
0 0 0 0 0 127.279 771.999 1396.2 2105.4 0 0 0 0 0 0 0 0 
0 0 0 0 0 0 63.7924 512.758 578.178 0 0 0 0 0 0 0 0 
0 0 0 0 0 0 55.6739 95.6152 120.465 0 0 0 0 0 0 0 0 
0 0 0 0 0 0 0 0 64.4519 0 0 0 0 0 0 0 0 
0 0 0 0 0 0 0 15.9056 0 0 0 0 0 0 0 0 0 
0 0 0 0 0 0 0 0 0 0 0 0 0 0 0 0 0 
0 0 0 0 0 0 0 0 1.98799 0 0 0 0 0 0 0 0 
