1 0 0 0 0 0 0 0 0 0 0 0 0 0 0 0 0 
0 0 0 0 0 0 0 0 0 0 0 0 0 0 0 0 0 
0 16 0 0 0 0 0 0 0 0 0 0 0 0 0 0 0 
0 0 32 0 0 0 0 0 0 0 0 0 0 0 0 0 0 
0 0 88 95.8416 23.9612 0 0 0 8.13718 0 0 0 0 0 0 0 0 
0 0 0 256.352 255.498 191.6 96.2105 65.0857 0 0 0 0 0 0 0 0 0 
0 0 0 207.806 737.196 689.583 700.998 623.229 770.685 0 0 0 0 0 0 0 0 
0 0 0 0 575.41 1663.13 1831.78 1922.57 1604.71 0 0 0 0 0 0 0 0 
0 0 0 0 227.935 1246.66 2922.38 3675.76 4345.63 0 0 0 0 0 0 0 0 
0 0 0 0 0 449.658 1567.53 3136.21 3261.69 0 0 0 0 0 0 0 0 
0 0 0 0 0 127.374 769.011 1392.95 2114.66 0 0 0 0 0 0 0 0 
0 0 0 0 0 0 64.0076 511.436 578.751 0 0 0 0 0 0 0 0 
0 0 0 0 0 0 56.0786 96.7376 119.779 0 0 0 0 0 0 0 0 
0 0 0 0 0 0 0 0 63.9551 0 0 0 0 0 0 0 0 
0 0 0 0 0 0 0 16.0204 0 0 0 0 0 0 0 0 0 
0 0 0 0 0 0 0 0 0 0 0 0 0 0 0 0 0 
0 0 0 0 0 0 0 0 2.00272 0 0 0 0 0 0 0 0 
