1 0 0 0 0 0 0 0 0 0 0 0 0 0 0 0 0 
0 0 0 0 0 0 0 0 0 0 0 0 0 0 0 0 0 
0 16 0 0 0 0 0 0 0 0 0 0 0 0 0 0 0 
0 0 32 0 0 0 0 0 0 0 0 0 0 0 0 0 0 
0 0 88 96.1354 24.0318 0 0 0 8.02839 0 0 0 0 0 0 0 0 
0 0 0 255.712 255.99 191.754 96.0885 64.2136 0 0 0 0 0 0 0 0 0 
0 0 0 208.153 737.37 686.693 707.27 624.469 766.768 0 0 0 0 0 0 0 0 
0 0 0 0 573.143 1668.46 1819.96 1930.87 1604.73 0 0 0 0 0 0 0 0 
0 0 0 0 229.466 1244.38 2924.32 3657.62 4348.15 0 0 0 0 0 0 0 0 
0 0 0 0 0 448.268 1573.31 3146.37 3268.87 0 0 0 0 0 0 0 0 
0 0 0 0 0 128.442 767.627 1390.91 2112.47 0 0 0 0 0 0 0 0 
0 0 0 0 0 0 63.5664 514.342 574.967 0 0 0 0 0 0 0 0 
0 0 0 0 0 0 55.8666 95.2377 120.312 0 0 0 0 0 0 0 0 
0 0 0 0 0 0 0 0 63.7033 0 0 0 0 0 0 0 0 
0 0 0 0 0 0 0 15.9613 0 0 0 0 0 0 0 0 0 
0 0 0 0 0 0 0 0 0 0 0 0 0 0 0 0 0 
0 0 0 0 0 0 0 0 1.99539 0 0 0 0 0 0 0 0 
