1 0 0 0 0 0 0 0 0 0 0 0 0 0 0 0 0 
0 0 0 0 0 0 0 0 0 0 0 0 0 0 0 0 0 
0 16 0 0 0 0 0 0 0 0 0 0 0 0 0 0 0 
0 0 32 0 0 0 0 0 0 0 0 0 0 0 0 0 0 
0 0 88 95.9041 23.9772 0 0 0 7.95686 0 0 0 0 0 0 0 0 
0 0 0 256.209 256.546 192.911 96.8138 63.6515 0 0 0 0 0 0 0 0 0 
0 0 0 207.886 734.829 686.116 702.571 623.442 766.171 0 0 0 0 0 0 0 0 
0 0 0 0 576.775 1665.06 1819.14 1917.58 1596.47 0 0 0 0 0 0 0 0 
0 0 0 0 227.873 1247.7 2934.64 3680.93 4366.08 0 0 0 0 0 0 0 0 
0 0 0 0 0 447.917 1569.41 3146.24 3258.85 0 0 0 0 0 0 0 0 
0 0 0 0 0 128.298 765.816 1381.76 2113.19 0 0 0 0 0 0 0 0 
0 0 0 0 0 0 63.5303 514.423 575.861 0 0 0 0 0 0 0 0 
0 0 0 0 0 0 56.0765 95.9439 119.188 0 0 0 0 0 0 0 0 
0 0 0 0 0 0 0 0 64.2297 0 0 0 0 0 0 0 0 
0 0 0 0 0 0 0 16.0248 0 0 0 0 0 0 0 0 0 
0 0 0 0 0 0 0 0 0 0 0 0 0 0 0 0 0 
0 0 0 0 0 0 0 0 2.00283 0 0 0 0 0 0 0 0 
