1 0 0 0 0 0 0 0 0 0 0 0 0 0 0 0 1 
0 0 0 0 0 0 0 0 0 0 0 0 0 0 0 0 0 
0 16 0 0 0 0 0 0 0 0 0 0 0 0 0 16 0 
0 0 31.7415 0 0 0 0 0 0 0 0 0 0 0 31.8099 0 0 
0 0 88.2585 96.7294 24.2394 0 0 0 8.14696 0 0 0 23.8403 94.609 88.1901 0 0 
0 0 0 256.208 258.868 197.252 95.7081 64.4634 0 65.0799 96.7548 189.12 254.151 260.457 0 0 0 
0 0 0 207.062 743.019 691.74 705.549 614.105 768.318 625.346 702.945 688.618 747.259 204.934 0 0 0 
0 0 0 0 569.171 1658.24 1825.31 1930.3 1599.72 1919.31 1838.25 1676.48 571.653 0 0 0 0 
0 0 0 0 224.702 1243.51 2921.67 3680.62 4348.79 3693.99 2922.25 1242.69 223.097 0 0 0 0 
0 0 0 0 0 448.959 1571.43 3135.56 3274.3 3132.26 1573.78 446.132 0 0 0 0 0 
0 0 0 0 0 128.301 767.928 1389.84 2104.51 1382.2 754.841 124.956 0 0 0 0 0 
0 0 0 0 0 0 63.8589 511.161 578.084 509.541 64.1473 0 0 0 0 0 0 
0 0 0 0 0 0 56.5439 97.8742 120.799 96.1829 55.0303 0 0 0 0 0 0 
0 0 0 0 0 0 0 0 65.271 0 0 0 0 0 0 0 0 
0 0 0 0 0 0 0 16.0811 0 16.0937 0 0 0 0 0 0 0 
0 0 0 0 0 0 0 0 0 0 0 0 0 0 0 0 0 
0 0 0 0 0 0 0 0 2.0645 0 0 0 0 0 0 0 0 
