1 0 0 0 0 0 0 0 0 0 0 0 0 0 0 0 1 
0 0 0 0 0 0 0 0 0 0 0 0 0 0 0 0 0 
0 16 0 0 0 0 0 0 0 0 0 0 0 0 0 16 0 
0 0 31.9355 0 0 0 0 0 0 0 0 0 0 0 32.2546 0 0 
0 0 88.0645 97.0957 23.7411 0 0 0 8.27758 0 0 0 24.0922 97.5928 87.7454 0 0 
0 0 0 255.016 254.604 190.935 93.9848 63.9415 0 64.0306 95.4891 191.866 260.331 254.815 0 0 0 
0 0 0 207.888 742.54 688.115 708.3 621.108 766.324 621.886 711.261 696.826 735.096 207.592 0 0 0 
0 0 0 0 572.019 1665.48 1837.7 1947.94 1624.59 1932.06 1815.04 1667.83 573.623 0 0 0 0 
0 0 0 0 227.096 1249.73 2916.21 3678.11 4342.05 3666.2 2942.23 1238.74 226.857 0 0 0 0 
0 0 0 0 0 447.069 1564.46 3135.78 3270.88 3130.74 1557.08 444.573 0 0 0 0 0 
0 0 0 0 0 126.674 768.133 1370.36 2098.6 1403.16 768.254 128.165 0 0 0 0 0 
0 0 0 0 0 0 63.8299 512.963 573.377 512.391 63.1709 0 0 0 0 0 0 
0 0 0 0 0 0 55.3811 93.7136 120.648 93.9484 55.4738 0 0 0 0 0 0 
0 0 0 0 0 0 0 0 63.2942 0 0 0 0 0 0 0 0 
0 0 0 0 0 0 0 16.0861 0 15.5828 0 0 0 0 0 0 0 
0 0 0 0 0 0 0 0 0 0 0 0 0 0 0 0 0 
0 0 0 0 0 0 0 0 1.96146 0 0 0 0 0 0 0 0 
