1 0 0 0 0 0 0 0 0 0 0 0 0 0 0 0 1 
0 0 0 0 0 0 0 0 0 0 0 0 0 0 0 0 0 
0 16 0 0 0 0 0 0 0 0 0 0 0 0 0 16 0 
0 0 31.8472 0 0 0 0 0 0 0 0 0 0 0 31.7503 0 0 
0 0 88.1528 95.8682 23.9179 0 0 0 7.89808 0 0 0 24.8951 95.7464 88.2497 0 0 
0 0 0 251.944 258.018 194.193 96.9311 63.7473 0 62.9971 97.498 191.344 256.36 253.328 0 0 0 
0 0 0 212.188 748.235 695.267 705.612 619.645 797.487 618.647 696.137 676.289 732.697 210.926 0 0 0 
0 0 0 0 560.113 1648.73 1811.8 1897.42 1610.76 1906.22 1788.78 1700.61 578.626 0 0 0 0 
0 0 0 0 229.716 1246.53 2942.94 3619.59 4369.38 3708.73 2996.53 1227.47 227.423 0 0 0 0 
0 0 0 0 0 458.035 1568.6 3221.63 3224.9 3153.25 1538.48 441.755 0 0 0 0 0 
0 0 0 0 0 125.246 760.722 1391.13 2089.48 1365.55 772.816 130.53 0 0 0 0 0 
0 0 0 0 0 0 64.9788 513.647 584.948 513.133 62.6832 0 0 0 0 0 0 
0 0 0 0 0 0 56.4132 97.0547 119.728 95.4129 55.0852 0 0 0 0 0 0 
0 0 0 0 0 0 0 0 63.3962 0 0 0 0 0 0 0 0 
0 0 0 0 0 0 0 16.141 0 16.0582 0 0 0 0 0 0 0 
0 0 0 0 0 0 0 0 0 0 0 0 0 0 0 0 0 
0 0 0 0 0 0 0 0 2.02412 0 0 0 0 0 0 0 0 
