1 0 0 0 0 0 0 0 0 0 0 0 0 0 0 0 1 
0 0 0 0 0 0 0 0 0 0 0 0 0 0 0 0 0 
0 16 0 0 0 0 0 0 0 0 0 0 0 0 0 16 0 
0 0 32.1403 0 0 0 0 0 0 0 0 0 0 0 32.5002 0 0 
0 0 87.8597 95.9275 24.6814 0 0 0 7.90471 0 0 0 24.4782 94.8228 87.4998 0 0 
0 0 0 253.742 259.873 188.086 95.7233 64.0593 0 64.4767 94.6881 192.29 255.439 259.354 0 0 0 
0 0 0 210.33 729.759 653.346 683.088 636.9 738.091 635.632 712.31 703.634 724.275 205.823 0 0 0 
0 0 0 0 573.084 1660.66 1811.55 1956.71 1546.52 1929.49 1803.34 1663.7 586.819 0 0 0 0 
0 0 0 0 232.603 1288.27 2949.16 3702.51 4435.02 3686.63 2895.6 1240.33 228.989 0 0 0 0 
0 0 0 0 0 445.484 1583.85 3052.05 3239.74 3095.71 1612.88 441.836 0 0 0 0 0 
0 0 0 0 0 132.162 764.543 1401.19 2146.87 1402.72 766.593 126.213 0 0 0 0 0 
0 0 0 0 0 0 64.463 515.39 571.659 512.148 66.4592 0 0 0 0 0 0 
0 0 0 0 0 0 55.6231 95.4378 120.497 97.3161 56.1371 0 0 0 0 0 0 
0 0 0 0 0 0 0 0 61.7871 0 0 0 0 0 0 0 0 
0 0 0 0 0 0 0 15.7569 0 15.8838 0 0 0 0 0 0 0 
0 0 0 0 0 0 0 0 0 0 0 0 0 0 0 0 0 
0 0 0 0 0 0 0 0 1.9205 0 0 0 0 0 0 0 0 
