1 0 0 0 0 0 0 0 0 0 0 0 0 0 0 0 0 
0 0 0 0 0 0 0 0 0 0 0 0 0 0 0 0 0 
0 16 0 0 0 0 0 0 0 0 0 0 0 0 0 0 0 
0 0 32 0 0 0 0 0 0 0 0 0 0 0 0 0 0 
0 0 88 95.7973 23.9493 0 0 0 7.64336 0 0 0 0 0 0 0 0 
0 0 0 256.405 260.779 190.878 95.195 61.1469 0 0 0 0 0 0 0 0 0 
0 0 0 207.797 727.12 688.778 707.256 638.097 768.103 0 0 0 0 0 0 0 0 
0 0 0 0 579.627 1662.77 1841.67 1926.71 1605.11 0 0 0 0 0 0 0 0 
0 0 0 0 228.525 1249.26 2894.15 3663.37 4352.52 0 0 0 0 0 0 0 0 
0 0 0 0 0 451.68 1572.27 3127.63 3261.87 0 0 0 0 0 0 0 0 
0 0 0 0 0 124.638 776.718 1381.57 2110.08 0 0 0 0 0 0 0 0 
0 0 0 0 0 0 66.8965 525.084 578.187 0 0 0 0 0 0 0 0 
0 0 0 0 0 0 53.8434 101.008 118.938 0 0 0 0 0 0 0 0 
0 0 0 0 0 0 0 0 65.6303 0 0 0 0 0 0 0 0 
0 0 0 0 0 0 0 15.3838 0 0 0 0 0 0 0 0 0 
0 0 0 0 0 0 0 0 0 0 0 0 0 0 0 0 0 
0 0 0 0 0 0 0 0 1.92298 0 0 0 0 0 0 0 0 
