1 0 0 0 0 0 0 0 0 0 0 0 0 0 0 0 0 
0 0 0 0 0 0 0 0 0 0 0 0 0 0 0 0 0 
0 16 0 0 0 0 0 0 0 0 0 0 0 0 0 0 0 
0 0 32 0 0 0 0 0 0 0 0 0 0 0 0 0 0 
0 0 88 96.3253 24.0813 0 0 0 8.48584 0 0 0 0 0 0 0 0 
0 0 0 255.349 257.53 194.623 97.0354 67.8867 0 0 0 0 0 0 0 0 0 
0 0 0 208.325 734.739 689.165 713.544 619.573 772.691 0 0 0 0 0 0 0 0 
0 0 0 0 573.606 1655.94 1819.29 1923.33 1619.27 0 0 0 0 0 0 0 0 
0 0 0 0 230.043 1251.61 2910.41 3663.5 4320.59 0 0 0 0 0 0 0 0 
0 0 0 0 0 447.2 1573.64 3168.4 3257.7 0 0 0 0 0 0 0 0 
0 0 0 0 0 129.468 774.026 1364.08 2130.54 0 0 0 0 0 0 0 0 
0 0 0 0 0 0 64.4545 519.109 573.533 0 0 0 0 0 0 0 0 
0 0 0 0 0 0 55.6067 98.2329 118.702 0 0 0 0 0 0 0 0 
0 0 0 0 0 0 0 0 66.5037 0 0 0 0 0 0 0 0 
0 0 0 0 0 0 0 15.8876 0 0 0 0 0 0 0 0 0 
0 0 0 0 0 0 0 0 0 0 0 0 0 0 0 0 0 
0 0 0 0 0 0 0 0 1.98595 0 0 0 0 0 0 0 0 
