1 0 0 0 0 0 0 0 0 0 0 0 0 0 0 0 0 0 0 0 0 0 0 0 0 0 0 0 0 0 0 0 0 0 0 0 0 0 0 0 0 0 0 0 0 0 0 0 0 0 0 0 0 0 0 0 0 0 0 0 0 0 0 0 1 
0 0 0 0 0 0 0 0 0 0 0 0 0 0 0 0 0 0 0 0 0 0 0 0 0 0 0 0 0 0 0 0 0 0 0 0 0 0 0 0 0 0 0 0 0 0 0 0 0 0 0 0 0 0 0 0 0 0 0 0 0 0 0 0 0 
0 64 0 0 0 0 0 0 0 0 0 0 0 0 0 0 0 0 0 0 0 0 0 0 0 0 0 0 0 0 0 0 0 0 0 0 0 0 0 0 0 0 0 0 0 0 0 0 0 0 0 0 0 0 0 0 0 0 0 0 0 0 0 0 0 
0 0 128 0 0 0 0 0 0 0 0 0 0 0 0 0 0 0 0 0 0 0 0 0 0 0 0 0 0 0 0 0 0 0 0 0 0 0 0 0 0 0 0 0 0 0 0 0 0 0 0 0 0 0 0 0 0 0 0 0 0 0 0 0 0 
0 0 1888 385.662 65.8258 0 0 0 0 0 0 0 0 0 0 0 0 0 0 0 0 0 0 0 0 0 0 0 0 0 0 0 0 0 0 0 0 0 0 0 0 0 0 0 0 0 0 0 0 0 0 0 0 0 0 0 0 0 0 0 0 0 0 0 0 
0 0 0 7164.68 1189.17 503.936 129.677 0 0 0 0 0 0 0 0 0 0 0 0 0 0 0 0 0 0 0 0 0 0 0 0 0 0 0 0 0 0 0 0 0 0 0 0 0 0 0 0 0 0 0 0 0 0 0 0 0 0 0 0 0 0 0 0 0 0 
0 0 0 34113.7 27040.5 7028.89 2460.25 1310.26 358.306 60.9236 0 0 0 0 0 0 0 0 0 0 0 0 0 0 0 0 0 0 0 0 0 0 0 0 0 0 0 0 0 0 0 0 0 0 0 0 0 0 0 0 0 0 0 0 0 0 0 0 0 0 0 0 0 0 0 
0 0 0 0 184136 96976.2 42772.3 16970.8 8993.25 4551.99 2043 407.318 133.331 0 0 0 0 0 0 0 0 0 0 0 0 0 0 0 0 0 0 0 0 0 0 0 0 0 0 0 0 0 0 0 0 0 0 0 0 0 0 0 0 0 0 0 0 0 0 0 0 0 0 0 0 
0 0 0 0 422944 825517 406259 226565 118001 59068.1 34555.7 19759.1 9727.11 4940.15 1610.59 344.852 73.2799 0 0 0 0 0 0 0 15.7597 0 0 0 0 0 0 0 18.4902 0 0 0 0 0 0 0 0 0 0 0 0 0 0 0 0 0 0 0 0 0 0 0 0 0 0 0 0 0 0 0 0 
0 0 0 0 0 2.86836e+06 3.33904e+06 2.02005e+06 1.15851e+06 718751 435704 259748 164549 101053 59936.1 27273.8 13742.8 6232.27 3169.58 835.142 281.668 234.35 237.282 286.684 0 286.199 273.401 230.392 225.205 226.303 218.315 292.913 0 0 0 0 0 0 0 0 0 0 0 0 0 0 0 0 0 0 0 0 0 0 0 0 0 0 0 0 0 0 0 0 0 
0 0 0 0 0 3.82612e+06 1.45974e+07 1.34084e+07 9.25088e+06 6.25605e+06 4.02405e+06 2.94341e+06 1.91313e+06 1.16473e+06 772936 575635 350866 221594 123788 73260 35052.1 20856.8 18707.2 10182.2 14690 12594.7 9784.56 8432.72 9002.09 9633.35 10931.2 8083 10924.3 0 0 0 0 0 0 0 0 0 0 0 0 0 0 0 0 0 0 0 0 0 0 0 0 0 0 0 0 0 0 0 0 
0 0 0 0 0 0 3.03376e+07 6.39569e+07 5.75684e+07 4.24963e+07 3.19433e+07 2.15492e+07 1.60944e+07 1.19542e+07 8.24837e+06 5.92518e+06 4.30046e+06 2.97796e+06 2.33322e+06 1.50863e+06 1.00986e+06 750310 510821 435922 311169 257515 238618 205912 199879 239260 212133 240627 208505 0 0 0 0 0 0 0 0 0 0 0 0 0 0 0 0 0 0 0 0 0 0 0 0 0 0 0 0 0 0 0 0 
0 0 0 0 0 0 2.62487e+07 1.69102e+08 2.64083e+08 2.43126e+08 1.95431e+08 1.56513e+08 1.18898e+08 8.99348e+07 7.24152e+07 5.69505e+07 4.36332e+07 3.32534e+07 2.35e+07 1.86327e+07 1.39634e+07 1.14512e+07 9.31352e+06 7.09664e+06 5.76892e+06 4.51982e+06 4.08749e+06 3.75162e+06 3.56194e+06 3.31546e+06 3.27465e+06 3.06478e+06 3.11159e+06 0 0 0 0 0 0 0 0 0 0 0 0 0 0 0 0 0 0 0 0 0 0 0 0 0 0 0 0 0 0 0 0 
0 0 0 0 0 0 0 2.32991e+08 7.82622e+08 1.07172e+09 1.03829e+09 8.92246e+08 7.45294e+08 5.95914e+08 4.91886e+08 3.98863e+08 3.26606e+08 2.55511e+08 2.09336e+08 1.66338e+08 1.37553e+08 1.21085e+08 9.24666e+07 7.63427e+07 6.63056e+07 5.69685e+07 4.86017e+07 4.48284e+07 4.3328e+07 4.04237e+07 3.73379e+07 3.71864e+07 3.7848e+07 0 0 0 0 0 0 0 0 0 0 0 0 0 0 0 0 0 0 0 0 0 0 0 0 0 0 0 0 0 0 0 0 
0 0 0 0 0 0 0 1.39493e+08 1.38587e+09 3.28248e+09 4.30569e+09 4.3803e+09 3.96569e+09 3.5429e+09 2.90942e+09 2.55904e+09 2.13433e+09 1.78067e+09 1.47763e+09 1.25254e+09 1.12286e+09 9.57708e+08 7.88481e+08 7.14631e+08 6.20633e+08 5.21995e+08 4.71662e+08 4.60833e+08 4.19705e+08 4.03472e+08 3.88798e+08 3.9362e+08 3.9145e+08 0 0 0 0 0 0 0 0 0 0 0 0 0 0 0 0 0 0 0 0 0 0 0 0 0 0 0 0 0 0 0 0 
0 0 0 0 0 0 0 0 1.34032e+09 6.70622e+09 1.31488e+10 1.67533e+10 1.79448e+10 1.74152e+10 1.58523e+10 1.39278e+10 1.24324e+10 1.09239e+10 9.36668e+09 8.64657e+09 7.4498e+09 6.34258e+09 5.62501e+09 5.07614e+09 4.57793e+09 3.99712e+09 3.71479e+09 3.69732e+09 3.39152e+09 3.21356e+09 3.245e+09 3.093e+09 3.03641e+09 0 0 0 0 0 0 0 0 0 0 0 0 0 0 0 0 0 0 0 0 0 0 0 0 0 0 0 0 0 0 0 0 
0 0 0 0 0 0 0 0 5.85166e+08 8.30303e+09 2.82753e+10 5.01582e+10 6.48674e+10 6.99142e+10 7.04621e+10 6.72262e+10 6.39081e+10 5.67566e+10 5.30783e+10 4.83444e+10 4.30763e+10 3.96572e+10 3.56415e+10 3.40452e+10 2.97392e+10 2.76339e+10 2.66145e+10 2.41424e+10 2.30988e+10 2.32145e+10 2.19661e+10 2.22476e+10 2.22146e+10 0 0 0 0 0 0 0 0 0 0 0 0 0 0 0 0 0 0 0 0 0 0 0 0 0 0 0 0 0 0 0 0 
0 0 0 0 0 0 0 0 0 5.92325e+09 4.10844e+10 1.11729e+11 1.86053e+11 2.43878e+11 2.7285e+11 2.88046e+11 2.77025e+11 2.78795e+11 2.62982e+11 2.43742e+11 2.34538e+11 2.18066e+11 1.94834e+11 1.87776e+11 1.74593e+11 1.62933e+11 1.55715e+11 1.52148e+11 1.46228e+11 1.44981e+11 1.34307e+11 1.36428e+11 1.32694e+11 0 0 0 0 0 0 0 0 0 0 0 0 0 0 0 0 0 0 0 0 0 0 0 0 0 0 0 0 0 0 0 0 
0 0 0 0 0 0 0 0 0 1.96122e+09 3.75853e+10 1.74123e+11 4.10324e+11 6.64681e+11 8.70715e+11 1.02659e+12 1.10802e+12 1.13067e+12 1.14072e+12 1.11184e+12 1.07701e+12 1.03208e+12 9.87541e+11 9.35837e+11 9.13003e+11 8.64827e+11 8.33154e+11 8.28855e+11 7.98911e+11 7.81322e+11 7.63127e+11 7.37063e+11 7.21778e+11 0 0 0 0 0 0 0 0 0 0 0 0 0 0 0 0 0 0 0 0 0 0 0 0 0 0 0 0 0 0 0 0 
0 0 0 0 0 0 0 0 0 0 2.05133e+10 1.86694e+11 6.71054e+11 1.43525e+12 2.30143e+12 3.05474e+12 3.67346e+12 4.03043e+12 4.2692e+12 4.39079e+12 4.42115e+12 4.4175e+12 4.40254e+12 4.3442e+12 4.27252e+12 4.15356e+12 4.15426e+12 3.9098e+12 3.86444e+12 3.78272e+12 3.72436e+12 3.70427e+12 3.66439e+12 0 0 0 0 0 0 0 0 0 0 0 0 0 0 0 0 0 0 0 0 0 0 0 0 0 0 0 0 0 0 0 0 
0 0 0 0 0 0 0 0 0 0 5.29037e+09 1.3122e+11 7.87609e+11 2.3991e+12 4.85901e+12 7.58373e+12 1.02692e+13 1.24949e+13 1.43472e+13 1.55584e+13 1.6273e+13 1.68131e+13 1.75176e+13 1.7563e+13 1.7625e+13 1.78025e+13 1.71758e+13 1.72494e+13 1.71689e+13 1.70215e+13 1.72503e+13 1.68861e+13 1.70178e+13 0 0 0 0 0 0 0 0 0 0 0 0 0 0 0 0 0 0 0 0 0 0 0 0 0 0 0 0 0 0 0 0 
0 0 0 0 0 0 0 0 0 0 0 5.5887e+10 6.42529e+11 2.94482e+12 7.90967e+12 1.54311e+13 2.41518e+13 3.32186e+13 4.13247e+13 4.83577e+13 5.37803e+13 5.82459e+13 6.18121e+13 6.36866e+13 6.60783e+13 6.76961e+13 6.70079e+13 7.00206e+13 6.91325e+13 6.844e+13 6.81599e+13 6.96185e+13 6.82183e+13 0 0 0 0 0 0 0 0 0 0 0 0 0 0 0 0 0 0 0 0 0 0 0 0 0 0 0 0 0 0 0 0 
0 0 0 0 0 0 0 0 0 0 0 1.15773e+10 3.56407e+11 2.64164e+12 1.00333e+13 2.50109e+13 4.70608e+13 7.41938e+13 1.01208e+14 1.28078e+14 1.5419e+14 1.77512e+14 1.9478e+14 2.11683e+14 2.22413e+14 2.2733e+14 2.39362e+14 2.43884e+14 2.46066e+14 2.52145e+14 2.51022e+14 2.49472e+14 2.51308e+14 0 0 0 0 0 0 0 0 0 0 0 0 0 0 0 0 0 0 0 0 0 0 0 0 0 0 0 0 0 0 0 0 
0 0 0 0 0 0 0 0 0 0 0 0 1.22034e+11 1.71292e+12 9.59435e+12 3.1515e+13 7.36581e+13 1.35949e+14 2.14369e+14 2.97456e+14 3.79356e+14 4.65172e+14 5.37471e+14 6.0589e+14 6.63382e+14 7.21514e+14 7.45589e+14 7.7777e+14 8.10091e+14 8.26738e+14 8.45638e+14 8.50043e+14 8.55783e+14 0 0 0 0 0 0 0 0 0 0 0 0 0 0 0 0 0 0 0 0 0 0 0 0 0 0 0 0 0 0 0 0 
0 0 0 0 0 0 0 0 0 0 0 0 2.05435e+10 7.60007e+11 6.77221e+12 3.10122e+13 9.26203e+13 2.04352e+14 3.72033e+14 5.85724e+14 8.29562e+14 1.06079e+15 1.32366e+15 1.55664e+15 1.77637e+15 1.94423e+15 2.11806e+15 2.26456e+15 2.34326e+15 2.43326e+15 2.53072e+15 2.56698e+15 2.55325e+15 0 0 0 0 0 0 0 0 0 0 0 0 0 0 0 0 0 0 0 0 0 0 0 0 0 0 0 0 0 0 0 0 
0 0 0 0 0 0 0 0 0 0 0 0 0 2.13148e+11 3.5447e+12 2.33283e+13 9.11328e+13 2.51556e+14 5.41081e+14 9.63065e+14 1.50339e+15 2.15217e+15 2.8091e+15 3.48364e+15 4.13985e+15 4.73537e+15 5.35051e+15 5.74279e+15 6.22551e+15 6.52898e+15 6.7101e+15 6.89469e+15 6.86969e+15 0 0 0 0 0 0 0 0 0 0 0 0 0 0 0 0 0 0 0 0 0 0 0 0 0 0 0 0 0 0 0 0 
0 0 0 0 0 0 0 0 0 0 0 0 0 2.98418e+10 1.27109e+12 1.34152e+13 7.12803e+13 2.48818e+14 6.32703e+14 1.32543e+15 2.33491e+15 3.6522e+15 5.19892e+15 6.89686e+15 8.58234e+15 1.03044e+16 1.18682e+16 1.33794e+16 1.45336e+16 1.55302e+16 1.61733e+16 1.67581e+16 1.70379e+16 0 0 0 0 0 0 0 0 0 0 0 0 0 0 0 0 0 0 0 0 0 0 0 0 0 0 0 0 0 0 0 0 
0 0 0 0 0 0 0 0 0 0 0 0 0 0 3.00863e+11 5.68557e+12 4.34759e+13 1.94772e+14 6.22346e+14 1.50402e+15 3.04218e+15 5.26612e+15 8.21364e+15 1.16939e+16 1.55674e+16 1.9651e+16 2.35107e+16 2.71336e+16 3.01957e+16 3.2785e+16 3.49984e+16 3.57562e+16 3.63146e+16 0 0 0 0 0 0 0 0 0 0 0 0 0 0 0 0 0 0 0 0 0 0 0 0 0 0 0 0 0 0 0 0 
0 0 0 0 0 0 0 0 0 0 0 0 0 0 3.57377e+10 1.70434e+12 2.03549e+13 1.24043e+14 4.87963e+14 1.43108e+15 3.31409e+15 6.50939e+15 1.11237e+16 1.71938e+16 2.43773e+16 3.2214e+16 4.033e+16 4.82201e+16 5.55465e+16 6.15958e+16 6.58346e+16 6.84038e+16 6.9376e+16 0 0 0 0 0 0 0 0 0 0 0 0 0 0 0 0 0 0 0 0 0 0 0 0 0 0 0 0 0 0 0 0 
0 0 0 0 0 0 0 0 0 0 0 0 0 0 0 3.43748e+11 7.20638e+12 6.12279e+13 3.09729e+14 1.09555e+15 3.00695e+15 6.70345e+15 1.27668e+16 2.14348e+16 3.27773e+16 4.59759e+16 6.0694e+16 7.56179e+16 8.92555e+16 1.00773e+17 1.09713e+17 1.16717e+17 1.18256e+17 0 0 0 0 0 0 0 0 0 0 0 0 0 0 0 0 0 0 0 0 0 0 0 0 0 0 0 0 0 0 0 0 
0 0 0 0 0 0 0 0 0 0 0 0 0 0 0 3.51868e+10 1.83333e+12 2.42135e+13 1.6257e+14 7.11704e+14 2.27067e+15 5.82051e+15 1.24525e+16 2.30224e+16 3.8082e+16 5.71577e+16 7.87286e+16 1.0162e+17 1.24494e+17 1.45251e+17 1.61699e+17 1.70955e+17 1.74987e+17 0 0 0 0 0 0 0 0 0 0 0 0 0 0 0 0 0 0 0 0 0 0 0 0 0 0 0 0 0 0 0 0 
0 0 0 0 0 0 0 0 0 0 0 0 0 0 0 0 3.16809e+11 7.17458e+12 6.69319e+13 3.68707e+14 1.44484e+15 4.25528e+15 1.03266e+16 2.12701e+16 3.78835e+16 6.09058e+16 8.94469e+16 1.21879e+17 1.54359e+17 1.84047e+17 2.07782e+17 2.23611e+17 2.28059e+17 0 0 0 0 0 0 0 0 0 0 0 0 0 0 0 0 0 0 0 0 0 0 0 0 0 0 0 0 0 0 0 0 
0 0 0 0 0 0 0 0 0 0 0 0 0 0 0 0 2.88287e+10 1.58595e+12 2.23926e+13 1.61955e+14 7.59085e+14 2.65081e+15 7.24067e+15 1.64765e+16 3.23499e+16 5.62577e+16 8.8078e+16 1.2481e+17 1.64414e+17 2.02592e+17 2.34043e+17 2.54061e+17 2.62183e+17 0 0 0 0 0 0 0 0 0 0 0 0 0 0 0 0 0 0 0 0 0 0 0 0 0 0 0 0 0 0 0 0 
0 0 0 0 0 0 0 0 0 0 0 0 0 0 0 0 0 2.41226e+11 5.66968e+12 5.68355e+13 3.33059e+14 1.38377e+15 4.35027e+15 1.11154e+16 2.39282e+16 4.45544e+16 7.3855e+16 1.1125e+17 1.53496e+17 1.94164e+17 2.2824e+17 2.52611e+17 2.60318e+17 0 0 0 0 0 0 0 0 0 0 0 0 0 0 0 0 0 0 0 0 0 0 0 0 0 0 0 0 0 0 0 0 
0 0 0 0 0 0 0 0 0 0 0 0 0 0 0 0 0 1.98584e+10 1.12389e+12 1.62215e+13 1.22681e+14 6.07813e+14 2.23083e+15 6.40064e+15 1.5268e+16 3.09573e+16 5.48488e+16 8.68784e+16 1.2412e+17 1.62155e+17 1.96578e+17 2.185e+17 2.27223e+17 0 0 0 0 0 0 0 0 0 0 0 0 0 0 0 0 0 0 0 0 0 0 0 0 0 0 0 0 0 0 0 0 
0 0 0 0 0 0 0 0 0 0 0 0 0 0 0 0 0 0 1.48192e+11 3.61674e+12 3.73546e+13 2.25966e+14 9.67353e+14 3.1668e+15 8.38572e+15 1.85717e+16 3.54398e+16 5.8961e+16 8.79753e+16 1.20061e+17 1.47985e+17 1.67997e+17 1.74419e+17 0 0 0 0 0 0 0 0 0 0 0 0 0 0 0 0 0 0 0 0 0 0 0 0 0 0 0 0 0 0 0 0 
0 0 0 0 0 0 0 0 0 0 0 0 0 0 0 0 0 0 1.13218e+10 6.338e+11 9.38715e+12 7.18367e+13 3.668e+14 1.37243e+15 3.98997e+15 9.60446e+15 1.9693e+16 3.53795e+16 5.53158e+16 7.68593e+16 9.7003e+16 1.11514e+17 1.17081e+17 0 0 0 0 0 0 0 0 0 0 0 0 0 0 0 0 0 0 0 0 0 0 0 0 0 0 0 0 0 0 0 0 
0 0 0 0 0 0 0 0 0 0 0 0 0 0 0 0 0 0 0 7.58049e+10 1.84492e+12 1.92607e+13 1.16966e+14 5.05403e+14 1.68014e+15 4.45094e+15 9.76797e+15 1.8363e+16 3.03443e+16 4.40586e+16 5.73985e+16 6.69688e+16 6.99128e+16 0 0 0 0 0 0 0 0 0 0 0 0 0 0 0 0 0 0 0 0 0 0 0 0 0 0 0 0 0 0 0 0 
0 0 0 0 0 0 0 0 0 0 0 0 0 0 0 0 0 0 0 5.53371e+09 2.94827e+11 4.2698e+12 3.27109e+13 1.66679e+14 6.10843e+14 1.79461e+15 4.27538e+15 8.49328e+15 1.47144e+16 2.24684e+16 2.96347e+16 3.48632e+16 3.74439e+16 0 0 0 0 0 0 0 0 0 0 0 0 0 0 0 0 0 0 0 0 0 0 0 0 0 0 0 0 0 0 0 0 
0 0 0 0 0 0 0 0 0 0 0 0 0 0 0 0 0 0 0 0 3.17499e+10 7.67793e+11 7.76834e+12 4.65342e+13 2.00616e+14 6.36862e+14 1.6605e+15 3.5924e+15 6.5047e+15 1.00303e+16 1.38358e+16 1.66449e+16 1.74763e+16 0 0 0 0 0 0 0 0 0 0 0 0 0 0 0 0 0 0 0 0 0 0 0 0 0 0 0 0 0 0 0 0 
0 0 0 0 0 0 0 0 0 0 0 0 0 0 0 0 0 0 0 0 2.40669e+09 1.12027e+11 1.54912e+12 1.15357e+13 5.66263e+13 2.05326e+14 5.70711e+14 1.31497e+15 2.50594e+15 4.11493e+15 5.71202e+15 7.0182e+15 7.56357e+15 0 0 0 0 0 0 0 0 0 0 0 0 0 0 0 0 0 0 0 0 0 0 0 0 0 0 0 0 0 0 0 0 
0 0 0 0 0 0 0 0 0 0 0 0 0 0 0 0 0 0 0 0 0 1.14208e+10 2.58523e+11 2.48058e+12 1.41957e+13 5.85022e+13 1.80372e+14 4.40506e+14 8.79293e+14 1.48543e+15 2.15382e+15 2.68512e+15 2.87719e+15 0 0 0 0 0 0 0 0 0 0 0 0 0 0 0 0 0 0 0 0 0 0 0 0 0 0 0 0 0 0 0 0 
0 0 0 0 0 0 0 0 0 0 0 0 0 0 0 0 0 0 0 0 0 9.39069e+08 3.46501e+10 4.49949e+11 3.20623e+12 1.47323e+13 5.07196e+13 1.32775e+14 2.88601e+14 5.04122e+14 7.4678e+14 9.52556e+14 1.013e+15 0 0 0 0 0 0 0 0 0 0 0 0 0 0 0 0 0 0 0 0 0 0 0 0 0 0 0 0 0 0 0 0 
0 0 0 0 0 0 0 0 0 0 0 0 0 0 0 0 0 0 0 0 0 0 3.473e+09 6.98453e+10 6.26704e+11 3.38132e+12 1.27642e+13 3.76376e+13 8.27693e+13 1.53363e+14 2.3765e+14 3.0032e+14 3.28244e+14 0 0 0 0 0 0 0 0 0 0 0 0 0 0 0 0 0 0 0 0 0 0 0 0 0 0 0 0 0 0 0 0 
0 0 0 0 0 0 0 0 0 0 0 0 0 0 0 0 0 0 0 0 0 0 3.22423e+08 9.2211e+09 1.05558e+11 6.85036e+11 2.92777e+12 9.06002e+12 2.22209e+13 4.31771e+13 6.70615e+13 8.79301e+13 9.85419e+13 0 0 0 0 0 0 0 0 0 0 0 0 0 0 0 0 0 0 0 0 0 0 0 0 0 0 0 0 0 0 0 0 
0 0 0 0 0 0 0 0 0 0 0 0 0 0 0 0 0 0 0 0 0 0 0 9.15675e+08 1.61291e+10 1.26378e+11 6.16437e+11 2.12386e+12 5.51203e+12 1.10509e+13 1.79927e+13 2.43923e+13 2.6366e+13 0 0 0 0 0 0 0 0 0 0 0 0 0 0 0 0 0 0 0 0 0 0 0 0 0 0 0 0 0 0 0 0 
0 0 0 0 0 0 0 0 0 0 0 0 0 0 0 0 0 0 0 0 0 0 0 1.02867e+08 2.0985e+09 2.10247e+10 1.18735e+11 4.58064e+11 1.24873e+12 2.68383e+12 4.52164e+12 6.15008e+12 6.71645e+12 0 0 0 0 0 0 0 0 0 0 0 0 0 0 0 0 0 0 0 0 0 0 0 0 0 0 0 0 0 0 0 0 
0 0 0 0 0 0 0 0 0 0 0 0 0 0 0 0 0 0 0 0 0 0 0 0 2.16445e+08 3.10385e+09 2.1233e+10 9.0492e+10 2.68029e+11 6.04793e+11 1.03141e+12 1.44527e+12 1.63789e+12 0 0 0 0 0 0 0 0 0 0 0 0 0 0 0 0 0 0 0 0 0 0 0 0 0 0 0 0 0 0 0 0 
0 0 0 0 0 0 0 0 0 0 0 0 0 0 0 0 0 0 0 0 0 0 0 0 3.07144e+07 4.20186e+08 3.41928e+09 1.68423e+10 5.35148e+10 1.23717e+11 2.36457e+11 3.24201e+11 3.80671e+11 0 0 0 0 0 0 0 0 0 0 0 0 0 0 0 0 0 0 0 0 0 0 0 0 0 0 0 0 0 0 0 0 
0 0 0 0 0 0 0 0 0 0 0 0 0 0 0 0 0 0 0 0 0 0 0 0 0 4.39568e+07 5.21576e+08 2.96168e+09 1.03108e+10 2.63459e+10 4.90445e+10 6.81202e+10 7.84626e+10 0 0 0 0 0 0 0 0 0 0 0 0 0 0 0 0 0 0 0 0 0 0 0 0 0 0 0 0 0 0 0 0 
0 0 0 0 0 0 0 0 0 0 0 0 0 0 0 0 0 0 0 0 0 0 0 0 0 8.30885e+06 7.86019e+07 4.79302e+08 1.93587e+09 5.18011e+09 9.70846e+09 1.48735e+10 1.61022e+10 0 0 0 0 0 0 0 0 0 0 0 0 0 0 0 0 0 0 0 0 0 0 0 0 0 0 0 0 0 0 0 0 
0 0 0 0 0 0 0 0 0 0 0 0 0 0 0 0 0 0 0 0 0 0 0 0 0 0 7.62431e+06 8.00204e+07 3.49565e+08 9.40002e+08 2.00707e+09 2.96306e+09 3.35078e+09 0 0 0 0 0 0 0 0 0 0 0 0 0 0 0 0 0 0 0 0 0 0 0 0 0 0 0 0 0 0 0 0 
0 0 0 0 0 0 0 0 0 0 0 0 0 0 0 0 0 0 0 0 0 0 0 0 0 0 1.98652e+06 1.26727e+07 5.58298e+07 1.90735e+08 3.89163e+08 6.04612e+08 6.945e+08 0 0 0 0 0 0 0 0 0 0 0 0 0 0 0 0 0 0 0 0 0 0 0 0 0 0 0 0 0 0 0 0 
0 0 0 0 0 0 0 0 0 0 0 0 0 0 0 0 0 0 0 0 0 0 0 0 0 0 0 1.07415e+06 1.02715e+07 3.3761e+07 7.52511e+07 1.19463e+08 1.37042e+08 0 0 0 0 0 0 0 0 0 0 0 0 0 0 0 0 0 0 0 0 0 0 0 0 0 0 0 0 0 0 0 0 
0 0 0 0 0 0 0 0 0 0 0 0 0 0 0 0 0 0 0 0 0 0 0 0 0 0 0 407277 1.66222e+06 5.50109e+06 1.54941e+07 2.29559e+07 2.84059e+07 0 0 0 0 0 0 0 0 0 0 0 0 0 0 0 0 0 0 0 0 0 0 0 0 0 0 0 0 0 0 0 0 
0 0 0 0 0 0 0 0 0 0 0 0 0 0 0 0 0 0 0 0 0 0 0 0 0 0 0 0 110850 1.19245e+06 2.4449e+06 4.64833e+06 5.28329e+06 0 0 0 0 0 0 0 0 0 0 0 0 0 0 0 0 0 0 0 0 0 0 0 0 0 0 0 0 0 0 0 0 
0 0 0 0 0 0 0 0 0 0 0 0 0 0 0 0 0 0 0 0 0 0 0 0 0 0 0 0 68942.4 168313 433462 974530 979112 0 0 0 0 0 0 0 0 0 0 0 0 0 0 0 0 0 0 0 0 0 0 0 0 0 0 0 0 0 0 0 0 
0 0 0 0 0 0 0 0 0 0 0 0 0 0 0 0 0 0 0 0 0 0 0 0 0 0 0 0 0 7601.7 111365 108714 238262 0 0 0 0 0 0 0 0 0 0 0 0 0 0 0 0 0 0 0 0 0 0 0 0 0 0 0 0 0 0 0 0 
0 0 0 0 0 0 0 0 0 0 0 0 0 0 0 0 0 0 0 0 0 0 0 0 0 0 0 0 0 9305.05 11270.7 30839.3 37588.4 0 0 0 0 0 0 0 0 0 0 0 0 0 0 0 0 0 0 0 0 0 0 0 0 0 0 0 0 0 0 0 0 
0 0 0 0 0 0 0 0 0 0 0 0 0 0 0 0 0 0 0 0 0 0 0 0 0 0 0 0 0 0 253.324 7331.35 2095.13 0 0 0 0 0 0 0 0 0 0 0 0 0 0 0 0 0 0 0 0 0 0 0 0 0 0 0 0 0 0 0 0 
0 0 0 0 0 0 0 0 0 0 0 0 0 0 0 0 0 0 0 0 0 0 0 0 0 0 0 0 0 0 922.13 385.008 1801.13 0 0 0 0 0 0 0 0 0 0 0 0 0 0 0 0 0 0 0 0 0 0 0 0 0 0 0 0 0 0 0 0 
0 0 0 0 0 0 0 0 0 0 0 0 0 0 0 0 0 0 0 0 0 0 0 0 0 0 0 0 0 0 0 0 248.245 0 0 0 0 0 0 0 0 0 0 0 0 0 0 0 0 0 0 0 0 0 0 0 0 0 0 0 0 0 0 0 0 
0 0 0 0 0 0 0 0 0 0 0 0 0 0 0 0 0 0 0 0 0 0 0 0 0 0 0 0 0 0 0 59.4923 0 0 0 0 0 0 0 0 0 0 0 0 0 0 0 0 0 0 0 0 0 0 0 0 0 0 0 0 0 0 0 0 0 
0 0 0 0 0 0 0 0 0 0 0 0 0 0 0 0 0 0 0 0 0 0 0 0 0 0 0 0 0 0 0 0 0 0 0 0 0 0 0 0 0 0 0 0 0 0 0 0 0 0 0 0 0 0 0 0 0 0 0 0 0 0 0 0 0 
0 0 0 0 0 0 0 0 0 0 0 0 0 0 0 0 0 0 0 0 0 0 0 0 0 0 0 0 0 0 0 0 1.85913 0 0 0 0 0 0 0 0 0 0 0 0 0 0 0 0 0 0 0 0 0 0 0 0 0 0 0 0 0 0 0 0 
