1 0 0 0 0 0 0 0 0 0 0 0 0 0 0 0 0 0 0 0 0 0 0 0 0 0 0 0 0 0 0 0 0 0 0 0 0 0 0 0 0 0 0 0 0 0 0 0 0 0 0 0 0 0 0 0 0 0 0 0 0 0 0 0 1 
0 0 0 0 0 0 0 0 0 0 0 0 0 0 0 0 0 0 0 0 0 0 0 0 0 0 0 0 0 0 0 0 0 0 0 0 0 0 0 0 0 0 0 0 0 0 0 0 0 0 0 0 0 0 0 0 0 0 0 0 0 0 0 0 0 
0 64 0 0 0 0 0 0 0 0 0 0 0 0 0 0 0 0 0 0 0 0 0 0 0 0 0 0 0 0 0 0 0 0 0 0 0 0 0 0 0 0 0 0 0 0 0 0 0 0 0 0 0 0 0 0 0 0 0 0 0 0 0 0 0 
0 0 128 0 0 0 0 0 0 0 0 0 0 0 0 0 0 0 0 0 0 0 0 0 0 0 0 0 0 0 0 0 0 0 0 0 0 0 0 0 0 0 0 0 0 0 0 0 0 0 0 0 0 0 0 0 0 0 0 0 0 0 0 0 0 
0 0 1888 381.614 65.1045 0 0 0 0 0 0 0 0 0 0 0 0 0 0 0 0 0 0 0 0 0 0 0 0 0 0 0 0 0 0 0 0 0 0 0 0 0 0 0 0 0 0 0 0 0 0 0 0 0 0 0 0 0 0 0 0 0 0 0 0 
0 0 0 7172.77 1073.6 478.548 114.887 0 0 0 0 0 0 0 0 0 0 0 0 0 0 0 0 0 0 0 0 0 0 0 0 0 0 0 0 0 0 0 0 0 0 0 0 0 0 0 0 0 0 0 0 0 0 0 0 0 0 0 0 0 0 0 0 0 0 
0 0 0 34109.6 27543.6 6593.29 2486.12 1400.82 369.946 70.4028 0 0 0 0 0 0 0 0 0 0 0 0 0 0 0 0 0 0 0 0 0 0 0 0 0 0 0 0 0 0 0 0 0 0 0 0 0 0 0 0 0 0 0 0 0 0 0 0 0 0 0 0 0 0 0 
0 0 0 0 183480 100163 42337.4 15701.6 8366.42 4809.7 2490.4 667.591 116.271 0 0 0 0 0 0 0 0 0 0 0 0 0 0 0 0 0 0 0 0 0 0 0 0 0 0 0 0 0 0 0 0 0 0 0 0 0 0 0 0 0 0 0 0 0 0 0 0 0 0 0 0 
0 0 0 0 423214 824282 412329 224657 123335 59978 32648.8 20232.9 10114.1 4708.17 1612.98 426.487 92.7022 0 0 0 0 0 0 0 9.40109 0 0 0 0 0 0 0 20.2079 0 0 0 0 0 0 0 0 0 0 0 0 0 0 0 0 0 0 0 0 0 0 0 0 0 0 0 0 0 0 0 0 
0 0 0 0 0 2.86314e+06 3.34628e+06 1.99835e+06 1.15857e+06 730462 464274 265375 163909 106176 59428.7 32288.3 15836.1 6636.27 2015.56 666.154 536.303 237.458 309.785 195.96 0 307.71 258.707 274.307 233.856 262.269 349.417 236.058 0 0 0 0 0 0 0 0 0 0 0 0 0 0 0 0 0 0 0 0 0 0 0 0 0 0 0 0 0 0 0 0 0 
0 0 0 0 0 3.82985e+06 1.45875e+07 1.36537e+07 9.69656e+06 6.2152e+06 4.15408e+06 2.85043e+06 1.97787e+06 1.20466e+06 870781 543664 335057 208766 134431 80739.7 46889.5 26120.6 16655.4 14774 11381.3 8489.64 8148.49 8634.17 10922.3 10786.3 10723.8 10004.5 13276.4 0 0 0 0 0 0 0 0 0 0 0 0 0 0 0 0 0 0 0 0 0 0 0 0 0 0 0 0 0 0 0 0 
0 0 0 0 0 0 3.03136e+07 6.34024e+07 5.78301e+07 4.30219e+07 3.2094e+07 2.33873e+07 1.61522e+07 1.20856e+07 8.99474e+06 5.97188e+06 4.36587e+06 3.07316e+06 2.25117e+06 1.64404e+06 1.20196e+06 832098 556987 401390 275641 249594 213860 237037 221899 233351 218800 229339 203354 0 0 0 0 0 0 0 0 0 0 0 0 0 0 0 0 0 0 0 0 0 0 0 0 0 0 0 0 0 0 0 0 
0 0 0 0 0 0 2.62697e+07 1.69446e+08 2.61655e+08 2.47114e+08 2.00572e+08 1.55483e+08 1.22274e+08 9.51089e+07 6.881e+07 5.23511e+07 4.11493e+07 3.31031e+07 2.51226e+07 1.88144e+07 1.36147e+07 1.20985e+07 9.27494e+06 7.01358e+06 5.38761e+06 4.58116e+06 4.36877e+06 4.02527e+06 3.43166e+06 3.29949e+06 3.1208e+06 3.36105e+06 3.25278e+06 0 0 0 0 0 0 0 0 0 0 0 0 0 0 0 0 0 0 0 0 0 0 0 0 0 0 0 0 0 0 0 0 
0 0 0 0 0 0 0 2.33113e+08 7.82738e+08 1.06155e+09 1.0475e+09 9.06072e+08 7.66677e+08 6.24236e+08 5.03105e+08 4.03941e+08 3.3664e+08 2.72248e+08 2.07545e+08 1.72329e+08 1.46216e+08 1.16257e+08 9.08421e+07 8.4523e+07 6.98991e+07 5.85566e+07 5.30181e+07 4.62987e+07 4.28803e+07 3.87498e+07 3.78745e+07 3.71584e+07 3.69692e+07 0 0 0 0 0 0 0 0 0 0 0 0 0 0 0 0 0 0 0 0 0 0 0 0 0 0 0 0 0 0 0 0 
0 0 0 0 0 0 0 1.39361e+08 1.38918e+09 3.29907e+09 4.26606e+09 4.36869e+09 4.0097e+09 3.53878e+09 3.01653e+09 2.60358e+09 2.10457e+09 1.767e+09 1.48271e+09 1.35662e+09 1.11193e+09 9.55213e+08 8.05639e+08 6.86667e+08 6.10204e+08 5.64062e+08 4.7445e+08 4.15466e+08 4.00361e+08 3.89612e+08 3.80103e+08 3.90014e+08 3.9775e+08 0 0 0 0 0 0 0 0 0 0 0 0 0 0 0 0 0 0 0 0 0 0 0 0 0 0 0 0 0 0 0 0 
0 0 0 0 0 0 0 0 1.33904e+09 6.68145e+09 1.31283e+10 1.67726e+10 1.76112e+10 1.71713e+10 1.58186e+10 1.41637e+10 1.25846e+10 1.09525e+10 9.70142e+09 8.40313e+09 7.3508e+09 6.39795e+09 5.53515e+09 5.29666e+09 4.87825e+09 4.16678e+09 3.90958e+09 3.48292e+09 3.32939e+09 3.22998e+09 3.17066e+09 3.06538e+09 3.12605e+09 0 0 0 0 0 0 0 0 0 0 0 0 0 0 0 0 0 0 0 0 0 0 0 0 0 0 0 0 0 0 0 0 
0 0 0 0 0 0 0 0 5.84733e+08 8.32154e+09 2.83384e+10 4.99887e+10 6.43147e+10 7.02741e+10 7.09601e+10 6.82273e+10 6.47382e+10 5.96185e+10 5.20567e+10 4.95801e+10 4.41164e+10 4.04865e+10 3.63517e+10 3.31588e+10 3.00657e+10 2.75812e+10 2.54884e+10 2.37848e+10 2.39958e+10 2.25717e+10 2.20258e+10 2.19793e+10 2.20756e+10 0 0 0 0 0 0 0 0 0 0 0 0 0 0 0 0 0 0 0 0 0 0 0 0 0 0 0 0 0 0 0 0 
0 0 0 0 0 0 0 0 0 5.91766e+09 4.11438e+10 1.1174e+11 1.85913e+11 2.40091e+11 2.72387e+11 2.84323e+11 2.86021e+11 2.73413e+11 2.63499e+11 2.40109e+11 2.29905e+11 2.18861e+11 1.9981e+11 1.84551e+11 1.75835e+11 1.64068e+11 1.55945e+11 1.50449e+11 1.47416e+11 1.38365e+11 1.37609e+11 1.36346e+11 1.36899e+11 0 0 0 0 0 0 0 0 0 0 0 0 0 0 0 0 0 0 0 0 0 0 0 0 0 0 0 0 0 0 0 0 
0 0 0 0 0 0 0 0 0 1.96217e+09 3.74638e+10 1.74797e+11 4.12938e+11 6.62604e+11 8.70449e+11 1.01979e+12 1.07354e+12 1.13985e+12 1.16093e+12 1.1157e+12 1.05532e+12 1.02683e+12 9.808e+11 9.39491e+11 8.9239e+11 8.51766e+11 8.23098e+11 8.07622e+11 7.81038e+11 7.79559e+11 7.52742e+11 7.73208e+11 7.60239e+11 0 0 0 0 0 0 0 0 0 0 0 0 0 0 0 0 0 0 0 0 0 0 0 0 0 0 0 0 0 0 0 0 
0 0 0 0 0 0 0 0 0 0 2.05572e+10 1.86148e+11 6.7209e+11 1.44825e+12 2.2935e+12 3.05068e+12 3.64209e+12 4.01375e+12 4.23129e+12 4.41946e+12 4.48529e+12 4.45192e+12 4.3217e+12 4.31557e+12 4.23165e+12 4.18623e+12 4.01361e+12 3.94468e+12 3.89491e+12 3.78228e+12 3.84724e+12 3.75179e+12 3.66018e+12 0 0 0 0 0 0 0 0 0 0 0 0 0 0 0 0 0 0 0 0 0 0 0 0 0 0 0 0 0 0 0 0 
0 0 0 0 0 0 0 0 0 0 5.29079e+09 1.30934e+11 7.82203e+11 2.39707e+12 4.84562e+12 7.58497e+12 1.0249e+13 1.24822e+13 1.43704e+13 1.55598e+13 1.66372e+13 1.71573e+13 1.7486e+13 1.74735e+13 1.74167e+13 1.72435e+13 1.74255e+13 1.75171e+13 1.7157e+13 1.68268e+13 1.62152e+13 1.65694e+13 1.67442e+13 0 0 0 0 0 0 0 0 0 0 0 0 0 0 0 0 0 0 0 0 0 0 0 0 0 0 0 0 0 0 0 0 
0 0 0 0 0 0 0 0 0 0 0 5.61903e+10 6.46307e+11 2.93805e+12 7.95581e+12 1.54698e+13 2.43548e+13 3.31249e+13 4.08803e+13 4.85431e+13 5.40714e+13 5.85292e+13 6.19652e+13 6.47814e+13 6.59754e+13 6.64617e+13 6.85443e+13 6.79008e+13 6.75306e+13 6.93404e+13 6.9143e+13 6.76922e+13 6.98098e+13 0 0 0 0 0 0 0 0 0 0 0 0 0 0 0 0 0 0 0 0 0 0 0 0 0 0 0 0 0 0 0 0 
0 0 0 0 0 0 0 0 0 0 0 1.15686e+10 3.5462e+11 2.64098e+12 1.00637e+13 2.50467e+13 4.68574e+13 7.38884e+13 1.01692e+14 1.2753e+14 1.52909e+14 1.77391e+14 1.92332e+14 2.07414e+14 2.22057e+14 2.32306e+14 2.36701e+14 2.40633e+14 2.50092e+14 2.48038e+14 2.5409e+14 2.55355e+14 2.55092e+14 0 0 0 0 0 0 0 0 0 0 0 0 0 0 0 0 0 0 0 0 0 0 0 0 0 0 0 0 0 0 0 0 
0 0 0 0 0 0 0 0 0 0 0 0 1.22729e+11 1.71666e+12 9.50244e+12 3.15252e+13 7.38719e+13 1.36299e+14 2.14632e+14 2.98521e+14 3.83686e+14 4.63772e+14 5.39184e+14 6.01914e+14 6.60104e+14 7.08103e+14 7.54455e+14 7.78193e+14 7.96253e+14 8.29431e+14 8.30591e+14 8.59556e+14 8.6631e+14 0 0 0 0 0 0 0 0 0 0 0 0 0 0 0 0 0 0 0 0 0 0 0 0 0 0 0 0 0 0 0 0 
0 0 0 0 0 0 0 0 0 0 0 0 2.05728e+10 7.57531e+11 6.80884e+12 3.08956e+13 9.27852e+13 2.0399e+14 3.71978e+14 5.88064e+14 8.22513e+14 1.06596e+15 1.32475e+15 1.56119e+15 1.76714e+15 1.95942e+15 2.11532e+15 2.27207e+15 2.38562e+15 2.45422e+15 2.52506e+15 2.53461e+15 2.57239e+15 0 0 0 0 0 0 0 0 0 0 0 0 0 0 0 0 0 0 0 0 0 0 0 0 0 0 0 0 0 0 0 0 
0 0 0 0 0 0 0 0 0 0 0 0 0 2.13957e+11 3.53408e+12 2.33761e+13 9.05093e+13 2.54125e+14 5.36366e+14 9.55636e+14 1.51027e+15 2.14633e+15 2.81693e+15 3.4916e+15 4.18976e+15 4.79412e+15 5.37842e+15 5.82344e+15 6.23299e+15 6.44836e+15 6.77271e+15 6.93087e+15 6.96586e+15 0 0 0 0 0 0 0 0 0 0 0 0 0 0 0 0 0 0 0 0 0 0 0 0 0 0 0 0 0 0 0 0 
0 0 0 0 0 0 0 0 0 0 0 0 0 2.99508e+10 1.27884e+12 1.33512e+13 7.16847e+13 2.45878e+14 6.40361e+14 1.32864e+15 2.33064e+15 3.64565e+15 5.21372e+15 6.92566e+15 8.62129e+15 1.03695e+16 1.19404e+16 1.34557e+16 1.4527e+16 1.56621e+16 1.62885e+16 1.65877e+16 1.68416e+16 0 0 0 0 0 0 0 0 0 0 0 0 0 0 0 0 0 0 0 0 0 0 0 0 0 0 0 0 0 0 0 0 
0 0 0 0 0 0 0 0 0 0 0 0 0 0 3.03586e+11 5.72235e+12 4.33808e+13 1.9579e+14 6.20228e+14 1.50485e+15 3.03471e+15 5.28976e+15 8.23731e+15 1.16817e+16 1.55152e+16 1.95217e+16 2.32837e+16 2.69772e+16 3.02891e+16 3.27114e+16 3.49305e+16 3.61439e+16 3.60877e+16 0 0 0 0 0 0 0 0 0 0 0 0 0 0 0 0 0 0 0 0 0 0 0 0 0 0 0 0 0 0 0 0 
0 0 0 0 0 0 0 0 0 0 0 0 0 0 3.6035e+10 1.72642e+12 2.03061e+13 1.23616e+14 4.86504e+14 1.43019e+15 3.32832e+15 6.47319e+15 1.10227e+16 1.70697e+16 2.43165e+16 3.20756e+16 4.04595e+16 4.82749e+16 5.5329e+16 6.12224e+16 6.56705e+16 6.80981e+16 6.9841e+16 0 0 0 0 0 0 0 0 0 0 0 0 0 0 0 0 0 0 0 0 0 0 0 0 0 0 0 0 0 0 0 0 
0 0 0 0 0 0 0 0 0 0 0 0 0 0 0 3.4481e+11 7.24235e+12 6.12328e+13 3.11509e+14 1.10165e+15 2.99318e+15 6.71331e+15 1.28122e+16 2.15493e+16 3.28542e+16 4.61262e+16 6.04491e+16 7.45247e+16 8.86157e+16 1.00786e+17 1.09389e+17 1.16224e+17 1.17269e+17 0 0 0 0 0 0 0 0 0 0 0 0 0 0 0 0 0 0 0 0 0 0 0 0 0 0 0 0 0 0 0 0 
0 0 0 0 0 0 0 0 0 0 0 0 0 0 0 3.55863e+10 1.85049e+12 2.44084e+13 1.60433e+14 7.04848e+14 2.28669e+15 5.83355e+15 1.24315e+16 2.31049e+16 3.77966e+16 5.71172e+16 7.9026e+16 1.027e+17 1.25607e+17 1.46163e+17 1.61951e+17 1.7094e+17 1.76052e+17 0 0 0 0 0 0 0 0 0 0 0 0 0 0 0 0 0 0 0 0 0 0 0 0 0 0 0 0 0 0 0 0 
0 0 0 0 0 0 0 0 0 0 0 0 0 0 0 0 3.23653e+11 7.1526e+12 6.75357e+13 3.71823e+14 1.43444e+15 4.27068e+15 1.03505e+16 2.10519e+16 3.81415e+16 6.09018e+16 8.91313e+16 1.22247e+17 1.53892e+17 1.8375e+17 2.08562e+17 2.25805e+17 2.28794e+17 0 0 0 0 0 0 0 0 0 0 0 0 0 0 0 0 0 0 0 0 0 0 0 0 0 0 0 0 0 0 0 0 
0 0 0 0 0 0 0 0 0 0 0 0 0 0 0 0 2.96434e+10 1.61589e+12 2.24383e+13 1.60177e+14 7.61516e+14 2.64164e+15 7.26323e+15 1.66659e+16 3.24058e+16 5.62006e+16 8.84493e+16 1.2433e+17 1.64337e+17 2.01857e+17 2.32029e+17 2.51826e+17 2.59297e+17 0 0 0 0 0 0 0 0 0 0 0 0 0 0 0 0 0 0 0 0 0 0 0 0 0 0 0 0 0 0 0 0 
0 0 0 0 0 0 0 0 0 0 0 0 0 0 0 0 0 2.46839e+11 5.73623e+12 5.73421e+13 3.32783e+14 1.37086e+15 4.34497e+15 1.10358e+16 2.38837e+16 4.47183e+16 7.39354e+16 1.11504e+17 1.53957e+17 1.93904e+17 2.30289e+17 2.52724e+17 2.62766e+17 0 0 0 0 0 0 0 0 0 0 0 0 0 0 0 0 0 0 0 0 0 0 0 0 0 0 0 0 0 0 0 0 
0 0 0 0 0 0 0 0 0 0 0 0 0 0 0 0 0 1.99649e+10 1.13989e+12 1.6251e+13 1.22081e+14 6.08547e+14 2.22097e+15 6.42473e+15 1.52771e+16 3.0917e+16 5.48969e+16 8.69286e+16 1.24035e+17 1.6398e+17 1.96082e+17 2.19269e+17 2.2669e+17 0 0 0 0 0 0 0 0 0 0 0 0 0 0 0 0 0 0 0 0 0 0 0 0 0 0 0 0 0 0 0 0 
0 0 0 0 0 0 0 0 0 0 0 0 0 0 0 0 0 0 1.55225e+11 3.67698e+12 3.784e+13 2.30121e+14 9.64085e+14 3.17216e+15 8.33657e+15 1.85152e+16 3.5068e+16 5.87884e+16 8.77829e+16 1.19214e+17 1.4797e+17 1.67761e+17 1.74829e+17 0 0 0 0 0 0 0 0 0 0 0 0 0 0 0 0 0 0 0 0 0 0 0 0 0 0 0 0 0 0 0 0 
0 0 0 0 0 0 0 0 0 0 0 0 0 0 0 0 0 0 1.14214e+10 6.53036e+11 9.38897e+12 7.13365e+13 3.67229e+14 1.3504e+15 4.02211e+15 9.64432e+15 1.98367e+16 3.52178e+16 5.53731e+16 7.63663e+16 9.70265e+16 1.11588e+17 1.17413e+17 0 0 0 0 0 0 0 0 0 0 0 0 0 0 0 0 0 0 0 0 0 0 0 0 0 0 0 0 0 0 0 0 
0 0 0 0 0 0 0 0 0 0 0 0 0 0 0 0 0 0 0 7.89043e+10 1.89031e+12 1.92991e+13 1.18179e+14 5.10685e+14 1.65783e+15 4.43076e+15 9.71555e+15 1.83888e+16 3.01975e+16 4.45523e+16 5.72365e+16 6.70178e+16 6.91099e+16 0 0 0 0 0 0 0 0 0 0 0 0 0 0 0 0 0 0 0 0 0 0 0 0 0 0 0 0 0 0 0 0 
0 0 0 0 0 0 0 0 0 0 0 0 0 0 0 0 0 0 0 5.55619e+09 2.99153e+11 4.28568e+12 3.30936e+13 1.67355e+14 6.16162e+14 1.79092e+15 4.29915e+15 8.60392e+15 1.47528e+16 2.21237e+16 2.95668e+16 3.48546e+16 3.73338e+16 0 0 0 0 0 0 0 0 0 0 0 0 0 0 0 0 0 0 0 0 0 0 0 0 0 0 0 0 0 0 0 0 
0 0 0 0 0 0 0 0 0 0 0 0 0 0 0 0 0 0 0 0 3.34774e+10 7.7842e+11 7.76953e+12 4.68022e+13 2.01697e+14 6.45466e+14 1.66782e+15 3.54515e+15 6.50043e+15 1.01135e+16 1.38058e+16 1.64772e+16 1.762e+16 0 0 0 0 0 0 0 0 0 0 0 0 0 0 0 0 0 0 0 0 0 0 0 0 0 0 0 0 0 0 0 0 
0 0 0 0 0 0 0 0 0 0 0 0 0 0 0 0 0 0 0 0 2.32821e+09 1.12322e+11 1.56229e+12 1.1625e+13 5.675e+13 2.03797e+14 5.779e+14 1.32852e+15 2.5373e+15 4.12438e+15 5.77066e+15 7.03513e+15 7.53277e+15 0 0 0 0 0 0 0 0 0 0 0 0 0 0 0 0 0 0 0 0 0 0 0 0 0 0 0 0 0 0 0 0 
0 0 0 0 0 0 0 0 0 0 0 0 0 0 0 0 0 0 0 0 0 1.18502e+10 2.62043e+11 2.4672e+12 1.43583e+13 5.82393e+13 1.78815e+14 4.36191e+14 8.8539e+14 1.50495e+15 2.18489e+15 2.70474e+15 2.91955e+15 0 0 0 0 0 0 0 0 0 0 0 0 0 0 0 0 0 0 0 0 0 0 0 0 0 0 0 0 0 0 0 0 
0 0 0 0 0 0 0 0 0 0 0 0 0 0 0 0 0 0 0 0 0 8.73205e+08 3.54269e+10 4.57269e+11 3.2316e+12 1.49771e+13 5.00186e+13 1.33228e+14 2.86824e+14 5.03128e+14 7.38044e+14 9.43718e+14 1.01763e+15 0 0 0 0 0 0 0 0 0 0 0 0 0 0 0 0 0 0 0 0 0 0 0 0 0 0 0 0 0 0 0 0 
0 0 0 0 0 0 0 0 0 0 0 0 0 0 0 0 0 0 0 0 0 0 3.60956e+09 7.17519e+10 6.0887e+11 3.36993e+12 1.27653e+13 3.67521e+13 8.18857e+13 1.52185e+14 2.32365e+14 3.03631e+14 3.27842e+14 0 0 0 0 0 0 0 0 0 0 0 0 0 0 0 0 0 0 0 0 0 0 0 0 0 0 0 0 0 0 0 0 
0 0 0 0 0 0 0 0 0 0 0 0 0 0 0 0 0 0 0 0 0 0 3.02025e+08 9.39847e+09 1.07561e+11 6.92327e+11 2.96689e+12 9.22133e+12 2.22965e+13 4.29224e+13 6.78989e+13 8.5959e+13 9.69347e+13 0 0 0 0 0 0 0 0 0 0 0 0 0 0 0 0 0 0 0 0 0 0 0 0 0 0 0 0 0 0 0 0 
0 0 0 0 0 0 0 0 0 0 0 0 0 0 0 0 0 0 0 0 0 0 0 9.57152e+08 1.61232e+10 1.24467e+11 6.26033e+11 2.11325e+12 5.47347e+12 1.11127e+13 1.81148e+13 2.42521e+13 2.66392e+13 0 0 0 0 0 0 0 0 0 0 0 0 0 0 0 0 0 0 0 0 0 0 0 0 0 0 0 0 0 0 0 0 
0 0 0 0 0 0 0 0 0 0 0 0 0 0 0 0 0 0 0 0 0 0 0 9.87686e+07 2.20813e+09 2.11291e+10 1.17545e+11 4.5418e+11 1.26658e+12 2.68637e+12 4.53789e+12 6.10661e+12 6.65669e+12 0 0 0 0 0 0 0 0 0 0 0 0 0 0 0 0 0 0 0 0 0 0 0 0 0 0 0 0 0 0 0 0 
0 0 0 0 0 0 0 0 0 0 0 0 0 0 0 0 0 0 0 0 0 0 0 0 2.23348e+08 3.14199e+09 2.10136e+10 8.79742e+10 2.65501e+11 6.01839e+11 1.03011e+12 1.43673e+12 1.64961e+12 0 0 0 0 0 0 0 0 0 0 0 0 0 0 0 0 0 0 0 0 0 0 0 0 0 0 0 0 0 0 0 0 
0 0 0 0 0 0 0 0 0 0 0 0 0 0 0 0 0 0 0 0 0 0 0 0 2.93009e+07 4.64254e+08 3.45156e+09 1.62902e+10 5.35418e+10 1.27156e+11 2.35735e+11 3.3473e+11 3.72496e+11 0 0 0 0 0 0 0 0 0 0 0 0 0 0 0 0 0 0 0 0 0 0 0 0 0 0 0 0 0 0 0 0 
0 0 0 0 0 0 0 0 0 0 0 0 0 0 0 0 0 0 0 0 0 0 0 0 0 4.42962e+07 5.2088e+08 2.84535e+09 1.03487e+10 2.52217e+10 4.91314e+10 6.97218e+10 7.97544e+10 0 0 0 0 0 0 0 0 0 0 0 0 0 0 0 0 0 0 0 0 0 0 0 0 0 0 0 0 0 0 0 0 
0 0 0 0 0 0 0 0 0 0 0 0 0 0 0 0 0 0 0 0 0 0 0 0 0 8.09886e+06 8.13955e+07 4.81444e+08 1.86756e+09 5.10177e+09 9.86056e+09 1.46161e+10 1.68453e+10 0 0 0 0 0 0 0 0 0 0 0 0 0 0 0 0 0 0 0 0 0 0 0 0 0 0 0 0 0 0 0 0 
0 0 0 0 0 0 0 0 0 0 0 0 0 0 0 0 0 0 0 0 0 0 0 0 0 0 7.60271e+06 7.77133e+07 3.31783e+08 9.61295e+08 1.96333e+09 2.98931e+09 3.31865e+09 0 0 0 0 0 0 0 0 0 0 0 0 0 0 0 0 0 0 0 0 0 0 0 0 0 0 0 0 0 0 0 0 
0 0 0 0 0 0 0 0 0 0 0 0 0 0 0 0 0 0 0 0 0 0 0 0 0 0 1.92915e+06 1.29959e+07 5.85209e+07 1.79444e+08 3.83522e+08 6.01144e+08 6.82058e+08 0 0 0 0 0 0 0 0 0 0 0 0 0 0 0 0 0 0 0 0 0 0 0 0 0 0 0 0 0 0 0 0 
0 0 0 0 0 0 0 0 0 0 0 0 0 0 0 0 0 0 0 0 0 0 0 0 0 0 0 1.06091e+06 1.01887e+07 3.2937e+07 7.29901e+07 1.20069e+08 1.32044e+08 0 0 0 0 0 0 0 0 0 0 0 0 0 0 0 0 0 0 0 0 0 0 0 0 0 0 0 0 0 0 0 0 
0 0 0 0 0 0 0 0 0 0 0 0 0 0 0 0 0 0 0 0 0 0 0 0 0 0 0 392011 1.72731e+06 5.70492e+06 1.43488e+07 2.27463e+07 2.80384e+07 0 0 0 0 0 0 0 0 0 0 0 0 0 0 0 0 0 0 0 0 0 0 0 0 0 0 0 0 0 0 0 0 
0 0 0 0 0 0 0 0 0 0 0 0 0 0 0 0 0 0 0 0 0 0 0 0 0 0 0 0 107737 1.18469e+06 2.44197e+06 4.5419e+06 5.29422e+06 0 0 0 0 0 0 0 0 0 0 0 0 0 0 0 0 0 0 0 0 0 0 0 0 0 0 0 0 0 0 0 0 
0 0 0 0 0 0 0 0 0 0 0 0 0 0 0 0 0 0 0 0 0 0 0 0 0 0 0 0 66869 170933 445672 941617 978508 0 0 0 0 0 0 0 0 0 0 0 0 0 0 0 0 0 0 0 0 0 0 0 0 0 0 0 0 0 0 0 0 
0 0 0 0 0 0 0 0 0 0 0 0 0 0 0 0 0 0 0 0 0 0 0 0 0 0 0 0 0 7167.51 112643 112323 231985 0 0 0 0 0 0 0 0 0 0 0 0 0 0 0 0 0 0 0 0 0 0 0 0 0 0 0 0 0 0 0 0 
0 0 0 0 0 0 0 0 0 0 0 0 0 0 0 0 0 0 0 0 0 0 0 0 0 0 0 0 0 9045.76 11361.4 30768.6 36538.7 0 0 0 0 0 0 0 0 0 0 0 0 0 0 0 0 0 0 0 0 0 0 0 0 0 0 0 0 0 0 0 0 
0 0 0 0 0 0 0 0 0 0 0 0 0 0 0 0 0 0 0 0 0 0 0 0 0 0 0 0 0 0 246.018 7418.21 1950.51 0 0 0 0 0 0 0 0 0 0 0 0 0 0 0 0 0 0 0 0 0 0 0 0 0 0 0 0 0 0 0 0 
0 0 0 0 0 0 0 0 0 0 0 0 0 0 0 0 0 0 0 0 0 0 0 0 0 0 0 0 0 0 896.435 377.907 1799.71 0 0 0 0 0 0 0 0 0 0 0 0 0 0 0 0 0 0 0 0 0 0 0 0 0 0 0 0 0 0 0 0 
0 0 0 0 0 0 0 0 0 0 0 0 0 0 0 0 0 0 0 0 0 0 0 0 0 0 0 0 0 0 0 0 248.309 0 0 0 0 0 0 0 0 0 0 0 0 0 0 0 0 0 0 0 0 0 0 0 0 0 0 0 0 0 0 0 0 
0 0 0 0 0 0 0 0 0 0 0 0 0 0 0 0 0 0 0 0 0 0 0 0 0 0 0 0 0 0 0 57.8345 0 0 0 0 0 0 0 0 0 0 0 0 0 0 0 0 0 0 0 0 0 0 0 0 0 0 0 0 0 0 0 0 0 
0 0 0 0 0 0 0 0 0 0 0 0 0 0 0 0 0 0 0 0 0 0 0 0 0 0 0 0 0 0 0 0 0 0 0 0 0 0 0 0 0 0 0 0 0 0 0 0 0 0 0 0 0 0 0 0 0 0 0 0 0 0 0 0 0 
0 0 0 0 0 0 0 0 0 0 0 0 0 0 0 0 0 0 0 0 0 0 0 0 0 0 0 0 0 0 0 0 1.80733 0 0 0 0 0 0 0 0 0 0 0 0 0 0 0 0 0 0 0 0 0 0 0 0 0 0 0 0 0 0 0 0 
