1 0 0 0 0 0 0 0 0 0 0 0 0 0 0 0 0 0 0 0 0 0 0 0 0 0 0 0 0 0 0 0 0 0 0 0 0 0 0 0 0 0 0 0 0 0 0 0 0 0 0 0 0 0 0 0 0 0 0 0 0 0 0 0 1 
0 0 0 0 0 0 0 0 0 0 0 0 0 0 0 0 0 0 0 0 0 0 0 0 0 0 0 0 0 0 0 0 0 0 0 0 0 0 0 0 0 0 0 0 0 0 0 0 0 0 0 0 0 0 0 0 0 0 0 0 0 0 0 0 0 
0 64 0 0 0 0 0 0 0 0 0 0 0 0 0 0 0 0 0 0 0 0 0 0 0 0 0 0 0 0 0 0 0 0 0 0 0 0 0 0 0 0 0 0 0 0 0 0 0 0 0 0 0 0 0 0 0 0 0 0 0 0 0 0 0 
0 0 128 0 0 0 0 0 0 0 0 0 0 0 0 0 0 0 0 0 0 0 0 0 0 0 0 0 0 0 0 0 0 0 0 0 0 0 0 0 0 0 0 0 0 0 0 0 0 0 0 0 0 0 0 0 0 0 0 0 0 0 0 0 0 
0 0 1888 381.993 63.6017 0 0 0 0 0 0 0 0 0 0 0 0 0 0 0 0 0 0 0 0 0 0 0 0 0 0 0 0 0 0 0 0 0 0 0 0 0 0 0 0 0 0 0 0 0 0 0 0 0 0 0 0 0 0 0 0 0 0 0 0 
0 0 0 7172.01 1208.57 497.844 120.877 0 0 0 0 0 0 0 0 0 0 0 0 0 0 0 0 0 0 0 0 0 0 0 0 0 0 0 0 0 0 0 0 0 0 0 0 0 0 0 0 0 0 0 0 0 0 0 0 0 0 0 0 0 0 0 0 0 0 
0 0 0 34110 27182.2 6682.12 2569.15 1382.86 366.096 61.7155 0 0 0 0 0 0 0 0 0 0 0 0 0 0 0 0 0 0 0 0 0 0 0 0 0 0 0 0 0 0 0 0 0 0 0 0 0 0 0 0 0 0 0 0 0 0 0 0 0 0 0 0 0 0 0 
0 0 0 0 183803 97760.9 42133.8 16908.5 8306.82 4055.95 2050.08 765.916 143.932 0 0 0 0 0 0 0 0 0 0 0 0 0 0 0 0 0 0 0 0 0 0 0 0 0 0 0 0 0 0 0 0 0 0 0 0 0 0 0 0 0 0 0 0 0 0 0 0 0 0 0 0 
0 0 0 0 423118 829823 413042 223403 123076 63817.7 36059 21314.8 11014.3 3997.18 1315.4 446.715 70.6994 0 0 0 0 0 0 0 15.2537 0 0 0 0 0 0 0 18.1896 0 0 0 0 0 0 0 0 0 0 0 0 0 0 0 0 0 0 0 0 0 0 0 0 0 0 0 0 0 0 0 0 
0 0 0 0 0 2.85881e+06 3.32564e+06 1.97597e+06 1.11716e+06 709890 450026 258836 162476 99913.5 60515.1 29204.6 14562.9 7288.57 2528.37 1199.86 392.379 235.768 258.201 238.095 0 331.999 294.167 214.591 233.71 265.996 287.244 335.965 0 0 0 0 0 0 0 0 0 0 0 0 0 0 0 0 0 0 0 0 0 0 0 0 0 0 0 0 0 0 0 0 0 
0 0 0 0 0 3.83093e+06 1.46442e+07 1.34588e+07 9.43134e+06 5.98864e+06 4.0006e+06 2.79857e+06 1.95548e+06 1.23691e+06 862042 591142 349068 227623 127760 67253.9 32402.5 23404.3 15862.9 9835.92 11873.7 10567.5 11209 11118.8 10281.7 10142.4 10314.1 11164.1 14190.6 0 0 0 0 0 0 0 0 0 0 0 0 0 0 0 0 0 0 0 0 0 0 0 0 0 0 0 0 0 0 0 0 
0 0 0 0 0 0 3.02597e+07 6.42145e+07 5.78101e+07 4.28135e+07 3.14646e+07 2.32522e+07 1.58901e+07 1.16835e+07 8.61618e+06 6.15849e+06 4.66325e+06 3.14088e+06 2.14056e+06 1.49574e+06 1.16183e+06 777076 510497 372116 280204 248519 228847 221609 222532 227926 226157 265597 236633 0 0 0 0 0 0 0 0 0 0 0 0 0 0 0 0 0 0 0 0 0 0 0 0 0 0 0 0 0 0 0 0 
0 0 0 0 0 0 2.62869e+07 1.69067e+08 2.63501e+08 2.48632e+08 1.9753e+08 1.57207e+08 1.21169e+08 9.24587e+07 7.14026e+07 5.57567e+07 4.14047e+07 3.14801e+07 2.43141e+07 1.83492e+07 1.45582e+07 1.15339e+07 8.77192e+06 6.7251e+06 5.44876e+06 5.07562e+06 4.66097e+06 3.77094e+06 3.3441e+06 3.31307e+06 3.38451e+06 3.4749e+06 3.25659e+06 0 0 0 0 0 0 0 0 0 0 0 0 0 0 0 0 0 0 0 0 0 0 0 0 0 0 0 0 0 0 0 0 
0 0 0 0 0 0 0 2.32325e+08 7.85142e+08 1.07203e+09 1.04782e+09 9.03789e+08 7.70087e+08 6.33426e+08 5.11296e+08 4.12444e+08 3.34769e+08 2.56818e+08 2.06771e+08 1.71679e+08 1.38997e+08 1.13867e+08 9.25337e+07 7.56287e+07 6.4123e+07 5.91037e+07 5.20238e+07 4.44105e+07 4.10081e+07 3.99881e+07 3.89324e+07 3.74725e+07 4.07301e+07 0 0 0 0 0 0 0 0 0 0 0 0 0 0 0 0 0 0 0 0 0 0 0 0 0 0 0 0 0 0 0 0 
0 0 0 0 0 0 0 1.39933e+08 1.38274e+09 3.29934e+09 4.29926e+09 4.39197e+09 4.00901e+09 3.51814e+09 2.97178e+09 2.60962e+09 2.22874e+09 1.94269e+09 1.55592e+09 1.24511e+09 1.03813e+09 9.34991e+08 8.21292e+08 6.97416e+08 6.28015e+08 5.54947e+08 4.73197e+08 4.38115e+08 4.12903e+08 3.85071e+08 3.96149e+08 4.0186e+08 3.77561e+08 0 0 0 0 0 0 0 0 0 0 0 0 0 0 0 0 0 0 0 0 0 0 0 0 0 0 0 0 0 0 0 0 
0 0 0 0 0 0 0 0 1.33931e+09 6.6831e+09 1.31666e+10 1.70502e+10 1.78889e+10 1.71447e+10 1.61095e+10 1.41681e+10 1.25274e+10 1.11463e+10 9.8628e+09 8.28594e+09 7.51796e+09 6.67908e+09 5.77039e+09 5.22375e+09 4.64118e+09 4.17415e+09 3.8119e+09 3.64564e+09 3.33903e+09 3.306e+09 3.20136e+09 3.0097e+09 2.96113e+09 0 0 0 0 0 0 0 0 0 0 0 0 0 0 0 0 0 0 0 0 0 0 0 0 0 0 0 0 0 0 0 0 
0 0 0 0 0 0 0 0 5.86983e+08 8.27266e+09 2.83844e+10 5.05256e+10 6.52211e+10 7.19975e+10 7.24942e+10 6.75778e+10 6.4508e+10 6.0142e+10 5.33062e+10 4.87849e+10 4.42677e+10 4.01695e+10 3.67287e+10 3.33875e+10 3.08923e+10 2.7481e+10 2.66945e+10 2.48093e+10 2.40031e+10 2.25265e+10 2.26479e+10 2.19495e+10 2.17418e+10 0 0 0 0 0 0 0 0 0 0 0 0 0 0 0 0 0 0 0 0 0 0 0 0 0 0 0 0 0 0 0 0 
0 0 0 0 0 0 0 0 0 5.95131e+09 4.08873e+10 1.10929e+11 1.8697e+11 2.42555e+11 2.71186e+11 2.82523e+11 2.83982e+11 2.71052e+11 2.68518e+11 2.4342e+11 2.28559e+11 2.15067e+11 1.99624e+11 1.92844e+11 1.74749e+11 1.6373e+11 1.52402e+11 1.50314e+11 1.44415e+11 1.41422e+11 1.36362e+11 1.34107e+11 1.34227e+11 0 0 0 0 0 0 0 0 0 0 0 0 0 0 0 0 0 0 0 0 0 0 0 0 0 0 0 0 0 0 0 0 
0 0 0 0 0 0 0 0 0 1.96393e+09 3.75495e+10 1.73877e+11 4.12287e+11 6.70969e+11 8.80609e+11 1.01507e+12 1.07476e+12 1.11933e+12 1.10795e+12 1.09398e+12 1.05103e+12 1.01297e+12 9.90291e+11 9.69098e+11 8.87493e+11 8.85645e+11 8.16247e+11 8.06705e+11 7.91382e+11 7.69606e+11 7.51862e+11 7.52096e+11 7.48624e+11 0 0 0 0 0 0 0 0 0 0 0 0 0 0 0 0 0 0 0 0 0 0 0 0 0 0 0 0 0 0 0 0 
0 0 0 0 0 0 0 0 0 0 2.06099e+10 1.86946e+11 6.67878e+11 1.44333e+12 2.31408e+12 3.08477e+12 3.66861e+12 4.03328e+12 4.25257e+12 4.37408e+12 4.35517e+12 4.39204e+12 4.30211e+12 4.22499e+12 4.20475e+12 4.07715e+12 4.07092e+12 3.93043e+12 3.81204e+12 3.73264e+12 3.79127e+12 3.82679e+12 3.81097e+12 0 0 0 0 0 0 0 0 0 0 0 0 0 0 0 0 0 0 0 0 0 0 0 0 0 0 0 0 0 0 0 0 
0 0 0 0 0 0 0 0 0 0 5.29494e+09 1.30869e+11 7.84523e+11 2.38978e+12 4.83673e+12 7.65634e+12 1.03486e+13 1.25903e+13 1.44969e+13 1.57335e+13 1.64382e+13 1.70314e+13 1.74534e+13 1.74741e+13 1.73679e+13 1.7343e+13 1.7229e+13 1.7107e+13 1.69677e+13 1.70937e+13 1.71793e+13 1.67284e+13 1.66653e+13 0 0 0 0 0 0 0 0 0 0 0 0 0 0 0 0 0 0 0 0 0 0 0 0 0 0 0 0 0 0 0 0 
0 0 0 0 0 0 0 0 0 0 0 5.63146e+10 6.44393e+11 2.92232e+12 7.94842e+12 1.54377e+13 2.41944e+13 3.34949e+13 4.12745e+13 4.81001e+13 5.37779e+13 5.80077e+13 6.08759e+13 6.33305e+13 6.55005e+13 6.72117e+13 6.74093e+13 6.67785e+13 6.72704e+13 6.76991e+13 6.71924e+13 6.89874e+13 6.82072e+13 0 0 0 0 0 0 0 0 0 0 0 0 0 0 0 0 0 0 0 0 0 0 0 0 0 0 0 0 0 0 0 0 
0 0 0 0 0 0 0 0 0 0 0 1.1605e+10 3.56737e+11 2.65202e+12 1.00076e+13 2.50455e+13 4.71287e+13 7.35007e+13 1.02203e+14 1.30357e+14 1.53853e+14 1.7306e+14 1.92888e+14 2.09203e+14 2.19882e+14 2.28836e+14 2.36785e+14 2.449e+14 2.4797e+14 2.51444e+14 2.50616e+14 2.55686e+14 2.59045e+14 0 0 0 0 0 0 0 0 0 0 0 0 0 0 0 0 0 0 0 0 0 0 0 0 0 0 0 0 0 0 0 0 
0 0 0 0 0 0 0 0 0 0 0 0 1.22756e+11 1.7157e+12 9.52973e+12 3.1337e+13 7.40478e+13 1.35657e+14 2.13073e+14 2.97251e+14 3.86383e+14 4.71182e+14 5.4145e+14 6.09854e+14 6.60785e+14 7.04616e+14 7.44041e+14 7.84439e+14 8.01884e+14 8.21154e+14 8.41368e+14 8.40235e+14 8.39042e+14 0 0 0 0 0 0 0 0 0 0 0 0 0 0 0 0 0 0 0 0 0 0 0 0 0 0 0 0 0 0 0 0 
0 0 0 0 0 0 0 0 0 0 0 0 2.06431e+10 7.61968e+11 6.7996e+12 3.09369e+13 9.17894e+13 2.06748e+14 3.72593e+14 5.8433e+14 8.2622e+14 1.07801e+15 1.32396e+15 1.54685e+15 1.76604e+15 1.95588e+15 2.10674e+15 2.2138e+15 2.34428e+15 2.45892e+15 2.51292e+15 2.54612e+15 2.50953e+15 0 0 0 0 0 0 0 0 0 0 0 0 0 0 0 0 0 0 0 0 0 0 0 0 0 0 0 0 0 0 0 0 
0 0 0 0 0 0 0 0 0 0 0 0 0 2.14719e+11 3.55299e+12 2.34193e+13 9.12438e+13 2.50521e+14 5.3939e+14 9.59392e+14 1.49606e+15 2.12652e+15 2.82341e+15 3.48448e+15 4.19319e+15 4.82678e+15 5.32862e+15 5.82328e+15 6.21045e+15 6.48381e+15 6.71055e+15 6.84343e+15 6.90178e+15 0 0 0 0 0 0 0 0 0 0 0 0 0 0 0 0 0 0 0 0 0 0 0 0 0 0 0 0 0 0 0 0 
0 0 0 0 0 0 0 0 0 0 0 0 0 3.00913e+10 1.28294e+12 1.33905e+13 7.12445e+13 2.47138e+14 6.38379e+14 1.32671e+15 2.34539e+15 3.63593e+15 5.19479e+15 6.92642e+15 8.57555e+15 1.02794e+16 1.19593e+16 1.33559e+16 1.44642e+16 1.55612e+16 1.62383e+16 1.65168e+16 1.68164e+16 0 0 0 0 0 0 0 0 0 0 0 0 0 0 0 0 0 0 0 0 0 0 0 0 0 0 0 0 0 0 0 0 
0 0 0 0 0 0 0 0 0 0 0 0 0 0 3.03351e+11 5.72114e+12 4.36222e+13 1.95414e+14 6.17164e+14 1.5188e+15 3.03897e+15 5.3492e+15 8.17988e+15 1.16839e+16 1.55837e+16 1.93273e+16 2.32591e+16 2.68822e+16 3.03755e+16 3.2423e+16 3.45832e+16 3.58654e+16 3.62896e+16 0 0 0 0 0 0 0 0 0 0 0 0 0 0 0 0 0 0 0 0 0 0 0 0 0 0 0 0 0 0 0 0 
0 0 0 0 0 0 0 0 0 0 0 0 0 0 3.62579e+10 1.72451e+12 2.0375e+13 1.23811e+14 4.858e+14 1.41089e+15 3.31601e+15 6.42784e+15 1.11264e+16 1.71594e+16 2.42691e+16 3.23967e+16 4.02594e+16 4.82785e+16 5.51851e+16 6.16784e+16 6.57166e+16 6.91386e+16 6.95789e+16 0 0 0 0 0 0 0 0 0 0 0 0 0 0 0 0 0 0 0 0 0 0 0 0 0 0 0 0 0 0 0 0 
0 0 0 0 0 0 0 0 0 0 0 0 0 0 0 3.47239e+11 7.20934e+12 6.17499e+13 3.13357e+14 1.10121e+15 2.98724e+15 6.71647e+15 1.27991e+16 2.14794e+16 3.28562e+16 4.62913e+16 6.09372e+16 7.54087e+16 8.88608e+16 1.00892e+17 1.10026e+17 1.15443e+17 1.17931e+17 0 0 0 0 0 0 0 0 0 0 0 0 0 0 0 0 0 0 0 0 0 0 0 0 0 0 0 0 0 0 0 0 
0 0 0 0 0 0 0 0 0 0 0 0 0 0 0 3.5682e+10 1.86499e+12 2.40981e+13 1.61439e+14 7.0851e+14 2.28603e+15 5.8196e+15 1.24658e+16 2.30555e+16 3.80207e+16 5.69243e+16 7.90621e+16 1.0253e+17 1.25874e+17 1.46825e+17 1.62492e+17 1.72128e+17 1.76035e+17 0 0 0 0 0 0 0 0 0 0 0 0 0 0 0 0 0 0 0 0 0 0 0 0 0 0 0 0 0 0 0 0 
0 0 0 0 0 0 0 0 0 0 0 0 0 0 0 0 3.22457e+11 7.26865e+12 6.7351e+13 3.74929e+14 1.43839e+15 4.2751e+15 1.03117e+16 2.11441e+16 3.77864e+16 6.09116e+16 8.93548e+16 1.20977e+17 1.54733e+17 1.83105e+17 2.07563e+17 2.23055e+17 2.27775e+17 0 0 0 0 0 0 0 0 0 0 0 0 0 0 0 0 0 0 0 0 0 0 0 0 0 0 0 0 0 0 0 0 
0 0 0 0 0 0 0 0 0 0 0 0 0 0 0 0 2.87711e+10 1.61983e+12 2.23918e+13 1.60242e+14 7.62491e+14 2.63242e+15 7.22595e+15 1.65793e+16 3.25529e+16 5.59235e+16 8.76149e+16 1.25205e+17 1.62992e+17 2.01056e+17 2.33438e+17 2.54844e+17 2.62261e+17 0 0 0 0 0 0 0 0 0 0 0 0 0 0 0 0 0 0 0 0 0 0 0 0 0 0 0 0 0 0 0 0 
0 0 0 0 0 0 0 0 0 0 0 0 0 0 0 0 0 2.42541e+11 5.79615e+12 5.69123e+13 3.3528e+14 1.38678e+15 4.34033e+15 1.10792e+16 2.39563e+16 4.51514e+16 7.44042e+16 1.11677e+17 1.5317e+17 1.9472e+17 2.28521e+17 2.51121e+17 2.59594e+17 0 0 0 0 0 0 0 0 0 0 0 0 0 0 0 0 0 0 0 0 0 0 0 0 0 0 0 0 0 0 0 0 
0 0 0 0 0 0 0 0 0 0 0 0 0 0 0 0 0 1.94298e+10 1.1241e+12 1.63269e+13 1.22484e+14 6.10598e+14 2.23132e+15 6.39757e+15 1.52346e+16 3.07343e+16 5.46623e+16 8.66631e+16 1.24822e+17 1.63251e+17 1.96239e+17 2.19842e+17 2.27746e+17 0 0 0 0 0 0 0 0 0 0 0 0 0 0 0 0 0 0 0 0 0 0 0 0 0 0 0 0 0 0 0 0 
0 0 0 0 0 0 0 0 0 0 0 0 0 0 0 0 0 0 1.50205e+11 3.69565e+12 3.75537e+13 2.28205e+14 9.80809e+14 3.16085e+15 8.27986e+15 1.85269e+16 3.51585e+16 5.87651e+16 8.80122e+16 1.1885e+17 1.48328e+17 1.67465e+17 1.7315e+17 0 0 0 0 0 0 0 0 0 0 0 0 0 0 0 0 0 0 0 0 0 0 0 0 0 0 0 0 0 0 0 0 
0 0 0 0 0 0 0 0 0 0 0 0 0 0 0 0 0 0 1.10547e+10 6.36046e+11 9.27721e+12 7.19446e+13 3.65228e+14 1.38541e+15 4.02813e+15 9.59891e+15 1.98205e+16 3.53296e+16 5.53244e+16 7.78122e+16 9.76509e+16 1.11988e+17 1.18508e+17 0 0 0 0 0 0 0 0 0 0 0 0 0 0 0 0 0 0 0 0 0 0 0 0 0 0 0 0 0 0 0 0 
0 0 0 0 0 0 0 0 0 0 0 0 0 0 0 0 0 0 0 7.68597e+10 1.86723e+12 1.92792e+13 1.18225e+14 5.054e+14 1.68743e+15 4.43206e+15 9.82729e+15 1.8368e+16 3.01815e+16 4.39413e+16 5.6484e+16 6.6151e+16 6.969e+16 0 0 0 0 0 0 0 0 0 0 0 0 0 0 0 0 0 0 0 0 0 0 0 0 0 0 0 0 0 0 0 0 
0 0 0 0 0 0 0 0 0 0 0 0 0 0 0 0 0 0 0 5.3498e+09 2.91534e+11 4.25241e+12 3.2758e+13 1.66661e+14 6.14921e+14 1.80685e+15 4.23309e+15 8.54357e+15 1.48665e+16 2.21806e+16 2.97193e+16 3.54175e+16 3.72521e+16 0 0 0 0 0 0 0 0 0 0 0 0 0 0 0 0 0 0 0 0 0 0 0 0 0 0 0 0 0 0 0 0 
0 0 0 0 0 0 0 0 0 0 0 0 0 0 0 0 0 0 0 0 3.26335e+10 7.71456e+11 7.86506e+12 4.70516e+13 1.99543e+14 6.46264e+14 1.67695e+15 3.56474e+15 6.40888e+15 1.01146e+16 1.39069e+16 1.64738e+16 1.74834e+16 0 0 0 0 0 0 0 0 0 0 0 0 0 0 0 0 0 0 0 0 0 0 0 0 0 0 0 0 0 0 0 0 
0 0 0 0 0 0 0 0 0 0 0 0 0 0 0 0 0 0 0 0 2.2722e+09 1.11491e+11 1.55595e+12 1.16327e+13 5.7421e+13 2.04925e+14 5.75351e+14 1.30885e+15 2.52108e+15 4.10491e+15 5.73343e+15 6.98426e+15 7.55736e+15 0 0 0 0 0 0 0 0 0 0 0 0 0 0 0 0 0 0 0 0 0 0 0 0 0 0 0 0 0 0 0 0 
0 0 0 0 0 0 0 0 0 0 0 0 0 0 0 0 0 0 0 0 0 1.16668e+10 2.57539e+11 2.47936e+12 1.42176e+13 5.80923e+13 1.80425e+14 4.44212e+14 8.89974e+14 1.48489e+15 2.1733e+15 2.70913e+15 2.87297e+15 0 0 0 0 0 0 0 0 0 0 0 0 0 0 0 0 0 0 0 0 0 0 0 0 0 0 0 0 0 0 0 0 
0 0 0 0 0 0 0 0 0 0 0 0 0 0 0 0 0 0 0 0 0 8.62569e+08 3.46587e+10 4.5323e+11 3.21609e+12 1.46631e+13 5.01262e+13 1.33119e+14 2.82118e+14 5.03644e+14 7.46612e+14 9.49683e+14 1.02959e+15 0 0 0 0 0 0 0 0 0 0 0 0 0 0 0 0 0 0 0 0 0 0 0 0 0 0 0 0 0 0 0 0 
0 0 0 0 0 0 0 0 0 0 0 0 0 0 0 0 0 0 0 0 0 0 3.62987e+09 7.13249e+10 6.30545e+11 3.41148e+12 1.26027e+13 3.62673e+13 8.3658e+13 1.5201e+14 2.33494e+14 2.99241e+14 3.2075e+14 0 0 0 0 0 0 0 0 0 0 0 0 0 0 0 0 0 0 0 0 0 0 0 0 0 0 0 0 0 0 0 0 
0 0 0 0 0 0 0 0 0 0 0 0 0 0 0 0 0 0 0 0 0 0 2.98222e+08 9.28352e+09 1.0642e+11 6.94335e+11 2.94461e+12 9.08173e+12 2.22934e+13 4.2569e+13 6.69469e+13 8.92484e+13 9.79163e+13 0 0 0 0 0 0 0 0 0 0 0 0 0 0 0 0 0 0 0 0 0 0 0 0 0 0 0 0 0 0 0 0 
0 0 0 0 0 0 0 0 0 0 0 0 0 0 0 0 0 0 0 0 0 0 0 9.68374e+08 1.63607e+10 1.27471e+11 6.24936e+11 2.10247e+12 5.41163e+12 1.10624e+13 1.81733e+13 2.3967e+13 2.67803e+13 0 0 0 0 0 0 0 0 0 0 0 0 0 0 0 0 0 0 0 0 0 0 0 0 0 0 0 0 0 0 0 0 
0 0 0 0 0 0 0 0 0 0 0 0 0 0 0 0 0 0 0 0 0 0 0 9.20728e+07 2.19281e+09 2.04069e+10 1.19646e+11 4.50882e+11 1.2402e+12 2.64637e+12 4.3868e+12 5.97653e+12 6.64575e+12 0 0 0 0 0 0 0 0 0 0 0 0 0 0 0 0 0 0 0 0 0 0 0 0 0 0 0 0 0 0 0 0 
0 0 0 0 0 0 0 0 0 0 0 0 0 0 0 0 0 0 0 0 0 0 0 0 2.26114e+08 3.16352e+09 2.09268e+10 9.00942e+10 2.61153e+11 5.8629e+11 1.05092e+12 1.4548e+12 1.63322e+12 0 0 0 0 0 0 0 0 0 0 0 0 0 0 0 0 0 0 0 0 0 0 0 0 0 0 0 0 0 0 0 0 
0 0 0 0 0 0 0 0 0 0 0 0 0 0 0 0 0 0 0 0 0 0 0 0 2.80656e+07 4.45378e+08 3.45738e+09 1.67794e+10 5.44344e+10 1.24954e+11 2.30921e+11 3.22445e+11 3.577e+11 0 0 0 0 0 0 0 0 0 0 0 0 0 0 0 0 0 0 0 0 0 0 0 0 0 0 0 0 0 0 0 0 
0 0 0 0 0 0 0 0 0 0 0 0 0 0 0 0 0 0 0 0 0 0 0 0 0 4.70862e+07 5.35675e+08 2.99032e+09 1.07462e+10 2.59344e+10 4.91976e+10 7.02997e+10 7.83115e+10 0 0 0 0 0 0 0 0 0 0 0 0 0 0 0 0 0 0 0 0 0 0 0 0 0 0 0 0 0 0 0 0 
0 0 0 0 0 0 0 0 0 0 0 0 0 0 0 0 0 0 0 0 0 0 0 0 0 7.38865e+06 8.0969e+07 4.85087e+08 1.96209e+09 5.07494e+09 9.40937e+09 1.42342e+10 1.66501e+10 0 0 0 0 0 0 0 0 0 0 0 0 0 0 0 0 0 0 0 0 0 0 0 0 0 0 0 0 0 0 0 0 
0 0 0 0 0 0 0 0 0 0 0 0 0 0 0 0 0 0 0 0 0 0 0 0 0 0 8.15057e+06 8.18097e+07 3.53978e+08 1.00488e+09 2.02778e+09 2.89338e+09 3.33238e+09 0 0 0 0 0 0 0 0 0 0 0 0 0 0 0 0 0 0 0 0 0 0 0 0 0 0 0 0 0 0 0 0 
0 0 0 0 0 0 0 0 0 0 0 0 0 0 0 0 0 0 0 0 0 0 0 0 0 0 1.76867e+06 1.30865e+07 5.63927e+07 1.91219e+08 3.88966e+08 5.90795e+08 6.59259e+08 0 0 0 0 0 0 0 0 0 0 0 0 0 0 0 0 0 0 0 0 0 0 0 0 0 0 0 0 0 0 0 0 
0 0 0 0 0 0 0 0 0 0 0 0 0 0 0 0 0 0 0 0 0 0 0 0 0 0 0 1.1185e+06 1.09215e+07 3.40894e+07 7.67886e+07 1.21795e+08 1.33232e+08 0 0 0 0 0 0 0 0 0 0 0 0 0 0 0 0 0 0 0 0 0 0 0 0 0 0 0 0 0 0 0 0 
0 0 0 0 0 0 0 0 0 0 0 0 0 0 0 0 0 0 0 0 0 0 0 0 0 0 0 363261 1.70686e+06 5.73752e+06 1.58323e+07 2.32185e+07 2.89131e+07 0 0 0 0 0 0 0 0 0 0 0 0 0 0 0 0 0 0 0 0 0 0 0 0 0 0 0 0 0 0 0 0 
0 0 0 0 0 0 0 0 0 0 0 0 0 0 0 0 0 0 0 0 0 0 0 0 0 0 0 0 116066 1.24006e+06 2.45542e+06 4.91842e+06 5.2564e+06 0 0 0 0 0 0 0 0 0 0 0 0 0 0 0 0 0 0 0 0 0 0 0 0 0 0 0 0 0 0 0 0 
0 0 0 0 0 0 0 0 0 0 0 0 0 0 0 0 0 0 0 0 0 0 0 0 0 0 0 0 61926 169822 480855 970268 967294 0 0 0 0 0 0 0 0 0 0 0 0 0 0 0 0 0 0 0 0 0 0 0 0 0 0 0 0 0 0 0 0 
0 0 0 0 0 0 0 0 0 0 0 0 0 0 0 0 0 0 0 0 0 0 0 0 0 0 0 0 0 7829.09 115174 113167 245558 0 0 0 0 0 0 0 0 0 0 0 0 0 0 0 0 0 0 0 0 0 0 0 0 0 0 0 0 0 0 0 0 
0 0 0 0 0 0 0 0 0 0 0 0 0 0 0 0 0 0 0 0 0 0 0 0 0 0 0 0 0 8362.15 11523.1 33559.7 38042.5 0 0 0 0 0 0 0 0 0 0 0 0 0 0 0 0 0 0 0 0 0 0 0 0 0 0 0 0 0 0 0 0 
0 0 0 0 0 0 0 0 0 0 0 0 0 0 0 0 0 0 0 0 0 0 0 0 0 0 0 0 0 0 259.965 7531.21 2246.51 0 0 0 0 0 0 0 0 0 0 0 0 0 0 0 0 0 0 0 0 0 0 0 0 0 0 0 0 0 0 0 0 
0 0 0 0 0 0 0 0 0 0 0 0 0 0 0 0 0 0 0 0 0 0 0 0 0 0 0 0 0 0 828.697 381.107 1896.1 0 0 0 0 0 0 0 0 0 0 0 0 0 0 0 0 0 0 0 0 0 0 0 0 0 0 0 0 0 0 0 0 
0 0 0 0 0 0 0 0 0 0 0 0 0 0 0 0 0 0 0 0 0 0 0 0 0 0 0 0 0 0 0 0 247.043 0 0 0 0 0 0 0 0 0 0 0 0 0 0 0 0 0 0 0 0 0 0 0 0 0 0 0 0 0 0 0 0 
0 0 0 0 0 0 0 0 0 0 0 0 0 0 0 0 0 0 0 0 0 0 0 0 0 0 0 0 0 0 0 53.4643 0 0 0 0 0 0 0 0 0 0 0 0 0 0 0 0 0 0 0 0 0 0 0 0 0 0 0 0 0 0 0 0 0 
0 0 0 0 0 0 0 0 0 0 0 0 0 0 0 0 0 0 0 0 0 0 0 0 0 0 0 0 0 0 0 0 0 0 0 0 0 0 0 0 0 0 0 0 0 0 0 0 0 0 0 0 0 0 0 0 0 0 0 0 0 0 0 0 0 
0 0 0 0 0 0 0 0 0 0 0 0 0 0 0 0 0 0 0 0 0 0 0 0 0 0 0 0 0 0 0 0 1.67076 0 0 0 0 0 0 0 0 0 0 0 0 0 0 0 0 0 0 0 0 0 0 0 0 0 0 0 0 0 0 0 0 
