1 0 0 0 0 0 0 0 0 0 0 0 0 0 0 0 0 0 0 0 0 0 0 0 0 0 0 0 0 0 0 0 0 0 0 0 0 0 0 0 0 0 0 0 0 0 0 0 0 0 0 0 0 0 0 0 0 0 0 0 0 0 0 0 1 
0 0 0 0 0 0 0 0 0 0 0 0 0 0 0 0 0 0 0 0 0 0 0 0 0 0 0 0 0 0 0 0 0 0 0 0 0 0 0 0 0 0 0 0 0 0 0 0 0 0 0 0 0 0 0 0 0 0 0 0 0 0 0 0 0 
0 64 0 0 0 0 0 0 0 0 0 0 0 0 0 0 0 0 0 0 0 0 0 0 0 0 0 0 0 0 0 0 0 0 0 0 0 0 0 0 0 0 0 0 0 0 0 0 0 0 0 0 0 0 0 0 0 0 0 0 0 0 0 0 0 
0 0 128 0 0 0 0 0 0 0 0 0 0 0 0 0 0 0 0 0 0 0 0 0 0 0 0 0 0 0 0 0 0 0 0 0 0 0 0 0 0 0 0 0 0 0 0 0 0 0 0 0 0 0 0 0 0 0 0 0 0 0 0 0 0 
0 0 1888 361.733 59.412 0 0 0 0 0 0 0 0 0 0 0 0 0 0 0 0 0 0 0 0 0 0 0 0 0 0 0 0 0 0 0 0 0 0 0 0 0 0 0 0 0 0 0 0 0 0 0 0 0 0 0 0 0 0 0 0 0 0 0 0 
0 0 0 7212.53 1150.59 529.969 121.639 0 0 0 0 0 0 0 0 0 0 0 0 0 0 0 0 0 0 0 0 0 0 0 0 0 0 0 0 0 0 0 0 0 0 0 0 0 0 0 0 0 0 0 0 0 0 0 0 0 0 0 0 0 0 0 0 0 0 
0 0 0 34089.7 27016.6 6891.91 2567.12 1465.64 427.798 86.7493 0 0 0 0 0 0 0 0 0 0 0 0 0 0 0 0 0 0 0 0 0 0 0 0 0 0 0 0 0 0 0 0 0 0 0 0 0 0 0 0 0 0 0 0 0 0 0 0 0 0 0 0 0 0 0 
0 0 0 0 184325 98395 43576.9 17501.4 9055.04 5011.02 1918.49 496.917 168.2 0 0 0 0 0 0 0 0 0 0 0 0 0 0 0 0 0 0 0 0 0 0 0 0 0 0 0 0 0 0 0 0 0 0 0 0 0 0 0 0 0 0 0 0 0 0 0 0 0 0 0 0 
0 0 0 0 422824 825727 412652 216612 117985 58847.9 31913.5 18957.3 9834.6 4424.56 1523.68 500.541 136.768 0 0 0 0 0 0 0 19.8988 0 0 0 0 0 0 0 15.5666 0 0 0 0 0 0 0 0 0 0 0 0 0 0 0 0 0 0 0 0 0 0 0 0 0 0 0 0 0 0 0 0 
0 0 0 0 0 2.8641e+06 3.3389e+06 1.98414e+06 1.16469e+06 741670 407187 267854 153085 86226.5 57505.3 31054.1 16483.1 6590.07 1763.27 800.534 472.427 459.077 426.168 355.356 0 287.587 224.29 339.608 206.764 321.914 339.274 289.416 0 0 0 0 0 0 0 0 0 0 0 0 0 0 0 0 0 0 0 0 0 0 0 0 0 0 0 0 0 0 0 0 0 
0 0 0 0 0 3.82886e+06 1.45661e+07 1.35033e+07 9.25991e+06 5.88256e+06 4.19452e+06 2.81665e+06 1.80173e+06 1.19153e+06 825026 499271 328805 207130 125492 83596.1 44496.1 23599.7 17228.5 12233.8 10209.7 8717.94 8712.99 9400 9840.65 9509.91 9996.7 9496.58 10066.8 0 0 0 0 0 0 0 0 0 0 0 0 0 0 0 0 0 0 0 0 0 0 0 0 0 0 0 0 0 0 0 0 
0 0 0 0 0 0 3.03705e+07 6.33093e+07 5.69121e+07 4.33258e+07 3.04341e+07 2.24644e+07 1.59244e+07 1.16672e+07 8.19899e+06 5.62014e+06 4.34362e+06 3.09708e+06 2.24228e+06 1.59876e+06 1.06832e+06 839374 539807 407125 281464 233793 234723 248780 212252 235593 207233 202706 204187 0 0 0 0 0 0 0 0 0 0 0 0 0 0 0 0 0 0 0 0 0 0 0 0 0 0 0 0 0 0 0 0 
0 0 0 0 0 0 2.62399e+07 1.70004e+08 2.63108e+08 2.45815e+08 1.97052e+08 1.53783e+08 1.22444e+08 9.14331e+07 6.91764e+07 5.4509e+07 3.99501e+07 3.21552e+07 2.40618e+07 1.80836e+07 1.47355e+07 1.04247e+07 9.28262e+06 7.01411e+06 5.64538e+06 4.83358e+06 4.56532e+06 4.13886e+06 3.56629e+06 3.4222e+06 3.03799e+06 3.11874e+06 3.29058e+06 0 0 0 0 0 0 0 0 0 0 0 0 0 0 0 0 0 0 0 0 0 0 0 0 0 0 0 0 0 0 0 0 
0 0 0 0 0 0 0 2.32985e+08 7.85289e+08 1.06369e+09 1.03433e+09 9.00041e+08 7.57646e+08 6.21922e+08 4.89434e+08 4.07544e+08 3.16253e+08 2.57532e+08 2.03313e+08 1.68244e+08 1.38454e+08 1.17196e+08 9.6734e+07 8.01857e+07 6.80441e+07 5.89805e+07 5.33867e+07 4.45801e+07 4.24801e+07 3.99043e+07 3.79855e+07 3.96942e+07 4.02424e+07 0 0 0 0 0 0 0 0 0 0 0 0 0 0 0 0 0 0 0 0 0 0 0 0 0 0 0 0 0 0 0 0 
0 0 0 0 0 0 0 1.39195e+08 1.38326e+09 3.27978e+09 4.24379e+09 4.31619e+09 3.94999e+09 3.51203e+09 3.06594e+09 2.49078e+09 2.17785e+09 1.81803e+09 1.49656e+09 1.25591e+09 1.05622e+09 9.24731e+08 7.94648e+08 6.91857e+08 5.98111e+08 5.44239e+08 4.86557e+08 4.45481e+08 4.03009e+08 3.88082e+08 3.64029e+08 3.92918e+08 3.70335e+08 0 0 0 0 0 0 0 0 0 0 0 0 0 0 0 0 0 0 0 0 0 0 0 0 0 0 0 0 0 0 0 0 
0 0 0 0 0 0 0 0 1.34462e+09 6.7127e+09 1.31286e+10 1.67746e+10 1.76133e+10 1.6655e+10 1.5532e+10 1.43759e+10 1.2272e+10 1.10677e+10 9.60769e+09 8.44352e+09 7.4436e+09 6.38669e+09 5.76441e+09 5.46876e+09 4.55385e+09 4.16689e+09 3.74196e+09 3.43379e+09 3.25276e+09 3.20062e+09 3.15383e+09 3.19789e+09 3.12294e+09 0 0 0 0 0 0 0 0 0 0 0 0 0 0 0 0 0 0 0 0 0 0 0 0 0 0 0 0 0 0 0 0 
0 0 0 0 0 0 0 0 5.82428e+08 8.29802e+09 2.84248e+10 5.02045e+10 6.4309e+10 7.07651e+10 6.93921e+10 6.68216e+10 6.37412e+10 5.70401e+10 5.34479e+10 4.95187e+10 4.47253e+10 3.956e+10 3.48962e+10 3.3226e+10 3.07065e+10 2.77623e+10 2.67087e+10 2.45232e+10 2.335e+10 2.17413e+10 2.11782e+10 2.12503e+10 2.19532e+10 0 0 0 0 0 0 0 0 0 0 0 0 0 0 0 0 0 0 0 0 0 0 0 0 0 0 0 0 0 0 0 0 
0 0 0 0 0 0 0 0 0 5.94565e+09 4.10005e+10 1.11588e+11 1.86116e+11 2.41254e+11 2.69539e+11 2.80476e+11 2.79461e+11 2.70576e+11 2.61704e+11 2.42632e+11 2.27167e+11 2.11505e+11 1.99303e+11 1.84832e+11 1.69415e+11 1.65702e+11 1.52731e+11 1.49703e+11 1.40052e+11 1.34551e+11 1.34484e+11 1.33782e+11 1.33019e+11 0 0 0 0 0 0 0 0 0 0 0 0 0 0 0 0 0 0 0 0 0 0 0 0 0 0 0 0 0 0 0 0 
0 0 0 0 0 0 0 0 0 1.94492e+09 3.76486e+10 1.74511e+11 4.10605e+11 6.60432e+11 8.79694e+11 1.00308e+12 1.08336e+12 1.10371e+12 1.11536e+12 1.10614e+12 1.06696e+12 1.01503e+12 9.74452e+11 9.31081e+11 9.06934e+11 8.6258e+11 8.21351e+11 8.01847e+11 7.79157e+11 7.60882e+11 7.55798e+11 7.60534e+11 7.62711e+11 0 0 0 0 0 0 0 0 0 0 0 0 0 0 0 0 0 0 0 0 0 0 0 0 0 0 0 0 0 0 0 0 
0 0 0 0 0 0 0 0 0 0 2.05395e+10 1.86184e+11 6.71074e+11 1.44674e+12 2.29428e+12 3.04459e+12 3.61293e+12 4.05723e+12 4.24716e+12 4.35143e+12 4.4096e+12 4.41441e+12 4.29165e+12 4.2906e+12 4.10485e+12 4.10327e+12 3.92703e+12 3.77328e+12 3.80143e+12 3.65596e+12 3.7144e+12 3.69452e+12 3.70609e+12 0 0 0 0 0 0 0 0 0 0 0 0 0 0 0 0 0 0 0 0 0 0 0 0 0 0 0 0 0 0 0 0 
0 0 0 0 0 0 0 0 0 0 5.22097e+09 1.31556e+11 7.90237e+11 2.38723e+12 4.79287e+12 7.62375e+12 1.02882e+13 1.25129e+13 1.43189e+13 1.5537e+13 1.6152e+13 1.69096e+13 1.72635e+13 1.73067e+13 1.75587e+13 1.69697e+13 1.67863e+13 1.67792e+13 1.66956e+13 1.68184e+13 1.68011e+13 1.69146e+13 1.64539e+13 0 0 0 0 0 0 0 0 0 0 0 0 0 0 0 0 0 0 0 0 0 0 0 0 0 0 0 0 0 0 0 0 
0 0 0 0 0 0 0 0 0 0 0 5.59304e+10 6.40348e+11 2.95771e+12 8.01375e+12 1.54404e+13 2.41108e+13 3.32383e+13 4.13851e+13 4.84989e+13 5.39596e+13 5.89892e+13 6.18524e+13 6.34049e+13 6.52814e+13 6.61477e+13 6.7827e+13 6.62457e+13 6.82028e+13 6.84847e+13 6.74277e+13 6.95485e+13 6.97133e+13 0 0 0 0 0 0 0 0 0 0 0 0 0 0 0 0 0 0 0 0 0 0 0 0 0 0 0 0 0 0 0 0 
0 0 0 0 0 0 0 0 0 0 0 1.14506e+10 3.57447e+11 2.6411e+12 1.00224e+13 2.50532e+13 4.74751e+13 7.34326e+13 1.01452e+14 1.29215e+14 1.54992e+14 1.75965e+14 1.94663e+14 2.10667e+14 2.20735e+14 2.26993e+14 2.30276e+14 2.40314e+14 2.45755e+14 2.50603e+14 2.52045e+14 2.52155e+14 2.52979e+14 0 0 0 0 0 0 0 0 0 0 0 0 0 0 0 0 0 0 0 0 0 0 0 0 0 0 0 0 0 0 0 0 
0 0 0 0 0 0 0 0 0 0 0 0 1.21199e+11 1.70872e+12 9.56905e+12 3.13714e+13 7.30783e+13 1.36075e+14 2.12174e+14 2.98811e+14 3.84604e+14 4.6457e+14 5.41296e+14 6.08127e+14 6.61021e+14 7.08166e+14 7.52063e+14 7.81019e+14 8.09984e+14 8.20252e+14 8.39307e+14 8.56815e+14 8.49668e+14 0 0 0 0 0 0 0 0 0 0 0 0 0 0 0 0 0 0 0 0 0 0 0 0 0 0 0 0 0 0 0 0 
0 0 0 0 0 0 0 0 0 0 0 0 2.04183e+10 7.59524e+11 6.79979e+12 3.11514e+13 9.26087e+13 2.05591e+14 3.74858e+14 5.79361e+14 8.18017e+14 1.07133e+15 1.31306e+15 1.54297e+15 1.75852e+15 1.94317e+15 2.1179e+15 2.26159e+15 2.3246e+15 2.45456e+15 2.49556e+15 2.52086e+15 2.52323e+15 0 0 0 0 0 0 0 0 0 0 0 0 0 0 0 0 0 0 0 0 0 0 0 0 0 0 0 0 0 0 0 0 
0 0 0 0 0 0 0 0 0 0 0 0 0 2.12744e+11 3.5032e+12 2.33672e+13 9.16149e+13 2.50596e+14 5.36175e+14 9.64577e+14 1.51182e+15 2.12856e+15 2.80608e+15 3.47805e+15 4.16299e+15 4.80188e+15 5.35309e+15 5.78147e+15 6.20594e+15 6.42654e+15 6.69203e+15 6.80965e+15 6.93426e+15 0 0 0 0 0 0 0 0 0 0 0 0 0 0 0 0 0 0 0 0 0 0 0 0 0 0 0 0 0 0 0 0 
0 0 0 0 0 0 0 0 0 0 0 0 0 2.97526e+10 1.28877e+12 1.33324e+13 7.12161e+13 2.48757e+14 6.3727e+14 1.32361e+15 2.32457e+15 3.64863e+15 5.18758e+15 6.87552e+15 8.567e+15 1.02168e+16 1.18006e+16 1.32853e+16 1.45057e+16 1.55091e+16 1.60982e+16 1.66777e+16 1.68473e+16 0 0 0 0 0 0 0 0 0 0 0 0 0 0 0 0 0 0 0 0 0 0 0 0 0 0 0 0 0 0 0 0 
0 0 0 0 0 0 0 0 0 0 0 0 0 0 2.98171e+11 5.66237e+12 4.3552e+13 1.96474e+14 6.24155e+14 1.50682e+15 3.03983e+15 5.28157e+15 8.20322e+15 1.1762e+16 1.56301e+16 1.95691e+16 2.34929e+16 2.69609e+16 3.02588e+16 3.29279e+16 3.47746e+16 3.61696e+16 3.63493e+16 0 0 0 0 0 0 0 0 0 0 0 0 0 0 0 0 0 0 0 0 0 0 0 0 0 0 0 0 0 0 0 0 
0 0 0 0 0 0 0 0 0 0 0 0 0 0 3.56751e+10 1.72985e+12 2.01309e+13 1.22795e+14 4.85916e+14 1.42846e+15 3.32106e+15 6.51421e+15 1.11433e+16 1.70525e+16 2.41612e+16 3.22071e+16 4.0076e+16 4.82823e+16 5.54274e+16 6.15681e+16 6.62887e+16 6.88712e+16 6.96765e+16 0 0 0 0 0 0 0 0 0 0 0 0 0 0 0 0 0 0 0 0 0 0 0 0 0 0 0 0 0 0 0 0 
0 0 0 0 0 0 0 0 0 0 0 0 0 0 0 3.39534e+11 7.19924e+12 6.13474e+13 3.11454e+14 1.1087e+15 3.00202e+15 6.69438e+15 1.28278e+16 2.15932e+16 3.28e+16 4.61748e+16 6.07076e+16 7.51075e+16 8.9529e+16 1.0069e+17 1.10349e+17 1.14803e+17 1.1725e+17 0 0 0 0 0 0 0 0 0 0 0 0 0 0 0 0 0 0 0 0 0 0 0 0 0 0 0 0 0 0 0 0 
0 0 0 0 0 0 0 0 0 0 0 0 0 0 0 3.51238e+10 1.85387e+12 2.38943e+13 1.60511e+14 7.03073e+14 2.2921e+15 5.8097e+15 1.2396e+16 2.30769e+16 3.82483e+16 5.68398e+16 7.91352e+16 1.02743e+17 1.24035e+17 1.4571e+17 1.6051e+17 1.71404e+17 1.75029e+17 0 0 0 0 0 0 0 0 0 0 0 0 0 0 0 0 0 0 0 0 0 0 0 0 0 0 0 0 0 0 0 0 
0 0 0 0 0 0 0 0 0 0 0 0 0 0 0 0 3.16057e+11 7.30542e+12 6.70212e+13 3.70028e+14 1.43797e+15 4.30434e+15 1.0323e+16 2.105e+16 3.78499e+16 6.12857e+16 8.99327e+16 1.21592e+17 1.54671e+17 1.82509e+17 2.07071e+17 2.24588e+17 2.29807e+17 0 0 0 0 0 0 0 0 0 0 0 0 0 0 0 0 0 0 0 0 0 0 0 0 0 0 0 0 0 0 0 0 
0 0 0 0 0 0 0 0 0 0 0 0 0 0 0 0 2.8492e+10 1.59014e+12 2.23207e+13 1.59936e+14 7.54226e+14 2.63487e+15 7.28332e+15 1.66566e+16 3.24824e+16 5.60374e+16 8.71798e+16 1.24516e+17 1.64198e+17 2.03013e+17 2.3442e+17 2.53578e+17 2.61197e+17 0 0 0 0 0 0 0 0 0 0 0 0 0 0 0 0 0 0 0 0 0 0 0 0 0 0 0 0 0 0 0 0 
0 0 0 0 0 0 0 0 0 0 0 0 0 0 0 0 0 2.41429e+11 5.72141e+12 5.69941e+13 3.3121e+14 1.37026e+15 4.33481e+15 1.1124e+16 2.39418e+16 4.49682e+16 7.45723e+16 1.11907e+17 1.53574e+17 1.95194e+17 2.30529e+17 2.53092e+17 2.61003e+17 0 0 0 0 0 0 0 0 0 0 0 0 0 0 0 0 0 0 0 0 0 0 0 0 0 0 0 0 0 0 0 0 
0 0 0 0 0 0 0 0 0 0 0 0 0 0 0 0 0 1.92681e+10 1.10656e+12 1.61315e+13 1.23018e+14 6.04854e+14 2.2154e+15 6.33437e+15 1.52061e+16 3.06907e+16 5.48237e+16 8.65103e+16 1.24572e+17 1.62705e+17 1.95196e+17 2.19583e+17 2.26332e+17 0 0 0 0 0 0 0 0 0 0 0 0 0 0 0 0 0 0 0 0 0 0 0 0 0 0 0 0 0 0 0 0 
0 0 0 0 0 0 0 0 0 0 0 0 0 0 0 0 0 0 1.49928e+11 3.6551e+12 3.70066e+13 2.27503e+14 9.71856e+14 3.16544e+15 8.30308e+15 1.85058e+16 3.49066e+16 5.89677e+16 8.79234e+16 1.1918e+17 1.4764e+17 1.66666e+17 1.74676e+17 0 0 0 0 0 0 0 0 0 0 0 0 0 0 0 0 0 0 0 0 0 0 0 0 0 0 0 0 0 0 0 0 
0 0 0 0 0 0 0 0 0 0 0 0 0 0 0 0 0 0 1.10767e+10 6.28087e+11 9.22433e+12 7.14386e+13 3.62485e+14 1.3733e+15 3.99693e+15 9.64395e+15 1.97866e+16 3.51366e+16 5.51472e+16 7.72045e+16 9.75978e+16 1.11577e+17 1.17088e+17 0 0 0 0 0 0 0 0 0 0 0 0 0 0 0 0 0 0 0 0 0 0 0 0 0 0 0 0 0 0 0 0 
0 0 0 0 0 0 0 0 0 0 0 0 0 0 0 0 0 0 0 7.69313e+10 1.86997e+12 1.90856e+13 1.16706e+14 5.06027e+14 1.68114e+15 4.4064e+15 9.88231e+15 1.83985e+16 3.03081e+16 4.40414e+16 5.73075e+16 6.67772e+16 7.00592e+16 0 0 0 0 0 0 0 0 0 0 0 0 0 0 0 0 0 0 0 0 0 0 0 0 0 0 0 0 0 0 0 0 
0 0 0 0 0 0 0 0 0 0 0 0 0 0 0 0 0 0 0 5.40832e+09 2.94819e+11 4.23283e+12 3.26282e+13 1.6434e+14 6.18343e+14 1.79768e+15 4.23696e+15 8.59903e+15 1.47093e+16 2.22591e+16 2.95792e+16 3.52898e+16 3.73489e+16 0 0 0 0 0 0 0 0 0 0 0 0 0 0 0 0 0 0 0 0 0 0 0 0 0 0 0 0 0 0 0 0 
0 0 0 0 0 0 0 0 0 0 0 0 0 0 0 0 0 0 0 0 3.25871e+10 7.66073e+11 7.70965e+12 4.66483e+13 1.97613e+14 6.44893e+14 1.65282e+15 3.53086e+15 6.43234e+15 9.97735e+15 1.3584e+16 1.64855e+16 1.74038e+16 0 0 0 0 0 0 0 0 0 0 0 0 0 0 0 0 0 0 0 0 0 0 0 0 0 0 0 0 0 0 0 0 
0 0 0 0 0 0 0 0 0 0 0 0 0 0 0 0 0 0 0 0 2.29232e+09 1.11739e+11 1.54418e+12 1.15827e+13 5.59039e+13 2.04418e+14 5.81225e+14 1.31923e+15 2.51036e+15 4.05579e+15 5.73012e+15 6.96932e+15 7.57265e+15 0 0 0 0 0 0 0 0 0 0 0 0 0 0 0 0 0 0 0 0 0 0 0 0 0 0 0 0 0 0 0 0 
0 0 0 0 0 0 0 0 0 0 0 0 0 0 0 0 0 0 0 0 0 1.1724e+10 2.5667e+11 2.46121e+12 1.42232e+13 5.85799e+13 1.80171e+14 4.47373e+14 8.89209e+14 1.51107e+15 2.17446e+15 2.66535e+15 2.87572e+15 0 0 0 0 0 0 0 0 0 0 0 0 0 0 0 0 0 0 0 0 0 0 0 0 0 0 0 0 0 0 0 0 
0 0 0 0 0 0 0 0 0 0 0 0 0 0 0 0 0 0 0 0 0 8.52305e+08 3.49948e+10 4.43627e+11 3.20541e+12 1.45598e+13 5.09798e+13 1.32512e+14 2.89944e+14 5.08742e+14 7.41843e+14 9.41163e+14 9.9436e+14 0 0 0 0 0 0 0 0 0 0 0 0 0 0 0 0 0 0 0 0 0 0 0 0 0 0 0 0 0 0 0 0 
0 0 0 0 0 0 0 0 0 0 0 0 0 0 0 0 0 0 0 0 0 0 3.57019e+09 7.15685e+10 6.23727e+11 3.34665e+12 1.27821e+13 3.69765e+13 8.33935e+13 1.55202e+14 2.35667e+14 3.00426e+14 3.30817e+14 0 0 0 0 0 0 0 0 0 0 0 0 0 0 0 0 0 0 0 0 0 0 0 0 0 0 0 0 0 0 0 0 
0 0 0 0 0 0 0 0 0 0 0 0 0 0 0 0 0 0 0 0 0 0 3.01126e+08 9.43093e+09 1.04871e+11 6.9213e+11 2.90065e+12 9.23413e+12 2.22572e+13 4.31886e+13 6.78132e+13 8.85728e+13 9.62124e+13 0 0 0 0 0 0 0 0 0 0 0 0 0 0 0 0 0 0 0 0 0 0 0 0 0 0 0 0 0 0 0 0 
0 0 0 0 0 0 0 0 0 0 0 0 0 0 0 0 0 0 0 0 0 0 0 9.44597e+08 1.62358e+10 1.25647e+11 6.22147e+11 2.07563e+12 5.5904e+12 1.11638e+13 1.85171e+13 2.37856e+13 2.66654e+13 0 0 0 0 0 0 0 0 0 0 0 0 0 0 0 0 0 0 0 0 0 0 0 0 0 0 0 0 0 0 0 0 
0 0 0 0 0 0 0 0 0 0 0 0 0 0 0 0 0 0 0 0 0 0 0 9.69418e+07 2.12348e+09 2.0339e+10 1.17301e+11 4.54626e+11 1.25022e+12 2.72113e+12 4.55471e+12 6.3279e+12 6.83741e+12 0 0 0 0 0 0 0 0 0 0 0 0 0 0 0 0 0 0 0 0 0 0 0 0 0 0 0 0 0 0 0 0 
0 0 0 0 0 0 0 0 0 0 0 0 0 0 0 0 0 0 0 0 0 0 0 0 2.20203e+08 3.09238e+09 2.08388e+10 8.94834e+10 2.63673e+11 6.10664e+11 1.06342e+12 1.47664e+12 1.65537e+12 0 0 0 0 0 0 0 0 0 0 0 0 0 0 0 0 0 0 0 0 0 0 0 0 0 0 0 0 0 0 0 0 
0 0 0 0 0 0 0 0 0 0 0 0 0 0 0 0 0 0 0 0 0 0 0 0 2.7964e+07 4.2664e+08 3.26343e+09 1.5997e+10 5.43308e+10 1.27553e+11 2.35023e+11 3.32019e+11 3.81438e+11 0 0 0 0 0 0 0 0 0 0 0 0 0 0 0 0 0 0 0 0 0 0 0 0 0 0 0 0 0 0 0 0 
0 0 0 0 0 0 0 0 0 0 0 0 0 0 0 0 0 0 0 0 0 0 0 0 0 4.44157e+07 5.12196e+08 2.84911e+09 1.02611e+10 2.61451e+10 4.9984e+10 7.30119e+10 7.94393e+10 0 0 0 0 0 0 0 0 0 0 0 0 0 0 0 0 0 0 0 0 0 0 0 0 0 0 0 0 0 0 0 0 
0 0 0 0 0 0 0 0 0 0 0 0 0 0 0 0 0 0 0 0 0 0 0 0 0 7.67123e+06 7.75294e+07 4.48264e+08 1.87021e+09 5.17287e+09 1.00866e+10 1.47667e+10 1.66662e+10 0 0 0 0 0 0 0 0 0 0 0 0 0 0 0 0 0 0 0 0 0 0 0 0 0 0 0 0 0 0 0 0 
0 0 0 0 0 0 0 0 0 0 0 0 0 0 0 0 0 0 0 0 0 0 0 0 0 0 7.42708e+06 7.74665e+07 3.38436e+08 9.65961e+08 2.03345e+09 3.01103e+09 3.52776e+09 0 0 0 0 0 0 0 0 0 0 0 0 0 0 0 0 0 0 0 0 0 0 0 0 0 0 0 0 0 0 0 0 
0 0 0 0 0 0 0 0 0 0 0 0 0 0 0 0 0 0 0 0 0 0 0 0 0 0 1.78151e+06 1.22547e+07 5.31152e+07 1.88541e+08 3.86366e+08 6.14229e+08 6.88765e+08 0 0 0 0 0 0 0 0 0 0 0 0 0 0 0 0 0 0 0 0 0 0 0 0 0 0 0 0 0 0 0 0 
0 0 0 0 0 0 0 0 0 0 0 0 0 0 0 0 0 0 0 0 0 0 0 0 0 0 0 1.02393e+06 1.04931e+07 3.23937e+07 7.57096e+07 1.24346e+08 1.34906e+08 0 0 0 0 0 0 0 0 0 0 0 0 0 0 0 0 0 0 0 0 0 0 0 0 0 0 0 0 0 0 0 0 
0 0 0 0 0 0 0 0 0 0 0 0 0 0 0 0 0 0 0 0 0 0 0 0 0 0 0 363856 1.63891e+06 5.47625e+06 1.49281e+07 2.30427e+07 2.9804e+07 0 0 0 0 0 0 0 0 0 0 0 0 0 0 0 0 0 0 0 0 0 0 0 0 0 0 0 0 0 0 0 0 
0 0 0 0 0 0 0 0 0 0 0 0 0 0 0 0 0 0 0 0 0 0 0 0 0 0 0 0 107003 1.21097e+06 2.39313e+06 4.86731e+06 5.38433e+06 0 0 0 0 0 0 0 0 0 0 0 0 0 0 0 0 0 0 0 0 0 0 0 0 0 0 0 0 0 0 0 0 
0 0 0 0 0 0 0 0 0 0 0 0 0 0 0 0 0 0 0 0 0 0 0 0 0 0 0 0 62507.6 164702 443342 952094 956464 0 0 0 0 0 0 0 0 0 0 0 0 0 0 0 0 0 0 0 0 0 0 0 0 0 0 0 0 0 0 0 0 
0 0 0 0 0 0 0 0 0 0 0 0 0 0 0 0 0 0 0 0 0 0 0 0 0 0 0 0 0 7239.75 111094 108775 235419 0 0 0 0 0 0 0 0 0 0 0 0 0 0 0 0 0 0 0 0 0 0 0 0 0 0 0 0 0 0 0 0 
0 0 0 0 0 0 0 0 0 0 0 0 0 0 0 0 0 0 0 0 0 0 0 0 0 0 0 0 0 8481.78 11066.3 31858.4 37152.3 0 0 0 0 0 0 0 0 0 0 0 0 0 0 0 0 0 0 0 0 0 0 0 0 0 0 0 0 0 0 0 0 
0 0 0 0 0 0 0 0 0 0 0 0 0 0 0 0 0 0 0 0 0 0 0 0 0 0 0 0 0 0 241.851 7360.37 2040.14 0 0 0 0 0 0 0 0 0 0 0 0 0 0 0 0 0 0 0 0 0 0 0 0 0 0 0 0 0 0 0 0 
0 0 0 0 0 0 0 0 0 0 0 0 0 0 0 0 0 0 0 0 0 0 0 0 0 0 0 0 0 0 839.705 362.2 1802.35 0 0 0 0 0 0 0 0 0 0 0 0 0 0 0 0 0 0 0 0 0 0 0 0 0 0 0 0 0 0 0 0 
0 0 0 0 0 0 0 0 0 0 0 0 0 0 0 0 0 0 0 0 0 0 0 0 0 0 0 0 0 0 0 0 243.78 0 0 0 0 0 0 0 0 0 0 0 0 0 0 0 0 0 0 0 0 0 0 0 0 0 0 0 0 0 0 0 0 
0 0 0 0 0 0 0 0 0 0 0 0 0 0 0 0 0 0 0 0 0 0 0 0 0 0 0 0 0 0 0 54.1745 0 0 0 0 0 0 0 0 0 0 0 0 0 0 0 0 0 0 0 0 0 0 0 0 0 0 0 0 0 0 0 0 0 
0 0 0 0 0 0 0 0 0 0 0 0 0 0 0 0 0 0 0 0 0 0 0 0 0 0 0 0 0 0 0 0 0 0 0 0 0 0 0 0 0 0 0 0 0 0 0 0 0 0 0 0 0 0 0 0 0 0 0 0 0 0 0 0 0 
0 0 0 0 0 0 0 0 0 0 0 0 0 0 0 0 0 0 0 0 0 0 0 0 0 0 0 0 0 0 0 0 1.69295 0 0 0 0 0 0 0 0 0 0 0 0 0 0 0 0 0 0 0 0 0 0 0 0 0 0 0 0 0 0 0 0 
