1 0 0 0 0 0 0 0 0 0 0 0 0 0 0 0 0 0 0 0 0 0 0 0 0 0 0 0 0 0 0 0 0 0 0 0 0 0 0 0 0 0 0 0 0 0 0 0 0 0 0 0 0 0 0 0 0 0 0 0 0 0 0 0 1 
0 0 0 0 0 0 0 0 0 0 0 0 0 0 0 0 0 0 0 0 0 0 0 0 0 0 0 0 0 0 0 0 0 0 0 0 0 0 0 0 0 0 0 0 0 0 0 0 0 0 0 0 0 0 0 0 0 0 0 0 0 0 0 0 0 
0 64 0 0 0 0 0 0 0 0 0 0 0 0 0 0 0 0 0 0 0 0 0 0 0 0 0 0 0 0 0 0 0 0 0 0 0 0 0 0 0 0 0 0 0 0 0 0 0 0 0 0 0 0 0 0 0 0 0 0 0 0 0 0 0 
0 0 128 0 0 0 0 0 0 0 0 0 0 0 0 0 0 0 0 0 0 0 0 0 0 0 0 0 0 0 0 0 0 0 0 0 0 0 0 0 0 0 0 0 0 0 0 0 0 0 0 0 0 0 0 0 0 0 0 0 0 0 0 0 0 
0 0 1888 373.763 61.7008 0 0 0 0 0 0 0 0 0 0 0 0 0 0 0 0 0 0 0 0 0 0 0 0 0 0 0 0 0 0 0 0 0 0 0 0 0 0 0 0 0 0 0 0 0 0 0 0 0 0 0 0 0 0 0 0 0 0 0 0 
0 0 0 7188.47 1066.63 495.46 135.676 0 0 0 0 0 0 0 0 0 0 0 0 0 0 0 0 0 0 0 0 0 0 0 0 0 0 0 0 0 0 0 0 0 0 0 0 0 0 0 0 0 0 0 0 0 0 0 0 0 0 0 0 0 0 0 0 0 0 
0 0 0 34101.8 27176.1 6778.67 2488.01 1411.07 333.741 69.6682 0 0 0 0 0 0 0 0 0 0 0 0 0 0 0 0 0 0 0 0 0 0 0 0 0 0 0 0 0 0 0 0 0 0 0 0 0 0 0 0 0 0 0 0 0 0 0 0 0 0 0 0 0 0 0 
0 0 0 0 184249 95170.7 40802.9 15455.5 9032.8 4153.75 2102.71 494.546 137.94 0 0 0 0 0 0 0 0 0 0 0 0 0 0 0 0 0 0 0 0 0 0 0 0 0 0 0 0 0 0 0 0 0 0 0 0 0 0 0 0 0 0 0 0 0 0 0 0 0 0 0 0 
0 0 0 0 422822 826087 409798 211185 112819 53633.1 31279.1 20433.3 9176.23 4081.46 1104.9 303.778 106.02 0 0 0 0 0 0 0 23.3123 0 0 0 0 0 0 0 18.6788 0 0 0 0 0 0 0 0 0 0 0 0 0 0 0 0 0 0 0 0 0 0 0 0 0 0 0 0 0 0 0 0 
0 0 0 0 0 2.87368e+06 3.26702e+06 1.92485e+06 1.09783e+06 695260 398508 240558 140711 90302.1 48169.7 24665.7 11130.8 6304.26 2364.12 643.818 424.156 252.394 337.45 283.572 0 164.987 318.895 248.013 254.81 287.016 260.08 283.803 0 0 0 0 0 0 0 0 0 0 0 0 0 0 0 0 0 0 0 0 0 0 0 0 0 0 0 0 0 0 0 0 0 
0 0 0 0 0 3.8223e+06 1.47111e+07 1.35892e+07 9.04366e+06 6.09612e+06 3.97401e+06 2.5738e+06 1.63341e+06 1.10067e+06 759537 514169 344170 223564 135947 67709.8 35181.6 23700.5 15036.9 14464.2 11804.3 9826.37 10410.6 8416.96 11375.7 8581.6 10463.3 10126.4 12041.2 0 0 0 0 0 0 0 0 0 0 0 0 0 0 0 0 0 0 0 0 0 0 0 0 0 0 0 0 0 0 0 0 
0 0 0 0 0 0 3.03219e+07 6.35936e+07 5.69056e+07 4.25648e+07 3.08181e+07 2.16096e+07 1.56355e+07 1.10411e+07 7.6476e+06 5.45634e+06 3.88439e+06 2.85687e+06 2.19686e+06 1.5445e+06 1.02848e+06 733208 542081 392578 304298 271691 254258 243926 220985 227700 221172 230023 213810 0 0 0 0 0 0 0 0 0 0 0 0 0 0 0 0 0 0 0 0 0 0 0 0 0 0 0 0 0 0 0 0 
0 0 0 0 0 0 2.62212e+07 1.69868e+08 2.63849e+08 2.44033e+08 1.98262e+08 1.54932e+08 1.16117e+08 9.1215e+07 6.83352e+07 5.13751e+07 3.88138e+07 3.15273e+07 2.45708e+07 1.99964e+07 1.45912e+07 1.13181e+07 9.06198e+06 6.66269e+06 5.94866e+06 4.85805e+06 4.11736e+06 3.75392e+06 3.4923e+06 3.35997e+06 3.40412e+06 3.1026e+06 3.23356e+06 0 0 0 0 0 0 0 0 0 0 0 0 0 0 0 0 0 0 0 0 0 0 0 0 0 0 0 0 0 0 0 0 
0 0 0 0 0 0 0 2.32403e+08 7.8788e+08 1.06869e+09 1.03867e+09 8.90549e+08 7.40231e+08 6.10207e+08 4.88894e+08 3.93249e+08 3.26293e+08 2.55909e+08 2.06154e+08 1.65664e+08 1.34103e+08 1.14493e+08 9.22017e+07 8.40307e+07 6.50335e+07 5.91546e+07 5.11251e+07 4.66625e+07 4.26654e+07 3.98473e+07 4.14965e+07 3.91956e+07 3.63745e+07 0 0 0 0 0 0 0 0 0 0 0 0 0 0 0 0 0 0 0 0 0 0 0 0 0 0 0 0 0 0 0 0 
0 0 0 0 0 0 0 1.39609e+08 1.38167e+09 3.30519e+09 4.2668e+09 4.30147e+09 3.99965e+09 3.41756e+09 2.91993e+09 2.5417e+09 2.15604e+09 1.81951e+09 1.51682e+09 1.24952e+09 1.09755e+09 9.19448e+08 8.12267e+08 6.80236e+08 6.05345e+08 5.67452e+08 4.9406e+08 4.59375e+08 4.34228e+08 3.95261e+08 3.68383e+08 3.58746e+08 3.82532e+08 0 0 0 0 0 0 0 0 0 0 0 0 0 0 0 0 0 0 0 0 0 0 0 0 0 0 0 0 0 0 0 0 
0 0 0 0 0 0 0 0 1.33891e+09 6.68895e+09 1.31423e+10 1.66654e+10 1.77991e+10 1.69348e+10 1.56561e+10 1.35478e+10 1.22204e+10 1.07901e+10 9.81814e+09 8.46813e+09 7.5076e+09 6.42342e+09 5.66781e+09 5.05525e+09 4.8048e+09 4.20565e+09 3.84303e+09 3.46664e+09 3.3253e+09 3.2753e+09 3.14208e+09 3.0568e+09 3.0198e+09 0 0 0 0 0 0 0 0 0 0 0 0 0 0 0 0 0 0 0 0 0 0 0 0 0 0 0 0 0 0 0 0 
0 0 0 0 0 0 0 0 5.86694e+08 8.28443e+09 2.84043e+10 5.06748e+10 6.40916e+10 7.04709e+10 6.92528e+10 6.70275e+10 6.28229e+10 5.87192e+10 5.30303e+10 4.77787e+10 4.38376e+10 3.96885e+10 3.64236e+10 3.36659e+10 3.0641e+10 2.8469e+10 2.60862e+10 2.53535e+10 2.32137e+10 2.18024e+10 2.18016e+10 2.0988e+10 2.11918e+10 0 0 0 0 0 0 0 0 0 0 0 0 0 0 0 0 0 0 0 0 0 0 0 0 0 0 0 0 0 0 0 0 
0 0 0 0 0 0 0 0 0 5.93226e+09 4.10579e+10 1.11002e+11 1.85219e+11 2.42854e+11 2.71963e+11 2.80659e+11 2.77044e+11 2.67614e+11 2.61402e+11 2.47816e+11 2.28514e+11 2.14229e+11 2.01512e+11 1.83544e+11 1.73203e+11 1.63093e+11 1.50953e+11 1.48815e+11 1.45167e+11 1.38251e+11 1.33837e+11 1.35535e+11 1.35449e+11 0 0 0 0 0 0 0 0 0 0 0 0 0 0 0 0 0 0 0 0 0 0 0 0 0 0 0 0 0 0 0 0 
0 0 0 0 0 0 0 0 0 1.96763e+09 3.74993e+10 1.75362e+11 4.14418e+11 6.66544e+11 8.78508e+11 1.00456e+12 1.07963e+12 1.12019e+12 1.09887e+12 1.10568e+12 1.09305e+12 1.04007e+12 9.71347e+11 9.37726e+11 9.07698e+11 8.4914e+11 8.12226e+11 7.90136e+11 7.72857e+11 7.62972e+11 7.53037e+11 7.46978e+11 7.53134e+11 0 0 0 0 0 0 0 0 0 0 0 0 0 0 0 0 0 0 0 0 0 0 0 0 0 0 0 0 0 0 0 0 
0 0 0 0 0 0 0 0 0 0 2.05002e+10 1.85772e+11 6.69774e+11 1.4431e+12 2.29666e+12 3.07104e+12 3.62797e+12 3.98511e+12 4.29472e+12 4.37423e+12 4.3768e+12 4.36599e+12 4.42696e+12 4.20547e+12 4.10469e+12 4.02564e+12 4.00681e+12 3.98374e+12 3.75235e+12 3.73319e+12 3.77788e+12 3.87275e+12 3.81715e+12 0 0 0 0 0 0 0 0 0 0 0 0 0 0 0 0 0 0 0 0 0 0 0 0 0 0 0 0 0 0 0 0 
0 0 0 0 0 0 0 0 0 0 5.3303e+09 1.3089e+11 7.86737e+11 2.39002e+12 4.84174e+12 7.68562e+12 1.03094e+13 1.25684e+13 1.43034e+13 1.54122e+13 1.63482e+13 1.66606e+13 1.70631e+13 1.73488e+13 1.75636e+13 1.76141e+13 1.70398e+13 1.69249e+13 1.71642e+13 1.72414e+13 1.70068e+13 1.66859e+13 1.67175e+13 0 0 0 0 0 0 0 0 0 0 0 0 0 0 0 0 0 0 0 0 0 0 0 0 0 0 0 0 0 0 0 0 
0 0 0 0 0 0 0 0 0 0 0 5.61767e+10 6.42687e+11 2.93963e+12 7.95071e+12 1.54195e+13 2.43333e+13 3.31499e+13 4.09736e+13 4.8183e+13 5.32579e+13 5.80238e+13 6.12368e+13 6.41978e+13 6.56301e+13 6.70227e+13 6.83497e+13 6.93045e+13 6.86166e+13 6.77107e+13 6.88086e+13 6.79445e+13 6.96262e+13 0 0 0 0 0 0 0 0 0 0 0 0 0 0 0 0 0 0 0 0 0 0 0 0 0 0 0 0 0 0 0 0 
0 0 0 0 0 0 0 0 0 0 0 1.16821e+10 3.54974e+11 2.64975e+12 1.00066e+13 2.48124e+13 4.722e+13 7.39472e+13 1.01615e+14 1.29186e+14 1.55144e+14 1.77135e+14 1.93817e+14 2.06225e+14 2.18491e+14 2.29393e+14 2.38063e+14 2.43764e+14 2.49386e+14 2.50775e+14 2.50895e+14 2.50239e+14 2.5104e+14 0 0 0 0 0 0 0 0 0 0 0 0 0 0 0 0 0 0 0 0 0 0 0 0 0 0 0 0 0 0 0 0 
0 0 0 0 0 0 0 0 0 0 0 0 1.22874e+11 1.70927e+12 9.59518e+12 3.15769e+13 7.3367e+13 1.36593e+14 2.14333e+14 2.96692e+14 3.82456e+14 4.59636e+14 5.38537e+14 6.07527e+14 6.63256e+14 7.09501e+14 7.56194e+14 7.81277e+14 8.02243e+14 8.24426e+14 8.44851e+14 8.45849e+14 8.48661e+14 0 0 0 0 0 0 0 0 0 0 0 0 0 0 0 0 0 0 0 0 0 0 0 0 0 0 0 0 0 0 0 0 
0 0 0 0 0 0 0 0 0 0 0 0 2.07682e+10 7.58585e+11 6.78569e+12 3.11224e+13 9.2039e+13 2.03375e+14 3.73761e+14 5.83601e+14 8.18275e+14 1.07594e+15 1.31681e+15 1.54188e+15 1.76351e+15 1.95313e+15 2.10584e+15 2.24096e+15 2.36412e+15 2.43802e+15 2.46548e+15 2.56327e+15 2.533e+15 0 0 0 0 0 0 0 0 0 0 0 0 0 0 0 0 0 0 0 0 0 0 0 0 0 0 0 0 0 0 0 0 
0 0 0 0 0 0 0 0 0 0 0 0 0 2.15334e+11 3.51788e+12 2.33449e+13 9.17672e+13 2.52598e+14 5.38323e+14 9.71161e+14 1.51811e+15 2.142e+15 2.82064e+15 3.50372e+15 4.15514e+15 4.80332e+15 5.34841e+15 5.80222e+15 6.21237e+15 6.60138e+15 6.80824e+15 6.82327e+15 6.90146e+15 0 0 0 0 0 0 0 0 0 0 0 0 0 0 0 0 0 0 0 0 0 0 0 0 0 0 0 0 0 0 0 0 
0 0 0 0 0 0 0 0 0 0 0 0 0 3.02351e+10 1.28244e+12 1.33363e+13 7.13814e+13 2.48179e+14 6.33807e+14 1.31556e+15 2.33541e+15 3.64549e+15 5.19195e+15 6.86753e+15 8.62718e+15 1.03084e+16 1.18208e+16 1.34937e+16 1.45941e+16 1.54221e+16 1.6147e+16 1.6583e+16 1.68045e+16 0 0 0 0 0 0 0 0 0 0 0 0 0 0 0 0 0 0 0 0 0 0 0 0 0 0 0 0 0 0 0 0 
0 0 0 0 0 0 0 0 0 0 0 0 0 0 3.0347e+11 5.66867e+12 4.34747e+13 1.95763e+14 6.21622e+14 1.51083e+15 3.02215e+15 5.29122e+15 8.21294e+15 1.18132e+16 1.5542e+16 1.94278e+16 2.36349e+16 2.6835e+16 3.01705e+16 3.28794e+16 3.49251e+16 3.61643e+16 3.64267e+16 0 0 0 0 0 0 0 0 0 0 0 0 0 0 0 0 0 0 0 0 0 0 0 0 0 0 0 0 0 0 0 0 
0 0 0 0 0 0 0 0 0 0 0 0 0 0 3.64938e+10 1.73013e+12 2.00638e+13 1.23216e+14 4.8861e+14 1.42039e+15 3.3235e+15 6.47854e+15 1.11351e+16 1.69119e+16 2.43385e+16 3.23057e+16 4.00064e+16 4.79413e+16 5.54035e+16 6.11248e+16 6.58907e+16 6.82986e+16 6.99057e+16 0 0 0 0 0 0 0 0 0 0 0 0 0 0 0 0 0 0 0 0 0 0 0 0 0 0 0 0 0 0 0 0 
0 0 0 0 0 0 0 0 0 0 0 0 0 0 0 3.46526e+11 7.30153e+12 6.14018e+13 3.10655e+14 1.10896e+15 3.00435e+15 6.6982e+15 1.27736e+16 2.17567e+16 3.27358e+16 4.58957e+16 6.05245e+16 7.57068e+16 8.87576e+16 1.00892e+17 1.09508e+17 1.16494e+17 1.17803e+17 0 0 0 0 0 0 0 0 0 0 0 0 0 0 0 0 0 0 0 0 0 0 0 0 0 0 0 0 0 0 0 0 
0 0 0 0 0 0 0 0 0 0 0 0 0 0 0 3.59252e+10 1.85393e+12 2.39413e+13 1.61815e+14 7.03732e+14 2.2876e+15 5.85928e+15 1.24441e+16 2.30201e+16 3.80678e+16 5.72334e+16 7.9353e+16 1.01795e+17 1.24617e+17 1.45511e+17 1.61431e+17 1.70576e+17 1.74796e+17 0 0 0 0 0 0 0 0 0 0 0 0 0 0 0 0 0 0 0 0 0 0 0 0 0 0 0 0 0 0 0 0 
0 0 0 0 0 0 0 0 0 0 0 0 0 0 0 0 3.24003e+11 7.32016e+12 6.66617e+13 3.72439e+14 1.43434e+15 4.24143e+15 1.03076e+16 2.10633e+16 3.81863e+16 6.13035e+16 8.98082e+16 1.22196e+17 1.54832e+17 1.83323e+17 2.08853e+17 2.2331e+17 2.2825e+17 0 0 0 0 0 0 0 0 0 0 0 0 0 0 0 0 0 0 0 0 0 0 0 0 0 0 0 0 0 0 0 0 
0 0 0 0 0 0 0 0 0 0 0 0 0 0 0 0 2.95466e+10 1.60889e+12 2.23435e+13 1.60622e+14 7.58234e+14 2.64964e+15 7.27161e+15 1.65811e+16 3.20805e+16 5.59036e+16 8.72472e+16 1.24781e+17 1.64846e+17 2.04451e+17 2.33472e+17 2.56305e+17 2.61079e+17 0 0 0 0 0 0 0 0 0 0 0 0 0 0 0 0 0 0 0 0 0 0 0 0 0 0 0 0 0 0 0 0 
0 0 0 0 0 0 0 0 0 0 0 0 0 0 0 0 0 2.43116e+11 5.86976e+12 5.67823e+13 3.32571e+14 1.37604e+15 4.32576e+15 1.10488e+16 2.39826e+16 4.46685e+16 7.42223e+16 1.11442e+17 1.53301e+17 1.93306e+17 2.27967e+17 2.51307e+17 2.61681e+17 0 0 0 0 0 0 0 0 0 0 0 0 0 0 0 0 0 0 0 0 0 0 0 0 0 0 0 0 0 0 0 0 
0 0 0 0 0 0 0 0 0 0 0 0 0 0 0 0 0 2.02794e+10 1.11285e+12 1.61128e+13 1.2323e+14 6.08139e+14 2.23193e+15 6.43072e+15 1.52445e+16 3.09002e+16 5.49143e+16 8.67735e+16 1.23967e+17 1.61551e+17 1.97192e+17 2.18404e+17 2.27641e+17 0 0 0 0 0 0 0 0 0 0 0 0 0 0 0 0 0 0 0 0 0 0 0 0 0 0 0 0 0 0 0 0 
0 0 0 0 0 0 0 0 0 0 0 0 0 0 0 0 0 0 1.52098e+11 3.71003e+12 3.74452e+13 2.28466e+14 9.6986e+14 3.17597e+15 8.37348e+15 1.84413e+16 3.52731e+16 5.89312e+16 8.82741e+16 1.20867e+17 1.47712e+17 1.67992e+17 1.73923e+17 0 0 0 0 0 0 0 0 0 0 0 0 0 0 0 0 0 0 0 0 0 0 0 0 0 0 0 0 0 0 0 0 
0 0 0 0 0 0 0 0 0 0 0 0 0 0 0 0 0 0 1.14558e+10 6.39519e+11 9.3207e+12 7.20722e+13 3.68683e+14 1.3654e+15 4.0056e+15 9.69628e+15 1.96292e+16 3.51971e+16 5.50007e+16 7.6512e+16 9.72071e+16 1.12022e+17 1.17083e+17 0 0 0 0 0 0 0 0 0 0 0 0 0 0 0 0 0 0 0 0 0 0 0 0 0 0 0 0 0 0 0 0 
0 0 0 0 0 0 0 0 0 0 0 0 0 0 0 0 0 0 0 7.6702e+10 1.90575e+12 1.92209e+13 1.18246e+14 5.11782e+14 1.68126e+15 4.43394e+15 9.79133e+15 1.82561e+16 3.02095e+16 4.4057e+16 5.7021e+16 6.6289e+16 7.017e+16 0 0 0 0 0 0 0 0 0 0 0 0 0 0 0 0 0 0 0 0 0 0 0 0 0 0 0 0 0 0 0 0 
0 0 0 0 0 0 0 0 0 0 0 0 0 0 0 0 0 0 0 5.78554e+09 2.94105e+11 4.26759e+12 3.27105e+13 1.67133e+14 6.18107e+14 1.80295e+15 4.29662e+15 8.62458e+15 1.48227e+16 2.22051e+16 2.96438e+16 3.50821e+16 3.70027e+16 0 0 0 0 0 0 0 0 0 0 0 0 0 0 0 0 0 0 0 0 0 0 0 0 0 0 0 0 0 0 0 0 
0 0 0 0 0 0 0 0 0 0 0 0 0 0 0 0 0 0 0 0 3.25576e+10 7.90516e+11 7.72931e+12 4.68362e+13 2.00705e+14 6.46437e+14 1.67265e+15 3.56119e+15 6.43007e+15 1.01897e+16 1.38452e+16 1.65739e+16 1.7468e+16 0 0 0 0 0 0 0 0 0 0 0 0 0 0 0 0 0 0 0 0 0 0 0 0 0 0 0 0 0 0 0 0 
0 0 0 0 0 0 0 0 0 0 0 0 0 0 0 0 0 0 0 0 2.45712e+09 1.09527e+11 1.56452e+12 1.16612e+13 5.75701e+13 2.08409e+14 5.75414e+14 1.31728e+15 2.53656e+15 4.10026e+15 5.77595e+15 7.05444e+15 7.56154e+15 0 0 0 0 0 0 0 0 0 0 0 0 0 0 0 0 0 0 0 0 0 0 0 0 0 0 0 0 0 0 0 0 
0 0 0 0 0 0 0 0 0 0 0 0 0 0 0 0 0 0 0 0 0 1.20027e+10 2.6479e+11 2.45972e+12 1.44597e+13 5.80915e+13 1.81655e+14 4.45385e+14 8.908e+14 1.51202e+15 2.1628e+15 2.6945e+15 2.9253e+15 0 0 0 0 0 0 0 0 0 0 0 0 0 0 0 0 0 0 0 0 0 0 0 0 0 0 0 0 0 0 0 0 
0 0 0 0 0 0 0 0 0 0 0 0 0 0 0 0 0 0 0 0 0 9.51021e+08 3.50123e+10 4.62429e+11 3.19407e+12 1.50132e+13 5.08557e+13 1.32272e+14 2.85215e+14 5.00234e+14 7.46625e+14 9.4693e+14 1.01789e+15 0 0 0 0 0 0 0 0 0 0 0 0 0 0 0 0 0 0 0 0 0 0 0 0 0 0 0 0 0 0 0 0 
0 0 0 0 0 0 0 0 0 0 0 0 0 0 0 0 0 0 0 0 0 0 3.67116e+09 7.26941e+10 6.32328e+11 3.39395e+12 1.28749e+13 3.7469e+13 8.41134e+13 1.54901e+14 2.36653e+14 3.00753e+14 3.26276e+14 0 0 0 0 0 0 0 0 0 0 0 0 0 0 0 0 0 0 0 0 0 0 0 0 0 0 0 0 0 0 0 0 
0 0 0 0 0 0 0 0 0 0 0 0 0 0 0 0 0 0 0 0 0 0 3.36316e+08 9.50233e+09 1.12211e+11 6.89103e+11 2.96584e+12 9.28922e+12 2.24351e+13 4.32408e+13 6.79726e+13 8.76672e+13 9.73602e+13 0 0 0 0 0 0 0 0 0 0 0 0 0 0 0 0 0 0 0 0 0 0 0 0 0 0 0 0 0 0 0 0 
0 0 0 0 0 0 0 0 0 0 0 0 0 0 0 0 0 0 0 0 0 0 0 9.84177e+08 1.68966e+10 1.28441e+11 6.21129e+11 2.13923e+12 5.57088e+12 1.11733e+13 1.82849e+13 2.45307e+13 2.70252e+13 0 0 0 0 0 0 0 0 0 0 0 0 0 0 0 0 0 0 0 0 0 0 0 0 0 0 0 0 0 0 0 0 
0 0 0 0 0 0 0 0 0 0 0 0 0 0 0 0 0 0 0 0 0 0 0 1.09046e+08 2.18602e+09 2.14224e+10 1.16082e+11 4.48289e+11 1.24484e+12 2.73119e+12 4.55623e+12 6.20461e+12 6.93468e+12 0 0 0 0 0 0 0 0 0 0 0 0 0 0 0 0 0 0 0 0 0 0 0 0 0 0 0 0 0 0 0 0 
0 0 0 0 0 0 0 0 0 0 0 0 0 0 0 0 0 0 0 0 0 0 0 0 2.33507e+08 3.2875e+09 2.12065e+10 8.84723e+10 2.68109e+11 6.0282e+11 1.05898e+12 1.44182e+12 1.64323e+12 0 0 0 0 0 0 0 0 0 0 0 0 0 0 0 0 0 0 0 0 0 0 0 0 0 0 0 0 0 0 0 0 
0 0 0 0 0 0 0 0 0 0 0 0 0 0 0 0 0 0 0 0 0 0 0 0 3.33105e+07 4.42622e+08 3.42239e+09 1.63668e+10 5.37485e+10 1.26928e+11 2.33288e+11 3.33264e+11 3.71066e+11 0 0 0 0 0 0 0 0 0 0 0 0 0 0 0 0 0 0 0 0 0 0 0 0 0 0 0 0 0 0 0 0 
0 0 0 0 0 0 0 0 0 0 0 0 0 0 0 0 0 0 0 0 0 0 0 0 0 4.81649e+07 5.46764e+08 2.9889e+09 1.03459e+10 2.61031e+10 4.83403e+10 7.0777e+10 8.18226e+10 0 0 0 0 0 0 0 0 0 0 0 0 0 0 0 0 0 0 0 0 0 0 0 0 0 0 0 0 0 0 0 0 
0 0 0 0 0 0 0 0 0 0 0 0 0 0 0 0 0 0 0 0 0 0 0 0 0 9.03145e+06 8.15369e+07 4.7868e+08 1.88798e+09 5.15159e+09 9.77995e+09 1.51445e+10 1.68841e+10 0 0 0 0 0 0 0 0 0 0 0 0 0 0 0 0 0 0 0 0 0 0 0 0 0 0 0 0 0 0 0 0 
0 0 0 0 0 0 0 0 0 0 0 0 0 0 0 0 0 0 0 0 0 0 0 0 0 0 8.2104e+06 8.2454e+07 3.48844e+08 9.32459e+08 2.03256e+09 2.92713e+09 3.47841e+09 0 0 0 0 0 0 0 0 0 0 0 0 0 0 0 0 0 0 0 0 0 0 0 0 0 0 0 0 0 0 0 0 
0 0 0 0 0 0 0 0 0 0 0 0 0 0 0 0 0 0 0 0 0 0 0 0 0 0 2.16311e+06 1.32875e+07 5.61411e+07 1.90454e+08 3.86097e+08 5.94374e+08 6.9589e+08 0 0 0 0 0 0 0 0 0 0 0 0 0 0 0 0 0 0 0 0 0 0 0 0 0 0 0 0 0 0 0 0 
0 0 0 0 0 0 0 0 0 0 0 0 0 0 0 0 0 0 0 0 0 0 0 0 0 0 0 1.15878e+06 1.11555e+07 3.30865e+07 7.14083e+07 1.19631e+08 1.35957e+08 0 0 0 0 0 0 0 0 0 0 0 0 0 0 0 0 0 0 0 0 0 0 0 0 0 0 0 0 0 0 0 0 
0 0 0 0 0 0 0 0 0 0 0 0 0 0 0 0 0 0 0 0 0 0 0 0 0 0 0 446082 1.77894e+06 5.60078e+06 1.57732e+07 2.26453e+07 2.78202e+07 0 0 0 0 0 0 0 0 0 0 0 0 0 0 0 0 0 0 0 0 0 0 0 0 0 0 0 0 0 0 0 0 
0 0 0 0 0 0 0 0 0 0 0 0 0 0 0 0 0 0 0 0 0 0 0 0 0 0 0 0 120944 1.28045e+06 2.41436e+06 4.63824e+06 5.42725e+06 0 0 0 0 0 0 0 0 0 0 0 0 0 0 0 0 0 0 0 0 0 0 0 0 0 0 0 0 0 0 0 0 
0 0 0 0 0 0 0 0 0 0 0 0 0 0 0 0 0 0 0 0 0 0 0 0 0 0 0 0 76474.3 179258 457115 982741 974600 0 0 0 0 0 0 0 0 0 0 0 0 0 0 0 0 0 0 0 0 0 0 0 0 0 0 0 0 0 0 0 0 
0 0 0 0 0 0 0 0 0 0 0 0 0 0 0 0 0 0 0 0 0 0 0 0 0 0 0 0 0 8238.99 118903 110012 238357 0 0 0 0 0 0 0 0 0 0 0 0 0 0 0 0 0 0 0 0 0 0 0 0 0 0 0 0 0 0 0 0 
0 0 0 0 0 0 0 0 0 0 0 0 0 0 0 0 0 0 0 0 0 0 0 0 0 0 0 0 0 10297.2 11975.2 31654.3 37945.1 0 0 0 0 0 0 0 0 0 0 0 0 0 0 0 0 0 0 0 0 0 0 0 0 0 0 0 0 0 0 0 0 
0 0 0 0 0 0 0 0 0 0 0 0 0 0 0 0 0 0 0 0 0 0 0 0 0 0 0 0 0 0 282.647 7761.46 2095.76 0 0 0 0 0 0 0 0 0 0 0 0 0 0 0 0 0 0 0 0 0 0 0 0 0 0 0 0 0 0 0 0 
0 0 0 0 0 0 0 0 0 0 0 0 0 0 0 0 0 0 0 0 0 0 0 0 0 0 0 0 0 0 1020.45 402.619 1884.25 0 0 0 0 0 0 0 0 0 0 0 0 0 0 0 0 0 0 0 0 0 0 0 0 0 0 0 0 0 0 0 0 
0 0 0 0 0 0 0 0 0 0 0 0 0 0 0 0 0 0 0 0 0 0 0 0 0 0 0 0 0 0 0 0 259.462 0 0 0 0 0 0 0 0 0 0 0 0 0 0 0 0 0 0 0 0 0 0 0 0 0 0 0 0 0 0 0 0 
0 0 0 0 0 0 0 0 0 0 0 0 0 0 0 0 0 0 0 0 0 0 0 0 0 0 0 0 0 0 0 65.8354 0 0 0 0 0 0 0 0 0 0 0 0 0 0 0 0 0 0 0 0 0 0 0 0 0 0 0 0 0 0 0 0 0 
0 0 0 0 0 0 0 0 0 0 0 0 0 0 0 0 0 0 0 0 0 0 0 0 0 0 0 0 0 0 0 0 0 0 0 0 0 0 0 0 0 0 0 0 0 0 0 0 0 0 0 0 0 0 0 0 0 0 0 0 0 0 0 0 0 
0 0 0 0 0 0 0 0 0 0 0 0 0 0 0 0 0 0 0 0 0 0 0 0 0 0 0 0 0 0 0 0 2.05736 0 0 0 0 0 0 0 0 0 0 0 0 0 0 0 0 0 0 0 0 0 0 0 0 0 0 0 0 0 0 0 0 
