1 0 0 0 0 0 0 0 0 0 0 0 0 0 0 0 0 0 0 0 0 0 0 0 0 0 0 0 0 0 0 0 0 0 0 0 0 0 0 0 0 0 0 0 0 0 0 0 0 0 0 0 0 0 0 0 0 0 0 0 0 0 0 0 1 
0 0 0 0 0 0 0 0 0 0 0 0 0 0 0 0 0 0 0 0 0 0 0 0 0 0 0 0 0 0 0 0 0 0 0 0 0 0 0 0 0 0 0 0 0 0 0 0 0 0 0 0 0 0 0 0 0 0 0 0 0 0 0 0 0 
0 64 0 0 0 0 0 0 0 0 0 0 0 0 0 0 0 0 0 0 0 0 0 0 0 0 0 0 0 0 0 0 0 0 0 0 0 0 0 0 0 0 0 0 0 0 0 0 0 0 0 0 0 0 0 0 0 0 0 0 0 0 0 0 0 
0 0 128 0 0 0 0 0 0 0 0 0 0 0 0 0 0 0 0 0 0 0 0 0 0 0 0 0 0 0 0 0 0 0 0 0 0 0 0 0 0 0 0 0 0 0 0 0 0 0 0 0 0 0 0 0 0 0 0 0 0 0 0 0 0 
0 0 1888 370.999 59.9047 0 0 0 0 0 0 0 0 0 0 0 0 0 0 0 0 0 0 0 0 0 0 0 0 0 0 0 0 0 0 0 0 0 0 0 0 0 0 0 0 0 0 0 0 0 0 0 0 0 0 0 0 0 0 0 0 0 0 0 0 
0 0 0 7194 1137.87 539.432 138.606 0 0 0 0 0 0 0 0 0 0 0 0 0 0 0 0 0 0 0 0 0 0 0 0 0 0 0 0 0 0 0 0 0 0 0 0 0 0 0 0 0 0 0 0 0 0 0 0 0 0 0 0 0 0 0 0 0 0 
0 0 0 34099 27057.8 6634.35 2691.14 1469.26 390.942 76.7446 0 0 0 0 0 0 0 0 0 0 0 0 0 0 0 0 0 0 0 0 0 0 0 0 0 0 0 0 0 0 0 0 0 0 0 0 0 0 0 0 0 0 0 0 0 0 0 0 0 0 0 0 0 0 0 
0 0 0 0 184279 96720.9 42926.9 17060.6 8320.05 4114.21 1787.43 460.939 84.4596 0 0 0 0 0 0 0 0 0 0 0 0 0 0 0 0 0 0 0 0 0 0 0 0 0 0 0 0 0 0 0 0 0 0 0 0 0 0 0 0 0 0 0 0 0 0 0 0 0 0 0 0 
0 0 0 0 422841 828081 408734 213145 115612 54417 33016.4 18437.6 9251.39 3717.04 1462.98 309.48 62.9834 0 0 0 0 0 0 0 18.1213 0 0 0 0 0 0 0 18.0223 0 0 0 0 0 0 0 0 0 0 0 0 0 0 0 0 0 0 0 0 0 0 0 0 0 0 0 0 0 0 0 0 
0 0 0 0 0 2.8654e+06 3.3106e+06 1.94972e+06 1.09994e+06 710534 445082 253449 148628 94646.6 57741.7 28538.3 13256.6 5789.64 2240.3 1130.01 476.899 295.83 374.624 196.121 0 246.949 331.456 296.455 310.948 275.339 368.207 244.724 0 0 0 0 0 0 0 0 0 0 0 0 0 0 0 0 0 0 0 0 0 0 0 0 0 0 0 0 0 0 0 0 0 
0 0 0 0 0 3.82714e+06 1.46303e+07 1.3479e+07 9.36008e+06 6.10135e+06 3.91424e+06 2.70568e+06 1.70623e+06 1.15766e+06 758535 541741 342466 221798 133603 72830 40876.8 20777.9 11880.6 12555.3 14487 13977.6 9570.43 9080.25 8880.84 9990.26 9639.21 10698.7 10332.6 0 0 0 0 0 0 0 0 0 0 0 0 0 0 0 0 0 0 0 0 0 0 0 0 0 0 0 0 0 0 0 0 
0 0 0 0 0 0 3.03451e+07 6.40361e+07 5.77635e+07 4.35124e+07 3.18725e+07 2.19401e+07 1.61798e+07 1.16803e+07 8.23964e+06 5.65548e+06 4.50868e+06 3.10697e+06 2.03256e+06 1.54272e+06 1.06682e+06 710690 533665 388863 330712 289401 263257 247972 219175 229286 193598 190560 192186 0 0 0 0 0 0 0 0 0 0 0 0 0 0 0 0 0 0 0 0 0 0 0 0 0 0 0 0 0 0 0 0 
0 0 0 0 0 0 2.62339e+07 1.69568e+08 2.6318e+08 2.46421e+08 2.0141e+08 1.53236e+08 1.20451e+08 8.98837e+07 6.92694e+07 5.32205e+07 4.11028e+07 3.07783e+07 2.4038e+07 1.92385e+07 1.41545e+07 9.9988e+06 8.35882e+06 7.3012e+06 5.46564e+06 4.7918e+06 4.18429e+06 3.67704e+06 3.61468e+06 3.55622e+06 3.31854e+06 3.00561e+06 3.21551e+06 0 0 0 0 0 0 0 0 0 0 0 0 0 0 0 0 0 0 0 0 0 0 0 0 0 0 0 0 0 0 0 0 
0 0 0 0 0 0 0 2.31969e+08 7.85393e+08 1.06549e+09 1.03465e+09 9.02829e+08 7.45768e+08 6.198e+08 4.81009e+08 4.11948e+08 3.12009e+08 2.51911e+08 2.15457e+08 1.75344e+08 1.35859e+08 1.11013e+08 9.27223e+07 7.87961e+07 6.83446e+07 5.94126e+07 5.17346e+07 4.40925e+07 4.25299e+07 3.9074e+07 3.55135e+07 3.84517e+07 3.62992e+07 0 0 0 0 0 0 0 0 0 0 0 0 0 0 0 0 0 0 0 0 0 0 0 0 0 0 0 0 0 0 0 0 
0 0 0 0 0 0 0 1.39983e+08 1.38397e+09 3.32177e+09 4.29305e+09 4.33967e+09 4.01908e+09 3.44982e+09 3.00524e+09 2.49818e+09 2.13694e+09 1.81142e+09 1.58094e+09 1.29301e+09 1.02927e+09 9.08162e+08 8.10175e+08 7.11728e+08 6.3807e+08 5.47225e+08 5.01913e+08 4.39407e+08 4.00817e+08 3.63224e+08 3.81406e+08 3.48616e+08 3.59162e+08 0 0 0 0 0 0 0 0 0 0 0 0 0 0 0 0 0 0 0 0 0 0 0 0 0 0 0 0 0 0 0 0 
0 0 0 0 0 0 0 0 1.33821e+09 6.64114e+09 1.31375e+10 1.70633e+10 1.78457e+10 1.71777e+10 1.53856e+10 1.39049e+10 1.28133e+10 1.12034e+10 9.51656e+09 8.38614e+09 7.32892e+09 6.65206e+09 5.78651e+09 5.22032e+09 4.63772e+09 4.38021e+09 3.78585e+09 3.54229e+09 3.2758e+09 3.18094e+09 3.05754e+09 3.01212e+09 2.95043e+09 0 0 0 0 0 0 0 0 0 0 0 0 0 0 0 0 0 0 0 0 0 0 0 0 0 0 0 0 0 0 0 0 
0 0 0 0 0 0 0 0 5.87063e+08 8.32585e+09 2.84556e+10 5.01523e+10 6.51805e+10 7.0584e+10 7.11064e+10 6.75611e+10 6.32477e+10 5.82418e+10 5.33465e+10 4.82163e+10 4.53041e+10 3.98765e+10 3.52406e+10 3.26627e+10 3.15503e+10 2.71401e+10 2.63379e+10 2.43999e+10 2.33354e+10 2.18052e+10 2.1012e+10 2.1309e+10 2.09976e+10 0 0 0 0 0 0 0 0 0 0 0 0 0 0 0 0 0 0 0 0 0 0 0 0 0 0 0 0 0 0 0 0 
0 0 0 0 0 0 0 0 0 5.92135e+09 4.08192e+10 1.11138e+11 1.85772e+11 2.4382e+11 2.7438e+11 2.8521e+11 2.82106e+11 2.74268e+11 2.60299e+11 2.44936e+11 2.28697e+11 2.13557e+11 2.03541e+11 1.83736e+11 1.74839e+11 1.6696e+11 1.52588e+11 1.51191e+11 1.42649e+11 1.34451e+11 1.3513e+11 1.32485e+11 1.34207e+11 0 0 0 0 0 0 0 0 0 0 0 0 0 0 0 0 0 0 0 0 0 0 0 0 0 0 0 0 0 0 0 0 
0 0 0 0 0 0 0 0 0 1.96818e+09 3.76984e+10 1.74301e+11 4.11142e+11 6.69113e+11 8.76523e+11 1.02684e+12 1.10333e+12 1.13216e+12 1.14849e+12 1.10172e+12 1.08013e+12 1.03987e+12 9.9678e+11 9.52832e+11 9.09263e+11 8.54891e+11 8.21552e+11 8.04429e+11 7.49621e+11 7.69895e+11 7.50165e+11 7.54265e+11 7.6894e+11 0 0 0 0 0 0 0 0 0 0 0 0 0 0 0 0 0 0 0 0 0 0 0 0 0 0 0 0 0 0 0 0 
0 0 0 0 0 0 0 0 0 0 2.04731e+10 1.87271e+11 6.70053e+11 1.43658e+12 2.30994e+12 3.08456e+12 3.60371e+12 4.05755e+12 4.20942e+12 4.48362e+12 4.48868e+12 4.38975e+12 4.38734e+12 4.33174e+12 4.26918e+12 4.16444e+12 3.98284e+12 3.83426e+12 3.86413e+12 3.7416e+12 3.73419e+12 3.67555e+12 3.65407e+12 0 0 0 0 0 0 0 0 0 0 0 0 0 0 0 0 0 0 0 0 0 0 0 0 0 0 0 0 0 0 0 0 
0 0 0 0 0 0 0 0 0 0 5.32412e+09 1.30384e+11 7.87459e+11 2.38551e+12 4.80684e+12 7.60414e+12 1.03768e+13 1.24755e+13 1.44153e+13 1.56899e+13 1.64786e+13 1.70596e+13 1.73544e+13 1.75121e+13 1.74527e+13 1.72966e+13 1.69918e+13 1.72142e+13 1.71229e+13 1.71517e+13 1.70592e+13 1.67137e+13 1.63546e+13 0 0 0 0 0 0 0 0 0 0 0 0 0 0 0 0 0 0 0 0 0 0 0 0 0 0 0 0 0 0 0 0 
0 0 0 0 0 0 0 0 0 0 0 5.61998e+10 6.43348e+11 2.94838e+12 7.94262e+12 1.53889e+13 2.45015e+13 3.31645e+13 4.13388e+13 4.79191e+13 5.40084e+13 5.75142e+13 6.12019e+13 6.38468e+13 6.49466e+13 6.63127e+13 6.84035e+13 6.78622e+13 6.80276e+13 6.68337e+13 6.71167e+13 6.7955e+13 6.8264e+13 0 0 0 0 0 0 0 0 0 0 0 0 0 0 0 0 0 0 0 0 0 0 0 0 0 0 0 0 0 0 0 0 
0 0 0 0 0 0 0 0 0 0 0 1.16657e+10 3.55127e+11 2.65169e+12 1.00456e+13 2.49593e+13 4.69378e+13 7.41087e+13 1.01553e+14 1.29804e+14 1.54911e+14 1.76457e+14 1.92671e+14 2.07535e+14 2.19874e+14 2.31265e+14 2.36237e+14 2.43233e+14 2.48105e+14 2.46493e+14 2.52517e+14 2.5162e+14 2.50269e+14 0 0 0 0 0 0 0 0 0 0 0 0 0 0 0 0 0 0 0 0 0 0 0 0 0 0 0 0 0 0 0 0 
0 0 0 0 0 0 0 0 0 0 0 0 1.22637e+11 1.70333e+12 9.58875e+12 3.15035e+13 7.32407e+13 1.36489e+14 2.15467e+14 3.01307e+14 3.82895e+14 4.70034e+14 5.44761e+14 6.04335e+14 6.64976e+14 7.11989e+14 7.53051e+14 7.79596e+14 8.02631e+14 8.28966e+14 8.44135e+14 8.46832e+14 8.45965e+14 0 0 0 0 0 0 0 0 0 0 0 0 0 0 0 0 0 0 0 0 0 0 0 0 0 0 0 0 0 0 0 0 
0 0 0 0 0 0 0 0 0 0 0 0 2.07475e+10 7.62034e+11 6.7872e+12 3.10853e+13 9.20777e+13 2.04719e+14 3.70272e+14 5.83084e+14 8.24768e+14 1.07291e+15 1.33481e+15 1.57056e+15 1.77356e+15 1.97542e+15 2.12805e+15 2.27264e+15 2.36772e+15 2.46745e+15 2.50085e+15 2.55865e+15 2.54739e+15 0 0 0 0 0 0 0 0 0 0 0 0 0 0 0 0 0 0 0 0 0 0 0 0 0 0 0 0 0 0 0 0 
0 0 0 0 0 0 0 0 0 0 0 0 0 2.13905e+11 3.51198e+12 2.3407e+13 9.19373e+13 2.5046e+14 5.38676e+14 9.56101e+14 1.51537e+15 2.15793e+15 2.80791e+15 3.51586e+15 4.1944e+15 4.79404e+15 5.35501e+15 5.79639e+15 6.22188e+15 6.58451e+15 6.76558e+15 6.8966e+15 6.96722e+15 0 0 0 0 0 0 0 0 0 0 0 0 0 0 0 0 0 0 0 0 0 0 0 0 0 0 0 0 0 0 0 0 
0 0 0 0 0 0 0 0 0 0 0 0 0 3.05595e+10 1.28293e+12 1.32648e+13 7.12813e+13 2.48321e+14 6.37067e+14 1.32629e+15 2.33318e+15 3.61931e+15 5.20427e+15 6.88245e+15 8.66916e+15 1.03653e+16 1.19889e+16 1.34435e+16 1.46346e+16 1.55658e+16 1.63493e+16 1.67547e+16 1.68346e+16 0 0 0 0 0 0 0 0 0 0 0 0 0 0 0 0 0 0 0 0 0 0 0 0 0 0 0 0 0 0 0 0 
0 0 0 0 0 0 0 0 0 0 0 0 0 0 3.02124e+11 5.7194e+12 4.35483e+13 1.96085e+14 6.21426e+14 1.5119e+15 3.02191e+15 5.28593e+15 8.14746e+15 1.17226e+16 1.54436e+16 1.95664e+16 2.3422e+16 2.71256e+16 3.01885e+16 3.26272e+16 3.4695e+16 3.56997e+16 3.64534e+16 0 0 0 0 0 0 0 0 0 0 0 0 0 0 0 0 0 0 0 0 0 0 0 0 0 0 0 0 0 0 0 0 
0 0 0 0 0 0 0 0 0 0 0 0 0 0 3.67977e+10 1.72336e+12 2.00383e+13 1.23143e+14 4.85641e+14 1.41726e+15 3.31456e+15 6.47126e+15 1.11536e+16 1.69511e+16 2.42401e+16 3.19549e+16 4.02778e+16 4.82072e+16 5.57117e+16 6.14578e+16 6.59494e+16 6.89539e+16 6.98782e+16 0 0 0 0 0 0 0 0 0 0 0 0 0 0 0 0 0 0 0 0 0 0 0 0 0 0 0 0 0 0 0 0 
0 0 0 0 0 0 0 0 0 0 0 0 0 0 0 3.45888e+11 7.30333e+12 6.18646e+13 3.12113e+14 1.10686e+15 3.00503e+15 6.72338e+15 1.27631e+16 2.16644e+16 3.27682e+16 4.5836e+16 6.02871e+16 7.50561e+16 8.8431e+16 1.00929e+17 1.10167e+17 1.16049e+17 1.17663e+17 0 0 0 0 0 0 0 0 0 0 0 0 0 0 0 0 0 0 0 0 0 0 0 0 0 0 0 0 0 0 0 0 
0 0 0 0 0 0 0 0 0 0 0 0 0 0 0 3.63168e+10 1.86444e+12 2.3813e+13 1.61544e+14 7.0914e+14 2.28613e+15 5.83243e+15 1.24983e+16 2.30937e+16 3.81709e+16 5.76152e+16 7.88708e+16 1.02232e+17 1.25629e+17 1.45608e+17 1.60552e+17 1.71132e+17 1.75927e+17 0 0 0 0 0 0 0 0 0 0 0 0 0 0 0 0 0 0 0 0 0 0 0 0 0 0 0 0 0 0 0 0 
0 0 0 0 0 0 0 0 0 0 0 0 0 0 0 0 3.22233e+11 7.30824e+12 6.70694e+13 3.71232e+14 1.44056e+15 4.26282e+15 1.03031e+16 2.10568e+16 3.78275e+16 6.07024e+16 9.02284e+16 1.21452e+17 1.53712e+17 1.8343e+17 2.09392e+17 2.24114e+17 2.27123e+17 0 0 0 0 0 0 0 0 0 0 0 0 0 0 0 0 0 0 0 0 0 0 0 0 0 0 0 0 0 0 0 0 
0 0 0 0 0 0 0 0 0 0 0 0 0 0 0 0 2.95279e+10 1.61748e+12 2.22812e+13 1.59849e+14 7.58571e+14 2.63814e+15 7.25454e+15 1.66007e+16 3.25464e+16 5.63968e+16 8.73382e+16 1.2513e+17 1.64866e+17 2.03215e+17 2.33358e+17 2.54287e+17 2.61376e+17 0 0 0 0 0 0 0 0 0 0 0 0 0 0 0 0 0 0 0 0 0 0 0 0 0 0 0 0 0 0 0 0 
0 0 0 0 0 0 0 0 0 0 0 0 0 0 0 0 0 2.45925e+11 5.84391e+12 5.68576e+13 3.33652e+14 1.38678e+15 4.33112e+15 1.10853e+16 2.39545e+16 4.45755e+16 7.42958e+16 1.11356e+17 1.52393e+17 1.9347e+17 2.27638e+17 2.51849e+17 2.62013e+17 0 0 0 0 0 0 0 0 0 0 0 0 0 0 0 0 0 0 0 0 0 0 0 0 0 0 0 0 0 0 0 0 
0 0 0 0 0 0 0 0 0 0 0 0 0 0 0 0 0 2.00069e+10 1.13386e+12 1.62465e+13 1.22689e+14 6.06852e+14 2.2292e+15 6.40507e+15 1.51639e+16 3.10471e+16 5.47007e+16 8.65768e+16 1.24185e+17 1.62212e+17 1.96207e+17 2.18056e+17 2.25733e+17 0 0 0 0 0 0 0 0 0 0 0 0 0 0 0 0 0 0 0 0 0 0 0 0 0 0 0 0 0 0 0 0 
0 0 0 0 0 0 0 0 0 0 0 0 0 0 0 0 0 0 1.5314e+11 3.73287e+12 3.75728e+13 2.26822e+14 9.73149e+14 3.16791e+15 8.34396e+15 1.83426e+16 3.52591e+16 5.9272e+16 8.91471e+16 1.20089e+17 1.48081e+17 1.67289e+17 1.74136e+17 0 0 0 0 0 0 0 0 0 0 0 0 0 0 0 0 0 0 0 0 0 0 0 0 0 0 0 0 0 0 0 0 
0 0 0 0 0 0 0 0 0 0 0 0 0 0 0 0 0 0 1.14517e+10 6.41534e+11 9.31953e+12 7.22029e+13 3.63137e+14 1.37202e+15 4.02795e+15 9.6617e+15 1.97952e+16 3.51809e+16 5.47199e+16 7.75351e+16 9.80135e+16 1.12801e+17 1.18224e+17 0 0 0 0 0 0 0 0 0 0 0 0 0 0 0 0 0 0 0 0 0 0 0 0 0 0 0 0 0 0 0 0 
0 0 0 0 0 0 0 0 0 0 0 0 0 0 0 0 0 0 0 7.82904e+10 1.93035e+12 1.92852e+13 1.19689e+14 5.06732e+14 1.65904e+15 4.45636e+15 9.78426e+15 1.83718e+16 3.04128e+16 4.39484e+16 5.73033e+16 6.69584e+16 7.00453e+16 0 0 0 0 0 0 0 0 0 0 0 0 0 0 0 0 0 0 0 0 0 0 0 0 0 0 0 0 0 0 0 0 
0 0 0 0 0 0 0 0 0 0 0 0 0 0 0 0 0 0 0 5.66705e+09 2.96963e+11 4.26449e+12 3.27597e+13 1.65297e+14 6.19006e+14 1.79418e+15 4.25147e+15 8.55815e+15 1.48006e+16 2.20625e+16 2.94816e+16 3.50029e+16 3.70623e+16 0 0 0 0 0 0 0 0 0 0 0 0 0 0 0 0 0 0 0 0 0 0 0 0 0 0 0 0 0 0 0 0 
0 0 0 0 0 0 0 0 0 0 0 0 0 0 0 0 0 0 0 0 3.37292e+10 7.93942e+11 7.75721e+12 4.76004e+13 1.98873e+14 6.38506e+14 1.67045e+15 3.55396e+15 6.39655e+15 1.00905e+16 1.36625e+16 1.64265e+16 1.76566e+16 0 0 0 0 0 0 0 0 0 0 0 0 0 0 0 0 0 0 0 0 0 0 0 0 0 0 0 0 0 0 0 0 
0 0 0 0 0 0 0 0 0 0 0 0 0 0 0 0 0 0 0 0 2.39561e+09 1.14041e+11 1.56605e+12 1.15865e+13 5.70856e+13 2.06412e+14 5.76292e+14 1.31306e+15 2.50515e+15 4.12401e+15 5.71455e+15 6.99151e+15 7.44123e+15 0 0 0 0 0 0 0 0 0 0 0 0 0 0 0 0 0 0 0 0 0 0 0 0 0 0 0 0 0 0 0 0 
0 0 0 0 0 0 0 0 0 0 0 0 0 0 0 0 0 0 0 0 0 1.21277e+10 2.6535e+11 2.45859e+12 1.43342e+13 5.87489e+13 1.80761e+14 4.43817e+14 9.09565e+14 1.52102e+15 2.18717e+15 2.70904e+15 2.85839e+15 0 0 0 0 0 0 0 0 0 0 0 0 0 0 0 0 0 0 0 0 0 0 0 0 0 0 0 0 0 0 0 0 
0 0 0 0 0 0 0 0 0 0 0 0 0 0 0 0 0 0 0 0 0 9.31875e+08 3.59346e+10 4.6252e+11 3.22139e+12 1.4863e+13 5.13804e+13 1.3377e+14 2.84333e+14 5.04268e+14 7.54505e+14 9.42143e+14 1.03199e+15 0 0 0 0 0 0 0 0 0 0 0 0 0 0 0 0 0 0 0 0 0 0 0 0 0 0 0 0 0 0 0 0 
0 0 0 0 0 0 0 0 0 0 0 0 0 0 0 0 0 0 0 0 0 0 3.67577e+09 7.17528e+10 6.30653e+11 3.36697e+12 1.28976e+13 3.6957e+13 8.32139e+13 1.53667e+14 2.37738e+14 3.09363e+14 3.3226e+14 0 0 0 0 0 0 0 0 0 0 0 0 0 0 0 0 0 0 0 0 0 0 0 0 0 0 0 0 0 0 0 0 
0 0 0 0 0 0 0 0 0 0 0 0 0 0 0 0 0 0 0 0 0 0 3.20759e+08 9.60525e+09 1.09181e+11 6.96936e+11 2.91142e+12 9.37076e+12 2.23848e+13 4.327e+13 6.96796e+13 9.10035e+13 9.99982e+13 0 0 0 0 0 0 0 0 0 0 0 0 0 0 0 0 0 0 0 0 0 0 0 0 0 0 0 0 0 0 0 0 
0 0 0 0 0 0 0 0 0 0 0 0 0 0 0 0 0 0 0 0 0 0 0 9.68509e+08 1.65434e+10 1.30474e+11 6.09549e+11 2.14676e+12 5.5217e+12 1.11879e+13 1.81582e+13 2.44595e+13 2.65862e+13 0 0 0 0 0 0 0 0 0 0 0 0 0 0 0 0 0 0 0 0 0 0 0 0 0 0 0 0 0 0 0 0 
0 0 0 0 0 0 0 0 0 0 0 0 0 0 0 0 0 0 0 0 0 0 0 1.01676e+08 2.24164e+09 2.15286e+10 1.2263e+11 4.40508e+11 1.27908e+12 2.74439e+12 4.63267e+12 6.26031e+12 6.9159e+12 0 0 0 0 0 0 0 0 0 0 0 0 0 0 0 0 0 0 0 0 0 0 0 0 0 0 0 0 0 0 0 0 
0 0 0 0 0 0 0 0 0 0 0 0 0 0 0 0 0 0 0 0 0 0 0 0 2.29242e+08 3.3153e+09 2.11202e+10 9.0199e+10 2.64193e+11 6.13573e+11 1.05606e+12 1.49649e+12 1.6664e+12 0 0 0 0 0 0 0 0 0 0 0 0 0 0 0 0 0 0 0 0 0 0 0 0 0 0 0 0 0 0 0 0 
0 0 0 0 0 0 0 0 0 0 0 0 0 0 0 0 0 0 0 0 0 0 0 0 3.05199e+07 4.65914e+08 3.58482e+09 1.69018e+10 5.36711e+10 1.29074e+11 2.41428e+11 3.39019e+11 3.70453e+11 0 0 0 0 0 0 0 0 0 0 0 0 0 0 0 0 0 0 0 0 0 0 0 0 0 0 0 0 0 0 0 0 
0 0 0 0 0 0 0 0 0 0 0 0 0 0 0 0 0 0 0 0 0 0 0 0 0 4.84416e+07 5.64524e+08 2.91368e+09 1.0694e+10 2.58208e+10 4.94454e+10 7.31843e+10 8.28977e+10 0 0 0 0 0 0 0 0 0 0 0 0 0 0 0 0 0 0 0 0 0 0 0 0 0 0 0 0 0 0 0 0 
0 0 0 0 0 0 0 0 0 0 0 0 0 0 0 0 0 0 0 0 0 0 0 0 0 8.16063e+06 8.47795e+07 5.03891e+08 1.95671e+09 5.21721e+09 1.01125e+10 1.57047e+10 1.7284e+10 0 0 0 0 0 0 0 0 0 0 0 0 0 0 0 0 0 0 0 0 0 0 0 0 0 0 0 0 0 0 0 0 
0 0 0 0 0 0 0 0 0 0 0 0 0 0 0 0 0 0 0 0 0 0 0 0 0 0 8.35504e+06 8.66334e+07 3.28384e+08 9.58836e+08 1.96426e+09 2.8714e+09 3.46761e+09 0 0 0 0 0 0 0 0 0 0 0 0 0 0 0 0 0 0 0 0 0 0 0 0 0 0 0 0 0 0 0 0 
0 0 0 0 0 0 0 0 0 0 0 0 0 0 0 0 0 0 0 0 0 0 0 0 0 0 1.95643e+06 1.35669e+07 6.09506e+07 1.90137e+08 3.94287e+08 6.05973e+08 7.06731e+08 0 0 0 0 0 0 0 0 0 0 0 0 0 0 0 0 0 0 0 0 0 0 0 0 0 0 0 0 0 0 0 0 
0 0 0 0 0 0 0 0 0 0 0 0 0 0 0 0 0 0 0 0 0 0 0 0 0 0 0 1.17416e+06 1.16399e+07 3.31156e+07 7.58332e+07 1.23976e+08 1.34632e+08 0 0 0 0 0 0 0 0 0 0 0 0 0 0 0 0 0 0 0 0 0 0 0 0 0 0 0 0 0 0 0 0 
0 0 0 0 0 0 0 0 0 0 0 0 0 0 0 0 0 0 0 0 0 0 0 0 0 0 0 406792 1.78473e+06 5.96756e+06 1.55657e+07 2.28836e+07 2.84296e+07 0 0 0 0 0 0 0 0 0 0 0 0 0 0 0 0 0 0 0 0 0 0 0 0 0 0 0 0 0 0 0 0 
0 0 0 0 0 0 0 0 0 0 0 0 0 0 0 0 0 0 0 0 0 0 0 0 0 0 0 0 122561 1.35223e+06 2.49897e+06 4.81153e+06 5.29714e+06 0 0 0 0 0 0 0 0 0 0 0 0 0 0 0 0 0 0 0 0 0 0 0 0 0 0 0 0 0 0 0 0 
0 0 0 0 0 0 0 0 0 0 0 0 0 0 0 0 0 0 0 0 0 0 0 0 0 0 0 0 68835 181244 495859 993322 997311 0 0 0 0 0 0 0 0 0 0 0 0 0 0 0 0 0 0 0 0 0 0 0 0 0 0 0 0 0 0 0 0 
0 0 0 0 0 0 0 0 0 0 0 0 0 0 0 0 0 0 0 0 0 0 0 0 0 0 0 0 0 8182.52 125251 115849 247558 0 0 0 0 0 0 0 0 0 0 0 0 0 0 0 0 0 0 0 0 0 0 0 0 0 0 0 0 0 0 0 0 
0 0 0 0 0 0 0 0 0 0 0 0 0 0 0 0 0 0 0 0 0 0 0 0 0 0 0 0 0 9304.59 12139.5 34879.5 38514.9 0 0 0 0 0 0 0 0 0 0 0 0 0 0 0 0 0 0 0 0 0 0 0 0 0 0 0 0 0 0 0 0 
0 0 0 0 0 0 0 0 0 0 0 0 0 0 0 0 0 0 0 0 0 0 0 0 0 0 0 0 0 0 265.516 8159.09 2006.32 0 0 0 0 0 0 0 0 0 0 0 0 0 0 0 0 0 0 0 0 0 0 0 0 0 0 0 0 0 0 0 0 
0 0 0 0 0 0 0 0 0 0 0 0 0 0 0 0 0 0 0 0 0 0 0 0 0 0 0 0 0 0 928.598 402.949 2070.79 0 0 0 0 0 0 0 0 0 0 0 0 0 0 0 0 0 0 0 0 0 0 0 0 0 0 0 0 0 0 0 0 
0 0 0 0 0 0 0 0 0 0 0 0 0 0 0 0 0 0 0 0 0 0 0 0 0 0 0 0 0 0 0 0 271.343 0 0 0 0 0 0 0 0 0 0 0 0 0 0 0 0 0 0 0 0 0 0 0 0 0 0 0 0 0 0 0 0 
0 0 0 0 0 0 0 0 0 0 0 0 0 0 0 0 0 0 0 0 0 0 0 0 0 0 0 0 0 0 0 59.9096 0 0 0 0 0 0 0 0 0 0 0 0 0 0 0 0 0 0 0 0 0 0 0 0 0 0 0 0 0 0 0 0 0 
0 0 0 0 0 0 0 0 0 0 0 0 0 0 0 0 0 0 0 0 0 0 0 0 0 0 0 0 0 0 0 0 0 0 0 0 0 0 0 0 0 0 0 0 0 0 0 0 0 0 0 0 0 0 0 0 0 0 0 0 0 0 0 0 0 
0 0 0 0 0 0 0 0 0 0 0 0 0 0 0 0 0 0 0 0 0 0 0 0 0 0 0 0 0 0 0 0 1.87217 0 0 0 0 0 0 0 0 0 0 0 0 0 0 0 0 0 0 0 0 0 0 0 0 0 0 0 0 0 0 0 0 
