1 0 0 0 0 0 0 0 0 0 0 0 0 0 0 0 0 0 0 0 0 0 0 0 0 0 0 0 0 0 0 0 0 0 0 0 0 0 0 0 0 0 0 0 0 0 0 0 0 0 0 0 0 0 0 0 0 0 0 0 0 0 0 0 1 
0 0 0 0 0 0 0 0 0 0 0 0 0 0 0 0 0 0 0 0 0 0 0 0 0 0 0 0 0 0 0 0 0 0 0 0 0 0 0 0 0 0 0 0 0 0 0 0 0 0 0 0 0 0 0 0 0 0 0 0 0 0 0 0 0 
0 64 0 0 0 0 0 0 0 0 0 0 0 0 0 0 0 0 0 0 0 0 0 0 0 0 0 0 0 0 0 0 0 0 0 0 0 0 0 0 0 0 0 0 0 0 0 0 0 0 0 0 0 0 0 0 0 0 0 0 0 0 0 0 0 
0 0 128 0 0 0 0 0 0 0 0 0 0 0 0 0 0 0 0 0 0 0 0 0 0 0 0 0 0 0 0 0 0 0 0 0 0 0 0 0 0 0 0 0 0 0 0 0 0 0 0 0 0 0 0 0 0 0 0 0 0 0 0 0 0 
0 0 1888 356.466 57.6898 0 0 0 0 0 0 0 0 0 0 0 0 0 0 0 0 0 0 0 0 0 0 0 0 0 0 0 0 0 0 0 0 0 0 0 0 0 0 0 0 0 0 0 0 0 0 0 0 0 0 0 0 0 0 0 0 0 0 0 0 
0 0 0 7223.07 1156.43 484.522 119.225 0 0 0 0 0 0 0 0 0 0 0 0 0 0 0 0 0 0 0 0 0 0 0 0 0 0 0 0 0 0 0 0 0 0 0 0 0 0 0 0 0 0 0 0 0 0 0 0 0 0 0 0 0 0 0 0 0 0 
0 0 0 34084.5 26660.8 6782.32 2320.42 1314.76 324.077 47.8731 0 0 0 0 0 0 0 0 0 0 0 0 0 0 0 0 0 0 0 0 0 0 0 0 0 0 0 0 0 0 0 0 0 0 0 0 0 0 0 0 0 0 0 0 0 0 0 0 0 0 0 0 0 0 0 
0 0 0 0 185026 95323.8 41521.3 15750.9 7995.36 4751.71 2079.21 542.968 160.567 0 0 0 0 0 0 0 0 0 0 0 0 0 0 0 0 0 0 0 0 0 0 0 0 0 0 0 0 0 0 0 0 0 0 0 0 0 0 0 0 0 0 0 0 0 0 0 0 0 0 0 0 
0 0 0 0 422475 819574 411592 231118 122930 61130.1 37479.1 20655.9 9774.71 4381.44 1288.98 399.162 58.3868 0 0 0 0 0 0 0 12.3874 0 0 0 0 0 0 0 15.3734 0 0 0 0 0 0 0 0 0 0 0 0 0 0 0 0 0 0 0 0 0 0 0 0 0 0 0 0 0 0 0 0 
0 0 0 0 0 2.88629e+06 3.32473e+06 1.96909e+06 1.14823e+06 714674 433155 288437 188034 96459.2 53746.6 26350.6 12744.5 6142.99 2631.5 771.852 318.343 247.022 193.005 237.825 0 217.508 266.09 284.087 288.775 276.793 409.379 189.542 0 0 0 0 0 0 0 0 0 0 0 0 0 0 0 0 0 0 0 0 0 0 0 0 0 0 0 0 0 0 0 0 0 
0 0 0 0 0 3.81606e+06 1.45433e+07 1.34792e+07 9.41056e+06 6.21171e+06 4.14533e+06 2.67309e+06 1.85073e+06 1.16936e+06 752107 526073 345579 214281 120570 65372.1 41585.3 22717.1 16039.8 9912.19 12114.3 11073.8 10120.1 9932.56 10109.3 10394.4 9014.31 7950.13 10565.1 0 0 0 0 0 0 0 0 0 0 0 0 0 0 0 0 0 0 0 0 0 0 0 0 0 0 0 0 0 0 0 0 
0 0 0 0 0 0 3.04747e+07 6.39045e+07 5.76472e+07 4.37431e+07 3.14766e+07 2.29892e+07 1.62645e+07 1.19657e+07 8.61094e+06 5.94909e+06 4.07955e+06 2.8058e+06 2.20829e+06 1.45931e+06 1.00431e+06 758614 456937 338437 360848 253174 263661 235188 239871 227920 218136 226603 203638 0 0 0 0 0 0 0 0 0 0 0 0 0 0 0 0 0 0 0 0 0 0 0 0 0 0 0 0 0 0 0 0 
0 0 0 0 0 0 2.61761e+07 1.69174e+08 2.63109e+08 2.46327e+08 1.98561e+08 1.57965e+08 1.21263e+08 9.09642e+07 6.73969e+07 5.29729e+07 4.04031e+07 3.02642e+07 2.29546e+07 1.83049e+07 1.42395e+07 1.06274e+07 8.9406e+06 7.02931e+06 5.58988e+06 5.0233e+06 4.05538e+06 3.85436e+06 3.79692e+06 3.36573e+06 3.17465e+06 3.32434e+06 3.54706e+06 0 0 0 0 0 0 0 0 0 0 0 0 0 0 0 0 0 0 0 0 0 0 0 0 0 0 0 0 0 0 0 0 
0 0 0 0 0 0 0 2.32956e+08 7.84323e+08 1.06691e+09 1.0383e+09 9.04469e+08 7.51871e+08 6.0239e+08 4.82631e+08 3.94698e+08 3.26484e+08 2.59537e+08 2.02228e+08 1.65472e+08 1.39428e+08 1.13299e+08 9.71872e+07 7.92469e+07 6.62842e+07 5.6705e+07 5.17357e+07 4.50525e+07 4.22356e+07 3.92531e+07 4.04559e+07 4.11838e+07 3.76483e+07 0 0 0 0 0 0 0 0 0 0 0 0 0 0 0 0 0 0 0 0 0 0 0 0 0 0 0 0 0 0 0 0 
0 0 0 0 0 0 0 1.39485e+08 1.3849e+09 3.2966e+09 4.29482e+09 4.32222e+09 4.01954e+09 3.49261e+09 2.92954e+09 2.5226e+09 2.08861e+09 1.77658e+09 1.58618e+09 1.25867e+09 1.10543e+09 9.54123e+08 8.19125e+08 7.042e+08 6.35627e+08 5.34883e+08 4.78784e+08 4.48259e+08 4.26586e+08 3.99618e+08 3.87615e+08 3.85238e+08 3.73073e+08 0 0 0 0 0 0 0 0 0 0 0 0 0 0 0 0 0 0 0 0 0 0 0 0 0 0 0 0 0 0 0 0 
0 0 0 0 0 0 0 0 1.33974e+09 6.67913e+09 1.31605e+10 1.68834e+10 1.80533e+10 1.72967e+10 1.57374e+10 1.41693e+10 1.26848e+10 1.12364e+10 9.58531e+09 8.39092e+09 7.41311e+09 6.54079e+09 5.91355e+09 5.2614e+09 4.48958e+09 4.05757e+09 3.74333e+09 3.64361e+09 3.36002e+09 3.19781e+09 3.22865e+09 3.07817e+09 3.00358e+09 0 0 0 0 0 0 0 0 0 0 0 0 0 0 0 0 0 0 0 0 0 0 0 0 0 0 0 0 0 0 0 0 
0 0 0 0 0 0 0 0 5.85759e+08 8.32201e+09 2.83958e+10 5.04538e+10 6.40858e+10 7.11845e+10 7.10786e+10 6.77269e+10 6.48605e+10 5.8504e+10 5.25961e+10 4.81345e+10 4.36438e+10 3.90215e+10 3.61296e+10 3.37938e+10 2.90199e+10 2.73238e+10 2.59995e+10 2.4746e+10 2.32598e+10 2.28945e+10 2.28287e+10 2.17102e+10 2.25415e+10 0 0 0 0 0 0 0 0 0 0 0 0 0 0 0 0 0 0 0 0 0 0 0 0 0 0 0 0 0 0 0 0 
0 0 0 0 0 0 0 0 0 5.90663e+09 4.09438e+10 1.11271e+11 1.87163e+11 2.41097e+11 2.71311e+11 2.87281e+11 2.84534e+11 2.75673e+11 2.59843e+11 2.48646e+11 2.28008e+11 2.13502e+11 1.95546e+11 1.82608e+11 1.73052e+11 1.64158e+11 1.5574e+11 1.47003e+11 1.41858e+11 1.44901e+11 1.34956e+11 1.41561e+11 1.39526e+11 0 0 0 0 0 0 0 0 0 0 0 0 0 0 0 0 0 0 0 0 0 0 0 0 0 0 0 0 0 0 0 0 
0 0 0 0 0 0 0 0 0 1.97225e+09 3.75148e+10 1.74443e+11 4.11708e+11 6.67718e+11 8.75849e+11 1.00465e+12 1.09804e+12 1.1234e+12 1.12208e+12 1.08105e+12 1.05207e+12 1.04331e+12 9.94039e+11 9.49248e+11 9.28587e+11 8.8395e+11 8.16526e+11 8.15352e+11 7.85117e+11 7.77472e+11 7.66188e+11 7.7391e+11 7.62977e+11 0 0 0 0 0 0 0 0 0 0 0 0 0 0 0 0 0 0 0 0 0 0 0 0 0 0 0 0 0 0 0 0 
0 0 0 0 0 0 0 0 0 0 2.05782e+10 1.86607e+11 6.69985e+11 1.44637e+12 2.30387e+12 3.07636e+12 3.61948e+12 4.01122e+12 4.26765e+12 4.42965e+12 4.43339e+12 4.3781e+12 4.42204e+12 4.29963e+12 4.18616e+12 4.07082e+12 4.12589e+12 3.96266e+12 3.91308e+12 3.8259e+12 3.91807e+12 3.84039e+12 3.80183e+12 0 0 0 0 0 0 0 0 0 0 0 0 0 0 0 0 0 0 0 0 0 0 0 0 0 0 0 0 0 0 0 0 
0 0 0 0 0 0 0 0 0 0 5.31226e+09 1.30363e+11 7.86049e+11 2.37801e+12 4.82637e+12 7.61634e+12 1.02965e+13 1.24807e+13 1.42764e+13 1.55203e+13 1.66182e+13 1.73121e+13 1.76334e+13 1.75112e+13 1.73198e+13 1.73531e+13 1.72651e+13 1.72543e+13 1.71768e+13 1.73228e+13 1.68449e+13 1.6675e+13 1.69933e+13 0 0 0 0 0 0 0 0 0 0 0 0 0 0 0 0 0 0 0 0 0 0 0 0 0 0 0 0 0 0 0 0 
0 0 0 0 0 0 0 0 0 0 0 5.65167e+10 6.42128e+11 2.9489e+12 7.96388e+12 1.54287e+13 2.423e+13 3.31083e+13 4.1097e+13 4.80904e+13 5.38166e+13 5.78066e+13 6.0711e+13 6.31567e+13 6.58685e+13 6.65115e+13 6.65009e+13 6.80622e+13 6.9013e+13 6.91232e+13 6.84258e+13 6.90879e+13 6.92658e+13 0 0 0 0 0 0 0 0 0 0 0 0 0 0 0 0 0 0 0 0 0 0 0 0 0 0 0 0 0 0 0 0 
0 0 0 0 0 0 0 0 0 0 0 1.16474e+10 3.56716e+11 2.65087e+12 1.00232e+13 2.50232e+13 4.70108e+13 7.37501e+13 1.01851e+14 1.29252e+14 1.53989e+14 1.75303e+14 1.94396e+14 2.0685e+14 2.17402e+14 2.32762e+14 2.43197e+14 2.46789e+14 2.49314e+14 2.48577e+14 2.50197e+14 2.5757e+14 2.53645e+14 0 0 0 0 0 0 0 0 0 0 0 0 0 0 0 0 0 0 0 0 0 0 0 0 0 0 0 0 0 0 0 0 
0 0 0 0 0 0 0 0 0 0 0 0 1.22767e+11 1.70443e+12 9.57874e+12 3.13834e+13 7.37002e+13 1.36801e+14 2.13996e+14 2.96997e+14 3.83682e+14 4.65718e+14 5.38822e+14 6.06917e+14 6.68149e+14 7.04655e+14 7.54269e+14 7.80386e+14 8.07799e+14 8.3188e+14 8.4515e+14 8.46402e+14 8.37052e+14 0 0 0 0 0 0 0 0 0 0 0 0 0 0 0 0 0 0 0 0 0 0 0 0 0 0 0 0 0 0 0 0 
0 0 0 0 0 0 0 0 0 0 0 0 2.06475e+10 7.63251e+11 6.75441e+12 3.11673e+13 9.22808e+13 2.04136e+14 3.73413e+14 5.83406e+14 8.2436e+14 1.07807e+15 1.32259e+15 1.56658e+15 1.75837e+15 1.96233e+15 2.10878e+15 2.25351e+15 2.35724e+15 2.46156e+15 2.50841e+15 2.52075e+15 2.56283e+15 0 0 0 0 0 0 0 0 0 0 0 0 0 0 0 0 0 0 0 0 0 0 0 0 0 0 0 0 0 0 0 0 
0 0 0 0 0 0 0 0 0 0 0 0 0 2.13374e+11 3.5423e+12 2.33293e+13 9.1844e+13 2.52e+14 5.37558e+14 9.72135e+14 1.5038e+15 2.1234e+15 2.79681e+15 3.49804e+15 4.14332e+15 4.78953e+15 5.36216e+15 5.86294e+15 6.23591e+15 6.45505e+15 6.74598e+15 6.90295e+15 6.98125e+15 0 0 0 0 0 0 0 0 0 0 0 0 0 0 0 0 0 0 0 0 0 0 0 0 0 0 0 0 0 0 0 0 
0 0 0 0 0 0 0 0 0 0 0 0 0 3.01629e+10 1.28985e+12 1.32548e+13 7.08809e+13 2.47702e+14 6.3865e+14 1.31504e+15 2.34422e+15 3.65681e+15 5.22582e+15 6.82212e+15 8.60995e+15 1.03327e+16 1.18937e+16 1.33434e+16 1.45355e+16 1.57756e+16 1.62425e+16 1.66112e+16 1.67631e+16 0 0 0 0 0 0 0 0 0 0 0 0 0 0 0 0 0 0 0 0 0 0 0 0 0 0 0 0 0 0 0 0 
0 0 0 0 0 0 0 0 0 0 0 0 0 0 2.99566e+11 5.74558e+12 4.34324e+13 1.9626e+14 6.15748e+14 1.50941e+15 3.02722e+15 5.29592e+15 8.19462e+15 1.17565e+16 1.56503e+16 1.95064e+16 2.34406e+16 2.68658e+16 3.02253e+16 3.25905e+16 3.50229e+16 3.59858e+16 3.63055e+16 0 0 0 0 0 0 0 0 0 0 0 0 0 0 0 0 0 0 0 0 0 0 0 0 0 0 0 0 0 0 0 0 
0 0 0 0 0 0 0 0 0 0 0 0 0 0 3.60425e+10 1.74144e+12 2.02988e+13 1.23185e+14 4.90028e+14 1.42104e+15 3.31523e+15 6.48048e+15 1.11308e+16 1.71593e+16 2.41481e+16 3.21573e+16 4.02914e+16 4.84772e+16 5.54039e+16 6.11817e+16 6.56855e+16 6.92248e+16 7.06554e+16 0 0 0 0 0 0 0 0 0 0 0 0 0 0 0 0 0 0 0 0 0 0 0 0 0 0 0 0 0 0 0 0 
0 0 0 0 0 0 0 0 0 0 0 0 0 0 0 3.40075e+11 7.25759e+12 6.12312e+13 3.11729e+14 1.10743e+15 3.01614e+15 6.69335e+15 1.27685e+16 2.1443e+16 3.3121e+16 4.62952e+16 6.06962e+16 7.52758e+16 8.94019e+16 1.0149e+17 1.10062e+17 1.15265e+17 1.16202e+17 0 0 0 0 0 0 0 0 0 0 0 0 0 0 0 0 0 0 0 0 0 0 0 0 0 0 0 0 0 0 0 0 
0 0 0 0 0 0 0 0 0 0 0 0 0 0 0 3.5656e+10 1.86695e+12 2.4047e+13 1.6138e+14 7.05305e+14 2.26227e+15 5.85113e+15 1.24884e+16 2.32467e+16 3.77292e+16 5.68812e+16 7.89219e+16 1.02395e+17 1.2496e+17 1.45093e+17 1.61565e+17 1.71626e+17 1.76021e+17 0 0 0 0 0 0 0 0 0 0 0 0 0 0 0 0 0 0 0 0 0 0 0 0 0 0 0 0 0 0 0 0 
0 0 0 0 0 0 0 0 0 0 0 0 0 0 0 0 3.16927e+11 7.3225e+12 6.67823e+13 3.72326e+14 1.44801e+15 4.25661e+15 1.02987e+16 2.09985e+16 3.80602e+16 6.09412e+16 8.94414e+16 1.21286e+17 1.54198e+17 1.84284e+17 2.08007e+17 2.23765e+17 2.28503e+17 0 0 0 0 0 0 0 0 0 0 0 0 0 0 0 0 0 0 0 0 0 0 0 0 0 0 0 0 0 0 0 0 
0 0 0 0 0 0 0 0 0 0 0 0 0 0 0 0 2.90351e+10 1.60199e+12 2.23335e+13 1.60702e+14 7.58028e+14 2.63169e+15 7.20226e+15 1.6592e+16 3.2366e+16 5.62937e+16 8.77946e+16 1.2469e+17 1.63694e+17 2.02369e+17 2.32699e+17 2.54185e+17 2.61748e+17 0 0 0 0 0 0 0 0 0 0 0 0 0 0 0 0 0 0 0 0 0 0 0 0 0 0 0 0 0 0 0 0 
0 0 0 0 0 0 0 0 0 0 0 0 0 0 0 0 0 2.42532e+11 5.84325e+12 5.67143e+13 3.35011e+14 1.38286e+15 4.37311e+15 1.09897e+16 2.39613e+16 4.46995e+16 7.42513e+16 1.11676e+17 1.53732e+17 1.94177e+17 2.29855e+17 2.50922e+17 2.60353e+17 0 0 0 0 0 0 0 0 0 0 0 0 0 0 0 0 0 0 0 0 0 0 0 0 0 0 0 0 0 0 0 0 
0 0 0 0 0 0 0 0 0 0 0 0 0 0 0 0 0 1.97822e+10 1.12748e+12 1.6267e+13 1.2283e+14 6.11339e+14 2.22352e+15 6.45251e+15 1.50963e+16 3.07358e+16 5.46275e+16 8.68578e+16 1.23952e+17 1.62021e+17 1.96602e+17 2.20313e+17 2.26212e+17 0 0 0 0 0 0 0 0 0 0 0 0 0 0 0 0 0 0 0 0 0 0 0 0 0 0 0 0 0 0 0 0 
0 0 0 0 0 0 0 0 0 0 0 0 0 0 0 0 0 0 1.50651e+11 3.69592e+12 3.70718e+13 2.27796e+14 9.78292e+14 3.18242e+15 8.40511e+15 1.85202e+16 3.52717e+16 5.86814e+16 8.81597e+16 1.18842e+17 1.45952e+17 1.67545e+17 1.74719e+17 0 0 0 0 0 0 0 0 0 0 0 0 0 0 0 0 0 0 0 0 0 0 0 0 0 0 0 0 0 0 0 0 
0 0 0 0 0 0 0 0 0 0 0 0 0 0 0 0 0 0 1.11067e+10 6.4144e+11 9.44344e+12 7.22196e+13 3.65424e+14 1.37852e+15 4.06562e+15 9.74446e+15 1.98153e+16 3.52514e+16 5.53834e+16 7.83612e+16 9.82469e+16 1.11785e+17 1.18192e+17 0 0 0 0 0 0 0 0 0 0 0 0 0 0 0 0 0 0 0 0 0 0 0 0 0 0 0 0 0 0 0 0 
0 0 0 0 0 0 0 0 0 0 0 0 0 0 0 0 0 0 0 7.73066e+10 1.90504e+12 1.92629e+13 1.18871e+14 5.08047e+14 1.66461e+15 4.42937e+15 9.76457e+15 1.85444e+16 3.03279e+16 4.35889e+16 5.76334e+16 6.6369e+16 6.98354e+16 0 0 0 0 0 0 0 0 0 0 0 0 0 0 0 0 0 0 0 0 0 0 0 0 0 0 0 0 0 0 0 0 
0 0 0 0 0 0 0 0 0 0 0 0 0 0 0 0 0 0 0 5.46976e+09 2.93159e+11 4.31518e+12 3.28807e+13 1.65852e+14 6.19854e+14 1.79152e+15 4.30313e+15 8.51448e+15 1.47667e+16 2.26249e+16 2.95293e+16 3.52323e+16 3.68628e+16 0 0 0 0 0 0 0 0 0 0 0 0 0 0 0 0 0 0 0 0 0 0 0 0 0 0 0 0 0 0 0 0 
0 0 0 0 0 0 0 0 0 0 0 0 0 0 0 0 0 0 0 0 3.31043e+10 7.95866e+11 7.7974e+12 4.69871e+13 1.99798e+14 6.47526e+14 1.66409e+15 3.59203e+15 6.45599e+15 9.98313e+15 1.37096e+16 1.65533e+16 1.7603e+16 0 0 0 0 0 0 0 0 0 0 0 0 0 0 0 0 0 0 0 0 0 0 0 0 0 0 0 0 0 0 0 0 
0 0 0 0 0 0 0 0 0 0 0 0 0 0 0 0 0 0 0 0 2.36475e+09 1.11638e+11 1.57711e+12 1.17416e+13 5.75314e+13 2.05541e+14 5.7435e+14 1.32837e+15 2.5405e+15 4.13741e+15 5.75549e+15 6.96181e+15 7.5213e+15 0 0 0 0 0 0 0 0 0 0 0 0 0 0 0 0 0 0 0 0 0 0 0 0 0 0 0 0 0 0 0 0 
0 0 0 0 0 0 0 0 0 0 0 0 0 0 0 0 0 0 0 0 0 1.17687e+10 2.6275e+11 2.46534e+12 1.45766e+13 5.93003e+13 1.80029e+14 4.40585e+14 8.93862e+14 1.4946e+15 2.20871e+15 2.75043e+15 2.91777e+15 0 0 0 0 0 0 0 0 0 0 0 0 0 0 0 0 0 0 0 0 0 0 0 0 0 0 0 0 0 0 0 0 
0 0 0 0 0 0 0 0 0 0 0 0 0 0 0 0 0 0 0 0 0 8.84531e+08 3.51122e+10 4.55987e+11 3.188e+12 1.50377e+13 5.17243e+13 1.34062e+14 2.85404e+14 5.06277e+14 7.45783e+14 9.49523e+14 1.01987e+15 0 0 0 0 0 0 0 0 0 0 0 0 0 0 0 0 0 0 0 0 0 0 0 0 0 0 0 0 0 0 0 0 
0 0 0 0 0 0 0 0 0 0 0 0 0 0 0 0 0 0 0 0 0 0 3.57061e+09 7.04882e+10 6.27701e+11 3.40982e+12 1.32142e+13 3.72675e+13 8.33492e+13 1.54293e+14 2.33621e+14 3.05324e+14 3.32171e+14 0 0 0 0 0 0 0 0 0 0 0 0 0 0 0 0 0 0 0 0 0 0 0 0 0 0 0 0 0 0 0 0 
0 0 0 0 0 0 0 0 0 0 0 0 0 0 0 0 0 0 0 0 0 0 3.053e+08 9.33496e+09 1.07042e+11 6.87618e+11 2.94333e+12 9.36556e+12 2.21688e+13 4.25341e+13 6.85133e+13 8.9513e+13 9.78961e+13 0 0 0 0 0 0 0 0 0 0 0 0 0 0 0 0 0 0 0 0 0 0 0 0 0 0 0 0 0 0 0 0 
0 0 0 0 0 0 0 0 0 0 0 0 0 0 0 0 0 0 0 0 0 0 0 9.42935e+08 1.59986e+10 1.24501e+11 6.25279e+11 2.13221e+12 5.58122e+12 1.11795e+13 1.81372e+13 2.42423e+13 2.6563e+13 0 0 0 0 0 0 0 0 0 0 0 0 0 0 0 0 0 0 0 0 0 0 0 0 0 0 0 0 0 0 0 0 
0 0 0 0 0 0 0 0 0 0 0 0 0 0 0 0 0 0 0 0 0 0 0 9.86973e+07 2.13389e+09 2.083e+10 1.17596e+11 4.53612e+11 1.27261e+12 2.70577e+12 4.43492e+12 6.10242e+12 6.83656e+12 0 0 0 0 0 0 0 0 0 0 0 0 0 0 0 0 0 0 0 0 0 0 0 0 0 0 0 0 0 0 0 0 
0 0 0 0 0 0 0 0 0 0 0 0 0 0 0 0 0 0 0 0 0 0 0 0 2.18653e+08 3.04895e+09 2.11828e+10 8.85692e+10 2.72973e+11 6.04116e+11 1.0537e+12 1.45067e+12 1.60695e+12 0 0 0 0 0 0 0 0 0 0 0 0 0 0 0 0 0 0 0 0 0 0 0 0 0 0 0 0 0 0 0 0 
0 0 0 0 0 0 0 0 0 0 0 0 0 0 0 0 0 0 0 0 0 0 0 0 2.87991e+07 4.3854e+08 3.37764e+09 1.61898e+10 5.38266e+10 1.31044e+11 2.32142e+11 3.29911e+11 3.71962e+11 0 0 0 0 0 0 0 0 0 0 0 0 0 0 0 0 0 0 0 0 0 0 0 0 0 0 0 0 0 0 0 0 
0 0 0 0 0 0 0 0 0 0 0 0 0 0 0 0 0 0 0 0 0 0 0 0 0 4.40377e+07 5.28489e+08 3.03819e+09 1.02738e+10 2.70454e+10 5.04906e+10 7.29722e+10 7.97972e+10 0 0 0 0 0 0 0 0 0 0 0 0 0 0 0 0 0 0 0 0 0 0 0 0 0 0 0 0 0 0 0 0 
0 0 0 0 0 0 0 0 0 0 0 0 0 0 0 0 0 0 0 0 0 0 0 0 0 7.77834e+06 8.0489e+07 4.75566e+08 1.83761e+09 5.16585e+09 1.03734e+10 1.52715e+10 1.69737e+10 0 0 0 0 0 0 0 0 0 0 0 0 0 0 0 0 0 0 0 0 0 0 0 0 0 0 0 0 0 0 0 0 
0 0 0 0 0 0 0 0 0 0 0 0 0 0 0 0 0 0 0 0 0 0 0 0 0 0 7.67767e+06 8.03304e+07 3.62099e+08 1.00084e+09 2.03278e+09 3.22065e+09 3.44387e+09 0 0 0 0 0 0 0 0 0 0 0 0 0 0 0 0 0 0 0 0 0 0 0 0 0 0 0 0 0 0 0 0 
0 0 0 0 0 0 0 0 0 0 0 0 0 0 0 0 0 0 0 0 0 0 0 0 0 0 1.8683e+06 1.28251e+07 5.51929e+07 1.80792e+08 3.94043e+08 6.29138e+08 7.39433e+08 0 0 0 0 0 0 0 0 0 0 0 0 0 0 0 0 0 0 0 0 0 0 0 0 0 0 0 0 0 0 0 0 
0 0 0 0 0 0 0 0 0 0 0 0 0 0 0 0 0 0 0 0 0 0 0 0 0 0 0 1.0798e+06 1.10573e+07 3.44555e+07 7.62801e+07 1.23287e+08 1.41791e+08 0 0 0 0 0 0 0 0 0 0 0 0 0 0 0 0 0 0 0 0 0 0 0 0 0 0 0 0 0 0 0 0 
0 0 0 0 0 0 0 0 0 0 0 0 0 0 0 0 0 0 0 0 0 0 0 0 0 0 0 385907 1.67153e+06 5.49729e+06 1.49787e+07 2.31531e+07 2.95022e+07 0 0 0 0 0 0 0 0 0 0 0 0 0 0 0 0 0 0 0 0 0 0 0 0 0 0 0 0 0 0 0 0 
0 0 0 0 0 0 0 0 0 0 0 0 0 0 0 0 0 0 0 0 0 0 0 0 0 0 0 0 112914 1.29594e+06 2.48952e+06 4.6228e+06 5.38512e+06 0 0 0 0 0 0 0 0 0 0 0 0 0 0 0 0 0 0 0 0 0 0 0 0 0 0 0 0 0 0 0 0 
0 0 0 0 0 0 0 0 0 0 0 0 0 0 0 0 0 0 0 0 0 0 0 0 0 0 0 0 65176.9 167227 445070 952524 981303 0 0 0 0 0 0 0 0 0 0 0 0 0 0 0 0 0 0 0 0 0 0 0 0 0 0 0 0 0 0 0 0 
0 0 0 0 0 0 0 0 0 0 0 0 0 0 0 0 0 0 0 0 0 0 0 0 0 0 0 0 0 7585.61 119735 112079 245018 0 0 0 0 0 0 0 0 0 0 0 0 0 0 0 0 0 0 0 0 0 0 0 0 0 0 0 0 0 0 0 0 
0 0 0 0 0 0 0 0 0 0 0 0 0 0 0 0 0 0 0 0 0 0 0 0 0 0 0 0 0 8817.04 11109.1 32087.7 36863.6 0 0 0 0 0 0 0 0 0 0 0 0 0 0 0 0 0 0 0 0 0 0 0 0 0 0 0 0 0 0 0 0 
0 0 0 0 0 0 0 0 0 0 0 0 0 0 0 0 0 0 0 0 0 0 0 0 0 0 0 0 0 0 252.44 7859.41 1937.82 0 0 0 0 0 0 0 0 0 0 0 0 0 0 0 0 0 0 0 0 0 0 0 0 0 0 0 0 0 0 0 0 
0 0 0 0 0 0 0 0 0 0 0 0 0 0 0 0 0 0 0 0 0 0 0 0 0 0 0 0 0 0 873.769 369.1 1947.3 0 0 0 0 0 0 0 0 0 0 0 0 0 0 0 0 0 0 0 0 0 0 0 0 0 0 0 0 0 0 0 0 
0 0 0 0 0 0 0 0 0 0 0 0 0 0 0 0 0 0 0 0 0 0 0 0 0 0 0 0 0 0 0 0 265.662 0 0 0 0 0 0 0 0 0 0 0 0 0 0 0 0 0 0 0 0 0 0 0 0 0 0 0 0 0 0 0 0 
0 0 0 0 0 0 0 0 0 0 0 0 0 0 0 0 0 0 0 0 0 0 0 0 0 0 0 0 0 0 0 56.3722 0 0 0 0 0 0 0 0 0 0 0 0 0 0 0 0 0 0 0 0 0 0 0 0 0 0 0 0 0 0 0 0 0 
0 0 0 0 0 0 0 0 0 0 0 0 0 0 0 0 0 0 0 0 0 0 0 0 0 0 0 0 0 0 0 0 0 0 0 0 0 0 0 0 0 0 0 0 0 0 0 0 0 0 0 0 0 0 0 0 0 0 0 0 0 0 0 0 0 
0 0 0 0 0 0 0 0 0 0 0 0 0 0 0 0 0 0 0 0 0 0 0 0 0 0 0 0 0 0 0 0 1.76163 0 0 0 0 0 0 0 0 0 0 0 0 0 0 0 0 0 0 0 0 0 0 0 0 0 0 0 0 0 0 0 0 
