1 0 0 0 0 0 0 0 0 0 0 0 0 0 0 0 0 0 0 0 0 0 0 0 0 0 0 0 0 0 0 0 0 0 0 0 0 0 0 0 0 0 0 0 0 0 0 0 0 0 0 0 0 0 0 0 0 0 0 0 0 0 0 0 1 
0 0 0 0 0 0 0 0 0 0 0 0 0 0 0 0 0 0 0 0 0 0 0 0 0 0 0 0 0 0 0 0 0 0 0 0 0 0 0 0 0 0 0 0 0 0 0 0 0 0 0 0 0 0 0 0 0 0 0 0 0 0 0 0 0 
0 64 0 0 0 0 0 0 0 0 0 0 0 0 0 0 0 0 0 0 0 0 0 0 0 0 0 0 0 0 0 0 0 0 0 0 0 0 0 0 0 0 0 0 0 0 0 0 0 0 0 0 0 0 0 0 0 0 0 0 0 0 0 0 0 
0 0 128 0 0 0 0 0 0 0 0 0 0 0 0 0 0 0 0 0 0 0 0 0 0 0 0 0 0 0 0 0 0 0 0 0 0 0 0 0 0 0 0 0 0 0 0 0 0 0 0 0 0 0 0 0 0 0 0 0 0 0 0 0 0 
0 0 1888 387.19 65.083 0 0 0 0 0 0 0 0 0 0 0 0 0 0 0 0 0 0 0 0 0 0 0 0 0 0 0 0 0 0 0 0 0 0 0 0 0 0 0 0 0 0 0 0 0 0 0 0 0 0 0 0 0 0 0 0 0 0 0 0 
0 0 0 7161.62 1097.9 539.931 129.24 0 0 0 0 0 0 0 0 0 0 0 0 0 0 0 0 0 0 0 0 0 0 0 0 0 0 0 0 0 0 0 0 0 0 0 0 0 0 0 0 0 0 0 0 0 0 0 0 0 0 0 0 0 0 0 0 0 0 
0 0 0 34115.2 27490.5 7122.37 2788.67 1522.17 370.89 63.2352 0 0 0 0 0 0 0 0 0 0 0 0 0 0 0 0 0 0 0 0 0 0 0 0 0 0 0 0 0 0 0 0 0 0 0 0 0 0 0 0 0 0 0 0 0 0 0 0 0 0 0 0 0 0 0 
0 0 0 0 183513 96193.3 44565.7 17556.8 9696.14 4767.41 2045.09 525.819 179.472 0 0 0 0 0 0 0 0 0 0 0 0 0 0 0 0 0 0 0 0 0 0 0 0 0 0 0 0 0 0 0 0 0 0 0 0 0 0 0 0 0 0 0 0 0 0 0 0 0 0 0 0 
0 0 0 0 423210 831833 409395 235242 127257 61701.1 34320.3 19562 10719.9 5009.81 1534.15 397.428 48.9322 0 0 0 0 0 0 0 11.5949 0 0 0 0 0 0 0 16.1783 0 0 0 0 0 0 0 0 0 0 0 0 0 0 0 0 0 0 0 0 0 0 0 0 0 0 0 0 0 0 0 0 
0 0 0 0 0 2.85752e+06 3.30008e+06 2.01013e+06 1.14486e+06 745295 480078 269290 168659 100962 56405 30594.3 13039.9 6167.99 2553.6 1331 535.881 295.968 201.14 197.964 0 309.709 250.438 287.209 289.952 251.996 211.204 249.219 0 0 0 0 0 0 0 0 0 0 0 0 0 0 0 0 0 0 0 0 0 0 0 0 0 0 0 0 0 0 0 0 0 
0 0 0 0 0 3.8313e+06 1.46471e+07 1.34656e+07 9.57318e+06 6.15179e+06 4.01777e+06 2.74174e+06 1.85876e+06 1.25003e+06 731458 519058 315449 212273 130204 79992.9 40323.3 23372.9 13376.8 11461.9 10724.4 9630.9 10617.9 9028.01 8476.48 9349.08 10053.3 8949.59 11773.5 0 0 0 0 0 0 0 0 0 0 0 0 0 0 0 0 0 0 0 0 0 0 0 0 0 0 0 0 0 0 0 0 
0 0 0 0 0 0 3.03316e+07 6.35368e+07 5.68421e+07 4.33968e+07 3.17524e+07 2.37345e+07 1.62109e+07 1.18121e+07 8.09371e+06 5.68619e+06 4.64329e+06 3.26681e+06 2.33615e+06 1.56568e+06 1.02333e+06 737024 512908 346093 314903 243578 260969 231384 226070 222921 204664 206681 219240 0 0 0 0 0 0 0 0 0 0 0 0 0 0 0 0 0 0 0 0 0 0 0 0 0 0 0 0 0 0 0 0 
0 0 0 0 0 0 2.62386e+07 1.70112e+08 2.62498e+08 2.46921e+08 2.03923e+08 1.58798e+08 1.22321e+08 9.10401e+07 6.94337e+07 5.47675e+07 4.12366e+07 3.12018e+07 2.3992e+07 1.77086e+07 1.35564e+07 1.09034e+07 7.98603e+06 6.31007e+06 5.31535e+06 4.88539e+06 4.41189e+06 3.78648e+06 3.55777e+06 3.12899e+06 3.22126e+06 3.29466e+06 3.18456e+06 0 0 0 0 0 0 0 0 0 0 0 0 0 0 0 0 0 0 0 0 0 0 0 0 0 0 0 0 0 0 0 0 
0 0 0 0 0 0 0 2.31994e+08 7.86798e+08 1.06852e+09 1.04414e+09 8.92073e+08 7.73496e+08 6.18971e+08 4.95242e+08 4.0151e+08 3.22187e+08 2.67694e+08 2.05768e+08 1.58703e+08 1.39697e+08 1.08729e+08 9.77448e+07 7.84099e+07 6.84542e+07 5.82711e+07 5.39736e+07 4.58311e+07 4.2521e+07 4.09141e+07 3.57599e+07 3.76218e+07 3.72778e+07 0 0 0 0 0 0 0 0 0 0 0 0 0 0 0 0 0 0 0 0 0 0 0 0 0 0 0 0 0 0 0 0 
0 0 0 0 0 0 0 1.39843e+08 1.3836e+09 3.27635e+09 4.27153e+09 4.31949e+09 3.96061e+09 3.51986e+09 3.00856e+09 2.5229e+09 2.12187e+09 1.76615e+09 1.48514e+09 1.25493e+09 1.05859e+09 9.14661e+08 7.96007e+08 7.04773e+08 6.25404e+08 5.6033e+08 4.85521e+08 4.66645e+08 4.37566e+08 4.00257e+08 3.68474e+08 3.73477e+08 3.7214e+08 0 0 0 0 0 0 0 0 0 0 0 0 0 0 0 0 0 0 0 0 0 0 0 0 0 0 0 0 0 0 0 0 
0 0 0 0 0 0 0 0 1.34038e+09 6.72123e+09 1.30887e+10 1.68164e+10 1.74974e+10 1.68387e+10 1.55461e+10 1.39767e+10 1.24653e+10 1.07482e+10 9.4854e+09 8.36001e+09 7.67326e+09 6.72728e+09 6.13216e+09 5.155e+09 4.48176e+09 4.2188e+09 3.88538e+09 3.52535e+09 3.25811e+09 3.12632e+09 3.14821e+09 3.2131e+09 3.08394e+09 0 0 0 0 0 0 0 0 0 0 0 0 0 0 0 0 0 0 0 0 0 0 0 0 0 0 0 0 0 0 0 0 
0 0 0 0 0 0 0 0 5.85192e+08 8.28319e+09 2.83854e+10 5.05366e+10 6.48483e+10 7.0962e+10 6.98043e+10 6.7788e+10 6.27817e+10 5.79211e+10 5.27794e+10 4.91682e+10 4.46082e+10 4.02567e+10 3.51228e+10 3.27833e+10 3.02304e+10 2.85377e+10 2.6272e+10 2.42681e+10 2.29797e+10 2.20824e+10 2.22168e+10 2.13703e+10 2.11287e+10 0 0 0 0 0 0 0 0 0 0 0 0 0 0 0 0 0 0 0 0 0 0 0 0 0 0 0 0 0 0 0 0 
0 0 0 0 0 0 0 0 0 5.92993e+09 4.11048e+10 1.10966e+11 1.86825e+11 2.39437e+11 2.69796e+11 2.75597e+11 2.80786e+11 2.74797e+11 2.61045e+11 2.4945e+11 2.35063e+11 2.24485e+11 2.01884e+11 1.86615e+11 1.74878e+11 1.64694e+11 1.53117e+11 1.43517e+11 1.43712e+11 1.35693e+11 1.37402e+11 1.35916e+11 1.32978e+11 0 0 0 0 0 0 0 0 0 0 0 0 0 0 0 0 0 0 0 0 0 0 0 0 0 0 0 0 0 0 0 0 
0 0 0 0 0 0 0 0 0 1.96407e+09 3.75381e+10 1.74799e+11 4.08879e+11 6.65258e+11 8.70421e+11 1.01353e+12 1.08761e+12 1.12551e+12 1.12312e+12 1.10004e+12 1.06795e+12 1.01543e+12 1.01175e+12 9.43973e+11 9.14339e+11 8.51514e+11 8.34418e+11 8.05797e+11 7.84135e+11 7.89628e+11 7.55634e+11 7.35754e+11 7.40096e+11 0 0 0 0 0 0 0 0 0 0 0 0 0 0 0 0 0 0 0 0 0 0 0 0 0 0 0 0 0 0 0 0 
0 0 0 0 0 0 0 0 0 0 2.05033e+10 1.86451e+11 6.74184e+11 1.45216e+12 2.30047e+12 3.05751e+12 3.59913e+12 4.03167e+12 4.27101e+12 4.42864e+12 4.42273e+12 4.48301e+12 4.33888e+12 4.276e+12 4.22413e+12 4.0901e+12 4.02302e+12 3.92607e+12 3.86696e+12 3.83512e+12 3.75917e+12 3.77135e+12 3.68864e+12 0 0 0 0 0 0 0 0 0 0 0 0 0 0 0 0 0 0 0 0 0 0 0 0 0 0 0 0 0 0 0 0 
0 0 0 0 0 0 0 0 0 0 5.29691e+09 1.30893e+11 7.85557e+11 2.38313e+12 4.82647e+12 7.62181e+12 1.02695e+13 1.237e+13 1.41653e+13 1.5486e+13 1.61713e+13 1.68904e+13 1.75204e+13 1.72948e+13 1.74496e+13 1.74486e+13 1.72615e+13 1.69816e+13 1.7321e+13 1.7104e+13 1.66242e+13 1.66115e+13 1.66779e+13 0 0 0 0 0 0 0 0 0 0 0 0 0 0 0 0 0 0 0 0 0 0 0 0 0 0 0 0 0 0 0 0 
0 0 0 0 0 0 0 0 0 0 0 5.61157e+10 6.42603e+11 2.94143e+12 7.97246e+12 1.53718e+13 2.43604e+13 3.32135e+13 4.11098e+13 4.7871e+13 5.33128e+13 5.93447e+13 6.22567e+13 6.47955e+13 6.54125e+13 6.64874e+13 6.73313e+13 6.90581e+13 6.81242e+13 6.73478e+13 6.72146e+13 6.78062e+13 6.83117e+13 0 0 0 0 0 0 0 0 0 0 0 0 0 0 0 0 0 0 0 0 0 0 0 0 0 0 0 0 0 0 0 0 
0 0 0 0 0 0 0 0 0 0 0 1.16214e+10 3.56116e+11 2.6525e+12 1.00446e+13 2.50328e+13 4.68251e+13 7.34043e+13 1.02097e+14 1.29587e+14 1.55813e+14 1.75161e+14 1.93744e+14 2.09729e+14 2.22707e+14 2.33294e+14 2.37166e+14 2.39328e+14 2.40352e+14 2.46309e+14 2.51344e+14 2.49489e+14 2.54308e+14 0 0 0 0 0 0 0 0 0 0 0 0 0 0 0 0 0 0 0 0 0 0 0 0 0 0 0 0 0 0 0 0 
0 0 0 0 0 0 0 0 0 0 0 0 1.22097e+11 1.70668e+12 9.56365e+12 3.16632e+13 7.38013e+13 1.36086e+14 2.12883e+14 2.97642e+14 3.80939e+14 4.64769e+14 5.43315e+14 6.06078e+14 6.64853e+14 7.06434e+14 7.51961e+14 7.82818e+14 8.00918e+14 8.1047e+14 8.23956e+14 8.49459e+14 8.43624e+14 0 0 0 0 0 0 0 0 0 0 0 0 0 0 0 0 0 0 0 0 0 0 0 0 0 0 0 0 0 0 0 0 
0 0 0 0 0 0 0 0 0 0 0 0 2.07322e+10 7.60027e+11 6.76929e+12 3.09376e+13 9.26195e+13 2.06524e+14 3.72584e+14 5.83115e+14 8.25711e+14 1.07692e+15 1.31952e+15 1.55555e+15 1.75609e+15 1.94984e+15 2.13112e+15 2.26146e+15 2.38694e+15 2.46153e+15 2.52477e+15 2.55936e+15 2.54872e+15 0 0 0 0 0 0 0 0 0 0 0 0 0 0 0 0 0 0 0 0 0 0 0 0 0 0 0 0 0 0 0 0 
0 0 0 0 0 0 0 0 0 0 0 0 0 2.13984e+11 3.52642e+12 2.32708e+13 9.14222e+13 2.50949e+14 5.39405e+14 9.59722e+14 1.50825e+15 2.11744e+15 2.80041e+15 3.47941e+15 4.1524e+15 4.80042e+15 5.30886e+15 5.80662e+15 6.19257e+15 6.46885e+15 6.77746e+15 6.87838e+15 6.93258e+15 0 0 0 0 0 0 0 0 0 0 0 0 0 0 0 0 0 0 0 0 0 0 0 0 0 0 0 0 0 0 0 0 
0 0 0 0 0 0 0 0 0 0 0 0 0 3.02085e+10 1.28455e+12 1.34035e+13 7.09818e+13 2.4807e+14 6.39507e+14 1.33121e+15 2.32287e+15 3.65465e+15 5.19052e+15 6.88709e+15 8.66316e+15 1.03044e+16 1.19019e+16 1.32487e+16 1.45241e+16 1.55535e+16 1.60289e+16 1.64526e+16 1.65118e+16 0 0 0 0 0 0 0 0 0 0 0 0 0 0 0 0 0 0 0 0 0 0 0 0 0 0 0 0 0 0 0 0 
0 0 0 0 0 0 0 0 0 0 0 0 0 0 3.02407e+11 5.65537e+12 4.34107e+13 1.95477e+14 6.16831e+14 1.51101e+15 3.07039e+15 5.30528e+15 8.18696e+15 1.17002e+16 1.54746e+16 1.94341e+16 2.33916e+16 2.70519e+16 2.99956e+16 3.27883e+16 3.48211e+16 3.59416e+16 3.66223e+16 0 0 0 0 0 0 0 0 0 0 0 0 0 0 0 0 0 0 0 0 0 0 0 0 0 0 0 0 0 0 0 0 
0 0 0 0 0 0 0 0 0 0 0 0 0 0 3.62226e+10 1.75088e+12 2.03379e+13 1.22673e+14 4.8851e+14 1.41796e+15 3.29416e+15 6.47806e+15 1.11557e+16 1.70931e+16 2.42639e+16 3.21125e+16 4.01704e+16 4.86939e+16 5.55387e+16 6.13559e+16 6.60943e+16 6.86788e+16 6.98024e+16 0 0 0 0 0 0 0 0 0 0 0 0 0 0 0 0 0 0 0 0 0 0 0 0 0 0 0 0 0 0 0 0 
0 0 0 0 0 0 0 0 0 0 0 0 0 0 0 3.43982e+11 7.22118e+12 6.17968e+13 3.11375e+14 1.1028e+15 2.99191e+15 6.71631e+15 1.28294e+16 2.15603e+16 3.28649e+16 4.63778e+16 6.05969e+16 7.47338e+16 8.95188e+16 1.00618e+17 1.09611e+17 1.15818e+17 1.17268e+17 0 0 0 0 0 0 0 0 0 0 0 0 0 0 0 0 0 0 0 0 0 0 0 0 0 0 0 0 0 0 0 0 
0 0 0 0 0 0 0 0 0 0 0 0 0 0 0 3.58e+10 1.88559e+12 2.41164e+13 1.60568e+14 7.07693e+14 2.28546e+15 5.81837e+15 1.24352e+16 2.31984e+16 3.81509e+16 5.68775e+16 7.90515e+16 1.0179e+17 1.24789e+17 1.46735e+17 1.62656e+17 1.72218e+17 1.74891e+17 0 0 0 0 0 0 0 0 0 0 0 0 0 0 0 0 0 0 0 0 0 0 0 0 0 0 0 0 0 0 0 0 
0 0 0 0 0 0 0 0 0 0 0 0 0 0 0 0 3.17134e+11 7.29844e+12 6.73778e+13 3.71883e+14 1.44654e+15 4.2669e+15 1.02782e+16 2.10203e+16 3.79668e+16 6.11572e+16 9.00974e+16 1.22109e+17 1.53329e+17 1.82383e+17 2.06782e+17 2.24274e+17 2.30005e+17 0 0 0 0 0 0 0 0 0 0 0 0 0 0 0 0 0 0 0 0 0 0 0 0 0 0 0 0 0 0 0 0 
0 0 0 0 0 0 0 0 0 0 0 0 0 0 0 0 2.92465e+10 1.62867e+12 2.24095e+13 1.60233e+14 7.57498e+14 2.64185e+15 7.26705e+15 1.65855e+16 3.22917e+16 5.627e+16 8.73711e+16 1.25556e+17 1.6545e+17 2.03328e+17 2.33008e+17 2.51612e+17 2.60754e+17 0 0 0 0 0 0 0 0 0 0 0 0 0 0 0 0 0 0 0 0 0 0 0 0 0 0 0 0 0 0 0 0 
0 0 0 0 0 0 0 0 0 0 0 0 0 0 0 0 0 2.41272e+11 5.85143e+12 5.70565e+13 3.31916e+14 1.37656e+15 4.33628e+15 1.10512e+16 2.38674e+16 4.45892e+16 7.42672e+16 1.11192e+17 1.53763e+17 1.93029e+17 2.29782e+17 2.53609e+17 2.60711e+17 0 0 0 0 0 0 0 0 0 0 0 0 0 0 0 0 0 0 0 0 0 0 0 0 0 0 0 0 0 0 0 0 
0 0 0 0 0 0 0 0 0 0 0 0 0 0 0 0 0 1.98962e+10 1.13171e+12 1.63164e+13 1.23538e+14 6.08626e+14 2.22179e+15 6.38014e+15 1.52938e+16 3.08491e+16 5.47162e+16 8.6226e+16 1.2331e+17 1.63997e+17 1.96488e+17 2.19359e+17 2.27785e+17 0 0 0 0 0 0 0 0 0 0 0 0 0 0 0 0 0 0 0 0 0 0 0 0 0 0 0 0 0 0 0 0 
0 0 0 0 0 0 0 0 0 0 0 0 0 0 0 0 0 0 1.51245e+11 3.72932e+12 3.77471e+13 2.28438e+14 9.78933e+14 3.2039e+15 8.356e+15 1.8408e+16 3.52283e+16 5.94394e+16 8.82277e+16 1.19584e+17 1.48062e+17 1.67543e+17 1.73938e+17 0 0 0 0 0 0 0 0 0 0 0 0 0 0 0 0 0 0 0 0 0 0 0 0 0 0 0 0 0 0 0 0 
0 0 0 0 0 0 0 0 0 0 0 0 0 0 0 0 0 0 1.16111e+10 6.38253e+11 9.4742e+12 7.20711e+13 3.63996e+14 1.36563e+15 3.99135e+15 9.68768e+15 1.96346e+16 3.48692e+16 5.54845e+16 7.65686e+16 9.70673e+16 1.12071e+17 1.17188e+17 0 0 0 0 0 0 0 0 0 0 0 0 0 0 0 0 0 0 0 0 0 0 0 0 0 0 0 0 0 0 0 0 
0 0 0 0 0 0 0 0 0 0 0 0 0 0 0 0 0 0 0 7.81715e+10 1.91859e+12 1.93101e+13 1.18238e+14 5.09451e+14 1.68953e+15 4.46367e+15 9.78972e+15 1.83272e+16 2.9988e+16 4.41e+16 5.68811e+16 6.60023e+16 6.98658e+16 0 0 0 0 0 0 0 0 0 0 0 0 0 0 0 0 0 0 0 0 0 0 0 0 0 0 0 0 0 0 0 0 
0 0 0 0 0 0 0 0 0 0 0 0 0 0 0 0 0 0 0 5.69123e+09 2.93581e+11 4.36017e+12 3.32443e+13 1.66071e+14 6.15334e+14 1.80663e+15 4.32175e+15 8.69465e+15 1.47842e+16 2.22809e+16 2.97581e+16 3.52465e+16 3.69725e+16 0 0 0 0 0 0 0 0 0 0 0 0 0 0 0 0 0 0 0 0 0 0 0 0 0 0 0 0 0 0 0 0 
0 0 0 0 0 0 0 0 0 0 0 0 0 0 0 0 0 0 0 0 3.34501e+10 7.80192e+11 7.76885e+12 4.70386e+13 2.00287e+14 6.38368e+14 1.67976e+15 3.57295e+15 6.51406e+15 1.00711e+16 1.3813e+16 1.65594e+16 1.77042e+16 0 0 0 0 0 0 0 0 0 0 0 0 0 0 0 0 0 0 0 0 0 0 0 0 0 0 0 0 0 0 0 0 
0 0 0 0 0 0 0 0 0 0 0 0 0 0 0 0 0 0 0 0 2.46886e+09 1.12542e+11 1.57421e+12 1.17414e+13 5.68665e+13 2.05694e+14 5.72336e+14 1.3281e+15 2.56315e+15 4.10924e+15 5.70075e+15 6.99101e+15 7.57366e+15 0 0 0 0 0 0 0 0 0 0 0 0 0 0 0 0 0 0 0 0 0 0 0 0 0 0 0 0 0 0 0 0 
0 0 0 0 0 0 0 0 0 0 0 0 0 0 0 0 0 0 0 0 0 1.19677e+10 2.6204e+11 2.47804e+12 1.44653e+13 5.84356e+13 1.81458e+14 4.37859e+14 8.82179e+14 1.5293e+15 2.19977e+15 2.72603e+15 2.89232e+15 0 0 0 0 0 0 0 0 0 0 0 0 0 0 0 0 0 0 0 0 0 0 0 0 0 0 0 0 0 0 0 0 
0 0 0 0 0 0 0 0 0 0 0 0 0 0 0 0 0 0 0 0 0 9.22312e+08 3.56493e+10 4.58582e+11 3.19614e+12 1.50119e+13 5.05617e+13 1.35467e+14 2.84795e+14 4.97483e+14 7.41829e+14 9.42286e+14 1.00489e+15 0 0 0 0 0 0 0 0 0 0 0 0 0 0 0 0 0 0 0 0 0 0 0 0 0 0 0 0 0 0 0 0 
0 0 0 0 0 0 0 0 0 0 0 0 0 0 0 0 0 0 0 0 0 0 3.68057e+09 7.30243e+10 6.22038e+11 3.38934e+12 1.29014e+13 3.70376e+13 8.31419e+13 1.54521e+14 2.35099e+14 2.97284e+14 3.33122e+14 0 0 0 0 0 0 0 0 0 0 0 0 0 0 0 0 0 0 0 0 0 0 0 0 0 0 0 0 0 0 0 0 
0 0 0 0 0 0 0 0 0 0 0 0 0 0 0 0 0 0 0 0 0 0 3.19791e+08 9.32256e+09 1.0862e+11 6.89525e+11 2.97162e+12 9.1979e+12 2.24836e+13 4.34335e+13 6.80955e+13 9.02624e+13 9.63835e+13 0 0 0 0 0 0 0 0 0 0 0 0 0 0 0 0 0 0 0 0 0 0 0 0 0 0 0 0 0 0 0 0 
0 0 0 0 0 0 0 0 0 0 0 0 0 0 0 0 0 0 0 0 0 0 0 9.85519e+08 1.6587e+10 1.28588e+11 6.09428e+11 2.14474e+12 5.40863e+12 1.1023e+13 1.84081e+13 2.40045e+13 2.68544e+13 0 0 0 0 0 0 0 0 0 0 0 0 0 0 0 0 0 0 0 0 0 0 0 0 0 0 0 0 0 0 0 0 
0 0 0 0 0 0 0 0 0 0 0 0 0 0 0 0 0 0 0 0 0 0 0 1.05303e+08 2.15211e+09 2.13301e+10 1.20189e+11 4.48058e+11 1.25565e+12 2.67828e+12 4.53046e+12 6.12237e+12 6.63538e+12 0 0 0 0 0 0 0 0 0 0 0 0 0 0 0 0 0 0 0 0 0 0 0 0 0 0 0 0 0 0 0 0 
0 0 0 0 0 0 0 0 0 0 0 0 0 0 0 0 0 0 0 0 0 0 0 0 2.26083e+08 3.17235e+09 2.14023e+10 8.91616e+10 2.65452e+11 6.08632e+11 1.04352e+12 1.46459e+12 1.67279e+12 0 0 0 0 0 0 0 0 0 0 0 0 0 0 0 0 0 0 0 0 0 0 0 0 0 0 0 0 0 0 0 0 
0 0 0 0 0 0 0 0 0 0 0 0 0 0 0 0 0 0 0 0 0 0 0 0 3.16487e+07 4.40679e+08 3.45411e+09 1.67625e+10 5.35149e+10 1.25611e+11 2.32919e+11 3.28991e+11 3.72455e+11 0 0 0 0 0 0 0 0 0 0 0 0 0 0 0 0 0 0 0 0 0 0 0 0 0 0 0 0 0 0 0 0 
0 0 0 0 0 0 0 0 0 0 0 0 0 0 0 0 0 0 0 0 0 0 0 0 0 4.62472e+07 5.35303e+08 2.98387e+09 1.02063e+10 2.5538e+10 4.97025e+10 6.9024e+10 8.0253e+10 0 0 0 0 0 0 0 0 0 0 0 0 0 0 0 0 0 0 0 0 0 0 0 0 0 0 0 0 0 0 0 0 
0 0 0 0 0 0 0 0 0 0 0 0 0 0 0 0 0 0 0 0 0 0 0 0 0 8.56892e+06 7.93679e+07 4.71579e+08 1.90096e+09 5.18208e+09 9.97423e+09 1.48453e+10 1.62375e+10 0 0 0 0 0 0 0 0 0 0 0 0 0 0 0 0 0 0 0 0 0 0 0 0 0 0 0 0 0 0 0 0 
0 0 0 0 0 0 0 0 0 0 0 0 0 0 0 0 0 0 0 0 0 0 0 0 0 0 8.02317e+06 8.39933e+07 3.4263e+08 9.59859e+08 1.94778e+09 2.9602e+09 3.3016e+09 0 0 0 0 0 0 0 0 0 0 0 0 0 0 0 0 0 0 0 0 0 0 0 0 0 0 0 0 0 0 0 0 
0 0 0 0 0 0 0 0 0 0 0 0 0 0 0 0 0 0 0 0 0 0 0 0 0 0 2.07651e+06 1.27716e+07 5.5679e+07 1.83616e+08 4.01713e+08 5.9319e+08 6.71609e+08 0 0 0 0 0 0 0 0 0 0 0 0 0 0 0 0 0 0 0 0 0 0 0 0 0 0 0 0 0 0 0 0 
0 0 0 0 0 0 0 0 0 0 0 0 0 0 0 0 0 0 0 0 0 0 0 0 0 0 0 1.1345e+06 1.13464e+07 3.27724e+07 7.29777e+07 1.18824e+08 1.37114e+08 0 0 0 0 0 0 0 0 0 0 0 0 0 0 0 0 0 0 0 0 0 0 0 0 0 0 0 0 0 0 0 0 
0 0 0 0 0 0 0 0 0 0 0 0 0 0 0 0 0 0 0 0 0 0 0 0 0 0 0 428652 1.66691e+06 5.56436e+06 1.56443e+07 2.35708e+07 2.8197e+07 0 0 0 0 0 0 0 0 0 0 0 0 0 0 0 0 0 0 0 0 0 0 0 0 0 0 0 0 0 0 0 0 
0 0 0 0 0 0 0 0 0 0 0 0 0 0 0 0 0 0 0 0 0 0 0 0 0 0 0 0 115520 1.24827e+06 2.35562e+06 4.60952e+06 5.36304e+06 0 0 0 0 0 0 0 0 0 0 0 0 0 0 0 0 0 0 0 0 0 0 0 0 0 0 0 0 0 0 0 0 
0 0 0 0 0 0 0 0 0 0 0 0 0 0 0 0 0 0 0 0 0 0 0 0 0 0 0 0 73820 169069 456850 998152 937846 0 0 0 0 0 0 0 0 0 0 0 0 0 0 0 0 0 0 0 0 0 0 0 0 0 0 0 0 0 0 0 0 
0 0 0 0 0 0 0 0 0 0 0 0 0 0 0 0 0 0 0 0 0 0 0 0 0 0 0 0 0 7904.07 116690 107807 240322 0 0 0 0 0 0 0 0 0 0 0 0 0 0 0 0 0 0 0 0 0 0 0 0 0 0 0 0 0 0 0 0 
0 0 0 0 0 0 0 0 0 0 0 0 0 0 0 0 0 0 0 0 0 0 0 0 0 0 0 0 0 9965.7 11380 31810.3 37606.3 0 0 0 0 0 0 0 0 0 0 0 0 0 0 0 0 0 0 0 0 0 0 0 0 0 0 0 0 0 0 0 0 
0 0 0 0 0 0 0 0 0 0 0 0 0 0 0 0 0 0 0 0 0 0 0 0 0 0 0 0 0 0 269.585 7694.21 1895.47 0 0 0 0 0 0 0 0 0 0 0 0 0 0 0 0 0 0 0 0 0 0 0 0 0 0 0 0 0 0 0 0 
0 0 0 0 0 0 0 0 0 0 0 0 0 0 0 0 0 0 0 0 0 0 0 0 0 0 0 0 0 0 986.614 386.427 1888.5 0 0 0 0 0 0 0 0 0 0 0 0 0 0 0 0 0 0 0 0 0 0 0 0 0 0 0 0 0 0 0 0 
0 0 0 0 0 0 0 0 0 0 0 0 0 0 0 0 0 0 0 0 0 0 0 0 0 0 0 0 0 0 0 0 255.978 0 0 0 0 0 0 0 0 0 0 0 0 0 0 0 0 0 0 0 0 0 0 0 0 0 0 0 0 0 0 0 0 
0 0 0 0 0 0 0 0 0 0 0 0 0 0 0 0 0 0 0 0 0 0 0 0 0 0 0 0 0 0 0 63.6525 0 0 0 0 0 0 0 0 0 0 0 0 0 0 0 0 0 0 0 0 0 0 0 0 0 0 0 0 0 0 0 0 0 
0 0 0 0 0 0 0 0 0 0 0 0 0 0 0 0 0 0 0 0 0 0 0 0 0 0 0 0 0 0 0 0 0 0 0 0 0 0 0 0 0 0 0 0 0 0 0 0 0 0 0 0 0 0 0 0 0 0 0 0 0 0 0 0 0 
0 0 0 0 0 0 0 0 0 0 0 0 0 0 0 0 0 0 0 0 0 0 0 0 0 0 0 0 0 0 0 0 1.98914 0 0 0 0 0 0 0 0 0 0 0 0 0 0 0 0 0 0 0 0 0 0 0 0 0 0 0 0 0 0 0 0 
