1 0 0 0 0 0 0 0 0 0 0 0 0 0 0 0 0 0 0 0 0 0 0 0 0 0 0 0 0 0 0 0 0 0 0 0 0 0 0 0 0 0 0 0 0 0 0 0 0 0 0 0 0 0 0 0 0 0 0 0 0 0 0 0 1 
0 0 0 0 0 0 0 0 0 0 0 0 0 0 0 0 0 0 0 0 0 0 0 0 0 0 0 0 0 0 0 0 0 0 0 0 0 0 0 0 0 0 0 0 0 0 0 0 0 0 0 0 0 0 0 0 0 0 0 0 0 0 0 0 0 
0 64 0 0 0 0 0 0 0 0 0 0 0 0 0 0 0 0 0 0 0 0 0 0 0 0 0 0 0 0 0 0 0 0 0 0 0 0 0 0 0 0 0 0 0 0 0 0 0 0 0 0 0 0 0 0 0 0 0 0 0 0 0 0 0 
0 0 128 0 0 0 0 0 0 0 0 0 0 0 0 0 0 0 0 0 0 0 0 0 0 0 0 0 0 0 0 0 0 0 0 0 0 0 0 0 0 0 0 0 0 0 0 0 0 0 0 0 0 0 0 0 0 0 0 0 0 0 0 0 0 
0 0 1888 395.992 67.6254 0 0 0 0 0 0 0 0 0 0 0 0 0 0 0 0 0 0 0 0 0 0 0 0 0 0 0 0 0 0 0 0 0 0 0 0 0 0 0 0 0 0 0 0 0 0 0 0 0 0 0 0 0 0 0 0 0 0 0 0 
0 0 0 7144.02 1190.17 530.509 123.914 0 0 0 0 0 0 0 0 0 0 0 0 0 0 0 0 0 0 0 0 0 0 0 0 0 0 0 0 0 0 0 0 0 0 0 0 0 0 0 0 0 0 0 0 0 0 0 0 0 0 0 0 0 0 0 0 0 0 
0 0 0 34124 27253.6 6870.08 2531.9 1411.84 385.929 71.2772 0 0 0 0 0 0 0 0 0 0 0 0 0 0 0 0 0 0 0 0 0 0 0 0 0 0 0 0 0 0 0 0 0 0 0 0 0 0 0 0 0 0 0 0 0 0 0 0 0 0 0 0 0 0 0 
0 0 0 0 183700 97533.3 44326.7 18219.7 8875 4798.58 1690.73 741.669 137.965 0 0 0 0 0 0 0 0 0 0 0 0 0 0 0 0 0 0 0 0 0 0 0 0 0 0 0 0 0 0 0 0 0 0 0 0 0 0 0 0 0 0 0 0 0 0 0 0 0 0 0 0 
0 0 0 0 423165 826156 413395 221322 120516 58519.7 36766.1 22268.2 13026.2 4829.31 1415.58 400.731 81.3 0 0 0 0 0 0 0 16.8201 0 0 0 0 0 0 0 20.4137 0 0 0 0 0 0 0 0 0 0 0 0 0 0 0 0 0 0 0 0 0 0 0 0 0 0 0 0 0 0 0 0 
0 0 0 0 0 2.86591e+06 3.29871e+06 1.99825e+06 1.1567e+06 760459 471666 272792 170537 107158 58014.8 26718 13618.2 6983.72 2911.58 874.775 298.191 372.252 480.504 258.49 0 291.996 291.049 313.57 263.458 301.693 292.464 388.381 0 0 0 0 0 0 0 0 0 0 0 0 0 0 0 0 0 0 0 0 0 0 0 0 0 0 0 0 0 0 0 0 0 
0 0 0 0 0 3.82751e+06 1.46059e+07 1.35758e+07 9.56276e+06 6.43778e+06 4.19748e+06 2.94711e+06 1.93897e+06 1.19816e+06 781943 536848 351835 226231 132490 67619.6 50620.7 27995.8 17419 11157.6 13918.9 12141 9676.04 8872.17 10012.6 9592.63 11185.2 9468.69 12746.5 0 0 0 0 0 0 0 0 0 0 0 0 0 0 0 0 0 0 0 0 0 0 0 0 0 0 0 0 0 0 0 0 
0 0 0 0 0 0 3.04049e+07 6.35564e+07 5.7495e+07 4.32949e+07 3.2132e+07 2.29532e+07 1.60109e+07 1.16588e+07 7.94093e+06 5.79401e+06 4.12051e+06 3.16818e+06 2.25164e+06 1.71184e+06 1.14804e+06 742790 496154 403192 291235 264912 246708 208845 204170 224039 239226 220317 227084 0 0 0 0 0 0 0 0 0 0 0 0 0 0 0 0 0 0 0 0 0 0 0 0 0 0 0 0 0 0 0 0 
0 0 0 0 0 0 2.62044e+07 1.69153e+08 2.62816e+08 2.46795e+08 1.98841e+08 1.58082e+08 1.19058e+08 9.02342e+07 7.10418e+07 5.35432e+07 4.34368e+07 3.17436e+07 2.51859e+07 1.85491e+07 1.4505e+07 1.11859e+07 9.00069e+06 7.34572e+06 5.53632e+06 4.80596e+06 3.72789e+06 3.5206e+06 3.48416e+06 3.69457e+06 3.24333e+06 3.30037e+06 3.12851e+06 0 0 0 0 0 0 0 0 0 0 0 0 0 0 0 0 0 0 0 0 0 0 0 0 0 0 0 0 0 0 0 0 
0 0 0 0 0 0 0 2.33552e+08 7.84125e+08 1.0752e+09 1.04627e+09 9.00571e+08 7.52275e+08 6.14016e+08 5.07471e+08 4.01139e+08 3.2128e+08 2.56114e+08 2.15127e+08 1.72288e+08 1.40999e+08 1.17024e+08 9.57609e+07 7.46822e+07 6.59962e+07 5.42253e+07 5.07369e+07 4.66957e+07 4.3288e+07 3.95162e+07 3.93319e+07 3.7886e+07 3.61253e+07 0 0 0 0 0 0 0 0 0 0 0 0 0 0 0 0 0 0 0 0 0 0 0 0 0 0 0 0 0 0 0 0 
0 0 0 0 0 0 0 1.3914e+08 1.38393e+09 3.28551e+09 4.29504e+09 4.32956e+09 3.97647e+09 3.49008e+09 2.93694e+09 2.55932e+09 2.17516e+09 1.82009e+09 1.52193e+09 1.22876e+09 1.07453e+09 9.26691e+08 7.66135e+08 6.55743e+08 6.29879e+08 5.42046e+08 5.03462e+08 4.53278e+08 4.16797e+08 3.80376e+08 3.81985e+08 3.84395e+08 3.55612e+08 0 0 0 0 0 0 0 0 0 0 0 0 0 0 0 0 0 0 0 0 0 0 0 0 0 0 0 0 0 0 0 0 
0 0 0 0 0 0 0 0 1.34323e+09 6.67987e+09 1.31633e+10 1.67502e+10 1.75566e+10 1.6774e+10 1.59472e+10 1.39219e+10 1.24273e+10 1.08434e+10 9.33935e+09 8.11446e+09 7.46534e+09 6.21088e+09 5.6251e+09 5.24749e+09 4.55184e+09 4.24107e+09 3.64066e+09 3.57058e+09 3.45884e+09 3.08855e+09 3.23299e+09 3.05779e+09 3.02848e+09 0 0 0 0 0 0 0 0 0 0 0 0 0 0 0 0 0 0 0 0 0 0 0 0 0 0 0 0 0 0 0 0 
0 0 0 0 0 0 0 0 5.83712e+08 8.30267e+09 2.83588e+10 5.0634e+10 6.43533e+10 7.1189e+10 7.12313e+10 6.85913e+10 6.23525e+10 5.76069e+10 5.26125e+10 4.68878e+10 4.31954e+10 3.80024e+10 3.54521e+10 3.20303e+10 3.07421e+10 2.83974e+10 2.6416e+10 2.42844e+10 2.30823e+10 2.24031e+10 2.19237e+10 2.07326e+10 2.09936e+10 0 0 0 0 0 0 0 0 0 0 0 0 0 0 0 0 0 0 0 0 0 0 0 0 0 0 0 0 0 0 0 0 
0 0 0 0 0 0 0 0 0 5.94409e+09 4.08656e+10 1.11571e+11 1.88803e+11 2.37874e+11 2.71555e+11 2.85361e+11 2.88006e+11 2.71495e+11 2.55584e+11 2.42426e+11 2.27012e+11 2.10536e+11 1.97941e+11 1.84828e+11 1.7813e+11 1.68755e+11 1.51853e+11 1.46894e+11 1.45319e+11 1.38696e+11 1.31436e+11 1.32707e+11 1.2899e+11 0 0 0 0 0 0 0 0 0 0 0 0 0 0 0 0 0 0 0 0 0 0 0 0 0 0 0 0 0 0 0 0 
0 0 0 0 0 0 0 0 0 1.95589e+09 3.76867e+10 1.73749e+11 4.09801e+11 6.78654e+11 8.69863e+11 1.02444e+12 1.09106e+12 1.13237e+12 1.1151e+12 1.10783e+12 1.05757e+12 1.03233e+12 9.74625e+11 9.61731e+11 9.08132e+11 8.47711e+11 8.42316e+11 8.22326e+11 7.80914e+11 7.57646e+11 7.5052e+11 7.44069e+11 7.34045e+11 0 0 0 0 0 0 0 0 0 0 0 0 0 0 0 0 0 0 0 0 0 0 0 0 0 0 0 0 0 0 0 0 
0 0 0 0 0 0 0 0 0 0 2.0537e+10 1.8636e+11 6.7223e+11 1.44027e+12 2.32855e+12 3.05638e+12 3.6441e+12 4.05586e+12 4.33928e+12 4.39245e+12 4.42301e+12 4.40788e+12 4.39873e+12 4.29902e+12 4.15286e+12 4.09548e+12 3.97539e+12 3.8552e+12 3.80142e+12 3.78591e+12 3.67594e+12 3.78053e+12 3.66229e+12 0 0 0 0 0 0 0 0 0 0 0 0 0 0 0 0 0 0 0 0 0 0 0 0 0 0 0 0 0 0 0 0 
0 0 0 0 0 0 0 0 0 0 5.28481e+09 1.31424e+11 7.81607e+11 2.37654e+12 4.81435e+12 7.64166e+12 1.0307e+13 1.24937e+13 1.43206e+13 1.55584e+13 1.63084e+13 1.68822e+13 1.73735e+13 1.75339e+13 1.74186e+13 1.71604e+13 1.73629e+13 1.68466e+13 1.66672e+13 1.71145e+13 1.73958e+13 1.64953e+13 1.67216e+13 0 0 0 0 0 0 0 0 0 0 0 0 0 0 0 0 0 0 0 0 0 0 0 0 0 0 0 0 0 0 0 0 
0 0 0 0 0 0 0 0 0 0 0 5.62335e+10 6.45426e+11 2.94658e+12 7.94142e+12 1.54912e+13 2.42187e+13 3.32246e+13 4.1399e+13 4.84926e+13 5.44479e+13 5.815e+13 6.1487e+13 6.40956e+13 6.49885e+13 6.64122e+13 6.76497e+13 6.86665e+13 6.9075e+13 6.77618e+13 6.96368e+13 6.88746e+13 6.86772e+13 0 0 0 0 0 0 0 0 0 0 0 0 0 0 0 0 0 0 0 0 0 0 0 0 0 0 0 0 0 0 0 0 
0 0 0 0 0 0 0 0 0 0 0 1.14593e+10 3.56435e+11 2.6517e+12 1.00386e+13 2.48072e+13 4.71444e+13 7.39707e+13 1.0158e+14 1.29579e+14 1.54702e+14 1.76549e+14 1.93051e+14 2.09497e+14 2.20797e+14 2.32538e+14 2.38268e+14 2.43915e+14 2.49418e+14 2.52664e+14 2.50969e+14 2.53529e+14 2.51262e+14 0 0 0 0 0 0 0 0 0 0 0 0 0 0 0 0 0 0 0 0 0 0 0 0 0 0 0 0 0 0 0 0 
0 0 0 0 0 0 0 0 0 0 0 0 1.22732e+11 1.70784e+12 9.54511e+12 3.16039e+13 7.37338e+13 1.35663e+14 2.13711e+14 2.99551e+14 3.80939e+14 4.64274e+14 5.39026e+14 6.00337e+14 6.55371e+14 7.05008e+14 7.44037e+14 7.83382e+14 8.06291e+14 8.20673e+14 8.36878e+14 8.47139e+14 8.50362e+14 0 0 0 0 0 0 0 0 0 0 0 0 0 0 0 0 0 0 0 0 0 0 0 0 0 0 0 0 0 0 0 0 
0 0 0 0 0 0 0 0 0 0 0 0 2.04058e+10 7.61032e+11 6.81305e+12 3.09534e+13 9.20105e+13 2.05914e+14 3.72719e+14 5.80582e+14 8.21931e+14 1.07292e+15 1.32152e+15 1.54973e+15 1.76187e+15 1.93583e+15 2.11419e+15 2.25766e+15 2.36319e+15 2.44478e+15 2.4857e+15 2.52223e+15 2.51674e+15 0 0 0 0 0 0 0 0 0 0 0 0 0 0 0 0 0 0 0 0 0 0 0 0 0 0 0 0 0 0 0 0 
0 0 0 0 0 0 0 0 0 0 0 0 0 2.14479e+11 3.51734e+12 2.33935e+13 9.1639e+13 2.50803e+14 5.40526e+14 9.64393e+14 1.50606e+15 2.12802e+15 2.80633e+15 3.51945e+15 4.20272e+15 4.80735e+15 5.33983e+15 5.84627e+15 6.27909e+15 6.60501e+15 6.77195e+15 6.90256e+15 6.94398e+15 0 0 0 0 0 0 0 0 0 0 0 0 0 0 0 0 0 0 0 0 0 0 0 0 0 0 0 0 0 0 0 0 
0 0 0 0 0 0 0 0 0 0 0 0 0 2.97187e+10 1.28896e+12 1.34002e+13 7.10834e+13 2.47551e+14 6.3483e+14 1.32903e+15 2.34305e+15 3.65985e+15 5.21312e+15 6.88721e+15 8.57689e+15 1.04039e+16 1.19562e+16 1.33807e+16 1.4555e+16 1.54447e+16 1.63057e+16 1.67701e+16 1.6908e+16 0 0 0 0 0 0 0 0 0 0 0 0 0 0 0 0 0 0 0 0 0 0 0 0 0 0 0 0 0 0 0 0 
0 0 0 0 0 0 0 0 0 0 0 0 0 0 3.00807e+11 5.66862e+12 4.35275e+13 1.96274e+14 6.19732e+14 1.50777e+15 3.04802e+15 5.31481e+15 8.19412e+15 1.17477e+16 1.57126e+16 1.95925e+16 2.34964e+16 2.68102e+16 3.00083e+16 3.30731e+16 3.47219e+16 3.59305e+16 3.63943e+16 0 0 0 0 0 0 0 0 0 0 0 0 0 0 0 0 0 0 0 0 0 0 0 0 0 0 0 0 0 0 0 0 
0 0 0 0 0 0 0 0 0 0 0 0 0 0 3.54007e+10 1.72887e+12 2.03448e+13 1.23145e+14 4.86801e+14 1.41111e+15 3.30211e+15 6.47347e+15 1.1173e+16 1.70917e+16 2.42303e+16 3.21369e+16 4.0455e+16 4.87283e+16 5.57235e+16 6.10739e+16 6.57698e+16 6.80614e+16 6.90074e+16 0 0 0 0 0 0 0 0 0 0 0 0 0 0 0 0 0 0 0 0 0 0 0 0 0 0 0 0 0 0 0 0 
0 0 0 0 0 0 0 0 0 0 0 0 0 0 0 3.43484e+11 7.21774e+12 6.16204e+13 3.11273e+14 1.11062e+15 3.00093e+15 6.67672e+15 1.2743e+16 2.15061e+16 3.27147e+16 4.59159e+16 6.02848e+16 7.48815e+16 8.89974e+16 1.0075e+17 1.09975e+17 1.16502e+17 1.17527e+17 0 0 0 0 0 0 0 0 0 0 0 0 0 0 0 0 0 0 0 0 0 0 0 0 0 0 0 0 0 0 0 0 
0 0 0 0 0 0 0 0 0 0 0 0 0 0 0 3.51358e+10 1.85143e+12 2.40641e+13 1.62434e+14 7.05378e+14 2.27774e+15 5.83635e+15 1.24298e+16 2.30741e+16 3.80758e+16 5.72401e+16 7.89813e+16 1.0247e+17 1.25103e+17 1.45664e+17 1.61549e+17 1.72371e+17 1.77413e+17 0 0 0 0 0 0 0 0 0 0 0 0 0 0 0 0 0 0 0 0 0 0 0 0 0 0 0 0 0 0 0 0 
0 0 0 0 0 0 0 0 0 0 0 0 0 0 0 0 3.1927e+11 7.24884e+12 6.73073e+13 3.73137e+14 1.44071e+15 4.26858e+15 1.03283e+16 2.10991e+16 3.78029e+16 6.06907e+16 8.96876e+16 1.21116e+17 1.53859e+17 1.84075e+17 2.08149e+17 2.226e+17 2.26674e+17 0 0 0 0 0 0 0 0 0 0 0 0 0 0 0 0 0 0 0 0 0 0 0 0 0 0 0 0 0 0 0 0 
0 0 0 0 0 0 0 0 0 0 0 0 0 0 0 0 2.90261e+10 1.60445e+12 2.2229e+13 1.60763e+14 7.58322e+14 2.64009e+15 7.25657e+15 1.65287e+16 3.24779e+16 5.63542e+16 8.75859e+16 1.25191e+17 1.64927e+17 2.01865e+17 2.33683e+17 2.52877e+17 2.61691e+17 0 0 0 0 0 0 0 0 0 0 0 0 0 0 0 0 0 0 0 0 0 0 0 0 0 0 0 0 0 0 0 0 
0 0 0 0 0 0 0 0 0 0 0 0 0 0 0 0 0 2.42834e+11 5.76065e+12 5.75042e+13 3.35037e+14 1.37522e+15 4.33279e+15 1.11821e+16 2.39792e+16 4.48788e+16 7.40194e+16 1.1153e+17 1.52515e+17 1.94571e+17 2.28157e+17 2.52684e+17 2.60008e+17 0 0 0 0 0 0 0 0 0 0 0 0 0 0 0 0 0 0 0 0 0 0 0 0 0 0 0 0 0 0 0 0 
0 0 0 0 0 0 0 0 0 0 0 0 0 0 0 0 0 1.99517e+10 1.12887e+12 1.62059e+13 1.24393e+14 6.11787e+14 2.22279e+15 6.31695e+15 1.52154e+16 3.07044e+16 5.52185e+16 8.67995e+16 1.24494e+17 1.62622e+17 1.96227e+17 2.21185e+17 2.29774e+17 0 0 0 0 0 0 0 0 0 0 0 0 0 0 0 0 0 0 0 0 0 0 0 0 0 0 0 0 0 0 0 0 
0 0 0 0 0 0 0 0 0 0 0 0 0 0 0 0 0 0 1.5157e+11 3.68724e+12 3.7646e+13 2.30733e+14 9.78729e+14 3.20193e+15 8.29001e+15 1.84354e+16 3.49018e+16 5.86655e+16 8.82757e+16 1.1985e+17 1.49037e+17 1.6679e+17 1.72596e+17 0 0 0 0 0 0 0 0 0 0 0 0 0 0 0 0 0 0 0 0 0 0 0 0 0 0 0 0 0 0 0 0 
0 0 0 0 0 0 0 0 0 0 0 0 0 0 0 0 0 0 1.15075e+10 6.37897e+11 9.40457e+12 7.34686e+13 3.67609e+14 1.3757e+15 4.06301e+15 9.71396e+15 1.9862e+16 3.52988e+16 5.50232e+16 7.69644e+16 9.68535e+16 1.11502e+17 1.17261e+17 0 0 0 0 0 0 0 0 0 0 0 0 0 0 0 0 0 0 0 0 0 0 0 0 0 0 0 0 0 0 0 0 
0 0 0 0 0 0 0 0 0 0 0 0 0 0 0 0 0 0 0 7.72696e+10 1.87933e+12 1.92186e+13 1.20489e+14 5.1343e+14 1.68485e+15 4.45314e+15 9.79877e+15 1.83968e+16 3.04298e+16 4.38593e+16 5.69274e+16 6.61251e+16 7.02812e+16 0 0 0 0 0 0 0 0 0 0 0 0 0 0 0 0 0 0 0 0 0 0 0 0 0 0 0 0 0 0 0 0 
0 0 0 0 0 0 0 0 0 0 0 0 0 0 0 0 0 0 0 5.72735e+09 2.93471e+11 4.30342e+12 3.31432e+13 1.67811e+14 6.19802e+14 1.81961e+15 4.26453e+15 8.61659e+15 1.48053e+16 2.23203e+16 2.97086e+16 3.54406e+16 3.68713e+16 0 0 0 0 0 0 0 0 0 0 0 0 0 0 0 0 0 0 0 0 0 0 0 0 0 0 0 0 0 0 0 0 
0 0 0 0 0 0 0 0 0 0 0 0 0 0 0 0 0 0 0 0 3.34278e+10 7.70534e+11 7.78962e+12 4.78912e+13 2.00861e+14 6.43563e+14 1.6912e+15 3.57969e+15 6.4224e+15 1.01393e+16 1.37648e+16 1.65523e+16 1.77285e+16 0 0 0 0 0 0 0 0 0 0 0 0 0 0 0 0 0 0 0 0 0 0 0 0 0 0 0 0 0 0 0 0 
0 0 0 0 0 0 0 0 0 0 0 0 0 0 0 0 0 0 0 0 2.41036e+09 1.11765e+11 1.53443e+12 1.18238e+13 5.79069e+13 2.07614e+14 5.79853e+14 1.32109e+15 2.54986e+15 4.09551e+15 5.78363e+15 7.01108e+15 7.46713e+15 0 0 0 0 0 0 0 0 0 0 0 0 0 0 0 0 0 0 0 0 0 0 0 0 0 0 0 0 0 0 0 0 
0 0 0 0 0 0 0 0 0 0 0 0 0 0 0 0 0 0 0 0 0 1.20994e+10 2.5476e+11 2.46843e+12 1.46081e+13 5.92381e+13 1.80027e+14 4.45406e+14 8.93127e+14 1.5149e+15 2.16006e+15 2.69927e+15 2.89511e+15 0 0 0 0 0 0 0 0 0 0 0 0 0 0 0 0 0 0 0 0 0 0 0 0 0 0 0 0 0 0 0 0 
0 0 0 0 0 0 0 0 0 0 0 0 0 0 0 0 0 0 0 0 0 9.35545e+08 3.61341e+10 4.53691e+11 3.21475e+12 1.49289e+13 5.14135e+13 1.35052e+14 2.86575e+14 5.10915e+14 7.49503e+14 9.51641e+14 1.01251e+15 0 0 0 0 0 0 0 0 0 0 0 0 0 0 0 0 0 0 0 0 0 0 0 0 0 0 0 0 0 0 0 0 
0 0 0 0 0 0 0 0 0 0 0 0 0 0 0 0 0 0 0 0 0 0 3.73922e+09 7.08266e+10 6.20647e+11 3.45688e+12 1.30097e+13 3.73125e+13 8.39143e+13 1.531e+14 2.34658e+14 2.99447e+14 3.29477e+14 0 0 0 0 0 0 0 0 0 0 0 0 0 0 0 0 0 0 0 0 0 0 0 0 0 0 0 0 0 0 0 0 
0 0 0 0 0 0 0 0 0 0 0 0 0 0 0 0 0 0 0 0 0 0 3.25059e+08 9.81351e+09 1.06324e+11 7.0285e+11 3.05042e+12 9.38979e+12 2.2842e+13 4.35818e+13 6.92655e+13 9.02502e+13 9.7389e+13 0 0 0 0 0 0 0 0 0 0 0 0 0 0 0 0 0 0 0 0 0 0 0 0 0 0 0 0 0 0 0 0 
0 0 0 0 0 0 0 0 0 0 0 0 0 0 0 0 0 0 0 0 0 0 0 1.00105e+09 1.62948e+10 1.25446e+11 6.25838e+11 2.16657e+12 5.54769e+12 1.11523e+13 1.80242e+13 2.43102e+13 2.70861e+13 0 0 0 0 0 0 0 0 0 0 0 0 0 0 0 0 0 0 0 0 0 0 0 0 0 0 0 0 0 0 0 0 
0 0 0 0 0 0 0 0 0 0 0 0 0 0 0 0 0 0 0 0 0 0 0 1.07929e+08 2.23696e+09 2.07912e+10 1.21965e+11 4.62113e+11 1.2638e+12 2.69144e+12 4.52106e+12 6.11262e+12 6.75647e+12 0 0 0 0 0 0 0 0 0 0 0 0 0 0 0 0 0 0 0 0 0 0 0 0 0 0 0 0 0 0 0 0 
0 0 0 0 0 0 0 0 0 0 0 0 0 0 0 0 0 0 0 0 0 0 0 0 2.33376e+08 3.09268e+09 2.05437e+10 9.03343e+10 2.65295e+11 5.98607e+11 1.07425e+12 1.45675e+12 1.59365e+12 0 0 0 0 0 0 0 0 0 0 0 0 0 0 0 0 0 0 0 0 0 0 0 0 0 0 0 0 0 0 0 0 
0 0 0 0 0 0 0 0 0 0 0 0 0 0 0 0 0 0 0 0 0 0 0 0 3.22633e+07 4.44297e+08 3.37677e+09 1.66571e+10 5.47615e+10 1.25991e+11 2.3141e+11 3.31731e+11 3.68575e+11 0 0 0 0 0 0 0 0 0 0 0 0 0 0 0 0 0 0 0 0 0 0 0 0 0 0 0 0 0 0 0 0 
0 0 0 0 0 0 0 0 0 0 0 0 0 0 0 0 0 0 0 0 0 0 0 0 0 4.64421e+07 5.2378e+08 2.85338e+09 1.01627e+10 2.57121e+10 4.76874e+10 7.20234e+10 8.09694e+10 0 0 0 0 0 0 0 0 0 0 0 0 0 0 0 0 0 0 0 0 0 0 0 0 0 0 0 0 0 0 0 0 
0 0 0 0 0 0 0 0 0 0 0 0 0 0 0 0 0 0 0 0 0 0 0 0 0 8.74851e+06 8.01316e+07 4.8071e+08 1.90977e+09 5.13484e+09 1.00038e+10 1.49472e+10 1.72364e+10 0 0 0 0 0 0 0 0 0 0 0 0 0 0 0 0 0 0 0 0 0 0 0 0 0 0 0 0 0 0 0 0 
0 0 0 0 0 0 0 0 0 0 0 0 0 0 0 0 0 0 0 0 0 0 0 0 0 0 7.9761e+06 8.20129e+07 3.40753e+08 9.3849e+08 2.01252e+09 2.98107e+09 3.44054e+09 0 0 0 0 0 0 0 0 0 0 0 0 0 0 0 0 0 0 0 0 0 0 0 0 0 0 0 0 0 0 0 0 
0 0 0 0 0 0 0 0 0 0 0 0 0 0 0 0 0 0 0 0 0 0 0 0 0 0 2.08288e+06 1.31065e+07 5.83338e+07 1.8458e+08 3.85091e+08 6.17619e+08 6.86526e+08 0 0 0 0 0 0 0 0 0 0 0 0 0 0 0 0 0 0 0 0 0 0 0 0 0 0 0 0 0 0 0 0 
0 0 0 0 0 0 0 0 0 0 0 0 0 0 0 0 0 0 0 0 0 0 0 0 0 0 0 1.12514e+06 1.08582e+07 3.30656e+07 7.49196e+07 1.23906e+08 1.40212e+08 0 0 0 0 0 0 0 0 0 0 0 0 0 0 0 0 0 0 0 0 0 0 0 0 0 0 0 0 0 0 0 0 
0 0 0 0 0 0 0 0 0 0 0 0 0 0 0 0 0 0 0 0 0 0 0 0 0 0 0 429845 1.74341e+06 5.89711e+06 1.51364e+07 2.23122e+07 2.97285e+07 0 0 0 0 0 0 0 0 0 0 0 0 0 0 0 0 0 0 0 0 0 0 0 0 0 0 0 0 0 0 0 0 
0 0 0 0 0 0 0 0 0 0 0 0 0 0 0 0 0 0 0 0 0 0 0 0 0 0 0 0 116895 1.25635e+06 2.38435e+06 4.91894e+06 5.35022e+06 0 0 0 0 0 0 0 0 0 0 0 0 0 0 0 0 0 0 0 0 0 0 0 0 0 0 0 0 0 0 0 0 
0 0 0 0 0 0 0 0 0 0 0 0 0 0 0 0 0 0 0 0 0 0 0 0 0 0 0 0 73488.2 176954 490674 951739 948908 0 0 0 0 0 0 0 0 0 0 0 0 0 0 0 0 0 0 0 0 0 0 0 0 0 0 0 0 0 0 0 0 
0 0 0 0 0 0 0 0 0 0 0 0 0 0 0 0 0 0 0 0 0 0 0 0 0 0 0 0 0 7855.33 117811 112088 245551 0 0 0 0 0 0 0 0 0 0 0 0 0 0 0 0 0 0 0 0 0 0 0 0 0 0 0 0 0 0 0 0 
0 0 0 0 0 0 0 0 0 0 0 0 0 0 0 0 0 0 0 0 0 0 0 0 0 0 0 0 0 9963.98 11959.3 35007.4 37803.5 0 0 0 0 0 0 0 0 0 0 0 0 0 0 0 0 0 0 0 0 0 0 0 0 0 0 0 0 0 0 0 0 
0 0 0 0 0 0 0 0 0 0 0 0 0 0 0 0 0 0 0 0 0 0 0 0 0 0 0 0 0 0 265.091 7695.83 2118.53 0 0 0 0 0 0 0 0 0 0 0 0 0 0 0 0 0 0 0 0 0 0 0 0 0 0 0 0 0 0 0 0 
0 0 0 0 0 0 0 0 0 0 0 0 0 0 0 0 0 0 0 0 0 0 0 0 0 0 0 0 0 0 985.438 400.482 1977.89 0 0 0 0 0 0 0 0 0 0 0 0 0 0 0 0 0 0 0 0 0 0 0 0 0 0 0 0 0 0 0 0 
0 0 0 0 0 0 0 0 0 0 0 0 0 0 0 0 0 0 0 0 0 0 0 0 0 0 0 0 0 0 0 0 254.972 0 0 0 0 0 0 0 0 0 0 0 0 0 0 0 0 0 0 0 0 0 0 0 0 0 0 0 0 0 0 0 0 
0 0 0 0 0 0 0 0 0 0 0 0 0 0 0 0 0 0 0 0 0 0 0 0 0 0 0 0 0 0 0 63.5766 0 0 0 0 0 0 0 0 0 0 0 0 0 0 0 0 0 0 0 0 0 0 0 0 0 0 0 0 0 0 0 0 0 
0 0 0 0 0 0 0 0 0 0 0 0 0 0 0 0 0 0 0 0 0 0 0 0 0 0 0 0 0 0 0 0 0 0 0 0 0 0 0 0 0 0 0 0 0 0 0 0 0 0 0 0 0 0 0 0 0 0 0 0 0 0 0 0 0 
0 0 0 0 0 0 0 0 0 0 0 0 0 0 0 0 0 0 0 0 0 0 0 0 0 0 0 0 0 0 0 0 1.98677 0 0 0 0 0 0 0 0 0 0 0 0 0 0 0 0 0 0 0 0 0 0 0 0 0 0 0 0 0 0 0 0 
