1 0 0 0 0 0 0 0 0 0 0 0 0 0 0 0 0 0 0 0 0 0 0 0 0 0 0 0 0 0 0 0 0 0 0 0 0 0 0 0 0 0 0 0 0 0 0 0 0 0 0 0 0 0 0 0 0 0 0 0 0 0 0 0 1 
0 0 0 0 0 0 0 0 0 0 0 0 0 0 0 0 0 0 0 0 0 0 0 0 0 0 0 0 0 0 0 0 0 0 0 0 0 0 0 0 0 0 0 0 0 0 0 0 0 0 0 0 0 0 0 0 0 0 0 0 0 0 0 0 0 
0 64 0 0 0 0 0 0 0 0 0 0 0 0 0 0 0 0 0 0 0 0 0 0 0 0 0 0 0 0 0 0 0 0 0 0 0 0 0 0 0 0 0 0 0 0 0 0 0 0 0 0 0 0 0 0 0 0 0 0 0 0 0 0 0 
0 0 128 0 0 0 0 0 0 0 0 0 0 0 0 0 0 0 0 0 0 0 0 0 0 0 0 0 0 0 0 0 0 0 0 0 0 0 0 0 0 0 0 0 0 0 0 0 0 0 0 0 0 0 0 0 0 0 0 0 0 0 0 0 0 
0 0 1888 391.714 62.7293 0 0 0 0 0 0 0 0 0 0 0 0 0 0 0 0 0 0 0 0 0 0 0 0 0 0 0 0 0 0 0 0 0 0 0 0 0 0 0 0 0 0 0 0 0 0 0 0 0 0 0 0 0 0 0 0 0 0 0 0 
0 0 0 7152.57 1107.07 474.619 120.9 0 0 0 0 0 0 0 0 0 0 0 0 0 0 0 0 0 0 0 0 0 0 0 0 0 0 0 0 0 0 0 0 0 0 0 0 0 0 0 0 0 0 0 0 0 0 0 0 0 0 0 0 0 0 0 0 0 0 
0 0 0 34119.7 27181.3 6777.91 2633.05 1476.58 365.529 57.9043 0 0 0 0 0 0 0 0 0 0 0 0 0 0 0 0 0 0 0 0 0 0 0 0 0 0 0 0 0 0 0 0 0 0 0 0 0 0 0 0 0 0 0 0 0 0 0 0 0 0 0 0 0 0 0 
0 0 0 0 184113 96145.2 42117.8 16470.2 8620.75 4904.74 2055.23 604.981 166.698 0 0 0 0 0 0 0 0 0 0 0 0 0 0 0 0 0 0 0 0 0 0 0 0 0 0 0 0 0 0 0 0 0 0 0 0 0 0 0 0 0 0 0 0 0 0 0 0 0 0 0 0 
0 0 0 0 422912 829361 410991 226623 118079 53952.3 33223.8 18792.8 8427.2 4095.78 1279.18 347.589 61.7746 0 0 0 0 0 0 0 14.6586 0 0 0 0 0 0 0 13.7092 0 0 0 0 0 0 0 0 0 0 0 0 0 0 0 0 0 0 0 0 0 0 0 0 0 0 0 0 0 0 0 0 
0 0 0 0 0 2.86432e+06 3.32155e+06 1.94242e+06 1.12623e+06 724363 446380 237972 154731 88236.2 48909.7 25693 12084.6 6091.11 2148.55 654.095 380.942 303.554 318.523 246.346 0 248.508 216.89 347.229 222.012 236.222 348.525 237.303 0 0 0 0 0 0 0 0 0 0 0 0 0 0 0 0 0 0 0 0 0 0 0 0 0 0 0 0 0 0 0 0 0 
0 0 0 0 0 3.82744e+06 1.45907e+07 1.3499e+07 9.41256e+06 5.98272e+06 3.94922e+06 2.72006e+06 1.75162e+06 1.13584e+06 728013 504628 323895 199418 134330 65155 37932.3 23765 17873.9 9587.41 11171.2 9702.31 11367.7 9886.53 7704.92 9092.46 9962.04 10069.6 12181.2 0 0 0 0 0 0 0 0 0 0 0 0 0 0 0 0 0 0 0 0 0 0 0 0 0 0 0 0 0 0 0 0 
0 0 0 0 0 0 3.03869e+07 6.38431e+07 5.66405e+07 4.38569e+07 3.20761e+07 2.28843e+07 1.63359e+07 1.16748e+07 8.45468e+06 6.15966e+06 4.58863e+06 3.31625e+06 2.26337e+06 1.59776e+06 978344 755257 513333 315176 299220 251280 243177 206202 213581 242732 236622 217198 227220 0 0 0 0 0 0 0 0 0 0 0 0 0 0 0 0 0 0 0 0 0 0 0 0 0 0 0 0 0 0 0 0 
0 0 0 0 0 0 2.62193e+07 1.69338e+08 2.63755e+08 2.47109e+08 2.00525e+08 1.52814e+08 1.20168e+08 9.7218e+07 7.32971e+07 5.52786e+07 4.12116e+07 3.13896e+07 2.463e+07 1.81557e+07 1.45139e+07 1.03707e+07 8.17107e+06 6.53366e+06 5.65452e+06 4.68944e+06 4.21821e+06 3.56113e+06 3.52153e+06 3.25993e+06 3.2874e+06 3.58383e+06 3.40882e+06 0 0 0 0 0 0 0 0 0 0 0 0 0 0 0 0 0 0 0 0 0 0 0 0 0 0 0 0 0 0 0 0 
0 0 0 0 0 0 0 2.32887e+08 7.87432e+08 1.0666e+09 1.05308e+09 9.18688e+08 7.74859e+08 6.2529e+08 5.1306e+08 4.05731e+08 3.27881e+08 2.57423e+08 2.08372e+08 1.71975e+08 1.38801e+08 1.12704e+08 8.94027e+07 8.00603e+07 6.64316e+07 5.72973e+07 5.13515e+07 4.66567e+07 4.40956e+07 4.20247e+07 3.89429e+07 3.83622e+07 3.98611e+07 0 0 0 0 0 0 0 0 0 0 0 0 0 0 0 0 0 0 0 0 0 0 0 0 0 0 0 0 0 0 0 0 
0 0 0 0 0 0 0 1.39462e+08 1.38194e+09 3.30371e+09 4.25259e+09 4.37463e+09 4.05899e+09 3.52477e+09 3.02304e+09 2.48106e+09 2.16686e+09 1.82608e+09 1.54582e+09 1.31642e+09 1.11406e+09 9.31056e+08 7.94503e+08 6.94109e+08 6.19472e+08 5.32174e+08 4.8313e+08 4.49118e+08 4.12543e+08 3.96008e+08 4.05409e+08 4.00207e+08 4.08495e+08 0 0 0 0 0 0 0 0 0 0 0 0 0 0 0 0 0 0 0 0 0 0 0 0 0 0 0 0 0 0 0 0 
0 0 0 0 0 0 0 0 1.33895e+09 6.6822e+09 1.32433e+10 1.69566e+10 1.78442e+10 1.72216e+10 1.5757e+10 1.42042e+10 1.24923e+10 1.09869e+10 9.62893e+09 8.54157e+09 7.38247e+09 6.48697e+09 5.9385e+09 5.12371e+09 4.72554e+09 4.24009e+09 3.9239e+09 3.83906e+09 3.40422e+09 3.22832e+09 3.30639e+09 3.29358e+09 3.1417e+09 0 0 0 0 0 0 0 0 0 0 0 0 0 0 0 0 0 0 0 0 0 0 0 0 0 0 0 0 0 0 0 0 
0 0 0 0 0 0 0 0 5.86778e+08 8.28277e+09 2.82727e+10 5.0216e+10 6.42449e+10 7.0799e+10 7.12089e+10 6.78479e+10 6.35768e+10 5.89221e+10 5.37338e+10 4.75552e+10 4.43282e+10 4.17515e+10 3.67968e+10 3.37787e+10 3.0091e+10 2.80544e+10 2.55445e+10 2.45605e+10 2.32963e+10 2.37379e+10 2.25939e+10 2.21259e+10 2.16803e+10 0 0 0 0 0 0 0 0 0 0 0 0 0 0 0 0 0 0 0 0 0 0 0 0 0 0 0 0 0 0 0 0 
0 0 0 0 0 0 0 0 0 5.94533e+09 4.08629e+10 1.11102e+11 1.88057e+11 2.41802e+11 2.71265e+11 2.82697e+11 2.82005e+11 2.74469e+11 2.59308e+11 2.50422e+11 2.2562e+11 2.19577e+11 2.05235e+11 1.88667e+11 1.79175e+11 1.65754e+11 1.59835e+11 1.50505e+11 1.49366e+11 1.43828e+11 1.40736e+11 1.36811e+11 1.4057e+11 0 0 0 0 0 0 0 0 0 0 0 0 0 0 0 0 0 0 0 0 0 0 0 0 0 0 0 0 0 0 0 0 
0 0 0 0 0 0 0 0 0 1.96225e+09 3.77711e+10 1.7406e+11 4.07259e+11 6.70647e+11 8.76423e+11 1.01855e+12 1.10198e+12 1.13886e+12 1.15141e+12 1.12097e+12 1.11705e+12 1.0556e+12 9.96707e+11 9.48617e+11 9.29099e+11 8.74658e+11 8.45185e+11 8.22491e+11 7.96477e+11 7.81426e+11 7.80978e+11 7.48281e+11 7.69779e+11 0 0 0 0 0 0 0 0 0 0 0 0 0 0 0 0 0 0 0 0 0 0 0 0 0 0 0 0 0 0 0 0 
0 0 0 0 0 0 0 0 0 0 2.0518e+10 1.87453e+11 6.72757e+11 1.43333e+12 2.31569e+12 3.08523e+12 3.65842e+12 4.07035e+12 4.34862e+12 4.50652e+12 4.49106e+12 4.42292e+12 4.45881e+12 4.41717e+12 4.27759e+12 4.23128e+12 4.06327e+12 4.01115e+12 3.9978e+12 3.89601e+12 3.69783e+12 3.8717e+12 3.80655e+12 0 0 0 0 0 0 0 0 0 0 0 0 0 0 0 0 0 0 0 0 0 0 0 0 0 0 0 0 0 0 0 0 
0 0 0 0 0 0 0 0 0 0 5.2626e+09 1.30755e+11 7.85851e+11 2.38757e+12 4.81573e+12 7.62675e+12 1.0423e+13 1.25361e+13 1.45806e+13 1.57992e+13 1.65498e+13 1.72204e+13 1.77034e+13 1.79341e+13 1.77887e+13 1.78637e+13 1.7736e+13 1.72709e+13 1.69291e+13 1.71155e+13 1.73929e+13 1.72755e+13 1.71066e+13 0 0 0 0 0 0 0 0 0 0 0 0 0 0 0 0 0 0 0 0 0 0 0 0 0 0 0 0 0 0 0 0 
0 0 0 0 0 0 0 0 0 0 0 5.59896e+10 6.47014e+11 2.94316e+12 7.92965e+12 1.5442e+13 2.41012e+13 3.32619e+13 4.12877e+13 4.86255e+13 5.44448e+13 5.7958e+13 6.11099e+13 6.41883e+13 6.55776e+13 6.69097e+13 6.81428e+13 6.77691e+13 6.9134e+13 6.94633e+13 7.00793e+13 6.96549e+13 7.03714e+13 0 0 0 0 0 0 0 0 0 0 0 0 0 0 0 0 0 0 0 0 0 0 0 0 0 0 0 0 0 0 0 0 
0 0 0 0 0 0 0 0 0 0 0 1.1591e+10 3.53347e+11 2.6629e+12 1.00468e+13 2.478e+13 4.69859e+13 7.40417e+13 1.019e+14 1.29102e+14 1.55087e+14 1.76779e+14 1.94709e+14 2.09219e+14 2.21428e+14 2.30308e+14 2.37483e+14 2.48099e+14 2.47422e+14 2.55668e+14 2.56366e+14 2.52343e+14 2.51328e+14 0 0 0 0 0 0 0 0 0 0 0 0 0 0 0 0 0 0 0 0 0 0 0 0 0 0 0 0 0 0 0 0 
0 0 0 0 0 0 0 0 0 0 0 0 1.22191e+11 1.70572e+12 9.57643e+12 3.16616e+13 7.35201e+13 1.34823e+14 2.12915e+14 2.99162e+14 3.84379e+14 4.69854e+14 5.41494e+14 6.11733e+14 6.61767e+14 7.23341e+14 7.57546e+14 7.95432e+14 8.21811e+14 8.2084e+14 8.45772e+14 8.47278e+14 8.45165e+14 0 0 0 0 0 0 0 0 0 0 0 0 0 0 0 0 0 0 0 0 0 0 0 0 0 0 0 0 0 0 0 0 
0 0 0 0 0 0 0 0 0 0 0 0 2.06764e+10 7.55452e+11 6.79265e+12 3.10245e+13 9.23234e+13 2.05975e+14 3.72776e+14 5.82108e+14 8.24297e+14 1.07882e+15 1.3178e+15 1.5578e+15 1.78633e+15 1.9504e+15 2.13196e+15 2.2558e+15 2.37267e+15 2.45787e+15 2.48942e+15 2.52234e+15 2.54817e+15 0 0 0 0 0 0 0 0 0 0 0 0 0 0 0 0 0 0 0 0 0 0 0 0 0 0 0 0 0 0 0 0 
0 0 0 0 0 0 0 0 0 0 0 0 0 2.13731e+11 3.52398e+12 2.33517e+13 9.16402e+13 2.51535e+14 5.38095e+14 9.61199e+14 1.49663e+15 2.12226e+15 2.83085e+15 3.48932e+15 4.12551e+15 4.76347e+15 5.31492e+15 5.83245e+15 6.19568e+15 6.53842e+15 6.728e+15 6.87951e+15 6.97857e+15 0 0 0 0 0 0 0 0 0 0 0 0 0 0 0 0 0 0 0 0 0 0 0 0 0 0 0 0 0 0 0 0 
0 0 0 0 0 0 0 0 0 0 0 0 0 3.02686e+10 1.28058e+12 1.34203e+13 7.13576e+13 2.47698e+14 6.36819e+14 1.32634e+15 2.34136e+15 3.64535e+15 5.16769e+15 6.91914e+15 8.68548e+15 1.03238e+16 1.19097e+16 1.32101e+16 1.45423e+16 1.5555e+16 1.61089e+16 1.66311e+16 1.6626e+16 0 0 0 0 0 0 0 0 0 0 0 0 0 0 0 0 0 0 0 0 0 0 0 0 0 0 0 0 0 0 0 0 
0 0 0 0 0 0 0 0 0 0 0 0 0 0 2.99617e+11 5.64489e+12 4.3425e+13 1.95953e+14 6.21009e+14 1.50908e+15 3.04203e+15 5.26832e+15 8.20855e+15 1.16343e+16 1.54896e+16 1.95467e+16 2.33983e+16 2.69982e+16 3.00375e+16 3.27554e+16 3.47789e+16 3.56666e+16 3.61089e+16 0 0 0 0 0 0 0 0 0 0 0 0 0 0 0 0 0 0 0 0 0 0 0 0 0 0 0 0 0 0 0 0 
0 0 0 0 0 0 0 0 0 0 0 0 0 0 3.63193e+10 1.71677e+12 2.02584e+13 1.23574e+14 4.86188e+14 1.42046e+15 3.30878e+15 6.54789e+15 1.1142e+16 1.71812e+16 2.4272e+16 3.24341e+16 4.03955e+16 4.84743e+16 5.54643e+16 6.13082e+16 6.60086e+16 6.88242e+16 6.9703e+16 0 0 0 0 0 0 0 0 0 0 0 0 0 0 0 0 0 0 0 0 0 0 0 0 0 0 0 0 0 0 0 0 
0 0 0 0 0 0 0 0 0 0 0 0 0 0 0 3.42992e+11 7.15179e+12 6.13896e+13 3.13047e+14 1.10291e+15 3.01314e+15 6.6797e+15 1.2812e+16 2.14388e+16 3.27509e+16 4.58549e+16 6.06959e+16 7.54625e+16 8.9348e+16 1.01295e+17 1.10645e+17 1.15493e+17 1.1798e+17 0 0 0 0 0 0 0 0 0 0 0 0 0 0 0 0 0 0 0 0 0 0 0 0 0 0 0 0 0 0 0 0 
0 0 0 0 0 0 0 0 0 0 0 0 0 0 0 3.60869e+10 1.87034e+12 2.38945e+13 1.60886e+14 7.08915e+14 2.26701e+15 5.79928e+15 1.23899e+16 2.31944e+16 3.81363e+16 5.67509e+16 7.89469e+16 1.0218e+17 1.25594e+17 1.4533e+17 1.60548e+17 1.72581e+17 1.75735e+17 0 0 0 0 0 0 0 0 0 0 0 0 0 0 0 0 0 0 0 0 0 0 0 0 0 0 0 0 0 0 0 0 
0 0 0 0 0 0 0 0 0 0 0 0 0 0 0 0 3.19496e+11 7.25844e+12 6.70832e+13 3.72813e+14 1.4403e+15 4.28353e+15 1.03312e+16 2.11294e+16 3.80458e+16 6.12383e+16 8.91569e+16 1.21398e+17 1.53725e+17 1.84789e+17 2.08449e+17 2.2318e+17 2.28747e+17 0 0 0 0 0 0 0 0 0 0 0 0 0 0 0 0 0 0 0 0 0 0 0 0 0 0 0 0 0 0 0 0 
0 0 0 0 0 0 0 0 0 0 0 0 0 0 0 0 2.95215e+10 1.60971e+12 2.22586e+13 1.60032e+14 7.64504e+14 2.63632e+15 7.25213e+15 1.64307e+16 3.22981e+16 5.6186e+16 8.79511e+16 1.24469e+17 1.63354e+17 2.00544e+17 2.33445e+17 2.546e+17 2.61598e+17 0 0 0 0 0 0 0 0 0 0 0 0 0 0 0 0 0 0 0 0 0 0 0 0 0 0 0 0 0 0 0 0 
0 0 0 0 0 0 0 0 0 0 0 0 0 0 0 0 0 2.44245e+11 5.73522e+12 5.68181e+13 3.34e+14 1.3858e+15 4.35174e+15 1.11389e+16 2.39166e+16 4.4923e+16 7.43274e+16 1.11918e+17 1.54207e+17 1.94292e+17 2.28716e+17 2.52223e+17 2.59531e+17 0 0 0 0 0 0 0 0 0 0 0 0 0 0 0 0 0 0 0 0 0 0 0 0 0 0 0 0 0 0 0 0 
0 0 0 0 0 0 0 0 0 0 0 0 0 0 0 0 0 1.99965e+10 1.12128e+12 1.6244e+13 1.22529e+14 6.08569e+14 2.22047e+15 6.42429e+15 1.52356e+16 3.06719e+16 5.47609e+16 8.675e+16 1.24214e+17 1.63471e+17 1.95996e+17 2.18578e+17 2.27357e+17 0 0 0 0 0 0 0 0 0 0 0 0 0 0 0 0 0 0 0 0 0 0 0 0 0 0 0 0 0 0 0 0 
0 0 0 0 0 0 0 0 0 0 0 0 0 0 0 0 0 0 1.50158e+11 3.61537e+12 3.73643e+13 2.28589e+14 9.73009e+14 3.16661e+15 8.35106e+15 1.85862e+16 3.50934e+16 5.87113e+16 8.80272e+16 1.19027e+17 1.48411e+17 1.6684e+17 1.74678e+17 0 0 0 0 0 0 0 0 0 0 0 0 0 0 0 0 0 0 0 0 0 0 0 0 0 0 0 0 0 0 0 0 
0 0 0 0 0 0 0 0 0 0 0 0 0 0 0 0 0 0 1.13936e+10 6.38375e+11 9.24254e+12 7.1672e+13 3.68608e+14 1.36669e+15 4.00647e+15 9.5377e+15 1.98287e+16 3.52899e+16 5.49718e+16 7.78197e+16 9.71395e+16 1.12779e+17 1.17355e+17 0 0 0 0 0 0 0 0 0 0 0 0 0 0 0 0 0 0 0 0 0 0 0 0 0 0 0 0 0 0 0 0 
0 0 0 0 0 0 0 0 0 0 0 0 0 0 0 0 0 0 0 7.73745e+10 1.85516e+12 1.92015e+13 1.18418e+14 5.12523e+14 1.68179e+15 4.49789e+15 9.74874e+15 1.8452e+16 3.03632e+16 4.37401e+16 5.73541e+16 6.63102e+16 6.99983e+16 0 0 0 0 0 0 0 0 0 0 0 0 0 0 0 0 0 0 0 0 0 0 0 0 0 0 0 0 0 0 0 0 
0 0 0 0 0 0 0 0 0 0 0 0 0 0 0 0 0 0 0 5.71117e+09 2.95473e+11 4.22633e+12 3.26974e+13 1.6678e+14 6.19604e+14 1.79713e+15 4.31674e+15 8.59266e+15 1.49588e+16 2.22733e+16 2.94746e+16 3.52294e+16 3.70188e+16 0 0 0 0 0 0 0 0 0 0 0 0 0 0 0 0 0 0 0 0 0 0 0 0 0 0 0 0 0 0 0 0 
0 0 0 0 0 0 0 0 0 0 0 0 0 0 0 0 0 0 0 0 3.31865e+10 7.77063e+11 7.71229e+12 4.73033e+13 2.0091e+14 6.46685e+14 1.66958e+15 3.53493e+15 6.37866e+15 1.01293e+16 1.37702e+16 1.64736e+16 1.75796e+16 0 0 0 0 0 0 0 0 0 0 0 0 0 0 0 0 0 0 0 0 0 0 0 0 0 0 0 0 0 0 0 0 
0 0 0 0 0 0 0 0 0 0 0 0 0 0 0 0 0 0 0 0 2.47617e+09 1.12607e+11 1.55952e+12 1.15177e+13 5.68144e+13 2.08581e+14 5.78665e+14 1.349e+15 2.56152e+15 4.09593e+15 5.78844e+15 7.01956e+15 7.50392e+15 0 0 0 0 0 0 0 0 0 0 0 0 0 0 0 0 0 0 0 0 0 0 0 0 0 0 0 0 0 0 0 0 
0 0 0 0 0 0 0 0 0 0 0 0 0 0 0 0 0 0 0 0 0 1.19458e+10 2.58522e+11 2.47496e+12 1.44153e+13 5.81551e+13 1.79582e+14 4.42585e+14 8.91338e+14 1.50353e+15 2.16647e+15 2.69062e+15 2.89565e+15 0 0 0 0 0 0 0 0 0 0 0 0 0 0 0 0 0 0 0 0 0 0 0 0 0 0 0 0 0 0 0 0 
0 0 0 0 0 0 0 0 0 0 0 0 0 0 0 0 0 0 0 0 0 9.40241e+08 3.47255e+10 4.56424e+11 3.15811e+12 1.48339e+13 5.03483e+13 1.32494e+14 2.88377e+14 5.14165e+14 7.47508e+14 9.56981e+14 1.02476e+15 0 0 0 0 0 0 0 0 0 0 0 0 0 0 0 0 0 0 0 0 0 0 0 0 0 0 0 0 0 0 0 0 
0 0 0 0 0 0 0 0 0 0 0 0 0 0 0 0 0 0 0 0 0 0 3.63423e+09 7.136e+10 6.36508e+11 3.36557e+12 1.29092e+13 3.73331e+13 8.40312e+13 1.56103e+14 2.37373e+14 2.98868e+14 3.33395e+14 0 0 0 0 0 0 0 0 0 0 0 0 0 0 0 0 0 0 0 0 0 0 0 0 0 0 0 0 0 0 0 0 
0 0 0 0 0 0 0 0 0 0 0 0 0 0 0 0 0 0 0 0 0 0 3.16947e+08 9.33041e+09 1.097e+11 6.9088e+11 2.95028e+12 9.32829e+12 2.23068e+13 4.30258e+13 6.86185e+13 8.89066e+13 9.8642e+13 0 0 0 0 0 0 0 0 0 0 0 0 0 0 0 0 0 0 0 0 0 0 0 0 0 0 0 0 0 0 0 0 
0 0 0 0 0 0 0 0 0 0 0 0 0 0 0 0 0 0 0 0 0 0 0 9.57615e+08 1.62229e+10 1.30845e+11 6.19093e+11 2.152e+12 5.47828e+12 1.12779e+13 1.81031e+13 2.45533e+13 2.66151e+13 0 0 0 0 0 0 0 0 0 0 0 0 0 0 0 0 0 0 0 0 0 0 0 0 0 0 0 0 0 0 0 0 
0 0 0 0 0 0 0 0 0 0 0 0 0 0 0 0 0 0 0 0 0 0 0 1.01735e+08 2.16738e+09 2.09399e+10 1.18777e+11 4.49193e+11 1.26931e+12 2.72903e+12 4.53079e+12 6.26409e+12 6.9254e+12 0 0 0 0 0 0 0 0 0 0 0 0 0 0 0 0 0 0 0 0 0 0 0 0 0 0 0 0 0 0 0 0 
0 0 0 0 0 0 0 0 0 0 0 0 0 0 0 0 0 0 0 0 0 0 0 0 2.26588e+08 3.11654e+09 2.17245e+10 8.94804e+10 2.76167e+11 6.15412e+11 1.09316e+12 1.46531e+12 1.67074e+12 0 0 0 0 0 0 0 0 0 0 0 0 0 0 0 0 0 0 0 0 0 0 0 0 0 0 0 0 0 0 0 0 
0 0 0 0 0 0 0 0 0 0 0 0 0 0 0 0 0 0 0 0 0 0 0 0 3.00156e+07 4.41764e+08 3.44386e+09 1.64161e+10 5.47696e+10 1.32315e+11 2.36859e+11 3.3934e+11 3.78225e+11 0 0 0 0 0 0 0 0 0 0 0 0 0 0 0 0 0 0 0 0 0 0 0 0 0 0 0 0 0 0 0 0 
0 0 0 0 0 0 0 0 0 0 0 0 0 0 0 0 0 0 0 0 0 0 0 0 0 4.69475e+07 5.34761e+08 3.03204e+09 1.04521e+10 2.61727e+10 5.01974e+10 7.45538e+10 8.17656e+10 0 0 0 0 0 0 0 0 0 0 0 0 0 0 0 0 0 0 0 0 0 0 0 0 0 0 0 0 0 0 0 0 
0 0 0 0 0 0 0 0 0 0 0 0 0 0 0 0 0 0 0 0 0 0 0 0 0 8.16449e+06 8.17668e+07 4.81991e+08 1.88503e+09 5.25495e+09 1.05286e+10 1.51027e+10 1.7827e+10 0 0 0 0 0 0 0 0 0 0 0 0 0 0 0 0 0 0 0 0 0 0 0 0 0 0 0 0 0 0 0 0 
0 0 0 0 0 0 0 0 0 0 0 0 0 0 0 0 0 0 0 0 0 0 0 0 0 0 7.97993e+06 8.10157e+07 3.46367e+08 9.65189e+08 2.01915e+09 3.16402e+09 3.63287e+09 0 0 0 0 0 0 0 0 0 0 0 0 0 0 0 0 0 0 0 0 0 0 0 0 0 0 0 0 0 0 0 0 
0 0 0 0 0 0 0 0 0 0 0 0 0 0 0 0 0 0 0 0 0 0 0 0 0 0 1.96442e+06 1.31561e+07 5.58289e+07 1.85299e+08 3.96738e+08 6.18064e+08 7.0789e+08 0 0 0 0 0 0 0 0 0 0 0 0 0 0 0 0 0 0 0 0 0 0 0 0 0 0 0 0 0 0 0 0 
0 0 0 0 0 0 0 0 0 0 0 0 0 0 0 0 0 0 0 0 0 0 0 0 0 0 0 1.12156e+06 1.0987e+07 3.25786e+07 7.55619e+07 1.24329e+08 1.4163e+08 0 0 0 0 0 0 0 0 0 0 0 0 0 0 0 0 0 0 0 0 0 0 0 0 0 0 0 0 0 0 0 0 
0 0 0 0 0 0 0 0 0 0 0 0 0 0 0 0 0 0 0 0 0 0 0 0 0 0 0 406648 1.7344e+06 5.50435e+06 1.5932e+07 2.3516e+07 3.08827e+07 0 0 0 0 0 0 0 0 0 0 0 0 0 0 0 0 0 0 0 0 0 0 0 0 0 0 0 0 0 0 0 0 
0 0 0 0 0 0 0 0 0 0 0 0 0 0 0 0 0 0 0 0 0 0 0 0 0 0 0 0 116463 1.26793e+06 2.45085e+06 4.65076e+06 5.4495e+06 0 0 0 0 0 0 0 0 0 0 0 0 0 0 0 0 0 0 0 0 0 0 0 0 0 0 0 0 0 0 0 0 
0 0 0 0 0 0 0 0 0 0 0 0 0 0 0 0 0 0 0 0 0 0 0 0 0 0 0 0 69388.4 175430 464680 1.01155e+06 993373 0 0 0 0 0 0 0 0 0 0 0 0 0 0 0 0 0 0 0 0 0 0 0 0 0 0 0 0 0 0 0 0 
0 0 0 0 0 0 0 0 0 0 0 0 0 0 0 0 0 0 0 0 0 0 0 0 0 0 0 0 0 7848.34 117875 110214 243018 0 0 0 0 0 0 0 0 0 0 0 0 0 0 0 0 0 0 0 0 0 0 0 0 0 0 0 0 0 0 0 0 
0 0 0 0 0 0 0 0 0 0 0 0 0 0 0 0 0 0 0 0 0 0 0 0 0 0 0 0 0 9434.43 11706.6 31658.6 38863.7 0 0 0 0 0 0 0 0 0 0 0 0 0 0 0 0 0 0 0 0 0 0 0 0 0 0 0 0 0 0 0 0 
0 0 0 0 0 0 0 0 0 0 0 0 0 0 0 0 0 0 0 0 0 0 0 0 0 0 0 0 0 0 262.27 7695.07 2056.48 0 0 0 0 0 0 0 0 0 0 0 0 0 0 0 0 0 0 0 0 0 0 0 0 0 0 0 0 0 0 0 0 
0 0 0 0 0 0 0 0 0 0 0 0 0 0 0 0 0 0 0 0 0 0 0 0 0 0 0 0 0 0 935.903 396.465 1886.36 0 0 0 0 0 0 0 0 0 0 0 0 0 0 0 0 0 0 0 0 0 0 0 0 0 0 0 0 0 0 0 0 
0 0 0 0 0 0 0 0 0 0 0 0 0 0 0 0 0 0 0 0 0 0 0 0 0 0 0 0 0 0 0 0 259.585 0 0 0 0 0 0 0 0 0 0 0 0 0 0 0 0 0 0 0 0 0 0 0 0 0 0 0 0 0 0 0 0 
0 0 0 0 0 0 0 0 0 0 0 0 0 0 0 0 0 0 0 0 0 0 0 0 0 0 0 0 0 0 0 60.3808 0 0 0 0 0 0 0 0 0 0 0 0 0 0 0 0 0 0 0 0 0 0 0 0 0 0 0 0 0 0 0 0 0 
0 0 0 0 0 0 0 0 0 0 0 0 0 0 0 0 0 0 0 0 0 0 0 0 0 0 0 0 0 0 0 0 0 0 0 0 0 0 0 0 0 0 0 0 0 0 0 0 0 0 0 0 0 0 0 0 0 0 0 0 0 0 0 0 0 
0 0 0 0 0 0 0 0 0 0 0 0 0 0 0 0 0 0 0 0 0 0 0 0 0 0 0 0 0 0 0 0 1.8869 0 0 0 0 0 0 0 0 0 0 0 0 0 0 0 0 0 0 0 0 0 0 0 0 0 0 0 0 0 0 0 0 
