1 0 0 0 0 0 0 0 0 0 0 0 0 0 0 0 0 0 0 0 0 0 0 0 0 0 0 0 0 0 0 0 0 0 0 0 0 0 0 0 0 0 0 0 0 0 0 0 0 0 0 0 0 0 0 0 0 0 0 0 0 0 0 0 1 
0 0 0 0 0 0 0 0 0 0 0 0 0 0 0 0 0 0 0 0 0 0 0 0 0 0 0 0 0 0 0 0 0 0 0 0 0 0 0 0 0 0 0 0 0 0 0 0 0 0 0 0 0 0 0 0 0 0 0 0 0 0 0 0 0 
0 64 0 0 0 0 0 0 0 0 0 0 0 0 0 0 0 0 0 0 0 0 0 0 0 0 0 0 0 0 0 0 0 0 0 0 0 0 0 0 0 0 0 0 0 0 0 0 0 0 0 0 0 0 0 0 0 0 0 0 0 0 0 0 0 
0 0 128 0 0 0 0 0 0 0 0 0 0 0 0 0 0 0 0 0 0 0 0 0 0 0 0 0 0 0 0 0 0 0 0 0 0 0 0 0 0 0 0 0 0 0 0 0 0 0 0 0 0 0 0 0 0 0 0 0 0 0 0 0 0 
0 0 1888 383.004 64.7642 0 0 0 0 0 0 0 0 0 0 0 0 0 0 0 0 0 0 0 0 0 0 0 0 0 0 0 0 0 0 0 0 0 0 0 0 0 0 0 0 0 0 0 0 0 0 0 0 0 0 0 0 0 0 0 0 0 0 0 0 
0 0 0 7169.99 1134.29 482.532 128.26 0 0 0 0 0 0 0 0 0 0 0 0 0 0 0 0 0 0 0 0 0 0 0 0 0 0 0 0 0 0 0 0 0 0 0 0 0 0 0 0 0 0 0 0 0 0 0 0 0 0 0 0 0 0 0 0 0 0 
0 0 0 34111 27115.4 6993.7 2511.67 1489.07 384.686 80.0596 0 0 0 0 0 0 0 0 0 0 0 0 0 0 0 0 0 0 0 0 0 0 0 0 0 0 0 0 0 0 0 0 0 0 0 0 0 0 0 0 0 0 0 0 0 0 0 0 0 0 0 0 0 0 0 
0 0 0 0 184155 96340.5 43022.9 17692.1 8957.08 5009.28 2356.12 623.391 144.441 0 0 0 0 0 0 0 0 0 0 0 0 0 0 0 0 0 0 0 0 0 0 0 0 0 0 0 0 0 0 0 0 0 0 0 0 0 0 0 0 0 0 0 0 0 0 0 0 0 0 0 0 
0 0 0 0 422906 826805 411775 221631 125372 57415.2 34527.1 22672.4 11527.9 5466.04 1884.82 499.31 105.313 0 0 0 0 0 0 0 14.1224 0 0 0 0 0 0 0 18.7602 0 0 0 0 0 0 0 0 0 0 0 0 0 0 0 0 0 0 0 0 0 0 0 0 0 0 0 0 0 0 0 0 
0 0 0 0 0 2.86794e+06 3.33416e+06 1.99223e+06 1.14681e+06 758713 453940 247492 162300 100805 60079.8 30290 12851.4 6787.14 2419.55 904.986 480.395 316.326 200.433 209.001 0 299.796 301.765 280.049 294.338 354.216 259.088 304.421 0 0 0 0 0 0 0 0 0 0 0 0 0 0 0 0 0 0 0 0 0 0 0 0 0 0 0 0 0 0 0 0 0 
0 0 0 0 0 3.82595e+06 1.45531e+07 1.34208e+07 9.60881e+06 6.3747e+06 4.14503e+06 2.92877e+06 1.88656e+06 1.16782e+06 749241 488152 345549 231382 129123 74319.3 43033.5 24249.3 13942.1 10806.3 13279.8 10726.8 13826.4 9911.98 9609.95 9071.32 8471.57 10546.9 10533.5 0 0 0 0 0 0 0 0 0 0 0 0 0 0 0 0 0 0 0 0 0 0 0 0 0 0 0 0 0 0 0 0 
0 0 0 0 0 0 3.04172e+07 6.41723e+07 5.6888e+07 4.35077e+07 3.21702e+07 2.21911e+07 1.63648e+07 1.16551e+07 8.23716e+06 5.8162e+06 4.14625e+06 3.06621e+06 2.13596e+06 1.52027e+06 1.06775e+06 667426 498739 369604 311185 298725 267071 229990 231278 239402 242413 201312 203853 0 0 0 0 0 0 0 0 0 0 0 0 0 0 0 0 0 0 0 0 0 0 0 0 0 0 0 0 0 0 0 0 
0 0 0 0 0 0 2.62124e+07 1.68864e+08 2.63931e+08 2.47415e+08 2.04727e+08 1.59397e+08 1.21642e+08 9.09249e+07 6.70672e+07 5.28988e+07 4.11434e+07 3.20299e+07 2.55945e+07 1.75921e+07 1.27566e+07 1.07383e+07 9.05664e+06 6.73575e+06 5.88321e+06 4.75612e+06 3.85102e+06 3.46691e+06 3.50541e+06 3.25263e+06 3.44192e+06 3.21652e+06 3.42533e+06 0 0 0 0 0 0 0 0 0 0 0 0 0 0 0 0 0 0 0 0 0 0 0 0 0 0 0 0 0 0 0 0 
0 0 0 0 0 0 0 2.32934e+08 7.82312e+08 1.06075e+09 1.04831e+09 9.28024e+08 7.62599e+08 6.17837e+08 5.18048e+08 4.15815e+08 3.36627e+08 2.6757e+08 2.19251e+08 1.63903e+08 1.42049e+08 1.07374e+08 8.83737e+07 7.77077e+07 6.36716e+07 5.58446e+07 4.97955e+07 4.67566e+07 4.45238e+07 4.1115e+07 3.7976e+07 3.8395e+07 3.94019e+07 0 0 0 0 0 0 0 0 0 0 0 0 0 0 0 0 0 0 0 0 0 0 0 0 0 0 0 0 0 0 0 0 
0 0 0 0 0 0 0 1.39592e+08 1.38868e+09 3.31926e+09 4.25877e+09 4.39576e+09 4.0274e+09 3.53467e+09 3.12674e+09 2.63057e+09 2.13701e+09 1.8226e+09 1.5186e+09 1.24211e+09 1.02264e+09 9.09652e+08 7.79889e+08 6.56302e+08 5.76543e+08 5.24124e+08 4.94822e+08 4.63489e+08 4.26196e+08 4.03214e+08 3.74256e+08 3.81981e+08 3.64509e+08 0 0 0 0 0 0 0 0 0 0 0 0 0 0 0 0 0 0 0 0 0 0 0 0 0 0 0 0 0 0 0 0 
0 0 0 0 0 0 0 0 1.33752e+09 6.64635e+09 1.31188e+10 1.67523e+10 1.78023e+10 1.70235e+10 1.55515e+10 1.40351e+10 1.27781e+10 1.09665e+10 9.43595e+09 8.144e+09 7.28834e+09 6.28158e+09 5.68541e+09 4.74395e+09 4.4434e+09 4.06077e+09 3.85239e+09 3.54248e+09 3.37707e+09 3.25839e+09 3.08713e+09 2.99134e+09 2.79831e+09 0 0 0 0 0 0 0 0 0 0 0 0 0 0 0 0 0 0 0 0 0 0 0 0 0 0 0 0 0 0 0 0 
0 0 0 0 0 0 0 0 5.85949e+08 8.32882e+09 2.85042e+10 5.02549e+10 6.4332e+10 7.06354e+10 7.05304e+10 6.68926e+10 6.27493e+10 5.903e+10 5.26347e+10 4.80551e+10 4.3508e+10 3.97021e+10 3.43106e+10 3.22269e+10 2.95153e+10 2.81507e+10 2.40402e+10 2.4667e+10 2.37275e+10 2.19518e+10 2.21683e+10 2.14217e+10 2.1161e+10 0 0 0 0 0 0 0 0 0 0 0 0 0 0 0 0 0 0 0 0 0 0 0 0 0 0 0 0 0 0 0 0 
0 0 0 0 0 0 0 0 0 5.92493e+09 4.0772e+10 1.11531e+11 1.85226e+11 2.40815e+11 2.72021e+11 2.82714e+11 2.81956e+11 2.71225e+11 2.60255e+11 2.47195e+11 2.29502e+11 2.11582e+11 1.94354e+11 1.85846e+11 1.802e+11 1.64755e+11 1.57607e+11 1.46807e+11 1.4589e+11 1.37551e+11 1.38252e+11 1.32945e+11 1.35154e+11 0 0 0 0 0 0 0 0 0 0 0 0 0 0 0 0 0 0 0 0 0 0 0 0 0 0 0 0 0 0 0 0 
0 0 0 0 0 0 0 0 0 1.96236e+09 3.77435e+10 1.74115e+11 4.13981e+11 6.62547e+11 8.63967e+11 1.00739e+12 1.09153e+12 1.10164e+12 1.1084e+12 1.06926e+12 1.05391e+12 1.00264e+12 1.00852e+12 9.55672e+11 8.97835e+11 8.49665e+11 8.27825e+11 7.91078e+11 7.53603e+11 7.82207e+11 7.74106e+11 7.51086e+11 7.28855e+11 0 0 0 0 0 0 0 0 0 0 0 0 0 0 0 0 0 0 0 0 0 0 0 0 0 0 0 0 0 0 0 0 
0 0 0 0 0 0 0 0 0 0 2.05016e+10 1.86432e+11 6.67739e+11 1.44983e+12 2.30209e+12 3.05377e+12 3.6105e+12 4.07195e+12 4.23497e+12 4.46011e+12 4.39488e+12 4.41483e+12 4.40553e+12 4.29419e+12 4.19222e+12 4.18655e+12 3.9917e+12 3.86605e+12 3.87929e+12 3.85216e+12 3.70466e+12 3.71045e+12 3.80333e+12 0 0 0 0 0 0 0 0 0 0 0 0 0 0 0 0 0 0 0 0 0 0 0 0 0 0 0 0 0 0 0 0 
0 0 0 0 0 0 0 0 0 0 5.28444e+09 1.31523e+11 7.88616e+11 2.38988e+12 4.84546e+12 7.63177e+12 1.02819e+13 1.2511e+13 1.43006e+13 1.55752e+13 1.6723e+13 1.70284e+13 1.74621e+13 1.75258e+13 1.73515e+13 1.69537e+13 1.71677e+13 1.73442e+13 1.72899e+13 1.7122e+13 1.68349e+13 1.71348e+13 1.68211e+13 0 0 0 0 0 0 0 0 0 0 0 0 0 0 0 0 0 0 0 0 0 0 0 0 0 0 0 0 0 0 0 0 
0 0 0 0 0 0 0 0 0 0 0 5.60377e+10 6.42797e+11 2.93012e+12 7.95065e+12 1.54384e+13 2.44047e+13 3.3079e+13 4.13785e+13 4.83272e+13 5.38162e+13 5.837e+13 6.19655e+13 6.40524e+13 6.51968e+13 6.72061e+13 6.89679e+13 6.80676e+13 6.93443e+13 6.84172e+13 6.86824e+13 6.81665e+13 6.83468e+13 0 0 0 0 0 0 0 0 0 0 0 0 0 0 0 0 0 0 0 0 0 0 0 0 0 0 0 0 0 0 0 0 
0 0 0 0 0 0 0 0 0 0 0 1.14418e+10 3.56676e+11 2.66912e+12 1.00564e+13 2.49595e+13 4.69249e+13 7.3816e+13 1.01695e+14 1.28361e+14 1.52166e+14 1.75887e+14 1.92706e+14 2.09352e+14 2.2293e+14 2.29798e+14 2.3629e+14 2.42673e+14 2.45961e+14 2.50507e+14 2.54562e+14 2.5692e+14 2.53954e+14 0 0 0 0 0 0 0 0 0 0 0 0 0 0 0 0 0 0 0 0 0 0 0 0 0 0 0 0 0 0 0 0 
0 0 0 0 0 0 0 0 0 0 0 0 1.21807e+11 1.69752e+12 9.51917e+12 3.16081e+13 7.34783e+13 1.35817e+14 2.13252e+14 2.98593e+14 3.85666e+14 4.61661e+14 5.36564e+14 6.04075e+14 6.6035e+14 7.16162e+14 7.5754e+14 7.77089e+14 8.03114e+14 8.25387e+14 8.39158e+14 8.3384e+14 8.37832e+14 0 0 0 0 0 0 0 0 0 0 0 0 0 0 0 0 0 0 0 0 0 0 0 0 0 0 0 0 0 0 0 0 
0 0 0 0 0 0 0 0 0 0 0 0 2.0307e+10 7.62261e+11 6.81873e+12 3.08971e+13 9.24932e+13 2.06078e+14 3.73042e+14 5.83252e+14 8.20378e+14 1.06906e+15 1.31896e+15 1.55141e+15 1.77792e+15 1.97195e+15 2.13939e+15 2.294e+15 2.36923e+15 2.44596e+15 2.48956e+15 2.54168e+15 2.54059e+15 0 0 0 0 0 0 0 0 0 0 0 0 0 0 0 0 0 0 0 0 0 0 0 0 0 0 0 0 0 0 0 0 
0 0 0 0 0 0 0 0 0 0 0 0 0 2.13184e+11 3.51855e+12 2.34307e+13 9.15577e+13 2.50824e+14 5.3897e+14 9.651e+14 1.50844e+15 2.14644e+15 2.81322e+15 3.4984e+15 4.14738e+15 4.76211e+15 5.33544e+15 5.82761e+15 6.25709e+15 6.52393e+15 6.76239e+15 6.82416e+15 6.91472e+15 0 0 0 0 0 0 0 0 0 0 0 0 0 0 0 0 0 0 0 0 0 0 0 0 0 0 0 0 0 0 0 0 
0 0 0 0 0 0 0 0 0 0 0 0 0 2.96576e+10 1.28144e+12 1.33204e+13 7.13388e+13 2.47785e+14 6.38172e+14 1.32505e+15 2.33526e+15 3.64051e+15 5.19195e+15 6.89935e+15 8.6057e+15 1.0343e+16 1.18526e+16 1.3281e+16 1.4599e+16 1.53995e+16 1.61448e+16 1.66551e+16 1.68282e+16 0 0 0 0 0 0 0 0 0 0 0 0 0 0 0 0 0 0 0 0 0 0 0 0 0 0 0 0 0 0 0 0 
0 0 0 0 0 0 0 0 0 0 0 0 0 0 3.01434e+11 5.69868e+12 4.31803e+13 1.96178e+14 6.16156e+14 1.50664e+15 3.04408e+15 5.28879e+15 8.19872e+15 1.15896e+16 1.55497e+16 1.95078e+16 2.34627e+16 2.68637e+16 2.97909e+16 3.2738e+16 3.43887e+16 3.59109e+16 3.62187e+16 0 0 0 0 0 0 0 0 0 0 0 0 0 0 0 0 0 0 0 0 0 0 0 0 0 0 0 0 0 0 0 0 
0 0 0 0 0 0 0 0 0 0 0 0 0 0 3.59493e+10 1.72664e+12 2.03908e+13 1.23176e+14 4.89879e+14 1.42029e+15 3.31251e+15 6.50309e+15 1.11427e+16 1.72768e+16 2.42824e+16 3.221e+16 4.0091e+16 4.84449e+16 5.56198e+16 6.13975e+16 6.64363e+16 6.87118e+16 6.91318e+16 0 0 0 0 0 0 0 0 0 0 0 0 0 0 0 0 0 0 0 0 0 0 0 0 0 0 0 0 0 0 0 0 
0 0 0 0 0 0 0 0 0 0 0 0 0 0 0 3.44103e+11 7.20838e+12 6.12927e+13 3.12247e+14 1.10545e+15 3.00429e+15 6.70089e+15 1.28078e+16 2.15253e+16 3.28233e+16 4.59388e+16 6.07791e+16 7.49855e+16 8.90386e+16 1.0141e+17 1.09524e+17 1.15435e+17 1.18121e+17 0 0 0 0 0 0 0 0 0 0 0 0 0 0 0 0 0 0 0 0 0 0 0 0 0 0 0 0 0 0 0 0 
0 0 0 0 0 0 0 0 0 0 0 0 0 0 0 3.56572e+10 1.85806e+12 2.41633e+13 1.60463e+14 7.07331e+14 2.26975e+15 5.81176e+15 1.24373e+16 2.30464e+16 3.81733e+16 5.72881e+16 7.92846e+16 1.02898e+17 1.25327e+17 1.44441e+17 1.62075e+17 1.73177e+17 1.77163e+17 0 0 0 0 0 0 0 0 0 0 0 0 0 0 0 0 0 0 0 0 0 0 0 0 0 0 0 0 0 0 0 0 
0 0 0 0 0 0 0 0 0 0 0 0 0 0 0 0 3.18745e+11 7.27958e+12 6.69688e+13 3.73298e+14 1.44802e+15 4.27991e+15 1.03148e+16 2.10955e+16 3.77451e+16 6.10186e+16 8.95597e+16 1.21051e+17 1.54615e+17 1.85249e+17 2.08824e+17 2.23075e+17 2.27608e+17 0 0 0 0 0 0 0 0 0 0 0 0 0 0 0 0 0 0 0 0 0 0 0 0 0 0 0 0 0 0 0 0 
0 0 0 0 0 0 0 0 0 0 0 0 0 0 0 0 2.90806e+10 1.59029e+12 2.24504e+13 1.58593e+14 7.56489e+14 2.63738e+15 7.23881e+15 1.65656e+16 3.24673e+16 5.61095e+16 8.72411e+16 1.25154e+17 1.63834e+17 2.02693e+17 2.33779e+17 2.53172e+17 2.60543e+17 0 0 0 0 0 0 0 0 0 0 0 0 0 0 0 0 0 0 0 0 0 0 0 0 0 0 0 0 0 0 0 0 
0 0 0 0 0 0 0 0 0 0 0 0 0 0 0 0 0 2.4314e+11 5.76882e+12 5.74746e+13 3.3483e+14 1.38428e+15 4.34845e+15 1.11268e+16 2.40057e+16 4.43741e+16 7.43283e+16 1.11559e+17 1.53002e+17 1.92756e+17 2.26442e+17 2.52334e+17 2.59919e+17 0 0 0 0 0 0 0 0 0 0 0 0 0 0 0 0 0 0 0 0 0 0 0 0 0 0 0 0 0 0 0 0 
0 0 0 0 0 0 0 0 0 0 0 0 0 0 0 0 0 1.96713e+10 1.11405e+12 1.63003e+13 1.22429e+14 6.01854e+14 2.21495e+15 6.34087e+15 1.51668e+16 3.12764e+16 5.47655e+16 8.64495e+16 1.2459e+17 1.62673e+17 1.96475e+17 2.19331e+17 2.28687e+17 0 0 0 0 0 0 0 0 0 0 0 0 0 0 0 0 0 0 0 0 0 0 0 0 0 0 0 0 0 0 0 0 
0 0 0 0 0 0 0 0 0 0 0 0 0 0 0 0 0 0 1.5335e+11 3.67944e+12 3.75321e+13 2.28243e+14 9.80344e+14 3.19731e+15 8.3477e+15 1.83779e+16 3.53087e+16 5.8935e+16 8.80812e+16 1.20221e+17 1.48928e+17 1.67385e+17 1.73959e+17 0 0 0 0 0 0 0 0 0 0 0 0 0 0 0 0 0 0 0 0 0 0 0 0 0 0 0 0 0 0 0 0 
0 0 0 0 0 0 0 0 0 0 0 0 0 0 0 0 0 0 1.14136e+10 6.35051e+11 9.4054e+12 7.27864e+13 3.63972e+14 1.36968e+15 4.01812e+15 9.63648e+15 1.98182e+16 3.52686e+16 5.50369e+16 7.7091e+16 9.75053e+16 1.11773e+17 1.17151e+17 0 0 0 0 0 0 0 0 0 0 0 0 0 0 0 0 0 0 0 0 0 0 0 0 0 0 0 0 0 0 0 0 
0 0 0 0 0 0 0 0 0 0 0 0 0 0 0 0 0 0 0 7.78738e+10 1.88439e+12 1.90795e+13 1.18587e+14 5.10812e+14 1.67895e+15 4.46989e+15 9.74826e+15 1.84431e+16 3.04117e+16 4.39757e+16 5.70416e+16 6.70634e+16 7.00681e+16 0 0 0 0 0 0 0 0 0 0 0 0 0 0 0 0 0 0 0 0 0 0 0 0 0 0 0 0 0 0 0 0 
0 0 0 0 0 0 0 0 0 0 0 0 0 0 0 0 0 0 0 5.49715e+09 2.95007e+11 4.39266e+12 3.29417e+13 1.65585e+14 6.11251e+14 1.79104e+15 4.27777e+15 8.58892e+15 1.48013e+16 2.22193e+16 2.94475e+16 3.48767e+16 3.70888e+16 0 0 0 0 0 0 0 0 0 0 0 0 0 0 0 0 0 0 0 0 0 0 0 0 0 0 0 0 0 0 0 0 
0 0 0 0 0 0 0 0 0 0 0 0 0 0 0 0 0 0 0 0 3.28253e+10 7.6846e+11 7.74061e+12 4.68446e+13 2.02816e+14 6.44793e+14 1.65381e+15 3.53279e+15 6.44874e+15 1.00481e+16 1.3869e+16 1.65156e+16 1.76032e+16 0 0 0 0 0 0 0 0 0 0 0 0 0 0 0 0 0 0 0 0 0 0 0 0 0 0 0 0 0 0 0 0 
0 0 0 0 0 0 0 0 0 0 0 0 0 0 0 0 0 0 0 0 2.39016e+09 1.13865e+11 1.57686e+12 1.15265e+13 5.62607e+13 2.05354e+14 5.80671e+14 1.32484e+15 2.52253e+15 4.1502e+15 5.72393e+15 7.04303e+15 7.51394e+15 0 0 0 0 0 0 0 0 0 0 0 0 0 0 0 0 0 0 0 0 0 0 0 0 0 0 0 0 0 0 0 0 
0 0 0 0 0 0 0 0 0 0 0 0 0 0 0 0 0 0 0 0 0 1.1756e+10 2.59427e+11 2.5044e+12 1.42976e+13 5.81943e+13 1.7881e+14 4.42427e+14 8.8577e+14 1.50115e+15 2.16252e+15 2.71426e+15 2.8979e+15 0 0 0 0 0 0 0 0 0 0 0 0 0 0 0 0 0 0 0 0 0 0 0 0 0 0 0 0 0 0 0 0 
0 0 0 0 0 0 0 0 0 0 0 0 0 0 0 0 0 0 0 0 0 9.06785e+08 3.55846e+10 4.57024e+11 3.17168e+12 1.48639e+13 5.08599e+13 1.3342e+14 2.8817e+14 5.07379e+14 7.58627e+14 9.45662e+14 1.01889e+15 0 0 0 0 0 0 0 0 0 0 0 0 0 0 0 0 0 0 0 0 0 0 0 0 0 0 0 0 0 0 0 0 
0 0 0 0 0 0 0 0 0 0 0 0 0 0 0 0 0 0 0 0 0 0 3.56609e+09 7.13657e+10 6.30076e+11 3.35052e+12 1.2808e+13 3.63761e+13 8.27948e+13 1.54797e+14 2.34103e+14 3.019e+14 3.33591e+14 0 0 0 0 0 0 0 0 0 0 0 0 0 0 0 0 0 0 0 0 0 0 0 0 0 0 0 0 0 0 0 0 
0 0 0 0 0 0 0 0 0 0 0 0 0 0 0 0 0 0 0 0 0 0 3.16097e+08 9.42231e+09 1.07822e+11 7.06725e+11 2.94374e+12 9.35222e+12 2.23318e+13 4.27342e+13 6.81877e+13 8.98535e+13 9.76777e+13 0 0 0 0 0 0 0 0 0 0 0 0 0 0 0 0 0 0 0 0 0 0 0 0 0 0 0 0 0 0 0 0 
0 0 0 0 0 0 0 0 0 0 0 0 0 0 0 0 0 0 0 0 0 0 0 9.28928e+08 1.6352e+10 1.28259e+11 6.23866e+11 2.16603e+12 5.45445e+12 1.11232e+13 1.82373e+13 2.43673e+13 2.64679e+13 0 0 0 0 0 0 0 0 0 0 0 0 0 0 0 0 0 0 0 0 0 0 0 0 0 0 0 0 0 0 0 0 
0 0 0 0 0 0 0 0 0 0 0 0 0 0 0 0 0 0 0 0 0 0 0 1.01824e+08 2.21144e+09 2.12795e+10 1.20146e+11 4.53476e+11 1.26405e+12 2.67164e+12 4.47543e+12 6.17204e+12 6.89138e+12 0 0 0 0 0 0 0 0 0 0 0 0 0 0 0 0 0 0 0 0 0 0 0 0 0 0 0 0 0 0 0 0 
0 0 0 0 0 0 0 0 0 0 0 0 0 0 0 0 0 0 0 0 0 0 0 0 2.14106e+08 3.18198e+09 2.10346e+10 9.06741e+10 2.69473e+11 6.06297e+11 1.06307e+12 1.4582e+12 1.67401e+12 0 0 0 0 0 0 0 0 0 0 0 0 0 0 0 0 0 0 0 0 0 0 0 0 0 0 0 0 0 0 0 0 
0 0 0 0 0 0 0 0 0 0 0 0 0 0 0 0 0 0 0 0 0 0 0 0 2.97328e+07 4.48963e+08 3.52727e+09 1.66849e+10 5.3049e+10 1.28697e+11 2.31851e+11 3.26367e+11 3.77397e+11 0 0 0 0 0 0 0 0 0 0 0 0 0 0 0 0 0 0 0 0 0 0 0 0 0 0 0 0 0 0 0 0 
0 0 0 0 0 0 0 0 0 0 0 0 0 0 0 0 0 0 0 0 0 0 0 0 0 4.44043e+07 5.49283e+08 2.98888e+09 1.05718e+10 2.65263e+10 4.95826e+10 7.33029e+10 8.08585e+10 0 0 0 0 0 0 0 0 0 0 0 0 0 0 0 0 0 0 0 0 0 0 0 0 0 0 0 0 0 0 0 0 
0 0 0 0 0 0 0 0 0 0 0 0 0 0 0 0 0 0 0 0 0 0 0 0 0 7.94661e+06 8.09376e+07 4.93195e+08 1.93008e+09 5.16692e+09 9.77406e+09 1.51416e+10 1.6853e+10 0 0 0 0 0 0 0 0 0 0 0 0 0 0 0 0 0 0 0 0 0 0 0 0 0 0 0 0 0 0 0 0 
0 0 0 0 0 0 0 0 0 0 0 0 0 0 0 0 0 0 0 0 0 0 0 0 0 0 7.55459e+06 8.3718e+07 3.39683e+08 9.60426e+08 2.01868e+09 2.88678e+09 3.64083e+09 0 0 0 0 0 0 0 0 0 0 0 0 0 0 0 0 0 0 0 0 0 0 0 0 0 0 0 0 0 0 0 0 
0 0 0 0 0 0 0 0 0 0 0 0 0 0 0 0 0 0 0 0 0 0 0 0 0 0 1.90046e+06 1.26121e+07 5.93864e+07 1.87605e+08 3.9034e+08 6.03677e+08 7.04323e+08 0 0 0 0 0 0 0 0 0 0 0 0 0 0 0 0 0 0 0 0 0 0 0 0 0 0 0 0 0 0 0 0 
0 0 0 0 0 0 0 0 0 0 0 0 0 0 0 0 0 0 0 0 0 0 0 0 0 0 0 1.05871e+06 1.09473e+07 3.31699e+07 7.37849e+07 1.22502e+08 1.35371e+08 0 0 0 0 0 0 0 0 0 0 0 0 0 0 0 0 0 0 0 0 0 0 0 0 0 0 0 0 0 0 0 0 
0 0 0 0 0 0 0 0 0 0 0 0 0 0 0 0 0 0 0 0 0 0 0 0 0 0 0 386393 1.66722e+06 5.9494e+06 1.5461e+07 2.32207e+07 2.99593e+07 0 0 0 0 0 0 0 0 0 0 0 0 0 0 0 0 0 0 0 0 0 0 0 0 0 0 0 0 0 0 0 0 
0 0 0 0 0 0 0 0 0 0 0 0 0 0 0 0 0 0 0 0 0 0 0 0 0 0 0 0 110795 1.26705e+06 2.47374e+06 4.75231e+06 5.38027e+06 0 0 0 0 0 0 0 0 0 0 0 0 0 0 0 0 0 0 0 0 0 0 0 0 0 0 0 0 0 0 0 0 
0 0 0 0 0 0 0 0 0 0 0 0 0 0 0 0 0 0 0 0 0 0 0 0 0 0 0 0 65841.7 166985 488450 962651 969260 0 0 0 0 0 0 0 0 0 0 0 0 0 0 0 0 0 0 0 0 0 0 0 0 0 0 0 0 0 0 0 0 
0 0 0 0 0 0 0 0 0 0 0 0 0 0 0 0 0 0 0 0 0 0 0 0 0 0 0 0 0 7557.81 114498 114385 244178 0 0 0 0 0 0 0 0 0 0 0 0 0 0 0 0 0 0 0 0 0 0 0 0 0 0 0 0 0 0 0 0 
0 0 0 0 0 0 0 0 0 0 0 0 0 0 0 0 0 0 0 0 0 0 0 0 0 0 0 0 0 8917.98 11284.2 34061 38161.8 0 0 0 0 0 0 0 0 0 0 0 0 0 0 0 0 0 0 0 0 0 0 0 0 0 0 0 0 0 0 0 0 
0 0 0 0 0 0 0 0 0 0 0 0 0 0 0 0 0 0 0 0 0 0 0 0 0 0 0 0 0 0 248.204 7477.23 2180.46 0 0 0 0 0 0 0 0 0 0 0 0 0 0 0 0 0 0 0 0 0 0 0 0 0 0 0 0 0 0 0 0 
0 0 0 0 0 0 0 0 0 0 0 0 0 0 0 0 0 0 0 0 0 0 0 0 0 0 0 0 0 0 884.671 368.514 1991.04 0 0 0 0 0 0 0 0 0 0 0 0 0 0 0 0 0 0 0 0 0 0 0 0 0 0 0 0 0 0 0 0 
0 0 0 0 0 0 0 0 0 0 0 0 0 0 0 0 0 0 0 0 0 0 0 0 0 0 0 0 0 0 0 0 254.259 0 0 0 0 0 0 0 0 0 0 0 0 0 0 0 0 0 0 0 0 0 0 0 0 0 0 0 0 0 0 0 0 
0 0 0 0 0 0 0 0 0 0 0 0 0 0 0 0 0 0 0 0 0 0 0 0 0 0 0 0 0 0 0 57.0755 0 0 0 0 0 0 0 0 0 0 0 0 0 0 0 0 0 0 0 0 0 0 0 0 0 0 0 0 0 0 0 0 0 
0 0 0 0 0 0 0 0 0 0 0 0 0 0 0 0 0 0 0 0 0 0 0 0 0 0 0 0 0 0 0 0 0 0 0 0 0 0 0 0 0 0 0 0 0 0 0 0 0 0 0 0 0 0 0 0 0 0 0 0 0 0 0 0 0 
0 0 0 0 0 0 0 0 0 0 0 0 0 0 0 0 0 0 0 0 0 0 0 0 0 0 0 0 0 0 0 0 1.78361 0 0 0 0 0 0 0 0 0 0 0 0 0 0 0 0 0 0 0 0 0 0 0 0 0 0 0 0 0 0 0 0 
