1 0 0 0 0 0 0 0 0 0 0 0 0 0 0 0 0 0 0 0 0 0 0 0 0 0 0 0 0 0 0 0 0 0 0 0 0 0 0 0 0 0 0 0 0 0 0 0 0 0 0 0 0 0 0 0 0 0 0 0 0 0 0 0 1 
0 0 0 0 0 0 0 0 0 0 0 0 0 0 0 0 0 0 0 0 0 0 0 0 0 0 0 0 0 0 0 0 0 0 0 0 0 0 0 0 0 0 0 0 0 0 0 0 0 0 0 0 0 0 0 0 0 0 0 0 0 0 0 0 0 
0 64 0 0 0 0 0 0 0 0 0 0 0 0 0 0 0 0 0 0 0 0 0 0 0 0 0 0 0 0 0 0 0 0 0 0 0 0 0 0 0 0 0 0 0 0 0 0 0 0 0 0 0 0 0 0 0 0 0 0 0 0 0 0 0 
0 0 128 0 0 0 0 0 0 0 0 0 0 0 0 0 0 0 0 0 0 0 0 0 0 0 0 0 0 0 0 0 0 0 0 0 0 0 0 0 0 0 0 0 0 0 0 0 0 0 0 0 0 0 0 0 0 0 0 0 0 0 0 0 0 
0 0 1888 410.329 68.8014 0 0 0 0 0 0 0 0 0 0 0 0 0 0 0 0 0 0 0 0 0 0 0 0 0 0 0 0 0 0 0 0 0 0 0 0 0 0 0 0 0 0 0 0 0 0 0 0 0 0 0 0 0 0 0 0 0 0 0 0 
0 0 0 7115.34 1157.8 554.589 148.585 0 0 0 0 0 0 0 0 0 0 0 0 0 0 0 0 0 0 0 0 0 0 0 0 0 0 0 0 0 0 0 0 0 0 0 0 0 0 0 0 0 0 0 0 0 0 0 0 0 0 0 0 0 0 0 0 0 0 
0 0 0 34138.3 27372.9 6731.65 2551.9 1410.8 338.795 86.6235 0 0 0 0 0 0 0 0 0 0 0 0 0 0 0 0 0 0 0 0 0 0 0 0 0 0 0 0 0 0 0 0 0 0 0 0 0 0 0 0 0 0 0 0 0 0 0 0 0 0 0 0 0 0 0 
0 0 0 0 183554 96384.6 41924.7 17889.1 8889.61 4795.1 2214.14 533.015 111.93 0 0 0 0 0 0 0 0 0 0 0 0 0 0 0 0 0 0 0 0 0 0 0 0 0 0 0 0 0 0 0 0 0 0 0 0 0 0 0 0 0 0 0 0 0 0 0 0 0 0 0 0 
0 0 0 0 423223 836908 402911 217719 117327 59451.2 32806 21319.5 11009.4 4673.89 1496.95 423.627 126.666 0 0 0 0 0 0 0 13.1016 0 0 0 0 0 0 0 14.7904 0 0 0 0 0 0 0 0 0 0 0 0 0 0 0 0 0 0 0 0 0 0 0 0 0 0 0 0 0 0 0 0 
0 0 0 0 0 2.84829e+06 3.36784e+06 1.97224e+06 1.11532e+06 718378 428945 274909 172756 102782 62554.1 30804.3 15677.6 7621.6 2502.25 857.749 429.111 104.015 158.388 148.252 0 305.979 258.422 207.142 228.216 253.979 260.977 310.552 0 0 0 0 0 0 0 0 0 0 0 0 0 0 0 0 0 0 0 0 0 0 0 0 0 0 0 0 0 0 0 0 0 
0 0 0 0 0 3.83564e+06 1.46059e+07 1.35605e+07 9.23366e+06 6.16325e+06 4.14939e+06 2.79125e+06 1.94917e+06 1.33701e+06 851191 549631 359953 231591 115980 61841.5 33961.6 22820.9 14305.3 11834.8 12655.2 10883.7 8617.26 8556.53 9963.93 9595.5 10687.4 9582.54 11534.9 0 0 0 0 0 0 0 0 0 0 0 0 0 0 0 0 0 0 0 0 0 0 0 0 0 0 0 0 0 0 0 0 
0 0 0 0 0 0 3.02511e+07 6.38393e+07 5.73694e+07 4.28979e+07 3.17879e+07 2.2447e+07 1.6273e+07 1.18009e+07 8.35155e+06 6.43032e+06 4.42031e+06 2.9303e+06 2.01564e+06 1.41881e+06 1.04469e+06 782425 549313 423289 318949 247412 260026 237706 218117 211643 228298 216946 225340 0 0 0 0 0 0 0 0 0 0 0 0 0 0 0 0 0 0 0 0 0 0 0 0 0 0 0 0 0 0 0 0 
0 0 0 0 0 0 2.63019e+07 1.6921e+08 2.65384e+08 2.47901e+08 1.99352e+08 1.54625e+08 1.19995e+08 9.27973e+07 7.19615e+07 5.46874e+07 4.22943e+07 3.04158e+07 2.3043e+07 1.85644e+07 1.36578e+07 1.15946e+07 8.45547e+06 6.75345e+06 5.77205e+06 4.61019e+06 3.99416e+06 3.76685e+06 3.61709e+06 3.58389e+06 3.09712e+06 3.42092e+06 3.43845e+06 0 0 0 0 0 0 0 0 0 0 0 0 0 0 0 0 0 0 0 0 0 0 0 0 0 0 0 0 0 0 0 0 
0 0 0 0 0 0 0 2.32804e+08 7.83401e+08 1.0798e+09 1.05046e+09 9.02914e+08 7.40254e+08 6.00578e+08 4.84625e+08 3.90517e+08 3.23881e+08 2.56748e+08 2.0804e+08 1.63628e+08 1.37791e+08 1.12009e+08 9.80204e+07 7.95959e+07 6.52247e+07 5.79615e+07 5.13812e+07 4.47856e+07 4.38548e+07 4.02356e+07 4.06164e+07 3.64277e+07 3.67135e+07 0 0 0 0 0 0 0 0 0 0 0 0 0 0 0 0 0 0 0 0 0 0 0 0 0 0 0 0 0 0 0 0 
0 0 0 0 0 0 0 1.39593e+08 1.38286e+09 3.30305e+09 4.31257e+09 4.34796e+09 4.0726e+09 3.53576e+09 3.02305e+09 2.53462e+09 2.12329e+09 1.78724e+09 1.48164e+09 1.29317e+09 1.11246e+09 9.26617e+08 7.65761e+08 6.73257e+08 5.91712e+08 5.43373e+08 4.96172e+08 4.53152e+08 4.22859e+08 3.98435e+08 3.79277e+08 3.7714e+08 3.6678e+08 0 0 0 0 0 0 0 0 0 0 0 0 0 0 0 0 0 0 0 0 0 0 0 0 0 0 0 0 0 0 0 0 
0 0 0 0 0 0 0 0 1.3402e+09 6.64016e+09 1.31343e+10 1.69609e+10 1.76923e+10 1.73115e+10 1.59322e+10 1.40631e+10 1.23256e+10 1.09497e+10 9.65349e+09 8.57895e+09 7.2697e+09 6.49124e+09 5.75315e+09 4.9978e+09 4.60611e+09 4.04603e+09 3.76503e+09 3.49154e+09 3.23823e+09 3.07594e+09 3.00772e+09 2.90582e+09 3.05272e+09 0 0 0 0 0 0 0 0 0 0 0 0 0 0 0 0 0 0 0 0 0 0 0 0 0 0 0 0 0 0 0 0 
0 0 0 0 0 0 0 0 5.86472e+08 8.31435e+09 2.84033e+10 5.03416e+10 6.48547e+10 7.09273e+10 7.25715e+10 6.7882e+10 6.27553e+10 5.84796e+10 5.35096e+10 4.82209e+10 4.34961e+10 3.87831e+10 3.5502e+10 3.17229e+10 2.98153e+10 2.75379e+10 2.57345e+10 2.46089e+10 2.29564e+10 2.32088e+10 2.21578e+10 2.17203e+10 2.1477e+10 0 0 0 0 0 0 0 0 0 0 0 0 0 0 0 0 0 0 0 0 0 0 0 0 0 0 0 0 0 0 0 0 
0 0 0 0 0 0 0 0 0 5.94541e+09 4.08218e+10 1.11673e+11 1.86311e+11 2.4134e+11 2.73048e+11 2.85009e+11 2.83346e+11 2.75356e+11 2.59029e+11 2.50822e+11 2.33979e+11 2.12765e+11 1.96567e+11 1.83108e+11 1.73043e+11 1.63658e+11 1.56717e+11 1.49039e+11 1.4339e+11 1.40915e+11 1.35506e+11 1.34738e+11 1.30211e+11 0 0 0 0 0 0 0 0 0 0 0 0 0 0 0 0 0 0 0 0 0 0 0 0 0 0 0 0 0 0 0 0 
0 0 0 0 0 0 0 0 0 1.96007e+09 3.76279e+10 1.73452e+11 4.12406e+11 6.68234e+11 8.71781e+11 1.03073e+12 1.09677e+12 1.1267e+12 1.12333e+12 1.1182e+12 1.08294e+12 1.03788e+12 9.88542e+11 9.35159e+11 8.7843e+11 8.5217e+11 8.20613e+11 7.87413e+11 7.66709e+11 7.71981e+11 7.41366e+11 7.35324e+11 7.54071e+11 0 0 0 0 0 0 0 0 0 0 0 0 0 0 0 0 0 0 0 0 0 0 0 0 0 0 0 0 0 0 0 0 
0 0 0 0 0 0 0 0 0 0 2.06184e+10 1.87035e+11 6.70733e+11 1.44209e+12 2.29034e+12 3.05796e+12 3.65263e+12 4.02977e+12 4.29629e+12 4.39937e+12 4.52328e+12 4.37992e+12 4.33359e+12 4.27231e+12 4.13351e+12 4.05044e+12 3.94978e+12 3.84113e+12 3.9269e+12 3.7724e+12 3.77692e+12 3.75647e+12 3.79907e+12 0 0 0 0 0 0 0 0 0 0 0 0 0 0 0 0 0 0 0 0 0 0 0 0 0 0 0 0 0 0 0 0 
0 0 0 0 0 0 0 0 0 0 5.26866e+09 1.30755e+11 7.83104e+11 2.39382e+12 4.86466e+12 7.58617e+12 1.02411e+13 1.26513e+13 1.44942e+13 1.56152e+13 1.62863e+13 1.71318e+13 1.7512e+13 1.76118e+13 1.76493e+13 1.75605e+13 1.69277e+13 1.71332e+13 1.70329e+13 1.66234e+13 1.68361e+13 1.72569e+13 1.68409e+13 0 0 0 0 0 0 0 0 0 0 0 0 0 0 0 0 0 0 0 0 0 0 0 0 0 0 0 0 0 0 0 0 
0 0 0 0 0 0 0 0 0 0 0 5.63757e+10 6.44966e+11 2.92876e+12 7.91395e+12 1.55263e+13 2.43554e+13 3.30318e+13 4.12355e+13 4.88125e+13 5.3681e+13 5.83092e+13 6.16913e+13 6.43205e+13 6.51326e+13 6.67304e+13 6.81326e+13 6.77716e+13 6.70403e+13 6.87903e+13 6.88739e+13 6.80569e+13 7.00876e+13 0 0 0 0 0 0 0 0 0 0 0 0 0 0 0 0 0 0 0 0 0 0 0 0 0 0 0 0 0 0 0 0 
0 0 0 0 0 0 0 0 0 0 0 1.15705e+10 3.55859e+11 2.66006e+12 1.00736e+13 2.48997e+13 4.69557e+13 7.41553e+13 1.01129e+14 1.29623e+14 1.54844e+14 1.74924e+14 1.92696e+14 2.09684e+14 2.2221e+14 2.30419e+14 2.35836e+14 2.41845e+14 2.49434e+14 2.53725e+14 2.55973e+14 2.56823e+14 2.5235e+14 0 0 0 0 0 0 0 0 0 0 0 0 0 0 0 0 0 0 0 0 0 0 0 0 0 0 0 0 0 0 0 0 
0 0 0 0 0 0 0 0 0 0 0 0 1.22499e+11 1.70411e+12 9.52707e+12 3.14479e+13 7.36354e+13 1.35126e+14 2.1303e+14 2.94841e+14 3.82269e+14 4.67115e+14 5.39114e+14 6.0399e+14 6.63957e+14 7.04712e+14 7.50376e+14 7.83806e+14 8.0821e+14 8.34428e+14 8.38737e+14 8.49752e+14 8.53075e+14 0 0 0 0 0 0 0 0 0 0 0 0 0 0 0 0 0 0 0 0 0 0 0 0 0 0 0 0 0 0 0 0 
0 0 0 0 0 0 0 0 0 0 0 0 2.08397e+10 7.60001e+11 6.80395e+12 3.10887e+13 9.23457e+13 2.05016e+14 3.7371e+14 5.87632e+14 8.24844e+14 1.07297e+15 1.32773e+15 1.54756e+15 1.77792e+15 1.97068e+15 2.15162e+15 2.2788e+15 2.39696e+15 2.46062e+15 2.55695e+15 2.54063e+15 2.58692e+15 0 0 0 0 0 0 0 0 0 0 0 0 0 0 0 0 0 0 0 0 0 0 0 0 0 0 0 0 0 0 0 0 
0 0 0 0 0 0 0 0 0 0 0 0 0 2.15438e+11 3.51461e+12 2.33668e+13 9.16069e+13 2.52524e+14 5.33902e+14 9.55729e+14 1.50929e+15 2.13835e+15 2.81206e+15 3.50144e+15 4.12807e+15 4.8032e+15 5.31194e+15 5.80463e+15 6.22714e+15 6.52062e+15 6.69101e+15 6.87526e+15 6.92369e+15 0 0 0 0 0 0 0 0 0 0 0 0 0 0 0 0 0 0 0 0 0 0 0 0 0 0 0 0 0 0 0 0 
0 0 0 0 0 0 0 0 0 0 0 0 0 3.05238e+10 1.2909e+12 1.33562e+13 7.12651e+13 2.48501e+14 6.46432e+14 1.32454e+15 2.32724e+15 3.65814e+15 5.18245e+15 6.85571e+15 8.63543e+15 1.02433e+16 1.1849e+16 1.32378e+16 1.43744e+16 1.566e+16 1.62703e+16 1.67291e+16 1.67692e+16 0 0 0 0 0 0 0 0 0 0 0 0 0 0 0 0 0 0 0 0 0 0 0 0 0 0 0 0 0 0 0 0 
0 0 0 0 0 0 0 0 0 0 0 0 0 0 3.0278e+11 5.65961e+12 4.31036e+13 1.94762e+14 6.15927e+14 1.51537e+15 3.03239e+15 5.27425e+15 8.23507e+15 1.1767e+16 1.54605e+16 1.94699e+16 2.33144e+16 2.71901e+16 3.02416e+16 3.25043e+16 3.47292e+16 3.59503e+16 3.62307e+16 0 0 0 0 0 0 0 0 0 0 0 0 0 0 0 0 0 0 0 0 0 0 0 0 0 0 0 0 0 0 0 0 
0 0 0 0 0 0 0 0 0 0 0 0 0 0 3.68816e+10 1.74544e+12 2.04513e+13 1.23677e+14 4.87386e+14 1.42518e+15 3.32712e+15 6.47435e+15 1.10755e+16 1.71252e+16 2.44135e+16 3.22432e+16 4.06251e+16 4.81621e+16 5.53451e+16 6.13075e+16 6.5385e+16 6.77116e+16 6.95297e+16 0 0 0 0 0 0 0 0 0 0 0 0 0 0 0 0 0 0 0 0 0 0 0 0 0 0 0 0 0 0 0 0 
0 0 0 0 0 0 0 0 0 0 0 0 0 0 0 3.47083e+11 7.22498e+12 6.09092e+13 3.11142e+14 1.10186e+15 3.01094e+15 6.69307e+15 1.27929e+16 2.14523e+16 3.27638e+16 4.62248e+16 6.03584e+16 7.50462e+16 8.92551e+16 1.0121e+17 1.10784e+17 1.17244e+17 1.17388e+17 0 0 0 0 0 0 0 0 0 0 0 0 0 0 0 0 0 0 0 0 0 0 0 0 0 0 0 0 0 0 0 0 
0 0 0 0 0 0 0 0 0 0 0 0 0 0 0 3.64907e+10 1.87844e+12 2.43264e+13 1.60885e+14 7.06803e+14 2.27155e+15 5.85963e+15 1.2439e+16 2.31176e+16 3.81029e+16 5.71044e+16 7.93925e+16 1.03074e+17 1.25811e+17 1.45886e+17 1.61596e+17 1.70994e+17 1.75924e+17 0 0 0 0 0 0 0 0 0 0 0 0 0 0 0 0 0 0 0 0 0 0 0 0 0 0 0 0 0 0 0 0 
0 0 0 0 0 0 0 0 0 0 0 0 0 0 0 0 3.23065e+11 7.30381e+12 6.71413e+13 3.70624e+14 1.43767e+15 4.27989e+15 1.04057e+16 2.10846e+16 3.79718e+16 6.08032e+16 8.9476e+16 1.21134e+17 1.54046e+17 1.8386e+17 2.07703e+17 2.24281e+17 2.28565e+17 0 0 0 0 0 0 0 0 0 0 0 0 0 0 0 0 0 0 0 0 0 0 0 0 0 0 0 0 0 0 0 0 
0 0 0 0 0 0 0 0 0 0 0 0 0 0 0 0 2.98016e+10 1.6145e+12 2.2406e+13 1.59749e+14 7.60876e+14 2.62278e+15 7.20064e+15 1.66667e+16 3.23217e+16 5.63503e+16 8.74545e+16 1.24675e+17 1.63674e+17 2.02195e+17 2.34327e+17 2.54263e+17 2.61871e+17 0 0 0 0 0 0 0 0 0 0 0 0 0 0 0 0 0 0 0 0 0 0 0 0 0 0 0 0 0 0 0 0 
0 0 0 0 0 0 0 0 0 0 0 0 0 0 0 0 0 2.48597e+11 5.81715e+12 5.69139e+13 3.33398e+14 1.37772e+15 4.34036e+15 1.10305e+16 2.39037e+16 4.45491e+16 7.41243e+16 1.11396e+17 1.52776e+17 1.93463e+17 2.27974e+17 2.51503e+17 2.6128e+17 0 0 0 0 0 0 0 0 0 0 0 0 0 0 0 0 0 0 0 0 0 0 0 0 0 0 0 0 0 0 0 0 
0 0 0 0 0 0 0 0 0 0 0 0 0 0 0 0 0 2.04918e+10 1.1421e+12 1.628e+13 1.22161e+14 6.0939e+14 2.22157e+15 6.38974e+15 1.53053e+16 3.10078e+16 5.46547e+16 8.68317e+16 1.24491e+17 1.62817e+17 1.95328e+17 2.18388e+17 2.25278e+17 0 0 0 0 0 0 0 0 0 0 0 0 0 0 0 0 0 0 0 0 0 0 0 0 0 0 0 0 0 0 0 0 
0 0 0 0 0 0 0 0 0 0 0 0 0 0 0 0 0 0 1.5456e+11 3.75398e+12 3.76546e+13 2.27523e+14 9.68079e+14 3.18456e+15 8.29922e+15 1.83608e+16 3.53349e+16 5.88513e+16 8.84387e+16 1.19778e+17 1.48767e+17 1.67798e+17 1.74845e+17 0 0 0 0 0 0 0 0 0 0 0 0 0 0 0 0 0 0 0 0 0 0 0 0 0 0 0 0 0 0 0 0 
0 0 0 0 0 0 0 0 0 0 0 0 0 0 0 0 0 0 1.16721e+10 6.43203e+11 9.33847e+12 7.21495e+13 3.68948e+14 1.35755e+15 4.02129e+15 9.71257e+15 1.99415e+16 3.52812e+16 5.50508e+16 7.70725e+16 9.71845e+16 1.12235e+17 1.18059e+17 0 0 0 0 0 0 0 0 0 0 0 0 0 0 0 0 0 0 0 0 0 0 0 0 0 0 0 0 0 0 0 0 
0 0 0 0 0 0 0 0 0 0 0 0 0 0 0 0 0 0 0 7.9752e+10 1.93698e+12 1.9417e+13 1.18365e+14 5.11793e+14 1.67915e+15 4.45436e+15 9.71934e+15 1.84772e+16 3.02888e+16 4.41655e+16 5.72975e+16 6.67338e+16 6.97055e+16 0 0 0 0 0 0 0 0 0 0 0 0 0 0 0 0 0 0 0 0 0 0 0 0 0 0 0 0 0 0 0 0 
0 0 0 0 0 0 0 0 0 0 0 0 0 0 0 0 0 0 0 5.65543e+09 3.014e+11 4.29381e+12 3.28351e+13 1.66355e+14 6.13969e+14 1.78924e+15 4.2775e+15 8.59284e+15 1.49771e+16 2.22456e+16 2.97213e+16 3.49931e+16 3.70413e+16 0 0 0 0 0 0 0 0 0 0 0 0 0 0 0 0 0 0 0 0 0 0 0 0 0 0 0 0 0 0 0 0 
0 0 0 0 0 0 0 0 0 0 0 0 0 0 0 0 0 0 0 0 3.31065e+10 7.92298e+11 7.78353e+12 4.69694e+13 2.01462e+14 6.44814e+14 1.67877e+15 3.54776e+15 6.43358e+15 1.01719e+16 1.38097e+16 1.65535e+16 1.75662e+16 0 0 0 0 0 0 0 0 0 0 0 0 0 0 0 0 0 0 0 0 0 0 0 0 0 0 0 0 0 0 0 0 
0 0 0 0 0 0 0 0 0 0 0 0 0 0 0 0 0 0 0 0 2.44842e+09 1.13995e+11 1.57871e+12 1.18319e+13 5.67588e+13 2.04201e+14 5.7106e+14 1.31845e+15 2.51808e+15 4.1158e+15 5.74654e+15 7.06155e+15 7.50449e+15 0 0 0 0 0 0 0 0 0 0 0 0 0 0 0 0 0 0 0 0 0 0 0 0 0 0 0 0 0 0 0 0 
0 0 0 0 0 0 0 0 0 0 0 0 0 0 0 0 0 0 0 0 0 1.19324e+10 2.66498e+11 2.46719e+12 1.44231e+13 5.87696e+13 1.78739e+14 4.41962e+14 8.8504e+14 1.50221e+15 2.16088e+15 2.68421e+15 2.8889e+15 0 0 0 0 0 0 0 0 0 0 0 0 0 0 0 0 0 0 0 0 0 0 0 0 0 0 0 0 0 0 0 0 
0 0 0 0 0 0 0 0 0 0 0 0 0 0 0 0 0 0 0 0 0 9.04983e+08 3.66805e+10 4.63176e+11 3.25375e+12 1.50745e+13 5.04296e+13 1.31108e+14 2.81342e+14 4.94443e+14 7.48247e+14 9.33571e+14 1.01553e+15 0 0 0 0 0 0 0 0 0 0 0 0 0 0 0 0 0 0 0 0 0 0 0 0 0 0 0 0 0 0 0 0 
0 0 0 0 0 0 0 0 0 0 0 0 0 0 0 0 0 0 0 0 0 0 3.61116e+09 7.40669e+10 6.31247e+11 3.4141e+12 1.29844e+13 3.65281e+13 8.29936e+13 1.53058e+14 2.32953e+14 3.02269e+14 3.24031e+14 0 0 0 0 0 0 0 0 0 0 0 0 0 0 0 0 0 0 0 0 0 0 0 0 0 0 0 0 0 0 0 0 
0 0 0 0 0 0 0 0 0 0 0 0 0 0 0 0 0 0 0 0 0 0 3.06524e+08 9.83244e+09 1.09995e+11 7.00306e+11 3.00944e+12 9.27127e+12 2.16925e+13 4.17782e+13 6.63969e+13 8.67429e+13 9.60884e+13 0 0 0 0 0 0 0 0 0 0 0 0 0 0 0 0 0 0 0 0 0 0 0 0 0 0 0 0 0 0 0 0 
0 0 0 0 0 0 0 0 0 0 0 0 0 0 0 0 0 0 0 0 0 0 0 9.48289e+08 1.68778e+10 1.29094e+11 6.16801e+11 2.15775e+12 5.45245e+12 1.10053e+13 1.78328e+13 2.38153e+13 2.60532e+13 0 0 0 0 0 0 0 0 0 0 0 0 0 0 0 0 0 0 0 0 0 0 0 0 0 0 0 0 0 0 0 0 
0 0 0 0 0 0 0 0 0 0 0 0 0 0 0 0 0 0 0 0 0 0 0 1.01584e+08 2.31214e+09 2.20086e+10 1.1982e+11 4.54833e+11 1.25686e+12 2.67066e+12 4.49282e+12 6.16098e+12 6.72777e+12 0 0 0 0 0 0 0 0 0 0 0 0 0 0 0 0 0 0 0 0 0 0 0 0 0 0 0 0 0 0 0 0 
0 0 0 0 0 0 0 0 0 0 0 0 0 0 0 0 0 0 0 0 0 0 0 0 2.16068e+08 3.3656e+09 2.15065e+10 9.07105e+10 2.7469e+11 5.94454e+11 1.04978e+12 1.43019e+12 1.57475e+12 0 0 0 0 0 0 0 0 0 0 0 0 0 0 0 0 0 0 0 0 0 0 0 0 0 0 0 0 0 0 0 0 
0 0 0 0 0 0 0 0 0 0 0 0 0 0 0 0 0 0 0 0 0 0 0 0 3.05778e+07 4.67052e+08 3.58364e+09 1.68473e+10 5.49359e+10 1.29611e+11 2.35904e+11 3.34184e+11 3.7284e+11 0 0 0 0 0 0 0 0 0 0 0 0 0 0 0 0 0 0 0 0 0 0 0 0 0 0 0 0 0 0 0 0 
0 0 0 0 0 0 0 0 0 0 0 0 0 0 0 0 0 0 0 0 0 0 0 0 0 4.39161e+07 5.68184e+08 2.99149e+09 1.04085e+10 2.63198e+10 4.94832e+10 7.18873e+10 7.95142e+10 0 0 0 0 0 0 0 0 0 0 0 0 0 0 0 0 0 0 0 0 0 0 0 0 0 0 0 0 0 0 0 0 
0 0 0 0 0 0 0 0 0 0 0 0 0 0 0 0 0 0 0 0 0 0 0 0 0 8.46639e+06 8.13277e+07 5.00271e+08 1.93015e+09 5.20763e+09 1.03252e+10 1.47539e+10 1.74132e+10 0 0 0 0 0 0 0 0 0 0 0 0 0 0 0 0 0 0 0 0 0 0 0 0 0 0 0 0 0 0 0 0 
0 0 0 0 0 0 0 0 0 0 0 0 0 0 0 0 0 0 0 0 0 0 0 0 0 0 7.63409e+06 8.62735e+07 3.45121e+08 9.7235e+08 2.12022e+09 3.12988e+09 3.49653e+09 0 0 0 0 0 0 0 0 0 0 0 0 0 0 0 0 0 0 0 0 0 0 0 0 0 0 0 0 0 0 0 0 
0 0 0 0 0 0 0 0 0 0 0 0 0 0 0 0 0 0 0 0 0 0 0 0 0 0 2.01598e+06 1.28968e+07 5.81147e+07 1.90133e+08 3.90904e+08 6.26963e+08 7.00561e+08 0 0 0 0 0 0 0 0 0 0 0 0 0 0 0 0 0 0 0 0 0 0 0 0 0 0 0 0 0 0 0 0 
0 0 0 0 0 0 0 0 0 0 0 0 0 0 0 0 0 0 0 0 0 0 0 0 0 0 0 1.07184e+06 1.11643e+07 3.38572e+07 7.8672e+07 1.25966e+08 1.43476e+08 0 0 0 0 0 0 0 0 0 0 0 0 0 0 0 0 0 0 0 0 0 0 0 0 0 0 0 0 0 0 0 0 
0 0 0 0 0 0 0 0 0 0 0 0 0 0 0 0 0 0 0 0 0 0 0 0 0 0 0 414097 1.67123e+06 5.83097e+06 1.55905e+07 2.21974e+07 3.02671e+07 0 0 0 0 0 0 0 0 0 0 0 0 0 0 0 0 0 0 0 0 0 0 0 0 0 0 0 0 0 0 0 0 
0 0 0 0 0 0 0 0 0 0 0 0 0 0 0 0 0 0 0 0 0 0 0 0 0 0 0 0 111203 1.27805e+06 2.49664e+06 4.86981e+06 5.24146e+06 0 0 0 0 0 0 0 0 0 0 0 0 0 0 0 0 0 0 0 0 0 0 0 0 0 0 0 0 0 0 0 0 
0 0 0 0 0 0 0 0 0 0 0 0 0 0 0 0 0 0 0 0 0 0 0 0 0 0 0 0 70389.3 168352 490131 995723 946105 0 0 0 0 0 0 0 0 0 0 0 0 0 0 0 0 0 0 0 0 0 0 0 0 0 0 0 0 0 0 0 0 
0 0 0 0 0 0 0 0 0 0 0 0 0 0 0 0 0 0 0 0 0 0 0 0 0 0 0 0 0 7558.59 120788 116137 240553 0 0 0 0 0 0 0 0 0 0 0 0 0 0 0 0 0 0 0 0 0 0 0 0 0 0 0 0 0 0 0 0 
0 0 0 0 0 0 0 0 0 0 0 0 0 0 0 0 0 0 0 0 0 0 0 0 0 0 0 0 0 9497.92 11362.4 34744.6 38798.5 0 0 0 0 0 0 0 0 0 0 0 0 0 0 0 0 0 0 0 0 0 0 0 0 0 0 0 0 0 0 0 0 
0 0 0 0 0 0 0 0 0 0 0 0 0 0 0 0 0 0 0 0 0 0 0 0 0 0 0 0 0 0 257.552 7824.59 2220.99 0 0 0 0 0 0 0 0 0 0 0 0 0 0 0 0 0 0 0 0 0 0 0 0 0 0 0 0 0 0 0 0 
0 0 0 0 0 0 0 0 0 0 0 0 0 0 0 0 0 0 0 0 0 0 0 0 0 0 0 0 0 0 943.143 382.075 1978.93 0 0 0 0 0 0 0 0 0 0 0 0 0 0 0 0 0 0 0 0 0 0 0 0 0 0 0 0 0 0 0 0 
0 0 0 0 0 0 0 0 0 0 0 0 0 0 0 0 0 0 0 0 0 0 0 0 0 0 0 0 0 0 0 0 255.444 0 0 0 0 0 0 0 0 0 0 0 0 0 0 0 0 0 0 0 0 0 0 0 0 0 0 0 0 0 0 0 0 
0 0 0 0 0 0 0 0 0 0 0 0 0 0 0 0 0 0 0 0 0 0 0 0 0 0 0 0 0 0 0 60.8479 0 0 0 0 0 0 0 0 0 0 0 0 0 0 0 0 0 0 0 0 0 0 0 0 0 0 0 0 0 0 0 0 0 
0 0 0 0 0 0 0 0 0 0 0 0 0 0 0 0 0 0 0 0 0 0 0 0 0 0 0 0 0 0 0 0 0 0 0 0 0 0 0 0 0 0 0 0 0 0 0 0 0 0 0 0 0 0 0 0 0 0 0 0 0 0 0 0 0 
0 0 0 0 0 0 0 0 0 0 0 0 0 0 0 0 0 0 0 0 0 0 0 0 0 0 0 0 0 0 0 0 1.9015 0 0 0 0 0 0 0 0 0 0 0 0 0 0 0 0 0 0 0 0 0 0 0 0 0 0 0 0 0 0 0 0 
