1 0 0 0 0 0 0 0 0 0 0 0 0 0 0 0 0 0 0 0 0 0 0 0 0 0 0 0 0 0 0 0 0 0 0 0 0 0 0 0 0 0 0 0 0 0 0 0 0 0 0 0 0 0 0 0 0 0 0 0 0 0 0 0 1 
0 0 0 0 0 0 0 0 0 0 0 0 0 0 0 0 0 0 0 0 0 0 0 0 0 0 0 0 0 0 0 0 0 0 0 0 0 0 0 0 0 0 0 0 0 0 0 0 0 0 0 0 0 0 0 0 0 0 0 0 0 0 0 0 0 
0 64 0 0 0 0 0 0 0 0 0 0 0 0 0 0 0 0 0 0 0 0 0 0 0 0 0 0 0 0 0 0 0 0 0 0 0 0 0 0 0 0 0 0 0 0 0 0 0 0 0 0 0 0 0 0 0 0 0 0 0 0 0 0 0 
0 0 128 0 0 0 0 0 0 0 0 0 0 0 0 0 0 0 0 0 0 0 0 0 0 0 0 0 0 0 0 0 0 0 0 0 0 0 0 0 0 0 0 0 0 0 0 0 0 0 0 0 0 0 0 0 0 0 0 0 0 0 0 0 0 
0 0 1888 376.054 61.8235 0 0 0 0 0 0 0 0 0 0 0 0 0 0 0 0 0 0 0 0 0 0 0 0 0 0 0 0 0 0 0 0 0 0 0 0 0 0 0 0 0 0 0 0 0 0 0 0 0 0 0 0 0 0 0 0 0 0 0 0 
0 0 0 7183.89 1157.93 491.695 115.088 0 0 0 0 0 0 0 0 0 0 0 0 0 0 0 0 0 0 0 0 0 0 0 0 0 0 0 0 0 0 0 0 0 0 0 0 0 0 0 0 0 0 0 0 0 0 0 0 0 0 0 0 0 0 0 0 0 0 
0 0 0 34104.1 27404.4 7093.99 2500.42 1469.76 347.533 71.835 0 0 0 0 0 0 0 0 0 0 0 0 0 0 0 0 0 0 0 0 0 0 0 0 0 0 0 0 0 0 0 0 0 0 0 0 0 0 0 0 0 0 0 0 0 0 0 0 0 0 0 0 0 0 0 
0 0 0 0 183518 96923 42314.6 17361.3 8572.69 4365.86 2316.79 521.241 92.6991 0 0 0 0 0 0 0 0 0 0 0 0 0 0 0 0 0 0 0 0 0 0 0 0 0 0 0 0 0 0 0 0 0 0 0 0 0 0 0 0 0 0 0 0 0 0 0 0 0 0 0 0 
0 0 0 0 423234 826201 421335 230912 121441 58174.1 33697.9 17931.5 9916.59 4235.06 1424.56 491.789 77.9036 0 0 0 0 0 0 0 15.7119 0 0 0 0 0 0 0 16.0635 0 0 0 0 0 0 0 0 0 0 0 0 0 0 0 0 0 0 0 0 0 0 0 0 0 0 0 0 0 0 0 0 
0 0 0 0 0 2.86695e+06 3.29455e+06 1.93645e+06 1.13886e+06 713752 401419 245724 152313 92749.1 55882.1 33881.4 17201.3 6127.61 1663 1132.16 476.19 171.171 183.578 189.599 0 346.929 283.991 360.707 320.235 309.813 322.494 339.195 0 0 0 0 0 0 0 0 0 0 0 0 0 0 0 0 0 0 0 0 0 0 0 0 0 0 0 0 0 0 0 0 0 
0 0 0 0 0 3.82685e+06 1.45827e+07 1.36424e+07 9.13664e+06 6.03729e+06 4.04953e+06 2.67323e+06 1.87862e+06 1.20274e+06 815319 534719 351622 227745 129285 68361.2 31801.2 17632.7 15154.5 16925 14204.8 10231.4 8595.98 10247.3 10787.2 10167.5 10345.8 9722.95 11196.7 0 0 0 0 0 0 0 0 0 0 0 0 0 0 0 0 0 0 0 0 0 0 0 0 0 0 0 0 0 0 0 0 
0 0 0 0 0 0 3.04423e+07 6.31454e+07 5.72241e+07 4.33912e+07 3.10023e+07 2.20949e+07 1.58255e+07 1.13147e+07 8.32787e+06 6.12671e+06 4.22509e+06 2.67558e+06 2.20699e+06 1.60602e+06 1.13429e+06 755409 543293 410425 324078 271145 259953 251985 251152 252203 236594 230409 213227 0 0 0 0 0 0 0 0 0 0 0 0 0 0 0 0 0 0 0 0 0 0 0 0 0 0 0 0 0 0 0 0 
0 0 0 0 0 0 2.61885e+07 1.70073e+08 2.64011e+08 2.47453e+08 1.95459e+08 1.58727e+08 1.19236e+08 9.41875e+07 6.86343e+07 5.26804e+07 3.87795e+07 3.10775e+07 2.35093e+07 1.89607e+07 1.52128e+07 1.11555e+07 9.07344e+06 7.05136e+06 5.28094e+06 4.80965e+06 4.58986e+06 4.07381e+06 3.68672e+06 3.54746e+06 3.288e+06 3.25831e+06 3.29027e+06 0 0 0 0 0 0 0 0 0 0 0 0 0 0 0 0 0 0 0 0 0 0 0 0 0 0 0 0 0 0 0 0 
0 0 0 0 0 0 0 2.32935e+08 7.83139e+08 1.06487e+09 1.05965e+09 9.01684e+08 7.60173e+08 6.16643e+08 4.95051e+08 3.83202e+08 3.3461e+08 2.73925e+08 2.15871e+08 1.76575e+08 1.47452e+08 1.21659e+08 9.71918e+07 7.55701e+07 6.55314e+07 5.84041e+07 5.41293e+07 4.89457e+07 4.22e+07 4.2503e+07 4.03653e+07 3.91273e+07 3.71438e+07 0 0 0 0 0 0 0 0 0 0 0 0 0 0 0 0 0 0 0 0 0 0 0 0 0 0 0 0 0 0 0 0 
0 0 0 0 0 0 0 1.39234e+08 1.38727e+09 3.29386e+09 4.25416e+09 4.31419e+09 4.00566e+09 3.50897e+09 3.06735e+09 2.57127e+09 2.13201e+09 1.86048e+09 1.55584e+09 1.32417e+09 1.10383e+09 9.58388e+08 8.07255e+08 6.69246e+08 6.26583e+08 5.71122e+08 4.91029e+08 4.38805e+08 4.26054e+08 4.09142e+08 3.81575e+08 3.61442e+08 3.66755e+08 0 0 0 0 0 0 0 0 0 0 0 0 0 0 0 0 0 0 0 0 0 0 0 0 0 0 0 0 0 0 0 0 
0 0 0 0 0 0 0 0 1.33878e+09 6.68058e+09 1.31408e+10 1.67913e+10 1.77157e+10 1.71242e+10 1.58719e+10 1.41529e+10 1.27455e+10 1.09254e+10 9.93674e+09 8.64861e+09 7.65553e+09 6.72291e+09 5.72582e+09 5.28809e+09 4.76447e+09 4.2582e+09 4.02709e+09 3.69677e+09 3.39218e+09 3.35888e+09 3.15259e+09 3.10589e+09 3.07008e+09 0 0 0 0 0 0 0 0 0 0 0 0 0 0 0 0 0 0 0 0 0 0 0 0 0 0 0 0 0 0 0 0 
0 0 0 0 0 0 0 0 5.85339e+08 8.32659e+09 2.83427e+10 5.05106e+10 6.43584e+10 7.05784e+10 7.00989e+10 6.86065e+10 6.38287e+10 5.83782e+10 5.23689e+10 4.76378e+10 4.19708e+10 4.01657e+10 3.63933e+10 3.43611e+10 3.11167e+10 2.84672e+10 2.65273e+10 2.52565e+10 2.38953e+10 2.26141e+10 2.22587e+10 2.14726e+10 2.18497e+10 0 0 0 0 0 0 0 0 0 0 0 0 0 0 0 0 0 0 0 0 0 0 0 0 0 0 0 0 0 0 0 0 
0 0 0 0 0 0 0 0 0 5.91138e+09 4.10612e+10 1.11249e+11 1.86549e+11 2.40139e+11 2.75285e+11 2.85694e+11 2.81919e+11 2.81905e+11 2.59704e+11 2.41214e+11 2.26826e+11 2.08371e+11 2.0199e+11 1.92737e+11 1.74304e+11 1.66337e+11 1.59159e+11 1.52186e+11 1.47364e+11 1.43459e+11 1.38055e+11 1.34123e+11 1.39066e+11 0 0 0 0 0 0 0 0 0 0 0 0 0 0 0 0 0 0 0 0 0 0 0 0 0 0 0 0 0 0 0 0 
0 0 0 0 0 0 0 0 0 1.96565e+09 3.76012e+10 1.74268e+11 4.11227e+11 6.65433e+11 8.76268e+11 1.01184e+12 1.09211e+12 1.11022e+12 1.14173e+12 1.09238e+12 1.07751e+12 1.03665e+12 9.73102e+11 9.4235e+11 9.06761e+11 8.89045e+11 8.65003e+11 8.23081e+11 7.95814e+11 7.97813e+11 7.49439e+11 7.60914e+11 7.56293e+11 0 0 0 0 0 0 0 0 0 0 0 0 0 0 0 0 0 0 0 0 0 0 0 0 0 0 0 0 0 0 0 0 
0 0 0 0 0 0 0 0 0 0 2.0489e+10 1.86801e+11 6.69114e+11 1.44869e+12 2.2896e+12 3.06382e+12 3.64197e+12 4.0223e+12 4.2733e+12 4.46386e+12 4.41135e+12 4.42027e+12 4.31156e+12 4.23719e+12 4.2548e+12 4.15659e+12 4.11889e+12 3.98411e+12 3.91011e+12 3.74566e+12 3.78534e+12 3.83776e+12 3.73356e+12 0 0 0 0 0 0 0 0 0 0 0 0 0 0 0 0 0 0 0 0 0 0 0 0 0 0 0 0 0 0 0 0 
0 0 0 0 0 0 0 0 0 0 5.29349e+09 1.30821e+11 7.88925e+11 2.37142e+12 4.80185e+12 7.63136e+12 1.02636e+13 1.25444e+13 1.42914e+13 1.55264e+13 1.64934e+13 1.69301e+13 1.74246e+13 1.75734e+13 1.76964e+13 1.74669e+13 1.74189e+13 1.74438e+13 1.71603e+13 1.69467e+13 1.692e+13 1.67951e+13 1.6811e+13 0 0 0 0 0 0 0 0 0 0 0 0 0 0 0 0 0 0 0 0 0 0 0 0 0 0 0 0 0 0 0 0 
0 0 0 0 0 0 0 0 0 0 0 5.62243e+10 6.44382e+11 2.96213e+12 7.98693e+12 1.53718e+13 2.41713e+13 3.3023e+13 4.1227e+13 4.83438e+13 5.39976e+13 5.85448e+13 6.20932e+13 6.38224e+13 6.65365e+13 6.78099e+13 6.82514e+13 6.85357e+13 6.8449e+13 6.9052e+13 7.02392e+13 7.01745e+13 6.93601e+13 0 0 0 0 0 0 0 0 0 0 0 0 0 0 0 0 0 0 0 0 0 0 0 0 0 0 0 0 0 0 0 0 
0 0 0 0 0 0 0 0 0 0 0 1.15311e+10 3.53832e+11 2.64862e+12 1.0012e+13 2.49548e+13 4.70071e+13 7.38171e+13 1.01853e+14 1.29071e+14 1.53637e+14 1.76267e+14 1.92016e+14 2.11437e+14 2.23851e+14 2.33788e+14 2.42795e+14 2.43446e+14 2.46585e+14 2.57324e+14 2.53052e+14 2.52433e+14 2.59479e+14 0 0 0 0 0 0 0 0 0 0 0 0 0 0 0 0 0 0 0 0 0 0 0 0 0 0 0 0 0 0 0 0 
0 0 0 0 0 0 0 0 0 0 0 0 1.22747e+11 1.71021e+12 9.62252e+12 3.15184e+13 7.36665e+13 1.3549e+14 2.14387e+14 2.97465e+14 3.84271e+14 4.67008e+14 5.43188e+14 6.09438e+14 6.71587e+14 7.16012e+14 7.43377e+14 7.93731e+14 8.23075e+14 8.35299e+14 8.43304e+14 8.50824e+14 8.37758e+14 0 0 0 0 0 0 0 0 0 0 0 0 0 0 0 0 0 0 0 0 0 0 0 0 0 0 0 0 0 0 0 0 
0 0 0 0 0 0 0 0 0 0 0 0 2.0462e+10 7.54648e+11 6.78171e+12 3.10659e+13 9.23641e+13 2.06581e+14 3.72057e+14 5.87697e+14 8.2996e+14 1.08016e+15 1.3328e+15 1.55637e+15 1.7719e+15 1.96723e+15 2.1303e+15 2.27614e+15 2.39606e+15 2.43837e+15 2.51443e+15 2.55195e+15 2.58632e+15 0 0 0 0 0 0 0 0 0 0 0 0 0 0 0 0 0 0 0 0 0 0 0 0 0 0 0 0 0 0 0 0 
0 0 0 0 0 0 0 0 0 0 0 0 0 2.13818e+11 3.50124e+12 2.34749e+13 9.15226e+13 2.50056e+14 5.35049e+14 9.58272e+14 1.49341e+15 2.13354e+15 2.79993e+15 3.51437e+15 4.17415e+15 4.79109e+15 5.40572e+15 5.82524e+15 6.17072e+15 6.45972e+15 6.73623e+15 6.83596e+15 6.96165e+15 0 0 0 0 0 0 0 0 0 0 0 0 0 0 0 0 0 0 0 0 0 0 0 0 0 0 0 0 0 0 0 0 
0 0 0 0 0 0 0 0 0 0 0 0 0 2.98132e+10 1.28192e+12 1.33297e+13 7.15507e+13 2.48181e+14 6.41192e+14 1.32066e+15 2.35076e+15 3.62559e+15 5.19699e+15 6.82393e+15 8.58013e+15 1.02451e+16 1.18282e+16 1.32726e+16 1.45563e+16 1.5539e+16 1.61489e+16 1.66695e+16 1.66253e+16 0 0 0 0 0 0 0 0 0 0 0 0 0 0 0 0 0 0 0 0 0 0 0 0 0 0 0 0 0 0 0 0 
0 0 0 0 0 0 0 0 0 0 0 0 0 0 3.00995e+11 5.62714e+12 4.33021e+13 1.9659e+14 6.18766e+14 1.51074e+15 3.02304e+15 5.28845e+15 8.1621e+15 1.1689e+16 1.54596e+16 1.95794e+16 2.3319e+16 2.70543e+16 3.01433e+16 3.29108e+16 3.48245e+16 3.59096e+16 3.62616e+16 0 0 0 0 0 0 0 0 0 0 0 0 0 0 0 0 0 0 0 0 0 0 0 0 0 0 0 0 0 0 0 0 
0 0 0 0 0 0 0 0 0 0 0 0 0 0 3.57844e+10 1.7211e+12 2.02927e+13 1.23636e+14 4.87453e+14 1.42856e+15 3.30331e+15 6.4967e+15 1.11217e+16 1.71986e+16 2.42702e+16 3.20072e+16 4.02327e+16 4.80653e+16 5.51082e+16 6.13891e+16 6.62745e+16 6.88909e+16 6.9381e+16 0 0 0 0 0 0 0 0 0 0 0 0 0 0 0 0 0 0 0 0 0 0 0 0 0 0 0 0 0 0 0 0 
0 0 0 0 0 0 0 0 0 0 0 0 0 0 0 3.4126e+11 7.08191e+12 6.10505e+13 3.13292e+14 1.10154e+15 3.02392e+15 6.67639e+15 1.28413e+16 2.14395e+16 3.2872e+16 4.62224e+16 6.0472e+16 7.53244e+16 8.97614e+16 1.00413e+17 1.09529e+17 1.14994e+17 1.17587e+17 0 0 0 0 0 0 0 0 0 0 0 0 0 0 0 0 0 0 0 0 0 0 0 0 0 0 0 0 0 0 0 0 
0 0 0 0 0 0 0 0 0 0 0 0 0 0 0 3.55432e+10 1.86296e+12 2.38967e+13 1.60378e+14 7.0776e+14 2.27822e+15 5.89308e+15 1.2395e+16 2.31278e+16 3.81287e+16 5.70894e+16 7.96387e+16 1.02761e+17 1.2504e+17 1.46352e+17 1.61922e+17 1.7222e+17 1.76344e+17 0 0 0 0 0 0 0 0 0 0 0 0 0 0 0 0 0 0 0 0 0 0 0 0 0 0 0 0 0 0 0 0 
0 0 0 0 0 0 0 0 0 0 0 0 0 0 0 0 3.16677e+11 7.14523e+12 6.68267e+13 3.71074e+14 1.44527e+15 4.24508e+15 1.04197e+16 2.11429e+16 3.78704e+16 6.09114e+16 8.93754e+16 1.21287e+17 1.54046e+17 1.8333e+17 2.06988e+17 2.24028e+17 2.27819e+17 0 0 0 0 0 0 0 0 0 0 0 0 0 0 0 0 0 0 0 0 0 0 0 0 0 0 0 0 0 0 0 0 
0 0 0 0 0 0 0 0 0 0 0 0 0 0 0 0 2.95342e+10 1.60971e+12 2.21847e+13 1.6024e+14 7.51728e+14 2.64539e+15 7.22259e+15 1.66054e+16 3.25667e+16 5.63055e+16 8.71443e+16 1.24452e+17 1.63973e+17 2.02434e+17 2.34363e+17 2.53188e+17 2.63061e+17 0 0 0 0 0 0 0 0 0 0 0 0 0 0 0 0 0 0 0 0 0 0 0 0 0 0 0 0 0 0 0 0 
0 0 0 0 0 0 0 0 0 0 0 0 0 0 0 0 0 2.43306e+11 5.71179e+12 5.65534e+13 3.35363e+14 1.36479e+15 4.30611e+15 1.10856e+16 2.39264e+16 4.48431e+16 7.46452e+16 1.11709e+17 1.52798e+17 1.9361e+17 2.28705e+17 2.5409e+17 2.59854e+17 0 0 0 0 0 0 0 0 0 0 0 0 0 0 0 0 0 0 0 0 0 0 0 0 0 0 0 0 0 0 0 0 
0 0 0 0 0 0 0 0 0 0 0 0 0 0 0 0 0 2.06183e+10 1.11849e+12 1.61518e+13 1.22263e+14 6.1264e+14 2.24111e+15 6.33453e+15 1.51265e+16 3.081e+16 5.49664e+16 8.69531e+16 1.249e+17 1.63792e+17 1.9643e+17 2.1819e+17 2.27015e+17 0 0 0 0 0 0 0 0 0 0 0 0 0 0 0 0 0 0 0 0 0 0 0 0 0 0 0 0 0 0 0 0 
0 0 0 0 0 0 0 0 0 0 0 0 0 0 0 0 0 0 1.50847e+11 3.65642e+12 3.68419e+13 2.25893e+14 9.64165e+14 3.19808e+15 8.31722e+15 1.84702e+16 3.50898e+16 5.8902e+16 8.86925e+16 1.19402e+17 1.47369e+17 1.66463e+17 1.73733e+17 0 0 0 0 0 0 0 0 0 0 0 0 0 0 0 0 0 0 0 0 0 0 0 0 0 0 0 0 0 0 0 0 
0 0 0 0 0 0 0 0 0 0 0 0 0 0 0 0 0 0 1.20044e+10 6.29955e+11 9.27296e+12 7.18049e+13 3.64961e+14 1.3664e+15 4.03343e+15 9.58205e+15 1.97472e+16 3.51873e+16 5.45365e+16 7.6733e+16 9.79045e+16 1.12375e+17 1.17344e+17 0 0 0 0 0 0 0 0 0 0 0 0 0 0 0 0 0 0 0 0 0 0 0 0 0 0 0 0 0 0 0 0 
0 0 0 0 0 0 0 0 0 0 0 0 0 0 0 0 0 0 0 7.71935e+10 1.86315e+12 1.89379e+13 1.16354e+14 5.0518e+14 1.68186e+15 4.44327e+15 9.74642e+15 1.83234e+16 3.04999e+16 4.42135e+16 5.69459e+16 6.6676e+16 7.0183e+16 0 0 0 0 0 0 0 0 0 0 0 0 0 0 0 0 0 0 0 0 0 0 0 0 0 0 0 0 0 0 0 0 
0 0 0 0 0 0 0 0 0 0 0 0 0 0 0 0 0 0 0 5.79136e+09 2.90098e+11 4.18669e+12 3.30021e+13 1.65176e+14 6.1178e+14 1.81411e+15 4.24584e+15 8.65176e+15 1.46975e+16 2.21722e+16 2.97008e+16 3.51939e+16 3.72562e+16 0 0 0 0 0 0 0 0 0 0 0 0 0 0 0 0 0 0 0 0 0 0 0 0 0 0 0 0 0 0 0 0 
0 0 0 0 0 0 0 0 0 0 0 0 0 0 0 0 0 0 0 0 3.34135e+10 7.77575e+11 7.65592e+12 4.66686e+13 1.9861e+14 6.39107e+14 1.67343e+15 3.52812e+15 6.48946e+15 1.01467e+16 1.37576e+16 1.65519e+16 1.75386e+16 0 0 0 0 0 0 0 0 0 0 0 0 0 0 0 0 0 0 0 0 0 0 0 0 0 0 0 0 0 0 0 0 
0 0 0 0 0 0 0 0 0 0 0 0 0 0 0 0 0 0 0 0 2.40524e+09 1.11223e+11 1.52428e+12 1.141e+13 5.63456e+13 1.99948e+14 5.74429e+14 1.31224e+15 2.52077e+15 4.07871e+15 5.71512e+15 7.02957e+15 7.49421e+15 0 0 0 0 0 0 0 0 0 0 0 0 0 0 0 0 0 0 0 0 0 0 0 0 0 0 0 0 0 0 0 0 
0 0 0 0 0 0 0 0 0 0 0 0 0 0 0 0 0 0 0 0 0 1.19603e+10 2.61795e+11 2.43954e+12 1.43281e+13 5.89295e+13 1.79479e+14 4.40488e+14 8.85403e+14 1.51247e+15 2.19318e+15 2.67208e+15 2.9029e+15 0 0 0 0 0 0 0 0 0 0 0 0 0 0 0 0 0 0 0 0 0 0 0 0 0 0 0 0 0 0 0 0 
0 0 0 0 0 0 0 0 0 0 0 0 0 0 0 0 0 0 0 0 0 9.14107e+08 3.49255e+10 4.45407e+11 3.13553e+12 1.46629e+13 4.98039e+13 1.34563e+14 2.81809e+14 4.99545e+14 7.49848e+14 9.41024e+14 1.02837e+15 0 0 0 0 0 0 0 0 0 0 0 0 0 0 0 0 0 0 0 0 0 0 0 0 0 0 0 0 0 0 0 0 
0 0 0 0 0 0 0 0 0 0 0 0 0 0 0 0 0 0 0 0 0 0 3.57307e+09 7.05345e+10 6.05753e+11 3.36747e+12 1.27691e+13 3.64962e+13 8.26197e+13 1.53477e+14 2.3709e+14 3.02509e+14 3.25942e+14 0 0 0 0 0 0 0 0 0 0 0 0 0 0 0 0 0 0 0 0 0 0 0 0 0 0 0 0 0 0 0 0 
0 0 0 0 0 0 0 0 0 0 0 0 0 0 0 0 0 0 0 0 0 0 3.17233e+08 9.28935e+09 1.05573e+11 6.72519e+11 2.90377e+12 8.9998e+12 2.24476e+13 4.21336e+13 6.71277e+13 8.9954e+13 9.88935e+13 0 0 0 0 0 0 0 0 0 0 0 0 0 0 0 0 0 0 0 0 0 0 0 0 0 0 0 0 0 0 0 0 
0 0 0 0 0 0 0 0 0 0 0 0 0 0 0 0 0 0 0 0 0 0 0 9.29401e+08 1.61473e+10 1.23814e+11 6.20938e+11 2.09468e+12 5.47343e+12 1.12309e+13 1.77038e+13 2.40881e+13 2.66895e+13 0 0 0 0 0 0 0 0 0 0 0 0 0 0 0 0 0 0 0 0 0 0 0 0 0 0 0 0 0 0 0 0 
0 0 0 0 0 0 0 0 0 0 0 0 0 0 0 0 0 0 0 0 0 0 0 1.00492e+08 2.14817e+09 2.07806e+10 1.16156e+11 4.39263e+11 1.22935e+12 2.67323e+12 4.45458e+12 6.07935e+12 6.79766e+12 0 0 0 0 0 0 0 0 0 0 0 0 0 0 0 0 0 0 0 0 0 0 0 0 0 0 0 0 0 0 0 0 
0 0 0 0 0 0 0 0 0 0 0 0 0 0 0 0 0 0 0 0 0 0 0 0 2.10978e+08 3.10604e+09 2.04503e+10 8.72355e+10 2.59198e+11 5.90408e+11 1.05146e+12 1.40776e+12 1.58057e+12 0 0 0 0 0 0 0 0 0 0 0 0 0 0 0 0 0 0 0 0 0 0 0 0 0 0 0 0 0 0 0 0 
0 0 0 0 0 0 0 0 0 0 0 0 0 0 0 0 0 0 0 0 0 0 0 0 3.03726e+07 4.1916e+08 3.35026e+09 1.57604e+10 5.37193e+10 1.25861e+11 2.23759e+11 3.33255e+11 3.64235e+11 0 0 0 0 0 0 0 0 0 0 0 0 0 0 0 0 0 0 0 0 0 0 0 0 0 0 0 0 0 0 0 0 
0 0 0 0 0 0 0 0 0 0 0 0 0 0 0 0 0 0 0 0 0 0 0 0 0 4.28381e+07 5.29015e+08 2.86478e+09 1.00977e+10 2.55214e+10 4.80593e+10 7.19024e+10 7.66576e+10 0 0 0 0 0 0 0 0 0 0 0 0 0 0 0 0 0 0 0 0 0 0 0 0 0 0 0 0 0 0 0 0 
0 0 0 0 0 0 0 0 0 0 0 0 0 0 0 0 0 0 0 0 0 0 0 0 0 8.08761e+06 7.68126e+07 4.67367e+08 1.8666e+09 5.11648e+09 1.00358e+10 1.46311e+10 1.70243e+10 0 0 0 0 0 0 0 0 0 0 0 0 0 0 0 0 0 0 0 0 0 0 0 0 0 0 0 0 0 0 0 0 
0 0 0 0 0 0 0 0 0 0 0 0 0 0 0 0 0 0 0 0 0 0 0 0 0 0 7.42169e+06 7.78003e+07 3.37001e+08 9.67315e+08 2.02602e+09 2.96192e+09 3.51548e+09 0 0 0 0 0 0 0 0 0 0 0 0 0 0 0 0 0 0 0 0 0 0 0 0 0 0 0 0 0 0 0 0 
0 0 0 0 0 0 0 0 0 0 0 0 0 0 0 0 0 0 0 0 0 0 0 0 0 0 1.94694e+06 1.24585e+07 5.72978e+07 1.88198e+08 3.84476e+08 6.14113e+08 7.01026e+08 0 0 0 0 0 0 0 0 0 0 0 0 0 0 0 0 0 0 0 0 0 0 0 0 0 0 0 0 0 0 0 0 
0 0 0 0 0 0 0 0 0 0 0 0 0 0 0 0 0 0 0 0 0 0 0 0 0 0 0 1.03964e+06 1.05311e+07 3.23294e+07 7.49795e+07 1.2307e+08 1.40449e+08 0 0 0 0 0 0 0 0 0 0 0 0 0 0 0 0 0 0 0 0 0 0 0 0 0 0 0 0 0 0 0 0 
0 0 0 0 0 0 0 0 0 0 0 0 0 0 0 0 0 0 0 0 0 0 0 0 0 0 0 403737 1.66134e+06 5.65214e+06 1.55091e+07 2.23789e+07 2.9061e+07 0 0 0 0 0 0 0 0 0 0 0 0 0 0 0 0 0 0 0 0 0 0 0 0 0 0 0 0 0 0 0 0 
0 0 0 0 0 0 0 0 0 0 0 0 0 0 0 0 0 0 0 0 0 0 0 0 0 0 0 0 107951 1.23194e+06 2.38657e+06 4.71036e+06 5.32255e+06 0 0 0 0 0 0 0 0 0 0 0 0 0 0 0 0 0 0 0 0 0 0 0 0 0 0 0 0 0 0 0 0 
0 0 0 0 0 0 0 0 0 0 0 0 0 0 0 0 0 0 0 0 0 0 0 0 0 0 0 0 69171.7 169739 463463 957852 940819 0 0 0 0 0 0 0 0 0 0 0 0 0 0 0 0 0 0 0 0 0 0 0 0 0 0 0 0 0 0 0 0 
0 0 0 0 0 0 0 0 0 0 0 0 0 0 0 0 0 0 0 0 0 0 0 0 0 0 0 0 0 7375.2 112181 111394 231712 0 0 0 0 0 0 0 0 0 0 0 0 0 0 0 0 0 0 0 0 0 0 0 0 0 0 0 0 0 0 0 0 
0 0 0 0 0 0 0 0 0 0 0 0 0 0 0 0 0 0 0 0 0 0 0 0 0 0 0 0 0 9366.81 11389.9 30934.9 37618.9 0 0 0 0 0 0 0 0 0 0 0 0 0 0 0 0 0 0 0 0 0 0 0 0 0 0 0 0 0 0 0 0 
0 0 0 0 0 0 0 0 0 0 0 0 0 0 0 0 0 0 0 0 0 0 0 0 0 0 0 0 0 0 238.861 7323.19 2017.82 0 0 0 0 0 0 0 0 0 0 0 0 0 0 0 0 0 0 0 0 0 0 0 0 0 0 0 0 0 0 0 0 
0 0 0 0 0 0 0 0 0 0 0 0 0 0 0 0 0 0 0 0 0 0 0 0 0 0 0 0 0 0 930.13 381.772 1812.59 0 0 0 0 0 0 0 0 0 0 0 0 0 0 0 0 0 0 0 0 0 0 0 0 0 0 0 0 0 0 0 0 
0 0 0 0 0 0 0 0 0 0 0 0 0 0 0 0 0 0 0 0 0 0 0 0 0 0 0 0 0 0 0 0 244.437 0 0 0 0 0 0 0 0 0 0 0 0 0 0 0 0 0 0 0 0 0 0 0 0 0 0 0 0 0 0 0 0 
0 0 0 0 0 0 0 0 0 0 0 0 0 0 0 0 0 0 0 0 0 0 0 0 0 0 0 0 0 0 0 60.0084 0 0 0 0 0 0 0 0 0 0 0 0 0 0 0 0 0 0 0 0 0 0 0 0 0 0 0 0 0 0 0 0 0 
0 0 0 0 0 0 0 0 0 0 0 0 0 0 0 0 0 0 0 0 0 0 0 0 0 0 0 0 0 0 0 0 0 0 0 0 0 0 0 0 0 0 0 0 0 0 0 0 0 0 0 0 0 0 0 0 0 0 0 0 0 0 0 0 0 
0 0 0 0 0 0 0 0 0 0 0 0 0 0 0 0 0 0 0 0 0 0 0 0 0 0 0 0 0 0 0 0 1.87526 0 0 0 0 0 0 0 0 0 0 0 0 0 0 0 0 0 0 0 0 0 0 0 0 0 0 0 0 0 0 0 0 
