1 0 0 0 0 0 0 0 0 0 0 0 0 0 0 0 0 0 0 0 0 0 0 0 0 0 0 0 0 0 0 0 0 0 0 0 0 0 0 0 0 0 0 0 0 0 0 0 0 0 0 0 0 0 0 0 0 0 0 0 0 0 0 0 1 
0 0 0 0 0 0 0 0 0 0 0 0 0 0 0 0 0 0 0 0 0 0 0 0 0 0 0 0 0 0 0 0 0 0 0 0 0 0 0 0 0 0 0 0 0 0 0 0 0 0 0 0 0 0 0 0 0 0 0 0 0 0 0 0 0 
0 64 0 0 0 0 0 0 0 0 0 0 0 0 0 0 0 0 0 0 0 0 0 0 0 0 0 0 0 0 0 0 0 0 0 0 0 0 0 0 0 0 0 0 0 0 0 0 0 0 0 0 0 0 0 0 0 0 0 0 0 0 0 0 0 
0 0 128 0 0 0 0 0 0 0 0 0 0 0 0 0 0 0 0 0 0 0 0 0 0 0 0 0 0 0 0 0 0 0 0 0 0 0 0 0 0 0 0 0 0 0 0 0 0 0 0 0 0 0 0 0 0 0 0 0 0 0 0 0 0 
0 0 1888 385.159 64.5799 0 0 0 0 0 0 0 0 0 0 0 0 0 0 0 0 0 0 0 0 0 0 0 0 0 0 0 0 0 0 0 0 0 0 0 0 0 0 0 0 0 0 0 0 0 0 0 0 0 0 0 0 0 0 0 0 0 0 0 0 
0 0 0 7165.68 1104.82 469.211 113.236 0 0 0 0 0 0 0 0 0 0 0 0 0 0 0 0 0 0 0 0 0 0 0 0 0 0 0 0 0 0 0 0 0 0 0 0 0 0 0 0 0 0 0 0 0 0 0 0 0 0 0 0 0 0 0 0 0 0 
0 0 0 34113.2 27239.3 6562.38 2417.12 1323.93 384.974 45.5442 0 0 0 0 0 0 0 0 0 0 0 0 0 0 0 0 0 0 0 0 0 0 0 0 0 0 0 0 0 0 0 0 0 0 0 0 0 0 0 0 0 0 0 0 0 0 0 0 0 0 0 0 0 0 0 
0 0 0 0 183997 96997.6 42533.5 17070.7 8385.84 4926.98 1974.54 616.764 141.013 0 0 0 0 0 0 0 0 0 0 0 0 0 0 0 0 0 0 0 0 0 0 0 0 0 0 0 0 0 0 0 0 0 0 0 0 0 0 0 0 0 0 0 0 0 0 0 0 0 0 0 0 
0 0 0 0 422971 830189 417363 226522 126245 59915.4 38578 20475.8 9911.3 4706.52 1553.95 452.275 86.262 0 0 0 0 0 0 0 21.0169 0 0 0 0 0 0 0 13.1252 0 0 0 0 0 0 0 0 0 0 0 0 0 0 0 0 0 0 0 0 0 0 0 0 0 0 0 0 0 0 0 0 
0 0 0 0 0 2.86099e+06 3.31474e+06 1.99568e+06 1.14597e+06 781043 427452 241036 171873 101976 56531.8 32208.7 15105.7 6666.18 1888.55 774.232 505.824 367.356 267.598 362.95 0 155.065 247.734 230.298 249.669 304.773 344.709 240.236 0 0 0 0 0 0 0 0 0 0 0 0 0 0 0 0 0 0 0 0 0 0 0 0 0 0 0 0 0 0 0 0 0 
0 0 0 0 0 3.8293e+06 1.4616e+07 1.37514e+07 9.59027e+06 6.20467e+06 4.13667e+06 2.85019e+06 1.8298e+06 1.20833e+06 876117 532244 371844 215124 116089 68153.4 39867.6 18848.7 18044.5 9439.81 9273.16 9656.86 10498 11694 9375.99 11310.7 9114.37 9461.63 12999.7 0 0 0 0 0 0 0 0 0 0 0 0 0 0 0 0 0 0 0 0 0 0 0 0 0 0 0 0 0 0 0 0 
0 0 0 0 0 0 3.03306e+07 6.3318e+07 5.79041e+07 4.39191e+07 3.16939e+07 2.25559e+07 1.62301e+07 1.18577e+07 8.27007e+06 6.3521e+06 4.33186e+06 3.07781e+06 2.13122e+06 1.57707e+06 1.01448e+06 775824 521884 387420 277201 265139 237779 241737 258835 229889 233613 224653 219548 0 0 0 0 0 0 0 0 0 0 0 0 0 0 0 0 0 0 0 0 0 0 0 0 0 0 0 0 0 0 0 0 
0 0 0 0 0 0 2.62507e+07 1.69968e+08 2.64164e+08 2.48146e+08 2.04968e+08 1.59331e+08 1.2145e+08 9.15416e+07 6.96234e+07 5.23232e+07 4.11638e+07 3.27136e+07 2.40266e+07 1.85867e+07 1.36452e+07 1.11894e+07 8.47382e+06 6.83372e+06 5.88364e+06 4.62769e+06 4.21208e+06 4.058e+06 3.79153e+06 3.0032e+06 3.32263e+06 3.07912e+06 3.31028e+06 0 0 0 0 0 0 0 0 0 0 0 0 0 0 0 0 0 0 0 0 0 0 0 0 0 0 0 0 0 0 0 0 
0 0 0 0 0 0 0 2.31924e+08 7.8074e+08 1.06961e+09 1.04228e+09 9.14985e+08 7.3425e+08 5.97976e+08 4.98544e+08 4.03052e+08 3.28405e+08 2.56835e+08 2.18993e+08 1.70559e+08 1.44138e+08 1.12658e+08 9.10608e+07 7.97285e+07 6.96746e+07 5.75203e+07 5.29559e+07 5.14916e+07 4.25508e+07 4.09718e+07 4.02904e+07 3.88756e+07 3.6885e+07 0 0 0 0 0 0 0 0 0 0 0 0 0 0 0 0 0 0 0 0 0 0 0 0 0 0 0 0 0 0 0 0 
0 0 0 0 0 0 0 1.40014e+08 1.38661e+09 3.29362e+09 4.28385e+09 4.36611e+09 4.04068e+09 3.54965e+09 3.02052e+09 2.63368e+09 2.29104e+09 1.86012e+09 1.52707e+09 1.37665e+09 1.09402e+09 9.97552e+08 8.3724e+08 7.40302e+08 6.07297e+08 5.19707e+08 4.68284e+08 4.55196e+08 4.27146e+08 3.85635e+08 3.82052e+08 3.70757e+08 3.75668e+08 0 0 0 0 0 0 0 0 0 0 0 0 0 0 0 0 0 0 0 0 0 0 0 0 0 0 0 0 0 0 0 0 
0 0 0 0 0 0 0 0 1.34047e+09 6.67521e+09 1.30687e+10 1.68279e+10 1.77687e+10 1.7424e+10 1.60419e+10 1.45964e+10 1.25741e+10 1.11102e+10 9.96529e+09 8.63735e+09 7.4373e+09 6.81897e+09 5.90056e+09 5.12096e+09 4.75293e+09 4.32401e+09 4.0648e+09 3.58155e+09 3.52655e+09 3.29294e+09 3.08423e+09 2.93796e+09 3.02845e+09 0 0 0 0 0 0 0 0 0 0 0 0 0 0 0 0 0 0 0 0 0 0 0 0 0 0 0 0 0 0 0 0 
0 0 0 0 0 0 0 0 5.85404e+08 8.30283e+09 2.85408e+10 4.99487e+10 6.45971e+10 7.0718e+10 7.16895e+10 6.8476e+10 6.49248e+10 6.01374e+10 5.48985e+10 4.84027e+10 4.46292e+10 4.03876e+10 3.62361e+10 3.32056e+10 3.00245e+10 2.74974e+10 2.62206e+10 2.54146e+10 2.35823e+10 2.25664e+10 2.15708e+10 2.1922e+10 2.2131e+10 0 0 0 0 0 0 0 0 0 0 0 0 0 0 0 0 0 0 0 0 0 0 0 0 0 0 0 0 0 0 0 0 
0 0 0 0 0 0 0 0 0 5.94246e+09 4.08232e+10 1.12007e+11 1.86769e+11 2.40242e+11 2.7343e+11 2.86537e+11 2.86381e+11 2.7414e+11 2.65855e+11 2.52729e+11 2.32393e+11 2.14809e+11 1.97718e+11 1.83929e+11 1.76384e+11 1.65777e+11 1.58716e+11 1.51641e+11 1.38223e+11 1.4314e+11 1.34096e+11 1.33213e+11 1.32438e+11 0 0 0 0 0 0 0 0 0 0 0 0 0 0 0 0 0 0 0 0 0 0 0 0 0 0 0 0 0 0 0 0 
0 0 0 0 0 0 0 0 0 1.95774e+09 3.76483e+10 1.74349e+11 4.09271e+11 6.65542e+11 8.70864e+11 1.01774e+12 1.11119e+12 1.14306e+12 1.14057e+12 1.08874e+12 1.0823e+12 1.02906e+12 9.89778e+11 9.49131e+11 8.88168e+11 8.63743e+11 8.41217e+11 8.16775e+11 7.83101e+11 7.42885e+11 7.67795e+11 7.30633e+11 7.5062e+11 0 0 0 0 0 0 0 0 0 0 0 0 0 0 0 0 0 0 0 0 0 0 0 0 0 0 0 0 0 0 0 0 
0 0 0 0 0 0 0 0 0 0 2.05372e+10 1.85893e+11 6.74185e+11 1.451e+12 2.30277e+12 3.07804e+12 3.62245e+12 4.07526e+12 4.32628e+12 4.46859e+12 4.45394e+12 4.45454e+12 4.28676e+12 4.31012e+12 4.23486e+12 4.12782e+12 4.0122e+12 3.91838e+12 3.78804e+12 3.7808e+12 3.75675e+12 3.7892e+12 3.72757e+12 0 0 0 0 0 0 0 0 0 0 0 0 0 0 0 0 0 0 0 0 0 0 0 0 0 0 0 0 0 0 0 0 
0 0 0 0 0 0 0 0 0 0 5.28765e+09 1.31524e+11 7.83596e+11 2.37826e+12 4.82651e+12 7.58177e+12 1.02924e+13 1.24486e+13 1.42255e+13 1.54988e+13 1.65248e+13 1.70014e+13 1.75446e+13 1.75377e+13 1.75819e+13 1.73948e+13 1.73046e+13 1.71013e+13 1.69501e+13 1.69142e+13 1.72786e+13 1.6877e+13 1.70124e+13 0 0 0 0 0 0 0 0 0 0 0 0 0 0 0 0 0 0 0 0 0 0 0 0 0 0 0 0 0 0 0 0 
0 0 0 0 0 0 0 0 0 0 0 5.59956e+10 6.44791e+11 2.9532e+12 7.97939e+12 1.54266e+13 2.40761e+13 3.29255e+13 4.12714e+13 4.8048e+13 5.3511e+13 5.85393e+13 6.16378e+13 6.46727e+13 6.55982e+13 6.62143e+13 6.76885e+13 6.82432e+13 7.06797e+13 6.88905e+13 6.88122e+13 6.95459e+13 7.00269e+13 0 0 0 0 0 0 0 0 0 0 0 0 0 0 0 0 0 0 0 0 0 0 0 0 0 0 0 0 0 0 0 0 
0 0 0 0 0 0 0 0 0 0 0 1.15847e+10 3.55117e+11 2.63685e+12 1.0022e+13 2.50579e+13 4.74237e+13 7.41987e+13 1.01345e+14 1.29652e+14 1.5284e+14 1.74778e+14 1.95647e+14 2.08879e+14 2.25156e+14 2.32973e+14 2.37726e+14 2.39587e+14 2.44479e+14 2.51139e+14 2.52168e+14 2.55876e+14 2.54503e+14 0 0 0 0 0 0 0 0 0 0 0 0 0 0 0 0 0 0 0 0 0 0 0 0 0 0 0 0 0 0 0 0 
0 0 0 0 0 0 0 0 0 0 0 0 1.22624e+11 1.7183e+12 9.5353e+12 3.14672e+13 7.36451e+13 1.3628e+14 2.13608e+14 2.98015e+14 3.85021e+14 4.64269e+14 5.39672e+14 6.1342e+14 6.63666e+14 7.1432e+14 7.49623e+14 7.93393e+14 8.02922e+14 8.14978e+14 8.35969e+14 8.42845e+14 8.47545e+14 0 0 0 0 0 0 0 0 0 0 0 0 0 0 0 0 0 0 0 0 0 0 0 0 0 0 0 0 0 0 0 0 
0 0 0 0 0 0 0 0 0 0 0 0 2.05809e+10 7.5549e+11 6.79813e+12 3.09789e+13 9.17766e+13 2.04851e+14 3.73856e+14 5.8247e+14 8.23417e+14 1.07801e+15 1.32074e+15 1.54497e+15 1.75614e+15 1.95618e+15 2.11245e+15 2.26987e+15 2.37907e+15 2.4391e+15 2.48596e+15 2.53733e+15 2.54625e+15 0 0 0 0 0 0 0 0 0 0 0 0 0 0 0 0 0 0 0 0 0 0 0 0 0 0 0 0 0 0 0 0 
0 0 0 0 0 0 0 0 0 0 0 0 0 2.15684e+11 3.53328e+12 2.33568e+13 9.20635e+13 2.5153e+14 5.37797e+14 9.61955e+14 1.50948e+15 2.13933e+15 2.8149e+15 3.5286e+15 4.18037e+15 4.765e+15 5.33598e+15 5.79561e+15 6.18042e+15 6.48622e+15 6.76124e+15 6.85936e+15 6.88978e+15 0 0 0 0 0 0 0 0 0 0 0 0 0 0 0 0 0 0 0 0 0 0 0 0 0 0 0 0 0 0 0 0 
0 0 0 0 0 0 0 0 0 0 0 0 0 2.98963e+10 1.28298e+12 1.338e+13 7.0887e+13 2.48332e+14 6.3815e+14 1.32497e+15 2.32619e+15 3.62586e+15 5.16067e+15 6.78298e+15 8.59638e+15 1.03113e+16 1.19516e+16 1.32811e+16 1.45288e+16 1.56541e+16 1.62585e+16 1.67046e+16 1.68624e+16 0 0 0 0 0 0 0 0 0 0 0 0 0 0 0 0 0 0 0 0 0 0 0 0 0 0 0 0 0 0 0 0 
0 0 0 0 0 0 0 0 0 0 0 0 0 0 3.03746e+11 5.68182e+12 4.3478e+13 1.94804e+14 6.19611e+14 1.51206e+15 3.03892e+15 5.27765e+15 8.21577e+15 1.17323e+16 1.55063e+16 1.94923e+16 2.33955e+16 2.69871e+16 3.02864e+16 3.24014e+16 3.45712e+16 3.59726e+16 3.63655e+16 0 0 0 0 0 0 0 0 0 0 0 0 0 0 0 0 0 0 0 0 0 0 0 0 0 0 0 0 0 0 0 0 
0 0 0 0 0 0 0 0 0 0 0 0 0 0 3.59564e+10 1.73892e+12 2.03526e+13 1.23383e+14 4.86136e+14 1.4271e+15 3.32848e+15 6.52838e+15 1.10897e+16 1.70386e+16 2.42202e+16 3.21919e+16 4.02085e+16 4.84308e+16 5.48583e+16 6.14682e+16 6.5605e+16 6.81192e+16 6.94512e+16 0 0 0 0 0 0 0 0 0 0 0 0 0 0 0 0 0 0 0 0 0 0 0 0 0 0 0 0 0 0 0 0 
0 0 0 0 0 0 0 0 0 0 0 0 0 0 0 3.44987e+11 7.2124e+12 6.17857e+13 3.11053e+14 1.09597e+15 3.00323e+15 6.6864e+15 1.29067e+16 2.17348e+16 3.28854e+16 4.61133e+16 6.06883e+16 7.49597e+16 8.95824e+16 1.01036e+17 1.10346e+17 1.15816e+17 1.16653e+17 0 0 0 0 0 0 0 0 0 0 0 0 0 0 0 0 0 0 0 0 0 0 0 0 0 0 0 0 0 0 0 0 
0 0 0 0 0 0 0 0 0 0 0 0 0 0 0 3.56615e+10 1.86848e+12 2.41335e+13 1.62239e+14 7.06273e+14 2.26639e+15 5.85003e+15 1.2406e+16 2.31144e+16 3.80979e+16 5.69312e+16 7.88407e+16 1.02888e+17 1.25525e+17 1.46063e+17 1.62818e+17 1.7213e+17 1.76945e+17 0 0 0 0 0 0 0 0 0 0 0 0 0 0 0 0 0 0 0 0 0 0 0 0 0 0 0 0 0 0 0 0 
0 0 0 0 0 0 0 0 0 0 0 0 0 0 0 0 3.21514e+11 7.26636e+12 6.72101e+13 3.73342e+14 1.4448e+15 4.25198e+15 1.02949e+16 2.10232e+16 3.80598e+16 6.11576e+16 8.95354e+16 1.21221e+17 1.53649e+17 1.83673e+17 2.06095e+17 2.23339e+17 2.28925e+17 0 0 0 0 0 0 0 0 0 0 0 0 0 0 0 0 0 0 0 0 0 0 0 0 0 0 0 0 0 0 0 0 
0 0 0 0 0 0 0 0 0 0 0 0 0 0 0 0 2.92959e+10 1.60334e+12 2.22718e+13 1.61318e+14 7.59805e+14 2.64241e+15 7.26547e+15 1.65271e+16 3.23286e+16 5.63814e+16 8.79866e+16 1.24343e+17 1.64225e+17 2.02312e+17 2.33591e+17 2.54298e+17 2.60581e+17 0 0 0 0 0 0 0 0 0 0 0 0 0 0 0 0 0 0 0 0 0 0 0 0 0 0 0 0 0 0 0 0 
0 0 0 0 0 0 0 0 0 0 0 0 0 0 0 0 0 2.44208e+11 5.82935e+12 5.66793e+13 3.33917e+14 1.37564e+15 4.32889e+15 1.11128e+16 2.38848e+16 4.45181e+16 7.43497e+16 1.11806e+17 1.53196e+17 1.94127e+17 2.29712e+17 2.5308e+17 2.60968e+17 0 0 0 0 0 0 0 0 0 0 0 0 0 0 0 0 0 0 0 0 0 0 0 0 0 0 0 0 0 0 0 0 
0 0 0 0 0 0 0 0 0 0 0 0 0 0 0 0 0 2.0016e+10 1.12335e+12 1.62399e+13 1.22383e+14 6.07365e+14 2.22795e+15 6.3937e+15 1.52243e+16 3.09026e+16 5.45305e+16 8.71662e+16 1.24622e+17 1.62609e+17 1.96361e+17 2.19096e+17 2.26664e+17 0 0 0 0 0 0 0 0 0 0 0 0 0 0 0 0 0 0 0 0 0 0 0 0 0 0 0 0 0 0 0 0 
0 0 0 0 0 0 0 0 0 0 0 0 0 0 0 0 0 0 1.52548e+11 3.69759e+12 3.73407e+13 2.27883e+14 9.68393e+14 3.17576e+15 8.38339e+15 1.84848e+16 3.51568e+16 5.87353e+16 8.84636e+16 1.18935e+17 1.47361e+17 1.65889e+17 1.74877e+17 0 0 0 0 0 0 0 0 0 0 0 0 0 0 0 0 0 0 0 0 0 0 0 0 0 0 0 0 0 0 0 0 
0 0 0 0 0 0 0 0 0 0 0 0 0 0 0 0 0 0 1.13211e+10 6.45974e+11 9.41846e+12 7.24519e+13 3.66506e+14 1.37023e+15 3.98518e+15 9.71181e+15 1.98594e+16 3.51658e+16 5.48968e+16 7.7636e+16 9.78318e+16 1.13048e+17 1.17369e+17 0 0 0 0 0 0 0 0 0 0 0 0 0 0 0 0 0 0 0 0 0 0 0 0 0 0 0 0 0 0 0 0 
0 0 0 0 0 0 0 0 0 0 0 0 0 0 0 0 0 0 0 7.86949e+10 1.89976e+12 1.90691e+13 1.1843e+14 5.04194e+14 1.67646e+15 4.35601e+15 9.87669e+15 1.84622e+16 3.02346e+16 4.42855e+16 5.70029e+16 6.64876e+16 6.98025e+16 0 0 0 0 0 0 0 0 0 0 0 0 0 0 0 0 0 0 0 0 0 0 0 0 0 0 0 0 0 0 0 0 
0 0 0 0 0 0 0 0 0 0 0 0 0 0 0 0 0 0 0 5.51233e+09 3.00838e+11 4.28886e+12 3.28037e+13 1.66123e+14 6.11256e+14 1.80074e+15 4.17125e+15 8.5233e+15 1.47185e+16 2.22512e+16 2.96019e+16 3.49439e+16 3.71604e+16 0 0 0 0 0 0 0 0 0 0 0 0 0 0 0 0 0 0 0 0 0 0 0 0 0 0 0 0 0 0 0 0 
0 0 0 0 0 0 0 0 0 0 0 0 0 0 0 0 0 0 0 0 3.35792e+10 7.80889e+11 7.7305e+12 4.70591e+13 1.99778e+14 6.47691e+14 1.65828e+15 3.54967e+15 6.50794e+15 9.97831e+15 1.37032e+16 1.64934e+16 1.75733e+16 0 0 0 0 0 0 0 0 0 0 0 0 0 0 0 0 0 0 0 0 0 0 0 0 0 0 0 0 0 0 0 0 
0 0 0 0 0 0 0 0 0 0 0 0 0 0 0 0 0 0 0 0 2.37179e+09 1.14641e+11 1.56333e+12 1.1495e+13 5.71827e+13 2.03117e+14 5.75153e+14 1.30464e+15 2.49648e+15 4.10628e+15 5.79556e+15 7.06133e+15 7.42778e+15 0 0 0 0 0 0 0 0 0 0 0 0 0 0 0 0 0 0 0 0 0 0 0 0 0 0 0 0 0 0 0 0 
0 0 0 0 0 0 0 0 0 0 0 0 0 0 0 0 0 0 0 0 0 1.18482e+10 2.61756e+11 2.53335e+12 1.43958e+13 5.84758e+13 1.81195e+14 4.41101e+14 8.83696e+14 1.4929e+15 2.14196e+15 2.66227e+15 2.90749e+15 0 0 0 0 0 0 0 0 0 0 0 0 0 0 0 0 0 0 0 0 0 0 0 0 0 0 0 0 0 0 0 0 
0 0 0 0 0 0 0 0 0 0 0 0 0 0 0 0 0 0 0 0 0 9.0207e+08 3.63304e+10 4.59613e+11 3.21126e+12 1.47704e+13 4.97377e+13 1.3455e+14 2.81542e+14 4.96032e+14 7.46777e+14 9.40566e+14 1.00541e+15 0 0 0 0 0 0 0 0 0 0 0 0 0 0 0 0 0 0 0 0 0 0 0 0 0 0 0 0 0 0 0 0 
0 0 0 0 0 0 0 0 0 0 0 0 0 0 0 0 0 0 0 0 0 0 3.69167e+09 7.25598e+10 6.46513e+11 3.39403e+12 1.30053e+13 3.68955e+13 8.42525e+13 1.53403e+14 2.26913e+14 3.00503e+14 3.25235e+14 0 0 0 0 0 0 0 0 0 0 0 0 0 0 0 0 0 0 0 0 0 0 0 0 0 0 0 0 0 0 0 0 
0 0 0 0 0 0 0 0 0 0 0 0 0 0 0 0 0 0 0 0 0 0 3.22823e+08 9.82413e+09 1.09092e+11 7.11129e+11 2.93622e+12 9.23005e+12 2.30068e+13 4.32036e+13 6.79085e+13 8.78544e+13 9.68893e+13 0 0 0 0 0 0 0 0 0 0 0 0 0 0 0 0 0 0 0 0 0 0 0 0 0 0 0 0 0 0 0 0 
0 0 0 0 0 0 0 0 0 0 0 0 0 0 0 0 0 0 0 0 0 0 0 9.85075e+08 1.64669e+10 1.32363e+11 6.17895e+11 2.12103e+12 5.4538e+12 1.09954e+13 1.85964e+13 2.41611e+13 2.63634e+13 0 0 0 0 0 0 0 0 0 0 0 0 0 0 0 0 0 0 0 0 0 0 0 0 0 0 0 0 0 0 0 0 
0 0 0 0 0 0 0 0 0 0 0 0 0 0 0 0 0 0 0 0 0 0 0 1.03879e+08 2.23148e+09 2.11883e+10 1.21698e+11 4.5649e+11 1.24038e+12 2.74604e+12 4.4033e+12 6.37685e+12 6.82388e+12 0 0 0 0 0 0 0 0 0 0 0 0 0 0 0 0 0 0 0 0 0 0 0 0 0 0 0 0 0 0 0 0 
0 0 0 0 0 0 0 0 0 0 0 0 0 0 0 0 0 0 0 0 0 0 0 0 2.18388e+08 3.21701e+09 2.1115e+10 9.18402e+10 2.74972e+11 5.93308e+11 1.04987e+12 1.4002e+12 1.6283e+12 0 0 0 0 0 0 0 0 0 0 0 0 0 0 0 0 0 0 0 0 0 0 0 0 0 0 0 0 0 0 0 0 
0 0 0 0 0 0 0 0 0 0 0 0 0 0 0 0 0 0 0 0 0 0 0 0 3.09992e+07 4.71465e+08 3.50681e+09 1.70287e+10 5.42797e+10 1.28239e+11 2.33027e+11 3.26656e+11 3.70654e+11 0 0 0 0 0 0 0 0 0 0 0 0 0 0 0 0 0 0 0 0 0 0 0 0 0 0 0 0 0 0 0 0 
0 0 0 0 0 0 0 0 0 0 0 0 0 0 0 0 0 0 0 0 0 0 0 0 0 4.40953e+07 5.45789e+08 3.01749e+09 1.02476e+10 2.59727e+10 4.87284e+10 7.26301e+10 7.79069e+10 0 0 0 0 0 0 0 0 0 0 0 0 0 0 0 0 0 0 0 0 0 0 0 0 0 0 0 0 0 0 0 0 
0 0 0 0 0 0 0 0 0 0 0 0 0 0 0 0 0 0 0 0 0 0 0 0 0 8.52865e+06 8.55341e+07 4.94944e+08 1.98973e+09 5.09913e+09 9.78837e+09 1.43952e+10 1.69259e+10 0 0 0 0 0 0 0 0 0 0 0 0 0 0 0 0 0 0 0 0 0 0 0 0 0 0 0 0 0 0 0 0 
0 0 0 0 0 0 0 0 0 0 0 0 0 0 0 0 0 0 0 0 0 0 0 0 0 0 7.61321e+06 8.26294e+07 3.618e+08 9.78156e+08 1.91954e+09 2.98164e+09 3.33483e+09 0 0 0 0 0 0 0 0 0 0 0 0 0 0 0 0 0 0 0 0 0 0 0 0 0 0 0 0 0 0 0 0 
0 0 0 0 0 0 0 0 0 0 0 0 0 0 0 0 0 0 0 0 0 0 0 0 0 0 2.0812e+06 1.37865e+07 5.75611e+07 1.92799e+08 3.80387e+08 5.89504e+08 6.76352e+08 0 0 0 0 0 0 0 0 0 0 0 0 0 0 0 0 0 0 0 0 0 0 0 0 0 0 0 0 0 0 0 0 
0 0 0 0 0 0 0 0 0 0 0 0 0 0 0 0 0 0 0 0 0 0 0 0 0 0 0 1.06437e+06 1.13134e+07 3.53221e+07 7.17276e+07 1.14865e+08 1.33688e+08 0 0 0 0 0 0 0 0 0 0 0 0 0 0 0 0 0 0 0 0 0 0 0 0 0 0 0 0 0 0 0 0 
0 0 0 0 0 0 0 0 0 0 0 0 0 0 0 0 0 0 0 0 0 0 0 0 0 0 0 429345 1.81036e+06 5.77335e+06 1.59399e+07 2.20699e+07 2.73691e+07 0 0 0 0 0 0 0 0 0 0 0 0 0 0 0 0 0 0 0 0 0 0 0 0 0 0 0 0 0 0 0 0 
0 0 0 0 0 0 0 0 0 0 0 0 0 0 0 0 0 0 0 0 0 0 0 0 0 0 0 0 110505 1.28846e+06 2.61058e+06 4.80158e+06 5.00398e+06 0 0 0 0 0 0 0 0 0 0 0 0 0 0 0 0 0 0 0 0 0 0 0 0 0 0 0 0 0 0 0 0 
0 0 0 0 0 0 0 0 0 0 0 0 0 0 0 0 0 0 0 0 0 0 0 0 0 0 0 0 73107.7 179893 457028 1.01092e+06 923524 0 0 0 0 0 0 0 0 0 0 0 0 0 0 0 0 0 0 0 0 0 0 0 0 0 0 0 0 0 0 0 0 
0 0 0 0 0 0 0 0 0 0 0 0 0 0 0 0 0 0 0 0 0 0 0 0 0 0 0 0 0 7619.89 119948 118877 253407 0 0 0 0 0 0 0 0 0 0 0 0 0 0 0 0 0 0 0 0 0 0 0 0 0 0 0 0 0 0 0 0 
0 0 0 0 0 0 0 0 0 0 0 0 0 0 0 0 0 0 0 0 0 0 0 0 0 0 0 0 0 9783.23 12205.1 31657.2 39104.7 0 0 0 0 0 0 0 0 0 0 0 0 0 0 0 0 0 0 0 0 0 0 0 0 0 0 0 0 0 0 0 0 
0 0 0 0 0 0 0 0 0 0 0 0 0 0 0 0 0 0 0 0 0 0 0 0 0 0 0 0 0 0 264.471 7783.89 2264.78 0 0 0 0 0 0 0 0 0 0 0 0 0 0 0 0 0 0 0 0 0 0 0 0 0 0 0 0 0 0 0 0 
0 0 0 0 0 0 0 0 0 0 0 0 0 0 0 0 0 0 0 0 0 0 0 0 0 0 0 0 0 0 969.491 407.123 1845.06 0 0 0 0 0 0 0 0 0 0 0 0 0 0 0 0 0 0 0 0 0 0 0 0 0 0 0 0 0 0 0 0 
0 0 0 0 0 0 0 0 0 0 0 0 0 0 0 0 0 0 0 0 0 0 0 0 0 0 0 0 0 0 0 0 260.472 0 0 0 0 0 0 0 0 0 0 0 0 0 0 0 0 0 0 0 0 0 0 0 0 0 0 0 0 0 0 0 0 
0 0 0 0 0 0 0 0 0 0 0 0 0 0 0 0 0 0 0 0 0 0 0 0 0 0 0 0 0 0 0 62.5478 0 0 0 0 0 0 0 0 0 0 0 0 0 0 0 0 0 0 0 0 0 0 0 0 0 0 0 0 0 0 0 0 0 
0 0 0 0 0 0 0 0 0 0 0 0 0 0 0 0 0 0 0 0 0 0 0 0 0 0 0 0 0 0 0 0 0 0 0 0 0 0 0 0 0 0 0 0 0 0 0 0 0 0 0 0 0 0 0 0 0 0 0 0 0 0 0 0 0 
0 0 0 0 0 0 0 0 0 0 0 0 0 0 0 0 0 0 0 0 0 0 0 0 0 0 0 0 0 0 0 0 1.95462 0 0 0 0 0 0 0 0 0 0 0 0 0 0 0 0 0 0 0 0 0 0 0 0 0 0 0 0 0 0 0 0 
