1 0 0 0 0 0 0 0 0 0 0 0 0 0 0 0 0 0 0 0 0 0 0 0 0 0 0 0 0 0 0 0 0 0 0 0 0 0 0 0 0 0 0 0 0 0 0 0 0 0 0 0 0 0 0 0 0 0 0 0 0 0 0 0 1 
0 0 0 0 0 0 0 0 0 0 0 0 0 0 0 0 0 0 0 0 0 0 0 0 0 0 0 0 0 0 0 0 0 0 0 0 0 0 0 0 0 0 0 0 0 0 0 0 0 0 0 0 0 0 0 0 0 0 0 0 0 0 0 0 0 
0 64 0 0 0 0 0 0 0 0 0 0 0 0 0 0 0 0 0 0 0 0 0 0 0 0 0 0 0 0 0 0 0 0 0 0 0 0 0 0 0 0 0 0 0 0 0 0 0 0 0 0 0 0 0 0 0 0 0 0 0 0 0 0 0 
0 0 128 0 0 0 0 0 0 0 0 0 0 0 0 0 0 0 0 0 0 0 0 0 0 0 0 0 0 0 0 0 0 0 0 0 0 0 0 0 0 0 0 0 0 0 0 0 0 0 0 0 0 0 0 0 0 0 0 0 0 0 0 0 0 
0 0 1888 371.399 62.769 0 0 0 0 0 0 0 0 0 0 0 0 0 0 0 0 0 0 0 0 0 0 0 0 0 0 0 0 0 0 0 0 0 0 0 0 0 0 0 0 0 0 0 0 0 0 0 0 0 0 0 0 0 0 0 0 0 0 0 0 
0 0 0 7193.2 1207.99 529.841 123.464 0 0 0 0 0 0 0 0 0 0 0 0 0 0 0 0 0 0 0 0 0 0 0 0 0 0 0 0 0 0 0 0 0 0 0 0 0 0 0 0 0 0 0 0 0 0 0 0 0 0 0 0 0 0 0 0 0 0 
0 0 0 34099.4 27068.4 7031.47 2543.92 1495.83 414.832 61.9515 0 0 0 0 0 0 0 0 0 0 0 0 0 0 0 0 0 0 0 0 0 0 0 0 0 0 0 0 0 0 0 0 0 0 0 0 0 0 0 0 0 0 0 0 0 0 0 0 0 0 0 0 0 0 0 
0 0 0 0 184036 98551.1 44799.3 17822.9 8708.12 4972.04 2036.63 481.85 143.684 0 0 0 0 0 0 0 0 0 0 0 0 0 0 0 0 0 0 0 0 0 0 0 0 0 0 0 0 0 0 0 0 0 0 0 0 0 0 0 0 0 0 0 0 0 0 0 0 0 0 0 0 
0 0 0 0 423001 829501 422849 221282 118733 58317.9 37417.4 19737.9 9362.24 4576.01 1499.52 456.856 87.1304 0 0 0 0 0 0 0 9.66665 0 0 0 0 0 0 0 11.7883 0 0 0 0 0 0 0 0 0 0 0 0 0 0 0 0 0 0 0 0 0 0 0 0 0 0 0 0 0 0 0 0 
0 0 0 0 0 2.85553e+06 3.30392e+06 2.04253e+06 1.15331e+06 713042 428029 245786 149652 89681.6 55116.9 33298 13304.9 7736.2 2321.09 991.018 419.756 210.244 277.177 171.052 0 183.357 207.22 199.256 237.022 254.532 246.985 259.18 0 0 0 0 0 0 0 0 0 0 0 0 0 0 0 0 0 0 0 0 0 0 0 0 0 0 0 0 0 0 0 0 0 
0 0 0 0 0 3.83337e+06 1.46245e+07 1.37437e+07 9.4477e+06 6.13752e+06 3.88794e+06 2.67163e+06 1.78457e+06 1.20824e+06 809753 559157 375151 224781 124511 69642.2 39889.8 21375.8 13857.3 10137.6 9230.06 10240.8 8787.71 9477.92 9383.05 10012.5 9253.3 9837.15 11761.8 0 0 0 0 0 0 0 0 0 0 0 0 0 0 0 0 0 0 0 0 0 0 0 0 0 0 0 0 0 0 0 0 
0 0 0 0 0 0 3.03119e+07 6.33931e+07 5.81109e+07 4.33521e+07 3.1936e+07 2.20794e+07 1.65418e+07 1.1975e+07 8.86348e+06 6.0119e+06 4.39042e+06 2.90429e+06 2.07297e+06 1.5919e+06 1.0745e+06 802306 496507 345789 270774 233965 233791 215149 236073 205882 222035 213263 206826 0 0 0 0 0 0 0 0 0 0 0 0 0 0 0 0 0 0 0 0 0 0 0 0 0 0 0 0 0 0 0 0 
0 0 0 0 0 0 2.62638e+07 1.6967e+08 2.63613e+08 2.48894e+08 2.02839e+08 1.53509e+08 1.23213e+08 9.2214e+07 7.14003e+07 5.25816e+07 4.10757e+07 3.136e+07 2.38509e+07 1.74096e+07 1.43928e+07 1.11461e+07 8.46288e+06 6.64768e+06 5.79116e+06 4.45055e+06 4.05256e+06 3.66717e+06 3.14432e+06 3.44494e+06 3.18529e+06 3.48571e+06 3.30876e+06 0 0 0 0 0 0 0 0 0 0 0 0 0 0 0 0 0 0 0 0 0 0 0 0 0 0 0 0 0 0 0 0 
0 0 0 0 0 0 0 2.32116e+08 7.83808e+08 1.0718e+09 1.04178e+09 9.06145e+08 7.35902e+08 6.14772e+08 4.83497e+08 3.89036e+08 3.22737e+08 2.57332e+08 2.04699e+08 1.71339e+08 1.32952e+08 1.11171e+08 8.94968e+07 8.11022e+07 6.45714e+07 5.84129e+07 5.21379e+07 4.70685e+07 4.27534e+07 4.19823e+07 3.99539e+07 4.08305e+07 4.01279e+07 0 0 0 0 0 0 0 0 0 0 0 0 0 0 0 0 0 0 0 0 0 0 0 0 0 0 0 0 0 0 0 0 
0 0 0 0 0 0 0 1.4001e+08 1.38578e+09 3.2998e+09 4.35006e+09 4.33956e+09 3.99238e+09 3.48559e+09 3.03457e+09 2.54848e+09 2.14196e+09 1.78085e+09 1.50306e+09 1.30517e+09 1.10199e+09 9.29178e+08 8.07532e+08 6.96817e+08 6.00582e+08 5.61408e+08 4.95284e+08 4.50998e+08 4.26296e+08 3.93811e+08 4.11628e+08 3.88634e+08 3.86724e+08 0 0 0 0 0 0 0 0 0 0 0 0 0 0 0 0 0 0 0 0 0 0 0 0 0 0 0 0 0 0 0 0 
0 0 0 0 0 0 0 0 1.33496e+09 6.6778e+09 1.30616e+10 1.70787e+10 1.81299e+10 1.72474e+10 1.55858e+10 1.40146e+10 1.27417e+10 1.07009e+10 9.50667e+09 8.47667e+09 7.56566e+09 6.52666e+09 5.87617e+09 5.12967e+09 4.67346e+09 4.25774e+09 3.97905e+09 3.58269e+09 3.28508e+09 3.41687e+09 3.22624e+09 3.2497e+09 3.24647e+09 0 0 0 0 0 0 0 0 0 0 0 0 0 0 0 0 0 0 0 0 0 0 0 0 0 0 0 0 0 0 0 0 
0 0 0 0 0 0 0 0 5.89166e+08 8.2882e+09 2.84141e+10 5.02544e+10 6.40941e+10 7.04829e+10 6.97598e+10 6.80554e+10 6.31923e+10 5.88839e+10 5.35716e+10 4.8065e+10 4.36949e+10 3.95633e+10 3.48139e+10 3.20697e+10 3.00572e+10 2.70462e+10 2.53788e+10 2.40876e+10 2.3584e+10 2.29875e+10 2.22123e+10 2.18493e+10 2.23053e+10 0 0 0 0 0 0 0 0 0 0 0 0 0 0 0 0 0 0 0 0 0 0 0 0 0 0 0 0 0 0 0 0 
0 0 0 0 0 0 0 0 0 5.92893e+09 4.09306e+10 1.11071e+11 1.86562e+11 2.42604e+11 2.73477e+11 2.81548e+11 2.87262e+11 2.72878e+11 2.60767e+11 2.47883e+11 2.27037e+11 2.16732e+11 1.97615e+11 1.87599e+11 1.72043e+11 1.65301e+11 1.53255e+11 1.4737e+11 1.41853e+11 1.48915e+11 1.40532e+11 1.40179e+11 1.39263e+11 0 0 0 0 0 0 0 0 0 0 0 0 0 0 0 0 0 0 0 0 0 0 0 0 0 0 0 0 0 0 0 0 
0 0 0 0 0 0 0 0 0 1.9749e+09 3.75772e+10 1.74648e+11 4.12283e+11 6.60963e+11 8.81959e+11 1.01453e+12 1.09969e+12 1.13292e+12 1.12685e+12 1.10889e+12 1.09489e+12 1.03848e+12 1.00923e+12 9.7343e+11 9.24678e+11 8.7362e+11 8.50857e+11 8.26419e+11 8.16774e+11 7.81064e+11 7.77603e+11 7.54542e+11 7.43372e+11 0 0 0 0 0 0 0 0 0 0 0 0 0 0 0 0 0 0 0 0 0 0 0 0 0 0 0 0 0 0 0 0 
0 0 0 0 0 0 0 0 0 0 2.0523e+10 1.86465e+11 6.69425e+11 1.4514e+12 2.29046e+12 3.07594e+12 3.66019e+12 4.08112e+12 4.36212e+12 4.46084e+12 4.51318e+12 4.52062e+12 4.40725e+12 4.31607e+12 4.20274e+12 4.17332e+12 4.05256e+12 3.96223e+12 3.87598e+12 3.86686e+12 3.88153e+12 3.83794e+12 3.79208e+12 0 0 0 0 0 0 0 0 0 0 0 0 0 0 0 0 0 0 0 0 0 0 0 0 0 0 0 0 0 0 0 0 
0 0 0 0 0 0 0 0 0 0 5.33577e+09 1.30574e+11 7.8811e+11 2.39104e+12 4.84656e+12 7.66081e+12 1.02642e+13 1.2576e+13 1.43992e+13 1.55587e+13 1.65749e+13 1.71313e+13 1.72423e+13 1.71954e+13 1.77042e+13 1.73999e+13 1.76895e+13 1.77261e+13 1.74429e+13 1.72621e+13 1.71878e+13 1.70977e+13 1.72248e+13 0 0 0 0 0 0 0 0 0 0 0 0 0 0 0 0 0 0 0 0 0 0 0 0 0 0 0 0 0 0 0 0 
0 0 0 0 0 0 0 0 0 0 0 5.64292e+10 6.40252e+11 2.93616e+12 7.94759e+12 1.5322e+13 2.41844e+13 3.31893e+13 4.12593e+13 4.90003e+13 5.44903e+13 5.87934e+13 6.21809e+13 6.47288e+13 6.62876e+13 6.81084e+13 6.74812e+13 6.78234e+13 6.84168e+13 6.99825e+13 6.87757e+13 6.98661e+13 6.95614e+13 0 0 0 0 0 0 0 0 0 0 0 0 0 0 0 0 0 0 0 0 0 0 0 0 0 0 0 0 0 0 0 0 
0 0 0 0 0 0 0 0 0 0 0 1.16509e+10 3.56881e+11 2.6511e+12 1.00034e+13 2.50991e+13 4.71447e+13 7.3071e+13 1.01863e+14 1.28051e+14 1.54322e+14 1.77061e+14 1.95572e+14 2.11792e+14 2.18749e+14 2.3197e+14 2.35549e+14 2.39802e+14 2.46727e+14 2.5254e+14 2.57148e+14 2.59228e+14 2.57828e+14 0 0 0 0 0 0 0 0 0 0 0 0 0 0 0 0 0 0 0 0 0 0 0 0 0 0 0 0 0 0 0 0 
0 0 0 0 0 0 0 0 0 0 0 0 1.23044e+11 1.70247e+12 9.61111e+12 3.14343e+13 7.33456e+13 1.36918e+14 2.12582e+14 2.98811e+14 3.84347e+14 4.63397e+14 5.38891e+14 5.98913e+14 6.77587e+14 7.09003e+14 7.56137e+14 7.84542e+14 8.10215e+14 8.19413e+14 8.42469e+14 8.34205e+14 8.49483e+14 0 0 0 0 0 0 0 0 0 0 0 0 0 0 0 0 0 0 0 0 0 0 0 0 0 0 0 0 0 0 0 0 
0 0 0 0 0 0 0 0 0 0 0 0 2.05629e+10 7.63827e+11 6.76039e+12 3.10126e+13 9.27873e+13 2.04541e+14 3.72518e+14 5.79769e+14 8.17496e+14 1.0729e+15 1.3254e+15 1.5703e+15 1.75648e+15 1.96019e+15 2.12078e+15 2.26668e+15 2.39363e+15 2.47188e+15 2.47915e+15 2.55207e+15 2.56631e+15 0 0 0 0 0 0 0 0 0 0 0 0 0 0 0 0 0 0 0 0 0 0 0 0 0 0 0 0 0 0 0 0 
0 0 0 0 0 0 0 0 0 0 0 0 0 2.15473e+11 3.51618e+12 2.33971e+13 9.13825e+13 2.5174e+14 5.37507e+14 9.66427e+14 1.49664e+15 2.12826e+15 2.81074e+15 3.48895e+15 4.14418e+15 4.78295e+15 5.35211e+15 5.85728e+15 6.24514e+15 6.54852e+15 6.79797e+15 6.90477e+15 6.91562e+15 0 0 0 0 0 0 0 0 0 0 0 0 0 0 0 0 0 0 0 0 0 0 0 0 0 0 0 0 0 0 0 0 
0 0 0 0 0 0 0 0 0 0 0 0 0 2.98952e+10 1.2955e+12 1.33153e+13 7.12563e+13 2.48225e+14 6.4133e+14 1.32445e+15 2.35196e+15 3.64709e+15 5.16903e+15 6.89983e+15 8.64666e+15 1.03255e+16 1.1924e+16 1.32174e+16 1.44146e+16 1.54308e+16 1.63316e+16 1.66764e+16 1.69777e+16 0 0 0 0 0 0 0 0 0 0 0 0 0 0 0 0 0 0 0 0 0 0 0 0 0 0 0 0 0 0 0 0 
0 0 0 0 0 0 0 0 0 0 0 0 0 0 3.04457e+11 5.69398e+12 4.32124e+13 1.96141e+14 6.19235e+14 1.51096e+15 3.04808e+15 5.29854e+15 8.24822e+15 1.16865e+16 1.54624e+16 1.93656e+16 2.33452e+16 2.68925e+16 3.02734e+16 3.28374e+16 3.44012e+16 3.57877e+16 3.59328e+16 0 0 0 0 0 0 0 0 0 0 0 0 0 0 0 0 0 0 0 0 0 0 0 0 0 0 0 0 0 0 0 0 
0 0 0 0 0 0 0 0 0 0 0 0 0 0 3.57129e+10 1.74435e+12 2.03527e+13 1.22827e+14 4.85877e+14 1.42071e+15 3.29848e+15 6.49362e+15 1.10794e+16 1.70945e+16 2.42982e+16 3.22579e+16 4.02119e+16 4.82031e+16 5.54085e+16 6.1329e+16 6.5386e+16 6.84477e+16 6.94486e+16 0 0 0 0 0 0 0 0 0 0 0 0 0 0 0 0 0 0 0 0 0 0 0 0 0 0 0 0 0 0 0 0 
0 0 0 0 0 0 0 0 0 0 0 0 0 0 0 3.46992e+11 7.24311e+12 6.11946e+13 3.1066e+14 1.10483e+15 3.01177e+15 6.70401e+15 1.28011e+16 2.14601e+16 3.27238e+16 4.62179e+16 6.0473e+16 7.5354e+16 8.89844e+16 1.00875e+17 1.106e+17 1.15029e+17 1.17494e+17 0 0 0 0 0 0 0 0 0 0 0 0 0 0 0 0 0 0 0 0 0 0 0 0 0 0 0 0 0 0 0 0 
0 0 0 0 0 0 0 0 0 0 0 0 0 0 0 3.54513e+10 1.87743e+12 2.42044e+13 1.62258e+14 7.05109e+14 2.27447e+15 5.82436e+15 1.25193e+16 2.32503e+16 3.84246e+16 5.69003e+16 7.93171e+16 1.0228e+17 1.24975e+17 1.45413e+17 1.61516e+17 1.72277e+17 1.75013e+17 0 0 0 0 0 0 0 0 0 0 0 0 0 0 0 0 0 0 0 0 0 0 0 0 0 0 0 0 0 0 0 0 
0 0 0 0 0 0 0 0 0 0 0 0 0 0 0 0 3.21555e+11 7.29054e+12 6.68617e+13 3.71336e+14 1.44088e+15 4.26722e+15 1.02505e+16 2.11175e+16 3.78193e+16 6.10871e+16 8.95102e+16 1.21516e+17 1.53922e+17 1.84356e+17 2.08925e+17 2.25334e+17 2.31093e+17 0 0 0 0 0 0 0 0 0 0 0 0 0 0 0 0 0 0 0 0 0 0 0 0 0 0 0 0 0 0 0 0 
0 0 0 0 0 0 0 0 0 0 0 0 0 0 0 0 2.90499e+10 1.63035e+12 2.24194e+13 1.61654e+14 7.57534e+14 2.6295e+15 7.23976e+15 1.64539e+16 3.22622e+16 5.63863e+16 8.74628e+16 1.25554e+17 1.64849e+17 2.01149e+17 2.32873e+17 2.54137e+17 2.60865e+17 0 0 0 0 0 0 0 0 0 0 0 0 0 0 0 0 0 0 0 0 0 0 0 0 0 0 0 0 0 0 0 0 
0 0 0 0 0 0 0 0 0 0 0 0 0 0 0 0 0 2.4308e+11 5.80505e+12 5.64576e+13 3.35243e+14 1.38894e+15 4.35505e+15 1.1094e+16 2.39598e+16 4.45888e+16 7.47835e+16 1.11092e+17 1.53211e+17 1.95338e+17 2.27873e+17 2.49205e+17 2.59024e+17 0 0 0 0 0 0 0 0 0 0 0 0 0 0 0 0 0 0 0 0 0 0 0 0 0 0 0 0 0 0 0 0 
0 0 0 0 0 0 0 0 0 0 0 0 0 0 0 0 0 1.97515e+10 1.13783e+12 1.64442e+13 1.22206e+14 6.07587e+14 2.22907e+15 6.42954e+15 1.52113e+16 3.09096e+16 5.46171e+16 8.68763e+16 1.24546e+17 1.62619e+17 1.97103e+17 2.21315e+17 2.2786e+17 0 0 0 0 0 0 0 0 0 0 0 0 0 0 0 0 0 0 0 0 0 0 0 0 0 0 0 0 0 0 0 0 
0 0 0 0 0 0 0 0 0 0 0 0 0 0 0 0 0 0 1.52201e+11 3.70743e+12 3.76381e+13 2.27241e+14 9.74515e+14 3.17689e+15 8.3937e+15 1.84031e+16 3.50412e+16 5.88496e+16 8.79956e+16 1.19787e+17 1.48186e+17 1.67285e+17 1.73881e+17 0 0 0 0 0 0 0 0 0 0 0 0 0 0 0 0 0 0 0 0 0 0 0 0 0 0 0 0 0 0 0 0 
0 0 0 0 0 0 0 0 0 0 0 0 0 0 0 0 0 0 1.13319e+10 6.49008e+11 9.45926e+12 7.17651e+13 3.65711e+14 1.36459e+15 3.98879e+15 9.6469e+15 1.97863e+16 3.50916e+16 5.51113e+16 7.67257e+16 9.74784e+16 1.11853e+17 1.18238e+17 0 0 0 0 0 0 0 0 0 0 0 0 0 0 0 0 0 0 0 0 0 0 0 0 0 0 0 0 0 0 0 0 
0 0 0 0 0 0 0 0 0 0 0 0 0 0 0 0 0 0 0 7.78434e+10 1.90191e+12 1.94882e+13 1.17244e+14 5.07594e+14 1.6817e+15 4.45554e+15 9.75592e+15 1.84653e+16 3.0359e+16 4.42734e+16 5.67356e+16 6.63817e+16 6.98302e+16 0 0 0 0 0 0 0 0 0 0 0 0 0 0 0 0 0 0 0 0 0 0 0 0 0 0 0 0 0 0 0 0 
0 0 0 0 0 0 0 0 0 0 0 0 0 0 0 0 0 0 0 5.56533e+09 3.01076e+11 4.33385e+12 3.32748e+13 1.67238e+14 6.15693e+14 1.79368e+15 4.29782e+15 8.49841e+15 1.47398e+16 2.21136e+16 2.96366e+16 3.51328e+16 3.68058e+16 0 0 0 0 0 0 0 0 0 0 0 0 0 0 0 0 0 0 0 0 0 0 0 0 0 0 0 0 0 0 0 0 
0 0 0 0 0 0 0 0 0 0 0 0 0 0 0 0 0 0 0 0 3.30356e+10 7.92298e+11 7.78134e+12 4.70333e+13 1.99417e+14 6.41975e+14 1.65131e+15 3.57457e+15 6.40334e+15 1.01245e+16 1.38195e+16 1.65506e+16 1.7653e+16 0 0 0 0 0 0 0 0 0 0 0 0 0 0 0 0 0 0 0 0 0 0 0 0 0 0 0 0 0 0 0 0 
0 0 0 0 0 0 0 0 0 0 0 0 0 0 0 0 0 0 0 0 2.38653e+09 1.13322e+11 1.58114e+12 1.16064e+13 5.70804e+13 2.05669e+14 5.7808e+14 1.30858e+15 2.49737e+15 4.04267e+15 5.7404e+15 7.04524e+15 7.45672e+15 0 0 0 0 0 0 0 0 0 0 0 0 0 0 0 0 0 0 0 0 0 0 0 0 0 0 0 0 0 0 0 0 
0 0 0 0 0 0 0 0 0 0 0 0 0 0 0 0 0 0 0 0 0 1.17748e+10 2.62574e+11 2.50314e+12 1.42632e+13 5.87782e+13 1.80466e+14 4.42243e+14 8.94412e+14 1.50982e+15 2.15445e+15 2.63759e+15 2.91502e+15 0 0 0 0 0 0 0 0 0 0 0 0 0 0 0 0 0 0 0 0 0 0 0 0 0 0 0 0 0 0 0 0 
0 0 0 0 0 0 0 0 0 0 0 0 0 0 0 0 0 0 0 0 0 9.25292e+08 3.54794e+10 4.616e+11 3.17819e+12 1.48989e+13 5.05726e+13 1.3397e+14 2.86517e+14 4.99773e+14 7.37268e+14 9.34607e+14 1.00273e+15 0 0 0 0 0 0 0 0 0 0 0 0 0 0 0 0 0 0 0 0 0 0 0 0 0 0 0 0 0 0 0 0 
0 0 0 0 0 0 0 0 0 0 0 0 0 0 0 0 0 0 0 0 0 0 3.6416e+09 7.14884e+10 6.40542e+11 3.32833e+12 1.28515e+13 3.67192e+13 8.33579e+13 1.51801e+14 2.32691e+14 2.99588e+14 3.23005e+14 0 0 0 0 0 0 0 0 0 0 0 0 0 0 0 0 0 0 0 0 0 0 0 0 0 0 0 0 0 0 0 0 
0 0 0 0 0 0 0 0 0 0 0 0 0 0 0 0 0 0 0 0 0 0 3.31717e+08 9.58925e+09 1.09536e+11 6.85365e+11 2.90369e+12 9.29799e+12 2.21992e+13 4.371e+13 6.67541e+13 8.77028e+13 9.4716e+13 0 0 0 0 0 0 0 0 0 0 0 0 0 0 0 0 0 0 0 0 0 0 0 0 0 0 0 0 0 0 0 0 
0 0 0 0 0 0 0 0 0 0 0 0 0 0 0 0 0 0 0 0 0 0 0 9.4831e+08 1.61483e+10 1.29441e+11 6.13153e+11 2.14657e+12 5.48988e+12 1.12671e+13 1.80175e+13 2.39715e+13 2.68993e+13 0 0 0 0 0 0 0 0 0 0 0 0 0 0 0 0 0 0 0 0 0 0 0 0 0 0 0 0 0 0 0 0 
0 0 0 0 0 0 0 0 0 0 0 0 0 0 0 0 0 0 0 0 0 0 0 1.0308e+08 2.17279e+09 2.11815e+10 1.17658e+11 4.41512e+11 1.27988e+12 2.67645e+12 4.62185e+12 6.02885e+12 6.79105e+12 0 0 0 0 0 0 0 0 0 0 0 0 0 0 0 0 0 0 0 0 0 0 0 0 0 0 0 0 0 0 0 0 
0 0 0 0 0 0 0 0 0 0 0 0 0 0 0 0 0 0 0 0 0 0 0 0 2.19044e+08 3.10778e+09 2.10884e+10 8.82297e+10 2.66649e+11 6.04035e+11 1.04746e+12 1.46039e+12 1.61123e+12 0 0 0 0 0 0 0 0 0 0 0 0 0 0 0 0 0 0 0 0 0 0 0 0 0 0 0 0 0 0 0 0 
0 0 0 0 0 0 0 0 0 0 0 0 0 0 0 0 0 0 0 0 0 0 0 0 3.0722e+07 4.40839e+08 3.45656e+09 1.62947e+10 5.36884e+10 1.28682e+11 2.25688e+11 3.31047e+11 3.6434e+11 0 0 0 0 0 0 0 0 0 0 0 0 0 0 0 0 0 0 0 0 0 0 0 0 0 0 0 0 0 0 0 0 
0 0 0 0 0 0 0 0 0 0 0 0 0 0 0 0 0 0 0 0 0 0 0 0 0 4.37522e+07 5.22102e+08 2.93004e+09 1.01063e+10 2.64794e+10 5.13785e+10 7.05206e+10 7.95464e+10 0 0 0 0 0 0 0 0 0 0 0 0 0 0 0 0 0 0 0 0 0 0 0 0 0 0 0 0 0 0 0 0 
0 0 0 0 0 0 0 0 0 0 0 0 0 0 0 0 0 0 0 0 0 0 0 0 0 8.39777e+06 8.0522e+07 4.81368e+08 1.85681e+09 4.98501e+09 9.6811e+09 1.49874e+10 1.69066e+10 0 0 0 0 0 0 0 0 0 0 0 0 0 0 0 0 0 0 0 0 0 0 0 0 0 0 0 0 0 0 0 0 
0 0 0 0 0 0 0 0 0 0 0 0 0 0 0 0 0 0 0 0 0 0 0 0 0 0 7.48086e+06 8.12191e+07 3.38253e+08 9.54976e+08 1.98384e+09 3.01592e+09 3.55067e+09 0 0 0 0 0 0 0 0 0 0 0 0 0 0 0 0 0 0 0 0 0 0 0 0 0 0 0 0 0 0 0 0 
0 0 0 0 0 0 0 0 0 0 0 0 0 0 0 0 0 0 0 0 0 0 0 0 0 0 2.00746e+06 1.27697e+07 5.79133e+07 1.80334e+08 3.79055e+08 5.91157e+08 6.95696e+08 0 0 0 0 0 0 0 0 0 0 0 0 0 0 0 0 0 0 0 0 0 0 0 0 0 0 0 0 0 0 0 0 
0 0 0 0 0 0 0 0 0 0 0 0 0 0 0 0 0 0 0 0 0 0 0 0 0 0 0 1.02853e+06 1.06244e+07 3.33492e+07 7.18925e+07 1.22903e+08 1.38532e+08 0 0 0 0 0 0 0 0 0 0 0 0 0 0 0 0 0 0 0 0 0 0 0 0 0 0 0 0 0 0 0 0 
0 0 0 0 0 0 0 0 0 0 0 0 0 0 0 0 0 0 0 0 0 0 0 0 0 0 0 417803 1.64501e+06 5.67508e+06 1.4999e+07 2.21772e+07 3.00342e+07 0 0 0 0 0 0 0 0 0 0 0 0 0 0 0 0 0 0 0 0 0 0 0 0 0 0 0 0 0 0 0 0 
0 0 0 0 0 0 0 0 0 0 0 0 0 0 0 0 0 0 0 0 0 0 0 0 0 0 0 0 107511 1.2498e+06 2.41698e+06 4.70705e+06 5.23868e+06 0 0 0 0 0 0 0 0 0 0 0 0 0 0 0 0 0 0 0 0 0 0 0 0 0 0 0 0 0 0 0 0 
0 0 0 0 0 0 0 0 0 0 0 0 0 0 0 0 0 0 0 0 0 0 0 0 0 0 0 0 70705.3 167756 461897 972242 928530 0 0 0 0 0 0 0 0 0 0 0 0 0 0 0 0 0 0 0 0 0 0 0 0 0 0 0 0 0 0 0 0 
0 0 0 0 0 0 0 0 0 0 0 0 0 0 0 0 0 0 0 0 0 0 0 0 0 0 0 0 0 7443.64 115304 113776 244164 0 0 0 0 0 0 0 0 0 0 0 0 0 0 0 0 0 0 0 0 0 0 0 0 0 0 0 0 0 0 0 0 
0 0 0 0 0 0 0 0 0 0 0 0 0 0 0 0 0 0 0 0 0 0 0 0 0 0 0 0 0 9539.91 11295.1 31831.2 37753.3 0 0 0 0 0 0 0 0 0 0 0 0 0 0 0 0 0 0 0 0 0 0 0 0 0 0 0 0 0 0 0 0 
0 0 0 0 0 0 0 0 0 0 0 0 0 0 0 0 0 0 0 0 0 0 0 0 0 0 0 0 0 0 249.696 7577.27 2028.66 0 0 0 0 0 0 0 0 0 0 0 0 0 0 0 0 0 0 0 0 0 0 0 0 0 0 0 0 0 0 0 0 
0 0 0 0 0 0 0 0 0 0 0 0 0 0 0 0 0 0 0 0 0 0 0 0 0 0 0 0 0 0 949.226 381.577 1887.87 0 0 0 0 0 0 0 0 0 0 0 0 0 0 0 0 0 0 0 0 0 0 0 0 0 0 0 0 0 0 0 0 
0 0 0 0 0 0 0 0 0 0 0 0 0 0 0 0 0 0 0 0 0 0 0 0 0 0 0 0 0 0 0 0 256.229 0 0 0 0 0 0 0 0 0 0 0 0 0 0 0 0 0 0 0 0 0 0 0 0 0 0 0 0 0 0 0 0 
0 0 0 0 0 0 0 0 0 0 0 0 0 0 0 0 0 0 0 0 0 0 0 0 0 0 0 0 0 0 0 61.2404 0 0 0 0 0 0 0 0 0 0 0 0 0 0 0 0 0 0 0 0 0 0 0 0 0 0 0 0 0 0 0 0 0 
0 0 0 0 0 0 0 0 0 0 0 0 0 0 0 0 0 0 0 0 0 0 0 0 0 0 0 0 0 0 0 0 0 0 0 0 0 0 0 0 0 0 0 0 0 0 0 0 0 0 0 0 0 0 0 0 0 0 0 0 0 0 0 0 0 
0 0 0 0 0 0 0 0 0 0 0 0 0 0 0 0 0 0 0 0 0 0 0 0 0 0 0 0 0 0 0 0 1.91376 0 0 0 0 0 0 0 0 0 0 0 0 0 0 0 0 0 0 0 0 0 0 0 0 0 0 0 0 0 0 0 0 
