1 0 0 0 0 0 0 0 0 0 0 0 0 0 0 0 0 0 0 0 0 0 0 0 0 0 0 0 0 0 0 0 0 0 0 0 0 0 0 0 0 0 0 0 0 0 0 0 0 0 0 0 0 0 0 0 0 0 0 0 0 0 0 0 1 
0 0 0 0 0 0 0 0 0 0 0 0 0 0 0 0 0 0 0 0 0 0 0 0 0 0 0 0 0 0 0 0 0 0 0 0 0 0 0 0 0 0 0 0 0 0 0 0 0 0 0 0 0 0 0 0 0 0 0 0 0 0 0 0 0 
0 64 0 0 0 0 0 0 0 0 0 0 0 0 0 0 0 0 0 0 0 0 0 0 0 0 0 0 0 0 0 0 0 0 0 0 0 0 0 0 0 0 0 0 0 0 0 0 0 0 0 0 0 0 0 0 0 0 0 0 0 0 0 0 0 
0 0 128 0 0 0 0 0 0 0 0 0 0 0 0 0 0 0 0 0 0 0 0 0 0 0 0 0 0 0 0 0 0 0 0 0 0 0 0 0 0 0 0 0 0 0 0 0 0 0 0 0 0 0 0 0 0 0 0 0 0 0 0 0 0 
0 0 1888 388.192 66.6226 0 0 0 0 0 0 0 0 0 0 0 0 0 0 0 0 0 0 0 0 0 0 0 0 0 0 0 0 0 0 0 0 0 0 0 0 0 0 0 0 0 0 0 0 0 0 0 0 0 0 0 0 0 0 0 0 0 0 0 0 
0 0 0 7159.62 1198.29 574.114 138.18 0 0 0 0 0 0 0 0 0 0 0 0 0 0 0 0 0 0 0 0 0 0 0 0 0 0 0 0 0 0 0 0 0 0 0 0 0 0 0 0 0 0 0 0 0 0 0 0 0 0 0 0 0 0 0 0 0 0 
0 0 0 34116.2 27522.7 6890.96 2704.74 1466.4 421.449 51.9601 0 0 0 0 0 0 0 0 0 0 0 0 0 0 0 0 0 0 0 0 0 0 0 0 0 0 0 0 0 0 0 0 0 0 0 0 0 0 0 0 0 0 0 0 0 0 0 0 0 0 0 0 0 0 0 
0 0 0 0 183141 98241.9 43180.3 16888.9 8581.39 4606.23 2154.91 518.395 116.016 0 0 0 0 0 0 0 0 0 0 0 0 0 0 0 0 0 0 0 0 0 0 0 0 0 0 0 0 0 0 0 0 0 0 0 0 0 0 0 0 0 0 0 0 0 0 0 0 0 0 0 0 
0 0 0 0 423447 829128 404914 223431 121259 60719.5 36637.4 22405.1 10843.4 4563.08 1639.05 359.85 137.102 0 0 0 0 0 0 0 14.1032 0 0 0 0 0 0 0 16.2488 0 0 0 0 0 0 0 0 0 0 0 0 0 0 0 0 0 0 0 0 0 0 0 0 0 0 0 0 0 0 0 0 
0 0 0 0 0 2.85754e+06 3.33491e+06 1.96935e+06 1.13779e+06 708309 429990 280985 161352 101108 57022 28222.5 15809.3 5578.95 2611.48 920.85 316.206 165.135 197.933 295.206 0 393.065 254.447 226.946 267.619 252.064 277.799 171.733 0 0 0 0 0 0 0 0 0 0 0 0 0 0 0 0 0 0 0 0 0 0 0 0 0 0 0 0 0 0 0 0 0 
0 0 0 0 0 3.83213e+06 1.46071e+07 1.35483e+07 9.46227e+06 6.39766e+06 4.20596e+06 2.79305e+06 1.86961e+06 1.2067e+06 732835 478850 327346 200634 120379 73868.7 40850.4 23764.6 15510.5 10818 11691 10954.3 8784.45 8312.34 10746.4 10639.3 10135.5 11995.8 13434.9 0 0 0 0 0 0 0 0 0 0 0 0 0 0 0 0 0 0 0 0 0 0 0 0 0 0 0 0 0 0 0 0 
0 0 0 0 0 0 3.03326e+07 6.35907e+07 5.71979e+07 4.28814e+07 3.14972e+07 2.2146e+07 1.6256e+07 1.12825e+07 8.32322e+06 5.84742e+06 3.89974e+06 3.11835e+06 2.3072e+06 1.48561e+06 1.04976e+06 691741 495188 340494 277105 272028 251464 249266 236522 239272 217057 242512 233598 0 0 0 0 0 0 0 0 0 0 0 0 0 0 0 0 0 0 0 0 0 0 0 0 0 0 0 0 0 0 0 0 
0 0 0 0 0 0 2.62489e+07 1.69464e+08 2.62113e+08 2.4793e+08 2.00528e+08 1.5525e+08 1.18504e+08 9.02461e+07 6.96837e+07 5.19695e+07 4.0392e+07 3.14647e+07 2.30717e+07 1.81263e+07 1.44127e+07 1.12336e+07 8.55139e+06 7.0105e+06 5.57761e+06 4.97009e+06 4.28751e+06 3.49038e+06 3.65971e+06 3.39918e+06 3.44615e+06 3.45327e+06 3.59558e+06 0 0 0 0 0 0 0 0 0 0 0 0 0 0 0 0 0 0 0 0 0 0 0 0 0 0 0 0 0 0 0 0 
0 0 0 0 0 0 0 2.33077e+08 7.83545e+08 1.06311e+09 1.03927e+09 8.95827e+08 7.32787e+08 6.02437e+08 4.80862e+08 3.97415e+08 3.1727e+08 2.70249e+08 2.07289e+08 1.66007e+08 1.41572e+08 1.15876e+08 9.64251e+07 7.88675e+07 7.06216e+07 5.99571e+07 4.93153e+07 4.6654e+07 4.19766e+07 4.26976e+07 4.01548e+07 3.92287e+07 3.83761e+07 0 0 0 0 0 0 0 0 0 0 0 0 0 0 0 0 0 0 0 0 0 0 0 0 0 0 0 0 0 0 0 0 
0 0 0 0 0 0 0 1.39325e+08 1.39017e+09 3.30107e+09 4.28439e+09 4.32293e+09 3.96438e+09 3.52763e+09 2.99965e+09 2.47078e+09 2.16409e+09 1.83684e+09 1.60918e+09 1.33709e+09 1.09466e+09 9.58931e+08 7.81056e+08 7.14997e+08 6.06283e+08 5.39535e+08 4.87074e+08 4.54478e+08 4.45984e+08 4.12352e+08 3.94593e+08 3.99735e+08 4.18486e+08 0 0 0 0 0 0 0 0 0 0 0 0 0 0 0 0 0 0 0 0 0 0 0 0 0 0 0 0 0 0 0 0 
0 0 0 0 0 0 0 0 1.33754e+09 6.67019e+09 1.32103e+10 1.70361e+10 1.7796e+10 1.71799e+10 1.58255e+10 1.42588e+10 1.25209e+10 1.10391e+10 9.54983e+09 8.26491e+09 7.62704e+09 6.53264e+09 5.68901e+09 5.25273e+09 4.87518e+09 4.33784e+09 3.96179e+09 3.70523e+09 3.30565e+09 3.36819e+09 3.30861e+09 3.19241e+09 3.25845e+09 0 0 0 0 0 0 0 0 0 0 0 0 0 0 0 0 0 0 0 0 0 0 0 0 0 0 0 0 0 0 0 0 
0 0 0 0 0 0 0 0 5.84874e+08 8.3222e+09 2.81603e+10 5.02323e+10 6.50115e+10 7.13487e+10 7.12345e+10 6.88772e+10 6.38016e+10 5.6655e+10 5.15493e+10 4.8139e+10 4.31039e+10 3.95583e+10 3.75162e+10 3.28878e+10 3.06139e+10 2.83477e+10 2.70522e+10 2.5936e+10 2.42965e+10 2.29407e+10 2.23272e+10 2.29657e+10 2.19894e+10 0 0 0 0 0 0 0 0 0 0 0 0 0 0 0 0 0 0 0 0 0 0 0 0 0 0 0 0 0 0 0 0 
0 0 0 0 0 0 0 0 0 5.92911e+09 4.11251e+10 1.11292e+11 1.86136e+11 2.42172e+11 2.70272e+11 2.84288e+11 2.73333e+11 2.71057e+11 2.61645e+11 2.44986e+11 2.33364e+11 2.15962e+11 2.04146e+11 1.91623e+11 1.76316e+11 1.66878e+11 1.62202e+11 1.52629e+11 1.4664e+11 1.40934e+11 1.39205e+11 1.36152e+11 1.32677e+11 0 0 0 0 0 0 0 0 0 0 0 0 0 0 0 0 0 0 0 0 0 0 0 0 0 0 0 0 0 0 0 0 
0 0 0 0 0 0 0 0 0 1.95692e+09 3.76484e+10 1.74115e+11 4.1169e+11 6.6257e+11 8.78652e+11 1.00937e+12 1.10465e+12 1.13197e+12 1.12847e+12 1.1123e+12 1.0779e+12 1.03571e+12 9.99456e+11 9.45461e+11 9.30512e+11 8.83717e+11 8.47225e+11 8.16488e+11 7.95006e+11 7.74597e+11 7.55239e+11 7.39623e+11 7.54644e+11 0 0 0 0 0 0 0 0 0 0 0 0 0 0 0 0 0 0 0 0 0 0 0 0 0 0 0 0 0 0 0 0 
0 0 0 0 0 0 0 0 0 0 2.04995e+10 1.86584e+11 6.6771e+11 1.44066e+12 2.29565e+12 3.05117e+12 3.65528e+12 4.05858e+12 4.33279e+12 4.4729e+12 4.556e+12 4.53282e+12 4.46208e+12 4.35836e+12 4.25869e+12 4.19603e+12 4.05141e+12 4.03465e+12 3.96354e+12 3.95213e+12 3.8443e+12 3.81819e+12 3.74445e+12 0 0 0 0 0 0 0 0 0 0 0 0 0 0 0 0 0 0 0 0 0 0 0 0 0 0 0 0 0 0 0 0 
0 0 0 0 0 0 0 0 0 0 5.26919e+09 1.31417e+11 7.89353e+11 2.39635e+12 4.84218e+12 7.65498e+12 1.04001e+13 1.27121e+13 1.43032e+13 1.55799e+13 1.66195e+13 1.71036e+13 1.73951e+13 1.7495e+13 1.76977e+13 1.75418e+13 1.71367e+13 1.72975e+13 1.71588e+13 1.6959e+13 1.67146e+13 1.6789e+13 1.6815e+13 0 0 0 0 0 0 0 0 0 0 0 0 0 0 0 0 0 0 0 0 0 0 0 0 0 0 0 0 0 0 0 0 
0 0 0 0 0 0 0 0 0 0 0 5.60527e+10 6.43178e+11 2.94275e+12 7.94034e+12 1.54832e+13 2.41184e+13 3.2824e+13 4.13031e+13 4.80148e+13 5.36578e+13 5.8252e+13 6.23646e+13 6.52733e+13 6.5673e+13 6.63608e+13 6.81155e+13 6.9655e+13 6.9634e+13 6.80918e+13 6.89199e+13 6.77821e+13 6.9329e+13 0 0 0 0 0 0 0 0 0 0 0 0 0 0 0 0 0 0 0 0 0 0 0 0 0 0 0 0 0 0 0 0 
0 0 0 0 0 0 0 0 0 0 0 1.14677e+10 3.5617e+11 2.64412e+12 1.00188e+13 2.4771e+13 4.69024e+13 7.37276e+13 1.02362e+14 1.2922e+14 1.52931e+14 1.74688e+14 1.95744e+14 2.08701e+14 2.21787e+14 2.29684e+14 2.372e+14 2.41053e+14 2.461e+14 2.46252e+14 2.53988e+14 2.56633e+14 2.54666e+14 0 0 0 0 0 0 0 0 0 0 0 0 0 0 0 0 0 0 0 0 0 0 0 0 0 0 0 0 0 0 0 0 
0 0 0 0 0 0 0 0 0 0 0 0 1.21872e+11 1.71389e+12 9.59132e+12 3.16642e+13 7.3721e+13 1.36783e+14 2.12884e+14 2.98923e+14 3.83919e+14 4.67347e+14 5.36971e+14 6.02113e+14 6.58871e+14 7.12689e+14 7.54553e+14 7.85777e+14 7.98908e+14 8.29679e+14 8.39875e+14 8.49873e+14 8.60548e+14 0 0 0 0 0 0 0 0 0 0 0 0 0 0 0 0 0 0 0 0 0 0 0 0 0 0 0 0 0 0 0 0 
0 0 0 0 0 0 0 0 0 0 0 0 2.04637e+10 7.58202e+11 6.78505e+12 3.09799e+13 9.24389e+13 2.04587e+14 3.73081e+14 5.85829e+14 8.29131e+14 1.0779e+15 1.31276e+15 1.55221e+15 1.76189e+15 1.95507e+15 2.10899e+15 2.27654e+15 2.3798e+15 2.45931e+15 2.51866e+15 2.51733e+15 2.50467e+15 0 0 0 0 0 0 0 0 0 0 0 0 0 0 0 0 0 0 0 0 0 0 0 0 0 0 0 0 0 0 0 0 
0 0 0 0 0 0 0 0 0 0 0 0 0 2.13446e+11 3.52745e+12 2.34251e+13 9.1473e+13 2.50931e+14 5.36602e+14 9.5876e+14 1.51014e+15 2.14726e+15 2.8317e+15 3.51204e+15 4.15456e+15 4.77024e+15 5.32787e+15 5.75983e+15 6.25769e+15 6.52283e+15 6.77039e+15 6.83012e+15 6.87331e+15 0 0 0 0 0 0 0 0 0 0 0 0 0 0 0 0 0 0 0 0 0 0 0 0 0 0 0 0 0 0 0 0 
0 0 0 0 0 0 0 0 0 0 0 0 0 2.99242e+10 1.27664e+12 1.33395e+13 7.1292e+13 2.48676e+14 6.3819e+14 1.32379e+15 2.32244e+15 3.62515e+15 5.2071e+15 6.84687e+15 8.63431e+15 1.03125e+16 1.19068e+16 1.33048e+16 1.44608e+16 1.55154e+16 1.61022e+16 1.65707e+16 1.67561e+16 0 0 0 0 0 0 0 0 0 0 0 0 0 0 0 0 0 0 0 0 0 0 0 0 0 0 0 0 0 0 0 0 
0 0 0 0 0 0 0 0 0 0 0 0 0 0 3.0282e+11 5.66163e+12 4.33034e+13 1.95847e+14 6.21732e+14 1.50582e+15 3.03027e+15 5.26986e+15 8.18925e+15 1.17591e+16 1.5535e+16 1.94871e+16 2.31779e+16 2.70804e+16 3.02187e+16 3.26755e+16 3.47522e+16 3.61926e+16 3.62187e+16 0 0 0 0 0 0 0 0 0 0 0 0 0 0 0 0 0 0 0 0 0 0 0 0 0 0 0 0 0 0 0 0 
0 0 0 0 0 0 0 0 0 0 0 0 0 0 3.58496e+10 1.72634e+12 2.03431e+13 1.2302e+14 4.85257e+14 1.42682e+15 3.31413e+15 6.50337e+15 1.10853e+16 1.71181e+16 2.42882e+16 3.22353e+16 4.07146e+16 4.81976e+16 5.52705e+16 6.15618e+16 6.58235e+16 6.8226e+16 6.97474e+16 0 0 0 0 0 0 0 0 0 0 0 0 0 0 0 0 0 0 0 0 0 0 0 0 0 0 0 0 0 0 0 0 
0 0 0 0 0 0 0 0 0 0 0 0 0 0 0 3.4692e+11 7.20113e+12 6.15042e+13 3.12675e+14 1.10874e+15 3.02694e+15 6.70606e+15 1.2807e+16 2.14852e+16 3.28399e+16 4.60716e+16 6.03303e+16 7.50919e+16 8.89742e+16 1.00173e+17 1.09934e+17 1.15979e+17 1.18361e+17 0 0 0 0 0 0 0 0 0 0 0 0 0 0 0 0 0 0 0 0 0 0 0 0 0 0 0 0 0 0 0 0 
0 0 0 0 0 0 0 0 0 0 0 0 0 0 0 3.53444e+10 1.86997e+12 2.41229e+13 1.61333e+14 7.03879e+14 2.27204e+15 5.83034e+15 1.2437e+16 2.31033e+16 3.81298e+16 5.69949e+16 7.9224e+16 1.02996e+17 1.2564e+17 1.46647e+17 1.62117e+17 1.71832e+17 1.75797e+17 0 0 0 0 0 0 0 0 0 0 0 0 0 0 0 0 0 0 0 0 0 0 0 0 0 0 0 0 0 0 0 0 
0 0 0 0 0 0 0 0 0 0 0 0 0 0 0 0 3.22675e+11 7.22306e+12 6.66374e+13 3.69791e+14 1.44151e+15 4.29951e+15 1.03454e+16 2.10377e+16 3.76459e+16 6.13472e+16 8.95178e+16 1.21147e+17 1.53578e+17 1.82772e+17 2.07527e+17 2.249e+17 2.27461e+17 0 0 0 0 0 0 0 0 0 0 0 0 0 0 0 0 0 0 0 0 0 0 0 0 0 0 0 0 0 0 0 0 
0 0 0 0 0 0 0 0 0 0 0 0 0 0 0 0 2.86643e+10 1.61643e+12 2.24695e+13 1.61744e+14 7.54767e+14 2.61655e+15 7.26804e+15 1.66795e+16 3.27036e+16 5.58961e+16 8.77244e+16 1.24326e+17 1.64797e+17 2.03654e+17 2.34057e+17 2.53163e+17 2.61794e+17 0 0 0 0 0 0 0 0 0 0 0 0 0 0 0 0 0 0 0 0 0 0 0 0 0 0 0 0 0 0 0 0 
0 0 0 0 0 0 0 0 0 0 0 0 0 0 0 0 0 2.46339e+11 5.77214e+12 5.62617e+13 3.32375e+14 1.37373e+15 4.33255e+15 1.10837e+16 2.38528e+16 4.47988e+16 7.41904e+16 1.11962e+17 1.53432e+17 1.94209e+17 2.28168e+17 2.5129e+17 2.60712e+17 0 0 0 0 0 0 0 0 0 0 0 0 0 0 0 0 0 0 0 0 0 0 0 0 0 0 0 0 0 0 0 0 
0 0 0 0 0 0 0 0 0 0 0 0 0 0 0 0 0 1.95086e+10 1.13874e+12 1.63762e+13 1.24081e+14 6.10274e+14 2.21726e+15 6.36537e+15 1.52294e+16 3.08583e+16 5.47459e+16 8.73512e+16 1.23883e+17 1.6226e+17 1.97215e+17 2.19634e+17 2.26563e+17 0 0 0 0 0 0 0 0 0 0 0 0 0 0 0 0 0 0 0 0 0 0 0 0 0 0 0 0 0 0 0 0 
0 0 0 0 0 0 0 0 0 0 0 0 0 0 0 0 0 0 1.52632e+11 3.70752e+12 3.72584e+13 2.28127e+14 9.71425e+14 3.17508e+15 8.30047e+15 1.83934e+16 3.51492e+16 5.81708e+16 8.81629e+16 1.18766e+17 1.46583e+17 1.67233e+17 1.74279e+17 0 0 0 0 0 0 0 0 0 0 0 0 0 0 0 0 0 0 0 0 0 0 0 0 0 0 0 0 0 0 0 0 
0 0 0 0 0 0 0 0 0 0 0 0 0 0 0 0 0 0 1.12088e+10 6.44838e+11 9.35013e+12 7.21912e+13 3.63283e+14 1.3677e+15 4.04078e+15 9.72714e+15 1.97968e+16 3.52824e+16 5.51728e+16 7.76685e+16 9.79127e+16 1.1241e+17 1.17688e+17 0 0 0 0 0 0 0 0 0 0 0 0 0 0 0 0 0 0 0 0 0 0 0 0 0 0 0 0 0 0 0 0 
0 0 0 0 0 0 0 0 0 0 0 0 0 0 0 0 0 0 0 7.81343e+10 1.90565e+12 1.92331e+13 1.18374e+14 5.08907e+14 1.679e+15 4.44513e+15 9.77094e+15 1.84838e+16 3.04773e+16 4.40247e+16 5.71582e+16 6.614e+16 7.00636e+16 0 0 0 0 0 0 0 0 0 0 0 0 0 0 0 0 0 0 0 0 0 0 0 0 0 0 0 0 0 0 0 0 
0 0 0 0 0 0 0 0 0 0 0 0 0 0 0 0 0 0 0 5.46398e+09 2.99612e+11 4.2993e+12 3.32725e+13 1.6591e+14 6.09356e+14 1.79166e+15 4.30228e+15 8.57421e+15 1.46842e+16 2.2389e+16 2.96698e+16 3.53797e+16 3.73076e+16 0 0 0 0 0 0 0 0 0 0 0 0 0 0 0 0 0 0 0 0 0 0 0 0 0 0 0 0 0 0 0 0 
0 0 0 0 0 0 0 0 0 0 0 0 0 0 0 0 0 0 0 0 3.27624e+10 7.87291e+11 7.68928e+12 4.68729e+13 1.99529e+14 6.412e+14 1.66596e+15 3.56641e+15 6.41649e+15 1.00292e+16 1.38017e+16 1.64713e+16 1.73624e+16 0 0 0 0 0 0 0 0 0 0 0 0 0 0 0 0 0 0 0 0 0 0 0 0 0 0 0 0 0 0 0 0 
0 0 0 0 0 0 0 0 0 0 0 0 0 0 0 0 0 0 0 0 2.22599e+09 1.13277e+11 1.58319e+12 1.1661e+13 5.67863e+13 2.04244e+14 5.73892e+14 1.32084e+15 2.52963e+15 4.09119e+15 5.7172e+15 7.06586e+15 7.50516e+15 0 0 0 0 0 0 0 0 0 0 0 0 0 0 0 0 0 0 0 0 0 0 0 0 0 0 0 0 0 0 0 0 
0 0 0 0 0 0 0 0 0 0 0 0 0 0 0 0 0 0 0 0 0 1.16212e+10 2.58377e+11 2.49924e+12 1.44315e+13 5.82275e+13 1.81177e+14 4.46903e+14 9.00657e+14 1.51673e+15 2.2107e+15 2.69932e+15 2.96536e+15 0 0 0 0 0 0 0 0 0 0 0 0 0 0 0 0 0 0 0 0 0 0 0 0 0 0 0 0 0 0 0 0 
0 0 0 0 0 0 0 0 0 0 0 0 0 0 0 0 0 0 0 0 0 8.22423e+08 3.60877e+10 4.60222e+11 3.20781e+12 1.47773e+13 5.0156e+13 1.31993e+14 2.85696e+14 5.04588e+14 7.37439e+14 9.34852e+14 1.00118e+15 0 0 0 0 0 0 0 0 0 0 0 0 0 0 0 0 0 0 0 0 0 0 0 0 0 0 0 0 0 0 0 0 
0 0 0 0 0 0 0 0 0 0 0 0 0 0 0 0 0 0 0 0 0 0 3.52752e+09 7.1294e+10 6.25095e+11 3.38627e+12 1.27758e+13 3.67045e+13 8.28031e+13 1.56309e+14 2.35256e+14 3.06043e+14 3.24736e+14 0 0 0 0 0 0 0 0 0 0 0 0 0 0 0 0 0 0 0 0 0 0 0 0 0 0 0 0 0 0 0 0 
0 0 0 0 0 0 0 0 0 0 0 0 0 0 0 0 0 0 0 0 0 0 2.834e+08 9.75081e+09 1.08471e+11 6.95795e+11 2.93255e+12 9.10476e+12 2.18482e+13 4.23037e+13 6.73265e+13 8.83885e+13 9.69873e+13 0 0 0 0 0 0 0 0 0 0 0 0 0 0 0 0 0 0 0 0 0 0 0 0 0 0 0 0 0 0 0 0 
0 0 0 0 0 0 0 0 0 0 0 0 0 0 0 0 0 0 0 0 0 0 0 9.40996e+08 1.61695e+10 1.29352e+11 6.11245e+11 2.14199e+12 5.52569e+12 1.11516e+13 1.83239e+13 2.40989e+13 2.67348e+13 0 0 0 0 0 0 0 0 0 0 0 0 0 0 0 0 0 0 0 0 0 0 0 0 0 0 0 0 0 0 0 0 
0 0 0 0 0 0 0 0 0 0 0 0 0 0 0 0 0 0 0 0 0 0 0 9.18405e+07 2.19576e+09 2.15745e+10 1.2326e+11 4.51191e+11 1.26015e+12 2.61033e+12 4.49434e+12 6.16355e+12 6.80004e+12 0 0 0 0 0 0 0 0 0 0 0 0 0 0 0 0 0 0 0 0 0 0 0 0 0 0 0 0 0 0 0 0 
0 0 0 0 0 0 0 0 0 0 0 0 0 0 0 0 0 0 0 0 0 0 0 0 2.12451e+08 3.20639e+09 2.12705e+10 8.96198e+10 2.67629e+11 6.02947e+11 1.0498e+12 1.48231e+12 1.64526e+12 0 0 0 0 0 0 0 0 0 0 0 0 0 0 0 0 0 0 0 0 0 0 0 0 0 0 0 0 0 0 0 0 
0 0 0 0 0 0 0 0 0 0 0 0 0 0 0 0 0 0 0 0 0 0 0 0 2.80152e+07 4.55356e+08 3.54687e+09 1.67688e+10 5.43036e+10 1.27643e+11 2.31722e+11 3.2798e+11 3.8278e+11 0 0 0 0 0 0 0 0 0 0 0 0 0 0 0 0 0 0 0 0 0 0 0 0 0 0 0 0 0 0 0 0 
0 0 0 0 0 0 0 0 0 0 0 0 0 0 0 0 0 0 0 0 0 0 0 0 0 4.40227e+07 5.47247e+08 2.85605e+09 1.03047e+10 2.63047e+10 4.82374e+10 7.02793e+10 7.94061e+10 0 0 0 0 0 0 0 0 0 0 0 0 0 0 0 0 0 0 0 0 0 0 0 0 0 0 0 0 0 0 0 0 
0 0 0 0 0 0 0 0 0 0 0 0 0 0 0 0 0 0 0 0 0 0 0 0 0 7.64366e+06 8.17745e+07 4.85081e+08 1.92369e+09 4.95075e+09 1.01369e+10 1.48143e+10 1.71709e+10 0 0 0 0 0 0 0 0 0 0 0 0 0 0 0 0 0 0 0 0 0 0 0 0 0 0 0 0 0 0 0 0 
0 0 0 0 0 0 0 0 0 0 0 0 0 0 0 0 0 0 0 0 0 0 0 0 0 0 7.63661e+06 8.02144e+07 3.29694e+08 9.68309e+08 2.01896e+09 2.90145e+09 3.39937e+09 0 0 0 0 0 0 0 0 0 0 0 0 0 0 0 0 0 0 0 0 0 0 0 0 0 0 0 0 0 0 0 0 
0 0 0 0 0 0 0 0 0 0 0 0 0 0 0 0 0 0 0 0 0 0 0 0 0 0 1.82237e+06 1.28963e+07 5.58682e+07 1.88143e+08 3.8119e+08 6.18756e+08 6.79207e+08 0 0 0 0 0 0 0 0 0 0 0 0 0 0 0 0 0 0 0 0 0 0 0 0 0 0 0 0 0 0 0 0 
0 0 0 0 0 0 0 0 0 0 0 0 0 0 0 0 0 0 0 0 0 0 0 0 0 0 0 1.03703e+06 1.06264e+07 3.23544e+07 7.75805e+07 1.23351e+08 1.31742e+08 0 0 0 0 0 0 0 0 0 0 0 0 0 0 0 0 0 0 0 0 0 0 0 0 0 0 0 0 0 0 0 0 
0 0 0 0 0 0 0 0 0 0 0 0 0 0 0 0 0 0 0 0 0 0 0 0 0 0 0 373585 1.67435e+06 5.46104e+06 1.59664e+07 2.2314e+07 2.93771e+07 0 0 0 0 0 0 0 0 0 0 0 0 0 0 0 0 0 0 0 0 0 0 0 0 0 0 0 0 0 0 0 0 
0 0 0 0 0 0 0 0 0 0 0 0 0 0 0 0 0 0 0 0 0 0 0 0 0 0 0 0 105162 1.23257e+06 2.40137e+06 4.89815e+06 5.35629e+06 0 0 0 0 0 0 0 0 0 0 0 0 0 0 0 0 0 0 0 0 0 0 0 0 0 0 0 0 0 0 0 0 
0 0 0 0 0 0 0 0 0 0 0 0 0 0 0 0 0 0 0 0 0 0 0 0 0 0 0 0 64120.7 169295 439869 1.01595e+06 954858 0 0 0 0 0 0 0 0 0 0 0 0 0 0 0 0 0 0 0 0 0 0 0 0 0 0 0 0 0 0 0 0 
0 0 0 0 0 0 0 0 0 0 0 0 0 0 0 0 0 0 0 0 0 0 0 0 0 0 0 0 0 7253.31 115999 109761 253788 0 0 0 0 0 0 0 0 0 0 0 0 0 0 0 0 0 0 0 0 0 0 0 0 0 0 0 0 0 0 0 0 
0 0 0 0 0 0 0 0 0 0 0 0 0 0 0 0 0 0 0 0 0 0 0 0 0 0 0 0 0 8654.27 11379.7 32089.3 38069.4 0 0 0 0 0 0 0 0 0 0 0 0 0 0 0 0 0 0 0 0 0 0 0 0 0 0 0 0 0 0 0 0 
0 0 0 0 0 0 0 0 0 0 0 0 0 0 0 0 0 0 0 0 0 0 0 0 0 0 0 0 0 0 238.332 7594.1 1990.59 0 0 0 0 0 0 0 0 0 0 0 0 0 0 0 0 0 0 0 0 0 0 0 0 0 0 0 0 0 0 0 0 
0 0 0 0 0 0 0 0 0 0 0 0 0 0 0 0 0 0 0 0 0 0 0 0 0 0 0 0 0 0 858.51 377.624 1884.52 0 0 0 0 0 0 0 0 0 0 0 0 0 0 0 0 0 0 0 0 0 0 0 0 0 0 0 0 0 0 0 0 
0 0 0 0 0 0 0 0 0 0 0 0 0 0 0 0 0 0 0 0 0 0 0 0 0 0 0 0 0 0 0 0 253.616 0 0 0 0 0 0 0 0 0 0 0 0 0 0 0 0 0 0 0 0 0 0 0 0 0 0 0 0 0 0 0 0 
0 0 0 0 0 0 0 0 0 0 0 0 0 0 0 0 0 0 0 0 0 0 0 0 0 0 0 0 0 0 0 55.3878 0 0 0 0 0 0 0 0 0 0 0 0 0 0 0 0 0 0 0 0 0 0 0 0 0 0 0 0 0 0 0 0 0 
0 0 0 0 0 0 0 0 0 0 0 0 0 0 0 0 0 0 0 0 0 0 0 0 0 0 0 0 0 0 0 0 0 0 0 0 0 0 0 0 0 0 0 0 0 0 0 0 0 0 0 0 0 0 0 0 0 0 0 0 0 0 0 0 0 
0 0 0 0 0 0 0 0 0 0 0 0 0 0 0 0 0 0 0 0 0 0 0 0 0 0 0 0 0 0 0 0 1.73087 0 0 0 0 0 0 0 0 0 0 0 0 0 0 0 0 0 0 0 0 0 0 0 0 0 0 0 0 0 0 0 0 
