1 0 0 0 0 0 0 0 0 0 0 0 0 0 0 0 0 0 0 0 0 0 0 0 0 0 0 0 0 0 0 0 0 0 0 0 0 0 0 0 0 0 0 0 0 0 0 0 0 0 0 0 0 0 0 0 0 0 0 0 0 0 0 0 1 
0 0 0 0 0 0 0 0 0 0 0 0 0 0 0 0 0 0 0 0 0 0 0 0 0 0 0 0 0 0 0 0 0 0 0 0 0 0 0 0 0 0 0 0 0 0 0 0 0 0 0 0 0 0 0 0 0 0 0 0 0 0 0 0 0 
0 64 0 0 0 0 0 0 0 0 0 0 0 0 0 0 0 0 0 0 0 0 0 0 0 0 0 0 0 0 0 0 0 0 0 0 0 0 0 0 0 0 0 0 0 0 0 0 0 0 0 0 0 0 0 0 0 0 0 0 0 0 0 64 0 
0 0 127.065 0 0 0 0 0 0 0 0 0 0 0 0 0 0 0 0 0 0 0 0 0 0 0 0 0 0 0 0 0 0 0 0 0 0 0 0 0 0 0 0 0 0 0 0 0 0 0 0 0 0 0 0 0 0 0 0 0 0 0 125.767 0 0 
0 0 1888.93 376.28 63.6821 0 0 0 0 0 0 0 0 0 0 0 0 0 0 0 0 0 0 0 0 0 0 0 0 0 0 0 0 0 0 0 0 0 0 0 0 0 0 0 0 0 0 0 0 0 0 0 0 0 0 0 0 0 0 0 60.878 379.174 1890.23 0 0 
0 0 0 7258.06 1150.56 507.418 123.908 0 0 0 0 0 0 0 0 0 0 0 0 0 0 0 0 0 0 0 0 0 0 0 0 0 0 0 0 0 0 0 0 0 0 0 0 0 0 0 0 0 0 0 0 0 0 0 0 0 0 0 122.63 482.587 1131.08 7173.51 0 0 0 
0 0 0 34029.7 27698.8 6600.41 2637.44 1406.94 376.58 63.8792 0 0 0 0 0 0 0 0 0 0 0 0 0 0 0 0 0 0 0 0 0 0 0 0 0 0 0 0 0 0 0 0 0 0 0 0 0 0 0 0 0 0 0 0 0 57.4169 361.925 1357.21 2458.65 6916.41 27089.3 34111.3 0 0 0 
0 0 0 0 185106 96645.2 41972.8 16970.1 8680.43 4613.6 1907.96 503.063 126.158 0 0 0 0 0 0 0 0 0 0 0 0 0 0 0 0 0 0 0 0 0 0 0 0 0 0 0 0 0 0 0 0 0 0 0 0 0 0 0 120.405 483.592 1819.75 4340.64 8142.03 16823.1 41812.7 97153.5 182486 0 0 0 0 
0 0 0 0 421357 832559 405128 223602 119852 59273.1 33562.4 19873.4 9847.04 4382.12 1421.03 385.394 77.6982 0 0 0 0 0 0 0 15.7585 0 0 0 0 0 0 0 16.4583 0 0 0 0 0 0 0 15.839 0 0 0 0 0 0 0 82.4891 373.541 1310.48 4144.51 9386.83 19368.1 32729.8 57961.2 121447 221371 407736 827793 424609 0 0 0 0 
0 0 0 0 0 2.87403e+06 3.33579e+06 1.9832e+06 1.15642e+06 715458 424727 257478 156481 93950.2 55142.4 30123 14330.8 6072.5 2339.46 836.935 407.373 256.631 263.028 262.561 0 268.867 260.847 267.32 271.41 261.726 264.035 260.13 0 259.365 261.688 261.746 257.431 254.133 252.877 248.561 0 261.362 265.503 272.114 386.357 741.39 2248.72 6215.65 14148.1 29069.9 54059.8 91511.6 146537 240954 421999 708821 1.13316e+06 1.95227e+06 3.27644e+06 2.88743e+06 0 0 0 0 0 
0 0 0 0 0 3.81416e+06 1.46257e+07 1.36014e+07 9.47201e+06 6.14657e+06 4.01594e+06 2.78786e+06 1.79841e+06 1.15737e+06 775154 524000 336761 210006 122077 70330.4 37543.6 21280.5 13713.7 10595.1 11289 9818.51 9858.98 9753.82 9584.34 9397.07 9357.55 9324.55 11033.6 9375.04 9401.3 9168.49 9505.77 9146.64 9127.69 9608 11826.7 10959.3 14279.3 22224.8 37507.4 69459.9 121730 204638 322382 511461 762910 1.14255e+06 1.76285e+06 2.66085e+06 3.98456e+06 5.90409e+06 9.20031e+06 1.34325e+07 1.4669e+07 3.80473e+06 0 0 0 0 0 
0 0 0 0 0 0 3.04352e+07 6.39364e+07 5.78145e+07 4.31317e+07 3.11546e+07 2.23536e+07 1.58835e+07 1.15533e+07 8.26165e+06 5.88797e+06 4.21909e+06 2.979e+06 2.13155e+06 1.45327e+06 1.0308e+06 725808 508800 373877 292889 254555 234148 225919 214008 219413 212451 210269 204487 209462 211515 220723 218377 229732 234295 249493 288083 372551 506954 710656 1.04325e+06 1.48383e+06 2.10914e+06 2.93734e+06 4.06876e+06 5.84007e+06 8.25352e+06 1.15224e+07 1.60069e+07 2.23833e+07 3.1044e+07 4.27121e+07 5.67168e+07 6.40945e+07 3.01945e+07 0 0 0 0 0 0 
0 0 0 0 0 0 2.61277e+07 1.69919e+08 2.65815e+08 2.45944e+08 1.99212e+08 1.57116e+08 1.19254e+08 9.11032e+07 6.90316e+07 5.32963e+07 4.08509e+07 3.16918e+07 2.41513e+07 1.84406e+07 1.37412e+07 1.04958e+07 8.24741e+06 6.69206e+06 5.5047e+06 4.69041e+06 4.14968e+06 3.63376e+06 3.48222e+06 3.28458e+06 3.20917e+06 3.23496e+06 3.20976e+06 3.214e+06 3.24397e+06 3.31248e+06 3.4915e+06 3.67429e+06 4.07042e+06 4.58684e+06 5.43424e+06 6.79062e+06 8.60568e+06 1.08779e+07 1.39831e+07 1.83605e+07 2.3756e+07 3.11819e+07 4.0527e+07 5.28862e+07 6.96511e+07 9.13879e+07 1.19791e+08 1.56575e+08 1.98471e+08 2.46403e+08 2.6702e+08 1.70339e+08 2.63823e+07 0 0 0 0 0 0 
0 0 0 0 0 0 0 2.31096e+08 7.82095e+08 1.06449e+09 1.0417e+09 9.09869e+08 7.52628e+08 6.17685e+08 4.88625e+08 3.93593e+08 3.2581e+08 2.63766e+08 2.13978e+08 1.72134e+08 1.37177e+08 1.12457e+08 9.17384e+07 7.7079e+07 6.48423e+07 5.70939e+07 5.0929e+07 4.60774e+07 4.15078e+07 3.89684e+07 3.8076e+07 3.7192e+07 3.73077e+07 3.85169e+07 3.93181e+07 4.01228e+07 4.27134e+07 4.66155e+07 5.06192e+07 5.72042e+07 6.49548e+07 7.66008e+07 9.21928e+07 1.10645e+08 1.37656e+08 1.68457e+08 2.07076e+08 2.56835e+08 3.18031e+08 3.96219e+08 4.93055e+08 6.11846e+08 7.43431e+08 9.08552e+08 1.039e+09 1.05557e+09 7.85715e+08 2.33039e+08 0 0 0 0 0 0 0 
0 0 0 0 0 0 0 1.40439e+08 1.37457e+09 3.28798e+09 4.27791e+09 4.37579e+09 4.03368e+09 3.50878e+09 2.99502e+09 2.57298e+09 2.17314e+09 1.82997e+09 1.5412e+09 1.29379e+09 1.10782e+09 9.27718e+08 7.99629e+08 6.92375e+08 5.98923e+08 5.28457e+08 4.73884e+08 4.34603e+08 4.06427e+08 3.8579e+08 3.756e+08 3.70814e+08 3.69693e+08 3.78491e+08 3.78753e+08 3.91275e+08 4.14921e+08 4.48028e+08 4.90033e+08 5.43352e+08 6.07517e+08 6.86109e+08 8.06415e+08 9.30361e+08 1.07316e+09 1.27858e+09 1.53466e+09 1.83683e+09 2.1618e+09 2.50372e+09 2.94883e+09 3.5284e+09 3.97225e+09 4.32428e+09 4.33586e+09 3.29482e+09 1.39149e+09 1.38119e+08 0 0 0 0 0 0 0 
0 0 0 0 0 0 0 0 1.33988e+09 6.68043e+09 1.30821e+10 1.68256e+10 1.76293e+10 1.71993e+10 1.57225e+10 1.40281e+10 1.26963e+10 1.09744e+10 9.85412e+09 8.50952e+09 7.45163e+09 6.5812e+09 5.70527e+09 5.15203e+09 4.57607e+09 4.19052e+09 3.82761e+09 3.53836e+09 3.3493e+09 3.18695e+09 3.04546e+09 2.98084e+09 3.00369e+09 3.07766e+09 3.11291e+09 3.23927e+09 3.40762e+09 3.70092e+09 3.91504e+09 4.22936e+09 4.57688e+09 5.10143e+09 5.7049e+09 6.44214e+09 7.39486e+09 8.56969e+09 9.71134e+09 1.09588e+10 1.24584e+10 1.39954e+10 1.57375e+10 1.70911e+10 1.79363e+10 1.69884e+10 1.30384e+10 6.66406e+09 1.33251e+09 0 0 0 0 0 0 0 0 
0 0 0 0 0 0 0 0 5.95232e+08 8.26889e+09 2.8134e+10 5.01448e+10 6.43449e+10 6.97079e+10 6.95501e+10 6.74967e+10 6.36064e+10 5.86321e+10 5.37313e+10 4.88718e+10 4.38158e+10 4.0433e+10 3.62631e+10 3.33279e+10 3.05394e+10 2.80741e+10 2.61227e+10 2.4164e+10 2.31482e+10 2.20194e+10 2.1674e+10 2.13258e+10 2.16866e+10 2.16996e+10 2.22103e+10 2.27625e+10 2.39076e+10 2.50466e+10 2.66632e+10 2.82131e+10 3.04253e+10 3.26072e+10 3.65931e+10 4.00037e+10 4.43368e+10 4.86938e+10 5.40953e+10 5.92482e+10 6.33964e+10 6.79449e+10 7.10025e+10 7.17009e+10 6.47647e+10 5.01923e+10 2.8064e+10 8.32792e+09 5.82248e+08 0 0 0 0 0 0 0 0 
0 0 0 0 0 0 0 0 0 5.9947e+09 4.10498e+10 1.11009e+11 1.87148e+11 2.40393e+11 2.71593e+11 2.85062e+11 2.85186e+11 2.75865e+11 2.6381e+11 2.47107e+11 2.29939e+11 2.17086e+11 2.00303e+11 1.88223e+11 1.77077e+11 1.65457e+11 1.56254e+11 1.48337e+11 1.41432e+11 1.37258e+11 1.3514e+11 1.33759e+11 1.32853e+11 1.32614e+11 1.34971e+11 1.39891e+11 1.4394e+11 1.50726e+11 1.56505e+11 1.6469e+11 1.74023e+11 1.84932e+11 1.9898e+11 2.16086e+11 2.31392e+11 2.50092e+11 2.61707e+11 2.79654e+11 2.81774e+11 2.85431e+11 2.69716e+11 2.37659e+11 1.84731e+11 1.11039e+11 4.12355e+10 5.98238e+09 0 0 0 0 0 0 0 0 0 
0 0 0 0 0 0 0 0 0 1.94809e+09 3.7765e+10 1.74048e+11 4.11077e+11 6.72185e+11 8.82808e+11 1.01521e+12 1.10098e+12 1.1373e+12 1.13319e+12 1.11621e+12 1.07322e+12 1.04164e+12 9.86648e+11 9.48799e+11 8.98614e+11 8.56912e+11 8.30453e+11 8.02e+11 7.63539e+11 7.57745e+11 7.44994e+11 7.39879e+11 7.41954e+11 7.45942e+11 7.51155e+11 7.63271e+11 7.86606e+11 8.09869e+11 8.26133e+11 8.62482e+11 9.04677e+11 9.49409e+11 1.0005e+12 1.05045e+12 1.08155e+12 1.11296e+12 1.13156e+12 1.12796e+12 1.08083e+12 1.01384e+12 8.62023e+11 6.64196e+11 4.10526e+11 1.73684e+11 3.77649e+10 1.92004e+09 0 0 0 0 0 0 0 0 0 
0 0 0 0 0 0 0 0 0 0 2.06276e+10 1.85842e+11 6.68691e+11 1.44049e+12 2.29718e+12 3.0886e+12 3.62986e+12 4.06279e+12 4.3051e+12 4.44865e+12 4.45224e+12 4.42592e+12 4.40454e+12 4.39457e+12 4.21518e+12 4.09334e+12 3.98887e+12 3.83531e+12 3.74808e+12 3.71215e+12 3.69547e+12 3.69149e+12 3.66117e+12 3.68378e+12 3.73502e+12 3.77096e+12 3.87601e+12 3.93663e+12 4.04076e+12 4.11806e+12 4.25178e+12 4.36731e+12 4.413e+12 4.48804e+12 4.48455e+12 4.4986e+12 4.334e+12 3.99206e+12 3.60069e+12 3.03426e+12 2.28113e+12 1.42907e+12 6.69418e+11 1.87457e+11 2.06011e+10 0 0 0 0 0 0 0 0 0 0 
0 0 0 0 0 0 0 0 0 0 5.26023e+09 1.32398e+11 7.92806e+11 2.37896e+12 4.88015e+12 7.56753e+12 1.02933e+13 1.25573e+13 1.44176e+13 1.55148e+13 1.64894e+13 1.70725e+13 1.73122e+13 1.75595e+13 1.71335e+13 1.7332e+13 1.71179e+13 1.68336e+13 1.67172e+13 1.66126e+13 1.67395e+13 1.69006e+13 1.68464e+13 1.64437e+13 1.67025e+13 1.69444e+13 1.71952e+13 1.76003e+13 1.74996e+13 1.76605e+13 1.75512e+13 1.76022e+13 1.74405e+13 1.71517e+13 1.65471e+13 1.56302e+13 1.42506e+13 1.24636e+13 1.02313e+13 7.5926e+12 4.87416e+12 2.38068e+12 7.83166e+11 1.31551e+11 5.16044e+09 0 0 0 0 0 0 0 0 0 0 
0 0 0 0 0 0 0 0 0 0 0 5.61998e+10 6.40263e+11 2.95245e+12 7.8786e+12 1.55235e+13 2.4334e+13 3.33537e+13 4.12925e+13 4.83573e+13 5.35822e+13 5.83855e+13 6.18216e+13 6.38897e+13 6.5223e+13 6.61641e+13 6.69058e+13 6.66848e+13 6.71712e+13 6.7941e+13 6.72528e+13 6.75619e+13 6.81131e+13 6.88701e+13 6.88453e+13 6.83978e+13 6.88623e+13 6.85416e+13 6.7859e+13 6.66266e+13 6.47873e+13 6.43183e+13 6.20037e+13 5.81379e+13 5.42525e+13 4.87892e+13 4.11104e+13 3.32263e+13 2.40143e+13 1.53518e+13 7.96958e+12 2.93863e+12 6.44126e+11 5.59491e+10 0 0 0 0 0 0 0 0 0 0 0 
0 0 0 0 0 0 0 0 0 0 0 1.16607e+10 3.5476e+11 2.67482e+12 1.01463e+13 2.47778e+13 4.71547e+13 7.39568e+13 1.02113e+14 1.29143e+14 1.54219e+14 1.76257e+14 1.93745e+14 2.08877e+14 2.18439e+14 2.27907e+14 2.35517e+14 2.42232e+14 2.46393e+14 2.46309e+14 2.48521e+14 2.51613e+14 2.52477e+14 2.5342e+14 2.52549e+14 2.53463e+14 2.51354e+14 2.45554e+14 2.36895e+14 2.29102e+14 2.20568e+14 2.07419e+14 1.94375e+14 1.75244e+14 1.56674e+14 1.29849e+14 1.02444e+14 7.38643e+13 4.6845e+13 2.49835e+13 9.94376e+12 2.66518e+12 3.61036e+11 1.13202e+10 0 0 0 0 0 0 0 0 0 0 0 
0 0 0 0 0 0 0 0 0 0 0 0 1.22025e+11 1.68974e+12 9.52954e+12 3.15856e+13 7.42153e+13 1.35807e+14 2.13686e+14 2.98584e+14 3.8586e+14 4.65425e+14 5.39101e+14 6.0627e+14 6.59021e+14 7.06248e+14 7.48507e+14 7.74653e+14 8.00528e+14 8.3003e+14 8.31663e+14 8.43517e+14 8.55161e+14 8.45849e+14 8.34367e+14 8.29109e+14 8.14694e+14 7.8155e+14 7.45226e+14 7.07883e+14 6.63963e+14 6.10607e+14 5.45753e+14 4.71727e+14 3.87233e+14 3.01951e+14 2.1305e+14 1.35092e+14 7.30761e+13 3.14431e+13 9.59586e+12 1.72364e+12 1.22898e+11 0 0 0 0 0 0 0 0 0 0 0 0 
0 0 0 0 0 0 0 0 0 0 0 0 2.05477e+10 7.5357e+11 6.78587e+12 3.13321e+13 9.16674e+13 2.05219e+14 3.71426e+14 5.89337e+14 8.2531e+14 1.0789e+15 1.32308e+15 1.54588e+15 1.76468e+15 1.95582e+15 2.12084e+15 2.24253e+15 2.33693e+15 2.42412e+15 2.47918e+15 2.5098e+15 2.52403e+15 2.53071e+15 2.50086e+15 2.45139e+15 2.38024e+15 2.24132e+15 2.11765e+15 1.96128e+15 1.76179e+15 1.56086e+15 1.32695e+15 1.08611e+15 8.31641e+14 5.83403e+14 3.729e+14 2.05499e+14 9.22501e+13 3.10275e+13 6.79732e+12 7.61725e+11 2.07595e+10 0 0 0 0 0 0 0 0 0 0 0 0 
0 0 0 0 0 0 0 0 0 0 0 0 0 2.13161e+11 3.47489e+12 2.32074e+13 9.20979e+13 2.50383e+14 5.37486e+14 9.60303e+14 1.51411e+15 2.1568e+15 2.82628e+15 3.50223e+15 4.11548e+15 4.78373e+15 5.32091e+15 5.82786e+15 6.18117e+15 6.46998e+15 6.69789e+15 6.84006e+15 6.95918e+15 6.86022e+15 6.78613e+15 6.53928e+15 6.22447e+15 5.83363e+15 5.3371e+15 4.79334e+15 4.18934e+15 3.53041e+15 2.82869e+15 2.13925e+15 1.51349e+15 9.63514e+14 5.43552e+14 2.5126e+14 9.13592e+13 2.35185e+13 3.55092e+12 2.12228e+11 0 0 0 0 0 0 0 0 0 0 0 0 0 
0 0 0 0 0 0 0 0 0 0 0 0 0 2.99449e+10 1.28184e+12 1.32424e+13 7.05902e+13 2.47878e+14 6.40466e+14 1.32312e+15 2.3243e+15 3.64908e+15 5.19428e+15 6.89029e+15 8.65352e+15 1.03751e+16 1.19203e+16 1.33249e+16 1.44892e+16 1.55238e+16 1.61382e+16 1.66435e+16 1.68062e+16 1.66676e+16 1.6296e+16 1.56534e+16 1.45518e+16 1.34988e+16 1.1941e+16 1.03826e+16 8.70459e+15 6.90061e+15 5.19403e+15 3.6592e+15 2.32966e+15 1.32438e+15 6.35264e+14 2.48185e+14 7.22832e+13 1.33539e+13 1.28386e+12 3.08067e+10 0 0 0 0 0 0 0 0 0 0 0 0 0 
0 0 0 0 0 0 0 0 0 0 0 0 0 0 3.02102e+11 5.68376e+12 4.32353e+13 1.9737e+14 6.182e+14 1.50112e+15 3.04128e+15 5.27611e+15 8.22467e+15 1.16815e+16 1.54419e+16 1.94831e+16 2.34906e+16 2.69737e+16 3.00066e+16 3.24904e+16 3.44645e+16 3.591e+16 3.63435e+16 3.583e+16 3.48472e+16 3.28048e+16 3.03379e+16 2.7152e+16 2.35491e+16 1.95509e+16 1.55688e+16 1.18104e+16 8.25834e+15 5.31558e+15 3.07454e+15 1.51577e+15 6.18827e+14 1.95529e+14 4.35393e+13 5.71966e+12 3.00289e+11 0 0 0 0 0 0 0 0 0 0 0 0 0 0 
0 0 0 0 0 0 0 0 0 0 0 0 0 0 3.59859e+10 1.74651e+12 2.02807e+13 1.22445e+14 4.89439e+14 1.42127e+15 3.31299e+15 6.43539e+15 1.11434e+16 1.71939e+16 2.43295e+16 3.22701e+16 4.04539e+16 4.82821e+16 5.51603e+16 6.10408e+16 6.59131e+16 6.8643e+16 6.9815e+16 6.929e+16 6.62567e+16 6.17389e+16 5.57004e+16 4.81407e+16 4.06495e+16 3.24967e+16 2.45276e+16 1.72079e+16 1.11604e+16 6.48897e+15 3.29166e+15 1.4289e+15 4.86368e+14 1.24155e+14 2.03965e+13 1.73172e+12 3.68126e+10 0 0 0 0 0 0 0 0 0 0 0 0 0 0 
0 0 0 0 0 0 0 0 0 0 0 0 0 0 0 3.43305e+11 7.31866e+12 6.16416e+13 3.10334e+14 1.11078e+15 3.00636e+15 6.72973e+15 1.28266e+16 2.15164e+16 3.29529e+16 4.61473e+16 6.08407e+16 7.53294e+16 8.8802e+16 1.00815e+17 1.09863e+17 1.16554e+17 1.18015e+17 1.15657e+17 1.0976e+17 1.00984e+17 8.89655e+16 7.57014e+16 6.05417e+16 4.66254e+16 3.31939e+16 2.15839e+16 1.28416e+16 6.70232e+15 3.01126e+15 1.09421e+15 3.10957e+14 6.13358e+13 7.27604e+12 3.4172e+11 0 0 0 0 0 0 0 0 0 0 0 0 0 0 0 
0 0 0 0 0 0 0 0 0 0 0 0 0 0 0 3.56384e+10 1.8947e+12 2.39861e+13 1.6083e+14 7.04925e+14 2.27577e+15 5.84235e+15 1.24088e+16 2.31564e+16 3.81118e+16 5.72116e+16 7.90503e+16 1.03309e+17 1.2547e+17 1.46266e+17 1.62151e+17 1.71841e+17 1.75108e+17 1.71275e+17 1.61553e+17 1.45614e+17 1.25841e+17 1.02836e+17 7.97045e+16 5.72392e+16 3.82007e+16 2.31635e+16 1.24575e+16 5.82538e+15 2.27267e+15 6.99372e+14 1.61268e+14 2.40969e+13 1.86477e+12 3.66177e+10 0 0 0 0 0 0 0 0 0 0 0 0 0 0 0 
0 0 0 0 0 0 0 0 0 0 0 0 0 0 0 0 3.20795e+11 7.34218e+12 6.69568e+13 3.74206e+14 1.44002e+15 4.26042e+15 1.03148e+16 2.11096e+16 3.80944e+16 6.1014e+16 8.9866e+16 1.21763e+17 1.54843e+17 1.83666e+17 2.08537e+17 2.24608e+17 2.29498e+17 2.24023e+17 2.0786e+17 1.8449e+17 1.54191e+17 1.21958e+17 9.02468e+16 6.11469e+16 3.80628e+16 2.10713e+16 1.02459e+16 4.25174e+15 1.42005e+15 3.7119e+14 6.64596e+13 7.30999e+12 3.19775e+11 0 0 0 0 0 0 0 0 0 0 0 0 0 0 0 0 
0 0 0 0 0 0 0 0 0 0 0 0 0 0 0 0 2.92994e+10 1.61708e+12 2.21627e+13 1.60622e+14 7.59987e+14 2.65328e+15 7.23193e+15 1.6501e+16 3.24078e+16 5.63118e+16 8.7306e+16 1.24639e+17 1.65745e+17 2.0395e+17 2.34143e+17 2.54612e+17 2.61552e+17 2.54588e+17 2.33742e+17 2.02687e+17 1.65771e+17 1.2563e+17 8.76505e+16 5.60807e+16 3.21643e+16 1.65023e+16 7.23434e+15 2.62911e+15 7.52174e+14 1.59637e+14 2.23459e+13 1.61794e+12 2.96811e+10 0 0 0 0 0 0 0 0 0 0 0 0 0 0 0 0 
0 0 0 0 0 0 0 0 0 0 0 0 0 0 0 0 0 2.44299e+11 5.80527e+12 5.62755e+13 3.33369e+14 1.37118e+15 4.33377e+15 1.10696e+16 2.3833e+16 4.44763e+16 7.41952e+16 1.1127e+17 1.52773e+17 1.94115e+17 2.29663e+17 2.5297e+17 2.617e+17 2.54084e+17 2.30445e+17 1.94326e+17 1.5215e+17 1.10889e+17 7.35742e+16 4.4474e+16 2.37082e+16 1.09994e+16 4.31185e+15 1.35714e+15 3.31435e+14 5.65697e+13 5.80823e+12 2.42202e+11 0 0 0 0 0 0 0 0 0 0 0 0 0 0 0 0 0 
0 0 0 0 0 0 0 0 0 0 0 0 0 0 0 0 0 2.02664e+10 1.14356e+12 1.60552e+13 1.22176e+14 6.08763e+14 2.20599e+15 6.36062e+15 1.51356e+16 3.0805e+16 5.46639e+16 8.66282e+16 1.2437e+17 1.63394e+17 1.96124e+17 2.18104e+17 2.28873e+17 2.19569e+17 1.96876e+17 1.63372e+17 1.24479e+17 8.60496e+16 5.43173e+16 3.03573e+16 1.49475e+16 6.31046e+15 2.17951e+15 6.03605e+14 1.21819e+14 1.63351e+13 1.12975e+12 2.04254e+10 0 0 0 0 0 0 0 0 0 0 0 0 0 0 0 0 0 
0 0 0 0 0 0 0 0 0 0 0 0 0 0 0 0 0 0 1.51184e+11 3.67088e+12 3.67198e+13 2.26989e+14 9.71045e+14 3.17823e+15 8.26859e+15 1.83707e+16 3.51089e+16 5.89204e+16 8.84437e+16 1.19035e+17 1.47485e+17 1.66571e+17 1.7277e+17 1.6709e+17 1.4686e+17 1.18232e+17 8.75875e+16 5.86664e+16 3.49161e+16 1.83157e+16 8.24625e+15 3.1191e+15 9.61884e+14 2.25059e+14 3.71628e+13 3.72248e+12 1.50991e+11 0 0 0 0 0 0 0 0 0 0 0 0 0 0 0 0 0 0 
0 0 0 0 0 0 0 0 0 0 0 0 0 0 0 0 0 0 1.15781e+10 6.41466e+11 9.15621e+12 7.19328e+13 3.65013e+14 1.37869e+15 3.9938e+15 9.65603e+15 1.96514e+16 3.47657e+16 5.44786e+16 7.68269e+16 9.68147e+16 1.11858e+17 1.16649e+17 1.10865e+17 9.68113e+16 7.69491e+16 5.46706e+16 3.4799e+16 1.96679e+16 9.55207e+15 3.88516e+15 1.32969e+15 3.61978e+14 7.20068e+13 9.3869e+12 6.43355e+11 1.16553e+10 0 0 0 0 0 0 0 0 0 0 0 0 0 0 0 0 0 0 
0 0 0 0 0 0 0 0 0 0 0 0 0 0 0 0 0 0 0 7.79125e+10 1.88324e+12 1.90507e+13 1.18223e+14 5.08742e+14 1.68845e+15 4.42801e+15 9.72294e+15 1.8263e+16 2.99156e+16 4.33763e+16 5.67332e+16 6.60062e+16 6.9088e+16 6.55535e+16 5.65946e+16 4.35748e+16 3.00284e+16 1.8241e+16 9.64141e+15 4.36306e+15 1.63762e+15 5.01843e+14 1.17123e+14 1.9283e+13 1.88626e+12 7.78671e+10 0 0 0 0 0 0 0 0 0 0 0 0 0 0 0 0 0 0 0 
0 0 0 0 0 0 0 0 0 0 0 0 0 0 0 0 0 0 0 5.7423e+09 2.94568e+11 4.24839e+12 3.23864e+13 1.65104e+14 6.17724e+14 1.79408e+15 4.28742e+15 8.51073e+15 1.44524e+16 2.20624e+16 2.94014e+16 3.49392e+16 3.67416e+16 3.47892e+16 2.93475e+16 2.19868e+16 1.45916e+16 8.47417e+15 4.17784e+15 1.76423e+15 6.06828e+14 1.63323e+14 3.24868e+13 4.26823e+12 3.00391e+11 5.74973e+09 0 0 0 0 0 0 0 0 0 0 0 0 0 0 0 0 0 0 0 
0 0 0 0 0 0 0 0 0 0 0 0 0 0 0 0 0 0 0 0 3.29726e+10 7.86496e+11 7.69761e+12 4.66394e+13 1.99794e+14 6.5012e+14 1.66084e+15 3.53596e+15 6.39112e+15 9.94687e+15 1.35995e+16 1.63467e+16 1.73529e+16 1.63195e+16 1.36535e+16 9.98065e+15 6.37948e+15 3.48273e+15 1.64232e+15 6.29989e+14 1.97285e+14 4.65627e+13 7.71028e+12 7.93408e+11 3.34259e+10 0 0 0 0 0 0 0 0 0 0 0 0 0 0 0 0 0 0 0 0 
0 0 0 0 0 0 0 0 0 0 0 0 0 0 0 0 0 0 0 0 2.42414e+09 1.13498e+11 1.56034e+12 1.14648e+13 5.68686e+13 2.0569e+14 5.79108e+14 1.32301e+15 2.50242e+15 4.05196e+15 5.69885e+15 6.95149e+15 7.33658e+15 6.92237e+15 5.71214e+15 4.05847e+15 2.48618e+15 1.30889e+15 5.66748e+14 2.01843e+14 5.59013e+13 1.14424e+13 1.56677e+12 1.1332e+11 2.45084e+09 0 0 0 0 0 0 0 0 0 0 0 0 0 0 0 0 0 0 0 0 
0 0 0 0 0 0 0 0 0 0 0 0 0 0 0 0 0 0 0 0 0 1.20466e+10 2.62996e+11 2.46066e+12 1.42526e+13 5.8338e+13 1.79016e+14 4.39791e+14 8.78578e+14 1.49296e+15 2.15099e+15 2.64748e+15 2.84152e+15 2.64368e+15 2.15289e+15 1.49558e+15 8.84949e+14 4.36514e+14 1.76853e+14 5.77768e+13 1.41256e+13 2.46108e+12 2.62358e+11 1.20113e+10 0 0 0 0 0 0 0 0 0 0 0 0 0 0 0 0 0 0 0 0 0 
0 0 0 0 0 0 0 0 0 0 0 0 0 0 0 0 0 0 0 0 0 9.10469e+08 3.52543e+10 4.57732e+11 3.15885e+12 1.47441e+13 5.03339e+13 1.33671e+14 2.83718e+14 4.95906e+14 7.38625e+14 9.34472e+14 1.00125e+15 9.27439e+14 7.35742e+14 4.99362e+14 2.80132e+14 1.31382e+14 5.03586e+13 1.4792e+13 3.19042e+12 4.62931e+11 3.55393e+10 9.22516e+08 0 0 0 0 0 0 0 0 0 0 0 0 0 0 0 0 0 0 0 0 0 
0 0 0 0 0 0 0 0 0 0 0 0 0 0 0 0 0 0 0 0 0 0 3.66487e+09 7.02577e+10 6.20101e+11 3.34788e+12 1.27873e+13 3.69857e+13 8.29302e+13 1.52725e+14 2.32415e+14 2.96134e+14 3.21531e+14 2.97197e+14 2.30694e+14 1.51186e+14 8.21462e+13 3.67252e+13 1.27866e+13 3.41373e+12 6.27369e+11 7.18921e+10 3.65754e+09 0 0 0 0 0 0 0 0 0 0 0 0 0 0 0 0 0 0 0 0 0 0 
0 0 0 0 0 0 0 0 0 0 0 0 0 0 0 0 0 0 0 0 0 0 3.14447e+08 9.46578e+09 1.06829e+11 6.82825e+11 2.89216e+12 9.07992e+12 2.22517e+13 4.27447e+13 6.68517e+13 8.86568e+13 9.58616e+13 8.65659e+13 6.67068e+13 4.22823e+13 2.21668e+13 9.1903e+12 2.94319e+12 6.87463e+11 1.10033e+11 9.46941e+09 3.26383e+08 0 0 0 0 0 0 0 0 0 0 0 0 0 0 0 0 0 0 0 0 0 0 
0 0 0 0 0 0 0 0 0 0 0 0 0 0 0 0 0 0 0 0 0 0 0 9.51548e+08 1.60715e+10 1.24951e+11 6.10463e+11 2.11157e+12 5.4486e+12 1.09846e+13 1.78793e+13 2.39744e+13 2.61001e+13 2.37352e+13 1.79402e+13 1.106e+13 5.45938e+12 2.12634e+12 6.21517e+11 1.29275e+11 1.63462e+10 9.55668e+08 0 0 0 0 0 0 0 0 0 0 0 0 0 0 0 0 0 0 0 0 0 0 0 
0 0 0 0 0 0 0 0 0 0 0 0 0 0 0 0 0 0 0 0 0 0 0 1.0216e+08 2.15911e+09 2.10384e+10 1.17595e+11 4.43319e+11 1.22869e+12 2.64628e+12 4.45806e+12 6.00021e+12 6.63732e+12 5.9959e+12 4.44832e+12 2.6819e+12 1.25358e+12 4.50787e+11 1.20066e+11 2.12298e+10 2.22051e+09 1.06145e+08 0 0 0 0 0 0 0 0 0 0 0 0 0 0 0 0 0 0 0 0 0 0 0 
0 0 0 0 0 0 0 0 0 0 0 0 0 0 0 0 0 0 0 0 0 0 0 0 2.20026e+08 3.17202e+09 2.07551e+10 8.7635e+10 2.63989e+11 5.94679e+11 1.04002e+12 1.44096e+12 1.62903e+12 1.43718e+12 1.03814e+12 5.96162e+11 2.67952e+11 8.97815e+10 2.11055e+10 3.22967e+09 2.26438e+08 0 0 0 0 0 0 0 0 0 0 0 0 0 0 0 0 0 0 0 0 0 0 0 0 
0 0 0 0 0 0 0 0 0 0 0 0 0 0 0 0 0 0 0 0 0 0 0 0 3.04629e+07 4.42568e+08 3.38446e+09 1.62544e+10 5.21e+10 1.257e+11 2.28825e+11 3.27059e+11 3.6809e+11 3.27293e+11 2.29867e+11 1.27976e+11 5.472e+10 1.66854e+10 3.43577e+09 4.49857e+08 3.14437e+07 0 0 0 0 0 0 0 0 0 0 0 0 0 0 0 0 0 0 0 0 0 0 0 0 
0 0 0 0 0 0 0 0 0 0 0 0 0 0 0 0 0 0 0 0 0 0 0 0 0 4.44044e+07 5.28043e+08 2.85907e+09 1.01139e+10 2.56203e+10 4.79328e+10 7.00848e+10 7.92875e+10 7.00782e+10 4.84163e+10 2.60946e+10 1.02393e+10 2.88844e+09 5.3404e+08 4.5785e+07 0 0 0 0 0 0 0 0 0 0 0 0 0 0 0 0 0 0 0 0 0 0 0 0 0 
0 0 0 0 0 0 0 0 0 0 0 0 0 0 0 0 0 0 0 0 0 0 0 0 0 8.35787e+06 8.02755e+07 4.68944e+08 1.88343e+09 4.96785e+09 9.80673e+09 1.44449e+10 1.67376e+10 1.44238e+10 9.82031e+09 5.02267e+09 1.8955e+09 4.79704e+08 8.20816e+07 8.50706e+06 0 0 0 0 0 0 0 0 0 0 0 0 0 0 0 0 0 0 0 0 0 0 0 0 0 
0 0 0 0 0 0 0 0 0 0 0 0 0 0 0 0 0 0 0 0 0 0 0 0 0 0 7.67916e+06 7.89504e+07 3.30221e+08 9.39619e+08 1.96354e+09 2.97039e+09 3.37446e+09 2.93453e+09 1.96311e+09 9.6167e+08 3.40722e+08 8.10015e+07 7.87978e+06 0 0 0 0 0 0 0 0 0 0 0 0 0 0 0 0 0 0 0 0 0 0 0 0 0 0 
0 0 0 0 0 0 0 0 0 0 0 0 0 0 0 0 0 0 0 0 0 0 0 0 0 0 2.03969e+06 1.29019e+07 5.54514e+07 1.79439e+08 3.72706e+08 5.86058e+08 6.81454e+08 5.95286e+08 3.83843e+08 1.86209e+08 5.674e+07 1.28382e+07 2.04596e+06 0 0 0 0 0 0 0 0 0 0 0 0 0 0 0 0 0 0 0 0 0 0 0 0 0 0 
0 0 0 0 0 0 0 0 0 0 0 0 0 0 0 0 0 0 0 0 0 0 0 0 0 0 0 1.07483e+06 1.09082e+07 3.21574e+07 7.25252e+07 1.18362e+08 1.34975e+08 1.20409e+08 7.34682e+07 3.30858e+07 1.09058e+07 1.10181e+06 0 0 0 0 0 0 0 0 0 0 0 0 0 0 0 0 0 0 0 0 0 0 0 0 0 0 0 
0 0 0 0 0 0 0 0 0 0 0 0 0 0 0 0 0 0 0 0 0 0 0 0 0 0 0 423046 1.65435e+06 5.55971e+06 1.49765e+07 2.22688e+07 2.82366e+07 2.20611e+07 1.52613e+07 5.6379e+06 1.71118e+06 431158 0 0 0 0 0 0 0 0 0 0 0 0 0 0 0 0 0 0 0 0 0 0 0 0 0 0 0 
0 0 0 0 0 0 0 0 0 0 0 0 0 0 0 0 0 0 0 0 0 0 0 0 0 0 0 0 112025 1.22534e+06 2.37512e+06 4.60581e+06 5.1898e+06 4.62708e+06 2.45152e+06 1.25948e+06 113460 0 0 0 0 0 0 0 0 0 0 0 0 0 0 0 0 0 0 0 0 0 0 0 0 0 0 0 0 
0 0 0 0 0 0 0 0 0 0 0 0 0 0 0 0 0 0 0 0 0 0 0 0 0 0 0 0 72185.2 165622 452485 959966 924156 954065 459174 173631 74662.6 0 0 0 0 0 0 0 0 0 0 0 0 0 0 0 0 0 0 0 0 0 0 0 0 0 0 0 0 
0 0 0 0 0 0 0 0 0 0 0 0 0 0 0 0 0 0 0 0 0 0 0 0 0 0 0 0 0 7501.72 114047 109614 235008 109319 114418 7595.03 0 0 0 0 0 0 0 0 0 0 0 0 0 0 0 0 0 0 0 0 0 0 0 0 0 0 0 0 0 
0 0 0 0 0 0 0 0 0 0 0 0 0 0 0 0 0 0 0 0 0 0 0 0 0 0 0 0 0 9558.6 11133.2 32428.9 37027.3 32270.4 11468.9 9970.09 0 0 0 0 0 0 0 0 0 0 0 0 0 0 0 0 0 0 0 0 0 0 0 0 0 0 0 0 0 
0 0 0 0 0 0 0 0 0 0 0 0 0 0 0 0 0 0 0 0 0 0 0 0 0 0 0 0 0 0 253.634 7410.17 1955.23 7473.41 255.115 0 0 0 0 0 0 0 0 0 0 0 0 0 0 0 0 0 0 0 0 0 0 0 0 0 0 0 0 0 0 
0 0 0 0 0 0 0 0 0 0 0 0 0 0 0 0 0 0 0 0 0 0 0 0 0 0 0 0 0 0 974.773 375.112 1864.81 375.192 995.148 0 0 0 0 0 0 0 0 0 0 0 0 0 0 0 0 0 0 0 0 0 0 0 0 0 0 0 0 0 0 
0 0 0 0 0 0 0 0 0 0 0 0 0 0 0 0 0 0 0 0 0 0 0 0 0 0 0 0 0 0 0 0 244.67 0 0 0 0 0 0 0 0 0 0 0 0 0 0 0 0 0 0 0 0 0 0 0 0 0 0 0 0 0 0 0 0 
0 0 0 0 0 0 0 0 0 0 0 0 0 0 0 0 0 0 0 0 0 0 0 0 0 0 0 0 0 0 0 63.4159 0 64.2162 0 0 0 0 0 0 0 0 0 0 0 0 0 0 0 0 0 0 0 0 0 0 0 0 0 0 0 0 0 0 0 
0 0 0 0 0 0 0 0 0 0 0 0 0 0 0 0 0 0 0 0 0 0 0 0 0 0 0 0 0 0 0 0 0 0 0 0 0 0 0 0 0 0 0 0 0 0 0 0 0 0 0 0 0 0 0 0 0 0 0 0 0 0 0 0 0 
0 0 0 0 0 0 0 0 0 0 0 0 0 0 0 0 0 0 0 0 0 0 0 0 0 0 0 0 0 0 0 0 1.95457 0 0 0 0 0 0 0 0 0 0 0 0 0 0 0 0 0 0 0 0 0 0 0 0 0 0 0 0 0 0 0 0 
