1 0 0 0 0 0 0 0 0 0 0 0 0 0 0 0 0 
0 0 0 0 0 0 0 0 0 0 0 0 0 0 0 0 0 
0 16 0 0 0 0 0 0 0 0 0 0 0 0 0 0 0 
0 0 32 0 0 0 0 0 0 0 0 0 0 0 0 0 0 
0 0 88 96.2139 24.0535 0 0 0 7.94144 0 0 0 0 0 0 0 0 
0 0 0 255.572 256.103 191.738 94.8381 63.5315 0 0 0 0 0 0 0 0 0 
0 0 0 208.214 734.993 686.466 706.494 622.616 769.735 0 0 0 0 0 0 0 0 
0 0 0 0 577.492 1667.73 1825.28 1917.82 1599.31 0 0 0 0 0 0 0 0 
0 0 0 0 227.359 1245.7 2920.43 3689.96 4351.19 0 0 0 0 0 0 0 0 
0 0 0 0 0 448.848 1575.06 3132.86 3267.38 0 0 0 0 0 0 0 0 
0 0 0 0 0 127.517 766.078 1386.52 2116.72 0 0 0 0 0 0 0 0 
0 0 0 0 0 0 63.7452 515.072 569.639 0 0 0 0 0 0 0 0 
0 0 0 0 0 0 56.0818 95.6017 121.609 0 0 0 0 0 0 0 0 
0 0 0 0 0 0 0 0 64.4711 0 0 0 0 0 0 0 0 
0 0 0 0 0 0 0 16.0234 0 0 0 0 0 0 0 0 0 
0 0 0 0 0 0 0 0 0 0 0 0 0 0 0 0 0 
0 0 0 0 0 0 0 0 2.00292 0 0 0 0 0 0 0 0 
