1 0 0 0 0 0 0 0 0 0 0 0 0 0 0 0 0 
0 0 0 0 0 0 0 0 0 0 0 0 0 0 0 0 0 
0 16 0 0 0 0 0 0 0 0 0 0 0 0 0 0 0 
0 0 32 0 0 0 0 0 0 0 0 0 0 0 0 0 0 
0 0 88 96.2667 24.0667 0 0 0 7.94242 0 0 0 0 0 0 0 0 
0 0 0 255.467 256.477 191.897 95.7187 63.5394 0 0 0 0 0 0 0 0 0 
0 0 0 208.267 734.117 687.793 705.284 626.482 767.556 0 0 0 0 0 0 0 0 
0 0 0 0 578.068 1664.66 1821.31 1911.53 1605.85 0 0 0 0 0 0 0 0 
0 0 0 0 227.271 1247.49 2932.06 3691.3 4345.4 0 0 0 0 0 0 0 0 
0 0 0 0 0 448.39 1564.12 3133.3 3271.51 0 0 0 0 0 0 0 0 
0 0 0 0 0 127.772 769.687 1388.15 2109.98 0 0 0 0 0 0 0 0 
0 0 0 0 0 0 63.7667 513.34 574.095 0 0 0 0 0 0 0 0 
0 0 0 0 0 0 56.0599 96.3495 121.387 0 0 0 0 0 0 0 0 
0 0 0 0 0 0 0 0 64.2823 0 0 0 0 0 0 0 0 
0 0 0 0 0 0 0 16.0171 0 0 0 0 0 0 0 0 0 
0 0 0 0 0 0 0 0 0 0 0 0 0 0 0 0 0 
0 0 0 0 0 0 0 0 2.00214 0 0 0 0 0 0 0 0 
