1 0 0 0 0 0 0 0 0 0 0 0 0 0 0 0 0 
0 0 0 0 0 0 0 0 0 0 0 0 0 0 0 0 0 
0 16 0 0 0 0 0 0 0 0 0 0 0 0 0 0 0 
0 0 32 0 0 0 0 0 0 0 0 0 0 0 0 0 0 
0 0 88 95.7797 23.9449 0 0 0 8.12889 0 0 0 0 0 0 0 0 
0 0 0 256.441 254.774 191.547 95.5484 65.0311 0 0 0 0 0 0 0 0 0 
0 0 0 207.78 739.2 686.384 702.824 620.667 763.969 0 0 0 0 0 0 0 0 
0 0 0 0 573.497 1667.41 1826.91 1922.98 1604.54 0 0 0 0 0 0 0 0 
0 0 0 0 228.584 1247.58 2926.82 3672.27 4354.94 0 0 0 0 0 0 0 0 
0 0 0 0 0 447.351 1568.1 3148.42 3267.4 0 0 0 0 0 0 0 0 
0 0 0 0 0 127.733 768.336 1387.2 2108.99 0 0 0 0 0 0 0 0 
0 0 0 0 0 0 63.4283 513.148 576.41 0 0 0 0 0 0 0 0 
0 0 0 0 0 0 56.0363 94.2736 119.74 0 0 0 0 0 0 0 0 
0 0 0 0 0 0 0 0 63.8826 0 0 0 0 0 0 0 0 
0 0 0 0 0 0 0 16.0104 0 0 0 0 0 0 0 0 0 
0 0 0 0 0 0 0 0 0 0 0 0 0 0 0 0 0 
0 0 0 0 0 0 0 0 2.0013 0 0 0 0 0 0 0 0 
