1 0 0 0 0 0 0 0 0 0 0 0 0 0 0 0 0 
0 0 0 0 0 0 0 0 0 0 0 0 0 0 0 0 0 
0 16 0 0 0 0 0 0 0 0 0 0 0 0 0 0 0 
0 0 32 0 0 0 0 0 0 0 0 0 0 0 0 0 0 
0 0 88 95.8971 23.9743 0 0 0 8.07356 0 0 0 0 0 0 0 0 
0 0 0 256.206 255.638 191.556 95.587 64.5885 0 0 0 0 0 0 0 0 0 
0 0 0 207.897 737.685 688.894 699.585 619.778 765.796 0 0 0 0 0 0 0 0 
0 0 0 0 573.818 1664.04 1833.34 1921.3 1593.9 0 0 0 0 0 0 0 0 
0 0 0 0 228.884 1247.23 2923.61 3683 4373.39 0 0 0 0 0 0 0 0 
0 0 0 0 0 448.058 1568.51 3139.75 3258.87 0 0 0 0 0 0 0 0 
0 0 0 0 0 128.221 767.554 1387.84 2104.7 0 0 0 0 0 0 0 0 
0 0 0 0 0 0 63.6272 511.885 580.239 0 0 0 0 0 0 0 0 
0 0 0 0 0 0 56.1928 95.802 118.407 0 0 0 0 0 0 0 0 
0 0 0 0 0 0 0 0 64.6235 0 0 0 0 0 0 0 0 
0 0 0 0 0 0 0 16.0551 0 0 0 0 0 0 0 0 0 
0 0 0 0 0 0 0 0 0 0 0 0 0 0 0 0 0 
0 0 0 0 0 0 0 0 2.00689 0 0 0 0 0 0 0 0 
