1 0 0 0 0 0 0 0 0 0 0 0 0 0 0 0 0 
0 0 0 0 0 0 0 0 0 0 0 0 0 0 0 0 0 
0 16 0 0 0 0 0 0 0 0 0 0 0 0 0 0 0 
0 0 32 0 0 0 0 0 0 0 0 0 0 0 0 0 0 
0 0 88 96.0033 24.0008 0 0 0 7.98649 0 0 0 0 0 0 0 0 
0 0 0 255.993 255.966 191.98 96.1291 63.8919 0 0 0 0 0 0 0 0 0 
0 0 0 208.003 736.285 688.696 703.175 624.715 768.155 0 0 0 0 0 0 0 0 
0 0 0 0 575.529 1663.39 1824.24 1919.44 1599.29 0 0 0 0 0 0 0 0 
0 0 0 0 228.22 1247.75 2930.34 3680.4 4357.52 0 0 0 0 0 0 0 0 
0 0 0 0 0 447.666 1565.86 3135.18 3263.55 0 0 0 0 0 0 0 0 
0 0 0 0 0 128.526 767.982 1392.07 2111.19 0 0 0 0 0 0 0 0 
0 0 0 0 0 0 63.9561 512.204 575.768 0 0 0 0 0 0 0 0 
0 0 0 0 0 0 56.3207 96.0164 120.452 0 0 0 0 0 0 0 0 
0 0 0 0 0 0 0 0 64.0844 0 0 0 0 0 0 0 0 
0 0 0 0 0 0 0 16.0916 0 0 0 0 0 0 0 0 0 
0 0 0 0 0 0 0 0 0 0 0 0 0 0 0 0 0 
0 0 0 0 0 0 0 0 2.01145 0 0 0 0 0 0 0 0 
