1 0 0 0 0 0 0 0 0 0 0 0 0 0 0 0 0 
0 0 0 0 0 0 0 0 0 0 0 0 0 0 0 0 0 
0 16 0 0 0 0 0 0 0 0 0 0 0 0 0 0 0 
0 0 32 0 0 0 0 0 0 0 0 0 0 0 0 0 0 
0 0 88 95.8959 23.974 0 0 0 8.03096 0 0 0 0 0 0 0 0 
0 0 0 256.208 255.374 191.781 95.6865 64.2477 0 0 0 0 0 0 0 0 0 
0 0 0 207.896 736.789 687.784 703.483 622.527 768.137 0 0 0 0 0 0 0 0 
0 0 0 0 576.405 1664.22 1822.98 1920.02 1598.2 0 0 0 0 0 0 0 0 
0 0 0 0 227.458 1248.92 2931.59 3679.98 4357.39 0 0 0 0 0 0 0 0 
0 0 0 0 0 447.474 1567.14 3139.87 3264.83 0 0 0 0 0 0 0 0 
0 0 0 0 0 127.826 767.434 1389.97 2111.82 0 0 0 0 0 0 0 0 
0 0 0 0 0 0 63.7475 511.525 576.175 0 0 0 0 0 0 0 0 
0 0 0 0 0 0 55.9404 95.8821 119.497 0 0 0 0 0 0 0 0 
0 0 0 0 0 0 0 0 63.9259 0 0 0 0 0 0 0 0 
0 0 0 0 0 0 0 15.983 0 0 0 0 0 0 0 0 0 
0 0 0 0 0 0 0 0 0 0 0 0 0 0 0 0 0 
0 0 0 0 0 0 0 0 1.99787 0 0 0 0 0 0 0 0 
