1 0 0 0 0 0 0 0 0 0 0 0 0 0 0 0 0 
0 0 0 0 0 0 0 0 0 0 0 0 0 0 0 0 0 
0 16 0 0 0 0 0 0 0 0 0 0 0 0 0 0 0 
0 0 32 0 0 0 0 0 0 0 0 0 0 0 0 0 0 
0 0 88 95.8695 23.9674 0 0 0 7.96882 0 0 0 0 0 0 0 0 
0 0 0 256.261 256.059 192.266 96.0454 63.7505 0 0 0 0 0 0 0 0 0 
0 0 0 207.869 736.25 687.541 705.302 625.891 770.143 0 0 0 0 0 0 0 0 
0 0 0 0 575.452 1663.86 1822.19 1919.97 1595.14 0 0 0 0 0 0 0 0 
0 0 0 0 228.271 1248.48 2928.49 3676.33 4359.72 0 0 0 0 0 0 0 0 
0 0 0 0 0 447.971 1566.96 3137.29 3262.34 0 0 0 0 0 0 0 0 
0 0 0 0 0 127.883 768.94 1392.6 2112.78 0 0 0 0 0 0 0 0 
0 0 0 0 0 0 64.2177 512.087 576.065 0 0 0 0 0 0 0 0 
0 0 0 0 0 0 55.8581 96.1234 119.961 0 0 0 0 0 0 0 0 
0 0 0 0 0 0 0 0 63.8803 0 0 0 0 0 0 0 0 
0 0 0 0 0 0 0 15.9595 0 0 0 0 0 0 0 0 0 
0 0 0 0 0 0 0 0 0 0 0 0 0 0 0 0 0 
0 0 0 0 0 0 0 0 1.99493 0 0 0 0 0 0 0 0 
