1 0 0 0 0 0 0 0 0 0 0 0 0 0 0 0 0 
0 0 0 0 0 0 0 0 0 0 0 0 0 0 0 0 0 
0 16 0 0 0 0 0 0 0 0 0 0 0 0 0 0 0 
0 0 32 0 0 0 0 0 0 0 0 0 0 0 0 0 0 
0 0 88 95.9346 23.9837 0 0 0 8.00489 0 0 0 0 0 0 0 0 
0 0 0 256.131 255.971 192.11 96.2929 64.0391 0 0 0 0 0 0 0 0 0 
0 0 0 207.935 735.612 687.127 702.981 623.946 767.567 0 0 0 0 0 0 0 0 
0 0 0 0 576.928 1665.18 1824.32 1921.12 1601.77 0 0 0 0 0 0 0 0 
0 0 0 0 227.505 1247.51 2928.53 3678.01 4354.04 0 0 0 0 0 0 0 0 
0 0 0 0 0 448.387 1568.2 3137.29 3266.15 0 0 0 0 0 0 0 0 
0 0 0 0 0 127.688 767.895 1390.97 2109.17 0 0 0 0 0 0 0 0 
0 0 0 0 0 0 63.9592 512.515 576.76 0 0 0 0 0 0 0 0 
0 0 0 0 0 0 55.8237 96.1638 120.529 0 0 0 0 0 0 0 0 
0 0 0 0 0 0 0 0 64.0172 0 0 0 0 0 0 0 0 
0 0 0 0 0 0 0 15.9496 0 0 0 0 0 0 0 0 0 
0 0 0 0 0 0 0 0 0 0 0 0 0 0 0 0 0 
0 0 0 0 0 0 0 0 1.9937 0 0 0 0 0 0 0 0 
