1 0 0 0 0 0 0 0 0 0 0 0 0 0 0 0 0 
0 0 0 0 0 0 0 0 0 0 0 0 0 0 0 0 0 
0 16 0 0 0 0 0 0 0 0 0 0 0 0 0 0 0 
0 0 32 0 0 0 0 0 0 0 0 0 0 0 0 0 0 
0 0 88 96.0467 24.0117 0 0 0 8.00299 0 0 0 0 0 0 0 0 
0 0 0 255.907 255.812 191.812 96.1832 64.0239 0 0 0 0 0 0 0 0 0 
0 0 0 208.047 736.117 687.278 703.601 624.128 768.724 0 0 0 0 0 0 0 0 
0 0 0 0 576.283 1665.46 1823.24 1920.26 1600.27 0 0 0 0 0 0 0 0 
0 0 0 0 227.776 1247.6 2929.38 3679 4353.93 0 0 0 0 0 0 0 0 
0 0 0 0 0 448.269 1567.98 3136.44 3264.78 0 0 0 0 0 0 0 0 
0 0 0 0 0 127.589 767.77 1392.07 2112 0 0 0 0 0 0 0 0 
0 0 0 0 0 0 63.904 512.257 576.36 0 0 0 0 0 0 0 0 
0 0 0 0 0 0 55.9415 95.8338 119.824 0 0 0 0 0 0 0 0 
0 0 0 0 0 0 0 0 64.1179 0 0 0 0 0 0 0 0 
0 0 0 0 0 0 0 15.9833 0 0 0 0 0 0 0 0 0 
0 0 0 0 0 0 0 0 0 0 0 0 0 0 0 0 0 
0 0 0 0 0 0 0 0 1.99791 0 0 0 0 0 0 0 0 
