1 0 0 0 0 0 0 0 0 0 0 0 0 0 0 0 0 
0 0 0 0 0 0 0 0 0 0 0 0 0 0 0 0 0 
0 16 0 0 0 0 0 0 0 0 0 0 0 0 0 0 0 
0 0 32 0 0 0 0 0 0 0 0 0 0 0 0 0 0 
0 0 88 96.0971 24.0243 0 0 0 7.97133 0 0 0 0 0 0 0 0 
0 0 0 255.806 256.048 191.738 95.931 63.7706 0 0 0 0 0 0 0 0 0 
0 0 0 208.097 736.013 688.292 702.895 623.691 766.437 0 0 0 0 0 0 0 0 
0 0 0 0 575.733 1664.1 1823.85 1916.93 1601.19 0 0 0 0 0 0 0 0 
0 0 0 0 228.182 1247.59 2930.62 3685.6 4355.02 0 0 0 0 0 0 0 0 
0 0 0 0 0 448.656 1567.47 3135.06 3267.95 0 0 0 0 0 0 0 0 
0 0 0 0 0 127.623 767.64 1392.22 2110.32 0 0 0 0 0 0 0 0 
0 0 0 0 0 0 63.7291 510.686 574.969 0 0 0 0 0 0 0 0 
0 0 0 0 0 0 55.8733 96.0689 120.259 0 0 0 0 0 0 0 0 
0 0 0 0 0 0 0 0 63.8928 0 0 0 0 0 0 0 0 
0 0 0 0 0 0 0 15.9638 0 0 0 0 0 0 0 0 0 
0 0 0 0 0 0 0 0 0 0 0 0 0 0 0 0 0 
0 0 0 0 0 0 0 0 1.99548 0 0 0 0 0 0 0 0 
