1 0 0 0 0 0 0 0 0 0 0 0 0 0 0 0 0 
0 0 0 0 0 0 0 0 0 0 0 0 0 0 0 0 0 
0 16 0 0 0 0 0 0 0 0 0 0 0 0 0 0 0 
0 0 32 0 0 0 0 0 0 0 0 0 0 0 0 0 0 
0 0 88 96.0273 24.0068 0 0 0 7.95357 0 0 0 0 0 0 0 0 
0 0 0 255.945 256.434 191.868 95.9745 63.6285 0 0 0 0 0 0 0 0 0 
0 0 0 208.027 735.287 688.77 704.813 623.986 768.184 0 0 0 0 0 0 0 0 
0 0 0 0 576.096 1663.2 1823.49 1922.06 1601.4 0 0 0 0 0 0 0 0 
0 0 0 0 228.176 1247.9 2926.82 3677.33 4354.38 0 0 0 0 0 0 0 0 
0 0 0 0 0 448.177 1569.18 3137.44 3263.86 0 0 0 0 0 0 0 0 
0 0 0 0 0 128.082 767.468 1391.49 2111.09 0 0 0 0 0 0 0 0 
0 0 0 0 0 0 64.1173 511.843 577.052 0 0 0 0 0 0 0 0 
0 0 0 0 0 0 56.1436 96.184 120.089 0 0 0 0 0 0 0 0 
0 0 0 0 0 0 0 0 63.9985 0 0 0 0 0 0 0 0 
0 0 0 0 0 0 0 16.041 0 0 0 0 0 0 0 0 0 
0 0 0 0 0 0 0 0 0 0 0 0 0 0 0 0 0 
0 0 0 0 0 0 0 0 2.00513 0 0 0 0 0 0 0 0 
