1 0 0 0 0 0 0 0 0 0 0 0 0 0 0 0 0 
0 0 0 0 0 0 0 0 0 0 0 0 0 0 0 0 0 
0 16 0 0 0 0 0 0 0 0 0 0 0 0 0 0 0 
0 0 32 0 0 0 0 0 0 0 0 0 0 0 0 0 0 
0 0 88 96.0232 24.0058 0 0 0 7.98699 0 0 0 0 0 0 0 0 
0 0 0 255.954 255.913 192.173 96.1852 63.896 0 0 0 0 0 0 0 0 0 
0 0 0 208.023 736.075 688.006 703.06 623.453 767.622 0 0 0 0 0 0 0 0 
0 0 0 0 576.09 1663.28 1823.98 1919.33 1601.09 0 0 0 0 0 0 0 0 
0 0 0 0 227.917 1248.25 2929.7 3681.65 4354.36 0 0 0 0 0 0 0 0 
0 0 0 0 0 448.771 1567.1 3137.21 3266.31 0 0 0 0 0 0 0 0 
0 0 0 0 0 127.52 768.12 1390.39 2110.03 0 0 0 0 0 0 0 0 
0 0 0 0 0 0 64.1528 512.197 576.449 0 0 0 0 0 0 0 0 
0 0 0 0 0 0 55.7137 95.9586 120.217 0 0 0 0 0 0 0 0 
0 0 0 0 0 0 0 0 63.954 0 0 0 0 0 0 0 0 
0 0 0 0 0 0 0 15.9182 0 0 0 0 0 0 0 0 0 
0 0 0 0 0 0 0 0 0 0 0 0 0 0 0 0 0 
0 0 0 0 0 0 0 0 1.98977 0 0 0 0 0 0 0 0 
