1 0 0 0 0 0 0 0 0 0 0 0 0 0 0 0 0 
0 0 0 0 0 0 0 0 0 0 0 0 0 0 0 0 0 
0 16 0 0 0 0 0 0 0 0 0 0 0 0 0 0 0 
0 0 32 0 0 0 0 0 0 0 0 0 0 0 0 0 0 
0 0 88 95.9718 24.0023 0 0 0 7.99186 0 0 0 0 0 0 0 0 
0 0 0 256.109 257.172 192.326 96.4683 63.9126 0 0 0 0 0 0 0 0 0 
0 0 0 207.919 733.408 690.072 705.216 626.398 770.687 0 0 0 0 0 0 0 0 
0 0 0 0 577.954 1660.14 1826.54 1922.45 1602.54 0 0 0 0 0 0 0 0 
0 0 0 0 227.464 1249.92 2919.05 3674.1 4347.01 0 0 0 0 0 0 0 0 
0 0 0 0 0 446.719 1573.83 3135.79 3268.84 0 0 0 0 0 0 0 0 
0 0 0 0 0 128.823 766.698 1390.69 2107.92 0 0 0 0 0 0 0 0 
0 0 0 0 0 0 63.7354 514.69 577.576 0 0 0 0 0 0 0 0 
0 0 0 0 0 0 56.4555 95.8304 121.106 0 0 0 0 0 0 0 0 
0 0 0 0 0 0 0 0 64.306 0 0 0 0 0 0 0 0 
0 0 0 0 0 0 0 16.1356 0 0 0 0 0 0 0 0 0 
0 0 0 0 0 0 0 0 0 0 0 0 0 0 0 0 0 
0 0 0 0 0 0 0 0 2.01765 0 0 0 0 0 0 0 0 
