1 0 0 0 0 0 0 0 0 0 0 0 0 0 0 0 0 
0 0 0 0 0 0 0 0 0 0 0 0 0 0 0 0 0 
0 16 0 0 0 0 0 0 0 0 0 0 0 0 0 0 0 
0 0 32 0 0 0 0 0 0 0 0 0 0 0 0 0 0 
0 0 88 95.867 23.9792 0 0 0 8.18549 0 0 0 0 0 0 0 0 
0 0 0 256.372 255.522 191.853 96.344 65.46 0 0 0 0 0 0 0 0 0 
0 0 0 207.761 736.834 687.795 704.956 622.826 769.132 0 0 0 0 0 0 0 0 
0 0 0 0 576.25 1664.16 1823.87 1918.85 1592.94 0 0 0 0 0 0 0 0 
0 0 0 0 227.416 1247.32 2925.36 3683.74 4366.31 0 0 0 0 0 0 0 0 
0 0 0 0 0 450.842 1567.37 3129.52 3256.83 0 0 0 0 0 0 0 0 
0 0 0 0 0 126.027 770.562 1394.99 2113.88 0 0 0 0 0 0 0 0 
0 0 0 0 0 0 64.2742 512.939 579.014 0 0 0 0 0 0 0 0 
0 0 0 0 0 0 55.2625 95.8849 117.814 0 0 0 0 0 0 0 0 
0 0 0 0 0 0 0 0 63.9063 0 0 0 0 0 0 0 0 
0 0 0 0 0 0 0 15.7957 0 0 0 0 0 0 0 0 0 
0 0 0 0 0 0 0 0 0 0 0 0 0 0 0 0 0 
0 0 0 0 0 0 0 0 1.97519 0 0 0 0 0 0 0 0 
