1 0 0 0 0 0 0 0 0 0 0 0 0 0 0 0 0 
0 0 0 0 0 0 0 0 0 0 0 0 0 0 0 0 0 
0 16 0 0 0 0 0 0 0 0 0 0 0 0 0 0 0 
0 0 32 0 0 0 0 0 0 0 0 0 0 0 0 0 0 
0 0 88 96.37 24.1073 0 0 0 8.05852 0 0 0 0 0 0 0 0 
0 0 0 255.313 255.834 192.188 95.7411 64.4451 0 0 0 0 0 0 0 0 0 
0 0 0 208.317 735.724 690.613 703.592 622.611 766.972 0 0 0 0 0 0 0 0 
0 0 0 0 577.06 1657.38 1825.16 1917.65 1600.46 0 0 0 0 0 0 0 0 
0 0 0 0 227.274 1251.93 2928.18 3684.98 4357.42 0 0 0 0 0 0 0 0 
0 0 0 0 0 449.54 1566.42 3135.9 3263.44 0 0 0 0 0 0 0 0 
0 0 0 0 0 126.35 769.754 1391.86 2112.33 0 0 0 0 0 0 0 0 
0 0 0 0 0 0 64.1206 510.369 575.347 0 0 0 0 0 0 0 0 
0 0 0 0 0 0 55.0243 96.4647 120.43 0 0 0 0 0 0 0 0 
0 0 0 0 0 0 0 0 63.5748 0 0 0 0 0 0 0 0 
0 0 0 0 0 0 0 15.7264 0 0 0 0 0 0 0 0 0 
0 0 0 0 0 0 0 0 0 0 0 0 0 0 0 0 0 
0 0 0 0 0 0 0 0 1.9665 0 0 0 0 0 0 0 0 
