1 0 0 0 0 0 0 0 0 0 0 0 0 0 0 0 0 
0 0 0 0 0 0 0 0 0 0 0 0 0 0 0 0 0 
0 16 0 0 0 0 0 0 0 0 0 0 0 0 0 0 0 
0 0 32 0 0 0 0 0 0 0 0 0 0 0 0 0 0 
0 0 88 95.5655 23.8901 0 0 0 8.16113 0 0 0 0 0 0 0 0 
0 0 0 256.94 256.743 192.891 96.9152 65.2666 0 0 0 0 0 0 0 0 0 
0 0 0 207.495 734.399 688.549 705.84 623.716 767.01 0 0 0 0 0 0 0 0 
0 0 0 0 577.408 1661.18 1821.09 1917.2 1603.28 0 0 0 0 0 0 0 0 
0 0 0 0 227.559 1246.87 2924.02 3685.8 4355.98 0 0 0 0 0 0 0 0 
0 0 0 0 0 451.627 1570.55 3127.57 3262.52 0 0 0 0 0 0 0 0 
0 0 0 0 0 126.88 770.314 1394.92 2105.39 0 0 0 0 0 0 0 0 
0 0 0 0 0 0 63.5476 513.491 580.767 0 0 0 0 0 0 0 0 
0 0 0 0 0 0 55.7217 96.1213 120.375 0 0 0 0 0 0 0 0 
0 0 0 0 0 0 0 0 64.5272 0 0 0 0 0 0 0 0 
0 0 0 0 0 0 0 15.9268 0 0 0 0 0 0 0 0 0 
0 0 0 0 0 0 0 0 0 0 0 0 0 0 0 0 0 
0 0 0 0 0 0 0 0 1.99154 0 0 0 0 0 0 0 0 
