1 0 0 0 0 0 0 0 0 0 0 0 0 0 0 0 0 
0 0 0 0 0 0 0 0 0 0 0 0 0 0 0 0 0 
0 16 0 0 0 0 0 0 0 0 0 0 0 0 0 0 0 
0 0 32 0 0 0 0 0 0 0 0 0 0 0 0 0 0 
0 0 88 96.2218 24.0617 0 0 0 7.83249 0 0 0 0 0 0 0 0 
0 0 0 255.574 255.759 192.983 96.0159 62.6358 0 0 0 0 0 0 0 0 0 
0 0 0 208.204 736.1 685.137 702.764 625.345 767.993 0 0 0 0 0 0 0 0 
0 0 0 0 576.514 1666.39 1823.26 1925.68 1602.56 0 0 0 0 0 0 0 0 
0 0 0 0 227.565 1248.38 2932.37 3671.37 4354.43 0 0 0 0 0 0 0 0 
0 0 0 0 0 447.083 1567.39 3136.77 3262.43 0 0 0 0 0 0 0 0 
0 0 0 0 0 128.036 766.113 1394.57 2112.54 0 0 0 0 0 0 0 0 
0 0 0 0 0 0 63.7134 512.191 575.134 0 0 0 0 0 0 0 0 
0 0 0 0 0 0 56.3813 95.3249 120.494 0 0 0 0 0 0 0 0 
0 0 0 0 0 0 0 0 64.5786 0 0 0 0 0 0 0 0 
0 0 0 0 0 0 0 16.1152 0 0 0 0 0 0 0 0 0 
0 0 0 0 0 0 0 0 0 0 0 0 0 0 0 0 0 
0 0 0 0 0 0 0 0 2.01518 0 0 0 0 0 0 0 0 
