1 0 0 0 0 0 0 0 0 0 0 0 0 0 0 0 0 
0 0 0 0 0 0 0 0 0 0 0 0 0 0 0 0 0 
0 16 0 0 0 0 0 0 0 0 0 0 0 0 0 0 0 
0 0 32 0 0 0 0 0 0 0 0 0 0 0 0 0 0 
0 0 88 95.9633 24.0005 0 0 0 7.82407 0 0 0 0 0 0 0 0 
0 0 0 256.144 256.732 192.222 97.198 62.5706 0 0 0 0 0 0 0 0 0 
0 0 0 207.893 735.392 688.929 700.745 624.004 767.526 0 0 0 0 0 0 0 0 
0 0 0 0 575.248 1662.7 1825.46 1914.22 1600.61 0 0 0 0 0 0 0 0 
0 0 0 0 228.627 1247.61 2929.52 3695.42 4359.17 0 0 0 0 0 0 0 0 
0 0 0 0 0 448.144 1567.35 3129.64 3260.03 0 0 0 0 0 0 0 0 
0 0 0 0 0 128.398 767.423 1390.38 2110.3 0 0 0 0 0 0 0 0 
0 0 0 0 0 0 64.3588 511.665 578.583 0 0 0 0 0 0 0 0 
0 0 0 0 0 0 55.9426 96.1039 120.187 0 0 0 0 0 0 0 0 
0 0 0 0 0 0 0 0 63.7731 0 0 0 0 0 0 0 0 
0 0 0 0 0 0 0 15.9894 0 0 0 0 0 0 0 0 0 
0 0 0 0 0 0 0 0 0 0 0 0 0 0 0 0 0 
0 0 0 0 0 0 0 0 1.99938 0 0 0 0 0 0 0 0 
