1 0 0 0 0 0 0 0 0 0 0 0 0 0 0 0 0 
0 0 0 0 0 0 0 0 0 0 0 0 0 0 0 0 0 
0 16 0 0 0 0 0 0 0 0 0 0 0 0 0 0 0 
0 0 32 0 0 0 0 0 0 0 0 0 0 0 0 0 0 
0 0 88 96.5344 24.1432 0 0 0 8.0687 0 0 0 0 0 0 0 0 
0 0 0 254.984 257.817 192.875 97.0546 64.5289 0 0 0 0 0 0 0 0 0 
0 0 0 208.482 732.208 689.41 704.092 625.079 764.98 0 0 0 0 0 0 0 0 
0 0 0 0 577.8 1660.8 1823.23 1910.88 1605 0 0 0 0 0 0 0 0 
0 0 0 0 228.032 1247.87 2929.81 3694.58 4349.67 0 0 0 0 0 0 0 0 
0 0 0 0 0 448.622 1562.27 3125.2 3274.29 0 0 0 0 0 0 0 0 
0 0 0 0 0 128.422 771.261 1398.46 2104 0 0 0 0 0 0 0 0 
0 0 0 0 0 0 64.1781 509.095 579.048 0 0 0 0 0 0 0 0 
0 0 0 0 0 0 56.1009 96.1401 119.477 0 0 0 0 0 0 0 0 
0 0 0 0 0 0 0 0 63.4654 0 0 0 0 0 0 0 0 
0 0 0 0 0 0 0 16.0351 0 0 0 0 0 0 0 0 0 
0 0 0 0 0 0 0 0 0 0 0 0 0 0 0 0 0 
0 0 0 0 0 0 0 0 2.00503 0 0 0 0 0 0 0 0 
