1 0 0 0 0 0 0 0 0 0 0 0 0 0 0 0 0 
0 0 0 0 0 0 0 0 0 0 0 0 0 0 0 0 0 
0 16 0 0 0 0 0 0 0 0 0 0 0 0 0 0 0 
0 0 32 0 0 0 0 0 0 0 0 0 0 0 0 0 0 
0 0 88 95.7922 23.9545 0 0 0 8.12386 0 0 0 0 0 0 0 0 
0 0 0 256.504 255.92 191.416 95.8619 64.9669 0 0 0 0 0 0 0 0 0 
0 0 0 207.704 736.693 691.475 707.603 621.432 773.043 0 0 0 0 0 0 0 0 
0 0 0 0 575.41 1659.72 1816.21 1924.11 1587.77 0 0 0 0 0 0 0 0 
0 0 0 0 228.022 1249.54 2934.79 3670.93 4359.17 0 0 0 0 0 0 0 0 
0 0 0 0 0 447.528 1565.12 3144 3273.3 0 0 0 0 0 0 0 0 
0 0 0 0 0 128.315 768.922 1394.96 2109.71 0 0 0 0 0 0 0 0 
0 0 0 0 0 0 63.3693 507.951 571.943 0 0 0 0 0 0 0 0 
0 0 0 0 0 0 56.1297 95.6149 121.204 0 0 0 0 0 0 0 0 
0 0 0 0 0 0 0 0 63.7142 0 0 0 0 0 0 0 0 
0 0 0 0 0 0 0 16.0412 0 0 0 0 0 0 0 0 0 
0 0 0 0 0 0 0 0 0 0 0 0 0 0 0 0 0 
0 0 0 0 0 0 0 0 2.00589 0 0 0 0 0 0 0 0 
