1 0 0 0 0 0 0 0 0 0 0 0 0 0 0 0 0 
0 0 0 0 0 0 0 0 0 0 0 0 0 0 0 0 0 
0 16 0 0 0 0 0 0 0 0 0 0 0 0 0 0 0 
0 0 32 0 0 0 0 0 0 0 0 0 0 0 0 0 0 
0 0 88 96.027 24.0215 0 0 0 8.09698 0 0 0 0 0 0 0 0 
0 0 0 256.052 256.017 191.497 95.936 64.755 0 0 0 0 0 0 0 0 0 
0 0 0 207.921 736.309 686.785 699.598 621.695 765.774 0 0 0 0 0 0 0 0 
0 0 0 0 575.831 1668.63 1827.36 1923.72 1596.15 0 0 0 0 0 0 0 0 
0 0 0 0 227.822 1245.18 2933.67 3677.56 4359.26 0 0 0 0 0 0 0 0 
0 0 0 0 0 448.468 1565.95 3131.6 3269.68 0 0 0 0 0 0 0 0 
0 0 0 0 0 127.436 766.086 1401.44 2115.51 0 0 0 0 0 0 0 0 
0 0 0 0 0 0 63.6102 507.478 571.49 0 0 0 0 0 0 0 0 
0 0 0 0 0 0 55.797 95.8078 118.675 0 0 0 0 0 0 0 0 
0 0 0 0 0 0 0 0 63.3725 0 0 0 0 0 0 0 0 
0 0 0 0 0 0 0 15.9484 0 0 0 0 0 0 0 0 0 
0 0 0 0 0 0 0 0 0 0 0 0 0 0 0 0 0 
0 0 0 0 0 0 0 0 1.9942 0 0 0 0 0 0 0 0 
