1 0 0 0 0 0 0 0 0 0 0 0 0 0 0 0 0 
0 0 0 0 0 0 0 0 0 0 0 0 0 0 0 0 0 
0 16 0 0 0 0 0 0 0 0 0 0 0 0 0 0 0 
0 0 32 0 0 0 0 0 0 0 0 0 0 0 0 0 0 
0 0 88 96.1435 24.0359 0 0 0 7.93332 0 0 0 0 0 0 0 0 
0 0 0 255.713 256.428 192.107 97.0481 63.4666 0 0 0 0 0 0 0 0 0 
0 0 0 208.143 735.692 690.881 703.91 628.081 770.902 0 0 0 0 0 0 0 0 
0 0 0 0 575.188 1658.16 1823.27 1916.27 1594.28 0 0 0 0 0 0 0 0 
0 0 0 0 228.656 1250.91 2925.35 3680.81 4358.4 0 0 0 0 0 0 0 0 
0 0 0 0 0 447.638 1570.53 3133.54 3264.54 0 0 0 0 0 0 0 0 
0 0 0 0 0 128.303 768.069 1392.65 2112.6 0 0 0 0 0 0 0 0 
0 0 0 0 0 0 63.7063 512.823 575.269 0 0 0 0 0 0 0 0 
0 0 0 0 0 0 56.1135 96.3317 120.126 0 0 0 0 0 0 0 0 
0 0 0 0 0 0 0 0 63.9454 0 0 0 0 0 0 0 0 
0 0 0 0 0 0 0 16.0324 0 0 0 0 0 0 0 0 0 
0 0 0 0 0 0 0 0 0 0 0 0 0 0 0 0 0 
0 0 0 0 0 0 0 0 2.00405 0 0 0 0 0 0 0 0 
