1 0 0 0 0 0 0 0 0 0 0 0 0 0 0 0 0 
0 0 0 0 0 0 0 0 0 0 0 0 0 0 0 0 0 
0 16 0 0 0 0 0 0 0 0 0 0 0 0 0 0 0 
0 0 32 0 0 0 0 0 0 0 0 0 0 0 0 0 0 
0 0 88 95.9675 23.9919 0 0 0 8.19927 0 0 0 0 0 0 0 0 
0 0 0 256.065 255.7 192.425 96.2172 65.5942 0 0 0 0 0 0 0 0 0 
0 0 0 207.967 736.588 687.089 703.018 618.512 766.161 0 0 0 0 0 0 0 0 
0 0 0 0 575.757 1664.14 1824.64 1927.08 1609.83 0 0 0 0 0 0 0 0 
0 0 0 0 227.964 1249.41 2928.5 3677.94 4347.68 0 0 0 0 0 0 0 0 
0 0 0 0 0 446.269 1568.77 3134.13 3256.6 0 0 0 0 0 0 0 0 
0 0 0 0 0 128.663 766.177 1391.27 2120.99 0 0 0 0 0 0 0 0 
0 0 0 0 0 0 64.5139 513.792 573.88 0 0 0 0 0 0 0 0 
0 0 0 0 0 0 56.1677 95.6382 120.602 0 0 0 0 0 0 0 0 
0 0 0 0 0 0 0 0 64.0519 0 0 0 0 0 0 0 0 
0 0 0 0 0 0 0 16.0479 0 0 0 0 0 0 0 0 0 
0 0 0 0 0 0 0 0 0 0 0 0 0 0 0 0 0 
0 0 0 0 0 0 0 0 2.00599 0 0 0 0 0 0 0 0 
