1 0 0 0 0 0 0 0 0 0 0 0 0 0 0 0 0 0 0 0 0 0 0 0 0 0 0 0 0 0 0 0 0 0 0 0 0 0 0 0 0 0 0 0 0 0 0 0 0 0 0 0 0 0 0 0 0 0 0 0 0 0 0 0 1 
0 0 0 0 0 0 0 0 0 0 0 0 0 0 0 0 0 0 0 0 0 0 0 0 0 0 0 0 0 0 0 0 0 0 0 0 0 0 0 0 0 0 0 0 0 0 0 0 0 0 0 0 0 0 0 0 0 0 0 0 0 0 0 0 0 
0 0 0 0 0 0 0 0 0 0 0 0 0 0 0 0 0 0 0 0 0 0 0 0 0 0 0 0 0 0 0 0 0 0 0 0 0 0 0 0 0 0 0 0 0 0 0 0 0 0 0 0 0 0 0 0 0 0 0 0 0 0 0 0 0 
0 64 0 0 0 0 0 0 0 0 0 0 0 0 0 0 0 0 0 0 0 0 0 0 0 0 0 0 0 0 0 0 0 0 0 0 0 0 0 0 0 0 0 0 0 0 0 0 0 0 0 0 0 0 0 0 0 0 0 0 0 0 0 0 0 
0 0 0 0 0 0 0 0 0 0 0 0 0 0 0 0 0 0 0 0 0 0 0 0 0 0 0 0 0 0 0 0 0 0 0 0 0 0 0 0 0 0 0 0 0 0 0 0 0 0 0 0 0 0 0 0 0 0 0 0 0 0 0 0 0 
0 0 192 0 0 0 0 0 0 0 0 0 0 0 0 0 0 0 0 0 0 0 0 0 0 0 0 0 0 0 0 0 0 0 0 0 0 0 0 0 0 0 0 0 0 0 0 0 0 0 0 0 0 0 0 0 0 0 0 0 0 0 0 0 0 
0 0 1824 0 0 0 0 0 0 0 0 0 0 0 0 0 0 0 0 0 0 0 0 0 0 0 0 0 0 0 0 0 0 0 0 0 0 0 0 0 0 0 0 0 0 0 0 0 0 0 0 0 0 0 0 0 0 0 0 0 0 0 0 0 0 
0 0 0 960.485 0 0 0 0 0 0 0 0 0 0 0 0 0 0 0 0 0 0 0 0 0 0 0 0 0 0 0 0 0 0 0 0 0 0 0 0 0 0 0 0 0 0 0 0 0 0 0 0 0 0 0 0 0 0 0 0 0 0 0 0 0 
0 0 0 9983.03 240.121 0 0 0 0 0 0 0 0 0 0 0 0 0 0 0 0 0 0 0 0 0 0 0 0 0 0 0 0 0 0 0 0 0 0 0 0 0 0 0 0 0 0 0 0 0 0 0 0 0 0 0 0 0 0 0 0 0 0 0 0 
0 0 0 30720.5 5121.35 0 0 0 0 0 0 0 0 0 0 0 0 0 0 0 0 0 0 0 0 0 0 0 0 0 0 0 0 0 0 0 0 0 0 0 0 0 0 0 0 0 0 0 0 0 0 0 0 0 0 0 0 0 0 0 0 0 0 0 0 
0 0 0 0 59132 3841.46 0 0 0 0 0 0 0 0 0 0 0 0 0 0 0 0 0 0 0 0 0 0 0 0 0 0 0 0 0 0 0 0 0 0 0 0 0 0 0 0 0 0 0 0 0 0 0 0 0 0 0 0 0 0 0 0 0 0 0 
0 0 0 0 228484 38416.8 1914.58 0 0 0 0 0 0 0 0 0 0 0 0 0 0 0 0 0 0 0 0 0 0 0 0 0 0 0 0 0 0 0 0 0 0 0 0 0 0 0 0 0 0 0 0 0 0 0 0 0 0 0 0 0 0 0 0 0 0 
0 0 0 0 342399 341691 37170.3 1278.26 159.782 0 0 0 0 0 0 0 0 0 0 0 0 0 0 0 0 0 0 0 0 0 0 0 0 0 0 0 0 0 0 0 0 0 0 0 0 0 0 0 0 0 0 0 0 0 0 0 0 0 0 0 0 0 0 0 0 
0 0 0 0 0 1.5053e+06 335450 37473.7 0 0 0 0 0 0 0 0 0 0 0 0 0 0 0 0 0 0 0 0 0 0 0 0 0 0 0 0 0 0 0 0 0 0 0 0 0 0 0 0 0 0 0 0 0 0 0 0 0 0 0 0 0 0 0 0 0 
0 0 0 0 0 3.05289e+06 2.1194e+06 364862 46165.1 3847.75 0 0 0 0 0 0 0 0 0 0 0 0 0 0 0 0 0 0 0 0 0 0 0 0 0 0 0 0 0 0 0 0 0 0 0 0 0 0 0 0 0 0 0 0 0 0 0 0 0 0 0 0 0 0 0 
0 0 0 0 0 2.68237e+06 9.07495e+06 2.71241e+06 460160 42717.4 5791.85 0 0 0 0 0 0 0 0 0 0 0 0 0 0 0 0 0 0 0 0 0 0 0 0 0 0 0 0 0 0 0 0 0 0 0 0 0 0 0 0 0 0 0 0 0 0 0 0 0 0 0 0 0 0 
0 0 0 0 0 0 2.14117e+07 1.40849e+07 3.58088e+06 700130 80904.4 11562 1445.26 0 0 0 60.1707 0 0 0 0 0 0 0 0 0 0 0 0 0 0 0 11.9075 0 0 0 0 0 0 0 0 0 0 0 0 0 0 0 0 0 0 0 0 0 0 0 0 0 0 0 0 0 0 0 0 
0 0 0 0 0 0 2.66667e+07 5.33594e+07 2.08354e+07 5.25254e+06 1.10145e+06 160337 15382.3 5774.28 1925.18 962.731 0 0 0 0 0 0 0 0 0 0 0 0 0 0 0 0 0 0 0 0 0 0 0 0 0 0 0 0 0 0 0 0 0 0 0 0 0 0 0 0 0 0 0 0 0 0 0 0 0 
0 0 0 0 0 0 1.53271e+07 1.30853e+08 9.33941e+07 3.1781e+07 8.39324e+06 1.92971e+06 401836 50116.1 5295.3 0 0 1922.06 0 0 0 0 0 0 0 0 0 0 0 0 0 381.039 0 0 0 0 0 0 0 0 0 0 0 0 0 0 0 0 0 0 0 0 0 0 0 0 0 0 0 0 0 0 0 0 0 
0 0 0 0 0 0 0 1.92587e+08 3.11974e+08 1.55317e+08 5.33063e+07 1.53994e+07 3.70181e+06 864518 210380 53696.4 28883 950.736 3849.67 0 0 0 0 0 0 0 0 0 0 0 954.768 0 0 0 0 0 0 0 0 0 0 0 0 0 0 0 0 0 0 0 0 0 0 0 0 0 0 0 0 0 0 0 0 0 0 
0 0 0 0 0 0 0 1.61697e+08 7.40224e+08 5.98231e+08 2.62336e+08 9.3307e+07 3.03312e+07 8.47905e+06 2.15086e+06 603071 128713 53828.9 27747.4 11500.3 2891.65 0 0 0 481.441 0 0 0 954.611 3822.02 4951.34 0 11922.2 0 0 0 0 0 0 0 0 0 0 0 0 0 0 0 0 0 0 0 0 0 0 0 0 0 0 0 0 0 0 0 0 
0 0 0 0 0 0 0 6.55186e+07 1.16498e+09 1.78768e+09 1.09515e+09 4.7542e+08 1.78979e+08 6.30579e+07 2.00232e+07 5.96344e+06 1.99168e+06 816313 241145 134997 30887.6 23076.5 11552.4 7683.59 0 3849.05 5765.89 11476.9 15270.9 20999 0 28795.9 388.506 0 0 0 0 0 0 0 0 0 0 0 0 0 0 0 0 0 0 0 0 0 0 0 0 0 0 0 0 0 0 0 0 
0 0 0 0 0 0 0 0 1.17073e+09 3.96788e+09 3.68152e+09 2.02136e+09 9.04874e+08 3.68095e+08 1.41794e+08 5.1214e+07 1.79802e+07 6.20372e+06 2.75263e+06 1.1398e+06 739743 259377 123281 78813.6 92406 86557.6 76716.9 74476.5 93142.4 61151.3 111366 151979 68290.1 0 0 0 0 0 0 0 0 0 0 0 0 0 0 0 0 0 0 0 0 0 0 0 0 0 0 0 0 0 0 0 0 
0 0 0 0 0 0 0 0 7.06469e+08 6.29345e+09 9.82479e+09 7.2402e+09 3.87749e+09 1.82514e+09 8.03818e+08 3.36801e+08 1.3535e+08 5.43644e+07 2.26216e+07 1.04136e+07 4.75291e+06 2.88899e+06 1.74534e+06 1.07194e+06 725291 468367 528423 527603 490193 434326 685689 267299 707031 0 0 0 0 0 0 0 0 0 0 0 0 0 0 0 0 0 0 0 0 0 0 0 0 0 0 0 0 0 0 0 0 
0 0 0 0 0 0 0 0 2.13467e+08 6.86724e+09 2.02406e+10 2.14663e+10 1.4296e+10 7.75739e+09 3.86036e+09 1.8375e+09 8.47873e+08 3.82892e+08 1.70902e+08 7.90474e+07 3.98306e+07 2.18369e+07 1.20905e+07 7.71977e+06 5.1315e+06 4.5947e+06 3.51081e+06 3.12269e+06 2.572e+06 3.37622e+06 2.35072e+06 2.96448e+06 2.93021e+06 0 0 0 0 0 0 0 0 0 0 0 0 0 0 0 0 0 0 0 0 0 0 0 0 0 0 0 0 0 0 0 0 
0 0 0 0 0 0 0 0 0 5.0127e+09 3.11456e+10 5.13274e+10 4.47474e+10 2.88517e+10 1.62452e+10 8.61055e+09 4.39407e+09 2.20195e+09 1.09772e+09 5.51659e+08 2.85799e+08 1.5322e+08 9.27948e+07 5.81693e+07 4.02833e+07 2.74856e+07 2.15658e+07 1.75805e+07 1.75531e+07 1.49046e+07 1.38833e+07 1.53498e+07 1.21909e+07 0 0 0 0 0 0 0 0 0 0 0 0 0 0 0 0 0 0 0 0 0 0 0 0 0 0 0 0 0 0 0 0 
0 0 0 0 0 0 0 0 0 2.28148e+09 3.49841e+10 9.73063e+10 1.1715e+11 9.2743e+10 5.98842e+10 3.51916e+10 1.98703e+10 1.09353e+10 5.95645e+09 3.25057e+09 1.79359e+09 1.02493e+09 6.00908e+08 3.77297e+08 2.49914e+08 1.79057e+08 1.38129e+08 1.13486e+08 9.51649e+07 8.01165e+07 8.30524e+07 7.26713e+07 7.80771e+07 0 0 0 0 0 0 0 0 0 0 0 0 0 0 0 0 0 0 0 0 0 0 0 0 0 0 0 0 0 0 0 0 
0 0 0 0 0 0 0 0 0 5.38825e+08 2.7995e+10 1.42715e+11 2.52e+11 2.55568e+11 1.94409e+11 1.28301e+11 7.9196e+10 4.74723e+10 2.80176e+10 1.64699e+10 9.79265e+09 5.89287e+09 3.65428e+09 2.35294e+09 1.58231e+09 1.12658e+09 8.36692e+08 6.60283e+08 5.39198e+08 4.93444e+08 4.34293e+08 4.14467e+08 4.05545e+08 0 0 0 0 0 0 0 0 0 0 0 0 0 0 0 0 0 0 0 0 0 0 0 0 0 0 0 0 0 0 0 0 
0 0 0 0 0 0 0 0 0 0 1.55596e+10 1.59038e+11 4.37688e+11 5.94123e+11 5.4975e+11 4.14811e+11 2.82531e+11 1.83486e+11 1.16582e+11 7.35552e+10 4.64596e+10 2.9728e+10 1.93957e+10 1.3e+10 9.01353e+09 6.4711e+09 4.88899e+09 3.83483e+09 3.19823e+09 2.73499e+09 2.45935e+09 2.33933e+09 2.29592e+09 0 0 0 0 0 0 0 0 0 0 0 0 0 0 0 0 0 0 0 0 0 0 0 0 0 0 0 0 0 0 0 0 
0 0 0 0 0 0 0 0 0 0 5.55085e+09 1.32683e+11 6.04391e+11 1.14999e+12 1.33831e+12 1.18377e+12 9.02305e+11 6.37784e+11 4.35398e+11 2.92805e+11 1.96475e+11 1.32684e+11 9.1002e+10 6.37253e+10 4.57699e+10 3.39799e+10 2.60688e+10 2.08318e+10 1.73249e+10 1.49277e+10 1.35456e+10 1.26998e+10 1.23955e+10 0 0 0 0 0 0 0 0 0 0 0 0 0 0 0 0 0 0 0 0 0 0 0 0 0 0 0 0 0 0 0 0 
0 0 0 0 0 0 0 0 0 0 1.07084e+09 8.1388e+10 6.53849e+11 1.82645e+12 2.77226e+12 2.95347e+12 2.57096e+12 2.00035e+12 1.47148e+12 1.05408e+12 7.48075e+11 5.3223e+11 3.81964e+11 2.78561e+11 2.07625e+11 1.58885e+11 1.25205e+11 1.0203e+11 8.59153e+10 7.52128e+10 6.83211e+10 6.44597e+10 6.32853e+10 0 0 0 0 0 0 0 0 0 0 0 0 0 0 0 0 0 0 0 0 0 0 0 0 0 0 0 0 0 0 0 0 
0 0 0 0 0 0 0 0 0 0 0 3.57711e+10 5.49092e+11 2.35299e+12 4.8291e+12 6.37352e+12 6.46908e+12 5.63653e+12 4.50442e+12 3.44972e+12 2.58833e+12 1.93373e+12 1.45137e+12 1.1011e+12 8.49094e+11 6.69724e+11 5.40775e+11 4.50012e+11 3.86187e+11 3.42193e+11 3.13702e+11 2.97139e+11 2.92242e+11 0 0 0 0 0 0 0 0 0 0 0 0 0 0 0 0 0 0 0 0 0 0 0 0 0 0 0 0 0 0 0 0 
0 0 0 0 0 0 0 0 0 0 0 1.03439e+10 3.54032e+11 2.43697e+12 6.99937e+12 1.17807e+13 1.42712e+13 1.41512e+13 1.24702e+13 1.0272e+13 8.17995e+12 6.41897e+12 5.02737e+12 3.96083e+12 3.16282e+12 2.56635e+12 2.12776e+12 1.80656e+12 1.57478e+12 1.41334e+12 1.30637e+12 1.24628e+12 1.22741e+12 0 0 0 0 0 0 0 0 0 0 0 0 0 0 0 0 0 0 0 0 0 0 0 0 0 0 0 0 0 0 0 0 
0 0 0 0 0 0 0 0 0 0 0 1.70879e+09 1.72672e+11 2.01323e+12 8.37153e+12 1.84753e+13 2.73425e+13 3.14742e+13 3.09971e+13 2.77961e+13 2.36226e+13 1.95347e+13 1.59895e+13 1.30926e+13 1.07874e+13 9.0088e+12 7.64525e+12 6.62576e+12 5.87511e+12 5.34251e+12 4.98223e+12 4.77969e+12 4.71258e+12 0 0 0 0 0 0 0 0 0 0 0 0 0 0 0 0 0 0 0 0 0 0 0 0 0 0 0 0 0 0 0 0 
0 0 0 0 0 0 0 0 0 0 0 0 6.20511e+10 1.31967e+12 8.20808e+12 2.44009e+13 4.51239e+13 6.14342e+13 6.87393e+13 6.7924e+13 6.22127e+13 5.45627e+13 4.682e+13 3.98206e+13 3.394e+13 2.9134e+13 2.53522e+13 2.23962e+13 2.01773e+13 1.85498e+13 1.7465e+13 1.68378e+13 1.66301e+13 0 0 0 0 0 0 0 0 0 0 0 0 0 0 0 0 0 0 0 0 0 0 0 0 0 0 0 0 0 0 0 0 
0 0 0 0 0 0 0 0 0 0 0 0 1.50048e+10 6.80911e+11 6.57145e+12 2.69812e+13 6.37483e+13 1.04609e+14 1.34971e+14 1.48948e+14 1.48641e+14 1.39368e+14 1.2601e+14 1.1186e+14 9.8659e+13 8.72139e+13 7.76615e+13 6.99825e+13 6.40465e+13 5.96666e+13 5.66549e+13 5.48192e+13 5.42799e+13 0 0 0 0 0 0 0 0 0 0 0 0 0 0 0 0 0 0 0 0 0 0 0 0 0 0 0 0 0 0 0 0 
0 0 0 0 0 0 0 0 0 0 0 0 2.24552e+09 2.72839e+11 4.28036e+12 2.48624e+13 7.66023e+13 1.54226e+14 2.33287e+14 2.91163e+14 3.19998e+14 3.23683e+14 3.10752e+14 2.89364e+14 2.6516e+14 2.41688e+14 2.20747e+14 2.03109e+14 1.88845e+14 1.78081e+14 1.70469e+14 1.66094e+14 1.64636e+14 0 0 0 0 0 0 0 0 0 0 0 0 0 0 0 0 0 0 0 0 0 0 0 0 0 0 0 0 0 0 0 0 
0 0 0 0 0 0 0 0 0 0 0 0 0 8.27153e+10 2.26324e+12 1.90682e+13 7.80215e+13 1.9614e+14 3.529e+14 5.04988e+14 6.1797e+14 6.8037e+14 6.98985e+14 6.86756e+14 6.56867e+14 6.19826e+14 5.82224e+14 5.47691e+14 5.18226e+14 4.94707e+14 4.78047e+14 4.68089e+14 4.64714e+14 0 0 0 0 0 0 0 0 0 0 0 0 0 0 0 0 0 0 0 0 0 0 0 0 0 0 0 0 0 0 0 0 
0 0 0 0 0 0 0 0 0 0 0 0 0 1.72723e+10 9.64232e+11 1.21568e+13 6.72495e+13 2.14217e+14 4.6496e+14 7.72227e+14 1.06363e+15 1.2879e+15 1.42631e+15 1.48876e+15 1.49507e+15 1.46622e+15 1.42055e+15 1.36861e+15 1.32021e+15 1.27863e+15 1.24718e+15 1.22782e+15 1.22114e+15 0 0 0 0 0 0 0 0 0 0 0 0 0 0 0 0 0 0 0 0 0 0 0 0 0 0 0 0 0 0 0 0 
0 0 0 0 0 0 0 0 0 0 0 0 0 2.5173e+09 3.27401e+11 6.44137e+12 4.89941e+13 2.0053e+14 5.32094e+14 1.03749e+15 1.62662e+15 2.18388e+15 2.63004e+15 2.93601e+15 3.11246e+15 3.1889e+15 3.1944e+15 3.1638e+15 3.11519e+15 3.06464e+15 3.02243e+15 2.99608e+15 2.98698e+15 0 0 0 0 0 0 0 0 0 0 0 0 0 0 0 0 0 0 0 0 0 0 0 0 0 0 0 0 0 0 0 0 
0 0 0 0 0 0 0 0 0 0 0 0 0 0 8.65385e+10 2.83115e+12 3.02277e+13 1.6097e+14 5.27637e+14 1.22127e+15 2.19974e+15 3.30554e+15 4.36146e+15 5.24101e+15 5.89892e+15 6.34039e+15 6.60675e+15 6.74134e+15 6.79524e+15 6.80387e+15 6.79185e+15 6.7801e+15 6.77366e+15 0 0 0 0 0 0 0 0 0 0 0 0 0 0 0 0 0 0 0 0 0 0 0 0 0 0 0 0 0 0 0 0 
0 0 0 0 0 0 0 0 0 0 0 0 0 0 1.61916e+10 1.02757e+12 1.58107e+13 1.1079e+14 4.53336e+14 1.25758e+15 2.6254e+15 4.45069e+15 6.47855e+15 8.44211e+15 1.01403e+16 1.14924e+16 1.24918e+16 1.31898e+16 1.36415e+16 1.39262e+16 1.4091e+16 1.41688e+16 1.41996e+16 0 0 0 0 0 0 0 0 0 0 0 0 0 0 0 0 0 0 0 0 0 0 0 0 0 0 0 0 0 0 0 0 
0 0 0 0 0 0 0 0 0 0 0 0 0 0 2.50828e+09 3.05336e+11 7.02272e+12 6.56273e+13 3.3776e+14 1.13166e+15 2.76e+15 5.32123e+15 8.60807e+15 1.22202e+16 1.5759e+16 1.89131e+16 2.15341e+16 2.35877e+16 2.51176e+16 2.61839e+16 2.68786e+16 2.7281e+16 2.74051e+16 0 0 0 0 0 0 0 0 0 0 0 0 0 0 0 0 0 0 0 0 0 0 0 0 0 0 0 0 0 0 0 0 
0 0 0 0 0 0 0 0 0 0 0 0 0 0 0 7.30281e+10 2.64821e+12 3.35256e+13 2.18895e+14 8.91205e+14 2.55657e+15 5.63675e+15 1.01929e+16 1.58736e+16 2.20745e+16 2.81893e+16 3.3743e+16 3.84669e+16 4.2237e+16 4.50738e+16 4.70288e+16 4.81655e+16 4.85331e+16 0 0 0 0 0 0 0 0 0 0 0 0 0 0 0 0 0 0 0 0 0 0 0 0 0 0 0 0 0 0 0 0 
0 0 0 0 0 0 0 0 0 0 0 0 0 0 0 1.27864e+10 8.44642e+11 1.48279e+13 1.23706e+14 6.15714e+14 2.08805e+15 5.29456e+15 1.07634e+16 1.84694e+16 2.7831e+16 3.79499e+16 4.79333e+16 5.70403e+16 6.47809e+16 7.08641e+16 7.52325e+16 7.78262e+16 7.87258e+16 0 0 0 0 0 0 0 0 0 0 0 0 0 0 0 0 0 0 0 0 0 0 0 0 0 0 0 0 0 0 0 0 
0 0 0 0 0 0 0 0 0 0 0 0 0 0 0 2.30162e+09 2.27924e+11 5.69387e+12 6.12895e+13 3.74217e+14 1.50669e+15 4.41608e+15 1.01287e+16 1.92347e+16 3.15259e+16 4.61088e+16 6.16367e+16 7.67481e+16 9.03203e+16 1.01543e+17 1.09794e+17 1.14884e+17 1.16542e+17 0 0 0 0 0 0 0 0 0 0 0 0 0 0 0 0 0 0 0 0 0 0 0 0 0 0 0 0 0 0 0 0 
0 0 0 0 0 0 0 0 0 0 0 0 0 0 0 0 5.16284e+10 1.90117e+12 2.67408e+13 2.01341e+14 9.64138e+14 3.27282e+15 8.50874e+15 1.79361e+16 3.21173e+16 5.04984e+16 7.16489e+16 9.36057e+16 1.1443e+17 1.32302e+17 1.45985e+17 1.54498e+17 1.57365e+17 0 0 0 0 0 0 0 0 0 0 0 0 0 0 0 0 0 0 0 0 0 0 0 0 0 0 0 0 0 0 0 0 
0 0 0 0 0 0 0 0 0 0 0 0 0 0 0 0 8.83576e+09 5.52765e+11 1.03138e+13 9.62278e+13 5.49637e+14 2.16526e+15 6.3878e+15 1.50062e+16 2.93983e+16 4.98539e+16 7.52752e+16 1.03433e+17 1.31486e+17 1.56668e+17 1.76475e+17 1.89074e+17 1.93442e+17 0 0 0 0 0 0 0 0 0 0 0 0 0 0 0 0 0 0 0 0 0 0 0 0 0 0 0 0 0 0 0 0 
0 0 0 0 0 0 0 0 0 0 0 0 0 0 0 0 1.98142e+09 1.41515e+11 3.54277e+12 4.11413e+13 2.8073e+14 1.28463e+15 4.30735e+15 1.12813e+16 2.42498e+16 4.44359e+16 7.1528e+16 1.03551e+17 1.37144e+17 1.68528e+17 1.93965e+17 2.10484e+17 2.16249e+17 0 0 0 0 0 0 0 0 0 0 0 0 0 0 0 0 0 0 0 0 0 0 0 0 0 0 0 0 0 0 0 0 
0 0 0 0 0 0 0 0 0 0 0 0 0 0 0 0 0 3.20004e+10 1.08674e+12 1.58327e+13 1.29124e+14 6.86866e+14 2.61686e+15 7.65263e+15 1.80546e+16 3.58069e+16 6.15481e+16 9.39611e+16 1.29869e+17 1.64777e+17 1.94007e+17 2.134e+17 2.20128e+17 0 0 0 0 0 0 0 0 0 0 0 0 0 0 0 0 0 0 0 0 0 0 0 0 0 0 0 0 0 0 0 0 
0 0 0 0 0 0 0 0 0 0 0 0 0 0 0 0 0 5.51628e+09 3.00083e+11 5.51675e+12 5.39314e+13 3.32958e+14 1.4416e+15 4.70145e+15 1.21907e+16 2.61726e+16 4.80741e+16 7.74946e+16 1.1185e+17 1.46663e+17 1.76654e+17 1.96959e+17 2.04151e+17 0 0 0 0 0 0 0 0 0 0 0 0 0 0 0 0 0 0 0 0 0 0 0 0 0 0 0 0 0 0 0 0 
0 0 0 0 0 0 0 0 0 0 0 0 0 0 0 0 0 1.59571e+09 7.68256e+10 1.76138e+12 2.06006e+13 1.47438e+14 7.24112e+14 2.6316e+15 7.48986e+15 1.74089e+16 3.41874e+16 5.82276e+16 8.7778e+16 1.18977e+17 1.46713e+17 1.65915e+17 1.72767e+17 0 0 0 0 0 0 0 0 0 0 0 0 0 0 0 0 0 0 0 0 0 0 0 0 0 0 0 0 0 0 0 0 
0 0 0 0 0 0 0 0 0 0 0 0 0 0 0 0 0 0 1.81143e+10 5.17167e+11 7.24129e+12 6.00703e+13 3.3403e+14 1.35059e+15 4.21215e+15 1.05931e+16 2.22317e+16 3.99942e+16 6.29998e+16 8.83133e+16 1.11488e+17 1.27789e+17 1.33684e+17 0 0 0 0 0 0 0 0 0 0 0 0 0 0 0 0 0 0 0 0 0 0 0 0 0 0 0 0 0 0 0 0 
0 0 0 0 0 0 0 0 0 0 0 0 0 0 0 0 0 0 3.13781e+09 1.42098e+11 2.37579e+12 2.27361e+13 1.42477e+14 6.39481e+14 2.1819e+15 5.92633e+15 1.32744e+16 2.52116e+16 4.14775e+16 6.01379e+16 7.77336e+16 9.0376e+16 9.4957e+16 0 0 0 0 0 0 0 0 0 0 0 0 0 0 0 0 0 0 0 0 0 0 0 0 0 0 0 0 0 0 0 0 
0 0 0 0 0 0 0 0 0 0 0 0 0 0 0 0 0 0 1.18865e+09 3.82293e+10 7.36412e+11 8.0529e+12 5.67633e+13 2.81721e+14 1.04871e+15 3.0697e+15 7.32883e+15 1.46767e+16 2.52095e+16 3.77625e+16 4.99768e+16 5.88966e+16 6.2198e+16 0 0 0 0 0 0 0 0 0 0 0 0 0 0 0 0 0 0 0 0 0 0 0 0 0 0 0 0 0 0 0 0 
0 0 0 0 0 0 0 0 0 0 0 0 0 0 0 0 0 0 0 9.50584e+09 2.15643e+11 2.69985e+12 2.13e+13 1.16303e+14 4.70747e+14 1.48116e+15 3.76053e+15 7.92867e+15 1.41953e+16 2.19599e+16 2.97262e+16 3.5551e+16 3.76979e+16 0 0 0 0 0 0 0 0 0 0 0 0 0 0 0 0 0 0 0 0 0 0 0 0 0 0 0 0 0 0 0 0 
0 0 0 0 0 0 0 0 0 0 0 0 0 0 0 0 0 0 0 1.60595e+09 6.13533e+10 8.71107e+11 7.60182e+12 4.54593e+13 1.99057e+14 6.71193e+14 1.80708e+15 4.00365e+15 7.46399e+15 1.19088e+16 1.64889e+16 1.99635e+16 2.12708e+16 0 0 0 0 0 0 0 0 0 0 0 0 0 0 0 0 0 0 0 0 0 0 0 0 0 0 0 0 0 0 0 0 
0 0 0 0 0 0 0 0 0 0 0 0 0 0 0 0 0 0 0 8.08174e+08 1.78425e+10 2.73067e+11 2.60539e+12 1.69684e+13 8.00926e+13 2.88028e+14 8.2001e+14 1.9044e+15 3.68729e+15 6.06252e+15 8.56739e+15 1.05118e+16 1.12461e+16 0 0 0 0 0 0 0 0 0 0 0 0 0 0 0 0 0 0 0 0 0 0 0 0 0 0 0 0 0 0 0 0 
0 0 0 0 0 0 0 0 0 0 0 0 0 0 0 0 0 0 0 0 4.57281e+09 8.19641e+10 8.69152e+11 6.11334e+12 3.08867e+13 1.17992e+14 3.54058e+14 8.58463e+14 1.72407e+15 2.91587e+15 4.20476e+15 5.21872e+15 5.60511e+15 0 0 0 0 0 0 0 0 0 0 0 0 0 0 0 0 0 0 0 0 0 0 0 0 0 0 0 0 0 0 0 0 
0 0 0 0 0 0 0 0 0 0 0 0 0 0 0 0 0 0 0 0 7.26171e+08 2.47184e+10 2.87176e+11 2.14916e+12 1.15301e+13 4.65451e+13 1.46492e+14 3.70501e+14 7.69089e+14 1.33466e+15 1.96224e+15 2.46322e+15 2.65555e+15 0 0 0 0 0 0 0 0 0 0 0 0 0 0 0 0 0 0 0 0 0 0 0 0 0 0 0 0 0 0 0 0 
0 0 0 0 0 0 0 0 0 0 0 0 0 0 0 0 0 0 0 0 4.96207e+08 7.75872e+09 9.28177e+10 7.40257e+11 4.20988e+12 1.78624e+13 5.87155e+13 1.54117e+14 3.29998e+14 5.86694e+14 8.7718e+14 1.11313e+15 1.20467e+15 0 0 0 0 0 0 0 0 0 0 0 0 0 0 0 0 0 0 0 0 0 0 0 0 0 0 0 0 0 0 0 0 
0 0 0 0 0 0 0 0 0 0 0 0 0 0 0 0 0 0 0 0 0 1.97381e+09 2.86198e+10 2.53913e+11 1.52064e+12 6.71689e+12 2.29563e+13 6.2311e+13 1.37196e+14 2.49466e+14 3.79068e+14 4.85378e+14 5.26826e+14 0 0 0 0 0 0 0 0 0 0 0 0 0 0 0 0 0 0 0 0 0 0 0 0 0 0 0 0 0 0 0 0 
0 0 0 0 0 0 0 0 0 0 0 0 0 0 0 0 0 0 0 0 0 2.84411e+08 9.27104e+09 8.76068e+10 5.42861e+11 2.49661e+12 8.83856e+12 2.46783e+13 5.57633e+13 1.03359e+14 1.5926e+14 2.05882e+14 2.24007e+14 0 0 0 0 0 0 0 0 0 0 0 0 0 0 0 0 0 0 0 0 0 0 0 0 0 0 0 0 0 0 0 0 
0 0 0 0 0 0 0 0 0 0 0 0 0 0 0 0 0 0 0 0 0 2.72758e+08 3.08429e+09 2.88241e+10 1.91565e+11 9.25444e+11 3.37297e+12 9.65915e+12 2.22846e+13 4.20589e+13 6.5651e+13 8.54861e+13 9.32947e+13 0 0 0 0 0 0 0 0 0 0 0 0 0 0 0 0 0 0 0 0 0 0 0 0 0 0 0 0 0 0 0 0 
0 0 0 0 0 0 0 0 0 0 0 0 0 0 0 0 0 0 0 0 0 0 7.47792e+08 9.07399e+09 6.86192e+10 3.42597e+11 1.27998e+12 3.76214e+12 8.84268e+12 1.69267e+13 2.67453e+13 3.50218e+13 3.83476e+13 0 0 0 0 0 0 0 0 0 0 0 0 0 0 0 0 0 0 0 0 0 0 0 0 0 0 0 0 0 0 0 0 
0 0 0 0 0 0 0 0 0 0 0 0 0 0 0 0 0 0 0 0 0 0 9.4686e+07 3.20266e+09 2.44833e+10 1.24476e+11 4.8567e+11 1.46537e+12 3.49429e+12 6.79016e+12 1.08072e+13 1.42574e+13 1.56304e+13 0 0 0 0 0 0 0 0 0 0 0 0 0 0 0 0 0 0 0 0 0 0 0 0 0 0 0 0 0 0 0 0 
0 0 0 0 0 0 0 0 0 0 0 0 0 0 0 0 0 0 0 0 0 0 1.32905e+08 1.09868e+09 7.97119e+09 4.51654e+10 1.85514e+11 5.66725e+11 1.38184e+12 2.71877e+12 4.36397e+12 5.79039e+12 6.35205e+12 0 0 0 0 0 0 0 0 0 0 0 0 0 0 0 0 0 0 0 0 0 0 0 0 0 0 0 0 0 0 0 0 
0 0 0 0 0 0 0 0 0 0 0 0 0 0 0 0 0 0 0 0 0 0 0 2.43349e+08 2.58085e+09 1.6972e+10 6.96903e+10 2.18869e+11 5.48935e+11 1.08742e+12 1.76676e+12 2.35376e+12 2.58795e+12 0 0 0 0 0 0 0 0 0 0 0 0 0 0 0 0 0 0 0 0 0 0 0 0 0 0 0 0 0 0 0 0 
0 0 0 0 0 0 0 0 0 0 0 0 0 0 0 0 0 0 0 0 0 0 0 2.61497e+07 1.0114e+09 6.09262e+09 2.5422e+10 8.56476e+10 2.16614e+11 4.35947e+11 7.17197e+11 9.55688e+11 1.0569e+12 0 0 0 0 0 0 0 0 0 0 0 0 0 0 0 0 0 0 0 0 0 0 0 0 0 0 0 0 0 0 0 0 
0 0 0 0 0 0 0 0 0 0 0 0 0 0 0 0 0 0 0 0 0 0 0 5.68761e+07 3.4237e+08 1.89892e+09 9.60236e+09 3.33549e+10 8.43425e+10 1.76177e+11 2.89084e+11 3.90703e+11 4.30747e+11 0 0 0 0 0 0 0 0 0 0 0 0 0 0 0 0 0 0 0 0 0 0 0 0 0 0 0 0 0 0 0 0 
0 0 0 0 0 0 0 0 0 0 0 0 0 0 0 0 0 0 0 0 0 0 0 0 6.62673e+07 6.60667e+08 3.77457e+09 1.23298e+10 3.33422e+10 7.05749e+10 1.16367e+11 1.60066e+11 1.74743e+11 0 0 0 0 0 0 0 0 0 0 0 0 0 0 0 0 0 0 0 0 0 0 0 0 0 0 0 0 0 0 0 0 
0 0 0 0 0 0 0 0 0 0 0 0 0 0 0 0 0 0 0 0 0 0 0 0 5.82161e+06 2.8778e+08 1.29417e+09 4.5241e+09 1.34251e+10 2.75538e+10 4.75275e+10 6.44936e+10 7.16953e+10 0 0 0 0 0 0 0 0 0 0 0 0 0 0 0 0 0 0 0 0 0 0 0 0 0 0 0 0 0 0 0 0 
0 0 0 0 0 0 0 0 0 0 0 0 0 0 0 0 0 0 0 0 0 0 0 0 2.11332e+07 9.07286e+07 3.80475e+08 1.83869e+09 5.12233e+09 1.08017e+10 1.94012e+10 2.57086e+10 2.95656e+10 0 0 0 0 0 0 0 0 0 0 0 0 0 0 0 0 0 0 0 0 0 0 0 0 0 0 0 0 0 0 0 0 
0 0 0 0 0 0 0 0 0 0 0 0 0 0 0 0 0 0 0 0 0 0 0 0 0 1.46284e+07 1.54488e+08 7.28729e+08 1.81481e+09 4.46651e+09 7.52527e+09 1.05508e+10 1.17572e+10 0 0 0 0 0 0 0 0 0 0 0 0 0 0 0 0 0 0 0 0 0 0 0 0 0 0 0 0 0 0 0 0 
0 0 0 0 0 0 0 0 0 0 0 0 0 0 0 0 0 0 0 0 0 0 0 0 0 1.00107e+06 7.18489e+07 2.22202e+08 7.07507e+08 1.79172e+09 2.87029e+09 4.40423e+09 4.55e+09 0 0 0 0 0 0 0 0 0 0 0 0 0 0 0 0 0 0 0 0 0 0 0 0 0 0 0 0 0 0 0 0 
0 0 0 0 0 0 0 0 0 0 0 0 0 0 0 0 0 0 0 0 0 0 0 0 0 6.73042e+06 1.97163e+07 6.38614e+07 3.13102e+08 6.2591e+08 1.19593e+09 1.70192e+09 1.86311e+09 0 0 0 0 0 0 0 0 0 0 0 0 0 0 0 0 0 0 0 0 0 0 0 0 0 0 0 0 0 0 0 0 
0 0 0 0 0 0 0 0 0 0 0 0 0 0 0 0 0 0 0 0 0 0 0 0 0 0 2.5055e+06 3.3205e+07 1.14935e+08 2.19217e+08 5.13631e+08 6.10204e+08 8.07901e+08 0 0 0 0 0 0 0 0 0 0 0 0 0 0 0 0 0 0 0 0 0 0 0 0 0 0 0 0 0 0 0 0 
0 0 0 0 0 0 0 0 0 0 0 0 0 0 0 0 0 0 0 0 0 0 0 0 0 0 124682 1.50973e+07 2.87544e+07 1.00134e+08 1.84503e+08 2.49082e+08 3.11904e+08 0 0 0 0 0 0 0 0 0 0 0 0 0 0 0 0 0 0 0 0 0 0 0 0 0 0 0 0 0 0 0 0 
0 0 0 0 0 0 0 0 0 0 0 0 0 0 0 0 0 0 0 0 0 0 0 0 0 0 1.80807e+06 3.35095e+06 9.37807e+06 4.4921e+07 5.60204e+07 1.1621e+08 1.00611e+08 0 0 0 0 0 0 0 0 0 0 0 0 0 0 0 0 0 0 0 0 0 0 0 0 0 0 0 0 0 0 0 0 
0 0 0 0 0 0 0 0 0 0 0 0 0 0 0 0 0 0 0 0 0 0 0 0 0 0 0 311507 6.37835e+06 1.34235e+07 2.32244e+07 4.50318e+07 3.80139e+07 0 0 0 0 0 0 0 0 0 0 0 0 0 0 0 0 0 0 0 0 0 0 0 0 0 0 0 0 0 0 0 0 
0 0 0 0 0 0 0 0 0 0 0 0 0 0 0 0 0 0 0 0 0 0 0 0 0 0 0 9963.71 2.52626e+06 2.54812e+06 1.26206e+07 1.22414e+07 1.98194e+07 0 0 0 0 0 0 0 0 0 0 0 0 0 0 0 0 0 0 0 0 0 0 0 0 0 0 0 0 0 0 0 0 
0 0 0 0 0 0 0 0 0 0 0 0 0 0 0 0 0 0 0 0 0 0 0 0 0 0 0 401499 415449 1.31885e+06 4.80538e+06 3.71957e+06 8.63083e+06 0 0 0 0 0 0 0 0 0 0 0 0 0 0 0 0 0 0 0 0 0 0 0 0 0 0 0 0 0 0 0 0 
0 0 0 0 0 0 0 0 0 0 0 0 0 0 0 0 0 0 0 0 0 0 0 0 0 0 0 0 24917.8 1.02361e+06 1.00004e+06 2.39599e+06 2.28032e+06 0 0 0 0 0 0 0 0 0 0 0 0 0 0 0 0 0 0 0 0 0 0 0 0 0 0 0 0 0 0 0 0 
0 0 0 0 0 0 0 0 0 0 0 0 0 0 0 0 0 0 0 0 0 0 0 0 0 0 0 0 383.894 311519 138297 1.22939e+06 393974 0 0 0 0 0 0 0 0 0 0 0 0 0 0 0 0 0 0 0 0 0 0 0 0 0 0 0 0 0 0 0 0 
0 0 0 0 0 0 0 0 0 0 0 0 0 0 0 0 0 0 0 0 0 0 0 0 0 0 0 0 71684.7 33234.7 179562 309405 255865 0 0 0 0 0 0 0 0 0 0 0 0 0 0 0 0 0 0 0 0 0 0 0 0 0 0 0 0 0 0 0 0 
0 0 0 0 0 0 0 0 0 0 0 0 0 0 0 0 0 0 0 0 0 0 0 0 0 0 0 0 0 958.62 124605 37414.9 210836 0 0 0 0 0 0 0 0 0 0 0 0 0 0 0 0 0 0 0 0 0 0 0 0 0 0 0 0 0 0 0 0 
0 0 0 0 0 0 0 0 0 0 0 0 0 0 0 0 0 0 0 0 0 0 0 0 0 0 0 0 0 0 24921.3 3838.57 68302.3 0 0 0 0 0 0 0 0 0 0 0 0 0 0 0 0 0 0 0 0 0 0 0 0 0 0 0 0 0 0 0 0 
0 0 0 0 0 0 0 0 0 0 0 0 0 0 0 0 0 0 0 0 0 0 0 0 0 0 0 0 0 9887.55 1278.15 20769.6 7671.21 0 0 0 0 0 0 0 0 0 0 0 0 0 0 0 0 0 0 0 0 0 0 0 0 0 0 0 0 0 0 0 0 
0 0 0 0 0 0 0 0 0 0 0 0 0 0 0 0 0 0 0 0 0 0 0 0 0 0 0 0 0 0 0 9967.79 478.221 0 0 0 0 0 0 0 0 0 0 0 0 0 0 0 0 0 0 0 0 0 0 0 0 0 0 0 0 0 0 0 0 
0 0 0 0 0 0 0 0 0 0 0 0 0 0 0 0 0 0 0 0 0 0 0 0 0 0 0 0 0 0 0 958.528 0 0 0 0 0 0 0 0 0 0 0 0 0 0 0 0 0 0 0 0 0 0 0 0 0 0 0 0 0 0 0 0 0 
0 0 0 0 0 0 0 0 0 0 0 0 0 0 0 0 0 0 0 0 0 0 0 0 0 0 0 0 0 0 988.755 0 1661.43 0 0 0 0 0 0 0 0 0 0 0 0 0 0 0 0 0 0 0 0 0 0 0 0 0 0 0 0 0 0 0 0 
0 0 0 0 0 0 0 0 0 0 0 0 0 0 0 0 0 0 0 0 0 0 0 0 0 0 0 0 0 0 0 0 383.362 0 0 0 0 0 0 0 0 0 0 0 0 0 0 0 0 0 0 0 0 0 0 0 0 0 0 0 0 0 0 0 0 
0 0 0 0 0 0 0 0 0 0 0 0 0 0 0 0 0 0 0 0 0 0 0 0 0 0 0 0 0 0 0 0 0 0 0 0 0 0 0 0 0 0 0 0 0 0 0 0 0 0 0 0 0 0 0 0 0 0 0 0 0 0 0 0 0 
0 0 0 0 0 0 0 0 0 0 0 0 0 0 0 0 0 0 0 0 0 0 0 0 0 0 0 0 0 0 0 63.7906 0 0 0 0 0 0 0 0 0 0 0 0 0 0 0 0 0 0 0 0 0 0 0 0 0 0 0 0 0 0 0 0 0 
0 0 0 0 0 0 0 0 0 0 0 0 0 0 0 0 0 0 0 0 0 0 0 0 0 0 0 0 0 0 0 0 0 0 0 0 0 0 0 0 0 0 0 0 0 0 0 0 0 0 0 0 0 0 0 0 0 0 0 0 0 0 0 0 0 
0 0 0 0 0 0 0 0 0 0 0 0 0 0 0 0 0 0 0 0 0 0 0 0 0 0 0 0 0 0 0 0 0 0 0 0 0 0 0 0 0 0 0 0 0 0 0 0 0 0 0 0 0 0 0 0 0 0 0 0 0 0 0 0 0 
0 0 0 0 0 0 0 0 0 0 0 0 0 0 0 0 0 0 0 0 0 0 0 0 0 0 0 0 0 0 0 0 1.99346 0 0 0 0 0 0 0 0 0 0 0 0 0 0 0 0 0 0 0 0 0 0 0 0 0 0 0 0 0 0 0 0 
