1 0 0 0 0 0 0 0 0 0 0 0 0 0 0 0 0 0 0 0 0 0 0 0 0 0 0 0 0 0 0 0 0 0 0 0 0 0 0 0 0 0 0 0 0 0 0 0 0 0 0 0 0 0 0 0 0 0 0 0 0 0 0 0 1 
0 0 0 0 0 0 0 0 0 0 0 0 0 0 0 0 0 0 0 0 0 0 0 0 0 0 0 0 0 0 0 0 0 0 0 0 0 0 0 0 0 0 0 0 0 0 0 0 0 0 0 0 0 0 0 0 0 0 0 0 0 0 0 0 0 
0 0 0 0 0 0 0 0 0 0 0 0 0 0 0 0 0 0 0 0 0 0 0 0 0 0 0 0 0 0 0 0 0 0 0 0 0 0 0 0 0 0 0 0 0 0 0 0 0 0 0 0 0 0 0 0 0 0 0 0 0 0 0 0 0 
0 64 0 0 0 0 0 0 0 0 0 0 0 0 0 0 0 0 0 0 0 0 0 0 0 0 0 0 0 0 0 0 0 0 0 0 0 0 0 0 0 0 0 0 0 0 0 0 0 0 0 0 0 0 0 0 0 0 0 0 0 0 0 0 0 
0 0 0 0 0 0 0 0 0 0 0 0 0 0 0 0 0 0 0 0 0 0 0 0 0 0 0 0 0 0 0 0 0 0 0 0 0 0 0 0 0 0 0 0 0 0 0 0 0 0 0 0 0 0 0 0 0 0 0 0 0 0 0 0 0 
0 0 192 0 0 0 0 0 0 0 0 0 0 0 0 0 0 0 0 0 0 0 0 0 0 0 0 0 0 0 0 0 0 0 0 0 0 0 0 0 0 0 0 0 0 0 0 0 0 0 0 0 0 0 0 0 0 0 0 0 0 0 0 0 0 
0 0 1824 0 0 0 0 0 0 0 0 0 0 0 0 0 0 0 0 0 0 0 0 0 0 0 0 0 0 0 0 0 0 0 0 0 0 0 0 0 0 0 0 0 0 0 0 0 0 0 0 0 0 0 0 0 0 0 0 0 0 0 0 0 0 
0 0 0 959.479 0 0 0 0 0 0 0 0 0 0 0 0 0 0 0 0 0 0 0 0 0 0 0 0 0 0 0 0 0 0 0 0 0 0 0 0 0 0 0 0 0 0 0 0 0 0 0 0 0 0 0 0 0 0 0 0 0 0 0 0 0 
0 0 0 9985.04 239.87 0 0 0 0 0 0 0 0 0 0 0 0 0 0 0 0 0 0 0 0 0 0 0 0 0 0 0 0 0 0 0 0 0 0 0 0 0 0 0 0 0 0 0 0 0 0 0 0 0 0 0 0 0 0 0 0 0 0 0 0 
0 0 0 30719.5 5118.75 0 0 0 0 0 0 0 0 0 0 0 0 0 0 0 0 0 0 0 0 0 0 0 0 0 0 0 0 0 0 0 0 0 0 0 0 0 0 0 0 0 0 0 0 0 0 0 0 0 0 0 0 0 0 0 0 0 0 0 0 
0 0 0 0 59133.4 3838.41 0 0 0 0 0 0 0 0 0 0 0 0 0 0 0 0 0 0 0 0 0 0 0 0 0 0 0 0 0 0 0 0 0 0 0 0 0 0 0 0 0 0 0 0 0 0 0 0 0 0 0 0 0 0 0 0 0 0 0 
0 0 0 0 228489 38367.8 1913.53 0 0 0 0 0 0 0 0 0 0 0 0 0 0 0 0 0 0 0 0 0 0 0 0 0 0 0 0 0 0 0 0 0 0 0 0 0 0 0 0 0 0 0 0 0 0 0 0 0 0 0 0 0 0 0 0 0 0 
0 0 0 0 342395 341765 37047.2 1271.96 158.995 0 0 0 0 0 0 0 0 0 0 0 0 0 0 0 0 0 0 0 0 0 0 0 0 0 0 0 0 0 0 0 0 0 0 0 0 0 0 0 0 0 0 0 0 0 0 0 0 0 0 0 0 0 0 0 0 
0 0 0 0 0 1.50523e+06 335325 37419.2 0 0 0 0 0 0 0 0 0 0 0 0 0 0 0 0 0 0 0 0 0 0 0 0 0 0 0 0 0 0 0 0 0 0 0 0 0 0 0 0 0 0 0 0 0 0 0 0 0 0 0 0 0 0 0 0 0 
0 0 0 0 0 3.05302e+06 2.11934e+06 364261 45940.5 3829.97 0 0 0 0 0 0 0 0 0 0 0 0 0 0 0 0 0 0 0 0 0 0 0 0 0 0 0 0 0 0 0 0 0 0 0 0 0 0 0 0 0 0 0 0 0 0 0 0 0 0 0 0 0 0 0 
0 0 0 0 0 2.68229e+06 9.07544e+06 2.71174e+06 458896 42515.5 5752.9 0 0 0 0 0 0 0 0 0 0 0 0 0 0 0 0 0 0 0 0 0 0 0 0 0 0 0 0 0 0 0 0 0 0 0 0 0 0 0 0 0 0 0 0 0 0 0 0 0 0 0 0 0 0 
0 0 0 0 0 0 2.14125e+07 1.4084e+07 3.58142e+06 698075 80454.3 11521 1441.79 0 0 0 60.014 0 0 0 0 0 0 0 0 0 0 0 0 0 0 0 11.9513 0 0 0 0 0 0 0 0 0 0 0 0 0 0 0 0 0 0 0 0 0 0 0 0 0 0 0 0 0 0 0 0 
0 0 0 0 0 0 2.66653e+07 5.33621e+07 2.0823e+07 5.24731e+06 1.09857e+06 159929 15339.2 5746.93 1926.54 960.223 0 0 0 0 0 0 0 0 0 0 0 0 0 0 0 0 0 0 0 0 0 0 0 0 0 0 0 0 0 0 0 0 0 0 0 0 0 0 0 0 0 0 0 0 0 0 0 0 0 
0 0 0 0 0 0 1.53275e+07 1.30853e+08 9.34178e+07 3.17711e+07 8.38657e+06 1.93049e+06 402263 50194.7 5275.13 0 0 1929.37 0 0 0 0 0 0 0 0 0 0 0 0 0 382.443 0 0 0 0 0 0 0 0 0 0 0 0 0 0 0 0 0 0 0 0 0 0 0 0 0 0 0 0 0 0 0 0 0 
0 0 0 0 0 0 0 1.9258e+08 3.12009e+08 1.55288e+08 5.3317e+07 1.53857e+07 3.70015e+06 865836 210944 54009.8 28956.5 960.954 3849.97 0 0 0 0 0 0 0 0 0 0 0 957.417 0 0 0 0 0 0 0 0 0 0 0 0 0 0 0 0 0 0 0 0 0 0 0 0 0 0 0 0 0 0 0 0 0 0 
0 0 0 0 0 0 0 1.61715e+08 7.40189e+08 5.98326e+08 2.62485e+08 9.33786e+07 3.03508e+07 8.49511e+06 2.16046e+06 604300 129250 53911 27974.1 11571.5 2892.19 0 0 0 480.279 0 0 0 958.089 3830.42 4970.45 0 11919.2 0 0 0 0 0 0 0 0 0 0 0 0 0 0 0 0 0 0 0 0 0 0 0 0 0 0 0 0 0 0 0 0 
0 0 0 0 0 0 0 6.55078e+07 1.16492e+09 1.78731e+09 1.09449e+09 4.7588e+08 1.78959e+08 6.30557e+07 2.00394e+07 5.97308e+06 2.00398e+06 819642 241959 135531 30777.5 23139.6 11613.1 7694 0 3844.03 5787.45 11500.7 15356.1 21061.7 0 28820.8 386.561 0 0 0 0 0 0 0 0 0 0 0 0 0 0 0 0 0 0 0 0 0 0 0 0 0 0 0 0 0 0 0 0 
0 0 0 0 0 0 0 0 1.17074e+09 3.96916e+09 3.68022e+09 2.02175e+09 9.05706e+08 3.68368e+08 1.41778e+08 5.13239e+07 1.80332e+07 6.21397e+06 2.75546e+06 1.13761e+06 738284 260812 123531 78959.6 92467.1 86794.2 76820.6 74853.4 93329.3 61384.2 111389 151894 68220.9 0 0 0 0 0 0 0 0 0 0 0 0 0 0 0 0 0 0 0 0 0 0 0 0 0 0 0 0 0 0 0 0 
0 0 0 0 0 0 0 0 7.06579e+08 6.29199e+09 9.82898e+09 7.24111e+09 3.87907e+09 1.8257e+09 8.04954e+08 3.37574e+08 1.35355e+08 5.45039e+07 2.26835e+07 1.04365e+07 4.75756e+06 2.89052e+06 1.74813e+06 1.07221e+06 725071 469094 530388 530161 492395 434721 686555 267644 706972 0 0 0 0 0 0 0 0 0 0 0 0 0 0 0 0 0 0 0 0 0 0 0 0 0 0 0 0 0 0 0 0 
0 0 0 0 0 0 0 0 2.1341e+08 6.86771e+09 2.02408e+10 2.14559e+10 1.42977e+10 7.76276e+09 3.86241e+09 1.83916e+09 8.48315e+08 3.83479e+08 1.70923e+08 7.91223e+07 3.98374e+07 2.17941e+07 1.20988e+07 7.70901e+06 5.12942e+06 4.61639e+06 3.52087e+06 3.14143e+06 2.57671e+06 3.37391e+06 2.35049e+06 2.96128e+06 2.92281e+06 0 0 0 0 0 0 0 0 0 0 0 0 0 0 0 0 0 0 0 0 0 0 0 0 0 0 0 0 0 0 0 0 
0 0 0 0 0 0 0 0 0 5.01256e+09 3.11429e+10 5.13328e+10 4.4735e+10 2.88484e+10 1.62479e+10 8.61031e+09 4.40138e+09 2.20608e+09 1.09797e+09 5.5204e+08 2.85719e+08 1.53508e+08 9.29015e+07 5.84199e+07 4.0381e+07 2.75212e+07 2.15668e+07 1.76278e+07 1.7584e+07 1.49043e+07 1.387e+07 1.53472e+07 1.21824e+07 0 0 0 0 0 0 0 0 0 0 0 0 0 0 0 0 0 0 0 0 0 0 0 0 0 0 0 0 0 0 0 0 
0 0 0 0 0 0 0 0 0 2.28178e+09 3.498e+10 9.73167e+10 1.17134e+11 9.27694e+10 5.99059e+10 3.52221e+10 1.98656e+10 1.0936e+10 5.95614e+09 3.24875e+09 1.79347e+09 1.02553e+09 6.01262e+08 3.77963e+08 2.50731e+08 1.79368e+08 1.38708e+08 1.13658e+08 9.50619e+07 8.0087e+07 8.29454e+07 7.25831e+07 7.77829e+07 0 0 0 0 0 0 0 0 0 0 0 0 0 0 0 0 0 0 0 0 0 0 0 0 0 0 0 0 0 0 0 0 
0 0 0 0 0 0 0 0 0 5.38697e+08 2.80016e+10 1.42732e+11 2.52026e+11 2.55541e+11 1.94505e+11 1.28305e+11 7.92373e+10 4.74216e+10 2.80296e+10 1.64784e+10 9.78622e+09 5.89068e+09 3.66268e+09 2.35795e+09 1.58596e+09 1.13114e+09 8.36945e+08 6.61198e+08 5.38771e+08 4.93249e+08 4.33485e+08 4.13737e+08 4.05523e+08 0 0 0 0 0 0 0 0 0 0 0 0 0 0 0 0 0 0 0 0 0 0 0 0 0 0 0 0 0 0 0 0 
0 0 0 0 0 0 0 0 0 0 1.55562e+10 1.58999e+11 4.37787e+11 5.9412e+11 5.49741e+11 4.14917e+11 2.82453e+11 1.83516e+11 1.16549e+11 7.35918e+10 4.65123e+10 2.97577e+10 1.9413e+10 1.30149e+10 9.023e+09 6.48594e+09 4.88404e+09 3.83495e+09 3.19331e+09 2.73174e+09 2.45557e+09 2.33735e+09 2.28926e+09 0 0 0 0 0 0 0 0 0 0 0 0 0 0 0 0 0 0 0 0 0 0 0 0 0 0 0 0 0 0 0 0 
0 0 0 0 0 0 0 0 0 0 5.55223e+09 1.32688e+11 6.04331e+11 1.14979e+12 1.33844e+12 1.18363e+12 9.0212e+11 6.37875e+11 4.35366e+11 2.93008e+11 1.96582e+11 1.32777e+11 9.10435e+10 6.37499e+10 4.57645e+10 3.3939e+10 2.6077e+10 2.08239e+10 1.72777e+10 1.49267e+10 1.35537e+10 1.27027e+10 1.23961e+10 0 0 0 0 0 0 0 0 0 0 0 0 0 0 0 0 0 0 0 0 0 0 0 0 0 0 0 0 0 0 0 0 
0 0 0 0 0 0 0 0 0 0 1.0705e+09 8.13947e+10 6.53802e+11 1.82662e+12 2.77179e+12 2.95451e+12 2.57076e+12 2.00105e+12 1.47123e+12 1.05371e+12 7.48563e+11 5.32485e+11 3.82193e+11 2.78729e+11 2.07719e+11 1.58644e+11 1.25105e+11 1.02053e+11 8.59158e+10 7.51221e+10 6.82552e+10 6.44952e+10 6.32223e+10 0 0 0 0 0 0 0 0 0 0 0 0 0 0 0 0 0 0 0 0 0 0 0 0 0 0 0 0 0 0 0 0 
0 0 0 0 0 0 0 0 0 0 0 3.57758e+10 5.49023e+11 2.3531e+12 4.82882e+12 6.37259e+12 6.47095e+12 5.63379e+12 4.50414e+12 3.4488e+12 2.58981e+12 1.93477e+12 1.4503e+12 1.10049e+12 8.48764e+11 6.69536e+11 5.41034e+11 4.49627e+11 3.85765e+11 3.41914e+11 3.13183e+11 2.97207e+11 2.92044e+11 0 0 0 0 0 0 0 0 0 0 0 0 0 0 0 0 0 0 0 0 0 0 0 0 0 0 0 0 0 0 0 0 
0 0 0 0 0 0 0 0 0 0 0 1.0343e+10 3.54074e+11 2.43711e+12 6.99924e+12 1.17787e+13 1.42687e+13 1.41547e+13 1.24663e+13 1.02708e+13 8.17503e+12 6.41607e+12 5.0263e+12 3.96058e+12 3.16003e+12 2.56376e+12 2.12805e+12 1.80817e+12 1.57599e+12 1.41455e+12 1.30692e+12 1.24627e+12 1.22567e+12 0 0 0 0 0 0 0 0 0 0 0 0 0 0 0 0 0 0 0 0 0 0 0 0 0 0 0 0 0 0 0 0 
0 0 0 0 0 0 0 0 0 0 0 1.70744e+09 1.72704e+11 2.01297e+12 8.37203e+12 1.84769e+13 2.73489e+13 3.1478e+13 3.10076e+13 2.77873e+13 2.36163e+13 1.95309e+13 1.59919e+13 1.30874e+13 1.07865e+13 9.00522e+12 7.64913e+12 6.6283e+12 5.87552e+12 5.33535e+12 4.97991e+12 4.77361e+12 4.70937e+12 0 0 0 0 0 0 0 0 0 0 0 0 0 0 0 0 0 0 0 0 0 0 0 0 0 0 0 0 0 0 0 0 
0 0 0 0 0 0 0 0 0 0 0 0 6.2054e+10 1.31966e+12 8.20952e+12 2.44015e+13 4.51225e+13 6.14495e+13 6.87323e+13 6.79311e+13 6.22174e+13 5.45828e+13 4.67932e+13 3.98155e+13 3.39402e+13 2.91554e+13 2.53225e+13 2.23837e+13 2.01499e+13 1.85485e+13 1.74526e+13 1.68312e+13 1.6627e+13 0 0 0 0 0 0 0 0 0 0 0 0 0 0 0 0 0 0 0 0 0 0 0 0 0 0 0 0 0 0 0 0 
0 0 0 0 0 0 0 0 0 0 0 0 1.50038e+10 6.80927e+11 6.56993e+12 2.69784e+13 6.37372e+13 1.04588e+14 1.34998e+14 1.48966e+14 1.48626e+14 1.39311e+14 1.26006e+14 1.11844e+14 9.86313e+13 8.71552e+13 7.76389e+13 6.99818e+13 6.4051e+13 5.96558e+13 5.66432e+13 5.48267e+13 5.42711e+13 0 0 0 0 0 0 0 0 0 0 0 0 0 0 0 0 0 0 0 0 0 0 0 0 0 0 0 0 0 0 0 0 
0 0 0 0 0 0 0 0 0 0 0 0 2.2455e+09 2.72852e+11 4.28066e+12 2.48675e+13 7.66096e+13 1.5422e+14 2.33292e+14 2.91209e+14 3.2012e+14 3.23657e+14 3.10675e+14 2.89306e+14 2.65182e+14 2.41752e+14 2.20668e+14 2.03032e+14 1.88912e+14 1.78019e+14 1.70559e+14 1.66084e+14 1.64539e+14 0 0 0 0 0 0 0 0 0 0 0 0 0 0 0 0 0 0 0 0 0 0 0 0 0 0 0 0 0 0 0 0 
0 0 0 0 0 0 0 0 0 0 0 0 0 8.27284e+10 2.26308e+12 1.90674e+13 7.8026e+13 1.96117e+14 3.52829e+14 5.04847e+14 6.17716e+14 6.80381e+14 6.98964e+14 6.86504e+14 6.5703e+14 6.2019e+14 5.82259e+14 5.47609e+14 5.17848e+14 4.94969e+14 4.77867e+14 4.67984e+14 4.64768e+14 0 0 0 0 0 0 0 0 0 0 0 0 0 0 0 0 0 0 0 0 0 0 0 0 0 0 0 0 0 0 0 0 
0 0 0 0 0 0 0 0 0 0 0 0 0 1.72746e+10 9.64256e+11 1.21541e+13 6.72393e+13 2.14226e+14 4.65026e+14 7.72178e+14 1.06392e+15 1.28813e+15 1.42692e+15 1.48958e+15 1.49561e+15 1.46686e+15 1.4209e+15 1.36877e+15 1.32053e+15 1.27817e+15 1.24729e+15 1.22816e+15 1.22145e+15 0 0 0 0 0 0 0 0 0 0 0 0 0 0 0 0 0 0 0 0 0 0 0 0 0 0 0 0 0 0 0 0 
0 0 0 0 0 0 0 0 0 0 0 0 0 2.51547e+09 3.27454e+11 6.44177e+12 4.89979e+13 2.00599e+14 5.32014e+14 1.03766e+15 1.62638e+15 2.18375e+15 2.63052e+15 2.93605e+15 3.1128e+15 3.18795e+15 3.19659e+15 3.16528e+15 3.11549e+15 3.06615e+15 3.02563e+15 2.99738e+15 2.98798e+15 0 0 0 0 0 0 0 0 0 0 0 0 0 0 0 0 0 0 0 0 0 0 0 0 0 0 0 0 0 0 0 0 
0 0 0 0 0 0 0 0 0 0 0 0 0 0 8.65456e+10 2.83164e+12 3.02303e+13 1.60905e+14 5.27635e+14 1.22145e+15 2.19966e+15 3.30523e+15 4.35944e+15 5.24191e+15 5.89819e+15 6.34069e+15 6.60543e+15 6.74349e+15 6.79818e+15 6.80424e+15 6.79259e+15 6.77874e+15 6.77107e+15 0 0 0 0 0 0 0 0 0 0 0 0 0 0 0 0 0 0 0 0 0 0 0 0 0 0 0 0 0 0 0 0 
0 0 0 0 0 0 0 0 0 0 0 0 0 0 1.61928e+10 1.02757e+12 1.58094e+13 1.10802e+14 4.53407e+14 1.25727e+15 2.62544e+15 4.45138e+15 6.47997e+15 8.44044e+15 1.01405e+16 1.14891e+16 1.24854e+16 1.31835e+16 1.36436e+16 1.39306e+16 1.40858e+16 1.4164e+16 1.41932e+16 0 0 0 0 0 0 0 0 0 0 0 0 0 0 0 0 0 0 0 0 0 0 0 0 0 0 0 0 0 0 0 0 
0 0 0 0 0 0 0 0 0 0 0 0 0 0 2.50436e+09 3.0535e+11 7.0234e+12 6.56309e+13 3.37793e+14 1.13171e+15 2.76018e+15 5.32053e+15 8.60506e+15 1.22189e+16 1.57545e+16 1.89076e+16 2.15405e+16 2.35835e+16 2.51133e+16 2.61778e+16 2.68812e+16 2.72668e+16 2.73926e+16 0 0 0 0 0 0 0 0 0 0 0 0 0 0 0 0 0 0 0 0 0 0 0 0 0 0 0 0 0 0 0 0 
0 0 0 0 0 0 0 0 0 0 0 0 0 0 0 7.30502e+10 2.64801e+12 3.35273e+13 2.18853e+14 8.91329e+14 2.55652e+15 5.63639e+15 1.01956e+16 1.58717e+16 2.20711e+16 2.81927e+16 3.37347e+16 3.84637e+16 4.22262e+16 4.50593e+16 4.702e+16 4.81759e+16 4.85479e+16 0 0 0 0 0 0 0 0 0 0 0 0 0 0 0 0 0 0 0 0 0 0 0 0 0 0 0 0 0 0 0 0 
0 0 0 0 0 0 0 0 0 0 0 0 0 0 0 1.27856e+10 8.44633e+11 1.48249e+13 1.23695e+14 6.15545e+14 2.08814e+15 5.29606e+15 1.07648e+16 1.84696e+16 2.78346e+16 3.79592e+16 4.79303e+16 5.70335e+16 6.47579e+16 7.08766e+16 7.52272e+16 7.78414e+16 7.87159e+16 0 0 0 0 0 0 0 0 0 0 0 0 0 0 0 0 0 0 0 0 0 0 0 0 0 0 0 0 0 0 0 0 
0 0 0 0 0 0 0 0 0 0 0 0 0 0 0 2.29842e+09 2.27796e+11 5.69561e+12 6.12951e+13 3.74355e+14 1.50669e+15 4.4144e+15 1.01277e+16 1.92383e+16 3.15323e+16 4.61013e+16 6.16481e+16 7.67564e+16 9.03373e+16 1.01517e+17 1.09818e+17 1.14867e+17 1.16547e+17 0 0 0 0 0 0 0 0 0 0 0 0 0 0 0 0 0 0 0 0 0 0 0 0 0 0 0 0 0 0 0 0 
0 0 0 0 0 0 0 0 0 0 0 0 0 0 0 0 5.16509e+10 1.90175e+12 2.67334e+13 2.01297e+14 9.64147e+14 3.27355e+15 8.50729e+15 1.794e+16 3.2117e+16 5.04927e+16 7.16521e+16 9.36089e+16 1.14428e+17 1.32326e+17 1.45941e+17 1.54465e+17 1.57381e+17 0 0 0 0 0 0 0 0 0 0 0 0 0 0 0 0 0 0 0 0 0 0 0 0 0 0 0 0 0 0 0 0 
0 0 0 0 0 0 0 0 0 0 0 0 0 0 0 0 8.8445e+09 5.52403e+11 1.03204e+13 9.62297e+13 5.49599e+14 2.16563e+15 6.38926e+15 1.50032e+16 2.93978e+16 4.98731e+16 7.52618e+16 1.0346e+17 1.31512e+17 1.56655e+17 1.76492e+17 1.89103e+17 1.93392e+17 0 0 0 0 0 0 0 0 0 0 0 0 0 0 0 0 0 0 0 0 0 0 0 0 0 0 0 0 0 0 0 0 
0 0 0 0 0 0 0 0 0 0 0 0 0 0 0 0 1.97933e+09 1.41496e+11 3.54301e+12 4.11379e+13 2.80636e+14 1.28459e+15 4.30699e+15 1.12803e+16 2.42491e+16 4.44314e+16 7.15439e+16 1.03524e+17 1.37155e+17 1.68573e+17 1.94007e+17 2.10513e+17 2.16352e+17 0 0 0 0 0 0 0 0 0 0 0 0 0 0 0 0 0 0 0 0 0 0 0 0 0 0 0 0 0 0 0 0 
0 0 0 0 0 0 0 0 0 0 0 0 0 0 0 0 0 3.19972e+10 1.08652e+12 1.5829e+13 1.29184e+14 6.8671e+14 2.61727e+15 7.65212e+15 1.80577e+16 3.58074e+16 6.15497e+16 9.39818e+16 1.29878e+17 1.6476e+17 1.93965e+17 2.13425e+17 2.20109e+17 0 0 0 0 0 0 0 0 0 0 0 0 0 0 0 0 0 0 0 0 0 0 0 0 0 0 0 0 0 0 0 0 
0 0 0 0 0 0 0 0 0 0 0 0 0 0 0 0 0 5.51867e+09 2.99793e+11 5.52048e+12 5.39118e+13 3.32871e+14 1.4415e+15 4.70183e+15 1.21869e+16 2.61651e+16 4.80699e+16 7.74858e+16 1.1185e+17 1.46653e+17 1.76665e+17 1.96946e+17 2.04115e+17 0 0 0 0 0 0 0 0 0 0 0 0 0 0 0 0 0 0 0 0 0 0 0 0 0 0 0 0 0 0 0 0 
0 0 0 0 0 0 0 0 0 0 0 0 0 0 0 0 0 1.59599e+09 7.68097e+10 1.76022e+12 2.05933e+13 1.4744e+14 7.23848e+14 2.63184e+15 7.48975e+15 1.74124e+16 3.41833e+16 5.82244e+16 8.77387e+16 1.1899e+17 1.46745e+17 1.65863e+17 1.72742e+17 0 0 0 0 0 0 0 0 0 0 0 0 0 0 0 0 0 0 0 0 0 0 0 0 0 0 0 0 0 0 0 0 
0 0 0 0 0 0 0 0 0 0 0 0 0 0 0 0 0 0 1.81132e+10 5.17002e+11 7.24642e+12 6.00795e+13 3.33867e+14 1.35054e+15 4.21205e+15 1.05913e+16 2.22305e+16 3.99882e+16 6.30024e+16 8.83061e+16 1.11473e+17 1.27839e+17 1.33706e+17 0 0 0 0 0 0 0 0 0 0 0 0 0 0 0 0 0 0 0 0 0 0 0 0 0 0 0 0 0 0 0 0 
0 0 0 0 0 0 0 0 0 0 0 0 0 0 0 0 0 0 3.1383e+09 1.41984e+11 2.37544e+12 2.2723e+13 1.42543e+14 6.39273e+14 2.18216e+15 5.92645e+15 1.32788e+16 2.52157e+16 4.14794e+16 6.01368e+16 7.77347e+16 9.03498e+16 9.49822e+16 0 0 0 0 0 0 0 0 0 0 0 0 0 0 0 0 0 0 0 0 0 0 0 0 0 0 0 0 0 0 0 0 
0 0 0 0 0 0 0 0 0 0 0 0 0 0 0 0 0 0 1.18849e+09 3.819e+10 7.35242e+11 8.04937e+12 5.67665e+13 2.81595e+14 1.04855e+15 3.06972e+15 7.32521e+15 1.46759e+16 2.52206e+16 3.77572e+16 4.99547e+16 5.89108e+16 6.21758e+16 0 0 0 0 0 0 0 0 0 0 0 0 0 0 0 0 0 0 0 0 0 0 0 0 0 0 0 0 0 0 0 0 
0 0 0 0 0 0 0 0 0 0 0 0 0 0 0 0 0 0 0 9.4984e+09 2.15586e+11 2.6995e+12 2.12943e+13 1.16359e+14 4.70488e+14 1.48083e+15 3.76106e+15 7.92749e+15 1.41908e+16 2.19579e+16 2.97362e+16 3.55432e+16 3.76945e+16 0 0 0 0 0 0 0 0 0 0 0 0 0 0 0 0 0 0 0 0 0 0 0 0 0 0 0 0 0 0 0 0 
0 0 0 0 0 0 0 0 0 0 0 0 0 0 0 0 0 0 0 1.60684e+09 6.13222e+10 8.7083e+11 7.60406e+12 4.54483e+13 1.99127e+14 6.71162e+14 1.80719e+15 4.00465e+15 7.46329e+15 1.19129e+16 1.64845e+16 1.99572e+16 2.12731e+16 0 0 0 0 0 0 0 0 0 0 0 0 0 0 0 0 0 0 0 0 0 0 0 0 0 0 0 0 0 0 0 0 
0 0 0 0 0 0 0 0 0 0 0 0 0 0 0 0 0 0 0 8.08119e+08 1.78191e+10 2.72516e+11 2.60357e+12 1.69744e+13 8.00574e+13 2.88039e+14 8.19659e+14 1.90336e+15 3.6874e+15 6.06186e+15 8.5693e+15 1.05101e+16 1.12415e+16 0 0 0 0 0 0 0 0 0 0 0 0 0 0 0 0 0 0 0 0 0 0 0 0 0 0 0 0 0 0 0 0 
0 0 0 0 0 0 0 0 0 0 0 0 0 0 0 0 0 0 0 0 4.57259e+09 8.18919e+10 8.68578e+11 6.11451e+12 3.08802e+13 1.17948e+14 3.54124e+14 8.5872e+14 1.72392e+15 2.91484e+15 4.20499e+15 5.2199e+15 5.6077e+15 0 0 0 0 0 0 0 0 0 0 0 0 0 0 0 0 0 0 0 0 0 0 0 0 0 0 0 0 0 0 0 0 
0 0 0 0 0 0 0 0 0 0 0 0 0 0 0 0 0 0 0 0 7.2652e+08 2.47136e+10 2.87015e+11 2.1484e+12 1.15399e+13 4.65155e+13 1.46543e+14 3.70492e+14 7.69297e+14 1.33511e+15 1.96293e+15 2.46407e+15 2.65642e+15 0 0 0 0 0 0 0 0 0 0 0 0 0 0 0 0 0 0 0 0 0 0 0 0 0 0 0 0 0 0 0 0 
0 0 0 0 0 0 0 0 0 0 0 0 0 0 0 0 0 0 0 0 4.96368e+08 7.74977e+09 9.26109e+10 7.39399e+11 4.21435e+12 1.7862e+13 5.86731e+13 1.54012e+14 3.30057e+14 5.86902e+14 8.77452e+14 1.11323e+15 1.20405e+15 0 0 0 0 0 0 0 0 0 0 0 0 0 0 0 0 0 0 0 0 0 0 0 0 0 0 0 0 0 0 0 0 
0 0 0 0 0 0 0 0 0 0 0 0 0 0 0 0 0 0 0 0 0 1.97303e+09 2.86028e+10 2.53816e+11 1.51945e+12 6.7183e+12 2.29467e+13 6.22611e+13 1.37162e+14 2.49356e+14 3.78839e+14 4.85529e+14 5.27074e+14 0 0 0 0 0 0 0 0 0 0 0 0 0 0 0 0 0 0 0 0 0 0 0 0 0 0 0 0 0 0 0 0 
0 0 0 0 0 0 0 0 0 0 0 0 0 0 0 0 0 0 0 0 0 2.84646e+08 9.26803e+09 8.74857e+10 5.4259e+11 2.49797e+12 8.83464e+12 2.4677e+13 5.56986e+13 1.03342e+14 1.59303e+14 2.05884e+14 2.24084e+14 0 0 0 0 0 0 0 0 0 0 0 0 0 0 0 0 0 0 0 0 0 0 0 0 0 0 0 0 0 0 0 0 
0 0 0 0 0 0 0 0 0 0 0 0 0 0 0 0 0 0 0 0 0 2.72838e+08 3.08126e+09 2.8789e+10 1.91346e+11 9.25551e+11 3.37117e+12 9.65897e+12 2.22875e+13 4.20388e+13 6.56235e+13 8.54582e+13 9.32471e+13 0 0 0 0 0 0 0 0 0 0 0 0 0 0 0 0 0 0 0 0 0 0 0 0 0 0 0 0 0 0 0 0 
0 0 0 0 0 0 0 0 0 0 0 0 0 0 0 0 0 0 0 0 0 0 7.47934e+08 9.07073e+09 6.85961e+10 3.42361e+11 1.27995e+12 3.76051e+12 8.84604e+12 1.69309e+13 2.67153e+13 3.50128e+13 3.83352e+13 0 0 0 0 0 0 0 0 0 0 0 0 0 0 0 0 0 0 0 0 0 0 0 0 0 0 0 0 0 0 0 0 
0 0 0 0 0 0 0 0 0 0 0 0 0 0 0 0 0 0 0 0 0 0 9.46454e+07 3.20026e+09 2.44341e+10 1.2434e+11 4.85336e+11 1.46328e+12 3.49359e+12 6.7859e+12 1.08123e+13 1.42543e+13 1.56385e+13 0 0 0 0 0 0 0 0 0 0 0 0 0 0 0 0 0 0 0 0 0 0 0 0 0 0 0 0 0 0 0 0 
0 0 0 0 0 0 0 0 0 0 0 0 0 0 0 0 0 0 0 0 0 0 1.33014e+08 1.0977e+09 7.96158e+09 4.51466e+10 1.85564e+11 5.66607e+11 1.3823e+12 2.72199e+12 4.36512e+12 5.79014e+12 6.35113e+12 0 0 0 0 0 0 0 0 0 0 0 0 0 0 0 0 0 0 0 0 0 0 0 0 0 0 0 0 0 0 0 0 
0 0 0 0 0 0 0 0 0 0 0 0 0 0 0 0 0 0 0 0 0 0 0 2.43262e+08 2.5807e+09 1.69634e+10 6.96428e+10 2.18974e+11 5.48397e+11 1.08704e+12 1.76694e+12 2.35181e+12 2.5865e+12 0 0 0 0 0 0 0 0 0 0 0 0 0 0 0 0 0 0 0 0 0 0 0 0 0 0 0 0 0 0 0 0 
0 0 0 0 0 0 0 0 0 0 0 0 0 0 0 0 0 0 0 0 0 0 0 2.6141e+07 1.00988e+09 6.08337e+09 2.54011e+10 8.56225e+10 2.16354e+11 4.35617e+11 7.16766e+11 9.55167e+11 1.05776e+12 0 0 0 0 0 0 0 0 0 0 0 0 0 0 0 0 0 0 0 0 0 0 0 0 0 0 0 0 0 0 0 0 
0 0 0 0 0 0 0 0 0 0 0 0 0 0 0 0 0 0 0 0 0 0 0 5.69238e+07 3.42047e+08 1.89582e+09 9.60468e+09 3.33237e+10 8.43614e+10 1.76129e+11 2.89057e+11 3.90675e+11 4.30444e+11 0 0 0 0 0 0 0 0 0 0 0 0 0 0 0 0 0 0 0 0 0 0 0 0 0 0 0 0 0 0 0 0 
0 0 0 0 0 0 0 0 0 0 0 0 0 0 0 0 0 0 0 0 0 0 0 0 6.62278e+07 6.60757e+08 3.77e+09 1.23209e+10 3.3339e+10 7.05471e+10 1.16236e+11 1.59963e+11 1.74677e+11 0 0 0 0 0 0 0 0 0 0 0 0 0 0 0 0 0 0 0 0 0 0 0 0 0 0 0 0 0 0 0 0 
0 0 0 0 0 0 0 0 0 0 0 0 0 0 0 0 0 0 0 0 0 0 0 0 5.81957e+06 2.87473e+08 1.29211e+09 4.52491e+09 1.34279e+10 2.75102e+10 4.75073e+10 6.4521e+10 7.16155e+10 0 0 0 0 0 0 0 0 0 0 0 0 0 0 0 0 0 0 0 0 0 0 0 0 0 0 0 0 0 0 0 0 
0 0 0 0 0 0 0 0 0 0 0 0 0 0 0 0 0 0 0 0 0 0 0 0 2.11514e+07 9.06277e+07 3.79926e+08 1.83849e+09 5.1192e+09 1.08068e+10 1.93967e+10 2.56809e+10 2.95469e+10 0 0 0 0 0 0 0 0 0 0 0 0 0 0 0 0 0 0 0 0 0 0 0 0 0 0 0 0 0 0 0 0 
0 0 0 0 0 0 0 0 0 0 0 0 0 0 0 0 0 0 0 0 0 0 0 0 0 1.46216e+07 1.54413e+08 7.28067e+08 1.81268e+09 4.46749e+09 7.5273e+09 1.05468e+10 1.17707e+10 0 0 0 0 0 0 0 0 0 0 0 0 0 0 0 0 0 0 0 0 0 0 0 0 0 0 0 0 0 0 0 0 
0 0 0 0 0 0 0 0 0 0 0 0 0 0 0 0 0 0 0 0 0 0 0 0 0 1.00237e+06 7.17931e+07 2.2189e+08 7.07477e+08 1.79113e+09 2.86641e+09 4.40092e+09 4.54602e+09 0 0 0 0 0 0 0 0 0 0 0 0 0 0 0 0 0 0 0 0 0 0 0 0 0 0 0 0 0 0 0 0 
0 0 0 0 0 0 0 0 0 0 0 0 0 0 0 0 0 0 0 0 0 0 0 0 0 6.73485e+06 1.96993e+07 6.38364e+07 3.13098e+08 6.25122e+08 1.19685e+09 1.70271e+09 1.86147e+09 0 0 0 0 0 0 0 0 0 0 0 0 0 0 0 0 0 0 0 0 0 0 0 0 0 0 0 0 0 0 0 0 
0 0 0 0 0 0 0 0 0 0 0 0 0 0 0 0 0 0 0 0 0 0 0 0 0 0 2.50547e+06 3.31625e+07 1.14746e+08 2.18985e+08 5.13427e+08 6.10114e+08 8.07247e+08 0 0 0 0 0 0 0 0 0 0 0 0 0 0 0 0 0 0 0 0 0 0 0 0 0 0 0 0 0 0 0 0 
0 0 0 0 0 0 0 0 0 0 0 0 0 0 0 0 0 0 0 0 0 0 0 0 0 0 124792 1.50912e+07 2.8722e+07 1.00049e+08 1.84341e+08 2.48692e+08 3.12091e+08 0 0 0 0 0 0 0 0 0 0 0 0 0 0 0 0 0 0 0 0 0 0 0 0 0 0 0 0 0 0 0 0 
0 0 0 0 0 0 0 0 0 0 0 0 0 0 0 0 0 0 0 0 0 0 0 0 0 0 1.80929e+06 3.34851e+06 9.37868e+06 4.48967e+07 5.60158e+07 1.16257e+08 1.00708e+08 0 0 0 0 0 0 0 0 0 0 0 0 0 0 0 0 0 0 0 0 0 0 0 0 0 0 0 0 0 0 0 0 
0 0 0 0 0 0 0 0 0 0 0 0 0 0 0 0 0 0 0 0 0 0 0 0 0 0 0 311531 6.37174e+06 1.34096e+07 2.3198e+07 4.50262e+07 3.79805e+07 0 0 0 0 0 0 0 0 0 0 0 0 0 0 0 0 0 0 0 0 0 0 0 0 0 0 0 0 0 0 0 0 
0 0 0 0 0 0 0 0 0 0 0 0 0 0 0 0 0 0 0 0 0 0 0 0 0 0 0 9963.24 2.52452e+06 2.54676e+06 1.26098e+07 1.22348e+07 1.98216e+07 0 0 0 0 0 0 0 0 0 0 0 0 0 0 0 0 0 0 0 0 0 0 0 0 0 0 0 0 0 0 0 0 
0 0 0 0 0 0 0 0 0 0 0 0 0 0 0 0 0 0 0 0 0 0 0 0 0 0 0 401776 415235 1.31758e+06 4.8033e+06 3.71013e+06 8.62427e+06 0 0 0 0 0 0 0 0 0 0 0 0 0 0 0 0 0 0 0 0 0 0 0 0 0 0 0 0 0 0 0 0 
0 0 0 0 0 0 0 0 0 0 0 0 0 0 0 0 0 0 0 0 0 0 0 0 0 0 0 0 24923.2 1.02255e+06 999115 2.39222e+06 2.27774e+06 0 0 0 0 0 0 0 0 0 0 0 0 0 0 0 0 0 0 0 0 0 0 0 0 0 0 0 0 0 0 0 0 
0 0 0 0 0 0 0 0 0 0 0 0 0 0 0 0 0 0 0 0 0 0 0 0 0 0 0 0 383.007 311329 138144 1.22848e+06 393371 0 0 0 0 0 0 0 0 0 0 0 0 0 0 0 0 0 0 0 0 0 0 0 0 0 0 0 0 0 0 0 0 
0 0 0 0 0 0 0 0 0 0 0 0 0 0 0 0 0 0 0 0 0 0 0 0 0 0 0 0 71734.5 33219.2 179525 309288 255416 0 0 0 0 0 0 0 0 0 0 0 0 0 0 0 0 0 0 0 0 0 0 0 0 0 0 0 0 0 0 0 0 
0 0 0 0 0 0 0 0 0 0 0 0 0 0 0 0 0 0 0 0 0 0 0 0 0 0 0 0 0 957.943 124470 37356.6 210759 0 0 0 0 0 0 0 0 0 0 0 0 0 0 0 0 0 0 0 0 0 0 0 0 0 0 0 0 0 0 0 0 
0 0 0 0 0 0 0 0 0 0 0 0 0 0 0 0 0 0 0 0 0 0 0 0 0 0 0 0 0 0 24907 3841.11 68242.2 0 0 0 0 0 0 0 0 0 0 0 0 0 0 0 0 0 0 0 0 0 0 0 0 0 0 0 0 0 0 0 0 
0 0 0 0 0 0 0 0 0 0 0 0 0 0 0 0 0 0 0 0 0 0 0 0 0 0 0 0 0 9894.41 1277.57 20752.5 7662.55 0 0 0 0 0 0 0 0 0 0 0 0 0 0 0 0 0 0 0 0 0 0 0 0 0 0 0 0 0 0 0 0 
0 0 0 0 0 0 0 0 0 0 0 0 0 0 0 0 0 0 0 0 0 0 0 0 0 0 0 0 0 0 0 9958.56 479.842 0 0 0 0 0 0 0 0 0 0 0 0 0 0 0 0 0 0 0 0 0 0 0 0 0 0 0 0 0 0 0 0 
0 0 0 0 0 0 0 0 0 0 0 0 0 0 0 0 0 0 0 0 0 0 0 0 0 0 0 0 0 0 0 957.91 0 0 0 0 0 0 0 0 0 0 0 0 0 0 0 0 0 0 0 0 0 0 0 0 0 0 0 0 0 0 0 0 0 
0 0 0 0 0 0 0 0 0 0 0 0 0 0 0 0 0 0 0 0 0 0 0 0 0 0 0 0 0 0 989.441 0 1660.1 0 0 0 0 0 0 0 0 0 0 0 0 0 0 0 0 0 0 0 0 0 0 0 0 0 0 0 0 0 0 0 0 
0 0 0 0 0 0 0 0 0 0 0 0 0 0 0 0 0 0 0 0 0 0 0 0 0 0 0 0 0 0 0 0 383.044 0 0 0 0 0 0 0 0 0 0 0 0 0 0 0 0 0 0 0 0 0 0 0 0 0 0 0 0 0 0 0 0 
0 0 0 0 0 0 0 0 0 0 0 0 0 0 0 0 0 0 0 0 0 0 0 0 0 0 0 0 0 0 0 0 0 0 0 0 0 0 0 0 0 0 0 0 0 0 0 0 0 0 0 0 0 0 0 0 0 0 0 0 0 0 0 0 0 
0 0 0 0 0 0 0 0 0 0 0 0 0 0 0 0 0 0 0 0 0 0 0 0 0 0 0 0 0 0 0 63.8349 0 0 0 0 0 0 0 0 0 0 0 0 0 0 0 0 0 0 0 0 0 0 0 0 0 0 0 0 0 0 0 0 0 
0 0 0 0 0 0 0 0 0 0 0 0 0 0 0 0 0 0 0 0 0 0 0 0 0 0 0 0 0 0 0 0 0 0 0 0 0 0 0 0 0 0 0 0 0 0 0 0 0 0 0 0 0 0 0 0 0 0 0 0 0 0 0 0 0 
0 0 0 0 0 0 0 0 0 0 0 0 0 0 0 0 0 0 0 0 0 0 0 0 0 0 0 0 0 0 0 0 0 0 0 0 0 0 0 0 0 0 0 0 0 0 0 0 0 0 0 0 0 0 0 0 0 0 0 0 0 0 0 0 0 
0 0 0 0 0 0 0 0 0 0 0 0 0 0 0 0 0 0 0 0 0 0 0 0 0 0 0 0 0 0 0 0 1.99484 0 0 0 0 0 0 0 0 0 0 0 0 0 0 0 0 0 0 0 0 0 0 0 0 0 0 0 0 0 0 0 0 
