1 0 0 0 0 0 0 0 0 0 0 0 0 0 0 0 0 0 0 0 0 0 0 0 0 0 0 0 0 0 0 0 0 0 0 0 0 0 0 0 0 0 0 0 0 0 0 0 0 0 0 0 0 0 0 0 0 0 0 0 0 0 0 0 1 
0 0 0 0 0 0 0 0 0 0 0 0 0 0 0 0 0 0 0 0 0 0 0 0 0 0 0 0 0 0 0 0 0 0 0 0 0 0 0 0 0 0 0 0 0 0 0 0 0 0 0 0 0 0 0 0 0 0 0 0 0 0 0 0 0 
0 0 0 0 0 0 0 0 0 0 0 0 0 0 0 0 0 0 0 0 0 0 0 0 0 0 0 0 0 0 0 0 0 0 0 0 0 0 0 0 0 0 0 0 0 0 0 0 0 0 0 0 0 0 0 0 0 0 0 0 0 0 0 0 0 
0 64 0 0 0 0 0 0 0 0 0 0 0 0 0 0 0 0 0 0 0 0 0 0 0 0 0 0 0 0 0 0 0 0 0 0 0 0 0 0 0 0 0 0 0 0 0 0 0 0 0 0 0 0 0 0 0 0 0 0 0 0 0 0 0 
0 0 0 0 0 0 0 0 0 0 0 0 0 0 0 0 0 0 0 0 0 0 0 0 0 0 0 0 0 0 0 0 0 0 0 0 0 0 0 0 0 0 0 0 0 0 0 0 0 0 0 0 0 0 0 0 0 0 0 0 0 0 0 0 0 
0 0 192 0 0 0 0 0 0 0 0 0 0 0 0 0 0 0 0 0 0 0 0 0 0 0 0 0 0 0 0 0 0 0 0 0 0 0 0 0 0 0 0 0 0 0 0 0 0 0 0 0 0 0 0 0 0 0 0 0 0 0 0 0 0 
0 0 1824 0 0 0 0 0 0 0 0 0 0 0 0 0 0 0 0 0 0 0 0 0 0 0 0 0 0 0 0 0 0 0 0 0 0 0 0 0 0 0 0 0 0 0 0 0 0 0 0 0 0 0 0 0 0 0 0 0 0 0 0 0 0 
0 0 0 960.152 0 0 0 0 0 0 0 0 0 0 0 0 0 0 0 0 0 0 0 0 0 0 0 0 0 0 0 0 0 0 0 0 0 0 0 0 0 0 0 0 0 0 0 0 0 0 0 0 0 0 0 0 0 0 0 0 0 0 0 0 0 
0 0 0 9983.7 240.038 0 0 0 0 0 0 0 0 0 0 0 0 0 0 0 0 0 0 0 0 0 0 0 0 0 0 0 0 0 0 0 0 0 0 0 0 0 0 0 0 0 0 0 0 0 0 0 0 0 0 0 0 0 0 0 0 0 0 0 0 
0 0 0 30720.2 5121.79 0 0 0 0 0 0 0 0 0 0 0 0 0 0 0 0 0 0 0 0 0 0 0 0 0 0 0 0 0 0 0 0 0 0 0 0 0 0 0 0 0 0 0 0 0 0 0 0 0 0 0 0 0 0 0 0 0 0 0 0 
0 0 0 0 59155.8 3841.47 0 0 0 0 0 0 0 0 0 0 0 0 0 0 0 0 0 0 0 0 0 0 0 0 0 0 0 0 0 0 0 0 0 0 0 0 0 0 0 0 0 0 0 0 0 0 0 0 0 0 0 0 0 0 0 0 0 0 0 
0 0 0 0 228435 38388 1921.01 0 0 0 0 0 0 0 0 0 0 0 0 0 0 0 0 0 0 0 0 0 0 0 0 0 0 0 0 0 0 0 0 0 0 0 0 0 0 0 0 0 0 0 0 0 0 0 0 0 0 0 0 0 0 0 0 0 0 
0 0 0 0 342424 342011 37115.9 1278.71 159.839 0 0 0 0 0 0 0 0 0 0 0 0 0 0 0 0 0 0 0 0 0 0 0 0 0 0 0 0 0 0 0 0 0 0 0 0 0 0 0 0 0 0 0 0 0 0 0 0 0 0 0 0 0 0 0 0 
0 0 0 0 0 1.50518e+06 335352 37446.4 0 0 0 0 0 0 0 0 0 0 0 0 0 0 0 0 0 0 0 0 0 0 0 0 0 0 0 0 0 0 0 0 0 0 0 0 0 0 0 0 0 0 0 0 0 0 0 0 0 0 0 0 0 0 0 0 0 
0 0 0 0 0 3.05229e+06 2.12034e+06 364758 46111.8 3829.53 0 0 0 0 0 0 0 0 0 0 0 0 0 0 0 0 0 0 0 0 0 0 0 0 0 0 0 0 0 0 0 0 0 0 0 0 0 0 0 0 0 0 0 0 0 0 0 0 0 0 0 0 0 0 0 
0 0 0 0 0 2.6828e+06 9.07845e+06 2.71036e+06 458786 42504.7 5746.87 0 0 0 0 0 0 0 0 0 0 0 0 0 0 0 0 0 0 0 0 0 0 0 0 0 0 0 0 0 0 0 0 0 0 0 0 0 0 0 0 0 0 0 0 0 0 0 0 0 0 0 0 0 0 
0 0 0 0 0 0 2.14056e+07 1.40857e+07 3.58187e+06 699080 80611.5 11484.4 1438.02 0 0 0 59.9623 0 0 0 0 0 0 0 0 0 0 0 0 0 0 0 11.9195 0 0 0 0 0 0 0 0 0 0 0 0 0 0 0 0 0 0 0 0 0 0 0 0 0 0 0 0 0 0 0 0 
0 0 0 0 0 0 2.66654e+07 5.33706e+07 2.0827e+07 5.24778e+06 1.09855e+06 160016 15327.3 5756.39 1918.18 959.396 0 0 0 0 0 0 0 0 0 0 0 0 0 0 0 0 0 0 0 0 0 0 0 0 0 0 0 0 0 0 0 0 0 0 0 0 0 0 0 0 0 0 0 0 0 0 0 0 0 
0 0 0 0 0 0 1.53302e+07 1.30865e+08 9.34207e+07 3.17978e+07 8.40368e+06 1.92848e+06 402058 49925.2 5277.29 0 0 1923.86 0 0 0 0 0 0 0 0 0 0 0 0 0 381.423 0 0 0 0 0 0 0 0 0 0 0 0 0 0 0 0 0 0 0 0 0 0 0 0 0 0 0 0 0 0 0 0 0 
0 0 0 0 0 0 0 1.92546e+08 3.12134e+08 1.55265e+08 5.32879e+07 1.54121e+07 3.69958e+06 865400 210713 54023.6 28909.5 956.335 3830.62 0 0 0 0 0 0 0 0 0 0 0 954.579 0 0 0 0 0 0 0 0 0 0 0 0 0 0 0 0 0 0 0 0 0 0 0 0 0 0 0 0 0 0 0 0 0 0 
0 0 0 0 0 0 0 1.61707e+08 7.40157e+08 5.98228e+08 2.62603e+08 9.32854e+07 3.03013e+07 8.46871e+06 2.15896e+06 604394 128987 53674.8 28013.6 11619.7 2888.85 0 0 0 480.231 0 0 0 961.544 3818.25 4957.47 0 11907.6 0 0 0 0 0 0 0 0 0 0 0 0 0 0 0 0 0 0 0 0 0 0 0 0 0 0 0 0 0 0 0 0 
0 0 0 0 0 0 0 6.55277e+07 1.16485e+09 1.78765e+09 1.0948e+09 4.75456e+08 1.78828e+08 6.29038e+07 1.99861e+07 5.97026e+06 1.9919e+06 816738 241994 135468 30991.7 23169.2 11529 7659.06 0 3825.37 5747.77 11512.9 15342.5 21000.9 0 28791.3 384.425 0 0 0 0 0 0 0 0 0 0 0 0 0 0 0 0 0 0 0 0 0 0 0 0 0 0 0 0 0 0 0 0 
0 0 0 0 0 0 0 0 1.17052e+09 3.96965e+09 3.681e+09 2.02101e+09 9.05289e+08 3.67789e+08 1.41563e+08 5.12923e+07 1.80281e+07 6.20027e+06 2.7568e+06 1.14082e+06 739700 260625 123128 78686.3 92039.7 86295.1 76623.7 74887.8 92910.3 61278.3 111404 151795 68072 0 0 0 0 0 0 0 0 0 0 0 0 0 0 0 0 0 0 0 0 0 0 0 0 0 0 0 0 0 0 0 0 
0 0 0 0 0 0 0 0 7.06681e+08 6.29189e+09 9.82727e+09 7.2401e+09 3.87671e+09 1.82422e+09 8.03184e+08 3.36754e+08 1.35252e+08 5.44656e+07 2.26464e+07 1.04215e+07 4.7674e+06 2.88373e+06 1.74202e+06 1.06865e+06 721487 468212 530722 529171 489647 433658 685449 267245 704423 0 0 0 0 0 0 0 0 0 0 0 0 0 0 0 0 0 0 0 0 0 0 0 0 0 0 0 0 0 0 0 0 
0 0 0 0 0 0 0 0 2.13498e+08 6.86613e+09 2.02428e+10 2.1459e+10 1.42964e+10 7.75773e+09 3.86339e+09 1.83548e+09 8.48315e+08 3.83042e+08 1.70783e+08 7.91399e+07 3.98789e+07 2.17968e+07 1.208e+07 7.69345e+06 5.12507e+06 4.60563e+06 3.51751e+06 3.12566e+06 2.57118e+06 3.37701e+06 2.34547e+06 2.95975e+06 2.93078e+06 0 0 0 0 0 0 0 0 0 0 0 0 0 0 0 0 0 0 0 0 0 0 0 0 0 0 0 0 0 0 0 0 
0 0 0 0 0 0 0 0 0 5.01306e+09 3.1144e+10 5.13263e+10 4.4745e+10 2.88412e+10 1.62351e+10 8.60572e+09 4.392e+09 2.20263e+09 1.0996e+09 5.52552e+08 2.85691e+08 1.53294e+08 9.28134e+07 5.82837e+07 4.03073e+07 2.7575e+07 2.15451e+07 1.75783e+07 1.75925e+07 1.49046e+07 1.38859e+07 1.53314e+07 1.21999e+07 0 0 0 0 0 0 0 0 0 0 0 0 0 0 0 0 0 0 0 0 0 0 0 0 0 0 0 0 0 0 0 0 
0 0 0 0 0 0 0 0 0 2.28202e+09 3.49775e+10 9.73381e+10 1.17144e+11 9.27714e+10 5.98704e+10 3.51812e+10 1.98535e+10 1.09313e+10 5.95778e+09 3.24716e+09 1.79339e+09 1.0246e+09 6.00658e+08 3.77595e+08 2.50622e+08 1.7897e+08 1.38447e+08 1.13578e+08 9.51909e+07 8.0193e+07 8.27476e+07 7.27433e+07 7.77687e+07 0 0 0 0 0 0 0 0 0 0 0 0 0 0 0 0 0 0 0 0 0 0 0 0 0 0 0 0 0 0 0 0 
0 0 0 0 0 0 0 0 0 5.38895e+08 2.79969e+10 1.42709e+11 2.52045e+11 2.55578e+11 1.94335e+11 1.28301e+11 7.92389e+10 4.74921e+10 2.80098e+10 1.64983e+10 9.79094e+09 5.8821e+09 3.65371e+09 2.35628e+09 1.58441e+09 1.12618e+09 8.36747e+08 6.6097e+08 5.38856e+08 4.92117e+08 4.33079e+08 4.13412e+08 4.04984e+08 0 0 0 0 0 0 0 0 0 0 0 0 0 0 0 0 0 0 0 0 0 0 0 0 0 0 0 0 0 0 0 0 
0 0 0 0 0 0 0 0 0 0 1.55603e+10 1.59011e+11 4.37675e+11 5.94094e+11 5.49689e+11 4.14466e+11 2.82615e+11 1.8349e+11 1.16609e+11 7.35631e+10 4.65076e+10 2.97563e+10 1.94043e+10 1.30115e+10 9.01871e+09 6.48655e+09 4.88453e+09 3.83076e+09 3.19131e+09 2.72877e+09 2.45715e+09 2.33456e+09 2.29495e+09 0 0 0 0 0 0 0 0 0 0 0 0 0 0 0 0 0 0 0 0 0 0 0 0 0 0 0 0 0 0 0 0 
0 0 0 0 0 0 0 0 0 0 5.55249e+09 1.32689e+11 6.04448e+11 1.15006e+12 1.33847e+12 1.18401e+12 9.01959e+11 6.37766e+11 4.35587e+11 2.93152e+11 1.96625e+11 1.32868e+11 9.10729e+10 6.366e+10 4.57109e+10 3.39034e+10 2.60647e+10 2.082e+10 1.72697e+10 1.49334e+10 1.35373e+10 1.26664e+10 1.24133e+10 0 0 0 0 0 0 0 0 0 0 0 0 0 0 0 0 0 0 0 0 0 0 0 0 0 0 0 0 0 0 0 0 
0 0 0 0 0 0 0 0 0 0 1.07077e+09 8.13824e+10 6.53752e+11 1.82624e+12 2.77262e+12 2.9537e+12 2.57064e+12 1.99957e+12 1.47068e+12 1.05379e+12 7.48663e+11 5.32176e+11 3.81905e+11 2.78775e+11 2.07564e+11 1.58646e+11 1.25044e+11 1.01771e+11 8.58782e+10 7.52607e+10 6.83546e+10 6.4488e+10 6.33053e+10 0 0 0 0 0 0 0 0 0 0 0 0 0 0 0 0 0 0 0 0 0 0 0 0 0 0 0 0 0 0 0 0 
0 0 0 0 0 0 0 0 0 0 0 3.57811e+10 5.49042e+11 2.35359e+12 4.82793e+12 6.37426e+12 6.46832e+12 5.63532e+12 4.5034e+12 3.4477e+12 2.58782e+12 1.93264e+12 1.45035e+12 1.10077e+12 8.49805e+11 6.69085e+11 5.41144e+11 4.49638e+11 3.86248e+11 3.42076e+11 3.12995e+11 2.97409e+11 2.9223e+11 0 0 0 0 0 0 0 0 0 0 0 0 0 0 0 0 0 0 0 0 0 0 0 0 0 0 0 0 0 0 0 0 
0 0 0 0 0 0 0 0 0 0 0 1.03436e+10 3.54078e+11 2.43663e+12 7.00089e+12 1.1779e+13 1.42719e+13 1.41514e+13 1.24648e+13 1.02642e+13 8.17421e+12 6.41708e+12 5.02374e+12 3.96072e+12 3.16073e+12 2.56555e+12 2.12565e+12 1.80524e+12 1.57362e+12 1.41257e+12 1.3084e+12 1.24571e+12 1.22795e+12 0 0 0 0 0 0 0 0 0 0 0 0 0 0 0 0 0 0 0 0 0 0 0 0 0 0 0 0 0 0 0 0 
0 0 0 0 0 0 0 0 0 0 0 1.70856e+09 1.72656e+11 2.0128e+12 8.37058e+12 1.8476e+13 2.73412e+13 3.14726e+13 3.0994e+13 2.77907e+13 2.36244e+13 1.95482e+13 1.59933e+13 1.30823e+13 1.07799e+13 9.00125e+12 7.64187e+12 6.62551e+12 5.8731e+12 5.33723e+12 4.97925e+12 4.77812e+12 4.70709e+12 0 0 0 0 0 0 0 0 0 0 0 0 0 0 0 0 0 0 0 0 0 0 0 0 0 0 0 0 0 0 0 0 
0 0 0 0 0 0 0 0 0 0 0 0 6.20888e+10 1.31994e+12 8.21068e+12 2.44048e+13 4.51288e+13 6.14334e+13 6.87479e+13 6.79241e+13 6.22169e+13 5.45611e+13 4.68074e+13 3.9829e+13 3.3936e+13 2.91259e+13 2.53264e+13 2.23899e+13 2.01625e+13 1.85569e+13 1.74543e+13 1.68315e+13 1.66248e+13 0 0 0 0 0 0 0 0 0 0 0 0 0 0 0 0 0 0 0 0 0 0 0 0 0 0 0 0 0 0 0 0 
0 0 0 0 0 0 0 0 0 0 0 0 1.50039e+10 6.80869e+11 6.56831e+12 2.69757e+13 6.37419e+13 1.04588e+14 1.34964e+14 1.48908e+14 1.48571e+14 1.39311e+14 1.2597e+14 1.1188e+14 9.86506e+13 8.71645e+13 7.76467e+13 7.00012e+13 6.40447e+13 5.9656e+13 5.66665e+13 5.48624e+13 5.42747e+13 0 0 0 0 0 0 0 0 0 0 0 0 0 0 0 0 0 0 0 0 0 0 0 0 0 0 0 0 0 0 0 0 
0 0 0 0 0 0 0 0 0 0 0 0 2.24423e+09 2.72883e+11 4.28053e+12 2.48663e+13 7.66077e+13 1.54279e+14 2.33261e+14 2.91212e+14 3.20021e+14 3.23706e+14 3.10628e+14 2.89222e+14 2.65111e+14 2.418e+14 2.20775e+14 2.03172e+14 1.88966e+14 1.7816e+14 1.70544e+14 1.6596e+14 1.64622e+14 0 0 0 0 0 0 0 0 0 0 0 0 0 0 0 0 0 0 0 0 0 0 0 0 0 0 0 0 0 0 0 0 
0 0 0 0 0 0 0 0 0 0 0 0 0 8.27591e+10 2.26346e+12 1.90683e+13 7.80307e+13 1.96138e+14 3.52812e+14 5.04822e+14 6.17751e+14 6.80382e+14 6.98958e+14 6.8651e+14 6.57049e+14 6.20129e+14 5.8229e+14 5.47305e+14 5.18113e+14 4.9481e+14 4.7779e+14 4.67992e+14 4.64566e+14 0 0 0 0 0 0 0 0 0 0 0 0 0 0 0 0 0 0 0 0 0 0 0 0 0 0 0 0 0 0 0 0 
0 0 0 0 0 0 0 0 0 0 0 0 0 1.72775e+10 9.64479e+11 1.2152e+13 6.72425e+13 2.14193e+14 4.65167e+14 7.72205e+14 1.06382e+15 1.28753e+15 1.42692e+15 1.48952e+15 1.49569e+15 1.46655e+15 1.42041e+15 1.36858e+15 1.31965e+15 1.27777e+15 1.24746e+15 1.22847e+15 1.22131e+15 0 0 0 0 0 0 0 0 0 0 0 0 0 0 0 0 0 0 0 0 0 0 0 0 0 0 0 0 0 0 0 0 
0 0 0 0 0 0 0 0 0 0 0 0 0 2.51672e+09 3.27528e+11 6.44123e+12 4.89856e+13 2.00554e+14 5.32075e+14 1.03766e+15 1.62616e+15 2.1836e+15 2.62947e+15 2.93616e+15 3.11315e+15 3.18883e+15 3.19652e+15 3.16621e+15 3.11577e+15 3.06561e+15 3.02358e+15 2.99592e+15 2.98709e+15 0 0 0 0 0 0 0 0 0 0 0 0 0 0 0 0 0 0 0 0 0 0 0 0 0 0 0 0 0 0 0 0 
0 0 0 0 0 0 0 0 0 0 0 0 0 0 8.6572e+10 2.83342e+12 3.02279e+13 1.60917e+14 5.27644e+14 1.22158e+15 2.20038e+15 3.30564e+15 4.35988e+15 5.24139e+15 5.89836e+15 6.33841e+15 6.60528e+15 6.74236e+15 6.79705e+15 6.80811e+15 6.79375e+15 6.77761e+15 6.77363e+15 0 0 0 0 0 0 0 0 0 0 0 0 0 0 0 0 0 0 0 0 0 0 0 0 0 0 0 0 0 0 0 0 
0 0 0 0 0 0 0 0 0 0 0 0 0 0 1.61942e+10 1.02782e+12 1.58117e+13 1.10819e+14 4.53263e+14 1.25751e+15 2.62504e+15 4.45168e+15 6.48012e+15 8.43868e+15 1.01363e+16 1.14882e+16 1.24884e+16 1.3182e+16 1.36413e+16 1.39236e+16 1.40886e+16 1.41777e+16 1.41993e+16 0 0 0 0 0 0 0 0 0 0 0 0 0 0 0 0 0 0 0 0 0 0 0 0 0 0 0 0 0 0 0 0 
0 0 0 0 0 0 0 0 0 0 0 0 0 0 2.50753e+09 3.05496e+11 7.02505e+12 6.56177e+13 3.37763e+14 1.13167e+15 2.76088e+15 5.32023e+15 8.60718e+15 1.22216e+16 1.57558e+16 1.89137e+16 2.15329e+16 2.35829e+16 2.51074e+16 2.6178e+16 2.68881e+16 2.72721e+16 2.7392e+16 0 0 0 0 0 0 0 0 0 0 0 0 0 0 0 0 0 0 0 0 0 0 0 0 0 0 0 0 0 0 0 0 
0 0 0 0 0 0 0 0 0 0 0 0 0 0 0 7.30152e+10 2.6488e+12 3.35257e+13 2.18858e+14 8.90906e+14 2.55652e+15 5.6377e+15 1.01968e+16 1.58747e+16 2.20737e+16 2.8185e+16 3.37352e+16 3.84615e+16 4.22298e+16 4.50828e+16 4.7027e+16 4.81637e+16 4.8542e+16 0 0 0 0 0 0 0 0 0 0 0 0 0 0 0 0 0 0 0 0 0 0 0 0 0 0 0 0 0 0 0 0 
0 0 0 0 0 0 0 0 0 0 0 0 0 0 0 1.27883e+10 8.44852e+11 1.4833e+13 1.23742e+14 6.15675e+14 2.08763e+15 5.29646e+15 1.07615e+16 1.84693e+16 2.78376e+16 3.79577e+16 4.79441e+16 5.70292e+16 6.47902e+16 7.08522e+16 7.52146e+16 7.7839e+16 7.87152e+16 0 0 0 0 0 0 0 0 0 0 0 0 0 0 0 0 0 0 0 0 0 0 0 0 0 0 0 0 0 0 0 0 
0 0 0 0 0 0 0 0 0 0 0 0 0 0 0 2.30056e+09 2.2792e+11 5.69515e+12 6.1285e+13 3.74333e+14 1.50628e+15 4.41325e+15 1.01292e+16 1.92356e+16 3.15364e+16 4.61099e+16 6.16246e+16 7.67665e+16 9.0324e+16 1.01528e+17 1.09795e+17 1.14864e+17 1.16554e+17 0 0 0 0 0 0 0 0 0 0 0 0 0 0 0 0 0 0 0 0 0 0 0 0 0 0 0 0 0 0 0 0 
0 0 0 0 0 0 0 0 0 0 0 0 0 0 0 0 5.15772e+10 1.90201e+12 2.67392e+13 2.01344e+14 9.64409e+14 3.27313e+15 8.50701e+15 1.79382e+16 3.21079e+16 5.05048e+16 7.16707e+16 9.36304e+16 1.14396e+17 1.32315e+17 1.45964e+17 1.5445e+17 1.57372e+17 0 0 0 0 0 0 0 0 0 0 0 0 0 0 0 0 0 0 0 0 0 0 0 0 0 0 0 0 0 0 0 0 
0 0 0 0 0 0 0 0 0 0 0 0 0 0 0 0 8.84317e+09 5.5306e+11 1.03168e+13 9.62195e+13 5.49642e+14 2.16554e+15 6.38767e+15 1.50048e+16 2.94006e+16 4.98582e+16 7.52767e+16 1.03446e+17 1.31527e+17 1.56684e+17 1.76472e+17 1.89124e+17 1.93425e+17 0 0 0 0 0 0 0 0 0 0 0 0 0 0 0 0 0 0 0 0 0 0 0 0 0 0 0 0 0 0 0 0 
0 0 0 0 0 0 0 0 0 0 0 0 0 0 0 0 1.97901e+09 1.41365e+11 3.54392e+12 4.11536e+13 2.80712e+14 1.28454e+15 4.3066e+15 1.12804e+16 2.42479e+16 4.44365e+16 7.1529e+16 1.03519e+17 1.37182e+17 1.68515e+17 1.94066e+17 2.10546e+17 2.16301e+17 0 0 0 0 0 0 0 0 0 0 0 0 0 0 0 0 0 0 0 0 0 0 0 0 0 0 0 0 0 0 0 0 
0 0 0 0 0 0 0 0 0 0 0 0 0 0 0 0 0 3.19903e+10 1.0872e+12 1.583e+13 1.29102e+14 6.8685e+14 2.61814e+15 7.65045e+15 1.80562e+16 3.58e+16 6.1543e+16 9.39731e+16 1.29862e+17 1.64812e+17 1.93961e+17 2.13402e+17 2.20161e+17 0 0 0 0 0 0 0 0 0 0 0 0 0 0 0 0 0 0 0 0 0 0 0 0 0 0 0 0 0 0 0 0 
0 0 0 0 0 0 0 0 0 0 0 0 0 0 0 0 0 5.51425e+09 3.00022e+11 5.51868e+12 5.39457e+13 3.3304e+14 1.44121e+15 4.70258e+15 1.21874e+16 2.61639e+16 4.80726e+16 7.75019e+16 1.11828e+17 1.46644e+17 1.76614e+17 1.96939e+17 2.04095e+17 0 0 0 0 0 0 0 0 0 0 0 0 0 0 0 0 0 0 0 0 0 0 0 0 0 0 0 0 0 0 0 0 
0 0 0 0 0 0 0 0 0 0 0 0 0 0 0 0 0 1.59368e+09 7.67068e+10 1.76108e+12 2.05947e+13 1.47412e+14 7.24322e+14 2.63202e+15 7.48989e+15 1.74118e+16 3.41843e+16 5.82139e+16 8.77592e+16 1.19003e+17 1.46732e+17 1.65844e+17 1.72699e+17 0 0 0 0 0 0 0 0 0 0 0 0 0 0 0 0 0 0 0 0 0 0 0 0 0 0 0 0 0 0 0 0 
0 0 0 0 0 0 0 0 0 0 0 0 0 0 0 0 0 0 1.81012e+10 5.17238e+11 7.24636e+12 6.0078e+13 3.34002e+14 1.35065e+15 4.21239e+15 1.05921e+16 2.22236e+16 3.99831e+16 6.29846e+16 8.82629e+16 1.11484e+17 1.27824e+17 1.33715e+17 0 0 0 0 0 0 0 0 0 0 0 0 0 0 0 0 0 0 0 0 0 0 0 0 0 0 0 0 0 0 0 0 
0 0 0 0 0 0 0 0 0 0 0 0 0 0 0 0 0 0 3.13455e+09 1.42015e+11 2.37627e+12 2.27445e+13 1.42528e+14 6.39513e+14 2.18274e+15 5.92888e+15 1.32799e+16 2.52162e+16 4.14917e+16 6.0146e+16 7.77407e+16 9.03486e+16 9.49758e+16 0 0 0 0 0 0 0 0 0 0 0 0 0 0 0 0 0 0 0 0 0 0 0 0 0 0 0 0 0 0 0 0 
0 0 0 0 0 0 0 0 0 0 0 0 0 0 0 0 0 0 1.18703e+09 3.81546e+10 7.35911e+11 8.04984e+12 5.67791e+13 2.81726e+14 1.0484e+15 3.07016e+15 7.3294e+15 1.46754e+16 2.52087e+16 3.77603e+16 4.99597e+16 5.89294e+16 6.21885e+16 0 0 0 0 0 0 0 0 0 0 0 0 0 0 0 0 0 0 0 0 0 0 0 0 0 0 0 0 0 0 0 0 
0 0 0 0 0 0 0 0 0 0 0 0 0 0 0 0 0 0 0 9.50346e+09 2.15665e+11 2.70022e+12 2.13009e+13 1.16382e+14 4.70646e+14 1.48116e+15 3.75952e+15 7.93019e+15 1.41993e+16 2.19659e+16 2.97408e+16 3.55423e+16 3.77123e+16 0 0 0 0 0 0 0 0 0 0 0 0 0 0 0 0 0 0 0 0 0 0 0 0 0 0 0 0 0 0 0 0 
0 0 0 0 0 0 0 0 0 0 0 0 0 0 0 0 0 0 0 1.60481e+09 6.13273e+10 8.71091e+11 7.60245e+12 4.5458e+13 1.99165e+14 6.71019e+14 1.80865e+15 4.00638e+15 7.46441e+15 1.19128e+16 1.64887e+16 1.99716e+16 2.1268e+16 0 0 0 0 0 0 0 0 0 0 0 0 0 0 0 0 0 0 0 0 0 0 0 0 0 0 0 0 0 0 0 0 
0 0 0 0 0 0 0 0 0 0 0 0 0 0 0 0 0 0 0 8.06775e+08 1.78132e+10 2.72973e+11 2.60473e+12 1.69678e+13 8.01011e+13 2.88011e+14 8.20306e+14 1.90382e+15 3.68747e+15 6.06129e+15 8.56524e+15 1.0507e+16 1.12444e+16 0 0 0 0 0 0 0 0 0 0 0 0 0 0 0 0 0 0 0 0 0 0 0 0 0 0 0 0 0 0 0 0 
0 0 0 0 0 0 0 0 0 0 0 0 0 0 0 0 0 0 0 0 4.57475e+09 8.18993e+10 8.692e+11 6.1142e+12 3.08959e+13 1.17971e+14 3.53894e+14 8.59129e+14 1.72448e+15 2.91599e+15 4.20565e+15 5.22008e+15 5.60476e+15 0 0 0 0 0 0 0 0 0 0 0 0 0 0 0 0 0 0 0 0 0 0 0 0 0 0 0 0 0 0 0 0 
0 0 0 0 0 0 0 0 0 0 0 0 0 0 0 0 0 0 0 0 7.25501e+08 2.47116e+10 2.8719e+11 2.14879e+12 1.15291e+13 4.6562e+13 1.46486e+14 3.70344e+14 7.69413e+14 1.3355e+15 1.9623e+15 2.46245e+15 2.6563e+15 0 0 0 0 0 0 0 0 0 0 0 0 0 0 0 0 0 0 0 0 0 0 0 0 0 0 0 0 0 0 0 0 
0 0 0 0 0 0 0 0 0 0 0 0 0 0 0 0 0 0 0 0 4.95549e+08 7.75059e+09 9.27945e+10 7.40006e+11 4.20929e+12 1.78615e+13 5.87115e+13 1.54081e+14 3.30039e+14 5.86949e+14 8.7728e+14 1.11329e+15 1.20517e+15 0 0 0 0 0 0 0 0 0 0 0 0 0 0 0 0 0 0 0 0 0 0 0 0 0 0 0 0 0 0 0 0 
0 0 0 0 0 0 0 0 0 0 0 0 0 0 0 0 0 0 0 0 0 1.97455e+09 2.85979e+10 2.53974e+11 1.51962e+12 6.71697e+12 2.29456e+13 6.2277e+13 1.37219e+14 2.4936e+14 3.79179e+14 4.85441e+14 5.26793e+14 0 0 0 0 0 0 0 0 0 0 0 0 0 0 0 0 0 0 0 0 0 0 0 0 0 0 0 0 0 0 0 0 
0 0 0 0 0 0 0 0 0 0 0 0 0 0 0 0 0 0 0 0 0 2.8415e+08 9.26417e+09 8.75737e+10 5.42457e+11 2.49507e+12 8.83542e+12 2.46951e+13 5.57107e+13 1.03437e+14 1.5934e+14 2.05884e+14 2.24025e+14 0 0 0 0 0 0 0 0 0 0 0 0 0 0 0 0 0 0 0 0 0 0 0 0 0 0 0 0 0 0 0 0 
0 0 0 0 0 0 0 0 0 0 0 0 0 0 0 0 0 0 0 0 0 2.72431e+08 3.08126e+09 2.88111e+10 1.91345e+11 9.25075e+11 3.37139e+12 9.66312e+12 2.22962e+13 4.20373e+13 6.56487e+13 8.55071e+13 9.32945e+13 0 0 0 0 0 0 0 0 0 0 0 0 0 0 0 0 0 0 0 0 0 0 0 0 0 0 0 0 0 0 0 0 
0 0 0 0 0 0 0 0 0 0 0 0 0 0 0 0 0 0 0 0 0 0 7.48383e+08 9.0686e+09 6.85994e+10 3.42342e+11 1.27915e+12 3.76137e+12 8.84758e+12 1.69257e+13 2.67462e+13 3.50361e+13 3.83446e+13 0 0 0 0 0 0 0 0 0 0 0 0 0 0 0 0 0 0 0 0 0 0 0 0 0 0 0 0 0 0 0 0 
0 0 0 0 0 0 0 0 0 0 0 0 0 0 0 0 0 0 0 0 0 0 9.45776e+07 3.19895e+09 2.44702e+10 1.24382e+11 4.85273e+11 1.46342e+12 3.49386e+12 6.78781e+12 1.08062e+13 1.42679e+13 1.56335e+13 0 0 0 0 0 0 0 0 0 0 0 0 0 0 0 0 0 0 0 0 0 0 0 0 0 0 0 0 0 0 0 0 
0 0 0 0 0 0 0 0 0 0 0 0 0 0 0 0 0 0 0 0 0 0 1.32794e+08 1.0975e+09 7.97056e+09 4.51519e+10 1.85316e+11 5.67039e+11 1.38245e+12 2.72009e+12 4.36245e+12 5.79236e+12 6.3555e+12 0 0 0 0 0 0 0 0 0 0 0 0 0 0 0 0 0 0 0 0 0 0 0 0 0 0 0 0 0 0 0 0 
0 0 0 0 0 0 0 0 0 0 0 0 0 0 0 0 0 0 0 0 0 0 0 2.43451e+08 2.57931e+09 1.69655e+10 6.96277e+10 2.18955e+11 5.48825e+11 1.08814e+12 1.76669e+12 2.35096e+12 2.58768e+12 0 0 0 0 0 0 0 0 0 0 0 0 0 0 0 0 0 0 0 0 0 0 0 0 0 0 0 0 0 0 0 0 
0 0 0 0 0 0 0 0 0 0 0 0 0 0 0 0 0 0 0 0 0 0 0 2.61345e+07 1.01033e+09 6.09034e+09 2.54177e+10 8.55426e+10 2.16439e+11 4.35681e+11 7.17134e+11 9.54454e+11 1.0576e+12 0 0 0 0 0 0 0 0 0 0 0 0 0 0 0 0 0 0 0 0 0 0 0 0 0 0 0 0 0 0 0 0 
0 0 0 0 0 0 0 0 0 0 0 0 0 0 0 0 0 0 0 0 0 0 0 5.68176e+07 3.42104e+08 1.89816e+09 9.59796e+09 3.3317e+10 8.43773e+10 1.75962e+11 2.89337e+11 3.90572e+11 4.30313e+11 0 0 0 0 0 0 0 0 0 0 0 0 0 0 0 0 0 0 0 0 0 0 0 0 0 0 0 0 0 0 0 0 
0 0 0 0 0 0 0 0 0 0 0 0 0 0 0 0 0 0 0 0 0 0 0 0 6.6292e+07 6.6045e+08 3.77425e+09 1.23222e+10 3.33324e+10 7.06244e+10 1.16404e+11 1.60041e+11 1.74559e+11 0 0 0 0 0 0 0 0 0 0 0 0 0 0 0 0 0 0 0 0 0 0 0 0 0 0 0 0 0 0 0 0 
0 0 0 0 0 0 0 0 0 0 0 0 0 0 0 0 0 0 0 0 0 0 0 0 5.81753e+06 2.87535e+08 1.2934e+09 4.52264e+09 1.34146e+10 2.75391e+10 4.75048e+10 6.45127e+10 7.16074e+10 0 0 0 0 0 0 0 0 0 0 0 0 0 0 0 0 0 0 0 0 0 0 0 0 0 0 0 0 0 0 0 0 
0 0 0 0 0 0 0 0 0 0 0 0 0 0 0 0 0 0 0 0 0 0 0 0 2.11117e+07 9.06524e+07 3.80329e+08 1.83774e+09 5.12023e+09 1.08051e+10 1.93967e+10 2.57142e+10 2.95697e+10 0 0 0 0 0 0 0 0 0 0 0 0 0 0 0 0 0 0 0 0 0 0 0 0 0 0 0 0 0 0 0 0 
0 0 0 0 0 0 0 0 0 0 0 0 0 0 0 0 0 0 0 0 0 0 0 0 0 1.46331e+07 1.54277e+08 7.28175e+08 1.81251e+09 4.46709e+09 7.52561e+09 1.05551e+10 1.17684e+10 0 0 0 0 0 0 0 0 0 0 0 0 0 0 0 0 0 0 0 0 0 0 0 0 0 0 0 0 0 0 0 0 
0 0 0 0 0 0 0 0 0 0 0 0 0 0 0 0 0 0 0 0 0 0 0 0 0 1.00069e+06 7.18274e+07 2.22134e+08 7.0744e+08 1.79015e+09 2.86834e+09 4.40293e+09 4.54878e+09 0 0 0 0 0 0 0 0 0 0 0 0 0 0 0 0 0 0 0 0 0 0 0 0 0 0 0 0 0 0 0 0 
0 0 0 0 0 0 0 0 0 0 0 0 0 0 0 0 0 0 0 0 0 0 0 0 0 6.72335e+06 1.97022e+07 6.38391e+07 3.13167e+08 6.25231e+08 1.19598e+09 1.70243e+09 1.86262e+09 0 0 0 0 0 0 0 0 0 0 0 0 0 0 0 0 0 0 0 0 0 0 0 0 0 0 0 0 0 0 0 0 
0 0 0 0 0 0 0 0 0 0 0 0 0 0 0 0 0 0 0 0 0 0 0 0 0 0 2.5063e+06 3.31581e+07 1.14811e+08 2.18985e+08 5.13029e+08 6.09595e+08 8.08127e+08 0 0 0 0 0 0 0 0 0 0 0 0 0 0 0 0 0 0 0 0 0 0 0 0 0 0 0 0 0 0 0 0 
0 0 0 0 0 0 0 0 0 0 0 0 0 0 0 0 0 0 0 0 0 0 0 0 0 0 124644 1.50937e+07 2.87318e+07 1.001e+08 1.84237e+08 2.48749e+08 3.12052e+08 0 0 0 0 0 0 0 0 0 0 0 0 0 0 0 0 0 0 0 0 0 0 0 0 0 0 0 0 0 0 0 0 
0 0 0 0 0 0 0 0 0 0 0 0 0 0 0 0 0 0 0 0 0 0 0 0 0 0 1.80614e+06 3.34871e+06 9.37105e+06 4.49362e+07 5.60077e+07 1.16257e+08 1.00606e+08 0 0 0 0 0 0 0 0 0 0 0 0 0 0 0 0 0 0 0 0 0 0 0 0 0 0 0 0 0 0 0 0 
0 0 0 0 0 0 0 0 0 0 0 0 0 0 0 0 0 0 0 0 0 0 0 0 0 0 0 311529 6.37184e+06 1.34137e+07 2.31966e+07 4.50053e+07 3.79864e+07 0 0 0 0 0 0 0 0 0 0 0 0 0 0 0 0 0 0 0 0 0 0 0 0 0 0 0 0 0 0 0 0 
0 0 0 0 0 0 0 0 0 0 0 0 0 0 0 0 0 0 0 0 0 0 0 0 0 0 0 9951.72 2.52467e+06 2.54508e+06 1.26256e+07 1.22306e+07 1.98087e+07 0 0 0 0 0 0 0 0 0 0 0 0 0 0 0 0 0 0 0 0 0 0 0 0 0 0 0 0 0 0 0 0 
0 0 0 0 0 0 0 0 0 0 0 0 0 0 0 0 0 0 0 0 0 0 0 0 0 0 0 401070 415206 1.31674e+06 4.80519e+06 3.71812e+06 8.6239e+06 0 0 0 0 0 0 0 0 0 0 0 0 0 0 0 0 0 0 0 0 0 0 0 0 0 0 0 0 0 0 0 0 
0 0 0 0 0 0 0 0 0 0 0 0 0 0 0 0 0 0 0 0 0 0 0 0 0 0 0 0 24920.6 1.02266e+06 999387 2.39278e+06 2.27767e+06 0 0 0 0 0 0 0 0 0 0 0 0 0 0 0 0 0 0 0 0 0 0 0 0 0 0 0 0 0 0 0 0 
0 0 0 0 0 0 0 0 0 0 0 0 0 0 0 0 0 0 0 0 0 0 0 0 0 0 0 0 384.496 311320 138155 1.22944e+06 394254 0 0 0 0 0 0 0 0 0 0 0 0 0 0 0 0 0 0 0 0 0 0 0 0 0 0 0 0 0 0 0 0 
0 0 0 0 0 0 0 0 0 0 0 0 0 0 0 0 0 0 0 0 0 0 0 0 0 0 0 0 71606.7 33215.3 179221 309467 255795 0 0 0 0 0 0 0 0 0 0 0 0 0 0 0 0 0 0 0 0 0 0 0 0 0 0 0 0 0 0 0 0 
0 0 0 0 0 0 0 0 0 0 0 0 0 0 0 0 0 0 0 0 0 0 0 0 0 0 0 0 0 957.63 124465 37385.8 210808 0 0 0 0 0 0 0 0 0 0 0 0 0 0 0 0 0 0 0 0 0 0 0 0 0 0 0 0 0 0 0 0 
0 0 0 0 0 0 0 0 0 0 0 0 0 0 0 0 0 0 0 0 0 0 0 0 0 0 0 0 0 0 24904.3 3823.33 68236.2 0 0 0 0 0 0 0 0 0 0 0 0 0 0 0 0 0 0 0 0 0 0 0 0 0 0 0 0 0 0 0 0 
0 0 0 0 0 0 0 0 0 0 0 0 0 0 0 0 0 0 0 0 0 0 0 0 0 0 0 0 0 9876.78 1277.33 20739.9 7677.05 0 0 0 0 0 0 0 0 0 0 0 0 0 0 0 0 0 0 0 0 0 0 0 0 0 0 0 0 0 0 0 0 
0 0 0 0 0 0 0 0 0 0 0 0 0 0 0 0 0 0 0 0 0 0 0 0 0 0 0 0 0 0 0 9957.47 478.552 0 0 0 0 0 0 0 0 0 0 0 0 0 0 0 0 0 0 0 0 0 0 0 0 0 0 0 0 0 0 0 0 
0 0 0 0 0 0 0 0 0 0 0 0 0 0 0 0 0 0 0 0 0 0 0 0 0 0 0 0 0 0 0 957.765 0 0 0 0 0 0 0 0 0 0 0 0 0 0 0 0 0 0 0 0 0 0 0 0 0 0 0 0 0 0 0 0 0 
0 0 0 0 0 0 0 0 0 0 0 0 0 0 0 0 0 0 0 0 0 0 0 0 0 0 0 0 0 0 987.678 0 1659.19 0 0 0 0 0 0 0 0 0 0 0 0 0 0 0 0 0 0 0 0 0 0 0 0 0 0 0 0 0 0 0 0 
0 0 0 0 0 0 0 0 0 0 0 0 0 0 0 0 0 0 0 0 0 0 0 0 0 0 0 0 0 0 0 0 382.979 0 0 0 0 0 0 0 0 0 0 0 0 0 0 0 0 0 0 0 0 0 0 0 0 0 0 0 0 0 0 0 0 
0 0 0 0 0 0 0 0 0 0 0 0 0 0 0 0 0 0 0 0 0 0 0 0 0 0 0 0 0 0 0 0 0 0 0 0 0 0 0 0 0 0 0 0 0 0 0 0 0 0 0 0 0 0 0 0 0 0 0 0 0 0 0 0 0 
0 0 0 0 0 0 0 0 0 0 0 0 0 0 0 0 0 0 0 0 0 0 0 0 0 0 0 0 0 0 0 63.7212 0 0 0 0 0 0 0 0 0 0 0 0 0 0 0 0 0 0 0 0 0 0 0 0 0 0 0 0 0 0 0 0 0 
0 0 0 0 0 0 0 0 0 0 0 0 0 0 0 0 0 0 0 0 0 0 0 0 0 0 0 0 0 0 0 0 0 0 0 0 0 0 0 0 0 0 0 0 0 0 0 0 0 0 0 0 0 0 0 0 0 0 0 0 0 0 0 0 0 
0 0 0 0 0 0 0 0 0 0 0 0 0 0 0 0 0 0 0 0 0 0 0 0 0 0 0 0 0 0 0 0 0 0 0 0 0 0 0 0 0 0 0 0 0 0 0 0 0 0 0 0 0 0 0 0 0 0 0 0 0 0 0 0 0 
0 0 0 0 0 0 0 0 0 0 0 0 0 0 0 0 0 0 0 0 0 0 0 0 0 0 0 0 0 0 0 0 1.99129 0 0 0 0 0 0 0 0 0 0 0 0 0 0 0 0 0 0 0 0 0 0 0 0 0 0 0 0 0 0 0 0 
