1 0 0 0 0 0 0 0 0 0 0 0 0 0 0 0 0 0 0 0 0 0 0 0 0 0 0 0 0 0 0 0 0 0 0 0 0 0 0 0 0 0 0 0 0 0 0 0 0 0 0 0 0 0 0 0 0 0 0 0 0 0 0 0 1 
0 0 0 0 0 0 0 0 0 0 0 0 0 0 0 0 0 0 0 0 0 0 0 0 0 0 0 0 0 0 0 0 0 0 0 0 0 0 0 0 0 0 0 0 0 0 0 0 0 0 0 0 0 0 0 0 0 0 0 0 0 0 0 0 0 
0 0 0 0 0 0 0 0 0 0 0 0 0 0 0 0 0 0 0 0 0 0 0 0 0 0 0 0 0 0 0 0 0 0 0 0 0 0 0 0 0 0 0 0 0 0 0 0 0 0 0 0 0 0 0 0 0 0 0 0 0 0 0 0 0 
0 64 0 0 0 0 0 0 0 0 0 0 0 0 0 0 0 0 0 0 0 0 0 0 0 0 0 0 0 0 0 0 0 0 0 0 0 0 0 0 0 0 0 0 0 0 0 0 0 0 0 0 0 0 0 0 0 0 0 0 0 0 0 0 0 
0 0 0 0 0 0 0 0 0 0 0 0 0 0 0 0 0 0 0 0 0 0 0 0 0 0 0 0 0 0 0 0 0 0 0 0 0 0 0 0 0 0 0 0 0 0 0 0 0 0 0 0 0 0 0 0 0 0 0 0 0 0 0 0 0 
0 0 192 0 0 0 0 0 0 0 0 0 0 0 0 0 0 0 0 0 0 0 0 0 0 0 0 0 0 0 0 0 0 0 0 0 0 0 0 0 0 0 0 0 0 0 0 0 0 0 0 0 0 0 0 0 0 0 0 0 0 0 0 0 0 
0 0 1824 0 0 0 0 0 0 0 0 0 0 0 0 0 0 0 0 0 0 0 0 0 0 0 0 0 0 0 0 0 0 0 0 0 0 0 0 0 0 0 0 0 0 0 0 0 0 0 0 0 0 0 0 0 0 0 0 0 0 0 0 0 0 
0 0 0 959.564 0 0 0 0 0 0 0 0 0 0 0 0 0 0 0 0 0 0 0 0 0 0 0 0 0 0 0 0 0 0 0 0 0 0 0 0 0 0 0 0 0 0 0 0 0 0 0 0 0 0 0 0 0 0 0 0 0 0 0 0 0 
0 0 0 9984.87 239.891 0 0 0 0 0 0 0 0 0 0 0 0 0 0 0 0 0 0 0 0 0 0 0 0 0 0 0 0 0 0 0 0 0 0 0 0 0 0 0 0 0 0 0 0 0 0 0 0 0 0 0 0 0 0 0 0 0 0 0 0 
0 0 0 30719.6 5117.45 0 0 0 0 0 0 0 0 0 0 0 0 0 0 0 0 0 0 0 0 0 0 0 0 0 0 0 0 0 0 0 0 0 0 0 0 0 0 0 0 0 0 0 0 0 0 0 0 0 0 0 0 0 0 0 0 0 0 0 0 
0 0 0 0 59126.7 3841.84 0 0 0 0 0 0 0 0 0 0 0 0 0 0 0 0 0 0 0 0 0 0 0 0 0 0 0 0 0 0 0 0 0 0 0 0 0 0 0 0 0 0 0 0 0 0 0 0 0 0 0 0 0 0 0 0 0 0 0 
0 0 0 0 228507 38401.1 1921.1 0 0 0 0 0 0 0 0 0 0 0 0 0 0 0 0 0 0 0 0 0 0 0 0 0 0 0 0 0 0 0 0 0 0 0 0 0 0 0 0 0 0 0 0 0 0 0 0 0 0 0 0 0 0 0 0 0 0 
0 0 0 0 342385 341769 37109.8 1281.61 160.202 0 0 0 0 0 0 0 0 0 0 0 0 0 0 0 0 0 0 0 0 0 0 0 0 0 0 0 0 0 0 0 0 0 0 0 0 0 0 0 0 0 0 0 0 0 0 0 0 0 0 0 0 0 0 0 0 
0 0 0 0 0 1.5054e+06 335412 37483.4 0 0 0 0 0 0 0 0 0 0 0 0 0 0 0 0 0 0 0 0 0 0 0 0 0 0 0 0 0 0 0 0 0 0 0 0 0 0 0 0 0 0 0 0 0 0 0 0 0 0 0 0 0 0 0 0 0 
0 0 0 0 0 3.05252e+06 2.11927e+06 365118 46182.9 3850.59 0 0 0 0 0 0 0 0 0 0 0 0 0 0 0 0 0 0 0 0 0 0 0 0 0 0 0 0 0 0 0 0 0 0 0 0 0 0 0 0 0 0 0 0 0 0 0 0 0 0 0 0 0 0 0 
0 0 0 0 0 2.68258e+06 9.07547e+06 2.71251e+06 459391 42632.3 5777.73 0 0 0 0 0 0 0 0 0 0 0 0 0 0 0 0 0 0 0 0 0 0 0 0 0 0 0 0 0 0 0 0 0 0 0 0 0 0 0 0 0 0 0 0 0 0 0 0 0 0 0 0 0 0 
0 0 0 0 0 0 2.14123e+07 1.4083e+07 3.58175e+06 698514 80770 11519.8 1437.36 0 0 0 60.0777 0 0 0 0 0 0 0 0 0 0 0 0 0 0 0 11.9184 0 0 0 0 0 0 0 0 0 0 0 0 0 0 0 0 0 0 0 0 0 0 0 0 0 0 0 0 0 0 0 0 
0 0 0 0 0 0 2.6665e+07 5.33606e+07 2.08251e+07 5.24957e+06 1.10052e+06 160424 15396.4 5765.86 1921.5 961.244 0 0 0 0 0 0 0 0 0 0 0 0 0 0 0 0 0 0 0 0 0 0 0 0 0 0 0 0 0 0 0 0 0 0 0 0 0 0 0 0 0 0 0 0 0 0 0 0 0 
0 0 0 0 0 0 1.53279e+07 1.30853e+08 9.33946e+07 3.17883e+07 8.40458e+06 1.93321e+06 401283 49847.9 5287.83 0 0 1922.97 0 0 0 0 0 0 0 0 0 0 0 0 0 381.389 0 0 0 0 0 0 0 0 0 0 0 0 0 0 0 0 0 0 0 0 0 0 0 0 0 0 0 0 0 0 0 0 0 
0 0 0 0 0 0 0 1.92577e+08 3.12106e+08 1.55235e+08 5.33317e+07 1.54136e+07 3.70832e+06 865872 210184 53734.5 28865.5 960.068 3833.18 0 0 0 0 0 0 0 0 0 0 0 956.101 0 0 0 0 0 0 0 0 0 0 0 0 0 0 0 0 0 0 0 0 0 0 0 0 0 0 0 0 0 0 0 0 0 0 
0 0 0 0 0 0 0 1.61719e+08 7.40162e+08 5.98342e+08 2.62466e+08 9.32648e+07 3.0348e+07 8.49051e+06 2.15854e+06 602703 128704 53776.8 27955.5 11522.7 2879.81 0 0 0 480.074 0 0 0 958.106 3830.42 4955.43 0 11901.5 0 0 0 0 0 0 0 0 0 0 0 0 0 0 0 0 0 0 0 0 0 0 0 0 0 0 0 0 0 0 0 0 
0 0 0 0 0 0 0 6.55067e+07 1.1648e+09 1.7874e+09 1.09505e+09 4.75662e+08 1.79004e+08 6.29778e+07 2.0018e+07 5.96721e+06 2.00393e+06 817604 241982 135857 30853.5 23180.6 11570.9 7701.37 0 3848.1 5749.81 11507.1 15334.8 21022.2 0 28833.9 386.733 0 0 0 0 0 0 0 0 0 0 0 0 0 0 0 0 0 0 0 0 0 0 0 0 0 0 0 0 0 0 0 0 
0 0 0 0 0 0 0 0 1.17076e+09 3.96939e+09 3.68098e+09 2.02173e+09 9.04569e+08 3.68315e+08 1.41813e+08 5.12569e+07 1.80412e+07 6.21836e+06 2.75751e+06 1.13782e+06 739670 261081 123418 78931.2 92499.2 86412.3 76890.3 74738.6 93363.6 61191.6 111597 151575 68224.8 0 0 0 0 0 0 0 0 0 0 0 0 0 0 0 0 0 0 0 0 0 0 0 0 0 0 0 0 0 0 0 0 
0 0 0 0 0 0 0 0 7.06604e+08 6.29271e+09 9.82784e+09 7.24433e+09 3.87853e+09 1.82384e+09 8.04493e+08 3.37098e+08 1.3528e+08 5.45152e+07 2.26284e+07 1.04199e+07 4.76805e+06 2.88875e+06 1.74803e+06 1.07301e+06 722542 470131 529613 530671 491203 434869 686279 267631 705770 0 0 0 0 0 0 0 0 0 0 0 0 0 0 0 0 0 0 0 0 0 0 0 0 0 0 0 0 0 0 0 0 
0 0 0 0 0 0 0 0 2.13422e+08 6.86591e+09 2.02403e+10 2.1462e+10 1.43065e+10 7.76429e+09 3.86312e+09 1.83641e+09 8.48383e+08 3.82702e+08 1.70946e+08 7.91984e+07 3.98631e+07 2.17877e+07 1.21102e+07 7.70058e+06 5.13427e+06 4.60841e+06 3.5175e+06 3.1295e+06 2.57421e+06 3.38193e+06 2.34862e+06 2.96575e+06 2.92924e+06 0 0 0 0 0 0 0 0 0 0 0 0 0 0 0 0 0 0 0 0 0 0 0 0 0 0 0 0 0 0 0 0 
0 0 0 0 0 0 0 0 0 5.01274e+09 3.11433e+10 5.13233e+10 4.47517e+10 2.88525e+10 1.625e+10 8.61031e+09 4.39429e+09 2.204e+09 1.09874e+09 5.52625e+08 2.85975e+08 1.5363e+08 9.30081e+07 5.82675e+07 4.02961e+07 2.75262e+07 2.15891e+07 1.76045e+07 1.76257e+07 1.49232e+07 1.38973e+07 1.53361e+07 1.22188e+07 0 0 0 0 0 0 0 0 0 0 0 0 0 0 0 0 0 0 0 0 0 0 0 0 0 0 0 0 0 0 0 0 
0 0 0 0 0 0 0 0 0 2.28235e+09 3.49826e+10 9.73184e+10 1.17168e+11 9.27691e+10 5.98631e+10 3.52331e+10 1.98843e+10 1.09336e+10 5.96325e+09 3.2491e+09 1.7935e+09 1.02413e+09 6.0151e+08 3.77885e+08 2.51068e+08 1.7898e+08 1.387e+08 1.13887e+08 9.53791e+07 8.0251e+07 8.28251e+07 7.28488e+07 7.79826e+07 0 0 0 0 0 0 0 0 0 0 0 0 0 0 0 0 0 0 0 0 0 0 0 0 0 0 0 0 0 0 0 0 
0 0 0 0 0 0 0 0 0 5.38723e+08 2.79943e+10 1.42726e+11 2.51978e+11 2.5565e+11 1.94505e+11 1.28276e+11 7.92372e+10 4.74712e+10 2.80149e+10 1.6492e+10 9.78032e+09 5.8903e+09 3.65851e+09 2.35438e+09 1.58418e+09 1.13027e+09 8.37941e+08 6.62211e+08 5.41231e+08 4.92997e+08 4.3401e+08 4.14161e+08 4.05192e+08 0 0 0 0 0 0 0 0 0 0 0 0 0 0 0 0 0 0 0 0 0 0 0 0 0 0 0 0 0 0 0 0 
0 0 0 0 0 0 0 0 0 0 1.55606e+10 1.58993e+11 4.37662e+11 5.94177e+11 5.49896e+11 4.14938e+11 2.82563e+11 1.83566e+11 1.16652e+11 7.35596e+10 4.6533e+10 2.97318e+10 1.94059e+10 1.30021e+10 9.01846e+09 6.48277e+09 4.89286e+09 3.83752e+09 3.2005e+09 2.73479e+09 2.46347e+09 2.34353e+09 2.29334e+09 0 0 0 0 0 0 0 0 0 0 0 0 0 0 0 0 0 0 0 0 0 0 0 0 0 0 0 0 0 0 0 0 
0 0 0 0 0 0 0 0 0 0 5.5523e+09 1.32704e+11 6.04487e+11 1.14963e+12 1.33837e+12 1.1839e+12 9.02566e+11 6.3814e+11 4.35686e+11 2.93203e+11 1.96735e+11 1.32931e+11 9.10428e+10 6.37295e+10 4.5798e+10 3.39607e+10 2.6085e+10 2.08429e+10 1.72914e+10 1.49754e+10 1.35578e+10 1.27035e+10 1.24184e+10 0 0 0 0 0 0 0 0 0 0 0 0 0 0 0 0 0 0 0 0 0 0 0 0 0 0 0 0 0 0 0 0 
0 0 0 0 0 0 0 0 0 0 1.0706e+09 8.13895e+10 6.53745e+11 1.82644e+12 2.77178e+12 2.95471e+12 2.57067e+12 1.99985e+12 1.47093e+12 1.05425e+12 7.48763e+11 5.32251e+11 3.82327e+11 2.78839e+11 2.07737e+11 1.58926e+11 1.25185e+11 1.01998e+11 8.59098e+10 7.53415e+10 6.83458e+10 6.45422e+10 6.33432e+10 0 0 0 0 0 0 0 0 0 0 0 0 0 0 0 0 0 0 0 0 0 0 0 0 0 0 0 0 0 0 0 0 
0 0 0 0 0 0 0 0 0 0 0 3.57751e+10 5.49009e+11 2.35369e+12 4.8283e+12 6.37307e+12 6.4699e+12 5.63504e+12 4.5058e+12 3.45131e+12 2.59034e+12 1.93447e+12 1.4508e+12 1.10135e+12 8.49725e+11 6.69904e+11 5.4191e+11 4.50776e+11 3.86719e+11 3.42633e+11 3.13782e+11 2.97623e+11 2.92189e+11 0 0 0 0 0 0 0 0 0 0 0 0 0 0 0 0 0 0 0 0 0 0 0 0 0 0 0 0 0 0 0 0 
0 0 0 0 0 0 0 0 0 0 0 1.03431e+10 3.54135e+11 2.43634e+12 7.00068e+12 1.17775e+13 1.42717e+13 1.41565e+13 1.24707e+13 1.02693e+13 8.17426e+12 6.42152e+12 5.02885e+12 3.96068e+12 3.16228e+12 2.56687e+12 2.12743e+12 1.80566e+12 1.57605e+12 1.41458e+12 1.30876e+12 1.24703e+12 1.2279e+12 0 0 0 0 0 0 0 0 0 0 0 0 0 0 0 0 0 0 0 0 0 0 0 0 0 0 0 0 0 0 0 0 
0 0 0 0 0 0 0 0 0 0 0 1.70839e+09 1.72668e+11 2.01306e+12 8.37258e+12 1.84745e+13 2.73398e+13 3.14743e+13 3.09937e+13 2.77964e+13 2.36326e+13 1.95401e+13 1.59929e+13 1.30899e+13 1.07911e+13 9.00711e+12 7.65197e+12 6.6287e+12 5.88054e+12 5.34276e+12 4.97931e+12 4.78e+12 4.71232e+12 0 0 0 0 0 0 0 0 0 0 0 0 0 0 0 0 0 0 0 0 0 0 0 0 0 0 0 0 0 0 0 0 
0 0 0 0 0 0 0 0 0 0 0 0 6.20571e+10 1.31997e+12 8.2074e+12 2.44108e+13 4.51323e+13 6.14412e+13 6.87486e+13 6.79153e+13 6.2221e+13 5.45543e+13 4.68148e+13 3.98483e+13 3.39537e+13 2.91363e+13 2.53441e+13 2.24013e+13 2.01767e+13 1.85589e+13 1.74639e+13 1.68315e+13 1.66272e+13 0 0 0 0 0 0 0 0 0 0 0 0 0 0 0 0 0 0 0 0 0 0 0 0 0 0 0 0 0 0 0 0 
0 0 0 0 0 0 0 0 0 0 0 0 1.50072e+10 6.80869e+11 6.56956e+12 2.69758e+13 6.37431e+13 1.04608e+14 1.34985e+14 1.48945e+14 1.48645e+14 1.39354e+14 1.25991e+14 1.11875e+14 9.86689e+13 8.72242e+13 7.76585e+13 7.00101e+13 6.40332e+13 5.96138e+13 5.66226e+13 5.48397e+13 5.42683e+13 0 0 0 0 0 0 0 0 0 0 0 0 0 0 0 0 0 0 0 0 0 0 0 0 0 0 0 0 0 0 0 0 
0 0 0 0 0 0 0 0 0 0 0 0 2.24492e+09 2.72869e+11 4.28105e+12 2.48585e+13 7.66017e+13 1.54238e+14 2.33325e+14 2.91192e+14 3.20008e+14 3.23707e+14 3.10821e+14 2.89458e+14 2.65319e+14 2.4176e+14 2.2097e+14 2.03078e+14 1.88941e+14 1.78019e+14 1.70471e+14 1.66032e+14 1.64611e+14 0 0 0 0 0 0 0 0 0 0 0 0 0 0 0 0 0 0 0 0 0 0 0 0 0 0 0 0 0 0 0 0 
0 0 0 0 0 0 0 0 0 0 0 0 0 8.27134e+10 2.26371e+12 1.90678e+13 7.80295e+13 1.96124e+14 3.52897e+14 5.05116e+14 6.17862e+14 6.80676e+14 6.98994e+14 6.86515e+14 6.56818e+14 6.20249e+14 5.82126e+14 5.47683e+14 5.17925e+14 4.94739e+14 4.7782e+14 4.68107e+14 4.64695e+14 0 0 0 0 0 0 0 0 0 0 0 0 0 0 0 0 0 0 0 0 0 0 0 0 0 0 0 0 0 0 0 0 
0 0 0 0 0 0 0 0 0 0 0 0 0 1.72758e+10 9.64223e+11 1.21589e+13 6.72261e+13 2.14187e+14 4.64953e+14 7.72103e+14 1.06399e+15 1.28778e+15 1.42692e+15 1.48911e+15 1.49585e+15 1.4667e+15 1.42056e+15 1.36886e+15 1.3198e+15 1.2782e+15 1.24763e+15 1.22856e+15 1.22246e+15 0 0 0 0 0 0 0 0 0 0 0 0 0 0 0 0 0 0 0 0 0 0 0 0 0 0 0 0 0 0 0 0 
0 0 0 0 0 0 0 0 0 0 0 0 0 2.51678e+09 3.2746e+11 6.44085e+12 4.90065e+13 2.00562e+14 5.31939e+14 1.03744e+15 1.62656e+15 2.18387e+15 2.63005e+15 2.93692e+15 3.11224e+15 3.18802e+15 3.19665e+15 3.16487e+15 3.1168e+15 3.06662e+15 3.02503e+15 2.99697e+15 2.98673e+15 0 0 0 0 0 0 0 0 0 0 0 0 0 0 0 0 0 0 0 0 0 0 0 0 0 0 0 0 0 0 0 0 
0 0 0 0 0 0 0 0 0 0 0 0 0 0 8.65403e+10 2.83203e+12 3.0225e+13 1.60944e+14 5.27718e+14 1.2214e+15 2.19939e+15 3.3054e+15 4.36112e+15 5.24115e+15 5.89936e+15 6.34142e+15 6.60486e+15 6.74413e+15 6.79825e+15 6.80724e+15 6.79389e+15 6.77995e+15 6.77551e+15 0 0 0 0 0 0 0 0 0 0 0 0 0 0 0 0 0 0 0 0 0 0 0 0 0 0 0 0 0 0 0 0 
0 0 0 0 0 0 0 0 0 0 0 0 0 0 1.61858e+10 1.02777e+12 1.58135e+13 1.10794e+14 4.53332e+14 1.25748e+15 2.62513e+15 4.45027e+15 6.47837e+15 8.43999e+15 1.0138e+16 1.14877e+16 1.24905e+16 1.31851e+16 1.364e+16 1.39233e+16 1.40881e+16 1.41728e+16 1.42015e+16 0 0 0 0 0 0 0 0 0 0 0 0 0 0 0 0 0 0 0 0 0 0 0 0 0 0 0 0 0 0 0 0 
0 0 0 0 0 0 0 0 0 0 0 0 0 0 2.50715e+09 3.0542e+11 7.02503e+12 6.56317e+13 3.37807e+14 1.13151e+15 2.76102e+15 5.32071e+15 8.60504e+15 1.22193e+16 1.57572e+16 1.89154e+16 2.15401e+16 2.35896e+16 2.51164e+16 2.61811e+16 2.68734e+16 2.72725e+16 2.73932e+16 0 0 0 0 0 0 0 0 0 0 0 0 0 0 0 0 0 0 0 0 0 0 0 0 0 0 0 0 0 0 0 0 
0 0 0 0 0 0 0 0 0 0 0 0 0 0 0 7.29615e+10 2.64757e+12 3.35342e+13 2.18817e+14 8.91367e+14 2.55566e+15 5.63819e+15 1.01976e+16 1.58762e+16 2.2074e+16 2.81827e+16 3.37339e+16 3.84634e+16 4.22331e+16 4.50768e+16 4.70256e+16 4.81608e+16 4.85346e+16 0 0 0 0 0 0 0 0 0 0 0 0 0 0 0 0 0 0 0 0 0 0 0 0 0 0 0 0 0 0 0 0 
0 0 0 0 0 0 0 0 0 0 0 0 0 0 0 1.27858e+10 8.44766e+11 1.48286e+13 1.23771e+14 6.15609e+14 2.08837e+15 5.29536e+15 1.07616e+16 1.84682e+16 2.78315e+16 3.79522e+16 4.79297e+16 5.70155e+16 6.47651e+16 7.08539e+16 7.52316e+16 7.78475e+16 7.87235e+16 0 0 0 0 0 0 0 0 0 0 0 0 0 0 0 0 0 0 0 0 0 0 0 0 0 0 0 0 0 0 0 0 
0 0 0 0 0 0 0 0 0 0 0 0 0 0 0 2.30156e+09 2.27785e+11 5.6925e+12 6.12925e+13 3.74287e+14 1.50628e+15 4.41403e+15 1.01302e+16 1.92355e+16 3.15308e+16 4.61217e+16 6.16349e+16 7.67495e+16 9.03203e+16 1.01524e+17 1.09826e+17 1.14855e+17 1.16552e+17 0 0 0 0 0 0 0 0 0 0 0 0 0 0 0 0 0 0 0 0 0 0 0 0 0 0 0 0 0 0 0 0 
0 0 0 0 0 0 0 0 0 0 0 0 0 0 0 0 5.15815e+10 1.9022e+12 2.67302e+13 2.01353e+14 9.64562e+14 3.27245e+15 8.50538e+15 1.79369e+16 3.21196e+16 5.04967e+16 7.16634e+16 9.36604e+16 1.1442e+17 1.32317e+17 1.45957e+17 1.54498e+17 1.57376e+17 0 0 0 0 0 0 0 0 0 0 0 0 0 0 0 0 0 0 0 0 0 0 0 0 0 0 0 0 0 0 0 0 
0 0 0 0 0 0 0 0 0 0 0 0 0 0 0 0 8.83683e+09 5.52875e+11 1.03158e+13 9.62621e+13 5.49629e+14 2.1664e+15 6.38897e+15 1.5005e+16 2.93938e+16 4.98488e+16 7.5268e+16 1.03408e+17 1.31519e+17 1.56678e+17 1.76449e+17 1.89081e+17 1.93448e+17 0 0 0 0 0 0 0 0 0 0 0 0 0 0 0 0 0 0 0 0 0 0 0 0 0 0 0 0 0 0 0 0 
0 0 0 0 0 0 0 0 0 0 0 0 0 0 0 0 1.98042e+09 1.41309e+11 3.54338e+12 4.11226e+13 2.8067e+14 1.28469e+15 4.30732e+15 1.12806e+16 2.42496e+16 4.44365e+16 7.15319e+16 1.0355e+17 1.37167e+17 1.68527e+17 1.94008e+17 2.10549e+17 2.16232e+17 0 0 0 0 0 0 0 0 0 0 0 0 0 0 0 0 0 0 0 0 0 0 0 0 0 0 0 0 0 0 0 0 
0 0 0 0 0 0 0 0 0 0 0 0 0 0 0 0 0 3.19843e+10 1.087e+12 1.5825e+13 1.29174e+14 6.86705e+14 2.61766e+15 7.65226e+15 1.80585e+16 3.58122e+16 6.1557e+16 9.39712e+16 1.29866e+17 1.64824e+17 1.93988e+17 2.13357e+17 2.20111e+17 0 0 0 0 0 0 0 0 0 0 0 0 0 0 0 0 0 0 0 0 0 0 0 0 0 0 0 0 0 0 0 0 
0 0 0 0 0 0 0 0 0 0 0 0 0 0 0 0 0 5.51445e+09 3.0007e+11 5.52013e+12 5.39185e+13 3.33002e+14 1.4414e+15 4.7021e+15 1.21871e+16 2.61633e+16 4.80676e+16 7.74958e+16 1.11837e+17 1.46631e+17 1.76647e+17 1.9692e+17 2.04192e+17 0 0 0 0 0 0 0 0 0 0 0 0 0 0 0 0 0 0 0 0 0 0 0 0 0 0 0 0 0 0 0 0 
0 0 0 0 0 0 0 0 0 0 0 0 0 0 0 0 0 1.59532e+09 7.67201e+10 1.76104e+12 2.05888e+13 1.47424e+14 7.24088e+14 2.63244e+15 7.48951e+15 1.74095e+16 3.41834e+16 5.8212e+16 8.77716e+16 1.18971e+17 1.46752e+17 1.65922e+17 1.72716e+17 0 0 0 0 0 0 0 0 0 0 0 0 0 0 0 0 0 0 0 0 0 0 0 0 0 0 0 0 0 0 0 0 
0 0 0 0 0 0 0 0 0 0 0 0 0 0 0 0 0 0 1.80968e+10 5.17397e+11 7.24544e+12 6.00698e+13 3.34022e+14 1.35021e+15 4.21289e+15 1.05946e+16 2.22267e+16 3.99893e+16 6.29837e+16 8.83115e+16 1.11445e+17 1.27801e+17 1.33685e+17 0 0 0 0 0 0 0 0 0 0 0 0 0 0 0 0 0 0 0 0 0 0 0 0 0 0 0 0 0 0 0 0 
0 0 0 0 0 0 0 0 0 0 0 0 0 0 0 0 0 0 3.13523e+09 1.41944e+11 2.3761e+12 2.27266e+13 1.42535e+14 6.39581e+14 2.18234e+15 5.92627e+15 1.3278e+16 2.52176e+16 4.14892e+16 6.01319e+16 7.77568e+16 9.03921e+16 9.50003e+16 0 0 0 0 0 0 0 0 0 0 0 0 0 0 0 0 0 0 0 0 0 0 0 0 0 0 0 0 0 0 0 0 
0 0 0 0 0 0 0 0 0 0 0 0 0 0 0 0 0 0 1.18822e+09 3.81765e+10 7.35831e+11 8.05254e+12 5.6752e+13 2.81673e+14 1.04839e+15 3.07081e+15 7.32831e+15 1.46748e+16 2.52056e+16 3.77602e+16 4.99682e+16 5.889e+16 6.21745e+16 0 0 0 0 0 0 0 0 0 0 0 0 0 0 0 0 0 0 0 0 0 0 0 0 0 0 0 0 0 0 0 0 
0 0 0 0 0 0 0 0 0 0 0 0 0 0 0 0 0 0 0 9.50261e+09 2.15736e+11 2.69767e+12 2.12859e+13 1.16322e+14 4.7062e+14 1.48083e+15 3.76107e+15 7.92831e+15 1.41953e+16 2.19646e+16 2.97253e+16 3.55401e+16 3.77e+16 0 0 0 0 0 0 0 0 0 0 0 0 0 0 0 0 0 0 0 0 0 0 0 0 0 0 0 0 0 0 0 0 
0 0 0 0 0 0 0 0 0 0 0 0 0 0 0 0 0 0 0 1.60461e+09 6.12685e+10 8.7106e+11 7.60141e+12 4.54252e+13 1.99074e+14 6.713e+14 1.80806e+15 4.00578e+15 7.46387e+15 1.191e+16 1.64884e+16 1.99712e+16 2.12739e+16 0 0 0 0 0 0 0 0 0 0 0 0 0 0 0 0 0 0 0 0 0 0 0 0 0 0 0 0 0 0 0 0 
0 0 0 0 0 0 0 0 0 0 0 0 0 0 0 0 0 0 0 8.08206e+08 1.78079e+10 2.72739e+11 2.60379e+12 1.6954e+13 8.00351e+13 2.87875e+14 8.20274e+14 1.90479e+15 3.68853e+15 6.06171e+15 8.56842e+15 1.051e+16 1.1244e+16 0 0 0 0 0 0 0 0 0 0 0 0 0 0 0 0 0 0 0 0 0 0 0 0 0 0 0 0 0 0 0 0 
0 0 0 0 0 0 0 0 0 0 0 0 0 0 0 0 0 0 0 0 4.57332e+09 8.19082e+10 8.69103e+11 6.11237e+12 3.08933e+13 1.17953e+14 3.53917e+14 8.59057e+14 1.72508e+15 2.91604e+15 4.20484e+15 5.21955e+15 5.60582e+15 0 0 0 0 0 0 0 0 0 0 0 0 0 0 0 0 0 0 0 0 0 0 0 0 0 0 0 0 0 0 0 0 
0 0 0 0 0 0 0 0 0 0 0 0 0 0 0 0 0 0 0 0 7.25307e+08 2.46971e+10 2.87175e+11 2.14853e+12 1.15206e+13 4.6541e+13 1.46437e+14 3.70209e+14 7.69461e+14 1.33543e+15 1.96228e+15 2.46373e+15 2.65638e+15 0 0 0 0 0 0 0 0 0 0 0 0 0 0 0 0 0 0 0 0 0 0 0 0 0 0 0 0 0 0 0 0 
0 0 0 0 0 0 0 0 0 0 0 0 0 0 0 0 0 0 0 0 4.96487e+08 7.74636e+09 9.27081e+10 7.39817e+11 4.20921e+12 1.78587e+13 5.86882e+13 1.5403e+14 3.30098e+14 5.86858e+14 8.77866e+14 1.11328e+15 1.20414e+15 0 0 0 0 0 0 0 0 0 0 0 0 0 0 0 0 0 0 0 0 0 0 0 0 0 0 0 0 0 0 0 0 
0 0 0 0 0 0 0 0 0 0 0 0 0 0 0 0 0 0 0 0 0 1.97395e+09 2.86033e+10 2.53945e+11 1.51959e+12 6.7166e+12 2.29521e+13 6.22734e+13 1.37088e+14 2.49408e+14 3.78997e+14 4.85396e+14 5.26728e+14 0 0 0 0 0 0 0 0 0 0 0 0 0 0 0 0 0 0 0 0 0 0 0 0 0 0 0 0 0 0 0 0 
0 0 0 0 0 0 0 0 0 0 0 0 0 0 0 0 0 0 0 0 0 2.84103e+08 9.25896e+09 8.75794e+10 5.42036e+11 2.49414e+12 8.83434e+12 2.46889e+13 5.57183e+13 1.03349e+14 1.59224e+14 2.05734e+14 2.24024e+14 0 0 0 0 0 0 0 0 0 0 0 0 0 0 0 0 0 0 0 0 0 0 0 0 0 0 0 0 0 0 0 0 
0 0 0 0 0 0 0 0 0 0 0 0 0 0 0 0 0 0 0 0 0 2.72923e+08 3.08015e+09 2.88014e+10 1.91446e+11 9.25157e+11 3.37243e+12 9.66293e+12 2.23008e+13 4.20734e+13 6.56339e+13 8.54927e+13 9.32936e+13 0 0 0 0 0 0 0 0 0 0 0 0 0 0 0 0 0 0 0 0 0 0 0 0 0 0 0 0 0 0 0 0 
0 0 0 0 0 0 0 0 0 0 0 0 0 0 0 0 0 0 0 0 0 0 7.48019e+08 9.07142e+09 6.86069e+10 3.42326e+11 1.27858e+12 3.76164e+12 8.84951e+12 1.69264e+13 2.67337e+13 3.50378e+13 3.83108e+13 0 0 0 0 0 0 0 0 0 0 0 0 0 0 0 0 0 0 0 0 0 0 0 0 0 0 0 0 0 0 0 0 
0 0 0 0 0 0 0 0 0 0 0 0 0 0 0 0 0 0 0 0 0 0 9.45593e+07 3.19651e+09 2.44734e+10 1.24384e+11 4.85156e+11 1.4634e+12 3.49619e+12 6.78762e+12 1.0818e+13 1.42543e+13 1.56279e+13 0 0 0 0 0 0 0 0 0 0 0 0 0 0 0 0 0 0 0 0 0 0 0 0 0 0 0 0 0 0 0 0 
0 0 0 0 0 0 0 0 0 0 0 0 0 0 0 0 0 0 0 0 0 0 1.33026e+08 1.09742e+09 7.96566e+09 4.51422e+10 1.85574e+11 5.66673e+11 1.38251e+12 2.72098e+12 4.36388e+12 5.79592e+12 6.35288e+12 0 0 0 0 0 0 0 0 0 0 0 0 0 0 0 0 0 0 0 0 0 0 0 0 0 0 0 0 0 0 0 0 
0 0 0 0 0 0 0 0 0 0 0 0 0 0 0 0 0 0 0 0 0 0 0 2.43336e+08 2.57996e+09 1.69738e+10 6.96428e+10 2.18866e+11 5.48217e+11 1.08858e+12 1.76733e+12 2.35197e+12 2.58886e+12 0 0 0 0 0 0 0 0 0 0 0 0 0 0 0 0 0 0 0 0 0 0 0 0 0 0 0 0 0 0 0 0 
0 0 0 0 0 0 0 0 0 0 0 0 0 0 0 0 0 0 0 0 0 0 0 2.61086e+07 1.0098e+09 6.0886e+09 2.54003e+10 8.55772e+10 2.16492e+11 4.35545e+11 7.17154e+11 9.55083e+11 1.0574e+12 0 0 0 0 0 0 0 0 0 0 0 0 0 0 0 0 0 0 0 0 0 0 0 0 0 0 0 0 0 0 0 0 
0 0 0 0 0 0 0 0 0 0 0 0 0 0 0 0 0 0 0 0 0 0 0 5.69337e+07 3.42049e+08 1.8978e+09 9.60516e+09 3.3352e+10 8.4283e+10 1.75947e+11 2.8911e+11 3.90764e+11 4.30189e+11 0 0 0 0 0 0 0 0 0 0 0 0 0 0 0 0 0 0 0 0 0 0 0 0 0 0 0 0 0 0 0 0 
0 0 0 0 0 0 0 0 0 0 0 0 0 0 0 0 0 0 0 0 0 0 0 0 6.6246e+07 6.60436e+08 3.77571e+09 1.23167e+10 3.33099e+10 7.05502e+10 1.16334e+11 1.60056e+11 1.74626e+11 0 0 0 0 0 0 0 0 0 0 0 0 0 0 0 0 0 0 0 0 0 0 0 0 0 0 0 0 0 0 0 0 
0 0 0 0 0 0 0 0 0 0 0 0 0 0 0 0 0 0 0 0 0 0 0 0 5.81548e+06 2.87372e+08 1.29385e+09 4.52246e+09 1.34274e+10 2.75159e+10 4.75208e+10 6.44928e+10 7.17443e+10 0 0 0 0 0 0 0 0 0 0 0 0 0 0 0 0 0 0 0 0 0 0 0 0 0 0 0 0 0 0 0 0 
0 0 0 0 0 0 0 0 0 0 0 0 0 0 0 0 0 0 0 0 0 0 0 0 2.11533e+07 9.06468e+07 3.80165e+08 1.83896e+09 5.12233e+09 1.07992e+10 1.93821e+10 2.56901e+10 2.95696e+10 0 0 0 0 0 0 0 0 0 0 0 0 0 0 0 0 0 0 0 0 0 0 0 0 0 0 0 0 0 0 0 0 
0 0 0 0 0 0 0 0 0 0 0 0 0 0 0 0 0 0 0 0 0 0 0 0 0 1.46233e+07 1.54435e+08 7.28736e+08 1.81315e+09 4.46576e+09 7.51959e+09 1.05483e+10 1.17647e+10 0 0 0 0 0 0 0 0 0 0 0 0 0 0 0 0 0 0 0 0 0 0 0 0 0 0 0 0 0 0 0 0 
0 0 0 0 0 0 0 0 0 0 0 0 0 0 0 0 0 0 0 0 0 0 0 0 0 1.00064e+06 7.17562e+07 2.22203e+08 7.07552e+08 1.79055e+09 2.86679e+09 4.40131e+09 4.54697e+09 0 0 0 0 0 0 0 0 0 0 0 0 0 0 0 0 0 0 0 0 0 0 0 0 0 0 0 0 0 0 0 0 
0 0 0 0 0 0 0 0 0 0 0 0 0 0 0 0 0 0 0 0 0 0 0 0 0 6.73647e+06 1.96948e+07 6.38625e+07 3.13105e+08 6.2597e+08 1.19688e+09 1.70117e+09 1.86211e+09 0 0 0 0 0 0 0 0 0 0 0 0 0 0 0 0 0 0 0 0 0 0 0 0 0 0 0 0 0 0 0 0 
0 0 0 0 0 0 0 0 0 0 0 0 0 0 0 0 0 0 0 0 0 0 0 0 0 0 2.505e+06 3.31531e+07 1.14887e+08 2.1912e+08 5.13444e+08 6.09633e+08 8.07975e+08 0 0 0 0 0 0 0 0 0 0 0 0 0 0 0 0 0 0 0 0 0 0 0 0 0 0 0 0 0 0 0 0 
0 0 0 0 0 0 0 0 0 0 0 0 0 0 0 0 0 0 0 0 0 0 0 0 0 0 124699 1.5084e+07 2.87533e+07 1.00109e+08 1.84316e+08 2.48912e+08 3.11865e+08 0 0 0 0 0 0 0 0 0 0 0 0 0 0 0 0 0 0 0 0 0 0 0 0 0 0 0 0 0 0 0 0 
0 0 0 0 0 0 0 0 0 0 0 0 0 0 0 0 0 0 0 0 0 0 0 0 0 0 1.80969e+06 3.34825e+06 9.37288e+06 4.49073e+07 5.60156e+07 1.16277e+08 1.0055e+08 0 0 0 0 0 0 0 0 0 0 0 0 0 0 0 0 0 0 0 0 0 0 0 0 0 0 0 0 0 0 0 0 
0 0 0 0 0 0 0 0 0 0 0 0 0 0 0 0 0 0 0 0 0 0 0 0 0 0 0 311458 6.37025e+06 1.34215e+07 2.32435e+07 4.50071e+07 3.79882e+07 0 0 0 0 0 0 0 0 0 0 0 0 0 0 0 0 0 0 0 0 0 0 0 0 0 0 0 0 0 0 0 0 
0 0 0 0 0 0 0 0 0 0 0 0 0 0 0 0 0 0 0 0 0 0 0 0 0 0 0 9971.66 2.52382e+06 2.54856e+06 1.26262e+07 1.22322e+07 1.9814e+07 0 0 0 0 0 0 0 0 0 0 0 0 0 0 0 0 0 0 0 0 0 0 0 0 0 0 0 0 0 0 0 0 
0 0 0 0 0 0 0 0 0 0 0 0 0 0 0 0 0 0 0 0 0 0 0 0 0 0 0 401849 415256 1.31757e+06 4.80703e+06 3.71537e+06 8.61954e+06 0 0 0 0 0 0 0 0 0 0 0 0 0 0 0 0 0 0 0 0 0 0 0 0 0 0 0 0 0 0 0 0 
0 0 0 0 0 0 0 0 0 0 0 0 0 0 0 0 0 0 0 0 0 0 0 0 0 0 0 0 24916.3 1.02223e+06 1.00016e+06 2.39605e+06 2.27867e+06 0 0 0 0 0 0 0 0 0 0 0 0 0 0 0 0 0 0 0 0 0 0 0 0 0 0 0 0 0 0 0 0 
0 0 0 0 0 0 0 0 0 0 0 0 0 0 0 0 0 0 0 0 0 0 0 0 0 0 0 0 384.289 311297 138240 1.23007e+06 393654 0 0 0 0 0 0 0 0 0 0 0 0 0 0 0 0 0 0 0 0 0 0 0 0 0 0 0 0 0 0 0 0 
0 0 0 0 0 0 0 0 0 0 0 0 0 0 0 0 0 0 0 0 0 0 0 0 0 0 0 0 71746 33218.1 179451 309419 255661 0 0 0 0 0 0 0 0 0 0 0 0 0 0 0 0 0 0 0 0 0 0 0 0 0 0 0 0 0 0 0 0 
0 0 0 0 0 0 0 0 0 0 0 0 0 0 0 0 0 0 0 0 0 0 0 0 0 0 0 0 0 958.814 124427 37450.9 210991 0 0 0 0 0 0 0 0 0 0 0 0 0 0 0 0 0 0 0 0 0 0 0 0 0 0 0 0 0 0 0 0 
0 0 0 0 0 0 0 0 0 0 0 0 0 0 0 0 0 0 0 0 0 0 0 0 0 0 0 0 0 0 24904.9 3828.75 68283.1 0 0 0 0 0 0 0 0 0 0 0 0 0 0 0 0 0 0 0 0 0 0 0 0 0 0 0 0 0 0 0 0 
0 0 0 0 0 0 0 0 0 0 0 0 0 0 0 0 0 0 0 0 0 0 0 0 0 0 0 0 0 9896 1277.75 20758.7 7676.17 0 0 0 0 0 0 0 0 0 0 0 0 0 0 0 0 0 0 0 0 0 0 0 0 0 0 0 0 0 0 0 0 
0 0 0 0 0 0 0 0 0 0 0 0 0 0 0 0 0 0 0 0 0 0 0 0 0 0 0 0 0 0 0 9955.48 479.652 0 0 0 0 0 0 0 0 0 0 0 0 0 0 0 0 0 0 0 0 0 0 0 0 0 0 0 0 0 0 0 0 
0 0 0 0 0 0 0 0 0 0 0 0 0 0 0 0 0 0 0 0 0 0 0 0 0 0 0 0 0 0 0 957.983 0 0 0 0 0 0 0 0 0 0 0 0 0 0 0 0 0 0 0 0 0 0 0 0 0 0 0 0 0 0 0 0 0 
0 0 0 0 0 0 0 0 0 0 0 0 0 0 0 0 0 0 0 0 0 0 0 0 0 0 0 0 0 0 989.6 0 1660.4 0 0 0 0 0 0 0 0 0 0 0 0 0 0 0 0 0 0 0 0 0 0 0 0 0 0 0 0 0 0 0 0 
0 0 0 0 0 0 0 0 0 0 0 0 0 0 0 0 0 0 0 0 0 0 0 0 0 0 0 0 0 0 0 0 382.954 0 0 0 0 0 0 0 0 0 0 0 0 0 0 0 0 0 0 0 0 0 0 0 0 0 0 0 0 0 0 0 0 
0 0 0 0 0 0 0 0 0 0 0 0 0 0 0 0 0 0 0 0 0 0 0 0 0 0 0 0 0 0 0 0 0 0 0 0 0 0 0 0 0 0 0 0 0 0 0 0 0 0 0 0 0 0 0 0 0 0 0 0 0 0 0 0 0 
0 0 0 0 0 0 0 0 0 0 0 0 0 0 0 0 0 0 0 0 0 0 0 0 0 0 0 0 0 0 0 63.8452 0 0 0 0 0 0 0 0 0 0 0 0 0 0 0 0 0 0 0 0 0 0 0 0 0 0 0 0 0 0 0 0 0 
0 0 0 0 0 0 0 0 0 0 0 0 0 0 0 0 0 0 0 0 0 0 0 0 0 0 0 0 0 0 0 0 0 0 0 0 0 0 0 0 0 0 0 0 0 0 0 0 0 0 0 0 0 0 0 0 0 0 0 0 0 0 0 0 0 
0 0 0 0 0 0 0 0 0 0 0 0 0 0 0 0 0 0 0 0 0 0 0 0 0 0 0 0 0 0 0 0 0 0 0 0 0 0 0 0 0 0 0 0 0 0 0 0 0 0 0 0 0 0 0 0 0 0 0 0 0 0 0 0 0 
0 0 0 0 0 0 0 0 0 0 0 0 0 0 0 0 0 0 0 0 0 0 0 0 0 0 0 0 0 0 0 0 1.99516 0 0 0 0 0 0 0 0 0 0 0 0 0 0 0 0 0 0 0 0 0 0 0 0 0 0 0 0 0 0 0 0 
