1 0 0 0 0 0 0 0 0 0 0 0 0 0 0 0 0 0 0 0 0 0 0 0 0 0 0 0 0 0 0 0 0 0 0 0 0 0 0 0 0 0 0 0 0 0 0 0 0 0 0 0 0 0 0 0 0 0 0 0 0 0 0 0 1 
0 0 0 0 0 0 0 0 0 0 0 0 0 0 0 0 0 0 0 0 0 0 0 0 0 0 0 0 0 0 0 0 0 0 0 0 0 0 0 0 0 0 0 0 0 0 0 0 0 0 0 0 0 0 0 0 0 0 0 0 0 0 0 0 0 
0 0 0 0 0 0 0 0 0 0 0 0 0 0 0 0 0 0 0 0 0 0 0 0 0 0 0 0 0 0 0 0 0 0 0 0 0 0 0 0 0 0 0 0 0 0 0 0 0 0 0 0 0 0 0 0 0 0 0 0 0 0 0 0 0 
0 64 0 0 0 0 0 0 0 0 0 0 0 0 0 0 0 0 0 0 0 0 0 0 0 0 0 0 0 0 0 0 0 0 0 0 0 0 0 0 0 0 0 0 0 0 0 0 0 0 0 0 0 0 0 0 0 0 0 0 0 0 0 0 0 
0 0 0 0 0 0 0 0 0 0 0 0 0 0 0 0 0 0 0 0 0 0 0 0 0 0 0 0 0 0 0 0 0 0 0 0 0 0 0 0 0 0 0 0 0 0 0 0 0 0 0 0 0 0 0 0 0 0 0 0 0 0 0 0 0 
0 0 192 0 0 0 0 0 0 0 0 0 0 0 0 0 0 0 0 0 0 0 0 0 0 0 0 0 0 0 0 0 0 0 0 0 0 0 0 0 0 0 0 0 0 0 0 0 0 0 0 0 0 0 0 0 0 0 0 0 0 0 0 0 0 
0 0 1824 0 0 0 0 0 0 0 0 0 0 0 0 0 0 0 0 0 0 0 0 0 0 0 0 0 0 0 0 0 0 0 0 0 0 0 0 0 0 0 0 0 0 0 0 0 0 0 0 0 0 0 0 0 0 0 0 0 0 0 0 0 0 
0 0 0 959.888 0 0 0 0 0 0 0 0 0 0 0 0 0 0 0 0 0 0 0 0 0 0 0 0 0 0 0 0 0 0 0 0 0 0 0 0 0 0 0 0 0 0 0 0 0 0 0 0 0 0 0 0 0 0 0 0 0 0 0 0 0 
0 0 0 9984.22 239.972 0 0 0 0 0 0 0 0 0 0 0 0 0 0 0 0 0 0 0 0 0 0 0 0 0 0 0 0 0 0 0 0 0 0 0 0 0 0 0 0 0 0 0 0 0 0 0 0 0 0 0 0 0 0 0 0 0 0 0 0 
0 0 0 30719.9 5117.62 0 0 0 0 0 0 0 0 0 0 0 0 0 0 0 0 0 0 0 0 0 0 0 0 0 0 0 0 0 0 0 0 0 0 0 0 0 0 0 0 0 0 0 0 0 0 0 0 0 0 0 0 0 0 0 0 0 0 0 0 
0 0 0 0 59134.5 3839.46 0 0 0 0 0 0 0 0 0 0 0 0 0 0 0 0 0 0 0 0 0 0 0 0 0 0 0 0 0 0 0 0 0 0 0 0 0 0 0 0 0 0 0 0 0 0 0 0 0 0 0 0 0 0 0 0 0 0 0 
0 0 0 0 228490 38369.4 1921.03 0 0 0 0 0 0 0 0 0 0 0 0 0 0 0 0 0 0 0 0 0 0 0 0 0 0 0 0 0 0 0 0 0 0 0 0 0 0 0 0 0 0 0 0 0 0 0 0 0 0 0 0 0 0 0 0 0 0 
0 0 0 0 342394 341741 37112.3 1282.43 160.303 0 0 0 0 0 0 0 0 0 0 0 0 0 0 0 0 0 0 0 0 0 0 0 0 0 0 0 0 0 0 0 0 0 0 0 0 0 0 0 0 0 0 0 0 0 0 0 0 0 0 0 0 0 0 0 0 
0 0 0 0 0 1.50535e+06 335363 37419.4 0 0 0 0 0 0 0 0 0 0 0 0 0 0 0 0 0 0 0 0 0 0 0 0 0 0 0 0 0 0 0 0 0 0 0 0 0 0 0 0 0 0 0 0 0 0 0 0 0 0 0 0 0 0 0 0 0 
0 0 0 0 0 3.05283e+06 2.11951e+06 364729 46133.7 3844.1 0 0 0 0 0 0 0 0 0 0 0 0 0 0 0 0 0 0 0 0 0 0 0 0 0 0 0 0 0 0 0 0 0 0 0 0 0 0 0 0 0 0 0 0 0 0 0 0 0 0 0 0 0 0 0 
0 0 0 0 0 2.68237e+06 9.07557e+06 2.71018e+06 459306 42562.3 5781.76 0 0 0 0 0 0 0 0 0 0 0 0 0 0 0 0 0 0 0 0 0 0 0 0 0 0 0 0 0 0 0 0 0 0 0 0 0 0 0 0 0 0 0 0 0 0 0 0 0 0 0 0 0 0 
0 0 0 0 0 0 2.14102e+07 1.40861e+07 3.58028e+06 698214 80823.1 11553.6 1445.84 0 0 0 60.3435 0 0 0 0 0 0 0 0 0 0 0 0 0 0 0 11.9148 0 0 0 0 0 0 0 0 0 0 0 0 0 0 0 0 0 0 0 0 0 0 0 0 0 0 0 0 0 0 0 0 
0 0 0 0 0 0 2.66682e+07 5.33587e+07 2.08192e+07 5.24836e+06 1.09805e+06 160423 15405.7 5768.28 1925.66 965.496 0 0 0 0 0 0 0 0 0 0 0 0 0 0 0 0 0 0 0 0 0 0 0 0 0 0 0 0 0 0 0 0 0 0 0 0 0 0 0 0 0 0 0 0 0 0 0 0 0 
0 0 0 0 0 0 1.53265e+07 1.30868e+08 9.33835e+07 3.17752e+07 8.38722e+06 1.93193e+06 401807 50040.7 5315.56 0 0 1924.64 0 0 0 0 0 0 0 0 0 0 0 0 0 381.273 0 0 0 0 0 0 0 0 0 0 0 0 0 0 0 0 0 0 0 0 0 0 0 0 0 0 0 0 0 0 0 0 0 
0 0 0 0 0 0 0 1.92556e+08 3.12079e+08 1.55264e+08 5.33153e+07 1.53886e+07 3.69558e+06 863648 210114 53733.9 28885.6 955.198 3853.17 0 0 0 0 0 0 0 0 0 0 0 954.674 0 0 0 0 0 0 0 0 0 0 0 0 0 0 0 0 0 0 0 0 0 0 0 0 0 0 0 0 0 0 0 0 0 0 
0 0 0 0 0 0 0 1.61727e+08 7.40229e+08 5.98266e+08 2.62455e+08 9.32204e+07 3.02859e+07 8.45457e+06 2.15258e+06 604111 129008 53926.1 27981.5 11598 2900.22 0 0 0 477.716 0 0 0 956.665 3814.82 4955.05 0 11915.1 0 0 0 0 0 0 0 0 0 0 0 0 0 0 0 0 0 0 0 0 0 0 0 0 0 0 0 0 0 0 0 0 
0 0 0 0 0 0 0 6.55071e+07 1.16488e+09 1.78767e+09 1.09484e+09 4.75693e+08 1.78799e+08 6.29696e+07 2.00071e+07 5.97254e+06 2.00038e+06 818772 241785 135995 30878.2 23111.1 11531.5 7672.71 0 3857.04 5766.05 11481.9 15276.4 21010.6 0 28797.5 382.19 0 0 0 0 0 0 0 0 0 0 0 0 0 0 0 0 0 0 0 0 0 0 0 0 0 0 0 0 0 0 0 0 
0 0 0 0 0 0 0 0 1.17064e+09 3.96886e+09 3.68208e+09 2.02223e+09 9.0488e+08 3.68198e+08 1.41653e+08 5.12488e+07 1.80261e+07 6.20779e+06 2.75779e+06 1.13968e+06 741224 260074 123240 78859.1 92363 86528 76614.9 74545.3 93026.3 61087.8 111335 151907 68186.2 0 0 0 0 0 0 0 0 0 0 0 0 0 0 0 0 0 0 0 0 0 0 0 0 0 0 0 0 0 0 0 0 
0 0 0 0 0 0 0 0 7.06615e+08 6.29246e+09 9.8272e+09 7.24105e+09 3.87839e+09 1.82442e+09 8.0362e+08 3.36533e+08 1.3509e+08 5.44092e+07 2.26598e+07 1.04246e+07 4.76457e+06 2.89109e+06 1.74613e+06 1.06946e+06 723030 468128 529104 527764 491121 434211 685553 267189 707198 0 0 0 0 0 0 0 0 0 0 0 0 0 0 0 0 0 0 0 0 0 0 0 0 0 0 0 0 0 0 0 0 
0 0 0 0 0 0 0 0 2.13439e+08 6.86667e+09 2.02365e+10 2.14621e+10 1.43024e+10 7.76637e+09 3.86182e+09 1.83723e+09 8.48048e+08 3.8307e+08 1.711e+08 7.91791e+07 3.9931e+07 2.1845e+07 1.21068e+07 7.70931e+06 5.13278e+06 4.61509e+06 3.5018e+06 3.12639e+06 2.56455e+06 3.3789e+06 2.34887e+06 2.96343e+06 2.93483e+06 0 0 0 0 0 0 0 0 0 0 0 0 0 0 0 0 0 0 0 0 0 0 0 0 0 0 0 0 0 0 0 0 
0 0 0 0 0 0 0 0 0 5.0131e+09 3.11476e+10 5.13206e+10 4.47483e+10 2.88572e+10 1.62386e+10 8.61178e+09 4.39422e+09 2.20127e+09 1.09998e+09 5.52815e+08 2.85742e+08 1.53376e+08 9.29018e+07 5.82625e+07 4.03469e+07 2.74862e+07 2.15317e+07 1.7555e+07 1.75893e+07 1.49097e+07 1.38904e+07 1.53403e+07 1.2201e+07 0 0 0 0 0 0 0 0 0 0 0 0 0 0 0 0 0 0 0 0 0 0 0 0 0 0 0 0 0 0 0 0 
0 0 0 0 0 0 0 0 0 2.28181e+09 3.49779e+10 9.73021e+10 1.1713e+11 9.27517e+10 5.99146e+10 3.52127e+10 1.98762e+10 1.09423e+10 5.96251e+09 3.2531e+09 1.79627e+09 1.02518e+09 6.0211e+08 3.77872e+08 2.50427e+08 1.79266e+08 1.38507e+08 1.13797e+08 9.51424e+07 8.01536e+07 8.28461e+07 7.27995e+07 7.78195e+07 0 0 0 0 0 0 0 0 0 0 0 0 0 0 0 0 0 0 0 0 0 0 0 0 0 0 0 0 0 0 0 0 
0 0 0 0 0 0 0 0 0 5.38716e+08 2.80034e+10 1.42733e+11 2.51962e+11 2.55558e+11 1.94462e+11 1.28319e+11 7.93139e+10 4.75124e+10 2.80427e+10 1.64794e+10 9.78447e+09 5.89536e+09 3.65765e+09 2.35677e+09 1.58276e+09 1.12811e+09 8.37583e+08 6.6269e+08 5.39072e+08 4.93111e+08 4.33864e+08 4.13568e+08 4.05422e+08 0 0 0 0 0 0 0 0 0 0 0 0 0 0 0 0 0 0 0 0 0 0 0 0 0 0 0 0 0 0 0 0 
0 0 0 0 0 0 0 0 0 0 1.55567e+10 1.59042e+11 4.37777e+11 5.94083e+11 5.49564e+11 4.14884e+11 2.82743e+11 1.83643e+11 1.1663e+11 7.35641e+10 4.65259e+10 2.97609e+10 1.94293e+10 1.30025e+10 9.02818e+09 6.48132e+09 4.88611e+09 3.8339e+09 3.19801e+09 2.73738e+09 2.45927e+09 2.33884e+09 2.29394e+09 0 0 0 0 0 0 0 0 0 0 0 0 0 0 0 0 0 0 0 0 0 0 0 0 0 0 0 0 0 0 0 0 
0 0 0 0 0 0 0 0 0 0 5.55082e+09 1.32676e+11 6.04351e+11 1.14991e+12 1.33837e+12 1.1842e+12 9.02608e+11 6.38318e+11 4.35826e+11 2.93209e+11 1.96891e+11 1.32905e+11 9.10607e+10 6.36888e+10 4.57793e+10 3.396e+10 2.61031e+10 2.08526e+10 1.72887e+10 1.49684e+10 1.35591e+10 1.27118e+10 1.2436e+10 0 0 0 0 0 0 0 0 0 0 0 0 0 0 0 0 0 0 0 0 0 0 0 0 0 0 0 0 0 0 0 0 
0 0 0 0 0 0 0 0 0 0 1.0708e+09 8.13896e+10 6.53845e+11 1.82637e+12 2.77227e+12 2.95272e+12 2.56953e+12 2.0001e+12 1.47184e+12 1.05433e+12 7.48693e+11 5.3235e+11 3.82328e+11 2.78865e+11 2.07534e+11 1.58834e+11 1.25163e+11 1.02157e+11 8.60105e+10 7.52232e+10 6.83742e+10 6.45054e+10 6.33336e+10 0 0 0 0 0 0 0 0 0 0 0 0 0 0 0 0 0 0 0 0 0 0 0 0 0 0 0 0 0 0 0 0 
0 0 0 0 0 0 0 0 0 0 0 3.57712e+10 5.49073e+11 2.35325e+12 4.82736e+12 6.37337e+12 6.46827e+12 5.63204e+12 4.50488e+12 3.44832e+12 2.58932e+12 1.93427e+12 1.45143e+12 1.10156e+12 8.49789e+11 6.69868e+11 5.41768e+11 4.50149e+11 3.8665e+11 3.42418e+11 3.1355e+11 2.97689e+11 2.92123e+11 0 0 0 0 0 0 0 0 0 0 0 0 0 0 0 0 0 0 0 0 0 0 0 0 0 0 0 0 0 0 0 0 
0 0 0 0 0 0 0 0 0 0 0 1.03409e+10 3.54072e+11 2.43707e+12 7.00113e+12 1.17792e+13 1.42738e+13 1.41581e+13 1.24666e+13 1.02734e+13 8.17784e+12 6.42179e+12 5.02919e+12 3.96404e+12 3.1642e+12 2.56745e+12 2.12823e+12 1.80742e+12 1.57501e+12 1.41441e+12 1.30832e+12 1.24753e+12 1.22724e+12 0 0 0 0 0 0 0 0 0 0 0 0 0 0 0 0 0 0 0 0 0 0 0 0 0 0 0 0 0 0 0 0 
0 0 0 0 0 0 0 0 0 0 0 1.70868e+09 1.72669e+11 2.01315e+12 8.3725e+12 1.84743e+13 2.73383e+13 3.148e+13 3.1006e+13 2.78074e+13 2.362e+13 1.95475e+13 1.59972e+13 1.30869e+13 1.07952e+13 9.01233e+12 7.64549e+12 6.62605e+12 5.87805e+12 5.33875e+12 4.98234e+12 4.77868e+12 4.71128e+12 0 0 0 0 0 0 0 0 0 0 0 0 0 0 0 0 0 0 0 0 0 0 0 0 0 0 0 0 0 0 0 0 
0 0 0 0 0 0 0 0 0 0 0 0 6.20422e+10 1.31948e+12 8.20848e+12 2.44046e+13 4.51329e+13 6.1439e+13 6.87402e+13 6.79221e+13 6.22332e+13 5.45721e+13 4.68114e+13 3.98622e+13 3.39285e+13 2.91554e+13 2.53347e+13 2.23984e+13 2.01569e+13 1.85591e+13 1.74575e+13 1.68327e+13 1.6625e+13 0 0 0 0 0 0 0 0 0 0 0 0 0 0 0 0 0 0 0 0 0 0 0 0 0 0 0 0 0 0 0 0 
0 0 0 0 0 0 0 0 0 0 0 0 1.49991e+10 6.80964e+11 6.57044e+12 2.69831e+13 6.37293e+13 1.04575e+14 1.34971e+14 1.4891e+14 1.48662e+14 1.39348e+14 1.26012e+14 1.11854e+14 9.87023e+13 8.71937e+13 7.76927e+13 6.9976e+13 6.40757e+13 5.96678e+13 5.66271e+13 5.4906e+13 5.42745e+13 0 0 0 0 0 0 0 0 0 0 0 0 0 0 0 0 0 0 0 0 0 0 0 0 0 0 0 0 0 0 0 0 
0 0 0 0 0 0 0 0 0 0 0 0 2.24647e+09 2.72883e+11 4.27964e+12 2.48623e+13 7.66181e+13 1.54237e+14 2.33277e+14 2.91236e+14 3.20066e+14 3.2355e+14 3.108e+14 2.89284e+14 2.65125e+14 2.41673e+14 2.20716e+14 2.03048e+14 1.88965e+14 1.78124e+14 1.70594e+14 1.66039e+14 1.64687e+14 0 0 0 0 0 0 0 0 0 0 0 0 0 0 0 0 0 0 0 0 0 0 0 0 0 0 0 0 0 0 0 0 
0 0 0 0 0 0 0 0 0 0 0 0 0 8.27024e+10 2.26333e+12 1.90662e+13 7.80234e+13 1.96151e+14 3.5283e+14 5.04741e+14 6.17641e+14 6.80673e+14 6.98713e+14 6.86809e+14 6.57013e+14 6.20175e+14 5.82402e+14 5.4782e+14 5.18082e+14 4.9471e+14 4.77991e+14 4.67948e+14 4.6462e+14 0 0 0 0 0 0 0 0 0 0 0 0 0 0 0 0 0 0 0 0 0 0 0 0 0 0 0 0 0 0 0 0 
0 0 0 0 0 0 0 0 0 0 0 0 0 1.7271e+10 9.64494e+11 1.21559e+13 6.72472e+13 2.14199e+14 4.65013e+14 7.72221e+14 1.06383e+15 1.28776e+15 1.427e+15 1.48921e+15 1.49569e+15 1.46667e+15 1.42103e+15 1.36915e+15 1.32008e+15 1.27791e+15 1.24712e+15 1.22795e+15 1.222e+15 0 0 0 0 0 0 0 0 0 0 0 0 0 0 0 0 0 0 0 0 0 0 0 0 0 0 0 0 0 0 0 0 
0 0 0 0 0 0 0 0 0 0 0 0 0 2.5188e+09 3.27453e+11 6.44032e+12 4.89944e+13 2.0057e+14 5.32162e+14 1.0376e+15 1.62623e+15 2.18392e+15 2.63032e+15 2.936e+15 3.11289e+15 3.18926e+15 3.19642e+15 3.16608e+15 3.11595e+15 3.06629e+15 3.02413e+15 2.999e+15 2.98825e+15 0 0 0 0 0 0 0 0 0 0 0 0 0 0 0 0 0 0 0 0 0 0 0 0 0 0 0 0 0 0 0 0 
0 0 0 0 0 0 0 0 0 0 0 0 0 0 8.6507e+10 2.83204e+12 3.02225e+13 1.60934e+14 5.27552e+14 1.22153e+15 2.20007e+15 3.30499e+15 4.36097e+15 5.24216e+15 5.89993e+15 6.34161e+15 6.60529e+15 6.74189e+15 6.79885e+15 6.80509e+15 6.79462e+15 6.78052e+15 6.77176e+15 0 0 0 0 0 0 0 0 0 0 0 0 0 0 0 0 0 0 0 0 0 0 0 0 0 0 0 0 0 0 0 0 
0 0 0 0 0 0 0 0 0 0 0 0 0 0 1.62024e+10 1.02799e+12 1.58146e+13 1.10823e+14 4.53418e+14 1.25768e+15 2.62505e+15 4.45097e+15 6.47827e+15 8.44031e+15 1.01387e+16 1.14901e+16 1.24893e+16 1.31874e+16 1.36417e+16 1.3929e+16 1.40857e+16 1.41642e+16 1.41936e+16 0 0 0 0 0 0 0 0 0 0 0 0 0 0 0 0 0 0 0 0 0 0 0 0 0 0 0 0 0 0 0 0 
0 0 0 0 0 0 0 0 0 0 0 0 0 0 2.5087e+09 3.05399e+11 7.02163e+12 6.55982e+13 3.37744e+14 1.13149e+15 2.76099e+15 5.32118e+15 8.60494e+15 1.22189e+16 1.57566e+16 1.89127e+16 2.15355e+16 2.35922e+16 2.51143e+16 2.61824e+16 2.68877e+16 2.72714e+16 2.74085e+16 0 0 0 0 0 0 0 0 0 0 0 0 0 0 0 0 0 0 0 0 0 0 0 0 0 0 0 0 0 0 0 0 
0 0 0 0 0 0 0 0 0 0 0 0 0 0 0 7.30051e+10 2.64811e+12 3.35344e+13 2.18845e+14 8.91186e+14 2.5567e+15 5.63677e+15 1.01967e+16 1.58769e+16 2.20741e+16 2.81799e+16 3.37346e+16 3.84434e+16 4.2235e+16 4.50745e+16 4.70226e+16 4.81835e+16 4.85307e+16 0 0 0 0 0 0 0 0 0 0 0 0 0 0 0 0 0 0 0 0 0 0 0 0 0 0 0 0 0 0 0 0 
0 0 0 0 0 0 0 0 0 0 0 0 0 0 0 1.27922e+10 8.44839e+11 1.48307e+13 1.23736e+14 6.15519e+14 2.08736e+15 5.29578e+15 1.07635e+16 1.84644e+16 2.78247e+16 3.79533e+16 4.79306e+16 5.70319e+16 6.47603e+16 7.08637e+16 7.5235e+16 7.78373e+16 7.87179e+16 0 0 0 0 0 0 0 0 0 0 0 0 0 0 0 0 0 0 0 0 0 0 0 0 0 0 0 0 0 0 0 0 
0 0 0 0 0 0 0 0 0 0 0 0 0 0 0 2.30277e+09 2.27657e+11 5.69052e+12 6.12833e+13 3.74347e+14 1.50659e+15 4.4147e+15 1.01291e+16 1.92354e+16 3.15353e+16 4.6117e+16 6.16359e+16 7.67692e+16 9.0315e+16 1.01527e+17 1.09804e+17 1.14852e+17 1.16538e+17 0 0 0 0 0 0 0 0 0 0 0 0 0 0 0 0 0 0 0 0 0 0 0 0 0 0 0 0 0 0 0 0 
0 0 0 0 0 0 0 0 0 0 0 0 0 0 0 0 5.16126e+10 1.90198e+12 2.67342e+13 2.0136e+14 9.64098e+14 3.27295e+15 8.50581e+15 1.79422e+16 3.212e+16 5.04947e+16 7.16613e+16 9.3621e+16 1.14429e+17 1.32298e+17 1.45948e+17 1.5444e+17 1.57391e+17 0 0 0 0 0 0 0 0 0 0 0 0 0 0 0 0 0 0 0 0 0 0 0 0 0 0 0 0 0 0 0 0 
0 0 0 0 0 0 0 0 0 0 0 0 0 0 0 0 8.84854e+09 5.52711e+11 1.03201e+13 9.62124e+13 5.49757e+14 2.16571e+15 6.39012e+15 1.50029e+16 2.94003e+16 4.98619e+16 7.52804e+16 1.03434e+17 1.31531e+17 1.56661e+17 1.76436e+17 1.89096e+17 1.93358e+17 0 0 0 0 0 0 0 0 0 0 0 0 0 0 0 0 0 0 0 0 0 0 0 0 0 0 0 0 0 0 0 0 
0 0 0 0 0 0 0 0 0 0 0 0 0 0 0 0 1.98383e+09 1.41375e+11 3.54138e+12 4.11372e+13 2.80775e+14 1.28459e+15 4.30639e+15 1.12805e+16 2.42424e+16 4.44328e+16 7.15285e+16 1.03528e+17 1.37156e+17 1.6854e+17 1.94013e+17 2.10563e+17 2.16334e+17 0 0 0 0 0 0 0 0 0 0 0 0 0 0 0 0 0 0 0 0 0 0 0 0 0 0 0 0 0 0 0 0 
0 0 0 0 0 0 0 0 0 0 0 0 0 0 0 0 0 3.19888e+10 1.08641e+12 1.58305e+13 1.29108e+14 6.86772e+14 2.61767e+15 7.65203e+15 1.80568e+16 3.58103e+16 6.1558e+16 9.39881e+16 1.29862e+17 1.64811e+17 1.94024e+17 2.13429e+17 2.20183e+17 0 0 0 0 0 0 0 0 0 0 0 0 0 0 0 0 0 0 0 0 0 0 0 0 0 0 0 0 0 0 0 0 
0 0 0 0 0 0 0 0 0 0 0 0 0 0 0 0 0 5.52278e+09 2.99887e+11 5.52075e+12 5.39268e+13 3.32868e+14 1.4413e+15 4.70293e+15 1.21908e+16 2.61639e+16 4.80643e+16 7.75002e+16 1.11857e+17 1.46654e+17 1.76664e+17 1.96914e+17 2.0413e+17 0 0 0 0 0 0 0 0 0 0 0 0 0 0 0 0 0 0 0 0 0 0 0 0 0 0 0 0 0 0 0 0 
0 0 0 0 0 0 0 0 0 0 0 0 0 0 0 0 0 1.59812e+09 7.67506e+10 1.75929e+12 2.05985e+13 1.47439e+14 7.24017e+14 2.63185e+15 7.48868e+15 1.74097e+16 3.41768e+16 5.82091e+16 8.77435e+16 1.19001e+17 1.46731e+17 1.65903e+17 1.72723e+17 0 0 0 0 0 0 0 0 0 0 0 0 0 0 0 0 0 0 0 0 0 0 0 0 0 0 0 0 0 0 0 0 
0 0 0 0 0 0 0 0 0 0 0 0 0 0 0 0 0 0 1.81151e+10 5.16811e+11 7.24352e+12 6.00893e+13 3.3393e+14 1.35016e+15 4.21357e+15 1.05944e+16 2.22337e+16 3.99874e+16 6.2994e+16 8.82741e+16 1.11463e+17 1.27797e+17 1.33662e+17 0 0 0 0 0 0 0 0 0 0 0 0 0 0 0 0 0 0 0 0 0 0 0 0 0 0 0 0 0 0 0 0 
0 0 0 0 0 0 0 0 0 0 0 0 0 0 0 0 0 0 3.13912e+09 1.41861e+11 2.3752e+12 2.27276e+13 1.42511e+14 6.39432e+14 2.18184e+15 5.9269e+15 1.32772e+16 2.52138e+16 4.14898e+16 6.01415e+16 7.77406e+16 9.0378e+16 9.49873e+16 0 0 0 0 0 0 0 0 0 0 0 0 0 0 0 0 0 0 0 0 0 0 0 0 0 0 0 0 0 0 0 0 
0 0 0 0 0 0 0 0 0 0 0 0 0 0 0 0 0 0 1.19012e+09 3.82108e+10 7.35167e+11 8.05668e+12 5.677e+13 2.81613e+14 1.04833e+15 3.06939e+15 7.32739e+15 1.46776e+16 2.52014e+16 3.77564e+16 4.99553e+16 5.88888e+16 6.21969e+16 0 0 0 0 0 0 0 0 0 0 0 0 0 0 0 0 0 0 0 0 0 0 0 0 0 0 0 0 0 0 0 0 
0 0 0 0 0 0 0 0 0 0 0 0 0 0 0 0 0 0 0 9.50495e+09 2.15506e+11 2.69723e+12 2.12972e+13 1.16344e+14 4.7054e+14 1.48122e+15 3.76084e+15 7.9305e+15 1.42007e+16 2.19613e+16 2.97357e+16 3.55414e+16 3.76923e+16 0 0 0 0 0 0 0 0 0 0 0 0 0 0 0 0 0 0 0 0 0 0 0 0 0 0 0 0 0 0 0 0 
0 0 0 0 0 0 0 0 0 0 0 0 0 0 0 0 0 0 0 1.6069e+09 6.12815e+10 8.70469e+11 7.60523e+12 4.5464e+13 1.99198e+14 6.71103e+14 1.80793e+15 4.00377e+15 7.46615e+15 1.19137e+16 1.64833e+16 1.99662e+16 2.12693e+16 0 0 0 0 0 0 0 0 0 0 0 0 0 0 0 0 0 0 0 0 0 0 0 0 0 0 0 0 0 0 0 0 
0 0 0 0 0 0 0 0 0 0 0 0 0 0 0 0 0 0 0 8.0909e+08 1.78332e+10 2.72681e+11 2.60542e+12 1.69695e+13 8.00622e+13 2.87979e+14 8.19814e+14 1.90412e+15 3.68758e+15 6.06323e+15 8.56941e+15 1.05112e+16 1.12407e+16 0 0 0 0 0 0 0 0 0 0 0 0 0 0 0 0 0 0 0 0 0 0 0 0 0 0 0 0 0 0 0 0 
0 0 0 0 0 0 0 0 0 0 0 0 0 0 0 0 0 0 0 0 4.57688e+09 8.19081e+10 8.68744e+11 6.11558e+12 3.08922e+13 1.18e+14 3.5395e+14 8.58747e+14 1.72415e+15 2.91595e+15 4.20602e+15 5.22027e+15 5.608e+15 0 0 0 0 0 0 0 0 0 0 0 0 0 0 0 0 0 0 0 0 0 0 0 0 0 0 0 0 0 0 0 0 
0 0 0 0 0 0 0 0 0 0 0 0 0 0 0 0 0 0 0 0 7.26111e+08 2.46876e+10 2.87074e+11 2.1497e+12 1.15303e+13 4.6557e+13 1.46555e+14 3.70362e+14 7.69298e+14 1.33509e+15 1.96237e+15 2.46428e+15 2.65727e+15 0 0 0 0 0 0 0 0 0 0 0 0 0 0 0 0 0 0 0 0 0 0 0 0 0 0 0 0 0 0 0 0 
0 0 0 0 0 0 0 0 0 0 0 0 0 0 0 0 0 0 0 0 4.97174e+08 7.75768e+09 9.27384e+10 7.40348e+11 4.21245e+12 1.78643e+13 5.87247e+13 1.54152e+14 3.29938e+14 5.86349e+14 8.77463e+14 1.11363e+15 1.20479e+15 0 0 0 0 0 0 0 0 0 0 0 0 0 0 0 0 0 0 0 0 0 0 0 0 0 0 0 0 0 0 0 0 
0 0 0 0 0 0 0 0 0 0 0 0 0 0 0 0 0 0 0 0 0 1.97578e+09 2.86014e+10 2.53884e+11 1.52016e+12 6.71744e+12 2.29569e+13 6.22948e+13 1.37063e+14 2.49373e+14 3.79006e+14 4.85277e+14 5.27211e+14 0 0 0 0 0 0 0 0 0 0 0 0 0 0 0 0 0 0 0 0 0 0 0 0 0 0 0 0 0 0 0 0 
0 0 0 0 0 0 0 0 0 0 0 0 0 0 0 0 0 0 0 0 0 2.84372e+08 9.26388e+09 8.7561e+10 5.42739e+11 2.49766e+12 8.839e+12 2.4693e+13 5.57629e+13 1.03318e+14 1.59165e+14 2.05799e+14 2.23993e+14 0 0 0 0 0 0 0 0 0 0 0 0 0 0 0 0 0 0 0 0 0 0 0 0 0 0 0 0 0 0 0 0 
0 0 0 0 0 0 0 0 0 0 0 0 0 0 0 0 0 0 0 0 0 2.73307e+08 3.08446e+09 2.88143e+10 1.91542e+11 9.25824e+11 3.37097e+12 9.65908e+12 2.23055e+13 4.20312e+13 6.56429e+13 8.54651e+13 9.32371e+13 0 0 0 0 0 0 0 0 0 0 0 0 0 0 0 0 0 0 0 0 0 0 0 0 0 0 0 0 0 0 0 0 
0 0 0 0 0 0 0 0 0 0 0 0 0 0 0 0 0 0 0 0 0 0 7.48558e+08 9.07438e+09 6.86186e+10 3.42551e+11 1.27981e+12 3.76409e+12 8.84918e+12 1.69411e+13 2.67177e+13 3.50083e+13 3.83272e+13 0 0 0 0 0 0 0 0 0 0 0 0 0 0 0 0 0 0 0 0 0 0 0 0 0 0 0 0 0 0 0 0 
0 0 0 0 0 0 0 0 0 0 0 0 0 0 0 0 0 0 0 0 0 0 9.46084e+07 3.20043e+09 2.44851e+10 1.24465e+11 4.85919e+11 1.46457e+12 3.49668e+12 6.7929e+12 1.08108e+13 1.42576e+13 1.5622e+13 0 0 0 0 0 0 0 0 0 0 0 0 0 0 0 0 0 0 0 0 0 0 0 0 0 0 0 0 0 0 0 0 
0 0 0 0 0 0 0 0 0 0 0 0 0 0 0 0 0 0 0 0 0 0 1.33231e+08 1.09822e+09 7.96625e+09 4.51541e+10 1.85624e+11 5.66988e+11 1.38206e+12 2.71902e+12 4.36826e+12 5.79226e+12 6.35272e+12 0 0 0 0 0 0 0 0 0 0 0 0 0 0 0 0 0 0 0 0 0 0 0 0 0 0 0 0 0 0 0 0 
0 0 0 0 0 0 0 0 0 0 0 0 0 0 0 0 0 0 0 0 0 0 0 2.43527e+08 2.58196e+09 1.69815e+10 6.97387e+10 2.1923e+11 5.48764e+11 1.0884e+12 1.76941e+12 2.35088e+12 2.5858e+12 0 0 0 0 0 0 0 0 0 0 0 0 0 0 0 0 0 0 0 0 0 0 0 0 0 0 0 0 0 0 0 0 
0 0 0 0 0 0 0 0 0 0 0 0 0 0 0 0 0 0 0 0 0 0 0 2.61295e+07 1.011e+09 6.09015e+09 2.5408e+10 8.56874e+10 2.16609e+11 4.35841e+11 7.17022e+11 9.56146e+11 1.05777e+12 0 0 0 0 0 0 0 0 0 0 0 0 0 0 0 0 0 0 0 0 0 0 0 0 0 0 0 0 0 0 0 0 
0 0 0 0 0 0 0 0 0 0 0 0 0 0 0 0 0 0 0 0 0 0 0 5.70248e+07 3.42317e+08 1.89826e+09 9.6075e+09 3.33429e+10 8.44044e+10 1.76221e+11 2.89108e+11 3.91054e+11 4.30829e+11 0 0 0 0 0 0 0 0 0 0 0 0 0 0 0 0 0 0 0 0 0 0 0 0 0 0 0 0 0 0 0 0 
0 0 0 0 0 0 0 0 0 0 0 0 0 0 0 0 0 0 0 0 0 0 0 0 6.63217e+07 6.61023e+08 3.77631e+09 1.23294e+10 3.3375e+10 7.06252e+10 1.16406e+11 1.60087e+11 1.74722e+11 0 0 0 0 0 0 0 0 0 0 0 0 0 0 0 0 0 0 0 0 0 0 0 0 0 0 0 0 0 0 0 0 
0 0 0 0 0 0 0 0 0 0 0 0 0 0 0 0 0 0 0 0 0 0 0 0 5.82012e+06 2.87698e+08 1.2935e+09 4.52055e+09 1.34293e+10 2.75244e+10 4.75673e+10 6.44415e+10 7.17854e+10 0 0 0 0 0 0 0 0 0 0 0 0 0 0 0 0 0 0 0 0 0 0 0 0 0 0 0 0 0 0 0 0 
0 0 0 0 0 0 0 0 0 0 0 0 0 0 0 0 0 0 0 0 0 0 0 0 2.11869e+07 9.07012e+07 3.80216e+08 1.83971e+09 5.12087e+09 1.08095e+10 1.94065e+10 2.57189e+10 2.95785e+10 0 0 0 0 0 0 0 0 0 0 0 0 0 0 0 0 0 0 0 0 0 0 0 0 0 0 0 0 0 0 0 0 
0 0 0 0 0 0 0 0 0 0 0 0 0 0 0 0 0 0 0 0 0 0 0 0 0 1.46414e+07 1.54595e+08 7.29132e+08 1.81345e+09 4.47182e+09 7.52453e+09 1.05606e+10 1.17793e+10 0 0 0 0 0 0 0 0 0 0 0 0 0 0 0 0 0 0 0 0 0 0 0 0 0 0 0 0 0 0 0 0 
0 0 0 0 0 0 0 0 0 0 0 0 0 0 0 0 0 0 0 0 0 0 0 0 0 1.00109e+06 7.17785e+07 2.2227e+08 7.07502e+08 1.7913e+09 2.86739e+09 4.40566e+09 4.54514e+09 0 0 0 0 0 0 0 0 0 0 0 0 0 0 0 0 0 0 0 0 0 0 0 0 0 0 0 0 0 0 0 0 
0 0 0 0 0 0 0 0 0 0 0 0 0 0 0 0 0 0 0 0 0 0 0 0 0 6.74713e+06 1.97165e+07 6.38571e+07 3.13351e+08 6.25668e+08 1.19679e+09 1.70276e+09 1.86369e+09 0 0 0 0 0 0 0 0 0 0 0 0 0 0 0 0 0 0 0 0 0 0 0 0 0 0 0 0 0 0 0 0 
0 0 0 0 0 0 0 0 0 0 0 0 0 0 0 0 0 0 0 0 0 0 0 0 0 0 2.50789e+06 3.32047e+07 1.14878e+08 2.19062e+08 5.1403e+08 6.09824e+08 8.08728e+08 0 0 0 0 0 0 0 0 0 0 0 0 0 0 0 0 0 0 0 0 0 0 0 0 0 0 0 0 0 0 0 0 
0 0 0 0 0 0 0 0 0 0 0 0 0 0 0 0 0 0 0 0 0 0 0 0 0 0 124594 1.50877e+07 2.87446e+07 1.00154e+08 1.84412e+08 2.49004e+08 3.12187e+08 0 0 0 0 0 0 0 0 0 0 0 0 0 0 0 0 0 0 0 0 0 0 0 0 0 0 0 0 0 0 0 0 
0 0 0 0 0 0 0 0 0 0 0 0 0 0 0 0 0 0 0 0 0 0 0 0 0 0 1.81271e+06 3.35213e+06 9.38521e+06 4.49478e+07 5.59864e+07 1.16368e+08 1.00714e+08 0 0 0 0 0 0 0 0 0 0 0 0 0 0 0 0 0 0 0 0 0 0 0 0 0 0 0 0 0 0 0 0 
0 0 0 0 0 0 0 0 0 0 0 0 0 0 0 0 0 0 0 0 0 0 0 0 0 0 0 311766 6.37815e+06 1.34235e+07 2.32181e+07 4.50508e+07 3.79968e+07 0 0 0 0 0 0 0 0 0 0 0 0 0 0 0 0 0 0 0 0 0 0 0 0 0 0 0 0 0 0 0 0 
0 0 0 0 0 0 0 0 0 0 0 0 0 0 0 0 0 0 0 0 0 0 0 0 0 0 0 9979.74 2.52491e+06 2.54881e+06 1.26229e+07 1.22412e+07 1.98413e+07 0 0 0 0 0 0 0 0 0 0 0 0 0 0 0 0 0 0 0 0 0 0 0 0 0 0 0 0 0 0 0 0 
0 0 0 0 0 0 0 0 0 0 0 0 0 0 0 0 0 0 0 0 0 0 0 0 0 0 0 402512 415654 1.318e+06 4.80825e+06 3.71516e+06 8.63566e+06 0 0 0 0 0 0 0 0 0 0 0 0 0 0 0 0 0 0 0 0 0 0 0 0 0 0 0 0 0 0 0 0 
0 0 0 0 0 0 0 0 0 0 0 0 0 0 0 0 0 0 0 0 0 0 0 0 0 0 0 0 24943.4 1.02342e+06 1.00051e+06 2.39467e+06 2.27845e+06 0 0 0 0 0 0 0 0 0 0 0 0 0 0 0 0 0 0 0 0 0 0 0 0 0 0 0 0 0 0 0 0 
0 0 0 0 0 0 0 0 0 0 0 0 0 0 0 0 0 0 0 0 0 0 0 0 0 0 0 0 382.971 311443 138119 1.22953e+06 393836 0 0 0 0 0 0 0 0 0 0 0 0 0 0 0 0 0 0 0 0 0 0 0 0 0 0 0 0 0 0 0 0 
0 0 0 0 0 0 0 0 0 0 0 0 0 0 0 0 0 0 0 0 0 0 0 0 0 0 0 0 71866.1 33252.1 179655 309567 255619 0 0 0 0 0 0 0 0 0 0 0 0 0 0 0 0 0 0 0 0 0 0 0 0 0 0 0 0 0 0 0 0 
0 0 0 0 0 0 0 0 0 0 0 0 0 0 0 0 0 0 0 0 0 0 0 0 0 0 0 0 0 959.196 124587 37431.2 211013 0 0 0 0 0 0 0 0 0 0 0 0 0 0 0 0 0 0 0 0 0 0 0 0 0 0 0 0 0 0 0 0 
0 0 0 0 0 0 0 0 0 0 0 0 0 0 0 0 0 0 0 0 0 0 0 0 0 0 0 0 0 0 24919.4 3838.29 68278.8 0 0 0 0 0 0 0 0 0 0 0 0 0 0 0 0 0 0 0 0 0 0 0 0 0 0 0 0 0 0 0 0 
0 0 0 0 0 0 0 0 0 0 0 0 0 0 0 0 0 0 0 0 0 0 0 0 0 0 0 0 0 9912.56 1279.13 20771.3 7676.02 0 0 0 0 0 0 0 0 0 0 0 0 0 0 0 0 0 0 0 0 0 0 0 0 0 0 0 0 0 0 0 0 
0 0 0 0 0 0 0 0 0 0 0 0 0 0 0 0 0 0 0 0 0 0 0 0 0 0 0 0 0 0 0 9967.36 480.057 0 0 0 0 0 0 0 0 0 0 0 0 0 0 0 0 0 0 0 0 0 0 0 0 0 0 0 0 0 0 0 0 
0 0 0 0 0 0 0 0 0 0 0 0 0 0 0 0 0 0 0 0 0 0 0 0 0 0 0 0 0 0 0 958.614 0 0 0 0 0 0 0 0 0 0 0 0 0 0 0 0 0 0 0 0 0 0 0 0 0 0 0 0 0 0 0 0 0 
0 0 0 0 0 0 0 0 0 0 0 0 0 0 0 0 0 0 0 0 0 0 0 0 0 0 0 0 0 0 991.256 0 1661.65 0 0 0 0 0 0 0 0 0 0 0 0 0 0 0 0 0 0 0 0 0 0 0 0 0 0 0 0 0 0 0 0 
0 0 0 0 0 0 0 0 0 0 0 0 0 0 0 0 0 0 0 0 0 0 0 0 0 0 0 0 0 0 0 0 383.384 0 0 0 0 0 0 0 0 0 0 0 0 0 0 0 0 0 0 0 0 0 0 0 0 0 0 0 0 0 0 0 0 
0 0 0 0 0 0 0 0 0 0 0 0 0 0 0 0 0 0 0 0 0 0 0 0 0 0 0 0 0 0 0 0 0 0 0 0 0 0 0 0 0 0 0 0 0 0 0 0 0 0 0 0 0 0 0 0 0 0 0 0 0 0 0 0 0 
0 0 0 0 0 0 0 0 0 0 0 0 0 0 0 0 0 0 0 0 0 0 0 0 0 0 0 0 0 0 0 63.952 0 0 0 0 0 0 0 0 0 0 0 0 0 0 0 0 0 0 0 0 0 0 0 0 0 0 0 0 0 0 0 0 0 
0 0 0 0 0 0 0 0 0 0 0 0 0 0 0 0 0 0 0 0 0 0 0 0 0 0 0 0 0 0 0 0 0 0 0 0 0 0 0 0 0 0 0 0 0 0 0 0 0 0 0 0 0 0 0 0 0 0 0 0 0 0 0 0 0 
0 0 0 0 0 0 0 0 0 0 0 0 0 0 0 0 0 0 0 0 0 0 0 0 0 0 0 0 0 0 0 0 0 0 0 0 0 0 0 0 0 0 0 0 0 0 0 0 0 0 0 0 0 0 0 0 0 0 0 0 0 0 0 0 0 
0 0 0 0 0 0 0 0 0 0 0 0 0 0 0 0 0 0 0 0 0 0 0 0 0 0 0 0 0 0 0 0 1.9985 0 0 0 0 0 0 0 0 0 0 0 0 0 0 0 0 0 0 0 0 0 0 0 0 0 0 0 0 0 0 0 0 
