1 0 0 0 0 0 0 0 0 0 0 0 0 0 0 0 0 0 0 0 0 0 0 0 0 0 0 0 0 0 0 0 0 0 0 0 0 0 0 0 0 0 0 0 0 0 0 0 0 0 0 0 0 0 0 0 0 0 0 0 0 0 0 0 1 
0 0 0 0 0 0 0 0 0 0 0 0 0 0 0 0 0 0 0 0 0 0 0 0 0 0 0 0 0 0 0 0 0 0 0 0 0 0 0 0 0 0 0 0 0 0 0 0 0 0 0 0 0 0 0 0 0 0 0 0 0 0 0 0 0 
0 0 0 0 0 0 0 0 0 0 0 0 0 0 0 0 0 0 0 0 0 0 0 0 0 0 0 0 0 0 0 0 0 0 0 0 0 0 0 0 0 0 0 0 0 0 0 0 0 0 0 0 0 0 0 0 0 0 0 0 0 0 0 0 0 
0 64 0 0 0 0 0 0 0 0 0 0 0 0 0 0 0 0 0 0 0 0 0 0 0 0 0 0 0 0 0 0 0 0 0 0 0 0 0 0 0 0 0 0 0 0 0 0 0 0 0 0 0 0 0 0 0 0 0 0 0 0 0 0 0 
0 0 0 0 0 0 0 0 0 0 0 0 0 0 0 0 0 0 0 0 0 0 0 0 0 0 0 0 0 0 0 0 0 0 0 0 0 0 0 0 0 0 0 0 0 0 0 0 0 0 0 0 0 0 0 0 0 0 0 0 0 0 0 0 0 
0 0 192 0 0 0 0 0 0 0 0 0 0 0 0 0 0 0 0 0 0 0 0 0 0 0 0 0 0 0 0 0 0 0 0 0 0 0 0 0 0 0 0 0 0 0 0 0 0 0 0 0 0 0 0 0 0 0 0 0 0 0 0 0 0 
0 0 1824 0 0 0 0 0 0 0 0 0 0 0 0 0 0 0 0 0 0 0 0 0 0 0 0 0 0 0 0 0 0 0 0 0 0 0 0 0 0 0 0 0 0 0 0 0 0 0 0 0 0 0 0 0 0 0 0 0 0 0 0 0 0 
0 0 0 959.498 0 0 0 0 0 0 0 0 0 0 0 0 0 0 0 0 0 0 0 0 0 0 0 0 0 0 0 0 0 0 0 0 0 0 0 0 0 0 0 0 0 0 0 0 0 0 0 0 0 0 0 0 0 0 0 0 0 0 0 0 0 
0 0 0 9985 239.875 0 0 0 0 0 0 0 0 0 0 0 0 0 0 0 0 0 0 0 0 0 0 0 0 0 0 0 0 0 0 0 0 0 0 0 0 0 0 0 0 0 0 0 0 0 0 0 0 0 0 0 0 0 0 0 0 0 0 0 0 
0 0 0 30719.5 5116.89 0 0 0 0 0 0 0 0 0 0 0 0 0 0 0 0 0 0 0 0 0 0 0 0 0 0 0 0 0 0 0 0 0 0 0 0 0 0 0 0 0 0 0 0 0 0 0 0 0 0 0 0 0 0 0 0 0 0 0 0 
0 0 0 0 59145.8 3836.35 0 0 0 0 0 0 0 0 0 0 0 0 0 0 0 0 0 0 0 0 0 0 0 0 0 0 0 0 0 0 0 0 0 0 0 0 0 0 0 0 0 0 0 0 0 0 0 0 0 0 0 0 0 0 0 0 0 0 0 
0 0 0 0 228470 38383.8 1918.17 0 0 0 0 0 0 0 0 0 0 0 0 0 0 0 0 0 0 0 0 0 0 0 0 0 0 0 0 0 0 0 0 0 0 0 0 0 0 0 0 0 0 0 0 0 0 0 0 0 0 0 0 0 0 0 0 0 0 
0 0 0 0 342403 341627 37134 1279.62 159.952 0 0 0 0 0 0 0 0 0 0 0 0 0 0 0 0 0 0 0 0 0 0 0 0 0 0 0 0 0 0 0 0 0 0 0 0 0 0 0 0 0 0 0 0 0 0 0 0 0 0 0 0 0 0 0 0 
0 0 0 0 0 1.50541e+06 335382 37493.4 0 0 0 0 0 0 0 0 0 0 0 0 0 0 0 0 0 0 0 0 0 0 0 0 0 0 0 0 0 0 0 0 0 0 0 0 0 0 0 0 0 0 0 0 0 0 0 0 0 0 0 0 0 0 0 0 0 
0 0 0 0 0 3.05301e+06 2.11926e+06 364928 46106 3844.83 0 0 0 0 0 0 0 0 0 0 0 0 0 0 0 0 0 0 0 0 0 0 0 0 0 0 0 0 0 0 0 0 0 0 0 0 0 0 0 0 0 0 0 0 0 0 0 0 0 0 0 0 0 0 0 
0 0 0 0 0 2.68224e+06 9.07543e+06 2.71277e+06 459318 42699.4 5774.42 0 0 0 0 0 0 0 0 0 0 0 0 0 0 0 0 0 0 0 0 0 0 0 0 0 0 0 0 0 0 0 0 0 0 0 0 0 0 0 0 0 0 0 0 0 0 0 0 0 0 0 0 0 0 
0 0 0 0 0 0 2.14103e+07 1.40851e+07 3.58404e+06 698839 80651.1 11563.9 1448.17 0 0 0 60.3435 0 0 0 0 0 0 0 0 0 0 0 0 0 0 0 11.9443 0 0 0 0 0 0 0 0 0 0 0 0 0 0 0 0 0 0 0 0 0 0 0 0 0 0 0 0 0 0 0 0 
0 0 0 0 0 0 2.66691e+07 5.33592e+07 2.08356e+07 5.25131e+06 1.1009e+06 160568 15348.7 5752.66 1920.98 965.496 0 0 0 0 0 0 0 0 0 0 0 0 0 0 0 0 0 0 0 0 0 0 0 0 0 0 0 0 0 0 0 0 0 0 0 0 0 0 0 0 0 0 0 0 0 0 0 0 0 
0 0 0 0 0 0 1.53258e+07 1.30841e+08 9.33968e+07 3.17943e+07 8.4e+06 1.93294e+06 401153 50128.6 5320.24 0 0 1925.73 0 0 0 0 0 0 0 0 0 0 0 0 0 382.218 0 0 0 0 0 0 0 0 0 0 0 0 0 0 0 0 0 0 0 0 0 0 0 0 0 0 0 0 0 0 0 0 0 
0 0 0 0 0 0 0 1.92595e+08 3.12129e+08 1.55311e+08 5.33338e+07 1.53979e+07 3.70797e+06 867723 210803 53849.2 28911.7 957.889 3844.39 0 0 0 0 0 0 0 0 0 0 0 959.004 0 0 0 0 0 0 0 0 0 0 0 0 0 0 0 0 0 0 0 0 0 0 0 0 0 0 0 0 0 0 0 0 0 0 
0 0 0 0 0 0 0 1.61714e+08 7.40071e+08 5.98287e+08 2.62344e+08 9.32143e+07 3.03363e+07 8.48626e+06 2.16142e+06 603671 128659 53790.8 27899.8 11584 2908.36 0 0 0 479.402 0 0 0 962.493 3832.52 4965.38 0 11903.7 0 0 0 0 0 0 0 0 0 0 0 0 0 0 0 0 0 0 0 0 0 0 0 0 0 0 0 0 0 0 0 0 
0 0 0 0 0 0 0 6.55055e+07 1.16488e+09 1.78749e+09 1.0954e+09 4.75997e+08 1.7882e+08 6.29427e+07 2.00375e+07 5.98038e+06 2.00056e+06 818927 241927 135617 30703.1 23170.6 11586.5 7685.23 0 3862.5 5771.89 11535.1 15330.9 21105.1 0 28795.7 384.626 0 0 0 0 0 0 0 0 0 0 0 0 0 0 0 0 0 0 0 0 0 0 0 0 0 0 0 0 0 0 0 0 
0 0 0 0 0 0 0 0 1.17074e+09 3.96865e+09 3.6811e+09 2.02174e+09 9.05408e+08 3.68338e+08 1.41635e+08 5.11668e+07 1.80058e+07 6.20705e+06 2.75937e+06 1.13457e+06 739978 261211 123333 78914.8 92675.3 86777 77034.9 74778.8 93333.4 61306.9 111325 151681 68226.3 0 0 0 0 0 0 0 0 0 0 0 0 0 0 0 0 0 0 0 0 0 0 0 0 0 0 0 0 0 0 0 0 
0 0 0 0 0 0 0 0 7.06557e+08 6.2927e+09 9.82679e+09 7.24191e+09 3.87828e+09 1.82459e+09 8.04513e+08 3.36824e+08 1.35454e+08 5.43685e+07 2.26079e+07 1.04278e+07 4.7785e+06 2.89379e+06 1.7444e+06 1.07207e+06 723584 468568 531002 530197 492250 435202 685611 267614 707714 0 0 0 0 0 0 0 0 0 0 0 0 0 0 0 0 0 0 0 0 0 0 0 0 0 0 0 0 0 0 0 0 
0 0 0 0 0 0 0 0 2.13465e+08 6.86706e+09 2.02385e+10 2.14622e+10 1.43005e+10 7.76239e+09 3.86286e+09 1.83853e+09 8.47378e+08 3.83062e+08 1.71012e+08 7.9202e+07 3.99491e+07 2.18042e+07 1.21109e+07 7.71522e+06 5.13519e+06 4.61765e+06 3.51829e+06 3.1371e+06 2.58218e+06 3.37513e+06 2.34883e+06 2.96121e+06 2.93099e+06 0 0 0 0 0 0 0 0 0 0 0 0 0 0 0 0 0 0 0 0 0 0 0 0 0 0 0 0 0 0 0 0 
0 0 0 0 0 0 0 0 0 5.01284e+09 3.1148e+10 5.1321e+10 4.47521e+10 2.88631e+10 1.62433e+10 8.60935e+09 4.39673e+09 2.20219e+09 1.10131e+09 5.54192e+08 2.86432e+08 1.53682e+08 9.28941e+07 5.83476e+07 4.03212e+07 2.75502e+07 2.1632e+07 1.76226e+07 1.76129e+07 1.48925e+07 1.38772e+07 1.53778e+07 1.21676e+07 0 0 0 0 0 0 0 0 0 0 0 0 0 0 0 0 0 0 0 0 0 0 0 0 0 0 0 0 0 0 0 0 
0 0 0 0 0 0 0 0 0 2.28164e+09 3.49796e+10 9.73121e+10 1.17148e+11 9.27638e+10 5.98559e+10 3.522e+10 1.98901e+10 1.09622e+10 5.96328e+09 3.25056e+09 1.79649e+09 1.02606e+09 6.01127e+08 3.77686e+08 2.50589e+08 1.79558e+08 1.38686e+08 1.1375e+08 9.52782e+07 8.01891e+07 8.29741e+07 7.28011e+07 7.77314e+07 0 0 0 0 0 0 0 0 0 0 0 0 0 0 0 0 0 0 0 0 0 0 0 0 0 0 0 0 0 0 0 0 
0 0 0 0 0 0 0 0 0 5.38826e+08 2.79945e+10 1.42725e+11 2.5199e+11 2.55624e+11 1.94441e+11 1.28351e+11 7.92591e+10 4.74943e+10 2.80378e+10 1.65104e+10 9.78676e+09 5.89248e+09 3.6596e+09 2.35294e+09 1.5848e+09 1.12905e+09 8.38069e+08 6.62102e+08 5.39866e+08 4.93039e+08 4.33928e+08 4.13949e+08 4.0543e+08 0 0 0 0 0 0 0 0 0 0 0 0 0 0 0 0 0 0 0 0 0 0 0 0 0 0 0 0 0 0 0 0 
0 0 0 0 0 0 0 0 0 0 1.55634e+10 1.59037e+11 4.37731e+11 5.94103e+11 5.49867e+11 4.1467e+11 2.82541e+11 1.83424e+11 1.16633e+11 7.35979e+10 4.64785e+10 2.97745e+10 1.94183e+10 1.30029e+10 9.0289e+09 6.48737e+09 4.88711e+09 3.83678e+09 3.19992e+09 2.73904e+09 2.46133e+09 2.33432e+09 2.29428e+09 0 0 0 0 0 0 0 0 0 0 0 0 0 0 0 0 0 0 0 0 0 0 0 0 0 0 0 0 0 0 0 0 
0 0 0 0 0 0 0 0 0 0 5.5497e+09 1.32669e+11 6.04373e+11 1.14977e+12 1.33835e+12 1.18418e+12 9.0205e+11 6.38314e+11 4.3579e+11 2.93091e+11 1.9671e+11 1.32759e+11 9.10544e+10 6.37195e+10 4.57697e+10 3.39807e+10 2.61145e+10 2.08653e+10 1.7303e+10 1.49448e+10 1.35321e+10 1.27035e+10 1.24234e+10 0 0 0 0 0 0 0 0 0 0 0 0 0 0 0 0 0 0 0 0 0 0 0 0 0 0 0 0 0 0 0 0 
0 0 0 0 0 0 0 0 0 0 1.07094e+09 8.13943e+10 6.53888e+11 1.82615e+12 2.7721e+12 2.95346e+12 2.57166e+12 2.00097e+12 1.47197e+12 1.05489e+12 7.48572e+11 5.32612e+11 3.82179e+11 2.78637e+11 2.07885e+11 1.59091e+11 1.25185e+11 1.01892e+11 8.59411e+10 7.5233e+10 6.83499e+10 6.45412e+10 6.33713e+10 0 0 0 0 0 0 0 0 0 0 0 0 0 0 0 0 0 0 0 0 0 0 0 0 0 0 0 0 0 0 0 0 
0 0 0 0 0 0 0 0 0 0 0 3.57746e+10 5.48894e+11 2.35387e+12 4.82867e+12 6.3737e+12 6.47003e+12 5.63572e+12 4.50716e+12 3.44927e+12 2.58956e+12 1.93522e+12 1.45173e+12 1.10145e+12 8.49722e+11 6.69443e+11 5.41587e+11 4.50531e+11 3.86155e+11 3.42402e+11 3.13907e+11 2.97503e+11 2.92565e+11 0 0 0 0 0 0 0 0 0 0 0 0 0 0 0 0 0 0 0 0 0 0 0 0 0 0 0 0 0 0 0 0 
0 0 0 0 0 0 0 0 0 0 0 1.03422e+10 3.54153e+11 2.43705e+12 6.99955e+12 1.17788e+13 1.42687e+13 1.41537e+13 1.24709e+13 1.02739e+13 8.18455e+12 6.41962e+12 5.03068e+12 3.96576e+12 3.1647e+12 2.56622e+12 2.12737e+12 1.80693e+12 1.57768e+12 1.41433e+12 1.30748e+12 1.24694e+12 1.22676e+12 0 0 0 0 0 0 0 0 0 0 0 0 0 0 0 0 0 0 0 0 0 0 0 0 0 0 0 0 0 0 0 0 
0 0 0 0 0 0 0 0 0 0 0 1.70819e+09 1.72673e+11 2.0123e+12 8.37168e+12 1.84765e+13 2.73411e+13 3.1467e+13 3.09909e+13 2.77994e+13 2.36235e+13 1.95531e+13 1.59964e+13 1.30916e+13 1.07882e+13 9.00965e+12 7.64592e+12 6.63259e+12 5.87854e+12 5.34393e+12 4.98245e+12 4.77826e+12 4.70908e+12 0 0 0 0 0 0 0 0 0 0 0 0 0 0 0 0 0 0 0 0 0 0 0 0 0 0 0 0 0 0 0 0 
0 0 0 0 0 0 0 0 0 0 0 0 6.20687e+10 1.3199e+12 8.20997e+12 2.44016e+13 4.51335e+13 6.14426e+13 6.87575e+13 6.79212e+13 6.22393e+13 5.4571e+13 4.68335e+13 3.98355e+13 3.39535e+13 2.91445e+13 2.53543e+13 2.24035e+13 2.01679e+13 1.85646e+13 1.74692e+13 1.68275e+13 1.66373e+13 0 0 0 0 0 0 0 0 0 0 0 0 0 0 0 0 0 0 0 0 0 0 0 0 0 0 0 0 0 0 0 0 
0 0 0 0 0 0 0 0 0 0 0 0 1.50006e+10 6.81093e+11 6.56903e+12 2.69782e+13 6.37327e+13 1.04595e+14 1.3498e+14 1.48939e+14 1.48598e+14 1.3931e+14 1.25975e+14 1.11867e+14 9.86748e+13 8.71906e+13 7.76823e+13 7.00459e+13 6.40666e+13 5.96481e+13 5.66593e+13 5.48627e+13 5.42839e+13 0 0 0 0 0 0 0 0 0 0 0 0 0 0 0 0 0 0 0 0 0 0 0 0 0 0 0 0 0 0 0 0 
0 0 0 0 0 0 0 0 0 0 0 0 2.24445e+09 2.72854e+11 4.2806e+12 2.48688e+13 7.66099e+13 1.54284e+14 2.33262e+14 2.91269e+14 3.20028e+14 3.23655e+14 3.10821e+14 2.89391e+14 2.65198e+14 2.41799e+14 2.21015e+14 2.0319e+14 1.88949e+14 1.78114e+14 1.70475e+14 1.66095e+14 1.64657e+14 0 0 0 0 0 0 0 0 0 0 0 0 0 0 0 0 0 0 0 0 0 0 0 0 0 0 0 0 0 0 0 0 
0 0 0 0 0 0 0 0 0 0 0 0 0 8.2697e+10 2.26345e+12 1.9065e+13 7.8028e+13 1.96091e+14 3.52858e+14 5.04816e+14 6.17929e+14 6.80631e+14 6.9883e+14 6.86988e+14 6.57051e+14 6.2027e+14 5.82471e+14 5.47538e+14 5.17976e+14 4.95028e+14 4.78102e+14 4.68245e+14 4.64567e+14 0 0 0 0 0 0 0 0 0 0 0 0 0 0 0 0 0 0 0 0 0 0 0 0 0 0 0 0 0 0 0 0 
0 0 0 0 0 0 0 0 0 0 0 0 0 1.72789e+10 9.64418e+11 1.21547e+13 6.72461e+13 2.14167e+14 4.6504e+14 7.72153e+14 1.06366e+15 1.28786e+15 1.42669e+15 1.48931e+15 1.49602e+15 1.46691e+15 1.42016e+15 1.36879e+15 1.32031e+15 1.27839e+15 1.24732e+15 1.22809e+15 1.2222e+15 0 0 0 0 0 0 0 0 0 0 0 0 0 0 0 0 0 0 0 0 0 0 0 0 0 0 0 0 0 0 0 0 
0 0 0 0 0 0 0 0 0 0 0 0 0 2.51449e+09 3.27428e+11 6.44164e+12 4.8991e+13 2.006e+14 5.32067e+14 1.03767e+15 1.6265e+15 2.18383e+15 2.63012e+15 2.93587e+15 3.11285e+15 3.18806e+15 3.19606e+15 3.16518e+15 3.11542e+15 3.06575e+15 3.02496e+15 2.99706e+15 2.9872e+15 0 0 0 0 0 0 0 0 0 0 0 0 0 0 0 0 0 0 0 0 0 0 0 0 0 0 0 0 0 0 0 0 
0 0 0 0 0 0 0 0 0 0 0 0 0 0 8.65182e+10 2.83191e+12 3.02264e+13 1.60943e+14 5.27599e+14 1.22149e+15 2.20019e+15 3.30602e+15 4.36098e+15 5.2415e+15 5.89964e+15 6.34116e+15 6.60785e+15 6.74362e+15 6.79955e+15 6.80503e+15 6.79232e+15 6.77885e+15 6.7741e+15 0 0 0 0 0 0 0 0 0 0 0 0 0 0 0 0 0 0 0 0 0 0 0 0 0 0 0 0 0 0 0 0 
0 0 0 0 0 0 0 0 0 0 0 0 0 0 1.61979e+10 1.028e+12 1.58105e+13 1.10807e+14 4.53288e+14 1.25733e+15 2.62477e+15 4.44989e+15 6.48051e+15 8.44085e+15 1.01373e+16 1.14909e+16 1.24873e+16 1.31869e+16 1.36388e+16 1.39272e+16 1.40902e+16 1.41662e+16 1.41916e+16 0 0 0 0 0 0 0 0 0 0 0 0 0 0 0 0 0 0 0 0 0 0 0 0 0 0 0 0 0 0 0 0 
0 0 0 0 0 0 0 0 0 0 0 0 0 0 2.50665e+09 3.05254e+11 7.02506e+12 6.56156e+13 3.37882e+14 1.13152e+15 2.76021e+15 5.32047e+15 8.60486e+15 1.222e+16 1.5755e+16 1.89093e+16 2.15337e+16 2.35823e+16 2.51139e+16 2.61736e+16 2.68762e+16 2.7283e+16 2.74083e+16 0 0 0 0 0 0 0 0 0 0 0 0 0 0 0 0 0 0 0 0 0 0 0 0 0 0 0 0 0 0 0 0 
0 0 0 0 0 0 0 0 0 0 0 0 0 0 0 7.29706e+10 2.64813e+12 3.35248e+13 2.18857e+14 8.91258e+14 2.55698e+15 5.63733e+15 1.01949e+16 1.5874e+16 2.20762e+16 2.81888e+16 3.37384e+16 3.84625e+16 4.22332e+16 4.50816e+16 4.7033e+16 4.81562e+16 4.85268e+16 0 0 0 0 0 0 0 0 0 0 0 0 0 0 0 0 0 0 0 0 0 0 0 0 0 0 0 0 0 0 0 0 
0 0 0 0 0 0 0 0 0 0 0 0 0 0 0 1.27924e+10 8.44825e+11 1.48293e+13 1.23685e+14 6.15719e+14 2.08759e+15 5.29602e+15 1.07643e+16 1.84664e+16 2.78315e+16 3.79645e+16 4.79454e+16 5.70449e+16 6.47787e+16 7.08691e+16 7.52223e+16 7.78515e+16 7.872e+16 0 0 0 0 0 0 0 0 0 0 0 0 0 0 0 0 0 0 0 0 0 0 0 0 0 0 0 0 0 0 0 0 
0 0 0 0 0 0 0 0 0 0 0 0 0 0 0 2.30194e+09 2.27747e+11 5.69614e+12 6.12985e+13 3.74388e+14 1.5067e+15 4.41425e+15 1.01264e+16 1.92385e+16 3.15356e+16 4.61012e+16 6.16311e+16 7.67523e+16 9.03172e+16 1.01519e+17 1.09824e+17 1.14872e+17 1.1658e+17 0 0 0 0 0 0 0 0 0 0 0 0 0 0 0 0 0 0 0 0 0 0 0 0 0 0 0 0 0 0 0 0 
0 0 0 0 0 0 0 0 0 0 0 0 0 0 0 0 5.15785e+10 1.90142e+12 2.67343e+13 2.01235e+14 9.6427e+14 3.27332e+15 8.50707e+15 1.79368e+16 3.21077e+16 5.04861e+16 7.16541e+16 9.36185e+16 1.14416e+17 1.32312e+17 1.45935e+17 1.54475e+17 1.57383e+17 0 0 0 0 0 0 0 0 0 0 0 0 0 0 0 0 0 0 0 0 0 0 0 0 0 0 0 0 0 0 0 0 
0 0 0 0 0 0 0 0 0 0 0 0 0 0 0 0 8.84086e+09 5.5268e+11 1.0322e+13 9.62331e+13 5.49666e+14 2.1659e+15 6.38986e+15 1.50042e+16 2.9403e+16 4.98691e+16 7.52722e+16 1.0344e+17 1.31529e+17 1.56677e+17 1.76476e+17 1.8909e+17 1.93381e+17 0 0 0 0 0 0 0 0 0 0 0 0 0 0 0 0 0 0 0 0 0 0 0 0 0 0 0 0 0 0 0 0 
0 0 0 0 0 0 0 0 0 0 0 0 0 0 0 0 1.98339e+09 1.41411e+11 3.5425e+12 4.11438e+13 2.80662e+14 1.2844e+15 4.30761e+15 1.12815e+16 2.42471e+16 4.44349e+16 7.15172e+16 1.03517e+17 1.37137e+17 1.68537e+17 1.94009e+17 2.10519e+17 2.16267e+17 0 0 0 0 0 0 0 0 0 0 0 0 0 0 0 0 0 0 0 0 0 0 0 0 0 0 0 0 0 0 0 0 
0 0 0 0 0 0 0 0 0 0 0 0 0 0 0 0 0 3.19791e+10 1.08671e+12 1.58323e+13 1.29153e+14 6.86623e+14 2.6172e+15 7.65152e+15 1.8053e+16 3.58001e+16 6.15575e+16 9.39852e+16 1.29879e+17 1.64788e+17 1.9401e+17 2.13381e+17 2.2016e+17 0 0 0 0 0 0 0 0 0 0 0 0 0 0 0 0 0 0 0 0 0 0 0 0 0 0 0 0 0 0 0 0 
0 0 0 0 0 0 0 0 0 0 0 0 0 0 0 0 0 5.51812e+09 2.99982e+11 5.52017e+12 5.3928e+13 3.33111e+14 1.44173e+15 4.7027e+15 1.21927e+16 2.61706e+16 4.80722e+16 7.74873e+16 1.11845e+17 1.46645e+17 1.76623e+17 1.96944e+17 2.04142e+17 0 0 0 0 0 0 0 0 0 0 0 0 0 0 0 0 0 0 0 0 0 0 0 0 0 0 0 0 0 0 0 0 
0 0 0 0 0 0 0 0 0 0 0 0 0 0 0 0 0 1.59834e+09 7.67102e+10 1.75996e+12 2.0594e+13 1.47378e+14 7.23811e+14 2.632e+15 7.48948e+15 1.74153e+16 3.41922e+16 5.82157e+16 8.77682e+16 1.18989e+17 1.46704e+17 1.65904e+17 1.72716e+17 0 0 0 0 0 0 0 0 0 0 0 0 0 0 0 0 0 0 0 0 0 0 0 0 0 0 0 0 0 0 0 0 
0 0 0 0 0 0 0 0 0 0 0 0 0 0 0 0 0 0 1.81014e+10 5.17135e+11 7.24795e+12 6.0097e+13 3.33911e+14 1.35039e+15 4.2128e+15 1.05911e+16 2.2227e+16 4.00017e+16 6.29789e+16 8.82849e+16 1.11514e+17 1.27776e+17 1.33691e+17 0 0 0 0 0 0 0 0 0 0 0 0 0 0 0 0 0 0 0 0 0 0 0 0 0 0 0 0 0 0 0 0 
0 0 0 0 0 0 0 0 0 0 0 0 0 0 0 0 0 0 3.13701e+09 1.41956e+11 2.37469e+12 2.27267e+13 1.42567e+14 6.39463e+14 2.18202e+15 5.92763e+15 1.3275e+16 2.52122e+16 4.14927e+16 6.01538e+16 7.77359e+16 9.04168e+16 9.49864e+16 0 0 0 0 0 0 0 0 0 0 0 0 0 0 0 0 0 0 0 0 0 0 0 0 0 0 0 0 0 0 0 0 
0 0 0 0 0 0 0 0 0 0 0 0 0 0 0 0 0 0 1.19042e+09 3.81878e+10 7.35595e+11 8.05065e+12 5.67673e+13 2.81671e+14 1.04804e+15 3.06869e+15 7.32891e+15 1.46754e+16 2.52043e+16 3.77546e+16 4.99585e+16 5.88817e+16 6.21943e+16 0 0 0 0 0 0 0 0 0 0 0 0 0 0 0 0 0 0 0 0 0 0 0 0 0 0 0 0 0 0 0 0 
0 0 0 0 0 0 0 0 0 0 0 0 0 0 0 0 0 0 0 9.50166e+09 2.1571e+11 2.70007e+12 2.12967e+13 1.16345e+14 4.70836e+14 1.4813e+15 3.76104e+15 7.93127e+15 1.41986e+16 2.19611e+16 2.97273e+16 3.55444e+16 3.76947e+16 0 0 0 0 0 0 0 0 0 0 0 0 0 0 0 0 0 0 0 0 0 0 0 0 0 0 0 0 0 0 0 0 
0 0 0 0 0 0 0 0 0 0 0 0 0 0 0 0 0 0 0 1.60576e+09 6.1311e+10 8.7042e+11 7.59632e+12 4.54878e+13 1.99151e+14 6.7117e+14 1.8072e+15 4.00498e+15 7.46522e+15 1.1914e+16 1.64946e+16 1.99694e+16 2.12703e+16 0 0 0 0 0 0 0 0 0 0 0 0 0 0 0 0 0 0 0 0 0 0 0 0 0 0 0 0 0 0 0 0 
0 0 0 0 0 0 0 0 0 0 0 0 0 0 0 0 0 0 0 8.094e+08 1.78224e+10 2.72752e+11 2.60488e+12 1.69585e+13 8.00698e+13 2.88014e+14 8.19903e+14 1.90368e+15 3.68818e+15 6.06354e+15 8.56728e+15 1.05101e+16 1.12428e+16 0 0 0 0 0 0 0 0 0 0 0 0 0 0 0 0 0 0 0 0 0 0 0 0 0 0 0 0 0 0 0 0 
0 0 0 0 0 0 0 0 0 0 0 0 0 0 0 0 0 0 0 0 4.57162e+09 8.18683e+10 8.69085e+11 6.11086e+12 3.08966e+13 1.17943e+14 3.5407e+14 8.58533e+14 1.72483e+15 2.915e+15 4.20553e+15 5.21988e+15 5.60935e+15 0 0 0 0 0 0 0 0 0 0 0 0 0 0 0 0 0 0 0 0 0 0 0 0 0 0 0 0 0 0 0 0 
0 0 0 0 0 0 0 0 0 0 0 0 0 0 0 0 0 0 0 0 7.25845e+08 2.4711e+10 2.868e+11 2.14838e+12 1.15329e+13 4.6549e+13 1.46536e+14 3.70427e+14 7.68809e+14 1.33492e+15 1.96189e+15 2.46355e+15 2.65636e+15 0 0 0 0 0 0 0 0 0 0 0 0 0 0 0 0 0 0 0 0 0 0 0 0 0 0 0 0 0 0 0 0 
0 0 0 0 0 0 0 0 0 0 0 0 0 0 0 0 0 0 0 0 4.97303e+08 7.74846e+09 9.2732e+10 7.39944e+11 4.20809e+12 1.78637e+13 5.86906e+13 1.54031e+14 3.29957e+14 5.86854e+14 8.77327e+14 1.11321e+15 1.20465e+15 0 0 0 0 0 0 0 0 0 0 0 0 0 0 0 0 0 0 0 0 0 0 0 0 0 0 0 0 0 0 0 0 
0 0 0 0 0 0 0 0 0 0 0 0 0 0 0 0 0 0 0 0 0 1.97348e+09 2.85907e+10 2.53867e+11 1.51975e+12 6.7152e+12 2.29437e+13 6.23291e+13 1.37166e+14 2.49475e+14 3.78922e+14 4.85416e+14 5.26963e+14 0 0 0 0 0 0 0 0 0 0 0 0 0 0 0 0 0 0 0 0 0 0 0 0 0 0 0 0 0 0 0 0 
0 0 0 0 0 0 0 0 0 0 0 0 0 0 0 0 0 0 0 0 0 2.84351e+08 9.26135e+09 8.75126e+10 5.42501e+11 2.49662e+12 8.83793e+12 2.46778e+13 5.57136e+13 1.03337e+14 1.59284e+14 2.05797e+14 2.23963e+14 0 0 0 0 0 0 0 0 0 0 0 0 0 0 0 0 0 0 0 0 0 0 0 0 0 0 0 0 0 0 0 0 
0 0 0 0 0 0 0 0 0 0 0 0 0 0 0 0 0 0 0 0 0 2.73283e+08 3.08008e+09 2.88155e+10 1.91382e+11 9.24962e+11 3.37077e+12 9.66209e+12 2.23034e+13 4.20558e+13 6.56613e+13 8.54666e+13 9.33034e+13 0 0 0 0 0 0 0 0 0 0 0 0 0 0 0 0 0 0 0 0 0 0 0 0 0 0 0 0 0 0 0 0 
0 0 0 0 0 0 0 0 0 0 0 0 0 0 0 0 0 0 0 0 0 0 7.47634e+08 9.06893e+09 6.85745e+10 3.42466e+11 1.27924e+12 3.76096e+12 8.84813e+12 1.69287e+13 2.67416e+13 3.5032e+13 3.83133e+13 0 0 0 0 0 0 0 0 0 0 0 0 0 0 0 0 0 0 0 0 0 0 0 0 0 0 0 0 0 0 0 0 
0 0 0 0 0 0 0 0 0 0 0 0 0 0 0 0 0 0 0 0 0 0 9.46932e+07 3.19774e+09 2.44644e+10 1.24397e+11 4.85417e+11 1.46319e+12 3.49343e+12 6.79454e+12 1.08106e+13 1.42584e+13 1.56172e+13 0 0 0 0 0 0 0 0 0 0 0 0 0 0 0 0 0 0 0 0 0 0 0 0 0 0 0 0 0 0 0 0 
0 0 0 0 0 0 0 0 0 0 0 0 0 0 0 0 0 0 0 0 0 0 1.33168e+08 1.09716e+09 7.96741e+09 4.51324e+10 1.85372e+11 5.66879e+11 1.38067e+12 2.72013e+12 4.36695e+12 5.79522e+12 6.35508e+12 0 0 0 0 0 0 0 0 0 0 0 0 0 0 0 0 0 0 0 0 0 0 0 0 0 0 0 0 0 0 0 0 
0 0 0 0 0 0 0 0 0 0 0 0 0 0 0 0 0 0 0 0 0 0 0 2.43258e+08 2.5788e+09 1.69585e+10 6.96403e+10 2.18997e+11 5.48545e+11 1.08707e+12 1.76765e+12 2.35316e+12 2.58885e+12 0 0 0 0 0 0 0 0 0 0 0 0 0 0 0 0 0 0 0 0 0 0 0 0 0 0 0 0 0 0 0 0 
0 0 0 0 0 0 0 0 0 0 0 0 0 0 0 0 0 0 0 0 0 0 0 2.61751e+07 1.00994e+09 6.08909e+09 2.54049e+10 8.55233e+10 2.16461e+11 4.35475e+11 7.16752e+11 9.55203e+11 1.058e+12 0 0 0 0 0 0 0 0 0 0 0 0 0 0 0 0 0 0 0 0 0 0 0 0 0 0 0 0 0 0 0 0 
0 0 0 0 0 0 0 0 0 0 0 0 0 0 0 0 0 0 0 0 0 0 0 5.69785e+07 3.42031e+08 1.89732e+09 9.59815e+09 3.33433e+10 8.4353e+10 1.75992e+11 2.88902e+11 3.90518e+11 4.30356e+11 0 0 0 0 0 0 0 0 0 0 0 0 0 0 0 0 0 0 0 0 0 0 0 0 0 0 0 0 0 0 0 0 
0 0 0 0 0 0 0 0 0 0 0 0 0 0 0 0 0 0 0 0 0 0 0 0 6.62422e+07 6.60494e+08 3.77212e+09 1.23113e+10 3.33121e+10 7.054e+10 1.16255e+11 1.59948e+11 1.74592e+11 0 0 0 0 0 0 0 0 0 0 0 0 0 0 0 0 0 0 0 0 0 0 0 0 0 0 0 0 0 0 0 0 
0 0 0 0 0 0 0 0 0 0 0 0 0 0 0 0 0 0 0 0 0 0 0 0 5.82672e+06 2.87455e+08 1.29209e+09 4.52339e+09 1.34191e+10 2.75057e+10 4.75053e+10 6.44254e+10 7.17064e+10 0 0 0 0 0 0 0 0 0 0 0 0 0 0 0 0 0 0 0 0 0 0 0 0 0 0 0 0 0 0 0 0 
0 0 0 0 0 0 0 0 0 0 0 0 0 0 0 0 0 0 0 0 0 0 0 0 2.11709e+07 9.06165e+07 3.80078e+08 1.83812e+09 5.11931e+09 1.08068e+10 1.93818e+10 2.56974e+10 2.95465e+10 0 0 0 0 0 0 0 0 0 0 0 0 0 0 0 0 0 0 0 0 0 0 0 0 0 0 0 0 0 0 0 0 
0 0 0 0 0 0 0 0 0 0 0 0 0 0 0 0 0 0 0 0 0 0 0 0 0 1.46264e+07 1.544e+08 7.28192e+08 1.81195e+09 4.46284e+09 7.51972e+09 1.0553e+10 1.1758e+10 0 0 0 0 0 0 0 0 0 0 0 0 0 0 0 0 0 0 0 0 0 0 0 0 0 0 0 0 0 0 0 0 
0 0 0 0 0 0 0 0 0 0 0 0 0 0 0 0 0 0 0 0 0 0 0 0 0 1.00282e+06 7.1816e+07 2.2201e+08 7.07172e+08 1.79077e+09 2.866e+09 4.40298e+09 4.54314e+09 0 0 0 0 0 0 0 0 0 0 0 0 0 0 0 0 0 0 0 0 0 0 0 0 0 0 0 0 0 0 0 0 
0 0 0 0 0 0 0 0 0 0 0 0 0 0 0 0 0 0 0 0 0 0 0 0 0 6.74178e+06 1.9695e+07 6.37841e+07 3.13184e+08 6.25161e+08 1.19556e+09 1.69996e+09 1.86359e+09 0 0 0 0 0 0 0 0 0 0 0 0 0 0 0 0 0 0 0 0 0 0 0 0 0 0 0 0 0 0 0 0 
0 0 0 0 0 0 0 0 0 0 0 0 0 0 0 0 0 0 0 0 0 0 0 0 0 0 2.50569e+06 3.31732e+07 1.14787e+08 2.19046e+08 5.13236e+08 6.09787e+08 8.07895e+08 0 0 0 0 0 0 0 0 0 0 0 0 0 0 0 0 0 0 0 0 0 0 0 0 0 0 0 0 0 0 0 0 
0 0 0 0 0 0 0 0 0 0 0 0 0 0 0 0 0 0 0 0 0 0 0 0 0 0 124907 1.50889e+07 2.87269e+07 1.00048e+08 1.84383e+08 2.48644e+08 3.12035e+08 0 0 0 0 0 0 0 0 0 0 0 0 0 0 0 0 0 0 0 0 0 0 0 0 0 0 0 0 0 0 0 0 
0 0 0 0 0 0 0 0 0 0 0 0 0 0 0 0 0 0 0 0 0 0 0 0 0 0 1.81112e+06 3.34787e+06 9.3704e+06 4.49254e+07 5.59387e+07 1.16177e+08 1.00583e+08 0 0 0 0 0 0 0 0 0 0 0 0 0 0 0 0 0 0 0 0 0 0 0 0 0 0 0 0 0 0 0 0 
0 0 0 0 0 0 0 0 0 0 0 0 0 0 0 0 0 0 0 0 0 0 0 0 0 0 0 311589 6.37575e+06 1.34099e+07 2.31954e+07 4.5009e+07 3.7971e+07 0 0 0 0 0 0 0 0 0 0 0 0 0 0 0 0 0 0 0 0 0 0 0 0 0 0 0 0 0 0 0 0 
0 0 0 0 0 0 0 0 0 0 0 0 0 0 0 0 0 0 0 0 0 0 0 0 0 0 0 10004.8 2.52412e+06 2.54571e+06 1.26213e+07 1.22342e+07 1.98077e+07 0 0 0 0 0 0 0 0 0 0 0 0 0 0 0 0 0 0 0 0 0 0 0 0 0 0 0 0 0 0 0 0 
0 0 0 0 0 0 0 0 0 0 0 0 0 0 0 0 0 0 0 0 0 0 0 0 0 0 0 402156 415205 1.31697e+06 4.80459e+06 3.7103e+06 8.61671e+06 0 0 0 0 0 0 0 0 0 0 0 0 0 0 0 0 0 0 0 0 0 0 0 0 0 0 0 0 0 0 0 0 
0 0 0 0 0 0 0 0 0 0 0 0 0 0 0 0 0 0 0 0 0 0 0 0 0 0 0 0 24926.7 1.0232e+06 999082 2.39247e+06 2.27834e+06 0 0 0 0 0 0 0 0 0 0 0 0 0 0 0 0 0 0 0 0 0 0 0 0 0 0 0 0 0 0 0 0 
0 0 0 0 0 0 0 0 0 0 0 0 0 0 0 0 0 0 0 0 0 0 0 0 0 0 0 0 384.503 311297 138196 1.2291e+06 393423 0 0 0 0 0 0 0 0 0 0 0 0 0 0 0 0 0 0 0 0 0 0 0 0 0 0 0 0 0 0 0 0 
0 0 0 0 0 0 0 0 0 0 0 0 0 0 0 0 0 0 0 0 0 0 0 0 0 0 0 0 71802.4 33218.8 179420 309269 255285 0 0 0 0 0 0 0 0 0 0 0 0 0 0 0 0 0 0 0 0 0 0 0 0 0 0 0 0 0 0 0 0 
0 0 0 0 0 0 0 0 0 0 0 0 0 0 0 0 0 0 0 0 0 0 0 0 0 0 0 0 0 958.781 124514 37402.6 210821 0 0 0 0 0 0 0 0 0 0 0 0 0 0 0 0 0 0 0 0 0 0 0 0 0 0 0 0 0 0 0 0 
0 0 0 0 0 0 0 0 0 0 0 0 0 0 0 0 0 0 0 0 0 0 0 0 0 0 0 0 0 0 24905.6 3843.27 68253.9 0 0 0 0 0 0 0 0 0 0 0 0 0 0 0 0 0 0 0 0 0 0 0 0 0 0 0 0 0 0 0 0 
0 0 0 0 0 0 0 0 0 0 0 0 0 0 0 0 0 0 0 0 0 0 0 0 0 0 0 0 0 9903.78 1277.71 20741.2 7668.36 0 0 0 0 0 0 0 0 0 0 0 0 0 0 0 0 0 0 0 0 0 0 0 0 0 0 0 0 0 0 0 0 
0 0 0 0 0 0 0 0 0 0 0 0 0 0 0 0 0 0 0 0 0 0 0 0 0 0 0 0 0 0 0 9961.39 478.25 0 0 0 0 0 0 0 0 0 0 0 0 0 0 0 0 0 0 0 0 0 0 0 0 0 0 0 0 0 0 0 0 
0 0 0 0 0 0 0 0 0 0 0 0 0 0 0 0 0 0 0 0 0 0 0 0 0 0 0 0 0 0 0 958.025 0 0 0 0 0 0 0 0 0 0 0 0 0 0 0 0 0 0 0 0 0 0 0 0 0 0 0 0 0 0 0 0 0 
0 0 0 0 0 0 0 0 0 0 0 0 0 0 0 0 0 0 0 0 0 0 0 0 0 0 0 0 0 0 990.378 0 1659.53 0 0 0 0 0 0 0 0 0 0 0 0 0 0 0 0 0 0 0 0 0 0 0 0 0 0 0 0 0 0 0 0 
0 0 0 0 0 0 0 0 0 0 0 0 0 0 0 0 0 0 0 0 0 0 0 0 0 0 0 0 0 0 0 0 383.15 0 0 0 0 0 0 0 0 0 0 0 0 0 0 0 0 0 0 0 0 0 0 0 0 0 0 0 0 0 0 0 0 
0 0 0 0 0 0 0 0 0 0 0 0 0 0 0 0 0 0 0 0 0 0 0 0 0 0 0 0 0 0 0 0 0 0 0 0 0 0 0 0 0 0 0 0 0 0 0 0 0 0 0 0 0 0 0 0 0 0 0 0 0 0 0 0 0 
0 0 0 0 0 0 0 0 0 0 0 0 0 0 0 0 0 0 0 0 0 0 0 0 0 0 0 0 0 0 0 63.8954 0 0 0 0 0 0 0 0 0 0 0 0 0 0 0 0 0 0 0 0 0 0 0 0 0 0 0 0 0 0 0 0 0 
0 0 0 0 0 0 0 0 0 0 0 0 0 0 0 0 0 0 0 0 0 0 0 0 0 0 0 0 0 0 0 0 0 0 0 0 0 0 0 0 0 0 0 0 0 0 0 0 0 0 0 0 0 0 0 0 0 0 0 0 0 0 0 0 0 
0 0 0 0 0 0 0 0 0 0 0 0 0 0 0 0 0 0 0 0 0 0 0 0 0 0 0 0 0 0 0 0 0 0 0 0 0 0 0 0 0 0 0 0 0 0 0 0 0 0 0 0 0 0 0 0 0 0 0 0 0 0 0 0 0 
0 0 0 0 0 0 0 0 0 0 0 0 0 0 0 0 0 0 0 0 0 0 0 0 0 0 0 0 0 0 0 0 1.99673 0 0 0 0 0 0 0 0 0 0 0 0 0 0 0 0 0 0 0 0 0 0 0 0 0 0 0 0 0 0 0 0 
