1 0 0 0 0 0 0 0 0 0 0 0 0 0 0 0 0 0 0 0 0 0 0 0 0 0 0 0 0 0 0 0 0 0 0 0 0 0 0 0 0 0 0 0 0 0 0 0 0 0 0 0 0 0 0 0 0 0 0 0 0 0 0 0 1 
0 0 0 0 0 0 0 0 0 0 0 0 0 0 0 0 0 0 0 0 0 0 0 0 0 0 0 0 0 0 0 0 0 0 0 0 0 0 0 0 0 0 0 0 0 0 0 0 0 0 0 0 0 0 0 0 0 0 0 0 0 0 0 0 0 
0 0 0 0 0 0 0 0 0 0 0 0 0 0 0 0 0 0 0 0 0 0 0 0 0 0 0 0 0 0 0 0 0 0 0 0 0 0 0 0 0 0 0 0 0 0 0 0 0 0 0 0 0 0 0 0 0 0 0 0 0 0 0 0 0 
0 64 0 0 0 0 0 0 0 0 0 0 0 0 0 0 0 0 0 0 0 0 0 0 0 0 0 0 0 0 0 0 0 0 0 0 0 0 0 0 0 0 0 0 0 0 0 0 0 0 0 0 0 0 0 0 0 0 0 0 0 0 0 0 0 
0 0 0 0 0 0 0 0 0 0 0 0 0 0 0 0 0 0 0 0 0 0 0 0 0 0 0 0 0 0 0 0 0 0 0 0 0 0 0 0 0 0 0 0 0 0 0 0 0 0 0 0 0 0 0 0 0 0 0 0 0 0 0 0 0 
0 0 192 0 0 0 0 0 0 0 0 0 0 0 0 0 0 0 0 0 0 0 0 0 0 0 0 0 0 0 0 0 0 0 0 0 0 0 0 0 0 0 0 0 0 0 0 0 0 0 0 0 0 0 0 0 0 0 0 0 0 0 0 0 0 
0 0 1824 0 0 0 0 0 0 0 0 0 0 0 0 0 0 0 0 0 0 0 0 0 0 0 0 0 0 0 0 0 0 0 0 0 0 0 0 0 0 0 0 0 0 0 0 0 0 0 0 0 0 0 0 0 0 0 0 0 0 0 0 0 0 
0 0 0 959.247 0 0 0 0 0 0 0 0 0 0 0 0 0 0 0 0 0 0 0 0 0 0 0 0 0 0 0 0 0 0 0 0 0 0 0 0 0 0 0 0 0 0 0 0 0 0 0 0 0 0 0 0 0 0 0 0 0 0 0 0 0 
0 0 0 9985.51 239.812 0 0 0 0 0 0 0 0 0 0 0 0 0 0 0 0 0 0 0 0 0 0 0 0 0 0 0 0 0 0 0 0 0 0 0 0 0 0 0 0 0 0 0 0 0 0 0 0 0 0 0 0 0 0 0 0 0 0 0 0 
0 0 0 30719.2 5119.44 0 0 0 0 0 0 0 0 0 0 0 0 0 0 0 0 0 0 0 0 0 0 0 0 0 0 0 0 0 0 0 0 0 0 0 0 0 0 0 0 0 0 0 0 0 0 0 0 0 0 0 0 0 0 0 0 0 0 0 0 
0 0 0 0 59125.9 3836.15 0 0 0 0 0 0 0 0 0 0 0 0 0 0 0 0 0 0 0 0 0 0 0 0 0 0 0 0 0 0 0 0 0 0 0 0 0 0 0 0 0 0 0 0 0 0 0 0 0 0 0 0 0 0 0 0 0 0 0 
0 0 0 0 228503 38379.9 1917.52 0 0 0 0 0 0 0 0 0 0 0 0 0 0 0 0 0 0 0 0 0 0 0 0 0 0 0 0 0 0 0 0 0 0 0 0 0 0 0 0 0 0 0 0 0 0 0 0 0 0 0 0 0 0 0 0 0 0 
0 0 0 0 342388 341691 37069.7 1276.03 159.504 0 0 0 0 0 0 0 0 0 0 0 0 0 0 0 0 0 0 0 0 0 0 0 0 0 0 0 0 0 0 0 0 0 0 0 0 0 0 0 0 0 0 0 0 0 0 0 0 0 0 0 0 0 0 0 0 
0 0 0 0 0 1.50554e+06 335124 37396.8 0 0 0 0 0 0 0 0 0 0 0 0 0 0 0 0 0 0 0 0 0 0 0 0 0 0 0 0 0 0 0 0 0 0 0 0 0 0 0 0 0 0 0 0 0 0 0 0 0 0 0 0 0 0 0 0 0 
0 0 0 0 0 3.05258e+06 2.11904e+06 364647 46110.7 3840.32 0 0 0 0 0 0 0 0 0 0 0 0 0 0 0 0 0 0 0 0 0 0 0 0 0 0 0 0 0 0 0 0 0 0 0 0 0 0 0 0 0 0 0 0 0 0 0 0 0 0 0 0 0 0 0 
0 0 0 0 0 2.68248e+06 9.07687e+06 2.71062e+06 459906 42531 5753.2 0 0 0 0 0 0 0 0 0 0 0 0 0 0 0 0 0 0 0 0 0 0 0 0 0 0 0 0 0 0 0 0 0 0 0 0 0 0 0 0 0 0 0 0 0 0 0 0 0 0 0 0 0 0 
0 0 0 0 0 0 2.14124e+07 1.4083e+07 3.57851e+06 698714 80558.8 11506 1439.84 0 0 0 60.1271 0 0 0 0 0 0 0 0 0 0 0 0 0 0 0 11.9656 0 0 0 0 0 0 0 0 0 0 0 0 0 0 0 0 0 0 0 0 0 0 0 0 0 0 0 0 0 0 0 0 
0 0 0 0 0 0 2.66632e+07 5.33658e+07 2.08308e+07 5.24784e+06 1.0991e+06 160233 15333.5 5749.02 1921.38 962.034 0 0 0 0 0 0 0 0 0 0 0 0 0 0 0 0 0 0 0 0 0 0 0 0 0 0 0 0 0 0 0 0 0 0 0 0 0 0 0 0 0 0 0 0 0 0 0 0 0 
0 0 0 0 0 0 1.53288e+07 1.30859e+08 9.33821e+07 3.17651e+07 8.37822e+06 1.92703e+06 401050 49980.1 5293.88 0 0 1920.53 0 0 0 0 0 0 0 0 0 0 0 0 0 382.899 0 0 0 0 0 0 0 0 0 0 0 0 0 0 0 0 0 0 0 0 0 0 0 0 0 0 0 0 0 0 0 0 0 
0 0 0 0 0 0 0 1.9258e+08 3.12025e+08 1.55251e+08 5.3243e+07 1.53755e+07 3.69666e+06 865722 210455 53896.1 28795.1 956.078 3846.56 0 0 0 0 0 0 0 0 0 0 0 958.327 0 0 0 0 0 0 0 0 0 0 0 0 0 0 0 0 0 0 0 0 0 0 0 0 0 0 0 0 0 0 0 0 0 0 
0 0 0 0 0 0 0 1.6169e+08 7.40228e+08 5.98373e+08 2.62499e+08 9.31904e+07 3.03083e+07 8.45743e+06 2.15292e+06 602088 128618 53773 27816.5 11596.2 2898.76 0 0 0 476.419 0 0 0 961.092 3836.76 4976.61 0 11923.5 0 0 0 0 0 0 0 0 0 0 0 0 0 0 0 0 0 0 0 0 0 0 0 0 0 0 0 0 0 0 0 0 
0 0 0 0 0 0 0 6.55242e+07 1.16498e+09 1.78715e+09 1.09525e+09 4.75873e+08 1.78854e+08 6.29369e+07 2.00099e+07 5.96726e+06 1.99854e+06 816332 241827 135859 30949.8 23106 11572.5 7655.36 0 3866.42 5765.55 11522.2 15356.6 21076.3 0 28822.8 387.554 0 0 0 0 0 0 0 0 0 0 0 0 0 0 0 0 0 0 0 0 0 0 0 0 0 0 0 0 0 0 0 0 
0 0 0 0 0 0 0 0 1.17068e+09 3.969e+09 3.68047e+09 2.0213e+09 9.05256e+08 3.68084e+08 1.41689e+08 5.12746e+07 1.80254e+07 6.20194e+06 2.75611e+06 1.13902e+06 739419 259910 123193 78918.2 92304.4 86521.1 76925.6 75001.7 93476.3 61343.7 111468 151930 68337.5 0 0 0 0 0 0 0 0 0 0 0 0 0 0 0 0 0 0 0 0 0 0 0 0 0 0 0 0 0 0 0 0 
0 0 0 0 0 0 0 0 7.0644e+08 6.29295e+09 9.82652e+09 7.24315e+09 3.87723e+09 1.82416e+09 8.03387e+08 3.36713e+08 1.35501e+08 5.44243e+07 2.26008e+07 1.04274e+07 4.75766e+06 2.88264e+06 1.74586e+06 1.07167e+06 723503 469416 531275 529627 492301 435186 685790 268152 708057 0 0 0 0 0 0 0 0 0 0 0 0 0 0 0 0 0 0 0 0 0 0 0 0 0 0 0 0 0 0 0 0 
0 0 0 0 0 0 0 0 2.13518e+08 6.86732e+09 2.02379e+10 2.14554e+10 1.42972e+10 7.76223e+09 3.86335e+09 1.8354e+09 8.48312e+08 3.82819e+08 1.70976e+08 7.92191e+07 3.98427e+07 2.18021e+07 1.20719e+07 7.70335e+06 5.1376e+06 4.6286e+06 3.52587e+06 3.14232e+06 2.57773e+06 3.37429e+06 2.35283e+06 2.96645e+06 2.93572e+06 0 0 0 0 0 0 0 0 0 0 0 0 0 0 0 0 0 0 0 0 0 0 0 0 0 0 0 0 0 0 0 0 
0 0 0 0 0 0 0 0 0 5.01229e+09 3.11456e+10 5.13211e+10 4.47527e+10 2.88487e+10 1.62406e+10 8.61135e+09 4.39347e+09 2.20277e+09 1.09983e+09 5.52105e+08 2.85683e+08 1.53354e+08 9.29577e+07 5.8299e+07 4.04181e+07 2.7625e+07 2.16219e+07 1.76251e+07 1.76093e+07 1.48674e+07 1.39038e+07 1.53645e+07 1.22044e+07 0 0 0 0 0 0 0 0 0 0 0 0 0 0 0 0 0 0 0 0 0 0 0 0 0 0 0 0 0 0 0 0 
0 0 0 0 0 0 0 0 0 2.28139e+09 3.49887e+10 9.7321e+10 1.17149e+11 9.27705e+10 5.98533e+10 3.52181e+10 1.9868e+10 1.09307e+10 5.96008e+09 3.25195e+09 1.79803e+09 1.02535e+09 6.02436e+08 3.78595e+08 2.51362e+08 1.79621e+08 1.38744e+08 1.13692e+08 9.51382e+07 8.01423e+07 8.30989e+07 7.28573e+07 7.79343e+07 0 0 0 0 0 0 0 0 0 0 0 0 0 0 0 0 0 0 0 0 0 0 0 0 0 0 0 0 0 0 0 0 
0 0 0 0 0 0 0 0 0 5.39099e+08 2.79942e+10 1.42713e+11 2.51916e+11 2.55622e+11 1.94479e+11 1.28243e+11 7.92094e+10 4.74629e+10 2.79994e+10 1.649e+10 9.79253e+09 5.90466e+09 3.66095e+09 2.35285e+09 1.58615e+09 1.1304e+09 8.36884e+08 6.61362e+08 5.39171e+08 4.93387e+08 4.33406e+08 4.13457e+08 4.06057e+08 0 0 0 0 0 0 0 0 0 0 0 0 0 0 0 0 0 0 0 0 0 0 0 0 0 0 0 0 0 0 0 0 
0 0 0 0 0 0 0 0 0 0 1.55569e+10 1.59036e+11 4.37754e+11 5.93917e+11 5.49747e+11 4.14783e+11 2.82525e+11 1.83582e+11 1.16653e+11 7.36058e+10 4.65242e+10 2.97602e+10 1.94027e+10 1.30171e+10 9.02219e+09 6.47812e+09 4.88521e+09 3.83161e+09 3.18951e+09 2.73908e+09 2.46145e+09 2.34181e+09 2.29542e+09 0 0 0 0 0 0 0 0 0 0 0 0 0 0 0 0 0 0 0 0 0 0 0 0 0 0 0 0 0 0 0 0 
0 0 0 0 0 0 0 0 0 0 5.55095e+09 1.32707e+11 6.04429e+11 1.14984e+12 1.33816e+12 1.18383e+12 9.02333e+11 6.3831e+11 4.35624e+11 2.93154e+11 1.96631e+11 1.32724e+11 9.10249e+10 6.37423e+10 4.57745e+10 3.39778e+10 2.60836e+10 2.08084e+10 1.72922e+10 1.49555e+10 1.35401e+10 1.27045e+10 1.24133e+10 0 0 0 0 0 0 0 0 0 0 0 0 0 0 0 0 0 0 0 0 0 0 0 0 0 0 0 0 0 0 0 0 
0 0 0 0 0 0 0 0 0 0 1.0714e+09 8.13702e+10 6.53926e+11 1.82646e+12 2.77156e+12 2.95405e+12 2.56995e+12 1.99968e+12 1.47064e+12 1.05352e+12 7.48535e+11 5.32157e+11 3.81955e+11 2.78631e+11 2.07609e+11 1.58912e+11 1.25153e+11 1.01919e+11 8.59398e+10 7.52289e+10 6.83268e+10 6.446e+10 6.33258e+10 0 0 0 0 0 0 0 0 0 0 0 0 0 0 0 0 0 0 0 0 0 0 0 0 0 0 0 0 0 0 0 0 
0 0 0 0 0 0 0 0 0 0 0 3.5769e+10 5.48924e+11 2.35365e+12 4.8293e+12 6.37187e+12 6.47055e+12 5.63516e+12 4.50498e+12 3.44654e+12 2.58885e+12 1.9328e+12 1.45063e+12 1.10133e+12 8.49446e+11 6.69638e+11 5.41869e+11 4.50131e+11 3.86388e+11 3.42239e+11 3.13569e+11 2.97283e+11 2.9205e+11 0 0 0 0 0 0 0 0 0 0 0 0 0 0 0 0 0 0 0 0 0 0 0 0 0 0 0 0 0 0 0 0 
0 0 0 0 0 0 0 0 0 0 0 1.03426e+10 3.5411e+11 2.43687e+12 7.00078e+12 1.17798e+13 1.4271e+13 1.41563e+13 1.24655e+13 1.02686e+13 8.17693e+12 6.4191e+12 5.02613e+12 3.96096e+12 3.16238e+12 2.56546e+12 2.12629e+12 1.80683e+12 1.5748e+12 1.41273e+12 1.30715e+12 1.24703e+12 1.22764e+12 0 0 0 0 0 0 0 0 0 0 0 0 0 0 0 0 0 0 0 0 0 0 0 0 0 0 0 0 0 0 0 0 
0 0 0 0 0 0 0 0 0 0 0 1.70948e+09 1.7267e+11 2.01278e+12 8.36974e+12 1.84776e+13 2.73342e+13 3.14733e+13 3.10003e+13 2.77953e+13 2.36215e+13 1.95435e+13 1.59862e+13 1.30857e+13 1.07837e+13 9.01102e+12 7.65118e+12 6.6293e+12 5.87517e+12 5.34231e+12 4.98351e+12 4.77736e+12 4.71144e+12 0 0 0 0 0 0 0 0 0 0 0 0 0 0 0 0 0 0 0 0 0 0 0 0 0 0 0 0 0 0 0 0 
0 0 0 0 0 0 0 0 0 0 0 0 6.204e+10 1.31978e+12 8.21056e+12 2.44023e+13 4.51378e+13 6.1439e+13 6.87438e+13 6.79189e+13 6.22214e+13 5.45616e+13 4.68253e+13 3.98282e+13 3.39194e+13 2.91283e+13 2.53309e+13 2.23921e+13 2.0166e+13 1.85609e+13 1.74644e+13 1.68334e+13 1.66195e+13 0 0 0 0 0 0 0 0 0 0 0 0 0 0 0 0 0 0 0 0 0 0 0 0 0 0 0 0 0 0 0 0 
0 0 0 0 0 0 0 0 0 0 0 0 1.50055e+10 6.80962e+11 6.57109e+12 2.698e+13 6.37437e+13 1.04565e+14 1.34954e+14 1.48911e+14 1.48592e+14 1.39323e+14 1.2594e+14 1.11863e+14 9.86956e+13 8.72035e+13 7.76711e+13 7.00015e+13 6.4064e+13 5.96773e+13 5.66618e+13 5.48725e+13 5.42489e+13 0 0 0 0 0 0 0 0 0 0 0 0 0 0 0 0 0 0 0 0 0 0 0 0 0 0 0 0 0 0 0 0 
0 0 0 0 0 0 0 0 0 0 0 0 2.24627e+09 2.72816e+11 4.27852e+12 2.48647e+13 7.66088e+13 1.54286e+14 2.33306e+14 2.9119e+14 3.20018e+14 3.23596e+14 3.10799e+14 2.89365e+14 2.65288e+14 2.41692e+14 2.2086e+14 2.03174e+14 1.88955e+14 1.77981e+14 1.70492e+14 1.66067e+14 1.64618e+14 0 0 0 0 0 0 0 0 0 0 0 0 0 0 0 0 0 0 0 0 0 0 0 0 0 0 0 0 0 0 0 0 
0 0 0 0 0 0 0 0 0 0 0 0 0 8.27146e+10 2.26386e+12 1.90654e+13 7.80126e+13 1.9612e+14 3.52893e+14 5.04905e+14 6.17652e+14 6.80425e+14 6.99062e+14 6.86516e+14 6.56962e+14 6.20348e+14 5.8239e+14 5.4743e+14 5.17934e+14 4.94648e+14 4.77716e+14 4.68066e+14 4.64561e+14 0 0 0 0 0 0 0 0 0 0 0 0 0 0 0 0 0 0 0 0 0 0 0 0 0 0 0 0 0 0 0 0 
0 0 0 0 0 0 0 0 0 0 0 0 0 1.72806e+10 9.64234e+11 1.21553e+13 6.72482e+13 2.14206e+14 4.65009e+14 7.72202e+14 1.06398e+15 1.28768e+15 1.42664e+15 1.48941e+15 1.49541e+15 1.46667e+15 1.42044e+15 1.36869e+15 1.3189e+15 1.27848e+15 1.24745e+15 1.22739e+15 1.22105e+15 0 0 0 0 0 0 0 0 0 0 0 0 0 0 0 0 0 0 0 0 0 0 0 0 0 0 0 0 0 0 0 0 
0 0 0 0 0 0 0 0 0 0 0 0 0 2.5185e+09 3.27483e+11 6.44137e+12 4.89927e+13 2.00552e+14 5.32039e+14 1.03765e+15 1.62609e+15 2.18358e+15 2.62934e+15 2.9355e+15 3.11203e+15 3.18823e+15 3.19593e+15 3.16342e+15 3.11576e+15 3.06492e+15 3.02334e+15 2.99683e+15 2.98829e+15 0 0 0 0 0 0 0 0 0 0 0 0 0 0 0 0 0 0 0 0 0 0 0 0 0 0 0 0 0 0 0 0 
0 0 0 0 0 0 0 0 0 0 0 0 0 0 8.65429e+10 2.83246e+12 3.0232e+13 1.60932e+14 5.2765e+14 1.22137e+15 2.20016e+15 3.30552e+15 4.35948e+15 5.24153e+15 5.90025e+15 6.34117e+15 6.60403e+15 6.74412e+15 6.79565e+15 6.80656e+15 6.79309e+15 6.77834e+15 6.77115e+15 0 0 0 0 0 0 0 0 0 0 0 0 0 0 0 0 0 0 0 0 0 0 0 0 0 0 0 0 0 0 0 0 
0 0 0 0 0 0 0 0 0 0 0 0 0 0 1.61988e+10 1.02758e+12 1.58098e+13 1.10819e+14 4.53297e+14 1.25757e+15 2.62543e+15 4.45142e+15 6.48021e+15 8.4382e+15 1.01376e+16 1.14916e+16 1.24903e+16 1.31878e+16 1.36421e+16 1.39249e+16 1.40881e+16 1.41667e+16 1.4192e+16 0 0 0 0 0 0 0 0 0 0 0 0 0 0 0 0 0 0 0 0 0 0 0 0 0 0 0 0 0 0 0 0 
0 0 0 0 0 0 0 0 0 0 0 0 0 0 2.5075e+09 3.05473e+11 7.02333e+12 6.56237e+13 3.37828e+14 1.13153e+15 2.76053e+15 5.32071e+15 8.60661e+15 1.22215e+16 1.57571e+16 1.89084e+16 2.15348e+16 2.35816e+16 2.51124e+16 2.61696e+16 2.68831e+16 2.72729e+16 2.74051e+16 0 0 0 0 0 0 0 0 0 0 0 0 0 0 0 0 0 0 0 0 0 0 0 0 0 0 0 0 0 0 0 0 
0 0 0 0 0 0 0 0 0 0 0 0 0 0 0 7.29968e+10 2.64766e+12 3.35234e+13 2.18827e+14 8.91256e+14 2.55655e+15 5.63834e+15 1.01975e+16 1.5877e+16 2.20702e+16 2.81864e+16 3.3735e+16 3.84529e+16 4.22337e+16 4.5096e+16 4.70255e+16 4.81745e+16 4.85366e+16 0 0 0 0 0 0 0 0 0 0 0 0 0 0 0 0 0 0 0 0 0 0 0 0 0 0 0 0 0 0 0 0 
0 0 0 0 0 0 0 0 0 0 0 0 0 0 0 1.27945e+10 8.45131e+11 1.48271e+13 1.23741e+14 6.1562e+14 2.08781e+15 5.29462e+15 1.07631e+16 1.84685e+16 2.78313e+16 3.7952e+16 4.79465e+16 5.70435e+16 6.47769e+16 7.08645e+16 7.52406e+16 7.78518e+16 7.87267e+16 0 0 0 0 0 0 0 0 0 0 0 0 0 0 0 0 0 0 0 0 0 0 0 0 0 0 0 0 0 0 0 0 
0 0 0 0 0 0 0 0 0 0 0 0 0 0 0 2.30055e+09 2.27774e+11 5.69317e+12 6.12882e+13 3.74277e+14 1.50633e+15 4.41469e+15 1.01285e+16 1.92353e+16 3.1542e+16 4.61125e+16 6.16374e+16 7.6765e+16 9.03268e+16 1.01527e+17 1.0981e+17 1.14849e+17 1.16548e+17 0 0 0 0 0 0 0 0 0 0 0 0 0 0 0 0 0 0 0 0 0 0 0 0 0 0 0 0 0 0 0 0 
0 0 0 0 0 0 0 0 0 0 0 0 0 0 0 0 5.16007e+10 1.90213e+12 2.67393e+13 2.0133e+14 9.64359e+14 3.2729e+15 8.50456e+15 1.79381e+16 3.21131e+16 5.05021e+16 7.16366e+16 9.36107e+16 1.14403e+17 1.32281e+17 1.45941e+17 1.54487e+17 1.57374e+17 0 0 0 0 0 0 0 0 0 0 0 0 0 0 0 0 0 0 0 0 0 0 0 0 0 0 0 0 0 0 0 0 
0 0 0 0 0 0 0 0 0 0 0 0 0 0 0 0 8.83923e+09 5.52772e+11 1.03153e+13 9.6225e+13 5.49565e+14 2.16523e+15 6.39037e+15 1.50033e+16 2.93968e+16 4.98613e+16 7.52759e+16 1.03433e+17 1.31499e+17 1.56653e+17 1.76433e+17 1.89061e+17 1.93413e+17 0 0 0 0 0 0 0 0 0 0 0 0 0 0 0 0 0 0 0 0 0 0 0 0 0 0 0 0 0 0 0 0 
0 0 0 0 0 0 0 0 0 0 0 0 0 0 0 0 1.98012e+09 1.41311e+11 3.54191e+12 4.11452e+13 2.80724e+14 1.28464e+15 4.30679e+15 1.12812e+16 2.42455e+16 4.44302e+16 7.15486e+16 1.03548e+17 1.37199e+17 1.68561e+17 1.94013e+17 2.10537e+17 2.16239e+17 0 0 0 0 0 0 0 0 0 0 0 0 0 0 0 0 0 0 0 0 0 0 0 0 0 0 0 0 0 0 0 0 
0 0 0 0 0 0 0 0 0 0 0 0 0 0 0 0 0 3.1992e+10 1.08719e+12 1.58264e+13 1.29117e+14 6.8693e+14 2.61695e+15 7.65215e+15 1.80564e+16 3.58064e+16 6.15434e+16 9.39748e+16 1.29858e+17 1.64802e+17 1.94006e+17 2.13398e+17 2.20194e+17 0 0 0 0 0 0 0 0 0 0 0 0 0 0 0 0 0 0 0 0 0 0 0 0 0 0 0 0 0 0 0 0 
0 0 0 0 0 0 0 0 0 0 0 0 0 0 0 0 0 5.51974e+09 2.99965e+11 5.51683e+12 5.39419e+13 3.32963e+14 1.44176e+15 4.70227e+15 1.21901e+16 2.61671e+16 4.80683e+16 7.74832e+16 1.11847e+17 1.46662e+17 1.76686e+17 1.96949e+17 2.04122e+17 0 0 0 0 0 0 0 0 0 0 0 0 0 0 0 0 0 0 0 0 0 0 0 0 0 0 0 0 0 0 0 0 
0 0 0 0 0 0 0 0 0 0 0 0 0 0 0 0 0 1.59545e+09 7.67739e+10 1.76053e+12 2.05934e+13 1.47442e+14 7.24039e+14 2.63129e+15 7.49054e+15 1.74104e+16 3.41852e+16 5.82284e+16 8.77622e+16 1.19005e+17 1.46738e+17 1.65896e+17 1.72754e+17 0 0 0 0 0 0 0 0 0 0 0 0 0 0 0 0 0 0 0 0 0 0 0 0 0 0 0 0 0 0 0 0 
0 0 0 0 0 0 0 0 0 0 0 0 0 0 0 0 0 0 1.81194e+10 5.17456e+11 7.2463e+12 6.00936e+13 3.33881e+14 1.35052e+15 4.21171e+15 1.05933e+16 2.22295e+16 3.99912e+16 6.30031e+16 8.82983e+16 1.11454e+17 1.27823e+17 1.33668e+17 0 0 0 0 0 0 0 0 0 0 0 0 0 0 0 0 0 0 0 0 0 0 0 0 0 0 0 0 0 0 0 0 
0 0 0 0 0 0 0 0 0 0 0 0 0 0 0 0 0 0 3.13611e+09 1.41956e+11 2.37384e+12 2.27294e+13 1.42565e+14 6.39564e+14 2.18171e+15 5.92757e+15 1.3277e+16 2.52126e+16 4.14696e+16 6.01187e+16 7.77389e+16 9.03776e+16 9.50115e+16 0 0 0 0 0 0 0 0 0 0 0 0 0 0 0 0 0 0 0 0 0 0 0 0 0 0 0 0 0 0 0 0 
0 0 0 0 0 0 0 0 0 0 0 0 0 0 0 0 0 0 1.18884e+09 3.82218e+10 7.35958e+11 8.0575e+12 5.67845e+13 2.81647e+14 1.04844e+15 3.06896e+15 7.32809e+15 1.46734e+16 2.52089e+16 3.77458e+16 4.99636e+16 5.88905e+16 6.2189e+16 0 0 0 0 0 0 0 0 0 0 0 0 0 0 0 0 0 0 0 0 0 0 0 0 0 0 0 0 0 0 0 0 
0 0 0 0 0 0 0 0 0 0 0 0 0 0 0 0 0 0 0 9.50646e+09 2.15695e+11 2.69818e+12 2.12911e+13 1.16345e+14 4.70815e+14 1.48098e+15 3.75925e+15 7.92808e+15 1.41936e+16 2.1966e+16 2.972e+16 3.55327e+16 3.76767e+16 0 0 0 0 0 0 0 0 0 0 0 0 0 0 0 0 0 0 0 0 0 0 0 0 0 0 0 0 0 0 0 0 
0 0 0 0 0 0 0 0 0 0 0 0 0 0 0 0 0 0 0 1.60519e+09 6.13374e+10 8.70762e+11 7.60409e+12 4.54781e+13 1.99155e+14 6.71325e+14 1.80805e+15 4.00409e+15 7.4651e+15 1.19135e+16 1.64907e+16 1.99644e+16 2.12699e+16 0 0 0 0 0 0 0 0 0 0 0 0 0 0 0 0 0 0 0 0 0 0 0 0 0 0 0 0 0 0 0 0 
0 0 0 0 0 0 0 0 0 0 0 0 0 0 0 0 0 0 0 8.08385e+08 1.78405e+10 2.7274e+11 2.60563e+12 1.69643e+13 8.01179e+13 2.88073e+14 8.206e+14 1.90409e+15 3.68751e+15 6.06132e+15 8.56949e+15 1.0509e+16 1.12409e+16 0 0 0 0 0 0 0 0 0 0 0 0 0 0 0 0 0 0 0 0 0 0 0 0 0 0 0 0 0 0 0 0 
0 0 0 0 0 0 0 0 0 0 0 0 0 0 0 0 0 0 0 0 4.57295e+09 8.19414e+10 8.68836e+11 6.11379e+12 3.08737e+13 1.17988e+14 3.53757e+14 8.59209e+14 1.72469e+15 2.91609e+15 4.20568e+15 5.22081e+15 5.60691e+15 0 0 0 0 0 0 0 0 0 0 0 0 0 0 0 0 0 0 0 0 0 0 0 0 0 0 0 0 0 0 0 0 
0 0 0 0 0 0 0 0 0 0 0 0 0 0 0 0 0 0 0 0 7.25604e+08 2.47241e+10 2.87114e+11 2.14845e+12 1.15325e+13 4.6556e+13 1.46582e+14 3.70455e+14 7.69157e+14 1.33534e+15 1.96289e+15 2.46457e+15 2.65678e+15 0 0 0 0 0 0 0 0 0 0 0 0 0 0 0 0 0 0 0 0 0 0 0 0 0 0 0 0 0 0 0 0 
0 0 0 0 0 0 0 0 0 0 0 0 0 0 0 0 0 0 0 0 4.96594e+08 7.75708e+09 9.27532e+10 7.4012e+11 4.21339e+12 1.78632e+13 5.86952e+13 1.54089e+14 3.30029e+14 5.87024e+14 8.77406e+14 1.11395e+15 1.20477e+15 0 0 0 0 0 0 0 0 0 0 0 0 0 0 0 0 0 0 0 0 0 0 0 0 0 0 0 0 0 0 0 0 
0 0 0 0 0 0 0 0 0 0 0 0 0 0 0 0 0 0 0 0 0 1.97428e+09 2.85926e+10 2.53929e+11 1.52029e+12 6.71775e+12 2.29399e+13 6.22878e+13 1.37253e+14 2.49418e+14 3.79019e+14 4.85454e+14 5.2723e+14 0 0 0 0 0 0 0 0 0 0 0 0 0 0 0 0 0 0 0 0 0 0 0 0 0 0 0 0 0 0 0 0 
0 0 0 0 0 0 0 0 0 0 0 0 0 0 0 0 0 0 0 0 0 2.84261e+08 9.26754e+09 8.75265e+10 5.4266e+11 2.49493e+12 8.84117e+12 2.46893e+13 5.57578e+13 1.03338e+14 1.59321e+14 2.0575e+14 2.23991e+14 0 0 0 0 0 0 0 0 0 0 0 0 0 0 0 0 0 0 0 0 0 0 0 0 0 0 0 0 0 0 0 0 
0 0 0 0 0 0 0 0 0 0 0 0 0 0 0 0 0 0 0 0 0 2.73002e+08 3.0843e+09 2.87979e+10 1.91484e+11 9.25783e+11 3.37146e+12 9.65881e+12 2.22984e+13 4.20825e+13 6.56064e+13 8.5443e+13 9.32712e+13 0 0 0 0 0 0 0 0 0 0 0 0 0 0 0 0 0 0 0 0 0 0 0 0 0 0 0 0 0 0 0 0 
0 0 0 0 0 0 0 0 0 0 0 0 0 0 0 0 0 0 0 0 0 0 7.47921e+08 9.07566e+09 6.8573e+10 3.42482e+11 1.27917e+12 3.76283e+12 8.85094e+12 1.69392e+13 2.67383e+13 3.50067e+13 3.8333e+13 0 0 0 0 0 0 0 0 0 0 0 0 0 0 0 0 0 0 0 0 0 0 0 0 0 0 0 0 0 0 0 0 
0 0 0 0 0 0 0 0 0 0 0 0 0 0 0 0 0 0 0 0 0 0 9.45969e+07 3.20143e+09 2.44679e+10 1.24406e+11 4.85745e+11 1.46409e+12 3.49519e+12 6.79095e+12 1.08126e+13 1.42564e+13 1.56116e+13 0 0 0 0 0 0 0 0 0 0 0 0 0 0 0 0 0 0 0 0 0 0 0 0 0 0 0 0 0 0 0 0 
0 0 0 0 0 0 0 0 0 0 0 0 0 0 0 0 0 0 0 0 0 0 1.33063e+08 1.09874e+09 7.96191e+09 4.51478e+10 1.85442e+11 5.66776e+11 1.38202e+12 2.72237e+12 4.36525e+12 5.79711e+12 6.35332e+12 0 0 0 0 0 0 0 0 0 0 0 0 0 0 0 0 0 0 0 0 0 0 0 0 0 0 0 0 0 0 0 0 
0 0 0 0 0 0 0 0 0 0 0 0 0 0 0 0 0 0 0 0 0 0 0 2.43327e+08 2.58147e+09 1.69497e+10 6.97284e+10 2.1906e+11 5.48661e+11 1.08778e+12 1.76861e+12 2.35302e+12 2.58833e+12 0 0 0 0 0 0 0 0 0 0 0 0 0 0 0 0 0 0 0 0 0 0 0 0 0 0 0 0 0 0 0 0 
0 0 0 0 0 0 0 0 0 0 0 0 0 0 0 0 0 0 0 0 0 0 0 2.61373e+07 1.0105e+09 6.08522e+09 2.53966e+10 8.56712e+10 2.16544e+11 4.35948e+11 7.17135e+11 9.55266e+11 1.05818e+12 0 0 0 0 0 0 0 0 0 0 0 0 0 0 0 0 0 0 0 0 0 0 0 0 0 0 0 0 0 0 0 0 
0 0 0 0 0 0 0 0 0 0 0 0 0 0 0 0 0 0 0 0 0 0 0 5.69375e+07 3.42232e+08 1.89707e+09 9.60234e+09 3.33338e+10 8.43368e+10 1.76029e+11 2.89366e+11 3.90772e+11 4.30867e+11 0 0 0 0 0 0 0 0 0 0 0 0 0 0 0 0 0 0 0 0 0 0 0 0 0 0 0 0 0 0 0 0 
0 0 0 0 0 0 0 0 0 0 0 0 0 0 0 0 0 0 0 0 0 0 0 0 6.62629e+07 6.6084e+08 3.76903e+09 1.23238e+10 3.33336e+10 7.06077e+10 1.16344e+11 1.60097e+11 1.74419e+11 0 0 0 0 0 0 0 0 0 0 0 0 0 0 0 0 0 0 0 0 0 0 0 0 0 0 0 0 0 0 0 0 
0 0 0 0 0 0 0 0 0 0 0 0 0 0 0 0 0 0 0 0 0 0 0 0 5.8224e+06 2.87599e+08 1.29308e+09 4.52337e+09 1.34323e+10 2.75327e+10 4.75493e+10 6.44795e+10 7.17053e+10 0 0 0 0 0 0 0 0 0 0 0 0 0 0 0 0 0 0 0 0 0 0 0 0 0 0 0 0 0 0 0 0 
0 0 0 0 0 0 0 0 0 0 0 0 0 0 0 0 0 0 0 0 0 0 0 0 2.11539e+07 9.06914e+07 3.80169e+08 1.83705e+09 5.11983e+09 1.08082e+10 1.94029e+10 2.57038e+10 2.9557e+10 0 0 0 0 0 0 0 0 0 0 0 0 0 0 0 0 0 0 0 0 0 0 0 0 0 0 0 0 0 0 0 0 
0 0 0 0 0 0 0 0 0 0 0 0 0 0 0 0 0 0 0 0 0 0 0 0 0 1.46321e+07 1.54426e+08 7.28327e+08 1.81331e+09 4.46807e+09 7.5265e+09 1.05564e+10 1.17714e+10 0 0 0 0 0 0 0 0 0 0 0 0 0 0 0 0 0 0 0 0 0 0 0 0 0 0 0 0 0 0 0 0 
0 0 0 0 0 0 0 0 0 0 0 0 0 0 0 0 0 0 0 0 0 0 0 0 0 1.0026e+06 7.18127e+07 2.2221e+08 7.07614e+08 1.79185e+09 2.869e+09 4.40257e+09 4.54598e+09 0 0 0 0 0 0 0 0 0 0 0 0 0 0 0 0 0 0 0 0 0 0 0 0 0 0 0 0 0 0 0 0 
0 0 0 0 0 0 0 0 0 0 0 0 0 0 0 0 0 0 0 0 0 0 0 0 0 6.73607e+06 1.97092e+07 6.38139e+07 3.12885e+08 6.24999e+08 1.19642e+09 1.70267e+09 1.8633e+09 0 0 0 0 0 0 0 0 0 0 0 0 0 0 0 0 0 0 0 0 0 0 0 0 0 0 0 0 0 0 0 0 
0 0 0 0 0 0 0 0 0 0 0 0 0 0 0 0 0 0 0 0 0 0 0 0 0 0 2.50673e+06 3.31812e+07 1.14839e+08 2.19025e+08 5.13494e+08 6.10006e+08 8.08701e+08 0 0 0 0 0 0 0 0 0 0 0 0 0 0 0 0 0 0 0 0 0 0 0 0 0 0 0 0 0 0 0 0 
0 0 0 0 0 0 0 0 0 0 0 0 0 0 0 0 0 0 0 0 0 0 0 0 0 0 124770 1.50962e+07 2.8723e+07 1.00065e+08 1.84355e+08 2.48771e+08 3.12092e+08 0 0 0 0 0 0 0 0 0 0 0 0 0 0 0 0 0 0 0 0 0 0 0 0 0 0 0 0 0 0 0 0 
0 0 0 0 0 0 0 0 0 0 0 0 0 0 0 0 0 0 0 0 0 0 0 0 0 0 1.80966e+06 3.35009e+06 9.38155e+06 4.48749e+07 5.59579e+07 1.16223e+08 1.00617e+08 0 0 0 0 0 0 0 0 0 0 0 0 0 0 0 0 0 0 0 0 0 0 0 0 0 0 0 0 0 0 0 0 
0 0 0 0 0 0 0 0 0 0 0 0 0 0 0 0 0 0 0 0 0 0 0 0 0 0 0 311614 6.37623e+06 1.34203e+07 2.32098e+07 4.50241e+07 3.79617e+07 0 0 0 0 0 0 0 0 0 0 0 0 0 0 0 0 0 0 0 0 0 0 0 0 0 0 0 0 0 0 0 0 
0 0 0 0 0 0 0 0 0 0 0 0 0 0 0 0 0 0 0 0 0 0 0 0 0 0 0 9994.84 2.5256e+06 2.5468e+06 1.26234e+07 1.22264e+07 1.98187e+07 0 0 0 0 0 0 0 0 0 0 0 0 0 0 0 0 0 0 0 0 0 0 0 0 0 0 0 0 0 0 0 0 
0 0 0 0 0 0 0 0 0 0 0 0 0 0 0 0 0 0 0 0 0 0 0 0 0 0 0 401832 415393 1.31744e+06 4.80021e+06 3.7131e+06 8.62665e+06 0 0 0 0 0 0 0 0 0 0 0 0 0 0 0 0 0 0 0 0 0 0 0 0 0 0 0 0 0 0 0 0 
0 0 0 0 0 0 0 0 0 0 0 0 0 0 0 0 0 0 0 0 0 0 0 0 0 0 0 0 24934.3 1.02311e+06 1.00031e+06 2.39388e+06 2.27771e+06 0 0 0 0 0 0 0 0 0 0 0 0 0 0 0 0 0 0 0 0 0 0 0 0 0 0 0 0 0 0 0 0 
0 0 0 0 0 0 0 0 0 0 0 0 0 0 0 0 0 0 0 0 0 0 0 0 0 0 0 0 384.254 311482 138294 1.22914e+06 393367 0 0 0 0 0 0 0 0 0 0 0 0 0 0 0 0 0 0 0 0 0 0 0 0 0 0 0 0 0 0 0 0 
0 0 0 0 0 0 0 0 0 0 0 0 0 0 0 0 0 0 0 0 0 0 0 0 0 0 0 0 71744.1 33231.3 179441 309320 255685 0 0 0 0 0 0 0 0 0 0 0 0 0 0 0 0 0 0 0 0 0 0 0 0 0 0 0 0 0 0 0 0 
0 0 0 0 0 0 0 0 0 0 0 0 0 0 0 0 0 0 0 0 0 0 0 0 0 0 0 0 0 958.979 124538 37423.9 211019 0 0 0 0 0 0 0 0 0 0 0 0 0 0 0 0 0 0 0 0 0 0 0 0 0 0 0 0 0 0 0 0 
0 0 0 0 0 0 0 0 0 0 0 0 0 0 0 0 0 0 0 0 0 0 0 0 0 0 0 0 0 0 24918.5 3839.79 68228.7 0 0 0 0 0 0 0 0 0 0 0 0 0 0 0 0 0 0 0 0 0 0 0 0 0 0 0 0 0 0 0 0 
0 0 0 0 0 0 0 0 0 0 0 0 0 0 0 0 0 0 0 0 0 0 0 0 0 0 0 0 0 9895.74 1278.13 20753.1 7679.25 0 0 0 0 0 0 0 0 0 0 0 0 0 0 0 0 0 0 0 0 0 0 0 0 0 0 0 0 0 0 0 0 
0 0 0 0 0 0 0 0 0 0 0 0 0 0 0 0 0 0 0 0 0 0 0 0 0 0 0 0 0 0 0 9963.63 479.753 0 0 0 0 0 0 0 0 0 0 0 0 0 0 0 0 0 0 0 0 0 0 0 0 0 0 0 0 0 0 0 0 
0 0 0 0 0 0 0 0 0 0 0 0 0 0 0 0 0 0 0 0 0 0 0 0 0 0 0 0 0 0 0 958.407 0 0 0 0 0 0 0 0 0 0 0 0 0 0 0 0 0 0 0 0 0 0 0 0 0 0 0 0 0 0 0 0 0 
0 0 0 0 0 0 0 0 0 0 0 0 0 0 0 0 0 0 0 0 0 0 0 0 0 0 0 0 0 0 989.574 0 1660.3 0 0 0 0 0 0 0 0 0 0 0 0 0 0 0 0 0 0 0 0 0 0 0 0 0 0 0 0 0 0 0 0 
0 0 0 0 0 0 0 0 0 0 0 0 0 0 0 0 0 0 0 0 0 0 0 0 0 0 0 0 0 0 0 0 383.235 0 0 0 0 0 0 0 0 0 0 0 0 0 0 0 0 0 0 0 0 0 0 0 0 0 0 0 0 0 0 0 0 
0 0 0 0 0 0 0 0 0 0 0 0 0 0 0 0 0 0 0 0 0 0 0 0 0 0 0 0 0 0 0 0 0 0 0 0 0 0 0 0 0 0 0 0 0 0 0 0 0 0 0 0 0 0 0 0 0 0 0 0 0 0 0 0 0 
0 0 0 0 0 0 0 0 0 0 0 0 0 0 0 0 0 0 0 0 0 0 0 0 0 0 0 0 0 0 0 63.8435 0 0 0 0 0 0 0 0 0 0 0 0 0 0 0 0 0 0 0 0 0 0 0 0 0 0 0 0 0 0 0 0 0 
0 0 0 0 0 0 0 0 0 0 0 0 0 0 0 0 0 0 0 0 0 0 0 0 0 0 0 0 0 0 0 0 0 0 0 0 0 0 0 0 0 0 0 0 0 0 0 0 0 0 0 0 0 0 0 0 0 0 0 0 0 0 0 0 0 
0 0 0 0 0 0 0 0 0 0 0 0 0 0 0 0 0 0 0 0 0 0 0 0 0 0 0 0 0 0 0 0 0 0 0 0 0 0 0 0 0 0 0 0 0 0 0 0 0 0 0 0 0 0 0 0 0 0 0 0 0 0 0 0 0 
0 0 0 0 0 0 0 0 0 0 0 0 0 0 0 0 0 0 0 0 0 0 0 0 0 0 0 0 0 0 0 0 1.99511 0 0 0 0 0 0 0 0 0 0 0 0 0 0 0 0 0 0 0 0 0 0 0 0 0 0 0 0 0 0 0 0 
