1 0 0 0 0 0 0 0 0 0 0 0 0 0 0 0 0 0 0 0 0 0 0 0 0 0 0 0 0 0 0 0 0 0 0 0 0 0 0 0 0 0 0 0 0 0 0 0 0 0 0 0 0 0 0 0 0 0 0 0 0 0 0 0 1 
0 0 0 0 0 0 0 0 0 0 0 0 0 0 0 0 0 0 0 0 0 0 0 0 0 0 0 0 0 0 0 0 0 0 0 0 0 0 0 0 0 0 0 0 0 0 0 0 0 0 0 0 0 0 0 0 0 0 0 0 0 0 0 0 0 
0 0 0 0 0 0 0 0 0 0 0 0 0 0 0 0 0 0 0 0 0 0 0 0 0 0 0 0 0 0 0 0 0 0 0 0 0 0 0 0 0 0 0 0 0 0 0 0 0 0 0 0 0 0 0 0 0 0 0 0 0 0 0 0 0 
0 64 0 0 0 0 0 0 0 0 0 0 0 0 0 0 0 0 0 0 0 0 0 0 0 0 0 0 0 0 0 0 0 0 0 0 0 0 0 0 0 0 0 0 0 0 0 0 0 0 0 0 0 0 0 0 0 0 0 0 0 0 0 0 0 
0 0 0 0 0 0 0 0 0 0 0 0 0 0 0 0 0 0 0 0 0 0 0 0 0 0 0 0 0 0 0 0 0 0 0 0 0 0 0 0 0 0 0 0 0 0 0 0 0 0 0 0 0 0 0 0 0 0 0 0 0 0 0 0 0 
0 0 192 0 0 0 0 0 0 0 0 0 0 0 0 0 0 0 0 0 0 0 0 0 0 0 0 0 0 0 0 0 0 0 0 0 0 0 0 0 0 0 0 0 0 0 0 0 0 0 0 0 0 0 0 0 0 0 0 0 0 0 0 0 0 
0 0 1824 0 0 0 0 0 0 0 0 0 0 0 0 0 0 0 0 0 0 0 0 0 0 0 0 0 0 0 0 0 0 0 0 0 0 0 0 0 0 0 0 0 0 0 0 0 0 0 0 0 0 0 0 0 0 0 0 0 0 0 0 0 0 
0 0 0 959.695 0 0 0 0 0 0 0 0 0 0 0 0 0 0 0 0 0 0 0 0 0 0 0 0 0 0 0 0 0 0 0 0 0 0 0 0 0 0 0 0 0 0 0 0 0 0 0 0 0 0 0 0 0 0 0 0 0 0 0 0 0 
0 0 0 9984.61 239.924 0 0 0 0 0 0 0 0 0 0 0 0 0 0 0 0 0 0 0 0 0 0 0 0 0 0 0 0 0 0 0 0 0 0 0 0 0 0 0 0 0 0 0 0 0 0 0 0 0 0 0 0 0 0 0 0 0 0 0 0 
0 0 0 30719.7 5114.37 0 0 0 0 0 0 0 0 0 0 0 0 0 0 0 0 0 0 0 0 0 0 0 0 0 0 0 0 0 0 0 0 0 0 0 0 0 0 0 0 0 0 0 0 0 0 0 0 0 0 0 0 0 0 0 0 0 0 0 0 
0 0 0 0 59135.7 3841.75 0 0 0 0 0 0 0 0 0 0 0 0 0 0 0 0 0 0 0 0 0 0 0 0 0 0 0 0 0 0 0 0 0 0 0 0 0 0 0 0 0 0 0 0 0 0 0 0 0 0 0 0 0 0 0 0 0 0 0 
0 0 0 0 228498 38376.2 1918.2 0 0 0 0 0 0 0 0 0 0 0 0 0 0 0 0 0 0 0 0 0 0 0 0 0 0 0 0 0 0 0 0 0 0 0 0 0 0 0 0 0 0 0 0 0 0 0 0 0 0 0 0 0 0 0 0 0 0 
0 0 0 0 342388 341588 37122 1277.42 159.677 0 0 0 0 0 0 0 0 0 0 0 0 0 0 0 0 0 0 0 0 0 0 0 0 0 0 0 0 0 0 0 0 0 0 0 0 0 0 0 0 0 0 0 0 0 0 0 0 0 0 0 0 0 0 0 0 
0 0 0 0 0 1.50568e+06 335544 37507.4 0 0 0 0 0 0 0 0 0 0 0 0 0 0 0 0 0 0 0 0 0 0 0 0 0 0 0 0 0 0 0 0 0 0 0 0 0 0 0 0 0 0 0 0 0 0 0 0 0 0 0 0 0 0 0 0 0 
0 0 0 0 0 3.0526e+06 2.11933e+06 365386 46151.8 3845.16 0 0 0 0 0 0 0 0 0 0 0 0 0 0 0 0 0 0 0 0 0 0 0 0 0 0 0 0 0 0 0 0 0 0 0 0 0 0 0 0 0 0 0 0 0 0 0 0 0 0 0 0 0 0 0 
0 0 0 0 0 2.68243e+06 9.07396e+06 2.71129e+06 459701 42628.3 5788.06 0 0 0 0 0 0 0 0 0 0 0 0 0 0 0 0 0 0 0 0 0 0 0 0 0 0 0 0 0 0 0 0 0 0 0 0 0 0 0 0 0 0 0 0 0 0 0 0 0 0 0 0 0 0 
0 0 0 0 0 0 2.14164e+07 1.40805e+07 3.5838e+06 699331 80548.3 11504 1437.04 0 0 0 59.6092 0 0 0 0 0 0 0 0 0 0 0 0 0 0 0 11.9686 0 0 0 0 0 0 0 0 0 0 0 0 0 0 0 0 0 0 0 0 0 0 0 0 0 0 0 0 0 0 0 0 
0 0 0 0 0 0 2.66604e+07 5.33544e+07 2.08204e+07 5.2436e+06 1.09866e+06 160162 15350.4 5737.22 1913.94 953.747 0 0 0 0 0 0 0 0 0 0 0 0 0 0 0 0 0 0 0 0 0 0 0 0 0 0 0 0 0 0 0 0 0 0 0 0 0 0 0 0 0 0 0 0 0 0 0 0 0 
0 0 0 0 0 0 1.53297e+07 1.3087e+08 9.33796e+07 3.17853e+07 8.3898e+06 1.92935e+06 400606 49803.7 5239.16 0 0 1918.96 0 0 0 0 0 0 0 0 0 0 0 0 0 382.996 0 0 0 0 0 0 0 0 0 0 0 0 0 0 0 0 0 0 0 0 0 0 0 0 0 0 0 0 0 0 0 0 0 
0 0 0 0 0 0 0 1.926e+08 3.12027e+08 1.55215e+08 5.32701e+07 1.53802e+07 3.69242e+06 861521 209866 53829 28825.7 956.673 3851.29 0 0 0 0 0 0 0 0 0 0 0 956.448 0 0 0 0 0 0 0 0 0 0 0 0 0 0 0 0 0 0 0 0 0 0 0 0 0 0 0 0 0 0 0 0 0 0 
0 0 0 0 0 0 0 1.61664e+08 7.40231e+08 5.98274e+08 2.6242e+08 9.32111e+07 3.02746e+07 8.47257e+06 2.15285e+06 601138 128587 53929.9 27965.6 11557.7 2905.72 0 0 0 481.288 0 0 0 958.098 3826.64 4980 0 11933.7 0 0 0 0 0 0 0 0 0 0 0 0 0 0 0 0 0 0 0 0 0 0 0 0 0 0 0 0 0 0 0 0 
0 0 0 0 0 0 0 6.55311e+07 1.16499e+09 1.7871e+09 1.09476e+09 4.75877e+08 1.78782e+08 6.28259e+07 2.00005e+07 5.96264e+06 2.0013e+06 817975 241824 135870 30763.5 23132.7 11615.3 7683.38 0 3845.02 5771.45 11508.8 15322.5 21040.2 0 28827.3 389.351 0 0 0 0 0 0 0 0 0 0 0 0 0 0 0 0 0 0 0 0 0 0 0 0 0 0 0 0 0 0 0 0 
0 0 0 0 0 0 0 0 1.17068e+09 3.96923e+09 3.68047e+09 2.02148e+09 9.05127e+08 3.68081e+08 1.41602e+08 5.12665e+07 1.80083e+07 6.22049e+06 2.75856e+06 1.13663e+06 738349 260895 123297 79032.4 92235.4 86628.7 76844.5 74664.1 93227.6 61411.1 111600 152053 68099.5 0 0 0 0 0 0 0 0 0 0 0 0 0 0 0 0 0 0 0 0 0 0 0 0 0 0 0 0 0 0 0 0 
0 0 0 0 0 0 0 0 7.06421e+08 6.29315e+09 9.82645e+09 7.23985e+09 3.87928e+09 1.82461e+09 8.03216e+08 3.36824e+08 1.35209e+08 5.43901e+07 2.26511e+07 1.04091e+07 4.77488e+06 2.89235e+06 1.74939e+06 1.06961e+06 724138 470537 529911 528810 491190 434407 685495 267452 705376 0 0 0 0 0 0 0 0 0 0 0 0 0 0 0 0 0 0 0 0 0 0 0 0 0 0 0 0 0 0 0 0 
0 0 0 0 0 0 0 0 2.13526e+08 6.86655e+09 2.02433e+10 2.14674e+10 1.42946e+10 7.75817e+09 3.86001e+09 1.83784e+09 8.48744e+08 3.82529e+08 1.70926e+08 7.92719e+07 3.98668e+07 2.18005e+07 1.21248e+07 7.70431e+06 5.14103e+06 4.61856e+06 3.50822e+06 3.12935e+06 2.57338e+06 3.38004e+06 2.34961e+06 2.9566e+06 2.92349e+06 0 0 0 0 0 0 0 0 0 0 0 0 0 0 0 0 0 0 0 0 0 0 0 0 0 0 0 0 0 0 0 0 
0 0 0 0 0 0 0 0 0 5.01298e+09 3.11418e+10 5.13228e+10 4.47464e+10 2.88418e+10 1.624e+10 8.60608e+09 4.39587e+09 2.20191e+09 1.09972e+09 5.53529e+08 2.85843e+08 1.5367e+08 9.30012e+07 5.83719e+07 4.03852e+07 2.75134e+07 2.15853e+07 1.76012e+07 1.7613e+07 1.48993e+07 1.39074e+07 1.53035e+07 1.21733e+07 0 0 0 0 0 0 0 0 0 0 0 0 0 0 0 0 0 0 0 0 0 0 0 0 0 0 0 0 0 0 0 0 
0 0 0 0 0 0 0 0 0 2.28149e+09 3.49822e+10 9.73064e+10 1.17152e+11 9.27597e+10 5.98579e+10 3.52082e+10 1.98857e+10 1.09457e+10 5.96179e+09 3.25088e+09 1.79435e+09 1.02501e+09 6.02088e+08 3.77645e+08 2.50433e+08 1.792e+08 1.38486e+08 1.13673e+08 9.52177e+07 8.04525e+07 8.2874e+07 7.25354e+07 7.77963e+07 0 0 0 0 0 0 0 0 0 0 0 0 0 0 0 0 0 0 0 0 0 0 0 0 0 0 0 0 0 0 0 0 
0 0 0 0 0 0 0 0 0 5.38821e+08 2.80008e+10 1.42735e+11 2.52009e+11 2.55586e+11 1.94472e+11 1.28296e+11 7.92104e+10 4.7434e+10 2.80434e+10 1.64934e+10 9.77989e+09 5.89383e+09 3.65723e+09 2.34939e+09 1.58357e+09 1.12924e+09 8.36998e+08 6.62543e+08 5.40529e+08 4.92563e+08 4.33557e+08 4.14036e+08 4.04232e+08 0 0 0 0 0 0 0 0 0 0 0 0 0 0 0 0 0 0 0 0 0 0 0 0 0 0 0 0 0 0 0 0 
0 0 0 0 0 0 0 0 0 0 1.55555e+10 1.59004e+11 4.37727e+11 5.93993e+11 5.49787e+11 4.14765e+11 2.8254e+11 1.83712e+11 1.16602e+11 7.35439e+10 4.65358e+10 2.97461e+10 1.94041e+10 1.30183e+10 9.01717e+09 6.48309e+09 4.89128e+09 3.83883e+09 3.19705e+09 2.7359e+09 2.45573e+09 2.34056e+09 2.28716e+09 0 0 0 0 0 0 0 0 0 0 0 0 0 0 0 0 0 0 0 0 0 0 0 0 0 0 0 0 0 0 0 0 
0 0 0 0 0 0 0 0 0 0 5.55193e+09 1.32707e+11 6.04395e+11 1.15008e+12 1.33801e+12 1.18393e+12 9.02336e+11 6.37952e+11 4.3575e+11 2.93148e+11 1.96492e+11 1.32741e+11 9.09664e+10 6.37146e+10 4.57067e+10 3.39205e+10 2.60439e+10 2.08248e+10 1.73039e+10 1.49474e+10 1.35488e+10 1.26823e+10 1.23911e+10 0 0 0 0 0 0 0 0 0 0 0 0 0 0 0 0 0 0 0 0 0 0 0 0 0 0 0 0 0 0 0 0 
0 0 0 0 0 0 0 0 0 0 1.07078e+09 8.13821e+10 6.53767e+11 1.82645e+12 2.77197e+12 2.9525e+12 2.57057e+12 2.00038e+12 1.47107e+12 1.05323e+12 7.48259e+11 5.32327e+11 3.82162e+11 2.78277e+11 2.07481e+11 1.58624e+11 1.25097e+11 1.02e+11 8.58698e+10 7.52159e+10 6.82253e+10 6.43974e+10 6.32732e+10 0 0 0 0 0 0 0 0 0 0 0 0 0 0 0 0 0 0 0 0 0 0 0 0 0 0 0 0 0 0 0 0 
0 0 0 0 0 0 0 0 0 0 0 3.57702e+10 5.49027e+11 2.35341e+12 4.82976e+12 6.37463e+12 6.46697e+12 5.6334e+12 4.50292e+12 3.4461e+12 2.58687e+12 1.93284e+12 1.45024e+12 1.10057e+12 8.49118e+11 6.68864e+11 5.41099e+11 4.5003e+11 3.86228e+11 3.41749e+11 3.13015e+11 2.97048e+11 2.92124e+11 0 0 0 0 0 0 0 0 0 0 0 0 0 0 0 0 0 0 0 0 0 0 0 0 0 0 0 0 0 0 0 0 
0 0 0 0 0 0 0 0 0 0 0 1.03448e+10 3.54143e+11 2.43663e+12 7.00003e+12 1.17803e+13 1.42711e+13 1.41592e+13 1.24703e+13 1.02686e+13 8.17664e+12 6.41447e+12 5.02266e+12 3.95783e+12 3.16014e+12 2.56762e+12 2.12709e+12 1.80687e+12 1.57498e+12 1.4124e+12 1.30566e+12 1.24652e+12 1.22693e+12 0 0 0 0 0 0 0 0 0 0 0 0 0 0 0 0 0 0 0 0 0 0 0 0 0 0 0 0 0 0 0 0 
0 0 0 0 0 0 0 0 0 0 0 1.70857e+09 1.72651e+11 2.01302e+12 8.37016e+12 1.84757e+13 2.7347e+13 3.14656e+13 3.09922e+13 2.77967e+13 2.36143e+13 1.9538e+13 1.59935e+13 1.30832e+13 1.07826e+13 9.00456e+12 7.64652e+12 6.62533e+12 5.86916e+12 5.33488e+12 4.98e+12 4.77836e+12 4.70645e+12 0 0 0 0 0 0 0 0 0 0 0 0 0 0 0 0 0 0 0 0 0 0 0 0 0 0 0 0 0 0 0 0 
0 0 0 0 0 0 0 0 0 0 0 0 6.20524e+10 1.31962e+12 8.21017e+12 2.44038e+13 4.51272e+13 6.14362e+13 6.87601e+13 6.79285e+13 6.22211e+13 5.4581e+13 4.67998e+13 3.98372e+13 3.39367e+13 2.91235e+13 2.53194e+13 2.23844e+13 2.01511e+13 1.85514e+13 1.74602e+13 1.68337e+13 1.66142e+13 0 0 0 0 0 0 0 0 0 0 0 0 0 0 0 0 0 0 0 0 0 0 0 0 0 0 0 0 0 0 0 0 
0 0 0 0 0 0 0 0 0 0 0 0 1.50084e+10 6.81078e+11 6.5691e+12 2.69743e+13 6.37508e+13 1.04603e+14 1.34941e+14 1.48936e+14 1.48614e+14 1.39265e+14 1.2596e+14 1.11869e+14 9.87087e+13 8.72064e+13 7.76627e+13 6.99667e+13 6.40264e+13 5.96089e+13 5.66073e+13 5.48392e+13 5.42574e+13 0 0 0 0 0 0 0 0 0 0 0 0 0 0 0 0 0 0 0 0 0 0 0 0 0 0 0 0 0 0 0 0 
0 0 0 0 0 0 0 0 0 0 0 0 2.24537e+09 2.72816e+11 4.28106e+12 2.48681e+13 7.65922e+13 1.5425e+14 2.33307e+14 2.91263e+14 3.19988e+14 3.23689e+14 3.10728e+14 2.89239e+14 2.65092e+14 2.41754e+14 2.20769e+14 2.03125e+14 1.88829e+14 1.78078e+14 1.70456e+14 1.6591e+14 1.64586e+14 0 0 0 0 0 0 0 0 0 0 0 0 0 0 0 0 0 0 0 0 0 0 0 0 0 0 0 0 0 0 0 0 
0 0 0 0 0 0 0 0 0 0 0 0 0 8.27535e+10 2.26328e+12 1.90685e+13 7.802e+13 1.96144e+14 3.52887e+14 5.04816e+14 6.17977e+14 6.80556e+14 6.98929e+14 6.86814e+14 6.57139e+14 6.1982e+14 5.8202e+14 5.4738e+14 5.18325e+14 4.94925e+14 4.77914e+14 4.67994e+14 4.6461e+14 0 0 0 0 0 0 0 0 0 0 0 0 0 0 0 0 0 0 0 0 0 0 0 0 0 0 0 0 0 0 0 0 
0 0 0 0 0 0 0 0 0 0 0 0 0 1.72745e+10 9.64271e+11 1.2154e+13 6.72495e+13 2.14182e+14 4.6505e+14 7.72096e+14 1.06362e+15 1.2878e+15 1.42684e+15 1.48871e+15 1.49548e+15 1.46646e+15 1.42026e+15 1.36882e+15 1.31857e+15 1.27748e+15 1.24767e+15 1.22821e+15 1.22155e+15 0 0 0 0 0 0 0 0 0 0 0 0 0 0 0 0 0 0 0 0 0 0 0 0 0 0 0 0 0 0 0 0 
0 0 0 0 0 0 0 0 0 0 0 0 0 2.51628e+09 3.27417e+11 6.44019e+12 4.90001e+13 2.00533e+14 5.31975e+14 1.03785e+15 1.62646e+15 2.18344e+15 2.62983e+15 2.93645e+15 3.11226e+15 3.18914e+15 3.19675e+15 3.16493e+15 3.11796e+15 3.06668e+15 3.02381e+15 2.9965e+15 2.98681e+15 0 0 0 0 0 0 0 0 0 0 0 0 0 0 0 0 0 0 0 0 0 0 0 0 0 0 0 0 0 0 0 0 
0 0 0 0 0 0 0 0 0 0 0 0 0 0 8.6588e+10 2.8328e+12 3.02244e+13 1.60989e+14 5.27766e+14 1.22129e+15 2.20003e+15 3.30562e+15 4.36129e+15 5.24228e+15 5.8988e+15 6.34065e+15 6.60525e+15 6.74235e+15 6.79573e+15 6.80296e+15 6.79283e+15 6.77886e+15 6.77282e+15 0 0 0 0 0 0 0 0 0 0 0 0 0 0 0 0 0 0 0 0 0 0 0 0 0 0 0 0 0 0 0 0 
0 0 0 0 0 0 0 0 0 0 0 0 0 0 1.61852e+10 1.02781e+12 1.5812e+13 1.10774e+14 4.5316e+14 1.25752e+15 2.62536e+15 4.452e+15 6.47916e+15 8.44048e+15 1.01409e+16 1.14851e+16 1.24915e+16 1.31869e+16 1.36428e+16 1.39264e+16 1.40907e+16 1.41734e+16 1.41989e+16 0 0 0 0 0 0 0 0 0 0 0 0 0 0 0 0 0 0 0 0 0 0 0 0 0 0 0 0 0 0 0 0 
0 0 0 0 0 0 0 0 0 0 0 0 0 0 2.50735e+09 3.05343e+11 7.02289e+12 6.56355e+13 3.37851e+14 1.13169e+15 2.76024e+15 5.3201e+15 8.60616e+15 1.22221e+16 1.57548e+16 1.89165e+16 2.15323e+16 2.3581e+16 2.51193e+16 2.61866e+16 2.68791e+16 2.72721e+16 2.74082e+16 0 0 0 0 0 0 0 0 0 0 0 0 0 0 0 0 0 0 0 0 0 0 0 0 0 0 0 0 0 0 0 0 
0 0 0 0 0 0 0 0 0 0 0 0 0 0 0 7.30403e+10 2.64769e+12 3.35246e+13 2.18856e+14 8.91025e+14 2.55648e+15 5.63631e+15 1.01956e+16 1.58719e+16 2.20773e+16 2.81894e+16 3.37398e+16 3.84678e+16 4.224e+16 4.50773e+16 4.70357e+16 4.81775e+16 4.85341e+16 0 0 0 0 0 0 0 0 0 0 0 0 0 0 0 0 0 0 0 0 0 0 0 0 0 0 0 0 0 0 0 0 
0 0 0 0 0 0 0 0 0 0 0 0 0 0 0 1.27857e+10 8.45155e+11 1.4827e+13 1.23735e+14 6.15569e+14 2.08791e+15 5.29662e+15 1.07639e+16 1.84673e+16 2.78305e+16 3.79632e+16 4.79364e+16 5.70323e+16 6.47626e+16 7.0881e+16 7.52497e+16 7.78468e+16 7.87228e+16 0 0 0 0 0 0 0 0 0 0 0 0 0 0 0 0 0 0 0 0 0 0 0 0 0 0 0 0 0 0 0 0 
0 0 0 0 0 0 0 0 0 0 0 0 0 0 0 2.30075e+09 2.27706e+11 5.69478e+12 6.1295e+13 3.74441e+14 1.5065e+15 4.41412e+15 1.01263e+16 1.92368e+16 3.15339e+16 4.60972e+16 6.16266e+16 7.67557e+16 9.03278e+16 1.01503e+17 1.09786e+17 1.14849e+17 1.16562e+17 0 0 0 0 0 0 0 0 0 0 0 0 0 0 0 0 0 0 0 0 0 0 0 0 0 0 0 0 0 0 0 0 
0 0 0 0 0 0 0 0 0 0 0 0 0 0 0 0 5.16025e+10 1.90273e+12 2.67338e+13 2.01301e+14 9.64255e+14 3.27292e+15 8.50629e+15 1.79365e+16 3.21105e+16 5.05061e+16 7.16659e+16 9.36236e+16 1.14411e+17 1.32301e+17 1.45938e+17 1.54464e+17 1.57342e+17 0 0 0 0 0 0 0 0 0 0 0 0 0 0 0 0 0 0 0 0 0 0 0 0 0 0 0 0 0 0 0 0 
0 0 0 0 0 0 0 0 0 0 0 0 0 0 0 0 8.84484e+09 5.52707e+11 1.03177e+13 9.6239e+13 5.49652e+14 2.16575e+15 6.39127e+15 1.50047e+16 2.9398e+16 4.98509e+16 7.52803e+16 1.03443e+17 1.31518e+17 1.56686e+17 1.76468e+17 1.89096e+17 1.93424e+17 0 0 0 0 0 0 0 0 0 0 0 0 0 0 0 0 0 0 0 0 0 0 0 0 0 0 0 0 0 0 0 0 
0 0 0 0 0 0 0 0 0 0 0 0 0 0 0 0 1.98034e+09 1.41352e+11 3.54371e+12 4.11578e+13 2.80688e+14 1.28467e+15 4.30631e+15 1.12825e+16 2.42441e+16 4.44334e+16 7.15241e+16 1.03532e+17 1.37144e+17 1.68515e+17 1.94014e+17 2.10585e+17 2.16306e+17 0 0 0 0 0 0 0 0 0 0 0 0 0 0 0 0 0 0 0 0 0 0 0 0 0 0 0 0 0 0 0 0 
0 0 0 0 0 0 0 0 0 0 0 0 0 0 0 0 0 3.19818e+10 1.08701e+12 1.58247e+13 1.2918e+14 6.86766e+14 2.61743e+15 7.65144e+15 1.80605e+16 3.58046e+16 6.15474e+16 9.39666e+16 1.29883e+17 1.64816e+17 1.9401e+17 2.13356e+17 2.20114e+17 0 0 0 0 0 0 0 0 0 0 0 0 0 0 0 0 0 0 0 0 0 0 0 0 0 0 0 0 0 0 0 0 
0 0 0 0 0 0 0 0 0 0 0 0 0 0 0 0 0 5.51783e+09 3.00053e+11 5.51621e+12 5.39374e+13 3.32903e+14 1.44176e+15 4.70205e+15 1.21925e+16 2.61712e+16 4.80731e+16 7.74958e+16 1.11818e+17 1.46625e+17 1.76627e+17 1.96904e+17 2.04154e+17 0 0 0 0 0 0 0 0 0 0 0 0 0 0 0 0 0 0 0 0 0 0 0 0 0 0 0 0 0 0 0 0 
0 0 0 0 0 0 0 0 0 0 0 0 0 0 0 0 0 1.59703e+09 7.67329e+10 1.76123e+12 2.05874e+13 1.47463e+14 7.2382e+14 2.63213e+15 7.48708e+15 1.7409e+16 3.41765e+16 5.82225e+16 8.77903e+16 1.19e+17 1.46698e+17 1.65887e+17 1.72698e+17 0 0 0 0 0 0 0 0 0 0 0 0 0 0 0 0 0 0 0 0 0 0 0 0 0 0 0 0 0 0 0 0 
0 0 0 0 0 0 0 0 0 0 0 0 0 0 0 0 0 0 1.81109e+10 5.17495e+11 7.24686e+12 6.00941e+13 3.34009e+14 1.35046e+15 4.21277e+15 1.05945e+16 2.22327e+16 3.99775e+16 6.29815e+16 8.83071e+16 1.115e+17 1.27805e+17 1.33685e+17 0 0 0 0 0 0 0 0 0 0 0 0 0 0 0 0 0 0 0 0 0 0 0 0 0 0 0 0 0 0 0 0 
0 0 0 0 0 0 0 0 0 0 0 0 0 0 0 0 0 0 3.13704e+09 1.41919e+11 2.37554e+12 2.27362e+13 1.42504e+14 6.3947e+14 2.18256e+15 5.92714e+15 1.328e+16 2.52241e+16 4.1493e+16 6.0137e+16 7.77595e+16 9.04074e+16 9.49935e+16 0 0 0 0 0 0 0 0 0 0 0 0 0 0 0 0 0 0 0 0 0 0 0 0 0 0 0 0 0 0 0 0 
0 0 0 0 0 0 0 0 0 0 0 0 0 0 0 0 0 0 1.18952e+09 3.81788e+10 7.35923e+11 8.04838e+12 5.6787e+13 2.81703e+14 1.04804e+15 3.07023e+15 7.32756e+15 1.46772e+16 2.52005e+16 3.77521e+16 4.9953e+16 5.8911e+16 6.22157e+16 0 0 0 0 0 0 0 0 0 0 0 0 0 0 0 0 0 0 0 0 0 0 0 0 0 0 0 0 0 0 0 0 
0 0 0 0 0 0 0 0 0 0 0 0 0 0 0 0 0 0 0 9.50616e+09 2.15758e+11 2.7002e+12 2.13009e+13 1.16362e+14 4.70792e+14 1.48109e+15 3.76103e+15 7.93023e+15 1.42002e+16 2.19675e+16 2.97378e+16 3.55337e+16 3.7688e+16 0 0 0 0 0 0 0 0 0 0 0 0 0 0 0 0 0 0 0 0 0 0 0 0 0 0 0 0 0 0 0 0 
0 0 0 0 0 0 0 0 0 0 0 0 0 0 0 0 0 0 0 1.60558e+09 6.13242e+10 8.70545e+11 7.60197e+12 4.54573e+13 1.99237e+14 6.71225e+14 1.80749e+15 4.00321e+15 7.4657e+15 1.19076e+16 1.64875e+16 1.99672e+16 2.12693e+16 0 0 0 0 0 0 0 0 0 0 0 0 0 0 0 0 0 0 0 0 0 0 0 0 0 0 0 0 0 0 0 0 
0 0 0 0 0 0 0 0 0 0 0 0 0 0 0 0 0 0 0 8.08646e+08 1.78259e+10 2.72795e+11 2.60444e+12 1.69682e+13 8.00869e+13 2.87908e+14 8.19955e+14 1.90414e+15 3.68794e+15 6.06381e+15 8.56572e+15 1.05089e+16 1.12453e+16 0 0 0 0 0 0 0 0 0 0 0 0 0 0 0 0 0 0 0 0 0 0 0 0 0 0 0 0 0 0 0 0 
0 0 0 0 0 0 0 0 0 0 0 0 0 0 0 0 0 0 0 0 4.5752e+09 8.18969e+10 8.6888e+11 6.11562e+12 3.08872e+13 1.18011e+14 3.54081e+14 8.5867e+14 1.72381e+15 2.91612e+15 4.20516e+15 5.21951e+15 5.60551e+15 0 0 0 0 0 0 0 0 0 0 0 0 0 0 0 0 0 0 0 0 0 0 0 0 0 0 0 0 0 0 0 0 
0 0 0 0 0 0 0 0 0 0 0 0 0 0 0 0 0 0 0 0 7.25468e+08 2.47058e+10 2.87053e+11 2.15024e+12 1.15282e+13 4.65832e+13 1.46558e+14 3.70312e+14 7.6923e+14 1.33527e+15 1.96234e+15 2.46316e+15 2.65563e+15 0 0 0 0 0 0 0 0 0 0 0 0 0 0 0 0 0 0 0 0 0 0 0 0 0 0 0 0 0 0 0 0 
0 0 0 0 0 0 0 0 0 0 0 0 0 0 0 0 0 0 0 0 4.96735e+08 7.75061e+09 9.27243e+10 7.39611e+11 4.21264e+12 1.78608e+13 5.87145e+13 1.54156e+14 3.2997e+14 5.86588e+14 8.77764e+14 1.11352e+15 1.2045e+15 0 0 0 0 0 0 0 0 0 0 0 0 0 0 0 0 0 0 0 0 0 0 0 0 0 0 0 0 0 0 0 0 
0 0 0 0 0 0 0 0 0 0 0 0 0 0 0 0 0 0 0 0 0 1.97508e+09 2.86057e+10 2.53979e+11 1.51967e+12 6.71541e+12 2.29607e+13 6.23231e+13 1.37215e+14 2.49354e+14 3.7887e+14 4.85268e+14 5.27165e+14 0 0 0 0 0 0 0 0 0 0 0 0 0 0 0 0 0 0 0 0 0 0 0 0 0 0 0 0 0 0 0 0 
0 0 0 0 0 0 0 0 0 0 0 0 0 0 0 0 0 0 0 0 0 2.8411e+08 9.2608e+09 8.75637e+10 5.42766e+11 2.49429e+12 8.83961e+12 2.46829e+13 5.57772e+13 1.03347e+14 1.59243e+14 2.05804e+14 2.23831e+14 0 0 0 0 0 0 0 0 0 0 0 0 0 0 0 0 0 0 0 0 0 0 0 0 0 0 0 0 0 0 0 0 
0 0 0 0 0 0 0 0 0 0 0 0 0 0 0 0 0 0 0 0 0 2.7306e+08 3.08228e+09 2.87975e+10 1.91547e+11 9.26016e+11 3.37028e+12 9.6602e+12 2.22974e+13 4.20815e+13 6.56235e+13 8.54392e+13 9.32791e+13 0 0 0 0 0 0 0 0 0 0 0 0 0 0 0 0 0 0 0 0 0 0 0 0 0 0 0 0 0 0 0 0 
0 0 0 0 0 0 0 0 0 0 0 0 0 0 0 0 0 0 0 0 0 0 7.483e+08 9.07464e+09 6.86341e+10 3.42396e+11 1.27838e+12 3.7624e+12 8.84397e+12 1.69286e+13 2.67418e+13 3.50302e+13 3.83037e+13 0 0 0 0 0 0 0 0 0 0 0 0 0 0 0 0 0 0 0 0 0 0 0 0 0 0 0 0 0 0 0 0 
0 0 0 0 0 0 0 0 0 0 0 0 0 0 0 0 0 0 0 0 0 0 9.46041e+07 3.19877e+09 2.44863e+10 1.24512e+11 4.85346e+11 1.46397e+12 3.49365e+12 6.79116e+12 1.08143e+13 1.4262e+13 1.56176e+13 0 0 0 0 0 0 0 0 0 0 0 0 0 0 0 0 0 0 0 0 0 0 0 0 0 0 0 0 0 0 0 0 
0 0 0 0 0 0 0 0 0 0 0 0 0 0 0 0 0 0 0 0 0 0 1.3308e+08 1.0977e+09 7.95963e+09 4.51862e+10 1.85553e+11 5.66689e+11 1.38153e+12 2.72075e+12 4.36539e+12 5.79341e+12 6.35059e+12 0 0 0 0 0 0 0 0 0 0 0 0 0 0 0 0 0 0 0 0 0 0 0 0 0 0 0 0 0 0 0 0 
0 0 0 0 0 0 0 0 0 0 0 0 0 0 0 0 0 0 0 0 0 0 0 2.43433e+08 2.58165e+09 1.69755e+10 6.96592e+10 2.18924e+11 5.48738e+11 1.08768e+12 1.7669e+12 2.35369e+12 2.5897e+12 0 0 0 0 0 0 0 0 0 0 0 0 0 0 0 0 0 0 0 0 0 0 0 0 0 0 0 0 0 0 0 0 
0 0 0 0 0 0 0 0 0 0 0 0 0 0 0 0 0 0 0 0 0 0 0 2.61373e+07 1.01014e+09 6.08503e+09 2.54202e+10 8.5637e+10 2.1636e+11 4.35948e+11 7.17336e+11 9.54865e+11 1.05815e+12 0 0 0 0 0 0 0 0 0 0 0 0 0 0 0 0 0 0 0 0 0 0 0 0 0 0 0 0 0 0 0 0 
0 0 0 0 0 0 0 0 0 0 0 0 0 0 0 0 0 0 0 0 0 0 0 5.69443e+07 3.42164e+08 1.89828e+09 9.60708e+09 3.33249e+10 8.43367e+10 1.75885e+11 2.89118e+11 3.90432e+11 4.30504e+11 0 0 0 0 0 0 0 0 0 0 0 0 0 0 0 0 0 0 0 0 0 0 0 0 0 0 0 0 0 0 0 0 
0 0 0 0 0 0 0 0 0 0 0 0 0 0 0 0 0 0 0 0 0 0 0 0 6.6268e+07 6.60639e+08 3.77301e+09 1.23283e+10 3.33381e+10 7.05764e+10 1.16326e+11 1.60043e+11 1.74511e+11 0 0 0 0 0 0 0 0 0 0 0 0 0 0 0 0 0 0 0 0 0 0 0 0 0 0 0 0 0 0 0 0 
0 0 0 0 0 0 0 0 0 0 0 0 0 0 0 0 0 0 0 0 0 0 0 0 5.82164e+06 2.87522e+08 1.29321e+09 4.52526e+09 1.34179e+10 2.75289e+10 4.74915e+10 6.44424e+10 7.1604e+10 0 0 0 0 0 0 0 0 0 0 0 0 0 0 0 0 0 0 0 0 0 0 0 0 0 0 0 0 0 0 0 0 
0 0 0 0 0 0 0 0 0 0 0 0 0 0 0 0 0 0 0 0 0 0 0 0 2.11552e+07 9.0651e+07 3.80193e+08 1.83869e+09 5.12109e+09 1.07933e+10 1.93998e+10 2.56849e+10 2.95448e+10 0 0 0 0 0 0 0 0 0 0 0 0 0 0 0 0 0 0 0 0 0 0 0 0 0 0 0 0 0 0 0 0 
0 0 0 0 0 0 0 0 0 0 0 0 0 0 0 0 0 0 0 0 0 0 0 0 0 1.46314e+07 1.54452e+08 7.28574e+08 1.81442e+09 4.46641e+09 7.52464e+09 1.05528e+10 1.1761e+10 0 0 0 0 0 0 0 0 0 0 0 0 0 0 0 0 0 0 0 0 0 0 0 0 0 0 0 0 0 0 0 0 
0 0 0 0 0 0 0 0 0 0 0 0 0 0 0 0 0 0 0 0 0 0 0 0 0 1.00123e+06 7.17618e+07 2.22171e+08 7.07841e+08 1.78947e+09 2.86497e+09 4.40216e+09 4.54512e+09 0 0 0 0 0 0 0 0 0 0 0 0 0 0 0 0 0 0 0 0 0 0 0 0 0 0 0 0 0 0 0 0 
0 0 0 0 0 0 0 0 0 0 0 0 0 0 0 0 0 0 0 0 0 0 0 0 0 6.73712e+06 1.96986e+07 6.37872e+07 3.13265e+08 6.25568e+08 1.19655e+09 1.70181e+09 1.8626e+09 0 0 0 0 0 0 0 0 0 0 0 0 0 0 0 0 0 0 0 0 0 0 0 0 0 0 0 0 0 0 0 0 
0 0 0 0 0 0 0 0 0 0 0 0 0 0 0 0 0 0 0 0 0 0 0 0 0 0 2.50593e+06 3.31659e+07 1.14857e+08 2.19077e+08 5.13512e+08 6.09972e+08 8.07801e+08 0 0 0 0 0 0 0 0 0 0 0 0 0 0 0 0 0 0 0 0 0 0 0 0 0 0 0 0 0 0 0 0 
0 0 0 0 0 0 0 0 0 0 0 0 0 0 0 0 0 0 0 0 0 0 0 0 0 0 124644 1.50857e+07 2.872e+07 1.00146e+08 1.84192e+08 2.48918e+08 3.11972e+08 0 0 0 0 0 0 0 0 0 0 0 0 0 0 0 0 0 0 0 0 0 0 0 0 0 0 0 0 0 0 0 0 
0 0 0 0 0 0 0 0 0 0 0 0 0 0 0 0 0 0 0 0 0 0 0 0 0 0 1.80991e+06 3.34918e+06 9.3775e+06 4.49185e+07 5.59933e+07 1.16265e+08 1.00577e+08 0 0 0 0 0 0 0 0 0 0 0 0 0 0 0 0 0 0 0 0 0 0 0 0 0 0 0 0 0 0 0 0 
0 0 0 0 0 0 0 0 0 0 0 0 0 0 0 0 0 0 0 0 0 0 0 0 0 0 0 311572 6.37181e+06 1.34196e+07 2.32124e+07 4.50118e+07 3.80195e+07 0 0 0 0 0 0 0 0 0 0 0 0 0 0 0 0 0 0 0 0 0 0 0 0 0 0 0 0 0 0 0 0 
0 0 0 0 0 0 0 0 0 0 0 0 0 0 0 0 0 0 0 0 0 0 0 0 0 0 0 9979.65 2.52418e+06 2.54499e+06 1.26215e+07 1.2224e+07 1.98239e+07 0 0 0 0 0 0 0 0 0 0 0 0 0 0 0 0 0 0 0 0 0 0 0 0 0 0 0 0 0 0 0 0 
0 0 0 0 0 0 0 0 0 0 0 0 0 0 0 0 0 0 0 0 0 0 0 0 0 0 0 401894 415291 1.31844e+06 4.80419e+06 3.7099e+06 8.62004e+06 0 0 0 0 0 0 0 0 0 0 0 0 0 0 0 0 0 0 0 0 0 0 0 0 0 0 0 0 0 0 0 0 
0 0 0 0 0 0 0 0 0 0 0 0 0 0 0 0 0 0 0 0 0 0 0 0 0 0 0 0 24926.7 1.02257e+06 999790 2.39453e+06 2.27937e+06 0 0 0 0 0 0 0 0 0 0 0 0 0 0 0 0 0 0 0 0 0 0 0 0 0 0 0 0 0 0 0 0 
0 0 0 0 0 0 0 0 0 0 0 0 0 0 0 0 0 0 0 0 0 0 0 0 0 0 0 0 382.51 311307 138078 1.22903e+06 393349 0 0 0 0 0 0 0 0 0 0 0 0 0 0 0 0 0 0 0 0 0 0 0 0 0 0 0 0 0 0 0 0 
0 0 0 0 0 0 0 0 0 0 0 0 0 0 0 0 0 0 0 0 0 0 0 0 0 0 0 0 71756.1 33223.5 179516 309539 255557 0 0 0 0 0 0 0 0 0 0 0 0 0 0 0 0 0 0 0 0 0 0 0 0 0 0 0 0 0 0 0 0 
0 0 0 0 0 0 0 0 0 0 0 0 0 0 0 0 0 0 0 0 0 0 0 0 0 0 0 0 0 958.662 124485 37388.9 210891 0 0 0 0 0 0 0 0 0 0 0 0 0 0 0 0 0 0 0 0 0 0 0 0 0 0 0 0 0 0 0 0 
0 0 0 0 0 0 0 0 0 0 0 0 0 0 0 0 0 0 0 0 0 0 0 0 0 0 0 0 0 0 24906 3841.1 68257 0 0 0 0 0 0 0 0 0 0 0 0 0 0 0 0 0 0 0 0 0 0 0 0 0 0 0 0 0 0 0 0 
0 0 0 0 0 0 0 0 0 0 0 0 0 0 0 0 0 0 0 0 0 0 0 0 0 0 0 0 0 9897.39 1277.75 20747 7666.89 0 0 0 0 0 0 0 0 0 0 0 0 0 0 0 0 0 0 0 0 0 0 0 0 0 0 0 0 0 0 0 0 
0 0 0 0 0 0 0 0 0 0 0 0 0 0 0 0 0 0 0 0 0 0 0 0 0 0 0 0 0 0 0 9959.38 479.639 0 0 0 0 0 0 0 0 0 0 0 0 0 0 0 0 0 0 0 0 0 0 0 0 0 0 0 0 0 0 0 0 
0 0 0 0 0 0 0 0 0 0 0 0 0 0 0 0 0 0 0 0 0 0 0 0 0 0 0 0 0 0 0 958.023 0 0 0 0 0 0 0 0 0 0 0 0 0 0 0 0 0 0 0 0 0 0 0 0 0 0 0 0 0 0 0 0 0 
0 0 0 0 0 0 0 0 0 0 0 0 0 0 0 0 0 0 0 0 0 0 0 0 0 0 0 0 0 0 989.739 0 1659.8 0 0 0 0 0 0 0 0 0 0 0 0 0 0 0 0 0 0 0 0 0 0 0 0 0 0 0 0 0 0 0 0 
0 0 0 0 0 0 0 0 0 0 0 0 0 0 0 0 0 0 0 0 0 0 0 0 0 0 0 0 0 0 0 0 383.08 0 0 0 0 0 0 0 0 0 0 0 0 0 0 0 0 0 0 0 0 0 0 0 0 0 0 0 0 0 0 0 0 
0 0 0 0 0 0 0 0 0 0 0 0 0 0 0 0 0 0 0 0 0 0 0 0 0 0 0 0 0 0 0 0 0 0 0 0 0 0 0 0 0 0 0 0 0 0 0 0 0 0 0 0 0 0 0 0 0 0 0 0 0 0 0 0 0 
0 0 0 0 0 0 0 0 0 0 0 0 0 0 0 0 0 0 0 0 0 0 0 0 0 0 0 0 0 0 0 63.8541 0 0 0 0 0 0 0 0 0 0 0 0 0 0 0 0 0 0 0 0 0 0 0 0 0 0 0 0 0 0 0 0 0 
0 0 0 0 0 0 0 0 0 0 0 0 0 0 0 0 0 0 0 0 0 0 0 0 0 0 0 0 0 0 0 0 0 0 0 0 0 0 0 0 0 0 0 0 0 0 0 0 0 0 0 0 0 0 0 0 0 0 0 0 0 0 0 0 0 
0 0 0 0 0 0 0 0 0 0 0 0 0 0 0 0 0 0 0 0 0 0 0 0 0 0 0 0 0 0 0 0 0 0 0 0 0 0 0 0 0 0 0 0 0 0 0 0 0 0 0 0 0 0 0 0 0 0 0 0 0 0 0 0 0 
0 0 0 0 0 0 0 0 0 0 0 0 0 0 0 0 0 0 0 0 0 0 0 0 0 0 0 0 0 0 0 0 1.99544 0 0 0 0 0 0 0 0 0 0 0 0 0 0 0 0 0 0 0 0 0 0 0 0 0 0 0 0 0 0 0 0 
