1 0 0 0 0 0 0 0 0 0 0 0 0 0 0 0 0 0 0 0 0 0 0 0 0 0 0 0 0 0 0 0 0 0 0 0 0 0 0 0 0 0 0 0 0 0 0 0 0 0 0 0 0 0 0 0 0 0 0 0 0 0 0 0 1 
0 0 0 0 0 0 0 0 0 0 0 0 0 0 0 0 0 0 0 0 0 0 0 0 0 0 0 0 0 0 0 0 0 0 0 0 0 0 0 0 0 0 0 0 0 0 0 0 0 0 0 0 0 0 0 0 0 0 0 0 0 0 0 0 0 
0 0 0 0 0 0 0 0 0 0 0 0 0 0 0 0 0 0 0 0 0 0 0 0 0 0 0 0 0 0 0 0 0 0 0 0 0 0 0 0 0 0 0 0 0 0 0 0 0 0 0 0 0 0 0 0 0 0 0 0 0 0 0 0 0 
0 64 0 0 0 0 0 0 0 0 0 0 0 0 0 0 0 0 0 0 0 0 0 0 0 0 0 0 0 0 0 0 0 0 0 0 0 0 0 0 0 0 0 0 0 0 0 0 0 0 0 0 0 0 0 0 0 0 0 0 0 0 0 0 0 
0 0 0 0 0 0 0 0 0 0 0 0 0 0 0 0 0 0 0 0 0 0 0 0 0 0 0 0 0 0 0 0 0 0 0 0 0 0 0 0 0 0 0 0 0 0 0 0 0 0 0 0 0 0 0 0 0 0 0 0 0 0 0 0 0 
0 0 192 0 0 0 0 0 0 0 0 0 0 0 0 0 0 0 0 0 0 0 0 0 0 0 0 0 0 0 0 0 0 0 0 0 0 0 0 0 0 0 0 0 0 0 0 0 0 0 0 0 0 0 0 0 0 0 0 0 0 0 0 0 0 
0 0 1824 0 0 0 0 0 0 0 0 0 0 0 0 0 0 0 0 0 0 0 0 0 0 0 0 0 0 0 0 0 0 0 0 0 0 0 0 0 0 0 0 0 0 0 0 0 0 0 0 0 0 0 0 0 0 0 0 0 0 0 0 0 0 
0 0 0 959.785 0 0 0 0 0 0 0 0 0 0 0 0 0 0 0 0 0 0 0 0 0 0 0 0 0 0 0 0 0 0 0 0 0 0 0 0 0 0 0 0 0 0 0 0 0 0 0 0 0 0 0 0 0 0 0 0 0 0 0 0 0 
0 0 0 9984.43 239.946 0 0 0 0 0 0 0 0 0 0 0 0 0 0 0 0 0 0 0 0 0 0 0 0 0 0 0 0 0 0 0 0 0 0 0 0 0 0 0 0 0 0 0 0 0 0 0 0 0 0 0 0 0 0 0 0 0 0 0 0 
0 0 0 30719.8 5118.7 0 0 0 0 0 0 0 0 0 0 0 0 0 0 0 0 0 0 0 0 0 0 0 0 0 0 0 0 0 0 0 0 0 0 0 0 0 0 0 0 0 0 0 0 0 0 0 0 0 0 0 0 0 0 0 0 0 0 0 0 
0 0 0 0 59147.7 3842.69 0 0 0 0 0 0 0 0 0 0 0 0 0 0 0 0 0 0 0 0 0 0 0 0 0 0 0 0 0 0 0 0 0 0 0 0 0 0 0 0 0 0 0 0 0 0 0 0 0 0 0 0 0 0 0 0 0 0 0 
0 0 0 0 228461 38386.6 1919.43 0 0 0 0 0 0 0 0 0 0 0 0 0 0 0 0 0 0 0 0 0 0 0 0 0 0 0 0 0 0 0 0 0 0 0 0 0 0 0 0 0 0 0 0 0 0 0 0 0 0 0 0 0 0 0 0 0 0 
0 0 0 0 342409 341754 37141.4 1277.04 159.63 0 0 0 0 0 0 0 0 0 0 0 0 0 0 0 0 0 0 0 0 0 0 0 0 0 0 0 0 0 0 0 0 0 0 0 0 0 0 0 0 0 0 0 0 0 0 0 0 0 0 0 0 0 0 0 0 
0 0 0 0 0 1.50534e+06 335373 37436.6 0 0 0 0 0 0 0 0 0 0 0 0 0 0 0 0 0 0 0 0 0 0 0 0 0 0 0 0 0 0 0 0 0 0 0 0 0 0 0 0 0 0 0 0 0 0 0 0 0 0 0 0 0 0 0 0 0 
0 0 0 0 0 3.05274e+06 2.11928e+06 365174 46129.5 3839.66 0 0 0 0 0 0 0 0 0 0 0 0 0 0 0 0 0 0 0 0 0 0 0 0 0 0 0 0 0 0 0 0 0 0 0 0 0 0 0 0 0 0 0 0 0 0 0 0 0 0 0 0 0 0 0 
0 0 0 0 0 2.68245e+06 9.07636e+06 2.71195e+06 459511 42608.5 5775.14 0 0 0 0 0 0 0 0 0 0 0 0 0 0 0 0 0 0 0 0 0 0 0 0 0 0 0 0 0 0 0 0 0 0 0 0 0 0 0 0 0 0 0 0 0 0 0 0 0 0 0 0 0 0 
0 0 0 0 0 0 2.14112e+07 1.4087e+07 3.5803e+06 699255 80618.1 11546 1438.82 0 0 0 60.279 0 0 0 0 0 0 0 0 0 0 0 0 0 0 0 11.9865 0 0 0 0 0 0 0 0 0 0 0 0 0 0 0 0 0 0 0 0 0 0 0 0 0 0 0 0 0 0 0 0 
0 0 0 0 0 0 2.66646e+07 5.33548e+07 2.08335e+07 5.24867e+06 1.09997e+06 159997 15302.8 5762.02 1925.69 964.464 0 0 0 0 0 0 0 0 0 0 0 0 0 0 0 0 0 0 0 0 0 0 0 0 0 0 0 0 0 0 0 0 0 0 0 0 0 0 0 0 0 0 0 0 0 0 0 0 0 
0 0 0 0 0 0 1.53285e+07 1.30848e+08 9.33883e+07 3.17738e+07 8.39412e+06 1.92935e+06 401663 50020.7 5307.8 0 0 1922.63 0 0 0 0 0 0 0 0 0 0 0 0 0 383.569 0 0 0 0 0 0 0 0 0 0 0 0 0 0 0 0 0 0 0 0 0 0 0 0 0 0 0 0 0 0 0 0 0 
0 0 0 0 0 0 0 1.92595e+08 3.12058e+08 1.55318e+08 5.32846e+07 1.53952e+07 3.69609e+06 865044 210239 53815.5 28857.3 959.728 3856.95 0 0 0 0 0 0 0 0 0 0 0 958.13 0 0 0 0 0 0 0 0 0 0 0 0 0 0 0 0 0 0 0 0 0 0 0 0 0 0 0 0 0 0 0 0 0 0 
0 0 0 0 0 0 0 1.61705e+08 7.40112e+08 5.98212e+08 2.62332e+08 9.32459e+07 3.03081e+07 8.46959e+06 2.15067e+06 601837 129139 54076.8 27886.8 11562.6 2899.33 0 0 0 479.679 0 0 0 962.499 3834.56 4987.19 0 11963.1 0 0 0 0 0 0 0 0 0 0 0 0 0 0 0 0 0 0 0 0 0 0 0 0 0 0 0 0 0 0 0 0 
0 0 0 0 0 0 0 6.55103e+07 1.16512e+09 1.78729e+09 1.09493e+09 4.75882e+08 1.78897e+08 6.29452e+07 1.99978e+07 5.97179e+06 2.00105e+06 819114 242821 135667 30776.2 23062.4 11523.9 7674.53 0 3856.21 5767.68 11527.2 15342.5 21074.8 0 28856.6 384.684 0 0 0 0 0 0 0 0 0 0 0 0 0 0 0 0 0 0 0 0 0 0 0 0 0 0 0 0 0 0 0 0 
0 0 0 0 0 0 0 0 1.1705e+09 3.96895e+09 3.68018e+09 2.02046e+09 9.05151e+08 3.68099e+08 1.41581e+08 5.12398e+07 1.80159e+07 6.19996e+06 2.76016e+06 1.13511e+06 739283 260120 123555 79070.7 92501.6 86660.7 76743.8 74941.3 93390.5 61560.5 111682 152568 68185.8 0 0 0 0 0 0 0 0 0 0 0 0 0 0 0 0 0 0 0 0 0 0 0 0 0 0 0 0 0 0 0 0 
0 0 0 0 0 0 0 0 7.06615e+08 6.29334e+09 9.82711e+09 7.2404e+09 3.87595e+09 1.82527e+09 8.03931e+08 3.36279e+08 1.35243e+08 5.44412e+07 2.25973e+07 1.04047e+07 4.75906e+06 2.89221e+06 1.74965e+06 1.07179e+06 724243 468793 530991 529327 492027 434675 686924 267754 705531 0 0 0 0 0 0 0 0 0 0 0 0 0 0 0 0 0 0 0 0 0 0 0 0 0 0 0 0 0 0 0 0 
0 0 0 0 0 0 0 0 2.13456e+08 6.86604e+09 2.02436e+10 2.14582e+10 1.43003e+10 7.75659e+09 3.86159e+09 1.83757e+09 8.48017e+08 3.82778e+08 1.70985e+08 7.9333e+07 3.98415e+07 2.1787e+07 1.21195e+07 7.71077e+06 5.1359e+06 4.61539e+06 3.51481e+06 3.13077e+06 2.5806e+06 3.38361e+06 2.35603e+06 2.96001e+06 2.93153e+06 0 0 0 0 0 0 0 0 0 0 0 0 0 0 0 0 0 0 0 0 0 0 0 0 0 0 0 0 0 0 0 0 
0 0 0 0 0 0 0 0 0 5.01317e+09 3.11392e+10 5.13357e+10 4.47381e+10 2.8855e+10 1.62417e+10 8.61616e+09 4.39474e+09 2.2026e+09 1.09898e+09 5.52502e+08 2.85419e+08 1.5332e+08 9.27955e+07 5.82823e+07 4.03845e+07 2.75594e+07 2.15728e+07 1.76427e+07 1.7631e+07 1.49151e+07 1.38816e+07 1.53257e+07 1.22154e+07 0 0 0 0 0 0 0 0 0 0 0 0 0 0 0 0 0 0 0 0 0 0 0 0 0 0 0 0 0 0 0 0 
0 0 0 0 0 0 0 0 0 2.28184e+09 3.49845e+10 9.73286e+10 1.17162e+11 9.27715e+10 5.98811e+10 3.52281e+10 1.98933e+10 1.09547e+10 5.96362e+09 3.25442e+09 1.79659e+09 1.026e+09 6.02419e+08 3.78255e+08 2.50575e+08 1.79345e+08 1.38724e+08 1.13718e+08 9.52823e+07 8.03077e+07 8.28292e+07 7.27979e+07 7.78793e+07 0 0 0 0 0 0 0 0 0 0 0 0 0 0 0 0 0 0 0 0 0 0 0 0 0 0 0 0 0 0 0 0 
0 0 0 0 0 0 0 0 0 5.38664e+08 2.79989e+10 1.42689e+11 2.5199e+11 2.55566e+11 1.94499e+11 1.28268e+11 7.92371e+10 4.75204e+10 2.80185e+10 1.64927e+10 9.79209e+09 5.90602e+09 3.65913e+09 2.35729e+09 1.58552e+09 1.1301e+09 8.37227e+08 6.62087e+08 5.40778e+08 4.93583e+08 4.34101e+08 4.14103e+08 4.04948e+08 0 0 0 0 0 0 0 0 0 0 0 0 0 0 0 0 0 0 0 0 0 0 0 0 0 0 0 0 0 0 0 0 
0 0 0 0 0 0 0 0 0 0 1.55588e+10 1.59026e+11 4.37761e+11 5.94082e+11 5.4964e+11 4.14687e+11 2.82616e+11 1.83465e+11 1.16764e+11 7.35888e+10 4.65057e+10 2.9764e+10 1.94153e+10 1.30034e+10 9.03106e+09 6.48322e+09 4.88916e+09 3.8374e+09 3.2021e+09 2.73854e+09 2.46001e+09 2.34172e+09 2.29255e+09 0 0 0 0 0 0 0 0 0 0 0 0 0 0 0 0 0 0 0 0 0 0 0 0 0 0 0 0 0 0 0 0 
0 0 0 0 0 0 0 0 0 0 5.54996e+09 1.327e+11 6.04355e+11 1.14989e+12 1.33851e+12 1.18401e+12 9.02119e+11 6.38219e+11 4.35754e+11 2.9318e+11 1.96825e+11 1.32869e+11 9.09943e+10 6.37091e+10 4.57821e+10 3.39354e+10 2.60919e+10 2.0866e+10 1.73125e+10 1.49463e+10 1.35652e+10 1.26888e+10 1.24035e+10 0 0 0 0 0 0 0 0 0 0 0 0 0 0 0 0 0 0 0 0 0 0 0 0 0 0 0 0 0 0 0 0 
0 0 0 0 0 0 0 0 0 0 1.07086e+09 8.13933e+10 6.53782e+11 1.82639e+12 2.77186e+12 2.95449e+12 2.57017e+12 2.00055e+12 1.47175e+12 1.05431e+12 7.49112e+11 5.3267e+11 3.82317e+11 2.78767e+11 2.07672e+11 1.58986e+11 1.25068e+11 1.01833e+11 8.58771e+10 7.52217e+10 6.83183e+10 6.44251e+10 6.32045e+10 0 0 0 0 0 0 0 0 0 0 0 0 0 0 0 0 0 0 0 0 0 0 0 0 0 0 0 0 0 0 0 0 
0 0 0 0 0 0 0 0 0 0 0 3.57666e+10 5.49077e+11 2.35348e+12 4.82902e+12 6.37275e+12 6.47032e+12 5.63452e+12 4.50442e+12 3.44977e+12 2.58944e+12 1.93453e+12 1.45144e+12 1.10152e+12 8.49747e+11 6.698e+11 5.4179e+11 4.49887e+11 3.85776e+11 3.42566e+11 3.13089e+11 2.97252e+11 2.92039e+11 0 0 0 0 0 0 0 0 0 0 0 0 0 0 0 0 0 0 0 0 0 0 0 0 0 0 0 0 0 0 0 0 
0 0 0 0 0 0 0 0 0 0 0 1.03433e+10 3.54067e+11 2.43692e+12 6.99991e+12 1.1778e+13 1.42697e+13 1.41511e+13 1.24645e+13 1.02718e+13 8.18059e+12 6.42138e+12 5.02766e+12 3.96554e+12 3.16313e+12 2.56778e+12 2.12827e+12 1.80716e+12 1.57745e+12 1.4141e+12 1.30822e+12 1.24707e+12 1.22714e+12 0 0 0 0 0 0 0 0 0 0 0 0 0 0 0 0 0 0 0 0 0 0 0 0 0 0 0 0 0 0 0 0 
0 0 0 0 0 0 0 0 0 0 0 1.70808e+09 1.72685e+11 2.01262e+12 8.37145e+12 1.84766e+13 2.73425e+13 3.14735e+13 3.09988e+13 2.77936e+13 2.36323e+13 1.95515e+13 1.60014e+13 1.30923e+13 1.079e+13 9.01107e+12 7.65619e+12 6.6289e+12 5.87756e+12 5.3414e+12 4.98462e+12 4.77609e+12 4.70934e+12 0 0 0 0 0 0 0 0 0 0 0 0 0 0 0 0 0 0 0 0 0 0 0 0 0 0 0 0 0 0 0 0 
0 0 0 0 0 0 0 0 0 0 0 0 6.20523e+10 1.32001e+12 8.20937e+12 2.44095e+13 4.51306e+13 6.14342e+13 6.87325e+13 6.79301e+13 6.22259e+13 5.46031e+13 4.68556e+13 3.98404e+13 3.39523e+13 2.91389e+13 2.5333e+13 2.2405e+13 2.01699e+13 1.85513e+13 1.74511e+13 1.6834e+13 1.66311e+13 0 0 0 0 0 0 0 0 0 0 0 0 0 0 0 0 0 0 0 0 0 0 0 0 0 0 0 0 0 0 0 0 
0 0 0 0 0 0 0 0 0 0 0 0 1.5007e+10 6.8094e+11 6.56901e+12 2.69708e+13 6.374e+13 1.04599e+14 1.34978e+14 1.48959e+14 1.48591e+14 1.39328e+14 1.25939e+14 1.11824e+14 9.86894e+13 8.72447e+13 7.76528e+13 6.99933e+13 6.40622e+13 5.96504e+13 5.66372e+13 5.48873e+13 5.42448e+13 0 0 0 0 0 0 0 0 0 0 0 0 0 0 0 0 0 0 0 0 0 0 0 0 0 0 0 0 0 0 0 0 
0 0 0 0 0 0 0 0 0 0 0 0 2.24406e+09 2.72804e+11 4.28113e+12 2.48643e+13 7.66189e+13 1.54281e+14 2.33318e+14 2.91156e+14 3.19975e+14 3.23555e+14 3.10731e+14 2.89432e+14 2.65289e+14 2.41877e+14 2.2092e+14 2.03126e+14 1.88839e+14 1.78073e+14 1.70493e+14 1.66021e+14 1.64613e+14 0 0 0 0 0 0 0 0 0 0 0 0 0 0 0 0 0 0 0 0 0 0 0 0 0 0 0 0 0 0 0 0 
0 0 0 0 0 0 0 0 0 0 0 0 0 8.27264e+10 2.26334e+12 1.90686e+13 7.80057e+13 1.96131e+14 3.52865e+14 5.04905e+14 6.17796e+14 6.803e+14 6.98777e+14 6.8676e+14 6.57121e+14 6.19949e+14 5.82312e+14 5.47698e+14 5.17932e+14 4.94644e+14 4.78162e+14 4.67979e+14 4.64589e+14 0 0 0 0 0 0 0 0 0 0 0 0 0 0 0 0 0 0 0 0 0 0 0 0 0 0 0 0 0 0 0 0 
0 0 0 0 0 0 0 0 0 0 0 0 0 1.7279e+10 9.64295e+11 1.21568e+13 6.72416e+13 2.14177e+14 4.65002e+14 7.72215e+14 1.06414e+15 1.28785e+15 1.42664e+15 1.48874e+15 1.49523e+15 1.46664e+15 1.4204e+15 1.36875e+15 1.32034e+15 1.27823e+15 1.24746e+15 1.22855e+15 1.22186e+15 0 0 0 0 0 0 0 0 0 0 0 0 0 0 0 0 0 0 0 0 0 0 0 0 0 0 0 0 0 0 0 0 
0 0 0 0 0 0 0 0 0 0 0 0 0 2.51603e+09 3.2748e+11 6.44113e+12 4.90018e+13 2.0053e+14 5.32096e+14 1.03752e+15 1.62634e+15 2.18425e+15 2.6297e+15 2.93618e+15 3.11154e+15 3.18796e+15 3.19502e+15 3.16395e+15 3.11445e+15 3.06801e+15 3.02387e+15 2.99598e+15 2.9857e+15 0 0 0 0 0 0 0 0 0 0 0 0 0 0 0 0 0 0 0 0 0 0 0 0 0 0 0 0 0 0 0 0 
0 0 0 0 0 0 0 0 0 0 0 0 0 0 8.65326e+10 2.83181e+12 3.02287e+13 1.60931e+14 5.27624e+14 1.22167e+15 2.19984e+15 3.30569e+15 4.36145e+15 5.24038e+15 5.89828e+15 6.33791e+15 6.60541e+15 6.74197e+15 6.79862e+15 6.80473e+15 6.79227e+15 6.77959e+15 6.77278e+15 0 0 0 0 0 0 0 0 0 0 0 0 0 0 0 0 0 0 0 0 0 0 0 0 0 0 0 0 0 0 0 0 
0 0 0 0 0 0 0 0 0 0 0 0 0 0 1.6202e+10 1.02767e+12 1.58116e+13 1.1084e+14 4.53207e+14 1.25715e+15 2.62528e+15 4.4521e+15 6.47997e+15 8.44277e+15 1.01391e+16 1.14899e+16 1.24895e+16 1.31862e+16 1.36448e+16 1.39249e+16 1.40903e+16 1.41668e+16 1.41943e+16 0 0 0 0 0 0 0 0 0 0 0 0 0 0 0 0 0 0 0 0 0 0 0 0 0 0 0 0 0 0 0 0 
0 0 0 0 0 0 0 0 0 0 0 0 0 0 2.505e+09 3.05425e+11 7.0237e+12 6.56183e+13 3.37866e+14 1.13175e+15 2.76009e+15 5.31813e+15 8.60505e+15 1.22187e+16 1.57578e+16 1.89149e+16 2.15344e+16 2.35859e+16 2.51098e+16 2.61786e+16 2.68788e+16 2.72715e+16 2.73974e+16 0 0 0 0 0 0 0 0 0 0 0 0 0 0 0 0 0 0 0 0 0 0 0 0 0 0 0 0 0 0 0 0 
0 0 0 0 0 0 0 0 0 0 0 0 0 0 0 7.30095e+10 2.64745e+12 3.35308e+13 2.18885e+14 8.91162e+14 2.55638e+15 5.63786e+15 1.01961e+16 1.58741e+16 2.20731e+16 2.81878e+16 3.37356e+16 3.84678e+16 4.22225e+16 4.50771e+16 4.70212e+16 4.81728e+16 4.8538e+16 0 0 0 0 0 0 0 0 0 0 0 0 0 0 0 0 0 0 0 0 0 0 0 0 0 0 0 0 0 0 0 0 
0 0 0 0 0 0 0 0 0 0 0 0 0 0 0 1.27882e+10 8.44829e+11 1.48266e+13 1.23724e+14 6.15616e+14 2.08815e+15 5.29598e+15 1.0764e+16 1.8472e+16 2.78332e+16 3.7952e+16 4.79415e+16 5.70183e+16 6.47734e+16 7.08458e+16 7.5231e+16 7.78507e+16 7.87356e+16 0 0 0 0 0 0 0 0 0 0 0 0 0 0 0 0 0 0 0 0 0 0 0 0 0 0 0 0 0 0 0 0 
0 0 0 0 0 0 0 0 0 0 0 0 0 0 0 2.2999e+09 2.27754e+11 5.6943e+12 6.12759e+13 3.74419e+14 1.50652e+15 4.41387e+15 1.01255e+16 1.92339e+16 3.15383e+16 4.61117e+16 6.16363e+16 7.67593e+16 9.03124e+16 1.0154e+17 1.09809e+17 1.14872e+17 1.16538e+17 0 0 0 0 0 0 0 0 0 0 0 0 0 0 0 0 0 0 0 0 0 0 0 0 0 0 0 0 0 0 0 0 
0 0 0 0 0 0 0 0 0 0 0 0 0 0 0 0 5.16047e+10 1.90203e+12 2.67428e+13 2.01288e+14 9.64233e+14 3.27333e+15 8.50845e+15 1.79349e+16 3.21073e+16 5.0505e+16 7.16426e+16 9.3625e+16 1.14443e+17 1.32288e+17 1.45949e+17 1.54468e+17 1.57393e+17 0 0 0 0 0 0 0 0 0 0 0 0 0 0 0 0 0 0 0 0 0 0 0 0 0 0 0 0 0 0 0 0 
0 0 0 0 0 0 0 0 0 0 0 0 0 0 0 0 8.84373e+09 5.5253e+11 1.03161e+13 9.62258e+13 5.49763e+14 2.1662e+15 6.38981e+15 1.5005e+16 2.94009e+16 4.98554e+16 7.52985e+16 1.03441e+17 1.31515e+17 1.56675e+17 1.76475e+17 1.89041e+17 1.93365e+17 0 0 0 0 0 0 0 0 0 0 0 0 0 0 0 0 0 0 0 0 0 0 0 0 0 0 0 0 0 0 0 0 
0 0 0 0 0 0 0 0 0 0 0 0 0 0 0 0 1.97989e+09 1.41458e+11 3.54142e+12 4.11333e+13 2.80701e+14 1.28437e+15 4.30716e+15 1.12834e+16 2.42449e+16 4.44345e+16 7.1524e+16 1.03546e+17 1.37156e+17 1.68581e+17 1.94015e+17 2.10579e+17 2.16329e+17 0 0 0 0 0 0 0 0 0 0 0 0 0 0 0 0 0 0 0 0 0 0 0 0 0 0 0 0 0 0 0 0 
0 0 0 0 0 0 0 0 0 0 0 0 0 0 0 0 0 3.20013e+10 1.08697e+12 1.58309e+13 1.29126e+14 6.8675e+14 2.61689e+15 7.65145e+15 1.80589e+16 3.58003e+16 6.1543e+16 9.39551e+16 1.29873e+17 1.64783e+17 1.94002e+17 2.13384e+17 2.20145e+17 0 0 0 0 0 0 0 0 0 0 0 0 0 0 0 0 0 0 0 0 0 0 0 0 0 0 0 0 0 0 0 0 
0 0 0 0 0 0 0 0 0 0 0 0 0 0 0 0 0 5.5196e+09 2.9986e+11 5.51799e+12 5.39266e+13 3.33001e+14 1.44151e+15 4.70147e+15 1.2189e+16 2.617e+16 4.80733e+16 7.75117e+16 1.11836e+17 1.46632e+17 1.7663e+17 1.96966e+17 2.0413e+17 0 0 0 0 0 0 0 0 0 0 0 0 0 0 0 0 0 0 0 0 0 0 0 0 0 0 0 0 0 0 0 0 
0 0 0 0 0 0 0 0 0 0 0 0 0 0 0 0 0 1.59541e+09 7.6788e+10 1.76014e+12 2.05848e+13 1.47423e+14 7.24083e+14 2.63259e+15 7.48975e+15 1.74102e+16 3.41781e+16 5.82174e+16 8.77767e+16 1.19017e+17 1.46707e+17 1.65853e+17 1.72695e+17 0 0 0 0 0 0 0 0 0 0 0 0 0 0 0 0 0 0 0 0 0 0 0 0 0 0 0 0 0 0 0 0 
0 0 0 0 0 0 0 0 0 0 0 0 0 0 0 0 0 0 1.8119e+10 5.17278e+11 7.24445e+12 6.00808e+13 3.33988e+14 1.35014e+15 4.21291e+15 1.05928e+16 2.22329e+16 3.99851e+16 6.29867e+16 8.82883e+16 1.11524e+17 1.2781e+17 1.33735e+17 0 0 0 0 0 0 0 0 0 0 0 0 0 0 0 0 0 0 0 0 0 0 0 0 0 0 0 0 0 0 0 0 
0 0 0 0 0 0 0 0 0 0 0 0 0 0 0 0 0 0 3.13748e+09 1.41893e+11 2.37474e+12 2.27206e+13 1.42437e+14 6.39551e+14 2.18128e+15 5.92824e+15 1.3276e+16 2.52096e+16 4.14855e+16 6.01222e+16 7.77293e+16 9.03887e+16 9.49689e+16 0 0 0 0 0 0 0 0 0 0 0 0 0 0 0 0 0 0 0 0 0 0 0 0 0 0 0 0 0 0 0 0 
0 0 0 0 0 0 0 0 0 0 0 0 0 0 0 0 0 0 1.18788e+09 3.8219e+10 7.35702e+11 8.04632e+12 5.67532e+13 2.81612e+14 1.04858e+15 3.06964e+15 7.33069e+15 1.4677e+16 2.52027e+16 3.77586e+16 4.99455e+16 5.89119e+16 6.21952e+16 0 0 0 0 0 0 0 0 0 0 0 0 0 0 0 0 0 0 0 0 0 0 0 0 0 0 0 0 0 0 0 0 
0 0 0 0 0 0 0 0 0 0 0 0 0 0 0 0 0 0 0 9.51105e+09 2.15596e+11 2.69891e+12 2.12902e+13 1.16307e+14 4.70659e+14 1.4805e+15 3.75981e+15 7.931e+15 1.41941e+16 2.19622e+16 2.97345e+16 3.55321e+16 3.76879e+16 0 0 0 0 0 0 0 0 0 0 0 0 0 0 0 0 0 0 0 0 0 0 0 0 0 0 0 0 0 0 0 0 
0 0 0 0 0 0 0 0 0 0 0 0 0 0 0 0 0 0 0 1.6061e+09 6.13024e+10 8.70153e+11 7.59841e+12 4.54368e+13 1.99139e+14 6.71484e+14 1.80785e+15 4.00504e+15 7.46678e+15 1.19118e+16 1.64941e+16 1.99594e+16 2.12701e+16 0 0 0 0 0 0 0 0 0 0 0 0 0 0 0 0 0 0 0 0 0 0 0 0 0 0 0 0 0 0 0 0 
0 0 0 0 0 0 0 0 0 0 0 0 0 0 0 0 0 0 0 8.07218e+08 1.7826e+10 2.72574e+11 2.60469e+12 1.69608e+13 8.00341e+13 2.88059e+14 8.19776e+14 1.90288e+15 3.68724e+15 6.06367e+15 8.56582e+15 1.05148e+16 1.12441e+16 0 0 0 0 0 0 0 0 0 0 0 0 0 0 0 0 0 0 0 0 0 0 0 0 0 0 0 0 0 0 0 0 
0 0 0 0 0 0 0 0 0 0 0 0 0 0 0 0 0 0 0 0 4.5772e+09 8.19067e+10 8.68327e+11 6.11307e+12 3.08807e+13 1.17941e+14 3.53968e+14 8.58868e+14 1.72385e+15 2.91465e+15 4.20414e+15 5.22044e+15 5.60753e+15 0 0 0 0 0 0 0 0 0 0 0 0 0 0 0 0 0 0 0 0 0 0 0 0 0 0 0 0 0 0 0 0 
0 0 0 0 0 0 0 0 0 0 0 0 0 0 0 0 0 0 0 0 7.25845e+08 2.46961e+10 2.86872e+11 2.14724e+12 1.15237e+13 4.65494e+13 1.46563e+14 3.70466e+14 7.69051e+14 1.335e+15 1.96246e+15 2.4638e+15 2.65606e+15 0 0 0 0 0 0 0 0 0 0 0 0 0 0 0 0 0 0 0 0 0 0 0 0 0 0 0 0 0 0 0 0 
0 0 0 0 0 0 0 0 0 0 0 0 0 0 0 0 0 0 0 0 4.95918e+08 7.75494e+09 9.26957e+10 7.39613e+11 4.20722e+12 1.78502e+13 5.86722e+13 1.53967e+14 3.29889e+14 5.86744e+14 8.77586e+14 1.11274e+15 1.20404e+15 0 0 0 0 0 0 0 0 0 0 0 0 0 0 0 0 0 0 0 0 0 0 0 0 0 0 0 0 0 0 0 0 
0 0 0 0 0 0 0 0 0 0 0 0 0 0 0 0 0 0 0 0 0 1.97497e+09 2.86041e+10 2.53654e+11 1.51944e+12 6.71359e+12 2.29446e+13 6.2255e+13 1.3715e+14 2.49334e+14 3.78839e+14 4.85414e+14 5.26683e+14 0 0 0 0 0 0 0 0 0 0 0 0 0 0 0 0 0 0 0 0 0 0 0 0 0 0 0 0 0 0 0 0 
0 0 0 0 0 0 0 0 0 0 0 0 0 0 0 0 0 0 0 0 0 2.84336e+08 9.25953e+09 8.74981e+10 5.4222e+11 2.49523e+12 8.83524e+12 2.4678e+13 5.57056e+13 1.03378e+14 1.59259e+14 2.05755e+14 2.2388e+14 0 0 0 0 0 0 0 0 0 0 0 0 0 0 0 0 0 0 0 0 0 0 0 0 0 0 0 0 0 0 0 0 
0 0 0 0 0 0 0 0 0 0 0 0 0 0 0 0 0 0 0 0 0 2.72594e+08 3.08392e+09 2.87979e+10 1.91262e+11 9.25685e+11 3.3692e+12 9.6651e+12 2.23007e+13 4.20423e+13 6.56441e+13 8.54885e+13 9.32366e+13 0 0 0 0 0 0 0 0 0 0 0 0 0 0 0 0 0 0 0 0 0 0 0 0 0 0 0 0 0 0 0 0 
0 0 0 0 0 0 0 0 0 0 0 0 0 0 0 0 0 0 0 0 0 0 7.48224e+08 9.07127e+09 6.85715e+10 3.42443e+11 1.27861e+12 3.7625e+12 8.83616e+12 1.69356e+13 2.67282e+13 3.5027e+13 3.83132e+13 0 0 0 0 0 0 0 0 0 0 0 0 0 0 0 0 0 0 0 0 0 0 0 0 0 0 0 0 0 0 0 0 
0 0 0 0 0 0 0 0 0 0 0 0 0 0 0 0 0 0 0 0 0 0 9.4604e+07 3.19945e+09 2.44595e+10 1.24305e+11 4.85186e+11 1.46235e+12 3.49173e+12 6.78886e+12 1.08098e+13 1.42602e+13 1.56302e+13 0 0 0 0 0 0 0 0 0 0 0 0 0 0 0 0 0 0 0 0 0 0 0 0 0 0 0 0 0 0 0 0 
0 0 0 0 0 0 0 0 0 0 0 0 0 0 0 0 0 0 0 0 0 0 1.32865e+08 1.09776e+09 7.96591e+09 4.51109e+10 1.85534e+11 5.66235e+11 1.38227e+12 2.71851e+12 4.36344e+12 5.79474e+12 6.35258e+12 0 0 0 0 0 0 0 0 0 0 0 0 0 0 0 0 0 0 0 0 0 0 0 0 0 0 0 0 0 0 0 0 
0 0 0 0 0 0 0 0 0 0 0 0 0 0 0 0 0 0 0 0 0 0 0 2.43402e+08 2.58104e+09 1.69754e+10 6.96192e+10 2.18884e+11 5.48215e+11 1.08729e+12 1.76738e+12 2.35196e+12 2.58841e+12 0 0 0 0 0 0 0 0 0 0 0 0 0 0 0 0 0 0 0 0 0 0 0 0 0 0 0 0 0 0 0 0 
0 0 0 0 0 0 0 0 0 0 0 0 0 0 0 0 0 0 0 0 0 0 0 2.61306e+07 1.0105e+09 6.0857e+09 2.53911e+10 8.56036e+10 2.16268e+11 4.35385e+11 7.1742e+11 9.5548e+11 1.05735e+12 0 0 0 0 0 0 0 0 0 0 0 0 0 0 0 0 0 0 0 0 0 0 0 0 0 0 0 0 0 0 0 0 
0 0 0 0 0 0 0 0 0 0 0 0 0 0 0 0 0 0 0 0 0 0 0 5.68575e+07 3.42021e+08 1.89719e+09 9.59972e+09 3.33316e+10 8.43271e+10 1.76005e+11 2.88968e+11 3.90318e+11 4.30607e+11 0 0 0 0 0 0 0 0 0 0 0 0 0 0 0 0 0 0 0 0 0 0 0 0 0 0 0 0 0 0 0 0 
0 0 0 0 0 0 0 0 0 0 0 0 0 0 0 0 0 0 0 0 0 0 0 0 6.62805e+07 6.61208e+08 3.77163e+09 1.23042e+10 3.33187e+10 7.05151e+10 1.16219e+11 1.60002e+11 1.74513e+11 0 0 0 0 0 0 0 0 0 0 0 0 0 0 0 0 0 0 0 0 0 0 0 0 0 0 0 0 0 0 0 0 
0 0 0 0 0 0 0 0 0 0 0 0 0 0 0 0 0 0 0 0 0 0 0 0 5.81713e+06 2.87636e+08 1.29327e+09 4.52292e+09 1.34159e+10 2.75109e+10 4.74997e+10 6.44824e+10 7.16727e+10 0 0 0 0 0 0 0 0 0 0 0 0 0 0 0 0 0 0 0 0 0 0 0 0 0 0 0 0 0 0 0 0 
0 0 0 0 0 0 0 0 0 0 0 0 0 0 0 0 0 0 0 0 0 0 0 0 2.11256e+07 9.06302e+07 3.80088e+08 1.83721e+09 5.11747e+09 1.08007e+10 1.93872e+10 2.56727e+10 2.95515e+10 0 0 0 0 0 0 0 0 0 0 0 0 0 0 0 0 0 0 0 0 0 0 0 0 0 0 0 0 0 0 0 0 
0 0 0 0 0 0 0 0 0 0 0 0 0 0 0 0 0 0 0 0 0 0 0 0 0 1.46333e+07 1.54514e+08 7.28074e+08 1.81078e+09 4.46077e+09 7.52074e+09 1.05532e+10 1.17626e+10 0 0 0 0 0 0 0 0 0 0 0 0 0 0 0 0 0 0 0 0 0 0 0 0 0 0 0 0 0 0 0 0 
0 0 0 0 0 0 0 0 0 0 0 0 0 0 0 0 0 0 0 0 0 0 0 0 0 999960 7.18401e+07 2.22135e+08 7.07593e+08 1.79038e+09 2.86777e+09 4.40192e+09 4.54404e+09 0 0 0 0 0 0 0 0 0 0 0 0 0 0 0 0 0 0 0 0 0 0 0 0 0 0 0 0 0 0 0 0 
0 0 0 0 0 0 0 0 0 0 0 0 0 0 0 0 0 0 0 0 0 0 0 0 0 6.72808e+06 1.96912e+07 6.38346e+07 3.12979e+08 6.24976e+08 1.19516e+09 1.70096e+09 1.86271e+09 0 0 0 0 0 0 0 0 0 0 0 0 0 0 0 0 0 0 0 0 0 0 0 0 0 0 0 0 0 0 0 0 
0 0 0 0 0 0 0 0 0 0 0 0 0 0 0 0 0 0 0 0 0 0 0 0 0 0 2.5066e+06 3.31906e+07 1.1484e+08 2.18815e+08 5.13316e+08 6.09644e+08 8.08496e+08 0 0 0 0 0 0 0 0 0 0 0 0 0 0 0 0 0 0 0 0 0 0 0 0 0 0 0 0 0 0 0 0 
0 0 0 0 0 0 0 0 0 0 0 0 0 0 0 0 0 0 0 0 0 0 0 0 0 0 124416 1.50953e+07 2.87219e+07 1.00151e+08 1.84144e+08 2.48877e+08 3.11625e+08 0 0 0 0 0 0 0 0 0 0 0 0 0 0 0 0 0 0 0 0 0 0 0 0 0 0 0 0 0 0 0 0 
0 0 0 0 0 0 0 0 0 0 0 0 0 0 0 0 0 0 0 0 0 0 0 0 0 0 1.80755e+06 3.34725e+06 9.38352e+06 4.48754e+07 5.59742e+07 1.16228e+08 1.00586e+08 0 0 0 0 0 0 0 0 0 0 0 0 0 0 0 0 0 0 0 0 0 0 0 0 0 0 0 0 0 0 0 0 
0 0 0 0 0 0 0 0 0 0 0 0 0 0 0 0 0 0 0 0 0 0 0 0 0 0 0 311598 6.3736e+06 1.34196e+07 2.32119e+07 4.4966e+07 3.79905e+07 0 0 0 0 0 0 0 0 0 0 0 0 0 0 0 0 0 0 0 0 0 0 0 0 0 0 0 0 0 0 0 0 
0 0 0 0 0 0 0 0 0 0 0 0 0 0 0 0 0 0 0 0 0 0 0 0 0 0 0 9953.6 2.5255e+06 2.54624e+06 1.26185e+07 1.22265e+07 1.98108e+07 0 0 0 0 0 0 0 0 0 0 0 0 0 0 0 0 0 0 0 0 0 0 0 0 0 0 0 0 0 0 0 0 
0 0 0 0 0 0 0 0 0 0 0 0 0 0 0 0 0 0 0 0 0 0 0 0 0 0 0 401372 415062 1.31761e+06 4.80408e+06 3.71604e+06 8.62313e+06 0 0 0 0 0 0 0 0 0 0 0 0 0 0 0 0 0 0 0 0 0 0 0 0 0 0 0 0 0 0 0 0 
0 0 0 0 0 0 0 0 0 0 0 0 0 0 0 0 0 0 0 0 0 0 0 0 0 0 0 0 24924.8 1.02257e+06 999814 2.3941e+06 2.27642e+06 0 0 0 0 0 0 0 0 0 0 0 0 0 0 0 0 0 0 0 0 0 0 0 0 0 0 0 0 0 0 0 0 
0 0 0 0 0 0 0 0 0 0 0 0 0 0 0 0 0 0 0 0 0 0 0 0 0 0 0 0 383.84 311415 138131 1.22889e+06 393679 0 0 0 0 0 0 0 0 0 0 0 0 0 0 0 0 0 0 0 0 0 0 0 0 0 0 0 0 0 0 0 0 
0 0 0 0 0 0 0 0 0 0 0 0 0 0 0 0 0 0 0 0 0 0 0 0 0 0 0 0 71662.1 33207.2 179449 309463 255488 0 0 0 0 0 0 0 0 0 0 0 0 0 0 0 0 0 0 0 0 0 0 0 0 0 0 0 0 0 0 0 0 
0 0 0 0 0 0 0 0 0 0 0 0 0 0 0 0 0 0 0 0 0 0 0 0 0 0 0 0 0 958.191 124514 37377 210868 0 0 0 0 0 0 0 0 0 0 0 0 0 0 0 0 0 0 0 0 0 0 0 0 0 0 0 0 0 0 0 0 
0 0 0 0 0 0 0 0 0 0 0 0 0 0 0 0 0 0 0 0 0 0 0 0 0 0 0 0 0 0 24910.9 3841.9 68246.4 0 0 0 0 0 0 0 0 0 0 0 0 0 0 0 0 0 0 0 0 0 0 0 0 0 0 0 0 0 0 0 0 
0 0 0 0 0 0 0 0 0 0 0 0 0 0 0 0 0 0 0 0 0 0 0 0 0 0 0 0 0 9884.43 1277.3 20748.2 7666.26 0 0 0 0 0 0 0 0 0 0 0 0 0 0 0 0 0 0 0 0 0 0 0 0 0 0 0 0 0 0 0 0 
0 0 0 0 0 0 0 0 0 0 0 0 0 0 0 0 0 0 0 0 0 0 0 0 0 0 0 0 0 0 0 9961.17 479.412 0 0 0 0 0 0 0 0 0 0 0 0 0 0 0 0 0 0 0 0 0 0 0 0 0 0 0 0 0 0 0 0 
0 0 0 0 0 0 0 0 0 0 0 0 0 0 0 0 0 0 0 0 0 0 0 0 0 0 0 0 0 0 0 958.056 0 0 0 0 0 0 0 0 0 0 0 0 0 0 0 0 0 0 0 0 0 0 0 0 0 0 0 0 0 0 0 0 0 
0 0 0 0 0 0 0 0 0 0 0 0 0 0 0 0 0 0 0 0 0 0 0 0 0 0 0 0 0 0 988.443 0 1659.86 0 0 0 0 0 0 0 0 0 0 0 0 0 0 0 0 0 0 0 0 0 0 0 0 0 0 0 0 0 0 0 0 
0 0 0 0 0 0 0 0 0 0 0 0 0 0 0 0 0 0 0 0 0 0 0 0 0 0 0 0 0 0 0 0 383.122 0 0 0 0 0 0 0 0 0 0 0 0 0 0 0 0 0 0 0 0 0 0 0 0 0 0 0 0 0 0 0 0 
0 0 0 0 0 0 0 0 0 0 0 0 0 0 0 0 0 0 0 0 0 0 0 0 0 0 0 0 0 0 0 0 0 0 0 0 0 0 0 0 0 0 0 0 0 0 0 0 0 0 0 0 0 0 0 0 0 0 0 0 0 0 0 0 0 
0 0 0 0 0 0 0 0 0 0 0 0 0 0 0 0 0 0 0 0 0 0 0 0 0 0 0 0 0 0 0 63.7705 0 0 0 0 0 0 0 0 0 0 0 0 0 0 0 0 0 0 0 0 0 0 0 0 0 0 0 0 0 0 0 0 0 
0 0 0 0 0 0 0 0 0 0 0 0 0 0 0 0 0 0 0 0 0 0 0 0 0 0 0 0 0 0 0 0 0 0 0 0 0 0 0 0 0 0 0 0 0 0 0 0 0 0 0 0 0 0 0 0 0 0 0 0 0 0 0 0 0 
0 0 0 0 0 0 0 0 0 0 0 0 0 0 0 0 0 0 0 0 0 0 0 0 0 0 0 0 0 0 0 0 0 0 0 0 0 0 0 0 0 0 0 0 0 0 0 0 0 0 0 0 0 0 0 0 0 0 0 0 0 0 0 0 0 
0 0 0 0 0 0 0 0 0 0 0 0 0 0 0 0 0 0 0 0 0 0 0 0 0 0 0 0 0 0 0 0 1.99283 0 0 0 0 0 0 0 0 0 0 0 0 0 0 0 0 0 0 0 0 0 0 0 0 0 0 0 0 0 0 0 0 
