1 0 0 0 0 0 0 0 0 0 0 0 0 0 0 0 0 0 0 0 0 0 0 0 0 0 0 0 0 0 0 0 0 0 0 0 0 0 0 0 0 0 0 0 0 0 0 0 0 0 0 0 0 0 0 0 0 0 0 0 0 0 0 0 0 
0 0 0 0 0 0 0 0 0 0 0 0 0 0 0 0 0 0 0 0 0 0 0 0 0 0 0 0 0 0 0 0 0 0 0 0 0 0 0 0 0 0 0 0 0 0 0 0 0 0 0 0 0 0 0 0 0 0 0 0 0 0 0 0 0 
0 64 0 0 0 0 0 0 0 0 0 0 0 0 0 0 0 0 0 0 0 0 0 0 0 0 0 0 0 0 0 0 0 0 0 0 0 0 0 0 0 0 0 0 0 0 0 0 0 0 0 0 0 0 0 0 0 0 0 0 0 0 0 0 0 
0 0 128 0 0 0 0 0 0 0 0 0 0 0 0 0 0 0 0 0 0 0 0 0 0 0 0 0 0 0 0 0 0 0 0 0 0 0 0 0 0 0 0 0 0 0 0 0 0 0 0 0 0 0 0 0 0 0 0 0 0 0 0 0 0 
0 0 1888 395.083 64.6948 0 0 0 0 0 0 0 0 0 0 0 0 0 0 0 0 0 0 0 0 0 0 0 0 0 0 0 0 0 0 0 0 0 0 0 0 0 0 0 0 0 0 0 0 0 0 0 0 0 0 0 0 0 0 0 0 0 0 0 0 
0 0 0 7145.83 1109.76 506.343 128.618 0 0 0 0 0 0 0 0 0 0 0 0 0 0 0 0 0 0 0 0 0 0 0 0 0 0 0 0 0 0 0 0 0 0 0 0 0 0 0 0 0 0 0 0 0 0 0 0 0 0 0 0 0 0 0 0 0 0 
0 0 0 34123.1 27273.7 6983.34 2492.28 1300.66 364.319 74.8375 0 0 0 0 0 0 0 0 0 0 0 0 0 0 0 0 0 0 0 0 0 0 0 0 0 0 0 0 0 0 0 0 0 0 0 0 0 0 0 0 0 0 0 0 0 0 0 0 0 0 0 0 0 0 0 
0 0 0 0 183912 95880.2 42237.7 16817.7 8286.86 4015.5 1730.45 525.287 168.658 0 0 0 0 0 0 0 0 0 0 0 0 0 0 0 0 0 0 0 0 0 0 0 0 0 0 0 0 0 0 0 0 0 0 0 0 0 0 0 0 0 0 0 0 0 0 0 0 0 0 0 0 
0 0 0 0 423015 830508 413900 216260 107442 56103.1 32313.8 17224.4 8571.6 3823.15 1413.62 347.564 57.4021 0 0 0 0 0 0 0 12.2409 0 0 0 0 0 0 0 12.2625 0 0 0 0 0 0 0 0 0 0 0 0 0 0 0 0 0 0 0 0 0 0 0 0 0 0 0 0 0 0 0 0 
0 0 0 0 0 2.86184e+06 3.323e+06 1.96178e+06 1.13536e+06 703536 422980 228246 141989 87326.9 60909 28371.6 13797.4 7169.34 1911.93 728.816 361.771 159.634 374.523 248.613 0 289.556 193.148 159.939 226.994 264.403 213.502 285.246 0 0 0 0 0 0 0 0 0 0 0 0 0 0 0 0 0 0 0 0 0 0 0 0 0 0 0 0 0 0 0 0 0 
0 0 0 0 0 3.8288e+06 1.45597e+07 1.3389e+07 9.34528e+06 6.06685e+06 3.97807e+06 2.62039e+06 1.77434e+06 1.19129e+06 782122 511744 332882 193899 128654 69872.3 36178.9 19754 12293.3 9033.65 11906 9994.26 8042.02 6799.04 9440.39 9310.4 8706.75 7653.74 9526.04 0 0 0 0 0 0 0 0 0 0 0 0 0 0 0 0 0 0 0 0 0 0 0 0 0 0 0 0 0 0 0 0 
0 0 0 0 0 0 3.04331e+07 6.37954e+07 5.79141e+07 4.45445e+07 3.17157e+07 2.25491e+07 1.5775e+07 1.19691e+07 8.24626e+06 5.78966e+06 4.24373e+06 2.98142e+06 2.00254e+06 1.43261e+06 1.0152e+06 730713 467657 318450 253871 196210 188863 197923 228007 212415 194033 180588 191230 0 0 0 0 0 0 0 0 0 0 0 0 0 0 0 0 0 0 0 0 0 0 0 0 0 0 0 0 0 0 0 0 
0 0 0 0 0 0 2.61998e+07 1.69524e+08 2.61421e+08 2.47765e+08 2.05378e+08 1.55654e+08 1.20824e+08 8.98615e+07 6.91782e+07 5.24725e+07 4.03187e+07 3.04621e+07 2.25648e+07 1.784e+07 1.31382e+07 9.83007e+06 7.90029e+06 6.53605e+06 4.7413e+06 4.29951e+06 3.7853e+06 3.48022e+06 3.27015e+06 2.91984e+06 2.94835e+06 2.96661e+06 3.15902e+06 0 0 0 0 0 0 0 0 0 0 0 0 0 0 0 0 0 0 0 0 0 0 0 0 0 0 0 0 0 0 0 0 
0 0 0 0 0 0 0 2.33063e+08 7.85355e+08 1.06514e+09 1.05533e+09 9.23335e+08 7.65762e+08 6.14557e+08 5.04974e+08 3.96667e+08 3.12292e+08 2.45118e+08 1.96552e+08 1.65472e+08 1.30318e+08 1.07048e+08 8.90255e+07 6.89252e+07 6.29763e+07 5.59508e+07 4.88999e+07 4.40332e+07 3.98315e+07 3.92247e+07 3.6549e+07 3.87439e+07 3.89525e+07 0 0 0 0 0 0 0 0 0 0 0 0 0 0 0 0 0 0 0 0 0 0 0 0 0 0 0 0 0 0 0 0 
0 0 0 0 0 0 0 1.39248e+08 1.38324e+09 3.28399e+09 4.26528e+09 4.36247e+09 3.97855e+09 3.49801e+09 3.0032e+09 2.52652e+09 2.1336e+09 1.77635e+09 1.48842e+09 1.26679e+09 1.09011e+09 8.87274e+08 7.56296e+08 6.48047e+08 5.62187e+08 5.14212e+08 4.58753e+08 4.26229e+08 4.06854e+08 3.73222e+08 3.69886e+08 3.5853e+08 3.76526e+08 0 0 0 0 0 0 0 0 0 0 0 0 0 0 0 0 0 0 0 0 0 0 0 0 0 0 0 0 0 0 0 0 
0 0 0 0 0 0 0 0 1.34598e+09 6.69292e+09 1.30946e+10 1.67755e+10 1.77292e+10 1.71483e+10 1.57083e+10 1.41623e+10 1.23586e+10 1.10397e+10 9.78303e+09 8.28483e+09 7.03751e+09 6.23989e+09 5.55581e+09 4.89513e+09 4.39435e+09 4.08335e+09 3.74496e+09 3.51906e+09 3.27284e+09 3.07449e+09 3.08228e+09 3.17908e+09 3.15481e+09 0 0 0 0 0 0 0 0 0 0 0 0 0 0 0 0 0 0 0 0 0 0 0 0 0 0 0 0 0 0 0 0 
0 0 0 0 0 0 0 0 5.81657e+08 8.30076e+09 2.8347e+10 5.00327e+10 6.4037e+10 6.95017e+10 7.06865e+10 6.78819e+10 6.28085e+10 5.70401e+10 5.15649e+10 4.77957e+10 4.40446e+10 3.87783e+10 3.4929e+10 3.29805e+10 3.08174e+10 2.86423e+10 2.63518e+10 2.47469e+10 2.31589e+10 2.29455e+10 2.28416e+10 2.15871e+10 2.19982e+10 0 0 0 0 0 0 0 0 0 0 0 0 0 0 0 0 0 0 0 0 0 0 0 0 0 0 0 0 0 0 0 0 
0 0 0 0 0 0 0 0 0 5.95408e+09 4.11455e+10 1.11565e+11 1.87698e+11 2.42766e+11 2.71282e+11 2.80892e+11 2.84523e+11 2.74604e+11 2.55468e+11 2.40583e+11 2.31212e+11 2.06496e+11 1.93797e+11 1.83649e+11 1.73201e+11 1.69042e+11 1.60509e+11 1.49842e+11 1.46737e+11 1.39768e+11 1.36385e+11 1.35638e+11 1.33221e+11 0 0 0 0 0 0 0 0 0 0 0 0 0 0 0 0 0 0 0 0 0 0 0 0 0 0 0 0 0 0 0 0 
0 0 0 0 0 0 0 0 0 1.94455e+09 3.74519e+10 1.74756e+11 4.09924e+11 6.66773e+11 8.68773e+11 1.01433e+12 1.09223e+12 1.12477e+12 1.10824e+12 1.11223e+12 1.06917e+12 1.02674e+12 9.84899e+11 9.69255e+11 9.297e+11 8.68971e+11 8.27523e+11 7.96156e+11 7.85682e+11 7.95582e+11 7.43311e+11 7.43408e+11 7.33968e+11 0 0 0 0 0 0 0 0 0 0 0 0 0 0 0 0 0 0 0 0 0 0 0 0 0 0 0 0 0 0 0 0 
0 0 0 0 0 0 0 0 0 0 2.06271e+10 1.86459e+11 6.74069e+11 1.4437e+12 2.31052e+12 3.06523e+12 3.64316e+12 4.05732e+12 4.29377e+12 4.43291e+12 4.43931e+12 4.50141e+12 4.36674e+12 4.33647e+12 4.20595e+12 4.08368e+12 4.02152e+12 3.98635e+12 3.90948e+12 3.73122e+12 3.72303e+12 3.66474e+12 3.7437e+12 0 0 0 0 0 0 0 0 0 0 0 0 0 0 0 0 0 0 0 0 0 0 0 0 0 0 0 0 0 0 0 0 
0 0 0 0 0 0 0 0 0 0 5.24502e+09 1.30716e+11 7.81732e+11 2.38919e+12 4.83358e+12 7.64484e+12 1.02812e+13 1.25555e+13 1.43237e+13 1.55378e+13 1.64889e+13 1.71771e+13 1.7362e+13 1.73279e+13 1.73847e+13 1.74209e+13 1.74663e+13 1.72665e+13 1.69416e+13 1.65551e+13 1.66692e+13 1.68513e+13 1.69493e+13 0 0 0 0 0 0 0 0 0 0 0 0 0 0 0 0 0 0 0 0 0 0 0 0 0 0 0 0 0 0 0 0 
0 0 0 0 0 0 0 0 0 0 0 5.63497e+10 6.45087e+11 2.93696e+12 7.97222e+12 1.54183e+13 2.42817e+13 3.29577e+13 4.10088e+13 4.81331e+13 5.34329e+13 5.83573e+13 6.19545e+13 6.35826e+13 6.53217e+13 6.59733e+13 6.67877e+13 6.61756e+13 6.71332e+13 6.83182e+13 6.73732e+13 6.79828e+13 6.83808e+13 0 0 0 0 0 0 0 0 0 0 0 0 0 0 0 0 0 0 0 0 0 0 0 0 0 0 0 0 0 0 0 0 
0 0 0 0 0 0 0 0 0 0 0 1.14742e+10 3.5617e+11 2.65418e+12 9.9761e+12 2.49288e+13 4.68407e+13 7.37753e+13 1.024e+14 1.27785e+14 1.52492e+14 1.74108e+14 1.94107e+14 2.10491e+14 2.20449e+14 2.2897e+14 2.36683e+14 2.39004e+14 2.45498e+14 2.47889e+14 2.53353e+14 2.56041e+14 2.59608e+14 0 0 0 0 0 0 0 0 0 0 0 0 0 0 0 0 0 0 0 0 0 0 0 0 0 0 0 0 0 0 0 0 
0 0 0 0 0 0 0 0 0 0 0 0 1.22364e+11 1.71139e+12 9.59743e+12 3.15134e+13 7.39368e+13 1.36172e+14 2.12709e+14 3.00162e+14 3.83743e+14 4.60064e+14 5.39034e+14 6.03341e+14 6.60503e+14 7.07262e+14 7.37577e+14 7.73221e+14 8.03365e+14 8.31197e+14 8.25918e+14 8.4267e+14 8.356e+14 0 0 0 0 0 0 0 0 0 0 0 0 0 0 0 0 0 0 0 0 0 0 0 0 0 0 0 0 0 0 0 0 
0 0 0 0 0 0 0 0 0 0 0 0 2.05207e+10 7.5661e+11 6.79714e+12 3.10679e+13 9.24774e+13 2.05158e+14 3.72006e+14 5.81262e+14 8.24677e+14 1.07666e+15 1.30579e+15 1.55088e+15 1.76893e+15 1.95308e+15 2.1022e+15 2.25792e+15 2.33972e+15 2.43982e+15 2.49651e+15 2.54374e+15 2.53244e+15 0 0 0 0 0 0 0 0 0 0 0 0 0 0 0 0 0 0 0 0 0 0 0 0 0 0 0 0 0 0 0 0 
0 0 0 0 0 0 0 0 0 0 0 0 0 2.14654e+11 3.52079e+12 2.33616e+13 9.09615e+13 2.5129e+14 5.38115e+14 9.6816e+14 1.50831e+15 2.13746e+15 2.81024e+15 3.47285e+15 4.14117e+15 4.79073e+15 5.36727e+15 5.82891e+15 6.22261e+15 6.47714e+15 6.74546e+15 6.83445e+15 6.90882e+15 0 0 0 0 0 0 0 0 0 0 0 0 0 0 0 0 0 0 0 0 0 0 0 0 0 0 0 0 0 0 0 0 
0 0 0 0 0 0 0 0 0 0 0 0 0 2.9777e+10 1.27869e+12 1.33515e+13 7.15306e+13 2.48585e+14 6.41465e+14 1.31809e+15 2.33156e+15 3.64183e+15 5.20077e+15 6.88125e+15 8.664e+15 1.03176e+16 1.20072e+16 1.33772e+16 1.46403e+16 1.55263e+16 1.61579e+16 1.66096e+16 1.67588e+16 0 0 0 0 0 0 0 0 0 0 0 0 0 0 0 0 0 0 0 0 0 0 0 0 0 0 0 0 0 0 0 0 
0 0 0 0 0 0 0 0 0 0 0 0 0 0 3.03501e+11 5.69128e+12 4.33736e+13 1.9547e+14 6.17682e+14 1.51267e+15 3.04158e+15 5.29465e+15 8.23002e+15 1.17618e+16 1.55955e+16 1.94922e+16 2.32816e+16 2.69625e+16 2.99323e+16 3.27048e+16 3.49317e+16 3.56383e+16 3.62818e+16 0 0 0 0 0 0 0 0 0 0 0 0 0 0 0 0 0 0 0 0 0 0 0 0 0 0 0 0 0 0 0 0 
0 0 0 0 0 0 0 0 0 0 0 0 0 0 3.56942e+10 1.71478e+12 2.03474e+13 1.23069e+14 4.86289e+14 1.41835e+15 3.3121e+15 6.50351e+15 1.11459e+16 1.70593e+16 2.40676e+16 3.21768e+16 4.01792e+16 4.80719e+16 5.52879e+16 6.13711e+16 6.56212e+16 6.90634e+16 6.91715e+16 0 0 0 0 0 0 0 0 0 0 0 0 0 0 0 0 0 0 0 0 0 0 0 0 0 0 0 0 0 0 0 0 
0 0 0 0 0 0 0 0 0 0 0 0 0 0 0 3.45701e+11 7.20776e+12 6.18931e+13 3.12345e+14 1.11017e+15 3.00547e+15 6.65643e+15 1.27262e+16 2.1602e+16 3.27768e+16 4.60342e+16 6.05096e+16 7.48234e+16 8.96807e+16 1.00623e+17 1.09362e+17 1.15265e+17 1.18558e+17 0 0 0 0 0 0 0 0 0 0 0 0 0 0 0 0 0 0 0 0 0 0 0 0 0 0 0 0 0 0 0 0 
0 0 0 0 0 0 0 0 0 0 0 0 0 0 0 3.5411e+10 1.8424e+12 2.38849e+13 1.61318e+14 7.05082e+14 2.2796e+15 5.88405e+15 1.24428e+16 2.30802e+16 3.84088e+16 5.71758e+16 7.91905e+16 1.02824e+17 1.24011e+17 1.46126e+17 1.62054e+17 1.72729e+17 1.75197e+17 0 0 0 0 0 0 0 0 0 0 0 0 0 0 0 0 0 0 0 0 0 0 0 0 0 0 0 0 0 0 0 0 
0 0 0 0 0 0 0 0 0 0 0 0 0 0 0 0 3.19218e+11 7.16476e+12 6.71186e+13 3.70175e+14 1.44711e+15 4.2534e+15 1.03665e+16 2.10139e+16 3.77064e+16 6.1009e+16 8.95759e+16 1.22136e+17 1.55248e+17 1.84261e+17 2.08685e+17 2.23859e+17 2.2913e+17 0 0 0 0 0 0 0 0 0 0 0 0 0 0 0 0 0 0 0 0 0 0 0 0 0 0 0 0 0 0 0 0 
0 0 0 0 0 0 0 0 0 0 0 0 0 0 0 0 2.91278e+10 1.60843e+12 2.21592e+13 1.61462e+14 7.50546e+14 2.63919e+15 7.27206e+15 1.66583e+16 3.25103e+16 5.61326e+16 8.80054e+16 1.24495e+17 1.64683e+17 2.01828e+17 2.33942e+17 2.54391e+17 2.61249e+17 0 0 0 0 0 0 0 0 0 0 0 0 0 0 0 0 0 0 0 0 0 0 0 0 0 0 0 0 0 0 0 0 
0 0 0 0 0 0 0 0 0 0 0 0 0 0 0 0 0 2.39763e+11 5.74877e+12 5.65579e+13 3.35603e+14 1.37611e+15 4.31462e+15 1.10968e+16 2.39152e+16 4.48247e+16 7.38955e+16 1.11604e+17 1.5253e+17 1.93646e+17 2.28476e+17 2.50214e+17 2.6076e+17 0 0 0 0 0 0 0 0 0 0 0 0 0 0 0 0 0 0 0 0 0 0 0 0 0 0 0 0 0 0 0 0 
0 0 0 0 0 0 0 0 0 0 0 0 0 0 0 0 0 2.00622e+10 1.11896e+12 1.60463e+13 1.22807e+14 6.06213e+14 2.21294e+15 6.39121e+15 1.52391e+16 3.08473e+16 5.49647e+16 8.65564e+16 1.24542e+17 1.63754e+17 1.95433e+17 2.19525e+17 2.26358e+17 0 0 0 0 0 0 0 0 0 0 0 0 0 0 0 0 0 0 0 0 0 0 0 0 0 0 0 0 0 0 0 0 
0 0 0 0 0 0 0 0 0 0 0 0 0 0 0 0 0 0 1.48727e+11 3.67905e+12 3.69194e+13 2.26561e+14 9.77518e+14 3.14591e+15 8.33568e+15 1.84924e+16 3.5215e+16 5.90874e+16 8.81555e+16 1.19325e+17 1.47699e+17 1.67674e+17 1.74018e+17 0 0 0 0 0 0 0 0 0 0 0 0 0 0 0 0 0 0 0 0 0 0 0 0 0 0 0 0 0 0 0 0 
0 0 0 0 0 0 0 0 0 0 0 0 0 0 0 0 0 0 1.14544e+10 6.29123e+11 9.29577e+12 7.2305e+13 3.62963e+14 1.37093e+15 3.98256e+15 9.6455e+15 1.96873e+16 3.49969e+16 5.49892e+16 7.68206e+16 9.86637e+16 1.12487e+17 1.18062e+17 0 0 0 0 0 0 0 0 0 0 0 0 0 0 0 0 0 0 0 0 0 0 0 0 0 0 0 0 0 0 0 0 
0 0 0 0 0 0 0 0 0 0 0 0 0 0 0 0 0 0 0 7.64861e+10 1.8858e+12 1.89569e+13 1.18967e+14 5.06822e+14 1.68119e+15 4.396e+15 9.8082e+15 1.84115e+16 3.02068e+16 4.38233e+16 5.64562e+16 6.66445e+16 6.98683e+16 0 0 0 0 0 0 0 0 0 0 0 0 0 0 0 0 0 0 0 0 0 0 0 0 0 0 0 0 0 0 0 0 
0 0 0 0 0 0 0 0 0 0 0 0 0 0 0 0 0 0 0 5.59878e+09 2.85885e+11 4.30174e+12 3.25509e+13 1.67467e+14 6.12487e+14 1.80156e+15 4.23908e+15 8.63364e+15 1.49036e+16 2.24974e+16 2.95498e+16 3.47814e+16 3.71514e+16 0 0 0 0 0 0 0 0 0 0 0 0 0 0 0 0 0 0 0 0 0 0 0 0 0 0 0 0 0 0 0 0 
0 0 0 0 0 0 0 0 0 0 0 0 0 0 0 0 0 0 0 0 3.29912e+10 7.64335e+11 7.64601e+12 4.69994e+13 1.98618e+14 6.44502e+14 1.64039e+15 3.5246e+15 6.4626e+15 1.01549e+16 1.37934e+16 1.64942e+16 1.75046e+16 0 0 0 0 0 0 0 0 0 0 0 0 0 0 0 0 0 0 0 0 0 0 0 0 0 0 0 0 0 0 0 0 
0 0 0 0 0 0 0 0 0 0 0 0 0 0 0 0 0 0 0 0 2.39992e+09 1.08866e+11 1.56271e+12 1.15094e+13 5.77111e+13 2.02533e+14 5.76342e+14 1.32524e+15 2.50909e+15 4.041e+15 5.8378e+15 7.08081e+15 7.57692e+15 0 0 0 0 0 0 0 0 0 0 0 0 0 0 0 0 0 0 0 0 0 0 0 0 0 0 0 0 0 0 0 0 
0 0 0 0 0 0 0 0 0 0 0 0 0 0 0 0 0 0 0 0 0 1.18774e+10 2.54063e+11 2.45988e+12 1.41262e+13 5.82699e+13 1.81828e+14 4.39021e+14 8.8781e+14 1.52061e+15 2.14512e+15 2.70834e+15 2.87887e+15 0 0 0 0 0 0 0 0 0 0 0 0 0 0 0 0 0 0 0 0 0 0 0 0 0 0 0 0 0 0 0 0 
0 0 0 0 0 0 0 0 0 0 0 0 0 0 0 0 0 0 0 0 0 9.45568e+08 3.50435e+10 4.56005e+11 3.24276e+12 1.48324e+13 5.05382e+13 1.33262e+14 2.86456e+14 4.98875e+14 7.41853e+14 9.40364e+14 1.0167e+15 0 0 0 0 0 0 0 0 0 0 0 0 0 0 0 0 0 0 0 0 0 0 0 0 0 0 0 0 0 0 0 0 
0 0 0 0 0 0 0 0 0 0 0 0 0 0 0 0 0 0 0 0 0 0 3.72981e+09 6.95681e+10 6.19351e+11 3.37136e+12 1.29048e+13 3.70028e+13 8.35192e+13 1.54789e+14 2.3597e+14 2.97935e+14 3.2383e+14 0 0 0 0 0 0 0 0 0 0 0 0 0 0 0 0 0 0 0 0 0 0 0 0 0 0 0 0 0 0 0 0 
0 0 0 0 0 0 0 0 0 0 0 0 0 0 0 0 0 0 0 0 0 0 3.33485e+08 9.51995e+09 1.07959e+11 6.8369e+11 2.88954e+12 9.10294e+12 2.20617e+13 4.2642e+13 6.75669e+13 8.85667e+13 9.77981e+13 0 0 0 0 0 0 0 0 0 0 0 0 0 0 0 0 0 0 0 0 0 0 0 0 0 0 0 0 0 0 0 0 
0 0 0 0 0 0 0 0 0 0 0 0 0 0 0 0 0 0 0 0 0 0 0 9.82917e+08 1.59022e+10 1.24046e+11 6.13466e+11 2.10464e+12 5.45351e+12 1.10784e+13 1.7973e+13 2.39721e+13 2.62621e+13 0 0 0 0 0 0 0 0 0 0 0 0 0 0 0 0 0 0 0 0 0 0 0 0 0 0 0 0 0 0 0 0 
0 0 0 0 0 0 0 0 0 0 0 0 0 0 0 0 0 0 0 0 0 0 0 1.07339e+08 2.20886e+09 2.10142e+10 1.1708e+11 4.43117e+11 1.23673e+12 2.65514e+12 4.49759e+12 6.09211e+12 6.76766e+12 0 0 0 0 0 0 0 0 0 0 0 0 0 0 0 0 0 0 0 0 0 0 0 0 0 0 0 0 0 0 0 0 
0 0 0 0 0 0 0 0 0 0 0 0 0 0 0 0 0 0 0 0 0 0 0 0 2.30225e+08 3.07193e+09 2.08061e+10 8.78419e+10 2.6826e+11 5.95584e+11 1.04474e+12 1.45577e+12 1.60655e+12 0 0 0 0 0 0 0 0 0 0 0 0 0 0 0 0 0 0 0 0 0 0 0 0 0 0 0 0 0 0 0 0 
0 0 0 0 0 0 0 0 0 0 0 0 0 0 0 0 0 0 0 0 0 0 0 0 3.25236e+07 4.43128e+08 3.44946e+09 1.62265e+10 5.39071e+10 1.25529e+11 2.32733e+11 3.26845e+11 3.62472e+11 0 0 0 0 0 0 0 0 0 0 0 0 0 0 0 0 0 0 0 0 0 0 0 0 0 0 0 0 0 0 0 0 
0 0 0 0 0 0 0 0 0 0 0 0 0 0 0 0 0 0 0 0 0 0 0 0 0 4.62841e+07 5.35265e+08 2.86413e+09 9.89791e+09 2.60554e+10 4.85028e+10 7.02654e+10 8.12454e+10 0 0 0 0 0 0 0 0 0 0 0 0 0 0 0 0 0 0 0 0 0 0 0 0 0 0 0 0 0 0 0 0 
0 0 0 0 0 0 0 0 0 0 0 0 0 0 0 0 0 0 0 0 0 0 0 0 0 8.92317e+06 8.06762e+07 4.76557e+08 1.91804e+09 4.91113e+09 9.64873e+09 1.45796e+10 1.61153e+10 0 0 0 0 0 0 0 0 0 0 0 0 0 0 0 0 0 0 0 0 0 0 0 0 0 0 0 0 0 0 0 0 
0 0 0 0 0 0 0 0 0 0 0 0 0 0 0 0 0 0 0 0 0 0 0 0 0 0 8.03402e+06 8.02737e+07 3.37104e+08 9.46785e+08 1.98936e+09 2.99955e+09 3.34009e+09 0 0 0 0 0 0 0 0 0 0 0 0 0 0 0 0 0 0 0 0 0 0 0 0 0 0 0 0 0 0 0 0 
0 0 0 0 0 0 0 0 0 0 0 0 0 0 0 0 0 0 0 0 0 0 0 0 0 0 2.13367e+06 1.3e+07 5.56212e+07 1.80702e+08 3.79603e+08 5.80626e+08 6.74404e+08 0 0 0 0 0 0 0 0 0 0 0 0 0 0 0 0 0 0 0 0 0 0 0 0 0 0 0 0 0 0 0 0 
0 0 0 0 0 0 0 0 0 0 0 0 0 0 0 0 0 0 0 0 0 0 0 0 0 0 0 1.10089e+06 1.07581e+07 3.24424e+07 7.16888e+07 1.19382e+08 1.33504e+08 0 0 0 0 0 0 0 0 0 0 0 0 0 0 0 0 0 0 0 0 0 0 0 0 0 0 0 0 0 0 0 0 
0 0 0 0 0 0 0 0 0 0 0 0 0 0 0 0 0 0 0 0 0 0 0 0 0 0 0 443012 1.6822e+06 5.51203e+06 1.50043e+07 2.22775e+07 2.86989e+07 0 0 0 0 0 0 0 0 0 0 0 0 0 0 0 0 0 0 0 0 0 0 0 0 0 0 0 0 0 0 0 0 
0 0 0 0 0 0 0 0 0 0 0 0 0 0 0 0 0 0 0 0 0 0 0 0 0 0 0 0 115440 1.26476e+06 2.42989e+06 4.69325e+06 5.17192e+06 0 0 0 0 0 0 0 0 0 0 0 0 0 0 0 0 0 0 0 0 0 0 0 0 0 0 0 0 0 0 0 0 
0 0 0 0 0 0 0 0 0 0 0 0 0 0 0 0 0 0 0 0 0 0 0 0 0 0 0 0 75517.8 169145 460227 978436 925476 0 0 0 0 0 0 0 0 0 0 0 0 0 0 0 0 0 0 0 0 0 0 0 0 0 0 0 0 0 0 0 0 
0 0 0 0 0 0 0 0 0 0 0 0 0 0 0 0 0 0 0 0 0 0 0 0 0 0 0 0 0 7895.41 118293 113721 239239 0 0 0 0 0 0 0 0 0 0 0 0 0 0 0 0 0 0 0 0 0 0 0 0 0 0 0 0 0 0 0 0 
0 0 0 0 0 0 0 0 0 0 0 0 0 0 0 0 0 0 0 0 0 0 0 0 0 0 0 0 0 10161.1 11483 32251.6 38196.6 0 0 0 0 0 0 0 0 0 0 0 0 0 0 0 0 0 0 0 0 0 0 0 0 0 0 0 0 0 0 0 0 
0 0 0 0 0 0 0 0 0 0 0 0 0 0 0 0 0 0 0 0 0 0 0 0 0 0 0 0 0 0 258.008 7757.41 2046.92 0 0 0 0 0 0 0 0 0 0 0 0 0 0 0 0 0 0 0 0 0 0 0 0 0 0 0 0 0 0 0 0 
0 0 0 0 0 0 0 0 0 0 0 0 0 0 0 0 0 0 0 0 0 0 0 0 0 0 0 0 0 0 1011.02 386.907 1926.61 0 0 0 0 0 0 0 0 0 0 0 0 0 0 0 0 0 0 0 0 0 0 0 0 0 0 0 0 0 0 0 0 
0 0 0 0 0 0 0 0 0 0 0 0 0 0 0 0 0 0 0 0 0 0 0 0 0 0 0 0 0 0 0 0 257.058 0 0 0 0 0 0 0 0 0 0 0 0 0 0 0 0 0 0 0 0 0 0 0 0 0 0 0 0 0 0 0 0 
0 0 0 0 0 0 0 0 0 0 0 0 0 0 0 0 0 0 0 0 0 0 0 0 0 0 0 0 0 0 0 65.2274 0 0 0 0 0 0 0 0 0 0 0 0 0 0 0 0 0 0 0 0 0 0 0 0 0 0 0 0 0 0 0 0 0 
0 0 0 0 0 0 0 0 0 0 0 0 0 0 0 0 0 0 0 0 0 0 0 0 0 0 0 0 0 0 0 0 0 0 0 0 0 0 0 0 0 0 0 0 0 0 0 0 0 0 0 0 0 0 0 0 0 0 0 0 0 0 0 0 0 
0 0 0 0 0 0 0 0 0 0 0 0 0 0 0 0 0 0 0 0 0 0 0 0 0 0 0 0 0 0 0 0 2.03836 0 0 0 0 0 0 0 0 0 0 0 0 0 0 0 0 0 0 0 0 0 0 0 0 0 0 0 0 0 0 0 0 
