1 0 0 0 0 0 0 0 0 0 0 0 0 0 0 0 0 0 0 0 0 0 0 0 0 0 0 0 0 0 0 0 0 0 0 0 0 0 0 0 0 0 0 0 0 0 0 0 0 0 0 0 0 0 0 0 0 0 0 0 0 0 0 0 0 
0 0 0 0 0 0 0 0 0 0 0 0 0 0 0 0 0 0 0 0 0 0 0 0 0 0 0 0 0 0 0 0 0 0 0 0 0 0 0 0 0 0 0 0 0 0 0 0 0 0 0 0 0 0 0 0 0 0 0 0 0 0 0 0 0 
0 64 0 0 0 0 0 0 0 0 0 0 0 0 0 0 0 0 0 0 0 0 0 0 0 0 0 0 0 0 0 0 0 0 0 0 0 0 0 0 0 0 0 0 0 0 0 0 0 0 0 0 0 0 0 0 0 0 0 0 0 0 0 0 0 
0 0 128 0 0 0 0 0 0 0 0 0 0 0 0 0 0 0 0 0 0 0 0 0 0 0 0 0 0 0 0 0 0 0 0 0 0 0 0 0 0 0 0 0 0 0 0 0 0 0 0 0 0 0 0 0 0 0 0 0 0 0 0 0 0 
0 0 1888 378.72 63.2462 0 0 0 0 0 0 0 0 0 0 0 0 0 0 0 0 0 0 0 0 0 0 0 0 0 0 0 0 0 0 0 0 0 0 0 0 0 0 0 0 0 0 0 0 0 0 0 0 0 0 0 0 0 0 0 0 0 0 0 0 
0 0 0 7178.56 1146.48 503.741 118.393 0 0 0 0 0 0 0 0 0 0 0 0 0 0 0 0 0 0 0 0 0 0 0 0 0 0 0 0 0 0 0 0 0 0 0 0 0 0 0 0 0 0 0 0 0 0 0 0 0 0 0 0 0 0 0 0 0 0 
0 0 0 34106.7 27419.6 6887.14 2417.6 1415.78 385.171 57.9321 0 0 0 0 0 0 0 0 0 0 0 0 0 0 0 0 0 0 0 0 0 0 0 0 0 0 0 0 0 0 0 0 0 0 0 0 0 0 0 0 0 0 0 0 0 0 0 0 0 0 0 0 0 0 0 
0 0 0 0 183516 99319.6 45481.5 18051.4 8457.6 4753.99 1897.87 597.124 156.531 0 0 0 0 0 0 0 0 0 0 0 0 0 0 0 0 0 0 0 0 0 0 0 0 0 0 0 0 0 0 0 0 0 0 0 0 0 0 0 0 0 0 0 0 0 0 0 0 0 0 0 0 
0 0 0 0 423230 826382 412734 227852 118413 59028.4 33658.8 19311.3 10749.6 4580.03 1377.22 489.08 53.1061 0 0 0 0 0 0 0 18.2553 0 0 0 0 0 0 0 9.51277 0 0 0 0 0 0 0 0 0 0 0 0 0 0 0 0 0 0 0 0 0 0 0 0 0 0 0 0 0 0 0 0 
0 0 0 0 0 2.86017e+06 3.38652e+06 1.97948e+06 1.14334e+06 733928 449035 244740 141021 97942.3 52112.9 26496.3 13565.4 5378.26 2159.53 664.981 552.979 299.231 314.712 313.888 0 246.156 291.67 295.38 226.625 228.88 229.562 196.285 0 0 0 0 0 0 0 0 0 0 0 0 0 0 0 0 0 0 0 0 0 0 0 0 0 0 0 0 0 0 0 0 0 
0 0 0 0 0 3.83125e+06 1.44679e+07 1.37883e+07 9.47283e+06 5.9938e+06 4.07837e+06 2.69448e+06 1.79652e+06 1.17958e+06 748127 527841 322251 197867 119518 65926.7 40347.3 21774 14519.1 10353.1 12564.6 9987.42 8830.64 8705.27 8490.66 7897.63 9672.65 9010.31 9326.07 0 0 0 0 0 0 0 0 0 0 0 0 0 0 0 0 0 0 0 0 0 0 0 0 0 0 0 0 0 0 0 0 
0 0 0 0 0 0 3.04151e+07 6.38564e+07 5.8667e+07 4.26082e+07 3.08421e+07 2.26154e+07 1.60402e+07 1.14915e+07 7.72769e+06 5.55093e+06 4.01024e+06 3.00851e+06 2.06861e+06 1.48104e+06 959230 821903 554938 404754 281730 231249 203632 208977 176904 235379 205620 214804 192108 0 0 0 0 0 0 0 0 0 0 0 0 0 0 0 0 0 0 0 0 0 0 0 0 0 0 0 0 0 0 0 0 
0 0 0 0 0 0 2.62441e+07 1.67976e+08 2.62274e+08 2.52098e+08 1.9805e+08 1.54629e+08 1.19167e+08 8.85494e+07 6.57348e+07 5.16572e+07 4.06223e+07 3.12539e+07 2.25668e+07 1.86924e+07 1.38561e+07 1.0687e+07 8.02155e+06 6.5661e+06 5.77643e+06 4.1153e+06 3.9552e+06 3.67514e+06 3.26539e+06 3.18733e+06 3.2748e+06 3.24632e+06 3.26022e+06 0 0 0 0 0 0 0 0 0 0 0 0 0 0 0 0 0 0 0 0 0 0 0 0 0 0 0 0 0 0 0 0 
0 0 0 0 0 0 0 2.34211e+08 7.84947e+08 1.07884e+09 1.0545e+09 9.02169e+08 7.56987e+08 5.97424e+08 4.81619e+08 3.84545e+08 3.16273e+08 2.47405e+08 2.10296e+08 1.71407e+08 1.36892e+08 1.1241e+08 9.3235e+07 8.08122e+07 6.19231e+07 5.63111e+07 4.87834e+07 4.30255e+07 4.37479e+07 3.89543e+07 3.79e+07 3.78031e+07 3.90161e+07 0 0 0 0 0 0 0 0 0 0 0 0 0 0 0 0 0 0 0 0 0 0 0 0 0 0 0 0 0 0 0 0 
0 0 0 0 0 0 0 1.39157e+08 1.38285e+09 3.27964e+09 4.29929e+09 4.41709e+09 3.95139e+09 3.52491e+09 3.0278e+09 2.54198e+09 2.17008e+09 1.73981e+09 1.48759e+09 1.26322e+09 1.08111e+09 9.04752e+08 7.94394e+08 7.08543e+08 5.96166e+08 5.38063e+08 4.77951e+08 4.41169e+08 4.26331e+08 3.96842e+08 3.80234e+08 3.74727e+08 3.69729e+08 0 0 0 0 0 0 0 0 0 0 0 0 0 0 0 0 0 0 0 0 0 0 0 0 0 0 0 0 0 0 0 0 
0 0 0 0 0 0 0 0 1.33989e+09 6.67693e+09 1.31856e+10 1.68676e+10 1.78682e+10 1.7211e+10 1.54547e+10 1.43144e+10 1.24721e+10 1.09384e+10 9.4931e+09 8.20242e+09 7.43441e+09 6.73019e+09 5.65204e+09 5.12375e+09 4.52015e+09 4.00437e+09 3.72223e+09 3.58888e+09 3.37126e+09 3.20631e+09 3.0103e+09 3.04298e+09 3.04702e+09 0 0 0 0 0 0 0 0 0 0 0 0 0 0 0 0 0 0 0 0 0 0 0 0 0 0 0 0 0 0 0 0 
0 0 0 0 0 0 0 0 5.86791e+08 8.29448e+09 2.82482e+10 5.0396e+10 6.51119e+10 6.94557e+10 7.09817e+10 6.59513e+10 6.22393e+10 5.74196e+10 5.31171e+10 4.94726e+10 4.31119e+10 3.89526e+10 3.62507e+10 3.26465e+10 2.97033e+10 2.76481e+10 2.59761e+10 2.47563e+10 2.32255e+10 2.28445e+10 2.16959e+10 2.18485e+10 2.17461e+10 0 0 0 0 0 0 0 0 0 0 0 0 0 0 0 0 0 0 0 0 0 0 0 0 0 0 0 0 0 0 0 0 
0 0 0 0 0 0 0 0 0 5.95133e+09 4.10226e+10 1.11369e+11 1.85486e+11 2.43206e+11 2.7096e+11 2.8291e+11 2.80951e+11 2.69018e+11 2.60159e+11 2.41158e+11 2.25792e+11 2.07975e+11 1.99526e+11 1.84174e+11 1.76039e+11 1.60174e+11 1.58199e+11 1.51116e+11 1.41383e+11 1.34674e+11 1.37549e+11 1.32772e+11 1.36991e+11 0 0 0 0 0 0 0 0 0 0 0 0 0 0 0 0 0 0 0 0 0 0 0 0 0 0 0 0 0 0 0 0 
0 0 0 0 0 0 0 0 0 1.95786e+09 3.75519e+10 1.73736e+11 4.13067e+11 6.6694e+11 8.70906e+11 1.02555e+12 1.0993e+12 1.11991e+12 1.09964e+12 1.07678e+12 1.05627e+12 1.02944e+12 9.883e+11 9.66217e+11 9.18835e+11 8.8187e+11 8.28981e+11 7.99434e+11 7.80471e+11 7.63224e+11 7.49183e+11 7.46086e+11 7.50897e+11 0 0 0 0 0 0 0 0 0 0 0 0 0 0 0 0 0 0 0 0 0 0 0 0 0 0 0 0 0 0 0 0 
0 0 0 0 0 0 0 0 0 0 2.06025e+10 1.87052e+11 6.69414e+11 1.44945e+12 2.30702e+12 3.04511e+12 3.63438e+12 4.07105e+12 4.32616e+12 4.36864e+12 4.40448e+12 4.40022e+12 4.3084e+12 4.37014e+12 4.22961e+12 4.14189e+12 4.03553e+12 3.93884e+12 3.86029e+12 3.75142e+12 3.79578e+12 3.83365e+12 3.72395e+12 0 0 0 0 0 0 0 0 0 0 0 0 0 0 0 0 0 0 0 0 0 0 0 0 0 0 0 0 0 0 0 0 
0 0 0 0 0 0 0 0 0 0 5.27507e+09 1.30891e+11 7.84009e+11 2.38542e+12 4.85848e+12 7.64724e+12 1.03397e+13 1.24974e+13 1.4274e+13 1.57618e+13 1.65314e+13 1.69276e+13 1.7125e+13 1.76363e+13 1.76265e+13 1.77017e+13 1.76646e+13 1.75356e+13 1.72123e+13 1.73488e+13 1.72115e+13 1.70658e+13 1.66859e+13 0 0 0 0 0 0 0 0 0 0 0 0 0 0 0 0 0 0 0 0 0 0 0 0 0 0 0 0 0 0 0 0 
0 0 0 0 0 0 0 0 0 0 0 5.62184e+10 6.45247e+11 2.92276e+12 7.93187e+12 1.53891e+13 2.42073e+13 3.32273e+13 4.12497e+13 4.82812e+13 5.41208e+13 5.82508e+13 6.25879e+13 6.37672e+13 6.57124e+13 6.73528e+13 6.75245e+13 6.78139e+13 6.95925e+13 6.82747e+13 6.80292e+13 6.82459e+13 6.69065e+13 0 0 0 0 0 0 0 0 0 0 0 0 0 0 0 0 0 0 0 0 0 0 0 0 0 0 0 0 0 0 0 0 
0 0 0 0 0 0 0 0 0 0 0 1.15658e+10 3.56996e+11 2.66781e+12 1.00093e+13 2.50181e+13 4.69051e+13 7.3033e+13 1.01198e+14 1.29256e+14 1.54851e+14 1.7789e+14 1.92777e+14 2.04745e+14 2.20828e+14 2.31897e+14 2.36477e+14 2.44541e+14 2.45213e+14 2.51371e+14 2.49653e+14 2.48881e+14 2.50382e+14 0 0 0 0 0 0 0 0 0 0 0 0 0 0 0 0 0 0 0 0 0 0 0 0 0 0 0 0 0 0 0 0 
0 0 0 0 0 0 0 0 0 0 0 0 1.2157e+11 1.70674e+12 9.54294e+12 3.14793e+13 7.35849e+13 1.36315e+14 2.13076e+14 2.95429e+14 3.81148e+14 4.62859e+14 5.40234e+14 6.12806e+14 6.59848e+14 7.11203e+14 7.46557e+14 7.87307e+14 8.07902e+14 8.26881e+14 8.43726e+14 8.27288e+14 8.48833e+14 0 0 0 0 0 0 0 0 0 0 0 0 0 0 0 0 0 0 0 0 0 0 0 0 0 0 0 0 0 0 0 0 
0 0 0 0 0 0 0 0 0 0 0 0 2.06007e+10 7.61789e+11 6.85213e+12 3.10192e+13 9.26443e+13 2.05517e+14 3.72757e+14 5.87797e+14 8.27609e+14 1.07026e+15 1.31876e+15 1.5485e+15 1.76482e+15 1.96748e+15 2.14335e+15 2.25123e+15 2.3778e+15 2.42988e+15 2.47218e+15 2.58083e+15 2.53593e+15 0 0 0 0 0 0 0 0 0 0 0 0 0 0 0 0 0 0 0 0 0 0 0 0 0 0 0 0 0 0 0 0 
0 0 0 0 0 0 0 0 0 0 0 0 0 2.1154e+11 3.5023e+12 2.33506e+13 9.13838e+13 2.51535e+14 5.39871e+14 9.57609e+14 1.48801e+15 2.13811e+15 2.80151e+15 3.5133e+15 4.17453e+15 4.74038e+15 5.31167e+15 5.81325e+15 6.21138e+15 6.48726e+15 6.80287e+15 6.78747e+15 6.8953e+15 0 0 0 0 0 0 0 0 0 0 0 0 0 0 0 0 0 0 0 0 0 0 0 0 0 0 0 0 0 0 0 0 
0 0 0 0 0 0 0 0 0 0 0 0 0 3.03258e+10 1.2829e+12 1.34393e+13 7.13519e+13 2.48783e+14 6.37026e+14 1.32031e+15 2.34154e+15 3.62779e+15 5.20151e+15 6.83787e+15 8.60209e+15 1.03575e+16 1.18118e+16 1.31999e+16 1.45155e+16 1.56073e+16 1.62648e+16 1.67073e+16 1.69021e+16 0 0 0 0 0 0 0 0 0 0 0 0 0 0 0 0 0 0 0 0 0 0 0 0 0 0 0 0 0 0 0 0 
0 0 0 0 0 0 0 0 0 0 0 0 0 0 3.00515e+11 5.62969e+12 4.32631e+13 1.95188e+14 6.19048e+14 1.51536e+15 3.05403e+15 5.30679e+15 8.18482e+15 1.16356e+16 1.5444e+16 1.94001e+16 2.33361e+16 2.71424e+16 3.00368e+16 3.27583e+16 3.45977e+16 3.56543e+16 3.60866e+16 0 0 0 0 0 0 0 0 0 0 0 0 0 0 0 0 0 0 0 0 0 0 0 0 0 0 0 0 0 0 0 0 
0 0 0 0 0 0 0 0 0 0 0 0 0 0 3.63389e+10 1.73166e+12 2.03966e+13 1.23122e+14 4.89811e+14 1.42712e+15 3.30044e+15 6.46568e+15 1.11537e+16 1.72254e+16 2.42914e+16 3.22577e+16 4.05807e+16 4.81874e+16 5.55763e+16 6.14586e+16 6.56736e+16 6.89672e+16 6.97945e+16 0 0 0 0 0 0 0 0 0 0 0 0 0 0 0 0 0 0 0 0 0 0 0 0 0 0 0 0 0 0 0 0 
0 0 0 0 0 0 0 0 0 0 0 0 0 0 0 3.42358e+11 7.14191e+12 6.15762e+13 3.11149e+14 1.10713e+15 3.01813e+15 6.74357e+15 1.27583e+16 2.14874e+16 3.29183e+16 4.58952e+16 6.04108e+16 7.49906e+16 8.87177e+16 1.00525e+17 1.1071e+17 1.16396e+17 1.17964e+17 0 0 0 0 0 0 0 0 0 0 0 0 0 0 0 0 0 0 0 0 0 0 0 0 0 0 0 0 0 0 0 0 
0 0 0 0 0 0 0 0 0 0 0 0 0 0 0 3.58278e+10 1.86621e+12 2.39759e+13 1.59915e+14 7.02054e+14 2.28375e+15 5.82696e+15 1.24682e+16 2.31961e+16 3.79649e+16 5.72457e+16 7.86577e+16 1.02738e+17 1.25954e+17 1.45727e+17 1.60443e+17 1.70268e+17 1.75753e+17 0 0 0 0 0 0 0 0 0 0 0 0 0 0 0 0 0 0 0 0 0 0 0 0 0 0 0 0 0 0 0 0 
0 0 0 0 0 0 0 0 0 0 0 0 0 0 0 0 3.21063e+11 7.18421e+12 6.72456e+13 3.70934e+14 1.43651e+15 4.26913e+15 1.03721e+16 2.10613e+16 3.81776e+16 6.1086e+16 9.01683e+16 1.20972e+17 1.52923e+17 1.83739e+17 2.08732e+17 2.23772e+17 2.28022e+17 0 0 0 0 0 0 0 0 0 0 0 0 0 0 0 0 0 0 0 0 0 0 0 0 0 0 0 0 0 0 0 0 
0 0 0 0 0 0 0 0 0 0 0 0 0 0 0 0 2.91951e+10 1.62029e+12 2.22634e+13 1.59388e+14 7.51069e+14 2.63674e+15 7.22234e+15 1.65614e+16 3.22657e+16 5.6193e+16 8.74812e+16 1.25506e+17 1.64959e+17 2.01547e+17 2.33128e+17 2.56036e+17 2.60978e+17 0 0 0 0 0 0 0 0 0 0 0 0 0 0 0 0 0 0 0 0 0 0 0 0 0 0 0 0 0 0 0 0 
0 0 0 0 0 0 0 0 0 0 0 0 0 0 0 0 0 2.4441e+11 5.77075e+12 5.70548e+13 3.35264e+14 1.37098e+15 4.34444e+15 1.10928e+16 2.40297e+16 4.48262e+16 7.45323e+16 1.11717e+17 1.54106e+17 1.95755e+17 2.28878e+17 2.50044e+17 2.60892e+17 0 0 0 0 0 0 0 0 0 0 0 0 0 0 0 0 0 0 0 0 0 0 0 0 0 0 0 0 0 0 0 0 
0 0 0 0 0 0 0 0 0 0 0 0 0 0 0 0 0 1.96792e+10 1.12265e+12 1.62177e+13 1.21794e+14 6.05434e+14 2.20419e+15 6.40606e+15 1.51376e+16 3.09107e+16 5.47572e+16 8.66908e+16 1.23721e+17 1.62292e+17 1.97421e+17 2.20426e+17 2.27594e+17 0 0 0 0 0 0 0 0 0 0 0 0 0 0 0 0 0 0 0 0 0 0 0 0 0 0 0 0 0 0 0 0 
0 0 0 0 0 0 0 0 0 0 0 0 0 0 0 0 0 0 1.50116e+11 3.71531e+12 3.75048e+13 2.28972e+14 9.75585e+14 3.15604e+15 8.35887e+15 1.83587e+16 3.50389e+16 5.87172e+16 8.77726e+16 1.20055e+17 1.47265e+17 1.67274e+17 1.74058e+17 0 0 0 0 0 0 0 0 0 0 0 0 0 0 0 0 0 0 0 0 0 0 0 0 0 0 0 0 0 0 0 0 
0 0 0 0 0 0 0 0 0 0 0 0 0 0 0 0 0 0 1.12379e+10 6.35349e+11 9.46684e+12 7.14732e+13 3.63763e+14 1.3598e+15 3.9833e+15 9.60971e+15 1.97445e+16 3.50612e+16 5.56319e+16 7.68937e+16 9.70948e+16 1.11739e+17 1.17391e+17 0 0 0 0 0 0 0 0 0 0 0 0 0 0 0 0 0 0 0 0 0 0 0 0 0 0 0 0 0 0 0 0 
0 0 0 0 0 0 0 0 0 0 0 0 0 0 0 0 0 0 0 7.74925e+10 1.88742e+12 1.9275e+13 1.17396e+14 5.08217e+14 1.67831e+15 4.44023e+15 9.75784e+15 1.85071e+16 3.01707e+16 4.37605e+16 5.73385e+16 6.66966e+16 6.99445e+16 0 0 0 0 0 0 0 0 0 0 0 0 0 0 0 0 0 0 0 0 0 0 0 0 0 0 0 0 0 0 0 0 
0 0 0 0 0 0 0 0 0 0 0 0 0 0 0 0 0 0 0 5.57757e+09 2.95595e+11 4.31634e+12 3.29251e+13 1.66013e+14 6.13312e+14 1.79251e+15 4.26582e+15 8.53974e+15 1.47099e+16 2.22278e+16 2.95067e+16 3.49862e+16 3.71801e+16 0 0 0 0 0 0 0 0 0 0 0 0 0 0 0 0 0 0 0 0 0 0 0 0 0 0 0 0 0 0 0 0 
0 0 0 0 0 0 0 0 0 0 0 0 0 0 0 0 0 0 0 0 3.34622e+10 7.76676e+11 7.86363e+12 4.64218e+13 2.00949e+14 6.44356e+14 1.6677e+15 3.54174e+15 6.46608e+15 1.00652e+16 1.38026e+16 1.65242e+16 1.76078e+16 0 0 0 0 0 0 0 0 0 0 0 0 0 0 0 0 0 0 0 0 0 0 0 0 0 0 0 0 0 0 0 0 
0 0 0 0 0 0 0 0 0 0 0 0 0 0 0 0 0 0 0 0 2.42345e+09 1.12804e+11 1.55103e+12 1.15872e+13 5.62117e+13 2.02155e+14 5.72444e+14 1.31738e+15 2.4894e+15 4.11285e+15 5.75947e+15 7.0471e+15 7.49937e+15 0 0 0 0 0 0 0 0 0 0 0 0 0 0 0 0 0 0 0 0 0 0 0 0 0 0 0 0 0 0 0 0 
0 0 0 0 0 0 0 0 0 0 0 0 0 0 0 0 0 0 0 0 0 1.20114e+10 2.59151e+11 2.50042e+12 1.42255e+13 5.82764e+13 1.79316e+14 4.40527e+14 8.91688e+14 1.49701e+15 2.14986e+15 2.64908e+15 2.89045e+15 0 0 0 0 0 0 0 0 0 0 0 0 0 0 0 0 0 0 0 0 0 0 0 0 0 0 0 0 0 0 0 0 
0 0 0 0 0 0 0 0 0 0 0 0 0 0 0 0 0 0 0 0 0 9.45955e+08 3.60418e+10 4.61776e+11 3.22277e+12 1.50651e+13 5.03344e+13 1.32619e+14 2.84257e+14 5.02586e+14 7.41788e+14 9.51223e+14 9.86666e+14 0 0 0 0 0 0 0 0 0 0 0 0 0 0 0 0 0 0 0 0 0 0 0 0 0 0 0 0 0 0 0 0 
0 0 0 0 0 0 0 0 0 0 0 0 0 0 0 0 0 0 0 0 0 0 3.7011e+09 7.01611e+10 6.41787e+11 3.3345e+12 1.28227e+13 3.66657e+13 8.34957e+13 1.53068e+14 2.33138e+14 2.98336e+14 3.28376e+14 0 0 0 0 0 0 0 0 0 0 0 0 0 0 0 0 0 0 0 0 0 0 0 0 0 0 0 0 0 0 0 0 
0 0 0 0 0 0 0 0 0 0 0 0 0 0 0 0 0 0 0 0 0 0 3.30998e+08 9.5397e+09 1.08107e+11 7.08883e+11 2.95442e+12 9.19244e+12 2.19886e+13 4.23804e+13 6.72475e+13 8.66035e+13 9.76864e+13 0 0 0 0 0 0 0 0 0 0 0 0 0 0 0 0 0 0 0 0 0 0 0 0 0 0 0 0 0 0 0 0 
0 0 0 0 0 0 0 0 0 0 0 0 0 0 0 0 0 0 0 0 0 0 0 9.93745e+08 1.61016e+10 1.27123e+11 6.26757e+11 2.07086e+12 5.47323e+12 1.10914e+13 1.79419e+13 2.39212e+13 2.57403e+13 0 0 0 0 0 0 0 0 0 0 0 0 0 0 0 0 0 0 0 0 0 0 0 0 0 0 0 0 0 0 0 0 
0 0 0 0 0 0 0 0 0 0 0 0 0 0 0 0 0 0 0 0 0 0 0 1.06984e+08 2.20444e+09 2.11325e+10 1.22398e+11 4.564e+11 1.23145e+12 2.65808e+12 4.45948e+12 6.26491e+12 6.64351e+12 0 0 0 0 0 0 0 0 0 0 0 0 0 0 0 0 0 0 0 0 0 0 0 0 0 0 0 0 0 0 0 0 
0 0 0 0 0 0 0 0 0 0 0 0 0 0 0 0 0 0 0 0 0 0 0 0 2.28079e+08 3.13318e+09 2.09942e+10 9.07771e+10 2.65041e+11 5.95968e+11 1.03646e+12 1.44644e+12 1.6169e+12 0 0 0 0 0 0 0 0 0 0 0 0 0 0 0 0 0 0 0 0 0 0 0 0 0 0 0 0 0 0 0 0 
0 0 0 0 0 0 0 0 0 0 0 0 0 0 0 0 0 0 0 0 0 0 0 0 3.19304e+07 4.58472e+08 3.46741e+09 1.68341e+10 5.39568e+10 1.26818e+11 2.30276e+11 3.19283e+11 3.61653e+11 0 0 0 0 0 0 0 0 0 0 0 0 0 0 0 0 0 0 0 0 0 0 0 0 0 0 0 0 0 0 0 0 
0 0 0 0 0 0 0 0 0 0 0 0 0 0 0 0 0 0 0 0 0 0 0 0 0 4.68221e+07 5.45211e+08 2.91292e+09 1.04895e+10 2.57743e+10 4.90012e+10 7.27833e+10 7.99047e+10 0 0 0 0 0 0 0 0 0 0 0 0 0 0 0 0 0 0 0 0 0 0 0 0 0 0 0 0 0 0 0 0 
0 0 0 0 0 0 0 0 0 0 0 0 0 0 0 0 0 0 0 0 0 0 0 0 0 8.59693e+06 8.46105e+07 4.84617e+08 1.93411e+09 5.31712e+09 9.85148e+09 1.43204e+10 1.64877e+10 0 0 0 0 0 0 0 0 0 0 0 0 0 0 0 0 0 0 0 0 0 0 0 0 0 0 0 0 0 0 0 0 
0 0 0 0 0 0 0 0 0 0 0 0 0 0 0 0 0 0 0 0 0 0 0 0 0 0 8.10882e+06 8.27589e+07 3.41901e+08 9.69178e+08 1.97829e+09 2.86109e+09 3.48334e+09 0 0 0 0 0 0 0 0 0 0 0 0 0 0 0 0 0 0 0 0 0 0 0 0 0 0 0 0 0 0 0 0 
0 0 0 0 0 0 0 0 0 0 0 0 0 0 0 0 0 0 0 0 0 0 0 0 0 0 2.0755e+06 1.35432e+07 5.89728e+07 1.89273e+08 3.97e+08 6.24365e+08 6.76284e+08 0 0 0 0 0 0 0 0 0 0 0 0 0 0 0 0 0 0 0 0 0 0 0 0 0 0 0 0 0 0 0 0 
0 0 0 0 0 0 0 0 0 0 0 0 0 0 0 0 0 0 0 0 0 0 0 0 0 0 0 1.14238e+06 1.14233e+07 3.33462e+07 7.50213e+07 1.22419e+08 1.39147e+08 0 0 0 0 0 0 0 0 0 0 0 0 0 0 0 0 0 0 0 0 0 0 0 0 0 0 0 0 0 0 0 0 
0 0 0 0 0 0 0 0 0 0 0 0 0 0 0 0 0 0 0 0 0 0 0 0 0 0 0 426169 1.8173e+06 5.90879e+06 1.57759e+07 2.3807e+07 3.05322e+07 0 0 0 0 0 0 0 0 0 0 0 0 0 0 0 0 0 0 0 0 0 0 0 0 0 0 0 0 0 0 0 0 
0 0 0 0 0 0 0 0 0 0 0 0 0 0 0 0 0 0 0 0 0 0 0 0 0 0 0 0 117892 1.308e+06 2.50705e+06 4.91397e+06 5.45771e+06 0 0 0 0 0 0 0 0 0 0 0 0 0 0 0 0 0 0 0 0 0 0 0 0 0 0 0 0 0 0 0 0 
0 0 0 0 0 0 0 0 0 0 0 0 0 0 0 0 0 0 0 0 0 0 0 0 0 0 0 0 72783.6 183948 475421 1.00923e+06 1.04143e+06 0 0 0 0 0 0 0 0 0 0 0 0 0 0 0 0 0 0 0 0 0 0 0 0 0 0 0 0 0 0 0 0 
0 0 0 0 0 0 0 0 0 0 0 0 0 0 0 0 0 0 0 0 0 0 0 0 0 0 0 0 0 7981.39 122933 115975 255622 0 0 0 0 0 0 0 0 0 0 0 0 0 0 0 0 0 0 0 0 0 0 0 0 0 0 0 0 0 0 0 0 
0 0 0 0 0 0 0 0 0 0 0 0 0 0 0 0 0 0 0 0 0 0 0 0 0 0 0 0 0 9823.27 12469.4 33957.5 39024.3 0 0 0 0 0 0 0 0 0 0 0 0 0 0 0 0 0 0 0 0 0 0 0 0 0 0 0 0 0 0 0 0 
0 0 0 0 0 0 0 0 0 0 0 0 0 0 0 0 0 0 0 0 0 0 0 0 0 0 0 0 0 0 264.491 8087.23 2023.18 0 0 0 0 0 0 0 0 0 0 0 0 0 0 0 0 0 0 0 0 0 0 0 0 0 0 0 0 0 0 0 0 
0 0 0 0 0 0 0 0 0 0 0 0 0 0 0 0 0 0 0 0 0 0 0 0 0 0 0 0 0 0 978.398 415.692 2082.41 0 0 0 0 0 0 0 0 0 0 0 0 0 0 0 0 0 0 0 0 0 0 0 0 0 0 0 0 0 0 0 0 
0 0 0 0 0 0 0 0 0 0 0 0 0 0 0 0 0 0 0 0 0 0 0 0 0 0 0 0 0 0 0 0 271.939 0 0 0 0 0 0 0 0 0 0 0 0 0 0 0 0 0 0 0 0 0 0 0 0 0 0 0 0 0 0 0 0 
0 0 0 0 0 0 0 0 0 0 0 0 0 0 0 0 0 0 0 0 0 0 0 0 0 0 0 0 0 0 0 63.1224 0 0 0 0 0 0 0 0 0 0 0 0 0 0 0 0 0 0 0 0 0 0 0 0 0 0 0 0 0 0 0 0 0 
0 0 0 0 0 0 0 0 0 0 0 0 0 0 0 0 0 0 0 0 0 0 0 0 0 0 0 0 0 0 0 0 0 0 0 0 0 0 0 0 0 0 0 0 0 0 0 0 0 0 0 0 0 0 0 0 0 0 0 0 0 0 0 0 0 
0 0 0 0 0 0 0 0 0 0 0 0 0 0 0 0 0 0 0 0 0 0 0 0 0 0 0 0 0 0 0 0 1.97258 0 0 0 0 0 0 0 0 0 0 0 0 0 0 0 0 0 0 0 0 0 0 0 0 0 0 0 0 0 0 0 0 
