1 0 0 0 0 0 0 0 0 0 0 0 0 0 0 0 0 0 0 0 0 0 0 0 0 0 0 0 0 0 0 0 0 0 0 0 0 0 0 0 0 0 0 0 0 0 0 0 0 0 0 0 0 0 0 0 0 0 0 0 0 0 0 0 0 
0 0 0 0 0 0 0 0 0 0 0 0 0 0 0 0 0 0 0 0 0 0 0 0 0 0 0 0 0 0 0 0 0 0 0 0 0 0 0 0 0 0 0 0 0 0 0 0 0 0 0 0 0 0 0 0 0 0 0 0 0 0 0 0 0 
0 64 0 0 0 0 0 0 0 0 0 0 0 0 0 0 0 0 0 0 0 0 0 0 0 0 0 0 0 0 0 0 0 0 0 0 0 0 0 0 0 0 0 0 0 0 0 0 0 0 0 0 0 0 0 0 0 0 0 0 0 0 0 0 0 
0 0 128 0 0 0 0 0 0 0 0 0 0 0 0 0 0 0 0 0 0 0 0 0 0 0 0 0 0 0 0 0 0 0 0 0 0 0 0 0 0 0 0 0 0 0 0 0 0 0 0 0 0 0 0 0 0 0 0 0 0 0 0 0 0 
0 0 1888 391.936 65.3553 0 0 0 0 0 0 0 0 0 0 0 0 0 0 0 0 0 0 0 0 0 0 0 0 0 0 0 0 0 0 0 0 0 0 0 0 0 0 0 0 0 0 0 0 0 0 0 0 0 0 0 0 0 0 0 0 0 0 0 0 
0 0 0 7152.13 1187.67 475.004 126 0 0 0 0 0 0 0 0 0 0 0 0 0 0 0 0 0 0 0 0 0 0 0 0 0 0 0 0 0 0 0 0 0 0 0 0 0 0 0 0 0 0 0 0 0 0 0 0 0 0 0 0 0 0 0 0 0 0 
0 0 0 34119.9 27119.6 6853.55 2439.44 1455.27 428.968 81.5426 0 0 0 0 0 0 0 0 0 0 0 0 0 0 0 0 0 0 0 0 0 0 0 0 0 0 0 0 0 0 0 0 0 0 0 0 0 0 0 0 0 0 0 0 0 0 0 0 0 0 0 0 0 0 0 
0 0 0 0 183984 97157.9 42255.3 16189.3 7590.06 4266.36 1809.69 437.674 168.383 0 0 0 0 0 0 0 0 0 0 0 0 0 0 0 0 0 0 0 0 0 0 0 0 0 0 0 0 0 0 0 0 0 0 0 0 0 0 0 0 0 0 0 0 0 0 0 0 0 0 0 0 
0 0 0 0 423019 834846 406594 225328 120986 56378.1 33213.9 20329.6 9955.41 4711.83 1546.48 345.374 63.8936 0 0 0 0 0 0 0 12.5083 0 0 0 0 0 0 0 17.6789 0 0 0 0 0 0 0 0 0 0 0 0 0 0 0 0 0 0 0 0 0 0 0 0 0 0 0 0 0 0 0 0 
0 0 0 0 0 2.85e+06 3.36228e+06 2.0137e+06 1.17155e+06 712715 435874 263356 156476 94535.8 52441.2 28036.6 13743.6 5338.74 1896.94 922.757 326.096 301.52 284.234 217.829 0 235.118 264.348 236.683 263.774 249.71 185.298 274.747 0 0 0 0 0 0 0 0 0 0 0 0 0 0 0 0 0 0 0 0 0 0 0 0 0 0 0 0 0 0 0 0 0 
0 0 0 0 0 3.83517e+06 1.45949e+07 1.35847e+07 9.29317e+06 6.34231e+06 4.09191e+06 2.67283e+06 1.85018e+06 1.11889e+06 741019 516932 316250 201106 124612 67359.8 34019.1 22067.1 13550.2 11767.2 11303.2 11383.9 8391.07 8828 9735.49 9113.71 10088.9 10777 12564 0 0 0 0 0 0 0 0 0 0 0 0 0 0 0 0 0 0 0 0 0 0 0 0 0 0 0 0 0 0 0 0 
0 0 0 0 0 0 3.02744e+07 6.37199e+07 5.8227e+07 4.38578e+07 3.13592e+07 2.25473e+07 1.6539e+07 1.12326e+07 8.32338e+06 5.78732e+06 3.95801e+06 2.82277e+06 2.04812e+06 1.54536e+06 1.07202e+06 728676 470155 386810 305703 236418 206272 252331 231742 235087 205370 225511 234073 0 0 0 0 0 0 0 0 0 0 0 0 0 0 0 0 0 0 0 0 0 0 0 0 0 0 0 0 0 0 0 0 
0 0 0 0 0 0 2.62914e+07 1.69508e+08 2.62491e+08 2.46909e+08 2.00209e+08 1.52375e+08 1.18418e+08 9.41144e+07 6.77972e+07 5.11016e+07 3.87415e+07 2.88123e+07 2.22135e+07 1.84235e+07 1.39931e+07 1.02042e+07 8.68525e+06 7.35639e+06 5.78114e+06 4.31576e+06 4.1806e+06 3.73477e+06 3.4264e+06 3.39438e+06 3.24145e+06 3.62158e+06 3.37685e+06 0 0 0 0 0 0 0 0 0 0 0 0 0 0 0 0 0 0 0 0 0 0 0 0 0 0 0 0 0 0 0 0 
0 0 0 0 0 0 0 2.32227e+08 7.82659e+08 1.06668e+09 1.04657e+09 9.05993e+08 7.36168e+08 6.22707e+08 5.03116e+08 3.97897e+08 3.06812e+08 2.50224e+08 1.98966e+08 1.5953e+08 1.27985e+08 1.10011e+08 9.48379e+07 7.65802e+07 6.68826e+07 5.70665e+07 5.00811e+07 4.37441e+07 3.97999e+07 3.92759e+07 4.11373e+07 4.17274e+07 3.73969e+07 0 0 0 0 0 0 0 0 0 0 0 0 0 0 0 0 0 0 0 0 0 0 0 0 0 0 0 0 0 0 0 0 
0 0 0 0 0 0 0 1.39919e+08 1.38887e+09 3.30835e+09 4.31639e+09 4.34042e+09 4.03267e+09 3.48657e+09 3.01009e+09 2.54406e+09 2.11704e+09 1.78759e+09 1.49427e+09 1.27879e+09 1.09973e+09 9.41767e+08 7.94808e+08 6.879e+08 6.14938e+08 5.7457e+08 4.91898e+08 4.45422e+08 3.99099e+08 3.93296e+08 4.03682e+08 3.63924e+08 3.74322e+08 0 0 0 0 0 0 0 0 0 0 0 0 0 0 0 0 0 0 0 0 0 0 0 0 0 0 0 0 0 0 0 0 
0 0 0 0 0 0 0 0 1.33693e+09 6.6491e+09 1.31096e+10 1.70377e+10 1.76398e+10 1.73074e+10 1.58547e+10 1.42109e+10 1.25969e+10 1.09782e+10 9.97765e+09 8.37801e+09 7.25243e+09 6.25469e+09 5.73605e+09 5.10324e+09 4.65367e+09 4.1409e+09 3.861e+09 3.39926e+09 3.22756e+09 3.23008e+09 3.07835e+09 3.0178e+09 2.99479e+09 0 0 0 0 0 0 0 0 0 0 0 0 0 0 0 0 0 0 0 0 0 0 0 0 0 0 0 0 0 0 0 0 
0 0 0 0 0 0 0 0 5.86401e+08 8.32789e+09 2.82375e+10 5.00243e+10 6.47154e+10 7.0116e+10 7.07257e+10 6.71153e+10 6.50609e+10 6.01109e+10 5.35338e+10 4.85556e+10 4.40488e+10 3.99368e+10 3.73003e+10 3.4007e+10 3.06253e+10 2.7465e+10 2.5803e+10 2.48906e+10 2.32368e+10 2.27221e+10 2.20987e+10 2.11646e+10 2.0537e+10 0 0 0 0 0 0 0 0 0 0 0 0 0 0 0 0 0 0 0 0 0 0 0 0 0 0 0 0 0 0 0 0 
0 0 0 0 0 0 0 0 0 5.93379e+09 4.11548e+10 1.10968e+11 1.86477e+11 2.40855e+11 2.71271e+11 2.84802e+11 2.81604e+11 2.73431e+11 2.62849e+11 2.47253e+11 2.25791e+11 2.1766e+11 2.00744e+11 1.86764e+11 1.72616e+11 1.66494e+11 1.56121e+11 1.46484e+11 1.42444e+11 1.37334e+11 1.33838e+11 1.31443e+11 1.33289e+11 0 0 0 0 0 0 0 0 0 0 0 0 0 0 0 0 0 0 0 0 0 0 0 0 0 0 0 0 0 0 0 0 
0 0 0 0 0 0 0 0 0 1.95688e+09 3.75612e+10 1.74929e+11 4.10336e+11 6.69776e+11 8.74886e+11 1.01929e+12 1.08645e+12 1.12887e+12 1.1307e+12 1.09594e+12 1.08436e+12 1.029e+12 9.70496e+11 9.33122e+11 9.10291e+11 8.61515e+11 8.17005e+11 8.16288e+11 7.88463e+11 7.66743e+11 7.45678e+11 7.45791e+11 7.25245e+11 0 0 0 0 0 0 0 0 0 0 0 0 0 0 0 0 0 0 0 0 0 0 0 0 0 0 0 0 0 0 0 0 
0 0 0 0 0 0 0 0 0 0 2.05411e+10 1.8671e+11 6.7124e+11 1.43745e+12 2.28643e+12 3.0581e+12 3.65408e+12 4.00901e+12 4.24143e+12 4.45323e+12 4.44758e+12 4.43087e+12 4.38041e+12 4.20573e+12 4.1116e+12 4.07301e+12 3.8974e+12 3.91925e+12 3.88781e+12 3.71761e+12 3.67079e+12 3.70596e+12 3.72456e+12 0 0 0 0 0 0 0 0 0 0 0 0 0 0 0 0 0 0 0 0 0 0 0 0 0 0 0 0 0 0 0 0 
0 0 0 0 0 0 0 0 0 0 5.26989e+09 1.3092e+11 7.87085e+11 2.38693e+12 4.82207e+12 7.61942e+12 1.02369e+13 1.26469e+13 1.44785e+13 1.57103e+13 1.67204e+13 1.72718e+13 1.73398e+13 1.74126e+13 1.77946e+13 1.76012e+13 1.73067e+13 1.73184e+13 1.70228e+13 1.69435e+13 1.67939e+13 1.70722e+13 1.72045e+13 0 0 0 0 0 0 0 0 0 0 0 0 0 0 0 0 0 0 0 0 0 0 0 0 0 0 0 0 0 0 0 0 
0 0 0 0 0 0 0 0 0 0 0 5.60645e+10 6.43197e+11 2.95383e+12 7.98261e+12 1.53385e+13 2.42336e+13 3.29799e+13 4.10418e+13 4.82618e+13 5.38039e+13 5.79794e+13 6.14259e+13 6.49517e+13 6.5938e+13 6.61571e+13 6.71886e+13 6.66825e+13 6.72846e+13 6.83511e+13 6.81159e+13 6.79658e+13 6.75758e+13 0 0 0 0 0 0 0 0 0 0 0 0 0 0 0 0 0 0 0 0 0 0 0 0 0 0 0 0 0 0 0 0 
0 0 0 0 0 0 0 0 0 0 0 1.15185e+10 3.56436e+11 2.6424e+12 1.00443e+13 2.5046e+13 4.72922e+13 7.40279e+13 1.02697e+14 1.29327e+14 1.53256e+14 1.74708e+14 1.93983e+14 2.07763e+14 2.20751e+14 2.32502e+14 2.36741e+14 2.39923e+14 2.46634e+14 2.48471e+14 2.53974e+14 2.52741e+14 2.54324e+14 0 0 0 0 0 0 0 0 0 0 0 0 0 0 0 0 0 0 0 0 0 0 0 0 0 0 0 0 0 0 0 0 
0 0 0 0 0 0 0 0 0 0 0 0 1.21493e+11 1.71236e+12 9.55177e+12 3.15942e+13 7.33297e+13 1.36003e+14 2.13045e+14 2.97027e+14 3.82704e+14 4.64891e+14 5.34825e+14 6.08333e+14 6.66784e+14 7.07115e+14 7.45128e+14 7.81086e+14 8.10959e+14 8.1384e+14 8.42405e+14 8.51858e+14 8.49568e+14 0 0 0 0 0 0 0 0 0 0 0 0 0 0 0 0 0 0 0 0 0 0 0 0 0 0 0 0 0 0 0 0 
0 0 0 0 0 0 0 0 0 0 0 0 2.06892e+10 7.59098e+11 6.80162e+12 3.0979e+13 9.2259e+13 2.04749e+14 3.72044e+14 5.85362e+14 8.25856e+14 1.07198e+15 1.31912e+15 1.54568e+15 1.75665e+15 1.94927e+15 2.12109e+15 2.25881e+15 2.34273e+15 2.45866e+15 2.49642e+15 2.52838e+15 2.54387e+15 0 0 0 0 0 0 0 0 0 0 0 0 0 0 0 0 0 0 0 0 0 0 0 0 0 0 0 0 0 0 0 0 
0 0 0 0 0 0 0 0 0 0 0 0 0 2.12091e+11 3.51055e+12 2.33636e+13 9.17236e+13 2.51048e+14 5.37339e+14 9.63519e+14 1.49779e+15 2.14142e+15 2.83107e+15 3.50704e+15 4.15324e+15 4.75742e+15 5.27058e+15 5.83314e+15 6.22009e+15 6.54585e+15 6.75113e+15 6.92623e+15 6.88613e+15 0 0 0 0 0 0 0 0 0 0 0 0 0 0 0 0 0 0 0 0 0 0 0 0 0 0 0 0 0 0 0 0 
0 0 0 0 0 0 0 0 0 0 0 0 0 3.04338e+10 1.28185e+12 1.3362e+13 7.13054e+13 2.4935e+14 6.40089e+14 1.32345e+15 2.33342e+15 3.63913e+15 5.19225e+15 6.9206e+15 8.61343e+15 1.03924e+16 1.19016e+16 1.32561e+16 1.45403e+16 1.54799e+16 1.61763e+16 1.63312e+16 1.66819e+16 0 0 0 0 0 0 0 0 0 0 0 0 0 0 0 0 0 0 0 0 0 0 0 0 0 0 0 0 0 0 0 0 
0 0 0 0 0 0 0 0 0 0 0 0 0 0 3.01767e+11 5.65449e+12 4.33728e+13 1.94987e+14 6.17192e+14 1.50736e+15 3.06138e+15 5.27935e+15 8.20298e+15 1.16517e+16 1.56769e+16 1.95344e+16 2.34668e+16 2.70343e+16 3.00631e+16 3.27296e+16 3.44881e+16 3.59474e+16 3.66272e+16 0 0 0 0 0 0 0 0 0 0 0 0 0 0 0 0 0 0 0 0 0 0 0 0 0 0 0 0 0 0 0 0 
0 0 0 0 0 0 0 0 0 0 0 0 0 0 3.63902e+10 1.73477e+12 2.03013e+13 1.23729e+14 4.88575e+14 1.42012e+15 3.3078e+15 6.53076e+15 1.10698e+16 1.7069e+16 2.4174e+16 3.20852e+16 4.06541e+16 4.8207e+16 5.54227e+16 6.08191e+16 6.58818e+16 6.88477e+16 6.94191e+16 0 0 0 0 0 0 0 0 0 0 0 0 0 0 0 0 0 0 0 0 0 0 0 0 0 0 0 0 0 0 0 0 
0 0 0 0 0 0 0 0 0 0 0 0 0 0 0 3.44567e+11 7.17308e+12 6.12157e+13 3.12313e+14 1.10621e+15 2.99421e+15 6.67492e+15 1.28442e+16 2.16169e+16 3.27937e+16 4.61431e+16 6.04253e+16 7.54278e+16 8.90558e+16 1.01464e+17 1.09852e+17 1.15648e+17 1.17337e+17 0 0 0 0 0 0 0 0 0 0 0 0 0 0 0 0 0 0 0 0 0 0 0 0 0 0 0 0 0 0 0 0 
0 0 0 0 0 0 0 0 0 0 0 0 0 0 0 3.59462e+10 1.84549e+12 2.40303e+13 1.60781e+14 7.07957e+14 2.28278e+15 5.82672e+15 1.24615e+16 2.30423e+16 3.80339e+16 5.70892e+16 7.85388e+16 1.02313e+17 1.25252e+17 1.46781e+17 1.62023e+17 1.72223e+17 1.75872e+17 0 0 0 0 0 0 0 0 0 0 0 0 0 0 0 0 0 0 0 0 0 0 0 0 0 0 0 0 0 0 0 0 
0 0 0 0 0 0 0 0 0 0 0 0 0 0 0 0 3.223e+11 7.25341e+12 6.70886e+13 3.72596e+14 1.43564e+15 4.26381e+15 1.03039e+16 2.11602e+16 3.79193e+16 6.08027e+16 8.99073e+16 1.21159e+17 1.54371e+17 1.82605e+17 2.08633e+17 2.24205e+17 2.28973e+17 0 0 0 0 0 0 0 0 0 0 0 0 0 0 0 0 0 0 0 0 0 0 0 0 0 0 0 0 0 0 0 0 
0 0 0 0 0 0 0 0 0 0 0 0 0 0 0 0 2.93366e+10 1.59918e+12 2.2188e+13 1.60355e+14 7.66279e+14 2.64948e+15 7.25363e+15 1.65789e+16 3.25337e+16 5.64407e+16 8.75778e+16 1.24907e+17 1.6382e+17 2.01661e+17 2.33058e+17 2.53295e+17 2.62337e+17 0 0 0 0 0 0 0 0 0 0 0 0 0 0 0 0 0 0 0 0 0 0 0 0 0 0 0 0 0 0 0 0 
0 0 0 0 0 0 0 0 0 0 0 0 0 0 0 0 0 2.46235e+11 5.83419e+12 5.60028e+13 3.31699e+14 1.38131e+15 4.32422e+15 1.10131e+16 2.38665e+16 4.46438e+16 7.41391e+16 1.1204e+17 1.53722e+17 1.95242e+17 2.28227e+17 2.51556e+17 2.58106e+17 0 0 0 0 0 0 0 0 0 0 0 0 0 0 0 0 0 0 0 0 0 0 0 0 0 0 0 0 0 0 0 0 
0 0 0 0 0 0 0 0 0 0 0 0 0 0 0 0 0 2.00801e+10 1.11744e+12 1.6381e+13 1.21871e+14 6.0582e+14 2.22502e+15 6.44628e+15 1.52054e+16 3.10129e+16 5.5138e+16 8.665e+16 1.24281e+17 1.62602e+17 1.96972e+17 2.20007e+17 2.27853e+17 0 0 0 0 0 0 0 0 0 0 0 0 0 0 0 0 0 0 0 0 0 0 0 0 0 0 0 0 0 0 0 0 
0 0 0 0 0 0 0 0 0 0 0 0 0 0 0 0 0 0 1.53097e+11 3.66154e+12 3.70045e+13 2.26632e+14 9.85127e+14 3.15119e+15 8.35999e+15 1.82806e+16 3.51079e+16 5.8971e+16 8.84272e+16 1.19298e+17 1.47286e+17 1.66804e+17 1.7583e+17 0 0 0 0 0 0 0 0 0 0 0 0 0 0 0 0 0 0 0 0 0 0 0 0 0 0 0 0 0 0 0 0 
0 0 0 0 0 0 0 0 0 0 0 0 0 0 0 0 0 0 1.1507e+10 6.42677e+11 9.48599e+12 7.15824e+13 3.62062e+14 1.38152e+15 4.02103e+15 9.68446e+15 1.97429e+16 3.50016e+16 5.48318e+16 7.74736e+16 9.83861e+16 1.12329e+17 1.16296e+17 0 0 0 0 0 0 0 0 0 0 0 0 0 0 0 0 0 0 0 0 0 0 0 0 0 0 0 0 0 0 0 0 
0 0 0 0 0 0 0 0 0 0 0 0 0 0 0 0 0 0 0 7.8013e+10 1.88203e+12 1.93163e+13 1.17219e+14 5.07391e+14 1.66938e+15 4.48479e+15 9.70061e+15 1.83676e+16 3.01292e+16 4.3917e+16 5.63745e+16 6.67087e+16 6.99319e+16 0 0 0 0 0 0 0 0 0 0 0 0 0 0 0 0 0 0 0 0 0 0 0 0 0 0 0 0 0 0 0 0 
0 0 0 0 0 0 0 0 0 0 0 0 0 0 0 0 0 0 0 5.61359e+09 2.9685e+11 4.28374e+12 3.24793e+13 1.6433e+14 6.23349e+14 1.78352e+15 4.30186e+15 8.5672e+15 1.48457e+16 2.21329e+16 2.9823e+16 3.48654e+16 3.74235e+16 0 0 0 0 0 0 0 0 0 0 0 0 0 0 0 0 0 0 0 0 0 0 0 0 0 0 0 0 0 0 0 0 
0 0 0 0 0 0 0 0 0 0 0 0 0 0 0 0 0 0 0 0 3.33516e+10 7.76229e+11 7.83475e+12 4.70984e+13 1.97573e+14 6.45995e+14 1.67239e+15 3.58864e+15 6.49113e+15 1.01564e+16 1.3672e+16 1.65715e+16 1.74147e+16 0 0 0 0 0 0 0 0 0 0 0 0 0 0 0 0 0 0 0 0 0 0 0 0 0 0 0 0 0 0 0 0 
0 0 0 0 0 0 0 0 0 0 0 0 0 0 0 0 0 0 0 0 2.42619e+09 1.11916e+11 1.5639e+12 1.14181e+13 5.64812e+13 2.02878e+14 5.76069e+14 1.32379e+15 2.52491e+15 4.09154e+15 5.73896e+15 7.05206e+15 7.55277e+15 0 0 0 0 0 0 0 0 0 0 0 0 0 0 0 0 0 0 0 0 0 0 0 0 0 0 0 0 0 0 0 0 
0 0 0 0 0 0 0 0 0 0 0 0 0 0 0 0 0 0 0 0 0 1.17753e+10 2.6111e+11 2.4975e+12 1.41528e+13 5.80528e+13 1.78517e+14 4.39254e+14 8.86029e+14 1.498e+15 2.20254e+15 2.67839e+15 2.86594e+15 0 0 0 0 0 0 0 0 0 0 0 0 0 0 0 0 0 0 0 0 0 0 0 0 0 0 0 0 0 0 0 0 
0 0 0 0 0 0 0 0 0 0 0 0 0 0 0 0 0 0 0 0 0 9.2877e+08 3.52937e+10 4.47934e+11 3.14225e+12 1.4578e+13 4.9519e+13 1.33122e+14 2.85336e+14 4.98196e+14 7.37387e+14 9.53988e+14 1.02149e+15 0 0 0 0 0 0 0 0 0 0 0 0 0 0 0 0 0 0 0 0 0 0 0 0 0 0 0 0 0 0 0 0 
0 0 0 0 0 0 0 0 0 0 0 0 0 0 0 0 0 0 0 0 0 0 3.67516e+09 7.16352e+10 6.23669e+11 3.27027e+12 1.28434e+13 3.67153e+13 8.26486e+13 1.54216e+14 2.31395e+14 2.9887e+14 3.27233e+14 0 0 0 0 0 0 0 0 0 0 0 0 0 0 0 0 0 0 0 0 0 0 0 0 0 0 0 0 0 0 0 0 
0 0 0 0 0 0 0 0 0 0 0 0 0 0 0 0 0 0 0 0 0 0 3.19201e+08 9.39571e+09 1.09475e+11 7.00271e+11 2.87052e+12 9.14932e+12 2.21965e+13 4.25865e+13 6.82417e+13 8.78196e+13 9.61463e+13 0 0 0 0 0 0 0 0 0 0 0 0 0 0 0 0 0 0 0 0 0 0 0 0 0 0 0 0 0 0 0 0 
0 0 0 0 0 0 0 0 0 0 0 0 0 0 0 0 0 0 0 0 0 0 0 9.66293e+08 1.60381e+10 1.26763e+11 6.03708e+11 2.09607e+12 5.46787e+12 1.09843e+13 1.78243e+13 2.38976e+13 2.6511e+13 0 0 0 0 0 0 0 0 0 0 0 0 0 0 0 0 0 0 0 0 0 0 0 0 0 0 0 0 0 0 0 0 
0 0 0 0 0 0 0 0 0 0 0 0 0 0 0 0 0 0 0 0 0 0 0 1.01964e+08 2.188e+09 2.11567e+10 1.1989e+11 4.40932e+11 1.22507e+12 2.65033e+12 4.40411e+12 6.10128e+12 6.76349e+12 0 0 0 0 0 0 0 0 0 0 0 0 0 0 0 0 0 0 0 0 0 0 0 0 0 0 0 0 0 0 0 0 
0 0 0 0 0 0 0 0 0 0 0 0 0 0 0 0 0 0 0 0 0 0 0 0 2.22907e+08 3.22946e+09 2.14041e+10 8.60789e+10 2.65041e+11 5.92757e+11 1.05714e+12 1.44134e+12 1.58605e+12 0 0 0 0 0 0 0 0 0 0 0 0 0 0 0 0 0 0 0 0 0 0 0 0 0 0 0 0 0 0 0 0 
0 0 0 0 0 0 0 0 0 0 0 0 0 0 0 0 0 0 0 0 0 0 0 0 3.03598e+07 4.5979e+08 3.46647e+09 1.66158e+10 5.24507e+10 1.23797e+11 2.2987e+11 3.25929e+11 3.64756e+11 0 0 0 0 0 0 0 0 0 0 0 0 0 0 0 0 0 0 0 0 0 0 0 0 0 0 0 0 0 0 0 0 
0 0 0 0 0 0 0 0 0 0 0 0 0 0 0 0 0 0 0 0 0 0 0 0 0 4.55417e+07 5.32679e+08 2.97032e+09 9.82264e+09 2.6046e+10 4.71136e+10 7.03208e+10 7.8944e+10 0 0 0 0 0 0 0 0 0 0 0 0 0 0 0 0 0 0 0 0 0 0 0 0 0 0 0 0 0 0 0 0 
0 0 0 0 0 0 0 0 0 0 0 0 0 0 0 0 0 0 0 0 0 0 0 0 0 8.32951e+06 8.10093e+07 4.67928e+08 1.91634e+09 4.89432e+09 9.49273e+09 1.43803e+10 1.59358e+10 0 0 0 0 0 0 0 0 0 0 0 0 0 0 0 0 0 0 0 0 0 0 0 0 0 0 0 0 0 0 0 0 
0 0 0 0 0 0 0 0 0 0 0 0 0 0 0 0 0 0 0 0 0 0 0 0 0 0 7.81243e+06 8.32499e+07 3.36853e+08 9.1935e+08 1.92304e+09 2.85741e+09 3.46068e+09 0 0 0 0 0 0 0 0 0 0 0 0 0 0 0 0 0 0 0 0 0 0 0 0 0 0 0 0 0 0 0 0 
0 0 0 0 0 0 0 0 0 0 0 0 0 0 0 0 0 0 0 0 0 0 0 0 0 0 2.00998e+06 1.27636e+07 5.48805e+07 1.87489e+08 3.65759e+08 5.84777e+08 6.73443e+08 0 0 0 0 0 0 0 0 0 0 0 0 0 0 0 0 0 0 0 0 0 0 0 0 0 0 0 0 0 0 0 0 
0 0 0 0 0 0 0 0 0 0 0 0 0 0 0 0 0 0 0 0 0 0 0 0 0 0 0 1.05206e+06 1.08651e+07 3.18523e+07 7.17212e+07 1.15381e+08 1.29046e+08 0 0 0 0 0 0 0 0 0 0 0 0 0 0 0 0 0 0 0 0 0 0 0 0 0 0 0 0 0 0 0 0 
0 0 0 0 0 0 0 0 0 0 0 0 0 0 0 0 0 0 0 0 0 0 0 0 0 0 0 417628 1.65923e+06 5.43307e+06 1.5031e+07 2.13309e+07 2.73056e+07 0 0 0 0 0 0 0 0 0 0 0 0 0 0 0 0 0 0 0 0 0 0 0 0 0 0 0 0 0 0 0 0 
0 0 0 0 0 0 0 0 0 0 0 0 0 0 0 0 0 0 0 0 0 0 0 0 0 0 0 0 108719 1.25511e+06 2.29086e+06 4.62698e+06 4.9479e+06 0 0 0 0 0 0 0 0 0 0 0 0 0 0 0 0 0 0 0 0 0 0 0 0 0 0 0 0 0 0 0 0 
0 0 0 0 0 0 0 0 0 0 0 0 0 0 0 0 0 0 0 0 0 0 0 0 0 0 0 0 71399.5 164535 432528 963398 899169 0 0 0 0 0 0 0 0 0 0 0 0 0 0 0 0 0 0 0 0 0 0 0 0 0 0 0 0 0 0 0 0 
0 0 0 0 0 0 0 0 0 0 0 0 0 0 0 0 0 0 0 0 0 0 0 0 0 0 0 0 0 7378.03 117306 108022 231654 0 0 0 0 0 0 0 0 0 0 0 0 0 0 0 0 0 0 0 0 0 0 0 0 0 0 0 0 0 0 0 0 
0 0 0 0 0 0 0 0 0 0 0 0 0 0 0 0 0 0 0 0 0 0 0 0 0 0 0 0 0 9643.86 11130.5 29936.2 37050.5 0 0 0 0 0 0 0 0 0 0 0 0 0 0 0 0 0 0 0 0 0 0 0 0 0 0 0 0 0 0 0 0 
0 0 0 0 0 0 0 0 0 0 0 0 0 0 0 0 0 0 0 0 0 0 0 0 0 0 0 0 0 0 249.048 7511.53 1938.14 0 0 0 0 0 0 0 0 0 0 0 0 0 0 0 0 0 0 0 0 0 0 0 0 0 0 0 0 0 0 0 0 
0 0 0 0 0 0 0 0 0 0 0 0 0 0 0 0 0 0 0 0 0 0 0 0 0 0 0 0 0 0 957.635 364.392 1701.39 0 0 0 0 0 0 0 0 0 0 0 0 0 0 0 0 0 0 0 0 0 0 0 0 0 0 0 0 0 0 0 0 
0 0 0 0 0 0 0 0 0 0 0 0 0 0 0 0 0 0 0 0 0 0 0 0 0 0 0 0 0 0 0 0 246.923 0 0 0 0 0 0 0 0 0 0 0 0 0 0 0 0 0 0 0 0 0 0 0 0 0 0 0 0 0 0 0 0 
0 0 0 0 0 0 0 0 0 0 0 0 0 0 0 0 0 0 0 0 0 0 0 0 0 0 0 0 0 0 0 61.7829 0 0 0 0 0 0 0 0 0 0 0 0 0 0 0 0 0 0 0 0 0 0 0 0 0 0 0 0 0 0 0 0 0 
0 0 0 0 0 0 0 0 0 0 0 0 0 0 0 0 0 0 0 0 0 0 0 0 0 0 0 0 0 0 0 0 0 0 0 0 0 0 0 0 0 0 0 0 0 0 0 0 0 0 0 0 0 0 0 0 0 0 0 0 0 0 0 0 0 
0 0 0 0 0 0 0 0 0 0 0 0 0 0 0 0 0 0 0 0 0 0 0 0 0 0 0 0 0 0 0 0 1.93072 0 0 0 0 0 0 0 0 0 0 0 0 0 0 0 0 0 0 0 0 0 0 0 0 0 0 0 0 0 0 0 0 
