1 0 0 0 0 0 0 0 0 0 0 0 0 0 0 0 0 0 0 0 0 0 0 0 0 0 0 0 0 0 0 0 0 0 0 0 0 0 0 0 0 0 0 0 0 0 0 0 0 0 0 0 0 0 0 0 0 0 0 0 0 0 0 0 0 
0 0 0 0 0 0 0 0 0 0 0 0 0 0 0 0 0 0 0 0 0 0 0 0 0 0 0 0 0 0 0 0 0 0 0 0 0 0 0 0 0 0 0 0 0 0 0 0 0 0 0 0 0 0 0 0 0 0 0 0 0 0 0 0 0 
0 64 0 0 0 0 0 0 0 0 0 0 0 0 0 0 0 0 0 0 0 0 0 0 0 0 0 0 0 0 0 0 0 0 0 0 0 0 0 0 0 0 0 0 0 0 0 0 0 0 0 0 0 0 0 0 0 0 0 0 0 0 0 0 0 
0 0 128 0 0 0 0 0 0 0 0 0 0 0 0 0 0 0 0 0 0 0 0 0 0 0 0 0 0 0 0 0 0 0 0 0 0 0 0 0 0 0 0 0 0 0 0 0 0 0 0 0 0 0 0 0 0 0 0 0 0 0 0 0 0 
0 0 1888 371.797 64.6927 0 0 0 0 0 0 0 0 0 0 0 0 0 0 0 0 0 0 0 0 0 0 0 0 0 0 0 0 0 0 0 0 0 0 0 0 0 0 0 0 0 0 0 0 0 0 0 0 0 0 0 0 0 0 0 0 0 0 0 0 
0 0 0 7192.41 1065.93 456.008 122.844 0 0 0 0 0 0 0 0 0 0 0 0 0 0 0 0 0 0 0 0 0 0 0 0 0 0 0 0 0 0 0 0 0 0 0 0 0 0 0 0 0 0 0 0 0 0 0 0 0 0 0 0 0 0 0 0 0 0 
0 0 0 34099.8 27507.5 6691.86 2531.97 1549.32 389.614 59.675 0 0 0 0 0 0 0 0 0 0 0 0 0 0 0 0 0 0 0 0 0 0 0 0 0 0 0 0 0 0 0 0 0 0 0 0 0 0 0 0 0 0 0 0 0 0 0 0 0 0 0 0 0 0 0 
0 0 0 0 183576 97640.2 42892.1 15464.9 8723.43 4871.39 2102.78 608.265 140.206 0 0 0 0 0 0 0 0 0 0 0 0 0 0 0 0 0 0 0 0 0 0 0 0 0 0 0 0 0 0 0 0 0 0 0 0 0 0 0 0 0 0 0 0 0 0 0 0 0 0 0 0 
0 0 0 0 423161 829641 411918 227637 119568 56896.8 35495.2 19761 9074.52 4192.93 1465.55 367.934 89.1206 0 0 0 0 0 0 0 14.9218 0 0 0 0 0 0 0 16.5633 0 0 0 0 0 0 0 0 0 0 0 0 0 0 0 0 0 0 0 0 0 0 0 0 0 0 0 0 0 0 0 0 
0 0 0 0 0 2.85971e+06 3.31491e+06 1.98485e+06 1.15466e+06 721814 443834 260451 161251 97689.1 51017.4 32677.9 13614.4 5701.05 2242.57 634.145 643.772 271.68 240.347 285.257 0 359.45 254.74 215.459 257.497 239.327 273.928 222.173 0 0 0 0 0 0 0 0 0 0 0 0 0 0 0 0 0 0 0 0 0 0 0 0 0 0 0 0 0 0 0 0 0 
0 0 0 0 0 3.83037e+06 1.4602e+07 1.36379e+07 9.58283e+06 6.21211e+06 3.98233e+06 2.63765e+06 1.81497e+06 1.2139e+06 762971 467859 316519 201203 123427 62581.8 29768.2 21192.6 17375.8 10409.3 11171.9 9709.53 8538.46 9326.37 9313.31 8514.32 9203 9620.43 10649.4 0 0 0 0 0 0 0 0 0 0 0 0 0 0 0 0 0 0 0 0 0 0 0 0 0 0 0 0 0 0 0 0 
0 0 0 0 0 0 3.03773e+07 6.35468e+07 5.82041e+07 4.32054e+07 3.17135e+07 2.25265e+07 1.58883e+07 1.16203e+07 8.14826e+06 5.68045e+06 4.29777e+06 3.00757e+06 1.97741e+06 1.36979e+06 949484 717671 517537 387872 258125 209282 191153 217746 209493 211991 219553 251599 207893 0 0 0 0 0 0 0 0 0 0 0 0 0 0 0 0 0 0 0 0 0 0 0 0 0 0 0 0 0 0 0 0 
0 0 0 0 0 0 2.62227e+07 1.69553e+08 2.63937e+08 2.49603e+08 2.00203e+08 1.57669e+08 1.20024e+08 9.11314e+07 6.8722e+07 5.33245e+07 3.96854e+07 2.82825e+07 2.27776e+07 1.73439e+07 1.45354e+07 1.09262e+07 8.91408e+06 6.9194e+06 5.10229e+06 4.41957e+06 4.24246e+06 3.78194e+06 3.45623e+06 3.26807e+06 3.61791e+06 3.27299e+06 3.51671e+06 0 0 0 0 0 0 0 0 0 0 0 0 0 0 0 0 0 0 0 0 0 0 0 0 0 0 0 0 0 0 0 0 
0 0 0 0 0 0 0 2.32579e+08 7.81233e+08 1.07626e+09 1.04571e+09 8.96533e+08 7.37251e+08 5.89451e+08 4.74857e+08 3.80186e+08 3.05687e+08 2.45755e+08 1.91721e+08 1.64646e+08 1.38576e+08 1.1348e+08 8.91354e+07 7.37143e+07 6.97606e+07 5.65831e+07 5.21428e+07 4.70834e+07 4.09142e+07 4.16046e+07 4.08705e+07 3.83026e+07 3.85062e+07 0 0 0 0 0 0 0 0 0 0 0 0 0 0 0 0 0 0 0 0 0 0 0 0 0 0 0 0 0 0 0 0 
0 0 0 0 0 0 0 1.3967e+08 1.38613e+09 3.29691e+09 4.28799e+09 4.36569e+09 3.94935e+09 3.45256e+09 2.94249e+09 2.44059e+09 2.08294e+09 1.70815e+09 1.57302e+09 1.28186e+09 1.08732e+09 9.12094e+08 7.95331e+08 7.00805e+08 6.17282e+08 5.53041e+08 4.95218e+08 4.33185e+08 4.23854e+08 4.20021e+08 3.90844e+08 3.86977e+08 3.88998e+08 0 0 0 0 0 0 0 0 0 0 0 0 0 0 0 0 0 0 0 0 0 0 0 0 0 0 0 0 0 0 0 0 
0 0 0 0 0 0 0 0 1.33939e+09 6.64465e+09 1.30597e+10 1.68374e+10 1.76724e+10 1.69815e+10 1.54605e+10 1.38721e+10 1.20785e+10 1.05422e+10 9.4719e+09 8.41761e+09 7.5216e+09 6.26432e+09 5.84208e+09 5.22088e+09 4.78925e+09 4.34999e+09 4.10259e+09 3.84492e+09 3.58004e+09 3.24071e+09 3.11474e+09 3.11237e+09 3.05763e+09 0 0 0 0 0 0 0 0 0 0 0 0 0 0 0 0 0 0 0 0 0 0 0 0 0 0 0 0 0 0 0 0 
0 0 0 0 0 0 0 0 5.86403e+08 8.33652e+09 2.85519e+10 5.01409e+10 6.42902e+10 7.04757e+10 7.05359e+10 6.6853e+10 6.2214e+10 5.78725e+10 5.20274e+10 4.68558e+10 4.35286e+10 3.92656e+10 3.56459e+10 3.43213e+10 3.12157e+10 2.86176e+10 2.67625e+10 2.47293e+10 2.48635e+10 2.35958e+10 2.28818e+10 2.14498e+10 2.19934e+10 0 0 0 0 0 0 0 0 0 0 0 0 0 0 0 0 0 0 0 0 0 0 0 0 0 0 0 0 0 0 0 0 
0 0 0 0 0 0 0 0 0 5.9171e+09 4.0869e+10 1.11592e+11 1.8674e+11 2.42509e+11 2.7266e+11 2.83857e+11 2.8635e+11 2.75397e+11 2.59008e+11 2.45054e+11 2.31245e+11 2.18525e+11 2.04947e+11 1.89905e+11 1.81669e+11 1.6811e+11 1.59858e+11 1.49418e+11 1.4808e+11 1.37513e+11 1.36275e+11 1.32043e+11 1.29418e+11 0 0 0 0 0 0 0 0 0 0 0 0 0 0 0 0 0 0 0 0 0 0 0 0 0 0 0 0 0 0 0 0 
0 0 0 0 0 0 0 0 0 1.96934e+09 3.75784e+10 1.7481e+11 4.12016e+11 6.6477e+11 8.76984e+11 1.01716e+12 1.10346e+12 1.13751e+12 1.13539e+12 1.11693e+12 1.08043e+12 1.0539e+12 1.01114e+12 9.62426e+11 9.11096e+11 8.569e+11 8.51999e+11 8.42663e+11 7.90557e+11 7.92031e+11 7.48876e+11 7.30691e+11 7.59624e+11 0 0 0 0 0 0 0 0 0 0 0 0 0 0 0 0 0 0 0 0 0 0 0 0 0 0 0 0 0 0 0 0 
0 0 0 0 0 0 0 0 0 0 2.05307e+10 1.85867e+11 6.7069e+11 1.44543e+12 2.3e+12 3.05553e+12 3.63284e+12 4.04647e+12 4.33206e+12 4.46928e+12 4.57848e+12 4.48689e+12 4.38201e+12 4.36076e+12 4.27542e+12 4.18526e+12 4.12019e+12 3.96935e+12 3.89638e+12 3.81502e+12 3.80657e+12 3.76261e+12 3.77859e+12 0 0 0 0 0 0 0 0 0 0 0 0 0 0 0 0 0 0 0 0 0 0 0 0 0 0 0 0 0 0 0 0 
0 0 0 0 0 0 0 0 0 0 5.31347e+09 1.31051e+11 7.8595e+11 2.3928e+12 4.83798e+12 7.65034e+12 1.03546e+13 1.25614e+13 1.43857e+13 1.58081e+13 1.67055e+13 1.7245e+13 1.76568e+13 1.78188e+13 1.81866e+13 1.7912e+13 1.76389e+13 1.76461e+13 1.72002e+13 1.68401e+13 1.70409e+13 1.70888e+13 1.6899e+13 0 0 0 0 0 0 0 0 0 0 0 0 0 0 0 0 0 0 0 0 0 0 0 0 0 0 0 0 0 0 0 0 
0 0 0 0 0 0 0 0 0 0 0 5.62154e+10 6.43505e+11 2.93931e+12 7.95299e+12 1.54596e+13 2.41402e+13 3.324e+13 4.15091e+13 4.84201e+13 5.4229e+13 5.88951e+13 6.22924e+13 6.53117e+13 6.54721e+13 6.69578e+13 6.74345e+13 6.62424e+13 6.88427e+13 6.93897e+13 6.80133e+13 6.80726e+13 7.01874e+13 0 0 0 0 0 0 0 0 0 0 0 0 0 0 0 0 0 0 0 0 0 0 0 0 0 0 0 0 0 0 0 0 
0 0 0 0 0 0 0 0 0 0 0 1.16355e+10 3.54989e+11 2.64517e+12 1.0004e+13 2.48926e+13 4.70988e+13 7.36944e+13 1.027e+14 1.29766e+14 1.55776e+14 1.78236e+14 1.98036e+14 2.11105e+14 2.21571e+14 2.30584e+14 2.37239e+14 2.48693e+14 2.47821e+14 2.50373e+14 2.55138e+14 2.5539e+14 2.56301e+14 0 0 0 0 0 0 0 0 0 0 0 0 0 0 0 0 0 0 0 0 0 0 0 0 0 0 0 0 0 0 0 0 
0 0 0 0 0 0 0 0 0 0 0 0 1.22753e+11 1.70878e+12 9.5883e+12 3.15432e+13 7.38844e+13 1.35649e+14 2.11085e+14 2.99083e+14 3.85502e+14 4.66627e+14 5.39388e+14 6.03672e+14 6.71944e+14 7.12471e+14 7.46805e+14 7.93402e+14 8.17279e+14 8.37415e+14 8.45172e+14 8.50758e+14 8.40377e+14 0 0 0 0 0 0 0 0 0 0 0 0 0 0 0 0 0 0 0 0 0 0 0 0 0 0 0 0 0 0 0 0 
0 0 0 0 0 0 0 0 0 0 0 0 2.07849e+10 7.6115e+11 6.79171e+12 3.09968e+13 9.16766e+13 2.05402e+14 3.72231e+14 5.80981e+14 8.19778e+14 1.07892e+15 1.32564e+15 1.55961e+15 1.75682e+15 1.96651e+15 2.15393e+15 2.24407e+15 2.38108e+15 2.4731e+15 2.53858e+15 2.54429e+15 2.58259e+15 0 0 0 0 0 0 0 0 0 0 0 0 0 0 0 0 0 0 0 0 0 0 0 0 0 0 0 0 0 0 0 0 
0 0 0 0 0 0 0 0 0 0 0 0 0 2.15206e+11 3.51862e+12 2.33743e+13 9.20932e+13 2.51767e+14 5.37404e+14 9.59275e+14 1.5026e+15 2.13163e+15 2.82732e+15 3.51496e+15 4.17363e+15 4.82949e+15 5.39164e+15 5.90702e+15 6.18603e+15 6.49995e+15 6.69676e+15 6.84542e+15 6.81593e+15 0 0 0 0 0 0 0 0 0 0 0 0 0 0 0 0 0 0 0 0 0 0 0 0 0 0 0 0 0 0 0 0 
0 0 0 0 0 0 0 0 0 0 0 0 0 3.0135e+10 1.28398e+12 1.33705e+13 7.09847e+13 2.47941e+14 6.41011e+14 1.32121e+15 2.33276e+15 3.63161e+15 5.16241e+15 6.87608e+15 8.65418e+15 1.03269e+16 1.18955e+16 1.33665e+16 1.46035e+16 1.54276e+16 1.61451e+16 1.6742e+16 1.68364e+16 0 0 0 0 0 0 0 0 0 0 0 0 0 0 0 0 0 0 0 0 0 0 0 0 0 0 0 0 0 0 0 0 
0 0 0 0 0 0 0 0 0 0 0 0 0 0 3.02618e+11 5.68143e+12 4.34417e+13 1.95295e+14 6.19697e+14 1.52023e+15 3.03325e+15 5.29608e+15 8.25095e+15 1.17404e+16 1.55738e+16 1.94266e+16 2.32634e+16 2.70034e+16 3.02106e+16 3.28064e+16 3.49191e+16 3.5967e+16 3.63782e+16 0 0 0 0 0 0 0 0 0 0 0 0 0 0 0 0 0 0 0 0 0 0 0 0 0 0 0 0 0 0 0 0 
0 0 0 0 0 0 0 0 0 0 0 0 0 0 3.63708e+10 1.72669e+12 2.03003e+13 1.23986e+14 4.88304e+14 1.41978e+15 3.31991e+15 6.45589e+15 1.10319e+16 1.69902e+16 2.40868e+16 3.20941e+16 4.06282e+16 4.79326e+16 5.54367e+16 6.16655e+16 6.57794e+16 6.85266e+16 6.90371e+16 0 0 0 0 0 0 0 0 0 0 0 0 0 0 0 0 0 0 0 0 0 0 0 0 0 0 0 0 0 0 0 0 
0 0 0 0 0 0 0 0 0 0 0 0 0 0 0 3.47639e+11 7.24001e+12 6.10378e+13 3.09758e+14 1.10571e+15 3.01696e+15 6.72337e+15 1.27576e+16 2.15174e+16 3.2839e+16 4.6043e+16 6.01239e+16 7.53512e+16 8.81153e+16 1.00785e+17 1.09559e+17 1.14966e+17 1.17674e+17 0 0 0 0 0 0 0 0 0 0 0 0 0 0 0 0 0 0 0 0 0 0 0 0 0 0 0 0 0 0 0 0 
0 0 0 0 0 0 0 0 0 0 0 0 0 0 0 3.57961e+10 1.86186e+12 2.41765e+13 1.61298e+14 7.03489e+14 2.27549e+15 5.84529e+15 1.25288e+16 2.30994e+16 3.80657e+16 5.72319e+16 7.90578e+16 1.02267e+17 1.25565e+17 1.44921e+17 1.61666e+17 1.7199e+17 1.76013e+17 0 0 0 0 0 0 0 0 0 0 0 0 0 0 0 0 0 0 0 0 0 0 0 0 0 0 0 0 0 0 0 0 
0 0 0 0 0 0 0 0 0 0 0 0 0 0 0 0 3.22004e+11 7.21629e+12 6.71588e+13 3.72153e+14 1.44016e+15 4.29169e+15 1.03576e+16 2.12218e+16 3.79668e+16 6.09906e+16 8.94373e+16 1.20613e+17 1.54041e+17 1.83477e+17 2.08043e+17 2.2427e+17 2.28983e+17 0 0 0 0 0 0 0 0 0 0 0 0 0 0 0 0 0 0 0 0 0 0 0 0 0 0 0 0 0 0 0 0 
0 0 0 0 0 0 0 0 0 0 0 0 0 0 0 0 2.91313e+10 1.61127e+12 2.23147e+13 1.60939e+14 7.56433e+14 2.62405e+15 7.23642e+15 1.65599e+16 3.25564e+16 5.63193e+16 8.77426e+16 1.2644e+17 1.64651e+17 2.02947e+17 2.33508e+17 2.53839e+17 2.62167e+17 0 0 0 0 0 0 0 0 0 0 0 0 0 0 0 0 0 0 0 0 0 0 0 0 0 0 0 0 0 0 0 0 
0 0 0 0 0 0 0 0 0 0 0 0 0 0 0 0 0 2.42899e+11 5.74843e+12 5.66091e+13 3.31836e+14 1.37029e+15 4.34311e+15 1.11045e+16 2.39137e+16 4.45551e+16 7.47614e+16 1.10771e+17 1.53676e+17 1.94596e+17 2.28524e+17 2.52365e+17 2.59411e+17 0 0 0 0 0 0 0 0 0 0 0 0 0 0 0 0 0 0 0 0 0 0 0 0 0 0 0 0 0 0 0 0 
0 0 0 0 0 0 0 0 0 0 0 0 0 0 0 0 0 1.99275e+10 1.13356e+12 1.61503e+13 1.23745e+14 6.08788e+14 2.20694e+15 6.3854e+15 1.5146e+16 3.09323e+16 5.46708e+16 8.73974e+16 1.2436e+17 1.62922e+17 1.9769e+17 2.18801e+17 2.26338e+17 0 0 0 0 0 0 0 0 0 0 0 0 0 0 0 0 0 0 0 0 0 0 0 0 0 0 0 0 0 0 0 0 
0 0 0 0 0 0 0 0 0 0 0 0 0 0 0 0 0 0 1.49864e+11 3.67189e+12 3.71356e+13 2.26951e+14 9.66732e+14 3.14738e+15 8.40375e+15 1.85041e+16 3.5118e+16 5.88754e+16 8.86932e+16 1.19613e+17 1.47061e+17 1.68596e+17 1.75414e+17 0 0 0 0 0 0 0 0 0 0 0 0 0 0 0 0 0 0 0 0 0 0 0 0 0 0 0 0 0 0 0 0 
0 0 0 0 0 0 0 0 0 0 0 0 0 0 0 0 0 0 1.12889e+10 6.39054e+11 9.29713e+12 7.21925e+13 3.68896e+14 1.36411e+15 3.96587e+15 9.68998e+15 1.97294e+16 3.49808e+16 5.4454e+16 7.70499e+16 9.82759e+16 1.11564e+17 1.17703e+17 0 0 0 0 0 0 0 0 0 0 0 0 0 0 0 0 0 0 0 0 0 0 0 0 0 0 0 0 0 0 0 0 
0 0 0 0 0 0 0 0 0 0 0 0 0 0 0 0 0 0 0 7.64331e+10 1.9018e+12 1.92413e+13 1.17867e+14 5.09963e+14 1.67646e+15 4.37828e+15 9.77761e+15 1.83301e+16 3.03198e+16 4.40632e+16 5.63426e+16 6.63646e+16 6.94876e+16 0 0 0 0 0 0 0 0 0 0 0 0 0 0 0 0 0 0 0 0 0 0 0 0 0 0 0 0 0 0 0 0 
0 0 0 0 0 0 0 0 0 0 0 0 0 0 0 0 0 0 0 5.63675e+09 2.95224e+11 4.29195e+12 3.27584e+13 1.64869e+14 6.13949e+14 1.79128e+15 4.27207e+15 8.56447e+15 1.47963e+16 2.2041e+16 2.96976e+16 3.50494e+16 3.73977e+16 0 0 0 0 0 0 0 0 0 0 0 0 0 0 0 0 0 0 0 0 0 0 0 0 0 0 0 0 0 0 0 0 
0 0 0 0 0 0 0 0 0 0 0 0 0 0 0 0 0 0 0 0 3.24396e+10 7.84084e+11 7.70961e+12 4.75873e+13 1.98545e+14 6.4588e+14 1.63434e+15 3.53225e+15 6.33372e+15 1.01062e+16 1.37667e+16 1.64867e+16 1.74206e+16 0 0 0 0 0 0 0 0 0 0 0 0 0 0 0 0 0 0 0 0 0 0 0 0 0 0 0 0 0 0 0 0 
0 0 0 0 0 0 0 0 0 0 0 0 0 0 0 0 0 0 0 0 2.34207e+09 1.11727e+11 1.56108e+12 1.14799e+13 5.67765e+13 2.02779e+14 5.79222e+14 1.31161e+15 2.5187e+15 4.06472e+15 5.6826e+15 6.98548e+15 7.49816e+15 0 0 0 0 0 0 0 0 0 0 0 0 0 0 0 0 0 0 0 0 0 0 0 0 0 0 0 0 0 0 0 0 
0 0 0 0 0 0 0 0 0 0 0 0 0 0 0 0 0 0 0 0 0 1.15409e+10 2.61669e+11 2.43501e+12 1.42744e+13 5.85874e+13 1.79446e+14 4.3358e+14 8.74476e+14 1.47735e+15 2.14104e+15 2.652e+15 2.82137e+15 0 0 0 0 0 0 0 0 0 0 0 0 0 0 0 0 0 0 0 0 0 0 0 0 0 0 0 0 0 0 0 0 
0 0 0 0 0 0 0 0 0 0 0 0 0 0 0 0 0 0 0 0 0 8.94448e+08 3.49879e+10 4.55327e+11 3.1183e+12 1.47307e+13 5.0729e+13 1.36343e+14 2.84106e+14 4.91639e+14 7.38171e+14 9.21403e+14 1.00784e+15 0 0 0 0 0 0 0 0 0 0 0 0 0 0 0 0 0 0 0 0 0 0 0 0 0 0 0 0 0 0 0 0 
0 0 0 0 0 0 0 0 0 0 0 0 0 0 0 0 0 0 0 0 0 0 3.42273e+09 7.19129e+10 6.10844e+11 3.32214e+12 1.25949e+13 3.69164e+13 8.40865e+13 1.53092e+14 2.31994e+14 2.98928e+14 3.18481e+14 0 0 0 0 0 0 0 0 0 0 0 0 0 0 0 0 0 0 0 0 0 0 0 0 0 0 0 0 0 0 0 0 
0 0 0 0 0 0 0 0 0 0 0 0 0 0 0 0 0 0 0 0 0 0 3.11796e+08 9.51231e+09 1.08141e+11 6.80186e+11 2.90589e+12 9.06879e+12 2.22538e+13 4.37536e+13 6.69626e+13 8.79509e+13 9.59726e+13 0 0 0 0 0 0 0 0 0 0 0 0 0 0 0 0 0 0 0 0 0 0 0 0 0 0 0 0 0 0 0 0 
0 0 0 0 0 0 0 0 0 0 0 0 0 0 0 0 0 0 0 0 0 0 0 9.366e+08 1.61552e+10 1.25444e+11 6.13434e+11 2.08055e+12 5.42883e+12 1.10272e+13 1.82961e+13 2.39623e+13 2.61205e+13 0 0 0 0 0 0 0 0 0 0 0 0 0 0 0 0 0 0 0 0 0 0 0 0 0 0 0 0 0 0 0 0 
0 0 0 0 0 0 0 0 0 0 0 0 0 0 0 0 0 0 0 0 0 0 0 1.01551e+08 2.13303e+09 2.08818e+10 1.15997e+11 4.49948e+11 1.23393e+12 2.66346e+12 4.51092e+12 6.04183e+12 6.67574e+12 0 0 0 0 0 0 0 0 0 0 0 0 0 0 0 0 0 0 0 0 0 0 0 0 0 0 0 0 0 0 0 0 
0 0 0 0 0 0 0 0 0 0 0 0 0 0 0 0 0 0 0 0 0 0 0 0 2.14087e+08 3.14935e+09 2.10163e+10 8.66812e+10 2.61688e+11 5.92869e+11 1.02635e+12 1.47998e+12 1.60089e+12 0 0 0 0 0 0 0 0 0 0 0 0 0 0 0 0 0 0 0 0 0 0 0 0 0 0 0 0 0 0 0 0 
0 0 0 0 0 0 0 0 0 0 0 0 0 0 0 0 0 0 0 0 0 0 0 0 3.05244e+07 4.39268e+08 3.34249e+09 1.59525e+10 5.37529e+10 1.27306e+11 2.30916e+11 3.29532e+11 3.80454e+11 0 0 0 0 0 0 0 0 0 0 0 0 0 0 0 0 0 0 0 0 0 0 0 0 0 0 0 0 0 0 0 0 
0 0 0 0 0 0 0 0 0 0 0 0 0 0 0 0 0 0 0 0 0 0 0 0 0 4.3901e+07 5.30136e+08 2.92211e+09 1.01203e+10 2.53733e+10 4.86898e+10 7.03411e+10 8.14528e+10 0 0 0 0 0 0 0 0 0 0 0 0 0 0 0 0 0 0 0 0 0 0 0 0 0 0 0 0 0 0 0 0 
0 0 0 0 0 0 0 0 0 0 0 0 0 0 0 0 0 0 0 0 0 0 0 0 0 8.50777e+06 7.91135e+07 4.73151e+08 1.8927e+09 5.07561e+09 9.84457e+09 1.45166e+10 1.66883e+10 0 0 0 0 0 0 0 0 0 0 0 0 0 0 0 0 0 0 0 0 0 0 0 0 0 0 0 0 0 0 0 0 
0 0 0 0 0 0 0 0 0 0 0 0 0 0 0 0 0 0 0 0 0 0 0 0 0 0 7.58189e+06 7.96156e+07 3.41263e+08 9.78959e+08 1.98126e+09 2.92382e+09 3.54214e+09 0 0 0 0 0 0 0 0 0 0 0 0 0 0 0 0 0 0 0 0 0 0 0 0 0 0 0 0 0 0 0 0 
0 0 0 0 0 0 0 0 0 0 0 0 0 0 0 0 0 0 0 0 0 0 0 0 0 0 2.07262e+06 1.26623e+07 5.54614e+07 1.87155e+08 3.80831e+08 5.97679e+08 6.92517e+08 0 0 0 0 0 0 0 0 0 0 0 0 0 0 0 0 0 0 0 0 0 0 0 0 0 0 0 0 0 0 0 0 
0 0 0 0 0 0 0 0 0 0 0 0 0 0 0 0 0 0 0 0 0 0 0 0 0 0 0 1.05335e+06 1.0621e+07 3.28864e+07 7.3922e+07 1.16105e+08 1.33818e+08 0 0 0 0 0 0 0 0 0 0 0 0 0 0 0 0 0 0 0 0 0 0 0 0 0 0 0 0 0 0 0 0 
0 0 0 0 0 0 0 0 0 0 0 0 0 0 0 0 0 0 0 0 0 0 0 0 0 0 0 430569 1.6274e+06 5.5332e+06 1.50626e+07 2.21306e+07 2.7711e+07 0 0 0 0 0 0 0 0 0 0 0 0 0 0 0 0 0 0 0 0 0 0 0 0 0 0 0 0 0 0 0 0 
0 0 0 0 0 0 0 0 0 0 0 0 0 0 0 0 0 0 0 0 0 0 0 0 0 0 0 0 111410 1.25903e+06 2.38229e+06 4.9258e+06 5.14968e+06 0 0 0 0 0 0 0 0 0 0 0 0 0 0 0 0 0 0 0 0 0 0 0 0 0 0 0 0 0 0 0 0 
0 0 0 0 0 0 0 0 0 0 0 0 0 0 0 0 0 0 0 0 0 0 0 0 0 0 0 0 73627.2 161944 457952 962615 944945 0 0 0 0 0 0 0 0 0 0 0 0 0 0 0 0 0 0 0 0 0 0 0 0 0 0 0 0 0 0 0 0 
0 0 0 0 0 0 0 0 0 0 0 0 0 0 0 0 0 0 0 0 0 0 0 0 0 0 0 0 0 7529.73 116862 109494 250316 0 0 0 0 0 0 0 0 0 0 0 0 0 0 0 0 0 0 0 0 0 0 0 0 0 0 0 0 0 0 0 0 
0 0 0 0 0 0 0 0 0 0 0 0 0 0 0 0 0 0 0 0 0 0 0 0 0 0 0 0 0 9921.9 10956.7 31868.9 37918.2 0 0 0 0 0 0 0 0 0 0 0 0 0 0 0 0 0 0 0 0 0 0 0 0 0 0 0 0 0 0 0 0 
0 0 0 0 0 0 0 0 0 0 0 0 0 0 0 0 0 0 0 0 0 0 0 0 0 0 0 0 0 0 248.567 7539.52 1954.27 0 0 0 0 0 0 0 0 0 0 0 0 0 0 0 0 0 0 0 0 0 0 0 0 0 0 0 0 0 0 0 0 
0 0 0 0 0 0 0 0 0 0 0 0 0 0 0 0 0 0 0 0 0 0 0 0 0 0 0 0 0 0 988.222 368.44 1876.68 0 0 0 0 0 0 0 0 0 0 0 0 0 0 0 0 0 0 0 0 0 0 0 0 0 0 0 0 0 0 0 0 
0 0 0 0 0 0 0 0 0 0 0 0 0 0 0 0 0 0 0 0 0 0 0 0 0 0 0 0 0 0 0 0 248.936 0 0 0 0 0 0 0 0 0 0 0 0 0 0 0 0 0 0 0 0 0 0 0 0 0 0 0 0 0 0 0 0 
0 0 0 0 0 0 0 0 0 0 0 0 0 0 0 0 0 0 0 0 0 0 0 0 0 0 0 0 0 0 0 63.7562 0 0 0 0 0 0 0 0 0 0 0 0 0 0 0 0 0 0 0 0 0 0 0 0 0 0 0 0 0 0 0 0 0 
0 0 0 0 0 0 0 0 0 0 0 0 0 0 0 0 0 0 0 0 0 0 0 0 0 0 0 0 0 0 0 0 0 0 0 0 0 0 0 0 0 0 0 0 0 0 0 0 0 0 0 0 0 0 0 0 0 0 0 0 0 0 0 0 0 
0 0 0 0 0 0 0 0 0 0 0 0 0 0 0 0 0 0 0 0 0 0 0 0 0 0 0 0 0 0 0 0 1.99238 0 0 0 0 0 0 0 0 0 0 0 0 0 0 0 0 0 0 0 0 0 0 0 0 0 0 0 0 0 0 0 0 
