1 0 0 0 0 0 0 0 0 0 0 0 0 0 0 0 0 0 0 0 0 0 0 0 0 0 0 0 0 0 0 0 0 0 0 0 0 0 0 0 0 0 0 0 0 0 0 0 0 0 0 0 0 0 0 0 0 0 0 0 0 0 0 0 0 
0 0 0 0 0 0 0 0 0 0 0 0 0 0 0 0 0 0 0 0 0 0 0 0 0 0 0 0 0 0 0 0 0 0 0 0 0 0 0 0 0 0 0 0 0 0 0 0 0 0 0 0 0 0 0 0 0 0 0 0 0 0 0 0 0 
0 64 0 0 0 0 0 0 0 0 0 0 0 0 0 0 0 0 0 0 0 0 0 0 0 0 0 0 0 0 0 0 0 0 0 0 0 0 0 0 0 0 0 0 0 0 0 0 0 0 0 0 0 0 0 0 0 0 0 0 0 0 0 0 0 
0 0 128 0 0 0 0 0 0 0 0 0 0 0 0 0 0 0 0 0 0 0 0 0 0 0 0 0 0 0 0 0 0 0 0 0 0 0 0 0 0 0 0 0 0 0 0 0 0 0 0 0 0 0 0 0 0 0 0 0 0 0 0 0 0 
0 0 1888 386.272 63.6383 0 0 0 0 0 0 0 0 0 0 0 0 0 0 0 0 0 0 0 0 0 0 0 0 0 0 0 0 0 0 0 0 0 0 0 0 0 0 0 0 0 0 0 0 0 0 0 0 0 0 0 0 0 0 0 0 0 0 0 0 
0 0 0 7163.46 1126.67 478.555 122.589 0 0 0 0 0 0 0 0 0 0 0 0 0 0 0 0 0 0 0 0 0 0 0 0 0 0 0 0 0 0 0 0 0 0 0 0 0 0 0 0 0 0 0 0 0 0 0 0 0 0 0 0 0 0 0 0 0 0 
0 0 0 34114.3 27031.5 6762.58 2277.66 1189.25 334.155 54.4222 0 0 0 0 0 0 0 0 0 0 0 0 0 0 0 0 0 0 0 0 0 0 0 0 0 0 0 0 0 0 0 0 0 0 0 0 0 0 0 0 0 0 0 0 0 0 0 0 0 0 0 0 0 0 0 
0 0 0 0 184350 97259.4 42756.4 16884.6 9287.13 4794.7 1895.82 411.228 143.968 0 0 0 0 0 0 0 0 0 0 0 0 0 0 0 0 0 0 0 0 0 0 0 0 0 0 0 0 0 0 0 0 0 0 0 0 0 0 0 0 0 0 0 0 0 0 0 0 0 0 0 0 
0 0 0 0 422804 824072 415388 226593 116433 59927.7 32770.7 17967.2 10336.9 3914.05 1513.51 253.129 42.5666 0 0 0 0 0 0 0 12.4075 0 0 0 0 0 0 0 14.142 0 0 0 0 0 0 0 0 0 0 0 0 0 0 0 0 0 0 0 0 0 0 0 0 0 0 0 0 0 0 0 0 
0 0 0 0 0 2.8716e+06 3.34191e+06 1.97591e+06 1.14608e+06 713073 411482 235168 147398 98413.3 49654.6 29497.8 13600.8 4930.04 2118.39 528.994 336.194 154.769 190.577 130.646 0 281.366 324.271 284.318 257.226 233.013 262.6 249.35 0 0 0 0 0 0 0 0 0 0 0 0 0 0 0 0 0 0 0 0 0 0 0 0 0 0 0 0 0 0 0 0 0 
0 0 0 0 0 3.82434e+06 1.46008e+07 1.33956e+07 9.39058e+06 6.06586e+06 4.01422e+06 2.57909e+06 1.74722e+06 1.10968e+06 821570 518718 331321 211597 114979 53899 44049.1 23895.5 11796.6 10445.9 12572 11619.5 10426 9297.71 8889.02 8952.69 9885.92 9675.85 9539.18 0 0 0 0 0 0 0 0 0 0 0 0 0 0 0 0 0 0 0 0 0 0 0 0 0 0 0 0 0 0 0 0 
0 0 0 0 0 0 3.02871e+07 6.42331e+07 5.71518e+07 4.2972e+07 3.17706e+07 2.19803e+07 1.5527e+07 1.09647e+07 7.73144e+06 5.62505e+06 4.19133e+06 2.62994e+06 2.04506e+06 1.44008e+06 1.01136e+06 633375 476737 392778 299938 238320 215286 231430 232091 248230 230155 219150 208150 0 0 0 0 0 0 0 0 0 0 0 0 0 0 0 0 0 0 0 0 0 0 0 0 0 0 0 0 0 0 0 0 
0 0 0 0 0 0 2.62841e+07 1.69104e+08 2.62789e+08 2.44324e+08 1.97579e+08 1.53756e+08 1.17737e+08 8.79673e+07 6.59034e+07 5.15582e+07 3.81601e+07 3.25304e+07 2.36319e+07 1.78035e+07 1.394e+07 1.07032e+07 8.84257e+06 6.93627e+06 5.26078e+06 4.63558e+06 4.03228e+06 3.31155e+06 3.31053e+06 3.48359e+06 3.31021e+06 3.14636e+06 3.20424e+06 0 0 0 0 0 0 0 0 0 0 0 0 0 0 0 0 0 0 0 0 0 0 0 0 0 0 0 0 0 0 0 0 
0 0 0 0 0 0 0 2.32431e+08 7.8871e+08 1.07361e+09 1.02862e+09 8.85984e+08 7.36572e+08 6.1379e+08 4.85666e+08 3.91493e+08 3.0767e+08 2.63632e+08 2.11803e+08 1.73232e+08 1.33129e+08 1.05399e+08 9.15995e+07 7.82094e+07 6.60471e+07 5.55974e+07 4.81352e+07 4.50373e+07 4.2567e+07 3.79754e+07 3.72202e+07 3.88842e+07 3.93648e+07 0 0 0 0 0 0 0 0 0 0 0 0 0 0 0 0 0 0 0 0 0 0 0 0 0 0 0 0 0 0 0 0 
0 0 0 0 0 0 0 1.39831e+08 1.37886e+09 3.29404e+09 4.27516e+09 4.3605e+09 3.99165e+09 3.40549e+09 2.93353e+09 2.52442e+09 2.14791e+09 1.81469e+09 1.51795e+09 1.29174e+09 1.11513e+09 9.50141e+08 7.89102e+08 7.13042e+08 6.3462e+08 5.27766e+08 4.81584e+08 4.28071e+08 4.08323e+08 3.90432e+08 4.05167e+08 3.81679e+08 3.58257e+08 0 0 0 0 0 0 0 0 0 0 0 0 0 0 0 0 0 0 0 0 0 0 0 0 0 0 0 0 0 0 0 0 
0 0 0 0 0 0 0 0 1.34259e+09 6.67515e+09 1.31756e+10 1.66219e+10 1.76183e+10 1.70196e+10 1.54966e+10 1.36984e+10 1.21352e+10 1.08547e+10 9.49096e+09 8.17747e+09 7.4119e+09 6.66168e+09 5.90667e+09 5.30758e+09 4.48244e+09 3.89867e+09 3.84565e+09 3.61502e+09 3.26896e+09 3.2597e+09 3.08079e+09 3.04324e+09 3.01291e+09 0 0 0 0 0 0 0 0 0 0 0 0 0 0 0 0 0 0 0 0 0 0 0 0 0 0 0 0 0 0 0 0 
0 0 0 0 0 0 0 0 5.85404e+08 8.31641e+09 2.84799e+10 5.06508e+10 6.48711e+10 6.98502e+10 7.10213e+10 6.8185e+10 6.21881e+10 5.81993e+10 5.25209e+10 4.81047e+10 4.3409e+10 3.91752e+10 3.55122e+10 3.26569e+10 2.92968e+10 2.70613e+10 2.5029e+10 2.3812e+10 2.31552e+10 2.2861e+10 2.16451e+10 2.16567e+10 2.09787e+10 0 0 0 0 0 0 0 0 0 0 0 0 0 0 0 0 0 0 0 0 0 0 0 0 0 0 0 0 0 0 0 0 
0 0 0 0 0 0 0 0 0 5.92509e+09 4.08317e+10 1.11644e+11 1.84699e+11 2.41099e+11 2.72079e+11 2.82929e+11 2.84689e+11 2.72395e+11 2.56026e+11 2.42074e+11 2.32066e+11 2.13668e+11 1.96881e+11 1.88919e+11 1.7254e+11 1.68019e+11 1.54435e+11 1.50658e+11 1.46841e+11 1.39721e+11 1.36245e+11 1.35259e+11 1.34264e+11 0 0 0 0 0 0 0 0 0 0 0 0 0 0 0 0 0 0 0 0 0 0 0 0 0 0 0 0 0 0 0 0 
0 0 0 0 0 0 0 0 0 1.96214e+09 3.75807e+10 1.73976e+11 4.13992e+11 6.64732e+11 8.6781e+11 1.0145e+12 1.09909e+12 1.12878e+12 1.14194e+12 1.10788e+12 1.06004e+12 1.01094e+12 9.98529e+11 9.19548e+11 9.0783e+11 8.62909e+11 8.37967e+11 8.21427e+11 7.66945e+11 7.64687e+11 7.44702e+11 7.54373e+11 7.76953e+11 0 0 0 0 0 0 0 0 0 0 0 0 0 0 0 0 0 0 0 0 0 0 0 0 0 0 0 0 0 0 0 0 
0 0 0 0 0 0 0 0 0 0 2.05637e+10 1.86589e+11 6.72593e+11 1.44492e+12 2.29843e+12 3.01965e+12 3.61333e+12 4.06553e+12 4.28046e+12 4.38415e+12 4.40931e+12 4.33717e+12 4.39465e+12 4.32136e+12 4.15746e+12 4.03228e+12 4.12302e+12 3.95412e+12 3.93821e+12 3.78165e+12 3.86912e+12 3.77944e+12 3.71674e+12 0 0 0 0 0 0 0 0 0 0 0 0 0 0 0 0 0 0 0 0 0 0 0 0 0 0 0 0 0 0 0 0 
0 0 0 0 0 0 0 0 0 0 5.30407e+09 1.30723e+11 7.82547e+11 2.39268e+12 4.83249e+12 7.65716e+12 1.02613e+13 1.24706e+13 1.43077e+13 1.56462e+13 1.64189e+13 1.6882e+13 1.71675e+13 1.72181e+13 1.70307e+13 1.78465e+13 1.73898e+13 1.75531e+13 1.6882e+13 1.70125e+13 1.72992e+13 1.69712e+13 1.67846e+13 0 0 0 0 0 0 0 0 0 0 0 0 0 0 0 0 0 0 0 0 0 0 0 0 0 0 0 0 0 0 0 0 
0 0 0 0 0 0 0 0 0 0 0 5.64165e+10 6.43237e+11 2.95296e+12 7.98533e+12 1.54872e+13 2.43026e+13 3.31166e+13 4.1067e+13 4.77411e+13 5.3219e+13 5.7774e+13 6.08488e+13 6.37382e+13 6.62972e+13 6.65992e+13 6.76373e+13 6.75258e+13 6.7869e+13 7.03101e+13 6.81049e+13 6.81566e+13 6.88341e+13 0 0 0 0 0 0 0 0 0 0 0 0 0 0 0 0 0 0 0 0 0 0 0 0 0 0 0 0 0 0 0 0 
0 0 0 0 0 0 0 0 0 0 0 1.15494e+10 3.56358e+11 2.63053e+12 1.00363e+13 2.49252e+13 4.70141e+13 7.36722e+13 1.01836e+14 1.29603e+14 1.56126e+14 1.77102e+14 1.92855e+14 2.06804e+14 2.21611e+14 2.27658e+14 2.36567e+14 2.42455e+14 2.48474e+14 2.51465e+14 2.53455e+14 2.52855e+14 2.53552e+14 0 0 0 0 0 0 0 0 0 0 0 0 0 0 0 0 0 0 0 0 0 0 0 0 0 0 0 0 0 0 0 0 
0 0 0 0 0 0 0 0 0 0 0 0 1.22808e+11 1.71475e+12 9.52323e+12 3.15668e+13 7.40369e+13 1.36182e+14 2.13523e+14 2.96678e+14 3.81389e+14 4.68012e+14 5.42886e+14 6.07501e+14 6.6369e+14 7.14404e+14 7.43912e+14 7.78052e+14 8.1027e+14 8.19388e+14 8.38864e+14 8.56801e+14 8.32016e+14 0 0 0 0 0 0 0 0 0 0 0 0 0 0 0 0 0 0 0 0 0 0 0 0 0 0 0 0 0 0 0 0 
0 0 0 0 0 0 0 0 0 0 0 0 2.06281e+10 7.59487e+11 6.78813e+12 3.09395e+13 9.18888e+13 2.05076e+14 3.71785e+14 5.82826e+14 8.22251e+14 1.06096e+15 1.32728e+15 1.55724e+15 1.75812e+15 1.95458e+15 2.11925e+15 2.25813e+15 2.34098e+15 2.43065e+15 2.50256e+15 2.52252e+15 2.57982e+15 0 0 0 0 0 0 0 0 0 0 0 0 0 0 0 0 0 0 0 0 0 0 0 0 0 0 0 0 0 0 0 0 
0 0 0 0 0 0 0 0 0 0 0 0 0 2.14371e+11 3.54816e+12 2.34041e+13 9.12796e+13 2.5207e+14 5.37335e+14 9.62939e+14 1.50551e+15 2.14648e+15 2.80683e+15 3.505e+15 4.17077e+15 4.77886e+15 5.35166e+15 5.83963e+15 6.20841e+15 6.5535e+15 6.67767e+15 6.78809e+15 6.85797e+15 0 0 0 0 0 0 0 0 0 0 0 0 0 0 0 0 0 0 0 0 0 0 0 0 0 0 0 0 0 0 0 0 
0 0 0 0 0 0 0 0 0 0 0 0 0 3.03456e+10 1.27382e+12 1.33105e+13 7.16151e+13 2.47515e+14 6.39928e+14 1.32049e+15 2.32647e+15 3.63756e+15 5.19126e+15 6.85157e+15 8.6053e+15 1.02731e+16 1.19366e+16 1.32951e+16 1.44633e+16 1.53348e+16 1.62966e+16 1.6684e+16 1.66039e+16 0 0 0 0 0 0 0 0 0 0 0 0 0 0 0 0 0 0 0 0 0 0 0 0 0 0 0 0 0 0 0 0 
0 0 0 0 0 0 0 0 0 0 0 0 0 0 3.0371e+11 5.72642e+12 4.33493e+13 1.95416e+14 6.21435e+14 1.51517e+15 3.05436e+15 5.264e+15 8.20188e+15 1.16813e+16 1.54824e+16 1.94355e+16 2.32666e+16 2.68084e+16 3.00708e+16 3.29603e+16 3.4652e+16 3.59373e+16 3.63136e+16 0 0 0 0 0 0 0 0 0 0 0 0 0 0 0 0 0 0 0 0 0 0 0 0 0 0 0 0 0 0 0 0 
0 0 0 0 0 0 0 0 0 0 0 0 0 0 3.62088e+10 1.71583e+12 2.02658e+13 1.24018e+14 4.86497e+14 1.42529e+15 3.30851e+15 6.53053e+15 1.10566e+16 1.71397e+16 2.43284e+16 3.24177e+16 4.05416e+16 4.82513e+16 5.56674e+16 6.11988e+16 6.59662e+16 6.83348e+16 7.02455e+16 0 0 0 0 0 0 0 0 0 0 0 0 0 0 0 0 0 0 0 0 0 0 0 0 0 0 0 0 0 0 0 0 
0 0 0 0 0 0 0 0 0 0 0 0 0 0 0 3.48788e+11 7.23196e+12 6.12171e+13 3.10354e+14 1.10975e+15 3.00736e+15 6.71296e+15 1.28754e+16 2.15215e+16 3.28098e+16 4.59868e+16 6.01376e+16 7.55211e+16 8.91667e+16 1.00943e+17 1.09689e+17 1.16195e+17 1.17323e+17 0 0 0 0 0 0 0 0 0 0 0 0 0 0 0 0 0 0 0 0 0 0 0 0 0 0 0 0 0 0 0 0 
0 0 0 0 0 0 0 0 0 0 0 0 0 0 0 3.57429e+10 1.85402e+12 2.39289e+13 1.61595e+14 6.97795e+14 2.28648e+15 5.80633e+15 1.24385e+16 2.30651e+16 3.80717e+16 5.70808e+16 7.95428e+16 1.02507e+17 1.24656e+17 1.45689e+17 1.61595e+17 1.7267e+17 1.75968e+17 0 0 0 0 0 0 0 0 0 0 0 0 0 0 0 0 0 0 0 0 0 0 0 0 0 0 0 0 0 0 0 0 
0 0 0 0 0 0 0 0 0 0 0 0 0 0 0 0 3.2426e+11 7.26738e+12 6.70243e+13 3.73002e+14 1.43397e+15 4.27894e+15 1.0328e+16 2.12554e+16 3.79477e+16 6.09176e+16 8.95574e+16 1.21528e+17 1.54576e+17 1.84595e+17 2.08622e+17 2.2213e+17 2.26781e+17 0 0 0 0 0 0 0 0 0 0 0 0 0 0 0 0 0 0 0 0 0 0 0 0 0 0 0 0 0 0 0 0 
0 0 0 0 0 0 0 0 0 0 0 0 0 0 0 0 2.93605e+10 1.61512e+12 2.21748e+13 1.59792e+14 7.57766e+14 2.64248e+15 7.24598e+15 1.65247e+16 3.2443e+16 5.61483e+16 8.72297e+16 1.24206e+17 1.63885e+17 2.01072e+17 2.328e+17 2.53706e+17 2.62675e+17 0 0 0 0 0 0 0 0 0 0 0 0 0 0 0 0 0 0 0 0 0 0 0 0 0 0 0 0 0 0 0 0 
0 0 0 0 0 0 0 0 0 0 0 0 0 0 0 0 0 2.47896e+11 5.79172e+12 5.66063e+13 3.33023e+14 1.37441e+15 4.3633e+15 1.10622e+16 2.397e+16 4.48918e+16 7.4319e+16 1.12141e+17 1.53694e+17 1.93431e+17 2.29019e+17 2.52778e+17 2.61083e+17 0 0 0 0 0 0 0 0 0 0 0 0 0 0 0 0 0 0 0 0 0 0 0 0 0 0 0 0 0 0 0 0 
0 0 0 0 0 0 0 0 0 0 0 0 0 0 0 0 0 1.97821e+10 1.12672e+12 1.63647e+13 1.22094e+14 6.05211e+14 2.19764e+15 6.38145e+15 1.52167e+16 3.09693e+16 5.51978e+16 8.65296e+16 1.24518e+17 1.64759e+17 1.96051e+17 2.19344e+17 2.26745e+17 0 0 0 0 0 0 0 0 0 0 0 0 0 0 0 0 0 0 0 0 0 0 0 0 0 0 0 0 0 0 0 0 
0 0 0 0 0 0 0 0 0 0 0 0 0 0 0 0 0 0 1.55408e+11 3.67335e+12 3.7435e+13 2.26112e+14 9.68789e+14 3.19023e+15 8.31321e+15 1.83889e+16 3.50514e+16 5.92332e+16 8.82726e+16 1.19287e+17 1.4891e+17 1.68178e+17 1.74617e+17 0 0 0 0 0 0 0 0 0 0 0 0 0 0 0 0 0 0 0 0 0 0 0 0 0 0 0 0 0 0 0 0 
0 0 0 0 0 0 0 0 0 0 0 0 0 0 0 0 0 0 1.14187e+10 6.40518e+11 9.33266e+12 7.23939e+13 3.66233e+14 1.35367e+15 3.99681e+15 9.63893e+15 1.96776e+16 3.48646e+16 5.47772e+16 7.69686e+16 9.74304e+16 1.11948e+17 1.17782e+17 0 0 0 0 0 0 0 0 0 0 0 0 0 0 0 0 0 0 0 0 0 0 0 0 0 0 0 0 0 0 0 0 
0 0 0 0 0 0 0 0 0 0 0 0 0 0 0 0 0 0 0 7.9596e+10 1.90642e+12 1.90567e+13 1.18408e+14 5.05018e+14 1.67975e+15 4.40348e+15 9.8196e+15 1.84788e+16 3.02962e+16 4.39356e+16 5.65268e+16 6.61151e+16 6.91922e+16 0 0 0 0 0 0 0 0 0 0 0 0 0 0 0 0 0 0 0 0 0 0 0 0 0 0 0 0 0 0 0 0 
0 0 0 0 0 0 0 0 0 0 0 0 0 0 0 0 0 0 0 5.71174e+09 2.97663e+11 4.28104e+12 3.24053e+13 1.65752e+14 6.0856e+14 1.80113e+15 4.27326e+15 8.591e+15 1.47858e+16 2.21008e+16 2.957e+16 3.4979e+16 3.7211e+16 0 0 0 0 0 0 0 0 0 0 0 0 0 0 0 0 0 0 0 0 0 0 0 0 0 0 0 0 0 0 0 0 
0 0 0 0 0 0 0 0 0 0 0 0 0 0 0 0 0 0 0 0 3.37346e+10 7.70645e+11 7.72594e+12 4.6465e+13 1.98414e+14 6.40554e+14 1.64132e+15 3.5287e+15 6.45811e+15 1.00856e+16 1.38493e+16 1.6479e+16 1.76454e+16 0 0 0 0 0 0 0 0 0 0 0 0 0 0 0 0 0 0 0 0 0 0 0 0 0 0 0 0 0 0 0 0 
0 0 0 0 0 0 0 0 0 0 0 0 0 0 0 0 0 0 0 0 2.38893e+09 1.12323e+11 1.52771e+12 1.15239e+13 5.67115e+13 2.02641e+14 5.79481e+14 1.31763e+15 2.50165e+15 4.09925e+15 5.73714e+15 7.06242e+15 7.43889e+15 0 0 0 0 0 0 0 0 0 0 0 0 0 0 0 0 0 0 0 0 0 0 0 0 0 0 0 0 0 0 0 0 
0 0 0 0 0 0 0 0 0 0 0 0 0 0 0 0 0 0 0 0 0 1.18492e+10 2.54044e+11 2.43397e+12 1.40616e+13 5.83147e+13 1.77946e+14 4.45298e+14 8.90058e+14 1.49624e+15 2.13716e+15 2.67951e+15 2.90601e+15 0 0 0 0 0 0 0 0 0 0 0 0 0 0 0 0 0 0 0 0 0 0 0 0 0 0 0 0 0 0 0 0 
0 0 0 0 0 0 0 0 0 0 0 0 0 0 0 0 0 0 0 0 0 9.38396e+08 3.52039e+10 4.47163e+11 3.15798e+12 1.46853e+13 5.02565e+13 1.32061e+14 2.81201e+14 5.04119e+14 7.4771e+14 9.37409e+14 1.02103e+15 0 0 0 0 0 0 0 0 0 0 0 0 0 0 0 0 0 0 0 0 0 0 0 0 0 0 0 0 0 0 0 0 
0 0 0 0 0 0 0 0 0 0 0 0 0 0 0 0 0 0 0 0 0 0 3.59874e+09 6.91446e+10 6.17819e+11 3.28475e+12 1.26773e+13 3.65357e+13 8.32598e+13 1.55088e+14 2.35511e+14 3.00622e+14 3.28103e+14 0 0 0 0 0 0 0 0 0 0 0 0 0 0 0 0 0 0 0 0 0 0 0 0 0 0 0 0 0 0 0 0 
0 0 0 0 0 0 0 0 0 0 0 0 0 0 0 0 0 0 0 0 0 0 3.15472e+08 9.38225e+09 1.04212e+11 6.76713e+11 2.9136e+12 9.21944e+12 2.19974e+13 4.28069e+13 6.74779e+13 8.81712e+13 9.57389e+13 0 0 0 0 0 0 0 0 0 0 0 0 0 0 0 0 0 0 0 0 0 0 0 0 0 0 0 0 0 0 0 0 
0 0 0 0 0 0 0 0 0 0 0 0 0 0 0 0 0 0 0 0 0 0 0 9.41843e+08 1.56861e+10 1.23641e+11 6.09519e+11 2.09217e+12 5.48865e+12 1.10953e+13 1.81609e+13 2.35954e+13 2.67708e+13 0 0 0 0 0 0 0 0 0 0 0 0 0 0 0 0 0 0 0 0 0 0 0 0 0 0 0 0 0 0 0 0 
0 0 0 0 0 0 0 0 0 0 0 0 0 0 0 0 0 0 0 0 0 0 0 1.0032e+08 2.14103e+09 1.99986e+10 1.15384e+11 4.44119e+11 1.24465e+12 2.61249e+12 4.53705e+12 6.23655e+12 6.71779e+12 0 0 0 0 0 0 0 0 0 0 0 0 0 0 0 0 0 0 0 0 0 0 0 0 0 0 0 0 0 0 0 0 
0 0 0 0 0 0 0 0 0 0 0 0 0 0 0 0 0 0 0 0 0 0 0 0 2.20914e+08 2.99147e+09 2.05396e+10 8.88041e+10 2.62219e+11 6.15676e+11 1.0411e+12 1.44042e+12 1.61471e+12 0 0 0 0 0 0 0 0 0 0 0 0 0 0 0 0 0 0 0 0 0 0 0 0 0 0 0 0 0 0 0 0 
0 0 0 0 0 0 0 0 0 0 0 0 0 0 0 0 0 0 0 0 0 0 0 0 2.93394e+07 4.24966e+08 3.26026e+09 1.62263e+10 5.32664e+10 1.25064e+11 2.26522e+11 3.26768e+11 3.62071e+11 0 0 0 0 0 0 0 0 0 0 0 0 0 0 0 0 0 0 0 0 0 0 0 0 0 0 0 0 0 0 0 0 
0 0 0 0 0 0 0 0 0 0 0 0 0 0 0 0 0 0 0 0 0 0 0 0 0 4.53432e+07 5.07713e+08 2.7747e+09 1.03206e+10 2.51764e+10 4.9248e+10 6.96852e+10 7.92664e+10 0 0 0 0 0 0 0 0 0 0 0 0 0 0 0 0 0 0 0 0 0 0 0 0 0 0 0 0 0 0 0 0 
0 0 0 0 0 0 0 0 0 0 0 0 0 0 0 0 0 0 0 0 0 0 0 0 0 7.84066e+06 7.84207e+07 4.58288e+08 1.83199e+09 5.05756e+09 9.81162e+09 1.46555e+10 1.63769e+10 0 0 0 0 0 0 0 0 0 0 0 0 0 0 0 0 0 0 0 0 0 0 0 0 0 0 0 0 0 0 0 0 
0 0 0 0 0 0 0 0 0 0 0 0 0 0 0 0 0 0 0 0 0 0 0 0 0 0 7.76287e+06 7.60954e+07 3.2147e+08 9.25349e+08 1.96232e+09 2.89769e+09 3.42585e+09 0 0 0 0 0 0 0 0 0 0 0 0 0 0 0 0 0 0 0 0 0 0 0 0 0 0 0 0 0 0 0 0 
0 0 0 0 0 0 0 0 0 0 0 0 0 0 0 0 0 0 0 0 0 0 0 0 0 0 1.92187e+06 1.26712e+07 5.30775e+07 1.73987e+08 3.69157e+08 5.86927e+08 6.54582e+08 0 0 0 0 0 0 0 0 0 0 0 0 0 0 0 0 0 0 0 0 0 0 0 0 0 0 0 0 0 0 0 0 
0 0 0 0 0 0 0 0 0 0 0 0 0 0 0 0 0 0 0 0 0 0 0 0 0 0 0 1.07268e+06 1.0272e+07 3.14827e+07 7.06983e+07 1.19918e+08 1.31711e+08 0 0 0 0 0 0 0 0 0 0 0 0 0 0 0 0 0 0 0 0 0 0 0 0 0 0 0 0 0 0 0 0 
0 0 0 0 0 0 0 0 0 0 0 0 0 0 0 0 0 0 0 0 0 0 0 0 0 0 0 394979 1.67423e+06 5.28958e+06 1.45235e+07 2.13709e+07 2.7987e+07 0 0 0 0 0 0 0 0 0 0 0 0 0 0 0 0 0 0 0 0 0 0 0 0 0 0 0 0 0 0 0 0 
0 0 0 0 0 0 0 0 0 0 0 0 0 0 0 0 0 0 0 0 0 0 0 0 0 0 0 0 108865 1.16536e+06 2.30815e+06 4.64608e+06 5.20917e+06 0 0 0 0 0 0 0 0 0 0 0 0 0 0 0 0 0 0 0 0 0 0 0 0 0 0 0 0 0 0 0 0 
0 0 0 0 0 0 0 0 0 0 0 0 0 0 0 0 0 0 0 0 0 0 0 0 0 0 0 0 67527.4 167386 438210 924084 906631 0 0 0 0 0 0 0 0 0 0 0 0 0 0 0 0 0 0 0 0 0 0 0 0 0 0 0 0 0 0 0 0 
0 0 0 0 0 0 0 0 0 0 0 0 0 0 0 0 0 0 0 0 0 0 0 0 0 0 0 0 0 7424.64 110702 106648 237924 0 0 0 0 0 0 0 0 0 0 0 0 0 0 0 0 0 0 0 0 0 0 0 0 0 0 0 0 0 0 0 0 
0 0 0 0 0 0 0 0 0 0 0 0 0 0 0 0 0 0 0 0 0 0 0 0 0 0 0 0 0 9169.75 11192.6 31753.6 36491.4 0 0 0 0 0 0 0 0 0 0 0 0 0 0 0 0 0 0 0 0 0 0 0 0 0 0 0 0 0 0 0 0 
0 0 0 0 0 0 0 0 0 0 0 0 0 0 0 0 0 0 0 0 0 0 0 0 0 0 0 0 0 0 242.681 7352.53 1991.18 0 0 0 0 0 0 0 0 0 0 0 0 0 0 0 0 0 0 0 0 0 0 0 0 0 0 0 0 0 0 0 0 
0 0 0 0 0 0 0 0 0 0 0 0 0 0 0 0 0 0 0 0 0 0 0 0 0 0 0 0 0 0 911.473 363.967 1856.95 0 0 0 0 0 0 0 0 0 0 0 0 0 0 0 0 0 0 0 0 0 0 0 0 0 0 0 0 0 0 0 0 
0 0 0 0 0 0 0 0 0 0 0 0 0 0 0 0 0 0 0 0 0 0 0 0 0 0 0 0 0 0 0 0 244.011 0 0 0 0 0 0 0 0 0 0 0 0 0 0 0 0 0 0 0 0 0 0 0 0 0 0 0 0 0 0 0 0 
0 0 0 0 0 0 0 0 0 0 0 0 0 0 0 0 0 0 0 0 0 0 0 0 0 0 0 0 0 0 0 58.8047 0 0 0 0 0 0 0 0 0 0 0 0 0 0 0 0 0 0 0 0 0 0 0 0 0 0 0 0 0 0 0 0 0 
0 0 0 0 0 0 0 0 0 0 0 0 0 0 0 0 0 0 0 0 0 0 0 0 0 0 0 0 0 0 0 0 0 0 0 0 0 0 0 0 0 0 0 0 0 0 0 0 0 0 0 0 0 0 0 0 0 0 0 0 0 0 0 0 0 
0 0 0 0 0 0 0 0 0 0 0 0 0 0 0 0 0 0 0 0 0 0 0 0 0 0 0 0 0 0 0 0 1.83765 0 0 0 0 0 0 0 0 0 0 0 0 0 0 0 0 0 0 0 0 0 0 0 0 0 0 0 0 0 0 0 0 
