1 0 0 0 0 0 0 0 0 0 0 0 0 0 0 0 0 0 0 0 0 0 0 0 0 0 0 0 0 0 0 0 0 0 0 0 0 0 0 0 0 0 0 0 0 0 0 0 0 0 0 0 0 0 0 0 0 0 0 0 0 0 0 0 0 
0 0 0 0 0 0 0 0 0 0 0 0 0 0 0 0 0 0 0 0 0 0 0 0 0 0 0 0 0 0 0 0 0 0 0 0 0 0 0 0 0 0 0 0 0 0 0 0 0 0 0 0 0 0 0 0 0 0 0 0 0 0 0 0 0 
0 64 0 0 0 0 0 0 0 0 0 0 0 0 0 0 0 0 0 0 0 0 0 0 0 0 0 0 0 0 0 0 0 0 0 0 0 0 0 0 0 0 0 0 0 0 0 0 0 0 0 0 0 0 0 0 0 0 0 0 0 0 0 0 0 
0 0 128 0 0 0 0 0 0 0 0 0 0 0 0 0 0 0 0 0 0 0 0 0 0 0 0 0 0 0 0 0 0 0 0 0 0 0 0 0 0 0 0 0 0 0 0 0 0 0 0 0 0 0 0 0 0 0 0 0 0 0 0 0 0 
0 0 1888 374.315 62.6041 0 0 0 0 0 0 0 0 0 0 0 0 0 0 0 0 0 0 0 0 0 0 0 0 0 0 0 0 0 0 0 0 0 0 0 0 0 0 0 0 0 0 0 0 0 0 0 0 0 0 0 0 0 0 0 0 0 0 0 0 
0 0 0 7187.37 1108.07 449.545 115.293 0 0 0 0 0 0 0 0 0 0 0 0 0 0 0 0 0 0 0 0 0 0 0 0 0 0 0 0 0 0 0 0 0 0 0 0 0 0 0 0 0 0 0 0 0 0 0 0 0 0 0 0 0 0 0 0 0 0 
0 0 0 34102.3 27204.9 6920.42 2686.95 1318.19 353.61 64.9235 0 0 0 0 0 0 0 0 0 0 0 0 0 0 0 0 0 0 0 0 0 0 0 0 0 0 0 0 0 0 0 0 0 0 0 0 0 0 0 0 0 0 0 0 0 0 0 0 0 0 0 0 0 0 0 
0 0 0 0 184063 97615.9 41177.1 16704.3 8371.37 4829.05 1707.91 330.612 89.6002 0 0 0 0 0 0 0 0 0 0 0 0 0 0 0 0 0 0 0 0 0 0 0 0 0 0 0 0 0 0 0 0 0 0 0 0 0 0 0 0 0 0 0 0 0 0 0 0 0 0 0 0 
0 0 0 0 422937 831565 410171 206595 118068 54677.8 31749.1 17728.3 8282.53 4295.55 1469.84 354.996 57.4863 0 0 0 0 0 0 0 20.7521 0 0 0 0 0 0 0 20.0156 0 0 0 0 0 0 0 0 0 0 0 0 0 0 0 0 0 0 0 0 0 0 0 0 0 0 0 0 0 0 0 0 
0 0 0 0 0 2.85505e+06 3.29505e+06 1.9572e+06 1.11369e+06 703559 400762 243167 157636 92145.5 57075.4 30220.4 12697.2 5166.81 2036.82 987.912 728.792 294.484 288.12 394.56 0 242.836 199.858 251.79 187.169 214.44 326.074 239.988 0 0 0 0 0 0 0 0 0 0 0 0 0 0 0 0 0 0 0 0 0 0 0 0 0 0 0 0 0 0 0 0 0 
0 0 0 0 0 3.83291e+06 1.46755e+07 1.34061e+07 9.18347e+06 5.9335e+06 3.95725e+06 2.68335e+06 1.78477e+06 1.15008e+06 758058 495448 330320 194439 111918 73394.6 37201.2 22696.6 12022.5 10349.1 13020.7 8116.71 8666.04 7680.28 7911.62 9674.8 10463.2 10012.8 13051.8 0 0 0 0 0 0 0 0 0 0 0 0 0 0 0 0 0 0 0 0 0 0 0 0 0 0 0 0 0 0 0 0 
0 0 0 0 0 0 3.03044e+07 6.38569e+07 5.69502e+07 4.326e+07 3.04398e+07 2.164e+07 1.58484e+07 1.14473e+07 8.2842e+06 5.74749e+06 3.85601e+06 2.86668e+06 2.02572e+06 1.43626e+06 1.03223e+06 706069 494117 381727 249342 207755 191343 195246 188022 221623 203835 227667 185972 0 0 0 0 0 0 0 0 0 0 0 0 0 0 0 0 0 0 0 0 0 0 0 0 0 0 0 0 0 0 0 0 
0 0 0 0 0 0 2.62452e+07 1.69954e+08 2.64113e+08 2.44583e+08 1.96225e+08 1.5471e+08 1.16569e+08 8.88113e+07 6.89499e+07 5.02266e+07 4.08897e+07 3.06824e+07 2.33438e+07 1.79294e+07 1.34477e+07 9.63334e+06 8.01171e+06 6.06599e+06 5.11168e+06 4.03745e+06 3.91212e+06 3.25922e+06 3.40638e+06 3.23851e+06 3.27015e+06 3.54499e+06 3.18191e+06 0 0 0 0 0 0 0 0 0 0 0 0 0 0 0 0 0 0 0 0 0 0 0 0 0 0 0 0 0 0 0 0 
0 0 0 0 0 0 0 2.32031e+08 7.84854e+08 1.08679e+09 1.05984e+09 8.85618e+08 7.3772e+08 5.97042e+08 4.86112e+08 3.95764e+08 3.05018e+08 2.55419e+08 2.10532e+08 1.62013e+08 1.34015e+08 1.04192e+08 8.71943e+07 7.30118e+07 6.07429e+07 5.45763e+07 4.64341e+07 4.34738e+07 4.22576e+07 4.00661e+07 3.85355e+07 3.85702e+07 3.64475e+07 0 0 0 0 0 0 0 0 0 0 0 0 0 0 0 0 0 0 0 0 0 0 0 0 0 0 0 0 0 0 0 0 
0 0 0 0 0 0 0 1.39786e+08 1.38703e+09 3.29219e+09 4.31157e+09 4.35705e+09 3.93565e+09 3.45526e+09 2.96393e+09 2.45645e+09 2.15305e+09 1.73856e+09 1.45634e+09 1.25048e+09 1.01568e+09 9.09201e+08 7.51183e+08 6.71084e+08 5.5926e+08 5.12974e+08 4.70076e+08 4.31222e+08 4.19358e+08 4.15578e+08 4.04147e+08 3.81503e+08 3.75113e+08 0 0 0 0 0 0 0 0 0 0 0 0 0 0 0 0 0 0 0 0 0 0 0 0 0 0 0 0 0 0 0 0 
0 0 0 0 0 0 0 0 1.335e+09 6.66507e+09 1.31317e+10 1.69629e+10 1.77734e+10 1.68116e+10 1.53717e+10 1.4099e+10 1.19258e+10 1.04785e+10 9.12835e+09 7.94067e+09 7.22662e+09 6.50689e+09 5.71475e+09 4.85117e+09 4.44731e+09 3.98823e+09 3.75278e+09 3.55992e+09 3.29347e+09 3.29767e+09 3.10911e+09 3.09123e+09 3.03122e+09 0 0 0 0 0 0 0 0 0 0 0 0 0 0 0 0 0 0 0 0 0 0 0 0 0 0 0 0 0 0 0 0 
0 0 0 0 0 0 0 0 5.87799e+08 8.30267e+09 2.83493e+10 5.06648e+10 6.51303e+10 7.12478e+10 7.03054e+10 6.6587e+10 6.11378e+10 5.65381e+10 5.28699e+10 4.59391e+10 4.20707e+10 3.93808e+10 3.53803e+10 3.07391e+10 2.98755e+10 2.83807e+10 2.63837e+10 2.39721e+10 2.38887e+10 2.27804e+10 2.20186e+10 2.16644e+10 2.15565e+10 0 0 0 0 0 0 0 0 0 0 0 0 0 0 0 0 0 0 0 0 0 0 0 0 0 0 0 0 0 0 0 0 
0 0 0 0 0 0 0 0 0 5.9219e+09 4.1093e+10 1.11052e+11 1.87647e+11 2.42803e+11 2.71882e+11 2.81994e+11 2.83989e+11 2.69602e+11 2.55501e+11 2.41188e+11 2.30725e+11 2.08416e+11 1.92993e+11 1.81802e+11 1.72838e+11 1.66975e+11 1.56962e+11 1.53036e+11 1.41989e+11 1.38139e+11 1.35055e+11 1.32041e+11 1.33633e+11 0 0 0 0 0 0 0 0 0 0 0 0 0 0 0 0 0 0 0 0 0 0 0 0 0 0 0 0 0 0 0 0 
0 0 0 0 0 0 0 0 0 1.97742e+09 3.72975e+10 1.74203e+11 4.08141e+11 6.66352e+11 8.82162e+11 1.02356e+12 1.09992e+12 1.14158e+12 1.13918e+12 1.09274e+12 1.04028e+12 1.02205e+12 9.81722e+11 9.34641e+11 8.99454e+11 8.64472e+11 8.36597e+11 8.06722e+11 7.99609e+11 7.67572e+11 7.57395e+11 7.47985e+11 7.52674e+11 0 0 0 0 0 0 0 0 0 0 0 0 0 0 0 0 0 0 0 0 0 0 0 0 0 0 0 0 0 0 0 0 
0 0 0 0 0 0 0 0 0 0 2.06747e+10 1.86674e+11 6.74183e+11 1.44943e+12 2.28441e+12 3.05874e+12 3.64807e+12 4.06142e+12 4.26411e+12 4.49381e+12 4.49528e+12 4.34938e+12 4.38786e+12 4.262e+12 4.1235e+12 4.09171e+12 3.91105e+12 3.91624e+12 3.83315e+12 3.83721e+12 3.75362e+12 3.74068e+12 3.6857e+12 0 0 0 0 0 0 0 0 0 0 0 0 0 0 0 0 0 0 0 0 0 0 0 0 0 0 0 0 0 0 0 0 
0 0 0 0 0 0 0 0 0 0 5.3246e+09 1.30245e+11 7.85083e+11 2.37727e+12 4.85742e+12 7.56572e+12 1.02659e+13 1.24477e+13 1.42985e+13 1.57165e+13 1.64227e+13 1.72206e+13 1.73421e+13 1.74639e+13 1.74754e+13 1.71485e+13 1.74404e+13 1.6548e+13 1.72862e+13 1.68289e+13 1.68997e+13 1.67243e+13 1.66562e+13 0 0 0 0 0 0 0 0 0 0 0 0 0 0 0 0 0 0 0 0 0 0 0 0 0 0 0 0 0 0 0 0 
0 0 0 0 0 0 0 0 0 0 0 5.67211e+10 6.40779e+11 2.95075e+12 7.91903e+12 1.54928e+13 2.41296e+13 3.32558e+13 4.10823e+13 4.73409e+13 5.34171e+13 5.78438e+13 6.07146e+13 6.31969e+13 6.58102e+13 6.65647e+13 6.68511e+13 6.77162e+13 6.65616e+13 6.78151e+13 6.82167e+13 6.74103e+13 6.77983e+13 0 0 0 0 0 0 0 0 0 0 0 0 0 0 0 0 0 0 0 0 0 0 0 0 0 0 0 0 0 0 0 0 
0 0 0 0 0 0 0 0 0 0 0 1.16502e+10 3.56308e+11 2.6391e+12 1.00771e+13 2.4977e+13 4.69119e+13 7.32462e+13 1.01708e+14 1.28751e+14 1.54659e+14 1.74943e+14 1.92616e+14 2.09475e+14 2.18507e+14 2.26842e+14 2.36855e+14 2.42566e+14 2.50119e+14 2.50477e+14 2.46996e+14 2.54897e+14 2.5283e+14 0 0 0 0 0 0 0 0 0 0 0 0 0 0 0 0 0 0 0 0 0 0 0 0 0 0 0 0 0 0 0 0 
0 0 0 0 0 0 0 0 0 0 0 0 1.23744e+11 1.71371e+12 9.54203e+12 3.14477e+13 7.38483e+13 1.35461e+14 2.13339e+14 2.99696e+14 3.84236e+14 4.67514e+14 5.4703e+14 6.04086e+14 6.65199e+14 7.04115e+14 7.42797e+14 7.83122e+14 8.0537e+14 8.24379e+14 8.36964e+14 8.27612e+14 8.29007e+14 0 0 0 0 0 0 0 0 0 0 0 0 0 0 0 0 0 0 0 0 0 0 0 0 0 0 0 0 0 0 0 0 
0 0 0 0 0 0 0 0 0 0 0 0 2.0619e+10 7.58889e+11 6.78189e+12 3.12057e+13 9.26537e+13 2.06605e+14 3.71343e+14 5.82095e+14 8.21082e+14 1.07183e+15 1.32074e+15 1.5554e+15 1.75308e+15 1.94651e+15 2.11056e+15 2.23128e+15 2.33353e+15 2.41847e+15 2.48166e+15 2.51916e+15 2.5371e+15 0 0 0 0 0 0 0 0 0 0 0 0 0 0 0 0 0 0 0 0 0 0 0 0 0 0 0 0 0 0 0 0 
0 0 0 0 0 0 0 0 0 0 0 0 0 2.15977e+11 3.5185e+12 2.3236e+13 9.1352e+13 2.51489e+14 5.37982e+14 9.59339e+14 1.50295e+15 2.12631e+15 2.79269e+15 3.49255e+15 4.16918e+15 4.79229e+15 5.32186e+15 5.75759e+15 6.1537e+15 6.4799e+15 6.67382e+15 6.88567e+15 6.87354e+15 0 0 0 0 0 0 0 0 0 0 0 0 0 0 0 0 0 0 0 0 0 0 0 0 0 0 0 0 0 0 0 0 
0 0 0 0 0 0 0 0 0 0 0 0 0 3.03749e+10 1.29037e+12 1.33257e+13 7.13001e+13 2.4886e+14 6.44346e+14 1.32471e+15 2.33618e+15 3.64866e+15 5.19621e+15 6.85866e+15 8.59985e+15 1.0275e+16 1.18501e+16 1.32901e+16 1.43865e+16 1.53647e+16 1.62126e+16 1.66184e+16 1.67961e+16 0 0 0 0 0 0 0 0 0 0 0 0 0 0 0 0 0 0 0 0 0 0 0 0 0 0 0 0 0 0 0 0 
0 0 0 0 0 0 0 0 0 0 0 0 0 0 3.05144e+11 5.69506e+12 4.31665e+13 1.94519e+14 6.17954e+14 1.51777e+15 3.03514e+15 5.27867e+15 8.19914e+15 1.16615e+16 1.54569e+16 1.95179e+16 2.33163e+16 2.68558e+16 3.02703e+16 3.28014e+16 3.45618e+16 3.55658e+16 3.63518e+16 0 0 0 0 0 0 0 0 0 0 0 0 0 0 0 0 0 0 0 0 0 0 0 0 0 0 0 0 0 0 0 0 
0 0 0 0 0 0 0 0 0 0 0 0 0 0 3.65974e+10 1.74077e+12 2.0328e+13 1.23075e+14 4.8397e+14 1.42863e+15 3.32832e+15 6.50894e+15 1.11297e+16 1.72117e+16 2.43299e+16 3.1953e+16 4.04023e+16 4.85652e+16 5.55995e+16 6.10145e+16 6.59293e+16 6.83354e+16 6.89976e+16 0 0 0 0 0 0 0 0 0 0 0 0 0 0 0 0 0 0 0 0 0 0 0 0 0 0 0 0 0 0 0 0 
0 0 0 0 0 0 0 0 0 0 0 0 0 0 0 3.48116e+11 7.24668e+12 6.1545e+13 3.10643e+14 1.09125e+15 3.01713e+15 6.70958e+15 1.28061e+16 2.15537e+16 3.29376e+16 4.64131e+16 6.05643e+16 7.51944e+16 8.87024e+16 1.01752e+17 1.10057e+17 1.1704e+17 1.19002e+17 0 0 0 0 0 0 0 0 0 0 0 0 0 0 0 0 0 0 0 0 0 0 0 0 0 0 0 0 0 0 0 0 
0 0 0 0 0 0 0 0 0 0 0 0 0 0 0 3.65047e+10 1.86437e+12 2.41721e+13 1.62631e+14 7.07969e+14 2.25916e+15 5.85441e+15 1.25005e+16 2.30655e+16 3.80246e+16 5.72397e+16 7.95413e+16 1.02549e+17 1.25788e+17 1.46233e+17 1.62613e+17 1.72403e+17 1.75176e+17 0 0 0 0 0 0 0 0 0 0 0 0 0 0 0 0 0 0 0 0 0 0 0 0 0 0 0 0 0 0 0 0 
0 0 0 0 0 0 0 0 0 0 0 0 0 0 0 0 3.22584e+11 7.26244e+12 6.72263e+13 3.71488e+14 1.43258e+15 4.24526e+15 1.02833e+16 2.11159e+16 3.78731e+16 6.08962e+16 8.91375e+16 1.213e+17 1.54204e+17 1.82904e+17 2.08462e+17 2.23085e+17 2.2873e+17 0 0 0 0 0 0 0 0 0 0 0 0 0 0 0 0 0 0 0 0 0 0 0 0 0 0 0 0 0 0 0 0 
0 0 0 0 0 0 0 0 0 0 0 0 0 0 0 0 2.97399e+10 1.62755e+12 2.23654e+13 1.61701e+14 7.68513e+14 2.61595e+15 7.23361e+15 1.6554e+16 3.26725e+16 5.5976e+16 8.78241e+16 1.24809e+17 1.63266e+17 2.02274e+17 2.31421e+17 2.52492e+17 2.60603e+17 0 0 0 0 0 0 0 0 0 0 0 0 0 0 0 0 0 0 0 0 0 0 0 0 0 0 0 0 0 0 0 0 
0 0 0 0 0 0 0 0 0 0 0 0 0 0 0 0 0 2.43515e+11 5.77203e+12 5.6755e+13 3.31611e+14 1.39046e+15 4.32152e+15 1.10688e+16 2.37133e+16 4.50624e+16 7.43072e+16 1.12008e+17 1.54266e+17 1.93456e+17 2.2875e+17 2.53368e+17 2.60972e+17 0 0 0 0 0 0 0 0 0 0 0 0 0 0 0 0 0 0 0 0 0 0 0 0 0 0 0 0 0 0 0 0 
0 0 0 0 0 0 0 0 0 0 0 0 0 0 0 0 0 2.00447e+10 1.14154e+12 1.63496e+13 1.23706e+14 6.11573e+14 2.23318e+15 6.43108e+15 1.51754e+16 3.06101e+16 5.44727e+16 8.65972e+16 1.2466e+17 1.64242e+17 1.97656e+17 2.18769e+17 2.28181e+17 0 0 0 0 0 0 0 0 0 0 0 0 0 0 0 0 0 0 0 0 0 0 0 0 0 0 0 0 0 0 0 0 
0 0 0 0 0 0 0 0 0 0 0 0 0 0 0 0 0 0 1.51207e+11 3.71008e+12 3.71816e+13 2.26456e+14 9.8317e+14 3.13421e+15 8.405e+15 1.85173e+16 3.52482e+16 5.8529e+16 8.7433e+16 1.1895e+17 1.47309e+17 1.6758e+17 1.72346e+17 0 0 0 0 0 0 0 0 0 0 0 0 0 0 0 0 0 0 0 0 0 0 0 0 0 0 0 0 0 0 0 0 
0 0 0 0 0 0 0 0 0 0 0 0 0 0 0 0 0 0 1.15413e+10 6.43261e+11 9.37995e+12 7.24063e+13 3.64238e+14 1.37954e+15 3.99932e+15 9.70669e+15 1.98649e+16 3.53641e+16 5.52072e+16 7.69813e+16 9.7332e+16 1.11909e+17 1.1834e+17 0 0 0 0 0 0 0 0 0 0 0 0 0 0 0 0 0 0 0 0 0 0 0 0 0 0 0 0 0 0 0 0 
0 0 0 0 0 0 0 0 0 0 0 0 0 0 0 0 0 0 0 7.74194e+10 1.91849e+12 1.91695e+13 1.17114e+14 5.12215e+14 1.6735e+15 4.39062e+15 9.79512e+15 1.83846e+16 3.02594e+16 4.41771e+16 5.72236e+16 6.65523e+16 7.00235e+16 0 0 0 0 0 0 0 0 0 0 0 0 0 0 0 0 0 0 0 0 0 0 0 0 0 0 0 0 0 0 0 0 
0 0 0 0 0 0 0 0 0 0 0 0 0 0 0 0 0 0 0 5.77672e+09 2.93793e+11 4.27582e+12 3.32411e+13 1.64804e+14 6.18809e+14 1.79471e+15 4.25594e+15 8.60855e+15 1.48645e+16 2.22189e+16 2.97628e+16 3.51303e+16 3.69109e+16 0 0 0 0 0 0 0 0 0 0 0 0 0 0 0 0 0 0 0 0 0 0 0 0 0 0 0 0 0 0 0 0 
0 0 0 0 0 0 0 0 0 0 0 0 0 0 0 0 0 0 0 0 3.28935e+10 7.91096e+11 7.78735e+12 4.73527e+13 1.98682e+14 6.43564e+14 1.65559e+15 3.52865e+15 6.4079e+15 1.00561e+16 1.3597e+16 1.66442e+16 1.77772e+16 0 0 0 0 0 0 0 0 0 0 0 0 0 0 0 0 0 0 0 0 0 0 0 0 0 0 0 0 0 0 0 0 
0 0 0 0 0 0 0 0 0 0 0 0 0 0 0 0 0 0 0 0 2.40254e+09 1.10799e+11 1.55309e+12 1.17869e+13 5.76684e+13 2.05528e+14 5.72154e+14 1.33148e+15 2.55173e+15 4.12269e+15 5.84773e+15 6.9705e+15 7.48574e+15 0 0 0 0 0 0 0 0 0 0 0 0 0 0 0 0 0 0 0 0 0 0 0 0 0 0 0 0 0 0 0 0 
0 0 0 0 0 0 0 0 0 0 0 0 0 0 0 0 0 0 0 0 0 1.18111e+10 2.63617e+11 2.44891e+12 1.45639e+13 5.90205e+13 1.80886e+14 4.37492e+14 8.75594e+14 1.50129e+15 2.16664e+15 2.70489e+15 2.89421e+15 0 0 0 0 0 0 0 0 0 0 0 0 0 0 0 0 0 0 0 0 0 0 0 0 0 0 0 0 0 0 0 0 
0 0 0 0 0 0 0 0 0 0 0 0 0 0 0 0 0 0 0 0 0 8.84821e+08 3.53662e+10 4.58699e+11 3.21159e+12 1.50201e+13 5.13537e+13 1.33671e+14 2.82713e+14 4.9483e+14 7.32447e+14 9.24302e+14 9.97317e+14 0 0 0 0 0 0 0 0 0 0 0 0 0 0 0 0 0 0 0 0 0 0 0 0 0 0 0 0 0 0 0 0 
0 0 0 0 0 0 0 0 0 0 0 0 0 0 0 0 0 0 0 0 0 0 3.55935e+09 7.19044e+10 6.15227e+11 3.38288e+12 1.2961e+13 3.68334e+13 8.34355e+13 1.52748e+14 2.3338e+14 2.994e+14 3.25339e+14 0 0 0 0 0 0 0 0 0 0 0 0 0 0 0 0 0 0 0 0 0 0 0 0 0 0 0 0 0 0 0 0 
0 0 0 0 0 0 0 0 0 0 0 0 0 0 0 0 0 0 0 0 0 0 3.10612e+08 9.34128e+09 1.09025e+11 6.82462e+11 2.95883e+12 9.31902e+12 2.22262e+13 4.39782e+13 6.77464e+13 8.86835e+13 9.63601e+13 0 0 0 0 0 0 0 0 0 0 0 0 0 0 0 0 0 0 0 0 0 0 0 0 0 0 0 0 0 0 0 0 
0 0 0 0 0 0 0 0 0 0 0 0 0 0 0 0 0 0 0 0 0 0 0 9.30123e+08 1.63263e+10 1.24653e+11 6.15316e+11 2.13529e+12 5.52225e+12 1.10262e+13 1.84266e+13 2.45255e+13 2.69749e+13 0 0 0 0 0 0 0 0 0 0 0 0 0 0 0 0 0 0 0 0 0 0 0 0 0 0 0 0 0 0 0 0 
0 0 0 0 0 0 0 0 0 0 0 0 0 0 0 0 0 0 0 0 0 0 0 9.91799e+07 2.18154e+09 2.13058e+10 1.15365e+11 4.52381e+11 1.25137e+12 2.73717e+12 4.56097e+12 6.29876e+12 6.84243e+12 0 0 0 0 0 0 0 0 0 0 0 0 0 0 0 0 0 0 0 0 0 0 0 0 0 0 0 0 0 0 0 0 
0 0 0 0 0 0 0 0 0 0 0 0 0 0 0 0 0 0 0 0 0 0 0 0 2.22243e+08 3.17471e+09 2.08254e+10 8.75982e+10 2.62244e+11 5.94697e+11 1.03383e+12 1.47282e+12 1.64149e+12 0 0 0 0 0 0 0 0 0 0 0 0 0 0 0 0 0 0 0 0 0 0 0 0 0 0 0 0 0 0 0 0 
0 0 0 0 0 0 0 0 0 0 0 0 0 0 0 0 0 0 0 0 0 0 0 0 2.94771e+07 4.48117e+08 3.45488e+09 1.61484e+10 5.31117e+10 1.28096e+11 2.37593e+11 3.27049e+11 3.73369e+11 0 0 0 0 0 0 0 0 0 0 0 0 0 0 0 0 0 0 0 0 0 0 0 0 0 0 0 0 0 0 0 0 
0 0 0 0 0 0 0 0 0 0 0 0 0 0 0 0 0 0 0 0 0 0 0 0 0 4.49279e+07 5.22616e+08 2.8516e+09 1.0072e+10 2.58127e+10 4.78427e+10 7.08897e+10 8.18787e+10 0 0 0 0 0 0 0 0 0 0 0 0 0 0 0 0 0 0 0 0 0 0 0 0 0 0 0 0 0 0 0 0 
0 0 0 0 0 0 0 0 0 0 0 0 0 0 0 0 0 0 0 0 0 0 0 0 0 7.93523e+06 8.07606e+07 4.81638e+08 1.84132e+09 4.98062e+09 9.95915e+09 1.45129e+10 1.67361e+10 0 0 0 0 0 0 0 0 0 0 0 0 0 0 0 0 0 0 0 0 0 0 0 0 0 0 0 0 0 0 0 0 
0 0 0 0 0 0 0 0 0 0 0 0 0 0 0 0 0 0 0 0 0 0 0 0 0 0 7.63077e+06 7.87359e+07 3.28234e+08 9.27076e+08 1.96364e+09 2.99058e+09 3.42448e+09 0 0 0 0 0 0 0 0 0 0 0 0 0 0 0 0 0 0 0 0 0 0 0 0 0 0 0 0 0 0 0 0 
0 0 0 0 0 0 0 0 0 0 0 0 0 0 0 0 0 0 0 0 0 0 0 0 0 0 1.92979e+06 1.27863e+07 5.71989e+07 1.81879e+08 3.71204e+08 6.03318e+08 6.79325e+08 0 0 0 0 0 0 0 0 0 0 0 0 0 0 0 0 0 0 0 0 0 0 0 0 0 0 0 0 0 0 0 0 
0 0 0 0 0 0 0 0 0 0 0 0 0 0 0 0 0 0 0 0 0 0 0 0 0 0 0 1.06214e+06 1.04316e+07 3.24344e+07 7.4071e+07 1.19882e+08 1.35641e+08 0 0 0 0 0 0 0 0 0 0 0 0 0 0 0 0 0 0 0 0 0 0 0 0 0 0 0 0 0 0 0 0 
0 0 0 0 0 0 0 0 0 0 0 0 0 0 0 0 0 0 0 0 0 0 0 0 0 0 0 402611 1.6507e+06 5.65032e+06 1.52862e+07 2.15447e+07 2.87186e+07 0 0 0 0 0 0 0 0 0 0 0 0 0 0 0 0 0 0 0 0 0 0 0 0 0 0 0 0 0 0 0 0 
0 0 0 0 0 0 0 0 0 0 0 0 0 0 0 0 0 0 0 0 0 0 0 0 0 0 0 0 107818 1.19457e+06 2.33135e+06 4.52817e+06 5.06905e+06 0 0 0 0 0 0 0 0 0 0 0 0 0 0 0 0 0 0 0 0 0 0 0 0 0 0 0 0 0 0 0 0 
0 0 0 0 0 0 0 0 0 0 0 0 0 0 0 0 0 0 0 0 0 0 0 0 0 0 0 0 69292.2 165895 466858 989303 894213 0 0 0 0 0 0 0 0 0 0 0 0 0 0 0 0 0 0 0 0 0 0 0 0 0 0 0 0 0 0 0 0 
0 0 0 0 0 0 0 0 0 0 0 0 0 0 0 0 0 0 0 0 0 0 0 0 0 0 0 0 0 7368.13 110880 108005 238954 0 0 0 0 0 0 0 0 0 0 0 0 0 0 0 0 0 0 0 0 0 0 0 0 0 0 0 0 0 0 0 0 
0 0 0 0 0 0 0 0 0 0 0 0 0 0 0 0 0 0 0 0 0 0 0 0 0 0 0 0 0 9359.22 11193.8 33069.1 38646.3 0 0 0 0 0 0 0 0 0 0 0 0 0 0 0 0 0 0 0 0 0 0 0 0 0 0 0 0 0 0 0 0 
0 0 0 0 0 0 0 0 0 0 0 0 0 0 0 0 0 0 0 0 0 0 0 0 0 0 0 0 0 0 248.963 7216.19 1954.05 0 0 0 0 0 0 0 0 0 0 0 0 0 0 0 0 0 0 0 0 0 0 0 0 0 0 0 0 0 0 0 0 
0 0 0 0 0 0 0 0 0 0 0 0 0 0 0 0 0 0 0 0 0 0 0 0 0 0 0 0 0 0 929.371 368.081 1953.67 0 0 0 0 0 0 0 0 0 0 0 0 0 0 0 0 0 0 0 0 0 0 0 0 0 0 0 0 0 0 0 0 
0 0 0 0 0 0 0 0 0 0 0 0 0 0 0 0 0 0 0 0 0 0 0 0 0 0 0 0 0 0 0 0 241.348 0 0 0 0 0 0 0 0 0 0 0 0 0 0 0 0 0 0 0 0 0 0 0 0 0 0 0 0 0 0 0 0 
0 0 0 0 0 0 0 0 0 0 0 0 0 0 0 0 0 0 0 0 0 0 0 0 0 0 0 0 0 0 0 59.9594 0 0 0 0 0 0 0 0 0 0 0 0 0 0 0 0 0 0 0 0 0 0 0 0 0 0 0 0 0 0 0 0 0 
0 0 0 0 0 0 0 0 0 0 0 0 0 0 0 0 0 0 0 0 0 0 0 0 0 0 0 0 0 0 0 0 0 0 0 0 0 0 0 0 0 0 0 0 0 0 0 0 0 0 0 0 0 0 0 0 0 0 0 0 0 0 0 0 0 
0 0 0 0 0 0 0 0 0 0 0 0 0 0 0 0 0 0 0 0 0 0 0 0 0 0 0 0 0 0 0 0 1.87373 0 0 0 0 0 0 0 0 0 0 0 0 0 0 0 0 0 0 0 0 0 0 0 0 0 0 0 0 0 0 0 0 
