1 0 0 0 0 0 0 0 0 0 0 0 0 0 0 0 0 0 0 0 0 0 0 0 0 0 0 0 0 0 0 0 0 0 0 0 0 0 0 0 0 0 0 0 0 0 0 0 0 0 0 0 0 0 0 0 0 0 0 0 0 0 0 0 0 
0 0 0 0 0 0 0 0 0 0 0 0 0 0 0 0 0 0 0 0 0 0 0 0 0 0 0 0 0 0 0 0 0 0 0 0 0 0 0 0 0 0 0 0 0 0 0 0 0 0 0 0 0 0 0 0 0 0 0 0 0 0 0 0 0 
0 64 0 0 0 0 0 0 0 0 0 0 0 0 0 0 0 0 0 0 0 0 0 0 0 0 0 0 0 0 0 0 0 0 0 0 0 0 0 0 0 0 0 0 0 0 0 0 0 0 0 0 0 0 0 0 0 0 0 0 0 0 0 0 0 
0 0 128 0 0 0 0 0 0 0 0 0 0 0 0 0 0 0 0 0 0 0 0 0 0 0 0 0 0 0 0 0 0 0 0 0 0 0 0 0 0 0 0 0 0 0 0 0 0 0 0 0 0 0 0 0 0 0 0 0 0 0 0 0 0 
0 0 1888 382.496 64.1637 0 0 0 0 0 0 0 0 0 0 0 0 0 0 0 0 0 0 0 0 0 0 0 0 0 0 0 0 0 0 0 0 0 0 0 0 0 0 0 0 0 0 0 0 0 0 0 0 0 0 0 0 0 0 0 0 0 0 0 0 
0 0 0 7171.01 1156.66 497.172 115.573 0 0 0 0 0 0 0 0 0 0 0 0 0 0 0 0 0 0 0 0 0 0 0 0 0 0 0 0 0 0 0 0 0 0 0 0 0 0 0 0 0 0 0 0 0 0 0 0 0 0 0 0 0 0 0 0 0 0 
0 0 0 34110.5 27426.3 6542.16 2333.91 1347.46 361.789 46.1737 0 0 0 0 0 0 0 0 0 0 0 0 0 0 0 0 0 0 0 0 0 0 0 0 0 0 0 0 0 0 0 0 0 0 0 0 0 0 0 0 0 0 0 0 0 0 0 0 0 0 0 0 0 0 0 
0 0 0 0 183469 98725.1 43678.3 16521.9 7826.15 4656.86 1857.09 539.749 131.814 0 0 0 0 0 0 0 0 0 0 0 0 0 0 0 0 0 0 0 0 0 0 0 0 0 0 0 0 0 0 0 0 0 0 0 0 0 0 0 0 0 0 0 0 0 0 0 0 0 0 0 0 
0 0 0 0 423260 827463 402606 221724 119729 55523.9 36069 21012.1 10524.7 4718.68 1523.26 407.426 63.726 0 0 0 0 0 0 0 11.8413 0 0 0 0 0 0 0 13.951 0 0 0 0 0 0 0 0 0 0 0 0 0 0 0 0 0 0 0 0 0 0 0 0 0 0 0 0 0 0 0 0 
0 0 0 0 0 2.8612e+06 3.3302e+06 1.97687e+06 1.11949e+06 727588 467671 264573 160755 93669.8 56343.6 28578.1 11720.1 6125.3 1425.7 520.574 401.078 550.111 299.055 126.843 0 159.423 196.248 156.652 222.549 314.839 304.031 258.795 0 0 0 0 0 0 0 0 0 0 0 0 0 0 0 0 0 0 0 0 0 0 0 0 0 0 0 0 0 0 0 0 0 
0 0 0 0 0 3.83008e+06 1.4622e+07 1.33917e+07 9.33917e+06 6.17368e+06 4.06211e+06 2.80713e+06 1.81193e+06 1.13044e+06 801673 498688 308422 183888 111104 73451.2 33581.3 23120.8 11097.1 11239.1 10617 7625.76 7970.68 8419.37 8692.6 9976.78 9928.13 8158.16 13111.5 0 0 0 0 0 0 0 0 0 0 0 0 0 0 0 0 0 0 0 0 0 0 0 0 0 0 0 0 0 0 0 0 
0 0 0 0 0 0 3.03259e+07 6.42458e+07 5.78277e+07 4.34012e+07 3.04826e+07 2.19727e+07 1.58039e+07 1.21353e+07 8.34619e+06 5.85713e+06 4.09714e+06 2.94805e+06 2.10324e+06 1.46442e+06 963577 692975 507648 364213 268353 235727 182373 211722 210345 225844 219373 211395 228049 0 0 0 0 0 0 0 0 0 0 0 0 0 0 0 0 0 0 0 0 0 0 0 0 0 0 0 0 0 0 0 0 
0 0 0 0 0 0 2.62475e+07 1.6894e+08 2.64331e+08 2.50799e+08 2.00617e+08 1.56888e+08 1.22465e+08 8.76313e+07 7.19777e+07 5.39865e+07 4.11593e+07 2.98372e+07 2.22052e+07 1.76499e+07 1.31702e+07 1.08405e+07 8.55794e+06 6.63784e+06 5.64679e+06 4.39591e+06 4.00824e+06 3.56123e+06 3.44818e+06 3.29722e+06 3.49484e+06 3.47325e+06 3.32804e+06 0 0 0 0 0 0 0 0 0 0 0 0 0 0 0 0 0 0 0 0 0 0 0 0 0 0 0 0 0 0 0 0 
0 0 0 0 0 0 0 2.32763e+08 7.85284e+08 1.06876e+09 1.04481e+09 9.06395e+08 7.56525e+08 6.35374e+08 5.13229e+08 4.14902e+08 3.17171e+08 2.5835e+08 2.1368e+08 1.67319e+08 1.39423e+08 1.0827e+08 8.6332e+07 7.85299e+07 6.51916e+07 5.9072e+07 5.11301e+07 4.9071e+07 4.35632e+07 4.21082e+07 3.98061e+07 4.21614e+07 3.95188e+07 0 0 0 0 0 0 0 0 0 0 0 0 0 0 0 0 0 0 0 0 0 0 0 0 0 0 0 0 0 0 0 0 
0 0 0 0 0 0 0 1.39659e+08 1.38088e+09 3.29777e+09 4.27514e+09 4.38614e+09 4.08154e+09 3.57986e+09 2.98659e+09 2.53453e+09 2.22453e+09 1.81834e+09 1.47069e+09 1.29759e+09 1.08216e+09 9.37093e+08 8.0572e+08 7.03917e+08 6.0221e+08 5.46184e+08 4.98573e+08 4.66184e+08 4.43345e+08 4.06937e+08 4.01266e+08 3.82733e+08 3.50063e+08 0 0 0 0 0 0 0 0 0 0 0 0 0 0 0 0 0 0 0 0 0 0 0 0 0 0 0 0 0 0 0 0 
0 0 0 0 0 0 0 0 1.33976e+09 6.66776e+09 1.31651e+10 1.67304e+10 1.78319e+10 1.74738e+10 1.60023e+10 1.43384e+10 1.24483e+10 1.10252e+10 9.49769e+09 8.20857e+09 7.06776e+09 6.36168e+09 5.89476e+09 5.09196e+09 4.7809e+09 4.21366e+09 3.93077e+09 3.6356e+09 3.40917e+09 3.36304e+09 3.1914e+09 2.97196e+09 2.95847e+09 0 0 0 0 0 0 0 0 0 0 0 0 0 0 0 0 0 0 0 0 0 0 0 0 0 0 0 0 0 0 0 0 
0 0 0 0 0 0 0 0 5.87495e+08 8.31436e+09 2.84024e+10 5.05322e+10 6.45056e+10 7.06428e+10 7.14641e+10 6.75182e+10 6.3832e+10 5.94949e+10 5.44574e+10 4.87801e+10 4.41511e+10 4.06168e+10 3.71417e+10 3.48651e+10 3.04315e+10 2.89423e+10 2.63982e+10 2.57075e+10 2.4087e+10 2.36136e+10 2.1518e+10 2.10601e+10 2.0499e+10 0 0 0 0 0 0 0 0 0 0 0 0 0 0 0 0 0 0 0 0 0 0 0 0 0 0 0 0 0 0 0 0 
0 0 0 0 0 0 0 0 0 5.9179e+09 4.10009e+10 1.11154e+11 1.86534e+11 2.40283e+11 2.71841e+11 2.82875e+11 2.82488e+11 2.75778e+11 2.65655e+11 2.53812e+11 2.34901e+11 2.16402e+11 1.99652e+11 1.84775e+11 1.74957e+11 1.69113e+11 1.58586e+11 1.51009e+11 1.45893e+11 1.3733e+11 1.35671e+11 1.28682e+11 1.29261e+11 0 0 0 0 0 0 0 0 0 0 0 0 0 0 0 0 0 0 0 0 0 0 0 0 0 0 0 0 0 0 0 0 
0 0 0 0 0 0 0 0 0 1.97287e+09 3.74204e+10 1.7467e+11 4.11045e+11 6.67563e+11 8.69107e+11 1.03343e+12 1.10793e+12 1.14081e+12 1.1449e+12 1.12154e+12 1.0893e+12 1.03138e+12 9.83815e+11 9.47951e+11 9.26466e+11 8.73148e+11 8.48057e+11 7.94507e+11 7.91969e+11 7.50678e+11 7.44559e+11 7.55614e+11 7.28092e+11 0 0 0 0 0 0 0 0 0 0 0 0 0 0 0 0 0 0 0 0 0 0 0 0 0 0 0 0 0 0 0 0 
0 0 0 0 0 0 0 0 0 0 2.06116e+10 1.864e+11 6.73115e+11 1.4483e+12 2.31218e+12 3.04219e+12 3.64442e+12 4.06775e+12 4.3332e+12 4.4413e+12 4.42495e+12 4.42258e+12 4.38791e+12 4.33191e+12 4.30838e+12 4.06706e+12 3.93455e+12 3.84993e+12 3.80448e+12 3.82504e+12 3.67223e+12 3.65085e+12 3.62586e+12 0 0 0 0 0 0 0 0 0 0 0 0 0 0 0 0 0 0 0 0 0 0 0 0 0 0 0 0 0 0 0 0 
0 0 0 0 0 0 0 0 0 0 5.31709e+09 1.30602e+11 7.8218e+11 2.39083e+12 4.84126e+12 7.62367e+12 1.02646e+13 1.2615e+13 1.44722e+13 1.56073e+13 1.64234e+13 1.69761e+13 1.73521e+13 1.74488e+13 1.72175e+13 1.72221e+13 1.68526e+13 1.66237e+13 1.66867e+13 1.64243e+13 1.71205e+13 1.65074e+13 1.65411e+13 0 0 0 0 0 0 0 0 0 0 0 0 0 0 0 0 0 0 0 0 0 0 0 0 0 0 0 0 0 0 0 0 
0 0 0 0 0 0 0 0 0 0 0 5.64301e+10 6.45109e+11 2.93016e+12 7.95348e+12 1.54668e+13 2.42086e+13 3.29731e+13 4.13945e+13 4.85348e+13 5.36932e+13 5.81778e+13 6.07766e+13 6.34184e+13 6.55138e+13 6.5988e+13 6.59601e+13 6.72952e+13 6.77541e+13 6.8027e+13 6.76879e+13 6.78125e+13 6.67938e+13 0 0 0 0 0 0 0 0 0 0 0 0 0 0 0 0 0 0 0 0 0 0 0 0 0 0 0 0 0 0 0 0 
0 0 0 0 0 0 0 0 0 0 0 1.16029e+10 3.55101e+11 2.65251e+12 9.9882e+12 2.49763e+13 4.68122e+13 7.3537e+13 1.01314e+14 1.28938e+14 1.54166e+14 1.75313e+14 1.93749e+14 2.0702e+14 2.19701e+14 2.31115e+14 2.37125e+14 2.41563e+14 2.42852e+14 2.47525e+14 2.45388e+14 2.53164e+14 2.46715e+14 0 0 0 0 0 0 0 0 0 0 0 0 0 0 0 0 0 0 0 0 0 0 0 0 0 0 0 0 0 0 0 0 
0 0 0 0 0 0 0 0 0 0 0 0 1.23224e+11 1.70584e+12 9.58482e+12 3.14445e+13 7.41933e+13 1.35368e+14 2.12254e+14 2.97857e+14 3.82772e+14 4.61355e+14 5.38176e+14 6.11202e+14 6.69151e+14 7.08203e+14 7.48865e+14 7.72696e+14 7.9948e+14 8.01267e+14 8.19433e+14 8.16847e+14 8.39664e+14 0 0 0 0 0 0 0 0 0 0 0 0 0 0 0 0 0 0 0 0 0 0 0 0 0 0 0 0 0 0 0 0 
0 0 0 0 0 0 0 0 0 0 0 0 2.05912e+10 7.64093e+11 6.80795e+12 3.09813e+13 9.22328e+13 2.0648e+14 3.71377e+14 5.80781e+14 8.26161e+14 1.07562e+15 1.3286e+15 1.55341e+15 1.76347e+15 1.96093e+15 2.1141e+15 2.2202e+15 2.33917e+15 2.42665e+15 2.4763e+15 2.50557e+15 2.52841e+15 0 0 0 0 0 0 0 0 0 0 0 0 0 0 0 0 0 0 0 0 0 0 0 0 0 0 0 0 0 0 0 0 
0 0 0 0 0 0 0 0 0 0 0 0 0 2.14779e+11 3.5059e+12 2.34383e+13 9.12644e+13 2.52185e+14 5.41864e+14 9.64995e+14 1.50264e+15 2.15455e+15 2.78346e+15 3.50898e+15 4.14682e+15 4.78339e+15 5.2942e+15 5.85909e+15 6.22604e+15 6.4605e+15 6.65167e+15 6.88451e+15 6.8674e+15 0 0 0 0 0 0 0 0 0 0 0 0 0 0 0 0 0 0 0 0 0 0 0 0 0 0 0 0 0 0 0 0 
0 0 0 0 0 0 0 0 0 0 0 0 0 3.00711e+10 1.29116e+12 1.3369e+13 7.12398e+13 2.46279e+14 6.38513e+14 1.32135e+15 2.32141e+15 3.61135e+15 5.20493e+15 6.83355e+15 8.60374e+15 1.02636e+16 1.18931e+16 1.32954e+16 1.43711e+16 1.54933e+16 1.63388e+16 1.65214e+16 1.68492e+16 0 0 0 0 0 0 0 0 0 0 0 0 0 0 0 0 0 0 0 0 0 0 0 0 0 0 0 0 0 0 0 0 
0 0 0 0 0 0 0 0 0 0 0 0 0 0 3.02622e+11 5.66068e+12 4.34568e+13 1.96599e+14 6.17638e+14 1.51653e+15 3.05811e+15 5.27026e+15 8.23809e+15 1.16554e+16 1.54334e+16 1.94605e+16 2.32677e+16 2.67835e+16 3.02332e+16 3.27913e+16 3.46039e+16 3.56982e+16 3.60533e+16 0 0 0 0 0 0 0 0 0 0 0 0 0 0 0 0 0 0 0 0 0 0 0 0 0 0 0 0 0 0 0 0 
0 0 0 0 0 0 0 0 0 0 0 0 0 0 3.61282e+10 1.73172e+12 2.03108e+13 1.23642e+14 4.893e+14 1.42108e+15 3.31233e+15 6.54229e+15 1.10667e+16 1.71051e+16 2.43711e+16 3.19732e+16 4.02588e+16 4.7761e+16 5.485e+16 6.09766e+16 6.55191e+16 6.89446e+16 6.99215e+16 0 0 0 0 0 0 0 0 0 0 0 0 0 0 0 0 0 0 0 0 0 0 0 0 0 0 0 0 0 0 0 0 
0 0 0 0 0 0 0 0 0 0 0 0 0 0 0 3.47659e+11 7.21789e+12 6.06857e+13 3.09759e+14 1.10045e+15 3.00809e+15 6.68771e+15 1.28099e+16 2.15962e+16 3.26912e+16 4.6409e+16 6.05768e+16 7.58218e+16 8.93949e+16 1.01233e+17 1.10178e+17 1.152e+17 1.17675e+17 0 0 0 0 0 0 0 0 0 0 0 0 0 0 0 0 0 0 0 0 0 0 0 0 0 0 0 0 0 0 0 0 
0 0 0 0 0 0 0 0 0 0 0 0 0 0 0 3.56875e+10 1.8567e+12 2.4363e+13 1.6123e+14 7.09379e+14 2.27233e+15 5.8382e+15 1.25013e+16 2.31528e+16 3.83011e+16 5.6882e+16 7.96198e+16 1.02736e+17 1.25376e+17 1.45295e+17 1.60766e+17 1.70942e+17 1.75089e+17 0 0 0 0 0 0 0 0 0 0 0 0 0 0 0 0 0 0 0 0 0 0 0 0 0 0 0 0 0 0 0 0 
0 0 0 0 0 0 0 0 0 0 0 0 0 0 0 0 3.2579e+11 7.21424e+12 6.7509e+13 3.71598e+14 1.44739e+15 4.27924e+15 1.03305e+16 2.12083e+16 3.79599e+16 6.13788e+16 8.89338e+16 1.2131e+17 1.54928e+17 1.85102e+17 2.09168e+17 2.25784e+17 2.27224e+17 0 0 0 0 0 0 0 0 0 0 0 0 0 0 0 0 0 0 0 0 0 0 0 0 0 0 0 0 0 0 0 0 
0 0 0 0 0 0 0 0 0 0 0 0 0 0 0 0 2.94489e+10 1.60531e+12 2.21865e+13 1.59059e+14 7.5416e+14 2.62229e+15 7.19509e+15 1.65682e+16 3.24679e+16 5.6402e+16 8.82442e+16 1.24789e+17 1.63431e+17 2.0117e+17 2.34437e+17 2.54396e+17 2.6279e+17 0 0 0 0 0 0 0 0 0 0 0 0 0 0 0 0 0 0 0 0 0 0 0 0 0 0 0 0 0 0 0 0 
0 0 0 0 0 0 0 0 0 0 0 0 0 0 0 0 0 2.47157e+11 5.77912e+12 5.7159e+13 3.32519e+14 1.37758e+15 4.34909e+15 1.09316e+16 2.38907e+16 4.43605e+16 7.44057e+16 1.12354e+17 1.53579e+17 1.94834e+17 2.28035e+17 2.52617e+17 2.62078e+17 0 0 0 0 0 0 0 0 0 0 0 0 0 0 0 0 0 0 0 0 0 0 0 0 0 0 0 0 0 0 0 0 
0 0 0 0 0 0 0 0 0 0 0 0 0 0 0 0 0 2.002e+10 1.12571e+12 1.63051e+13 1.22457e+14 6.06242e+14 2.22823e+15 6.40291e+15 1.51375e+16 3.08943e+16 5.43993e+16 8.62394e+16 1.24775e+17 1.62762e+17 1.96456e+17 2.17937e+17 2.27327e+17 0 0 0 0 0 0 0 0 0 0 0 0 0 0 0 0 0 0 0 0 0 0 0 0 0 0 0 0 0 0 0 0 
0 0 0 0 0 0 0 0 0 0 0 0 0 0 0 0 0 0 1.52828e+11 3.66398e+12 3.7753e+13 2.28767e+14 9.6933e+14 3.19748e+15 8.28688e+15 1.84379e+16 3.52002e+16 5.89141e+16 8.83373e+16 1.20032e+17 1.48337e+17 1.66898e+17 1.73765e+17 0 0 0 0 0 0 0 0 0 0 0 0 0 0 0 0 0 0 0 0 0 0 0 0 0 0 0 0 0 0 0 0 
0 0 0 0 0 0 0 0 0 0 0 0 0 0 0 0 0 0 1.14025e+10 6.35498e+11 9.30847e+12 7.19538e+13 3.66171e+14 1.36707e+15 4.05583e+15 9.65392e+15 1.98287e+16 3.48873e+16 5.44621e+16 7.64626e+16 9.68914e+16 1.12508e+17 1.17227e+17 0 0 0 0 0 0 0 0 0 0 0 0 0 0 0 0 0 0 0 0 0 0 0 0 0 0 0 0 0 0 0 0 
0 0 0 0 0 0 0 0 0 0 0 0 0 0 0 0 0 0 0 7.85722e+10 1.86985e+12 1.92628e+13 1.17752e+14 5.09343e+14 1.67556e+15 4.42411e+15 9.68273e+15 1.8586e+16 3.02605e+16 4.38891e+16 5.67672e+16 6.65493e+16 6.94221e+16 0 0 0 0 0 0 0 0 0 0 0 0 0 0 0 0 0 0 0 0 0 0 0 0 0 0 0 0 0 0 0 0 
0 0 0 0 0 0 0 0 0 0 0 0 0 0 0 0 0 0 0 5.47621e+09 2.96647e+11 4.25561e+12 3.31443e+13 1.65221e+14 6.11976e+14 1.80231e+15 4.26621e+15 8.46977e+15 1.48417e+16 2.23737e+16 2.97687e+16 3.48105e+16 3.71968e+16 0 0 0 0 0 0 0 0 0 0 0 0 0 0 0 0 0 0 0 0 0 0 0 0 0 0 0 0 0 0 0 0 
0 0 0 0 0 0 0 0 0 0 0 0 0 0 0 0 0 0 0 0 3.31927e+10 7.75036e+11 7.69441e+12 4.64925e+13 1.99651e+14 6.43639e+14 1.68277e+15 3.56602e+15 6.43859e+15 1.00407e+16 1.381e+16 1.66606e+16 1.7528e+16 0 0 0 0 0 0 0 0 0 0 0 0 0 0 0 0 0 0 0 0 0 0 0 0 0 0 0 0 0 0 0 0 
0 0 0 0 0 0 0 0 0 0 0 0 0 0 0 0 0 0 0 0 2.29946e+09 1.09798e+11 1.57449e+12 1.18255e+13 5.70257e+13 2.02982e+14 5.69136e+14 1.32291e+15 2.52526e+15 4.13402e+15 5.68227e+15 7.02829e+15 7.54756e+15 0 0 0 0 0 0 0 0 0 0 0 0 0 0 0 0 0 0 0 0 0 0 0 0 0 0 0 0 0 0 0 0 
0 0 0 0 0 0 0 0 0 0 0 0 0 0 0 0 0 0 0 0 0 1.18286e+10 2.57057e+11 2.43999e+12 1.43265e+13 5.8922e+13 1.80122e+14 4.39265e+14 8.75864e+14 1.50097e+15 2.1875e+15 2.69277e+15 2.89679e+15 0 0 0 0 0 0 0 0 0 0 0 0 0 0 0 0 0 0 0 0 0 0 0 0 0 0 0 0 0 0 0 0 
0 0 0 0 0 0 0 0 0 0 0 0 0 0 0 0 0 0 0 0 0 8.6394e+08 3.44699e+10 4.53641e+11 3.20027e+12 1.47371e+13 5.00862e+13 1.31121e+14 2.82698e+14 4.93794e+14 7.38419e+14 9.39966e+14 1.00703e+15 0 0 0 0 0 0 0 0 0 0 0 0 0 0 0 0 0 0 0 0 0 0 0 0 0 0 0 0 0 0 0 0 
0 0 0 0 0 0 0 0 0 0 0 0 0 0 0 0 0 0 0 0 0 0 3.64679e+09 6.99153e+10 6.16497e+11 3.40388e+12 1.27481e+13 3.66969e+13 8.23091e+13 1.51141e+14 2.29672e+14 2.94822e+14 3.25602e+14 0 0 0 0 0 0 0 0 0 0 0 0 0 0 0 0 0 0 0 0 0 0 0 0 0 0 0 0 0 0 0 0 
0 0 0 0 0 0 0 0 0 0 0 0 0 0 0 0 0 0 0 0 0 0 2.99984e+08 9.38115e+09 1.09095e+11 6.81571e+11 3.0024e+12 9.22176e+12 2.20106e+13 4.34204e+13 6.78721e+13 8.67426e+13 9.67688e+13 0 0 0 0 0 0 0 0 0 0 0 0 0 0 0 0 0 0 0 0 0 0 0 0 0 0 0 0 0 0 0 0 
0 0 0 0 0 0 0 0 0 0 0 0 0 0 0 0 0 0 0 0 0 0 0 9.4767e+08 1.60697e+10 1.26208e+11 6.1165e+11 2.11861e+12 5.43887e+12 1.08715e+13 1.78976e+13 2.39177e+13 2.56343e+13 0 0 0 0 0 0 0 0 0 0 0 0 0 0 0 0 0 0 0 0 0 0 0 0 0 0 0 0 0 0 0 0 
0 0 0 0 0 0 0 0 0 0 0 0 0 0 0 0 0 0 0 0 0 0 0 9.87207e+07 2.12155e+09 2.16414e+10 1.17168e+11 4.61723e+11 1.26171e+12 2.66993e+12 4.46232e+12 6.09486e+12 6.71899e+12 0 0 0 0 0 0 0 0 0 0 0 0 0 0 0 0 0 0 0 0 0 0 0 0 0 0 0 0 0 0 0 0 
0 0 0 0 0 0 0 0 0 0 0 0 0 0 0 0 0 0 0 0 0 0 0 0 2.2145e+08 3.2061e+09 2.11911e+10 8.83853e+10 2.64877e+11 5.97661e+11 1.02569e+12 1.4203e+12 1.58448e+12 0 0 0 0 0 0 0 0 0 0 0 0 0 0 0 0 0 0 0 0 0 0 0 0 0 0 0 0 0 0 0 0 
0 0 0 0 0 0 0 0 0 0 0 0 0 0 0 0 0 0 0 0 0 0 0 0 3.05828e+07 4.38828e+08 3.4938e+09 1.63411e+10 5.45194e+10 1.26739e+11 2.30157e+11 3.25124e+11 3.58735e+11 0 0 0 0 0 0 0 0 0 0 0 0 0 0 0 0 0 0 0 0 0 0 0 0 0 0 0 0 0 0 0 0 
0 0 0 0 0 0 0 0 0 0 0 0 0 0 0 0 0 0 0 0 0 0 0 0 0 4.59425e+07 5.38329e+08 3.01648e+09 1.02007e+10 2.57927e+10 4.87214e+10 6.92085e+10 7.78799e+10 0 0 0 0 0 0 0 0 0 0 0 0 0 0 0 0 0 0 0 0 0 0 0 0 0 0 0 0 0 0 0 0 
0 0 0 0 0 0 0 0 0 0 0 0 0 0 0 0 0 0 0 0 0 0 0 0 0 8.45555e+06 8.06167e+07 4.859e+08 1.90237e+09 5.1466e+09 9.53161e+09 1.45593e+10 1.60182e+10 0 0 0 0 0 0 0 0 0 0 0 0 0 0 0 0 0 0 0 0 0 0 0 0 0 0 0 0 0 0 0 0 
0 0 0 0 0 0 0 0 0 0 0 0 0 0 0 0 0 0 0 0 0 0 0 0 0 0 7.88796e+06 8.16511e+07 3.50269e+08 9.50167e+08 2.01889e+09 3.01298e+09 3.38468e+09 0 0 0 0 0 0 0 0 0 0 0 0 0 0 0 0 0 0 0 0 0 0 0 0 0 0 0 0 0 0 0 0 
0 0 0 0 0 0 0 0 0 0 0 0 0 0 0 0 0 0 0 0 0 0 0 0 0 0 2.06153e+06 1.28578e+07 5.66109e+07 1.86319e+08 3.79157e+08 5.81905e+08 6.86334e+08 0 0 0 0 0 0 0 0 0 0 0 0 0 0 0 0 0 0 0 0 0 0 0 0 0 0 0 0 0 0 0 0 
0 0 0 0 0 0 0 0 0 0 0 0 0 0 0 0 0 0 0 0 0 0 0 0 0 0 0 1.08485e+06 1.10407e+07 3.36066e+07 7.60663e+07 1.22706e+08 1.34837e+08 0 0 0 0 0 0 0 0 0 0 0 0 0 0 0 0 0 0 0 0 0 0 0 0 0 0 0 0 0 0 0 0 
0 0 0 0 0 0 0 0 0 0 0 0 0 0 0 0 0 0 0 0 0 0 0 0 0 0 0 433608 1.69941e+06 5.72684e+06 1.53263e+07 2.27995e+07 2.81878e+07 0 0 0 0 0 0 0 0 0 0 0 0 0 0 0 0 0 0 0 0 0 0 0 0 0 0 0 0 0 0 0 0 
0 0 0 0 0 0 0 0 0 0 0 0 0 0 0 0 0 0 0 0 0 0 0 0 0 0 0 0 114305 1.25704e+06 2.46002e+06 4.84377e+06 5.39545e+06 0 0 0 0 0 0 0 0 0 0 0 0 0 0 0 0 0 0 0 0 0 0 0 0 0 0 0 0 0 0 0 0 
0 0 0 0 0 0 0 0 0 0 0 0 0 0 0 0 0 0 0 0 0 0 0 0 0 0 0 0 73806.3 168024 471623 985342 1.00322e+06 0 0 0 0 0 0 0 0 0 0 0 0 0 0 0 0 0 0 0 0 0 0 0 0 0 0 0 0 0 0 0 0 
0 0 0 0 0 0 0 0 0 0 0 0 0 0 0 0 0 0 0 0 0 0 0 0 0 0 0 0 0 7604.56 119504 112779 249473 0 0 0 0 0 0 0 0 0 0 0 0 0 0 0 0 0 0 0 0 0 0 0 0 0 0 0 0 0 0 0 0 
0 0 0 0 0 0 0 0 0 0 0 0 0 0 0 0 0 0 0 0 0 0 0 0 0 0 0 0 0 9991.84 11250.4 32949.6 38105.9 0 0 0 0 0 0 0 0 0 0 0 0 0 0 0 0 0 0 0 0 0 0 0 0 0 0 0 0 0 0 0 0 
0 0 0 0 0 0 0 0 0 0 0 0 0 0 0 0 0 0 0 0 0 0 0 0 0 0 0 0 0 0 251.395 7707.76 2164.12 0 0 0 0 0 0 0 0 0 0 0 0 0 0 0 0 0 0 0 0 0 0 0 0 0 0 0 0 0 0 0 0 
0 0 0 0 0 0 0 0 0 0 0 0 0 0 0 0 0 0 0 0 0 0 0 0 0 0 0 0 0 0 994.188 370.762 1862.49 0 0 0 0 0 0 0 0 0 0 0 0 0 0 0 0 0 0 0 0 0 0 0 0 0 0 0 0 0 0 0 0 
0 0 0 0 0 0 0 0 0 0 0 0 0 0 0 0 0 0 0 0 0 0 0 0 0 0 0 0 0 0 0 0 257.365 0 0 0 0 0 0 0 0 0 0 0 0 0 0 0 0 0 0 0 0 0 0 0 0 0 0 0 0 0 0 0 0 
0 0 0 0 0 0 0 0 0 0 0 0 0 0 0 0 0 0 0 0 0 0 0 0 0 0 0 0 0 0 0 64.1412 0 0 0 0 0 0 0 0 0 0 0 0 0 0 0 0 0 0 0 0 0 0 0 0 0 0 0 0 0 0 0 0 0 
0 0 0 0 0 0 0 0 0 0 0 0 0 0 0 0 0 0 0 0 0 0 0 0 0 0 0 0 0 0 0 0 0 0 0 0 0 0 0 0 0 0 0 0 0 0 0 0 0 0 0 0 0 0 0 0 0 0 0 0 0 0 0 0 0 
0 0 0 0 0 0 0 0 0 0 0 0 0 0 0 0 0 0 0 0 0 0 0 0 0 0 0 0 0 0 0 0 2.00441 0 0 0 0 0 0 0 0 0 0 0 0 0 0 0 0 0 0 0 0 0 0 0 0 0 0 0 0 0 0 0 0 
