1 0 0 0 0 0 0 0 0 0 0 0 0 0 0 0 0 0 0 0 0 0 0 0 0 0 0 0 0 0 0 0 0 0 0 0 0 0 0 0 0 0 0 0 0 0 0 0 0 0 0 0 0 0 0 0 0 0 0 0 0 0 0 0 0 
0 0 0 0 0 0 0 0 0 0 0 0 0 0 0 0 0 0 0 0 0 0 0 0 0 0 0 0 0 0 0 0 0 0 0 0 0 0 0 0 0 0 0 0 0 0 0 0 0 0 0 0 0 0 0 0 0 0 0 0 0 0 0 0 0 
0 64 0 0 0 0 0 0 0 0 0 0 0 0 0 0 0 0 0 0 0 0 0 0 0 0 0 0 0 0 0 0 0 0 0 0 0 0 0 0 0 0 0 0 0 0 0 0 0 0 0 0 0 0 0 0 0 0 0 0 0 0 0 0 0 
0 0 128 0 0 0 0 0 0 0 0 0 0 0 0 0 0 0 0 0 0 0 0 0 0 0 0 0 0 0 0 0 0 0 0 0 0 0 0 0 0 0 0 0 0 0 0 0 0 0 0 0 0 0 0 0 0 0 0 0 0 0 0 0 0 
0 0 1888 368.651 61.2882 0 0 0 0 0 0 0 0 0 0 0 0 0 0 0 0 0 0 0 0 0 0 0 0 0 0 0 0 0 0 0 0 0 0 0 0 0 0 0 0 0 0 0 0 0 0 0 0 0 0 0 0 0 0 0 0 0 0 0 0 
0 0 0 7198.7 1050.15 467.995 129.092 0 0 0 0 0 0 0 0 0 0 0 0 0 0 0 0 0 0 0 0 0 0 0 0 0 0 0 0 0 0 0 0 0 0 0 0 0 0 0 0 0 0 0 0 0 0 0 0 0 0 0 0 0 0 0 0 0 0 
0 0 0 34096.7 27194.8 6812.43 2576.66 1245.33 342.393 52.3358 0 0 0 0 0 0 0 0 0 0 0 0 0 0 0 0 0 0 0 0 0 0 0 0 0 0 0 0 0 0 0 0 0 0 0 0 0 0 0 0 0 0 0 0 0 0 0 0 0 0 0 0 0 0 0 
0 0 0 0 184263 95951.3 42640.5 16426.6 8004.01 3951.76 1715.29 472.24 125.154 0 0 0 0 0 0 0 0 0 0 0 0 0 0 0 0 0 0 0 0 0 0 0 0 0 0 0 0 0 0 0 0 0 0 0 0 0 0 0 0 0 0 0 0 0 0 0 0 0 0 0 0 
0 0 0 0 422807 833882 408804 220896 120780 63377.7 35492.6 19538.6 9234.86 4419.79 1811.44 397.531 78.0294 0 0 0 0 0 0 0 10.8608 0 0 0 0 0 0 0 18.1913 0 0 0 0 0 0 0 0 0 0 0 0 0 0 0 0 0 0 0 0 0 0 0 0 0 0 0 0 0 0 0 0 
0 0 0 0 0 2.85575e+06 3.33407e+06 2.01202e+06 1.17676e+06 706202 419184 248071 153951 98005.9 59895 28922.5 13616.3 6323.79 2754.72 904.093 517.421 159.381 162.745 140.913 0 228.752 246.498 246.199 233.312 200.01 235.8 282.442 0 0 0 0 0 0 0 0 0 0 0 0 0 0 0 0 0 0 0 0 0 0 0 0 0 0 0 0 0 0 0 0 0 
0 0 0 0 0 3.83165e+06 1.46214e+07 1.3498e+07 9.38812e+06 6.19245e+06 4.10524e+06 2.55739e+06 1.73149e+06 1.13939e+06 724070 513004 326024 191288 116470 78326.5 37244.8 18413 9226.59 11974.6 12557 8229.14 8312.49 7451.19 8309.92 8087.23 8954.8 10333.7 11356.7 0 0 0 0 0 0 0 0 0 0 0 0 0 0 0 0 0 0 0 0 0 0 0 0 0 0 0 0 0 0 0 0 
0 0 0 0 0 0 3.02943e+07 6.38129e+07 5.71906e+07 4.33532e+07 3.123e+07 2.28793e+07 1.59675e+07 1.18241e+07 8.14926e+06 6.11773e+06 4.05138e+06 3.01316e+06 2.10364e+06 1.28117e+06 1.04013e+06 610152 456665 357840 285268 247023 225317 216966 210408 223699 238412 183743 204472 0 0 0 0 0 0 0 0 0 0 0 0 0 0 0 0 0 0 0 0 0 0 0 0 0 0 0 0 0 0 0 0 
0 0 0 0 0 0 2.62704e+07 1.6929e+08 2.63097e+08 2.45924e+08 2.02126e+08 1.52617e+08 1.19338e+08 8.98446e+07 7.35043e+07 5.38989e+07 4.14048e+07 3.02049e+07 2.27816e+07 1.69008e+07 1.25733e+07 1.00655e+07 8.03961e+06 6.23139e+06 5.19791e+06 4.40212e+06 3.77476e+06 3.80295e+06 3.62564e+06 3.5088e+06 3.0658e+06 3.01906e+06 3.2114e+06 0 0 0 0 0 0 0 0 0 0 0 0 0 0 0 0 0 0 0 0 0 0 0 0 0 0 0 0 0 0 0 0 
0 0 0 0 0 0 0 2.32768e+08 7.86035e+08 1.06603e+09 1.02997e+09 8.99498e+08 7.74178e+08 6.44368e+08 5.09295e+08 4.01982e+08 3.17817e+08 2.53598e+08 2.05576e+08 1.71854e+08 1.34901e+08 1.1139e+08 8.57194e+07 7.23091e+07 6.09097e+07 5.3697e+07 4.82374e+07 4.4684e+07 4.1557e+07 4.03808e+07 3.44828e+07 3.65119e+07 3.77292e+07 0 0 0 0 0 0 0 0 0 0 0 0 0 0 0 0 0 0 0 0 0 0 0 0 0 0 0 0 0 0 0 0 
0 0 0 0 0 0 0 1.39597e+08 1.38402e+09 3.3119e+09 4.28684e+09 4.27566e+09 3.97167e+09 3.57717e+09 3.10891e+09 2.57868e+09 2.15761e+09 1.78292e+09 1.51733e+09 1.25352e+09 1.07094e+09 8.93411e+08 7.6138e+08 6.64546e+08 5.57742e+08 5.07735e+08 4.82582e+08 4.45168e+08 4.06261e+08 3.84571e+08 3.70911e+08 3.55982e+08 3.62749e+08 0 0 0 0 0 0 0 0 0 0 0 0 0 0 0 0 0 0 0 0 0 0 0 0 0 0 0 0 0 0 0 0 
0 0 0 0 0 0 0 0 1.33865e+09 6.65819e+09 1.31399e+10 1.6802e+10 1.75292e+10 1.69028e+10 1.53919e+10 1.39967e+10 1.22989e+10 1.07844e+10 9.6914e+09 8.17415e+09 7.47446e+09 6.27728e+09 5.72643e+09 4.90363e+09 4.41481e+09 3.92692e+09 3.84091e+09 3.42892e+09 3.24414e+09 3.1245e+09 2.99598e+09 2.98886e+09 2.95213e+09 0 0 0 0 0 0 0 0 0 0 0 0 0 0 0 0 0 0 0 0 0 0 0 0 0 0 0 0 0 0 0 0 
0 0 0 0 0 0 0 0 5.86483e+08 8.32136e+09 2.83399e+10 5.03295e+10 6.39416e+10 6.9955e+10 7.09105e+10 6.74858e+10 6.27739e+10 5.80933e+10 5.20718e+10 4.81922e+10 4.25264e+10 3.89984e+10 3.522e+10 3.26022e+10 3.0156e+10 2.74895e+10 2.51229e+10 2.48322e+10 2.29722e+10 2.25958e+10 2.16419e+10 2.12176e+10 2.12263e+10 0 0 0 0 0 0 0 0 0 0 0 0 0 0 0 0 0 0 0 0 0 0 0 0 0 0 0 0 0 0 0 0 
0 0 0 0 0 0 0 0 0 5.91927e+09 4.10563e+10 1.11288e+11 1.87215e+11 2.4022e+11 2.71192e+11 2.84006e+11 2.84658e+11 2.75871e+11 2.53471e+11 2.44091e+11 2.31188e+11 2.15293e+11 1.97527e+11 1.84238e+11 1.73767e+11 1.60954e+11 1.55691e+11 1.48049e+11 1.42173e+11 1.3294e+11 1.36496e+11 1.3746e+11 1.31546e+11 0 0 0 0 0 0 0 0 0 0 0 0 0 0 0 0 0 0 0 0 0 0 0 0 0 0 0 0 0 0 0 0 
0 0 0 0 0 0 0 0 0 1.96758e+09 3.76015e+10 1.74895e+11 4.12617e+11 6.63292e+11 8.66501e+11 1.01407e+12 1.0921e+12 1.12693e+12 1.12418e+12 1.08889e+12 1.04513e+12 1.00597e+12 9.62922e+11 9.25298e+11 8.76802e+11 8.26111e+11 8.34635e+11 7.90185e+11 7.80794e+11 7.6075e+11 7.50568e+11 7.39662e+11 7.61307e+11 0 0 0 0 0 0 0 0 0 0 0 0 0 0 0 0 0 0 0 0 0 0 0 0 0 0 0 0 0 0 0 0 
0 0 0 0 0 0 0 0 0 0 2.04745e+10 1.86207e+11 6.67359e+11 1.45102e+12 2.29074e+12 3.02076e+12 3.59487e+12 4.01573e+12 4.29974e+12 4.34555e+12 4.40636e+12 4.34603e+12 4.3459e+12 4.2417e+12 4.17911e+12 4.0924e+12 3.95365e+12 3.77734e+12 3.76478e+12 3.81424e+12 3.74188e+12 3.72154e+12 3.70252e+12 0 0 0 0 0 0 0 0 0 0 0 0 0 0 0 0 0 0 0 0 0 0 0 0 0 0 0 0 0 0 0 0 
0 0 0 0 0 0 0 0 0 0 5.30638e+09 1.31225e+11 7.88878e+11 2.3916e+12 4.83633e+12 7.61402e+12 1.03127e+13 1.24151e+13 1.41001e+13 1.54813e+13 1.66946e+13 1.72066e+13 1.74315e+13 1.76806e+13 1.73143e+13 1.78181e+13 1.70644e+13 1.73684e+13 1.74054e+13 1.71937e+13 1.68865e+13 1.70322e+13 1.65969e+13 0 0 0 0 0 0 0 0 0 0 0 0 0 0 0 0 0 0 0 0 0 0 0 0 0 0 0 0 0 0 0 0 
0 0 0 0 0 0 0 0 0 0 0 5.58911e+10 6.4409e+11 2.92504e+12 7.98689e+12 1.54657e+13 2.41932e+13 3.3233e+13 4.13797e+13 4.8554e+13 5.4183e+13 5.81013e+13 6.10412e+13 6.39394e+13 6.62867e+13 6.73002e+13 6.87931e+13 6.95921e+13 6.8572e+13 6.6715e+13 6.83163e+13 6.85534e+13 6.86046e+13 0 0 0 0 0 0 0 0 0 0 0 0 0 0 0 0 0 0 0 0 0 0 0 0 0 0 0 0 0 0 0 0 
0 0 0 0 0 0 0 0 0 0 0 1.1605e+10 3.5548e+11 2.66812e+12 1.00349e+13 2.49533e+13 4.68562e+13 7.32122e+13 1.01569e+14 1.28917e+14 1.5447e+14 1.77965e+14 1.95384e+14 2.08611e+14 2.24196e+14 2.3214e+14 2.42537e+14 2.43611e+14 2.47694e+14 2.56998e+14 2.54199e+14 2.5563e+14 2.57235e+14 0 0 0 0 0 0 0 0 0 0 0 0 0 0 0 0 0 0 0 0 0 0 0 0 0 0 0 0 0 0 0 0 
0 0 0 0 0 0 0 0 0 0 0 0 1.21488e+11 1.71067e+12 9.53313e+12 3.15796e+13 7.40996e+13 1.36046e+14 2.11589e+14 2.98606e+14 3.79985e+14 4.61759e+14 5.43817e+14 6.11435e+14 6.67977e+14 7.17507e+14 7.46766e+14 7.82161e+14 8.1628e+14 8.27414e+14 8.46448e+14 8.45189e+14 8.42673e+14 0 0 0 0 0 0 0 0 0 0 0 0 0 0 0 0 0 0 0 0 0 0 0 0 0 0 0 0 0 0 0 0 
0 0 0 0 0 0 0 0 0 0 0 0 2.07344e+10 7.50378e+11 6.80731e+12 3.1078e+13 9.22065e+13 2.06543e+14 3.73662e+14 5.78022e+14 8.19129e+14 1.07186e+15 1.32106e+15 1.53975e+15 1.7471e+15 1.93397e+15 2.112e+15 2.23648e+15 2.33583e+15 2.43443e+15 2.4917e+15 2.54868e+15 2.53415e+15 0 0 0 0 0 0 0 0 0 0 0 0 0 0 0 0 0 0 0 0 0 0 0 0 0 0 0 0 0 0 0 0 
0 0 0 0 0 0 0 0 0 0 0 0 0 2.14967e+11 3.52951e+12 2.32575e+13 9.14155e+13 2.50941e+14 5.39199e+14 9.59878e+14 1.50502e+15 2.13577e+15 2.77886e+15 3.49255e+15 4.1505e+15 4.77069e+15 5.28519e+15 5.73617e+15 6.16892e+15 6.50532e+15 6.69418e+15 6.8433e+15 6.90031e+15 0 0 0 0 0 0 0 0 0 0 0 0 0 0 0 0 0 0 0 0 0 0 0 0 0 0 0 0 0 0 0 0 
0 0 0 0 0 0 0 0 0 0 0 0 0 3.03663e+10 1.26718e+12 1.34112e+13 7.1534e+13 2.47981e+14 6.41494e+14 1.33281e+15 2.33274e+15 3.61909e+15 5.18874e+15 6.84142e+15 8.5901e+15 1.02787e+16 1.1914e+16 1.35044e+16 1.46181e+16 1.55826e+16 1.62557e+16 1.65356e+16 1.68684e+16 0 0 0 0 0 0 0 0 0 0 0 0 0 0 0 0 0 0 0 0 0 0 0 0 0 0 0 0 0 0 0 0 
0 0 0 0 0 0 0 0 0 0 0 0 0 0 3.05358e+11 5.65993e+12 4.2961e+13 1.96364e+14 6.17506e+14 1.51701e+15 3.04587e+15 5.30849e+15 8.23277e+15 1.17167e+16 1.55188e+16 1.95363e+16 2.3436e+16 2.68997e+16 3.01629e+16 3.27192e+16 3.48534e+16 3.6302e+16 3.62202e+16 0 0 0 0 0 0 0 0 0 0 0 0 0 0 0 0 0 0 0 0 0 0 0 0 0 0 0 0 0 0 0 0 
0 0 0 0 0 0 0 0 0 0 0 0 0 0 3.66738e+10 1.71138e+12 2.05444e+13 1.22045e+14 4.8649e+14 1.41289e+15 3.32481e+15 6.49707e+15 1.11013e+16 1.70945e+16 2.43174e+16 3.21615e+16 3.99395e+16 4.78867e+16 5.46509e+16 6.07794e+16 6.53087e+16 6.81864e+16 6.94611e+16 0 0 0 0 0 0 0 0 0 0 0 0 0 0 0 0 0 0 0 0 0 0 0 0 0 0 0 0 0 0 0 0 
0 0 0 0 0 0 0 0 0 0 0 0 0 0 0 3.49031e+11 7.14959e+12 6.1898e+13 3.11014e+14 1.11066e+15 3.00774e+15 6.72433e+15 1.28314e+16 2.15648e+16 3.28119e+16 4.6042e+16 6.11029e+16 7.51743e+16 8.92959e+16 1.00927e+17 1.09951e+17 1.1589e+17 1.17605e+17 0 0 0 0 0 0 0 0 0 0 0 0 0 0 0 0 0 0 0 0 0 0 0 0 0 0 0 0 0 0 0 0 
0 0 0 0 0 0 0 0 0 0 0 0 0 0 0 3.60136e+10 1.85116e+12 2.41097e+13 1.61022e+14 7.02435e+14 2.27901e+15 5.82207e+15 1.24465e+16 2.31303e+16 3.80018e+16 5.69037e+16 7.85809e+16 1.02842e+17 1.25401e+17 1.45438e+17 1.6135e+17 1.70579e+17 1.75958e+17 0 0 0 0 0 0 0 0 0 0 0 0 0 0 0 0 0 0 0 0 0 0 0 0 0 0 0 0 0 0 0 0 
0 0 0 0 0 0 0 0 0 0 0 0 0 0 0 0 3.24511e+11 7.21704e+12 6.75126e+13 3.7058e+14 1.43239e+15 4.27372e+15 1.03186e+16 2.11903e+16 3.80604e+16 6.12235e+16 8.94398e+16 1.21033e+17 1.54256e+17 1.83867e+17 2.08106e+17 2.238e+17 2.27997e+17 0 0 0 0 0 0 0 0 0 0 0 0 0 0 0 0 0 0 0 0 0 0 0 0 0 0 0 0 0 0 0 0 
0 0 0 0 0 0 0 0 0 0 0 0 0 0 0 0 2.94051e+10 1.60912e+12 2.23945e+13 1.60734e+14 7.57583e+14 2.62276e+15 7.27552e+15 1.65452e+16 3.25072e+16 5.67265e+16 8.84974e+16 1.25246e+17 1.64632e+17 2.03518e+17 2.33651e+17 2.55195e+17 2.61095e+17 0 0 0 0 0 0 0 0 0 0 0 0 0 0 0 0 0 0 0 0 0 0 0 0 0 0 0 0 0 0 0 0 
0 0 0 0 0 0 0 0 0 0 0 0 0 0 0 0 0 2.46618e+11 5.72382e+12 5.69906e+13 3.31937e+14 1.38209e+15 4.3184e+15 1.10429e+16 2.38943e+16 4.43198e+16 7.42939e+16 1.12419e+17 1.54232e+17 1.94673e+17 2.31238e+17 2.53052e+17 2.6237e+17 0 0 0 0 0 0 0 0 0 0 0 0 0 0 0 0 0 0 0 0 0 0 0 0 0 0 0 0 0 0 0 0 
0 0 0 0 0 0 0 0 0 0 0 0 0 0 0 0 0 2.00578e+10 1.12812e+12 1.61769e+13 1.23764e+14 6.08135e+14 2.21769e+15 6.40195e+15 1.52093e+16 3.08214e+16 5.46139e+16 8.61543e+16 1.23436e+17 1.62811e+17 1.94964e+17 2.19772e+17 2.26081e+17 0 0 0 0 0 0 0 0 0 0 0 0 0 0 0 0 0 0 0 0 0 0 0 0 0 0 0 0 0 0 0 0 
0 0 0 0 0 0 0 0 0 0 0 0 0 0 0 0 0 0 1.53945e+11 3.67343e+12 3.72669e+13 2.26261e+14 9.69244e+14 3.15847e+15 8.29555e+15 1.85396e+16 3.49669e+16 5.89959e+16 8.79103e+16 1.18312e+17 1.46899e+17 1.65388e+17 1.74714e+17 0 0 0 0 0 0 0 0 0 0 0 0 0 0 0 0 0 0 0 0 0 0 0 0 0 0 0 0 0 0 0 0 
0 0 0 0 0 0 0 0 0 0 0 0 0 0 0 0 0 0 1.14552e+10 6.39262e+11 9.17036e+12 7.14218e+13 3.66106e+14 1.36266e+15 4.01409e+15 9.59568e+15 1.9728e+16 3.49596e+16 5.53185e+16 7.77782e+16 9.84284e+16 1.12917e+17 1.17275e+17 0 0 0 0 0 0 0 0 0 0 0 0 0 0 0 0 0 0 0 0 0 0 0 0 0 0 0 0 0 0 0 0 
0 0 0 0 0 0 0 0 0 0 0 0 0 0 0 0 0 0 0 7.86459e+10 1.88612e+12 1.91039e+13 1.15659e+14 5.09073e+14 1.66542e+15 4.44189e+15 9.89955e+15 1.84004e+16 3.02882e+16 4.35614e+16 5.64964e+16 6.63794e+16 6.99125e+16 0 0 0 0 0 0 0 0 0 0 0 0 0 0 0 0 0 0 0 0 0 0 0 0 0 0 0 0 0 0 0 0 
0 0 0 0 0 0 0 0 0 0 0 0 0 0 0 0 0 0 0 5.70168e+09 2.97355e+11 4.2666e+12 3.28257e+13 1.63634e+14 6.15241e+14 1.78776e+15 4.1937e+15 8.57864e+15 1.47058e+16 2.23753e+16 2.96891e+16 3.50489e+16 3.71711e+16 0 0 0 0 0 0 0 0 0 0 0 0 0 0 0 0 0 0 0 0 0 0 0 0 0 0 0 0 0 0 0 0 
0 0 0 0 0 0 0 0 0 0 0 0 0 0 0 0 0 0 0 0 3.38643e+10 7.76723e+11 7.72125e+12 4.57451e+13 1.9519e+14 6.36649e+14 1.6596e+15 3.53021e+15 6.42466e+15 1.01108e+16 1.37619e+16 1.6418e+16 1.74891e+16 0 0 0 0 0 0 0 0 0 0 0 0 0 0 0 0 0 0 0 0 0 0 0 0 0 0 0 0 0 0 0 0 
0 0 0 0 0 0 0 0 0 0 0 0 0 0 0 0 0 0 0 0 2.39242e+09 1.13131e+11 1.54563e+12 1.13586e+13 5.56008e+13 2.02868e+14 5.71688e+14 1.30433e+15 2.5035e+15 4.04593e+15 5.73332e+15 7.06174e+15 7.44416e+15 0 0 0 0 0 0 0 0 0 0 0 0 0 0 0 0 0 0 0 0 0 0 0 0 0 0 0 0 0 0 0 0 
0 0 0 0 0 0 0 0 0 0 0 0 0 0 0 0 0 0 0 0 0 1.22194e+10 2.60843e+11 2.46349e+12 1.41891e+13 5.74283e+13 1.76333e+14 4.36422e+14 8.84441e+14 1.50753e+15 2.16614e+15 2.62913e+15 2.86929e+15 0 0 0 0 0 0 0 0 0 0 0 0 0 0 0 0 0 0 0 0 0 0 0 0 0 0 0 0 0 0 0 0 
0 0 0 0 0 0 0 0 0 0 0 0 0 0 0 0 0 0 0 0 0 8.91691e+08 3.59385e+10 4.58352e+11 3.17417e+12 1.44696e+13 5.0103e+13 1.32879e+14 2.79306e+14 4.92035e+14 7.36185e+14 9.35e+14 1.01255e+15 0 0 0 0 0 0 0 0 0 0 0 0 0 0 0 0 0 0 0 0 0 0 0 0 0 0 0 0 0 0 0 0 
0 0 0 0 0 0 0 0 0 0 0 0 0 0 0 0 0 0 0 0 0 0 3.71852e+09 7.08054e+10 6.18041e+11 3.3933e+12 1.26567e+13 3.62412e+13 8.12555e+13 1.50495e+14 2.3164e+14 2.98052e+14 3.25261e+14 0 0 0 0 0 0 0 0 0 0 0 0 0 0 0 0 0 0 0 0 0 0 0 0 0 0 0 0 0 0 0 0 
0 0 0 0 0 0 0 0 0 0 0 0 0 0 0 0 0 0 0 0 0 0 3.14199e+08 9.4564e+09 1.06891e+11 6.90433e+11 2.90292e+12 9.13819e+12 2.21177e+13 4.25856e+13 6.69328e+13 8.73668e+13 9.65872e+13 0 0 0 0 0 0 0 0 0 0 0 0 0 0 0 0 0 0 0 0 0 0 0 0 0 0 0 0 0 0 0 0 
0 0 0 0 0 0 0 0 0 0 0 0 0 0 0 0 0 0 0 0 0 0 0 9.83726e+08 1.58754e+10 1.24975e+11 6.19683e+11 2.06723e+12 5.42446e+12 1.09468e+13 1.79258e+13 2.40845e+13 2.59899e+13 0 0 0 0 0 0 0 0 0 0 0 0 0 0 0 0 0 0 0 0 0 0 0 0 0 0 0 0 0 0 0 0 
0 0 0 0 0 0 0 0 0 0 0 0 0 0 0 0 0 0 0 0 0 0 0 1.04697e+08 2.21749e+09 2.11173e+10 1.16518e+11 4.40808e+11 1.2137e+12 2.58504e+12 4.39548e+12 6.03027e+12 6.60087e+12 0 0 0 0 0 0 0 0 0 0 0 0 0 0 0 0 0 0 0 0 0 0 0 0 0 0 0 0 0 0 0 0 
0 0 0 0 0 0 0 0 0 0 0 0 0 0 0 0 0 0 0 0 0 0 0 0 2.2782e+08 3.12596e+09 2.12274e+10 8.97844e+10 2.59371e+11 5.93962e+11 1.03352e+12 1.4439e+12 1.58611e+12 0 0 0 0 0 0 0 0 0 0 0 0 0 0 0 0 0 0 0 0 0 0 0 0 0 0 0 0 0 0 0 0 
0 0 0 0 0 0 0 0 0 0 0 0 0 0 0 0 0 0 0 0 0 0 0 0 3.19848e+07 4.54088e+08 3.37215e+09 1.65795e+10 5.42173e+10 1.23131e+11 2.26005e+11 3.21042e+11 3.62165e+11 0 0 0 0 0 0 0 0 0 0 0 0 0 0 0 0 0 0 0 0 0 0 0 0 0 0 0 0 0 0 0 0 
0 0 0 0 0 0 0 0 0 0 0 0 0 0 0 0 0 0 0 0 0 0 0 0 0 4.6973e+07 5.27279e+08 2.96827e+09 1.01539e+10 2.58049e+10 4.75907e+10 7.02324e+10 7.92245e+10 0 0 0 0 0 0 0 0 0 0 0 0 0 0 0 0 0 0 0 0 0 0 0 0 0 0 0 0 0 0 0 0 
0 0 0 0 0 0 0 0 0 0 0 0 0 0 0 0 0 0 0 0 0 0 0 0 0 8.54763e+06 8.30162e+07 4.76372e+08 1.92291e+09 5.0008e+09 9.88836e+09 1.47449e+10 1.701e+10 0 0 0 0 0 0 0 0 0 0 0 0 0 0 0 0 0 0 0 0 0 0 0 0 0 0 0 0 0 0 0 0 
0 0 0 0 0 0 0 0 0 0 0 0 0 0 0 0 0 0 0 0 0 0 0 0 0 0 7.99952e+06 8.05953e+07 3.38656e+08 9.57367e+08 2.05602e+09 2.97886e+09 3.47377e+09 0 0 0 0 0 0 0 0 0 0 0 0 0 0 0 0 0 0 0 0 0 0 0 0 0 0 0 0 0 0 0 0 
0 0 0 0 0 0 0 0 0 0 0 0 0 0 0 0 0 0 0 0 0 0 0 0 0 0 2.07905e+06 1.33998e+07 5.55942e+07 1.90469e+08 3.83486e+08 6.04213e+08 6.98693e+08 0 0 0 0 0 0 0 0 0 0 0 0 0 0 0 0 0 0 0 0 0 0 0 0 0 0 0 0 0 0 0 0 
0 0 0 0 0 0 0 0 0 0 0 0 0 0 0 0 0 0 0 0 0 0 0 0 0 0 0 1.12588e+06 1.1008e+07 3.3487e+07 7.42616e+07 1.22892e+08 1.41979e+08 0 0 0 0 0 0 0 0 0 0 0 0 0 0 0 0 0 0 0 0 0 0 0 0 0 0 0 0 0 0 0 0 
0 0 0 0 0 0 0 0 0 0 0 0 0 0 0 0 0 0 0 0 0 0 0 0 0 0 0 428207 1.75911e+06 5.64507e+06 1.544e+07 2.23977e+07 2.97572e+07 0 0 0 0 0 0 0 0 0 0 0 0 0 0 0 0 0 0 0 0 0 0 0 0 0 0 0 0 0 0 0 0 
0 0 0 0 0 0 0 0 0 0 0 0 0 0 0 0 0 0 0 0 0 0 0 0 0 0 0 0 117610 1.28558e+06 2.46882e+06 4.68119e+06 5.39626e+06 0 0 0 0 0 0 0 0 0 0 0 0 0 0 0 0 0 0 0 0 0 0 0 0 0 0 0 0 0 0 0 0 
0 0 0 0 0 0 0 0 0 0 0 0 0 0 0 0 0 0 0 0 0 0 0 0 0 0 0 0 73055.1 177036 473030 940337 974468 0 0 0 0 0 0 0 0 0 0 0 0 0 0 0 0 0 0 0 0 0 0 0 0 0 0 0 0 0 0 0 0 
0 0 0 0 0 0 0 0 0 0 0 0 0 0 0 0 0 0 0 0 0 0 0 0 0 0 0 0 0 7856.63 121125 114928 249562 0 0 0 0 0 0 0 0 0 0 0 0 0 0 0 0 0 0 0 0 0 0 0 0 0 0 0 0 0 0 0 0 
0 0 0 0 0 0 0 0 0 0 0 0 0 0 0 0 0 0 0 0 0 0 0 0 0 0 0 0 0 9844.81 11918.9 32449.2 37118.5 0 0 0 0 0 0 0 0 0 0 0 0 0 0 0 0 0 0 0 0 0 0 0 0 0 0 0 0 0 0 0 0 
0 0 0 0 0 0 0 0 0 0 0 0 0 0 0 0 0 0 0 0 0 0 0 0 0 0 0 0 0 0 262.652 8135.47 2179.41 0 0 0 0 0 0 0 0 0 0 0 0 0 0 0 0 0 0 0 0 0 0 0 0 0 0 0 0 0 0 0 0 
0 0 0 0 0 0 0 0 0 0 0 0 0 0 0 0 0 0 0 0 0 0 0 0 0 0 0 0 0 0 978.574 400.342 1982.01 0 0 0 0 0 0 0 0 0 0 0 0 0 0 0 0 0 0 0 0 0 0 0 0 0 0 0 0 0 0 0 0 
0 0 0 0 0 0 0 0 0 0 0 0 0 0 0 0 0 0 0 0 0 0 0 0 0 0 0 0 0 0 0 0 273.926 0 0 0 0 0 0 0 0 0 0 0 0 0 0 0 0 0 0 0 0 0 0 0 0 0 0 0 0 0 0 0 0 
0 0 0 0 0 0 0 0 0 0 0 0 0 0 0 0 0 0 0 0 0 0 0 0 0 0 0 0 0 0 0 63.1338 0 0 0 0 0 0 0 0 0 0 0 0 0 0 0 0 0 0 0 0 0 0 0 0 0 0 0 0 0 0 0 0 0 
0 0 0 0 0 0 0 0 0 0 0 0 0 0 0 0 0 0 0 0 0 0 0 0 0 0 0 0 0 0 0 0 0 0 0 0 0 0 0 0 0 0 0 0 0 0 0 0 0 0 0 0 0 0 0 0 0 0 0 0 0 0 0 0 0 
0 0 0 0 0 0 0 0 0 0 0 0 0 0 0 0 0 0 0 0 0 0 0 0 0 0 0 0 0 0 0 0 1.97293 0 0 0 0 0 0 0 0 0 0 0 0 0 0 0 0 0 0 0 0 0 0 0 0 0 0 0 0 0 0 0 0 
