1 0 0 0 0 0 0 0 0 0 0 0 0 0 0 0 1 
0 0 0 0 0 0 0 0 0 0 0 0 0 0 0 0 0 
0 16 0 0 0 0 0 0 0 0 0 0 0 0 0 16 0 
0 0 13.9153 0 0 0 0 0 0 0 0 0 0 0 34.5321 0 0 
0 0 106.085 50.4577 38.8428 0 0 0 4.741 0 0 0 33.7713 92.7565 85.4679 0 0 
0 0 0 290.364 444.532 181.37 49.8618 41.8421 0 38.3564 48.6447 141.814 282.764 276.92 0 0 0 
0 0 0 219.178 646.791 950.309 779.97 478.857 547.985 387.386 447.329 720.19 744.983 190.324 0 0 0 
0 0 0 0 536.208 1616.53 1930.44 2016.06 1356.28 2029.76 2418.24 1782.49 545.041 0 0 0 0 
0 0 0 0 153.626 1011.6 3495.58 3886.07 4447.05 3912.46 2916.95 1345.49 213.441 0 0 0 0 
0 0 0 0 0 541.47 1134.85 3221.66 3573.31 3143.75 1421.61 248.891 0 0 0 0 0 
0 0 0 0 0 66.7222 570.638 1429.6 2236.12 1310.51 650.859 129.123 0 0 0 0 0 
0 0 0 0 0 0 25.868 299.661 583.327 546.302 45.6975 0 0 0 0 0 0 
0 0 0 0 0 0 20.7855 57.1914 86.7038 59.4076 58.6768 0 0 0 0 0 0 
0 0 0 0 0 0 0 0 33.9537 0 0 0 0 0 0 0 0 
0 0 0 0 0 0 0 9.04899 0 12.0694 0 0 0 0 0 0 0 
0 0 0 0 0 0 0 0 0 0 0 0 0 0 0 0 0 
0 0 0 0 0 0 0 0 0.531925 0 0 0 0 0 0 0 0 
