1 0 0 0 0 0 0 0 0 0 0 0 0 0 0 0 1 
0 0 0 0 0 0 0 0 0 0 0 0 0 0 0 0 0 
0 16 0 0 0 0 0 0 0 0 0 0 0 0 0 16 0 
0 0 31.6567 0 0 0 0 0 0 0 0 0 0 0 31.7321 0 0 
0 0 88.3433 95.1995 24.0078 0 0 0 7.89057 0 0 0 23.9241 97.2457 88.2679 0 0 
0 0 0 255.415 253.876 191.241 95.2168 62.1708 0 65.1394 97.5791 193.27 254.938 254.874 0 0 0 
0 0 0 209.385 731.947 687.994 701.925 625.373 766.08 623.091 706.642 690.115 736.185 207.88 0 0 0 
0 0 0 0 578.326 1654.22 1814.69 1905.59 1590.81 1893.33 1828 1667.67 579.04 0 0 0 0 
0 0 0 0 231.843 1253.88 2927.38 3675.48 4377.35 3721.38 2935.3 1242.99 225.913 0 0 0 0 
0 0 0 0 0 451.643 1573.6 3145.7 3263.34 3122.45 1563.81 446.958 0 0 0 0 0 
0 0 0 0 0 129.021 773.902 1398.65 2098.04 1389.75 756.015 126.996 0 0 0 0 0 
0 0 0 0 0 0 65.2074 515.044 581.341 513.803 64.6997 0 0 0 0 0 0 
0 0 0 0 0 0 56.0836 96.1086 119.031 95.3915 55.9473 0 0 0 0 0 0 
0 0 0 0 0 0 0 0 64.1309 0 0 0 0 0 0 0 0 
0 0 0 0 0 0 0 15.8856 0 15.68 0 0 0 0 0 0 0 
0 0 0 0 0 0 0 0 0 0 0 0 0 0 0 0 0 
0 0 0 0 0 0 0 0 1.98847 0 0 0 0 0 0 0 0 
