1 0 0 0 0 0 0 0 0 0 0 0 0 0 0 0 1 
0 0 0 0 0 0 0 0 0 0 0 0 0 0 0 0 0 
0 16 0 0 0 0 0 0 0 0 0 0 0 0 0 16 0 
0 0 31.6564 0 0 0 0 0 0 0 0 0 0 0 31.732 0 0 
0 0 88.3436 95.199 24.0078 0 0 0 7.89041 0 0 0 23.9244 97.2449 88.268 0 0 
0 0 0 255.416 253.876 191.241 95.2169 62.1707 0 65.1397 97.5785 193.269 254.936 254.874 0 0 0 
0 0 0 209.385 731.946 687.99 701.924 625.372 766.073 623.088 706.64 690.119 736.188 207.882 0 0 0 
0 0 0 0 578.327 1654.23 1814.69 1905.57 1590.8 1893.31 1827.99 1667.66 579.039 0 0 0 0 
0 0 0 0 231.842 1253.88 2927.38 3675.49 4377.33 3721.36 2935.32 1243 225.912 0 0 0 0 
0 0 0 0 0 451.64 1573.6 3145.69 3263.36 3122.48 1563.82 446.958 0 0 0 0 0 
0 0 0 0 0 129.022 773.903 1398.66 2098.04 1389.74 756.008 126.995 0 0 0 0 0 
0 0 0 0 0 0 65.2075 515.049 581.345 513.8 64.6987 0 0 0 0 0 0 
0 0 0 0 0 0 56.0842 96.1096 119.03 95.3915 55.9464 0 0 0 0 0 0 
0 0 0 0 0 0 0 0 64.1303 0 0 0 0 0 0 0 0 
0 0 0 0 0 0 0 15.8856 0 15.6799 0 0 0 0 0 0 0 
0 0 0 0 0 0 0 0 0 0 0 0 0 0 0 0 0 
0 0 0 0 0 0 0 0 1.98846 0 0 0 0 0 0 0 0 
