1 0 0 0 0 0 0 0 0 0 0 0 0 0 0 0 1 
0 0 0 0 0 0 0 0 0 0 0 0 0 0 0 0 0 
0 16 0 0 0 0 0 0 0 0 0 0 0 0 0 16 0 
0 0 31.6569 0 0 0 0 0 0 0 0 0 0 0 31.7319 0 0 
0 0 88.3431 95.1999 24.0079 0 0 0 7.89016 0 0 0 23.9238 97.2439 88.2681 0 0 
0 0 0 255.414 253.878 191.242 95.2165 62.1706 0 65.1388 97.5768 193.267 254.937 254.874 0 0 0 
0 0 0 209.386 731.949 687.988 701.92 625.372 766.07 623.084 706.639 690.126 736.19 207.882 0 0 0 
0 0 0 0 578.324 1654.23 1814.68 1905.57 1590.81 1893.31 1827.98 1667.65 579.036 0 0 0 0 
0 0 0 0 231.841 1253.88 2927.4 3675.5 4377.33 3721.36 2935.32 1243 225.914 0 0 0 0 
0 0 0 0 0 451.637 1573.59 3145.68 3263.37 3122.48 1563.82 446.957 0 0 0 0 0 
0 0 0 0 0 129.023 773.899 1398.66 2098.04 1389.75 756.02 126.997 0 0 0 0 0 
0 0 0 0 0 0 65.2073 515.047 581.343 513.804 64.6985 0 0 0 0 0 0 
0 0 0 0 0 0 56.084 96.11 119.031 95.393 55.9479 0 0 0 0 0 0 
0 0 0 0 0 0 0 0 64.1306 0 0 0 0 0 0 0 0 
0 0 0 0 0 0 0 15.8854 0 15.6803 0 0 0 0 0 0 0 
0 0 0 0 0 0 0 0 0 0 0 0 0 0 0 0 0 
0 0 0 0 0 0 0 0 1.98848 0 0 0 0 0 0 0 0 
