1 0 0 0 0 0 0 0 0 0 0 0 0 0 0 0 1 
0 0 0 0 0 0 0 0 0 0 0 0 0 0 0 0 0 
0 16 0 0 0 0 0 0 0 0 0 0 0 0 0 16 0 
0 0 31.9343 0 0 0 0 0 0 0 0 0 0 0 30.6635 0 0 
0 0 88.0657 92.3606 24.6833 0 0 0 8.0135 0 0 0 24.8114 95.4922 89.3365 0 0 
0 0 0 259.095 264.788 193.962 97.4763 64.8423 0 65.4018 102.883 203.894 258.225 251.404 0 0 0 
0 0 0 208.545 718.364 674.026 683.093 613.257 755.602 626.605 711.188 682.893 733.105 213.104 0 0 0 
0 0 0 0 581.607 1656.87 1799.27 1870.61 1605.48 1925.37 1822.75 1675.39 581.635 0 0 0 0 
0 0 0 0 230.558 1260.78 2958.54 3720.15 4381.22 3722.14 2978.9 1227.24 222.224 0 0 0 0 
0 0 0 0 0 450.316 1588.63 3160.33 3252.67 3117.57 1503.75 451.585 0 0 0 0 0 
0 0 0 0 0 132.045 756.115 1392.5 2116.04 1377.68 770.105 127.003 0 0 0 0 0 
0 0 0 0 0 0 66.5705 504.698 568.967 494.476 64.5396 0 0 0 0 0 0 
0 0 0 0 0 0 58.3053 97.7924 116.984 95.7651 53.8854 0 0 0 0 0 0 
0 0 0 0 0 0 0 0 63.0772 0 0 0 0 0 0 0 0 
0 0 0 0 0 0 0 15.8283 0 14.9903 0 0 0 0 0 0 0 
0 0 0 0 0 0 0 0 0 0 0 0 0 0 0 0 0 
0 0 0 0 0 0 0 0 1.95566 0 0 0 0 0 0 0 0 
