1 0 0 0 0 0 0 0 0 0 0 0 0 0 0 0 1 
0 0 0 0 0 0 0 0 0 0 0 0 0 0 0 0 0 
0 16 0 0 0 0 0 0 0 0 0 0 0 0 0 16 0 
0 0 31.2707 0 0 0 0 0 0 0 0 0 0 0 30.9809 0 0 
0 0 88.7293 94.1155 24.2367 0 0 0 8.16694 0 0 0 23.6227 95.4989 89.0191 0 0 
0 0 0 255.442 254.922 192.681 98.2401 64.9079 0 66.1564 100.008 195.734 251.194 255.288 0 0 0 
0 0 0 210.442 729.582 688.388 707.012 630.703 768.145 627.981 701.647 684.513 745.635 209.213 0 0 0 
0 0 0 0 575.739 1660.86 1808.06 1901.29 1574.02 1893.9 1823.05 1663.04 579.851 0 0 0 0 
0 0 0 0 235.52 1242.56 2928.69 3643.2 4401.26 3708.3 2949 1250.36 219.697 0 0 0 0 
0 0 0 0 0 449.614 1555.99 3157.36 3257.78 3124.23 1557.62 449.627 0 0 0 0 0 
0 0 0 0 0 133.899 781.684 1406.47 2094.42 1401.43 755.935 124.728 0 0 0 0 0 
0 0 0 0 0 0 69.2557 520.546 582.558 507.934 64.8069 0 0 0 0 0 0 
0 0 0 0 0 0 59.0642 99.3298 118.181 94.6665 55.9318 0 0 0 0 0 0 
0 0 0 0 0 0 0 0 63.4586 0 0 0 0 0 0 0 0 
0 0 0 0 0 0 0 16.1885 0 15.4134 0 0 0 0 0 0 0 
0 0 0 0 0 0 0 0 0 0 0 0 0 0 0 0 0 
0 0 0 0 0 0 0 0 2.01882 0 0 0 0 0 0 0 0 
