1 0 0 0 0 0 0 0 0 0 0 0 0 0 0 0 1 
0 0 0 0 0 0 0 0 0 0 0 0 0 0 0 0 0 
0 16 0 0 0 0 0 0 0 0 0 0 0 0 0 16 0 
0 0 31.0679 0 0 0 0 0 0 0 0 0 0 0 31.33 0 0 
0 0 88.9321 92.8948 24.3207 0 0 0 8.39015 0 0 0 23.7193 95.6792 88.67 0 0 
0 0 0 258.439 254.544 190.834 97.9402 64.9489 0 66.7485 99.5054 194.111 253.563 257.053 0 0 0 
0 0 0 208.666 730.949 691.09 707.785 635.973 775.626 630.669 706.523 686.004 742.9 207.268 0 0 0 
0 0 0 0 575.833 1660.78 1814.36 1894.04 1578.13 1900.96 1827.89 1673.9 579.384 0 0 0 0 
0 0 0 0 234.354 1250.41 2936.02 3663.57 4407.65 3725.76 2958.28 1242.5 220.434 0 0 0 0 
0 0 0 0 0 444.896 1557.21 3154.34 3257.34 3110.9 1550.46 447.318 0 0 0 0 0 
0 0 0 0 0 129.995 770.265 1398.37 2076.57 1385.18 745.873 124.17 0 0 0 0 0 
0 0 0 0 0 0 67.0345 514.87 582.87 509.175 64.434 0 0 0 0 0 0 
0 0 0 0 0 0 57.3901 97.9114 118.107 94.973 55.036 0 0 0 0 0 0 
0 0 0 0 0 0 0 0 63.2837 0 0 0 0 0 0 0 0 
0 0 0 0 0 0 0 15.9768 0 15.637 0 0 0 0 0 0 0 
0 0 0 0 0 0 0 0 0 0 0 0 0 0 0 0 0 
0 0 0 0 0 0 0 0 2.03016 0 0 0 0 0 0 0 0 
