1 0 0 0 0 0 0 0 0 0 0 0 0 0 0 0 1 
0 0 0 0 0 0 0 0 0 0 0 0 0 0 0 0 0 
0 16 0 0 0 0 0 0 0 0 0 0 0 0 0 16 0 
0 0 31.1622 0 0 0 0 0 0 0 0 0 0 0 31.4446 0 0 
0 0 88.8378 92.8861 23.9518 0 0 0 8.34586 0 0 0 23.8136 96.0492 88.5554 0 0 
0 0 0 257.549 253.514 191.063 97.2368 64.7818 0 66.1181 98.3233 194.346 253.795 256.743 0 0 0 
0 0 0 209.565 732.583 690.654 707.522 636.314 773.842 629.92 705.928 687.672 741.362 207.208 0 0 0 
0 0 0 0 575.116 1666.23 1821.78 1899.45 1576.14 1899.98 1831.6 1668.27 579.881 0 0 0 0 
0 0 0 0 234.835 1246.96 2934.21 3665.31 4418.23 3734.54 2956.69 1246.05 221.148 0 0 0 0 
0 0 0 0 0 444.019 1555.4 3149.11 3254.62 3115.56 1551.99 447.586 0 0 0 0 0 
0 0 0 0 0 129.083 768.945 1399.54 2074.07 1375.62 743.609 124.078 0 0 0 0 0 
0 0 0 0 0 0 66.3138 512.793 582.311 507.485 64.7344 0 0 0 0 0 0 
0 0 0 0 0 0 56.5967 96.9644 117.577 95.2316 55.1274 0 0 0 0 0 0 
0 0 0 0 0 0 0 0 62.8843 0 0 0 0 0 0 0 0 
0 0 0 0 0 0 0 15.7375 0 15.5461 0 0 0 0 0 0 0 
0 0 0 0 0 0 0 0 0 0 0 0 0 0 0 0 0 
0 0 0 0 0 0 0 0 1.9908 0 0 0 0 0 0 0 0 
