1 0 0 0 0 0 0 0 0 0 0 0 0 0 0 0 1 
0 0 0 0 0 0 0 0 0 0 0 0 0 0 0 0 0 
0 16 0 0 0 0 0 0 0 0 0 0 0 0 0 16 0 
0 0 31.3922 0 0 0 0 0 0 0 0 0 0 0 31.622 0 0 
0 0 88.6078 93.3728 24.2113 0 0 0 8.25755 0 0 0 23.4926 97.4353 88.378 0 0 
0 0 0 258.062 253.909 190.724 95.9811 63.0462 0 66.2343 98.3413 192.825 253.961 255.941 0 0 0 
0 0 0 208.565 733.545 689.386 705.195 633.952 771.659 625.658 703.305 688.02 740.127 206.623 0 0 0 
0 0 0 0 574.608 1665.5 1823.34 1897.84 1575.05 1892.43 1831.71 1667.69 579.092 0 0 0 0 
0 0 0 0 233.726 1248.55 2931.53 3672.04 4418.15 3743.61 2956.33 1246.22 223.328 0 0 0 0 
0 0 0 0 0 444.206 1558.73 3148.93 3250.59 3115.71 1557.59 449.483 0 0 0 0 0 
0 0 0 0 0 129.635 770.404 1398.86 2082.53 1380.56 741.479 123.762 0 0 0 0 0 
0 0 0 0 0 0 66.0272 513.546 582.479 506.117 64.2934 0 0 0 0 0 0 
0 0 0 0 0 0 56.7941 96.0108 116.916 94.3335 54.9528 0 0 0 0 0 0 
0 0 0 0 0 0 0 0 62.3748 0 0 0 0 0 0 0 0 
0 0 0 0 0 0 0 15.7779 0 15.3535 0 0 0 0 0 0 0 
0 0 0 0 0 0 0 0 0 0 0 0 0 0 0 0 0 
0 0 0 0 0 0 0 0 1.98628 0 0 0 0 0 0 0 0 
