1 0 0 0 0 0 0 0 0 0 0 0 0 0 0 0 1 
0 0 0 0 0 0 0 0 0 0 0 0 0 0 0 0 0 
0 16 0 0 0 0 0 0 0 0 0 0 0 0 0 16 0 
0 0 31.4375 0 0 0 0 0 0 0 0 0 0 0 31.5708 0 0 
0 0 88.5625 93.5623 24.2262 0 0 0 8.20673 0 0 0 23.479 97.2937 88.4292 0 0 
0 0 0 257.437 254.082 191.001 96.3128 63.2396 0 66.1005 98.1298 192.985 253.969 256.131 0 0 0 
0 0 0 209.001 734.492 689.418 704.745 633.688 771.935 627.451 703.722 686.616 739.608 206.575 0 0 0 
0 0 0 0 573.072 1666.9 1824.18 1893.81 1574.75 1891.72 1829.56 1668.86 579.569 0 0 0 0 
0 0 0 0 234.128 1246.78 2933.41 3677.69 4414.88 3739.01 2956.64 1245.58 223.376 0 0 0 0 
0 0 0 0 0 444.606 1557.54 3149.54 3251.36 3119.3 1560.51 449.909 0 0 0 0 0 
0 0 0 0 0 129.301 769.395 1398.37 2087.22 1381.31 740.426 124.046 0 0 0 0 0 
0 0 0 0 0 0 65.7277 512.238 580.77 505.619 64.0964 0 0 0 0 0 0 
0 0 0 0 0 0 56.6851 95.6318 116.637 94.1545 54.915 0 0 0 0 0 0 
0 0 0 0 0 0 0 0 62.2716 0 0 0 0 0 0 0 0 
0 0 0 0 0 0 0 15.7935 0 15.3272 0 0 0 0 0 0 0 
0 0 0 0 0 0 0 0 0 0 0 0 0 0 0 0 0 
0 0 0 0 0 0 0 0 1.97441 0 0 0 0 0 0 0 0 
