1 0 0 0 0 0 0 0 0 0 0 0 0 0 0 0 1 
0 0 0 0 0 0 0 0 0 0 0 0 0 0 0 0 0 
0 16 0 0 0 0 0 0 0 0 0 0 0 0 0 16 0 
0 0 31.5928 0 0 0 0 0 0 0 0 0 0 0 31.4878 0 0 
0 0 88.4072 94.2662 24.0576 0 0 0 8.05501 0 0 0 23.5095 97.5954 88.5122 0 0 
0 0 0 257.379 253.998 191.087 96.1802 62.897 0 65.9384 97.9897 193.054 253.709 255.713 0 0 0 
0 0 0 208.355 733.712 687.419 699.492 627.76 768.539 625.033 703.447 684.122 739.257 206.691 0 0 0 
0 0 0 0 574.125 1661.26 1821.45 1900.23 1574.1 1889.38 1829.01 1672.78 579.683 0 0 0 0 
0 0 0 0 234.108 1249.09 2936.36 3674.67 4408.76 3728.59 2947.2 1243.44 223.843 0 0 0 0 
0 0 0 0 0 448.077 1563.01 3148.68 3255.58 3124.88 1562.57 448.96 0 0 0 0 0 
0 0 0 0 0 131.068 769.039 1401.44 2089.74 1384.5 747.491 125.642 0 0 0 0 0 
0 0 0 0 0 0 65.3056 512.598 582.91 511.072 64.4931 0 0 0 0 0 0 
0 0 0 0 0 0 57.1678 95.7428 117.164 95.1322 55.8005 0 0 0 0 0 0 
0 0 0 0 0 0 0 0 63.1606 0 0 0 0 0 0 0 0 
0 0 0 0 0 0 0 15.9807 0 15.4755 0 0 0 0 0 0 0 
0 0 0 0 0 0 0 0 0 0 0 0 0 0 0 0 0 
0 0 0 0 0 0 0 0 1.99474 0 0 0 0 0 0 0 0 
