1 0 0 0 0 0 0 0 0 0 0 0 0 0 0 0 1 
0 0 0 0 0 0 0 0 0 0 0 0 0 0 0 0 0 
0 16 0 0 0 0 0 0 0 0 0 0 0 0 0 16 0 
0 0 31.6078 0 0 0 0 0 0 0 0 0 0 0 31.5134 0 0 
0 0 88.3922 95.1301 24.2068 0 0 0 7.97162 0 0 0 23.8588 97.2374 88.4866 0 0 
0 0 0 255.476 253.646 191.459 94.8534 62.5625 0 65.5263 98.6068 193.755 254.674 255.195 0 0 0 
0 0 0 209.394 730.128 687.224 702.611 627.516 769.126 621.204 704.687 687.844 736.361 207.567 0 0 0 
0 0 0 0 578.443 1655.42 1812.18 1903.09 1578.77 1884.35 1828.27 1674.14 580.008 0 0 0 0 
0 0 0 0 233.577 1253.13 2929.18 3670.77 4395.06 3731.05 2940.43 1238.47 225.099 0 0 0 0 
0 0 0 0 0 451.656 1570.94 3148.22 3252.2 3125.12 1562.65 447.657 0 0 0 0 0 
0 0 0 0 0 129.11 776.084 1400.34 2100.81 1386 753.462 126.125 0 0 0 0 0 
0 0 0 0 0 0 65.4948 515.708 581.684 516.365 64.2627 0 0 0 0 0 0 
0 0 0 0 0 0 56.6603 95.8195 118.458 94.8151 55.6266 0 0 0 0 0 0 
0 0 0 0 0 0 0 0 63.9423 0 0 0 0 0 0 0 0 
0 0 0 0 0 0 0 15.9618 0 15.5643 0 0 0 0 0 0 0 
0 0 0 0 0 0 0 0 0 0 0 0 0 0 0 0 0 
0 0 0 0 0 0 0 0 1.98236 0 0 0 0 0 0 0 0 
