1 0 0 0 0 0 0 0 0 0 0 0 0 0 0 0 1 
0 0 0 0 0 0 0 0 0 0 0 0 0 0 0 0 0 
0 16 0 0 0 0 0 0 0 0 0 0 0 0 0 16 0 
0 0 36.883 0 0 0 0 0 0 0 0 0 0 0 20.7946 0 0 
0 0 83.117 152.954 47.7583 0 0 0 1.85119 0 0 0 2.49089 14.9691 99.2054 0 0 
0 0 0 184.498 274.83 355.445 182.96 83.0212 0 12.9055 35.0679 67.5495 120.018 362.669 0 0 0 
0 0 0 222.547 546.565 966.2 819.97 576.281 746.824 293.727 147.641 440.478 782.614 182.362 0 0 0 
0 0 0 0 619.339 1592.99 2093.87 1889.55 958.941 1025.21 1587.3 1444.27 690.655 0 0 0 0 
0 0 0 0 331.508 907.661 3046.56 4258.17 4869.9 3157.87 3360.31 1854.48 224.223 0 0 0 0 
0 0 0 0 0 355.445 1269.99 3316.27 4297.67 5206.44 1798.64 468.887 0 0 0 0 0 
0 0 0 0 0 190.256 467.205 1011.41 1581.03 1316.4 1024.84 92.3293 0 0 0 0 0 
0 0 0 0 0 0 55.7996 255.723 352.775 401.478 32.9433 0 0 0 0 0 0 
0 0 0 0 0 0 71.6482 36.8404 32.8131 17.6397 21.2698 0 0 0 0 0 0 
0 0 0 0 0 0 0 0 27.2031 0 0 0 0 0 0 0 0 
0 0 0 0 0 0 0 12.7317 0 8.33241 0 0 0 0 0 0 0 
0 0 0 0 0 0 0 0 0 0 0 0 0 0 0 0 0 
0 0 0 0 0 0 0 0 0.990871 0 0 0 0 0 0 0 0 
