1 0 0 0 0 0 0 0 0 0 0 0 0 0 0 0 1 
0 0 0 0 0 0 0 0 0 0 0 0 0 0 0 0 0 
0 16 0 0 0 0 0 0 0 0 0 0 0 0 0 16 0 
0 0 31.6518 0 0 0 0 0 0 0 0 0 0 0 31.7089 0 0 
0 0 88.3482 95.1693 23.977 0 0 0 7.89444 0 0 0 23.9326 97.23 88.2911 0 0 
0 0 0 255.443 253.805 191.197 95.2031 62.1315 0 65.1779 97.69 193.422 254.926 254.906 0 0 0 
0 0 0 209.388 731.954 688.214 701.983 625.435 765.885 623.21 706.82 690.098 736.049 207.864 0 0 0 
0 0 0 0 578.403 1654.05 1815.06 1905.65 1591.14 1893.57 1828.48 1667.93 579.235 0 0 0 0 
0 0 0 0 231.861 1254.07 2927.31 3676.19 4379.04 3721.76 2934.52 1242.7 225.858 0 0 0 0 
0 0 0 0 0 451.439 1573.52 3144.98 3262.28 3121.91 1563.48 446.866 0 0 0 0 0 
0 0 0 0 0 129.024 773.631 1398.7 2097.16 1389.3 756.347 126.981 0 0 0 0 0 
0 0 0 0 0 0 65.2134 515.001 581.48 514.05 64.7139 0 0 0 0 0 0 
0 0 0 0 0 0 56.0772 96.0445 119.031 95.3411 55.9508 0 0 0 0 0 0 
0 0 0 0 0 0 0 0 64.1074 0 0 0 0 0 0 0 0 
0 0 0 0 0 0 0 15.8724 0 15.6761 0 0 0 0 0 0 0 
0 0 0 0 0 0 0 0 0 0 0 0 0 0 0 0 0 
0 0 0 0 0 0 0 0 1.98529 0 0 0 0 0 0 0 0 
