1 0 0 0 0 0 0 0 0 0 0 0 0 0 0 0 1 
0 0 0 0 0 0 0 0 0 0 0 0 0 0 0 0 0 
0 16 0 0 0 0 0 0 0 0 0 0 0 0 0 16 0 
0 0 31.6535 0 0 0 0 0 0 0 0 0 0 0 31.7065 0 0 
0 0 88.3465 95.1718 23.984 0 0 0 7.89054 0 0 0 23.9311 97.2213 88.2935 0 0 
0 0 0 255.41 253.803 191.221 95.2108 62.1307 0 65.1571 97.6608 193.378 254.911 254.899 0 0 0 
0 0 0 209.418 731.979 688.223 701.997 625.438 765.854 623.152 706.772 690.147 736.059 207.879 0 0 0 
0 0 0 0 578.366 1654.03 1814.92 1905.55 1590.94 1893.53 1828.44 1667.97 579.221 0 0 0 0 
0 0 0 0 231.868 1254 2927.37 3676.3 4378.71 3721.54 2934.69 1242.67 225.879 0 0 0 0 
0 0 0 0 0 451.505 1573.63 3144.95 3262.61 3122.12 1563.49 446.838 0 0 0 0 0 
0 0 0 0 0 129.018 773.609 1398.71 2097.39 1389.51 756.295 126.996 0 0 0 0 0 
0 0 0 0 0 0 65.1913 515.008 581.5 513.965 64.719 0 0 0 0 0 0 
0 0 0 0 0 0 56.0778 96.0408 119.01 95.348 55.9386 0 0 0 0 0 0 
0 0 0 0 0 0 0 0 64.1069 0 0 0 0 0 0 0 0 
0 0 0 0 0 0 0 15.8762 0 15.6778 0 0 0 0 0 0 0 
0 0 0 0 0 0 0 0 0 0 0 0 0 0 0 0 0 
0 0 0 0 0 0 0 0 1.9855 0 0 0 0 0 0 0 0 
