1 0 0 0 0 0 0 0 0 0 0 0 0 0 0 0 1 
0 0 0 0 0 0 0 0 0 0 0 0 0 0 0 0 0 
0 16 0 0 0 0 0 0 0 0 0 0 0 0 0 16 0 
0 0 31.6509 0 0 0 0 0 0 0 0 0 0 0 31.7204 0 0 
0 0 88.3491 95.1965 24.0009 0 0 0 7.89006 0 0 0 23.9249 97.2528 88.2796 0 0 
0 0 0 255.405 253.853 191.29 95.2519 62.1612 0 65.1572 97.5994 193.288 254.903 254.883 0 0 0 
0 0 0 209.399 731.95 688.034 702.008 625.475 765.977 623.104 706.594 690.005 736.184 207.864 0 0 0 
0 0 0 0 578.307 1653.92 1814.68 1905.35 1590.77 1893.24 1827.92 1667.79 579.068 0 0 0 0 
0 0 0 0 231.889 1253.99 2926.98 3675.4 4377.77 3721.74 2935.52 1243.03 225.921 0 0 0 0 
0 0 0 0 0 451.703 1573.73 3145.71 3263.42 3122.23 1563.66 446.885 0 0 0 0 0 
0 0 0 0 0 129.064 774.019 1398.86 2097.61 1389.54 756.034 127.007 0 0 0 0 0 
0 0 0 0 0 0 65.2256 515.046 581.399 513.916 64.7094 0 0 0 0 0 0 
0 0 0 0 0 0 56.1023 96.1034 119.017 95.3929 55.9612 0 0 0 0 0 0 
0 0 0 0 0 0 0 0 64.1501 0 0 0 0 0 0 0 0 
0 0 0 0 0 0 0 15.8918 0 15.6838 0 0 0 0 0 0 0 
0 0 0 0 0 0 0 0 0 0 0 0 0 0 0 0 0 
0 0 0 0 0 0 0 0 1.98842 0 0 0 0 0 0 0 0 
