1 0 0 0 0 0 0 0 0 0 0 0 0 0 0 0 0 
0 0 0 0 0 0 0 0 0 0 0 0 0 0 0 0 0 
0 16 0 0 0 0 0 0 0 0 0 0 0 0 0 0 0 
0 0 32 0 0 0 0 0 0 0 0 0 0 0 0 0 0 
0 0 88 96.0154 24.0038 0 0 0 7.99713 0 0 0 0 0 0 0 0 
0 0 0 255.969 255.993 192.063 95.973 63.977 0 0 0 0 0 0 0 0 0 
0 0 0 208.015 735.957 687.799 704.041 623.925 768.351 0 0 0 0 0 0 0 0 
0 0 0 0 576.092 1664.18 1823.8 1920.83 1600.12 0 0 0 0 0 0 0 0 
0 0 0 0 227.955 1247.93 2928.09 3679.18 4355.74 0 0 0 0 0 0 0 0 
0 0 0 0 0 448.073 1568.38 3135.24 3262.89 0 0 0 0 0 0 0 0 
0 0 0 0 0 127.948 767.73 1393.11 2112.83 0 0 0 0 0 0 0 0 
0 0 0 0 0 0 64.0111 511.815 575.988 0 0 0 0 0 0 0 0 
0 0 0 0 0 0 55.9819 95.9339 120.094 0 0 0 0 0 0 0 0 
0 0 0 0 0 0 0 0 63.985 0 0 0 0 0 0 0 0 
0 0 0 0 0 0 0 15.9948 0 0 0 0 0 0 0 0 0 
0 0 0 0 0 0 0 0 0 0 0 0 0 0 0 0 0 
0 0 0 0 0 0 0 0 1.99935 0 0 0 0 0 0 0 0 
