1 0 0 0 0 0 0 0 0 0 0 0 0 0 0 0 0 
0 0 0 0 0 0 0 0 0 0 0 0 0 0 0 0 0 
0 16 0 0 0 0 0 0 0 0 0 0 0 0 0 0 0 
0 0 32 0 0 0 0 0 0 0 0 0 0 0 0 0 0 
0 0 88 96.0083 24.0021 0 0 0 8.00301 0 0 0 0 0 0 0 0 
0 0 0 255.983 256.026 191.891 95.9482 64.0241 0 0 0 0 0 0 0 0 0 
0 0 0 208.008 735.978 688.255 704.621 624.192 768.212 0 0 0 0 0 0 0 0 
0 0 0 0 575.958 1663.79 1823.4 1919.94 1600.31 0 0 0 0 0 0 0 0 
0 0 0 0 228.036 1247.98 2927.45 3679.72 4355.32 0 0 0 0 0 0 0 0 
0 0 0 0 0 448.181 1568.58 3135.99 3263.96 0 0 0 0 0 0 0 0 
0 0 0 0 0 127.898 768.021 1391.95 2111.76 0 0 0 0 0 0 0 0 
0 0 0 0 0 0 64.0661 512.211 576.462 0 0 0 0 0 0 0 0 
0 0 0 0 0 0 55.9179 96.0024 119.965 0 0 0 0 0 0 0 0 
0 0 0 0 0 0 0 0 64.0116 0 0 0 0 0 0 0 0 
0 0 0 0 0 0 0 15.9765 0 0 0 0 0 0 0 0 0 
0 0 0 0 0 0 0 0 0 0 0 0 0 0 0 0 0 
0 0 0 0 0 0 0 0 1.99707 0 0 0 0 0 0 0 0 
