1 0 0 0 0 0 0 0 0 0 0 0 0 0 0 0 0 
0 0 0 0 0 0 0 0 0 0 0 0 0 0 0 0 0 
0 16 0 0 0 0 0 0 0 0 0 0 0 0 0 0 0 
0 0 32 0 0 0 0 0 0 0 0 0 0 0 0 0 0 
0 0 88 95.9676 23.9919 0 0 0 8.00169 0 0 0 0 0 0 0 0 
0 0 0 256.065 256.008 191.838 95.9606 64.0135 0 0 0 0 0 0 0 0 0 
0 0 0 207.968 735.886 687.849 703.565 623.741 767.578 0 0 0 0 0 0 0 0 
0 0 0 0 576.236 1664.5 1824.4 1919.58 1599.82 0 0 0 0 0 0 0 0 
0 0 0 0 227.878 1247.92 2928.07 3680.99 4357.24 0 0 0 0 0 0 0 0 
0 0 0 0 0 448.069 1568.42 3135.94 3262.99 0 0 0 0 0 0 0 0 
0 0 0 0 0 127.822 767.718 1391.92 2112.8 0 0 0 0 0 0 0 0 
0 0 0 0 0 0 63.9149 511.929 575.786 0 0 0 0 0 0 0 0 
0 0 0 0 0 0 55.9506 95.9061 119.844 0 0 0 0 0 0 0 0 
0 0 0 0 0 0 0 0 63.9348 0 0 0 0 0 0 0 0 
0 0 0 0 0 0 0 15.9859 0 0 0 0 0 0 0 0 0 
0 0 0 0 0 0 0 0 0 0 0 0 0 0 0 0 0 
0 0 0 0 0 0 0 0 1.99824 0 0 0 0 0 0 0 0 
