1 0 0 0 0 0 0 0 0 0 0 0 0 0 0 0 0 
0 0 0 0 0 0 0 0 0 0 0 0 0 0 0 0 0 
0 16 0 0 0 0 0 0 0 0 0 0 0 0 0 0 0 
0 0 32 0 0 0 0 0 0 0 0 0 0 0 0 0 0 
0 0 88 96.0328 24.0082 0 0 0 7.98814 0 0 0 0 0 0 0 0 
0 0 0 255.934 255.97 191.997 96.012 63.9051 0 0 0 0 0 0 0 0 0 
0 0 0 208.033 735.93 687.962 703.644 624.284 768.115 0 0 0 0 0 0 0 0 
0 0 0 0 576.197 1663.93 1824.53 1919.09 1600.03 0 0 0 0 0 0 0 0 
0 0 0 0 227.895 1248.15 2927.95 3681.1 4355.63 0 0 0 0 0 0 0 0 
0 0 0 0 0 448.08 1567.73 3135.86 3263.9 0 0 0 0 0 0 0 0 
0 0 0 0 0 127.883 768.232 1391.76 2112.59 0 0 0 0 0 0 0 0 
0 0 0 0 0 0 63.9674 511.942 575.819 0 0 0 0 0 0 0 0 
0 0 0 0 0 0 55.9401 96.0681 119.949 0 0 0 0 0 0 0 0 
0 0 0 0 0 0 0 0 63.9791 0 0 0 0 0 0 0 0 
0 0 0 0 0 0 0 15.9829 0 0 0 0 0 0 0 0 0 
0 0 0 0 0 0 0 0 0 0 0 0 0 0 0 0 0 
0 0 0 0 0 0 0 0 1.99786 0 0 0 0 0 0 0 0 
