1 0 0 0 0 0 0 0 0 0 0 0 0 0 0 0 0 
0 0 0 0 0 0 0 0 0 0 0 0 0 0 0 0 0 
0 16 0 0 0 0 0 0 0 0 0 0 0 0 0 0 0 
0 0 32 0 0 0 0 0 0 0 0 0 0 0 0 0 0 
0 0 88 96.0389 24.0097 0 0 0 8.00493 0 0 0 0 0 0 0 0 
0 0 0 255.922 256.044 192.085 96.0135 64.0394 0 0 0 0 0 0 0 0 0 
0 0 0 208.039 735.956 687.957 704.31 623.91 768.309 0 0 0 0 0 0 0 0 
0 0 0 0 575.917 1663.95 1823.64 1920.04 1600.31 0 0 0 0 0 0 0 0 
0 0 0 0 228.073 1248.01 2928.06 3680.58 4354.87 0 0 0 0 0 0 0 0 
0 0 0 0 0 447.882 1567.84 3135.54 3264.19 0 0 0 0 0 0 0 0 
0 0 0 0 0 128.119 768.003 1391.39 2112.51 0 0 0 0 0 0 0 0 
0 0 0 0 0 0 64.0748 512.403 575.636 0 0 0 0 0 0 0 0 
0 0 0 0 0 0 56.0573 96.0848 120.007 0 0 0 0 0 0 0 0 
0 0 0 0 0 0 0 0 64.1578 0 0 0 0 0 0 0 0 
0 0 0 0 0 0 0 16.0164 0 0 0 0 0 0 0 0 0 
0 0 0 0 0 0 0 0 0 0 0 0 0 0 0 0 0 
0 0 0 0 0 0 0 0 2.00205 0 0 0 0 0 0 0 0 
