1 0 0 0 0 0 0 0 0 0 0 0 0 0 0 0 0 
0 0 0 0 0 0 0 0 0 0 0 0 0 0 0 0 0 
0 16 0 0 0 0 0 0 0 0 0 0 0 0 0 0 0 
0 0 32 0 0 0 0 0 0 0 0 0 0 0 0 0 0 
0 0 88 96.0217 24.0054 0 0 0 8.00347 0 0 0 0 0 0 0 0 
0 0 0 255.957 256.071 191.911 96.0031 64.0278 0 0 0 0 0 0 0 0 0 
0 0 0 208.022 735.852 687.867 703.76 623.978 767.675 0 0 0 0 0 0 0 0 
0 0 0 0 576.059 1664.37 1824.3 1920.22 1600.53 0 0 0 0 0 0 0 0 
0 0 0 0 228.011 1247.85 2928.02 3679.34 4356.32 0 0 0 0 0 0 0 0 
0 0 0 0 0 448.145 1567.87 3136.16 3263.46 0 0 0 0 0 0 0 0 
0 0 0 0 0 127.848 768.175 1392.64 2111.54 0 0 0 0 0 0 0 0 
0 0 0 0 0 0 63.8966 511.676 576.449 0 0 0 0 0 0 0 0 
0 0 0 0 0 0 55.9782 95.9555 120.086 0 0 0 0 0 0 0 0 
0 0 0 0 0 0 0 0 63.933 0 0 0 0 0 0 0 0 
0 0 0 0 0 0 0 15.9938 0 0 0 0 0 0 0 0 0 
0 0 0 0 0 0 0 0 0 0 0 0 0 0 0 0 0 
0 0 0 0 0 0 0 0 1.99922 0 0 0 0 0 0 0 0 
