1 0 0 0 0 0 0 0 0 0 0 0 0 0 0 0 0 
0 0 0 0 0 0 0 0 0 0 0 0 0 0 0 0 0 
0 16 0 0 0 0 0 0 0 0 0 0 0 0 0 0 0 
0 0 32 0 0 0 0 0 0 0 0 0 0 0 0 0 0 
0 0 88 95.9409 23.9852 0 0 0 7.99846 0 0 0 0 0 0 0 0 
0 0 0 256.118 255.945 191.96 95.9505 63.9877 0 0 0 0 0 0 0 0 0 
0 0 0 207.941 736.103 688.039 704.04 623.839 767.713 0 0 0 0 0 0 0 0 
0 0 0 0 576.018 1663.87 1823.91 1920.06 1599.23 0 0 0 0 0 0 0 0 
0 0 0 0 227.949 1248.15 2927.73 3679.84 4357.58 0 0 0 0 0 0 0 0 
0 0 0 0 0 448.128 1568.8 3136.73 3263.6 0 0 0 0 0 0 0 0 
0 0 0 0 0 127.85 767.642 1391.6 2112.46 0 0 0 0 0 0 0 0 
0 0 0 0 0 0 63.9532 512.018 575.481 0 0 0 0 0 0 0 0 
0 0 0 0 0 0 55.9746 95.9409 120.015 0 0 0 0 0 0 0 0 
0 0 0 0 0 0 0 0 63.9272 0 0 0 0 0 0 0 0 
0 0 0 0 0 0 0 15.9927 0 0 0 0 0 0 0 0 0 
0 0 0 0 0 0 0 0 0 0 0 0 0 0 0 0 0 
0 0 0 0 0 0 0 0 1.99909 0 0 0 0 0 0 0 0 
