1 0 0 0 0 0 0 0 0 0 0 0 0 0 0 0 0 
0 0 0 0 0 0 0 0 0 0 0 0 0 0 0 0 0 
0 16 0 0 0 0 0 0 0 0 0 0 0 0 0 0 0 
0 0 32 0 0 0 0 0 0 0 0 0 0 0 0 0 0 
0 0 88 95.9783 23.9946 0 0 0 7.99126 0 0 0 0 0 0 0 0 
0 0 0 256.043 255.914 191.997 95.9508 63.9301 0 0 0 0 0 0 0 0 0 
0 0 0 207.978 736.288 687.988 704.254 624.11 768.216 0 0 0 0 0 0 0 0 
0 0 0 0 575.702 1664.03 1824.11 1920.2 1599.47 0 0 0 0 0 0 0 0 
0 0 0 0 228.101 1248.06 2927.07 3679.23 4356.5 0 0 0 0 0 0 0 0 
0 0 0 0 0 447.844 1568.72 3136.41 3263.67 0 0 0 0 0 0 0 0 
0 0 0 0 0 128.077 767.984 1392.53 2111.91 0 0 0 0 0 0 0 0 
0 0 0 0 0 0 63.8782 511.607 576.473 0 0 0 0 0 0 0 0 
0 0 0 0 0 0 56.0358 95.9623 119.903 0 0 0 0 0 0 0 0 
0 0 0 0 0 0 0 0 63.8673 0 0 0 0 0 0 0 0 
0 0 0 0 0 0 0 16.0102 0 0 0 0 0 0 0 0 0 
0 0 0 0 0 0 0 0 0 0 0 0 0 0 0 0 0 
0 0 0 0 0 0 0 0 2.00128 0 0 0 0 0 0 0 0 
