1 0 0 0 0 0 0 0 0 0 0 0 0 0 0 0 0 
0 0 0 0 0 0 0 0 0 0 0 0 0 0 0 0 0 
0 16 0 0 0 0 0 0 0 0 0 0 0 0 0 0 0 
0 0 32 0 0 0 0 0 0 0 0 0 0 0 0 0 0 
0 0 88 96.0129 24.0032 0 0 0 8.01284 0 0 0 0 0 0 0 0 
0 0 0 255.974 256.06 192.013 95.9313 64.1027 0 0 0 0 0 0 0 0 0 
0 0 0 208.013 735.913 687.819 704.45 623.906 768.31 0 0 0 0 0 0 0 0 
0 0 0 0 575.981 1664.32 1823.76 1920.43 1600.26 0 0 0 0 0 0 0 0 
0 0 0 0 228.042 1247.92 2927.73 3679.92 4355.59 0 0 0 0 0 0 0 0 
0 0 0 0 0 447.84 1567.89 3135.02 3262.9 0 0 0 0 0 0 0 0 
0 0 0 0 0 128.08 768.231 1392.5 2112.95 0 0 0 0 0 0 0 0 
0 0 0 0 0 0 63.9221 512.01 575.907 0 0 0 0 0 0 0 0 
0 0 0 0 0 0 56.0849 96.0867 119.939 0 0 0 0 0 0 0 0 
0 0 0 0 0 0 0 0 64.126 0 0 0 0 0 0 0 0 
0 0 0 0 0 0 0 16.0243 0 0 0 0 0 0 0 0 0 
0 0 0 0 0 0 0 0 0 0 0 0 0 0 0 0 0 
0 0 0 0 0 0 0 0 2.00303 0 0 0 0 0 0 0 0 
