1 0 0 0 0 0 0 0 0 0 0 0 0 0 0 0 0 
0 0 0 0 0 0 0 0 0 0 0 0 0 0 0 0 0 
0 16 0 0 0 0 0 0 0 0 0 0 0 0 0 0 0 
0 0 32 0 0 0 0 0 0 0 0 0 0 0 0 0 0 
0 0 88 96.0184 24.0046 0 0 0 7.99906 0 0 0 0 0 0 0 0 
0 0 0 255.963 256.036 191.994 96.0062 63.9924 0 0 0 0 0 0 0 0 0 
0 0 0 208.018 735.963 688.033 703.693 623.955 767.604 0 0 0 0 0 0 0 0 
0 0 0 0 575.947 1664.19 1824.51 1920.44 1600.93 0 0 0 0 0 0 0 0 
0 0 0 0 228.049 1247.86 2928.21 3679.55 4355.66 0 0 0 0 0 0 0 0 
0 0 0 0 0 447.594 1567.47 3136.52 3263.95 0 0 0 0 0 0 0 0 
0 0 0 0 0 128.323 767.994 1391.02 2111.57 0 0 0 0 0 0 0 0 
0 0 0 0 0 0 64.0164 512.392 576.211 0 0 0 0 0 0 0 0 
0 0 0 0 0 0 56.104 96.1019 119.946 0 0 0 0 0 0 0 0 
0 0 0 0 0 0 0 0 64.1169 0 0 0 0 0 0 0 0 
0 0 0 0 0 0 0 16.0297 0 0 0 0 0 0 0 0 0 
0 0 0 0 0 0 0 0 0 0 0 0 0 0 0 0 0 
0 0 0 0 0 0 0 0 2.00371 0 0 0 0 0 0 0 0 
