1 0 0 0 0 0 0 0 0 0 0 0 0 0 0 0 0 0 0 0 0 0 0 0 0 0 0 0 0 0 0 0 0 0 0 0 0 0 0 0 0 0 0 0 0 0 0 0 0 0 0 0 0 0 0 0 0 0 0 0 0 0 0 0 1 
0 0 0 0 0 0 0 0 0 0 0 0 0 0 0 0 0 0 0 0 0 0 0 0 0 0 0 0 0 0 0 0 0 0 0 0 0 0 0 0 0 0 0 0 0 0 0 0 0 0 0 0 0 0 0 0 0 0 0 0 0 0 0 0 0 
0 64 0 0 0 0 0 0 0 0 0 0 0 0 0 0 0 0 0 0 0 0 0 0 0 0 0 0 0 0 0 0 0 0 0 0 0 0 0 0 0 0 0 0 0 0 0 0 0 0 0 0 0 0 0 0 0 0 0 0 0 0 0 0 0 
0 0 128 0 0 0 0 0 0 0 0 0 0 0 0 0 0 0 0 0 0 0 0 0 0 0 0 0 0 0 0 0 0 0 0 0 0 0 0 0 0 0 0 0 0 0 0 0 0 0 0 0 0 0 0 0 0 0 0 0 0 0 0 0 0 
0 0 1888 383.662 63.9944 0 0 0 0 0 0 0 0 0 0 0 0 0 0 0 0 0 0 0 0 0 0 0 0 0 0 0 0 0 0 0 0 0 0 0 0 0 0 0 0 0 0 0 0 0 0 0 0 0 0 0 0 0 0 0 0 0 0 0 0 
0 0 0 7168.68 1157.85 512.376 128.48 0 0 0 0 0 0 0 0 0 0 0 0 0 0 0 0 0 0 0 0 0 0 0 0 0 0 0 0 0 0 0 0 0 0 0 0 0 0 0 0 0 0 0 0 0 0 0 0 0 0 0 0 0 0 0 0 0 0 
0 0 0 34111.7 27354.8 6829.61 2557.02 1414.61 385.292 64.7465 0 0 0 0 0 0 0 0 0 0 0 0 0 0 0 0 0 0 0 0 0 0 0 0 0 0 0 0 0 0 0 0 0 0 0 0 0 0 0 0 0 0 0 0 0 0 0 0 0 0 0 0 0 0 0 
0 0 0 0 183609 97349.4 42952.2 16995.4 8634.75 4703.19 1927.29 521.598 130.42 0 0 0 0 0 0 0 0 0 0 0 0 0 0 0 0 0 0 0 0 0 0 0 0 0 0 0 0 0 0 0 0 0 0 0 0 0 0 0 0 0 0 0 0 0 0 0 0 0 0 0 0 
0 0 0 0 423190 829175 411579 222482 120658 59225.9 33874.8 19983.7 9810.27 4385.37 1401.58 377.696 77.8529 0 0 0 0 0 0 0 15.5085 0 0 0 0 0 0 0 15.9995 0 0 0 0 0 0 0 0 0 0 0 0 0 0 0 0 0 0 0 0 0 0 0 0 0 0 0 0 0 0 0 0 
0 0 0 0 0 2.86068e+06 3.32751e+06 1.98141e+06 1.14592e+06 717545 426817 250782 155801 94861.8 55589.3 29514.8 14322.9 5909.53 2126.48 787.263 378.85 265.411 257.966 250.885 0 261.42 261.298 255.669 258.356 252.873 252.56 258.117 0 0 0 0 0 0 0 0 0 0 0 0 0 0 0 0 0 0 0 0 0 0 0 0 0 0 0 0 0 0 0 0 0 
0 0 0 0 0 3.82996e+06 1.46023e+07 1.35251e+07 9.37151e+06 6.09386e+06 4.03023e+06 2.69276e+06 1.7883e+06 1.17313e+06 780646 514568 328720 204621 120564 68320.4 36612.9 21765.4 13911.6 10861.2 11705.7 9936.6 9418.9 9202.85 9426.88 9204.96 9228.8 9416.31 11397.6 0 0 0 0 0 0 0 0 0 0 0 0 0 0 0 0 0 0 0 0 0 0 0 0 0 0 0 0 0 0 0 0 
0 0 0 0 0 0 3.03396e+07 6.3784e+07 5.75351e+07 4.33568e+07 3.1555e+07 2.23978e+07 1.59167e+07 1.14991e+07 8.18927e+06 5.86545e+06 4.16752e+06 2.96479e+06 2.10715e+06 1.44717e+06 1.026e+06 710487 501771 372346 286028 244823 232727 224402 219312 216690 215733 214101 208855 0 0 0 0 0 0 0 0 0 0 0 0 0 0 0 0 0 0 0 0 0 0 0 0 0 0 0 0 0 0 0 0 
0 0 0 0 0 0 2.62477e+07 1.69383e+08 2.62965e+08 2.46671e+08 1.99393e+08 1.55887e+08 1.19598e+08 9.08869e+07 6.90079e+07 5.25055e+07 4.04855e+07 3.07499e+07 2.34058e+07 1.78213e+07 1.37187e+07 1.05539e+07 8.39417e+06 6.69165e+06 5.4997e+06 4.62418e+06 4.01164e+06 3.61683e+06 3.41388e+06 3.27152e+06 3.25142e+06 3.20029e+06 3.24769e+06 0 0 0 0 0 0 0 0 0 0 0 0 0 0 0 0 0 0 0 0 0 0 0 0 0 0 0 0 0 0 0 0 
0 0 0 0 0 0 0 2.32697e+08 7.85281e+08 1.06769e+09 1.04362e+09 9.04838e+08 7.49756e+08 6.0959e+08 4.90275e+08 3.93854e+08 3.16526e+08 2.53786e+08 2.04972e+08 1.66227e+08 1.34673e+08 1.10957e+08 9.07888e+07 7.63467e+07 6.50569e+07 5.6565e+07 5.04479e+07 4.61389e+07 4.22976e+07 4.03721e+07 3.88074e+07 3.79885e+07 3.75459e+07 0 0 0 0 0 0 0 0 0 0 0 0 0 0 0 0 0 0 0 0 0 0 0 0 0 0 0 0 0 0 0 0 
0 0 0 0 0 0 0 1.39604e+08 1.38402e+09 3.29954e+09 4.27652e+09 4.34711e+09 3.9932e+09 3.50114e+09 2.99268e+09 2.52294e+09 2.12415e+09 1.79237e+09 1.50284e+09 1.27267e+09 1.08046e+09 9.17655e+08 7.8558e+08 6.86694e+08 6.00752e+08 5.33011e+08 4.84548e+08 4.4191e+08 4.14948e+08 3.92147e+08 3.79762e+08 3.72297e+08 3.68071e+08 0 0 0 0 0 0 0 0 0 0 0 0 0 0 0 0 0 0 0 0 0 0 0 0 0 0 0 0 0 0 0 0 
0 0 0 0 0 0 0 0 1.34003e+09 6.67592e+09 1.31487e+10 1.68287e+10 1.77339e+10 1.70765e+10 1.56884e+10 1.40561e+10 1.24387e+10 1.08869e+10 9.53856e+09 8.36005e+09 7.33268e+09 6.42805e+09 5.71193e+09 5.10281e+09 4.57428e+09 4.16e+09 3.82313e+09 3.55096e+09 3.33862e+09 3.20176e+09 3.09421e+09 3.02572e+09 3.00377e+09 0 0 0 0 0 0 0 0 0 0 0 0 0 0 0 0 0 0 0 0 0 0 0 0 0 0 0 0 0 0 0 0 
0 0 0 0 0 0 0 0 5.8569e+08 8.3075e+09 2.8382e+10 5.036e+10 6.46225e+10 7.05091e+10 7.09786e+10 6.79452e+10 6.32569e+10 5.81565e+10 5.30373e+10 4.80179e+10 4.35086e+10 3.95024e+10 3.5938e+10 3.26969e+10 3.00505e+10 2.79245e+10 2.60272e+10 2.45461e+10 2.336e+10 2.23699e+10 2.18197e+10 2.14829e+10 2.12823e+10 0 0 0 0 0 0 0 0 0 0 0 0 0 0 0 0 0 0 0 0 0 0 0 0 0 0 0 0 0 0 0 0 
0 0 0 0 0 0 0 0 0 5.93116e+09 4.09381e+10 1.11357e+11 1.86407e+11 2.41368e+11 2.71676e+11 2.83818e+11 2.8241e+11 2.73568e+11 2.59906e+11 2.44172e+11 2.28902e+11 2.13824e+11 1.99706e+11 1.86016e+11 1.75002e+11 1.64564e+11 1.55921e+11 1.48554e+11 1.43427e+11 1.38613e+11 1.35431e+11 1.33503e+11 1.32813e+11 0 0 0 0 0 0 0 0 0 0 0 0 0 0 0 0 0 0 0 0 0 0 0 0 0 0 0 0 0 0 0 0 
0 0 0 0 0 0 0 0 0 1.96187e+09 3.7651e+10 1.74276e+11 4.11325e+11 6.66922e+11 8.74026e+11 1.01375e+12 1.09374e+12 1.12477e+12 1.12568e+12 1.10457e+12 1.07039e+12 1.03121e+12 9.86438e+11 9.44118e+11 9.0322e+11 8.66236e+11 8.33157e+11 8.06302e+11 7.83474e+11 7.6634e+11 7.5114e+11 7.43846e+11 7.42696e+11 0 0 0 0 0 0 0 0 0 0 0 0 0 0 0 0 0 0 0 0 0 0 0 0 0 0 0 0 0 0 0 0 
0 0 0 0 0 0 0 0 0 0 2.05037e+10 1.86617e+11 6.70952e+11 1.44393e+12 2.29931e+12 3.05529e+12 3.63813e+12 4.04379e+12 4.28678e+12 4.41992e+12 4.45625e+12 4.43207e+12 4.37664e+12 4.29334e+12 4.18732e+12 4.09466e+12 4.00193e+12 3.91225e+12 3.83508e+12 3.78687e+12 3.75234e+12 3.72647e+12 3.70865e+12 0 0 0 0 0 0 0 0 0 0 0 0 0 0 0 0 0 0 0 0 0 0 0 0 0 0 0 0 0 0 0 0 
0 0 0 0 0 0 0 0 0 0 5.29417e+09 1.31082e+11 7.85579e+11 2.38723e+12 4.83558e+12 7.62494e+12 1.0276e+13 1.2534e+13 1.43008e+13 1.55773e+13 1.64689e+13 1.70187e+13 1.73383e+13 1.74812e+13 1.75168e+13 1.74241e+13 1.7287e+13 1.71494e+13 1.70599e+13 1.69098e+13 1.68479e+13 1.67789e+13 1.67473e+13 0 0 0 0 0 0 0 0 0 0 0 0 0 0 0 0 0 0 0 0 0 0 0 0 0 0 0 0 0 0 0 0 
0 0 0 0 0 0 0 0 0 0 0 5.60558e+10 6.442e+11 2.94272e+12 7.95319e+12 1.54553e+13 2.42552e+13 3.3127e+13 4.12185e+13 4.81711e+13 5.37263e+13 5.81516e+13 6.16057e+13 6.40011e+13 6.55751e+13 6.68467e+13 6.75535e+13 6.79879e+13 6.81322e+13 6.83896e+13 6.83729e+13 6.84201e+13 6.84794e+13 0 0 0 0 0 0 0 0 0 0 0 0 0 0 0 0 0 0 0 0 0 0 0 0 0 0 0 0 0 0 0 0 
0 0 0 0 0 0 0 0 0 0 0 1.15859e+10 3.55669e+11 2.65082e+12 1.00266e+13 2.49202e+13 4.70182e+13 7.3618e+13 1.01952e+14 1.29157e+14 1.54072e+14 1.7562e+14 1.93452e+14 2.08559e+14 2.20497e+14 2.29715e+14 2.37074e+14 2.42327e+14 2.46974e+14 2.49371e+14 2.50907e+14 2.5232e+14 2.52354e+14 0 0 0 0 0 0 0 0 0 0 0 0 0 0 0 0 0 0 0 0 0 0 0 0 0 0 0 0 0 0 0 0 
0 0 0 0 0 0 0 0 0 0 0 0 1.22174e+11 1.70908e+12 9.57186e+12 3.15715e+13 7.37104e+13 1.35984e+14 2.1276e+14 2.97561e+14 3.83254e+14 4.64761e+14 5.39176e+14 6.05151e+14 6.61339e+14 7.09356e+14 7.4889e+14 7.80352e+14 8.03842e+14 8.21646e+14 8.35316e+14 8.40929e+14 8.45712e+14 0 0 0 0 0 0 0 0 0 0 0 0 0 0 0 0 0 0 0 0 0 0 0 0 0 0 0 0 0 0 0 0 
0 0 0 0 0 0 0 0 0 0 0 0 2.06715e+10 7.58914e+11 6.7913e+12 3.09888e+13 9.22607e+13 2.05433e+14 3.72397e+14 5.83154e+14 8.21013e+14 1.07189e+15 1.32025e+15 1.55193e+15 1.76522e+15 1.95197e+15 2.11374e+15 2.24879e+15 2.35558e+15 2.44019e+15 2.50186e+15 2.53586e+15 2.54486e+15 0 0 0 0 0 0 0 0 0 0 0 0 0 0 0 0 0 0 0 0 0 0 0 0 0 0 0 0 0 0 0 0 
0 0 0 0 0 0 0 0 0 0 0 0 0 2.13892e+11 3.52023e+12 2.33812e+13 9.15588e+13 2.51652e+14 5.38836e+14 9.62451e+14 1.50727e+15 2.13547e+15 2.81271e+15 3.4953e+15 4.1594e+15 4.77586e+15 5.32835e+15 5.80704e+15 6.20107e+15 6.51099e+15 6.72784e+15 6.86401e+15 6.90269e+15 0 0 0 0 0 0 0 0 0 0 0 0 0 0 0 0 0 0 0 0 0 0 0 0 0 0 0 0 0 0 0 0 
0 0 0 0 0 0 0 0 0 0 0 0 0 3.01868e+10 1.28363e+12 1.33484e+13 7.12854e+13 2.47948e+14 6.39223e+14 1.32467e+15 2.33547e+15 3.64699e+15 5.18756e+15 6.881e+15 8.60603e+15 1.02998e+16 1.18796e+16 1.33008e+16 1.44996e+16 1.54672e+16 1.61764e+16 1.66044e+16 1.67561e+16 0 0 0 0 0 0 0 0 0 0 0 0 0 0 0 0 0 0 0 0 0 0 0 0 0 0 0 0 0 0 0 0 
0 0 0 0 0 0 0 0 0 0 0 0 0 0 3.01839e+11 5.68035e+12 4.33381e+13 1.95779e+14 6.18993e+14 1.51111e+15 3.04005e+15 5.28638e+15 8.21343e+15 1.16893e+16 1.55326e+16 1.94992e+16 2.33816e+16 2.6986e+16 3.01931e+16 3.27535e+16 3.4649e+16 3.58581e+16 3.62436e+16 0 0 0 0 0 0 0 0 0 0 0 0 0 0 0 0 0 0 0 0 0 0 0 0 0 0 0 0 0 0 0 0 
0 0 0 0 0 0 0 0 0 0 0 0 0 0 3.62213e+10 1.72916e+12 2.03031e+13 1.23138e+14 4.87216e+14 1.42284e+15 3.31362e+15 6.48802e+15 1.11154e+16 1.71333e+16 2.42826e+16 3.21786e+16 4.03072e+16 4.81751e+16 5.52713e+16 6.13129e+16 6.58034e+16 6.85797e+16 6.95439e+16 0 0 0 0 0 0 0 0 0 0 0 0 0 0 0 0 0 0 0 0 0 0 0 0 0 0 0 0 0 0 0 0 
0 0 0 0 0 0 0 0 0 0 0 0 0 0 0 3.45385e+11 7.21311e+12 6.14414e+13 3.11457e+14 1.10435e+15 3.00852e+15 6.70896e+15 1.2786e+16 2.15289e+16 3.28105e+16 4.61195e+16 6.0605e+16 7.52682e+16 8.90373e+16 1.0089e+17 1.10112e+17 1.1586e+17 1.17779e+17 0 0 0 0 0 0 0 0 0 0 0 0 0 0 0 0 0 0 0 0 0 0 0 0 0 0 0 0 0 0 0 0 
0 0 0 0 0 0 0 0 0 0 0 0 0 0 0 3.58716e+10 1.86488e+12 2.40708e+13 1.61046e+14 7.05838e+14 2.27944e+15 5.83478e+15 1.24666e+16 2.30845e+16 3.80859e+16 5.70902e+16 7.91556e+16 1.02474e+17 1.25379e+17 1.45808e+17 1.61729e+17 1.71898e+17 1.75462e+17 0 0 0 0 0 0 0 0 0 0 0 0 0 0 0 0 0 0 0 0 0 0 0 0 0 0 0 0 0 0 0 0 
0 0 0 0 0 0 0 0 0 0 0 0 0 0 0 0 3.2126e+11 7.25221e+12 6.71699e+13 3.71175e+14 1.43802e+15 4.27204e+15 1.03245e+16 2.11579e+16 3.7959e+16 6.10233e+16 8.94608e+16 1.21486e+17 1.53959e+17 1.83668e+17 2.07816e+17 2.23437e+17 2.28879e+17 0 0 0 0 0 0 0 0 0 0 0 0 0 0 0 0 0 0 0 0 0 0 0 0 0 0 0 0 0 0 0 0 
0 0 0 0 0 0 0 0 0 0 0 0 0 0 0 0 2.94121e+10 1.61495e+12 2.22985e+13 1.60503e+14 7.57637e+14 2.63514e+15 7.25018e+15 1.65484e+16 3.24562e+16 5.62363e+16 8.76543e+16 1.2496e+17 1.64671e+17 2.02481e+17 2.33554e+17 2.54129e+17 2.61186e+17 0 0 0 0 0 0 0 0 0 0 0 0 0 0 0 0 0 0 0 0 0 0 0 0 0 0 0 0 0 0 0 0 
0 0 0 0 0 0 0 0 0 0 0 0 0 0 0 0 0 2.44251e+11 5.78943e+12 5.68269e+13 3.33694e+14 1.37526e+15 4.33811e+15 1.10945e+16 2.39103e+16 4.47406e+16 7.43934e+16 1.11589e+17 1.53207e+17 1.94257e+17 2.29152e+17 2.52351e+17 2.60714e+17 0 0 0 0 0 0 0 0 0 0 0 0 0 0 0 0 0 0 0 0 0 0 0 0 0 0 0 0 0 0 0 0 
0 0 0 0 0 0 0 0 0 0 0 0 0 0 0 0 0 2.00921e+10 1.13067e+12 1.62611e+13 1.22702e+14 6.0775e+14 2.21759e+15 6.38449e+15 1.51877e+16 3.0823e+16 5.47782e+16 8.67341e+16 1.24329e+17 1.62833e+17 1.96272e+17 2.19416e+17 2.27471e+17 0 0 0 0 0 0 0 0 0 0 0 0 0 0 0 0 0 0 0 0 0 0 0 0 0 0 0 0 0 0 0 0 
0 0 0 0 0 0 0 0 0 0 0 0 0 0 0 0 0 0 1.52287e+11 3.69343e+12 3.73933e+13 2.27522e+14 9.7184e+14 3.17007e+15 8.36115e+15 1.84645e+16 3.51548e+16 5.89562e+16 8.82514e+16 1.19497e+17 1.47694e+17 1.67221e+17 1.74148e+17 0 0 0 0 0 0 0 0 0 0 0 0 0 0 0 0 0 0 0 0 0 0 0 0 0 0 0 0 0 0 0 0 
0 0 0 0 0 0 0 0 0 0 0 0 0 0 0 0 0 0 1.1544e+10 6.41423e+11 9.35456e+12 7.21005e+13 3.65482e+14 1.36479e+15 3.99687e+15 9.66161e+15 1.97526e+16 3.50652e+16 5.49992e+16 7.71789e+16 9.76099e+16 1.12103e+17 1.17481e+17 0 0 0 0 0 0 0 0 0 0 0 0 0 0 0 0 0 0 0 0 0 0 0 0 0 0 0 0 0 0 0 0 
0 0 0 0 0 0 0 0 0 0 0 0 0 0 0 0 0 0 0 7.82374e+10 1.89091e+12 1.92548e+13 1.1822e+14 5.09139e+14 1.67591e+15 4.42998e+15 9.76827e+15 1.84386e+16 3.02751e+16 4.39446e+16 5.69916e+16 6.6425e+16 6.99013e+16 0 0 0 0 0 0 0 0 0 0 0 0 0 0 0 0 0 0 0 0 0 0 0 0 0 0 0 0 0 0 0 0 
0 0 0 0 0 0 0 0 0 0 0 0 0 0 0 0 0 0 0 5.6641e+09 2.96649e+11 4.26993e+12 3.27917e+13 1.65695e+14 6.15386e+14 1.79078e+15 4.26706e+15 8.54966e+15 1.47747e+16 2.22564e+16 2.96156e+16 3.50686e+16 3.70335e+16 0 0 0 0 0 0 0 0 0 0 0 0 0 0 0 0 0 0 0 0 0 0 0 0 0 0 0 0 0 0 0 0 
0 0 0 0 0 0 0 0 0 0 0 0 0 0 0 0 0 0 0 0 3.33513e+10 7.78702e+11 7.76447e+12 4.6939e+13 1.99081e+14 6.42626e+14 1.65861e+15 3.54512e+15 6.42687e+15 1.00575e+16 1.37414e+16 1.65091e+16 1.75489e+16 0 0 0 0 0 0 0 0 0 0 0 0 0 0 0 0 0 0 0 0 0 0 0 0 0 0 0 0 0 0 0 0 
0 0 0 0 0 0 0 0 0 0 0 0 0 0 0 0 0 0 0 0 2.41433e+09 1.12556e+11 1.55642e+12 1.15848e+13 5.69075e+13 2.04612e+14 5.76496e+14 1.31718e+15 2.51418e+15 4.08869e+15 5.72943e+15 7.00569e+15 7.48755e+15 0 0 0 0 0 0 0 0 0 0 0 0 0 0 0 0 0 0 0 0 0 0 0 0 0 0 0 0 0 0 0 0 
0 0 0 0 0 0 0 0 0 0 0 0 0 0 0 0 0 0 0 0 0 1.19379e+10 2.60503e+11 2.47178e+12 1.4317e+13 5.83185e+13 1.79454e+14 4.4085e+14 8.88612e+14 1.50034e+15 2.16693e+15 2.68299e+15 2.88246e+15 0 0 0 0 0 0 0 0 0 0 0 0 0 0 0 0 0 0 0 0 0 0 0 0 0 0 0 0 0 0 0 0 
0 0 0 0 0 0 0 0 0 0 0 0 0 0 0 0 0 0 0 0 0 9.21828e+08 3.5574e+10 4.54996e+11 3.18893e+12 1.48361e+13 5.03819e+13 1.33355e+14 2.83984e+14 5.01561e+14 7.43914e+14 9.38532e+14 1.01302e+15 0 0 0 0 0 0 0 0 0 0 0 0 0 0 0 0 0 0 0 0 0 0 0 0 0 0 0 0 0 0 0 0 
0 0 0 0 0 0 0 0 0 0 0 0 0 0 0 0 0 0 0 0 0 0 3.63907e+09 7.13788e+10 6.24997e+11 3.37058e+12 1.28138e+13 3.66036e+13 8.29683e+13 1.52777e+14 2.33579e+14 3.00197e+14 3.2567e+14 0 0 0 0 0 0 0 0 0 0 0 0 0 0 0 0 0 0 0 0 0 0 0 0 0 0 0 0 0 0 0 0 
0 0 0 0 0 0 0 0 0 0 0 0 0 0 0 0 0 0 0 0 0 0 3.21869e+08 9.49954e+09 1.07669e+11 6.88641e+11 2.94682e+12 9.20925e+12 2.21822e+13 4.28685e+13 6.75054e+13 8.82293e+13 9.65725e+13 0 0 0 0 0 0 0 0 0 0 0 0 0 0 0 0 0 0 0 0 0 0 0 0 0 0 0 0 0 0 0 0 
0 0 0 0 0 0 0 0 0 0 0 0 0 0 0 0 0 0 0 0 0 0 0 9.65396e+08 1.63185e+10 1.2696e+11 6.17107e+11 2.12281e+12 5.48241e+12 1.10813e+13 1.80785e+13 2.40548e+13 2.64348e+13 0 0 0 0 0 0 0 0 0 0 0 0 0 0 0 0 0 0 0 0 0 0 0 0 0 0 0 0 0 0 0 0 
0 0 0 0 0 0 0 0 0 0 0 0 0 0 0 0 0 0 0 0 0 0 0 1.04626e+08 2.19485e+09 2.09037e+10 1.18235e+11 4.50372e+11 1.25245e+12 2.66233e+12 4.49536e+12 6.11943e+12 6.7596e+12 0 0 0 0 0 0 0 0 0 0 0 0 0 0 0 0 0 0 0 0 0 0 0 0 0 0 0 0 0 0 0 0 
0 0 0 0 0 0 0 0 0 0 0 0 0 0 0 0 0 0 0 0 0 0 0 0 2.24908e+08 3.17096e+09 2.10334e+10 8.87428e+10 2.66906e+11 6.02001e+11 1.04915e+12 1.45584e+12 1.62113e+12 0 0 0 0 0 0 0 0 0 0 0 0 0 0 0 0 0 0 0 0 0 0 0 0 0 0 0 0 0 0 0 0 
0 0 0 0 0 0 0 0 0 0 0 0 0 0 0 0 0 0 0 0 0 0 0 0 3.14439e+07 4.48014e+08 3.41356e+09 1.64021e+10 5.37014e+10 1.27572e+11 2.32184e+11 3.28638e+11 3.67951e+11 0 0 0 0 0 0 0 0 0 0 0 0 0 0 0 0 0 0 0 0 0 0 0 0 0 0 0 0 0 0 0 0 
0 0 0 0 0 0 0 0 0 0 0 0 0 0 0 0 0 0 0 0 0 0 0 0 0 4.57328e+07 5.37247e+08 2.90287e+09 1.01977e+10 2.58714e+10 4.881e+10 7.07792e+10 7.9637e+10 0 0 0 0 0 0 0 0 0 0 0 0 0 0 0 0 0 0 0 0 0 0 0 0 0 0 0 0 0 0 0 0 
0 0 0 0 0 0 0 0 0 0 0 0 0 0 0 0 0 0 0 0 0 0 0 0 0 8.59544e+06 8.17863e+07 4.75303e+08 1.89074e+09 5.06096e+09 9.91446e+09 1.47552e+10 1.67268e+10 0 0 0 0 0 0 0 0 0 0 0 0 0 0 0 0 0 0 0 0 0 0 0 0 0 0 0 0 0 0 0 0 
0 0 0 0 0 0 0 0 0 0 0 0 0 0 0 0 0 0 0 0 0 0 0 0 0 0 7.88408e+06 8.10624e+07 3.39559e+08 9.55721e+08 1.97686e+09 2.97085e+09 3.43364e+09 0 0 0 0 0 0 0 0 0 0 0 0 0 0 0 0 0 0 0 0 0 0 0 0 0 0 0 0 0 0 0 0 
0 0 0 0 0 0 0 0 0 0 0 0 0 0 0 0 0 0 0 0 0 0 0 0 0 0 2.07642e+06 1.29812e+07 5.63444e+07 1.84724e+08 3.80872e+08 6.00993e+08 6.88535e+08 0 0 0 0 0 0 0 0 0 0 0 0 0 0 0 0 0 0 0 0 0 0 0 0 0 0 0 0 0 0 0 0 
0 0 0 0 0 0 0 0 0 0 0 0 0 0 0 0 0 0 0 0 0 0 0 0 0 0 0 1.09472e+06 1.08811e+07 3.29157e+07 7.37239e+07 1.19407e+08 1.36066e+08 0 0 0 0 0 0 0 0 0 0 0 0 0 0 0 0 0 0 0 0 0 0 0 0 0 0 0 0 0 0 0 0 
0 0 0 0 0 0 0 0 0 0 0 0 0 0 0 0 0 0 0 0 0 0 0 0 0 0 0 429835 1.70723e+06 5.57729e+06 1.51835e+07 2.2219e+07 2.87007e+07 0 0 0 0 0 0 0 0 0 0 0 0 0 0 0 0 0 0 0 0 0 0 0 0 0 0 0 0 0 0 0 0 
0 0 0 0 0 0 0 0 0 0 0 0 0 0 0 0 0 0 0 0 0 0 0 0 0 0 0 0 113367 1.25558e+06 2.42491e+06 4.70253e+06 5.18722e+06 0 0 0 0 0 0 0 0 0 0 0 0 0 0 0 0 0 0 0 0 0 0 0 0 0 0 0 0 0 0 0 0 
0 0 0 0 0 0 0 0 0 0 0 0 0 0 0 0 0 0 0 0 0 0 0 0 0 0 0 0 73530.7 171400 456920 966916 939535 0 0 0 0 0 0 0 0 0 0 0 0 0 0 0 0 0 0 0 0 0 0 0 0 0 0 0 0 0 0 0 0 
0 0 0 0 0 0 0 0 0 0 0 0 0 0 0 0 0 0 0 0 0 0 0 0 0 0 0 0 0 7709.52 116767 111727 241101 0 0 0 0 0 0 0 0 0 0 0 0 0 0 0 0 0 0 0 0 0 0 0 0 0 0 0 0 0 0 0 0 
0 0 0 0 0 0 0 0 0 0 0 0 0 0 0 0 0 0 0 0 0 0 0 0 0 0 0 0 0 9932.6 11551.9 32349 37481.6 0 0 0 0 0 0 0 0 0 0 0 0 0 0 0 0 0 0 0 0 0 0 0 0 0 0 0 0 0 0 0 0 
0 0 0 0 0 0 0 0 0 0 0 0 0 0 0 0 0 0 0 0 0 0 0 0 0 0 0 0 0 0 257.329 7672.28 2058.93 0 0 0 0 0 0 0 0 0 0 0 0 0 0 0 0 0 0 0 0 0 0 0 0 0 0 0 0 0 0 0 0 
0 0 0 0 0 0 0 0 0 0 0 0 0 0 0 0 0 0 0 0 0 0 0 0 0 0 0 0 0 0 986.685 385.343 1910.86 0 0 0 0 0 0 0 0 0 0 0 0 0 0 0 0 0 0 0 0 0 0 0 0 0 0 0 0 0 0 0 0 
0 0 0 0 0 0 0 0 0 0 0 0 0 0 0 0 0 0 0 0 0 0 0 0 0 0 0 0 0 0 0 0 255.623 0 0 0 0 0 0 0 0 0 0 0 0 0 0 0 0 0 0 0 0 0 0 0 0 0 0 0 0 0 0 0 0 
0 0 0 0 0 0 0 0 0 0 0 0 0 0 0 0 0 0 0 0 0 0 0 0 0 0 0 0 0 0 0 63.6571 0 0 0 0 0 0 0 0 0 0 0 0 0 0 0 0 0 0 0 0 0 0 0 0 0 0 0 0 0 0 0 0 0 
0 0 0 0 0 0 0 0 0 0 0 0 0 0 0 0 0 0 0 0 0 0 0 0 0 0 0 0 0 0 0 0 0 0 0 0 0 0 0 0 0 0 0 0 0 0 0 0 0 0 0 0 0 0 0 0 0 0 0 0 0 0 0 0 0 
0 0 0 0 0 0 0 0 0 0 0 0 0 0 0 0 0 0 0 0 0 0 0 0 0 0 0 0 0 0 0 0 1.98928 0 0 0 0 0 0 0 0 0 0 0 0 0 0 0 0 0 0 0 0 0 0 0 0 0 0 0 0 0 0 0 0 
