1 0 0 0 0 0 0 0 0 0 0 0 0 0 0 0 0 0 0 0 0 0 0 0 0 0 0 0 0 0 0 0 0 0 0 0 0 0 0 0 0 0 0 0 0 0 0 0 0 0 0 0 0 0 0 0 0 0 0 0 0 0 0 0 1 
0 0 0 0 0 0 0 0 0 0 0 0 0 0 0 0 0 0 0 0 0 0 0 0 0 0 0 0 0 0 0 0 0 0 0 0 0 0 0 0 0 0 0 0 0 0 0 0 0 0 0 0 0 0 0 0 0 0 0 0 0 0 0 0 0 
0 64 0 0 0 0 0 0 0 0 0 0 0 0 0 0 0 0 0 0 0 0 0 0 0 0 0 0 0 0 0 0 0 0 0 0 0 0 0 0 0 0 0 0 0 0 0 0 0 0 0 0 0 0 0 0 0 0 0 0 0 0 0 0 0 
0 0 128 0 0 0 0 0 0 0 0 0 0 0 0 0 0 0 0 0 0 0 0 0 0 0 0 0 0 0 0 0 0 0 0 0 0 0 0 0 0 0 0 0 0 0 0 0 0 0 0 0 0 0 0 0 0 0 0 0 0 0 0 0 0 
0 0 1888 384.062 64.115 0 0 0 0 0 0 0 0 0 0 0 0 0 0 0 0 0 0 0 0 0 0 0 0 0 0 0 0 0 0 0 0 0 0 0 0 0 0 0 0 0 0 0 0 0 0 0 0 0 0 0 0 0 0 0 0 0 0 0 0 
0 0 0 7167.88 1143.64 508.995 128.623 0 0 0 0 0 0 0 0 0 0 0 0 0 0 0 0 0 0 0 0 0 0 0 0 0 0 0 0 0 0 0 0 0 0 0 0 0 0 0 0 0 0 0 0 0 0 0 0 0 0 0 0 0 0 0 0 0 0 
0 0 0 34112.1 27323.2 6843.94 2562.51 1405.41 387.035 63.846 0 0 0 0 0 0 0 0 0 0 0 0 0 0 0 0 0 0 0 0 0 0 0 0 0 0 0 0 0 0 0 0 0 0 0 0 0 0 0 0 0 0 0 0 0 0 0 0 0 0 0 0 0 0 0 
0 0 0 0 183714 97320.1 42772.1 16898.2 8515.38 4595.3 1899.04 513.729 125.117 0 0 0 0 0 0 0 0 0 0 0 0 0 0 0 0 0 0 0 0 0 0 0 0 0 0 0 0 0 0 0 0 0 0 0 0 0 0 0 0 0 0 0 0 0 0 0 0 0 0 0 0 
0 0 0 0 423131 829042 412227 221416 120814 58933.1 33485.6 19781.6 9770.96 4446.63 1421.39 395.049 80.9485 0 0 0 0 0 0 0 15.4586 0 0 0 0 0 0 0 15.9383 0 0 0 0 0 0 0 0 0 0 0 0 0 0 0 0 0 0 0 0 0 0 0 0 0 0 0 0 0 0 0 0 
0 0 0 0 0 2.86099e+06 3.32681e+06 1.98325e+06 1.13897e+06 720739 426209 251629 156141 94269.5 55054.1 29361.2 13992.6 5816.73 2204.9 772.346 363.253 238.483 245.536 249.963 0 269.43 262.311 253.965 253.13 254.831 258.249 253.679 0 0 0 0 0 0 0 0 0 0 0 0 0 0 0 0 0 0 0 0 0 0 0 0 0 0 0 0 0 0 0 0 0 
0 0 0 0 0 3.8298e+06 1.4599e+07 1.35083e+07 9.3811e+06 6.09759e+06 4.03071e+06 2.7058e+06 1.79378e+06 1.16989e+06 771732 508905 327866 207377 121539 67699.8 36325.5 21188.7 13935.7 10534.8 11763.2 9796.84 9466.39 9184.33 9307.53 9339.04 9326.49 9547.04 11461.3 0 0 0 0 0 0 0 0 0 0 0 0 0 0 0 0 0 0 0 0 0 0 0 0 0 0 0 0 0 0 0 0 
0 0 0 0 0 0 3.03467e+07 6.3769e+07 5.75127e+07 4.33505e+07 3.15417e+07 2.24061e+07 1.59388e+07 1.15198e+07 8.19747e+06 5.87281e+06 4.16038e+06 2.93586e+06 2.08479e+06 1.45447e+06 1.01973e+06 709365 500468 368277 278994 247156 231066 221195 217586 220189 217254 216291 209025 0 0 0 0 0 0 0 0 0 0 0 0 0 0 0 0 0 0 0 0 0 0 0 0 0 0 0 0 0 0 0 0 
0 0 0 0 0 0 2.62442e+07 1.69405e+08 2.62933e+08 2.46395e+08 1.99465e+08 1.56348e+08 1.1933e+08 9.03233e+07 6.89099e+07 5.25184e+07 4.02535e+07 3.07277e+07 2.32052e+07 1.78048e+07 1.37099e+07 1.07002e+07 8.29914e+06 6.61176e+06 5.48077e+06 4.65981e+06 4.00798e+06 3.64712e+06 3.45826e+06 3.26072e+06 3.22725e+06 3.22127e+06 3.23263e+06 0 0 0 0 0 0 0 0 0 0 0 0 0 0 0 0 0 0 0 0 0 0 0 0 0 0 0 0 0 0 0 0 
0 0 0 0 0 0 0 2.32765e+08 7.84491e+08 1.06655e+09 1.043e+09 9.02095e+08 7.49946e+08 6.08995e+08 4.91032e+08 3.94435e+08 3.15749e+08 2.5408e+08 2.05205e+08 1.65787e+08 1.35209e+08 1.10103e+08 9.07627e+07 7.64562e+07 6.53155e+07 5.68136e+07 5.0268e+07 4.5948e+07 4.25609e+07 4.03383e+07 3.8679e+07 3.78618e+07 3.76103e+07 0 0 0 0 0 0 0 0 0 0 0 0 0 0 0 0 0 0 0 0 0 0 0 0 0 0 0 0 0 0 0 0 
0 0 0 0 0 0 0 1.39547e+08 1.38562e+09 3.30218e+09 4.27823e+09 4.33881e+09 3.98308e+09 3.48203e+09 2.97291e+09 2.52491e+09 2.12399e+09 1.78501e+09 1.50085e+09 1.26782e+09 1.07498e+09 9.1401e+08 7.87551e+08 6.84356e+08 6.01446e+08 5.29939e+08 4.80331e+08 4.42528e+08 4.13148e+08 3.91637e+08 3.78512e+08 3.74159e+08 3.71383e+08 0 0 0 0 0 0 0 0 0 0 0 0 0 0 0 0 0 0 0 0 0 0 0 0 0 0 0 0 0 0 0 0 
0 0 0 0 0 0 0 0 1.33943e+09 6.67294e+09 1.31316e+10 1.68259e+10 1.77193e+10 1.70807e+10 1.56831e+10 1.40217e+10 1.24121e+10 1.08828e+10 9.50967e+09 8.36694e+09 7.30664e+09 6.45342e+09 5.71344e+09 5.09442e+09 4.56315e+09 4.14661e+09 3.81323e+09 3.55533e+09 3.35804e+09 3.2001e+09 3.09713e+09 3.03979e+09 3.00569e+09 0 0 0 0 0 0 0 0 0 0 0 0 0 0 0 0 0 0 0 0 0 0 0 0 0 0 0 0 0 0 0 0 
0 0 0 0 0 0 0 0 5.85531e+08 8.31146e+09 2.84096e+10 5.03196e+10 6.45731e+10 7.05183e+10 7.08015e+10 6.80146e+10 6.3275e+10 5.81716e+10 5.29485e+10 4.7976e+10 4.34627e+10 3.93943e+10 3.57392e+10 3.26572e+10 3.00252e+10 2.78647e+10 2.60231e+10 2.45127e+10 2.33538e+10 2.24607e+10 2.19582e+10 2.15625e+10 2.14093e+10 0 0 0 0 0 0 0 0 0 0 0 0 0 0 0 0 0 0 0 0 0 0 0 0 0 0 0 0 0 0 0 0 
0 0 0 0 0 0 0 0 0 5.92896e+09 4.09252e+10 1.1143e+11 1.86372e+11 2.41076e+11 2.71696e+11 2.83675e+11 2.82832e+11 2.7297e+11 2.59931e+11 2.43682e+11 2.28402e+11 2.13049e+11 1.98881e+11 1.85755e+11 1.74636e+11 1.64762e+11 1.55711e+11 1.49042e+11 1.43558e+11 1.39449e+11 1.36526e+11 1.34426e+11 1.33829e+11 0 0 0 0 0 0 0 0 0 0 0 0 0 0 0 0 0 0 0 0 0 0 0 0 0 0 0 0 0 0 0 0 
0 0 0 0 0 0 0 0 0 1.96187e+09 3.76599e+10 1.74336e+11 4.11381e+11 6.66614e+11 8.73699e+11 1.01288e+12 1.09346e+12 1.12468e+12 1.12542e+12 1.10491e+12 1.06997e+12 1.02703e+12 9.84443e+11 9.43622e+11 9.04554e+11 8.67276e+11 8.3734e+11 8.08202e+11 7.82942e+11 7.67738e+11 7.55471e+11 7.46232e+11 7.41967e+11 0 0 0 0 0 0 0 0 0 0 0 0 0 0 0 0 0 0 0 0 0 0 0 0 0 0 0 0 0 0 0 0 
0 0 0 0 0 0 0 0 0 0 2.04937e+10 1.86525e+11 6.70858e+11 1.44492e+12 2.29879e+12 3.05256e+12 3.63397e+12 4.04439e+12 4.29446e+12 4.42135e+12 4.45946e+12 4.43829e+12 4.37677e+12 4.29832e+12 4.19779e+12 4.10567e+12 4.00771e+12 3.92455e+12 3.85509e+12 3.79423e+12 3.74871e+12 3.73436e+12 3.71098e+12 0 0 0 0 0 0 0 0 0 0 0 0 0 0 0 0 0 0 0 0 0 0 0 0 0 0 0 0 0 0 0 0 
0 0 0 0 0 0 0 0 0 0 5.29662e+09 1.31096e+11 7.86078e+11 2.38691e+12 4.83672e+12 7.62925e+12 1.02728e+13 1.25257e+13 1.42821e+13 1.55718e+13 1.64769e+13 1.70527e+13 1.73694e+13 1.75134e+13 1.75397e+13 1.74101e+13 1.73235e+13 1.72278e+13 1.70745e+13 1.69535e+13 1.68693e+13 1.67712e+13 1.67915e+13 0 0 0 0 0 0 0 0 0 0 0 0 0 0 0 0 0 0 0 0 0 0 0 0 0 0 0 0 0 0 0 0 
0 0 0 0 0 0 0 0 0 0 0 5.60469e+10 6.43918e+11 2.94175e+12 7.95193e+12 1.54447e+13 2.42539e+13 3.31068e+13 4.12043e+13 4.81381e+13 5.37869e+13 5.81815e+13 6.1587e+13 6.39381e+13 6.56388e+13 6.67986e+13 6.7585e+13 6.79166e+13 6.82107e+13 6.83e+13 6.84333e+13 6.84753e+13 6.83462e+13 0 0 0 0 0 0 0 0 0 0 0 0 0 0 0 0 0 0 0 0 0 0 0 0 0 0 0 0 0 0 0 0 
0 0 0 0 0 0 0 0 0 0 0 1.15936e+10 3.55601e+11 2.65293e+12 1.00312e+13 2.49223e+13 4.69884e+13 7.36586e+13 1.01867e+14 1.29177e+14 1.53771e+14 1.75548e+14 1.9361e+14 2.08498e+14 2.20344e+14 2.30002e+14 2.37074e+14 2.42672e+14 2.46663e+14 2.49552e+14 2.50931e+14 2.52379e+14 2.52612e+14 0 0 0 0 0 0 0 0 0 0 0 0 0 0 0 0 0 0 0 0 0 0 0 0 0 0 0 0 0 0 0 0 
0 0 0 0 0 0 0 0 0 0 0 0 1.2217e+11 1.70788e+12 9.56525e+12 3.15886e+13 7.37433e+13 1.35994e+14 2.13102e+14 2.97511e+14 3.83509e+14 4.64785e+14 5.39455e+14 6.05289e+14 6.62295e+14 7.09367e+14 7.48503e+14 7.7986e+14 8.04816e+14 8.22262e+14 8.34739e+14 8.40957e+14 8.44249e+14 0 0 0 0 0 0 0 0 0 0 0 0 0 0 0 0 0 0 0 0 0 0 0 0 0 0 0 0 0 0 0 0 
0 0 0 0 0 0 0 0 0 0 0 0 2.06735e+10 7.59087e+11 6.79618e+12 3.09882e+13 9.23277e+13 2.0538e+14 3.72231e+14 5.83511e+14 8.21622e+14 1.07235e+15 1.31884e+15 1.5525e+15 1.76472e+15 1.9541e+15 2.11419e+15 2.24632e+15 2.35834e+15 2.44298e+15 2.50025e+15 2.53654e+15 2.54535e+15 0 0 0 0 0 0 0 0 0 0 0 0 0 0 0 0 0 0 0 0 0 0 0 0 0 0 0 0 0 0 0 0 
0 0 0 0 0 0 0 0 0 0 0 0 0 2.1367e+11 3.5193e+12 2.3372e+13 9.14838e+13 2.5163e+14 5.38637e+14 9.62279e+14 1.50663e+15 2.13549e+15 2.81163e+15 3.49814e+15 4.15719e+15 4.77188e+15 5.32595e+15 5.81355e+15 6.19455e+15 6.50247e+15 6.72882e+15 6.85919e+15 6.9105e+15 0 0 0 0 0 0 0 0 0 0 0 0 0 0 0 0 0 0 0 0 0 0 0 0 0 0 0 0 0 0 0 0 
0 0 0 0 0 0 0 0 0 0 0 0 0 3.02184e+10 1.28297e+12 1.33521e+13 7.13112e+13 2.48042e+14 6.39511e+14 1.32436e+15 2.33389e+15 3.64333e+15 5.18871e+15 6.86774e+15 8.60784e+15 1.02916e+16 1.18897e+16 1.33064e+16 1.45226e+16 1.54761e+16 1.61856e+16 1.66207e+16 1.67632e+16 0 0 0 0 0 0 0 0 0 0 0 0 0 0 0 0 0 0 0 0 0 0 0 0 0 0 0 0 0 0 0 0 
0 0 0 0 0 0 0 0 0 0 0 0 0 0 3.01613e+11 5.67978e+12 4.33226e+13 1.95738e+14 6.18577e+14 1.51102e+15 3.04434e+15 5.29215e+15 8.21267e+15 1.16996e+16 1.55175e+16 1.95167e+16 2.33654e+16 2.69894e+16 3.01321e+16 3.27787e+16 3.46703e+16 3.58556e+16 3.62502e+16 0 0 0 0 0 0 0 0 0 0 0 0 0 0 0 0 0 0 0 0 0 0 0 0 0 0 0 0 0 0 0 0 
0 0 0 0 0 0 0 0 0 0 0 0 0 0 3.62892e+10 1.72695e+12 2.03095e+13 1.23151e+14 4.87504e+14 1.42323e+15 3.30905e+15 6.48827e+15 1.11167e+16 1.71395e+16 2.43134e+16 3.21719e+16 4.03131e+16 4.81476e+16 5.53504e+16 6.12409e+16 6.58123e+16 6.86311e+16 6.9515e+16 0 0 0 0 0 0 0 0 0 0 0 0 0 0 0 0 0 0 0 0 0 0 0 0 0 0 0 0 0 0 0 0 
0 0 0 0 0 0 0 0 0 0 0 0 0 0 0 3.45146e+11 7.21195e+12 6.14602e+13 3.11467e+14 1.10426e+15 3.01129e+15 6.70501e+15 1.27863e+16 2.15104e+16 3.27985e+16 4.60932e+16 6.06405e+16 7.52918e+16 8.89961e+16 1.00993e+17 1.10098e+17 1.15791e+17 1.17846e+17 0 0 0 0 0 0 0 0 0 0 0 0 0 0 0 0 0 0 0 0 0 0 0 0 0 0 0 0 0 0 0 0 
0 0 0 0 0 0 0 0 0 0 0 0 0 0 0 3.5896e+10 1.86278e+12 2.40362e+13 1.61045e+14 7.05809e+14 2.27773e+15 5.83492e+15 1.24737e+16 2.31001e+16 3.80732e+16 5.71271e+16 7.91138e+16 1.02529e+17 1.25374e+17 1.45686e+17 1.61653e+17 1.71736e+17 1.75369e+17 0 0 0 0 0 0 0 0 0 0 0 0 0 0 0 0 0 0 0 0 0 0 0 0 0 0 0 0 0 0 0 0 
0 0 0 0 0 0 0 0 0 0 0 0 0 0 0 0 3.21125e+11 7.25462e+12 6.71299e+13 3.71184e+14 1.4388e+15 4.27137e+15 1.03185e+16 2.11615e+16 3.79637e+16 6.10275e+16 8.94372e+16 1.21412e+17 1.54006e+17 1.83723e+17 2.07805e+17 2.23744e+17 2.28873e+17 0 0 0 0 0 0 0 0 0 0 0 0 0 0 0 0 0 0 0 0 0 0 0 0 0 0 0 0 0 0 0 0 
0 0 0 0 0 0 0 0 0 0 0 0 0 0 0 0 2.94663e+10 1.61495e+12 2.22984e+13 1.60517e+14 7.57685e+14 2.63669e+15 7.24672e+15 1.65455e+16 3.24714e+16 5.62166e+16 8.77441e+16 1.24926e+17 1.64649e+17 2.0252e+17 2.33677e+17 2.53941e+17 2.61231e+17 0 0 0 0 0 0 0 0 0 0 0 0 0 0 0 0 0 0 0 0 0 0 0 0 0 0 0 0 0 0 0 0 
0 0 0 0 0 0 0 0 0 0 0 0 0 0 0 0 0 2.4387e+11 5.7944e+12 5.6819e+13 3.33753e+14 1.37588e+15 4.33964e+15 1.10836e+16 2.38981e+16 4.47547e+16 7.43356e+16 1.11586e+17 1.53131e+17 1.94272e+17 2.29071e+17 2.52498e+17 2.60682e+17 0 0 0 0 0 0 0 0 0 0 0 0 0 0 0 0 0 0 0 0 0 0 0 0 0 0 0 0 0 0 0 0 
0 0 0 0 0 0 0 0 0 0 0 0 0 0 0 0 0 2.01284e+10 1.13135e+12 1.6245e+13 1.22581e+14 6.06949e+14 2.2188e+15 6.39028e+15 1.51892e+16 3.08048e+16 5.47591e+16 8.68272e+16 1.24418e+17 1.62804e+17 1.96395e+17 2.19376e+17 2.27615e+17 0 0 0 0 0 0 0 0 0 0 0 0 0 0 0 0 0 0 0 0 0 0 0 0 0 0 0 0 0 0 0 0 
0 0 0 0 0 0 0 0 0 0 0 0 0 0 0 0 0 0 1.51868e+11 3.69746e+12 3.74059e+13 2.27784e+14 9.71837e+14 3.17234e+15 8.35731e+15 1.84769e+16 3.51578e+16 5.89072e+16 8.82343e+16 1.19476e+17 1.47585e+17 1.67143e+17 1.74061e+17 0 0 0 0 0 0 0 0 0 0 0 0 0 0 0 0 0 0 0 0 0 0 0 0 0 0 0 0 0 0 0 0 
0 0 0 0 0 0 0 0 0 0 0 0 0 0 0 0 0 0 1.15771e+10 6.41261e+11 9.36571e+12 7.21069e+13 3.65226e+14 1.3632e+15 4.0017e+15 9.65636e+15 1.97671e+16 3.50662e+16 5.49695e+16 7.7157e+16 9.75702e+16 1.12063e+17 1.17387e+17 0 0 0 0 0 0 0 0 0 0 0 0 0 0 0 0 0 0 0 0 0 0 0 0 0 0 0 0 0 0 0 0 
0 0 0 0 0 0 0 0 0 0 0 0 0 0 0 0 0 0 0 7.79686e+10 1.89092e+12 1.92205e+13 1.18178e+14 5.09244e+14 1.67489e+15 4.42831e+15 9.76552e+15 1.84234e+16 3.02807e+16 4.39436e+16 5.70063e+16 6.64601e+16 6.9918e+16 0 0 0 0 0 0 0 0 0 0 0 0 0 0 0 0 0 0 0 0 0 0 0 0 0 0 0 0 0 0 0 0 
0 0 0 0 0 0 0 0 0 0 0 0 0 0 0 0 0 0 0 5.67991e+09 2.9645e+11 4.28127e+12 3.27952e+13 1.6559e+14 6.14971e+14 1.79432e+15 4.26986e+15 8.56278e+15 1.47756e+16 2.22687e+16 2.96208e+16 3.5077e+16 3.70609e+16 0 0 0 0 0 0 0 0 0 0 0 0 0 0 0 0 0 0 0 0 0 0 0 0 0 0 0 0 0 0 0 0 
0 0 0 0 0 0 0 0 0 0 0 0 0 0 0 0 0 0 0 0 3.32734e+10 7.7973e+11 7.75756e+12 4.69382e+13 1.99122e+14 6.4183e+14 1.66104e+15 3.54999e+15 6.43674e+15 1.00685e+16 1.37602e+16 1.65213e+16 1.75655e+16 0 0 0 0 0 0 0 0 0 0 0 0 0 0 0 0 0 0 0 0 0 0 0 0 0 0 0 0 0 0 0 0 
0 0 0 0 0 0 0 0 0 0 0 0 0 0 0 0 0 0 0 0 2.42148e+09 1.12433e+11 1.55825e+12 1.15734e+13 5.68624e+13 2.04836e+14 5.76049e+14 1.31699e+15 2.51532e+15 4.08893e+15 5.73882e+15 7.00664e+15 7.48976e+15 0 0 0 0 0 0 0 0 0 0 0 0 0 0 0 0 0 0 0 0 0 0 0 0 0 0 0 0 0 0 0 0 
0 0 0 0 0 0 0 0 0 0 0 0 0 0 0 0 0 0 0 0 0 1.19132e+10 2.60367e+11 2.47177e+12 1.43366e+13 5.82038e+13 1.79321e+14 4.40798e+14 8.88895e+14 1.50358e+15 2.16593e+15 2.68834e+15 2.88306e+15 0 0 0 0 0 0 0 0 0 0 0 0 0 0 0 0 0 0 0 0 0 0 0 0 0 0 0 0 0 0 0 0 
0 0 0 0 0 0 0 0 0 0 0 0 0 0 0 0 0 0 0 0 0 9.23083e+08 3.54457e+10 4.55136e+11 3.18659e+12 1.48204e+13 5.0441e+13 1.33185e+14 2.83787e+14 5.01033e+14 7.43743e+14 9.38351e+14 1.01343e+15 0 0 0 0 0 0 0 0 0 0 0 0 0 0 0 0 0 0 0 0 0 0 0 0 0 0 0 0 0 0 0 0 
0 0 0 0 0 0 0 0 0 0 0 0 0 0 0 0 0 0 0 0 0 0 3.63585e+09 7.12642e+10 6.25774e+11 3.37897e+12 1.27971e+13 3.66487e+13 8.3026e+13 1.52893e+14 2.33814e+14 3.00201e+14 3.25877e+14 0 0 0 0 0 0 0 0 0 0 0 0 0 0 0 0 0 0 0 0 0 0 0 0 0 0 0 0 0 0 0 0 
0 0 0 0 0 0 0 0 0 0 0 0 0 0 0 0 0 0 0 0 0 0 3.22277e+08 9.45583e+09 1.07683e+11 6.89143e+11 2.94581e+12 9.20514e+12 2.21943e+13 4.28196e+13 6.74484e+13 8.84158e+13 9.65788e+13 0 0 0 0 0 0 0 0 0 0 0 0 0 0 0 0 0 0 0 0 0 0 0 0 0 0 0 0 0 0 0 0 
0 0 0 0 0 0 0 0 0 0 0 0 0 0 0 0 0 0 0 0 0 0 0 9.63785e+08 1.62676e+10 1.26792e+11 6.18464e+11 2.11602e+12 5.46118e+12 1.10849e+13 1.80855e+13 2.40468e+13 2.65188e+13 0 0 0 0 0 0 0 0 0 0 0 0 0 0 0 0 0 0 0 0 0 0 0 0 0 0 0 0 0 0 0 0 
0 0 0 0 0 0 0 0 0 0 0 0 0 0 0 0 0 0 0 0 0 0 0 1.0464e+08 2.17621e+09 2.0946e+10 1.18268e+11 4.50868e+11 1.24956e+12 2.65995e+12 4.49744e+12 6.11507e+12 6.76304e+12 0 0 0 0 0 0 0 0 0 0 0 0 0 0 0 0 0 0 0 0 0 0 0 0 0 0 0 0 0 0 0 0 
0 0 0 0 0 0 0 0 0 0 0 0 0 0 0 0 0 0 0 0 0 0 0 0 2.24455e+08 3.15846e+09 2.10365e+10 8.88014e+10 2.66803e+11 6.00048e+11 1.05042e+12 1.45566e+12 1.61871e+12 0 0 0 0 0 0 0 0 0 0 0 0 0 0 0 0 0 0 0 0 0 0 0 0 0 0 0 0 0 0 0 0 
0 0 0 0 0 0 0 0 0 0 0 0 0 0 0 0 0 0 0 0 0 0 0 0 3.14792e+07 4.43763e+08 3.41868e+09 1.64022e+10 5.35493e+10 1.27447e+11 2.31375e+11 3.28781e+11 3.68668e+11 0 0 0 0 0 0 0 0 0 0 0 0 0 0 0 0 0 0 0 0 0 0 0 0 0 0 0 0 0 0 0 0 
0 0 0 0 0 0 0 0 0 0 0 0 0 0 0 0 0 0 0 0 0 0 0 0 0 4.55968e+07 5.35516e+08 2.90182e+09 1.02099e+10 2.58865e+10 4.86738e+10 7.06484e+10 7.96758e+10 0 0 0 0 0 0 0 0 0 0 0 0 0 0 0 0 0 0 0 0 0 0 0 0 0 0 0 0 0 0 0 0 
0 0 0 0 0 0 0 0 0 0 0 0 0 0 0 0 0 0 0 0 0 0 0 0 0 8.60082e+06 8.08659e+07 4.75596e+08 1.8944e+09 5.03864e+09 9.89615e+09 1.4706e+10 1.66784e+10 0 0 0 0 0 0 0 0 0 0 0 0 0 0 0 0 0 0 0 0 0 0 0 0 0 0 0 0 0 0 0 0 
0 0 0 0 0 0 0 0 0 0 0 0 0 0 0 0 0 0 0 0 0 0 0 0 0 0 7.88349e+06 8.06931e+07 3.39307e+08 9.57315e+08 1.97938e+09 2.9687e+09 3.42546e+09 0 0 0 0 0 0 0 0 0 0 0 0 0 0 0 0 0 0 0 0 0 0 0 0 0 0 0 0 0 0 0 0 
0 0 0 0 0 0 0 0 0 0 0 0 0 0 0 0 0 0 0 0 0 0 0 0 0 0 2.07692e+06 1.28629e+07 5.62782e+07 1.84632e+08 3.80823e+08 5.99754e+08 6.84114e+08 0 0 0 0 0 0 0 0 0 0 0 0 0 0 0 0 0 0 0 0 0 0 0 0 0 0 0 0 0 0 0 0 
0 0 0 0 0 0 0 0 0 0 0 0 0 0 0 0 0 0 0 0 0 0 0 0 0 0 0 1.0911e+06 1.08467e+07 3.27219e+07 7.39614e+07 1.1936e+08 1.35657e+08 0 0 0 0 0 0 0 0 0 0 0 0 0 0 0 0 0 0 0 0 0 0 0 0 0 0 0 0 0 0 0 0 
0 0 0 0 0 0 0 0 0 0 0 0 0 0 0 0 0 0 0 0 0 0 0 0 0 0 0 429987 1.69532e+06 5.58616e+06 1.5132e+07 2.22505e+07 2.85349e+07 0 0 0 0 0 0 0 0 0 0 0 0 0 0 0 0 0 0 0 0 0 0 0 0 0 0 0 0 0 0 0 0 
0 0 0 0 0 0 0 0 0 0 0 0 0 0 0 0 0 0 0 0 0 0 0 0 0 0 0 0 112801 1.25457e+06 2.41957e+06 4.70065e+06 5.19005e+06 0 0 0 0 0 0 0 0 0 0 0 0 0 0 0 0 0 0 0 0 0 0 0 0 0 0 0 0 0 0 0 0 
0 0 0 0 0 0 0 0 0 0 0 0 0 0 0 0 0 0 0 0 0 0 0 0 0 0 0 0 73736.6 170584 457821 963973 941233 0 0 0 0 0 0 0 0 0 0 0 0 0 0 0 0 0 0 0 0 0 0 0 0 0 0 0 0 0 0 0 0 
0 0 0 0 0 0 0 0 0 0 0 0 0 0 0 0 0 0 0 0 0 0 0 0 0 0 0 0 0 7677.21 116915 111519 241934 0 0 0 0 0 0 0 0 0 0 0 0 0 0 0 0 0 0 0 0 0 0 0 0 0 0 0 0 0 0 0 0 
0 0 0 0 0 0 0 0 0 0 0 0 0 0 0 0 0 0 0 0 0 0 0 0 0 0 0 0 0 9962.9 11492.5 32397.4 37486.6 0 0 0 0 0 0 0 0 0 0 0 0 0 0 0 0 0 0 0 0 0 0 0 0 0 0 0 0 0 0 0 0 
0 0 0 0 0 0 0 0 0 0 0 0 0 0 0 0 0 0 0 0 0 0 0 0 0 0 0 0 0 0 256.079 7656.12 2035.2 0 0 0 0 0 0 0 0 0 0 0 0 0 0 0 0 0 0 0 0 0 0 0 0 0 0 0 0 0 0 0 0 
0 0 0 0 0 0 0 0 0 0 0 0 0 0 0 0 0 0 0 0 0 0 0 0 0 0 0 0 0 0 990.123 382.781 1921.01 0 0 0 0 0 0 0 0 0 0 0 0 0 0 0 0 0 0 0 0 0 0 0 0 0 0 0 0 0 0 0 0 
0 0 0 0 0 0 0 0 0 0 0 0 0 0 0 0 0 0 0 0 0 0 0 0 0 0 0 0 0 0 0 0 255.259 0 0 0 0 0 0 0 0 0 0 0 0 0 0 0 0 0 0 0 0 0 0 0 0 0 0 0 0 0 0 0 0 
0 0 0 0 0 0 0 0 0 0 0 0 0 0 0 0 0 0 0 0 0 0 0 0 0 0 0 0 0 0 0 63.8789 0 0 0 0 0 0 0 0 0 0 0 0 0 0 0 0 0 0 0 0 0 0 0 0 0 0 0 0 0 0 0 0 0 
0 0 0 0 0 0 0 0 0 0 0 0 0 0 0 0 0 0 0 0 0 0 0 0 0 0 0 0 0 0 0 0 0 0 0 0 0 0 0 0 0 0 0 0 0 0 0 0 0 0 0 0 0 0 0 0 0 0 0 0 0 0 0 0 0 
0 0 0 0 0 0 0 0 0 0 0 0 0 0 0 0 0 0 0 0 0 0 0 0 0 0 0 0 0 0 0 0 1.99622 0 0 0 0 0 0 0 0 0 0 0 0 0 0 0 0 0 0 0 0 0 0 0 0 0 0 0 0 0 0 0 0 
