1 0 0 0 0 0 0 0 0 0 0 0 0 0 0 0 0 0 0 0 0 0 0 0 0 0 0 0 0 0 0 0 0 0 0 0 0 0 0 0 0 0 0 0 0 0 0 0 0 0 0 0 0 0 0 0 0 0 0 0 0 0 0 0 1 
0 0 0 0 0 0 0 0 0 0 0 0 0 0 0 0 0 0 0 0 0 0 0 0 0 0 0 0 0 0 0 0 0 0 0 0 0 0 0 0 0 0 0 0 0 0 0 0 0 0 0 0 0 0 0 0 0 0 0 0 0 0 0 0 0 
0 64 0 0 0 0 0 0 0 0 0 0 0 0 0 0 0 0 0 0 0 0 0 0 0 0 0 0 0 0 0 0 0 0 0 0 0 0 0 0 0 0 0 0 0 0 0 0 0 0 0 0 0 0 0 0 0 0 0 0 0 0 0 0 0 
0 0 128 0 0 0 0 0 0 0 0 0 0 0 0 0 0 0 0 0 0 0 0 0 0 0 0 0 0 0 0 0 0 0 0 0 0 0 0 0 0 0 0 0 0 0 0 0 0 0 0 0 0 0 0 0 0 0 0 0 0 0 0 0 0 
0 0 1888 386.354 64.157 0 0 0 0 0 0 0 0 0 0 0 0 0 0 0 0 0 0 0 0 0 0 0 0 0 0 0 0 0 0 0 0 0 0 0 0 0 0 0 0 0 0 0 0 0 0 0 0 0 0 0 0 0 0 0 0 0 0 0 0 
0 0 0 7163.29 1157.5 513.598 129.429 0 0 0 0 0 0 0 0 0 0 0 0 0 0 0 0 0 0 0 0 0 0 0 0 0 0 0 0 0 0 0 0 0 0 0 0 0 0 0 0 0 0 0 0 0 0 0 0 0 0 0 0 0 0 0 0 0 0 
0 0 0 34114.4 27330.7 6883.99 2573.31 1419.1 387.169 63.9626 0 0 0 0 0 0 0 0 0 0 0 0 0 0 0 0 0 0 0 0 0 0 0 0 0 0 0 0 0 0 0 0 0 0 0 0 0 0 0 0 0 0 0 0 0 0 0 0 0 0 0 0 0 0 0 
0 0 0 0 183657 97285.1 42951.9 16946.9 8585.85 4597.1 1930.34 517.919 128.15 0 0 0 0 0 0 0 0 0 0 0 0 0 0 0 0 0 0 0 0 0 0 0 0 0 0 0 0 0 0 0 0 0 0 0 0 0 0 0 0 0 0 0 0 0 0 0 0 0 0 0 0 
0 0 0 0 423166 829131 412453 223487 121958 60074.8 33839.2 20129.9 9773.86 4459.98 1394.85 388.819 83.9929 0 0 0 0 0 0 0 16.4237 0 0 0 0 0 0 0 15.421 0 0 0 0 0 0 0 0 0 0 0 0 0 0 0 0 0 0 0 0 0 0 0 0 0 0 0 0 0 0 0 0 
0 0 0 0 0 2.86074e+06 3.32947e+06 1.98137e+06 1.13994e+06 723425 428510 251815 154928 94267.3 55551.3 29230.8 14134.6 5964.73 2184.32 749.326 384.402 266.895 258.203 258.042 0 260.982 257.304 259.116 255.125 255.774 260.464 251.933 0 0 0 0 0 0 0 0 0 0 0 0 0 0 0 0 0 0 0 0 0 0 0 0 0 0 0 0 0 0 0 0 0 
0 0 0 0 0 3.82996e+06 1.45963e+07 1.35287e+07 9.39542e+06 6.10736e+06 4.03167e+06 2.69374e+06 1.79108e+06 1.16726e+06 773239 511813 329176 207015 120274 68413.5 37395 21350.2 13990.6 10812.1 11619.4 9996.62 9215.57 9288.92 9356.98 9414.79 9210.12 9325.82 11321 0 0 0 0 0 0 0 0 0 0 0 0 0 0 0 0 0 0 0 0 0 0 0 0 0 0 0 0 0 0 0 0 
0 0 0 0 0 0 3.03422e+07 6.37652e+07 5.74831e+07 4.32971e+07 3.15273e+07 2.2406e+07 1.59067e+07 1.15064e+07 8.20562e+06 5.89867e+06 4.17531e+06 2.93386e+06 2.0737e+06 1.46258e+06 1.02122e+06 709289 498951 373762 286141 249931 231806 224960 219001 218537 216792 213425 206755 0 0 0 0 0 0 0 0 0 0 0 0 0 0 0 0 0 0 0 0 0 0 0 0 0 0 0 0 0 0 0 0 
0 0 0 0 0 0 2.62483e+07 1.69377e+08 2.63045e+08 2.46604e+08 1.99577e+08 1.5633e+08 1.19072e+08 9.02422e+07 6.92032e+07 5.25393e+07 4.01278e+07 3.05954e+07 2.34082e+07 1.79056e+07 1.37259e+07 1.06402e+07 8.3487e+06 6.64095e+06 5.47915e+06 4.6411e+06 4.02429e+06 3.64859e+06 3.45374e+06 3.25962e+06 3.20507e+06 3.18993e+06 3.22585e+06 0 0 0 0 0 0 0 0 0 0 0 0 0 0 0 0 0 0 0 0 0 0 0 0 0 0 0 0 0 0 0 0 
0 0 0 0 0 0 0 2.32747e+08 7.85068e+08 1.06756e+09 1.04341e+09 9.04692e+08 7.50933e+08 6.08876e+08 4.89228e+08 3.91603e+08 3.15464e+08 2.55092e+08 2.05543e+08 1.66661e+08 1.352e+08 1.10719e+08 9.1611e+07 7.6244e+07 6.50668e+07 5.63915e+07 5.07501e+07 4.60788e+07 4.21587e+07 4.00996e+07 3.84759e+07 3.78498e+07 3.75461e+07 0 0 0 0 0 0 0 0 0 0 0 0 0 0 0 0 0 0 0 0 0 0 0 0 0 0 0 0 0 0 0 0 
0 0 0 0 0 0 0 1.39576e+08 1.38419e+09 3.29989e+09 4.28511e+09 4.34578e+09 3.99315e+09 3.49269e+09 2.97624e+09 2.52304e+09 2.12115e+09 1.78287e+09 1.50197e+09 1.27181e+09 1.07932e+09 9.19562e+08 7.85204e+08 6.8325e+08 6.0043e+08 5.34785e+08 4.84587e+08 4.41414e+08 4.10735e+08 3.91056e+08 3.76996e+08 3.71912e+08 3.67048e+08 0 0 0 0 0 0 0 0 0 0 0 0 0 0 0 0 0 0 0 0 0 0 0 0 0 0 0 0 0 0 0 0 
0 0 0 0 0 0 0 0 1.34014e+09 6.67382e+09 1.31268e+10 1.68123e+10 1.77225e+10 1.70552e+10 1.56917e+10 1.40319e+10 1.24108e+10 1.0861e+10 9.5297e+09 8.3197e+09 7.34454e+09 6.44749e+09 5.70852e+09 5.09881e+09 4.58181e+09 4.17165e+09 3.82256e+09 3.56217e+09 3.34725e+09 3.18968e+09 3.09428e+09 3.0292e+09 2.99623e+09 0 0 0 0 0 0 0 0 0 0 0 0 0 0 0 0 0 0 0 0 0 0 0 0 0 0 0 0 0 0 0 0 
0 0 0 0 0 0 0 0 5.85568e+08 8.31219e+09 2.84019e+10 5.03731e+10 6.45604e+10 7.05236e+10 7.0782e+10 6.77828e+10 6.32689e+10 5.80657e+10 5.28457e+10 4.80841e+10 4.34598e+10 3.94169e+10 3.59126e+10 3.28174e+10 3.00607e+10 2.79168e+10 2.60782e+10 2.45064e+10 2.33379e+10 2.24035e+10 2.18429e+10 2.13833e+10 2.13456e+10 0 0 0 0 0 0 0 0 0 0 0 0 0 0 0 0 0 0 0 0 0 0 0 0 0 0 0 0 0 0 0 0 
0 0 0 0 0 0 0 0 0 5.92801e+09 4.09328e+10 1.11325e+11 1.86386e+11 2.41167e+11 2.7191e+11 2.83619e+11 2.82044e+11 2.73059e+11 2.59351e+11 2.43887e+11 2.28759e+11 2.1314e+11 1.98931e+11 1.86058e+11 1.74798e+11 1.64651e+11 1.55764e+11 1.48962e+11 1.43238e+11 1.38805e+11 1.35179e+11 1.33772e+11 1.33181e+11 0 0 0 0 0 0 0 0 0 0 0 0 0 0 0 0 0 0 0 0 0 0 0 0 0 0 0 0 0 0 0 0 
0 0 0 0 0 0 0 0 0 1.96233e+09 3.76497e+10 1.74408e+11 4.11542e+11 6.66296e+11 8.73361e+11 1.01274e+12 1.09134e+12 1.1238e+12 1.12537e+12 1.10364e+12 1.06707e+12 1.0307e+12 9.8602e+11 9.44939e+11 9.03966e+11 8.65305e+11 8.34562e+11 8.05499e+11 7.8225e+11 7.63113e+11 7.51515e+11 7.44052e+11 7.43199e+11 0 0 0 0 0 0 0 0 0 0 0 0 0 0 0 0 0 0 0 0 0 0 0 0 0 0 0 0 0 0 0 0 
0 0 0 0 0 0 0 0 0 0 2.05009e+10 1.86481e+11 6.70679e+11 1.44468e+12 2.29863e+12 3.0528e+12 3.63654e+12 4.0399e+12 4.28342e+12 4.41459e+12 4.45523e+12 4.43159e+12 4.36825e+12 4.29293e+12 4.18906e+12 4.09271e+12 3.99815e+12 3.92004e+12 3.85657e+12 3.79132e+12 3.74602e+12 3.7232e+12 3.70724e+12 0 0 0 0 0 0 0 0 0 0 0 0 0 0 0 0 0 0 0 0 0 0 0 0 0 0 0 0 0 0 0 0 
0 0 0 0 0 0 0 0 0 0 5.29701e+09 1.31137e+11 7.85937e+11 2.38842e+12 4.83374e+12 7.62714e+12 1.02719e+13 1.25178e+13 1.42944e+13 1.55648e+13 1.648e+13 1.70417e+13 1.73675e+13 1.7495e+13 1.75008e+13 1.74599e+13 1.73188e+13 1.71898e+13 1.70337e+13 1.69567e+13 1.68661e+13 1.67729e+13 1.6778e+13 0 0 0 0 0 0 0 0 0 0 0 0 0 0 0 0 0 0 0 0 0 0 0 0 0 0 0 0 0 0 0 0 
0 0 0 0 0 0 0 0 0 0 0 5.60332e+10 6.44003e+11 2.94128e+12 7.95749e+12 1.545e+13 2.42575e+13 3.31331e+13 4.12234e+13 4.81844e+13 5.37666e+13 5.81116e+13 6.15321e+13 6.38612e+13 6.55431e+13 6.66801e+13 6.74876e+13 6.78663e+13 6.81745e+13 6.83859e+13 6.85275e+13 6.85313e+13 6.84585e+13 0 0 0 0 0 0 0 0 0 0 0 0 0 0 0 0 0 0 0 0 0 0 0 0 0 0 0 0 0 0 0 0 
0 0 0 0 0 0 0 0 0 0 0 1.15947e+10 3.55654e+11 2.65146e+12 1.0032e+13 2.49247e+13 4.69998e+13 7.36573e+13 1.01795e+14 1.29083e+14 1.53813e+14 1.7564e+14 1.93408e+14 2.08569e+14 2.20514e+14 2.29917e+14 2.36838e+14 2.4237e+14 2.46914e+14 2.49597e+14 2.51797e+14 2.52627e+14 2.52664e+14 0 0 0 0 0 0 0 0 0 0 0 0 0 0 0 0 0 0 0 0 0 0 0 0 0 0 0 0 0 0 0 0 
0 0 0 0 0 0 0 0 0 0 0 0 1.22167e+11 1.7088e+12 9.56299e+12 3.1579e+13 7.37227e+13 1.3594e+14 2.1298e+14 2.9751e+14 3.83237e+14 4.64652e+14 5.39317e+14 6.05208e+14 6.61671e+14 7.08668e+14 7.48525e+14 7.79154e+14 8.04025e+14 8.20984e+14 8.34098e+14 8.40908e+14 8.45118e+14 0 0 0 0 0 0 0 0 0 0 0 0 0 0 0 0 0 0 0 0 0 0 0 0 0 0 0 0 0 0 0 0 
0 0 0 0 0 0 0 0 0 0 0 0 2.06823e+10 7.58968e+11 6.79197e+12 3.09947e+13 9.22805e+13 2.0543e+14 3.72392e+14 5.83738e+14 8.22046e+14 1.07166e+15 1.31852e+15 1.5502e+15 1.76347e+15 1.95294e+15 2.11594e+15 2.25213e+15 2.35861e+15 2.44133e+15 2.49911e+15 2.53457e+15 2.54541e+15 0 0 0 0 0 0 0 0 0 0 0 0 0 0 0 0 0 0 0 0 0 0 0 0 0 0 0 0 0 0 0 0 
0 0 0 0 0 0 0 0 0 0 0 0 0 2.1381e+11 3.52342e+12 2.33645e+13 9.15959e+13 2.51663e+14 5.38579e+14 9.61413e+14 1.5062e+15 2.13579e+15 2.80893e+15 3.49732e+15 4.15955e+15 4.77903e+15 5.32194e+15 5.79774e+15 6.19126e+15 6.50838e+15 6.72649e+15 6.86204e+15 6.90792e+15 0 0 0 0 0 0 0 0 0 0 0 0 0 0 0 0 0 0 0 0 0 0 0 0 0 0 0 0 0 0 0 0 
0 0 0 0 0 0 0 0 0 0 0 0 0 3.01842e+10 1.28227e+12 1.33584e+13 7.12488e+13 2.47984e+14 6.39675e+14 1.32455e+15 2.33382e+15 3.64432e+15 5.19061e+15 6.87312e+15 8.60811e+15 1.02954e+16 1.18868e+16 1.33026e+16 1.4508e+16 1.54752e+16 1.61778e+16 1.66088e+16 1.67538e+16 0 0 0 0 0 0 0 0 0 0 0 0 0 0 0 0 0 0 0 0 0 0 0 0 0 0 0 0 0 0 0 0 
0 0 0 0 0 0 0 0 0 0 0 0 0 0 3.01671e+11 5.67905e+12 4.33176e+13 1.95759e+14 6.18776e+14 1.51237e+15 3.04211e+15 5.28922e+15 8.21642e+15 1.16948e+16 1.55144e+16 1.9494e+16 2.33943e+16 2.69983e+16 3.01616e+16 3.272e+16 3.468e+16 3.58697e+16 3.62485e+16 0 0 0 0 0 0 0 0 0 0 0 0 0 0 0 0 0 0 0 0 0 0 0 0 0 0 0 0 0 0 0 0 
0 0 0 0 0 0 0 0 0 0 0 0 0 0 3.62229e+10 1.72669e+12 2.03232e+13 1.23138e+14 4.87155e+14 1.42299e+15 3.31452e+15 6.48979e+15 1.11171e+16 1.71344e+16 2.43116e+16 3.21748e+16 4.02858e+16 4.81359e+16 5.52782e+16 6.13223e+16 6.58065e+16 6.85527e+16 6.95509e+16 0 0 0 0 0 0 0 0 0 0 0 0 0 0 0 0 0 0 0 0 0 0 0 0 0 0 0 0 0 0 0 0 
0 0 0 0 0 0 0 0 0 0 0 0 0 0 0 3.45057e+11 7.20863e+12 6.14717e+13 3.11459e+14 1.10343e+15 3.00815e+15 6.7074e+15 1.27857e+16 2.15288e+16 3.28041e+16 4.61275e+16 6.05931e+16 7.52911e+16 8.90699e+16 1.00867e+17 1.09991e+17 1.15882e+17 1.178e+17 0 0 0 0 0 0 0 0 0 0 0 0 0 0 0 0 0 0 0 0 0 0 0 0 0 0 0 0 0 0 0 0 
0 0 0 0 0 0 0 0 0 0 0 0 0 0 0 3.58395e+10 1.86171e+12 2.40493e+13 1.61141e+14 7.05921e+14 2.27823e+15 5.83582e+15 1.2468e+16 2.30986e+16 3.80725e+16 5.70811e+16 7.91411e+16 1.02498e+17 1.25365e+17 1.45803e+17 1.61766e+17 1.71757e+17 1.75376e+17 0 0 0 0 0 0 0 0 0 0 0 0 0 0 0 0 0 0 0 0 0 0 0 0 0 0 0 0 0 0 0 0 
0 0 0 0 0 0 0 0 0 0 0 0 0 0 0 0 3.21196e+11 7.23938e+12 6.70942e+13 3.71362e+14 1.43847e+15 4.26837e+15 1.03192e+16 2.11368e+16 3.7954e+16 6.10558e+16 8.95048e+16 1.21527e+17 1.53996e+17 1.83754e+17 2.07822e+17 2.23544e+17 2.28758e+17 0 0 0 0 0 0 0 0 0 0 0 0 0 0 0 0 0 0 0 0 0 0 0 0 0 0 0 0 0 0 0 0 
0 0 0 0 0 0 0 0 0 0 0 0 0 0 0 0 2.93861e+10 1.61596e+12 2.23193e+13 1.60508e+14 7.57953e+14 2.63788e+15 7.25276e+15 1.65638e+16 3.24849e+16 5.62123e+16 8.76935e+16 1.2487e+17 1.64653e+17 2.02412e+17 2.33605e+17 2.54162e+17 2.61407e+17 0 0 0 0 0 0 0 0 0 0 0 0 0 0 0 0 0 0 0 0 0 0 0 0 0 0 0 0 0 0 0 0 
0 0 0 0 0 0 0 0 0 0 0 0 0 0 0 0 0 2.43833e+11 5.77935e+12 5.67765e+13 3.33619e+14 1.37542e+15 4.33838e+15 1.10846e+16 2.38985e+16 4.47417e+16 7.43291e+16 1.11623e+17 1.53145e+17 1.94374e+17 2.29159e+17 2.52429e+17 2.60598e+17 0 0 0 0 0 0 0 0 0 0 0 0 0 0 0 0 0 0 0 0 0 0 0 0 0 0 0 0 0 0 0 0 
0 0 0 0 0 0 0 0 0 0 0 0 0 0 0 0 0 2.00768e+10 1.13086e+12 1.62513e+13 1.22579e+14 6.0741e+14 2.21793e+15 6.38715e+15 1.51893e+16 3.08231e+16 5.47852e+16 8.67506e+16 1.24396e+17 1.62735e+17 1.96339e+17 2.19415e+17 2.27597e+17 0 0 0 0 0 0 0 0 0 0 0 0 0 0 0 0 0 0 0 0 0 0 0 0 0 0 0 0 0 0 0 0 
0 0 0 0 0 0 0 0 0 0 0 0 0 0 0 0 0 0 1.5185e+11 3.68907e+12 3.73452e+13 2.27326e+14 9.7125e+14 3.17258e+15 8.35246e+15 1.84739e+16 3.51532e+16 5.89174e+16 8.82374e+16 1.19561e+17 1.47664e+17 1.67113e+17 1.74235e+17 0 0 0 0 0 0 0 0 0 0 0 0 0 0 0 0 0 0 0 0 0 0 0 0 0 0 0 0 0 0 0 0 
0 0 0 0 0 0 0 0 0 0 0 0 0 0 0 0 0 0 1.15491e+10 6.41829e+11 9.35737e+12 7.20557e+13 3.65264e+14 1.36284e+15 4.00162e+15 9.65665e+15 1.97705e+16 3.51106e+16 5.50102e+16 7.70951e+16 9.75408e+16 1.12109e+17 1.17303e+17 0 0 0 0 0 0 0 0 0 0 0 0 0 0 0 0 0 0 0 0 0 0 0 0 0 0 0 0 0 0 0 0 
0 0 0 0 0 0 0 0 0 0 0 0 0 0 0 0 0 0 0 7.80475e+10 1.88617e+12 1.92054e+13 1.17869e+14 5.08819e+14 1.67535e+15 4.42651e+15 9.76135e+15 1.84081e+16 3.02636e+16 4.39869e+16 5.70442e+16 6.64625e+16 6.99202e+16 0 0 0 0 0 0 0 0 0 0 0 0 0 0 0 0 0 0 0 0 0 0 0 0 0 0 0 0 0 0 0 0 
0 0 0 0 0 0 0 0 0 0 0 0 0 0 0 0 0 0 0 5.65977e+09 2.96649e+11 4.26833e+12 3.27639e+13 1.65404e+14 6.15036e+14 1.79189e+15 4.26419e+15 8.55638e+15 1.47717e+16 2.22406e+16 2.95945e+16 3.50534e+16 3.70534e+16 0 0 0 0 0 0 0 0 0 0 0 0 0 0 0 0 0 0 0 0 0 0 0 0 0 0 0 0 0 0 0 0 
0 0 0 0 0 0 0 0 0 0 0 0 0 0 0 0 0 0 0 0 3.32304e+10 7.76961e+11 7.76195e+12 4.6867e+13 1.98854e+14 6.4257e+14 1.65942e+15 3.54728e+15 6.42491e+15 1.00604e+16 1.37263e+16 1.65053e+16 1.75485e+16 0 0 0 0 0 0 0 0 0 0 0 0 0 0 0 0 0 0 0 0 0 0 0 0 0 0 0 0 0 0 0 0 
0 0 0 0 0 0 0 0 0 0 0 0 0 0 0 0 0 0 0 0 2.4117e+09 1.12713e+11 1.55323e+12 1.15635e+13 5.6719e+13 2.04375e+14 5.76306e+14 1.31645e+15 2.51563e+15 4.08583e+15 5.73832e+15 7.00043e+15 7.47933e+15 0 0 0 0 0 0 0 0 0 0 0 0 0 0 0 0 0 0 0 0 0 0 0 0 0 0 0 0 0 0 0 0 
0 0 0 0 0 0 0 0 0 0 0 0 0 0 0 0 0 0 0 0 0 1.18746e+10 2.60104e+11 2.47026e+12 1.43069e+13 5.81918e+13 1.79369e+14 4.40564e+14 8.87275e+14 1.50321e+15 2.16473e+15 2.68797e+15 2.88384e+15 0 0 0 0 0 0 0 0 0 0 0 0 0 0 0 0 0 0 0 0 0 0 0 0 0 0 0 0 0 0 0 0 
0 0 0 0 0 0 0 0 0 0 0 0 0 0 0 0 0 0 0 0 0 9.15818e+08 3.55451e+10 4.54029e+11 3.1858e+12 1.47868e+13 5.03161e+13 1.33226e+14 2.83766e+14 5.00966e+14 7.43656e+14 9.37985e+14 1.01329e+15 0 0 0 0 0 0 0 0 0 0 0 0 0 0 0 0 0 0 0 0 0 0 0 0 0 0 0 0 0 0 0 0 
0 0 0 0 0 0 0 0 0 0 0 0 0 0 0 0 0 0 0 0 0 0 3.62244e+09 7.13169e+10 6.23762e+11 3.37187e+12 1.27891e+13 3.66177e+13 8.30315e+13 1.52909e+14 2.33933e+14 3.00271e+14 3.25811e+14 0 0 0 0 0 0 0 0 0 0 0 0 0 0 0 0 0 0 0 0 0 0 0 0 0 0 0 0 0 0 0 0 
0 0 0 0 0 0 0 0 0 0 0 0 0 0 0 0 0 0 0 0 0 0 3.20336e+08 9.46567e+09 1.07411e+11 6.88591e+11 2.9417e+12 9.2092e+12 2.22159e+13 4.29134e+13 6.7444e+13 8.83135e+13 9.65948e+13 0 0 0 0 0 0 0 0 0 0 0 0 0 0 0 0 0 0 0 0 0 0 0 0 0 0 0 0 0 0 0 0 
0 0 0 0 0 0 0 0 0 0 0 0 0 0 0 0 0 0 0 0 0 0 0 9.59164e+08 1.6254e+10 1.26613e+11 6.16525e+11 2.11767e+12 5.46969e+12 1.10801e+13 1.80851e+13 2.40785e+13 2.64476e+13 0 0 0 0 0 0 0 0 0 0 0 0 0 0 0 0 0 0 0 0 0 0 0 0 0 0 0 0 0 0 0 0 
0 0 0 0 0 0 0 0 0 0 0 0 0 0 0 0 0 0 0 0 0 0 0 1.04093e+08 2.17848e+09 2.08593e+10 1.18415e+11 4.49546e+11 1.25195e+12 2.66942e+12 4.49618e+12 6.10855e+12 6.75839e+12 0 0 0 0 0 0 0 0 0 0 0 0 0 0 0 0 0 0 0 0 0 0 0 0 0 0 0 0 0 0 0 0 
0 0 0 0 0 0 0 0 0 0 0 0 0 0 0 0 0 0 0 0 0 0 0 0 2.22683e+08 3.15622e+09 2.09745e+10 8.87635e+10 2.6609e+11 5.99367e+11 1.05102e+12 1.45808e+12 1.62136e+12 0 0 0 0 0 0 0 0 0 0 0 0 0 0 0 0 0 0 0 0 0 0 0 0 0 0 0 0 0 0 0 0 
0 0 0 0 0 0 0 0 0 0 0 0 0 0 0 0 0 0 0 0 0 0 0 0 3.13096e+07 4.45436e+08 3.41116e+09 1.64631e+10 5.35053e+10 1.27788e+11 2.31149e+11 3.28083e+11 3.68056e+11 0 0 0 0 0 0 0 0 0 0 0 0 0 0 0 0 0 0 0 0 0 0 0 0 0 0 0 0 0 0 0 0 
0 0 0 0 0 0 0 0 0 0 0 0 0 0 0 0 0 0 0 0 0 0 0 0 0 4.5174e+07 5.36597e+08 2.89749e+09 1.02107e+10 2.58755e+10 4.86253e+10 7.06224e+10 7.98156e+10 0 0 0 0 0 0 0 0 0 0 0 0 0 0 0 0 0 0 0 0 0 0 0 0 0 0 0 0 0 0 0 0 
0 0 0 0 0 0 0 0 0 0 0 0 0 0 0 0 0 0 0 0 0 0 0 0 0 8.57253e+06 8.12099e+07 4.74183e+08 1.89142e+09 5.05937e+09 9.91121e+09 1.46323e+10 1.66816e+10 0 0 0 0 0 0 0 0 0 0 0 0 0 0 0 0 0 0 0 0 0 0 0 0 0 0 0 0 0 0 0 0 
0 0 0 0 0 0 0 0 0 0 0 0 0 0 0 0 0 0 0 0 0 0 0 0 0 0 7.8003e+06 8.09469e+07 3.39091e+08 9.53894e+08 1.97379e+09 2.96274e+09 3.42417e+09 0 0 0 0 0 0 0 0 0 0 0 0 0 0 0 0 0 0 0 0 0 0 0 0 0 0 0 0 0 0 0 0 
0 0 0 0 0 0 0 0 0 0 0 0 0 0 0 0 0 0 0 0 0 0 0 0 0 0 2.06639e+06 1.28919e+07 5.62639e+07 1.85081e+08 3.80777e+08 5.99955e+08 6.8557e+08 0 0 0 0 0 0 0 0 0 0 0 0 0 0 0 0 0 0 0 0 0 0 0 0 0 0 0 0 0 0 0 0 
0 0 0 0 0 0 0 0 0 0 0 0 0 0 0 0 0 0 0 0 0 0 0 0 0 0 0 1.08147e+06 1.08644e+07 3.28713e+07 7.36526e+07 1.19642e+08 1.35843e+08 0 0 0 0 0 0 0 0 0 0 0 0 0 0 0 0 0 0 0 0 0 0 0 0 0 0 0 0 0 0 0 0 
0 0 0 0 0 0 0 0 0 0 0 0 0 0 0 0 0 0 0 0 0 0 0 0 0 0 0 427363 1.69483e+06 5.59598e+06 1.52012e+07 2.22188e+07 2.86331e+07 0 0 0 0 0 0 0 0 0 0 0 0 0 0 0 0 0 0 0 0 0 0 0 0 0 0 0 0 0 0 0 0 
0 0 0 0 0 0 0 0 0 0 0 0 0 0 0 0 0 0 0 0 0 0 0 0 0 0 0 0 111934 1.25319e+06 2.4154e+06 4.69562e+06 5.19584e+06 0 0 0 0 0 0 0 0 0 0 0 0 0 0 0 0 0 0 0 0 0 0 0 0 0 0 0 0 0 0 0 0 
0 0 0 0 0 0 0 0 0 0 0 0 0 0 0 0 0 0 0 0 0 0 0 0 0 0 0 0 73184.3 170291 458789 965950 940425 0 0 0 0 0 0 0 0 0 0 0 0 0 0 0 0 0 0 0 0 0 0 0 0 0 0 0 0 0 0 0 0 
0 0 0 0 0 0 0 0 0 0 0 0 0 0 0 0 0 0 0 0 0 0 0 0 0 0 0 0 0 7641.07 116793 111569 240635 0 0 0 0 0 0 0 0 0 0 0 0 0 0 0 0 0 0 0 0 0 0 0 0 0 0 0 0 0 0 0 0 
0 0 0 0 0 0 0 0 0 0 0 0 0 0 0 0 0 0 0 0 0 0 0 0 0 0 0 0 0 9886.49 11477.6 32309.7 37602.5 0 0 0 0 0 0 0 0 0 0 0 0 0 0 0 0 0 0 0 0 0 0 0 0 0 0 0 0 0 0 0 0 
0 0 0 0 0 0 0 0 0 0 0 0 0 0 0 0 0 0 0 0 0 0 0 0 0 0 0 0 0 0 254.73 7671.24 2049.71 0 0 0 0 0 0 0 0 0 0 0 0 0 0 0 0 0 0 0 0 0 0 0 0 0 0 0 0 0 0 0 0 
0 0 0 0 0 0 0 0 0 0 0 0 0 0 0 0 0 0 0 0 0 0 0 0 0 0 0 0 0 0 982.579 383.121 1910.97 0 0 0 0 0 0 0 0 0 0 0 0 0 0 0 0 0 0 0 0 0 0 0 0 0 0 0 0 0 0 0 0 
0 0 0 0 0 0 0 0 0 0 0 0 0 0 0 0 0 0 0 0 0 0 0 0 0 0 0 0 0 0 0 0 255.846 0 0 0 0 0 0 0 0 0 0 0 0 0 0 0 0 0 0 0 0 0 0 0 0 0 0 0 0 0 0 0 0 
0 0 0 0 0 0 0 0 0 0 0 0 0 0 0 0 0 0 0 0 0 0 0 0 0 0 0 0 0 0 0 63.3922 0 0 0 0 0 0 0 0 0 0 0 0 0 0 0 0 0 0 0 0 0 0 0 0 0 0 0 0 0 0 0 0 0 
0 0 0 0 0 0 0 0 0 0 0 0 0 0 0 0 0 0 0 0 0 0 0 0 0 0 0 0 0 0 0 0 0 0 0 0 0 0 0 0 0 0 0 0 0 0 0 0 0 0 0 0 0 0 0 0 0 0 0 0 0 0 0 0 0 
0 0 0 0 0 0 0 0 0 0 0 0 0 0 0 0 0 0 0 0 0 0 0 0 0 0 0 0 0 0 0 0 1.98101 0 0 0 0 0 0 0 0 0 0 0 0 0 0 0 0 0 0 0 0 0 0 0 0 0 0 0 0 0 0 0 0 
