1 0 0 0 0 0 0 0 0 0 0 0 0 0 0 0 0 0 0 0 0 0 0 0 0 0 0 0 0 0 0 0 0 0 0 0 0 0 0 0 0 0 0 0 0 0 0 0 0 0 0 0 0 0 0 0 0 0 0 0 0 0 0 0 1 
0 0 0 0 0 0 0 0 0 0 0 0 0 0 0 0 0 0 0 0 0 0 0 0 0 0 0 0 0 0 0 0 0 0 0 0 0 0 0 0 0 0 0 0 0 0 0 0 0 0 0 0 0 0 0 0 0 0 0 0 0 0 0 0 0 
0 64 0 0 0 0 0 0 0 0 0 0 0 0 0 0 0 0 0 0 0 0 0 0 0 0 0 0 0 0 0 0 0 0 0 0 0 0 0 0 0 0 0 0 0 0 0 0 0 0 0 0 0 0 0 0 0 0 0 0 0 0 0 0 0 
0 0 128 0 0 0 0 0 0 0 0 0 0 0 0 0 0 0 0 0 0 0 0 0 0 0 0 0 0 0 0 0 0 0 0 0 0 0 0 0 0 0 0 0 0 0 0 0 0 0 0 0 0 0 0 0 0 0 0 0 0 0 0 0 0 
0 0 1888 385.829 64.063 0 0 0 0 0 0 0 0 0 0 0 0 0 0 0 0 0 0 0 0 0 0 0 0 0 0 0 0 0 0 0 0 0 0 0 0 0 0 0 0 0 0 0 0 0 0 0 0 0 0 0 0 0 0 0 0 0 0 0 0 
0 0 0 7164.34 1155.65 510.98 128.014 0 0 0 0 0 0 0 0 0 0 0 0 0 0 0 0 0 0 0 0 0 0 0 0 0 0 0 0 0 0 0 0 0 0 0 0 0 0 0 0 0 0 0 0 0 0 0 0 0 0 0 0 0 0 0 0 0 0 
0 0 0 34113.8 27326.2 6876.15 2570.98 1425.14 386.235 63.3277 0 0 0 0 0 0 0 0 0 0 0 0 0 0 0 0 0 0 0 0 0 0 0 0 0 0 0 0 0 0 0 0 0 0 0 0 0 0 0 0 0 0 0 0 0 0 0 0 0 0 0 0 0 0 0 
0 0 0 0 183672 97224.4 42834.9 17063.5 8683.5 4645.66 1935.9 522.39 127.108 0 0 0 0 0 0 0 0 0 0 0 0 0 0 0 0 0 0 0 0 0 0 0 0 0 0 0 0 0 0 0 0 0 0 0 0 0 0 0 0 0 0 0 0 0 0 0 0 0 0 0 0 
0 0 0 0 423158 829177 413352 222884 121329 59550.1 33843.5 19975.1 9693.88 4398.33 1430.24 395.476 75.963 0 0 0 0 0 0 0 15.936 0 0 0 0 0 0 0 16.296 0 0 0 0 0 0 0 0 0 0 0 0 0 0 0 0 0 0 0 0 0 0 0 0 0 0 0 0 0 0 0 0 
0 0 0 0 0 2.86087e+06 3.32503e+06 1.9826e+06 1.14268e+06 721687 427715 249844 155545 95520 56000.9 29560.5 14229.6 6007.53 2265.76 757.225 393.63 259.951 250.103 259.827 0 252.166 258.613 258.201 260.866 262.656 256.645 256.343 0 0 0 0 0 0 0 0 0 0 0 0 0 0 0 0 0 0 0 0 0 0 0 0 0 0 0 0 0 0 0 0 0 
0 0 0 0 0 3.82985e+06 1.45989e+07 1.3509e+07 9.40053e+06 6.10864e+06 4.03136e+06 2.69273e+06 1.80433e+06 1.17761e+06 774976 508632 330791 206530 121446 68036.6 37588.2 21385.3 13879.8 10959.3 11830.6 9726.12 9409.38 9132.45 9309.91 9241.04 9275.3 9513.06 11327.9 0 0 0 0 0 0 0 0 0 0 0 0 0 0 0 0 0 0 0 0 0 0 0 0 0 0 0 0 0 0 0 0 
0 0 0 0 0 0 3.03474e+07 6.3804e+07 5.74691e+07 4.33343e+07 3.15278e+07 2.2424e+07 1.5904e+07 1.15386e+07 8.27329e+06 5.88751e+06 4.17689e+06 2.95932e+06 2.09355e+06 1.47354e+06 1.02612e+06 715890 500790 371358 285241 249424 232089 220087 215074 217303 216528 216242 207302 0 0 0 0 0 0 0 0 0 0 0 0 0 0 0 0 0 0 0 0 0 0 0 0 0 0 0 0 0 0 0 0 
0 0 0 0 0 0 2.62442e+07 1.6933e+08 2.62986e+08 2.46252e+08 1.99237e+08 1.55643e+08 1.19476e+08 9.07357e+07 6.92881e+07 5.26821e+07 4.02869e+07 3.09119e+07 2.3452e+07 1.79358e+07 1.37125e+07 1.06288e+07 8.3274e+06 6.71274e+06 5.5209e+06 4.64894e+06 4.02629e+06 3.61797e+06 3.42114e+06 3.29535e+06 3.23025e+06 3.20716e+06 3.22284e+06 0 0 0 0 0 0 0 0 0 0 0 0 0 0 0 0 0 0 0 0 0 0 0 0 0 0 0 0 0 0 0 0 
0 0 0 0 0 0 0 2.32799e+08 7.84816e+08 1.06799e+09 1.04179e+09 9.03835e+08 7.48662e+08 6.08469e+08 4.90933e+08 3.94459e+08 3.1669e+08 2.54745e+08 2.05977e+08 1.66898e+08 1.35462e+08 1.10437e+08 9.12172e+07 7.65962e+07 6.51465e+07 5.66634e+07 4.99144e+07 4.55909e+07 4.23897e+07 4.01935e+07 3.84493e+07 3.7692e+07 3.73488e+07 0 0 0 0 0 0 0 0 0 0 0 0 0 0 0 0 0 0 0 0 0 0 0 0 0 0 0 0 0 0 0 0 
0 0 0 0 0 0 0 1.3955e+08 1.38479e+09 3.30064e+09 4.28364e+09 4.34469e+09 3.98348e+09 3.48972e+09 2.97826e+09 2.52612e+09 2.12953e+09 1.78889e+09 1.5053e+09 1.26787e+09 1.07409e+09 9.15744e+08 7.89834e+08 6.86536e+08 6.02289e+08 5.31569e+08 4.80285e+08 4.42813e+08 4.13398e+08 3.93014e+08 3.79599e+08 3.71411e+08 3.67353e+08 0 0 0 0 0 0 0 0 0 0 0 0 0 0 0 0 0 0 0 0 0 0 0 0 0 0 0 0 0 0 0 0 
0 0 0 0 0 0 0 0 1.33997e+09 6.67151e+09 1.31352e+10 1.68167e+10 1.77494e+10 1.70863e+10 1.5719e+10 1.4055e+10 1.23989e+10 1.08633e+10 9.51673e+09 8.31991e+09 7.30276e+09 6.46923e+09 5.70474e+09 5.09586e+09 4.57324e+09 4.16564e+09 3.8184e+09 3.54549e+09 3.35064e+09 3.20725e+09 3.094e+09 3.02933e+09 3.00998e+09 0 0 0 0 0 0 0 0 0 0 0 0 0 0 0 0 0 0 0 0 0 0 0 0 0 0 0 0 0 0 0 0 
0 0 0 0 0 0 0 0 5.85462e+08 8.31395e+09 2.83811e+10 5.03786e+10 6.4589e+10 7.04616e+10 7.08169e+10 6.78333e+10 6.33439e+10 5.82075e+10 5.30062e+10 4.797e+10 4.34534e+10 3.95123e+10 3.5923e+10 3.2755e+10 3.0049e+10 2.78554e+10 2.60352e+10 2.45966e+10 2.33793e+10 2.24862e+10 2.19268e+10 2.15117e+10 2.14266e+10 0 0 0 0 0 0 0 0 0 0 0 0 0 0 0 0 0 0 0 0 0 0 0 0 0 0 0 0 0 0 0 0 
0 0 0 0 0 0 0 0 0 5.92812e+09 4.0953e+10 1.11336e+11 1.8641e+11 2.41345e+11 2.71885e+11 2.83327e+11 2.82094e+11 2.73018e+11 2.59407e+11 2.44039e+11 2.2895e+11 2.13325e+11 1.99399e+11 1.86641e+11 1.74963e+11 1.6473e+11 1.55507e+11 1.49e+11 1.43705e+11 1.39179e+11 1.35772e+11 1.34274e+11 1.3385e+11 0 0 0 0 0 0 0 0 0 0 0 0 0 0 0 0 0 0 0 0 0 0 0 0 0 0 0 0 0 0 0 0 
0 0 0 0 0 0 0 0 0 1.9619e+09 3.76547e+10 1.74309e+11 4.11275e+11 6.6649e+11 8.73981e+11 1.01207e+12 1.0911e+12 1.12538e+12 1.12418e+12 1.10491e+12 1.06923e+12 1.02959e+12 9.87013e+11 9.44339e+11 9.05273e+11 8.6381e+11 8.34779e+11 8.07621e+11 7.82319e+11 7.6592e+11 7.52882e+11 7.4675e+11 7.40693e+11 0 0 0 0 0 0 0 0 0 0 0 0 0 0 0 0 0 0 0 0 0 0 0 0 0 0 0 0 0 0 0 0 
0 0 0 0 0 0 0 0 0 0 2.04943e+10 1.8661e+11 6.71075e+11 1.44376e+12 2.29905e+12 3.05837e+12 3.63974e+12 4.04236e+12 4.28998e+12 4.42009e+12 4.45531e+12 4.42986e+12 4.37111e+12 4.29682e+12 4.19994e+12 4.10099e+12 4.00122e+12 3.92059e+12 3.84653e+12 3.79257e+12 3.75396e+12 3.71964e+12 3.70686e+12 0 0 0 0 0 0 0 0 0 0 0 0 0 0 0 0 0 0 0 0 0 0 0 0 0 0 0 0 0 0 0 0 
0 0 0 0 0 0 0 0 0 0 5.29423e+09 1.3109e+11 7.85479e+11 2.38762e+12 4.8325e+12 7.62527e+12 1.02778e+13 1.2528e+13 1.4308e+13 1.55759e+13 1.64572e+13 1.70475e+13 1.73672e+13 1.74712e+13 1.7497e+13 1.74707e+13 1.73469e+13 1.71811e+13 1.70705e+13 1.69419e+13 1.68167e+13 1.67427e+13 1.67387e+13 0 0 0 0 0 0 0 0 0 0 0 0 0 0 0 0 0 0 0 0 0 0 0 0 0 0 0 0 0 0 0 0 
0 0 0 0 0 0 0 0 0 0 0 5.60356e+10 6.44353e+11 2.94335e+12 7.95148e+12 1.54351e+13 2.42349e+13 3.31022e+13 4.1213e+13 4.81117e+13 5.37141e+13 5.81682e+13 6.14439e+13 6.38969e+13 6.5564e+13 6.66293e+13 6.74947e+13 6.79319e+13 6.82794e+13 6.8321e+13 6.82891e+13 6.83944e+13 6.83854e+13 0 0 0 0 0 0 0 0 0 0 0 0 0 0 0 0 0 0 0 0 0 0 0 0 0 0 0 0 0 0 0 0 
0 0 0 0 0 0 0 0 0 0 0 1.15896e+10 3.5562e+11 2.65086e+12 1.00385e+13 2.49336e+13 4.70081e+13 7.36988e+13 1.01796e+14 1.29059e+14 1.53958e+14 1.75347e+14 1.93614e+14 2.08546e+14 2.20333e+14 2.30017e+14 2.3711e+14 2.42854e+14 2.46571e+14 2.4927e+14 2.51693e+14 2.52741e+14 2.52733e+14 0 0 0 0 0 0 0 0 0 0 0 0 0 0 0 0 0 0 0 0 0 0 0 0 0 0 0 0 0 0 0 0 
0 0 0 0 0 0 0 0 0 0 0 0 1.22125e+11 1.70941e+12 9.56287e+12 3.15799e+13 7.37223e+13 1.35921e+14 2.12937e+14 2.97708e+14 3.8323e+14 4.64734e+14 5.39443e+14 6.04552e+14 6.61783e+14 7.08591e+14 7.47446e+14 7.79604e+14 8.03709e+14 8.23021e+14 8.34953e+14 8.41069e+14 8.44502e+14 0 0 0 0 0 0 0 0 0 0 0 0 0 0 0 0 0 0 0 0 0 0 0 0 0 0 0 0 0 0 0 0 
0 0 0 0 0 0 0 0 0 0 0 0 2.06717e+10 7.5838e+11 6.79467e+12 3.1002e+13 9.22877e+13 2.05399e+14 3.72641e+14 5.83385e+14 8.22135e+14 1.07218e+15 1.31767e+15 1.55204e+15 1.76408e+15 1.95215e+15 2.11438e+15 2.24769e+15 2.35554e+15 2.43947e+15 2.49958e+15 2.53267e+15 2.54432e+15 0 0 0 0 0 0 0 0 0 0 0 0 0 0 0 0 0 0 0 0 0 0 0 0 0 0 0 0 0 0 0 0 
0 0 0 0 0 0 0 0 0 0 0 0 0 2.13733e+11 3.52149e+12 2.33616e+13 9.15845e+13 2.51584e+14 5.38442e+14 9.62484e+14 1.50587e+15 2.13645e+15 2.81317e+15 3.49454e+15 4.15875e+15 4.77379e+15 5.31973e+15 5.79638e+15 6.19417e+15 6.50458e+15 6.71562e+15 6.85936e+15 6.89695e+15 0 0 0 0 0 0 0 0 0 0 0 0 0 0 0 0 0 0 0 0 0 0 0 0 0 0 0 0 0 0 0 0 
0 0 0 0 0 0 0 0 0 0 0 0 0 3.01739e+10 1.28124e+12 1.3359e+13 7.12736e+13 2.48144e+14 6.39239e+14 1.32442e+15 2.33634e+15 3.64332e+15 5.18645e+15 6.87721e+15 8.60586e+15 1.03077e+16 1.18939e+16 1.33045e+16 1.45131e+16 1.5474e+16 1.61881e+16 1.6619e+16 1.67449e+16 0 0 0 0 0 0 0 0 0 0 0 0 0 0 0 0 0 0 0 0 0 0 0 0 0 0 0 0 0 0 0 0 
0 0 0 0 0 0 0 0 0 0 0 0 0 0 3.01683e+11 5.67712e+12 4.33024e+13 1.95717e+14 6.18953e+14 1.51047e+15 3.03991e+15 5.291e+15 8.21698e+15 1.16935e+16 1.55214e+16 1.94874e+16 2.33804e+16 2.70165e+16 3.01679e+16 3.27563e+16 3.46663e+16 3.58211e+16 3.62532e+16 0 0 0 0 0 0 0 0 0 0 0 0 0 0 0 0 0 0 0 0 0 0 0 0 0 0 0 0 0 0 0 0 
0 0 0 0 0 0 0 0 0 0 0 0 0 0 3.62473e+10 1.72588e+12 2.03293e+13 1.23167e+14 4.87506e+14 1.42404e+15 3.31287e+15 6.48796e+15 1.11141e+16 1.71326e+16 2.42998e+16 3.21796e+16 4.03057e+16 4.81573e+16 5.52939e+16 6.12833e+16 6.58041e+16 6.86017e+16 6.9568e+16 0 0 0 0 0 0 0 0 0 0 0 0 0 0 0 0 0 0 0 0 0 0 0 0 0 0 0 0 0 0 0 0 
0 0 0 0 0 0 0 0 0 0 0 0 0 0 0 3.4497e+11 7.20375e+12 6.14137e+13 3.11381e+14 1.10355e+15 3.0099e+15 6.70656e+15 1.27893e+16 2.15176e+16 3.2805e+16 4.60818e+16 6.05792e+16 7.52137e+16 8.90018e+16 1.00893e+17 1.10064e+17 1.15829e+17 1.17763e+17 0 0 0 0 0 0 0 0 0 0 0 0 0 0 0 0 0 0 0 0 0 0 0 0 0 0 0 0 0 0 0 0 
0 0 0 0 0 0 0 0 0 0 0 0 0 0 0 3.59121e+10 1.86079e+12 2.4063e+13 1.6103e+14 7.06034e+14 2.2776e+15 5.8354e+15 1.24702e+16 2.31217e+16 3.80847e+16 5.71246e+16 7.91466e+16 1.02506e+17 1.25379e+17 1.45717e+17 1.61602e+17 1.71929e+17 1.75381e+17 0 0 0 0 0 0 0 0 0 0 0 0 0 0 0 0 0 0 0 0 0 0 0 0 0 0 0 0 0 0 0 0 
0 0 0 0 0 0 0 0 0 0 0 0 0 0 0 0 3.21162e+11 7.24183e+12 6.71047e+13 3.71209e+14 1.43815e+15 4.26998e+15 1.03163e+16 2.11289e+16 3.79596e+16 6.10484e+16 8.94568e+16 1.215e+17 1.53989e+17 1.83778e+17 2.07932e+17 2.23298e+17 2.28913e+17 0 0 0 0 0 0 0 0 0 0 0 0 0 0 0 0 0 0 0 0 0 0 0 0 0 0 0 0 0 0 0 0 
0 0 0 0 0 0 0 0 0 0 0 0 0 0 0 0 2.94792e+10 1.61449e+12 2.23207e+13 1.60532e+14 7.58531e+14 2.63697e+15 7.251e+15 1.65567e+16 3.24749e+16 5.62331e+16 8.77251e+16 1.24928e+17 1.64646e+17 2.02584e+17 2.33618e+17 2.54204e+17 2.6112e+17 0 0 0 0 0 0 0 0 0 0 0 0 0 0 0 0 0 0 0 0 0 0 0 0 0 0 0 0 0 0 0 0 
0 0 0 0 0 0 0 0 0 0 0 0 0 0 0 0 0 2.44173e+11 5.78521e+12 5.67847e+13 3.33721e+14 1.37565e+15 4.33832e+15 1.10905e+16 2.38901e+16 4.47437e+16 7.43951e+16 1.11593e+17 1.53242e+17 1.94147e+17 2.29203e+17 2.52511e+17 2.60779e+17 0 0 0 0 0 0 0 0 0 0 0 0 0 0 0 0 0 0 0 0 0 0 0 0 0 0 0 0 0 0 0 0 
0 0 0 0 0 0 0 0 0 0 0 0 0 0 0 0 0 2.01464e+10 1.12983e+12 1.62659e+13 1.22577e+14 6.07564e+14 2.22008e+15 6.38399e+15 1.51906e+16 3.08115e+16 5.47585e+16 8.6857e+16 1.24354e+17 1.62878e+17 1.9636e+17 2.19502e+17 2.27725e+17 0 0 0 0 0 0 0 0 0 0 0 0 0 0 0 0 0 0 0 0 0 0 0 0 0 0 0 0 0 0 0 0 
0 0 0 0 0 0 0 0 0 0 0 0 0 0 0 0 0 0 1.52186e+11 3.69159e+12 3.73725e+13 2.27512e+14 9.70725e+14 3.1746e+15 8.36112e+15 1.84699e+16 3.51407e+16 5.89042e+16 8.82432e+16 1.19529e+17 1.47537e+17 1.67133e+17 1.74084e+17 0 0 0 0 0 0 0 0 0 0 0 0 0 0 0 0 0 0 0 0 0 0 0 0 0 0 0 0 0 0 0 0 
0 0 0 0 0 0 0 0 0 0 0 0 0 0 0 0 0 0 1.15693e+10 6.41467e+11 9.35593e+12 7.20173e+13 3.65327e+14 1.36126e+15 4.00088e+15 9.65566e+15 1.97528e+16 3.50398e+16 5.50063e+16 7.70957e+16 9.75908e+16 1.11995e+17 1.1731e+17 0 0 0 0 0 0 0 0 0 0 0 0 0 0 0 0 0 0 0 0 0 0 0 0 0 0 0 0 0 0 0 0 
0 0 0 0 0 0 0 0 0 0 0 0 0 0 0 0 0 0 0 7.81938e+10 1.8878e+12 1.92332e+13 1.17984e+14 5.09756e+14 1.67258e+15 4.42508e+15 9.76706e+15 1.84147e+16 3.02559e+16 4.397e+16 5.70091e+16 6.64504e+16 6.99459e+16 0 0 0 0 0 0 0 0 0 0 0 0 0 0 0 0 0 0 0 0 0 0 0 0 0 0 0 0 0 0 0 0 
0 0 0 0 0 0 0 0 0 0 0 0 0 0 0 0 0 0 0 5.66662e+09 2.96821e+11 4.27414e+12 3.2764e+13 1.65355e+14 6.14975e+14 1.79259e+15 4.26707e+15 8.55824e+15 1.47563e+16 2.22448e+16 2.96092e+16 3.50423e+16 3.70169e+16 0 0 0 0 0 0 0 0 0 0 0 0 0 0 0 0 0 0 0 0 0 0 0 0 0 0 0 0 0 0 0 0 
0 0 0 0 0 0 0 0 0 0 0 0 0 0 0 0 0 0 0 0 3.33383e+10 7.77914e+11 7.76252e+12 4.69028e+13 1.99325e+14 6.4214e+14 1.65845e+15 3.54901e+15 6.4346e+15 1.00632e+16 1.37439e+16 1.65245e+16 1.7557e+16 0 0 0 0 0 0 0 0 0 0 0 0 0 0 0 0 0 0 0 0 0 0 0 0 0 0 0 0 0 0 0 0 
0 0 0 0 0 0 0 0 0 0 0 0 0 0 0 0 0 0 0 0 2.41501e+09 1.12669e+11 1.55633e+12 1.15587e+13 5.66953e+13 2.04647e+14 5.75761e+14 1.31623e+15 2.51271e+15 4.08668e+15 5.73718e+15 7.01106e+15 7.48368e+15 0 0 0 0 0 0 0 0 0 0 0 0 0 0 0 0 0 0 0 0 0 0 0 0 0 0 0 0 0 0 0 0 
0 0 0 0 0 0 0 0 0 0 0 0 0 0 0 0 0 0 0 0 0 1.19295e+10 2.60079e+11 2.46611e+12 1.43093e+13 5.8175e+13 1.79519e+14 4.40073e+14 8.87973e+14 1.50151e+15 2.16388e+15 2.68413e+15 2.88165e+15 0 0 0 0 0 0 0 0 0 0 0 0 0 0 0 0 0 0 0 0 0 0 0 0 0 0 0 0 0 0 0 0 
0 0 0 0 0 0 0 0 0 0 0 0 0 0 0 0 0 0 0 0 0 9.19975e+08 3.55029e+10 4.54684e+11 3.18466e+12 1.47761e+13 5.02912e+13 1.33225e+14 2.83817e+14 5.00826e+14 7.43287e+14 9.38466e+14 1.01411e+15 0 0 0 0 0 0 0 0 0 0 0 0 0 0 0 0 0 0 0 0 0 0 0 0 0 0 0 0 0 0 0 0 
0 0 0 0 0 0 0 0 0 0 0 0 0 0 0 0 0 0 0 0 0 0 3.6409e+09 7.12309e+10 6.23242e+11 3.36921e+12 1.27641e+13 3.66408e+13 8.29951e+13 1.52829e+14 2.3374e+14 2.99962e+14 3.25379e+14 0 0 0 0 0 0 0 0 0 0 0 0 0 0 0 0 0 0 0 0 0 0 0 0 0 0 0 0 0 0 0 0 
0 0 0 0 0 0 0 0 0 0 0 0 0 0 0 0 0 0 0 0 0 0 3.21789e+08 9.46289e+09 1.07693e+11 6.89259e+11 2.93996e+12 9.1768e+12 2.21599e+13 4.28444e+13 6.74958e+13 8.82776e+13 9.64874e+13 0 0 0 0 0 0 0 0 0 0 0 0 0 0 0 0 0 0 0 0 0 0 0 0 0 0 0 0 0 0 0 0 
0 0 0 0 0 0 0 0 0 0 0 0 0 0 0 0 0 0 0 0 0 0 0 9.62953e+08 1.62512e+10 1.26676e+11 6.17186e+11 2.11465e+12 5.47261e+12 1.10882e+13 1.8087e+13 2.40595e+13 2.64496e+13 0 0 0 0 0 0 0 0 0 0 0 0 0 0 0 0 0 0 0 0 0 0 0 0 0 0 0 0 0 0 0 0 
0 0 0 0 0 0 0 0 0 0 0 0 0 0 0 0 0 0 0 0 0 0 0 1.04753e+08 2.18346e+09 2.09552e+10 1.18323e+11 4.49177e+11 1.24867e+12 2.66649e+12 4.50343e+12 6.10826e+12 6.75668e+12 0 0 0 0 0 0 0 0 0 0 0 0 0 0 0 0 0 0 0 0 0 0 0 0 0 0 0 0 0 0 0 0 
0 0 0 0 0 0 0 0 0 0 0 0 0 0 0 0 0 0 0 0 0 0 0 0 2.23918e+08 3.16414e+09 2.09727e+10 8.87252e+10 2.66254e+11 5.98828e+11 1.04977e+12 1.45962e+12 1.62289e+12 0 0 0 0 0 0 0 0 0 0 0 0 0 0 0 0 0 0 0 0 0 0 0 0 0 0 0 0 0 0 0 0 
0 0 0 0 0 0 0 0 0 0 0 0 0 0 0 0 0 0 0 0 0 0 0 0 3.14952e+07 4.45795e+08 3.42481e+09 1.64229e+10 5.35143e+10 1.27558e+11 2.31664e+11 3.28859e+11 3.68954e+11 0 0 0 0 0 0 0 0 0 0 0 0 0 0 0 0 0 0 0 0 0 0 0 0 0 0 0 0 0 0 0 0 
0 0 0 0 0 0 0 0 0 0 0 0 0 0 0 0 0 0 0 0 0 0 0 0 0 4.55487e+07 5.36498e+08 2.889e+09 1.02061e+10 2.59186e+10 4.85928e+10 7.04785e+10 7.99037e+10 0 0 0 0 0 0 0 0 0 0 0 0 0 0 0 0 0 0 0 0 0 0 0 0 0 0 0 0 0 0 0 0 
0 0 0 0 0 0 0 0 0 0 0 0 0 0 0 0 0 0 0 0 0 0 0 0 0 8.57935e+06 8.12502e+07 4.75118e+08 1.89097e+09 5.06884e+09 9.90157e+09 1.46952e+10 1.67287e+10 0 0 0 0 0 0 0 0 0 0 0 0 0 0 0 0 0 0 0 0 0 0 0 0 0 0 0 0 0 0 0 0 
0 0 0 0 0 0 0 0 0 0 0 0 0 0 0 0 0 0 0 0 0 0 0 0 0 0 7.86161e+06 8.09981e+07 3.38316e+08 9.56048e+08 1.98189e+09 2.96409e+09 3.42786e+09 0 0 0 0 0 0 0 0 0 0 0 0 0 0 0 0 0 0 0 0 0 0 0 0 0 0 0 0 0 0 0 0 
0 0 0 0 0 0 0 0 0 0 0 0 0 0 0 0 0 0 0 0 0 0 0 0 0 0 2.06917e+06 1.29132e+07 5.64374e+07 1.84934e+08 3.80641e+08 5.9906e+08 6.83811e+08 0 0 0 0 0 0 0 0 0 0 0 0 0 0 0 0 0 0 0 0 0 0 0 0 0 0 0 0 0 0 0 0 
0 0 0 0 0 0 0 0 0 0 0 0 0 0 0 0 0 0 0 0 0 0 0 0 0 0 0 1.09075e+06 1.08389e+07 3.29096e+07 7.3963e+07 1.19744e+08 1.36017e+08 0 0 0 0 0 0 0 0 0 0 0 0 0 0 0 0 0 0 0 0 0 0 0 0 0 0 0 0 0 0 0 0 
0 0 0 0 0 0 0 0 0 0 0 0 0 0 0 0 0 0 0 0 0 0 0 0 0 0 0 428166 1.69894e+06 5.56986e+06 1.51527e+07 2.2244e+07 2.86656e+07 0 0 0 0 0 0 0 0 0 0 0 0 0 0 0 0 0 0 0 0 0 0 0 0 0 0 0 0 0 0 0 0 
0 0 0 0 0 0 0 0 0 0 0 0 0 0 0 0 0 0 0 0 0 0 0 0 0 0 0 0 112989 1.25412e+06 2.41694e+06 4.71819e+06 5.21205e+06 0 0 0 0 0 0 0 0 0 0 0 0 0 0 0 0 0 0 0 0 0 0 0 0 0 0 0 0 0 0 0 0 
0 0 0 0 0 0 0 0 0 0 0 0 0 0 0 0 0 0 0 0 0 0 0 0 0 0 0 0 73308.1 170984 458886 967327 945169 0 0 0 0 0 0 0 0 0 0 0 0 0 0 0 0 0 0 0 0 0 0 0 0 0 0 0 0 0 0 0 0 
0 0 0 0 0 0 0 0 0 0 0 0 0 0 0 0 0 0 0 0 0 0 0 0 0 0 0 0 0 7682.94 116728 111858 241676 0 0 0 0 0 0 0 0 0 0 0 0 0 0 0 0 0 0 0 0 0 0 0 0 0 0 0 0 0 0 0 0 
0 0 0 0 0 0 0 0 0 0 0 0 0 0 0 0 0 0 0 0 0 0 0 0 0 0 0 0 0 9915.53 11509.5 32479.5 37716.4 0 0 0 0 0 0 0 0 0 0 0 0 0 0 0 0 0 0 0 0 0 0 0 0 0 0 0 0 0 0 0 0 
0 0 0 0 0 0 0 0 0 0 0 0 0 0 0 0 0 0 0 0 0 0 0 0 0 0 0 0 0 0 257.185 7667.29 2044.01 0 0 0 0 0 0 0 0 0 0 0 0 0 0 0 0 0 0 0 0 0 0 0 0 0 0 0 0 0 0 0 0 
0 0 0 0 0 0 0 0 0 0 0 0 0 0 0 0 0 0 0 0 0 0 0 0 0 0 0 0 0 0 984.562 383.306 1916.83 0 0 0 0 0 0 0 0 0 0 0 0 0 0 0 0 0 0 0 0 0 0 0 0 0 0 0 0 0 0 0 0 
0 0 0 0 0 0 0 0 0 0 0 0 0 0 0 0 0 0 0 0 0 0 0 0 0 0 0 0 0 0 0 0 255.494 0 0 0 0 0 0 0 0 0 0 0 0 0 0 0 0 0 0 0 0 0 0 0 0 0 0 0 0 0 0 0 0 
0 0 0 0 0 0 0 0 0 0 0 0 0 0 0 0 0 0 0 0 0 0 0 0 0 0 0 0 0 0 0 63.5202 0 0 0 0 0 0 0 0 0 0 0 0 0 0 0 0 0 0 0 0 0 0 0 0 0 0 0 0 0 0 0 0 0 
0 0 0 0 0 0 0 0 0 0 0 0 0 0 0 0 0 0 0 0 0 0 0 0 0 0 0 0 0 0 0 0 0 0 0 0 0 0 0 0 0 0 0 0 0 0 0 0 0 0 0 0 0 0 0 0 0 0 0 0 0 0 0 0 0 
0 0 0 0 0 0 0 0 0 0 0 0 0 0 0 0 0 0 0 0 0 0 0 0 0 0 0 0 0 0 0 0 1.98501 0 0 0 0 0 0 0 0 0 0 0 0 0 0 0 0 0 0 0 0 0 0 0 0 0 0 0 0 0 0 0 0 
