1 0 0 0 0 0 0 0 0 0 0 0 0 0 0 0 0 0 0 0 0 0 0 0 0 0 0 0 0 0 0 0 0 0 0 0 0 0 0 0 0 0 0 0 0 0 0 0 0 0 0 0 0 0 0 0 0 0 0 0 0 0 0 0 1 
0 0 0 0 0 0 0 0 0 0 0 0 0 0 0 0 0 0 0 0 0 0 0 0 0 0 0 0 0 0 0 0 0 0 0 0 0 0 0 0 0 0 0 0 0 0 0 0 0 0 0 0 0 0 0 0 0 0 0 0 0 0 0 0 0 
0 64 0 0 0 0 0 0 0 0 0 0 0 0 0 0 0 0 0 0 0 0 0 0 0 0 0 0 0 0 0 0 0 0 0 0 0 0 0 0 0 0 0 0 0 0 0 0 0 0 0 0 0 0 0 0 0 0 0 0 0 0 0 0 0 
0 0 128 0 0 0 0 0 0 0 0 0 0 0 0 0 0 0 0 0 0 0 0 0 0 0 0 0 0 0 0 0 0 0 0 0 0 0 0 0 0 0 0 0 0 0 0 0 0 0 0 0 0 0 0 0 0 0 0 0 0 0 0 0 0 
0 0 1888 385.861 64.0625 0 0 0 0 0 0 0 0 0 0 0 0 0 0 0 0 0 0 0 0 0 0 0 0 0 0 0 0 0 0 0 0 0 0 0 0 0 0 0 0 0 0 0 0 0 0 0 0 0 0 0 0 0 0 0 0 0 0 0 0 
0 0 0 7164.28 1155.08 514.616 127.308 0 0 0 0 0 0 0 0 0 0 0 0 0 0 0 0 0 0 0 0 0 0 0 0 0 0 0 0 0 0 0 0 0 0 0 0 0 0 0 0 0 0 0 0 0 0 0 0 0 0 0 0 0 0 0 0 0 0 
0 0 0 34113.9 27341.8 6865.84 2573.42 1414.3 379.963 66.611 0 0 0 0 0 0 0 0 0 0 0 0 0 0 0 0 0 0 0 0 0 0 0 0 0 0 0 0 0 0 0 0 0 0 0 0 0 0 0 0 0 0 0 0 0 0 0 0 0 0 0 0 0 0 0 
0 0 0 0 183643 97207.7 43025.9 16939.3 8568.33 4596.21 1934.08 515.672 137.542 0 0 0 0 0 0 0 0 0 0 0 0 0 0 0 0 0 0 0 0 0 0 0 0 0 0 0 0 0 0 0 0 0 0 0 0 0 0 0 0 0 0 0 0 0 0 0 0 0 0 0 0 
0 0 0 0 423172 829723 413405 223255 121731 59116.8 33888 19990 9841.44 4400.7 1417.79 382.448 73.5581 0 0 0 0 0 0 0 15.3289 0 0 0 0 0 0 0 15.4268 0 0 0 0 0 0 0 0 0 0 0 0 0 0 0 0 0 0 0 0 0 0 0 0 0 0 0 0 0 0 0 0 
0 0 0 0 0 2.85985e+06 3.32282e+06 1.98152e+06 1.14332e+06 722116 427809 252701 154623 94813.4 56599 30044.6 14170.2 6022.76 2151.5 778.622 409.102 278.088 250.762 244.578 0 266.338 259.57 253.937 261.501 251.736 254.823 252.374 0 0 0 0 0 0 0 0 0 0 0 0 0 0 0 0 0 0 0 0 0 0 0 0 0 0 0 0 0 0 0 0 0 
0 0 0 0 0 3.83035e+06 1.46075e+07 1.35184e+07 9.39251e+06 6.10735e+06 4.04051e+06 2.6929e+06 1.80177e+06 1.1802e+06 782819 514547 331523 207503 122530 68747.6 36934.9 21656.1 14024.7 10903.1 11859.8 10009.1 9464.21 9093.64 9244.92 9224.28 9314.27 9384.96 11412.5 0 0 0 0 0 0 0 0 0 0 0 0 0 0 0 0 0 0 0 0 0 0 0 0 0 0 0 0 0 0 0 0 
0 0 0 0 0 0 3.03356e+07 6.37892e+07 5.7508e+07 4.33089e+07 3.15961e+07 2.23651e+07 1.594e+07 1.15081e+07 8.28168e+06 5.88907e+06 4.20083e+06 2.96495e+06 2.11321e+06 1.47424e+06 1.01964e+06 706206 504182 372861 288130 248368 232294 223099 216043 219899 218006 215816 208420 0 0 0 0 0 0 0 0 0 0 0 0 0 0 0 0 0 0 0 0 0 0 0 0 0 0 0 0 0 0 0 0 
0 0 0 0 0 0 2.62493e+07 1.69382e+08 2.6293e+08 2.46588e+08 1.99846e+08 1.56175e+08 1.19421e+08 9.06546e+07 6.91562e+07 5.28695e+07 4.03286e+07 3.10121e+07 2.3491e+07 1.79097e+07 1.3826e+07 1.064e+07 8.39715e+06 6.71251e+06 5.56033e+06 4.65636e+06 4.04124e+06 3.64801e+06 3.44755e+06 3.28488e+06 3.22354e+06 3.22792e+06 3.24606e+06 0 0 0 0 0 0 0 0 0 0 0 0 0 0 0 0 0 0 0 0 0 0 0 0 0 0 0 0 0 0 0 0 
0 0 0 0 0 0 0 2.32706e+08 7.84943e+08 1.06849e+09 1.0422e+09 9.06669e+08 7.51767e+08 6.11118e+08 4.92458e+08 3.94862e+08 3.16036e+08 2.55455e+08 2.06429e+08 1.67011e+08 1.35375e+08 1.10973e+08 9.1824e+07 7.68297e+07 6.56479e+07 5.71262e+07 5.07512e+07 4.6268e+07 4.25275e+07 4.04992e+07 3.91035e+07 3.78983e+07 3.73337e+07 0 0 0 0 0 0 0 0 0 0 0 0 0 0 0 0 0 0 0 0 0 0 0 0 0 0 0 0 0 0 0 0 
0 0 0 0 0 0 0 1.39597e+08 1.38477e+09 3.29794e+09 4.28373e+09 4.34039e+09 3.9893e+09 3.50215e+09 2.99163e+09 2.53363e+09 2.13371e+09 1.7912e+09 1.50688e+09 1.27945e+09 1.0793e+09 9.23363e+08 7.95745e+08 6.90528e+08 6.0915e+08 5.35792e+08 4.85435e+08 4.42335e+08 4.14284e+08 3.92983e+08 3.80047e+08 3.72377e+08 3.69471e+08 0 0 0 0 0 0 0 0 0 0 0 0 0 0 0 0 0 0 0 0 0 0 0 0 0 0 0 0 0 0 0 0 
0 0 0 0 0 0 0 0 1.3397e+09 6.67541e+09 1.31405e+10 1.68392e+10 1.77386e+10 1.70894e+10 1.57247e+10 1.40597e+10 1.23827e+10 1.09225e+10 9.56138e+09 8.36873e+09 7.3489e+09 6.44635e+09 5.72907e+09 5.12252e+09 4.58323e+09 4.17207e+09 3.82852e+09 3.5708e+09 3.36191e+09 3.20458e+09 3.09053e+09 3.02528e+09 3.00303e+09 0 0 0 0 0 0 0 0 0 0 0 0 0 0 0 0 0 0 0 0 0 0 0 0 0 0 0 0 0 0 0 0 
0 0 0 0 0 0 0 0 5.85652e+08 8.31156e+09 2.83778e+10 5.03524e+10 6.46198e+10 7.05166e+10 7.08562e+10 6.78926e+10 6.3468e+10 5.80538e+10 5.296e+10 4.82291e+10 4.37213e+10 3.96489e+10 3.60725e+10 3.28947e+10 3.02356e+10 2.79378e+10 2.61661e+10 2.45697e+10 2.33245e+10 2.25447e+10 2.187e+10 2.14402e+10 2.13389e+10 0 0 0 0 0 0 0 0 0 0 0 0 0 0 0 0 0 0 0 0 0 0 0 0 0 0 0 0 0 0 0 0 
0 0 0 0 0 0 0 0 0 5.92763e+09 4.09459e+10 1.11351e+11 1.86346e+11 2.41221e+11 2.71823e+11 2.83514e+11 2.82242e+11 2.73501e+11 2.59896e+11 2.44868e+11 2.29231e+11 2.13427e+11 1.99707e+11 1.86426e+11 1.74964e+11 1.65007e+11 1.56692e+11 1.49201e+11 1.43988e+11 1.38432e+11 1.35451e+11 1.33554e+11 1.33611e+11 0 0 0 0 0 0 0 0 0 0 0 0 0 0 0 0 0 0 0 0 0 0 0 0 0 0 0 0 0 0 0 0 
0 0 0 0 0 0 0 0 0 1.96275e+09 3.76518e+10 1.74313e+11 4.11502e+11 6.66913e+11 8.7406e+11 1.01415e+12 1.09526e+12 1.12786e+12 1.12784e+12 1.10464e+12 1.07179e+12 1.03148e+12 9.88817e+11 9.48617e+11 9.08627e+11 8.70746e+11 8.37015e+11 8.05547e+11 7.82192e+11 7.64077e+11 7.51168e+11 7.44694e+11 7.39922e+11 0 0 0 0 0 0 0 0 0 0 0 0 0 0 0 0 0 0 0 0 0 0 0 0 0 0 0 0 0 0 0 0 
0 0 0 0 0 0 0 0 0 0 2.04994e+10 1.86546e+11 6.70714e+11 1.44332e+12 2.29782e+12 3.05499e+12 3.63949e+12 4.04425e+12 4.29176e+12 4.41798e+12 4.46107e+12 4.43878e+12 4.38296e+12 4.30851e+12 4.20873e+12 4.11545e+12 4.01438e+12 3.9227e+12 3.84278e+12 3.78715e+12 3.74461e+12 3.718e+12 3.71024e+12 0 0 0 0 0 0 0 0 0 0 0 0 0 0 0 0 0 0 0 0 0 0 0 0 0 0 0 0 0 0 0 0 
0 0 0 0 0 0 0 0 0 0 5.29596e+09 1.31148e+11 7.85736e+11 2.38846e+12 4.83482e+12 7.62343e+12 1.02722e+13 1.2527e+13 1.43013e+13 1.56016e+13 1.64791e+13 1.70551e+13 1.73552e+13 1.75332e+13 1.74879e+13 1.73869e+13 1.73201e+13 1.71678e+13 1.7036e+13 1.69228e+13 1.68412e+13 1.67753e+13 1.67597e+13 0 0 0 0 0 0 0 0 0 0 0 0 0 0 0 0 0 0 0 0 0 0 0 0 0 0 0 0 0 0 0 0 
0 0 0 0 0 0 0 0 0 0 0 5.60274e+10 6.44238e+11 2.94214e+12 7.95303e+12 1.54413e+13 2.42477e+13 3.31268e+13 4.12471e+13 4.8205e+13 5.3749e+13 5.82233e+13 6.14711e+13 6.38582e+13 6.55988e+13 6.66901e+13 6.73137e+13 6.77932e+13 6.81756e+13 6.83411e+13 6.83923e+13 6.83742e+13 6.83776e+13 0 0 0 0 0 0 0 0 0 0 0 0 0 0 0 0 0 0 0 0 0 0 0 0 0 0 0 0 0 0 0 0 
0 0 0 0 0 0 0 0 0 0 0 1.15904e+10 3.55568e+11 2.65098e+12 1.00367e+13 2.49369e+13 4.70177e+13 7.3707e+13 1.01888e+14 1.29045e+14 1.53913e+14 1.75367e+14 1.93563e+14 2.08552e+14 2.2053e+14 2.29676e+14 2.37138e+14 2.42401e+14 2.46274e+14 2.49151e+14 2.51366e+14 2.52541e+14 2.52537e+14 0 0 0 0 0 0 0 0 0 0 0 0 0 0 0 0 0 0 0 0 0 0 0 0 0 0 0 0 0 0 0 0 
0 0 0 0 0 0 0 0 0 0 0 0 1.22192e+11 1.70944e+12 9.56179e+12 3.15719e+13 7.36894e+13 1.35937e+14 2.12963e+14 2.97849e+14 3.83544e+14 4.64805e+14 5.39898e+14 6.05121e+14 6.61108e+14 7.09653e+14 7.47248e+14 7.79567e+14 8.03984e+14 8.21857e+14 8.33697e+14 8.40743e+14 8.44696e+14 0 0 0 0 0 0 0 0 0 0 0 0 0 0 0 0 0 0 0 0 0 0 0 0 0 0 0 0 0 0 0 0 
0 0 0 0 0 0 0 0 0 0 0 0 2.0682e+10 7.58557e+11 6.79273e+12 3.10028e+13 9.23295e+13 2.05386e+14 3.72436e+14 5.83209e+14 8.22208e+14 1.07282e+15 1.31927e+15 1.55198e+15 1.76452e+15 1.95275e+15 2.11522e+15 2.24943e+15 2.35677e+15 2.4402e+15 2.49947e+15 2.53358e+15 2.54402e+15 0 0 0 0 0 0 0 0 0 0 0 0 0 0 0 0 0 0 0 0 0 0 0 0 0 0 0 0 0 0 0 0 
0 0 0 0 0 0 0 0 0 0 0 0 0 2.13769e+11 3.52223e+12 2.3362e+13 9.15107e+13 2.5153e+14 5.38585e+14 9.62593e+14 1.5062e+15 2.13657e+15 2.81247e+15 3.49877e+15 4.16078e+15 4.77678e+15 5.32878e+15 5.81009e+15 6.20006e+15 6.50715e+15 6.72012e+15 6.85388e+15 6.90283e+15 0 0 0 0 0 0 0 0 0 0 0 0 0 0 0 0 0 0 0 0 0 0 0 0 0 0 0 0 0 0 0 0 
0 0 0 0 0 0 0 0 0 0 0 0 0 3.0232e+10 1.28237e+12 1.33554e+13 7.13137e+13 2.48079e+14 6.39156e+14 1.3239e+15 2.3348e+15 3.64682e+15 5.18869e+15 6.87151e+15 8.60454e+15 1.02998e+16 1.18877e+16 1.33093e+16 1.45266e+16 1.54797e+16 1.62147e+16 1.66299e+16 1.67672e+16 0 0 0 0 0 0 0 0 0 0 0 0 0 0 0 0 0 0 0 0 0 0 0 0 0 0 0 0 0 0 0 0 
0 0 0 0 0 0 0 0 0 0 0 0 0 0 3.01876e+11 5.67885e+12 4.33035e+13 1.9577e+14 6.18797e+14 1.51098e+15 3.04108e+15 5.28353e+15 8.21583e+15 1.17004e+16 1.55377e+16 1.94854e+16 2.33809e+16 2.69943e+16 3.01552e+16 3.2783e+16 3.46546e+16 3.58305e+16 3.62571e+16 0 0 0 0 0 0 0 0 0 0 0 0 0 0 0 0 0 0 0 0 0 0 0 0 0 0 0 0 0 0 0 0 
0 0 0 0 0 0 0 0 0 0 0 0 0 0 3.62729e+10 1.72766e+12 2.03274e+13 1.23147e+14 4.8747e+14 1.42311e+15 3.31183e+15 6.49124e+15 1.11141e+16 1.71351e+16 2.42852e+16 3.22198e+16 4.0327e+16 4.81619e+16 5.5298e+16 6.12546e+16 6.57676e+16 6.86091e+16 6.95081e+16 0 0 0 0 0 0 0 0 0 0 0 0 0 0 0 0 0 0 0 0 0 0 0 0 0 0 0 0 0 0 0 0 
0 0 0 0 0 0 0 0 0 0 0 0 0 0 0 3.45315e+11 7.20636e+12 6.14569e+13 3.1155e+14 1.10439e+15 3.00923e+15 6.70611e+15 1.27814e+16 2.15114e+16 3.28083e+16 4.60965e+16 6.06168e+16 7.52982e+16 8.90331e+16 1.00937e+17 1.10086e+17 1.15868e+17 1.17898e+17 0 0 0 0 0 0 0 0 0 0 0 0 0 0 0 0 0 0 0 0 0 0 0 0 0 0 0 0 0 0 0 0 
0 0 0 0 0 0 0 0 0 0 0 0 0 0 0 3.58887e+10 1.86284e+12 2.40686e+13 1.61016e+14 7.06043e+14 2.2792e+15 5.83133e+15 1.2473e+16 2.31062e+16 3.80704e+16 5.70691e+16 7.90468e+16 1.02479e+17 1.25341e+17 1.45678e+17 1.61679e+17 1.71868e+17 1.75332e+17 0 0 0 0 0 0 0 0 0 0 0 0 0 0 0 0 0 0 0 0 0 0 0 0 0 0 0 0 0 0 0 0 
0 0 0 0 0 0 0 0 0 0 0 0 0 0 0 0 3.21291e+11 7.23826e+12 6.71441e+13 3.71178e+14 1.43835e+15 4.27333e+15 1.03161e+16 2.11369e+16 3.7952e+16 6.09974e+16 8.95282e+16 1.21409e+17 1.54017e+17 1.83785e+17 2.08002e+17 2.23425e+17 2.28776e+17 0 0 0 0 0 0 0 0 0 0 0 0 0 0 0 0 0 0 0 0 0 0 0 0 0 0 0 0 0 0 0 0 
0 0 0 0 0 0 0 0 0 0 0 0 0 0 0 0 2.94244e+10 1.61647e+12 2.23076e+13 1.60491e+14 7.58111e+14 2.63909e+15 7.25149e+15 1.65566e+16 3.24843e+16 5.62792e+16 8.76626e+16 1.24969e+17 1.64623e+17 2.02549e+17 2.33453e+17 2.54165e+17 2.6138e+17 0 0 0 0 0 0 0 0 0 0 0 0 0 0 0 0 0 0 0 0 0 0 0 0 0 0 0 0 0 0 0 0 
0 0 0 0 0 0 0 0 0 0 0 0 0 0 0 0 0 2.43945e+11 5.78678e+12 5.67725e+13 3.33767e+14 1.37498e+15 4.34147e+15 1.10958e+16 2.39007e+16 4.47392e+16 7.43636e+16 1.11523e+17 1.53161e+17 1.94155e+17 2.29028e+17 2.52402e+17 2.60581e+17 0 0 0 0 0 0 0 0 0 0 0 0 0 0 0 0 0 0 0 0 0 0 0 0 0 0 0 0 0 0 0 0 
0 0 0 0 0 0 0 0 0 0 0 0 0 0 0 0 0 2.01365e+10 1.13117e+12 1.62684e+13 1.22499e+14 6.07161e+14 2.21987e+15 6.38591e+15 1.51897e+16 3.0844e+16 5.48086e+16 8.68447e+16 1.24392e+17 1.6279e+17 1.9644e+17 2.19347e+17 2.27568e+17 0 0 0 0 0 0 0 0 0 0 0 0 0 0 0 0 0 0 0 0 0 0 0 0 0 0 0 0 0 0 0 0 
0 0 0 0 0 0 0 0 0 0 0 0 0 0 0 0 0 0 1.51936e+11 3.69318e+12 3.73568e+13 2.27334e+14 9.70026e+14 3.17068e+15 8.357e+15 1.84467e+16 3.51488e+16 5.89352e+16 8.82439e+16 1.19582e+17 1.47661e+17 1.67156e+17 1.74149e+17 0 0 0 0 0 0 0 0 0 0 0 0 0 0 0 0 0 0 0 0 0 0 0 0 0 0 0 0 0 0 0 0 
0 0 0 0 0 0 0 0 0 0 0 0 0 0 0 0 0 0 1.15538e+10 6.41249e+11 9.36308e+12 7.20849e+13 3.65263e+14 1.36352e+15 3.99984e+15 9.65903e+15 1.97562e+16 3.51042e+16 5.50221e+16 7.71591e+16 9.75713e+16 1.1214e+17 1.17425e+17 0 0 0 0 0 0 0 0 0 0 0 0 0 0 0 0 0 0 0 0 0 0 0 0 0 0 0 0 0 0 0 0 
0 0 0 0 0 0 0 0 0 0 0 0 0 0 0 0 0 0 0 7.79978e+10 1.88999e+12 1.92335e+13 1.18125e+14 5.09087e+14 1.675e+15 4.42739e+15 9.76243e+15 1.83908e+16 3.02837e+16 4.39493e+16 5.70382e+16 6.64666e+16 6.99103e+16 0 0 0 0 0 0 0 0 0 0 0 0 0 0 0 0 0 0 0 0 0 0 0 0 0 0 0 0 0 0 0 0 
0 0 0 0 0 0 0 0 0 0 0 0 0 0 0 0 0 0 0 5.66819e+09 2.96565e+11 4.2735e+12 3.27897e+13 1.65455e+14 6.15049e+14 1.79278e+15 4.26885e+15 8.56239e+15 1.47529e+16 2.22509e+16 2.96019e+16 3.50573e+16 3.70664e+16 0 0 0 0 0 0 0 0 0 0 0 0 0 0 0 0 0 0 0 0 0 0 0 0 0 0 0 0 0 0 0 0 
0 0 0 0 0 0 0 0 0 0 0 0 0 0 0 0 0 0 0 0 3.3242e+10 7.78136e+11 7.77008e+12 4.69807e+13 1.98907e+14 6.41989e+14 1.65896e+15 3.54463e+15 6.42821e+15 1.00599e+16 1.37283e+16 1.65148e+16 1.75293e+16 0 0 0 0 0 0 0 0 0 0 0 0 0 0 0 0 0 0 0 0 0 0 0 0 0 0 0 0 0 0 0 0 
0 0 0 0 0 0 0 0 0 0 0 0 0 0 0 0 0 0 0 0 2.42e+09 1.12729e+11 1.55555e+12 1.15751e+13 5.67659e+13 2.04826e+14 5.76231e+14 1.31785e+15 2.51189e+15 4.08589e+15 5.73507e+15 6.99362e+15 7.48537e+15 0 0 0 0 0 0 0 0 0 0 0 0 0 0 0 0 0 0 0 0 0 0 0 0 0 0 0 0 0 0 0 0 
0 0 0 0 0 0 0 0 0 0 0 0 0 0 0 0 0 0 0 0 0 1.18934e+10 2.60211e+11 2.4731e+12 1.43473e+13 5.81955e+13 1.79348e+14 4.40308e+14 8.87561e+14 1.49988e+15 2.16523e+15 2.68933e+15 2.88571e+15 0 0 0 0 0 0 0 0 0 0 0 0 0 0 0 0 0 0 0 0 0 0 0 0 0 0 0 0 0 0 0 0 
0 0 0 0 0 0 0 0 0 0 0 0 0 0 0 0 0 0 0 0 0 9.21576e+08 3.55595e+10 4.54048e+11 3.1864e+12 1.48269e+13 5.03904e+13 1.33272e+14 2.84254e+14 5.00593e+14 7.43206e+14 9.37562e+14 1.0135e+15 0 0 0 0 0 0 0 0 0 0 0 0 0 0 0 0 0 0 0 0 0 0 0 0 0 0 0 0 0 0 0 0 
0 0 0 0 0 0 0 0 0 0 0 0 0 0 0 0 0 0 0 0 0 0 3.6283e+09 7.1341e+10 6.25123e+11 3.37229e+12 1.2779e+13 3.66093e+13 8.29398e+13 1.52927e+14 2.33357e+14 3.00311e+14 3.26043e+14 0 0 0 0 0 0 0 0 0 0 0 0 0 0 0 0 0 0 0 0 0 0 0 0 0 0 0 0 0 0 0 0 
0 0 0 0 0 0 0 0 0 0 0 0 0 0 0 0 0 0 0 0 0 0 3.21855e+08 9.48268e+09 1.07702e+11 6.88013e+11 2.94518e+12 9.19133e+12 2.21725e+13 4.28365e+13 6.74747e+13 8.82636e+13 9.64562e+13 0 0 0 0 0 0 0 0 0 0 0 0 0 0 0 0 0 0 0 0 0 0 0 0 0 0 0 0 0 0 0 0 
0 0 0 0 0 0 0 0 0 0 0 0 0 0 0 0 0 0 0 0 0 0 0 9.60929e+08 1.62512e+10 1.26748e+11 6.16922e+11 2.1159e+12 5.47584e+12 1.10944e+13 1.80587e+13 2.40285e+13 2.64402e+13 0 0 0 0 0 0 0 0 0 0 0 0 0 0 0 0 0 0 0 0 0 0 0 0 0 0 0 0 0 0 0 0 
0 0 0 0 0 0 0 0 0 0 0 0 0 0 0 0 0 0 0 0 0 0 0 1.04611e+08 2.18028e+09 2.09428e+10 1.18334e+11 4.50824e+11 1.24806e+12 2.66551e+12 4.49646e+12 6.11165e+12 6.75116e+12 0 0 0 0 0 0 0 0 0 0 0 0 0 0 0 0 0 0 0 0 0 0 0 0 0 0 0 0 0 0 0 0 
0 0 0 0 0 0 0 0 0 0 0 0 0 0 0 0 0 0 0 0 0 0 0 0 2.23661e+08 3.16147e+09 2.09903e+10 8.86847e+10 2.66194e+11 5.99177e+11 1.04736e+12 1.45664e+12 1.62265e+12 0 0 0 0 0 0 0 0 0 0 0 0 0 0 0 0 0 0 0 0 0 0 0 0 0 0 0 0 0 0 0 0 
0 0 0 0 0 0 0 0 0 0 0 0 0 0 0 0 0 0 0 0 0 0 0 0 3.14629e+07 4.45292e+08 3.42151e+09 1.63699e+10 5.35972e+10 1.2716e+11 2.32005e+11 3.27602e+11 3.67118e+11 0 0 0 0 0 0 0 0 0 0 0 0 0 0 0 0 0 0 0 0 0 0 0 0 0 0 0 0 0 0 0 0 
0 0 0 0 0 0 0 0 0 0 0 0 0 0 0 0 0 0 0 0 0 0 0 0 0 4.55318e+07 5.36778e+08 2.89654e+09 1.01801e+10 2.5871e+10 4.85759e+10 7.05984e+10 7.97205e+10 0 0 0 0 0 0 0 0 0 0 0 0 0 0 0 0 0 0 0 0 0 0 0 0 0 0 0 0 0 0 0 0 
0 0 0 0 0 0 0 0 0 0 0 0 0 0 0 0 0 0 0 0 0 0 0 0 0 8.58955e+06 8.10864e+07 4.76019e+08 1.88653e+09 5.0424e+09 9.87206e+09 1.47139e+10 1.67005e+10 0 0 0 0 0 0 0 0 0 0 0 0 0 0 0 0 0 0 0 0 0 0 0 0 0 0 0 0 0 0 0 0 
0 0 0 0 0 0 0 0 0 0 0 0 0 0 0 0 0 0 0 0 0 0 0 0 0 0 7.85256e+06 8.11057e+07 3.38724e+08 9.54758e+08 1.9705e+09 2.96798e+09 3.42383e+09 0 0 0 0 0 0 0 0 0 0 0 0 0 0 0 0 0 0 0 0 0 0 0 0 0 0 0 0 0 0 0 0 
0 0 0 0 0 0 0 0 0 0 0 0 0 0 0 0 0 0 0 0 0 0 0 0 0 0 2.07502e+06 1.288e+07 5.63231e+07 1.84303e+08 3.80817e+08 5.97383e+08 6.86712e+08 0 0 0 0 0 0 0 0 0 0 0 0 0 0 0 0 0 0 0 0 0 0 0 0 0 0 0 0 0 0 0 0 
0 0 0 0 0 0 0 0 0 0 0 0 0 0 0 0 0 0 0 0 0 0 0 0 0 0 0 1.08952e+06 1.08582e+07 3.27551e+07 7.35729e+07 1.19063e+08 1.35545e+08 0 0 0 0 0 0 0 0 0 0 0 0 0 0 0 0 0 0 0 0 0 0 0 0 0 0 0 0 0 0 0 0 
0 0 0 0 0 0 0 0 0 0 0 0 0 0 0 0 0 0 0 0 0 0 0 0 0 0 0 429673 1.69473e+06 5.5878e+06 1.51575e+07 2.21571e+07 2.85745e+07 0 0 0 0 0 0 0 0 0 0 0 0 0 0 0 0 0 0 0 0 0 0 0 0 0 0 0 0 0 0 0 0 
0 0 0 0 0 0 0 0 0 0 0 0 0 0 0 0 0 0 0 0 0 0 0 0 0 0 0 0 112696 1.2568e+06 2.41415e+06 4.68253e+06 5.18635e+06 0 0 0 0 0 0 0 0 0 0 0 0 0 0 0 0 0 0 0 0 0 0 0 0 0 0 0 0 0 0 0 0 
0 0 0 0 0 0 0 0 0 0 0 0 0 0 0 0 0 0 0 0 0 0 0 0 0 0 0 0 73578.1 170620 457149 965473 937811 0 0 0 0 0 0 0 0 0 0 0 0 0 0 0 0 0 0 0 0 0 0 0 0 0 0 0 0 0 0 0 0 
0 0 0 0 0 0 0 0 0 0 0 0 0 0 0 0 0 0 0 0 0 0 0 0 0 0 0 0 0 7679.07 117293 111671 240355 0 0 0 0 0 0 0 0 0 0 0 0 0 0 0 0 0 0 0 0 0 0 0 0 0 0 0 0 0 0 0 0 
0 0 0 0 0 0 0 0 0 0 0 0 0 0 0 0 0 0 0 0 0 0 0 0 0 0 0 0 0 9950.61 11496 32274.5 37550.1 0 0 0 0 0 0 0 0 0 0 0 0 0 0 0 0 0 0 0 0 0 0 0 0 0 0 0 0 0 0 0 0 
0 0 0 0 0 0 0 0 0 0 0 0 0 0 0 0 0 0 0 0 0 0 0 0 0 0 0 0 0 0 256.062 7685.63 2050.03 0 0 0 0 0 0 0 0 0 0 0 0 0 0 0 0 0 0 0 0 0 0 0 0 0 0 0 0 0 0 0 0 
0 0 0 0 0 0 0 0 0 0 0 0 0 0 0 0 0 0 0 0 0 0 0 0 0 0 0 0 0 0 988.752 383.516 1910.02 0 0 0 0 0 0 0 0 0 0 0 0 0 0 0 0 0 0 0 0 0 0 0 0 0 0 0 0 0 0 0 0 
0 0 0 0 0 0 0 0 0 0 0 0 0 0 0 0 0 0 0 0 0 0 0 0 0 0 0 0 0 0 0 0 255.67 0 0 0 0 0 0 0 0 0 0 0 0 0 0 0 0 0 0 0 0 0 0 0 0 0 0 0 0 0 0 0 0 
0 0 0 0 0 0 0 0 0 0 0 0 0 0 0 0 0 0 0 0 0 0 0 0 0 0 0 0 0 0 0 63.7905 0 0 0 0 0 0 0 0 0 0 0 0 0 0 0 0 0 0 0 0 0 0 0 0 0 0 0 0 0 0 0 0 0 
0 0 0 0 0 0 0 0 0 0 0 0 0 0 0 0 0 0 0 0 0 0 0 0 0 0 0 0 0 0 0 0 0 0 0 0 0 0 0 0 0 0 0 0 0 0 0 0 0 0 0 0 0 0 0 0 0 0 0 0 0 0 0 0 0 
0 0 0 0 0 0 0 0 0 0 0 0 0 0 0 0 0 0 0 0 0 0 0 0 0 0 0 0 0 0 0 0 1.99345 0 0 0 0 0 0 0 0 0 0 0 0 0 0 0 0 0 0 0 0 0 0 0 0 0 0 0 0 0 0 0 0 
