1 0 0 0 0 0 0 0 0 0 0 0 0 0 0 0 0 0 0 0 0 0 0 0 0 0 0 0 0 0 0 0 0 0 0 0 0 0 0 0 0 0 0 0 0 0 0 0 0 0 0 0 0 0 0 0 0 0 0 0 0 0 0 0 1 
0 0 0 0 0 0 0 0 0 0 0 0 0 0 0 0 0 0 0 0 0 0 0 0 0 0 0 0 0 0 0 0 0 0 0 0 0 0 0 0 0 0 0 0 0 0 0 0 0 0 0 0 0 0 0 0 0 0 0 0 0 0 0 0 0 
0 64 0 0 0 0 0 0 0 0 0 0 0 0 0 0 0 0 0 0 0 0 0 0 0 0 0 0 0 0 0 0 0 0 0 0 0 0 0 0 0 0 0 0 0 0 0 0 0 0 0 0 0 0 0 0 0 0 0 0 0 0 0 0 0 
0 0 128 0 0 0 0 0 0 0 0 0 0 0 0 0 0 0 0 0 0 0 0 0 0 0 0 0 0 0 0 0 0 0 0 0 0 0 0 0 0 0 0 0 0 0 0 0 0 0 0 0 0 0 0 0 0 0 0 0 0 0 0 0 0 
0 0 1888 383.947 63.9848 0 0 0 0 0 0 0 0 0 0 0 0 0 0 0 0 0 0 0 0 0 0 0 0 0 0 0 0 0 0 0 0 0 0 0 0 0 0 0 0 0 0 0 0 0 0 0 0 0 0 0 0 0 0 0 0 0 0 0 0 
0 0 0 7168.11 1155.07 514.573 129.329 0 0 0 0 0 0 0 0 0 0 0 0 0 0 0 0 0 0 0 0 0 0 0 0 0 0 0 0 0 0 0 0 0 0 0 0 0 0 0 0 0 0 0 0 0 0 0 0 0 0 0 0 0 0 0 0 0 0 
0 0 0 34111.9 27363.5 6877.07 2588.05 1428.83 385.697 65.4826 0 0 0 0 0 0 0 0 0 0 0 0 0 0 0 0 0 0 0 0 0 0 0 0 0 0 0 0 0 0 0 0 0 0 0 0 0 0 0 0 0 0 0 0 0 0 0 0 0 0 0 0 0 0 0 
0 0 0 0 183600 97563.7 43058.7 17017.4 8621 4667.86 1946.97 525.722 129.054 0 0 0 0 0 0 0 0 0 0 0 0 0 0 0 0 0 0 0 0 0 0 0 0 0 0 0 0 0 0 0 0 0 0 0 0 0 0 0 0 0 0 0 0 0 0 0 0 0 0 0 0 
0 0 0 0 423194 828985 412938 223280 122175 59450.9 33817.3 20185.8 9824.83 4392.59 1448.15 383.312 82.2274 0 0 0 0 0 0 0 15.607 0 0 0 0 0 0 0 15.8627 0 0 0 0 0 0 0 0 0 0 0 0 0 0 0 0 0 0 0 0 0 0 0 0 0 0 0 0 0 0 0 0 
0 0 0 0 0 2.86022e+06 3.32719e+06 1.98274e+06 1.14621e+06 723689 430202 250869 155029 95947.9 55818.9 29496.7 14109.6 5895.58 2143.61 733.081 384.514 257.103 243.537 251.03 0 253.366 260.261 255.963 256.164 258.501 256.815 256.319 0 0 0 0 0 0 0 0 0 0 0 0 0 0 0 0 0 0 0 0 0 0 0 0 0 0 0 0 0 0 0 0 0 
0 0 0 0 0 3.83035e+06 1.46007e+07 1.3519e+07 9.38968e+06 6.12122e+06 4.05668e+06 2.70615e+06 1.79882e+06 1.17742e+06 775744 513541 334333 205032 120601 68292.2 36498.7 21275.5 13763.8 10742.3 11606.4 9810.28 9509.36 9122.61 9615.25 9417.94 9550.55 9616.65 11498 0 0 0 0 0 0 0 0 0 0 0 0 0 0 0 0 0 0 0 0 0 0 0 0 0 0 0 0 0 0 0 0 
0 0 0 0 0 0 3.03376e+07 6.37891e+07 5.75356e+07 4.33653e+07 3.16157e+07 2.2457e+07 1.60118e+07 1.14733e+07 8.23413e+06 5.8776e+06 4.17242e+06 2.95472e+06 2.09181e+06 1.4647e+06 1.02629e+06 710184 505161 369925 285528 249193 231923 223826 219513 220607 215543 215617 205641 0 0 0 0 0 0 0 0 0 0 0 0 0 0 0 0 0 0 0 0 0 0 0 0 0 0 0 0 0 0 0 0 
0 0 0 0 0 0 2.62501e+07 1.69373e+08 2.62846e+08 2.4705e+08 1.99368e+08 1.55955e+08 1.19091e+08 9.07657e+07 6.90642e+07 5.26001e+07 4.02171e+07 3.05855e+07 2.34523e+07 1.79924e+07 1.37546e+07 1.06109e+07 8.40151e+06 6.67021e+06 5.48958e+06 4.62674e+06 4.02557e+06 3.65333e+06 3.44474e+06 3.31137e+06 3.24233e+06 3.21903e+06 3.23354e+06 0 0 0 0 0 0 0 0 0 0 0 0 0 0 0 0 0 0 0 0 0 0 0 0 0 0 0 0 0 0 0 0 
0 0 0 0 0 0 0 2.32714e+08 7.85284e+08 1.0673e+09 1.04472e+09 9.0441e+08 7.52676e+08 6.09326e+08 4.90664e+08 3.95028e+08 3.16832e+08 2.55298e+08 2.05677e+08 1.66891e+08 1.35473e+08 1.10884e+08 9.14523e+07 7.62834e+07 6.48708e+07 5.66629e+07 5.05701e+07 4.57843e+07 4.25407e+07 4.01531e+07 3.87157e+07 3.75832e+07 3.75895e+07 0 0 0 0 0 0 0 0 0 0 0 0 0 0 0 0 0 0 0 0 0 0 0 0 0 0 0 0 0 0 0 0 
0 0 0 0 0 0 0 1.39596e+08 1.38438e+09 3.29992e+09 4.28006e+09 4.3489e+09 3.9871e+09 3.49876e+09 2.98789e+09 2.5227e+09 2.12226e+09 1.79e+09 1.50952e+09 1.27517e+09 1.07836e+09 9.21233e+08 7.87218e+08 6.8368e+08 6.01488e+08 5.37256e+08 4.82008e+08 4.43608e+08 4.12763e+08 3.92512e+08 3.77009e+08 3.70805e+08 3.68431e+08 0 0 0 0 0 0 0 0 0 0 0 0 0 0 0 0 0 0 0 0 0 0 0 0 0 0 0 0 0 0 0 0 
0 0 0 0 0 0 0 0 1.33965e+09 6.67272e+09 1.31436e+10 1.68194e+10 1.77263e+10 1.7068e+10 1.56936e+10 1.40734e+10 1.23981e+10 1.08828e+10 9.52432e+09 8.35192e+09 7.328e+09 6.43036e+09 5.70455e+09 5.09336e+09 4.58203e+09 4.16292e+09 3.81656e+09 3.54218e+09 3.33571e+09 3.19082e+09 3.10285e+09 3.03092e+09 3.02108e+09 0 0 0 0 0 0 0 0 0 0 0 0 0 0 0 0 0 0 0 0 0 0 0 0 0 0 0 0 0 0 0 0 
0 0 0 0 0 0 0 0 5.85807e+08 8.31381e+09 2.8389e+10 5.0361e+10 6.45719e+10 7.0457e+10 7.08686e+10 6.78642e+10 6.33528e+10 5.81434e+10 5.30845e+10 4.80317e+10 4.34495e+10 3.94974e+10 3.58657e+10 3.27898e+10 3.01346e+10 2.78069e+10 2.60455e+10 2.45608e+10 2.33817e+10 2.24725e+10 2.18649e+10 2.15132e+10 2.14424e+10 0 0 0 0 0 0 0 0 0 0 0 0 0 0 0 0 0 0 0 0 0 0 0 0 0 0 0 0 0 0 0 0 
0 0 0 0 0 0 0 0 0 5.92598e+09 4.09263e+10 1.11359e+11 1.86531e+11 2.41328e+11 2.71973e+11 2.83756e+11 2.82265e+11 2.73231e+11 2.59927e+11 2.44052e+11 2.28785e+11 2.13125e+11 1.99102e+11 1.86063e+11 1.7433e+11 1.64665e+11 1.56414e+11 1.48679e+11 1.43101e+11 1.38874e+11 1.35774e+11 1.33663e+11 1.33228e+11 0 0 0 0 0 0 0 0 0 0 0 0 0 0 0 0 0 0 0 0 0 0 0 0 0 0 0 0 0 0 0 0 
0 0 0 0 0 0 0 0 0 1.96353e+09 3.7655e+10 1.74392e+11 4.11347e+11 6.67066e+11 8.73013e+11 1.0133e+12 1.09415e+12 1.12652e+12 1.12455e+12 1.10582e+12 1.06911e+12 1.02948e+12 9.87203e+11 9.44115e+11 9.03627e+11 8.66611e+11 8.32162e+11 8.0599e+11 7.83546e+11 7.64808e+11 7.5214e+11 7.45756e+11 7.43205e+11 0 0 0 0 0 0 0 0 0 0 0 0 0 0 0 0 0 0 0 0 0 0 0 0 0 0 0 0 0 0 0 0 
0 0 0 0 0 0 0 0 0 0 2.04989e+10 1.86416e+11 6.70679e+11 1.44346e+12 2.29991e+12 3.0555e+12 3.6341e+12 4.0462e+12 4.29149e+12 4.4125e+12 4.45165e+12 4.43934e+12 4.374e+12 4.29728e+12 4.20304e+12 4.09661e+12 4.01173e+12 3.92854e+12 3.85864e+12 3.79122e+12 3.74822e+12 3.72124e+12 3.71436e+12 0 0 0 0 0 0 0 0 0 0 0 0 0 0 0 0 0 0 0 0 0 0 0 0 0 0 0 0 0 0 0 0 
0 0 0 0 0 0 0 0 0 0 5.30008e+09 1.31184e+11 7.85982e+11 2.38752e+12 4.83723e+12 7.6236e+12 1.02801e+13 1.25266e+13 1.42995e+13 1.55894e+13 1.64787e+13 1.70227e+13 1.73651e+13 1.74754e+13 1.75041e+13 1.7427e+13 1.73303e+13 1.71978e+13 1.70362e+13 1.69236e+13 1.68545e+13 1.67661e+13 1.67539e+13 0 0 0 0 0 0 0 0 0 0 0 0 0 0 0 0 0 0 0 0 0 0 0 0 0 0 0 0 0 0 0 0 
0 0 0 0 0 0 0 0 0 0 0 5.60296e+10 6.43952e+11 2.94306e+12 7.94805e+12 1.54453e+13 2.42491e+13 3.3128e+13 4.12395e+13 4.81413e+13 5.3792e+13 5.82125e+13 6.14883e+13 6.39092e+13 6.56059e+13 6.67734e+13 6.75523e+13 6.79395e+13 6.81644e+13 6.82797e+13 6.82765e+13 6.84865e+13 6.83568e+13 0 0 0 0 0 0 0 0 0 0 0 0 0 0 0 0 0 0 0 0 0 0 0 0 0 0 0 0 0 0 0 0 
0 0 0 0 0 0 0 0 0 0 0 1.16e+10 3.55664e+11 2.65083e+12 1.00336e+13 2.49283e+13 4.69929e+13 7.35979e+13 1.01869e+14 1.29169e+14 1.53996e+14 1.75346e+14 1.93537e+14 2.0852e+14 2.20582e+14 2.30007e+14 2.36771e+14 2.42533e+14 2.46469e+14 2.49706e+14 2.51879e+14 2.52248e+14 2.52871e+14 0 0 0 0 0 0 0 0 0 0 0 0 0 0 0 0 0 0 0 0 0 0 0 0 0 0 0 0 0 0 0 0 
0 0 0 0 0 0 0 0 0 0 0 0 1.2219e+11 1.7092e+12 9.56729e+12 3.15697e+13 7.36883e+13 1.3598e+14 2.12815e+14 2.97596e+14 3.83121e+14 4.64962e+14 5.39709e+14 6.04913e+14 6.61039e+14 7.08862e+14 7.4764e+14 7.79142e+14 8.04368e+14 8.22842e+14 8.34121e+14 8.42031e+14 8.45147e+14 0 0 0 0 0 0 0 0 0 0 0 0 0 0 0 0 0 0 0 0 0 0 0 0 0 0 0 0 0 0 0 0 
0 0 0 0 0 0 0 0 0 0 0 0 2.0695e+10 7.58563e+11 6.79366e+12 3.10074e+13 9.23616e+13 2.05382e+14 3.72413e+14 5.83102e+14 8.22481e+14 1.07237e+15 1.31844e+15 1.55179e+15 1.76403e+15 1.95123e+15 2.11478e+15 2.2482e+15 2.35587e+15 2.43727e+15 2.49844e+15 2.53587e+15 2.54947e+15 0 0 0 0 0 0 0 0 0 0 0 0 0 0 0 0 0 0 0 0 0 0 0 0 0 0 0 0 0 0 0 0 
0 0 0 0 0 0 0 0 0 0 0 0 0 2.13866e+11 3.51971e+12 2.33694e+13 9.15179e+13 2.51715e+14 5.38827e+14 9.62347e+14 1.50554e+15 2.13561e+15 2.81118e+15 3.49719e+15 4.16333e+15 4.77697e+15 5.32611e+15 5.81126e+15 6.20038e+15 6.50438e+15 6.72609e+15 6.85779e+15 6.90131e+15 0 0 0 0 0 0 0 0 0 0 0 0 0 0 0 0 0 0 0 0 0 0 0 0 0 0 0 0 0 0 0 0 
0 0 0 0 0 0 0 0 0 0 0 0 0 3.02293e+10 1.28289e+12 1.33546e+13 7.13138e+13 2.48031e+14 6.39292e+14 1.32472e+15 2.33431e+15 3.64408e+15 5.18743e+15 6.86837e+15 8.6014e+15 1.031e+16 1.19019e+16 1.33008e+16 1.45158e+16 1.54943e+16 1.61931e+16 1.6634e+16 1.67548e+16 0 0 0 0 0 0 0 0 0 0 0 0 0 0 0 0 0 0 0 0 0 0 0 0 0 0 0 0 0 0 0 0 
0 0 0 0 0 0 0 0 0 0 0 0 0 0 3.02011e+11 5.67476e+12 4.32998e+13 1.95708e+14 6.18689e+14 1.5109e+15 3.0416e+15 5.28791e+15 8.2193e+15 1.17004e+16 1.55268e+16 1.94859e+16 2.33862e+16 2.70013e+16 3.01716e+16 3.27493e+16 3.46831e+16 3.5813e+16 3.62212e+16 0 0 0 0 0 0 0 0 0 0 0 0 0 0 0 0 0 0 0 0 0 0 0 0 0 0 0 0 0 0 0 0 
0 0 0 0 0 0 0 0 0 0 0 0 0 0 3.62601e+10 1.72703e+12 2.03091e+13 1.23188e+14 4.87449e+14 1.42323e+15 3.31336e+15 6.49156e+15 1.1114e+16 1.7139e+16 2.43022e+16 3.21873e+16 4.02892e+16 4.81719e+16 5.53245e+16 6.13025e+16 6.58173e+16 6.86146e+16 6.96117e+16 0 0 0 0 0 0 0 0 0 0 0 0 0 0 0 0 0 0 0 0 0 0 0 0 0 0 0 0 0 0 0 0 
0 0 0 0 0 0 0 0 0 0 0 0 0 0 0 3.45538e+11 7.21189e+12 6.14217e+13 3.11549e+14 1.10461e+15 3.00995e+15 6.70459e+15 1.27823e+16 2.15135e+16 3.27841e+16 4.60914e+16 6.06033e+16 7.52199e+16 8.89288e+16 1.00884e+17 1.0996e+17 1.15725e+17 1.17709e+17 0 0 0 0 0 0 0 0 0 0 0 0 0 0 0 0 0 0 0 0 0 0 0 0 0 0 0 0 0 0 0 0 
0 0 0 0 0 0 0 0 0 0 0 0 0 0 0 3.5891e+10 1.86274e+12 2.40521e+13 1.61041e+14 7.05291e+14 2.27783e+15 5.83728e+15 1.24666e+16 2.30994e+16 3.80937e+16 5.70721e+16 7.90411e+16 1.02498e+17 1.25421e+17 1.45666e+17 1.61577e+17 1.7181e+17 1.75357e+17 0 0 0 0 0 0 0 0 0 0 0 0 0 0 0 0 0 0 0 0 0 0 0 0 0 0 0 0 0 0 0 0 
0 0 0 0 0 0 0 0 0 0 0 0 0 0 0 0 3.21375e+11 7.24644e+12 6.70823e+13 3.71455e+14 1.43832e+15 4.26969e+15 1.03282e+16 2.11516e+16 3.79599e+16 6.10747e+16 8.95955e+16 1.21485e+17 1.53941e+17 1.83862e+17 2.08097e+17 2.2362e+17 2.28818e+17 0 0 0 0 0 0 0 0 0 0 0 0 0 0 0 0 0 0 0 0 0 0 0 0 0 0 0 0 0 0 0 0 
0 0 0 0 0 0 0 0 0 0 0 0 0 0 0 0 2.94266e+10 1.61318e+12 2.23029e+13 1.60536e+14 7.57909e+14 2.637e+15 7.24992e+15 1.65518e+16 3.24708e+16 5.62441e+16 8.76106e+16 1.24939e+17 1.64742e+17 2.02365e+17 2.33597e+17 2.54273e+17 2.61381e+17 0 0 0 0 0 0 0 0 0 0 0 0 0 0 0 0 0 0 0 0 0 0 0 0 0 0 0 0 0 0 0 0 
0 0 0 0 0 0 0 0 0 0 0 0 0 0 0 0 0 2.44091e+11 5.78608e+12 5.6713e+13 3.33822e+14 1.37545e+15 4.33865e+15 1.10951e+16 2.39066e+16 4.47275e+16 7.44383e+16 1.11626e+17 1.53197e+17 1.94419e+17 2.29108e+17 2.52286e+17 2.60817e+17 0 0 0 0 0 0 0 0 0 0 0 0 0 0 0 0 0 0 0 0 0 0 0 0 0 0 0 0 0 0 0 0 
0 0 0 0 0 0 0 0 0 0 0 0 0 0 0 0 0 2.01188e+10 1.13024e+12 1.62462e+13 1.22515e+14 6.07252e+14 2.21707e+15 6.38684e+15 1.51902e+16 3.082e+16 5.47694e+16 8.67579e+16 1.24234e+17 1.62735e+17 1.96275e+17 2.1955e+17 2.2753e+17 0 0 0 0 0 0 0 0 0 0 0 0 0 0 0 0 0 0 0 0 0 0 0 0 0 0 0 0 0 0 0 0 
0 0 0 0 0 0 0 0 0 0 0 0 0 0 0 0 0 0 1.52098e+11 3.69122e+12 3.73343e+13 2.27538e+14 9.71187e+14 3.1676e+15 8.35405e+15 1.84725e+16 3.51409e+16 5.89239e+16 8.83601e+16 1.19519e+17 1.47682e+17 1.67009e+17 1.74061e+17 0 0 0 0 0 0 0 0 0 0 0 0 0 0 0 0 0 0 0 0 0 0 0 0 0 0 0 0 0 0 0 0 
0 0 0 0 0 0 0 0 0 0 0 0 0 0 0 0 0 0 1.15711e+10 6.40441e+11 9.35603e+12 7.20021e+13 3.65041e+14 1.36257e+15 3.99876e+15 9.65422e+15 1.9752e+16 3.5091e+16 5.4993e+16 7.71535e+16 9.76151e+16 1.12089e+17 1.17354e+17 0 0 0 0 0 0 0 0 0 0 0 0 0 0 0 0 0 0 0 0 0 0 0 0 0 0 0 0 0 0 0 0 
0 0 0 0 0 0 0 0 0 0 0 0 0 0 0 0 0 0 0 7.81072e+10 1.88734e+12 1.92051e+13 1.18176e+14 5.09237e+14 1.67376e+15 4.42855e+15 9.76844e+15 1.84102e+16 3.02319e+16 4.39603e+16 5.69394e+16 6.65093e+16 6.99345e+16 0 0 0 0 0 0 0 0 0 0 0 0 0 0 0 0 0 0 0 0 0 0 0 0 0 0 0 0 0 0 0 0 
0 0 0 0 0 0 0 0 0 0 0 0 0 0 0 0 0 0 0 5.66424e+09 2.95972e+11 4.26961e+12 3.26987e+13 1.65507e+14 6.15245e+14 1.78944e+15 4.26704e+15 8.55657e+15 1.47877e+16 2.22486e+16 2.96429e+16 3.50172e+16 3.70527e+16 0 0 0 0 0 0 0 0 0 0 0 0 0 0 0 0 0 0 0 0 0 0 0 0 0 0 0 0 0 0 0 0 
0 0 0 0 0 0 0 0 0 0 0 0 0 0 0 0 0 0 0 0 3.32987e+10 7.77371e+11 7.75447e+12 4.689e+13 1.99328e+14 6.42761e+14 1.65701e+15 3.54816e+15 6.43085e+15 1.00557e+16 1.37354e+16 1.65099e+16 1.75468e+16 0 0 0 0 0 0 0 0 0 0 0 0 0 0 0 0 0 0 0 0 0 0 0 0 0 0 0 0 0 0 0 0 
0 0 0 0 0 0 0 0 0 0 0 0 0 0 0 0 0 0 0 0 2.4117e+09 1.12325e+11 1.5532e+12 1.15347e+13 5.6716e+13 2.04607e+14 5.75407e+14 1.315e+15 2.51054e+15 4.08714e+15 5.73228e+15 7.00584e+15 7.48012e+15 0 0 0 0 0 0 0 0 0 0 0 0 0 0 0 0 0 0 0 0 0 0 0 0 0 0 0 0 0 0 0 0 
0 0 0 0 0 0 0 0 0 0 0 0 0 0 0 0 0 0 0 0 0 1.1918e+10 2.59789e+11 2.46558e+12 1.42866e+13 5.81921e+13 1.7957e+14 4.39705e+14 8.86405e+14 1.50074e+15 2.16505e+15 2.68448e+15 2.8851e+15 0 0 0 0 0 0 0 0 0 0 0 0 0 0 0 0 0 0 0 0 0 0 0 0 0 0 0 0 0 0 0 0 
0 0 0 0 0 0 0 0 0 0 0 0 0 0 0 0 0 0 0 0 0 9.17076e+08 3.54071e+10 4.53715e+11 3.1771e+12 1.47829e+13 5.04164e+13 1.33218e+14 2.83893e+14 5.00848e+14 7.42844e+14 9.39837e+14 1.01379e+15 0 0 0 0 0 0 0 0 0 0 0 0 0 0 0 0 0 0 0 0 0 0 0 0 0 0 0 0 0 0 0 0 
0 0 0 0 0 0 0 0 0 0 0 0 0 0 0 0 0 0 0 0 0 0 3.64242e+09 7.12083e+10 6.22501e+11 3.35976e+12 1.27573e+13 3.66387e+13 8.29738e+13 1.52724e+14 2.3363e+14 3.00013e+14 3.26217e+14 0 0 0 0 0 0 0 0 0 0 0 0 0 0 0 0 0 0 0 0 0 0 0 0 0 0 0 0 0 0 0 0 
0 0 0 0 0 0 0 0 0 0 0 0 0 0 0 0 0 0 0 0 0 0 3.20796e+08 9.44655e+09 1.0755e+11 6.85994e+11 2.93563e+12 9.18041e+12 2.2198e+13 4.2812e+13 6.75826e+13 8.82712e+13 9.64965e+13 0 0 0 0 0 0 0 0 0 0 0 0 0 0 0 0 0 0 0 0 0 0 0 0 0 0 0 0 0 0 0 0 
0 0 0 0 0 0 0 0 0 0 0 0 0 0 0 0 0 0 0 0 0 0 0 9.6297e+08 1.6253e+10 1.26301e+11 6.15321e+11 2.11333e+12 5.46086e+12 1.10917e+13 1.80457e+13 2.40853e+13 2.6461e+13 0 0 0 0 0 0 0 0 0 0 0 0 0 0 0 0 0 0 0 0 0 0 0 0 0 0 0 0 0 0 0 0 
0 0 0 0 0 0 0 0 0 0 0 0 0 0 0 0 0 0 0 0 0 0 0 1.03853e+08 2.18123e+09 2.08847e+10 1.17912e+11 4.49181e+11 1.24521e+12 2.65833e+12 4.49688e+12 6.11355e+12 6.78086e+12 0 0 0 0 0 0 0 0 0 0 0 0 0 0 0 0 0 0 0 0 0 0 0 0 0 0 0 0 0 0 0 0 
0 0 0 0 0 0 0 0 0 0 0 0 0 0 0 0 0 0 0 0 0 0 0 0 2.23961e+08 3.15202e+09 2.09328e+10 8.85874e+10 2.66082e+11 5.97134e+11 1.04866e+12 1.45404e+12 1.62215e+12 0 0 0 0 0 0 0 0 0 0 0 0 0 0 0 0 0 0 0 0 0 0 0 0 0 0 0 0 0 0 0 0 
0 0 0 0 0 0 0 0 0 0 0 0 0 0 0 0 0 0 0 0 0 0 0 0 3.1232e+07 4.43965e+08 3.40691e+09 1.64016e+10 5.34952e+10 1.26697e+11 2.30163e+11 3.2712e+11 3.68168e+11 0 0 0 0 0 0 0 0 0 0 0 0 0 0 0 0 0 0 0 0 0 0 0 0 0 0 0 0 0 0 0 0 
0 0 0 0 0 0 0 0 0 0 0 0 0 0 0 0 0 0 0 0 0 0 0 0 0 4.55461e+07 5.34158e+08 2.88548e+09 1.01835e+10 2.58317e+10 4.8367e+10 7.05037e+10 7.92783e+10 0 0 0 0 0 0 0 0 0 0 0 0 0 0 0 0 0 0 0 0 0 0 0 0 0 0 0 0 0 0 0 0 
0 0 0 0 0 0 0 0 0 0 0 0 0 0 0 0 0 0 0 0 0 0 0 0 0 8.5186e+06 8.06079e+07 4.74822e+08 1.8852e+09 5.0367e+09 9.89146e+09 1.46275e+10 1.6652e+10 0 0 0 0 0 0 0 0 0 0 0 0 0 0 0 0 0 0 0 0 0 0 0 0 0 0 0 0 0 0 0 0 
0 0 0 0 0 0 0 0 0 0 0 0 0 0 0 0 0 0 0 0 0 0 0 0 0 0 7.84001e+06 8.07449e+07 3.37878e+08 9.5101e+08 1.97243e+09 2.95385e+09 3.41703e+09 0 0 0 0 0 0 0 0 0 0 0 0 0 0 0 0 0 0 0 0 0 0 0 0 0 0 0 0 0 0 0 0 
0 0 0 0 0 0 0 0 0 0 0 0 0 0 0 0 0 0 0 0 0 0 0 0 0 0 2.05659e+06 1.28365e+07 5.62366e+07 1.84567e+08 3.79563e+08 5.98062e+08 6.86399e+08 0 0 0 0 0 0 0 0 0 0 0 0 0 0 0 0 0 0 0 0 0 0 0 0 0 0 0 0 0 0 0 0 
0 0 0 0 0 0 0 0 0 0 0 0 0 0 0 0 0 0 0 0 0 0 0 0 0 0 0 1.08666e+06 1.08562e+07 3.27343e+07 7.35066e+07 1.18946e+08 1.35687e+08 0 0 0 0 0 0 0 0 0 0 0 0 0 0 0 0 0 0 0 0 0 0 0 0 0 0 0 0 0 0 0 0 
0 0 0 0 0 0 0 0 0 0 0 0 0 0 0 0 0 0 0 0 0 0 0 0 0 0 0 425659 1.69047e+06 5.57198e+06 1.51253e+07 2.20933e+07 2.85412e+07 0 0 0 0 0 0 0 0 0 0 0 0 0 0 0 0 0 0 0 0 0 0 0 0 0 0 0 0 0 0 0 0 
0 0 0 0 0 0 0 0 0 0 0 0 0 0 0 0 0 0 0 0 0 0 0 0 0 0 0 0 112301 1.25322e+06 2.41138e+06 4.68735e+06 5.15787e+06 0 0 0 0 0 0 0 0 0 0 0 0 0 0 0 0 0 0 0 0 0 0 0 0 0 0 0 0 0 0 0 0 
0 0 0 0 0 0 0 0 0 0 0 0 0 0 0 0 0 0 0 0 0 0 0 0 0 0 0 0 73007.5 169996 458367 958021 933348 0 0 0 0 0 0 0 0 0 0 0 0 0 0 0 0 0 0 0 0 0 0 0 0 0 0 0 0 0 0 0 0 
0 0 0 0 0 0 0 0 0 0 0 0 0 0 0 0 0 0 0 0 0 0 0 0 0 0 0 0 0 7658.01 116905 111393 240004 0 0 0 0 0 0 0 0 0 0 0 0 0 0 0 0 0 0 0 0 0 0 0 0 0 0 0 0 0 0 0 0 
0 0 0 0 0 0 0 0 0 0 0 0 0 0 0 0 0 0 0 0 0 0 0 0 0 0 0 0 0 9860.97 11443.8 32216.2 37285 0 0 0 0 0 0 0 0 0 0 0 0 0 0 0 0 0 0 0 0 0 0 0 0 0 0 0 0 0 0 0 0 
0 0 0 0 0 0 0 0 0 0 0 0 0 0 0 0 0 0 0 0 0 0 0 0 0 0 0 0 0 0 255.527 7656.03 2051.17 0 0 0 0 0 0 0 0 0 0 0 0 0 0 0 0 0 0 0 0 0 0 0 0 0 0 0 0 0 0 0 0 
0 0 0 0 0 0 0 0 0 0 0 0 0 0 0 0 0 0 0 0 0 0 0 0 0 0 0 0 0 0 979.865 381.29 1898.46 0 0 0 0 0 0 0 0 0 0 0 0 0 0 0 0 0 0 0 0 0 0 0 0 0 0 0 0 0 0 0 0 
0 0 0 0 0 0 0 0 0 0 0 0 0 0 0 0 0 0 0 0 0 0 0 0 0 0 0 0 0 0 0 0 254.923 0 0 0 0 0 0 0 0 0 0 0 0 0 0 0 0 0 0 0 0 0 0 0 0 0 0 0 0 0 0 0 0 
0 0 0 0 0 0 0 0 0 0 0 0 0 0 0 0 0 0 0 0 0 0 0 0 0 0 0 0 0 0 0 63.2171 0 0 0 0 0 0 0 0 0 0 0 0 0 0 0 0 0 0 0 0 0 0 0 0 0 0 0 0 0 0 0 0 0 
0 0 0 0 0 0 0 0 0 0 0 0 0 0 0 0 0 0 0 0 0 0 0 0 0 0 0 0 0 0 0 0 0 0 0 0 0 0 0 0 0 0 0 0 0 0 0 0 0 0 0 0 0 0 0 0 0 0 0 0 0 0 0 0 0 
0 0 0 0 0 0 0 0 0 0 0 0 0 0 0 0 0 0 0 0 0 0 0 0 0 0 0 0 0 0 0 0 1.97553 0 0 0 0 0 0 0 0 0 0 0 0 0 0 0 0 0 0 0 0 0 0 0 0 0 0 0 0 0 0 0 0 
