1 0 0 0 0 0 0 0 0 0 0 0 0 0 0 0 0 0 0 0 0 0 0 0 0 0 0 0 0 0 0 0 0 0 0 0 0 0 0 0 0 0 0 0 0 0 0 0 0 0 0 0 0 0 0 0 0 0 0 0 0 0 0 0 1 
0 0 0 0 0 0 0 0 0 0 0 0 0 0 0 0 0 0 0 0 0 0 0 0 0 0 0 0 0 0 0 0 0 0 0 0 0 0 0 0 0 0 0 0 0 0 0 0 0 0 0 0 0 0 0 0 0 0 0 0 0 0 0 0 0 
0 64 0 0 0 0 0 0 0 0 0 0 0 0 0 0 0 0 0 0 0 0 0 0 0 0 0 0 0 0 0 0 0 0 0 0 0 0 0 0 0 0 0 0 0 0 0 0 0 0 0 0 0 0 0 0 0 0 0 0 0 0 0 0 0 
0 0 128 0 0 0 0 0 0 0 0 0 0 0 0 0 0 0 0 0 0 0 0 0 0 0 0 0 0 0 0 0 0 0 0 0 0 0 0 0 0 0 0 0 0 0 0 0 0 0 0 0 0 0 0 0 0 0 0 0 0 0 0 0 0 
0 0 1888 383.401 64.0916 0 0 0 0 0 0 0 0 0 0 0 0 0 0 0 0 0 0 0 0 0 0 0 0 0 0 0 0 0 0 0 0 0 0 0 0 0 0 0 0 0 0 0 0 0 0 0 0 0 0 0 0 0 0 0 0 0 0 0 0 
0 0 0 7169.2 1155.75 513.054 129.081 0 0 0 0 0 0 0 0 0 0 0 0 0 0 0 0 0 0 0 0 0 0 0 0 0 0 0 0 0 0 0 0 0 0 0 0 0 0 0 0 0 0 0 0 0 0 0 0 0 0 0 0 0 0 0 0 0 0 
0 0 0 34111.4 27339.9 6833.17 2564.77 1416.53 386.566 64.8497 0 0 0 0 0 0 0 0 0 0 0 0 0 0 0 0 0 0 0 0 0 0 0 0 0 0 0 0 0 0 0 0 0 0 0 0 0 0 0 0 0 0 0 0 0 0 0 0 0 0 0 0 0 0 0 
0 0 0 0 183645 97528.6 42930.2 16947.2 8733.87 4619.73 1930.5 513.207 129.277 0 0 0 0 0 0 0 0 0 0 0 0 0 0 0 0 0 0 0 0 0 0 0 0 0 0 0 0 0 0 0 0 0 0 0 0 0 0 0 0 0 0 0 0 0 0 0 0 0 0 0 0 
0 0 0 0 423172 829219 412217 223757 121077 59408.4 33676 19834 9636.8 4397.97 1394.85 387.686 80.7276 0 0 0 0 0 0 0 15.543 0 0 0 0 0 0 0 16.0507 0 0 0 0 0 0 0 0 0 0 0 0 0 0 0 0 0 0 0 0 0 0 0 0 0 0 0 0 0 0 0 0 
0 0 0 0 0 2.86004e+06 3.32554e+06 1.9818e+06 1.14366e+06 719673 425707 253407 155366 95204.3 56396.6 29744 13979.2 5900.96 2138.86 730.573 369.767 252.829 243.07 252.916 0 263.136 264.36 255.385 253.897 249.77 265.593 255.174 0 0 0 0 0 0 0 0 0 0 0 0 0 0 0 0 0 0 0 0 0 0 0 0 0 0 0 0 0 0 0 0 0 
0 0 0 0 0 3.83038e+06 1.46042e+07 1.35197e+07 9.38074e+06 6.11244e+06 4.02996e+06 2.68622e+06 1.79779e+06 1.17039e+06 777444 509419 328946 206763 122487 68385.5 37172.7 21902.4 13965.3 10667.4 11622.4 10001.5 9472.28 9364.1 9299.02 9474.89 9439.29 9632.75 11269.8 0 0 0 0 0 0 0 0 0 0 0 0 0 0 0 0 0 0 0 0 0 0 0 0 0 0 0 0 0 0 0 0 
0 0 0 0 0 0 3.03394e+07 6.37373e+07 5.74798e+07 4.32647e+07 3.15508e+07 2.24367e+07 1.5892e+07 1.15001e+07 8.19494e+06 5.84641e+06 4.202e+06 2.94934e+06 2.09448e+06 1.47082e+06 1.02324e+06 717470 498772 371179 285587 251281 235672 226106 219620 220723 216266 213739 205960 0 0 0 0 0 0 0 0 0 0 0 0 0 0 0 0 0 0 0 0 0 0 0 0 0 0 0 0 0 0 0 0 
0 0 0 0 0 0 2.62474e+07 1.69453e+08 2.63012e+08 2.46423e+08 1.99512e+08 1.55961e+08 1.19686e+08 9.08422e+07 6.92631e+07 5.27986e+07 4.02846e+07 3.06184e+07 2.34097e+07 1.79568e+07 1.37802e+07 1.06646e+07 8.4368e+06 6.68471e+06 5.54282e+06 4.65438e+06 4.04265e+06 3.66758e+06 3.45045e+06 3.289e+06 3.22271e+06 3.19505e+06 3.22097e+06 0 0 0 0 0 0 0 0 0 0 0 0 0 0 0 0 0 0 0 0 0 0 0 0 0 0 0 0 0 0 0 0 
0 0 0 0 0 0 0 2.32709e+08 7.85158e+08 1.06688e+09 1.04154e+09 9.02962e+08 7.51095e+08 6.08993e+08 4.91944e+08 3.95072e+08 3.169e+08 2.55508e+08 2.06331e+08 1.66599e+08 1.35666e+08 1.10755e+08 9.14628e+07 7.64965e+07 6.52575e+07 5.71922e+07 5.05034e+07 4.60095e+07 4.2501e+07 4.01517e+07 3.88386e+07 3.7809e+07 3.75818e+07 0 0 0 0 0 0 0 0 0 0 0 0 0 0 0 0 0 0 0 0 0 0 0 0 0 0 0 0 0 0 0 0 
0 0 0 0 0 0 0 1.39573e+08 1.38417e+09 3.30216e+09 4.27824e+09 4.34082e+09 3.98316e+09 3.49351e+09 2.98846e+09 2.52981e+09 2.13033e+09 1.78699e+09 1.5098e+09 1.27421e+09 1.08009e+09 9.21971e+08 7.94062e+08 6.8606e+08 6.01996e+08 5.35556e+08 4.83802e+08 4.43114e+08 4.11983e+08 3.93509e+08 3.78268e+08 3.714e+08 3.71442e+08 0 0 0 0 0 0 0 0 0 0 0 0 0 0 0 0 0 0 0 0 0 0 0 0 0 0 0 0 0 0 0 0 
0 0 0 0 0 0 0 0 1.34014e+09 6.67189e+09 1.31392e+10 1.68277e+10 1.77344e+10 1.70726e+10 1.56692e+10 1.40398e+10 1.24252e+10 1.0891e+10 9.52885e+09 8.37176e+09 7.35684e+09 6.45815e+09 5.6929e+09 5.10547e+09 4.59778e+09 4.17012e+09 3.84282e+09 3.56474e+09 3.35931e+09 3.20846e+09 3.09891e+09 3.03384e+09 3.01852e+09 0 0 0 0 0 0 0 0 0 0 0 0 0 0 0 0 0 0 0 0 0 0 0 0 0 0 0 0 0 0 0 0 
0 0 0 0 0 0 0 0 5.85553e+08 8.31341e+09 2.83938e+10 5.03467e+10 6.45538e+10 7.04585e+10 7.07303e+10 6.78447e+10 6.32847e+10 5.80699e+10 5.30193e+10 4.80444e+10 4.34942e+10 3.94538e+10 3.59212e+10 3.27662e+10 3.00853e+10 2.79917e+10 2.61082e+10 2.45525e+10 2.33743e+10 2.24983e+10 2.18923e+10 2.15614e+10 2.1475e+10 0 0 0 0 0 0 0 0 0 0 0 0 0 0 0 0 0 0 0 0 0 0 0 0 0 0 0 0 0 0 0 0 
0 0 0 0 0 0 0 0 0 5.92697e+09 4.09428e+10 1.11345e+11 1.86308e+11 2.41416e+11 2.71888e+11 2.83767e+11 2.82185e+11 2.73314e+11 2.59612e+11 2.44679e+11 2.29188e+11 2.1379e+11 1.99546e+11 1.86334e+11 1.74971e+11 1.64931e+11 1.56425e+11 1.49076e+11 1.43555e+11 1.38971e+11 1.36136e+11 1.33853e+11 1.32966e+11 0 0 0 0 0 0 0 0 0 0 0 0 0 0 0 0 0 0 0 0 0 0 0 0 0 0 0 0 0 0 0 0 
0 0 0 0 0 0 0 0 0 1.96269e+09 3.76538e+10 1.74354e+11 4.11631e+11 6.65814e+11 8.72623e+11 1.01307e+12 1.09356e+12 1.127e+12 1.12472e+12 1.10513e+12 1.07272e+12 1.03085e+12 9.86518e+11 9.45598e+11 9.04711e+11 8.69579e+11 8.33816e+11 8.08574e+11 7.85097e+11 7.62405e+11 7.53335e+11 7.4475e+11 7.40865e+11 0 0 0 0 0 0 0 0 0 0 0 0 0 0 0 0 0 0 0 0 0 0 0 0 0 0 0 0 0 0 0 0 
0 0 0 0 0 0 0 0 0 0 2.04874e+10 1.86608e+11 6.70512e+11 1.44533e+12 2.29864e+12 3.05387e+12 3.63714e+12 4.04001e+12 4.29349e+12 4.41457e+12 4.45202e+12 4.43494e+12 4.37792e+12 4.28426e+12 4.19805e+12 4.09018e+12 4.00112e+12 3.9147e+12 3.83361e+12 3.78951e+12 3.73957e+12 3.71558e+12 3.70979e+12 0 0 0 0 0 0 0 0 0 0 0 0 0 0 0 0 0 0 0 0 0 0 0 0 0 0 0 0 0 0 0 0 
0 0 0 0 0 0 0 0 0 0 5.3008e+09 1.31058e+11 7.86132e+11 2.38721e+12 4.83751e+12 7.6239e+12 1.02666e+13 1.25158e+13 1.42953e+13 1.55956e+13 1.64669e+13 1.70527e+13 1.7357e+13 1.74701e+13 1.74902e+13 1.74147e+13 1.73371e+13 1.71535e+13 1.70271e+13 1.68879e+13 1.68342e+13 1.67386e+13 1.67619e+13 0 0 0 0 0 0 0 0 0 0 0 0 0 0 0 0 0 0 0 0 0 0 0 0 0 0 0 0 0 0 0 0 
0 0 0 0 0 0 0 0 0 0 0 5.60312e+10 6.44279e+11 2.94126e+12 7.9498e+12 1.54401e+13 2.42498e+13 3.30908e+13 4.11529e+13 4.80917e+13 5.37652e+13 5.80896e+13 6.1356e+13 6.39044e+13 6.55728e+13 6.66795e+13 6.73316e+13 6.78546e+13 6.81534e+13 6.82565e+13 6.83099e+13 6.83164e+13 6.83542e+13 0 0 0 0 0 0 0 0 0 0 0 0 0 0 0 0 0 0 0 0 0 0 0 0 0 0 0 0 0 0 0 0 
0 0 0 0 0 0 0 0 0 0 0 1.15995e+10 3.5526e+11 2.65385e+12 1.00354e+13 2.49383e+13 4.70111e+13 7.37012e+13 1.01881e+14 1.29027e+14 1.53732e+14 1.75157e+14 1.93568e+14 2.08269e+14 2.20136e+14 2.29293e+14 2.36547e+14 2.42158e+14 2.46209e+14 2.48919e+14 2.51049e+14 2.5245e+14 2.52866e+14 0 0 0 0 0 0 0 0 0 0 0 0 0 0 0 0 0 0 0 0 0 0 0 0 0 0 0 0 0 0 0 0 
0 0 0 0 0 0 0 0 0 0 0 0 1.22239e+11 1.70728e+12 9.56821e+12 3.1577e+13 7.37184e+13 1.35969e+14 2.12913e+14 2.97474e+14 3.82931e+14 4.64333e+14 5.38111e+14 6.0426e+14 6.60492e+14 7.08709e+14 7.47688e+14 7.78984e+14 8.03549e+14 8.22456e+14 8.353e+14 8.40309e+14 8.44803e+14 0 0 0 0 0 0 0 0 0 0 0 0 0 0 0 0 0 0 0 0 0 0 0 0 0 0 0 0 0 0 0 0 
0 0 0 0 0 0 0 0 0 0 0 0 2.06955e+10 7.58884e+11 6.79055e+12 3.09935e+13 9.23026e+13 2.05425e+14 3.72491e+14 5.83362e+14 8.22237e+14 1.07224e+15 1.31891e+15 1.55138e+15 1.76469e+15 1.9502e+15 2.11154e+15 2.24737e+15 2.35817e+15 2.4417e+15 2.49852e+15 2.53777e+15 2.54893e+15 0 0 0 0 0 0 0 0 0 0 0 0 0 0 0 0 0 0 0 0 0 0 0 0 0 0 0 0 0 0 0 0 
0 0 0 0 0 0 0 0 0 0 0 0 0 2.13845e+11 3.51995e+12 2.33793e+13 9.15397e+13 2.51524e+14 5.38872e+14 9.62923e+14 1.50602e+15 2.13636e+15 2.81454e+15 3.49786e+15 4.159e+15 4.78065e+15 5.32912e+15 5.80699e+15 6.18918e+15 6.4964e+15 6.72153e+15 6.84975e+15 6.89216e+15 0 0 0 0 0 0 0 0 0 0 0 0 0 0 0 0 0 0 0 0 0 0 0 0 0 0 0 0 0 0 0 0 
0 0 0 0 0 0 0 0 0 0 0 0 0 3.02213e+10 1.28286e+12 1.33436e+13 7.13021e+13 2.48139e+14 6.38826e+14 1.32442e+15 2.3361e+15 3.64456e+15 5.18833e+15 6.8766e+15 8.60711e+15 1.02921e+16 1.18824e+16 1.33036e+16 1.45058e+16 1.54766e+16 1.61725e+16 1.66186e+16 1.6744e+16 0 0 0 0 0 0 0 0 0 0 0 0 0 0 0 0 0 0 0 0 0 0 0 0 0 0 0 0 0 0 0 0 
0 0 0 0 0 0 0 0 0 0 0 0 0 0 3.02062e+11 5.67794e+12 4.33159e+13 1.95709e+14 6.19018e+14 1.51066e+15 3.0426e+15 5.29216e+15 8.21429e+15 1.16971e+16 1.55324e+16 1.94898e+16 2.3392e+16 2.69798e+16 3.02001e+16 3.27481e+16 3.46804e+16 3.58575e+16 3.62707e+16 0 0 0 0 0 0 0 0 0 0 0 0 0 0 0 0 0 0 0 0 0 0 0 0 0 0 0 0 0 0 0 0 
0 0 0 0 0 0 0 0 0 0 0 0 0 0 3.62609e+10 1.72865e+12 2.0307e+13 1.23203e+14 4.87737e+14 1.42311e+15 3.31034e+15 6.48609e+15 1.1119e+16 1.71294e+16 2.43038e+16 3.21977e+16 4.03044e+16 4.81753e+16 5.52399e+16 6.12901e+16 6.58137e+16 6.85721e+16 6.95219e+16 0 0 0 0 0 0 0 0 0 0 0 0 0 0 0 0 0 0 0 0 0 0 0 0 0 0 0 0 0 0 0 0 
0 0 0 0 0 0 0 0 0 0 0 0 0 0 0 3.45361e+11 7.20793e+12 6.14132e+13 3.11216e+14 1.10457e+15 3.00882e+15 6.70751e+15 1.27787e+16 2.15203e+16 3.27831e+16 4.61408e+16 6.05845e+16 7.52747e+16 8.90272e+16 1.00908e+17 1.10103e+17 1.15805e+17 1.1781e+17 0 0 0 0 0 0 0 0 0 0 0 0 0 0 0 0 0 0 0 0 0 0 0 0 0 0 0 0 0 0 0 0 
0 0 0 0 0 0 0 0 0 0 0 0 0 0 0 3.58804e+10 1.86404e+12 2.40365e+13 1.61059e+14 7.0565e+14 2.27902e+15 5.83353e+15 1.24727e+16 2.30965e+16 3.80758e+16 5.70585e+16 7.91527e+16 1.02546e+17 1.25451e+17 1.45733e+17 1.61612e+17 1.71942e+17 1.7543e+17 0 0 0 0 0 0 0 0 0 0 0 0 0 0 0 0 0 0 0 0 0 0 0 0 0 0 0 0 0 0 0 0 
0 0 0 0 0 0 0 0 0 0 0 0 0 0 0 0 3.21239e+11 7.25226e+12 6.71009e+13 3.71265e+14 1.43891e+15 4.27138e+15 1.03219e+16 2.11548e+16 3.79615e+16 6.10013e+16 8.95042e+16 1.21454e+17 1.5405e+17 1.83886e+17 2.07863e+17 2.23482e+17 2.28819e+17 0 0 0 0 0 0 0 0 0 0 0 0 0 0 0 0 0 0 0 0 0 0 0 0 0 0 0 0 0 0 0 0 
0 0 0 0 0 0 0 0 0 0 0 0 0 0 0 0 2.94309e+10 1.61582e+12 2.22955e+13 1.6048e+14 7.57786e+14 2.63662e+15 7.24571e+15 1.65593e+16 3.24905e+16 5.62846e+16 8.76522e+16 1.2483e+17 1.64497e+17 2.02383e+17 2.33735e+17 2.54024e+17 2.61283e+17 0 0 0 0 0 0 0 0 0 0 0 0 0 0 0 0 0 0 0 0 0 0 0 0 0 0 0 0 0 0 0 0 
0 0 0 0 0 0 0 0 0 0 0 0 0 0 0 0 0 2.43875e+11 5.79658e+12 5.67599e+13 3.33737e+14 1.37578e+15 4.34141e+15 1.10759e+16 2.38973e+16 4.4713e+16 7.43453e+16 1.11652e+17 1.53172e+17 1.94218e+17 2.28939e+17 2.52604e+17 2.60719e+17 0 0 0 0 0 0 0 0 0 0 0 0 0 0 0 0 0 0 0 0 0 0 0 0 0 0 0 0 0 0 0 0 
0 0 0 0 0 0 0 0 0 0 0 0 0 0 0 0 0 2.01199e+10 1.12954e+12 1.62521e+13 1.22499e+14 6.0757e+14 2.219e+15 6.39077e+15 1.51855e+16 3.08418e+16 5.47885e+16 8.67718e+16 1.2444e+17 1.62805e+17 1.96457e+17 2.1927e+17 2.27451e+17 0 0 0 0 0 0 0 0 0 0 0 0 0 0 0 0 0 0 0 0 0 0 0 0 0 0 0 0 0 0 0 0 
0 0 0 0 0 0 0 0 0 0 0 0 0 0 0 0 0 0 1.51941e+11 3.6952e+12 3.73602e+13 2.27365e+14 9.71607e+14 3.1723e+15 8.35152e+15 1.84624e+16 3.51683e+16 5.89599e+16 8.82328e+16 1.19574e+17 1.47593e+17 1.67154e+17 1.7421e+17 0 0 0 0 0 0 0 0 0 0 0 0 0 0 0 0 0 0 0 0 0 0 0 0 0 0 0 0 0 0 0 0 
0 0 0 0 0 0 0 0 0 0 0 0 0 0 0 0 0 0 1.15622e+10 6.40495e+11 9.36562e+12 7.20838e+13 3.65071e+14 1.36413e+15 4.00472e+15 9.6532e+15 1.97571e+16 3.50563e+16 5.50138e+16 7.71333e+16 9.75617e+16 1.12081e+17 1.17371e+17 0 0 0 0 0 0 0 0 0 0 0 0 0 0 0 0 0 0 0 0 0 0 0 0 0 0 0 0 0 0 0 0 
0 0 0 0 0 0 0 0 0 0 0 0 0 0 0 0 0 0 0 7.80077e+10 1.8889e+12 1.92076e+13 1.1793e+14 5.08842e+14 1.67472e+15 4.42897e+15 9.76293e+15 1.84228e+16 3.02457e+16 4.3945e+16 5.70344e+16 6.65143e+16 6.99509e+16 0 0 0 0 0 0 0 0 0 0 0 0 0 0 0 0 0 0 0 0 0 0 0 0 0 0 0 0 0 0 0 0 
0 0 0 0 0 0 0 0 0 0 0 0 0 0 0 0 0 0 0 5.67448e+09 2.96388e+11 4.27825e+12 3.27591e+13 1.65368e+14 6.14885e+14 1.79257e+15 4.26738e+15 8.5644e+15 1.47812e+16 2.22591e+16 2.96285e+16 3.5039e+16 3.70291e+16 0 0 0 0 0 0 0 0 0 0 0 0 0 0 0 0 0 0 0 0 0 0 0 0 0 0 0 0 0 0 0 0 
0 0 0 0 0 0 0 0 0 0 0 0 0 0 0 0 0 0 0 0 3.32395e+10 7.77974e+11 7.75947e+12 4.68309e+13 1.9878e+14 6.42157e+14 1.65882e+15 3.54233e+15 6.43155e+15 1.00659e+16 1.37367e+16 1.65144e+16 1.7553e+16 0 0 0 0 0 0 0 0 0 0 0 0 0 0 0 0 0 0 0 0 0 0 0 0 0 0 0 0 0 0 0 0 
0 0 0 0 0 0 0 0 0 0 0 0 0 0 0 0 0 0 0 0 2.41903e+09 1.12477e+11 1.55533e+12 1.15636e+13 5.66822e+13 2.04336e+14 5.76262e+14 1.31662e+15 2.51174e+15 4.0822e+15 5.73092e+15 6.99674e+15 7.48087e+15 0 0 0 0 0 0 0 0 0 0 0 0 0 0 0 0 0 0 0 0 0 0 0 0 0 0 0 0 0 0 0 0 
0 0 0 0 0 0 0 0 0 0 0 0 0 0 0 0 0 0 0 0 0 1.19095e+10 2.60179e+11 2.46805e+12 1.43058e+13 5.82215e+13 1.79346e+14 4.40267e+14 8.86732e+14 1.50004e+15 2.16426e+15 2.68741e+15 2.88241e+15 0 0 0 0 0 0 0 0 0 0 0 0 0 0 0 0 0 0 0 0 0 0 0 0 0 0 0 0 0 0 0 0 
0 0 0 0 0 0 0 0 0 0 0 0 0 0 0 0 0 0 0 0 0 9.20289e+08 3.55118e+10 4.54392e+11 3.181e+12 1.47877e+13 5.03754e+13 1.3313e+14 2.84059e+14 5.00819e+14 7.41981e+14 9.37404e+14 1.01192e+15 0 0 0 0 0 0 0 0 0 0 0 0 0 0 0 0 0 0 0 0 0 0 0 0 0 0 0 0 0 0 0 0 
0 0 0 0 0 0 0 0 0 0 0 0 0 0 0 0 0 0 0 0 0 0 3.63836e+09 7.12782e+10 6.24518e+11 3.36266e+12 1.2761e+13 3.66167e+13 8.29299e+13 1.52734e+14 2.33617e+14 2.99756e+14 3.25805e+14 0 0 0 0 0 0 0 0 0 0 0 0 0 0 0 0 0 0 0 0 0 0 0 0 0 0 0 0 0 0 0 0 
0 0 0 0 0 0 0 0 0 0 0 0 0 0 0 0 0 0 0 0 0 0 3.22092e+08 9.45977e+09 1.07568e+11 6.89063e+11 2.93933e+12 9.19326e+12 2.21681e+13 4.28005e+13 6.74943e+13 8.8241e+13 9.6463e+13 0 0 0 0 0 0 0 0 0 0 0 0 0 0 0 0 0 0 0 0 0 0 0 0 0 0 0 0 0 0 0 0 
0 0 0 0 0 0 0 0 0 0 0 0 0 0 0 0 0 0 0 0 0 0 0 9.62058e+08 1.62726e+10 1.26704e+11 6.15772e+11 2.11173e+12 5.46411e+12 1.10857e+13 1.80265e+13 2.40578e+13 2.64097e+13 0 0 0 0 0 0 0 0 0 0 0 0 0 0 0 0 0 0 0 0 0 0 0 0 0 0 0 0 0 0 0 0 
0 0 0 0 0 0 0 0 0 0 0 0 0 0 0 0 0 0 0 0 0 0 0 1.04864e+08 2.17803e+09 2.0942e+10 1.1853e+11 4.4859e+11 1.24623e+12 2.6596e+12 4.49047e+12 6.09116e+12 6.7636e+12 0 0 0 0 0 0 0 0 0 0 0 0 0 0 0 0 0 0 0 0 0 0 0 0 0 0 0 0 0 0 0 0 
0 0 0 0 0 0 0 0 0 0 0 0 0 0 0 0 0 0 0 0 0 0 0 0 2.23307e+08 3.15685e+09 2.0925e+10 8.87056e+10 2.65333e+11 5.9976e+11 1.0474e+12 1.45409e+12 1.61837e+12 0 0 0 0 0 0 0 0 0 0 0 0 0 0 0 0 0 0 0 0 0 0 0 0 0 0 0 0 0 0 0 0 
0 0 0 0 0 0 0 0 0 0 0 0 0 0 0 0 0 0 0 0 0 0 0 0 3.14243e+07 4.43433e+08 3.41612e+09 1.64523e+10 5.34445e+10 1.26967e+11 2.31072e+11 3.27322e+11 3.67566e+11 0 0 0 0 0 0 0 0 0 0 0 0 0 0 0 0 0 0 0 0 0 0 0 0 0 0 0 0 0 0 0 0 
0 0 0 0 0 0 0 0 0 0 0 0 0 0 0 0 0 0 0 0 0 0 0 0 0 4.53487e+07 5.35831e+08 2.88853e+09 1.01694e+10 2.5747e+10 4.86562e+10 7.0589e+10 7.98318e+10 0 0 0 0 0 0 0 0 0 0 0 0 0 0 0 0 0 0 0 0 0 0 0 0 0 0 0 0 0 0 0 0 
0 0 0 0 0 0 0 0 0 0 0 0 0 0 0 0 0 0 0 0 0 0 0 0 0 8.59498e+06 8.07406e+07 4.75208e+08 1.89329e+09 5.02576e+09 9.86327e+09 1.46355e+10 1.66707e+10 0 0 0 0 0 0 0 0 0 0 0 0 0 0 0 0 0 0 0 0 0 0 0 0 0 0 0 0 0 0 0 0 
0 0 0 0 0 0 0 0 0 0 0 0 0 0 0 0 0 0 0 0 0 0 0 0 0 0 7.83837e+06 8.06875e+07 3.36829e+08 9.5123e+08 1.9712e+09 2.96719e+09 3.42291e+09 0 0 0 0 0 0 0 0 0 0 0 0 0 0 0 0 0 0 0 0 0 0 0 0 0 0 0 0 0 0 0 0 
0 0 0 0 0 0 0 0 0 0 0 0 0 0 0 0 0 0 0 0 0 0 0 0 0 0 2.07458e+06 1.28377e+07 5.61398e+07 1.84424e+08 3.79451e+08 5.98403e+08 6.82912e+08 0 0 0 0 0 0 0 0 0 0 0 0 0 0 0 0 0 0 0 0 0 0 0 0 0 0 0 0 0 0 0 0 
0 0 0 0 0 0 0 0 0 0 0 0 0 0 0 0 0 0 0 0 0 0 0 0 0 0 0 1.0886e+06 1.08186e+07 3.26395e+07 7.34539e+07 1.19682e+08 1.3613e+08 0 0 0 0 0 0 0 0 0 0 0 0 0 0 0 0 0 0 0 0 0 0 0 0 0 0 0 0 0 0 0 0 
0 0 0 0 0 0 0 0 0 0 0 0 0 0 0 0 0 0 0 0 0 0 0 0 0 0 0 428898 1.69104e+06 5.55733e+06 1.51409e+07 2.21765e+07 2.85315e+07 0 0 0 0 0 0 0 0 0 0 0 0 0 0 0 0 0 0 0 0 0 0 0 0 0 0 0 0 0 0 0 0 
0 0 0 0 0 0 0 0 0 0 0 0 0 0 0 0 0 0 0 0 0 0 0 0 0 0 0 0 112578 1.24858e+06 2.40469e+06 4.67832e+06 5.18088e+06 0 0 0 0 0 0 0 0 0 0 0 0 0 0 0 0 0 0 0 0 0 0 0 0 0 0 0 0 0 0 0 0 
0 0 0 0 0 0 0 0 0 0 0 0 0 0 0 0 0 0 0 0 0 0 0 0 0 0 0 0 73424.1 170076 457918 964045 934201 0 0 0 0 0 0 0 0 0 0 0 0 0 0 0 0 0 0 0 0 0 0 0 0 0 0 0 0 0 0 0 0 
0 0 0 0 0 0 0 0 0 0 0 0 0 0 0 0 0 0 0 0 0 0 0 0 0 0 0 0 0 7652.76 116433 111036 239228 0 0 0 0 0 0 0 0 0 0 0 0 0 0 0 0 0 0 0 0 0 0 0 0 0 0 0 0 0 0 0 0 
0 0 0 0 0 0 0 0 0 0 0 0 0 0 0 0 0 0 0 0 0 0 0 0 0 0 0 0 0 9930.57 11466.4 32247.5 37588.3 0 0 0 0 0 0 0 0 0 0 0 0 0 0 0 0 0 0 0 0 0 0 0 0 0 0 0 0 0 0 0 0 
0 0 0 0 0 0 0 0 0 0 0 0 0 0 0 0 0 0 0 0 0 0 0 0 0 0 0 0 0 0 255.518 7625.04 2034.3 0 0 0 0 0 0 0 0 0 0 0 0 0 0 0 0 0 0 0 0 0 0 0 0 0 0 0 0 0 0 0 0 
0 0 0 0 0 0 0 0 0 0 0 0 0 0 0 0 0 0 0 0 0 0 0 0 0 0 0 0 0 0 986.751 382.027 1904.64 0 0 0 0 0 0 0 0 0 0 0 0 0 0 0 0 0 0 0 0 0 0 0 0 0 0 0 0 0 0 0 0 
0 0 0 0 0 0 0 0 0 0 0 0 0 0 0 0 0 0 0 0 0 0 0 0 0 0 0 0 0 0 0 0 253.997 0 0 0 0 0 0 0 0 0 0 0 0 0 0 0 0 0 0 0 0 0 0 0 0 0 0 0 0 0 0 0 0 
0 0 0 0 0 0 0 0 0 0 0 0 0 0 0 0 0 0 0 0 0 0 0 0 0 0 0 0 0 0 0 63.6613 0 0 0 0 0 0 0 0 0 0 0 0 0 0 0 0 0 0 0 0 0 0 0 0 0 0 0 0 0 0 0 0 0 
0 0 0 0 0 0 0 0 0 0 0 0 0 0 0 0 0 0 0 0 0 0 0 0 0 0 0 0 0 0 0 0 0 0 0 0 0 0 0 0 0 0 0 0 0 0 0 0 0 0 0 0 0 0 0 0 0 0 0 0 0 0 0 0 0 
0 0 0 0 0 0 0 0 0 0 0 0 0 0 0 0 0 0 0 0 0 0 0 0 0 0 0 0 0 0 0 0 1.98942 0 0 0 0 0 0 0 0 0 0 0 0 0 0 0 0 0 0 0 0 0 0 0 0 0 0 0 0 0 0 0 0 
