1 0 0 0 0 0 0 0 0 0 0 0 0 0 0 0 1 
0 0 0 0 0 0 0 0 0 0 0 0 0 0 0 0 0 
0 16 0 0 0 0 0 0 0 0 0 0 0 0 0 0 0 
0 0 32 0 0 0 0 0 0 0 0 0 0 0 0 0 0 
0 0 88 96.0645 24.0161 0 0 0 7.89251 0 0 0 0 0 0 0 0 
0 0 0 255.871 255.124 191.865 96.0699 63.1401 0 0 0 0 0 0 0 0 0 
0 0 0 208.065 737.319 687.328 705.907 628.103 767.096 0 0 0 0 0 0 0 0 
0 0 0 0 575.925 1664.86 1824.63 1922.68 1600.57 0 0 0 0 0 0 0 0 
0 0 0 0 227.615 1248.42 2921.4 3669.3 4352.93 0 0 0 0 0 0 0 0 
0 0 0 0 0 447.93 1571.61 3136.36 3273.47 0 0 0 0 0 0 0 0 
0 0 0 0 0 127.593 768.006 1396.76 2103.01 0 0 0 0 0 0 0 0 
0 0 0 0 0 0 64.4852 512.152 580.963 0 0 0 0 0 0 0 0 
0 0 0 0 0 0 55.8921 95.5406 118.387 0 0 0 0 0 0 0 0 
0 0 0 0 0 0 0 0 63.6872 0 0 0 0 0 0 0 0 
0 0 0 0 0 0 0 15.9692 0 0 0 0 0 0 0 0 0 
0 0 0 0 0 0 0 0 0 0 0 0 0 0 0 0 0 
0 0 0 0 0 0 0 0 1.99615 0 0 0 0 0 0 0 0 
