1 0 0 0 0 0 0 0 0 0 0 0 0 0 0 0 1 
0 0 0 0 0 0 0 0 0 0 0 0 0 0 0 0 0 
0 16 0 0 0 0 0 0 0 0 0 0 0 0 0 0 0 
0 0 32 0 0 0 0 0 0 0 0 0 0 0 0 0 0 
0 0 88 96.6121 24.153 0 0 0 7.95195 0 0 0 0 0 0 0 0 
0 0 0 254.776 257.101 192.601 96.201 63.6156 0 0 0 0 0 0 0 0 0 
0 0 0 208.612 734.437 689.309 706.121 625.79 771.873 0 0 0 0 0 0 0 0 
0 0 0 0 575.211 1660.81 1821.54 1913.09 1595.49 0 0 0 0 0 0 0 0 
0 0 0 0 229.098 1249.26 2927.23 3688.85 4359.95 0 0 0 0 0 0 0 0 
0 0 0 0 0 446.812 1569.41 3135.55 3253.09 0 0 0 0 0 0 0 0 
0 0 0 0 0 129.207 766.473 1387.78 2120.32 0 0 0 0 0 0 0 0 
0 0 0 0 0 0 64.0847 513.416 575.972 0 0 0 0 0 0 0 0 
0 0 0 0 0 0 56.9425 95.6387 119.44 0 0 0 0 0 0 0 0 
0 0 0 0 0 0 0 0 63.8762 0 0 0 0 0 0 0 0 
0 0 0 0 0 0 0 16.2693 0 0 0 0 0 0 0 0 0 
0 0 0 0 0 0 0 0 0 0 0 0 0 0 0 0 0 
0 0 0 0 0 0 0 0 2.03366 0 0 0 0 0 0 0 0 
