1 0 0 0 0 0 0 0 0 0 0 0 0 0 0 0 1 
0 0 0 0 0 0 0 0 0 0 0 0 0 0 0 0 0 
0 16 0 0 0 0 0 0 0 0 0 0 0 0 0 0 0 
0 0 32 0 0 0 0 0 0 0 0 0 0 0 0 0 0 
0 0 88 95.504 23.876 0 0 0 8.10192 0 0 0 0 0 0 0 0 
0 0 0 256.992 255.84 190.892 95.4729 64.8154 0 0 0 0 0 0 0 0 0 
0 0 0 207.504 737.158 689.112 705.282 618.551 771.192 0 0 0 0 0 0 0 0 
0 0 0 0 574.662 1665.76 1823.56 1929.2 1600.14 0 0 0 0 0 0 0 0 
0 0 0 0 228.465 1245.57 2927.38 3680.49 4353.42 0 0 0 0 0 0 0 0 
0 0 0 0 0 448.664 1567.83 3123.14 3257.65 0 0 0 0 0 0 0 0 
0 0 0 0 0 128.001 768.481 1402.28 2115.68 0 0 0 0 0 0 0 0 
0 0 0 0 0 0 64.2159 508.916 577.189 0 0 0 0 0 0 0 0 
0 0 0 0 0 0 55.7763 96.6704 120.714 0 0 0 0 0 0 0 0 
0 0 0 0 0 0 0 0 63.9111 0 0 0 0 0 0 0 0 
0 0 0 0 0 0 0 15.9361 0 0 0 0 0 0 0 0 0 
0 0 0 0 0 0 0 0 0 0 0 0 0 0 0 0 0 
0 0 0 0 0 0 0 0 1.99201 0 0 0 0 0 0 0 0 
