1 0 0 0 0 0 0 0 0 0 0 0 0 0 0 0 1 
0 0 0 0 0 0 0 0 0 0 0 0 0 0 0 0 0 
0 16 0 0 0 0 0 0 0 0 0 0 0 0 0 0 0 
0 0 32 0 0 0 0 0 0 0 0 0 0 0 0 0 0 
0 0 88 96.2106 24.0527 0 0 0 8.09476 0 0 0 0 0 0 0 0 
0 0 0 255.579 255.687 193.649 96.226 64.7581 0 0 0 0 0 0 0 0 0 
0 0 0 208.211 736.709 687.754 708.914 623.714 768.569 0 0 0 0 0 0 0 0 
0 0 0 0 575.311 1660.43 1818.71 1919.99 1599.01 0 0 0 0 0 0 0 0 
0 0 0 0 228.241 1249 2923.94 3679.38 4357.18 0 0 0 0 0 0 0 0 
0 0 0 0 0 449.463 1570.78 3130.19 3255.14 0 0 0 0 0 0 0 0 
0 0 0 0 0 127.711 769.559 1401.63 2123.43 0 0 0 0 0 0 0 0 
0 0 0 0 0 0 64.1618 508.968 575.212 0 0 0 0 0 0 0 0 
0 0 0 0 0 0 55.709 95.4602 117.898 0 0 0 0 0 0 0 0 
0 0 0 0 0 0 0 0 63.475 0 0 0 0 0 0 0 0 
0 0 0 0 0 0 0 15.9169 0 0 0 0 0 0 0 0 0 
0 0 0 0 0 0 0 0 0 0 0 0 0 0 0 0 0 
0 0 0 0 0 0 0 0 1.98961 0 0 0 0 0 0 0 0 
