1 0 0 0 0 0 0 0 0 0 0 0 0 0 0 0 1 
0 0 0 0 0 0 0 0 0 0 0 0 0 0 0 0 0 
0 16 0 0 0 0 0 0 0 0 0 0 0 0 0 0 0 
0 0 32 0 0 0 0 0 0 0 0 0 0 0 0 0 0 
0 0 88 95.9323 23.9831 0 0 0 8.06605 0 0 0 0 0 0 0 0 
0 0 0 256.135 256.779 192.03 95.8019 64.5284 0 0 0 0 0 0 0 0 0 
0 0 0 207.932 735.323 689.77 708.776 627.399 769.338 0 0 0 0 0 0 0 0 
0 0 0 0 575.084 1661.74 1818.68 1919.12 1603.39 0 0 0 0 0 0 0 0 
0 0 0 0 228.83 1248.68 2930.62 3680.81 4348.04 0 0 0 0 0 0 0 0 
0 0 0 0 0 446.197 1561.86 3122.82 3261.28 0 0 0 0 0 0 0 0 
0 0 0 0 0 129.584 771.281 1400.16 2119.89 0 0 0 0 0 0 0 0 
0 0 0 0 0 0 64.6842 512.475 574.681 0 0 0 0 0 0 0 0 
0 0 0 0 0 0 56.2911 96.6099 119.367 0 0 0 0 0 0 0 0 
0 0 0 0 0 0 0 0 63.9355 0 0 0 0 0 0 0 0 
0 0 0 0 0 0 0 16.0832 0 0 0 0 0 0 0 0 0 
0 0 0 0 0 0 0 0 0 0 0 0 0 0 0 0 0 
0 0 0 0 0 0 0 0 2.0104 0 0 0 0 0 0 0 0 
