1 0 0 0 0 0 0 0 0 0 0 0 0 0 0 0 1 
0 0 0 0 0 0 0 0 0 0 0 0 0 0 0 0 0 
0 16 0 0 0 0 0 0 0 0 0 0 0 0 0 0 0 
0 0 32 0 0 0 0 0 0 0 0 0 0 0 0 0 0 
0 0 88 96.0933 24.0233 0 0 0 7.92383 0 0 0 0 0 0 0 0 
0 0 0 255.813 257.141 194.385 96.4409 63.3906 0 0 0 0 0 0 0 0 0 
0 0 0 208.093 733.918 686.599 704.783 626.557 772.939 0 0 0 0 0 0 0 0 
0 0 0 0 576.649 1660.92 1823.73 1923.15 1598.28 0 0 0 0 0 0 0 0 
0 0 0 0 228.269 1249.51 2928.59 3677.34 4356.13 0 0 0 0 0 0 0 0 
0 0 0 0 0 447.915 1563.68 3128.85 3256.47 0 0 0 0 0 0 0 0 
0 0 0 0 0 128.677 769.556 1393.31 2110.49 0 0 0 0 0 0 0 0 
0 0 0 0 0 0 65.0611 514.707 581.008 0 0 0 0 0 0 0 0 
0 0 0 0 0 0 56.1619 96.6408 120.452 0 0 0 0 0 0 0 0 
0 0 0 0 0 0 0 0 64.3075 0 0 0 0 0 0 0 0 
0 0 0 0 0 0 0 16.0463 0 0 0 0 0 0 0 0 0 
0 0 0 0 0 0 0 0 0 0 0 0 0 0 0 0 0 
0 0 0 0 0 0 0 0 2.00578 0 0 0 0 0 0 0 0 
