1 0 0 0 0 0 0 0 0 0 0 0 0 0 0 0 1 
0 0 0 0 0 0 0 0 0 0 0 0 0 0 0 0 0 
0 16 0 0 0 0 0 0 0 0 0 0 0 0 0 0 0 
0 0 32 0 0 0 0 0 0 0 0 0 0 0 0 0 0 
0 0 88 95.8939 23.9735 0 0 0 7.91887 0 0 0 0 0 0 0 0 
0 0 0 256.212 255.459 190.852 95.4887 63.3509 0 0 0 0 0 0 0 0 0 
0 0 0 207.894 737.092 686.282 704.21 625.879 769.951 0 0 0 0 0 0 0 0 
0 0 0 0 575.544 1668.34 1822.83 1924.03 1594.1 0 0 0 0 0 0 0 0 
0 0 0 0 227.931 1246.96 2927.68 3667.78 4363.18 0 0 0 0 0 0 0 0 
0 0 0 0 0 449.672 1572.6 3140.99 3264.04 0 0 0 0 0 0 0 0 
0 0 0 0 0 125.892 765.514 1395.66 2103.99 0 0 0 0 0 0 0 0 
0 0 0 0 0 0 64.598 511.156 581.041 0 0 0 0 0 0 0 0 
0 0 0 0 0 0 55.0722 95.414 120.282 0 0 0 0 0 0 0 0 
0 0 0 0 0 0 0 0 63.534 0 0 0 0 0 0 0 0 
0 0 0 0 0 0 0 15.7349 0 0 0 0 0 0 0 0 0 
0 0 0 0 0 0 0 0 0 0 0 0 0 0 0 0 0 
0 0 0 0 0 0 0 0 1.96686 0 0 0 0 0 0 0 0 
