1 0 0 0 0 0 0 0 0 0 0 0 0 0 0 0 1 
0 0 0 0 0 0 0 0 0 0 0 0 0 0 0 0 0 
0 16 0 0 0 0 0 0 0 0 0 0 0 0 0 0 0 
0 0 32 0 0 0 0 0 0 0 0 0 0 0 0 0 0 
0 0 88 96.1637 24.0409 0 0 0 8.19181 0 0 0 0 0 0 0 0 
0 0 0 255.673 256.48 192.191 96.1208 65.5345 0 0 0 0 0 0 0 0 0 
0 0 0 208.164 735.257 684.634 703.306 623.772 767.941 0 0 0 0 0 0 0 0 
0 0 0 0 575.882 1671.46 1827.07 1918.72 1606.92 0 0 0 0 0 0 0 0 
0 0 0 0 228.34 1243.16 2925.35 3679.83 4344.69 0 0 0 0 0 0 0 0 
0 0 0 0 0 447.814 1566.12 3136.2 3267.52 0 0 0 0 0 0 0 0 
0 0 0 0 0 128.743 769.977 1389.95 2112.25 0 0 0 0 0 0 0 0 
0 0 0 0 0 0 64.243 513.09 574.809 0 0 0 0 0 0 0 0 
0 0 0 0 0 0 55.8091 96.9575 121.194 0 0 0 0 0 0 0 0 
0 0 0 0 0 0 0 0 64.479 0 0 0 0 0 0 0 0 
0 0 0 0 0 0 0 15.9455 0 0 0 0 0 0 0 0 0 
0 0 0 0 0 0 0 0 0 0 0 0 0 0 0 0 0 
0 0 0 0 0 0 0 0 1.99318 0 0 0 0 0 0 0 0 
