1 0 0 0 0 0 0 0 0 0 0 0 0 0 0 0 1 
0 0 0 0 0 0 0 0 0 0 0 0 0 0 0 0 0 
0 16 0 0 0 0 0 0 0 0 0 0 0 0 0 0 0 
0 0 32 0 0 0 0 0 0 0 0 0 0 0 0 0 0 
0 0 88 95.7856 23.9464 0 0 0 8.00205 0 0 0 0 0 0 0 0 
0 0 0 256.429 256.04 191.561 96.4367 64.0164 0 0 0 0 0 0 0 0 0 
0 0 0 207.786 734.696 687.783 703.284 621.161 765.989 0 0 0 0 0 0 0 0 
0 0 0 0 578.701 1665.5 1821.16 1925.19 1602.35 0 0 0 0 0 0 0 0 
0 0 0 0 226.616 1246.62 2934.38 3680.37 4353.29 0 0 0 0 0 0 0 0 
0 0 0 0 0 449.307 1563.76 3130.27 3268.23 0 0 0 0 0 0 0 0 
0 0 0 0 0 127.224 769.514 1395.74 2112.36 0 0 0 0 0 0 0 0 
0 0 0 0 0 0 63.6109 511.132 574.14 0 0 0 0 0 0 0 0 
0 0 0 0 0 0 55.8529 96.1637 119.196 0 0 0 0 0 0 0 0 
0 0 0 0 0 0 0 0 64.4448 0 0 0 0 0 0 0 0 
0 0 0 0 0 0 0 15.958 0 0 0 0 0 0 0 0 0 
0 0 0 0 0 0 0 0 0 0 0 0 0 0 0 0 0 
0 0 0 0 0 0 0 0 1.99475 0 0 0 0 0 0 0 0 
