1 0 0 0 0 0 0 0 0 0 0 0 0 0 0 0 1 
0 0 0 0 0 0 0 0 0 0 0 0 0 0 0 0 0 
0 16 0 0 0 0 0 0 0 0 0 0 0 0 0 0 0 
0 0 32 0 0 0 0 0 0 0 0 0 0 0 0 0 0 
0 0 88 95.9413 23.9853 0 0 0 7.96206 0 0 0 0 0 0 0 0 
0 0 0 256.117 256.256 192.239 96.5626 63.6965 0 0 0 0 0 0 0 0 0 
0 0 0 207.941 735.582 688.824 702.615 624.019 769.066 0 0 0 0 0 0 0 0 
0 0 0 0 576.128 1662.07 1821.73 1917.93 1603.76 0 0 0 0 0 0 0 0 
0 0 0 0 228.049 1249.85 2934.62 3682.31 4344.44 0 0 0 0 0 0 0 0 
0 0 0 0 0 445.596 1565.86 3137.26 3271.97 0 0 0 0 0 0 0 0 
0 0 0 0 0 129.419 765.571 1392.78 2110.07 0 0 0 0 0 0 0 0 
0 0 0 0 0 0 64.5089 510.11 577.024 0 0 0 0 0 0 0 0 
0 0 0 0 0 0 56.5293 95.7506 120.013 0 0 0 0 0 0 0 0 
0 0 0 0 0 0 0 0 63.672 0 0 0 0 0 0 0 0 
0 0 0 0 0 0 0 16.1512 0 0 0 0 0 0 0 0 0 
0 0 0 0 0 0 0 0 0 0 0 0 0 0 0 0 0 
0 0 0 0 0 0 0 0 2.0189 0 0 0 0 0 0 0 0 
