1 0 0 0 0 0 0 0 0 0 0 0 0 0 0 0 1 
0 0 0 0 0 0 0 0 0 0 0 0 0 0 0 0 0 
0 16 0 0 0 0 0 0 0 0 0 0 0 0 0 0 0 
0 0 32 0 0 0 0 0 0 0 0 0 0 0 0 0 0 
0 0 88 96.2406 24.0601 0 0 0 7.97406 0 0 0 0 0 0 0 0 
0 0 0 255.519 256.611 192.602 95.8678 63.7925 0 0 0 0 0 0 0 0 0 
0 0 0 208.241 734.456 685.999 704.041 624.734 762.209 0 0 0 0 0 0 0 0 
0 0 0 0 577.014 1665.82 1824.15 1920.86 1615.19 0 0 0 0 0 0 0 0 
0 0 0 0 227.859 1247.73 2925.97 3679.06 4344.41 0 0 0 0 0 0 0 0 
0 0 0 0 0 448.062 1572.21 3133.26 3263.23 0 0 0 0 0 0 0 0 
0 0 0 0 0 127.784 765.935 1394.22 2114.32 0 0 0 0 0 0 0 0 
0 0 0 0 0 0 63.5759 512.465 578.517 0 0 0 0 0 0 0 0 
0 0 0 0 0 0 56.2569 95.5418 118.677 0 0 0 0 0 0 0 0 
0 0 0 0 0 0 0 0 63.4581 0 0 0 0 0 0 0 0 
0 0 0 0 0 0 0 16.0734 0 0 0 0 0 0 0 0 0 
0 0 0 0 0 0 0 0 0 0 0 0 0 0 0 0 0 
0 0 0 0 0 0 0 0 2.00918 0 0 0 0 0 0 0 0 
