1 0 0 0 0 0 0 0 0 0 0 0 0 0 0 0 1 
0 0 0 0 0 0 0 0 0 0 0 0 0 0 0 0 0 
0 16 0 0 0 0 0 0 0 0 0 0 0 0 0 0 0 
0 0 32 0 0 0 0 0 0 0 0 0 0 0 0 0 0 
0 0 88 95.759 23.9397 0 0 0 7.82571 0 0 0 0 0 0 0 0 
0 0 0 256.482 256.246 192.031 95.9278 62.6056 0 0 0 0 0 0 0 0 0 
0 0 0 207.759 734.903 689.749 708.07 628.21 768.437 0 0 0 0 0 0 0 0 
0 0 0 0 577.698 1658.81 1823.63 1911.31 1601.93 0 0 0 0 0 0 0 0 
0 0 0 0 227.214 1251.97 2918.3 3696.85 4353.14 0 0 0 0 0 0 0 0 
0 0 0 0 0 448.489 1571.77 3123.83 3270.52 0 0 0 0 0 0 0 0 
0 0 0 0 0 126.954 770.391 1388.17 2100.11 0 0 0 0 0 0 0 0 
0 0 0 0 0 0 64.6647 516.308 580.833 0 0 0 0 0 0 0 0 
0 0 0 0 0 0 55.2522 96.9356 121.036 0 0 0 0 0 0 0 0 
0 0 0 0 0 0 0 0 64.1898 0 0 0 0 0 0 0 0 
0 0 0 0 0 0 0 15.7863 0 0 0 0 0 0 0 0 0 
0 0 0 0 0 0 0 0 0 0 0 0 0 0 0 0 0 
0 0 0 0 0 0 0 0 1.97329 0 0 0 0 0 0 0 0 
