1 0 0 0 0 0 0 0 0 0 0 0 0 0 0 0 0 
0 0 0 0 0 0 0 0 0 0 0 0 0 0 0 0 0 
0 16 0 0 0 0 0 0 0 0 0 0 0 0 0 0 0 
0 0 32 0 0 0 0 0 0 0 0 0 0 0 0 0 0 
0 0 88 96.0484 24.0121 0 0 0 8.03641 0 0 0 0 0 0 0 0 
0 0 0 255.903 256.15 191.66 95.7753 64.2913 0 0 0 0 0 0 0 0 0 
0 0 0 208.048 735.363 687.578 704.136 623.016 767.25 0 0 0 0 0 0 0 0 
0 0 0 0 576.776 1665.25 1823.2 1921.54 1599.91 0 0 0 0 0 0 0 0 
0 0 0 0 227.699 1247.45 2929.72 3677.61 4356.3 0 0 0 0 0 0 0 0 
0 0 0 0 0 448.736 1566.79 3136.66 3264.24 0 0 0 0 0 0 0 0 
0 0 0 0 0 127.326 768.777 1394.37 2114.14 0 0 0 0 0 0 0 0 
0 0 0 0 0 0 63.9438 510.806 574.273 0 0 0 0 0 0 0 0 
0 0 0 0 0 0 55.6562 95.8045 120.026 0 0 0 0 0 0 0 0 
0 0 0 0 0 0 0 0 63.8414 0 0 0 0 0 0 0 0 
0 0 0 0 0 0 0 15.9018 0 0 0 0 0 0 0 0 0 
0 0 0 0 0 0 0 0 0 0 0 0 0 0 0 0 0 
0 0 0 0 0 0 0 0 1.98772 0 0 0 0 0 0 0 0 
