1 0 0 0 0 0 0 0 0 0 0 0 0 0 0 0 0 
0 0 0 0 0 0 0 0 0 0 0 0 0 0 0 0 0 
0 16 0 0 0 0 0 0 0 0 0 0 0 0 0 0 0 
0 0 32 0 0 0 0 0 0 0 0 0 0 0 0 0 0 
0 0 88 95.9903 23.9976 0 0 0 7.99043 0 0 0 0 0 0 0 0 
0 0 0 256.019 255.823 191.872 95.8906 63.9234 0 0 0 0 0 0 0 0 0 
0 0 0 207.99 736.349 688.096 703.972 623.543 767.932 0 0 0 0 0 0 0 0 
0 0 0 0 575.844 1663.89 1822.24 1920.1 1600.57 0 0 0 0 0 0 0 0 
0 0 0 0 227.987 1248.6 2932.06 3681.26 4354.05 0 0 0 0 0 0 0 0 
0 0 0 0 0 447.384 1566.03 3136.77 3266.86 0 0 0 0 0 0 0 0 
0 0 0 0 0 128.156 767.633 1389.35 2110.45 0 0 0 0 0 0 0 0 
0 0 0 0 0 0 64.1281 512.757 576.13 0 0 0 0 0 0 0 0 
0 0 0 0 0 0 56.0427 96.2876 119.822 0 0 0 0 0 0 0 0 
0 0 0 0 0 0 0 0 64.1894 0 0 0 0 0 0 0 0 
0 0 0 0 0 0 0 16.0122 0 0 0 0 0 0 0 0 0 
0 0 0 0 0 0 0 0 0 0 0 0 0 0 0 0 0 
0 0 0 0 0 0 0 0 2.00152 0 0 0 0 0 0 0 0 
