1 0 0 0 0 0 0 0 0 0 0 0 0 0 0 0 0 
0 0 0 0 0 0 0 0 0 0 0 0 0 0 0 0 0 
0 16 0 0 0 0 0 0 0 0 0 0 0 0 0 0 0 
0 0 32 0 0 0 0 0 0 0 0 0 0 0 0 0 0 
0 0 88 96.0971 24.0243 0 0 0 8.04339 0 0 0 0 0 0 0 0 
0 0 0 255.806 256.088 191.864 96.3144 64.3471 0 0 0 0 0 0 0 0 0 
0 0 0 208.097 736.003 687.797 702.494 623.369 767.769 0 0 0 0 0 0 0 0 
0 0 0 0 575.634 1664.82 1825.2 1918.21 1599.53 0 0 0 0 0 0 0 0 
0 0 0 0 228.251 1247.42 2928.39 3682.38 4355.83 0 0 0 0 0 0 0 0 
0 0 0 0 0 448.189 1567.92 3136.87 3265.02 0 0 0 0 0 0 0 0 
0 0 0 0 0 127.908 767.929 1391.42 2112.84 0 0 0 0 0 0 0 0 
0 0 0 0 0 0 63.6575 511.378 575.295 0 0 0 0 0 0 0 0 
0 0 0 0 0 0 56.0947 95.9968 119.705 0 0 0 0 0 0 0 0 
0 0 0 0 0 0 0 0 63.9623 0 0 0 0 0 0 0 0 
0 0 0 0 0 0 0 16.0271 0 0 0 0 0 0 0 0 0 
0 0 0 0 0 0 0 0 0 0 0 0 0 0 0 0 0 
0 0 0 0 0 0 0 0 2.00338 0 0 0 0 0 0 0 0 
