1 0 0 0 0 0 0 0 0 0 0 0 0 0 0 0 0 
0 0 0 0 0 0 0 0 0 0 0 0 0 0 0 0 0 
0 16 0 0 0 0 0 0 0 0 0 0 0 0 0 0 0 
0 0 32 0 0 0 0 0 0 0 0 0 0 0 0 0 0 
0 0 88 95.9868 23.9967 0 0 0 7.95773 0 0 0 0 0 0 0 0 
0 0 0 256.026 255.656 192.207 96.1455 63.6618 0 0 0 0 0 0 0 0 0 
0 0 0 207.987 736.693 688.536 704.353 624.474 767.561 0 0 0 0 0 0 0 0 
0 0 0 0 575.658 1662.57 1823.81 1920.64 1599.96 0 0 0 0 0 0 0 0 
0 0 0 0 227.996 1248.72 2927.63 3679.49 4357.24 0 0 0 0 0 0 0 0 
0 0 0 0 0 447.685 1567.58 3134.53 3264.16 0 0 0 0 0 0 0 0 
0 0 0 0 0 128.288 768.146 1393.68 2109.81 0 0 0 0 0 0 0 0 
0 0 0 0 0 0 64.2601 511.504 577.876 0 0 0 0 0 0 0 0 
0 0 0 0 0 0 56.0754 96.0107 119.7 0 0 0 0 0 0 0 0 
0 0 0 0 0 0 0 0 63.7382 0 0 0 0 0 0 0 0 
0 0 0 0 0 0 0 16.0215 0 0 0 0 0 0 0 0 0 
0 0 0 0 0 0 0 0 0 0 0 0 0 0 0 0 0 
0 0 0 0 0 0 0 0 2.00269 0 0 0 0 0 0 0 0 
