1 0 0 0 0 0 0 0 0 0 0 0 0 0 0 0 0 
0 0 0 0 0 0 0 0 0 0 0 0 0 0 0 0 0 
0 16 0 0 0 0 0 0 0 0 0 0 0 0 0 0 0 
0 0 32 0 0 0 0 0 0 0 0 0 0 0 0 0 0 
0 0 88 96.0226 24.0057 0 0 0 7.97264 0 0 0 0 0 0 0 0 
0 0 0 255.955 255.77 192.23 96.194 63.7811 0 0 0 0 0 0 0 0 0 
0 0 0 208.023 736.822 687.465 703.939 624.403 768.911 0 0 0 0 0 0 0 0 
0 0 0 0 575.023 1664.84 1823.33 1922.92 1599.01 0 0 0 0 0 0 0 0 
0 0 0 0 228.379 1247.56 2929.97 3676.2 4354.52 0 0 0 0 0 0 0 0 
0 0 0 0 0 447.335 1566.15 3135.15 3267.52 0 0 0 0 0 0 0 0 
0 0 0 0 0 128.565 767.882 1392.99 2108.94 0 0 0 0 0 0 0 0 
0 0 0 0 0 0 64.2657 512.471 577.317 0 0 0 0 0 0 0 0 
0 0 0 0 0 0 56.2689 96.0155 119.732 0 0 0 0 0 0 0 0 
0 0 0 0 0 0 0 0 64.073 0 0 0 0 0 0 0 0 
0 0 0 0 0 0 0 16.0768 0 0 0 0 0 0 0 0 0 
0 0 0 0 0 0 0 0 0 0 0 0 0 0 0 0 0 
0 0 0 0 0 0 0 0 2.0096 0 0 0 0 0 0 0 0 
