1 0 0 0 0 0 0 0 0 0 0 0 0 0 0 0 0 
0 0 0 0 0 0 0 0 0 0 0 0 0 0 0 0 0 
0 16 0 0 0 0 0 0 0 0 0 0 0 0 0 0 0 
0 0 32 0 0 0 0 0 0 0 0 0 0 0 0 0 0 
0 0 88 95.9029 23.9757 0 0 0 7.96276 0 0 0 0 0 0 0 0 
0 0 0 256.194 256.01 192.08 96.2165 63.7021 0 0 0 0 0 0 0 0 0 
0 0 0 207.903 735.99 687.721 704.35 625.211 768.518 0 0 0 0 0 0 0 0 
0 0 0 0 576.086 1664 1822.46 1917.88 1601.11 0 0 0 0 0 0 0 0 
0 0 0 0 227.938 1248.33 2928.93 3681.24 4353.9 0 0 0 0 0 0 0 0 
0 0 0 0 0 448.064 1568.12 3137.89 3263.9 0 0 0 0 0 0 0 0 
0 0 0 0 0 127.807 767.967 1388.77 2111.97 0 0 0 0 0 0 0 0 
0 0 0 0 0 0 64.0492 513.208 576.486 0 0 0 0 0 0 0 0 
0 0 0 0 0 0 55.9022 96.1302 120.084 0 0 0 0 0 0 0 0 
0 0 0 0 0 0 0 0 64.0774 0 0 0 0 0 0 0 0 
0 0 0 0 0 0 0 15.9721 0 0 0 0 0 0 0 0 0 
0 0 0 0 0 0 0 0 0 0 0 0 0 0 0 0 0 
0 0 0 0 0 0 0 0 1.99651 0 0 0 0 0 0 0 0 
