1 0 0 0 0 0 0 0 0 0 0 0 0 0 0 0 0 
0 0 0 0 0 0 0 0 0 0 0 0 0 0 0 0 0 
0 16 0 0 0 0 0 0 0 0 0 0 0 0 0 0 0 
0 0 32 0 0 0 0 0 0 0 0 0 0 0 0 0 0 
0 0 88 96.0649 24.0162 0 0 0 8.01727 0 0 0 0 0 0 0 0 
0 0 0 255.87 255.834 192.168 95.8976 64.1382 0 0 0 0 0 0 0 0 0 
0 0 0 208.065 736.531 687.972 704.118 624.552 767.97 0 0 0 0 0 0 0 0 
0 0 0 0 575.371 1663.7 1823.55 1919.41 1600.71 0 0 0 0 0 0 0 0 
0 0 0 0 228.248 1248.06 2928.82 3677.24 4354.3 0 0 0 0 0 0 0 0 
0 0 0 0 0 448.036 1567.92 3138.77 3265.25 0 0 0 0 0 0 0 0 
0 0 0 0 0 128.057 767.646 1393.43 2112.08 0 0 0 0 0 0 0 0 
0 0 0 0 0 0 63.9252 510.61 575.325 0 0 0 0 0 0 0 0 
0 0 0 0 0 0 56.1218 95.8178 120.407 0 0 0 0 0 0 0 0 
0 0 0 0 0 0 0 0 63.9348 0 0 0 0 0 0 0 0 
0 0 0 0 0 0 0 16.0348 0 0 0 0 0 0 0 0 0 
0 0 0 0 0 0 0 0 0 0 0 0 0 0 0 0 0 
0 0 0 0 0 0 0 0 2.00435 0 0 0 0 0 0 0 0 
