1 0 0 0 0 0 0 0 0 0 0 0 0 0 0 0 0 
0 0 0 0 0 0 0 0 0 0 0 0 0 0 0 0 0 
0 16 0 0 0 0 0 0 0 0 0 0 0 0 0 0 0 
0 0 32 0 0 0 0 0 0 0 0 0 0 0 0 0 0 
0 0 88 95.8666 23.9666 0 0 0 7.97751 0 0 0 0 0 0 0 0 
0 0 0 256.267 255.777 191.811 95.7335 63.8201 0 0 0 0 0 0 0 0 0 
0 0 0 207.867 736.245 687.613 703.388 623.648 767.829 0 0 0 0 0 0 0 0 
0 0 0 0 576.313 1664.85 1825.05 1922.54 1598.94 0 0 0 0 0 0 0 0 
0 0 0 0 227.699 1248.24 2928.23 3676.69 4359.53 0 0 0 0 0 0 0 0 
0 0 0 0 0 447.451 1568.33 3136.76 3261.36 0 0 0 0 0 0 0 0 
0 0 0 0 0 128.03 767.167 1393.13 2112.66 0 0 0 0 0 0 0 0 
0 0 0 0 0 0 64.0446 511.393 574.997 0 0 0 0 0 0 0 0 
0 0 0 0 0 0 56.0575 96.0029 120.685 0 0 0 0 0 0 0 0 
0 0 0 0 0 0 0 0 64.0151 0 0 0 0 0 0 0 0 
0 0 0 0 0 0 0 16.0164 0 0 0 0 0 0 0 0 0 
0 0 0 0 0 0 0 0 0 0 0 0 0 0 0 0 0 
0 0 0 0 0 0 0 0 2.00205 0 0 0 0 0 0 0 0 
