1 0 0 0 0 0 0 0 0 0 0 0 0 0 0 0 0 
0 0 0 0 0 0 0 0 0 0 0 0 0 0 0 0 0 
0 16 0 0 0 0 0 0 0 0 0 0 0 0 0 0 0 
0 0 32 0 0 0 0 0 0 0 0 0 0 0 0 0 0 
0 0 88 96.0496 24.0124 0 0 0 8.01587 0 0 0 0 0 0 0 0 
0 0 0 255.901 255.764 192.049 95.9986 64.127 0 0 0 0 0 0 0 0 0 
0 0 0 208.05 736.512 688.386 704.392 624.044 768.924 0 0 0 0 0 0 0 0 
0 0 0 0 575.636 1663.48 1823.28 1922.1 1598.24 0 0 0 0 0 0 0 0 
0 0 0 0 228.076 1248.28 2928.01 3676.35 4356.49 0 0 0 0 0 0 0 0 
0 0 0 0 0 447.221 1569.18 3137.03 3265.81 0 0 0 0 0 0 0 0 
0 0 0 0 0 128.587 766.902 1391.82 2109.57 0 0 0 0 0 0 0 0 
0 0 0 0 0 0 63.8752 512.397 576.734 0 0 0 0 0 0 0 0 
0 0 0 0 0 0 56.3618 96.0223 120.145 0 0 0 0 0 0 0 0 
0 0 0 0 0 0 0 0 64.0654 0 0 0 0 0 0 0 0 
0 0 0 0 0 0 0 16.1034 0 0 0 0 0 0 0 0 0 
0 0 0 0 0 0 0 0 0 0 0 0 0 0 0 0 0 
0 0 0 0 0 0 0 0 2.01292 0 0 0 0 0 0 0 0 
