1 0 0 0 0 0 0 0 0 0 0 0 0 0 0 0 0 
0 0 0 0 0 0 0 0 0 0 0 0 0 0 0 0 0 
0 16 0 0 0 0 0 0 0 0 0 0 0 0 0 0 0 
0 0 32 0 0 0 0 0 0 0 0 0 0 0 0 0 0 
0 0 88 95.9675 23.9919 0 0 0 8.15065 0 0 0 0 0 0 0 0 
0 0 0 256.065 256.534 192.102 96.83 65.2052 0 0 0 0 0 0 0 0 0 
0 0 0 207.967 734.223 689.716 702.611 622.863 765.101 0 0 0 0 0 0 0 0 
0 0 0 0 577.984 1659.68 1828.29 1914.81 1604.52 0 0 0 0 0 0 0 0 
0 0 0 0 227.267 1250.56 2920.87 3691.95 4351.95 0 0 0 0 0 0 0 0 
0 0 0 0 0 448.461 1570.55 3127.99 3272.29 0 0 0 0 0 0 0 0 
0 0 0 0 0 127.479 768.944 1391.58 2104.01 0 0 0 0 0 0 0 0 
0 0 0 0 0 0 64.0636 513.353 577.054 0 0 0 0 0 0 0 0 
0 0 0 0 0 0 55.842 96.303 120.713 0 0 0 0 0 0 0 0 
0 0 0 0 0 0 0 0 64.2083 0 0 0 0 0 0 0 0 
0 0 0 0 0 0 0 15.9548 0 0 0 0 0 0 0 0 0 
0 0 0 0 0 0 0 0 0 0 0 0 0 0 0 0 0 
0 0 0 0 0 0 0 0 1.99436 0 0 0 0 0 0 0 0 
