1 0 0 0 0 0 0 0 0 0 0 0 0 0 0 0 0 
0 0 0 0 0 0 0 0 0 0 0 0 0 0 0 0 0 
0 16 0 0 0 0 0 0 0 0 0 0 0 0 0 0 0 
0 0 32 0 0 0 0 0 0 0 0 0 0 0 0 0 0 
0 0 88 96.3781 24.0945 0 0 0 8.07072 0 0 0 0 0 0 0 0 
0 0 0 255.244 257.238 191.992 96.396 64.5657 0 0 0 0 0 0 0 0 0 
0 0 0 208.378 733.914 688.602 700.076 624.552 769.672 0 0 0 0 0 0 0 0 
0 0 0 0 576.079 1663.93 1828.51 1912.09 1600.43 0 0 0 0 0 0 0 0 
0 0 0 0 228.674 1247.23 2926.4 3692.22 4347.93 0 0 0 0 0 0 0 0 
0 0 0 0 0 447.377 1572.52 3133.89 3274.72 0 0 0 0 0 0 0 0 
0 0 0 0 0 128.867 763.548 1385.37 2106.4 0 0 0 0 0 0 0 0 
0 0 0 0 0 0 63.9627 515.32 575.008 0 0 0 0 0 0 0 0 
0 0 0 0 0 0 56.5855 95.8273 121.397 0 0 0 0 0 0 0 0 
0 0 0 0 0 0 0 0 64.351 0 0 0 0 0 0 0 0 
0 0 0 0 0 0 0 16.1673 0 0 0 0 0 0 0 0 0 
0 0 0 0 0 0 0 0 0 0 0 0 0 0 0 0 0 
0 0 0 0 0 0 0 0 2.02091 0 0 0 0 0 0 0 0 
