1 0 0 0 0 0 0 0 0 0 0 0 0 0 0 0 1 
0 0 0 0 0 0 0 0 0 0 0 0 0 0 0 0 0 
0 16 0 0 0 0 0 0 0 0 0 0 0 0 0 16 0 
0 0 32.2461 0 0 0 0 0 0 0 0 0 0 0 30.4604 0 0 
0 0 87.7539 95.7744 24.1675 0 0 0 8.07421 0 0 0 23.7873 94.0995 89.5396 0 0 
0 0 0 253.845 250.476 185.849 94.6979 62.4749 0 69.1368 103.003 195.431 249.362 261.173 0 0 0 
0 0 0 210.381 735.166 681.177 680.406 623.387 767.495 624.935 716.873 671.904 746.689 204.728 0 0 0 
0 0 0 0 581.103 1659.86 1819.87 1894.9 1611.48 1948.45 1811.8 1666.86 578.083 0 0 0 0 
0 0 0 0 229.088 1259.71 2938.19 3718.82 4368.72 3623.53 2899.97 1256.11 222.079 0 0 0 0 
0 0 0 0 0 454.57 1589.63 3116.47 3211.19 3130.47 1581.64 454.054 0 0 0 0 0 
0 0 0 0 0 126.836 762.934 1405.93 2142.53 1417.82 774.581 123.64 0 0 0 0 0 
0 0 0 0 0 0 64.9501 505.349 573.049 510.361 65.0339 0 0 0 0 0 0 
0 0 0 0 0 0 57.3249 96.3921 119.7 98.6881 55.1027 0 0 0 0 0 0 
0 0 0 0 0 0 0 0 65.7619 0 0 0 0 0 0 0 0 
0 0 0 0 0 0 0 16.2782 0 16.6103 0 0 0 0 0 0 0 
0 0 0 0 0 0 0 0 0 0 0 0 0 0 0 0 0 
0 0 0 0 0 0 0 0 2.00019 0 0 0 0 0 0 0 0 
