1 0 0 0 0 0 0 0 0 0 0 0 0 0 0 0 1 
0 0 0 0 0 0 0 0 0 0 0 0 0 0 0 0 0 
0 16 0 0 0 0 0 0 0 0 0 0 0 0 0 16 0 
0 0 31.9792 0 0 0 0 0 0 0 0 0 0 0 32.1042 0 0 
0 0 88.0208 96.4877 24.0874 0 0 0 8.00915 0 0 0 24.2229 96.2254 87.8958 0 0 
0 0 0 255.558 257.076 192.658 96.1255 63.9245 0 63.9392 95.9919 193.049 256.568 256.519 0 0 0 
0 0 0 207.954 735.529 689.099 704.518 626.227 770.211 624.19 703.51 688.29 736.547 207.255 0 0 0 
0 0 0 0 575.383 1662.69 1822.33 1918.54 1596.53 1918.09 1826.56 1664.77 575.635 0 0 0 0 
0 0 0 0 227.925 1247.72 2924.41 3674.53 4357.97 3683.51 2928.25 1247.12 227.027 0 0 0 0 
0 0 0 0 0 447.735 1571.66 3136.84 3265.4 3135.83 1566.86 446.953 0 0 0 0 0 
0 0 0 0 0 128.098 768.77 1393.94 2110.31 1390.12 767.109 127.826 0 0 0 0 0 
0 0 0 0 0 0 63.8909 514.199 575.593 512.619 63.9778 0 0 0 0 0 0 
0 0 0 0 0 0 56.2908 95.7468 120.05 95.7633 55.744 0 0 0 0 0 0 
0 0 0 0 0 0 0 0 63.9189 0 0 0 0 0 0 0 0 
0 0 0 0 0 0 0 16.0516 0 15.9458 0 0 0 0 0 0 0 
0 0 0 0 0 0 0 0 0 0 0 0 0 0 0 0 0 
0 0 0 0 0 0 0 0 2.004 0 0 0 0 0 0 0 0 
