1 0 0 0 0 0 0 0 0 0 0 0 0 0 0 0 0 0 0 0 0 0 0 0 0 0 0 0 0 0 0 0 0 0 0 0 0 0 0 0 0 0 0 0 0 0 0 0 0 0 0 0 0 0 0 0 0 0 0 0 0 0 0 0 0 
0 0 0 0 0 0 0 0 0 0 0 0 0 0 0 0 0 0 0 0 0 0 0 0 0 0 0 0 0 0 0 0 0 0 0 0 0 0 0 0 0 0 0 0 0 0 0 0 0 0 0 0 0 0 0 0 0 0 0 0 0 0 0 0 0 
0 64 0 0 0 0 0 0 0 0 0 0 0 0 0 0 0 0 0 0 0 0 0 0 0 0 0 0 0 0 0 0 0 0 0 0 0 0 0 0 0 0 0 0 0 0 0 0 0 0 0 0 0 0 0 0 0 0 0 0 0 0 0 0 0 
0 0 128 0 0 0 0 0 0 0 0 0 0 0 0 0 0 0 0 0 0 0 0 0 0 0 0 0 0 0 0 0 0 0 0 0 0 0 0 0 0 0 0 0 0 0 0 0 0 0 0 0 0 0 0 0 0 0 0 0 0 0 0 0 0 
0 0 1888 373.622 62.451 0 0 0 0 0 0 0 0 0 0 0 0 0 0 0 0 0 0 0 0 0 0 0 0 0 0 0 0 0 0 0 0 0 0 0 0 0 0 0 0 0 0 0 0 0 0 0 0 0 0 0 0 0 0 0 0 0 0 0 0 
0 0 0 7188.76 1111.14 505.538 126.006 0 0 0 0 0 0 0 0 0 0 0 0 0 0 0 0 0 0 0 0 0 0 0 0 0 0 0 0 0 0 0 0 0 0 0 0 0 0 0 0 0 0 0 0 0 0 0 0 0 0 0 0 0 0 0 0 0 0 
0 0 0 34101.6 27392.7 6825.56 2644.58 1423.3 379.722 60.3143 0 0 0 0 0 0 0 0 0 0 0 0 0 0 0 0 0 0 0 0 0 0 0 0 0 0 0 0 0 0 0 0 0 0 0 0 0 0 0 0 0 0 0 0 0 0 0 0 0 0 0 0 0 0 0 
0 0 0 0 183679 97367.2 42253.7 17221.5 8294.14 4534.4 1830.8 530.868 120.805 0 0 0 0 0 0 0 0 0 0 0 0 0 0 0 0 0 0 0 0 0 0 0 0 0 0 0 0 0 0 0 0 0 0 0 0 0 0 0 0 0 0 0 0 0 0 0 0 0 0 0 0 
0 0 0 0 423130 828367 411462 219808 121201 58920 34096.3 19284.9 9498.96 4383.81 1272.26 380.887 80.4458 0 0 0 0 0 0 0 14.8797 0 0 0 0 0 0 0 15.8543 0 0 0 0 0 0 0 0 0 0 0 0 0 0 0 0 0 0 0 0 0 0 0 0 0 0 0 0 0 0 0 0 
0 0 0 0 0 2.86229e+06 3.33657e+06 1.9857e+06 1.14614e+06 718742 422696 249132 154109 94188.6 54627.5 28831.1 13686.7 5726.02 2213.69 748.587 459.987 275.747 251.025 231.038 0 249.887 264.62 239.958 234.689 247.73 259.708 281.576 0 0 0 0 0 0 0 0 0 0 0 0 0 0 0 0 0 0 0 0 0 0 0 0 0 0 0 0 0 0 0 0 0 
0 0 0 0 0 3.82915e+06 1.4574e+07 1.35536e+07 9.42024e+06 6.0796e+06 4.01525e+06 2.70704e+06 1.78862e+06 1.17378e+06 790296 504532 328989 209681 122025 67564.4 38317.8 21659.1 14024.4 10333.9 11056.8 9769.24 8836.59 8842.9 9008.84 9140.79 9052.86 9406.76 11363.8 0 0 0 0 0 0 0 0 0 0 0 0 0 0 0 0 0 0 0 0 0 0 0 0 0 0 0 0 0 0 0 0 
0 0 0 0 0 0 3.03726e+07 6.37064e+07 5.76299e+07 4.32509e+07 3.14115e+07 2.23514e+07 1.60046e+07 1.14443e+07 8.22854e+06 5.87413e+06 4.21771e+06 2.96824e+06 2.07619e+06 1.41892e+06 1.00528e+06 691068 494260 356215 284166 245761 232823 228553 221664 217689 215446 213091 207124 0 0 0 0 0 0 0 0 0 0 0 0 0 0 0 0 0 0 0 0 0 0 0 0 0 0 0 0 0 0 0 0 
0 0 0 0 0 0 2.62347e+07 1.69273e+08 2.62643e+08 2.46558e+08 2.0004e+08 1.56292e+08 1.19421e+08 9.08584e+07 6.93451e+07 5.31444e+07 4.05042e+07 3.04757e+07 2.34514e+07 1.79081e+07 1.36988e+07 1.06112e+07 8.28812e+06 6.68994e+06 5.56214e+06 4.73842e+06 4.03156e+06 3.59481e+06 3.53353e+06 3.238e+06 3.26694e+06 3.16346e+06 3.21657e+06 0 0 0 0 0 0 0 0 0 0 0 0 0 0 0 0 0 0 0 0 0 0 0 0 0 0 0 0 0 0 0 0 
0 0 0 0 0 0 0 2.3303e+08 7.84802e+08 1.06612e+09 1.03941e+09 9.07e+08 7.48228e+08 6.06652e+08 4.90807e+08 3.91082e+08 3.15168e+08 2.57805e+08 2.06441e+08 1.64799e+08 1.3599e+08 1.12459e+08 9.08264e+07 7.57402e+07 6.47392e+07 5.64475e+07 5.16504e+07 4.62157e+07 4.26288e+07 3.97462e+07 3.81136e+07 3.71534e+07 3.64778e+07 0 0 0 0 0 0 0 0 0 0 0 0 0 0 0 0 0 0 0 0 0 0 0 0 0 0 0 0 0 0 0 0 
0 0 0 0 0 0 0 1.39429e+08 1.38484e+09 3.30025e+09 4.28195e+09 4.33745e+09 3.99152e+09 3.48544e+09 2.96317e+09 2.51907e+09 2.14812e+09 1.78366e+09 1.52956e+09 1.28373e+09 1.08311e+09 9.22156e+08 7.91536e+08 6.83665e+08 6.06655e+08 5.42458e+08 4.82977e+08 4.39864e+08 4.07795e+08 3.92579e+08 3.77834e+08 3.66585e+08 3.67498e+08 0 0 0 0 0 0 0 0 0 0 0 0 0 0 0 0 0 0 0 0 0 0 0 0 0 0 0 0 0 0 0 0 
0 0 0 0 0 0 0 0 1.34034e+09 6.67805e+09 1.31435e+10 1.68008e+10 1.77227e+10 1.70311e+10 1.56831e+10 1.40095e+10 1.2374e+10 1.09113e+10 9.63195e+09 8.49636e+09 7.43132e+09 6.50393e+09 5.73529e+09 5.14193e+09 4.58364e+09 4.15912e+09 3.83479e+09 3.52059e+09 3.33664e+09 3.20057e+09 3.0806e+09 2.9712e+09 2.97831e+09 0 0 0 0 0 0 0 0 0 0 0 0 0 0 0 0 0 0 0 0 0 0 0 0 0 0 0 0 0 0 0 0 
0 0 0 0 0 0 0 0 5.85215e+08 8.30686e+09 2.83593e+10 5.03432e+10 6.43729e+10 7.0455e+10 7.07959e+10 6.78638e+10 6.3278e+10 5.81745e+10 5.32643e+10 4.87745e+10 4.3772e+10 3.94397e+10 3.60479e+10 3.27173e+10 3.04518e+10 2.78716e+10 2.61567e+10 2.45364e+10 2.31325e+10 2.21927e+10 2.15773e+10 2.12063e+10 2.11378e+10 0 0 0 0 0 0 0 0 0 0 0 0 0 0 0 0 0 0 0 0 0 0 0 0 0 0 0 0 0 0 0 0 
0 0 0 0 0 0 0 0 0 5.93257e+09 4.09905e+10 1.1145e+11 1.86978e+11 2.41093e+11 2.70808e+11 2.83261e+11 2.82163e+11 2.73638e+11 2.58913e+11 2.44277e+11 2.31673e+11 2.13683e+11 2.01259e+11 1.88055e+11 1.74296e+11 1.64161e+11 1.56256e+11 1.49573e+11 1.43364e+11 1.38193e+11 1.3464e+11 1.32048e+11 1.33311e+11 0 0 0 0 0 0 0 0 0 0 0 0 0 0 0 0 0 0 0 0 0 0 0 0 0 0 0 0 0 0 0 0 
0 0 0 0 0 0 0 0 0 1.96005e+09 3.76282e+10 1.74205e+11 4.10921e+11 6.66719e+11 8.72492e+11 1.00857e+12 1.08894e+12 1.12504e+12 1.12417e+12 1.10361e+12 1.06829e+12 1.02996e+12 9.78989e+11 9.43852e+11 9.1191e+11 8.74242e+11 8.36856e+11 8.07378e+11 7.81651e+11 7.5778e+11 7.52054e+11 7.39941e+11 7.51093e+11 0 0 0 0 0 0 0 0 0 0 0 0 0 0 0 0 0 0 0 0 0 0 0 0 0 0 0 0 0 0 0 0 
0 0 0 0 0 0 0 0 0 0 2.05022e+10 1.86718e+11 6.71079e+11 1.44314e+12 2.29831e+12 3.05644e+12 3.64304e+12 4.03539e+12 4.28241e+12 4.41896e+12 4.45017e+12 4.44581e+12 4.38442e+12 4.24466e+12 4.18088e+12 4.09356e+12 4.01776e+12 3.94118e+12 3.8844e+12 3.76924e+12 3.71649e+12 3.71853e+12 3.71472e+12 0 0 0 0 0 0 0 0 0 0 0 0 0 0 0 0 0 0 0 0 0 0 0 0 0 0 0 0 0 0 0 0 
0 0 0 0 0 0 0 0 0 0 5.2922e+09 1.31017e+11 7.85334e+11 2.38905e+12 4.84445e+12 7.62103e+12 1.02451e+13 1.2545e+13 1.42724e+13 1.55341e+13 1.64498e+13 1.69644e+13 1.72572e+13 1.74489e+13 1.73884e+13 1.73366e+13 1.71997e+13 1.71645e+13 1.70225e+13 1.69102e+13 1.68709e+13 1.68763e+13 1.68677e+13 0 0 0 0 0 0 0 0 0 0 0 0 0 0 0 0 0 0 0 0 0 0 0 0 0 0 0 0 0 0 0 0 
0 0 0 0 0 0 0 0 0 0 0 5.60556e+10 6.44739e+11 2.94278e+12 7.94156e+12 1.54773e+13 2.42369e+13 3.29462e+13 4.12499e+13 4.83478e+13 5.36674e+13 5.77955e+13 6.14453e+13 6.37034e+13 6.53032e+13 6.62965e+13 6.74714e+13 6.79897e+13 6.82276e+13 6.82532e+13 6.86667e+13 6.83308e+13 6.84212e+13 0 0 0 0 0 0 0 0 0 0 0 0 0 0 0 0 0 0 0 0 0 0 0 0 0 0 0 0 0 0 0 0 
0 0 0 0 0 0 0 0 0 0 0 1.15807e+10 3.55258e+11 2.65202e+12 1.00353e+13 2.48906e+13 4.7107e+13 7.37097e+13 1.01508e+14 1.28217e+14 1.5365e+14 1.74947e+14 1.93048e+14 2.07822e+14 2.19041e+14 2.2955e+14 2.3648e+14 2.42416e+14 2.46622e+14 2.50041e+14 2.52061e+14 2.52643e+14 2.53707e+14 0 0 0 0 0 0 0 0 0 0 0 0 0 0 0 0 0 0 0 0 0 0 0 0 0 0 0 0 0 0 0 0 
0 0 0 0 0 0 0 0 0 0 0 0 1.22281e+11 1.70715e+12 9.57121e+12 3.1581e+13 7.35326e+13 1.36108e+14 2.12787e+14 2.97512e+14 3.82317e+14 4.65528e+14 5.37525e+14 6.0237e+14 6.62531e+14 7.0871e+14 7.48783e+14 7.77311e+14 8.04779e+14 8.26479e+14 8.38989e+14 8.4543e+14 8.46379e+14 0 0 0 0 0 0 0 0 0 0 0 0 0 0 0 0 0 0 0 0 0 0 0 0 0 0 0 0 0 0 0 0 
0 0 0 0 0 0 0 0 0 0 0 0 2.06511e+10 7.59324e+11 6.79288e+12 3.10269e+13 9.25633e+13 2.05465e+14 3.73175e+14 5.82839e+14 8.20924e+14 1.07216e+15 1.31883e+15 1.55519e+15 1.76649e+15 1.95397e+15 2.12032e+15 2.25475e+15 2.35679e+15 2.43134e+15 2.50191e+15 2.54626e+15 2.55266e+15 0 0 0 0 0 0 0 0 0 0 0 0 0 0 0 0 0 0 0 0 0 0 0 0 0 0 0 0 0 0 0 0 
0 0 0 0 0 0 0 0 0 0 0 0 0 2.13712e+11 3.5191e+12 2.33401e+13 9.13817e+13 2.51674e+14 5.3902e+14 9.65698e+14 1.50814e+15 2.13126e+15 2.81263e+15 3.50154e+15 4.15427e+15 4.77704e+15 5.31849e+15 5.79768e+15 6.17536e+15 6.50159e+15 6.72729e+15 6.85578e+15 6.89604e+15 0 0 0 0 0 0 0 0 0 0 0 0 0 0 0 0 0 0 0 0 0 0 0 0 0 0 0 0 0 0 0 0 
0 0 0 0 0 0 0 0 0 0 0 0 0 3.01899e+10 1.28117e+12 1.33615e+13 7.13075e+13 2.47974e+14 6.38948e+14 1.32243e+15 2.33634e+15 3.64911e+15 5.17984e+15 6.8635e+15 8.62326e+15 1.03057e+16 1.1876e+16 1.32797e+16 1.45017e+16 1.54678e+16 1.6116e+16 1.65423e+16 1.67617e+16 0 0 0 0 0 0 0 0 0 0 0 0 0 0 0 0 0 0 0 0 0 0 0 0 0 0 0 0 0 0 0 0 
0 0 0 0 0 0 0 0 0 0 0 0 0 0 3.02235e+11 5.68178e+12 4.33335e+13 1.95576e+14 6.18923e+14 1.51244e+15 3.04149e+15 5.29729e+15 8.23805e+15 1.17011e+16 1.54996e+16 1.94724e+16 2.33852e+16 2.70608e+16 3.0236e+16 3.27795e+16 3.47649e+16 3.58586e+16 3.62895e+16 0 0 0 0 0 0 0 0 0 0 0 0 0 0 0 0 0 0 0 0 0 0 0 0 0 0 0 0 0 0 0 0 
0 0 0 0 0 0 0 0 0 0 0 0 0 0 3.62189e+10 1.72479e+12 2.03134e+13 1.23211e+14 4.86487e+14 1.42243e+15 3.31669e+15 6.47483e+15 1.11129e+16 1.71235e+16 2.43098e+16 3.21824e+16 4.03143e+16 4.81184e+16 5.5379e+16 6.1369e+16 6.58178e+16 6.87171e+16 6.94363e+16 0 0 0 0 0 0 0 0 0 0 0 0 0 0 0 0 0 0 0 0 0 0 0 0 0 0 0 0 0 0 0 0 
0 0 0 0 0 0 0 0 0 0 0 0 0 0 0 3.44939e+11 7.20041e+12 6.14996e+13 3.1188e+14 1.10343e+15 3.00111e+15 6.7138e+15 1.27664e+16 2.15687e+16 3.28162e+16 4.61391e+16 6.06595e+16 7.52538e+16 8.87838e+16 1.00783e+17 1.10083e+17 1.15825e+17 1.17921e+17 0 0 0 0 0 0 0 0 0 0 0 0 0 0 0 0 0 0 0 0 0 0 0 0 0 0 0 0 0 0 0 0 
0 0 0 0 0 0 0 0 0 0 0 0 0 0 0 3.59431e+10 1.8643e+12 2.4028e+13 1.61322e+14 7.04708e+14 2.28172e+15 5.84082e+15 1.24734e+16 2.30408e+16 3.80951e+16 5.71557e+16 7.91078e+16 1.02601e+17 1.25554e+17 1.45859e+17 1.61463e+17 1.72125e+17 1.75415e+17 0 0 0 0 0 0 0 0 0 0 0 0 0 0 0 0 0 0 0 0 0 0 0 0 0 0 0 0 0 0 0 0 
0 0 0 0 0 0 0 0 0 0 0 0 0 0 0 0 3.19391e+11 7.25149e+12 6.70341e+13 3.72453e+14 1.43904e+15 4.26192e+15 1.03348e+16 2.11605e+16 3.78779e+16 6.08825e+16 8.94009e+16 1.21408e+17 1.53795e+17 1.83945e+17 2.08233e+17 2.22809e+17 2.28776e+17 0 0 0 0 0 0 0 0 0 0 0 0 0 0 0 0 0 0 0 0 0 0 0 0 0 0 0 0 0 0 0 0 
0 0 0 0 0 0 0 0 0 0 0 0 0 0 0 0 2.94534e+10 1.61538e+12 2.22745e+13 1.60787e+14 7.5696e+14 2.63762e+15 7.24617e+15 1.65668e+16 3.25105e+16 5.62676e+16 8.76478e+16 1.24854e+17 1.64772e+17 2.01838e+17 2.33371e+17 2.54869e+17 2.61303e+17 0 0 0 0 0 0 0 0 0 0 0 0 0 0 0 0 0 0 0 0 0 0 0 0 0 0 0 0 0 0 0 0 
0 0 0 0 0 0 0 0 0 0 0 0 0 0 0 0 0 2.42163e+11 5.78707e+12 5.65726e+13 3.33861e+14 1.37786e+15 4.32979e+15 1.10952e+16 2.39298e+16 4.47793e+16 7.44165e+16 1.11582e+17 1.53279e+17 1.94615e+17 2.28991e+17 2.51831e+17 2.60841e+17 0 0 0 0 0 0 0 0 0 0 0 0 0 0 0 0 0 0 0 0 0 0 0 0 0 0 0 0 0 0 0 0 
0 0 0 0 0 0 0 0 0 0 0 0 0 0 0 0 0 2.01004e+10 1.1293e+12 1.62256e+13 1.22724e+14 6.06203e+14 2.22114e+15 6.37752e+15 1.51897e+16 3.08602e+16 5.4868e+16 8.68465e+16 1.24256e+17 1.6276e+17 1.96402e+17 2.19449e+17 2.26875e+17 0 0 0 0 0 0 0 0 0 0 0 0 0 0 0 0 0 0 0 0 0 0 0 0 0 0 0 0 0 0 0 0 
0 0 0 0 0 0 0 0 0 0 0 0 0 0 0 0 0 0 1.50838e+11 3.70181e+12 3.72741e+13 2.27942e+14 9.7431e+14 3.16927e+15 8.34968e+15 1.845e+16 3.50952e+16 5.89358e+16 8.83242e+16 1.19703e+17 1.47797e+17 1.6729e+17 1.74799e+17 0 0 0 0 0 0 0 0 0 0 0 0 0 0 0 0 0 0 0 0 0 0 0 0 0 0 0 0 0 0 0 0 
0 0 0 0 0 0 0 0 0 0 0 0 0 0 0 0 0 0 1.15793e+10 6.39357e+11 9.35734e+12 7.18161e+13 3.63773e+14 1.36531e+15 3.99202e+15 9.65411e+15 1.97787e+16 3.50815e+16 5.49012e+16 7.69864e+16 9.74785e+16 1.12101e+17 1.17091e+17 0 0 0 0 0 0 0 0 0 0 0 0 0 0 0 0 0 0 0 0 0 0 0 0 0 0 0 0 0 0 0 0 
0 0 0 0 0 0 0 0 0 0 0 0 0 0 0 0 0 0 0 7.76438e+10 1.88757e+12 1.9244e+13 1.18305e+14 5.09123e+14 1.67609e+15 4.41287e+15 9.75476e+15 1.84156e+16 3.0316e+16 4.40191e+16 5.70145e+16 6.64319e+16 7.01174e+16 0 0 0 0 0 0 0 0 0 0 0 0 0 0 0 0 0 0 0 0 0 0 0 0 0 0 0 0 0 0 0 0 
0 0 0 0 0 0 0 0 0 0 0 0 0 0 0 0 0 0 0 5.70114e+09 2.95642e+11 4.25466e+12 3.26081e+13 1.65113e+14 6.14932e+14 1.7922e+15 4.25761e+15 8.56591e+15 1.47889e+16 2.22189e+16 2.96532e+16 3.50449e+16 3.69368e+16 0 0 0 0 0 0 0 0 0 0 0 0 0 0 0 0 0 0 0 0 0 0 0 0 0 0 0 0 0 0 0 0 
0 0 0 0 0 0 0 0 0 0 0 0 0 0 0 0 0 0 0 0 3.30056e+10 7.74229e+11 7.74096e+12 4.69834e+13 1.99361e+14 6.44485e+14 1.65686e+15 3.53773e+15 6.41685e+15 1.00764e+16 1.37221e+16 1.65649e+16 1.75526e+16 0 0 0 0 0 0 0 0 0 0 0 0 0 0 0 0 0 0 0 0 0 0 0 0 0 0 0 0 0 0 0 0 
0 0 0 0 0 0 0 0 0 0 0 0 0 0 0 0 0 0 0 0 2.43989e+09 1.11992e+11 1.55103e+12 1.15032e+13 5.66645e+13 2.04538e+14 5.78137e+14 1.30911e+15 2.50831e+15 4.09243e+15 5.73986e+15 6.99347e+15 7.51139e+15 0 0 0 0 0 0 0 0 0 0 0 0 0 0 0 0 0 0 0 0 0 0 0 0 0 0 0 0 0 0 0 0 
0 0 0 0 0 0 0 0 0 0 0 0 0 0 0 0 0 0 0 0 0 1.17947e+10 2.586e+11 2.46896e+12 1.43117e+13 5.8344e+13 1.79755e+14 4.42854e+14 8.87396e+14 1.49511e+15 2.16229e+15 2.687e+15 2.89491e+15 0 0 0 0 0 0 0 0 0 0 0 0 0 0 0 0 0 0 0 0 0 0 0 0 0 0 0 0 0 0 0 0 
0 0 0 0 0 0 0 0 0 0 0 0 0 0 0 0 0 0 0 0 0 9.24183e+08 3.51991e+10 4.5223e+11 3.17066e+12 1.48238e+13 5.04427e+13 1.3383e+14 2.83958e+14 5.02057e+14 7.41615e+14 9.40446e+14 1.00714e+15 0 0 0 0 0 0 0 0 0 0 0 0 0 0 0 0 0 0 0 0 0 0 0 0 0 0 0 0 0 0 0 0 
0 0 0 0 0 0 0 0 0 0 0 0 0 0 0 0 0 0 0 0 0 0 3.58925e+09 7.11014e+10 6.24672e+11 3.36065e+12 1.28149e+13 3.65993e+13 8.34615e+13 1.52655e+14 2.34638e+14 2.98362e+14 3.2573e+14 0 0 0 0 0 0 0 0 0 0 0 0 0 0 0 0 0 0 0 0 0 0 0 0 0 0 0 0 0 0 0 0 
0 0 0 0 0 0 0 0 0 0 0 0 0 0 0 0 0 0 0 0 0 0 3.22347e+08 9.28586e+09 1.07229e+11 6.88435e+11 2.93891e+12 9.17535e+12 2.22165e+13 4.28184e+13 6.73023e+13 8.84296e+13 9.61338e+13 0 0 0 0 0 0 0 0 0 0 0 0 0 0 0 0 0 0 0 0 0 0 0 0 0 0 0 0 0 0 0 0 
0 0 0 0 0 0 0 0 0 0 0 0 0 0 0 0 0 0 0 0 0 0 0 9.54215e+08 1.60821e+10 1.27178e+11 6.13875e+11 2.12526e+12 5.44838e+12 1.10677e+13 1.80215e+13 2.41437e+13 2.65345e+13 0 0 0 0 0 0 0 0 0 0 0 0 0 0 0 0 0 0 0 0 0 0 0 0 0 0 0 0 0 0 0 0 
0 0 0 0 0 0 0 0 0 0 0 0 0 0 0 0 0 0 0 0 0 0 0 1.04728e+08 2.12736e+09 2.08164e+10 1.18724e+11 4.5279e+11 1.25271e+12 2.67033e+12 4.51333e+12 6.12822e+12 6.77291e+12 0 0 0 0 0 0 0 0 0 0 0 0 0 0 0 0 0 0 0 0 0 0 0 0 0 0 0 0 0 0 0 0 
0 0 0 0 0 0 0 0 0 0 0 0 0 0 0 0 0 0 0 0 0 0 0 0 2.2276e+08 3.11512e+09 2.09285e+10 8.8593e+10 2.67883e+11 5.97681e+11 1.04935e+12 1.45473e+12 1.62463e+12 0 0 0 0 0 0 0 0 0 0 0 0 0 0 0 0 0 0 0 0 0 0 0 0 0 0 0 0 0 0 0 0 
0 0 0 0 0 0 0 0 0 0 0 0 0 0 0 0 0 0 0 0 0 0 0 0 3.15034e+07 4.3566e+08 3.36857e+09 1.64555e+10 5.37002e+10 1.28286e+11 2.32392e+11 3.31591e+11 3.66438e+11 0 0 0 0 0 0 0 0 0 0 0 0 0 0 0 0 0 0 0 0 0 0 0 0 0 0 0 0 0 0 0 0 
0 0 0 0 0 0 0 0 0 0 0 0 0 0 0 0 0 0 0 0 0 0 0 0 0 4.52237e+07 5.28247e+08 2.86839e+09 1.01948e+10 2.60583e+10 4.87916e+10 7.09906e+10 8.06281e+10 0 0 0 0 0 0 0 0 0 0 0 0 0 0 0 0 0 0 0 0 0 0 0 0 0 0 0 0 0 0 0 0 
0 0 0 0 0 0 0 0 0 0 0 0 0 0 0 0 0 0 0 0 0 0 0 0 0 8.59715e+06 7.99048e+07 4.6752e+08 1.88544e+09 5.05125e+09 9.97782e+09 1.46979e+10 1.67365e+10 0 0 0 0 0 0 0 0 0 0 0 0 0 0 0 0 0 0 0 0 0 0 0 0 0 0 0 0 0 0 0 0 
0 0 0 0 0 0 0 0 0 0 0 0 0 0 0 0 0 0 0 0 0 0 0 0 0 0 7.85993e+06 7.92638e+07 3.35965e+08 9.603e+08 1.98701e+09 2.96704e+09 3.43006e+09 0 0 0 0 0 0 0 0 0 0 0 0 0 0 0 0 0 0 0 0 0 0 0 0 0 0 0 0 0 0 0 0 
0 0 0 0 0 0 0 0 0 0 0 0 0 0 0 0 0 0 0 0 0 0 0 0 0 0 2.08077e+06 1.26927e+07 5.53233e+07 1.83511e+08 3.80681e+08 6.01286e+08 6.92034e+08 0 0 0 0 0 0 0 0 0 0 0 0 0 0 0 0 0 0 0 0 0 0 0 0 0 0 0 0 0 0 0 0 
0 0 0 0 0 0 0 0 0 0 0 0 0 0 0 0 0 0 0 0 0 0 0 0 0 0 0 1.08496e+06 1.0624e+07 3.24197e+07 7.39553e+07 1.19993e+08 1.35614e+08 0 0 0 0 0 0 0 0 0 0 0 0 0 0 0 0 0 0 0 0 0 0 0 0 0 0 0 0 0 0 0 0 
0 0 0 0 0 0 0 0 0 0 0 0 0 0 0 0 0 0 0 0 0 0 0 0 0 0 0 430412 1.68369e+06 5.4903e+06 1.49027e+07 2.23206e+07 2.87268e+07 0 0 0 0 0 0 0 0 0 0 0 0 0 0 0 0 0 0 0 0 0 0 0 0 0 0 0 0 0 0 0 0 
0 0 0 0 0 0 0 0 0 0 0 0 0 0 0 0 0 0 0 0 0 0 0 0 0 0 0 0 112064 1.22883e+06 2.40411e+06 4.69886e+06 5.19508e+06 0 0 0 0 0 0 0 0 0 0 0 0 0 0 0 0 0 0 0 0 0 0 0 0 0 0 0 0 0 0 0 0 
0 0 0 0 0 0 0 0 0 0 0 0 0 0 0 0 0 0 0 0 0 0 0 0 0 0 0 0 73947.9 169839 447303 947358 936339 0 0 0 0 0 0 0 0 0 0 0 0 0 0 0 0 0 0 0 0 0 0 0 0 0 0 0 0 0 0 0 0 
0 0 0 0 0 0 0 0 0 0 0 0 0 0 0 0 0 0 0 0 0 0 0 0 0 0 0 0 0 7662.68 115363 110683 238962 0 0 0 0 0 0 0 0 0 0 0 0 0 0 0 0 0 0 0 0 0 0 0 0 0 0 0 0 0 0 0 0 
0 0 0 0 0 0 0 0 0 0 0 0 0 0 0 0 0 0 0 0 0 0 0 0 0 0 0 0 0 9994.94 11496.2 31549.8 36872.9 0 0 0 0 0 0 0 0 0 0 0 0 0 0 0 0 0 0 0 0 0 0 0 0 0 0 0 0 0 0 0 0 
0 0 0 0 0 0 0 0 0 0 0 0 0 0 0 0 0 0 0 0 0 0 0 0 0 0 0 0 0 0 252.636 7584.32 2018.43 0 0 0 0 0 0 0 0 0 0 0 0 0 0 0 0 0 0 0 0 0 0 0 0 0 0 0 0 0 0 0 0 
0 0 0 0 0 0 0 0 0 0 0 0 0 0 0 0 0 0 0 0 0 0 0 0 0 0 0 0 0 0 993.997 381.78 1881.41 0 0 0 0 0 0 0 0 0 0 0 0 0 0 0 0 0 0 0 0 0 0 0 0 0 0 0 0 0 0 0 0 
0 0 0 0 0 0 0 0 0 0 0 0 0 0 0 0 0 0 0 0 0 0 0 0 0 0 0 0 0 0 0 0 252.557 0 0 0 0 0 0 0 0 0 0 0 0 0 0 0 0 0 0 0 0 0 0 0 0 0 0 0 0 0 0 0 0 
0 0 0 0 0 0 0 0 0 0 0 0 0 0 0 0 0 0 0 0 0 0 0 0 0 0 0 0 0 0 0 64.1289 0 0 0 0 0 0 0 0 0 0 0 0 0 0 0 0 0 0 0 0 0 0 0 0 0 0 0 0 0 0 0 0 0 
0 0 0 0 0 0 0 0 0 0 0 0 0 0 0 0 0 0 0 0 0 0 0 0 0 0 0 0 0 0 0 0 0 0 0 0 0 0 0 0 0 0 0 0 0 0 0 0 0 0 0 0 0 0 0 0 0 0 0 0 0 0 0 0 0 
0 0 0 0 0 0 0 0 0 0 0 0 0 0 0 0 0 0 0 0 0 0 0 0 0 0 0 0 0 0 0 0 2.00403 0 0 0 0 0 0 0 0 0 0 0 0 0 0 0 0 0 0 0 0 0 0 0 0 0 0 0 0 0 0 0 0 
