1 0 0 0 0 0 0 0 0 0 0 0 0 0 0 0 0 0 0 0 0 0 0 0 0 0 0 0 0 0 0 0 0 0 0 0 0 0 0 0 0 0 0 0 0 0 0 0 0 0 0 0 0 0 0 0 0 0 0 0 0 0 0 0 0 
0 0 0 0 0 0 0 0 0 0 0 0 0 0 0 0 0 0 0 0 0 0 0 0 0 0 0 0 0 0 0 0 0 0 0 0 0 0 0 0 0 0 0 0 0 0 0 0 0 0 0 0 0 0 0 0 0 0 0 0 0 0 0 0 0 
0 64 0 0 0 0 0 0 0 0 0 0 0 0 0 0 0 0 0 0 0 0 0 0 0 0 0 0 0 0 0 0 0 0 0 0 0 0 0 0 0 0 0 0 0 0 0 0 0 0 0 0 0 0 0 0 0 0 0 0 0 0 0 0 0 
0 0 128 0 0 0 0 0 0 0 0 0 0 0 0 0 0 0 0 0 0 0 0 0 0 0 0 0 0 0 0 0 0 0 0 0 0 0 0 0 0 0 0 0 0 0 0 0 0 0 0 0 0 0 0 0 0 0 0 0 0 0 0 0 0 
0 0 1888 382.811 63.9677 0 0 0 0 0 0 0 0 0 0 0 0 0 0 0 0 0 0 0 0 0 0 0 0 0 0 0 0 0 0 0 0 0 0 0 0 0 0 0 0 0 0 0 0 0 0 0 0 0 0 0 0 0 0 0 0 0 0 0 0 
0 0 0 7170.38 1168.31 510.963 127.295 0 0 0 0 0 0 0 0 0 0 0 0 0 0 0 0 0 0 0 0 0 0 0 0 0 0 0 0 0 0 0 0 0 0 0 0 0 0 0 0 0 0 0 0 0 0 0 0 0 0 0 0 0 0 0 0 0 0 
0 0 0 34110.8 27312 6926.16 2606.02 1413.49 378.339 67.048 0 0 0 0 0 0 0 0 0 0 0 0 0 0 0 0 0 0 0 0 0 0 0 0 0 0 0 0 0 0 0 0 0 0 0 0 0 0 0 0 0 0 0 0 0 0 0 0 0 0 0 0 0 0 0 
0 0 0 0 183663 97478.8 42974.2 16926.5 8494.43 4531.56 1873.95 529.369 134.565 0 0 0 0 0 0 0 0 0 0 0 0 0 0 0 0 0 0 0 0 0 0 0 0 0 0 0 0 0 0 0 0 0 0 0 0 0 0 0 0 0 0 0 0 0 0 0 0 0 0 0 0 
0 0 0 0 423168 829062 413917 222002 120064 58420.1 32678.6 19709.8 9480.06 4391.8 1404.27 397.987 65.6501 0 0 0 0 0 0 0 15.6026 0 0 0 0 0 0 0 16.2783 0 0 0 0 0 0 0 0 0 0 0 0 0 0 0 0 0 0 0 0 0 0 0 0 0 0 0 0 0 0 0 0 
0 0 0 0 0 2.86014e+06 3.3342e+06 1.98433e+06 1.13354e+06 721825 425561 248515 153575 95619.4 55500.2 28713.9 13829.2 5872.99 2073.98 772.439 336.299 298.669 301.214 261.443 0 272.175 240.972 235.26 231.686 247.781 269.486 252.379 0 0 0 0 0 0 0 0 0 0 0 0 0 0 0 0 0 0 0 0 0 0 0 0 0 0 0 0 0 0 0 0 0 
0 0 0 0 0 3.83039e+06 1.45785e+07 1.3545e+07 9.3341e+06 6.08422e+06 3.98811e+06 2.68646e+06 1.79443e+06 1.16122e+06 754278 505732 320785 198707 118351 65920.6 34191.1 20239.8 13342.8 10274.5 11354 9085.05 9575.55 9525.8 9558.01 9409.96 9903.69 9556.06 12032 0 0 0 0 0 0 0 0 0 0 0 0 0 0 0 0 0 0 0 0 0 0 0 0 0 0 0 0 0 0 0 0 
0 0 0 0 0 0 3.03575e+07 6.37423e+07 5.75969e+07 4.33517e+07 3.15712e+07 2.22132e+07 1.56816e+07 1.12835e+07 8.13812e+06 5.68219e+06 4.14721e+06 2.8661e+06 2.06004e+06 1.41292e+06 1.0057e+06 708375 480406 367292 271345 243486 226741 217425 212445 222536 214706 219027 202251 0 0 0 0 0 0 0 0 0 0 0 0 0 0 0 0 0 0 0 0 0 0 0 0 0 0 0 0 0 0 0 0 
0 0 0 0 0 0 2.62445e+07 1.69242e+08 2.63631e+08 2.46335e+08 1.98546e+08 1.55457e+08 1.19529e+08 9.04856e+07 6.81024e+07 5.22777e+07 4.00861e+07 3.0427e+07 2.3276e+07 1.75767e+07 1.37019e+07 1.04044e+07 8.36827e+06 6.56146e+06 5.42801e+06 4.63531e+06 4.04778e+06 3.68481e+06 3.42463e+06 3.40012e+06 3.33081e+06 3.27179e+06 3.20876e+06 0 0 0 0 0 0 0 0 0 0 0 0 0 0 0 0 0 0 0 0 0 0 0 0 0 0 0 0 0 0 0 0 
0 0 0 0 0 0 0 2.33013e+08 7.84135e+08 1.06766e+09 1.0428e+09 8.99348e+08 7.50133e+08 6.10975e+08 4.89376e+08 3.88636e+08 3.15127e+08 2.53278e+08 2.04023e+08 1.6636e+08 1.3356e+08 1.11466e+08 9.15904e+07 7.67045e+07 6.50435e+07 5.5465e+07 5.04518e+07 4.6507e+07 4.36036e+07 4.08754e+07 3.93664e+07 3.70202e+07 3.67191e+07 0 0 0 0 0 0 0 0 0 0 0 0 0 0 0 0 0 0 0 0 0 0 0 0 0 0 0 0 0 0 0 0 
0 0 0 0 0 0 0 1.39449e+08 1.38337e+09 3.30622e+09 4.27951e+09 4.3367e+09 3.96962e+09 3.49714e+09 2.98966e+09 2.53748e+09 2.10258e+09 1.7744e+09 1.48433e+09 1.25207e+09 1.08747e+09 9.19854e+08 7.91679e+08 6.88794e+08 6.00713e+08 5.4529e+08 4.90813e+08 4.46489e+08 4.22073e+08 3.98711e+08 3.81974e+08 3.71242e+08 3.68538e+08 0 0 0 0 0 0 0 0 0 0 0 0 0 0 0 0 0 0 0 0 0 0 0 0 0 0 0 0 0 0 0 0 
0 0 0 0 0 0 0 0 1.3421e+09 6.65955e+09 1.31622e+10 1.68008e+10 1.77645e+10 1.71279e+10 1.57155e+10 1.40105e+10 1.24624e+10 1.07942e+10 9.56556e+09 8.43097e+09 7.36975e+09 6.52224e+09 5.74939e+09 5.16599e+09 4.63519e+09 4.21389e+09 3.84111e+09 3.55382e+09 3.35618e+09 3.19039e+09 3.0976e+09 3.03115e+09 3.0186e+09 0 0 0 0 0 0 0 0 0 0 0 0 0 0 0 0 0 0 0 0 0 0 0 0 0 0 0 0 0 0 0 0 
0 0 0 0 0 0 0 0 5.84735e+08 8.31906e+09 2.83739e+10 5.04324e+10 6.45092e+10 7.0205e+10 7.07394e+10 6.75284e+10 6.34322e+10 5.83072e+10 5.31835e+10 4.82946e+10 4.41582e+10 3.94071e+10 3.61169e+10 3.26397e+10 3.04947e+10 2.81741e+10 2.61035e+10 2.45976e+10 2.33442e+10 2.24434e+10 2.18129e+10 2.15127e+10 2.14921e+10 0 0 0 0 0 0 0 0 0 0 0 0 0 0 0 0 0 0 0 0 0 0 0 0 0 0 0 0 0 0 0 0 
0 0 0 0 0 0 0 0 0 5.93269e+09 4.08925e+10 1.11391e+11 1.86227e+11 2.41113e+11 2.70997e+11 2.84182e+11 2.81353e+11 2.74068e+11 2.59822e+11 2.45082e+11 2.28936e+11 2.14653e+11 1.98594e+11 1.88972e+11 1.75502e+11 1.66096e+11 1.55865e+11 1.48116e+11 1.43741e+11 1.38854e+11 1.36022e+11 1.34753e+11 1.33371e+11 0 0 0 0 0 0 0 0 0 0 0 0 0 0 0 0 0 0 0 0 0 0 0 0 0 0 0 0 0 0 0 0 
0 0 0 0 0 0 0 0 0 1.95886e+09 3.77028e+10 1.74228e+11 4.11736e+11 6.66066e+11 8.73579e+11 1.01641e+12 1.09189e+12 1.12628e+12 1.12675e+12 1.1035e+12 1.07556e+12 1.03281e+12 9.95079e+11 9.48543e+11 9.01426e+11 8.63957e+11 8.44662e+11 8.10264e+11 7.90488e+11 7.70176e+11 7.49302e+11 7.46447e+11 7.48826e+11 0 0 0 0 0 0 0 0 0 0 0 0 0 0 0 0 0 0 0 0 0 0 0 0 0 0 0 0 0 0 0 0 
0 0 0 0 0 0 0 0 0 0 2.04966e+10 1.86421e+11 6.70901e+11 1.44633e+12 2.29911e+12 3.05188e+12 3.64348e+12 4.03378e+12 4.29337e+12 4.42342e+12 4.45377e+12 4.437e+12 4.37786e+12 4.28697e+12 4.22467e+12 4.12688e+12 4.03851e+12 3.94253e+12 3.83771e+12 3.77973e+12 3.75216e+12 3.72403e+12 3.71417e+12 0 0 0 0 0 0 0 0 0 0 0 0 0 0 0 0 0 0 0 0 0 0 0 0 0 0 0 0 0 0 0 0 
0 0 0 0 0 0 0 0 0 0 5.28834e+09 1.31402e+11 7.85681e+11 2.38513e+12 4.82837e+12 7.61472e+12 1.02776e+13 1.2523e+13 1.42736e+13 1.56089e+13 1.65184e+13 1.70488e+13 1.7367e+13 1.75704e+13 1.75313e+13 1.74024e+13 1.72495e+13 1.72452e+13 1.7062e+13 1.69553e+13 1.67724e+13 1.68056e+13 1.67713e+13 0 0 0 0 0 0 0 0 0 0 0 0 0 0 0 0 0 0 0 0 0 0 0 0 0 0 0 0 0 0 0 0 
0 0 0 0 0 0 0 0 0 0 0 5.59285e+10 6.43845e+11 2.94595e+12 7.96385e+12 1.54654e+13 2.42587e+13 3.31713e+13 4.12744e+13 4.81766e+13 5.39081e+13 5.83501e+13 6.15982e+13 6.40106e+13 6.55434e+13 6.65911e+13 6.7446e+13 6.77451e+13 6.85892e+13 6.84669e+13 6.84818e+13 6.8252e+13 6.81474e+13 0 0 0 0 0 0 0 0 0 0 0 0 0 0 0 0 0 0 0 0 0 0 0 0 0 0 0 0 0 0 0 0 
0 0 0 0 0 0 0 0 0 0 0 1.15755e+10 3.56042e+11 2.649e+12 1.00409e+13 2.49022e+13 4.70092e+13 7.38038e+13 1.01934e+14 1.29256e+14 1.53635e+14 1.75143e+14 1.9366e+14 2.08427e+14 2.2023e+14 2.31211e+14 2.37892e+14 2.43122e+14 2.47238e+14 2.50129e+14 2.51128e+14 2.51094e+14 2.52814e+14 0 0 0 0 0 0 0 0 0 0 0 0 0 0 0 0 0 0 0 0 0 0 0 0 0 0 0 0 0 0 0 0 
0 0 0 0 0 0 0 0 0 0 0 0 1.22003e+11 1.70794e+12 9.545e+12 3.1612e+13 7.36453e+13 1.35707e+14 2.12904e+14 2.97524e+14 3.8284e+14 4.65252e+14 5.40351e+14 6.05939e+14 6.61177e+14 7.07201e+14 7.46809e+14 7.7947e+14 8.03066e+14 8.18582e+14 8.33074e+14 8.41292e+14 8.41615e+14 0 0 0 0 0 0 0 0 0 0 0 0 0 0 0 0 0 0 0 0 0 0 0 0 0 0 0 0 0 0 0 0 
0 0 0 0 0 0 0 0 0 0 0 0 2.06495e+10 7.60066e+11 6.80639e+12 3.09661e+13 9.23397e+13 2.05367e+14 3.72421e+14 5.82408e+14 8.22491e+14 1.06879e+15 1.31542e+15 1.54665e+15 1.76168e+15 1.95449e+15 2.11128e+15 2.24793e+15 2.35885e+15 2.44119e+15 2.4889e+15 2.5321e+15 2.53868e+15 0 0 0 0 0 0 0 0 0 0 0 0 0 0 0 0 0 0 0 0 0 0 0 0 0 0 0 0 0 0 0 0 
0 0 0 0 0 0 0 0 0 0 0 0 0 2.13541e+11 3.51664e+12 2.33869e+13 9.15565e+13 2.5174e+14 5.3874e+14 9.64252e+14 1.50797e+15 2.13995e+15 2.80933e+15 3.49509e+15 4.15316e+15 4.75729e+15 5.32483e+15 5.79426e+15 6.18631e+15 6.48644e+15 6.72183e+15 6.82627e+15 6.91102e+15 0 0 0 0 0 0 0 0 0 0 0 0 0 0 0 0 0 0 0 0 0 0 0 0 0 0 0 0 0 0 0 0 
0 0 0 0 0 0 0 0 0 0 0 0 0 3.01747e+10 1.28252e+12 1.33482e+13 7.13227e+13 2.47857e+14 6.38625e+14 1.32494e+15 2.33254e+15 3.6447e+15 5.18947e+15 6.87338e+15 8.60718e+15 1.02938e+16 1.18678e+16 1.32731e+16 1.4484e+16 1.54253e+16 1.61675e+16 1.65931e+16 1.67378e+16 0 0 0 0 0 0 0 0 0 0 0 0 0 0 0 0 0 0 0 0 0 0 0 0 0 0 0 0 0 0 0 0 
0 0 0 0 0 0 0 0 0 0 0 0 0 0 3.0217e+11 5.67849e+12 4.32615e+13 1.95901e+14 6.1897e+14 1.50844e+15 3.04525e+15 5.28843e+15 8.21996e+15 1.17042e+16 1.55232e+16 1.95499e+16 2.336e+16 2.69697e+16 3.01243e+16 3.28148e+16 3.46876e+16 3.58504e+16 3.6202e+16 0 0 0 0 0 0 0 0 0 0 0 0 0 0 0 0 0 0 0 0 0 0 0 0 0 0 0 0 0 0 0 0 
0 0 0 0 0 0 0 0 0 0 0 0 0 0 3.61243e+10 1.72484e+12 2.03492e+13 1.23276e+14 4.87986e+14 1.42319e+15 3.3052e+15 6.48829e+15 1.11287e+16 1.71632e+16 2.43267e+16 3.21204e+16 4.02767e+16 4.817e+16 5.53498e+16 6.12657e+16 6.56626e+16 6.86391e+16 6.93085e+16 0 0 0 0 0 0 0 0 0 0 0 0 0 0 0 0 0 0 0 0 0 0 0 0 0 0 0 0 0 0 0 0 
0 0 0 0 0 0 0 0 0 0 0 0 0 0 0 3.47294e+11 7.19574e+12 6.13515e+13 3.11479e+14 1.1048e+15 3.01214e+15 6.71279e+15 1.27751e+16 2.14908e+16 3.28285e+16 4.61828e+16 6.07493e+16 7.53769e+16 8.91018e+16 1.00908e+17 1.10086e+17 1.1563e+17 1.18107e+17 0 0 0 0 0 0 0 0 0 0 0 0 0 0 0 0 0 0 0 0 0 0 0 0 0 0 0 0 0 0 0 0 
0 0 0 0 0 0 0 0 0 0 0 0 0 0 0 3.57999e+10 1.86257e+12 2.40553e+13 1.60838e+14 7.06387e+14 2.28093e+15 5.81819e+15 1.24531e+16 2.30922e+16 3.80391e+16 5.70301e+16 7.92198e+16 1.02624e+17 1.25418e+17 1.4559e+17 1.61656e+17 1.72207e+17 1.75346e+17 0 0 0 0 0 0 0 0 0 0 0 0 0 0 0 0 0 0 0 0 0 0 0 0 0 0 0 0 0 0 0 0 
0 0 0 0 0 0 0 0 0 0 0 0 0 0 0 0 3.23735e+11 7.23107e+12 6.71212e+13 3.71144e+14 1.43732e+15 4.28576e+15 1.03285e+16 2.11452e+16 3.79326e+16 6.10351e+16 8.93173e+16 1.21292e+17 1.53913e+17 1.8411e+17 2.08205e+17 2.2369e+17 2.28971e+17 0 0 0 0 0 0 0 0 0 0 0 0 0 0 0 0 0 0 0 0 0 0 0 0 0 0 0 0 0 0 0 0 
0 0 0 0 0 0 0 0 0 0 0 0 0 0 0 0 2.93906e+10 1.61463e+12 2.23025e+13 1.60407e+14 7.58251e+14 2.63305e+15 7.25834e+15 1.65461e+16 3.24916e+16 5.63106e+16 8.75601e+16 1.24992e+17 1.64639e+17 2.0244e+17 2.337e+17 2.53867e+17 2.61488e+17 0 0 0 0 0 0 0 0 0 0 0 0 0 0 0 0 0 0 0 0 0 0 0 0 0 0 0 0 0 0 0 0 
0 0 0 0 0 0 0 0 0 0 0 0 0 0 0 0 0 2.46014e+11 5.78253e+12 5.68993e+13 3.33466e+14 1.37487e+15 4.33779e+15 1.11084e+16 2.3883e+16 4.46483e+16 7.44636e+16 1.11571e+17 1.53117e+17 1.94128e+17 2.28878e+17 2.52169e+17 2.60461e+17 0 0 0 0 0 0 0 0 0 0 0 0 0 0 0 0 0 0 0 0 0 0 0 0 0 0 0 0 0 0 0 0 
0 0 0 0 0 0 0 0 0 0 0 0 0 0 0 0 0 2.00814e+10 1.12995e+12 1.62164e+13 1.22556e+14 6.0808e+14 2.21674e+15 6.38831e+15 1.5225e+16 3.08583e+16 5.48642e+16 8.65578e+16 1.24408e+17 1.62842e+17 1.96209e+17 2.19574e+17 2.27372e+17 0 0 0 0 0 0 0 0 0 0 0 0 0 0 0 0 0 0 0 0 0 0 0 0 0 0 0 0 0 0 0 0 
0 0 0 0 0 0 0 0 0 0 0 0 0 0 0 0 0 0 1.52623e+11 3.67408e+12 3.73237e+13 2.27264e+14 9.70853e+14 3.1705e+15 8.345e+15 1.84894e+16 3.50996e+16 5.91692e+16 8.82921e+16 1.19467e+17 1.47722e+17 1.67231e+17 1.74335e+17 0 0 0 0 0 0 0 0 0 0 0 0 0 0 0 0 0 0 0 0 0 0 0 0 0 0 0 0 0 0 0 0 
0 0 0 0 0 0 0 0 0 0 0 0 0 0 0 0 0 0 1.15556e+10 6.42822e+11 9.35267e+12 7.18672e+13 3.6513e+14 1.36112e+15 3.99873e+15 9.63419e+15 1.97652e+16 3.50046e+16 5.49585e+16 7.7196e+16 9.76604e+16 1.12001e+17 1.17313e+17 0 0 0 0 0 0 0 0 0 0 0 0 0 0 0 0 0 0 0 0 0 0 0 0 0 0 0 0 0 0 0 0 
0 0 0 0 0 0 0 0 0 0 0 0 0 0 0 0 0 0 0 7.78807e+10 1.88538e+12 1.92686e+13 1.18072e+14 5.07536e+14 1.67712e+15 4.42879e+15 9.75006e+15 1.84385e+16 3.02978e+16 4.3965e+16 5.7014e+16 6.64331e+16 6.99512e+16 0 0 0 0 0 0 0 0 0 0 0 0 0 0 0 0 0 0 0 0 0 0 0 0 0 0 0 0 0 0 0 0 
0 0 0 0 0 0 0 0 0 0 0 0 0 0 0 0 0 0 0 5.6614e+09 2.9695e+11 4.25414e+12 3.27076e+13 1.65895e+14 6.12629e+14 1.79494e+15 4.27459e+15 8.56575e+15 1.4748e+16 2.22603e+16 2.95573e+16 3.51405e+16 3.69667e+16 0 0 0 0 0 0 0 0 0 0 0 0 0 0 0 0 0 0 0 0 0 0 0 0 0 0 0 0 0 0 0 0 
0 0 0 0 0 0 0 0 0 0 0 0 0 0 0 0 0 0 0 0 3.32658e+10 7.79126e+11 7.78234e+12 4.68323e+13 1.99155e+14 6.41099e+14 1.65806e+15 3.53601e+15 6.43284e+15 1.00137e+16 1.37314e+16 1.6476e+16 1.7628e+16 0 0 0 0 0 0 0 0 0 0 0 0 0 0 0 0 0 0 0 0 0 0 0 0 0 0 0 0 0 0 0 0 
0 0 0 0 0 0 0 0 0 0 0 0 0 0 0 0 0 0 0 0 2.44026e+09 1.12895e+11 1.55075e+12 1.15109e+13 5.6797e+13 2.04388e+14 5.74633e+14 1.31996e+15 2.51516e+15 4.08437e+15 5.72962e+15 6.99241e+15 7.44967e+15 0 0 0 0 0 0 0 0 0 0 0 0 0 0 0 0 0 0 0 0 0 0 0 0 0 0 0 0 0 0 0 0 
0 0 0 0 0 0 0 0 0 0 0 0 0 0 0 0 0 0 0 0 0 1.19417e+10 2.59475e+11 2.47336e+12 1.42324e+13 5.82663e+13 1.79326e+14 4.39639e+14 8.88293e+14 1.5101e+15 2.16469e+15 2.69663e+15 2.88084e+15 0 0 0 0 0 0 0 0 0 0 0 0 0 0 0 0 0 0 0 0 0 0 0 0 0 0 0 0 0 0 0 0 
0 0 0 0 0 0 0 0 0 0 0 0 0 0 0 0 0 0 0 0 0 9.37561e+08 3.56334e+10 4.556e+11 3.18044e+12 1.47637e+13 5.05614e+13 1.33092e+14 2.83977e+14 5.02071e+14 7.45672e+14 9.39111e+14 1.01713e+15 0 0 0 0 0 0 0 0 0 0 0 0 0 0 0 0 0 0 0 0 0 0 0 0 0 0 0 0 0 0 0 0 
0 0 0 0 0 0 0 0 0 0 0 0 0 0 0 0 0 0 0 0 0 0 3.63368e+09 7.07766e+10 6.25387e+11 3.35871e+12 1.27364e+13 3.68341e+13 8.28943e+13 1.52712e+14 2.33642e+14 2.99412e+14 3.24757e+14 0 0 0 0 0 0 0 0 0 0 0 0 0 0 0 0 0 0 0 0 0 0 0 0 0 0 0 0 0 0 0 0 
0 0 0 0 0 0 0 0 0 0 0 0 0 0 0 0 0 0 0 0 0 0 3.24375e+08 9.45117e+09 1.07328e+11 6.86642e+11 2.92852e+12 9.1857e+12 2.22181e+13 4.28273e+13 6.78095e+13 8.82229e+13 9.63582e+13 0 0 0 0 0 0 0 0 0 0 0 0 0 0 0 0 0 0 0 0 0 0 0 0 0 0 0 0 0 0 0 0 
0 0 0 0 0 0 0 0 0 0 0 0 0 0 0 0 0 0 0 0 0 0 0 9.56965e+08 1.61462e+10 1.27174e+11 6.14868e+11 2.10003e+12 5.49486e+12 1.10859e+13 1.80193e+13 2.39584e+13 2.64361e+13 0 0 0 0 0 0 0 0 0 0 0 0 0 0 0 0 0 0 0 0 0 0 0 0 0 0 0 0 0 0 0 0 
0 0 0 0 0 0 0 0 0 0 0 0 0 0 0 0 0 0 0 0 0 0 0 1.05757e+08 2.17881e+09 2.09285e+10 1.184e+11 4.46335e+11 1.23854e+12 2.67052e+12 4.48476e+12 6.103e+12 6.78543e+12 0 0 0 0 0 0 0 0 0 0 0 0 0 0 0 0 0 0 0 0 0 0 0 0 0 0 0 0 0 0 0 0 
0 0 0 0 0 0 0 0 0 0 0 0 0 0 0 0 0 0 0 0 0 0 0 0 2.24708e+08 3.165e+09 2.10696e+10 8.86111e+10 2.63073e+11 5.99352e+11 1.04977e+12 1.46532e+12 1.62314e+12 0 0 0 0 0 0 0 0 0 0 0 0 0 0 0 0 0 0 0 0 0 0 0 0 0 0 0 0 0 0 0 0 
0 0 0 0 0 0 0 0 0 0 0 0 0 0 0 0 0 0 0 0 0 0 0 0 3.19916e+07 4.47929e+08 3.42527e+09 1.64224e+10 5.34327e+10 1.24869e+11 2.30174e+11 3.2522e+11 3.68007e+11 0 0 0 0 0 0 0 0 0 0 0 0 0 0 0 0 0 0 0 0 0 0 0 0 0 0 0 0 0 0 0 0 
0 0 0 0 0 0 0 0 0 0 0 0 0 0 0 0 0 0 0 0 0 0 0 0 0 4.56346e+07 5.35973e+08 2.87688e+09 1.02097e+10 2.56489e+10 4.83571e+10 7.05911e+10 7.95583e+10 0 0 0 0 0 0 0 0 0 0 0 0 0 0 0 0 0 0 0 0 0 0 0 0 0 0 0 0 0 0 0 0 
0 0 0 0 0 0 0 0 0 0 0 0 0 0 0 0 0 0 0 0 0 0 0 0 0 8.78106e+06 8.17164e+07 4.73908e+08 1.87803e+09 5.03549e+09 9.77483e+09 1.44871e+10 1.65462e+10 0 0 0 0 0 0 0 0 0 0 0 0 0 0 0 0 0 0 0 0 0 0 0 0 0 0 0 0 0 0 0 0 
0 0 0 0 0 0 0 0 0 0 0 0 0 0 0 0 0 0 0 0 0 0 0 0 0 0 7.89602e+06 8.12606e+07 3.37833e+08 9.47435e+08 1.96595e+09 2.93357e+09 3.36054e+09 0 0 0 0 0 0 0 0 0 0 0 0 0 0 0 0 0 0 0 0 0 0 0 0 0 0 0 0 0 0 0 0 
0 0 0 0 0 0 0 0 0 0 0 0 0 0 0 0 0 0 0 0 0 0 0 0 0 0 2.11853e+06 1.30484e+07 5.63702e+07 1.84647e+08 3.77945e+08 5.93208e+08 6.76356e+08 0 0 0 0 0 0 0 0 0 0 0 0 0 0 0 0 0 0 0 0 0 0 0 0 0 0 0 0 0 0 0 0 
0 0 0 0 0 0 0 0 0 0 0 0 0 0 0 0 0 0 0 0 0 0 0 0 0 0 0 1.09321e+06 1.0997e+07 3.2908e+07 7.32791e+07 1.18782e+08 1.33727e+08 0 0 0 0 0 0 0 0 0 0 0 0 0 0 0 0 0 0 0 0 0 0 0 0 0 0 0 0 0 0 0 0 
0 0 0 0 0 0 0 0 0 0 0 0 0 0 0 0 0 0 0 0 0 0 0 0 0 0 0 439368 1.72283e+06 5.59197e+06 1.53204e+07 2.19223e+07 2.80636e+07 0 0 0 0 0 0 0 0 0 0 0 0 0 0 0 0 0 0 0 0 0 0 0 0 0 0 0 0 0 0 0 0 
0 0 0 0 0 0 0 0 0 0 0 0 0 0 0 0 0 0 0 0 0 0 0 0 0 0 0 0 113122 1.26977e+06 2.4346e+06 4.69985e+06 5.10786e+06 0 0 0 0 0 0 0 0 0 0 0 0 0 0 0 0 0 0 0 0 0 0 0 0 0 0 0 0 0 0 0 0 
0 0 0 0 0 0 0 0 0 0 0 0 0 0 0 0 0 0 0 0 0 0 0 0 0 0 0 0 75406.5 172431 464217 979436 925769 0 0 0 0 0 0 0 0 0 0 0 0 0 0 0 0 0 0 0 0 0 0 0 0 0 0 0 0 0 0 0 0 
0 0 0 0 0 0 0 0 0 0 0 0 0 0 0 0 0 0 0 0 0 0 0 0 0 0 0 0 0 7718.75 118177 113062 239619 0 0 0 0 0 0 0 0 0 0 0 0 0 0 0 0 0 0 0 0 0 0 0 0 0 0 0 0 0 0 0 0 
0 0 0 0 0 0 0 0 0 0 0 0 0 0 0 0 0 0 0 0 0 0 0 0 0 0 0 0 0 10181.4 11580.5 32732.7 37905.5 0 0 0 0 0 0 0 0 0 0 0 0 0 0 0 0 0 0 0 0 0 0 0 0 0 0 0 0 0 0 0 0 
0 0 0 0 0 0 0 0 0 0 0 0 0 0 0 0 0 0 0 0 0 0 0 0 0 0 0 0 0 0 257.368 7762.38 2035.69 0 0 0 0 0 0 0 0 0 0 0 0 0 0 0 0 0 0 0 0 0 0 0 0 0 0 0 0 0 0 0 0 
0 0 0 0 0 0 0 0 0 0 0 0 0 0 0 0 0 0 0 0 0 0 0 0 0 0 0 0 0 0 1011.53 386.792 1947.94 0 0 0 0 0 0 0 0 0 0 0 0 0 0 0 0 0 0 0 0 0 0 0 0 0 0 0 0 0 0 0 0 
0 0 0 0 0 0 0 0 0 0 0 0 0 0 0 0 0 0 0 0 0 0 0 0 0 0 0 0 0 0 0 0 258.945 0 0 0 0 0 0 0 0 0 0 0 0 0 0 0 0 0 0 0 0 0 0 0 0 0 0 0 0 0 0 0 0 
0 0 0 0 0 0 0 0 0 0 0 0 0 0 0 0 0 0 0 0 0 0 0 0 0 0 0 0 0 0 0 65.2597 0 0 0 0 0 0 0 0 0 0 0 0 0 0 0 0 0 0 0 0 0 0 0 0 0 0 0 0 0 0 0 0 0 
0 0 0 0 0 0 0 0 0 0 0 0 0 0 0 0 0 0 0 0 0 0 0 0 0 0 0 0 0 0 0 0 0 0 0 0 0 0 0 0 0 0 0 0 0 0 0 0 0 0 0 0 0 0 0 0 0 0 0 0 0 0 0 0 0 
0 0 0 0 0 0 0 0 0 0 0 0 0 0 0 0 0 0 0 0 0 0 0 0 0 0 0 0 0 0 0 0 2.03937 0 0 0 0 0 0 0 0 0 0 0 0 0 0 0 0 0 0 0 0 0 0 0 0 0 0 0 0 0 0 0 0 
