1 0 0 0 0 0 0 0 0 0 0 0 0 0 0 0 0 0 0 0 0 0 0 0 0 0 0 0 0 0 0 0 0 0 0 0 0 0 0 0 0 0 0 0 0 0 0 0 0 0 0 0 0 0 0 0 0 0 0 0 0 0 0 0 0 
0 0 0 0 0 0 0 0 0 0 0 0 0 0 0 0 0 0 0 0 0 0 0 0 0 0 0 0 0 0 0 0 0 0 0 0 0 0 0 0 0 0 0 0 0 0 0 0 0 0 0 0 0 0 0 0 0 0 0 0 0 0 0 0 0 
0 64 0 0 0 0 0 0 0 0 0 0 0 0 0 0 0 0 0 0 0 0 0 0 0 0 0 0 0 0 0 0 0 0 0 0 0 0 0 0 0 0 0 0 0 0 0 0 0 0 0 0 0 0 0 0 0 0 0 0 0 0 0 0 0 
0 0 128 0 0 0 0 0 0 0 0 0 0 0 0 0 0 0 0 0 0 0 0 0 0 0 0 0 0 0 0 0 0 0 0 0 0 0 0 0 0 0 0 0 0 0 0 0 0 0 0 0 0 0 0 0 0 0 0 0 0 0 0 0 0 
0 0 1888 383.251 63.5143 0 0 0 0 0 0 0 0 0 0 0 0 0 0 0 0 0 0 0 0 0 0 0 0 0 0 0 0 0 0 0 0 0 0 0 0 0 0 0 0 0 0 0 0 0 0 0 0 0 0 0 0 0 0 0 0 0 0 0 0 
0 0 0 7169.5 1146.68 517.673 131.111 0 0 0 0 0 0 0 0 0 0 0 0 0 0 0 0 0 0 0 0 0 0 0 0 0 0 0 0 0 0 0 0 0 0 0 0 0 0 0 0 0 0 0 0 0 0 0 0 0 0 0 0 0 0 0 0 0 0 
0 0 0 34111.3 27330.5 6950.77 2534.66 1449.75 373.713 59.5244 0 0 0 0 0 0 0 0 0 0 0 0 0 0 0 0 0 0 0 0 0 0 0 0 0 0 0 0 0 0 0 0 0 0 0 0 0 0 0 0 0 0 0 0 0 0 0 0 0 0 0 0 0 0 0 
0 0 0 0 183693 97354.5 43091.8 16859.6 8800.8 4685.41 2026.21 541.319 144.199 0 0 0 0 0 0 0 0 0 0 0 0 0 0 0 0 0 0 0 0 0 0 0 0 0 0 0 0 0 0 0 0 0 0 0 0 0 0 0 0 0 0 0 0 0 0 0 0 0 0 0 0 
0 0 0 0 423142 830167 413820 221858 119287 57664.8 33780.9 20650.4 9695.64 4307.13 1383.23 373.567 80.5894 0 0 0 0 0 0 0 16.5341 0 0 0 0 0 0 0 15.4164 0 0 0 0 0 0 0 0 0 0 0 0 0 0 0 0 0 0 0 0 0 0 0 0 0 0 0 0 0 0 0 0 
0 0 0 0 0 2.85817e+06 3.33002e+06 1.99198e+06 1.14033e+06 735392 422178 253425 150119 94613 55505 28873.6 13133.4 5665.67 2029.28 811.921 421.4 264.813 256.578 271.718 0 290.999 275.563 285.58 258.001 232.546 244.515 278.697 0 0 0 0 0 0 0 0 0 0 0 0 0 0 0 0 0 0 0 0 0 0 0 0 0 0 0 0 0 0 0 0 0 
0 0 0 0 0 3.83135e+06 1.45826e+07 1.35061e+07 9.38875e+06 6.10361e+06 4.05774e+06 2.69087e+06 1.77241e+06 1.16187e+06 781363 511220 328981 201417 118852 66445.2 36223 21350.2 14677.6 10601.7 11987.7 9466.29 9706.44 8936.05 9267.13 9018.44 9242.36 9372.45 11225.1 0 0 0 0 0 0 0 0 0 0 0 0 0 0 0 0 0 0 0 0 0 0 0 0 0 0 0 0 0 0 0 0 
0 0 0 0 0 0 3.0362e+07 6.37941e+07 5.73855e+07 4.334e+07 3.16158e+07 2.25383e+07 1.6111e+07 1.15567e+07 8.06823e+06 5.72956e+06 4.08087e+06 2.9282e+06 2.08642e+06 1.44606e+06 1.02592e+06 736865 514937 364979 287598 251653 230533 222358 208790 215780 214454 208628 201978 0 0 0 0 0 0 0 0 0 0 0 0 0 0 0 0 0 0 0 0 0 0 0 0 0 0 0 0 0 0 0 0 
0 0 0 0 0 0 2.62402e+07 1.69258e+08 2.63175e+08 2.4709e+08 1.99724e+08 1.56612e+08 1.18623e+08 9.03277e+07 6.81815e+07 5.14217e+07 4.00704e+07 3.07176e+07 2.32976e+07 1.78672e+07 1.37458e+07 1.04987e+07 8.35497e+06 6.73764e+06 5.43473e+06 4.51451e+06 4.03209e+06 3.61844e+06 3.46133e+06 3.2606e+06 3.20449e+06 3.21115e+06 3.29242e+06 0 0 0 0 0 0 0 0 0 0 0 0 0 0 0 0 0 0 0 0 0 0 0 0 0 0 0 0 0 0 0 0 
0 0 0 0 0 0 0 2.32944e+08 7.84863e+08 1.06432e+09 1.04357e+09 9.02013e+08 7.45756e+08 6.03146e+08 4.85743e+08 3.88269e+08 3.13974e+08 2.5537e+08 2.04805e+08 1.66292e+08 1.33521e+08 1.10875e+08 9.14881e+07 7.7183e+07 6.48517e+07 5.60444e+07 4.97185e+07 4.62628e+07 4.23746e+07 4.01427e+07 3.87546e+07 3.78416e+07 3.7596e+07 0 0 0 0 0 0 0 0 0 0 0 0 0 0 0 0 0 0 0 0 0 0 0 0 0 0 0 0 0 0 0 0 
0 0 0 0 0 0 0 1.39481e+08 1.38436e+09 3.30519e+09 4.27467e+09 4.3364e+09 3.98652e+09 3.48729e+09 2.94902e+09 2.51949e+09 2.08398e+09 1.75421e+09 1.49994e+09 1.257e+09 1.07258e+09 9.10579e+08 7.82762e+08 6.81565e+08 5.86886e+08 5.28445e+08 4.82968e+08 4.39971e+08 4.11137e+08 3.97733e+08 3.82242e+08 3.79056e+08 3.75086e+08 0 0 0 0 0 0 0 0 0 0 0 0 0 0 0 0 0 0 0 0 0 0 0 0 0 0 0 0 0 0 0 0 
0 0 0 0 0 0 0 0 1.34045e+09 6.67336e+09 1.31425e+10 1.68394e+10 1.77186e+10 1.70092e+10 1.57668e+10 1.40317e+10 1.22902e+10 1.07854e+10 9.39613e+09 8.31828e+09 7.29349e+09 6.44935e+09 5.6942e+09 5.07072e+09 4.53333e+09 4.18598e+09 3.81559e+09 3.55185e+09 3.34983e+09 3.25217e+09 3.14672e+09 3.04291e+09 3.04702e+09 0 0 0 0 0 0 0 0 0 0 0 0 0 0 0 0 0 0 0 0 0 0 0 0 0 0 0 0 0 0 0 0 
0 0 0 0 0 0 0 0 5.85273e+08 8.30666e+09 2.83633e+10 5.02616e+10 6.46152e+10 7.07644e+10 7.09802e+10 6.81232e+10 6.31782e+10 5.79123e+10 5.24521e+10 4.79976e+10 4.34276e+10 3.90934e+10 3.58432e+10 3.24456e+10 3.00076e+10 2.78022e+10 2.60903e+10 2.48659e+10 2.38604e+10 2.28433e+10 2.22018e+10 2.1741e+10 2.14237e+10 0 0 0 0 0 0 0 0 0 0 0 0 0 0 0 0 0 0 0 0 0 0 0 0 0 0 0 0 0 0 0 0 
0 0 0 0 0 0 0 0 0 5.93218e+09 4.09984e+10 1.11465e+11 1.86576e+11 2.40837e+11 2.71566e+11 2.84197e+11 2.82926e+11 2.72887e+11 2.58961e+11 2.4435e+11 2.28165e+11 2.10902e+11 1.97232e+11 1.86318e+11 1.72851e+11 1.64076e+11 1.57079e+11 1.50588e+11 1.4437e+11 1.39929e+11 1.36338e+11 1.34586e+11 1.32887e+11 0 0 0 0 0 0 0 0 0 0 0 0 0 0 0 0 0 0 0 0 0 0 0 0 0 0 0 0 0 0 0 0 
0 0 0 0 0 0 0 0 0 1.96155e+09 3.76168e+10 1.7429e+11 4.10675e+11 6.66461e+11 8.74471e+11 1.01588e+12 1.09838e+12 1.12725e+12 1.12933e+12 1.10026e+12 1.06655e+12 1.02379e+12 9.82531e+11 9.4195e+11 9.03675e+11 8.67989e+11 8.32264e+11 8.0884e+11 7.88305e+11 7.63947e+11 7.5175e+11 7.48506e+11 7.44184e+11 0 0 0 0 0 0 0 0 0 0 0 0 0 0 0 0 0 0 0 0 0 0 0 0 0 0 0 0 0 0 0 0 
0 0 0 0 0 0 0 0 0 0 2.05052e+10 1.86648e+11 6.71633e+11 1.44542e+12 2.29137e+12 3.0373e+12 3.63389e+12 4.03613e+12 4.2935e+12 4.4231e+12 4.46385e+12 4.44418e+12 4.38532e+12 4.30428e+12 4.16984e+12 4.09901e+12 4.0004e+12 3.92857e+12 3.86315e+12 3.79074e+12 3.74576e+12 3.6975e+12 3.72496e+12 0 0 0 0 0 0 0 0 0 0 0 0 0 0 0 0 0 0 0 0 0 0 0 0 0 0 0 0 0 0 0 0 
0 0 0 0 0 0 0 0 0 0 5.29296e+09 1.31089e+11 7.85555e+11 2.38719e+12 4.84587e+12 7.62693e+12 1.02633e+13 1.25302e+13 1.43019e+13 1.55685e+13 1.65195e+13 1.71276e+13 1.73675e+13 1.74601e+13 1.75154e+13 1.73155e+13 1.72854e+13 1.71926e+13 1.69147e+13 1.68607e+13 1.67708e+13 1.68083e+13 1.67009e+13 0 0 0 0 0 0 0 0 0 0 0 0 0 0 0 0 0 0 0 0 0 0 0 0 0 0 0 0 0 0 0 0 
0 0 0 0 0 0 0 0 0 0 0 5.59734e+10 6.4408e+11 2.94017e+12 7.95447e+12 1.54696e+13 2.42439e+13 3.31633e+13 4.12118e+13 4.82315e+13 5.375e+13 5.81737e+13 6.15895e+13 6.38366e+13 6.57171e+13 6.6694e+13 6.73372e+13 6.7793e+13 6.81763e+13 6.83338e+13 6.82884e+13 6.82977e+13 6.87694e+13 0 0 0 0 0 0 0 0 0 0 0 0 0 0 0 0 0 0 0 0 0 0 0 0 0 0 0 0 0 0 0 0 
0 0 0 0 0 0 0 0 0 0 0 1.16092e+10 3.55799e+11 2.65283e+12 1.00305e+13 2.49449e+13 4.70466e+13 7.3733e+13 1.02092e+14 1.28817e+14 1.5378e+14 1.75024e+14 1.931e+14 2.08791e+14 2.20127e+14 2.30018e+14 2.36088e+14 2.42134e+14 2.46665e+14 2.50304e+14 2.52174e+14 2.53076e+14 2.5161e+14 0 0 0 0 0 0 0 0 0 0 0 0 0 0 0 0 0 0 0 0 0 0 0 0 0 0 0 0 0 0 0 0 
0 0 0 0 0 0 0 0 0 0 0 0 1.22008e+11 1.71012e+12 9.55301e+12 3.15565e+13 7.37241e+13 1.35847e+14 2.12759e+14 2.98037e+14 3.83021e+14 4.64554e+14 5.40244e+14 6.05441e+14 6.62539e+14 7.09099e+14 7.48677e+14 7.79596e+14 8.06971e+14 8.2474e+14 8.34301e+14 8.41953e+14 8.37975e+14 0 0 0 0 0 0 0 0 0 0 0 0 0 0 0 0 0 0 0 0 0 0 0 0 0 0 0 0 0 0 0 0 
0 0 0 0 0 0 0 0 0 0 0 0 2.06872e+10 7.58347e+11 6.80415e+12 3.09633e+13 9.22288e+13 2.05324e+14 3.73037e+14 5.83738e+14 8.23493e+14 1.07386e+15 1.3218e+15 1.55847e+15 1.77292e+15 1.96056e+15 2.11365e+15 2.25215e+15 2.35489e+15 2.44019e+15 2.49534e+15 2.53068e+15 2.54787e+15 0 0 0 0 0 0 0 0 0 0 0 0 0 0 0 0 0 0 0 0 0 0 0 0 0 0 0 0 0 0 0 0 
0 0 0 0 0 0 0 0 0 0 0 0 0 2.13293e+11 3.51973e+12 2.33816e+13 9.15963e+13 2.51793e+14 5.37318e+14 9.61349e+14 1.50681e+15 2.13571e+15 2.80662e+15 3.48976e+15 4.14606e+15 4.76083e+15 5.33561e+15 5.81301e+15 6.20175e+15 6.5136e+15 6.72396e+15 6.86948e+15 6.92987e+15 0 0 0 0 0 0 0 0 0 0 0 0 0 0 0 0 0 0 0 0 0 0 0 0 0 0 0 0 0 0 0 0 
0 0 0 0 0 0 0 0 0 0 0 0 0 3.02202e+10 1.28279e+12 1.33737e+13 7.12395e+13 2.4797e+14 6.40154e+14 1.3249e+15 2.33013e+15 3.64526e+15 5.18059e+15 6.87312e+15 8.61867e+15 1.03332e+16 1.18785e+16 1.32907e+16 1.4489e+16 1.54778e+16 1.6231e+16 1.66189e+16 1.6731e+16 0 0 0 0 0 0 0 0 0 0 0 0 0 0 0 0 0 0 0 0 0 0 0 0 0 0 0 0 0 0 0 0 
0 0 0 0 0 0 0 0 0 0 0 0 0 0 3.01245e+11 5.67488e+12 4.33478e+13 1.95509e+14 6.18373e+14 1.51223e+15 3.04883e+15 5.28329e+15 8.23213e+15 1.16917e+16 1.55429e+16 1.94662e+16 2.33405e+16 2.69687e+16 3.01669e+16 3.27061e+16 3.45988e+16 3.58446e+16 3.63878e+16 0 0 0 0 0 0 0 0 0 0 0 0 0 0 0 0 0 0 0 0 0 0 0 0 0 0 0 0 0 0 0 0 
0 0 0 0 0 0 0 0 0 0 0 0 0 0 3.6296e+10 1.72493e+12 2.03381e+13 1.23366e+14 4.87392e+14 1.42122e+15 3.31044e+15 6.49457e+15 1.11121e+16 1.7133e+16 2.42629e+16 3.22351e+16 4.04294e+16 4.81701e+16 5.53977e+16 6.12329e+16 6.57854e+16 6.86195e+16 6.93225e+16 0 0 0 0 0 0 0 0 0 0 0 0 0 0 0 0 0 0 0 0 0 0 0 0 0 0 0 0 0 0 0 0 
0 0 0 0 0 0 0 0 0 0 0 0 0 0 0 3.44159e+11 7.1933e+12 6.14675e+13 3.11669e+14 1.10496e+15 3.00213e+15 6.71443e+15 1.27729e+16 2.15302e+16 3.27847e+16 4.60325e+16 6.04956e+16 7.53001e+16 8.89348e+16 1.01065e+17 1.10195e+17 1.15724e+17 1.17747e+17 0 0 0 0 0 0 0 0 0 0 0 0 0 0 0 0 0 0 0 0 0 0 0 0 0 0 0 0 0 0 0 0 
0 0 0 0 0 0 0 0 0 0 0 0 0 0 0 3.58902e+10 1.86274e+12 2.4035e+13 1.61213e+14 7.04612e+14 2.28388e+15 5.82271e+15 1.24832e+16 2.31027e+16 3.80774e+16 5.70701e+16 7.91075e+16 1.0245e+17 1.25412e+17 1.45756e+17 1.61507e+17 1.71745e+17 1.75381e+17 0 0 0 0 0 0 0 0 0 0 0 0 0 0 0 0 0 0 0 0 0 0 0 0 0 0 0 0 0 0 0 0 
0 0 0 0 0 0 0 0 0 0 0 0 0 0 0 0 3.19843e+11 7.24489e+12 6.70854e+13 3.72875e+14 1.4364e+15 4.27186e+15 1.03245e+16 2.11492e+16 3.80424e+16 6.10127e+16 8.953e+16 1.2149e+17 1.5376e+17 1.83662e+17 2.07956e+17 2.23661e+17 2.29081e+17 0 0 0 0 0 0 0 0 0 0 0 0 0 0 0 0 0 0 0 0 0 0 0 0 0 0 0 0 0 0 0 0 
0 0 0 0 0 0 0 0 0 0 0 0 0 0 0 0 2.95114e+10 1.61696e+12 2.2253e+13 1.60013e+14 7.5949e+14 2.63596e+15 7.23872e+15 1.6534e+16 3.24286e+16 5.63716e+16 8.7706e+16 1.2485e+17 1.64752e+17 2.02331e+17 2.33447e+17 2.54504e+17 2.61015e+17 0 0 0 0 0 0 0 0 0 0 0 0 0 0 0 0 0 0 0 0 0 0 0 0 0 0 0 0 0 0 0 0 
0 0 0 0 0 0 0 0 0 0 0 0 0 0 0 0 0 2.42745e+11 5.78876e+12 5.68175e+13 3.33576e+14 1.37659e+15 4.33542e+15 1.11012e+16 2.38739e+16 4.47356e+16 7.44098e+16 1.11896e+17 1.533e+17 1.94142e+17 2.29311e+17 2.51644e+17 2.60973e+17 0 0 0 0 0 0 0 0 0 0 0 0 0 0 0 0 0 0 0 0 0 0 0 0 0 0 0 0 0 0 0 0 
0 0 0 0 0 0 0 0 0 0 0 0 0 0 0 0 0 2.01847e+10 1.13415e+12 1.62575e+13 1.22738e+14 6.09178e+14 2.22435e+15 6.38557e+15 1.51982e+16 3.0728e+16 5.47002e+16 8.6683e+16 1.24467e+17 1.63296e+17 1.9629e+17 2.20151e+17 2.27709e+17 0 0 0 0 0 0 0 0 0 0 0 0 0 0 0 0 0 0 0 0 0 0 0 0 0 0 0 0 0 0 0 0 
0 0 0 0 0 0 0 0 0 0 0 0 0 0 0 0 0 0 1.51164e+11 3.70055e+12 3.73568e+13 2.27587e+14 9.71033e+14 3.16804e+15 8.35765e+15 1.85071e+16 3.51457e+16 5.87119e+16 8.82086e+16 1.19465e+17 1.47738e+17 1.66758e+17 1.73898e+17 0 0 0 0 0 0 0 0 0 0 0 0 0 0 0 0 0 0 0 0 0 0 0 0 0 0 0 0 0 0 0 0 
0 0 0 0 0 0 0 0 0 0 0 0 0 0 0 0 0 0 1.15703e+10 6.43558e+11 9.34298e+12 7.20082e+13 3.65683e+14 1.36766e+15 4.00247e+15 9.63539e+15 1.97467e+16 3.51531e+16 5.49095e+16 7.70894e+16 9.75861e+16 1.12155e+17 1.17286e+17 0 0 0 0 0 0 0 0 0 0 0 0 0 0 0 0 0 0 0 0 0 0 0 0 0 0 0 0 0 0 0 0 
0 0 0 0 0 0 0 0 0 0 0 0 0 0 0 0 0 0 0 7.7464e+10 1.88777e+12 1.92024e+13 1.18239e+14 5.09259e+14 1.67841e+15 4.44339e+15 9.78902e+15 1.84524e+16 3.0255e+16 4.38352e+16 5.69618e+16 6.65024e+16 7.00084e+16 0 0 0 0 0 0 0 0 0 0 0 0 0 0 0 0 0 0 0 0 0 0 0 0 0 0 0 0 0 0 0 0 
0 0 0 0 0 0 0 0 0 0 0 0 0 0 0 0 0 0 0 5.70302e+09 2.9621e+11 4.26415e+12 3.26665e+13 1.6535e+14 6.17471e+14 1.79209e+15 4.27039e+15 8.5525e+15 1.47796e+16 2.22799e+16 2.9584e+16 3.50168e+16 3.7036e+16 0 0 0 0 0 0 0 0 0 0 0 0 0 0 0 0 0 0 0 0 0 0 0 0 0 0 0 0 0 0 0 0 
0 0 0 0 0 0 0 0 0 0 0 0 0 0 0 0 0 0 0 0 3.30427e+10 7.78722e+11 7.75353e+12 4.67853e+13 1.98376e+14 6.43571e+14 1.66177e+15 3.55439e+15 6.44187e+15 1.00558e+16 1.37105e+16 1.65088e+16 1.75688e+16 0 0 0 0 0 0 0 0 0 0 0 0 0 0 0 0 0 0 0 0 0 0 0 0 0 0 0 0 0 0 0 0 
0 0 0 0 0 0 0 0 0 0 0 0 0 0 0 0 0 0 0 0 2.4249e+09 1.1205e+11 1.55087e+12 1.15085e+13 5.6712e+13 2.05069e+14 5.7649e+14 1.312e+15 2.51401e+15 4.09028e+15 5.75921e+15 7.00528e+15 7.46329e+15 0 0 0 0 0 0 0 0 0 0 0 0 0 0 0 0 0 0 0 0 0 0 0 0 0 0 0 0 0 0 0 0 
0 0 0 0 0 0 0 0 0 0 0 0 0 0 0 0 0 0 0 0 0 1.1826e+10 2.6042e+11 2.48438e+12 1.42655e+13 5.81718e+13 1.79774e+14 4.42418e+14 8.8697e+14 1.50301e+15 2.16273e+15 2.6846e+15 2.89027e+15 0 0 0 0 0 0 0 0 0 0 0 0 0 0 0 0 0 0 0 0 0 0 0 0 0 0 0 0 0 0 0 0 
0 0 0 0 0 0 0 0 0 0 0 0 0 0 0 0 0 0 0 0 0 9.25664e+08 3.52216e+10 4.53022e+11 3.17626e+12 1.472e+13 5.03126e+13 1.33206e+14 2.8308e+14 5.01317e+14 7.43663e+14 9.41433e+14 1.01216e+15 0 0 0 0 0 0 0 0 0 0 0 0 0 0 0 0 0 0 0 0 0 0 0 0 0 0 0 0 0 0 0 0 
0 0 0 0 0 0 0 0 0 0 0 0 0 0 0 0 0 0 0 0 0 0 3.6175e+09 7.13878e+10 6.2678e+11 3.36551e+12 1.2789e+13 3.66405e+13 8.30268e+13 1.53041e+14 2.33381e+14 3.00528e+14 3.25932e+14 0 0 0 0 0 0 0 0 0 0 0 0 0 0 0 0 0 0 0 0 0 0 0 0 0 0 0 0 0 0 0 0 
0 0 0 0 0 0 0 0 0 0 0 0 0 0 0 0 0 0 0 0 0 0 3.23553e+08 9.3693e+09 1.07484e+11 6.88763e+11 2.94022e+12 9.20738e+12 2.23492e+13 4.25984e+13 6.7405e+13 8.80366e+13 9.66934e+13 0 0 0 0 0 0 0 0 0 0 0 0 0 0 0 0 0 0 0 0 0 0 0 0 0 0 0 0 0 0 0 0 
0 0 0 0 0 0 0 0 0 0 0 0 0 0 0 0 0 0 0 0 0 0 0 9.58229e+08 1.61848e+10 1.26282e+11 6.15219e+11 2.12367e+12 5.45935e+12 1.11513e+13 1.81371e+13 2.43034e+13 2.65937e+13 0 0 0 0 0 0 0 0 0 0 0 0 0 0 0 0 0 0 0 0 0 0 0 0 0 0 0 0 0 0 0 0 
0 0 0 0 0 0 0 0 0 0 0 0 0 0 0 0 0 0 0 0 0 0 0 1.04121e+08 2.15537e+09 2.09034e+10 1.17861e+11 4.50032e+11 1.26584e+12 2.66771e+12 4.51948e+12 6.11811e+12 6.78104e+12 0 0 0 0 0 0 0 0 0 0 0 0 0 0 0 0 0 0 0 0 0 0 0 0 0 0 0 0 0 0 0 0 
0 0 0 0 0 0 0 0 0 0 0 0 0 0 0 0 0 0 0 0 0 0 0 0 2.22863e+08 3.15253e+09 2.10265e+10 8.82414e+10 2.65147e+11 5.99488e+11 1.05065e+12 1.4557e+12 1.60969e+12 0 0 0 0 0 0 0 0 0 0 0 0 0 0 0 0 0 0 0 0 0 0 0 0 0 0 0 0 0 0 0 0 
0 0 0 0 0 0 0 0 0 0 0 0 0 0 0 0 0 0 0 0 0 0 0 0 3.15317e+07 4.44914e+08 3.42899e+09 1.64045e+10 5.39782e+10 1.28095e+11 2.30771e+11 3.29247e+11 3.7217e+11 0 0 0 0 0 0 0 0 0 0 0 0 0 0 0 0 0 0 0 0 0 0 0 0 0 0 0 0 0 0 0 0 
0 0 0 0 0 0 0 0 0 0 0 0 0 0 0 0 0 0 0 0 0 0 0 0 0 4.51626e+07 5.36747e+08 2.91192e+09 1.01377e+10 2.59226e+10 4.86912e+10 7.04007e+10 7.94987e+10 0 0 0 0 0 0 0 0 0 0 0 0 0 0 0 0 0 0 0 0 0 0 0 0 0 0 0 0 0 0 0 0 
0 0 0 0 0 0 0 0 0 0 0 0 0 0 0 0 0 0 0 0 0 0 0 0 0 8.66263e+06 8.13057e+07 4.79414e+08 1.90978e+09 5.09313e+09 1.00013e+10 1.47289e+10 1.66467e+10 0 0 0 0 0 0 0 0 0 0 0 0 0 0 0 0 0 0 0 0 0 0 0 0 0 0 0 0 0 0 0 0 
0 0 0 0 0 0 0 0 0 0 0 0 0 0 0 0 0 0 0 0 0 0 0 0 0 0 7.86392e+06 8.11032e+07 3.42806e+08 9.47939e+08 1.97398e+09 2.99189e+09 3.43411e+09 0 0 0 0 0 0 0 0 0 0 0 0 0 0 0 0 0 0 0 0 0 0 0 0 0 0 0 0 0 0 0 0 
0 0 0 0 0 0 0 0 0 0 0 0 0 0 0 0 0 0 0 0 0 0 0 0 0 0 2.09789e+06 1.28866e+07 5.67652e+07 1.87842e+08 3.85737e+08 6.03622e+08 6.9042e+08 0 0 0 0 0 0 0 0 0 0 0 0 0 0 0 0 0 0 0 0 0 0 0 0 0 0 0 0 0 0 0 0 
0 0 0 0 0 0 0 0 0 0 0 0 0 0 0 0 0 0 0 0 0 0 0 0 0 0 0 1.09081e+06 1.0846e+07 3.32538e+07 7.37929e+07 1.20094e+08 1.36615e+08 0 0 0 0 0 0 0 0 0 0 0 0 0 0 0 0 0 0 0 0 0 0 0 0 0 0 0 0 0 0 0 0 
0 0 0 0 0 0 0 0 0 0 0 0 0 0 0 0 0 0 0 0 0 0 0 0 0 0 0 433191 1.70001e+06 5.61809e+06 1.52883e+07 2.24827e+07 2.89128e+07 0 0 0 0 0 0 0 0 0 0 0 0 0 0 0 0 0 0 0 0 0 0 0 0 0 0 0 0 0 0 0 0 
0 0 0 0 0 0 0 0 0 0 0 0 0 0 0 0 0 0 0 0 0 0 0 0 0 0 0 0 112661 1.25629e+06 2.44951e+06 4.70043e+06 5.24337e+06 0 0 0 0 0 0 0 0 0 0 0 0 0 0 0 0 0 0 0 0 0 0 0 0 0 0 0 0 0 0 0 0 
0 0 0 0 0 0 0 0 0 0 0 0 0 0 0 0 0 0 0 0 0 0 0 0 0 0 0 0 74171.6 170465 463718 975737 941421 0 0 0 0 0 0 0 0 0 0 0 0 0 0 0 0 0 0 0 0 0 0 0 0 0 0 0 0 0 0 0 0 
0 0 0 0 0 0 0 0 0 0 0 0 0 0 0 0 0 0 0 0 0 0 0 0 0 0 0 0 0 7653.17 117021 112959 241038 0 0 0 0 0 0 0 0 0 0 0 0 0 0 0 0 0 0 0 0 0 0 0 0 0 0 0 0 0 0 0 0 
0 0 0 0 0 0 0 0 0 0 0 0 0 0 0 0 0 0 0 0 0 0 0 0 0 0 0 0 0 10036.9 11509 32601.7 37919.7 0 0 0 0 0 0 0 0 0 0 0 0 0 0 0 0 0 0 0 0 0 0 0 0 0 0 0 0 0 0 0 0 
0 0 0 0 0 0 0 0 0 0 0 0 0 0 0 0 0 0 0 0 0 0 0 0 0 0 0 0 0 0 255.427 7706.69 2036.8 0 0 0 0 0 0 0 0 0 0 0 0 0 0 0 0 0 0 0 0 0 0 0 0 0 0 0 0 0 0 0 0 
0 0 0 0 0 0 0 0 0 0 0 0 0 0 0 0 0 0 0 0 0 0 0 0 0 0 0 0 0 0 996.87 385.057 1926.05 0 0 0 0 0 0 0 0 0 0 0 0 0 0 0 0 0 0 0 0 0 0 0 0 0 0 0 0 0 0 0 0 
0 0 0 0 0 0 0 0 0 0 0 0 0 0 0 0 0 0 0 0 0 0 0 0 0 0 0 0 0 0 0 0 256.659 0 0 0 0 0 0 0 0 0 0 0 0 0 0 0 0 0 0 0 0 0 0 0 0 0 0 0 0 0 0 0 0 
0 0 0 0 0 0 0 0 0 0 0 0 0 0 0 0 0 0 0 0 0 0 0 0 0 0 0 0 0 0 0 64.3142 0 0 0 0 0 0 0 0 0 0 0 0 0 0 0 0 0 0 0 0 0 0 0 0 0 0 0 0 0 0 0 0 0 
0 0 0 0 0 0 0 0 0 0 0 0 0 0 0 0 0 0 0 0 0 0 0 0 0 0 0 0 0 0 0 0 0 0 0 0 0 0 0 0 0 0 0 0 0 0 0 0 0 0 0 0 0 0 0 0 0 0 0 0 0 0 0 0 0 
0 0 0 0 0 0 0 0 0 0 0 0 0 0 0 0 0 0 0 0 0 0 0 0 0 0 0 0 0 0 0 0 2.00982 0 0 0 0 0 0 0 0 0 0 0 0 0 0 0 0 0 0 0 0 0 0 0 0 0 0 0 0 0 0 0 0 
