1 0 0 0 0 0 0 0 0 0 0 0 0 0 0 0 0 0 0 0 0 0 0 0 0 0 0 0 0 0 0 0 0 0 0 0 0 0 0 0 0 0 0 0 0 0 0 0 0 0 0 0 0 0 0 0 0 0 0 0 0 0 0 0 0 
0 0 0 0 0 0 0 0 0 0 0 0 0 0 0 0 0 0 0 0 0 0 0 0 0 0 0 0 0 0 0 0 0 0 0 0 0 0 0 0 0 0 0 0 0 0 0 0 0 0 0 0 0 0 0 0 0 0 0 0 0 0 0 0 0 
0 64 0 0 0 0 0 0 0 0 0 0 0 0 0 0 0 0 0 0 0 0 0 0 0 0 0 0 0 0 0 0 0 0 0 0 0 0 0 0 0 0 0 0 0 0 0 0 0 0 0 0 0 0 0 0 0 0 0 0 0 0 0 0 0 
0 0 128 0 0 0 0 0 0 0 0 0 0 0 0 0 0 0 0 0 0 0 0 0 0 0 0 0 0 0 0 0 0 0 0 0 0 0 0 0 0 0 0 0 0 0 0 0 0 0 0 0 0 0 0 0 0 0 0 0 0 0 0 0 0 
0 0 1888 380.419 62.9118 0 0 0 0 0 0 0 0 0 0 0 0 0 0 0 0 0 0 0 0 0 0 0 0 0 0 0 0 0 0 0 0 0 0 0 0 0 0 0 0 0 0 0 0 0 0 0 0 0 0 0 0 0 0 0 0 0 0 0 0 
0 0 0 7175.16 1160.65 510.72 129.312 0 0 0 0 0 0 0 0 0 0 0 0 0 0 0 0 0 0 0 0 0 0 0 0 0 0 0 0 0 0 0 0 0 0 0 0 0 0 0 0 0 0 0 0 0 0 0 0 0 0 0 0 0 0 0 0 0 0 
0 0 0 34108.4 27127.7 6798.81 2555.37 1447.58 377.764 62.0174 0 0 0 0 0 0 0 0 0 0 0 0 0 0 0 0 0 0 0 0 0 0 0 0 0 0 0 0 0 0 0 0 0 0 0 0 0 0 0 0 0 0 0 0 0 0 0 0 0 0 0 0 0 0 0 
0 0 0 0 184059 96965.9 43428.9 16720.4 8604.59 4604.96 1970.18 524.654 133.066 0 0 0 0 0 0 0 0 0 0 0 0 0 0 0 0 0 0 0 0 0 0 0 0 0 0 0 0 0 0 0 0 0 0 0 0 0 0 0 0 0 0 0 0 0 0 0 0 0 0 0 0 
0 0 0 0 422966 829710 412581 223267 120541 58230.6 33079.5 19747.7 9799.43 4355.01 1302.98 353.249 74.0389 0 0 0 0 0 0 0 14.6819 0 0 0 0 0 0 0 14.563 0 0 0 0 0 0 0 0 0 0 0 0 0 0 0 0 0 0 0 0 0 0 0 0 0 0 0 0 0 0 0 0 
0 0 0 0 0 2.86089e+06 3.32617e+06 1.97816e+06 1.13751e+06 714878 416126 249398 153067 92533 54260.5 27687 14366.1 6114.1 2382.74 750.005 382.875 220.772 197.026 226.553 0 261.387 262.813 275.855 284.854 256.295 249.382 246.497 0 0 0 0 0 0 0 0 0 0 0 0 0 0 0 0 0 0 0 0 0 0 0 0 0 0 0 0 0 0 0 0 0 
0 0 0 0 0 3.82963e+06 1.45935e+07 1.3527e+07 9.37987e+06 6.05087e+06 3.98021e+06 2.65904e+06 1.75192e+06 1.13951e+06 750172 510306 321770 206195 116079 66417.6 36093.8 19626.1 13172.8 10753.1 12335.3 9906.13 9782.45 9517.32 9321.71 9139.14 9074.06 9301.65 10932 0 0 0 0 0 0 0 0 0 0 0 0 0 0 0 0 0 0 0 0 0 0 0 0 0 0 0 0 0 0 0 0 
0 0 0 0 0 0 3.03549e+07 6.3811e+07 5.75869e+07 4.30324e+07 3.12806e+07 2.20502e+07 1.58463e+07 1.13839e+07 8.08173e+06 5.5877e+06 4.19407e+06 2.88975e+06 2.04998e+06 1.42866e+06 1.01318e+06 690552 487623 384891 281921 249946 237647 225980 215701 218671 214228 217690 206212 0 0 0 0 0 0 0 0 0 0 0 0 0 0 0 0 0 0 0 0 0 0 0 0 0 0 0 0 0 0 0 0 
0 0 0 0 0 0 2.62411e+07 1.69454e+08 2.62942e+08 2.46601e+08 1.99085e+08 1.55267e+08 1.17784e+08 8.93561e+07 6.75975e+07 5.14572e+07 3.91997e+07 2.98438e+07 2.26449e+07 1.76545e+07 1.36144e+07 1.05366e+07 8.20776e+06 6.64933e+06 5.38241e+06 4.62917e+06 4.01965e+06 3.6837e+06 3.38369e+06 3.32408e+06 3.20269e+06 3.2298e+06 3.2293e+06 0 0 0 0 0 0 0 0 0 0 0 0 0 0 0 0 0 0 0 0 0 0 0 0 0 0 0 0 0 0 0 0 
0 0 0 0 0 0 0 2.32481e+08 7.84213e+08 1.06822e+09 1.03583e+09 8.98987e+08 7.46461e+08 6.03066e+08 4.84579e+08 3.86428e+08 3.14813e+08 2.49993e+08 2.04534e+08 1.68037e+08 1.3573e+08 1.09541e+08 9.38966e+07 7.5964e+07 6.37523e+07 5.6188e+07 5.11418e+07 4.58359e+07 4.17177e+07 3.92943e+07 3.85829e+07 3.74183e+07 3.64919e+07 0 0 0 0 0 0 0 0 0 0 0 0 0 0 0 0 0 0 0 0 0 0 0 0 0 0 0 0 0 0 0 0 
0 0 0 0 0 0 0 1.39724e+08 1.38621e+09 3.30565e+09 4.29503e+09 4.33186e+09 3.97328e+09 3.48606e+09 2.97665e+09 2.53371e+09 2.10358e+09 1.77292e+09 1.4847e+09 1.26808e+09 1.08704e+09 9.28087e+08 7.866e+08 6.8199e+08 6.089e+08 5.36407e+08 4.85506e+08 4.46109e+08 4.10452e+08 3.82486e+08 3.70677e+08 3.69625e+08 3.78064e+08 0 0 0 0 0 0 0 0 0 0 0 0 0 0 0 0 0 0 0 0 0 0 0 0 0 0 0 0 0 0 0 0 
0 0 0 0 0 0 0 0 1.33868e+09 6.66628e+09 1.3167e+10 1.68594e+10 1.77289e+10 1.70503e+10 1.57293e+10 1.39167e+10 1.23298e+10 1.08707e+10 9.48182e+09 8.34175e+09 7.36384e+09 6.48869e+09 5.73436e+09 5.11885e+09 4.61137e+09 4.19264e+09 3.80723e+09 3.56946e+09 3.3323e+09 3.19075e+09 3.0853e+09 3.01494e+09 3.00598e+09 0 0 0 0 0 0 0 0 0 0 0 0 0 0 0 0 0 0 0 0 0 0 0 0 0 0 0 0 0 0 0 0 
0 0 0 0 0 0 0 0 5.85881e+08 8.31239e+09 2.83569e+10 5.04408e+10 6.44082e+10 7.03214e+10 7.05419e+10 6.81115e+10 6.31158e+10 5.83437e+10 5.25857e+10 4.77111e+10 4.36981e+10 3.97538e+10 3.58118e+10 3.30178e+10 2.99941e+10 2.7807e+10 2.62472e+10 2.44948e+10 2.32285e+10 2.22964e+10 2.1978e+10 2.16386e+10 2.13026e+10 0 0 0 0 0 0 0 0 0 0 0 0 0 0 0 0 0 0 0 0 0 0 0 0 0 0 0 0 0 0 0 0 
0 0 0 0 0 0 0 0 0 5.92632e+09 4.09174e+10 1.112e+11 1.86595e+11 2.40841e+11 2.71724e+11 2.82531e+11 2.8355e+11 2.72504e+11 2.60321e+11 2.45385e+11 2.27802e+11 2.14753e+11 2.00802e+11 1.85848e+11 1.73761e+11 1.64648e+11 1.55496e+11 1.48632e+11 1.44e+11 1.39577e+11 1.34385e+11 1.33763e+11 1.32823e+11 0 0 0 0 0 0 0 0 0 0 0 0 0 0 0 0 0 0 0 0 0 0 0 0 0 0 0 0 0 0 0 0 
0 0 0 0 0 0 0 0 0 1.96527e+09 3.76622e+10 1.74406e+11 4.11408e+11 6.67662e+11 8.71186e+11 1.01202e+12 1.09296e+12 1.12957e+12 1.12817e+12 1.10094e+12 1.0631e+12 1.02202e+12 9.84944e+11 9.34423e+11 8.96089e+11 8.70012e+11 8.37023e+11 8.05503e+11 7.84521e+11 7.6239e+11 7.56656e+11 7.47818e+11 7.43711e+11 0 0 0 0 0 0 0 0 0 0 0 0 0 0 0 0 0 0 0 0 0 0 0 0 0 0 0 0 0 0 0 0 
0 0 0 0 0 0 0 0 0 0 2.05013e+10 1.86635e+11 6.71904e+11 1.44474e+12 2.3062e+12 3.05535e+12 3.63874e+12 4.04108e+12 4.29616e+12 4.40293e+12 4.46527e+12 4.41393e+12 4.31914e+12 4.28906e+12 4.19595e+12 4.11033e+12 3.99748e+12 3.91791e+12 3.83873e+12 3.77876e+12 3.76284e+12 3.7524e+12 3.70798e+12 0 0 0 0 0 0 0 0 0 0 0 0 0 0 0 0 0 0 0 0 0 0 0 0 0 0 0 0 0 0 0 0 
0 0 0 0 0 0 0 0 0 0 5.30273e+09 1.30878e+11 7.83908e+11 2.38573e+12 4.83426e+12 7.64215e+12 1.02547e+13 1.25549e+13 1.42758e+13 1.56335e+13 1.65124e+13 1.70975e+13 1.74049e+13 1.75634e+13 1.74863e+13 1.73245e+13 1.71922e+13 1.70675e+13 1.70337e+13 1.70692e+13 1.68167e+13 1.67052e+13 1.68124e+13 0 0 0 0 0 0 0 0 0 0 0 0 0 0 0 0 0 0 0 0 0 0 0 0 0 0 0 0 0 0 0 0 
0 0 0 0 0 0 0 0 0 0 0 5.61637e+10 6.45298e+11 2.94166e+12 7.94257e+12 1.54238e+13 2.42545e+13 3.30683e+13 4.12573e+13 4.80575e+13 5.38916e+13 5.84757e+13 6.18929e+13 6.39336e+13 6.58176e+13 6.69273e+13 6.73831e+13 6.79518e+13 6.84718e+13 6.80225e+13 6.81229e+13 6.81242e+13 6.82952e+13 0 0 0 0 0 0 0 0 0 0 0 0 0 0 0 0 0 0 0 0 0 0 0 0 0 0 0 0 0 0 0 0 
0 0 0 0 0 0 0 0 0 0 0 1.16024e+10 3.54923e+11 2.65494e+12 1.00381e+13 2.49167e+13 4.70248e+13 7.3698e+13 1.01783e+14 1.2932e+14 1.53706e+14 1.75386e+14 1.93133e+14 2.08258e+14 2.20678e+14 2.29494e+14 2.36684e+14 2.41324e+14 2.45646e+14 2.4908e+14 2.50807e+14 2.52487e+14 2.51852e+14 0 0 0 0 0 0 0 0 0 0 0 0 0 0 0 0 0 0 0 0 0 0 0 0 0 0 0 0 0 0 0 0 
0 0 0 0 0 0 0 0 0 0 0 0 1.22505e+11 1.70726e+12 9.56291e+12 3.15909e+13 7.37289e+13 1.36019e+14 2.1267e+14 2.974e+14 3.82371e+14 4.62333e+14 5.38977e+14 6.03668e+14 6.60458e+14 7.0955e+14 7.47977e+14 7.78509e+14 8.00981e+14 8.18307e+14 8.34687e+14 8.44499e+14 8.45164e+14 0 0 0 0 0 0 0 0 0 0 0 0 0 0 0 0 0 0 0 0 0 0 0 0 0 0 0 0 0 0 0 0 
0 0 0 0 0 0 0 0 0 0 0 0 2.06818e+10 7.58334e+11 6.80326e+12 3.10006e+13 9.21959e+13 2.04943e+14 3.72555e+14 5.82382e+14 8.235e+14 1.07381e+15 1.31722e+15 1.55041e+15 1.7616e+15 1.95242e+15 2.11282e+15 2.24193e+15 2.35733e+15 2.44461e+15 2.49829e+15 2.53613e+15 2.54317e+15 0 0 0 0 0 0 0 0 0 0 0 0 0 0 0 0 0 0 0 0 0 0 0 0 0 0 0 0 0 0 0 0 
0 0 0 0 0 0 0 0 0 0 0 0 0 2.1394e+11 3.51606e+12 2.33837e+13 9.17099e+13 2.52201e+14 5.39312e+14 9.63342e+14 1.50472e+15 2.1374e+15 2.81952e+15 3.49734e+15 4.16871e+15 4.76706e+15 5.31956e+15 5.80719e+15 6.19424e+15 6.52559e+15 6.72284e+15 6.84669e+15 6.89406e+15 0 0 0 0 0 0 0 0 0 0 0 0 0 0 0 0 0 0 0 0 0 0 0 0 0 0 0 0 0 0 0 0 
0 0 0 0 0 0 0 0 0 0 0 0 0 3.01929e+10 1.2819e+12 1.33417e+13 7.11799e+13 2.48061e+14 6.38722e+14 1.32528e+15 2.33398e+15 3.644e+15 5.18619e+15 6.90273e+15 8.59679e+15 1.02764e+16 1.18744e+16 1.33083e+16 1.4502e+16 1.54063e+16 1.62246e+16 1.66132e+16 1.67777e+16 0 0 0 0 0 0 0 0 0 0 0 0 0 0 0 0 0 0 0 0 0 0 0 0 0 0 0 0 0 0 0 0 
0 0 0 0 0 0 0 0 0 0 0 0 0 0 3.01379e+11 5.67644e+12 4.33719e+13 1.95466e+14 6.18849e+14 1.51096e+15 3.04513e+15 5.28612e+15 8.21508e+15 1.16713e+16 1.5521e+16 1.95454e+16 2.33533e+16 2.69641e+16 3.01636e+16 3.28007e+16 3.46285e+16 3.58936e+16 3.62439e+16 0 0 0 0 0 0 0 0 0 0 0 0 0 0 0 0 0 0 0 0 0 0 0 0 0 0 0 0 0 0 0 0 
0 0 0 0 0 0 0 0 0 0 0 0 0 0 3.63087e+10 1.72705e+12 2.0301e+13 1.23129e+14 4.87929e+14 1.42236e+15 3.31339e+15 6.49239e+15 1.10991e+16 1.70998e+16 2.42932e+16 3.21458e+16 4.03924e+16 4.81958e+16 5.51149e+16 6.12148e+16 6.57615e+16 6.84556e+16 6.94865e+16 0 0 0 0 0 0 0 0 0 0 0 0 0 0 0 0 0 0 0 0 0 0 0 0 0 0 0 0 0 0 0 0 
0 0 0 0 0 0 0 0 0 0 0 0 0 0 0 3.45042e+11 7.2002e+12 6.15493e+13 3.10981e+14 1.10437e+15 3.0062e+15 6.70852e+15 1.27956e+16 2.15448e+16 3.27843e+16 4.60897e+16 6.048e+16 7.5198e+16 8.92449e+16 1.00833e+17 1.09811e+17 1.15718e+17 1.17697e+17 0 0 0 0 0 0 0 0 0 0 0 0 0 0 0 0 0 0 0 0 0 0 0 0 0 0 0 0 0 0 0 0 
0 0 0 0 0 0 0 0 0 0 0 0 0 0 0 3.59422e+10 1.86136e+12 2.40457e+13 1.60966e+14 7.05124e+14 2.27863e+15 5.8314e+15 1.24693e+16 2.31268e+16 3.81444e+16 5.70651e+16 7.93044e+16 1.02662e+17 1.25486e+17 1.45636e+17 1.61586e+17 1.71946e+17 1.75284e+17 0 0 0 0 0 0 0 0 0 0 0 0 0 0 0 0 0 0 0 0 0 0 0 0 0 0 0 0 0 0 0 0 
0 0 0 0 0 0 0 0 0 0 0 0 0 0 0 0 3.21355e+11 7.24463e+12 6.72349e+13 3.72021e+14 1.43784e+15 4.2744e+15 1.03245e+16 2.11178e+16 3.79026e+16 6.11655e+16 8.94511e+16 1.2135e+17 1.53875e+17 1.84259e+17 2.08526e+17 2.23341e+17 2.28962e+17 0 0 0 0 0 0 0 0 0 0 0 0 0 0 0 0 0 0 0 0 0 0 0 0 0 0 0 0 0 0 0 0 
0 0 0 0 0 0 0 0 0 0 0 0 0 0 0 0 2.93837e+10 1.61336e+12 2.23393e+13 1.60258e+14 7.58897e+14 2.63214e+15 7.25763e+15 1.65536e+16 3.25226e+16 5.61604e+16 8.7465e+16 1.2497e+17 1.64498e+17 2.02347e+17 2.33473e+17 2.54766e+17 2.61721e+17 0 0 0 0 0 0 0 0 0 0 0 0 0 0 0 0 0 0 0 0 0 0 0 0 0 0 0 0 0 0 0 0 
0 0 0 0 0 0 0 0 0 0 0 0 0 0 0 0 0 2.43287e+11 5.77021e+12 5.69011e+13 3.33568e+14 1.37684e+15 4.33078e+15 1.11203e+16 2.38777e+16 4.47994e+16 7.45969e+16 1.1157e+17 1.53376e+17 1.94205e+17 2.28872e+17 2.52115e+17 2.60023e+17 0 0 0 0 0 0 0 0 0 0 0 0 0 0 0 0 0 0 0 0 0 0 0 0 0 0 0 0 0 0 0 0 
0 0 0 0 0 0 0 0 0 0 0 0 0 0 0 0 0 2.00841e+10 1.13162e+12 1.62396e+13 1.22617e+14 6.08279e+14 2.21966e+15 6.37144e+15 1.51932e+16 3.08111e+16 5.47731e+16 8.67916e+16 1.2434e+17 1.6268e+17 1.96595e+17 2.19458e+17 2.28149e+17 0 0 0 0 0 0 0 0 0 0 0 0 0 0 0 0 0 0 0 0 0 0 0 0 0 0 0 0 0 0 0 0 
0 0 0 0 0 0 0 0 0 0 0 0 0 0 0 0 0 0 1.51827e+11 3.68187e+12 3.74087e+13 2.27308e+14 9.69475e+14 3.16597e+15 8.35354e+15 1.84384e+16 3.50717e+16 5.89518e+16 8.82386e+16 1.19779e+17 1.47644e+17 1.6716e+17 1.74204e+17 0 0 0 0 0 0 0 0 0 0 0 0 0 0 0 0 0 0 0 0 0 0 0 0 0 0 0 0 0 0 0 0 
0 0 0 0 0 0 0 0 0 0 0 0 0 0 0 0 0 0 1.15221e+10 6.42204e+11 9.33062e+12 7.20913e+13 3.65499e+14 1.36327e+15 3.99733e+15 9.64479e+15 1.97969e+16 3.50876e+16 5.50401e+16 7.69415e+16 9.75194e+16 1.12008e+17 1.17222e+17 0 0 0 0 0 0 0 0 0 0 0 0 0 0 0 0 0 0 0 0 0 0 0 0 0 0 0 0 0 0 0 0 
0 0 0 0 0 0 0 0 0 0 0 0 0 0 0 0 0 0 0 7.81359e+10 1.88484e+12 1.91446e+13 1.18576e+14 5.09906e+14 1.67166e+15 4.43551e+15 9.74167e+15 1.83748e+16 3.0232e+16 4.39615e+16 5.69514e+16 6.64505e+16 6.98077e+16 0 0 0 0 0 0 0 0 0 0 0 0 0 0 0 0 0 0 0 0 0 0 0 0 0 0 0 0 0 0 0 0 
0 0 0 0 0 0 0 0 0 0 0 0 0 0 0 0 0 0 0 5.65518e+09 2.9596e+11 4.26797e+12 3.27123e+13 1.6563e+14 6.17164e+14 1.78969e+15 4.26822e+15 8.56691e+15 1.47264e+16 2.22909e+16 2.96411e+16 3.50418e+16 3.70663e+16 0 0 0 0 0 0 0 0 0 0 0 0 0 0 0 0 0 0 0 0 0 0 0 0 0 0 0 0 0 0 0 0 
0 0 0 0 0 0 0 0 0 0 0 0 0 0 0 0 0 0 0 0 3.32255e+10 7.73922e+11 7.73577e+12 4.69353e+13 1.98708e+14 6.41043e+14 1.66069e+15 3.55072e+15 6.45249e+15 1.00512e+16 1.3698e+16 1.65068e+16 1.75167e+16 0 0 0 0 0 0 0 0 0 0 0 0 0 0 0 0 0 0 0 0 0 0 0 0 0 0 0 0 0 0 0 0 
0 0 0 0 0 0 0 0 0 0 0 0 0 0 0 0 0 0 0 0 2.40065e+09 1.12071e+11 1.55048e+12 1.15288e+13 5.68331e+13 2.05103e+14 5.74834e+14 1.31641e+15 2.51052e+15 4.07249e+15 5.72556e+15 7.00424e+15 7.47679e+15 0 0 0 0 0 0 0 0 0 0 0 0 0 0 0 0 0 0 0 0 0 0 0 0 0 0 0 0 0 0 0 0 
0 0 0 0 0 0 0 0 0 0 0 0 0 0 0 0 0 0 0 0 0 1.18905e+10 2.59824e+11 2.46102e+12 1.43168e+13 5.83671e+13 1.79434e+14 4.37791e+14 8.86571e+14 1.50052e+15 2.16623e+15 2.68503e+15 2.89239e+15 0 0 0 0 0 0 0 0 0 0 0 0 0 0 0 0 0 0 0 0 0 0 0 0 0 0 0 0 0 0 0 0 
0 0 0 0 0 0 0 0 0 0 0 0 0 0 0 0 0 0 0 0 0 9.18135e+08 3.56294e+10 4.50904e+11 3.17193e+12 1.47579e+13 5.04763e+13 1.33579e+14 2.82199e+14 5.02129e+14 7.4366e+14 9.36312e+14 1.01319e+15 0 0 0 0 0 0 0 0 0 0 0 0 0 0 0 0 0 0 0 0 0 0 0 0 0 0 0 0 0 0 0 0 
0 0 0 0 0 0 0 0 0 0 0 0 0 0 0 0 0 0 0 0 0 0 3.64127e+09 7.14375e+10 6.21555e+11 3.37115e+12 1.28273e+13 3.67236e+13 8.28647e+13 1.52119e+14 2.34104e+14 3.00352e+14 3.25155e+14 0 0 0 0 0 0 0 0 0 0 0 0 0 0 0 0 0 0 0 0 0 0 0 0 0 0 0 0 0 0 0 0 
0 0 0 0 0 0 0 0 0 0 0 0 0 0 0 0 0 0 0 0 0 0 3.233e+08 9.53878e+09 1.0722e+11 6.87815e+11 2.94186e+12 9.23861e+12 2.22277e+13 4.25558e+13 6.72999e+13 8.80491e+13 9.6139e+13 0 0 0 0 0 0 0 0 0 0 0 0 0 0 0 0 0 0 0 0 0 0 0 0 0 0 0 0 0 0 0 0 
0 0 0 0 0 0 0 0 0 0 0 0 0 0 0 0 0 0 0 0 0 0 0 9.55181e+08 1.63896e+10 1.26043e+11 6.14611e+11 2.12506e+12 5.48177e+12 1.11594e+13 1.80101e+13 2.41432e+13 2.64622e+13 0 0 0 0 0 0 0 0 0 0 0 0 0 0 0 0 0 0 0 0 0 0 0 0 0 0 0 0 0 0 0 0 
0 0 0 0 0 0 0 0 0 0 0 0 0 0 0 0 0 0 0 0 0 0 0 1.05123e+08 2.1858e+09 2.12154e+10 1.17999e+11 4.47067e+11 1.25784e+12 2.67225e+12 4.50413e+12 6.1122e+12 6.7783e+12 0 0 0 0 0 0 0 0 0 0 0 0 0 0 0 0 0 0 0 0 0 0 0 0 0 0 0 0 0 0 0 0 
0 0 0 0 0 0 0 0 0 0 0 0 0 0 0 0 0 0 0 0 0 0 0 0 2.22052e+08 3.16956e+09 2.09115e+10 8.75511e+10 2.65929e+11 5.98148e+11 1.05512e+12 1.45625e+12 1.6244e+12 0 0 0 0 0 0 0 0 0 0 0 0 0 0 0 0 0 0 0 0 0 0 0 0 0 0 0 0 0 0 0 0 
0 0 0 0 0 0 0 0 0 0 0 0 0 0 0 0 0 0 0 0 0 0 0 0 3.17814e+07 4.50918e+08 3.46966e+09 1.64998e+10 5.33559e+10 1.27507e+11 2.31275e+11 3.29233e+11 3.69307e+11 0 0 0 0 0 0 0 0 0 0 0 0 0 0 0 0 0 0 0 0 0 0 0 0 0 0 0 0 0 0 0 0 
0 0 0 0 0 0 0 0 0 0 0 0 0 0 0 0 0 0 0 0 0 0 0 0 0 4.51555e+07 5.37283e+08 2.89142e+09 1.01311e+10 2.56181e+10 4.84521e+10 7.07716e+10 7.96576e+10 0 0 0 0 0 0 0 0 0 0 0 0 0 0 0 0 0 0 0 0 0 0 0 0 0 0 0 0 0 0 0 0 
0 0 0 0 0 0 0 0 0 0 0 0 0 0 0 0 0 0 0 0 0 0 0 0 0 8.6711e+06 8.22619e+07 4.82407e+08 1.90352e+09 5.01483e+09 9.85298e+09 1.45867e+10 1.68121e+10 0 0 0 0 0 0 0 0 0 0 0 0 0 0 0 0 0 0 0 0 0 0 0 0 0 0 0 0 0 0 0 0 
0 0 0 0 0 0 0 0 0 0 0 0 0 0 0 0 0 0 0 0 0 0 0 0 0 0 7.82228e+06 8.05988e+07 3.3782e+08 9.51014e+08 1.97353e+09 2.93463e+09 3.43898e+09 0 0 0 0 0 0 0 0 0 0 0 0 0 0 0 0 0 0 0 0 0 0 0 0 0 0 0 0 0 0 0 0 
0 0 0 0 0 0 0 0 0 0 0 0 0 0 0 0 0 0 0 0 0 0 0 0 0 0 2.09474e+06 1.31552e+07 5.71513e+07 1.86323e+08 3.80782e+08 5.90887e+08 6.69311e+08 0 0 0 0 0 0 0 0 0 0 0 0 0 0 0 0 0 0 0 0 0 0 0 0 0 0 0 0 0 0 0 0 
0 0 0 0 0 0 0 0 0 0 0 0 0 0 0 0 0 0 0 0 0 0 0 0 0 0 0 1.08978e+06 1.09358e+07 3.29366e+07 7.38629e+07 1.1971e+08 1.34304e+08 0 0 0 0 0 0 0 0 0 0 0 0 0 0 0 0 0 0 0 0 0 0 0 0 0 0 0 0 0 0 0 0 
0 0 0 0 0 0 0 0 0 0 0 0 0 0 0 0 0 0 0 0 0 0 0 0 0 0 0 433316 1.73141e+06 5.62226e+06 1.5278e+07 2.23413e+07 2.8547e+07 0 0 0 0 0 0 0 0 0 0 0 0 0 0 0 0 0 0 0 0 0 0 0 0 0 0 0 0 0 0 0 0 
0 0 0 0 0 0 0 0 0 0 0 0 0 0 0 0 0 0 0 0 0 0 0 0 0 0 0 0 112582 1.25503e+06 2.42141e+06 4.69582e+06 5.22968e+06 0 0 0 0 0 0 0 0 0 0 0 0 0 0 0 0 0 0 0 0 0 0 0 0 0 0 0 0 0 0 0 0 
0 0 0 0 0 0 0 0 0 0 0 0 0 0 0 0 0 0 0 0 0 0 0 0 0 0 0 0 74225.5 172691 464269 966202 935734 0 0 0 0 0 0 0 0 0 0 0 0 0 0 0 0 0 0 0 0 0 0 0 0 0 0 0 0 0 0 0 0 
0 0 0 0 0 0 0 0 0 0 0 0 0 0 0 0 0 0 0 0 0 0 0 0 0 0 0 0 0 7669.66 117017 112706 240405 0 0 0 0 0 0 0 0 0 0 0 0 0 0 0 0 0 0 0 0 0 0 0 0 0 0 0 0 0 0 0 0 
0 0 0 0 0 0 0 0 0 0 0 0 0 0 0 0 0 0 0 0 0 0 0 0 0 0 0 0 0 10022.5 11655.2 32798.1 37675.7 0 0 0 0 0 0 0 0 0 0 0 0 0 0 0 0 0 0 0 0 0 0 0 0 0 0 0 0 0 0 0 0 
0 0 0 0 0 0 0 0 0 0 0 0 0 0 0 0 0 0 0 0 0 0 0 0 0 0 0 0 0 0 256.091 7723.96 2081.34 0 0 0 0 0 0 0 0 0 0 0 0 0 0 0 0 0 0 0 0 0 0 0 0 0 0 0 0 0 0 0 0 
0 0 0 0 0 0 0 0 0 0 0 0 0 0 0 0 0 0 0 0 0 0 0 0 0 0 0 0 0 0 995.634 385.258 1944.68 0 0 0 0 0 0 0 0 0 0 0 0 0 0 0 0 0 0 0 0 0 0 0 0 0 0 0 0 0 0 0 0 
0 0 0 0 0 0 0 0 0 0 0 0 0 0 0 0 0 0 0 0 0 0 0 0 0 0 0 0 0 0 0 0 256.923 0 0 0 0 0 0 0 0 0 0 0 0 0 0 0 0 0 0 0 0 0 0 0 0 0 0 0 0 0 0 0 0 
0 0 0 0 0 0 0 0 0 0 0 0 0 0 0 0 0 0 0 0 0 0 0 0 0 0 0 0 0 0 0 64.2345 0 0 0 0 0 0 0 0 0 0 0 0 0 0 0 0 0 0 0 0 0 0 0 0 0 0 0 0 0 0 0 0 0 
0 0 0 0 0 0 0 0 0 0 0 0 0 0 0 0 0 0 0 0 0 0 0 0 0 0 0 0 0 0 0 0 0 0 0 0 0 0 0 0 0 0 0 0 0 0 0 0 0 0 0 0 0 0 0 0 0 0 0 0 0 0 0 0 0 
0 0 0 0 0 0 0 0 0 0 0 0 0 0 0 0 0 0 0 0 0 0 0 0 0 0 0 0 0 0 0 0 2.00733 0 0 0 0 0 0 0 0 0 0 0 0 0 0 0 0 0 0 0 0 0 0 0 0 0 0 0 0 0 0 0 0 
