1 0 0 0 0 0 0 0 0 0 0 0 0 0 0 0 0 
0 0 0 0 0 0 0 0 0 0 0 0 0 0 0 0 0 
0 16 0 0 0 0 0 0 0 0 0 0 0 0 0 0 0 
0 0 32 0 0 0 0 0 0 0 0 0 0 0 0 0 0 
0 0 88 95.8994 23.9749 0 0 0 8.0065 0 0 0 0 0 0 0 0 
0 0 0 256.201 255.934 191.826 96.0363 64.052 0 0 0 0 0 0 0 0 0 
0 0 0 207.899 736.011 687.758 704.678 623.544 767.86 0 0 0 0 0 0 0 0 
0 0 0 0 576.276 1664.7 1823.12 1921.64 1598.53 0 0 0 0 0 0 0 0 
0 0 0 0 227.804 1247.84 2928.04 3678.92 4360.57 0 0 0 0 0 0 0 0 
0 0 0 0 0 448.034 1567.71 3135.37 3260.11 0 0 0 0 0 0 0 0 
0 0 0 0 0 127.833 768.393 1392.05 2112.53 0 0 0 0 0 0 0 0 
0 0 0 0 0 0 64.0322 512.27 576.377 0 0 0 0 0 0 0 0 
0 0 0 0 0 0 55.9985 96.1518 120.06 0 0 0 0 0 0 0 0 
0 0 0 0 0 0 0 0 63.9483 0 0 0 0 0 0 0 0 
0 0 0 0 0 0 0 15.9996 0 0 0 0 0 0 0 0 0 
0 0 0 0 0 0 0 0 0 0 0 0 0 0 0 0 0 
0 0 0 0 0 0 0 0 1.99995 0 0 0 0 0 0 0 0 
