1 0 0 0 0 0 0 0 0 0 0 0 0 0 0 0 0 
0 0 0 0 0 0 0 0 0 0 0 0 0 0 0 0 0 
0 16 0 0 0 0 0 0 0 0 0 0 0 0 0 0 0 
0 0 32 0 0 0 0 0 0 0 0 0 0 0 0 0 0 
0 0 88 95.9587 23.9897 0 0 0 7.97167 0 0 0 0 0 0 0 0 
0 0 0 256.083 256.107 191.933 96.115 63.7733 0 0 0 0 0 0 0 0 0 
0 0 0 207.959 735.752 687.872 703.135 624.685 768.074 0 0 0 0 0 0 0 0 
0 0 0 0 576.219 1664.37 1826.1 1920.51 1598.06 0 0 0 0 0 0 0 0 
0 0 0 0 227.934 1247.94 2925.71 3676.66 4358.73 0 0 0 0 0 0 0 0 
0 0 0 0 0 447.846 1569.04 3138.59 3263.25 0 0 0 0 0 0 0 0 
0 0 0 0 0 128.035 768.014 1392.41 2112.39 0 0 0 0 0 0 0 0 
0 0 0 0 0 0 63.8684 511.751 575.964 0 0 0 0 0 0 0 0 
0 0 0 0 0 0 56.011 95.6323 119.617 0 0 0 0 0 0 0 0 
0 0 0 0 0 0 0 0 63.9421 0 0 0 0 0 0 0 0 
0 0 0 0 0 0 0 16.0031 0 0 0 0 0 0 0 0 0 
0 0 0 0 0 0 0 0 0 0 0 0 0 0 0 0 0 
0 0 0 0 0 0 0 0 2.00039 0 0 0 0 0 0 0 0 
