1 0 0 0 0 0 0 0 0 0 0 0 0 0 0 0 0 
0 0 0 0 0 0 0 0 0 0 0 0 0 0 0 0 0 
0 16 0 0 0 0 0 0 0 0 0 0 0 0 0 0 0 
0 0 32 0 0 0 0 0 0 0 0 0 0 0 0 0 0 
0 0 88 96.0314 24.0079 0 0 0 8.01015 0 0 0 0 0 0 0 0 
0 0 0 255.937 256.046 191.983 95.735 64.0812 0 0 0 0 0 0 0 0 0 
0 0 0 208.031 735.896 688.67 704.341 623.493 768.258 0 0 0 0 0 0 0 0 
0 0 0 0 576.039 1662.26 1823.91 1917.58 1595.84 0 0 0 0 0 0 0 0 
0 0 0 0 228.011 1248.99 2927.78 3684.96 4361.67 0 0 0 0 0 0 0 0 
0 0 0 0 0 448.631 1568.38 3133.64 3262.13 0 0 0 0 0 0 0 0 
0 0 0 0 0 127.461 768.029 1393.16 2113.17 0 0 0 0 0 0 0 0 
0 0 0 0 0 0 63.9576 511.418 575.644 0 0 0 0 0 0 0 0 
0 0 0 0 0 0 55.8723 95.7032 119.382 0 0 0 0 0 0 0 0 
0 0 0 0 0 0 0 0 63.9006 0 0 0 0 0 0 0 0 
0 0 0 0 0 0 0 15.9635 0 0 0 0 0 0 0 0 0 
0 0 0 0 0 0 0 0 0 0 0 0 0 0 0 0 0 
0 0 0 0 0 0 0 0 1.99544 0 0 0 0 0 0 0 0 
