1 0 0 0 0 0 0 0 0 0 0 0 0 0 0 0 0 
0 0 0 0 0 0 0 0 0 0 0 0 0 0 0 0 0 
0 16 0 0 0 0 0 0 0 0 0 0 0 0 0 0 0 
0 0 32 0 0 0 0 0 0 0 0 0 0 0 0 0 0 
0 0 88 96.1047 24.0262 0 0 0 7.95172 0 0 0 0 0 0 0 0 
0 0 0 255.791 255.902 191.659 96.2041 63.6137 0 0 0 0 0 0 0 0 0 
0 0 0 208.105 736.666 688.566 702.233 624.114 767.967 0 0 0 0 0 0 0 0 
0 0 0 0 574.856 1664.66 1827.09 1921.67 1600.49 0 0 0 0 0 0 0 0 
0 0 0 0 228.549 1246.82 2927.41 3677.21 4356.09 0 0 0 0 0 0 0 0 
0 0 0 0 0 447.833 1566.48 3139.24 3264.38 0 0 0 0 0 0 0 0 
0 0 0 0 0 128.468 768.189 1389.53 2109.55 0 0 0 0 0 0 0 0 
0 0 0 0 0 0 64.2508 512.135 577.667 0 0 0 0 0 0 0 0 
0 0 0 0 0 0 56.1404 96.4496 119.768 0 0 0 0 0 0 0 0 
0 0 0 0 0 0 0 0 64.1294 0 0 0 0 0 0 0 0 
0 0 0 0 0 0 0 16.0401 0 0 0 0 0 0 0 0 0 
0 0 0 0 0 0 0 0 0 0 0 0 0 0 0 0 0 
0 0 0 0 0 0 0 0 2.00501 0 0 0 0 0 0 0 0 
