1 0 0 0 0 0 0 0 0 0 0 0 0 0 0 0 0 
0 0 0 0 0 0 0 0 0 0 0 0 0 0 0 0 0 
0 16 0 0 0 0 0 0 0 0 0 0 0 0 0 0 0 
0 0 32 0 0 0 0 0 0 0 0 0 0 0 0 0 0 
0 0 88 96.0015 24.0004 0 0 0 8.01338 0 0 0 0 0 0 0 0 
0 0 0 255.997 255.891 191.92 96.0776 64.107 0 0 0 0 0 0 0 0 0 
0 0 0 208.001 735.942 687.63 704.812 625.008 768.704 0 0 0 0 0 0 0 0 
0 0 0 0 576.442 1664.94 1823.77 1920.5 1601.41 0 0 0 0 0 0 0 0 
0 0 0 0 227.725 1247.7 2927.19 3677.97 4352.35 0 0 0 0 0 0 0 0 
0 0 0 0 0 447.645 1566.99 3135.09 3265.7 0 0 0 0 0 0 0 0 
0 0 0 0 0 128.159 768.815 1392.65 2110.7 0 0 0 0 0 0 0 0 
0 0 0 0 0 0 64.3813 512.244 576.633 0 0 0 0 0 0 0 0 
0 0 0 0 0 0 55.9676 96.4433 120.567 0 0 0 0 0 0 0 0 
0 0 0 0 0 0 0 0 63.9217 0 0 0 0 0 0 0 0 
0 0 0 0 0 0 0 15.9908 0 0 0 0 0 0 0 0 0 
0 0 0 0 0 0 0 0 0 0 0 0 0 0 0 0 0 
0 0 0 0 0 0 0 0 1.99884 0 0 0 0 0 0 0 0 
