1 0 0 0 0 0 0 0 0 0 0 0 0 0 0 0 0 
0 0 0 0 0 0 0 0 0 0 0 0 0 0 0 0 0 
0 16 0 0 0 0 0 0 0 0 0 0 0 0 0 0 0 
0 0 32 0 0 0 0 0 0 0 0 0 0 0 0 0 0 
0 0 88 96.032 24.008 0 0 0 8.03644 0 0 0 0 0 0 0 0 
0 0 0 255.936 256.394 192.474 96.2898 64.2915 0 0 0 0 0 0 0 0 0 
0 0 0 208.032 735.374 687.754 705.025 624.049 767.46 0 0 0 0 0 0 0 0 
0 0 0 0 576.04 1663.04 1823.3 1918.52 1600.86 0 0 0 0 0 0 0 0 
0 0 0 0 228.185 1248.73 2926.14 3682.54 4355.21 0 0 0 0 0 0 0 0 
0 0 0 0 0 448.033 1568.41 3134 3264.46 0 0 0 0 0 0 0 0 
0 0 0 0 0 127.968 768.638 1392.53 2112.11 0 0 0 0 0 0 0 0 
0 0 0 0 0 0 64.2765 511.799 576.296 0 0 0 0 0 0 0 0 
0 0 0 0 0 0 55.9273 96.2899 119.429 0 0 0 0 0 0 0 0 
0 0 0 0 0 0 0 0 64.134 0 0 0 0 0 0 0 0 
0 0 0 0 0 0 0 15.9792 0 0 0 0 0 0 0 0 0 
0 0 0 0 0 0 0 0 0 0 0 0 0 0 0 0 0 
0 0 0 0 0 0 0 0 1.99741 0 0 0 0 0 0 0 0 
