1 0 0 0 0 0 0 0 0 0 0 0 0 0 0 0 0 
0 0 0 0 0 0 0 0 0 0 0 0 0 0 0 0 0 
0 16 0 0 0 0 0 0 0 0 0 0 0 0 0 0 0 
0 0 32 0 0 0 0 0 0 0 0 0 0 0 0 0 0 
0 0 88 95.9551 23.9888 0 0 0 8.0227 0 0 0 0 0 0 0 0 
0 0 0 256.09 256.095 192.092 96.0066 64.1816 0 0 0 0 0 0 0 0 0 
0 0 0 207.955 735.833 688.002 704.469 624.423 767.622 0 0 0 0 0 0 0 0 
0 0 0 0 576.094 1663.59 1824.41 1919.11 1601.95 0 0 0 0 0 0 0 0 
0 0 0 0 227.989 1248.87 2926.51 3681.28 4354.55 0 0 0 0 0 0 0 0 
0 0 0 0 0 447.036 1568.3 3135.95 3264.77 0 0 0 0 0 0 0 0 
0 0 0 0 0 128.413 768.054 1389.21 2109.68 0 0 0 0 0 0 0 0 
0 0 0 0 0 0 64.0321 513.392 576.538 0 0 0 0 0 0 0 0 
0 0 0 0 0 0 56.2143 96.3954 120.773 0 0 0 0 0 0 0 0 
0 0 0 0 0 0 0 0 64.0766 0 0 0 0 0 0 0 0 
0 0 0 0 0 0 0 16.0612 0 0 0 0 0 0 0 0 0 
0 0 0 0 0 0 0 0 0 0 0 0 0 0 0 0 0 
0 0 0 0 0 0 0 0 2.00765 0 0 0 0 0 0 0 0 
