1 0 0 0 0 0 0 0 0 0 0 0 0 0 0 0 0 
0 0 0 0 0 0 0 0 0 0 0 0 0 0 0 0 0 
0 16 0 0 0 0 0 0 0 0 0 0 0 0 0 0 0 
0 0 32 0 0 0 0 0 0 0 0 0 0 0 0 0 0 
0 0 88 95.9381 23.9845 0 0 0 8.00453 0 0 0 0 0 0 0 0 
0 0 0 256.124 256.131 191.748 96.011 64.0362 0 0 0 0 0 0 0 0 0 
0 0 0 207.938 735.276 688.706 703.856 624.498 767.211 0 0 0 0 0 0 0 0 
0 0 0 0 577.117 1662.77 1824.57 1918.7 1601.82 0 0 0 0 0 0 0 0 
0 0 0 0 227.492 1248.71 2926.75 3679.54 4351.58 0 0 0 0 0 0 0 0 
0 0 0 0 0 448.699 1568.77 3136.47 3269.1 0 0 0 0 0 0 0 0 
0 0 0 0 0 127.364 768.254 1394.39 2111.15 0 0 0 0 0 0 0 0 
0 0 0 0 0 0 64.1357 510.68 575.314 0 0 0 0 0 0 0 0 
0 0 0 0 0 0 55.6568 95.7786 120.14 0 0 0 0 0 0 0 0 
0 0 0 0 0 0 0 0 63.6931 0 0 0 0 0 0 0 0 
0 0 0 0 0 0 0 15.9019 0 0 0 0 0 0 0 0 0 
0 0 0 0 0 0 0 0 0 0 0 0 0 0 0 0 0 
0 0 0 0 0 0 0 0 1.98774 0 0 0 0 0 0 0 0 
