1 0 0 0 0 0 0 0 0 0 0 0 0 0 0 0 0 
0 0 0 0 0 0 0 0 0 0 0 0 0 0 0 0 0 
0 16 0 0 0 0 0 0 0 0 0 0 0 0 0 0 0 
0 0 32 0 0 0 0 0 0 0 0 0 0 0 0 0 0 
0 0 88 96.0467 24.0117 0 0 0 7.98473 0 0 0 0 0 0 0 0 
0 0 0 255.907 256.069 192.007 96.0679 63.8778 0 0 0 0 0 0 0 0 0 
0 0 0 208.047 735.991 688.52 705.107 625.242 767.597 0 0 0 0 0 0 0 0 
0 0 0 0 575.764 1663.1 1822.52 1918.44 1601.64 0 0 0 0 0 0 0 0 
0 0 0 0 228.164 1248.33 2928.26 3680.27 4355.26 0 0 0 0 0 0 0 0 
0 0 0 0 0 447.927 1567.31 3134.96 3260.47 0 0 0 0 0 0 0 0 
0 0 0 0 0 128.116 768.704 1394.08 2117.07 0 0 0 0 0 0 0 0 
0 0 0 0 0 0 63.9054 511.176 573.747 0 0 0 0 0 0 0 0 
0 0 0 0 0 0 56.1251 95.9213 120.233 0 0 0 0 0 0 0 0 
0 0 0 0 0 0 0 0 63.9883 0 0 0 0 0 0 0 0 
0 0 0 0 0 0 0 16.0357 0 0 0 0 0 0 0 0 0 
0 0 0 0 0 0 0 0 0 0 0 0 0 0 0 0 0 
0 0 0 0 0 0 0 0 2.00447 0 0 0 0 0 0 0 0 
