1 0 0 0 0 0 0 0 0 0 0 0 0 0 0 0 0 
0 0 0 0 0 0 0 0 0 0 0 0 0 0 0 0 0 
0 16 0 0 0 0 0 0 0 0 0 0 0 0 0 0 0 
0 0 32 0 0 0 0 0 0 0 0 0 0 0 0 0 0 
0 0 88 96.0713 24.0178 0 0 0 7.98935 0 0 0 0 0 0 0 0 
0 0 0 255.857 256.042 192.09 95.9388 63.9148 0 0 0 0 0 0 0 0 0 
0 0 0 208.071 736.232 688.134 704.316 623.374 767.023 0 0 0 0 0 0 0 0 
0 0 0 0 575.34 1663.93 1822.62 1920.77 1601.26 0 0 0 0 0 0 0 0 
0 0 0 0 228.369 1247.2 2930.63 3678.49 4356.29 0 0 0 0 0 0 0 0 
0 0 0 0 0 448.811 1565.89 3139.54 3264.91 0 0 0 0 0 0 0 0 
0 0 0 0 0 127.831 768.565 1389.87 2109.78 0 0 0 0 0 0 0 0 
0 0 0 0 0 0 64.0987 512.116 576.361 0 0 0 0 0 0 0 0 
0 0 0 0 0 0 55.9376 95.9374 120.219 0 0 0 0 0 0 0 0 
0 0 0 0 0 0 0 0 64.1677 0 0 0 0 0 0 0 0 
0 0 0 0 0 0 0 15.9822 0 0 0 0 0 0 0 0 0 
0 0 0 0 0 0 0 0 0 0 0 0 0 0 0 0 0 
0 0 0 0 0 0 0 0 1.99777 0 0 0 0 0 0 0 0 
