1 0 0 0 0 0 0 0 0 0 0 0 0 0 0 0 0 0 0 0 0 0 0 0 0 0 0 0 0 0 0 0 0 0 0 0 0 0 0 0 0 0 0 0 0 0 0 0 0 0 0 0 0 0 0 0 0 0 0 0 0 0 0 0 0 
0 0 0 0 0 0 0 0 0 0 0 0 0 0 0 0 0 0 0 0 0 0 0 0 0 0 0 0 0 0 0 0 0 0 0 0 0 0 0 0 0 0 0 0 0 0 0 0 0 0 0 0 0 0 0 0 0 0 0 0 0 0 0 0 0 
0 64 0 0 0 0 0 0 0 0 0 0 0 0 0 0 0 0 0 0 0 0 0 0 0 0 0 0 0 0 0 0 0 0 0 0 0 0 0 0 0 0 0 0 0 0 0 0 0 0 0 0 0 0 0 0 0 0 0 0 0 0 0 0 0 
0 0 128 0 0 0 0 0 0 0 0 0 0 0 0 0 0 0 0 0 0 0 0 0 0 0 0 0 0 0 0 0 0 0 0 0 0 0 0 0 0 0 0 0 0 0 0 0 0 0 0 0 0 0 0 0 0 0 0 0 0 0 0 0 0 
0 0 1888 390.992 65.2957 0 0 0 0 0 0 0 0 0 0 0 0 0 0 0 0 0 0 0 0 0 0 0 0 0 0 0 0 0 0 0 0 0 0 0 0 0 0 0 0 0 0 0 0 0 0 0 0 0 0 0 0 0 0 0 0 0 0 0 0 
0 0 0 7154.02 1170.02 520.73 130.834 0 0 0 0 0 0 0 0 0 0 0 0 0 0 0 0 0 0 0 0 0 0 0 0 0 0 0 0 0 0 0 0 0 0 0 0 0 0 0 0 0 0 0 0 0 0 0 0 0 0 0 0 0 0 0 0 0 0 
0 0 0 34119 27433.4 6900.19 2581.59 1409.17 371.599 68.6425 0 0 0 0 0 0 0 0 0 0 0 0 0 0 0 0 0 0 0 0 0 0 0 0 0 0 0 0 0 0 0 0 0 0 0 0 0 0 0 0 0 0 0 0 0 0 0 0 0 0 0 0 0 0 0 
0 0 0 0 183410 97383.1 43216.9 16830.5 8436.33 4461.76 1930.78 521.454 118.494 0 0 0 0 0 0 0 0 0 0 0 0 0 0 0 0 0 0 0 0 0 0 0 0 0 0 0 0 0 0 0 0 0 0 0 0 0 0 0 0 0 0 0 0 0 0 0 0 0 0 0 0 
0 0 0 0 423297 830467 414508 225937 121842 59485.5 33029.9 19939.1 9671.73 4398.63 1410.07 376.225 84.6775 0 0 0 0 0 0 0 15.5217 0 0 0 0 0 0 0 15.7534 0 0 0 0 0 0 0 0 0 0 0 0 0 0 0 0 0 0 0 0 0 0 0 0 0 0 0 0 0 0 0 0 
0 0 0 0 0 2.85767e+06 3.32748e+06 1.98073e+06 1.1459e+06 720934 431478 247312 155204 93660.7 55024.4 29160.7 14031.8 5732.83 2123.45 804.607 348.095 238.107 259.895 253.294 0 275.338 234.032 233.303 266.223 253.879 240.956 258.691 0 0 0 0 0 0 0 0 0 0 0 0 0 0 0 0 0 0 0 0 0 0 0 0 0 0 0 0 0 0 0 0 0 
0 0 0 0 0 3.83157e+06 1.45871e+07 1.35988e+07 9.38603e+06 6.11998e+06 4.00482e+06 2.67168e+06 1.77256e+06 1.17481e+06 770189 501049 322957 206220 121564 69564.2 37560.8 21032.4 13354.5 10645.3 11653.2 9146.07 9501.15 8891.08 9182.61 9255.9 9118.76 9403.02 11329.3 0 0 0 0 0 0 0 0 0 0 0 0 0 0 0 0 0 0 0 0 0 0 0 0 0 0 0 0 0 0 0 0 
0 0 0 0 0 0 3.0357e+07 6.36852e+07 5.74999e+07 4.34968e+07 3.15417e+07 2.21131e+07 1.58877e+07 1.15158e+07 8.21224e+06 5.78879e+06 4.14399e+06 2.94903e+06 2.07416e+06 1.51291e+06 1.02108e+06 712837 492416 364906 292885 241316 222743 222452 216363 211125 216025 211490 205030 0 0 0 0 0 0 0 0 0 0 0 0 0 0 0 0 0 0 0 0 0 0 0 0 0 0 0 0 0 0 0 0 
0 0 0 0 0 0 2.62423e+07 1.69312e+08 2.62773e+08 2.46273e+08 1.99275e+08 1.56357e+08 1.19657e+08 9.04097e+07 6.95671e+07 5.24592e+07 4.03054e+07 3.07616e+07 2.37391e+07 1.8212e+07 1.36832e+07 1.04862e+07 8.35591e+06 6.70269e+06 5.52718e+06 4.559e+06 3.97663e+06 3.59297e+06 3.31351e+06 3.15713e+06 3.11491e+06 3.22818e+06 3.19924e+06 0 0 0 0 0 0 0 0 0 0 0 0 0 0 0 0 0 0 0 0 0 0 0 0 0 0 0 0 0 0 0 0 
0 0 0 0 0 0 0 2.32826e+08 7.85042e+08 1.06867e+09 1.04083e+09 9.04729e+08 7.5407e+08 6.12869e+08 4.89319e+08 3.93821e+08 3.16157e+08 2.54671e+08 2.07433e+08 1.66086e+08 1.34475e+08 1.08608e+08 9.11627e+07 7.63698e+07 6.43151e+07 5.55466e+07 5.03021e+07 4.55987e+07 4.17182e+07 3.93157e+07 3.83993e+07 3.80295e+07 3.71955e+07 0 0 0 0 0 0 0 0 0 0 0 0 0 0 0 0 0 0 0 0 0 0 0 0 0 0 0 0 0 0 0 0 
0 0 0 0 0 0 0 1.3957e+08 1.385e+09 3.2985e+09 4.28552e+09 4.3371e+09 3.97755e+09 3.48127e+09 2.9655e+09 2.53417e+09 2.11547e+09 1.79989e+09 1.49411e+09 1.26232e+09 1.06649e+09 9.23672e+08 7.90719e+08 6.79565e+08 5.92398e+08 5.32208e+08 4.77339e+08 4.42417e+08 4.11853e+08 3.94354e+08 3.81747e+08 3.68907e+08 3.69868e+08 0 0 0 0 0 0 0 0 0 0 0 0 0 0 0 0 0 0 0 0 0 0 0 0 0 0 0 0 0 0 0 0 
0 0 0 0 0 0 0 0 1.33962e+09 6.66837e+09 1.31373e+10 1.68168e+10 1.77236e+10 1.70158e+10 1.56148e+10 1.40484e+10 1.23823e+10 1.08731e+10 9.40573e+09 8.30727e+09 7.28507e+09 6.43703e+09 5.69733e+09 5.13348e+09 4.57261e+09 4.16064e+09 3.87136e+09 3.56316e+09 3.34287e+09 3.21022e+09 3.11579e+09 3.08458e+09 3.04822e+09 0 0 0 0 0 0 0 0 0 0 0 0 0 0 0 0 0 0 0 0 0 0 0 0 0 0 0 0 0 0 0 0 
0 0 0 0 0 0 0 0 5.85564e+08 8.32033e+09 2.84044e+10 5.04141e+10 6.45397e+10 7.02824e+10 7.07978e+10 6.75961e+10 6.30087e+10 5.75868e+10 5.32447e+10 4.78485e+10 4.34067e+10 3.9413e+10 3.61385e+10 3.28465e+10 3.03282e+10 2.78605e+10 2.59471e+10 2.46158e+10 2.34437e+10 2.26258e+10 2.20104e+10 2.16166e+10 2.14881e+10 0 0 0 0 0 0 0 0 0 0 0 0 0 0 0 0 0 0 0 0 0 0 0 0 0 0 0 0 0 0 0 0 
0 0 0 0 0 0 0 0 0 5.92855e+09 4.08712e+10 1.11385e+11 1.8698e+11 2.41666e+11 2.70784e+11 2.83757e+11 2.8119e+11 2.72735e+11 2.59614e+11 2.46022e+11 2.29062e+11 2.13176e+11 2.01422e+11 1.86136e+11 1.74599e+11 1.6452e+11 1.56281e+11 1.4932e+11 1.43391e+11 1.39534e+11 1.38111e+11 1.34503e+11 1.33817e+11 0 0 0 0 0 0 0 0 0 0 0 0 0 0 0 0 0 0 0 0 0 0 0 0 0 0 0 0 0 0 0 0 
0 0 0 0 0 0 0 0 0 1.95948e+09 3.77315e+10 1.74213e+11 4.10566e+11 6.66454e+11 8.7241e+11 1.01017e+12 1.09164e+12 1.12236e+12 1.11822e+12 1.10765e+12 1.0717e+12 1.03874e+12 9.84502e+11 9.48047e+11 8.99706e+11 8.6617e+11 8.35156e+11 8.0599e+11 7.81314e+11 7.76905e+11 7.49308e+11 7.43067e+11 7.42609e+11 0 0 0 0 0 0 0 0 0 0 0 0 0 0 0 0 0 0 0 0 0 0 0 0 0 0 0 0 0 0 0 0 
0 0 0 0 0 0 0 0 0 0 2.04776e+10 1.86512e+11 6.70999e+11 1.44366e+12 2.30306e+12 3.0476e+12 3.62206e+12 4.02574e+12 4.28584e+12 4.40773e+12 4.46067e+12 4.43017e+12 4.37041e+12 4.27256e+12 4.18633e+12 4.06778e+12 4.00998e+12 3.92568e+12 3.88929e+12 3.78317e+12 3.74214e+12 3.73033e+12 3.72387e+12 0 0 0 0 0 0 0 0 0 0 0 0 0 0 0 0 0 0 0 0 0 0 0 0 0 0 0 0 0 0 0 0 
0 0 0 0 0 0 0 0 0 0 5.28952e+09 1.31222e+11 7.85845e+11 2.39001e+12 4.83206e+12 7.63632e+12 1.02706e+13 1.24908e+13 1.42665e+13 1.54887e+13 1.64906e+13 1.6991e+13 1.74022e+13 1.75239e+13 1.74878e+13 1.73882e+13 1.72896e+13 1.72659e+13 1.70505e+13 1.68809e+13 1.67899e+13 1.6732e+13 1.66892e+13 0 0 0 0 0 0 0 0 0 0 0 0 0 0 0 0 0 0 0 0 0 0 0 0 0 0 0 0 0 0 0 0 
0 0 0 0 0 0 0 0 0 0 0 5.60426e+10 6.44161e+11 2.93953e+12 7.95715e+12 1.5439e+13 2.42526e+13 3.30536e+13 4.11246e+13 4.81305e+13 5.36345e+13 5.80033e+13 6.15622e+13 6.38947e+13 6.56056e+13 6.6528e+13 6.76123e+13 6.78e+13 6.80096e+13 6.83308e+13 6.85148e+13 6.81104e+13 6.79418e+13 0 0 0 0 0 0 0 0 0 0 0 0 0 0 0 0 0 0 0 0 0 0 0 0 0 0 0 0 0 0 0 0 
0 0 0 0 0 0 0 0 0 0 0 1.15674e+10 3.55802e+11 2.65145e+12 1.00292e+13 2.49635e+13 4.70393e+13 7.3983e+13 1.01793e+14 1.28991e+14 1.53822e+14 1.75857e+14 1.93422e+14 2.08268e+14 2.20049e+14 2.30514e+14 2.35589e+14 2.41641e+14 2.45885e+14 2.48779e+14 2.50778e+14 2.5104e+14 2.50846e+14 0 0 0 0 0 0 0 0 0 0 0 0 0 0 0 0 0 0 0 0 0 0 0 0 0 0 0 0 0 0 0 0 
0 0 0 0 0 0 0 0 0 0 0 0 1.22132e+11 1.7105e+12 9.57069e+12 3.15709e+13 7.37936e+13 1.35926e+14 2.13352e+14 2.97729e+14 3.82591e+14 4.63595e+14 5.39473e+14 6.04004e+14 6.60931e+14 7.05153e+14 7.46553e+14 7.79562e+14 8.02681e+14 8.22437e+14 8.32235e+14 8.3954e+14 8.4068e+14 0 0 0 0 0 0 0 0 0 0 0 0 0 0 0 0 0 0 0 0 0 0 0 0 0 0 0 0 0 0 0 0 
0 0 0 0 0 0 0 0 0 0 0 0 2.05969e+10 7.583e+11 6.78299e+12 3.09637e+13 9.225e+13 2.05271e+14 3.73385e+14 5.84441e+14 8.20988e+14 1.07112e+15 1.31401e+15 1.55172e+15 1.76058e+15 1.95331e+15 2.111e+15 2.24179e+15 2.36117e+15 2.43713e+15 2.49166e+15 2.52623e+15 2.55674e+15 0 0 0 0 0 0 0 0 0 0 0 0 0 0 0 0 0 0 0 0 0 0 0 0 0 0 0 0 0 0 0 0 
0 0 0 0 0 0 0 0 0 0 0 0 0 2.13678e+11 3.52877e+12 2.33618e+13 9.15282e+13 2.51762e+14 5.37656e+14 9.63135e+14 1.51092e+15 2.13668e+15 2.81684e+15 3.50252e+15 4.15847e+15 4.76121e+15 5.33963e+15 5.79936e+15 6.17291e+15 6.48693e+15 6.72157e+15 6.85484e+15 6.90347e+15 0 0 0 0 0 0 0 0 0 0 0 0 0 0 0 0 0 0 0 0 0 0 0 0 0 0 0 0 0 0 0 0 
0 0 0 0 0 0 0 0 0 0 0 0 0 3.01171e+10 1.28087e+12 1.33573e+13 7.11926e+13 2.47673e+14 6.3763e+14 1.32293e+15 2.33411e+15 3.64862e+15 5.19091e+15 6.86606e+15 8.62032e+15 1.02988e+16 1.18637e+16 1.32802e+16 1.4535e+16 1.54789e+16 1.62079e+16 1.66556e+16 1.67305e+16 0 0 0 0 0 0 0 0 0 0 0 0 0 0 0 0 0 0 0 0 0 0 0 0 0 0 0 0 0 0 0 0 
0 0 0 0 0 0 0 0 0 0 0 0 0 0 3.0166e+11 5.6956e+12 4.33443e+13 1.95896e+14 6.20719e+14 1.50903e+15 3.04035e+15 5.29348e+15 8.21765e+15 1.16792e+16 1.54866e+16 1.95034e+16 2.33426e+16 2.70021e+16 3.01689e+16 3.28362e+16 3.46888e+16 3.5819e+16 3.6288e+16 0 0 0 0 0 0 0 0 0 0 0 0 0 0 0 0 0 0 0 0 0 0 0 0 0 0 0 0 0 0 0 0 
0 0 0 0 0 0 0 0 0 0 0 0 0 0 3.61447e+10 1.72493e+12 2.03567e+13 1.23063e+14 4.87176e+14 1.42522e+15 3.31007e+15 6.48757e+15 1.11338e+16 1.71969e+16 2.43514e+16 3.22293e+16 4.04176e+16 4.82499e+16 5.52764e+16 6.11404e+16 6.58122e+16 6.8618e+16 6.959e+16 0 0 0 0 0 0 0 0 0 0 0 0 0 0 0 0 0 0 0 0 0 0 0 0 0 0 0 0 0 0 0 0 
0 0 0 0 0 0 0 0 0 0 0 0 0 0 0 3.43955e+11 7.22301e+12 6.1566e+13 3.11194e+14 1.10361e+15 3.01221e+15 6.69432e+15 1.27392e+16 2.14869e+16 3.28053e+16 4.61036e+16 6.05361e+16 7.52395e+16 8.90212e+16 1.00949e+17 1.10067e+17 1.1597e+17 1.17519e+17 0 0 0 0 0 0 0 0 0 0 0 0 0 0 0 0 0 0 0 0 0 0 0 0 0 0 0 0 0 0 0 0 
0 0 0 0 0 0 0 0 0 0 0 0 0 0 0 3.57261e+10 1.85322e+12 2.40802e+13 1.61075e+14 7.05809e+14 2.27556e+15 5.84058e+15 1.25061e+16 2.3098e+16 3.81043e+16 5.71485e+16 7.92768e+16 1.02472e+17 1.25418e+17 1.45818e+17 1.615e+17 1.71546e+17 1.75654e+17 0 0 0 0 0 0 0 0 0 0 0 0 0 0 0 0 0 0 0 0 0 0 0 0 0 0 0 0 0 0 0 0 
0 0 0 0 0 0 0 0 0 0 0 0 0 0 0 0 3.20828e+11 7.24566e+12 6.71448e+13 3.71369e+14 1.43923e+15 4.26544e+15 1.02904e+16 2.11177e+16 3.78957e+16 6.0884e+16 8.92894e+16 1.21598e+17 1.54202e+17 1.83589e+17 2.07881e+17 2.23421e+17 2.28993e+17 0 0 0 0 0 0 0 0 0 0 0 0 0 0 0 0 0 0 0 0 0 0 0 0 0 0 0 0 0 0 0 0 
0 0 0 0 0 0 0 0 0 0 0 0 0 0 0 0 2.92208e+10 1.60566e+12 2.23683e+13 1.6072e+14 7.58653e+14 2.64556e+15 7.25905e+15 1.65658e+16 3.24503e+16 5.62914e+16 8.77733e+16 1.24754e+17 1.64348e+17 2.03059e+17 2.33809e+17 2.54384e+17 2.60827e+17 0 0 0 0 0 0 0 0 0 0 0 0 0 0 0 0 0 0 0 0 0 0 0 0 0 0 0 0 0 0 0 0 
0 0 0 0 0 0 0 0 0 0 0 0 0 0 0 0 0 2.43781e+11 5.78929e+12 5.67844e+13 3.33598e+14 1.37287e+15 4.34928e+15 1.10942e+16 2.39254e+16 4.47345e+16 7.42967e+16 1.11574e+17 1.53225e+17 1.93728e+17 2.29077e+17 2.52726e+17 2.60616e+17 0 0 0 0 0 0 0 0 0 0 0 0 0 0 0 0 0 0 0 0 0 0 0 0 0 0 0 0 0 0 0 0 
0 0 0 0 0 0 0 0 0 0 0 0 0 0 0 0 0 2.00132e+10 1.12225e+12 1.6276e+13 1.22802e+14 6.07845e+14 2.21902e+15 6.38859e+15 1.52005e+16 3.08065e+16 5.47668e+16 8.69086e+16 1.24281e+17 1.62944e+17 1.9653e+17 2.1906e+17 2.28257e+17 0 0 0 0 0 0 0 0 0 0 0 0 0 0 0 0 0 0 0 0 0 0 0 0 0 0 0 0 0 0 0 0 
0 0 0 0 0 0 0 0 0 0 0 0 0 0 0 0 0 0 1.51739e+11 3.68502e+12 3.73437e+13 2.27213e+14 9.68116e+14 3.18132e+15 8.35284e+15 1.85171e+16 3.51805e+16 5.87568e+16 8.83096e+16 1.19399e+17 1.47374e+17 1.66994e+17 1.74068e+17 0 0 0 0 0 0 0 0 0 0 0 0 0 0 0 0 0 0 0 0 0 0 0 0 0 0 0 0 0 0 0 0 
0 0 0 0 0 0 0 0 0 0 0 0 0 0 0 0 0 0 1.15111e+10 6.37981e+11 9.34524e+12 7.22074e+13 3.65035e+14 1.35791e+15 4.00241e+15 9.63602e+15 1.97902e+16 3.51805e+16 5.50602e+16 7.71335e+16 9.74991e+16 1.12332e+17 1.16997e+17 0 0 0 0 0 0 0 0 0 0 0 0 0 0 0 0 0 0 0 0 0 0 0 0 0 0 0 0 0 0 0 0 
0 0 0 0 0 0 0 0 0 0 0 0 0 0 0 0 0 0 0 7.7857e+10 1.87953e+12 1.91607e+13 1.18265e+14 5.08142e+14 1.67599e+15 4.42779e+15 9.7499e+15 1.84466e+16 3.02742e+16 4.40469e+16 5.71446e+16 6.63927e+16 6.9944e+16 0 0 0 0 0 0 0 0 0 0 0 0 0 0 0 0 0 0 0 0 0 0 0 0 0 0 0 0 0 0 0 0 
0 0 0 0 0 0 0 0 0 0 0 0 0 0 0 0 0 0 0 5.63125e+09 2.94134e+11 4.27602e+12 3.27486e+13 1.65959e+14 6.16067e+14 1.79493e+15 4.26746e+15 8.54397e+15 1.47502e+16 2.22545e+16 2.96413e+16 3.504e+16 3.71018e+16 0 0 0 0 0 0 0 0 0 0 0 0 0 0 0 0 0 0 0 0 0 0 0 0 0 0 0 0 0 0 0 0 
0 0 0 0 0 0 0 0 0 0 0 0 0 0 0 0 0 0 0 0 3.31302e+10 7.70657e+11 7.73291e+12 4.6863e+13 1.98474e+14 6.4176e+14 1.66021e+15 3.53651e+15 6.41686e+15 1.00594e+16 1.36684e+16 1.64962e+16 1.75632e+16 0 0 0 0 0 0 0 0 0 0 0 0 0 0 0 0 0 0 0 0 0 0 0 0 0 0 0 0 0 0 0 0 
0 0 0 0 0 0 0 0 0 0 0 0 0 0 0 0 0 0 0 0 2.38109e+09 1.12353e+11 1.55117e+12 1.15364e+13 5.6805e+13 2.04392e+14 5.77175e+14 1.31762e+15 2.52697e+15 4.07712e+15 5.75981e+15 7.01887e+15 7.46979e+15 0 0 0 0 0 0 0 0 0 0 0 0 0 0 0 0 0 0 0 0 0 0 0 0 0 0 0 0 0 0 0 0 
0 0 0 0 0 0 0 0 0 0 0 0 0 0 0 0 0 0 0 0 0 1.18216e+10 2.57237e+11 2.46257e+12 1.4333e+13 5.83826e+13 1.79846e+14 4.42117e+14 8.87031e+14 1.5086e+15 2.17379e+15 2.69522e+15 2.8928e+15 0 0 0 0 0 0 0 0 0 0 0 0 0 0 0 0 0 0 0 0 0 0 0 0 0 0 0 0 0 0 0 0 
0 0 0 0 0 0 0 0 0 0 0 0 0 0 0 0 0 0 0 0 0 9.01242e+08 3.52824e+10 4.52686e+11 3.16225e+12 1.47293e+13 5.04161e+13 1.33117e+14 2.84147e+14 5.01532e+14 7.42128e+14 9.3999e+14 1.01377e+15 0 0 0 0 0 0 0 0 0 0 0 0 0 0 0 0 0 0 0 0 0 0 0 0 0 0 0 0 0 0 0 0 
0 0 0 0 0 0 0 0 0 0 0 0 0 0 0 0 0 0 0 0 0 0 3.60573e+09 7.01564e+10 6.21902e+11 3.36112e+12 1.27417e+13 3.66762e+13 8.2989e+13 1.53149e+14 2.34289e+14 3.00128e+14 3.27345e+14 0 0 0 0 0 0 0 0 0 0 0 0 0 0 0 0 0 0 0 0 0 0 0 0 0 0 0 0 0 0 0 0 
0 0 0 0 0 0 0 0 0 0 0 0 0 0 0 0 0 0 0 0 0 0 3.15385e+08 9.47002e+09 1.07311e+11 6.82848e+11 2.93528e+12 9.17597e+12 2.22907e+13 4.29951e+13 6.74197e+13 8.85476e+13 9.68339e+13 0 0 0 0 0 0 0 0 0 0 0 0 0 0 0 0 0 0 0 0 0 0 0 0 0 0 0 0 0 0 0 0 
0 0 0 0 0 0 0 0 0 0 0 0 0 0 0 0 0 0 0 0 0 0 0 9.54028e+08 1.6148e+10 1.2646e+11 6.15863e+11 2.10434e+12 5.45576e+12 1.10461e+13 1.81193e+13 2.40391e+13 2.6511e+13 0 0 0 0 0 0 0 0 0 0 0 0 0 0 0 0 0 0 0 0 0 0 0 0 0 0 0 0 0 0 0 0 
0 0 0 0 0 0 0 0 0 0 0 0 0 0 0 0 0 0 0 0 0 0 0 1.02858e+08 2.18038e+09 2.08921e+10 1.16701e+11 4.50052e+11 1.24094e+12 2.6498e+12 4.48652e+12 6.1102e+12 6.77795e+12 0 0 0 0 0 0 0 0 0 0 0 0 0 0 0 0 0 0 0 0 0 0 0 0 0 0 0 0 0 0 0 0 
0 0 0 0 0 0 0 0 0 0 0 0 0 0 0 0 0 0 0 0 0 0 0 0 2.20827e+08 3.13319e+09 2.08416e+10 8.72992e+10 2.65353e+11 6.0046e+11 1.0465e+12 1.45017e+12 1.62934e+12 0 0 0 0 0 0 0 0 0 0 0 0 0 0 0 0 0 0 0 0 0 0 0 0 0 0 0 0 0 0 0 0 
0 0 0 0 0 0 0 0 0 0 0 0 0 0 0 0 0 0 0 0 0 0 0 0 3.07876e+07 4.44342e+08 3.38632e+09 1.62088e+10 5.32304e+10 1.25985e+11 2.31409e+11 3.26665e+11 3.65205e+11 0 0 0 0 0 0 0 0 0 0 0 0 0 0 0 0 0 0 0 0 0 0 0 0 0 0 0 0 0 0 0 0 
0 0 0 0 0 0 0 0 0 0 0 0 0 0 0 0 0 0 0 0 0 0 0 0 0 4.47699e+07 5.2912e+08 2.85984e+09 9.96739e+09 2.56635e+10 4.85546e+10 7.05848e+10 7.91766e+10 0 0 0 0 0 0 0 0 0 0 0 0 0 0 0 0 0 0 0 0 0 0 0 0 0 0 0 0 0 0 0 0 
0 0 0 0 0 0 0 0 0 0 0 0 0 0 0 0 0 0 0 0 0 0 0 0 0 8.37127e+06 8.10319e+07 4.70219e+08 1.85341e+09 4.9635e+09 9.71354e+09 1.45682e+10 1.66231e+10 0 0 0 0 0 0 0 0 0 0 0 0 0 0 0 0 0 0 0 0 0 0 0 0 0 0 0 0 0 0 0 0 
0 0 0 0 0 0 0 0 0 0 0 0 0 0 0 0 0 0 0 0 0 0 0 0 0 0 7.75476e+06 8.03804e+07 3.32641e+08 9.31387e+08 1.9487e+09 2.93032e+09 3.38081e+09 0 0 0 0 0 0 0 0 0 0 0 0 0 0 0 0 0 0 0 0 0 0 0 0 0 0 0 0 0 0 0 0 
0 0 0 0 0 0 0 0 0 0 0 0 0 0 0 0 0 0 0 0 0 0 0 0 0 0 2.00559e+06 1.28397e+07 5.58466e+07 1.81392e+08 3.73137e+08 5.84049e+08 6.79e+08 0 0 0 0 0 0 0 0 0 0 0 0 0 0 0 0 0 0 0 0 0 0 0 0 0 0 0 0 0 0 0 0 
0 0 0 0 0 0 0 0 0 0 0 0 0 0 0 0 0 0 0 0 0 0 0 0 0 0 0 1.07581e+06 1.08649e+07 3.2402e+07 7.24451e+07 1.16782e+08 1.35346e+08 0 0 0 0 0 0 0 0 0 0 0 0 0 0 0 0 0 0 0 0 0 0 0 0 0 0 0 0 0 0 0 0 
0 0 0 0 0 0 0 0 0 0 0 0 0 0 0 0 0 0 0 0 0 0 0 0 0 0 0 415047 1.67413e+06 5.58419e+06 1.49299e+07 2.17974e+07 2.76535e+07 0 0 0 0 0 0 0 0 0 0 0 0 0 0 0 0 0 0 0 0 0 0 0 0 0 0 0 0 0 0 0 0 
0 0 0 0 0 0 0 0 0 0 0 0 0 0 0 0 0 0 0 0 0 0 0 0 0 0 0 0 110532 1.24772e+06 2.39785e+06 4.58128e+06 5.06372e+06 0 0 0 0 0 0 0 0 0 0 0 0 0 0 0 0 0 0 0 0 0 0 0 0 0 0 0 0 0 0 0 0 
0 0 0 0 0 0 0 0 0 0 0 0 0 0 0 0 0 0 0 0 0 0 0 0 0 0 0 0 71208.7 167304 460795 952868 931115 0 0 0 0 0 0 0 0 0 0 0 0 0 0 0 0 0 0 0 0 0 0 0 0 0 0 0 0 0 0 0 0 
0 0 0 0 0 0 0 0 0 0 0 0 0 0 0 0 0 0 0 0 0 0 0 0 0 0 0 0 0 7498.81 116305 110255 234630 0 0 0 0 0 0 0 0 0 0 0 0 0 0 0 0 0 0 0 0 0 0 0 0 0 0 0 0 0 0 0 0 
0 0 0 0 0 0 0 0 0 0 0 0 0 0 0 0 0 0 0 0 0 0 0 0 0 0 0 0 0 9619.31 11283.5 32511.3 36829 0 0 0 0 0 0 0 0 0 0 0 0 0 0 0 0 0 0 0 0 0 0 0 0 0 0 0 0 0 0 0 0 
0 0 0 0 0 0 0 0 0 0 0 0 0 0 0 0 0 0 0 0 0 0 0 0 0 0 0 0 0 0 250.126 7562.04 2015.51 0 0 0 0 0 0 0 0 0 0 0 0 0 0 0 0 0 0 0 0 0 0 0 0 0 0 0 0 0 0 0 0 
0 0 0 0 0 0 0 0 0 0 0 0 0 0 0 0 0 0 0 0 0 0 0 0 0 0 0 0 0 0 956.159 375.992 1930.69 0 0 0 0 0 0 0 0 0 0 0 0 0 0 0 0 0 0 0 0 0 0 0 0 0 0 0 0 0 0 0 0 
0 0 0 0 0 0 0 0 0 0 0 0 0 0 0 0 0 0 0 0 0 0 0 0 0 0 0 0 0 0 0 0 251.36 0 0 0 0 0 0 0 0 0 0 0 0 0 0 0 0 0 0 0 0 0 0 0 0 0 0 0 0 0 0 0 0 
0 0 0 0 0 0 0 0 0 0 0 0 0 0 0 0 0 0 0 0 0 0 0 0 0 0 0 0 0 0 0 61.6877 0 0 0 0 0 0 0 0 0 0 0 0 0 0 0 0 0 0 0 0 0 0 0 0 0 0 0 0 0 0 0 0 0 
0 0 0 0 0 0 0 0 0 0 0 0 0 0 0 0 0 0 0 0 0 0 0 0 0 0 0 0 0 0 0 0 0 0 0 0 0 0 0 0 0 0 0 0 0 0 0 0 0 0 0 0 0 0 0 0 0 0 0 0 0 0 0 0 0 
0 0 0 0 0 0 0 0 0 0 0 0 0 0 0 0 0 0 0 0 0 0 0 0 0 0 0 0 0 0 0 0 1.92774 0 0 0 0 0 0 0 0 0 0 0 0 0 0 0 0 0 0 0 0 0 0 0 0 0 0 0 0 0 0 0 0 
