1 0 0 0 0 0 0 0 0 0 0 0 0 0 0 0 1 
0 0 0 0 0 0 0 0 0 0 0 0 0 0 0 0 0 
0 16 0 0 0 0 0 0 0 0 0 0 0 0 0 16 0 
0 0 32.3393 0 0 0 0 0 0 0 0 0 0 0 31.6518 0 0 
0 0 87.6607 98.1073 25.1641 0 0 0 8.10553 0 0 0 23.409 93.2539 88.3482 0 0 
0 0 0 252.953 255.58 190.867 94.1968 62.6242 0 64.1145 92.8534 193.723 257.545 256.698 0 0 0 
0 0 0 208.939 742.802 693.153 699.689 606.103 741.218 593.195 702.455 683.214 723.891 210.048 0 0 0 
0 0 0 0 568.692 1692.69 1808.66 1953.18 1592.9 1936.01 1807.63 1675.56 585.867 0 0 0 0 
0 0 0 0 227.762 1235.23 2976.89 3670.47 4401.35 3729.03 2979.19 1250.5 229.289 0 0 0 0 
0 0 0 0 0 431.651 1557.83 3164.91 3254.48 3135.18 1559.61 438.218 0 0 0 0 0 
0 0 0 0 0 124.412 752.859 1371.55 2130.69 1385.8 746.665 126.784 0 0 0 0 0 
0 0 0 0 0 0 62.0706 502.17 563.132 487.175 64.5694 0 0 0 0 0 0 
0 0 0 0 0 0 55.803 93.2102 114.869 93.9832 55.034 0 0 0 0 0 0 
0 0 0 0 0 0 0 0 61.2228 0 0 0 0 0 0 0 0 
0 0 0 0 0 0 0 15.7721 0 15.5175 0 0 0 0 0 0 0 
0 0 0 0 0 0 0 0 0 0 0 0 0 0 0 0 0 
0 0 0 0 0 0 0 0 2.04116 0 0 0 0 0 0 0 0 
