1 0 0 0 0 0 0 0 0 0 0 0 0 0 0 0 1 
0 0 0 0 0 0 0 0 0 0 0 0 0 0 0 0 0 
0 16 0 0 0 0 0 0 0 0 0 0 0 0 0 16 0 
0 0 31.3201 0 0 0 0 0 0 0 0 0 0 0 32.1292 0 0 
0 0 88.6799 94.4556 23.7876 0 0 0 8.94617 0 0 0 24.0091 96.507 87.8708 0 0 
0 0 0 260.164 256.836 192.997 97.1049 65.6642 0 68.4895 100.304 197.478 255.52 258.613 0 0 0 
0 0 0 205.38 742.635 677.998 703.035 620.576 762.358 630.356 719.054 686.913 741.812 204.88 0 0 0 
0 0 0 0 572.534 1672.74 1840.53 1950.64 1593.16 1891.34 1807.04 1656.49 572.668 0 0 0 0 
0 0 0 0 224.208 1246.88 2934.34 3679.14 4362.5 3680.08 2944.24 1249.47 225.991 0 0 0 0 
0 0 0 0 0 450.708 1548.37 3123.97 3254.23 3135.85 1539.24 450.379 0 0 0 0 0 
0 0 0 0 0 126.679 764.722 1378.99 2130.53 1404.49 777.578 127.268 0 0 0 0 0 
0 0 0 0 0 0 64.0572 510.846 573.774 519.911 64.2967 0 0 0 0 0 0 
0 0 0 0 0 0 55.8376 94.3932 119.684 93.8085 56.2519 0 0 0 0 0 0 
0 0 0 0 0 0 0 0 62.8921 0 0 0 0 0 0 0 0 
0 0 0 0 0 0 0 15.7862 0 15.6808 0 0 0 0 0 0 0 
0 0 0 0 0 0 0 0 0 0 0 0 0 0 0 0 0 
0 0 0 0 0 0 0 0 1.92579 0 0 0 0 0 0 0 0 
