1 0 0 0 0 0 0 0 0 0 0 0 0 0 0 0 1 
0 0 0 0 0 0 0 0 0 0 0 0 0 0 0 0 0 
0 16 0 0 0 0 0 0 0 0 0 0 0 0 0 16 0 
0 0 31.6751 0 0 0 0 0 0 0 0 0 0 0 31.9049 0 0 
0 0 88.3249 95.3607 24.0913 0 0 0 7.91125 0 0 0 24.3139 96.214 88.0951 0 0 
0 0 0 256.601 253.002 189.828 95.1899 63.6233 0 63.4032 97.1675 191.973 256.965 257.016 0 0 0 
0 0 0 208.039 733.138 687.731 698.764 615.348 764.697 625.522 709.542 685.194 737.084 206.77 0 0 0 
0 0 0 0 581.057 1660.39 1828.34 1930.15 1607.33 1928.42 1820.5 1667.98 573.949 0 0 0 0 
0 0 0 0 228.712 1252.91 2911.04 3668.23 4354.91 3661.35 2927.43 1248.22 227.688 0 0 0 0 
0 0 0 0 0 448.757 1581.47 3136.51 3262 3140.99 1571.27 447.601 0 0 0 0 0 
0 0 0 0 0 128.379 773.221 1400.85 2118.96 1397.64 763.466 127.038 0 0 0 0 0 
0 0 0 0 0 0 63.9753 512.91 569.796 510.567 63.4985 0 0 0 0 0 0 
0 0 0 0 0 0 55.9988 96.1022 118.353 96.137 55.1235 0 0 0 0 0 0 
0 0 0 0 0 0 0 0 64.0568 0 0 0 0 0 0 0 0 
0 0 0 0 0 0 0 16.268 0 15.9721 0 0 0 0 0 0 0 
0 0 0 0 0 0 0 0 0 0 0 0 0 0 0 0 0 
0 0 0 0 0 0 0 0 1.99123 0 0 0 0 0 0 0 0 
