1 0 0 0 0 0 0 0 0 0 0 0 0 0 0 0 1 
0 0 0 0 0 0 0 0 0 0 0 0 0 0 0 0 0 
0 16 0 0 0 0 0 0 0 0 0 0 0 0 0 16 0 
0 0 32.1885 0 0 0 0 0 0 0 0 0 0 0 32.112 0 0 
0 0 87.8115 96.0151 24.4542 0 0 0 7.94406 0 0 0 24.1675 95.6692 87.888 0 0 
0 0 0 258.142 257.196 194.458 96.5519 64.315 0 63.4957 95.528 190.629 254.196 256.921 0 0 0 
0 0 0 205.843 737.26 693.791 714.356 627.861 767.637 620.247 701.056 684.594 741.902 207.41 0 0 0 
0 0 0 0 574.701 1663.6 1839.06 1932.29 1602.88 1918.89 1824.24 1668.76 571.456 0 0 0 0 
0 0 0 0 226.389 1245.81 2905.69 3673.56 4346.3 3698.02 2925.48 1251.6 228.28 0 0 0 0 
0 0 0 0 0 441.288 1561.48 3128.34 3280.32 3131.91 1576.31 445.253 0 0 0 0 0 
0 0 0 0 0 129.057 771.224 1386.8 2102.75 1388.03 765.788 127.166 0 0 0 0 0 
0 0 0 0 0 0 62.6119 515.474 576.197 508.165 63.4194 0 0 0 0 0 0 
0 0 0 0 0 0 57.0275 95.2256 120.182 95.1916 56.1704 0 0 0 0 0 0 
0 0 0 0 0 0 0 0 63.7677 0 0 0 0 0 0 0 0 
0 0 0 0 0 0 0 16.1306 0 16.056 0 0 0 0 0 0 0 
0 0 0 0 0 0 0 0 0 0 0 0 0 0 0 0 0 
0 0 0 0 0 0 0 0 2.02423 0 0 0 0 0 0 0 0 
