1
432
93096
13343760
1431118260
122503723056
8718181624152
530563624555536
2.81861925545128e+16
1.32788284923483e+18
5.61694445226332e+19
2.15486414441375e+21
7.55998170665156e+22
2.44245562830281e+24
7.3099207732777e+25
2.03703125548672e+27
5.30901270961226e+28
1.29914663952865e+30
2.9952547522466e+31
6.52650246015839e+32
1.34772275802271e+34
2.64410369669217e+35
4.93966645154764e+36
8.80549237015015e+37
1.50060265807975e+39
2.44898353798616e+40
3.83360115369372e+41
5.76460025333204e+42
8.33808250928384e+43
1.1615811495692e+45
1.56039067758795e+46
2.02347436254954e+47
2.53566631056989e+48
3.0735349219029e+49
3.60688362893899e+50
4.10154195519348e+51
4.52308932281059e+52
4.84092803198107e+53
5.03201729640137e+54
5.08362773021061e+55
4.99466424493193e+56
4.7753863024715e+57
4.44565724825323e+58
4.03210773678782e+59
3.56474979456923e+60
3.07360648953969e+61
2.58583850315622e+62
2.12368864301766e+63
1.70337526575375e+64
1.33489000418253e+65
1.02252574320382e+66
7.65891831184035e+66
5.61163053232918e+67
4.02343321185866e+68
2.82385405054524e+69
1.94075787473837e+70
1.30654592638637e+71
8.61861874247848e+71
5.57238280763695e+72
3.53232401704444e+73
2.19592809726263e+74
1.33915615111754e+75
8.01333761394526e+75
4.70624590025356e+76
2.71344490186494e+77
1.53622726751738e+78
8.54235465422545e+78
4.66642060215898e+79
2.50476988204122e+80
1.3213568653087e+81
6.85217917295797e+81
3.4936462825504e+82
1.75167542777874e+83
8.63839936986778e+83
4.19079104565207e+84
2.00040425912459e+85
9.39663579615103e+85
4.34441862783086e+86
1.9772674524102e+87
8.86016048295204e+87
3.90954581310259e+88
1.69896311878038e+89
7.27239091087701e+89
3.06667086603247e+90
1.27412872886349e+91
5.21643291346465e+91
2.10477002438632e+92
8.37069457974329e+92
3.28169276137663e+93
1.26842956170063e+94
4.83412599625907e+94
1.81678141837429e+95
6.73393982245252e+95
2.46187047272458e+96
8.87844776865566e+96
3.15885825874275e+97
1.10889086791282e+98
3.84110651153306e+98
1.31303130751385e+99
4.42982279504674e+99
1.47513099075056e+100
4.84894543494245e+100
1.57353033231956e+101
5.04140786082966e+101
1.59482998674323e+102
4.98194510144551e+102
1.53688306431385e+103
4.6824661585637e+103
1.40907546438259e+104
4.18844449963266e+104
1.22987961216486e+105
3.5677588749287e+105
1.02254517754653e+106
2.89570315765389e+106
8.10288866045256e+106
2.24062486436862e+107
6.12308691383493e+107
1.6537568074973e+108
4.41468978272584e+108
1.16488453090413e+109
3.0384071514416e+109
7.83457050619653e+109
1.99717330116977e+110
5.03352620620024e+110
1.25432225622248e+111
3.09065003933219e+111
7.53039334980144e+111
1.81440973625137e+112
4.32339819966147e+112
1.01884732767216e+113
2.37469800218973e+113
5.47449463100227e+113
1.24835066964521e+114
2.8158285781471e+114
6.28308018556704e+114
1.38693177429554e+115
3.0288142423954e+115
6.54400741422657e+115
1.39890013564988e+116
2.95882474734579e+116
6.19239750694513e+116
1.28239721420424e+117
2.62801119248897e+117
5.32953318756504e+117
1.0696077022266e+118
2.12446219476731e+118
4.17616883491929e+118
8.12506317542121e+118
1.56462365202368e+119
2.98223568573641e+119
5.62648466042269e+119
1.0507739564498e+120
1.94254922212101e+120
3.5549920404829e+120
6.44053752788785e+120
1.15514156951795e+121
2.05111676125944e+121
3.60578487966627e+121
6.27589140448243e+121
1.08150581435735e+122
1.84531929574723e+122
3.11755806486488e+122
5.21517429369372e+122
8.63863226562764e+122
1.41694638991088e+123
2.30146443937039e+123
3.70175304404756e+123
5.89620544740509e+123
9.3005621640616e+123
1.45286888243329e+124
2.24767362399974e+124
3.44380403209317e+124
5.22577239753673e+124
7.85376198473728e+124
1.16903698508446e+125
1.72349452658166e+125
2.51669371211071e+125
3.63996378700759e+125
5.21455486340974e+125
7.39942421958701e+125
1.04003018197529e+126
1.44799782241863e+126
1.9969640298191e+126
2.72809293691134e+126
3.69182142005936e+126
4.94903628202553e+126
6.57210732075433e+126
8.64565989789072e+126
1.12669503988469e+127
1.45456925784056e+127
1.86031752450135e+127
2.35705152319019e+127
2.95859071400435e+127
3.67907653554945e+127
4.53247057730061e+127
5.53193844819254e+127
6.689129654192e+127
8.01337359588483e+127
9.51082219713604e+127
1.11835798699992e+128
1.3028870548549e+128
1.50382983445939e+128
1.71972619683227e+128
1.94845825256858e+128
2.18723990116768e+128
2.43263754861576e+128
2.6806248715329e+128
2.92667256505524e+128
3.16587176508379e+128
3.39308744200368e+128
3.60313571222296e+128
3.79097691049051e+128
3.95191460952076e+128
4.08178973753318e+128
4.17715865663442e+128
4.23544459137816e+128
4.25505313115306e+128
4.23544459137816e+128
4.17715865663442e+128
4.08178973753318e+128
3.95191460952076e+128
3.79097691049051e+128
3.60313571222296e+128
3.39308744200368e+128
3.16587176508379e+128
2.92667256505524e+128
2.6806248715329e+128
2.43263754861576e+128
2.18723990116768e+128
1.94845825256858e+128
1.71972619683227e+128
1.50382983445939e+128
1.3028870548549e+128
1.11835798699992e+128
9.51082219713604e+127
8.01337359588483e+127
6.689129654192e+127
5.53193844819254e+127
4.53247057730061e+127
3.67907653554945e+127
2.95859071400435e+127
2.35705152319019e+127
1.86031752450135e+127
1.45456925784056e+127
1.12669503988469e+127
8.64565989789072e+126
6.57210732075433e+126
4.94903628202553e+126
3.69182142005936e+126
2.72809293691134e+126
1.9969640298191e+126
1.44799782241863e+126
1.04003018197529e+126
7.39942421958701e+125
5.21455486340974e+125
3.63996378700759e+125
2.51669371211071e+125
1.72349452658166e+125
1.16903698508446e+125
7.85376198473728e+124
5.22577239753673e+124
3.44380403209317e+124
2.24767362399974e+124
1.45286888243329e+124
9.3005621640616e+123
5.89620544740509e+123
3.70175304404756e+123
2.30146443937039e+123
1.41694638991088e+123
8.63863226562764e+122
5.21517429369372e+122
3.11755806486488e+122
1.84531929574723e+122
1.08150581435735e+122
6.27589140448243e+121
3.60578487966627e+121
2.05111676125944e+121
1.15514156951795e+121
6.44053752788785e+120
3.5549920404829e+120
1.94254922212101e+120
1.0507739564498e+120
5.62648466042269e+119
2.98223568573641e+119
1.56462365202368e+119
8.12506317542121e+118
4.17616883491929e+118
2.12446219476731e+118
1.0696077022266e+118
5.32953318756504e+117
2.62801119248897e+117
1.28239721420424e+117
6.19239750694513e+116
2.95882474734579e+116
1.39890013564988e+116
6.54400741422657e+115
3.0288142423954e+115
1.38693177429554e+115
6.28308018556704e+114
2.8158285781471e+114
1.24835066964521e+114
5.47449463100227e+113
2.37469800218973e+113
1.01884732767216e+113
4.32339819966147e+112
1.81440973625137e+112
7.53039334980144e+111
3.09065003933219e+111
1.25432225622248e+111
5.03352620620024e+110
1.99717330116977e+110
7.83457050619653e+109
3.0384071514416e+109
1.16488453090413e+109
4.41468978272584e+108
1.6537568074973e+108
6.12308691383493e+107
2.24062486436862e+107
8.10288866045256e+106
2.89570315765389e+106
1.02254517754653e+106
3.5677588749287e+105
1.22987961216486e+105
4.18844449963266e+104
1.40907546438259e+104
4.6824661585637e+103
1.53688306431385e+103
4.98194510144551e+102
1.59482998674323e+102
5.04140786082966e+101
1.57353033231956e+101
4.84894543494245e+100
1.47513099075056e+100
4.42982279504674e+99
1.31303130751385e+99
3.84110651153306e+98
1.10889086791282e+98
3.15885825874275e+97
8.87844776865566e+96
2.46187047272458e+96
6.73393982245252e+95
1.81678141837429e+95
4.83412599625907e+94
1.26842956170063e+94
3.28169276137663e+93
8.37069457974329e+92
2.10477002438632e+92
5.21643291346465e+91
1.27412872886349e+91
3.06667086603247e+90
7.27239091087701e+89
1.69896311878038e+89
3.90954581310259e+88
8.86016048295204e+87
1.9772674524102e+87
4.34441862783086e+86
9.39663579615103e+85
2.00040425912459e+85
4.19079104565207e+84
8.63839936986778e+83
1.75167542777874e+83
3.4936462825504e+82
6.85217917295797e+81
1.3213568653087e+81
2.50476988204122e+80
4.66642060215898e+79
8.54235465422545e+78
1.53622726751738e+78
2.71344490186494e+77
4.70624590025356e+76
8.01333761394526e+75
1.33915615111754e+75
2.19592809726263e+74
3.53232401704444e+73
5.57238280763695e+72
8.61861874247848e+71
1.30654592638637e+71
1.94075787473837e+70
2.82385405054524e+69
4.02343321185866e+68
5.61163053232918e+67
7.65891831184035e+66
1.02252574320382e+66
1.33489000418253e+65
1.70337526575375e+64
2.12368864301766e+63
2.58583850315622e+62
3.07360648953969e+61
3.56474979456923e+60
4.03210773678782e+59
4.44565724825323e+58
4.7753863024715e+57
4.99466424493193e+56
5.08362773021061e+55
5.03201729640137e+54
4.84092803198107e+53
4.52308932281059e+52
4.10154195519348e+51
3.60688362893899e+50
3.0735349219029e+49
2.53566631056989e+48
2.02347436254954e+47
1.56039067758795e+46
1.1615811495692e+45
8.33808250928384e+43
5.76460025333204e+42
3.83360115369372e+41
2.44898353798616e+40
1.50060265807975e+39
8.80549237015015e+37
4.93966645154764e+36
2.64410369669217e+35
1.34772275802271e+34
6.52650246015839e+32
2.9952547522466e+31
1.29914663952865e+30
5.30901270961226e+28
2.03703125548672e+27
7.3099207732777e+25
2.44245562830281e+24
7.55998170665156e+22
2.15486414441375e+21
5.61694445226332e+19
1.32788284923483e+18
2.81861925545128e+16
530563624555536
8718181624152
122503723056
1431118260
13343760
93096
432
1
