1 0 0 0 0 0 0 0 0 0 0 0 0 0 0 0 0 
0 0 0 0 0 0 0 0 0 0 0 0 0 0 0 0 0 
0 16 0 0 0 0 0 0 0 0 0 0 0 0 0 0 0 
0 0 32 0 0 0 0 0 0 0 0 0 0 0 0 0 0 
0 0 88 96.208 24.052 0 0 0 8.10145 0 0 0 0 0 0 0 0 
0 0 0 255.584 256.348 193.04 96.422 64.8116 0 0 0 0 0 0 0 0 0 
0 0 0 208.208 735.583 688.807 707.26 623.307 766.08 0 0 0 0 0 0 0 0 
0 0 0 0 575.581 1659.93 1822.15 1918.21 1601.2 0 0 0 0 0 0 0 0 
0 0 0 0 228.435 1248.73 2922.43 3682.97 4355.44 0 0 0 0 0 0 0 0 
0 0 0 0 0 450.338 1569.19 3136.7 3269.57 0 0 0 0 0 0 0 0 
0 0 0 0 0 127.161 770.817 1387.84 2108.73 0 0 0 0 0 0 0 0 
0 0 0 0 0 0 63.8121 513.736 573.375 0 0 0 0 0 0 0 0 
0 0 0 0 0 0 55.919 96.4545 120.901 0 0 0 0 0 0 0 0 
0 0 0 0 0 0 0 0 64.6087 0 0 0 0 0 0 0 0 
0 0 0 0 0 0 0 15.9769 0 0 0 0 0 0 0 0 0 
0 0 0 0 0 0 0 0 0 0 0 0 0 0 0 0 0 
0 0 0 0 0 0 0 0 1.99711 0 0 0 0 0 0 0 0 
