1 0 0 0 0 0 0 0 0 0 0 0 0 0 0 0 0 
0 0 0 0 0 0 0 0 0 0 0 0 0 0 0 0 0 
0 16 0 0 0 0 0 0 0 0 0 0 0 0 0 0 0 
0 0 32 0 0 0 0 0 0 0 0 0 0 0 0 0 0 
0 0 88 96.0437 24.0109 0 0 0 8.12189 0 0 0 0 0 0 0 0 
0 0 0 255.913 255.286 191.802 94.7657 64.9752 0 0 0 0 0 0 0 0 0 
0 0 0 208.044 736.095 689.489 705.196 621.356 769.385 0 0 0 0 0 0 0 0 
0 0 0 0 577.908 1660.86 1821.25 1915.42 1597.6 0 0 0 0 0 0 0 0 
0 0 0 0 226.7 1248.81 2930.92 3688.5 4351.79 0 0 0 0 0 0 0 0 
0 0 0 0 0 450.82 1570.23 3133.99 3266.49 0 0 0 0 0 0 0 0 
0 0 0 0 0 126.213 766.372 1394.32 2117.97 0 0 0 0 0 0 0 0 
0 0 0 0 0 0 64.0804 510.866 575.327 0 0 0 0 0 0 0 0 
0 0 0 0 0 0 55.1803 94.8064 118.032 0 0 0 0 0 0 0 0 
0 0 0 0 0 0 0 0 63.3093 0 0 0 0 0 0 0 0 
0 0 0 0 0 0 0 15.7658 0 0 0 0 0 0 0 0 0 
0 0 0 0 0 0 0 0 0 0 0 0 0 0 0 0 0 
0 0 0 0 0 0 0 0 1.97073 0 0 0 0 0 0 0 0 
