1 0 0 0 0 0 0 0 0 0 0 0 0 0 0 0 0 
0 0 0 0 0 0 0 0 0 0 0 0 0 0 0 0 0 
0 16 0 0 0 0 0 0 0 0 0 0 0 0 0 0 0 
0 0 32 0 0 0 0 0 0 0 0 0 0 0 0 0 0 
0 0 88 95.9147 23.9787 0 0 0 7.88124 0 0 0 0 0 0 0 0 
0 0 0 256.171 256 192.532 95.9878 63.0499 0 0 0 0 0 0 0 0 0 
0 0 0 207.915 735.934 686.806 702.857 627.156 770.427 0 0 0 0 0 0 0 0 
0 0 0 0 576.218 1664.85 1829.92 1923.9 1600.78 0 0 0 0 0 0 0 0 
0 0 0 0 227.869 1248.26 2919.78 3670.64 4357.35 0 0 0 0 0 0 0 0 
0 0 0 0 0 447.033 1571.3 3128.05 3249 0 0 0 0 0 0 0 0 
0 0 0 0 0 128.514 768.232 1408.33 2123.34 0 0 0 0 0 0 0 0 
0 0 0 0 0 0 63.8573 508.867 575.278 0 0 0 0 0 0 0 0 
0 0 0 0 0 0 56.0641 93.9853 120.07 0 0 0 0 0 0 0 0 
0 0 0 0 0 0 0 0 63.8694 0 0 0 0 0 0 0 0 
0 0 0 0 0 0 0 16.0183 0 0 0 0 0 0 0 0 0 
0 0 0 0 0 0 0 0 0 0 0 0 0 0 0 0 0 
0 0 0 0 0 0 0 0 2.00229 0 0 0 0 0 0 0 0 
