1 0 0 0 0 0 0 0 0 0 0 0 0 0 0 0 0 
0 0 0 0 0 0 0 0 0 0 0 0 0 0 0 0 0 
0 16 0 0 0 0 0 0 0 0 0 0 0 0 0 0 0 
0 0 32 0 0 0 0 0 0 0 0 0 0 0 0 0 0 
0 0 88 96.0379 24.0095 0 0 0 8.17017 0 0 0 0 0 0 0 0 
0 0 0 255.924 256.22 190.655 96.0283 65.3614 0 0 0 0 0 0 0 0 0 
0 0 0 208.038 736.056 689.28 705.67 620.887 769.893 0 0 0 0 0 0 0 0 
0 0 0 0 575.19 1666.91 1819.27 1922.49 1593.39 0 0 0 0 0 0 0 0 
0 0 0 0 228.524 1245.47 2932.58 3674.26 4356.73 0 0 0 0 0 0 0 0 
0 0 0 0 0 445.933 1567.84 3144.67 3273.26 0 0 0 0 0 0 0 0 
0 0 0 0 0 129.752 765.735 1389.6 2106.73 0 0 0 0 0 0 0 0 
0 0 0 0 0 0 64.1322 510.87 575.883 0 0 0 0 0 0 0 0 
0 0 0 0 0 0 56.7469 95.6431 120.346 0 0 0 0 0 0 0 0 
0 0 0 0 0 0 0 0 63.5765 0 0 0 0 0 0 0 0 
0 0 0 0 0 0 0 16.2134 0 0 0 0 0 0 0 0 0 
0 0 0 0 0 0 0 0 0 0 0 0 0 0 0 0 0 
0 0 0 0 0 0 0 0 2.02667 0 0 0 0 0 0 0 0 
