1 0 0 0 0 0 0 0 0 0 0 0 0 0 0 0 0 
0 0 0 0 0 0 0 0 0 0 0 0 0 0 0 0 0 
0 16 0 0 0 0 0 0 0 0 0 0 0 0 0 0 0 
0 0 32 0 0 0 0 0 0 0 0 0 0 0 0 0 0 
0 0 88 95.8619 23.9655 0 0 0 7.87646 0 0 0 0 0 0 0 0 
0 0 0 256.276 256.245 192.012 96.3017 63.0117 0 0 0 0 0 0 0 0 0 
0 0 0 207.862 734.719 687.432 696.799 626.127 770.874 0 0 0 0 0 0 0 0 
0 0 0 0 577.966 1664.89 1832.6 1921.05 1597.91 0 0 0 0 0 0 0 0 
0 0 0 0 227.105 1247.82 2929.92 3674.41 4351.87 0 0 0 0 0 0 0 0 
0 0 0 0 0 447.919 1565.05 3137.84 3268.6 0 0 0 0 0 0 0 0 
0 0 0 0 0 127.933 768.062 1396.53 2110.13 0 0 0 0 0 0 0 0 
0 0 0 0 0 0 63.177 508.752 576.954 0 0 0 0 0 0 0 0 
0 0 0 0 0 0 56.0984 96.2564 119.444 0 0 0 0 0 0 0 0 
0 0 0 0 0 0 0 0 64.3267 0 0 0 0 0 0 0 0 
0 0 0 0 0 0 0 16.0281 0 0 0 0 0 0 0 0 0 
0 0 0 0 0 0 0 0 0 0 0 0 0 0 0 0 0 
0 0 0 0 0 0 0 0 2.00352 0 0 0 0 0 0 0 0 
