1 0 0 0 0 0 0 0 0 0 0 0 0 0 0 0 0 
0 0 0 0 0 0 0 0 0 0 0 0 0 0 0 0 0 
0 16 0 0 0 0 0 0 0 0 0 0 0 0 0 0 0 
0 0 32 0 0 0 0 0 0 0 0 0 0 0 0 0 0 
0 0 88 95.9851 23.9963 0 0 0 8.01907 0 0 0 0 0 0 0 0 
0 0 0 256.03 255.512 191.5 95.9671 64.1526 0 0 0 0 0 0 0 0 0 
0 0 0 207.985 736.418 684.667 705.249 621.461 766.449 0 0 0 0 0 0 0 0 
0 0 0 0 576.642 1670.91 1821.66 1924.09 1602.61 0 0 0 0 0 0 0 0 
0 0 0 0 227.432 1245.49 2929.17 3676.39 4354.62 0 0 0 0 0 0 0 0 
0 0 0 0 0 448.13 1567.79 3136.2 3264.64 0 0 0 0 0 0 0 0 
0 0 0 0 0 127.307 768.193 1396.93 2108.46 0 0 0 0 0 0 0 0 
0 0 0 0 0 0 64.0163 509.688 581.665 0 0 0 0 0 0 0 0 
0 0 0 0 0 0 55.9579 95.1051 118.708 0 0 0 0 0 0 0 0 
0 0 0 0 0 0 0 0 62.8421 0 0 0 0 0 0 0 0 
0 0 0 0 0 0 0 15.988 0 0 0 0 0 0 0 0 0 
0 0 0 0 0 0 0 0 0 0 0 0 0 0 0 0 0 
0 0 0 0 0 0 0 0 1.99849 0 0 0 0 0 0 0 0 
