1 0 0 0 0 0 0 0 0 0 0 0 0 0 0 0 0 
0 0 0 0 0 0 0 0 0 0 0 0 0 0 0 0 0 
0 16 0 0 0 0 0 0 0 0 0 0 0 0 0 0 0 
0 0 32 0 0 0 0 0 0 0 0 0 0 0 0 0 0 
0 0 88 95.856 23.964 0 0 0 7.97375 0 0 0 0 0 0 0 0 
0 0 0 256.288 256.863 192.892 96.4074 63.79 0 0 0 0 0 0 0 0 0 
0 0 0 207.856 734.115 686.36 703.591 623.555 768.267 0 0 0 0 0 0 0 0 
0 0 0 0 577.326 1664.63 1821.56 1921.14 1599.91 0 0 0 0 0 0 0 0 
0 0 0 0 227.732 1248.25 2932.32 3674.41 4354.13 0 0 0 0 0 0 0 0 
0 0 0 0 0 447.714 1566.82 3145.05 3264.62 0 0 0 0 0 0 0 0 
0 0 0 0 0 128.154 766.863 1389.43 2115.35 0 0 0 0 0 0 0 0 
0 0 0 0 0 0 64.3226 510.9 573.684 0 0 0 0 0 0 0 0 
0 0 0 0 0 0 56.1122 95.7058 120.384 0 0 0 0 0 0 0 0 
0 0 0 0 0 0 0 0 63.6821 0 0 0 0 0 0 0 0 
0 0 0 0 0 0 0 16.0321 0 0 0 0 0 0 0 0 0 
0 0 0 0 0 0 0 0 0 0 0 0 0 0 0 0 0 
0 0 0 0 0 0 0 0 2.00401 0 0 0 0 0 0 0 0 
