1 0 0 0 0 0 0 0 0 0 0 0 0 0 0 0 0 
0 0 0 0 0 0 0 0 0 0 0 0 0 0 0 0 0 
0 16 0 0 0 0 0 0 0 0 0 0 0 0 0 0 0 
0 0 32 0 0 0 0 0 0 0 0 0 0 0 0 0 0 
0 0 88 96.0907 24.0227 0 0 0 7.98399 0 0 0 0 0 0 0 0 
0 0 0 255.819 255.934 191.978 95.88 63.8719 0 0 0 0 0 0 0 0 0 
0 0 0 208.091 736.095 687.474 703.037 626.401 764.223 0 0 0 0 0 0 0 0 
0 0 0 0 575.917 1665.45 1822.69 1916.31 1602.14 0 0 0 0 0 0 0 0 
0 0 0 0 228.031 1247.24 2934.33 3682.26 4361.63 0 0 0 0 0 0 0 0 
0 0 0 0 0 447.371 1564.45 3131.41 3259.87 0 0 0 0 0 0 0 0 
0 0 0 0 0 128.482 767.216 1398.11 2113.45 0 0 0 0 0 0 0 0 
0 0 0 0 0 0 64.0746 509.613 575.333 0 0 0 0 0 0 0 0 
0 0 0 0 0 0 56.3264 95.9253 119.181 0 0 0 0 0 0 0 0 
0 0 0 0 0 0 0 0 64.1845 0 0 0 0 0 0 0 0 
0 0 0 0 0 0 0 16.0933 0 0 0 0 0 0 0 0 0 
0 0 0 0 0 0 0 0 0 0 0 0 0 0 0 0 0 
0 0 0 0 0 0 0 0 2.01166 0 0 0 0 0 0 0 0 
