1 0 0 0 0 0 0 0 0 0 0 0 0 0 0 0 0 
0 0 0 0 0 0 0 0 0 0 0 0 0 0 0 0 0 
0 16 0 0 0 0 0 0 0 0 0 0 0 0 0 0 0 
0 0 32 0 0 0 0 0 0 0 0 0 0 0 0 0 0 
0 0 88 95.9264 23.9816 0 0 0 7.98056 0 0 0 0 0 0 0 0 
0 0 0 256.147 257.398 193.893 96.0832 63.8445 0 0 0 0 0 0 0 0 0 
0 0 0 207.926 734.612 687.983 704.105 626.447 769.375 0 0 0 0 0 0 0 0 
0 0 0 0 574.655 1659.71 1829.45 1914.15 1594.27 0 0 0 0 0 0 0 0 
0 0 0 0 229.353 1248.32 2917.91 3688.04 4370.47 0 0 0 0 0 0 0 0 
0 0 0 0 0 450.836 1570.42 3130.53 3245.17 0 0 0 0 0 0 0 0 
0 0 0 0 0 127.259 770.362 1390.14 2122.79 0 0 0 0 0 0 0 0 
0 0 0 0 0 0 63.9049 515.478 573.61 0 0 0 0 0 0 0 0 
0 0 0 0 0 0 55.7649 95.4335 120.3 0 0 0 0 0 0 0 0 
0 0 0 0 0 0 0 0 64.0486 0 0 0 0 0 0 0 0 
0 0 0 0 0 0 0 15.9328 0 0 0 0 0 0 0 0 0 
0 0 0 0 0 0 0 0 0 0 0 0 0 0 0 0 0 
0 0 0 0 0 0 0 0 1.9916 0 0 0 0 0 0 0 0 
