1 0 0 0 0 0 0 0 0 0 0 0 0 0 0 0 0 0 0 0 0 0 0 0 0 0 0 0 0 0 0 0 0 0 0 0 0 0 0 0 0 0 0 0 0 0 0 0 0 0 0 0 0 0 0 0 0 0 0 0 0 0 0 0 1 
0 0 0 0 0 0 0 0 0 0 0 0 0 0 0 0 0 0 0 0 0 0 0 0 0 0 0 0 0 0 0 0 0 0 0 0 0 0 0 0 0 0 0 0 0 0 0 0 0 0 0 0 0 0 0 0 0 0 0 0 0 0 0 0 0 
0 64 0 0 0 0 0 0 0 0 0 0 0 0 0 0 0 0 0 0 0 0 0 0 0 0 0 0 0 0 0 0 0 0 0 0 0 0 0 0 0 0 0 0 0 0 0 0 0 0 0 0 0 0 0 0 0 0 0 0 0 0 0 64 0 
0 0 127.898 0 0 0 0 0 0 0 0 0 0 0 0 0 0 0 0 0 0 0 0 0 0 0 0 0 0 0 0 0 0 0 0 0 0 0 0 0 0 0 0 0 0 0 0 0 0 0 0 0 0 0 0 0 0 0 0 0 0 0 129.74 0 0 
0 0 1888.1 384.488 65.0183 0 0 0 0 0 0 0 0 0 0 0 0 0 0 0 0 0 0 0 0 0 0 0 0 0 0 0 0 0 0 0 0 0 0 0 0 0 0 0 0 0 0 0 0 0 0 0 0 0 0 0 0 0 0 0 63.1448 384.437 1886.26 0 0 
0 0 0 7268.82 1180.47 516.522 128.586 0 0 0 0 0 0 0 0 0 0 0 0 0 0 0 0 0 0 0 0 0 0 0 0 0 0 0 0 0 0 0 0 0 0 0 0 0 0 0 0 0 0 0 0 0 0 0 0 0 0 0 131.759 511.309 1156.28 7120.51 0 0 0 
0 0 0 34010.7 27732.9 6891.11 2542.82 1408.87 384.025 63.2656 0 0 0 0 0 0 0 0 0 0 0 0 0 0 0 0 0 0 0 0 0 0 0 0 0 0 0 0 0 0 0 0 0 0 0 0 0 0 0 0 0 0 0 0 0 62.6225 384.315 1399.79 2496.29 6908.27 27101.2 34159.1 0 0 0 
0 0 0 0 182403 97897.8 42077.9 16862.7 8616.83 4607.46 1876.39 501.023 128.399 0 0 0 0 0 0 0 0 0 0 0 0 0 0 0 0 0 0 0 0 0 0 0 0 0 0 0 0 0 0 0 0 0 0 0 0 0 0 0 122.326 500.532 1890.15 4505.61 8405.34 16565.6 43425.6 96378.9 182272 0 0 0 0 
0 0 0 0 423994 834381 409221 220975 121437 58838.4 32980.2 19607.7 9513.51 4303.22 1369.17 385.225 75.5615 0 0 0 0 0 0 0 16.0313 0 0 0 0 0 0 0 16.1769 0 0 0 0 0 0 0 15.9415 0 0 0 0 0 0 0 77.9857 378.92 1379.41 4389.32 9738.22 19535.4 32783.5 57387 120765 221140 410137 829948 424783 0 0 0 0 
0 0 0 0 0 2.83637e+06 3.29369e+06 1.95545e+06 1.12329e+06 721647 421059 249331 152163 91688.6 54979.6 28736.6 13806.5 5848.01 2144.7 764.188 382.433 252.577 255.666 256.677 0 254.911 258.768 258.457 260.649 260.264 255.199 258.864 0 256.797 254.461 253.483 249.384 256.028 248.805 252.598 0 255.636 253.329 255.146 373.391 777.592 2153.57 5759.06 14195.6 29368.5 55873.2 94414.3 152723 246950 427447 714427 1.13741e+06 1.98664e+06 3.30974e+06 2.84481e+06 0 0 0 0 0 
0 0 0 0 0 3.84846e+06 1.44994e+07 1.34529e+07 9.43309e+06 6.05687e+06 4.0034e+06 2.65538e+06 1.78495e+06 1.15295e+06 757721 496901 318809 199540 115740 66119 35829.4 20907.2 13661.7 10894.5 11764.3 9629.33 9205.94 9302.48 9450.81 9276.71 9379.49 9280.95 11182.9 9387.8 9244.51 9172.31 9217.81 9058.67 9263.19 9774.71 11710.4 10856.3 13665.6 21331.2 36885.6 67579.4 119497 205682 328724 507155 765419 1.16279e+06 1.77994e+06 2.66947e+06 4.00408e+06 6.11046e+06 9.52543e+06 1.35265e+07 1.47297e+07 3.84595e+06 0 0 0 0 0 
0 0 0 0 0 0 3.03306e+07 6.38132e+07 5.71643e+07 4.3355e+07 3.16563e+07 2.25966e+07 1.58347e+07 1.14089e+07 8.02748e+06 5.74728e+06 4.04416e+06 2.88377e+06 2.06815e+06 1.43501e+06 1.00995e+06 701574 500431 368800 284304 246572 229824 223021 219298 217013 215060 212571 205088 213595 215715 218538 216197 218867 228961 245602 285357 369757 492517 707070 1.00645e+06 1.45996e+06 2.0806e+06 2.92717e+06 4.14939e+06 5.96673e+06 8.25778e+06 1.14148e+07 1.57666e+07 2.19913e+07 3.09749e+07 4.35796e+07 5.76194e+07 6.31706e+07 3.01753e+07 0 0 0 0 0 0 
0 0 0 0 0 0 2.63967e+07 1.6824e+08 2.6474e+08 2.47364e+08 2.01198e+08 1.58541e+08 1.20414e+08 9.0931e+07 6.84922e+07 5.22532e+07 3.94189e+07 2.97907e+07 2.30106e+07 1.75592e+07 1.35171e+07 1.05978e+07 8.28337e+06 6.53569e+06 5.43292e+06 4.60617e+06 3.96259e+06 3.60342e+06 3.39951e+06 3.24567e+06 3.20148e+06 3.15499e+06 3.19247e+06 3.15249e+06 3.17222e+06 3.2336e+06 3.42127e+06 3.57728e+06 3.9733e+06 4.61856e+06 5.56518e+06 6.70827e+06 8.30813e+06 1.05531e+07 1.36075e+07 1.79346e+07 2.32837e+07 3.07485e+07 4.05979e+07 5.27456e+07 6.95126e+07 9.09117e+07 1.18895e+08 1.53779e+08 1.97901e+08 2.43268e+08 2.63851e+08 1.69542e+08 2.63035e+07 0 0 0 0 0 0 
0 0 0 0 0 0 0 2.33658e+08 7.76589e+08 1.07382e+09 1.04422e+09 9.09537e+08 7.56999e+08 6.05714e+08 4.84234e+08 3.87353e+08 3.10111e+08 2.48966e+08 2.03368e+08 1.62478e+08 1.31793e+08 1.09771e+08 9.11506e+07 7.59325e+07 6.51239e+07 5.65583e+07 5.07402e+07 4.59317e+07 4.21801e+07 3.94637e+07 3.84357e+07 3.74309e+07 3.72495e+07 3.78908e+07 3.84476e+07 4.00795e+07 4.16853e+07 4.52137e+07 5.05956e+07 5.67523e+07 6.6115e+07 7.70727e+07 9.18704e+07 1.10798e+08 1.34669e+08 1.6641e+08 2.06744e+08 2.57085e+08 3.16531e+08 3.93139e+08 4.92472e+08 6.0987e+08 7.37996e+08 8.92142e+08 1.0279e+09 1.06003e+09 7.80643e+08 2.32839e+08 0 0 0 0 0 0 0 
0 0 0 0 0 0 0 1.39858e+08 1.38584e+09 3.27807e+09 4.25374e+09 4.35495e+09 4.02461e+09 3.51006e+09 2.99929e+09 2.53792e+09 2.11385e+09 1.78027e+09 1.47584e+09 1.2654e+09 1.07724e+09 9.13575e+08 7.87827e+08 6.88907e+08 6.12543e+08 5.37288e+08 4.79535e+08 4.40333e+08 4.12432e+08 3.87514e+08 3.73943e+08 3.66789e+08 3.65478e+08 3.66809e+08 3.7734e+08 3.93949e+08 4.11609e+08 4.38787e+08 4.81095e+08 5.40787e+08 6.04535e+08 6.87859e+08 7.90873e+08 9.18375e+08 1.0738e+09 1.25869e+09 1.51234e+09 1.79049e+09 2.12134e+09 2.5333e+09 2.97242e+09 3.44267e+09 3.95198e+09 4.29448e+09 4.22891e+09 3.27662e+09 1.38355e+09 1.39912e+08 0 0 0 0 0 0 0 
0 0 0 0 0 0 0 0 1.34023e+09 6.63944e+09 1.31021e+10 1.69909e+10 1.78657e+10 1.71277e+10 1.58191e+10 1.41718e+10 1.24226e+10 1.07871e+10 9.5092e+09 8.31629e+09 7.3345e+09 6.47261e+09 5.7533e+09 5.14394e+09 4.60316e+09 4.16288e+09 3.80037e+09 3.52854e+09 3.3306e+09 3.17368e+09 3.0448e+09 3.02542e+09 2.98547e+09 2.99021e+09 3.04746e+09 3.17061e+09 3.34558e+09 3.57098e+09 3.82451e+09 4.16008e+09 4.60123e+09 5.08303e+09 5.69289e+09 6.45412e+09 7.35302e+09 8.40944e+09 9.5613e+09 1.08466e+10 1.22658e+10 1.39684e+10 1.5586e+10 1.68488e+10 1.75885e+10 1.6693e+10 1.29989e+10 6.67013e+09 1.34109e+09 0 0 0 0 0 0 0 0 
0 0 0 0 0 0 0 0 5.90914e+08 8.35289e+09 2.85525e+10 5.02698e+10 6.48697e+10 7.12551e+10 7.1105e+10 6.79406e+10 6.30906e+10 5.76616e+10 5.24635e+10 4.78483e+10 4.35035e+10 3.94216e+10 3.62142e+10 3.3041e+10 3.01294e+10 2.80564e+10 2.63431e+10 2.47048e+10 2.32394e+10 2.2183e+10 2.14458e+10 2.12633e+10 2.12843e+10 2.13784e+10 2.16609e+10 2.24278e+10 2.33359e+10 2.45095e+10 2.60883e+10 2.77718e+10 3.00606e+10 3.28641e+10 3.57625e+10 3.93953e+10 4.37387e+10 4.81926e+10 5.3067e+10 5.79658e+10 6.34302e+10 6.75174e+10 6.99781e+10 6.99005e+10 6.37788e+10 4.97395e+10 2.83308e+10 8.32727e+09 5.88619e+08 0 0 0 0 0 0 0 0 
0 0 0 0 0 0 0 0 0 5.91868e+09 4.07675e+10 1.11249e+11 1.84524e+11 2.42187e+11 2.73785e+11 2.86193e+11 2.82547e+11 2.71495e+11 2.57924e+11 2.44395e+11 2.28581e+11 2.12514e+11 2.00033e+11 1.8767e+11 1.7556e+11 1.64557e+11 1.56136e+11 1.47578e+11 1.4257e+11 1.3793e+11 1.35094e+11 1.32838e+11 1.3273e+11 1.32669e+11 1.34748e+11 1.38818e+11 1.43808e+11 1.48802e+11 1.55777e+11 1.63366e+11 1.72124e+11 1.8601e+11 1.99309e+11 2.13531e+11 2.27378e+11 2.44352e+11 2.60109e+11 2.75377e+11 2.83669e+11 2.81436e+11 2.70055e+11 2.40332e+11 1.85069e+11 1.10141e+11 4.09196e+10 5.94943e+09 0 0 0 0 0 0 0 0 0 
0 0 0 0 0 0 0 0 0 1.98012e+09 3.77914e+10 1.75479e+11 4.11237e+11 6.65973e+11 8.75544e+11 1.0125e+12 1.09744e+12 1.11964e+12 1.12201e+12 1.10159e+12 1.0743e+12 1.03759e+12 9.86774e+11 9.45894e+11 9.06345e+11 8.72895e+11 8.35724e+11 8.12853e+11 7.82165e+11 7.64508e+11 7.44925e+11 7.30304e+11 7.31649e+11 7.35522e+11 7.4921e+11 7.68176e+11 7.81304e+11 7.99472e+11 8.23043e+11 8.55972e+11 8.98341e+11 9.42269e+11 9.84165e+11 1.0201e+12 1.05286e+12 1.10725e+12 1.1169e+12 1.11586e+12 1.08707e+12 1.01089e+12 8.69845e+11 6.61901e+11 4.07974e+11 1.75478e+11 3.80667e+10 1.96336e+09 0 0 0 0 0 0 0 0 0 
0 0 0 0 0 0 0 0 0 0 2.03772e+10 1.85413e+11 6.70195e+11 1.43741e+12 2.29151e+12 3.07073e+12 3.64928e+12 4.03899e+12 4.30436e+12 4.40616e+12 4.48546e+12 4.43673e+12 4.38645e+12 4.27972e+12 4.15853e+12 4.10573e+12 4.02877e+12 3.92736e+12 3.84429e+12 3.76574e+12 3.68845e+12 3.65339e+12 3.66351e+12 3.67331e+12 3.70471e+12 3.76604e+12 3.80141e+12 3.87574e+12 3.9746e+12 4.06183e+12 4.17905e+12 4.25199e+12 4.3172e+12 4.38073e+12 4.44978e+12 4.36641e+12 4.25572e+12 4.02644e+12 3.64801e+12 3.06396e+12 2.31798e+12 1.43578e+12 6.72569e+11 1.86151e+11 2.03547e+10 0 0 0 0 0 0 0 0 0 0 
0 0 0 0 0 0 0 0 0 0 5.34717e+09 1.30729e+11 7.86687e+11 2.40376e+12 4.80833e+12 7.64223e+12 1.03109e+13 1.25429e+13 1.42082e+13 1.55245e+13 1.64269e+13 1.70676e+13 1.73638e+13 1.75341e+13 1.7577e+13 1.73434e+13 1.72244e+13 1.71235e+13 1.69966e+13 1.67421e+13 1.65303e+13 1.65958e+13 1.66937e+13 1.65534e+13 1.66603e+13 1.68381e+13 1.6985e+13 1.70754e+13 1.72983e+13 1.74627e+13 1.73936e+13 1.74255e+13 1.72331e+13 1.69179e+13 1.64721e+13 1.55466e+13 1.42651e+13 1.25961e+13 1.03237e+13 7.68191e+12 4.82776e+12 2.3835e+12 7.90343e+11 1.32218e+11 5.31242e+09 0 0 0 0 0 0 0 0 0 0 
0 0 0 0 0 0 0 0 0 0 0 5.63835e+10 6.44419e+11 2.94876e+12 7.96975e+12 1.53756e+13 2.41301e+13 3.29548e+13 4.10038e+13 4.81221e+13 5.39351e+13 5.87676e+13 6.22139e+13 6.42759e+13 6.57583e+13 6.68166e+13 6.74006e+13 6.79765e+13 6.78467e+13 6.78273e+13 6.75925e+13 6.76129e+13 6.75603e+13 6.75098e+13 6.78211e+13 6.76009e+13 6.73159e+13 6.74566e+13 6.68951e+13 6.61612e+13 6.56343e+13 6.38559e+13 6.18727e+13 5.79967e+13 5.34677e+13 4.79926e+13 4.1313e+13 3.33004e+13 2.44245e+13 1.54891e+13 7.99205e+12 2.95136e+12 6.43034e+11 5.60254e+10 0 0 0 0 0 0 0 0 0 0 0 
0 0 0 0 0 0 0 0 0 0 0 1.1633e+10 3.56123e+11 2.63626e+12 1.00447e+13 2.49347e+13 4.68156e+13 7.31956e+13 1.00809e+14 1.28265e+14 1.53778e+14 1.74878e+14 1.93935e+14 2.0948e+14 2.19281e+14 2.27482e+14 2.36816e+14 2.41669e+14 2.46191e+14 2.47128e+14 2.49969e+14 2.51092e+14 2.52464e+14 2.50866e+14 2.50797e+14 2.4973e+14 2.45776e+14 2.41192e+14 2.36293e+14 2.28693e+14 2.18428e+14 2.07587e+14 1.93571e+14 1.74881e+14 1.54596e+14 1.28243e+14 1.02199e+14 7.40808e+13 4.69333e+13 2.48981e+13 1.00477e+13 2.66872e+12 3.55875e+11 1.1784e+10 0 0 0 0 0 0 0 0 0 0 0 
0 0 0 0 0 0 0 0 0 0 0 0 1.22521e+11 1.70561e+12 9.55554e+12 3.15894e+13 7.33867e+13 1.36409e+14 2.12931e+14 2.96398e+14 3.83689e+14 4.65879e+14 5.41316e+14 6.06259e+14 6.62701e+14 7.0825e+14 7.42042e+14 7.76627e+14 8.03577e+14 8.19961e+14 8.2892e+14 8.36215e+14 8.42709e+14 8.42405e+14 8.34153e+14 8.21653e+14 7.9767e+14 7.73499e+14 7.38724e+14 7.03069e+14 6.60494e+14 6.04248e+14 5.39277e+14 4.6741e+14 3.83e+14 2.99208e+14 2.12563e+14 1.35739e+14 7.39195e+13 3.15172e+13 9.5095e+12 1.70001e+12 1.22262e+11 0 0 0 0 0 0 0 0 0 0 0 0 
0 0 0 0 0 0 0 0 0 0 0 0 2.08525e+10 7.59134e+11 6.79233e+12 3.10659e+13 9.23995e+13 2.05764e+14 3.70864e+14 5.80107e+14 8.22603e+14 1.06645e+15 1.31462e+15 1.55224e+15 1.76761e+15 1.95421e+15 2.12249e+15 2.25682e+15 2.3501e+15 2.43329e+15 2.48889e+15 2.53268e+15 2.55088e+15 2.53821e+15 2.51015e+15 2.44243e+15 2.3574e+15 2.24163e+15 2.10787e+15 1.95266e+15 1.77822e+15 1.55983e+15 1.32605e+15 1.07373e+15 8.24024e+14 5.85353e+14 3.73358e+14 2.04802e+14 9.19204e+13 3.08094e+13 6.76623e+12 7.59151e+11 2.08946e+10 0 0 0 0 0 0 0 0 0 0 0 0 
0 0 0 0 0 0 0 0 0 0 0 0 0 2.14514e+11 3.52887e+12 2.32447e+13 9.16203e+13 2.50275e+14 5.42398e+14 9.57387e+14 1.49989e+15 2.12419e+15 2.82684e+15 3.49433e+15 4.15545e+15 4.76442e+15 5.31647e+15 5.80407e+15 6.22859e+15 6.49685e+15 6.69305e+15 6.84465e+15 6.86653e+15 6.85348e+15 6.69655e+15 6.50687e+15 6.17724e+15 5.80576e+15 5.30242e+15 4.74069e+15 4.15138e+15 3.51386e+15 2.81963e+15 2.13385e+15 1.50812e+15 9.5835e+14 5.34515e+14 2.49759e+14 9.10968e+13 2.34151e+13 3.531e+12 2.14751e+11 0 0 0 0 0 0 0 0 0 0 0 0 0 
0 0 0 0 0 0 0 0 0 0 0 0 0 3.06571e+10 1.28527e+12 1.338e+13 7.15814e+13 2.49219e+14 6.40792e+14 1.32299e+15 2.33249e+15 3.64491e+15 5.17751e+15 6.85747e+15 8.60458e+15 1.02637e+16 1.18579e+16 1.33131e+16 1.44989e+16 1.55001e+16 1.61112e+16 1.66026e+16 1.67801e+16 1.67303e+16 1.62652e+16 1.55288e+16 1.44874e+16 1.33212e+16 1.19013e+16 1.03644e+16 8.68132e+15 6.91326e+15 5.20734e+15 3.65739e+15 2.32813e+15 1.31891e+15 6.37573e+14 2.48578e+14 7.11524e+13 1.34125e+13 1.29643e+12 3.04351e+10 0 0 0 0 0 0 0 0 0 0 0 0 0 
0 0 0 0 0 0 0 0 0 0 0 0 0 0 3.02767e+11 5.72069e+12 4.33687e+13 1.95567e+14 6.18147e+14 1.52088e+15 3.03112e+15 5.30347e+15 8.17385e+15 1.16534e+16 1.54947e+16 1.95337e+16 2.34083e+16 2.70503e+16 3.01764e+16 3.2666e+16 3.47311e+16 3.58975e+16 3.63849e+16 3.60182e+16 3.47657e+16 3.28271e+16 3.02051e+16 2.70266e+16 2.34228e+16 1.95404e+16 1.55691e+16 1.1678e+16 8.20259e+15 5.27689e+15 3.0352e+15 1.50674e+15 6.19937e+14 1.95473e+14 4.36224e+13 5.72531e+12 3.01513e+11 0 0 0 0 0 0 0 0 0 0 0 0 0 0 
0 0 0 0 0 0 0 0 0 0 0 0 0 0 3.67737e+10 1.72963e+12 2.03454e+13 1.23248e+14 4.87192e+14 1.42575e+15 3.32145e+15 6.45967e+15 1.11233e+16 1.71065e+16 2.42795e+16 3.22762e+16 4.04842e+16 4.83182e+16 5.53966e+16 6.14145e+16 6.63984e+16 6.87738e+16 7.01016e+16 6.90656e+16 6.61838e+16 6.13865e+16 5.55277e+16 4.81506e+16 4.04101e+16 3.22801e+16 2.43434e+16 1.71522e+16 1.11027e+16 6.45796e+15 3.29371e+15 1.42725e+15 4.8732e+14 1.23779e+14 2.04827e+13 1.74667e+12 3.64732e+10 0 0 0 0 0 0 0 0 0 0 0 0 0 0 
0 0 0 0 0 0 0 0 0 0 0 0 0 0 0 3.45504e+11 7.2451e+12 6.15235e+13 3.11225e+14 1.10887e+15 3.01775e+15 6.71965e+15 1.27925e+16 2.16671e+16 3.29213e+16 4.64007e+16 6.0802e+16 7.55517e+16 8.94683e+16 1.01635e+17 1.10003e+17 1.1666e+17 1.18344e+17 1.1615e+17 1.10585e+17 1.01254e+17 8.91306e+16 7.54506e+16 6.06563e+16 4.61327e+16 3.2763e+16 2.14764e+16 1.26858e+16 6.66803e+15 3.02688e+15 1.10722e+15 3.12197e+14 6.21611e+13 7.31972e+12 3.46987e+11 0 0 0 0 0 0 0 0 0 0 0 0 0 0 0 
0 0 0 0 0 0 0 0 0 0 0 0 0 0 0 3.62353e+10 1.86453e+12 2.40483e+13 1.6035e+14 7.04421e+14 2.28959e+15 5.86527e+15 1.24742e+16 2.29904e+16 3.80446e+16 5.71129e+16 7.9354e+16 1.02377e+17 1.25262e+17 1.45783e+17 1.62386e+17 1.72028e+17 1.75337e+17 1.7238e+17 1.62224e+17 1.46178e+17 1.25718e+17 1.02835e+17 7.94451e+16 5.70418e+16 3.79192e+16 2.29435e+16 1.24122e+16 5.8444e+15 2.27391e+15 7.05405e+14 1.62772e+14 2.43395e+13 1.88208e+12 3.59937e+10 0 0 0 0 0 0 0 0 0 0 0 0 0 0 0 
0 0 0 0 0 0 0 0 0 0 0 0 0 0 0 0 3.21825e+11 7.2437e+12 6.67474e+13 3.68604e+14 1.43327e+15 4.27735e+15 1.03714e+16 2.11875e+16 3.81135e+16 6.09044e+16 8.95101e+16 1.2155e+17 1.54233e+17 1.8364e+17 2.07691e+17 2.22878e+17 2.28936e+17 2.23836e+17 2.09303e+17 1.83931e+17 1.5382e+17 1.21244e+17 8.92619e+16 6.08286e+16 3.7777e+16 2.10374e+16 1.03542e+16 4.30021e+15 1.44258e+15 3.7381e+14 6.8282e+13 7.37008e+12 3.23022e+11 0 0 0 0 0 0 0 0 0 0 0 0 0 0 0 0 
0 0 0 0 0 0 0 0 0 0 0 0 0 0 0 0 2.97125e+10 1.61601e+12 2.22084e+13 1.59654e+14 7.54384e+14 2.62072e+15 7.21896e+15 1.65639e+16 3.23492e+16 5.60994e+16 8.74851e+16 1.2508e+17 1.64246e+17 2.02361e+17 2.3358e+17 2.53544e+17 2.61348e+17 2.54918e+17 2.33592e+17 2.02738e+17 1.64594e+17 1.2498e+17 8.73033e+16 5.60588e+16 3.2466e+16 1.66256e+16 7.28546e+15 2.65171e+15 7.65944e+14 1.61936e+14 2.24879e+13 1.63517e+12 2.95045e+10 0 0 0 0 0 0 0 0 0 0 0 0 0 0 0 0 
0 0 0 0 0 0 0 0 0 0 0 0 0 0 0 0 0 2.43164e+11 5.76317e+12 5.6417e+13 3.32197e+14 1.37571e+15 4.33946e+15 1.11132e+16 2.39357e+16 4.4692e+16 7.42127e+16 1.11399e+17 1.52891e+17 1.93992e+17 2.28232e+17 2.52709e+17 2.60258e+17 2.51566e+17 2.28034e+17 1.94141e+17 1.53086e+17 1.11575e+17 7.42397e+16 4.47701e+16 2.39988e+16 1.11661e+16 4.39145e+15 1.38472e+15 3.35188e+14 5.72174e+13 5.89404e+12 2.47278e+11 0 0 0 0 0 0 0 0 0 0 0 0 0 0 0 0 0 
0 0 0 0 0 0 0 0 0 0 0 0 0 0 0 0 0 2.00841e+10 1.1386e+12 1.62643e+13 1.22361e+14 6.0478e+14 2.22089e+15 6.39404e+15 1.51354e+16 3.08585e+16 5.47727e+16 8.66669e+16 1.24194e+17 1.62387e+17 1.96569e+17 2.19269e+17 2.277e+17 2.18433e+17 1.9578e+17 1.62296e+17 1.23957e+17 8.65554e+16 5.47755e+16 3.09298e+16 1.52289e+16 6.44484e+15 2.23279e+15 6.09785e+14 1.2321e+14 1.64188e+13 1.15083e+12 2.018e+10 0 0 0 0 0 0 0 0 0 0 0 0 0 0 0 0 0 
0 0 0 0 0 0 0 0 0 0 0 0 0 0 0 0 0 0 1.5152e+11 3.68912e+12 3.73553e+13 2.26995e+14 9.68643e+14 3.14583e+15 8.34365e+15 1.84112e+16 3.50751e+16 5.87557e+16 8.83008e+16 1.20053e+17 1.47337e+17 1.66997e+17 1.73573e+17 1.66869e+17 1.46897e+17 1.1894e+17 8.81793e+16 5.89492e+16 3.5293e+16 1.84952e+16 8.39437e+15 3.18905e+15 9.80586e+14 2.28923e+14 3.77469e+13 3.76718e+12 1.53541e+11 0 0 0 0 0 0 0 0 0 0 0 0 0 0 0 0 0 0 
0 0 0 0 0 0 0 0 0 0 0 0 0 0 0 0 0 0 1.15504e+10 6.42244e+11 9.38523e+12 7.21923e+13 3.6462e+14 1.35994e+15 3.98157e+15 9.63062e+15 1.96425e+16 3.50471e+16 5.51926e+16 7.67407e+16 9.75389e+16 1.11965e+17 1.16997e+17 1.11653e+17 9.71233e+16 7.69231e+16 5.50238e+16 3.49026e+16 1.97769e+16 9.70785e+15 4.01427e+15 1.37916e+15 3.66472e+14 7.27712e+13 9.51814e+12 6.49806e+11 1.17363e+10 0 0 0 0 0 0 0 0 0 0 0 0 0 0 0 0 0 0 
0 0 0 0 0 0 0 0 0 0 0 0 0 0 0 0 0 0 0 7.70819e+10 1.8785e+12 1.91498e+13 1.17956e+14 5.07419e+14 1.66763e+15 4.4035e+15 9.72094e+15 1.83589e+16 3.02608e+16 4.40352e+16 5.71687e+16 6.6669e+16 6.97891e+16 6.62722e+16 5.67424e+16 4.40159e+16 3.03138e+16 1.84012e+16 9.80841e+15 4.43923e+15 1.69861e+15 5.14452e+14 1.1983e+14 1.95191e+13 1.92156e+12 7.91313e+10 0 0 0 0 0 0 0 0 0 0 0 0 0 0 0 0 0 0 0 
0 0 0 0 0 0 0 0 0 0 0 0 0 0 0 0 0 0 0 5.63424e+09 2.96063e+11 4.27651e+12 3.26769e+13 1.6414e+14 6.1152e+14 1.78966e+15 4.25431e+15 8.52232e+15 1.47628e+16 2.2247e+16 2.95092e+16 3.49901e+16 3.71208e+16 3.50473e+16 2.96611e+16 2.21892e+16 1.47926e+16 8.58023e+15 4.29365e+15 1.80715e+15 6.22113e+14 1.67307e+14 3.31082e+13 4.32732e+12 2.98254e+11 5.76114e+09 0 0 0 0 0 0 0 0 0 0 0 0 0 0 0 0 0 0 0 
0 0 0 0 0 0 0 0 0 0 0 0 0 0 0 0 0 0 0 0 3.29302e+10 7.7703e+11 7.76554e+12 4.65096e+13 1.98026e+14 6.36481e+14 1.65367e+15 3.5485e+15 6.38422e+15 9.99441e+15 1.37219e+16 1.6513e+16 1.74988e+16 1.65191e+16 1.37624e+16 1.00476e+16 6.45113e+15 3.57362e+15 1.67288e+15 6.45888e+14 2.00455e+14 4.71618e+13 7.88924e+12 7.86194e+11 3.33311e+10 0 0 0 0 0 0 0 0 0 0 0 0 0 0 0 0 0 0 0 0 
0 0 0 0 0 0 0 0 0 0 0 0 0 0 0 0 0 0 0 0 2.41037e+09 1.12198e+11 1.5546e+12 1.15185e+13 5.65473e+13 2.04498e+14 5.69669e+14 1.3101e+15 2.5012e+15 4.07074e+15 5.72763e+15 6.98933e+15 7.49825e+15 7.00181e+15 5.75262e+15 4.09559e+15 2.53234e+15 1.31646e+15 5.75003e+14 2.05041e+14 5.71509e+13 1.17404e+13 1.5737e+12 1.12767e+11 2.45082e+09 0 0 0 0 0 0 0 0 0 0 0 0 0 0 0 0 0 0 0 0 
0 0 0 0 0 0 0 0 0 0 0 0 0 0 0 0 0 0 0 0 0 1.18193e+10 2.61121e+11 2.46137e+12 1.42642e+13 5.82989e+13 1.80065e+14 4.36645e+14 8.89429e+14 1.50354e+15 2.16764e+15 2.69344e+15 2.88376e+15 2.69636e+15 2.16265e+15 1.50407e+15 8.88431e+14 4.41319e+14 1.80381e+14 5.85876e+13 1.45573e+13 2.50873e+12 2.61118e+11 1.18389e+10 0 0 0 0 0 0 0 0 0 0 0 0 0 0 0 0 0 0 0 0 0 
0 0 0 0 0 0 0 0 0 0 0 0 0 0 0 0 0 0 0 0 0 9.1226e+08 3.57564e+10 4.52142e+11 3.15215e+12 1.48091e+13 5.0486e+13 1.3322e+14 2.82206e+14 4.98906e+14 7.41179e+14 9.38234e+14 1.01628e+15 9.38341e+14 7.45624e+14 5.02812e+14 2.8308e+14 1.33314e+14 5.0473e+13 1.49074e+13 3.22882e+12 4.60102e+11 3.544e+10 9.24407e+08 0 0 0 0 0 0 0 0 0 0 0 0 0 0 0 0 0 0 0 0 0 
0 0 0 0 0 0 0 0 0 0 0 0 0 0 0 0 0 0 0 0 0 0 3.58538e+09 7.10169e+10 6.23005e+11 3.35525e+12 1.28867e+13 3.66905e+13 8.26209e+13 1.52375e+14 2.34444e+14 2.99104e+14 3.24907e+14 3.03177e+14 2.35942e+14 1.5255e+14 8.28461e+13 3.65772e+13 1.29505e+13 3.39729e+12 6.34204e+11 7.18538e+10 3.65912e+09 0 0 0 0 0 0 0 0 0 0 0 0 0 0 0 0 0 0 0 0 0 0 
0 0 0 0 0 0 0 0 0 0 0 0 0 0 0 0 0 0 0 0 0 0 3.1618e+08 9.32696e+09 1.07153e+11 6.8159e+11 2.91818e+12 9.24018e+12 2.20681e+13 4.25231e+13 6.72476e+13 8.88081e+13 9.71072e+13 8.84014e+13 6.75583e+13 4.28183e+13 2.22593e+13 9.23365e+12 2.96046e+12 6.95003e+11 1.08014e+11 9.53801e+09 3.21897e+08 0 0 0 0 0 0 0 0 0 0 0 0 0 0 0 0 0 0 0 0 0 0 
0 0 0 0 0 0 0 0 0 0 0 0 0 0 0 0 0 0 0 0 0 0 0 9.46758e+08 1.60761e+10 1.2643e+11 6.14468e+11 2.10113e+12 5.45084e+12 1.10735e+13 1.80274e+13 2.39942e+13 2.6687e+13 2.40309e+13 1.80323e+13 1.11614e+13 5.47687e+12 2.12192e+12 6.20571e+11 1.27173e+11 1.6352e+10 9.65254e+08 0 0 0 0 0 0 0 0 0 0 0 0 0 0 0 0 0 0 0 0 0 0 0 
0 0 0 0 0 0 0 0 0 0 0 0 0 0 0 0 0 0 0 0 0 0 0 1.02914e+08 2.15953e+09 2.09663e+10 1.17058e+11 4.48039e+11 1.25595e+12 2.63669e+12 4.47299e+12 6.13076e+12 6.76329e+12 6.14187e+12 4.51641e+12 2.64693e+12 1.24662e+12 4.53994e+11 1.19355e+11 2.09927e+10 2.18882e+09 1.03893e+08 0 0 0 0 0 0 0 0 0 0 0 0 0 0 0 0 0 0 0 0 0 0 0 
0 0 0 0 0 0 0 0 0 0 0 0 0 0 0 0 0 0 0 0 0 0 0 0 2.20507e+08 3.13499e+09 2.07332e+10 8.77398e+10 2.64964e+11 5.94333e+11 1.04297e+12 1.4655e+12 1.6338e+12 1.45793e+12 1.04941e+12 6.01304e+11 2.68096e+11 8.94702e+10 2.09962e+10 3.15922e+09 2.25552e+08 0 0 0 0 0 0 0 0 0 0 0 0 0 0 0 0 0 0 0 0 0 0 0 0 
0 0 0 0 0 0 0 0 0 0 0 0 0 0 0 0 0 0 0 0 0 0 0 0 3.11803e+07 4.44496e+08 3.40737e+09 1.6323e+10 5.3548e+10 1.27373e+11 2.30078e+11 3.29459e+11 3.65149e+11 3.29556e+11 2.32781e+11 1.26527e+11 5.38694e+10 1.65529e+10 3.44621e+09 4.48747e+08 3.11839e+07 0 0 0 0 0 0 0 0 0 0 0 0 0 0 0 0 0 0 0 0 0 0 0 0 
0 0 0 0 0 0 0 0 0 0 0 0 0 0 0 0 0 0 0 0 0 0 0 0 0 4.48908e+07 5.40969e+08 2.89743e+09 1.01741e+10 2.58037e+10 4.85591e+10 7.06998e+10 7.96967e+10 7.11038e+10 4.89584e+10 2.60632e+10 1.02842e+10 2.90986e+09 5.38508e+08 4.56207e+07 0 0 0 0 0 0 0 0 0 0 0 0 0 0 0 0 0 0 0 0 0 0 0 0 0 
0 0 0 0 0 0 0 0 0 0 0 0 0 0 0 0 0 0 0 0 0 0 0 0 0 8.50733e+06 8.08871e+07 4.80587e+08 1.87652e+09 5.04178e+09 9.95901e+09 1.46475e+10 1.67617e+10 1.47651e+10 9.94298e+09 5.06477e+09 1.91244e+09 4.73798e+08 8.11187e+07 8.43375e+06 0 0 0 0 0 0 0 0 0 0 0 0 0 0 0 0 0 0 0 0 0 0 0 0 0 
0 0 0 0 0 0 0 0 0 0 0 0 0 0 0 0 0 0 0 0 0 0 0 0 0 0 7.84638e+06 8.0271e+07 3.40196e+08 9.64683e+08 1.97982e+09 2.95696e+09 3.45352e+09 2.99306e+09 2.00357e+09 9.50418e+08 3.37645e+08 8.09541e+07 7.84062e+06 0 0 0 0 0 0 0 0 0 0 0 0 0 0 0 0 0 0 0 0 0 0 0 0 0 0 
0 0 0 0 0 0 0 0 0 0 0 0 0 0 0 0 0 0 0 0 0 0 0 0 0 0 2.06306e+06 1.28186e+07 5.6361e+07 1.84973e+08 3.83383e+08 6.04359e+08 6.98598e+08 6.03996e+08 3.80349e+08 1.86808e+08 5.6579e+07 1.29482e+07 2.06611e+06 0 0 0 0 0 0 0 0 0 0 0 0 0 0 0 0 0 0 0 0 0 0 0 0 0 0 
0 0 0 0 0 0 0 0 0 0 0 0 0 0 0 0 0 0 0 0 0 0 0 0 0 0 0 1.09962e+06 1.0782e+07 3.31592e+07 7.47022e+07 1.20606e+08 1.35597e+08 1.19478e+08 7.49615e+07 3.23735e+07 1.09723e+07 1.08012e+06 0 0 0 0 0 0 0 0 0 0 0 0 0 0 0 0 0 0 0 0 0 0 0 0 0 0 0 
0 0 0 0 0 0 0 0 0 0 0 0 0 0 0 0 0 0 0 0 0 0 0 0 0 0 0 426384 1.71931e+06 5.54589e+06 1.51348e+07 2.22249e+07 2.877e+07 2.24654e+07 1.52699e+07 5.63524e+06 1.71293e+06 432174 0 0 0 0 0 0 0 0 0 0 0 0 0 0 0 0 0 0 0 0 0 0 0 0 0 0 0 
0 0 0 0 0 0 0 0 0 0 0 0 0 0 0 0 0 0 0 0 0 0 0 0 0 0 0 0 113110 1.26578e+06 2.42901e+06 4.73638e+06 5.2421e+06 4.66581e+06 2.43141e+06 1.27194e+06 112331 0 0 0 0 0 0 0 0 0 0 0 0 0 0 0 0 0 0 0 0 0 0 0 0 0 0 0 0 
0 0 0 0 0 0 0 0 0 0 0 0 0 0 0 0 0 0 0 0 0 0 0 0 0 0 0 0 73542.8 171609 457124 959521 944189 972925 463283 172704 74402.8 0 0 0 0 0 0 0 0 0 0 0 0 0 0 0 0 0 0 0 0 0 0 0 0 0 0 0 0 
0 0 0 0 0 0 0 0 0 0 0 0 0 0 0 0 0 0 0 0 0 0 0 0 0 0 0 0 0 7606.13 116440 110811 242793 110309 117036 7674.61 0 0 0 0 0 0 0 0 0 0 0 0 0 0 0 0 0 0 0 0 0 0 0 0 0 0 0 0 0 
0 0 0 0 0 0 0 0 0 0 0 0 0 0 0 0 0 0 0 0 0 0 0 0 0 0 0 0 0 9906.73 11308.9 32371.2 37592.4 32699 11617.7 10088.6 0 0 0 0 0 0 0 0 0 0 0 0 0 0 0 0 0 0 0 0 0 0 0 0 0 0 0 0 0 
0 0 0 0 0 0 0 0 0 0 0 0 0 0 0 0 0 0 0 0 0 0 0 0 0 0 0 0 0 0 260.406 7687.69 2023.59 7696.32 254.66 0 0 0 0 0 0 0 0 0 0 0 0 0 0 0 0 0 0 0 0 0 0 0 0 0 0 0 0 0 0 
0 0 0 0 0 0 0 0 0 0 0 0 0 0 0 0 0 0 0 0 0 0 0 0 0 0 0 0 0 0 1005.53 385.175 1945.4 383.92 998.223 0 0 0 0 0 0 0 0 0 0 0 0 0 0 0 0 0 0 0 0 0 0 0 0 0 0 0 0 0 0 
0 0 0 0 0 0 0 0 0 0 0 0 0 0 0 0 0 0 0 0 0 0 0 0 0 0 0 0 0 0 0 0 256.55 0 0 0 0 0 0 0 0 0 0 0 0 0 0 0 0 0 0 0 0 0 0 0 0 0 0 0 0 0 0 0 0 
0 0 0 0 0 0 0 0 0 0 0 0 0 0 0 0 0 0 0 0 0 0 0 0 0 0 0 0 0 0 0 64.5826 0 64.3784 0 0 0 0 0 0 0 0 0 0 0 0 0 0 0 0 0 0 0 0 0 0 0 0 0 0 0 0 0 0 0 
0 0 0 0 0 0 0 0 0 0 0 0 0 0 0 0 0 0 0 0 0 0 0 0 0 0 0 0 0 0 0 0 0 0 0 0 0 0 0 0 0 0 0 0 0 0 0 0 0 0 0 0 0 0 0 0 0 0 0 0 0 0 0 0 0 
0 0 0 0 0 0 0 0 0 0 0 0 0 0 0 0 0 0 0 0 0 0 0 0 0 0 0 0 0 0 0 0 2.0007 0 0 0 0 0 0 0 0 0 0 0 0 0 0 0 0 0 0 0 0 0 0 0 0 0 0 0 0 0 0 0 0 
