1 0 0 0 0 0 0 0 0 0 0 0 0 0 0 0 0 
0 0 0 0 0 0 0 0 0 0 0 0 0 0 0 0 0 
0 16 0 0 0 0 0 0 0 0 0 0 0 0 0 0 0 
0 0 32 0 0 0 0 0 0 0 0 0 0 0 0 0 0 
0 0 88 96.0379 24.0095 0 0 0 8.15968 0 0 0 0 0 0 0 0 
0 0 0 255.924 257.161 193.035 96.0503 65.2774 0 0 0 0 0 0 0 0 0 
0 0 0 208.038 733.525 688.245 705.867 622.952 767.046 0 0 0 0 0 0 0 0 
0 0 0 0 577.431 1659.92 1822.56 1913.37 1604.89 0 0 0 0 0 0 0 0 
0 0 0 0 227.874 1250.68 2925.66 3694.42 4348.75 0 0 0 0 0 0 0 0 
0 0 0 0 0 448.74 1568.92 3122.67 3263.57 0 0 0 0 0 0 0 0 
0 0 0 0 0 127.386 769.235 1398.84 2117.98 0 0 0 0 0 0 0 0 
0 0 0 0 0 0 63.7722 511.095 574.498 0 0 0 0 0 0 0 0 
0 0 0 0 0 0 55.9353 95.3942 118.93 0 0 0 0 0 0 0 0 
0 0 0 0 0 0 0 0 64.1789 0 0 0 0 0 0 0 0 
0 0 0 0 0 0 0 15.9815 0 0 0 0 0 0 0 0 0 
0 0 0 0 0 0 0 0 0 0 0 0 0 0 0 0 0 
0 0 0 0 0 0 0 0 1.99769 0 0 0 0 0 0 0 0 
