1 0 0 0 0 0 0 0 0 0 0 0 0 0 0 0 0 
0 0 0 0 0 0 0 0 0 0 0 0 0 0 0 0 0 
0 16 0 0 0 0 0 0 0 0 0 0 0 0 0 0 0 
0 0 32 0 0 0 0 0 0 0 0 0 0 0 0 0 0 
0 0 88 96.8416 24.2104 0 0 0 8.14551 0 0 0 0 0 0 0 0 
0 0 0 254.317 255.782 192.905 96.3687 65.164 0 0 0 0 0 0 0 0 0 
0 0 0 208.842 736.727 687.639 704.307 624.159 771.622 0 0 0 0 0 0 0 0 
0 0 0 0 574.359 1663.11 1825.78 1918.4 1603.99 0 0 0 0 0 0 0 0 
0 0 0 0 228.922 1248.35 2924.22 3681.88 4342.28 0 0 0 0 0 0 0 0 
0 0 0 0 0 446.887 1568.21 3130.57 3261.59 0 0 0 0 0 0 0 0 
0 0 0 0 0 129.107 768.408 1395.85 2123.12 0 0 0 0 0 0 0 0 
0 0 0 0 0 0 64.3611 512.208 573.193 0 0 0 0 0 0 0 0 
0 0 0 0 0 0 56.3489 95.6816 119.962 0 0 0 0 0 0 0 0 
0 0 0 0 0 0 0 0 64.0921 0 0 0 0 0 0 0 0 
0 0 0 0 0 0 0 16.0997 0 0 0 0 0 0 0 0 0 
0 0 0 0 0 0 0 0 0 0 0 0 0 0 0 0 0 
0 0 0 0 0 0 0 0 2.01246 0 0 0 0 0 0 0 0 
