1 0 0 0 0 0 0 0 0 0 0 0 0 0 0 0 0 
0 0 0 0 0 0 0 0 0 0 0 0 0 0 0 0 0 
0 16 0 0 0 0 0 0 0 0 0 0 0 0 0 0 0 
0 0 32 0 0 0 0 0 0 0 0 0 0 0 0 0 0 
0 0 88 96.0437 24.0109 0 0 0 7.9615 0 0 0 0 0 0 0 0 
0 0 0 255.913 256.881 191.706 96.1948 63.692 0 0 0 0 0 0 0 0 0 
0 0 0 208.044 733.315 690.507 702.478 623.735 766.323 0 0 0 0 0 0 0 0 
0 0 0 0 578.681 1658.55 1824.88 1919.2 1598.36 0 0 0 0 0 0 0 0 
0 0 0 0 227.111 1251.82 2929.22 3682.41 4362.5 0 0 0 0 0 0 0 0 
0 0 0 0 0 448.163 1566.92 3135.07 3260.81 0 0 0 0 0 0 0 0 
0 0 0 0 0 127.259 769.166 1392.33 2113.18 0 0 0 0 0 0 0 0 
0 0 0 0 0 0 63.3617 512.107 575.455 0 0 0 0 0 0 0 0 
0 0 0 0 0 0 55.7714 95.5217 119.739 0 0 0 0 0 0 0 0 
0 0 0 0 0 0 0 0 63.688 0 0 0 0 0 0 0 0 
0 0 0 0 0 0 0 15.9347 0 0 0 0 0 0 0 0 0 
0 0 0 0 0 0 0 0 0 0 0 0 0 0 0 0 0 
0 0 0 0 0 0 0 0 1.99184 0 0 0 0 0 0 0 0 
