1 0 0 0 0 0 0 0 0 0 0 0 0 0 0 0 0 
0 0 0 0 0 0 0 0 0 0 0 0 0 0 0 0 0 
0 16 0 0 0 0 0 0 0 0 0 0 0 0 0 0 0 
0 0 32 0 0 0 0 0 0 0 0 0 0 0 0 0 0 
0 0 88 95.6741 23.9185 0 0 0 8.08621 0 0 0 0 0 0 0 0 
0 0 0 256.652 256.304 192.622 95.4091 64.6897 0 0 0 0 0 0 0 0 0 
0 0 0 207.674 736.094 689.032 706.606 620.799 771.063 0 0 0 0 0 0 0 0 
0 0 0 0 575.227 1660.18 1820.05 1922.56 1591.58 0 0 0 0 0 0 0 0 
0 0 0 0 228.457 1250.75 2932.9 3683.43 4364.39 0 0 0 0 0 0 0 0 
0 0 0 0 0 446.708 1563.57 3132.46 3257.81 0 0 0 0 0 0 0 0 
0 0 0 0 0 128.704 768.908 1390.92 2117.51 0 0 0 0 0 0 0 0 
0 0 0 0 0 0 64.1006 512.913 573.247 0 0 0 0 0 0 0 0 
0 0 0 0 0 0 56.4494 96.1059 120.164 0 0 0 0 0 0 0 0 
0 0 0 0 0 0 0 0 64.1413 0 0 0 0 0 0 0 0 
0 0 0 0 0 0 0 16.1284 0 0 0 0 0 0 0 0 0 
0 0 0 0 0 0 0 0 0 0 0 0 0 0 0 0 0 
0 0 0 0 0 0 0 0 2.01605 0 0 0 0 0 0 0 0 
