1 0 0 0 0 0 0 0 0 0 0 0 0 0 0 0 0 
0 0 0 0 0 0 0 0 0 0 0 0 0 0 0 0 0 
0 16 0 0 0 0 0 0 0 0 0 0 0 0 0 0 0 
0 0 32 0 0 0 0 0 0 0 0 0 0 0 0 0 0 
0 0 88 95.944 23.986 0 0 0 7.8691 0 0 0 0 0 0 0 0 
0 0 0 256.112 255.351 190.535 96.2269 62.9528 0 0 0 0 0 0 0 0 0 
0 0 0 207.944 737.939 691.407 701.174 624.743 763.508 0 0 0 0 0 0 0 0 
0 0 0 0 574.127 1662.54 1828.12 1912.96 1600.44 0 0 0 0 0 0 0 0 
0 0 0 0 228.598 1247.67 2929.88 3695.76 4368.53 0 0 0 0 0 0 0 0 
0 0 0 0 0 446.737 1563.23 3130.91 3257.59 0 0 0 0 0 0 0 0 
0 0 0 0 0 129.112 768.58 1386.65 2109.85 0 0 0 0 0 0 0 0 
0 0 0 0 0 0 64.3748 513.211 575.669 0 0 0 0 0 0 0 0 
0 0 0 0 0 0 56.4091 96.6893 120.158 0 0 0 0 0 0 0 0 
0 0 0 0 0 0 0 0 64.377 0 0 0 0 0 0 0 0 
0 0 0 0 0 0 0 16.1169 0 0 0 0 0 0 0 0 0 
0 0 0 0 0 0 0 0 0 0 0 0 0 0 0 0 0 
0 0 0 0 0 0 0 0 2.01461 0 0 0 0 0 0 0 0 
