1 0 0 0 0 0 0 0 0 0 0 0 0 0 0 0 0 
0 0 0 0 0 0 0 0 0 0 0 0 0 0 0 0 0 
0 16 0 0 0 0 0 0 0 0 0 0 0 0 0 0 0 
0 0 32 0 0 0 0 0 0 0 0 0 0 0 0 0 0 
0 0 88 95.9616 23.9904 0 0 0 8.13732 0 0 0 0 0 0 0 0 
0 0 0 256.077 256.584 193.166 96.2948 65.0985 0 0 0 0 0 0 0 0 0 
0 0 0 207.962 734.226 689.119 706.498 623.258 769.971 0 0 0 0 0 0 0 0 
0 0 0 0 577.836 1658.38 1819.04 1919.55 1598.78 0 0 0 0 0 0 0 0 
0 0 0 0 227.364 1251.31 2927.87 3675.04 4353.89 0 0 0 0 0 0 0 0 
0 0 0 0 0 447.938 1572.26 3144.1 3259.89 0 0 0 0 0 0 0 0 
0 0 0 0 0 128.088 765.708 1389.48 2120.44 0 0 0 0 0 0 0 0 
0 0 0 0 0 0 64.0906 511.73 573.009 0 0 0 0 0 0 0 0 
0 0 0 0 0 0 56.2434 95.6728 119.948 0 0 0 0 0 0 0 0 
0 0 0 0 0 0 0 0 63.9233 0 0 0 0 0 0 0 0 
0 0 0 0 0 0 0 16.0696 0 0 0 0 0 0 0 0 0 
0 0 0 0 0 0 0 0 0 0 0 0 0 0 0 0 0 
0 0 0 0 0 0 0 0 2.00869 0 0 0 0 0 0 0 0 
