1 0 0 0 0 0 0 0 0 0 0 0 0 0 0 0 0 
0 0 0 0 0 0 0 0 0 0 0 0 0 0 0 0 0 
0 16 0 0 0 0 0 0 0 0 0 0 0 0 0 0 0 
0 0 32 0 0 0 0 0 0 0 0 0 0 0 0 0 0 
0 0 88 95.3984 23.8496 0 0 0 8.11962 0 0 0 0 0 0 0 0 
0 0 0 257.203 255.318 192.134 96.4221 64.957 0 0 0 0 0 0 0 0 0 
0 0 0 207.398 736.62 688.636 702.023 625.282 764.591 0 0 0 0 0 0 0 0 
0 0 0 0 577.406 1660.09 1824.29 1918.95 1602.18 0 0 0 0 0 0 0 0 
0 0 0 0 226.806 1252.47 2931.83 3677.27 4358.95 0 0 0 0 0 0 0 0 
0 0 0 0 0 447.587 1564.87 3138.67 3263.47 0 0 0 0 0 0 0 0 
0 0 0 0 0 127.088 768.766 1387.1 2110.98 0 0 0 0 0 0 0 0 
0 0 0 0 0 0 64.0376 515.451 576.623 0 0 0 0 0 0 0 0 
0 0 0 0 0 0 55.7727 96.3902 118.848 0 0 0 0 0 0 0 0 
0 0 0 0 0 0 0 0 64.2421 0 0 0 0 0 0 0 0 
0 0 0 0 0 0 0 15.9351 0 0 0 0 0 0 0 0 0 
0 0 0 0 0 0 0 0 0 0 0 0 0 0 0 0 0 
0 0 0 0 0 0 0 0 1.99188 0 0 0 0 0 0 0 0 
