1 0 0 0 0 0 0 0 0 0 0 0 0 0 0 0 0 
0 0 0 0 0 0 0 0 0 0 0 0 0 0 0 0 0 
0 16 0 0 0 0 0 0 0 0 0 0 0 0 0 0 0 
0 0 32 0 0 0 0 0 0 0 0 0 0 0 0 0 0 
0 0 88 95.8032 23.9508 0 0 0 7.99703 0 0 0 0 0 0 0 0 
0 0 0 256.394 255.888 191.391 95.353 63.9762 0 0 0 0 0 0 0 0 0 
0 0 0 207.803 737.157 690.752 709.905 627.339 768.538 0 0 0 0 0 0 0 0 
0 0 0 0 574.218 1660.43 1818.06 1921.44 1603.47 0 0 0 0 0 0 0 0 
0 0 0 0 228.786 1248.22 2927.6 3673.3 4355.69 0 0 0 0 0 0 0 0 
0 0 0 0 0 450.303 1565.76 3133.35 3254.87 0 0 0 0 0 0 0 0 
0 0 0 0 0 126.903 771.309 1395.11 2113.76 0 0 0 0 0 0 0 0 
0 0 0 0 0 0 64.5056 513.185 580.841 0 0 0 0 0 0 0 0 
0 0 0 0 0 0 55.5074 96.4389 118.435 0 0 0 0 0 0 0 0 
0 0 0 0 0 0 0 0 64.4021 0 0 0 0 0 0 0 0 
0 0 0 0 0 0 0 15.8593 0 0 0 0 0 0 0 0 0 
0 0 0 0 0 0 0 0 0 0 0 0 0 0 0 0 0 
0 0 0 0 0 0 0 0 1.98241 0 0 0 0 0 0 0 0 
