1 0 0 0 0 0 0 0 0 0 0 0 0 0 0 0 0 
0 0 0 0 0 0 0 0 0 0 0 0 0 0 0 0 0 
0 16 0 0 0 0 0 0 0 0 0 0 0 0 0 0 0 
0 0 32 0 0 0 0 0 0 0 0 0 0 0 0 0 0 
0 0 88 96.1669 24.0417 0 0 0 8.0964 0 0 0 0 0 0 0 0 
0 0 0 255.666 255.367 192.483 95.9609 64.7712 0 0 0 0 0 0 0 0 0 
0 0 0 208.167 737.293 688.308 704.789 621.882 768.66 0 0 0 0 0 0 0 0 
0 0 0 0 575.148 1661.81 1823.81 1927.14 1603.85 0 0 0 0 0 0 0 0 
0 0 0 0 228.151 1250.75 2927.26 3672.1 4346.09 0 0 0 0 0 0 0 0 
0 0 0 0 0 445.41 1568.47 3139.09 3270.63 0 0 0 0 0 0 0 0 
0 0 0 0 0 129.234 767.364 1388.27 2108.64 0 0 0 0 0 0 0 0 
0 0 0 0 0 0 63.3247 513.969 578.75 0 0 0 0 0 0 0 0 
0 0 0 0 0 0 57.0244 96.4827 119.107 0 0 0 0 0 0 0 0 
0 0 0 0 0 0 0 0 64.1331 0 0 0 0 0 0 0 0 
0 0 0 0 0 0 0 16.2927 0 0 0 0 0 0 0 0 0 
0 0 0 0 0 0 0 0 0 0 0 0 0 0 0 0 0 
0 0 0 0 0 0 0 0 2.03659 0 0 0 0 0 0 0 0 
