1 0 0 0 0 0 0 0 0 0 0 0 0 0 0 0 0 
0 0 0 0 0 0 0 0 0 0 0 0 0 0 0 0 0 
0 16 0 0 0 0 0 0 0 0 0 0 0 0 0 0 0 
0 0 32 0 0 0 0 0 0 0 0 0 0 0 0 0 0 
0 0 88 95.9733 23.9933 0 0 0 7.92038 0 0 0 0 0 0 0 0 
0 0 0 256.053 256.851 192.799 95.9889 63.3631 0 0 0 0 0 0 0 0 0 
0 0 0 207.973 734.345 687.631 703.478 625.181 765.541 0 0 0 0 0 0 0 0 
0 0 0 0 576.784 1661.89 1827.45 1916.91 1606.8 0 0 0 0 0 0 0 0 
0 0 0 0 228.027 1250 2921.55 3686.13 4354.82 0 0 0 0 0 0 0 0 
0 0 0 0 0 447.833 1572.13 3132.48 3257.24 0 0 0 0 0 0 0 0 
0 0 0 0 0 127.855 767.633 1390.06 2114.93 0 0 0 0 0 0 0 0 
0 0 0 0 0 0 64.0929 514.531 576.682 0 0 0 0 0 0 0 0 
0 0 0 0 0 0 55.6744 95.4306 119.854 0 0 0 0 0 0 0 0 
0 0 0 0 0 0 0 0 64.2202 0 0 0 0 0 0 0 0 
0 0 0 0 0 0 0 15.907 0 0 0 0 0 0 0 0 0 
0 0 0 0 0 0 0 0 0 0 0 0 0 0 0 0 0 
0 0 0 0 0 0 0 0 1.98837 0 0 0 0 0 0 0 0 
