1 0 0 0 0 0 0 0 0 0 0 0 0 0 0 0 0 
0 0 0 0 0 0 0 0 0 0 0 0 0 0 0 0 0 
0 16 0 0 0 0 0 0 0 0 0 0 0 0 0 0 0 
0 0 32 0 0 0 0 0 0 0 0 0 0 0 0 0 0 
0 0 88 96.2901 24.0725 0 0 0 8.08564 0 0 0 0 0 0 0 0 
0 0 0 255.42 256.235 191.129 95.6718 64.6852 0 0 0 0 0 0 0 0 0 
0 0 0 208.29 735.416 686.861 704.724 622.99 766.923 0 0 0 0 0 0 0 0 
0 0 0 0 576.173 1669.32 1825.87 1919.41 1598.66 0 0 0 0 0 0 0 0 
0 0 0 0 228.104 1243.58 2924.41 3684.74 4362.56 0 0 0 0 0 0 0 0 
0 0 0 0 0 449.8 1568.13 3129.89 3260.35 0 0 0 0 0 0 0 0 
0 0 0 0 0 127.314 769.003 1392.71 2109.43 0 0 0 0 0 0 0 0 
0 0 0 0 0 0 64.5532 513.943 578.036 0 0 0 0 0 0 0 0 
0 0 0 0 0 0 55.6361 95.735 120.177 0 0 0 0 0 0 0 0 
0 0 0 0 0 0 0 0 63.7848 0 0 0 0 0 0 0 0 
0 0 0 0 0 0 0 15.896 0 0 0 0 0 0 0 0 0 
0 0 0 0 0 0 0 0 0 0 0 0 0 0 0 0 0 
0 0 0 0 0 0 0 0 1.987 0 0 0 0 0 0 0 0 
