1 0 0 0 0 0 0 0 0 0 0 0 0 0 0 0 0 
0 0 0 0 0 0 0 0 0 0 0 0 0 0 0 0 0 
0 16 0 0 0 0 0 0 0 0 0 0 0 0 0 0 0 
0 0 32 0 0 0 0 0 0 0 0 0 0 0 0 0 0 
0 0 88 96.4661 24.1165 0 0 0 7.94825 0 0 0 0 0 0 0 0 
0 0 0 255.068 256.729 192.192 96.3245 63.586 0 0 0 0 0 0 0 0 0 
0 0 0 208.466 734.839 689.328 704.783 626.088 770.252 0 0 0 0 0 0 0 0 
0 0 0 0 575.67 1660.11 1817.28 1918.9 1593.14 0 0 0 0 0 0 0 0 
0 0 0 0 228.646 1250.38 2935.64 3678.92 4366.27 0 0 0 0 0 0 0 0 
0 0 0 0 0 448.647 1567.52 3132.91 3260.89 0 0 0 0 0 0 0 0 
0 0 0 0 0 127.346 766.718 1397.35 2102.79 0 0 0 0 0 0 0 0 
0 0 0 0 0 0 64.0544 510.599 583.143 0 0 0 0 0 0 0 0 
0 0 0 0 0 0 55.6759 95.7471 120.253 0 0 0 0 0 0 0 0 
0 0 0 0 0 0 0 0 63.3242 0 0 0 0 0 0 0 0 
0 0 0 0 0 0 0 15.9074 0 0 0 0 0 0 0 0 0 
0 0 0 0 0 0 0 0 0 0 0 0 0 0 0 0 0 
0 0 0 0 0 0 0 0 1.98842 0 0 0 0 0 0 0 0 
