1 0 0 0 0 0 0 0 0 0 0 0 0 0 0 0 0 
0 0 0 0 0 0 0 0 0 0 0 0 0 0 0 0 0 
0 16 0 0 0 0 0 0 0 0 0 0 0 0 0 0 0 
0 0 32 0 0 0 0 0 0 0 0 0 0 0 0 0 0 
0 0 88 96.1065 24.0266 0 0 0 8.02596 0 0 0 0 0 0 0 0 
0 0 0 255.787 256.11 192.131 96.1855 64.2077 0 0 0 0 0 0 0 0 0 
0 0 0 208.107 735.886 688.114 704.607 623.433 768.625 0 0 0 0 0 0 0 0 
0 0 0 0 575.79 1664.13 1822.41 1918 1600.37 0 0 0 0 0 0 0 0 
0 0 0 0 228.187 1247.52 2929.56 3683.1 4351.64 0 0 0 0 0 0 0 0 
0 0 0 0 0 447.452 1567 3137.7 3268.75 0 0 0 0 0 0 0 0 
0 0 0 0 0 128.649 767.927 1389.16 2110.82 0 0 0 0 0 0 0 0 
0 0 0 0 0 0 63.9092 512.361 575.92 0 0 0 0 0 0 0 0 
0 0 0 0 0 0 56.4005 95.9267 119.704 0 0 0 0 0 0 0 0 
0 0 0 0 0 0 0 0 64.1281 0 0 0 0 0 0 0 0 
0 0 0 0 0 0 0 16.1144 0 0 0 0 0 0 0 0 0 
0 0 0 0 0 0 0 0 0 0 0 0 0 0 0 0 0 
0 0 0 0 0 0 0 0 2.0143 0 0 0 0 0 0 0 0 
