1 0 0 0 0 0 0 0 0 0 0 0 0 0 0 0 0 
0 0 0 0 0 0 0 0 0 0 0 0 0 0 0 0 0 
0 16 0 0 0 0 0 0 0 0 0 0 0 0 0 0 0 
0 0 32 0 0 0 0 0 0 0 0 0 0 0 0 0 0 
0 0 88 96.0308 24.0077 0 0 0 8.00519 0 0 0 0 0 0 0 0 
0 0 0 255.938 256.008 191.959 96.2877 64.0415 0 0 0 0 0 0 0 0 0 
0 0 0 208.031 735.804 688.121 703.829 624.958 767.263 0 0 0 0 0 0 0 0 
0 0 0 0 576.338 1663.71 1823.89 1916.44 1598.71 0 0 0 0 0 0 0 0 
0 0 0 0 227.843 1248.11 2927.87 3684.06 4359.75 0 0 0 0 0 0 0 0 
0 0 0 0 0 448.372 1567.73 3134.45 3262.51 0 0 0 0 0 0 0 0 
0 0 0 0 0 127.728 768.459 1391.94 2112.34 0 0 0 0 0 0 0 0 
0 0 0 0 0 0 64.0067 512.226 575.56 0 0 0 0 0 0 0 0 
0 0 0 0 0 0 55.9364 95.8956 119.923 0 0 0 0 0 0 0 0 
0 0 0 0 0 0 0 0 63.9425 0 0 0 0 0 0 0 0 
0 0 0 0 0 0 0 15.9818 0 0 0 0 0 0 0 0 0 
0 0 0 0 0 0 0 0 0 0 0 0 0 0 0 0 0 
0 0 0 0 0 0 0 0 1.99773 0 0 0 0 0 0 0 0 
