1 0 0 0 0 0 0 0 0 0 0 0 0 0 0 0 0 
0 0 0 0 0 0 0 0 0 0 0 0 0 0 0 0 0 
0 16 0 0 0 0 0 0 0 0 0 0 0 0 0 0 0 
0 0 32 0 0 0 0 0 0 0 0 0 0 0 0 0 0 
0 0 88 95.9628 23.9907 0 0 0 8.04743 0 0 0 0 0 0 0 0 
0 0 0 256.074 256.283 192.025 96.0012 64.3795 0 0 0 0 0 0 0 0 0 
0 0 0 207.963 735.47 687.799 704.472 623.493 769.011 0 0 0 0 0 0 0 0 
0 0 0 0 576.25 1664.78 1824.35 1918.3 1598.24 0 0 0 0 0 0 0 0 
0 0 0 0 228.007 1247.42 2927.27 3684.44 4355.6 0 0 0 0 0 0 0 0 
0 0 0 0 0 447.491 1567 3132.94 3264.6 0 0 0 0 0 0 0 0 
0 0 0 0 0 128.482 768.568 1392.41 2113.57 0 0 0 0 0 0 0 0 
0 0 0 0 0 0 64.1981 511.587 575.185 0 0 0 0 0 0 0 0 
0 0 0 0 0 0 56.1433 96.415 119.607 0 0 0 0 0 0 0 0 
0 0 0 0 0 0 0 0 64.1381 0 0 0 0 0 0 0 0 
0 0 0 0 0 0 0 16.0409 0 0 0 0 0 0 0 0 0 
0 0 0 0 0 0 0 0 0 0 0 0 0 0 0 0 0 
0 0 0 0 0 0 0 0 2.00512 0 0 0 0 0 0 0 0 
