1 0 0 0 0 0 0 0 0 0 0 0 0 0 0 0 0 
0 0 0 0 0 0 0 0 0 0 0 0 0 0 0 0 0 
0 16 0 0 0 0 0 0 0 0 0 0 0 0 0 0 0 
0 0 32 0 0 0 0 0 0 0 0 0 0 0 0 0 0 
0 0 88 95.9569 23.9892 0 0 0 8.01333 0 0 0 0 0 0 0 0 
0 0 0 256.086 256.359 192.234 96.0378 64.1066 0 0 0 0 0 0 0 0 0 
0 0 0 207.957 735.404 688.736 703.671 622.65 767.109 0 0 0 0 0 0 0 0 
0 0 0 0 576.158 1661.54 1825.78 1922.65 1601.94 0 0 0 0 0 0 0 0 
0 0 0 0 228.09 1249.85 2925.36 3677.96 4353.9 0 0 0 0 0 0 0 0 
0 0 0 0 0 447.558 1568.89 3137.99 3266.95 0 0 0 0 0 0 0 0 
0 0 0 0 0 128.078 768.366 1389.5 2109.45 0 0 0 0 0 0 0 0 
0 0 0 0 0 0 63.974 513.255 576.299 0 0 0 0 0 0 0 0 
0 0 0 0 0 0 55.9216 95.91 120.22 0 0 0 0 0 0 0 0 
0 0 0 0 0 0 0 0 64.1217 0 0 0 0 0 0 0 0 
0 0 0 0 0 0 0 15.9776 0 0 0 0 0 0 0 0 0 
0 0 0 0 0 0 0 0 0 0 0 0 0 0 0 0 0 
0 0 0 0 0 0 0 0 1.9972 0 0 0 0 0 0 0 0 
