1 0 0 0 0 0 0 0 0 0 0 0 0 0 0 0 0 
0 0 0 0 0 0 0 0 0 0 0 0 0 0 0 0 0 
0 16 0 0 0 0 0 0 0 0 0 0 0 0 0 0 0 
0 0 32 0 0 0 0 0 0 0 0 0 0 0 0 0 0 
0 0 88 96.0713 24.0178 0 0 0 7.93757 0 0 0 0 0 0 0 0 
0 0 0 255.857 256.488 192.19 95.9996 63.5005 0 0 0 0 0 0 0 0 0 
0 0 0 208.071 735.098 687.395 704.729 624.884 769.024 0 0 0 0 0 0 0 0 
0 0 0 0 576.27 1664.91 1822.89 1920.64 1598 0 0 0 0 0 0 0 0 
0 0 0 0 228.127 1246.8 2928.08 3677.53 4355.92 0 0 0 0 0 0 0 0 
0 0 0 0 0 449.147 1567.95 3137.6 3266.02 0 0 0 0 0 0 0 0 
0 0 0 0 0 127.561 768.479 1392.02 2111.53 0 0 0 0 0 0 0 0 
0 0 0 0 0 0 64.0341 511.915 575.574 0 0 0 0 0 0 0 0 
0 0 0 0 0 0 55.8348 95.9525 119.924 0 0 0 0 0 0 0 0 
0 0 0 0 0 0 0 0 64.0687 0 0 0 0 0 0 0 0 
0 0 0 0 0 0 0 15.9528 0 0 0 0 0 0 0 0 0 
0 0 0 0 0 0 0 0 0 0 0 0 0 0 0 0 0 
0 0 0 0 0 0 0 0 1.9941 0 0 0 0 0 0 0 0 
