1 0 0 0 0 0 0 0 0 0 0 0 0 0 0 0 0 
0 0 0 0 0 0 0 0 0 0 0 0 0 0 0 0 0 
0 16 0 0 0 0 0 0 0 0 0 0 0 0 0 0 0 
0 0 32 0 0 0 0 0 0 0 0 0 0 0 0 0 0 
0 0 88 96.0144 24.0036 0 0 0 8.00076 0 0 0 0 0 0 0 0 
0 0 0 255.971 255.887 192.052 96.1149 64.0061 0 0 0 0 0 0 0 0 0 
0 0 0 208.014 736.063 688.517 704.485 624.503 768.925 0 0 0 0 0 0 0 0 
0 0 0 0 576.2 1662.9 1824.49 1919.42 1599.74 0 0 0 0 0 0 0 0 
0 0 0 0 227.847 1248.1 2924.75 3680.18 4355.29 0 0 0 0 0 0 0 0 
0 0 0 0 0 448.767 1570.26 3135.38 3263.6 0 0 0 0 0 0 0 0 
0 0 0 0 0 127.662 767.959 1392.39 2111.67 0 0 0 0 0 0 0 0 
0 0 0 0 0 0 64.119 512.073 576.432 0 0 0 0 0 0 0 0 
0 0 0 0 0 0 55.8169 96.094 120.3 0 0 0 0 0 0 0 0 
0 0 0 0 0 0 0 0 64.0423 0 0 0 0 0 0 0 0 
0 0 0 0 0 0 0 15.9477 0 0 0 0 0 0 0 0 0 
0 0 0 0 0 0 0 0 0 0 0 0 0 0 0 0 0 
0 0 0 0 0 0 0 0 1.99346 0 0 0 0 0 0 0 0 
