1 0 0 0 0 0 0 0 0 0 0 0 0 0 0 0 0 
0 0 0 0 0 0 0 0 0 0 0 0 0 0 0 0 0 
0 16 0 0 0 0 0 0 0 0 0 0 0 0 0 0 0 
0 0 32 0 0 0 0 0 0 0 0 0 0 0 0 0 0 
0 0 88 95.9833 23.9958 0 0 0 7.96408 0 0 0 0 0 0 0 0 
0 0 0 256.033 256.143 191.96 96.0206 63.7127 0 0 0 0 0 0 0 0 0 
0 0 0 207.983 735.795 688.14 704.041 624.266 768.034 0 0 0 0 0 0 0 0 
0 0 0 0 575.997 1664.15 1826.01 1920.61 1599.94 0 0 0 0 0 0 0 0 
0 0 0 0 228.069 1247.62 2925.11 3679.8 4356.55 0 0 0 0 0 0 0 0 
0 0 0 0 0 447.958 1567.99 3135.24 3263.67 0 0 0 0 0 0 0 0 
0 0 0 0 0 128.175 768.501 1392.12 2111.43 0 0 0 0 0 0 0 0 
0 0 0 0 0 0 64.1379 512.334 576.296 0 0 0 0 0 0 0 0 
0 0 0 0 0 0 56.1862 95.8675 120.179 0 0 0 0 0 0 0 0 
0 0 0 0 0 0 0 0 63.9369 0 0 0 0 0 0 0 0 
0 0 0 0 0 0 0 16.0532 0 0 0 0 0 0 0 0 0 
0 0 0 0 0 0 0 0 0 0 0 0 0 0 0 0 0 
0 0 0 0 0 0 0 0 2.00665 0 0 0 0 0 0 0 0 
