q q_max q_time hits q_time/hits k accept_counter reject_counter sampled_ratio/numer_working_threads
0 127 0.070653 1 0.070653 2550582 2550555 0 1
1 127 0.046668 1 0.046668 2550582 2550555 0 1
2 127 0.091482 2 0.045741 5145857 3481331 1664499 0
3 127 0.137042 3 0.045681 7751342 4653111 3098204 0
4 127 0.284774 5 0.056955 13626808 6773696 6853085 0
5 127 0.312377 6 0.052063 16349508 8340201 8009280 0
6 127 0.435123 8 0.054390 22413639 10458462 11955150 0
7 127 0.470863 9 0.052318 25319395 12252031 13067337 0
8 127 0.611459 11 0.055587 32100524 14763602 17336895 0
9 127 1.089308 13 0.083793 43695517 19610630 24084860 0
10 127 0.972489 14 0.069463 44804527 20750782 24053718 0
11 127 1.221568 16 0.076348 51831117 23460532 28370558 0
12 127 1.885047 18 0.104725 73425157 32848619 40576511 0
13 127 1.493390 19 0.078599 66858846 30365309 36493510 0
14 127 1.888097 21 0.089909 76217303 34115110 42102166 0
15 127 2.442358 23 0.106189 95280735 42455991 52824717 0
16 127 3.892881 25 0.155715 160309806 71778628 88531151 0
17 127 2.514814 26 0.096724 103701249 46754760 56946462 0
18 127 3.424438 28 0.122301 122248232 54942407 67305798 0
19 127 4.128429 30 0.137614 161279807 72385026 88894754 0
20 127 11.724791 32 0.366400 307252727 139119781 168132919 0
21 127 3.649266 33 0.110584 157358794 71424951 85933816 0
22 127 4.549655 35 0.129990 169781279 76620507 93160745 0
23 127 5.482826 37 0.148184 209047461 93264723 115782711 0
24 127 11.827463 39 0.303268 347923414 157154359 190769028 0
25 127 25.783727 41 0.628871 856094405 387442755 468651623 0
26 127 5.504202 42 0.131052 222376028 100186886 122189115 0
27 127 7.657821 44 0.174041 266067058 119248586 146818445 0
28 127 10.737458 46 0.233423 364674025 164865867 199808131 0
29 127 14.866733 48 0.309724 458149201 205417035 252732139 0
30 127 35.104920 50 0.702098 1200386094 541007742 659378325 0
31 127 7.331371 51 0.143752 262272046 118337997 143934022 0
32 127 8.972679 53 0.169296 315410991 142724580 172686384 0
33 127 13.335993 55 0.242473 431494395 195457105 236037263 0
34 127 23.935865 57 0.419927 731516175 329534154 401981994 0
35 127 39.366804 59 0.667234 948586112 428779664 519806421 0
36 127 90.600922 61 1.485261 1922541023 870771426 1051769570 0
37 127 13.238877 62 0.213530 357945917 161513758 196432132 0
38 127 13.839730 64 0.216246 500073579 227104143 272969409 0
39 127 16.526257 66 0.250398 670594004 304644671 365949306 0
40 127 26.985461 68 0.396845 829858934 375885600 453973307 0
41 127 74.570853 70 1.065298 1619463522 736269300 883194195 0
42 127 147.572268 72 2.049615 3535463487 1608980592 1926482868 0
43 127 14.899769 73 0.204106 554647467 251263234 303384206 0
44 127 24.949566 75 0.332661 812076637 371522056 440554554 0
45 127 30.074230 77 0.390574 821545775 373845375 447700373 0
46 127 42.023911 79 0.531948 1598446369 728738966 869707376 0
47 127 75.234382 81 0.928820 2095633020 951178722 1144454271 0
48 127 123.196744 83 1.484298 2891605441 1311041895 1580563519 0
49 127 460.203030 85 5.414153 4505909257 2042475262 2463433968 0
50 127 28.067164 86 0.326362 851081796 388682012 462399757 0
51 127 24.849794 88 0.282384 866922688 394888461 472034200 0
52 127 40.854060 90 0.453934 1481763523 673458054 808305442 0
53 127 65.038020 92 0.706935 2188081942 993325841 1194756074 0
54 127 122.146222 94 1.299428 3396223532 1542877209 1853346296 0
55 127 198.103938 96 2.063583 5401719142 2453043444 2948675671 0
56 127 632.956327 98 6.458738 7386457671 3351899894 4034557750 0
57 127 30.094926 99 0.303989 1145477440 519141968 626335445 0
58 127 32.200839 101 0.318820 1240800719 562564532 678236160 0
59 127 54.319906 103 0.527378 2023081092 916508798 1106572267 0
60 127 83.716744 105 0.797302 2661905738 1203780313 1458125398 0
61 127 147.413327 107 1.377695 4369598472 1978151617 2391446828 0
62 127 187.741065 109 1.722395 5030979063 2275590640 2755388396 0
63 127 488.609150 111 4.401884 5859320952 2648467188 3210853737 0
64 127 2193.025737 113 19.407307 10273663774 4645972262 5627691485 0
65 127 48.857055 114 0.428571 1541854512 695744617 846109868 0
66 127 95.044305 116 0.819347 2157592512 971736074 1185856411 0
67 127 85.207130 118 0.722094 2619293622 1178410381 1440883214 0
68 127 144.853081 120 1.207109 3949944114 1776240552 2173703535 0
69 127 170.563583 122 1.398062 5312358782 2387254493 2925104262 0
70 127 474.709910 124 3.828306 10026062163 4496125429 5529936707 0
71 127 680.944008 126 5.404318 13444678853 6030252005 7414426821 0
72 127 828.758087 128 6.474673 8926144067 3989528574 4936615466 0
73 127 2193.967915 130 16.876676 16909825709 7549861273 9359964409 0
74 127 1133.728663 132 8.588854 16955580199 7555904482 9399675690 0
75 127 949.256561 134 7.084004 16978729731 7542950537 9435779167 0
76 127 723.898488 136 5.322783 12865352429 5714404255 7150948147 0
77 127 539.833706 138 3.911838 15335140577 6797178990 8537961560 0
78 127 803.593147 140 5.739951 18388587764 8116400872 10272186865 0
79 127 472.906034 142 3.330324 11094507943 4875246402 6219261514 0
80 127 941.029802 144 6.534929 16800820950 7383821777 9416999146 0
81 127 315.137481 146 2.158476 9344847394 4095748112 5249099255 0
82 127 259.396138 148 1.752677 6934928193 3031482210 3903445956 0
83 127 218.695872 150 1.457972 7744861219 3379023314 4365837878 0
84 127 272.289313 152 1.791377 7709441626 3347567947 4361873652 0
85 127 344.207812 154 2.235116 9292820019 4033738730 5259081262 0
86 127 179.401618 156 1.150010 6908101386 2991887540 3916213819 0
87 127 193.442053 158 1.224317 6012279419 2594107940 3418171452 0
88 127 279.845454 160 1.749034 6764490947 2913608287 3850882633 0
89 127 173.614023 162 1.071692 6728801089 2879332189 3849468873 0
90 127 182.729180 164 1.114202 6297110886 2689846822 3607264037 0
91 127 180.844881 166 1.089427 5929710877 2515391883 3414318967 0
92 127 221.233920 168 1.316869 6073766488 2571535681 3502230780 0
93 127 218.319960 170 1.284235 6073798069 2567678788 3506119254 0
94 127 232.547304 172 1.352019 7654662518 3221756164 4432906327 0
95 127 287.552771 174 1.652602 8968830877 3763199679 5205631171 0
96 127 525.750896 176 2.987221 9544627149 3980370065 5564257057 0
97 127 250.771833 178 1.408831 7316957755 3041397311 4275560417 0
98 127 247.227462 180 1.373486 7230590229 2994296468 4236293734 0
99 127 267.588806 182 1.470268 6533119458 2701352313 3831767118 0
100 127 248.766977 184 1.351994 6293292711 2591439309 3701853375 0
101 127 223.723114 186 1.202812 6785792640 2777316430 4008476183 0
102 127 212.686666 188 1.131312 7422232145 3029434820 4392797298 0
103 127 255.510662 190 1.344793 8579745558 3482748388 5096997143 0
104 127 259.921590 192 1.353758 6519046598 2629409546 3889637025 0
105 127 200.904309 194 1.035589 5958020935 2391995052 3566025856 0
106 127 226.740572 196 1.156840 6822400072 2726013048 4096386997 0
107 127 232.716197 198 1.175334 6628349218 2642836471 3985512720 0
108 127 253.110440 200 1.265552 7265146473 2881035935 4384110511 0
109 127 286.010199 202 1.415892 8946521577 3528893045 5417628505 0
110 127 243.491798 204 1.193587 7405258483 2909801611 4495456845 0
111 127 289.170022 206 1.403738 9135296371 3569003938 5566292406 0
112 127 700.307473 208 3.366863 16852747021 6549427592 10303319402 0
113 127 386.972579 210 1.842727 7658794290 2959438978 4699355285 0
114 127 210.083295 212 0.990959 7314339448 2811974434 4502364987 0
115 127 358.555439 214 1.675493 8037508703 3068906247 4968602429 0
116 127 240.141672 216 1.111767 7665876536 2913858957 4752017552 0
117 127 290.210280 218 1.331240 7726236819 2915022877 4811213915 0
118 127 256.844536 220 1.167475 7650267298 2859920827 4790346444 0
119 127 247.732925 222 1.115914 8672464761 3234911096 5437553638 0
120 127 233.045268 224 1.040381 8464868798 3142455279 5322413492 0
121 127 242.798365 226 1.074329 8289247113 3057020839 5232226247 0
122 127 200.932153 228 0.881281 7151138765 2612706632 4538432106 0
123 127 261.499860 230 1.136956 8569371357 3118106150 5451265180 0
124 127 209.850736 232 0.904529 8702935967 3146497356 5556438584 0
125 127 282.260082 234 1.206240 8716259643 3140177672 5576081944 0
126 127 258.215451 236 1.094133 9381091762 3356660770 6024430965 0
127 127 357.932727 237 1.510265 10636354605 3797899880 6838454698 0
28548.4
