1 0 0 0 0 0 0 0 0 0 0 0 0 0 0 0 0 
0 0 0 0 0 0 0 0 0 0 0 0 0 0 0 0 0 
0 16 0 0 0 0 0 0 0 0 0 0 0 0 0 0 0 
0 0 32 0 0 0 0 0 0 0 0 0 0 0 0 0 0 
0 0 88 96.0368 24.0092 0 0 0 7.99302 0 0 0 0 0 0 0 0 
0 0 0 255.926 255.978 192.054 96.0335 63.9442 0 0 0 0 0 0 0 0 0 
0 0 0 208.037 736.044 688.154 703.806 623.949 768.019 0 0 0 0 0 0 0 0 
0 0 0 0 575.941 1663.61 1824.33 1919.79 1599.88 0 0 0 0 0 0 0 0 
0 0 0 0 228.028 1248.03 2927.77 3680.76 4355.94 0 0 0 0 0 0 0 0 
0 0 0 0 0 448.212 1568 3134.97 3264.21 0 0 0 0 0 0 0 0 
0 0 0 0 0 127.935 768.104 1393.05 2112.18 0 0 0 0 0 0 0 0 
0 0 0 0 0 0 63.9849 511.658 575.736 0 0 0 0 0 0 0 0 
0 0 0 0 0 0 55.9693 95.882 120.079 0 0 0 0 0 0 0 0 
0 0 0 0 0 0 0 0 63.9589 0 0 0 0 0 0 0 0 
0 0 0 0 0 0 0 15.9912 0 0 0 0 0 0 0 0 0 
0 0 0 0 0 0 0 0 0 0 0 0 0 0 0 0 0 
0 0 0 0 0 0 0 0 1.99891 0 0 0 0 0 0 0 0 
