1 0 0 0 0 0 0 0 0 0 0 0 0 0 0 0 0 
0 0 0 0 0 0 0 0 0 0 0 0 0 0 0 0 0 
0 16 0 0 0 0 0 0 0 0 0 0 0 0 0 0 0 
0 0 32 0 0 0 0 0 0 0 0 0 0 0 0 0 0 
0 0 88 96.016 24.004 0 0 0 8.01017 0 0 0 0 0 0 0 0 
0 0 0 255.968 255.976 191.955 96.0219 64.0813 0 0 0 0 0 0 0 0 0 
0 0 0 208.016 735.975 688.129 703.987 624.151 768.168 0 0 0 0 0 0 0 0 
0 0 0 0 576.105 1663.83 1824.63 1919.64 1599.43 0 0 0 0 0 0 0 0 
0 0 0 0 227.939 1248.06 2926.74 3679.87 4356.09 0 0 0 0 0 0 0 0 
0 0 0 0 0 448.11 1568.46 3136.36 3264.63 0 0 0 0 0 0 0 0 
0 0 0 0 0 127.92 768.242 1391.68 2111.57 0 0 0 0 0 0 0 0 
0 0 0 0 0 0 63.9541 512.353 576.299 0 0 0 0 0 0 0 0 
0 0 0 0 0 0 55.9652 95.8654 119.841 0 0 0 0 0 0 0 0 
0 0 0 0 0 0 0 0 63.9585 0 0 0 0 0 0 0 0 
0 0 0 0 0 0 0 15.99 0 0 0 0 0 0 0 0 0 
0 0 0 0 0 0 0 0 0 0 0 0 0 0 0 0 0 
0 0 0 0 0 0 0 0 1.99876 0 0 0 0 0 0 0 0 
