1 0 0 0 0 0 0 0 0 0 0 0 0 0 0 0 0 
0 0 0 0 0 0 0 0 0 0 0 0 0 0 0 0 0 
0 16 0 0 0 0 0 0 0 0 0 0 0 0 0 0 0 
0 0 32 0 0 0 0 0 0 0 0 0 0 0 0 0 0 
0 0 88 95.9633 23.9908 0 0 0 7.99015 0 0 0 0 0 0 0 0 
0 0 0 256.073 256.02 192.045 96.0095 63.9212 0 0 0 0 0 0 0 0 0 
0 0 0 207.963 736.088 688.109 704.439 624.625 768.434 0 0 0 0 0 0 0 0 
0 0 0 0 575.8 1663.76 1823.84 1919.51 1599.41 0 0 0 0 0 0 0 0 
0 0 0 0 228.101 1248.02 2927.51 3680.25 4356.9 0 0 0 0 0 0 0 0 
0 0 0 0 0 448.005 1567.68 3135.35 3262.72 0 0 0 0 0 0 0 0 
0 0 0 0 0 128.056 768.552 1391.97 2112.37 0 0 0 0 0 0 0 0 
0 0 0 0 0 0 63.9315 512.278 575.944 0 0 0 0 0 0 0 0 
0 0 0 0 0 0 56.0435 96.0822 120.205 0 0 0 0 0 0 0 0 
0 0 0 0 0 0 0 0 64.0204 0 0 0 0 0 0 0 0 
0 0 0 0 0 0 0 16.0124 0 0 0 0 0 0 0 0 0 
0 0 0 0 0 0 0 0 0 0 0 0 0 0 0 0 0 
0 0 0 0 0 0 0 0 2.00155 0 0 0 0 0 0 0 0 
