1 0 0 0 0 0 0 0 0 0 0 0 0 0 0 0 0 
0 0 0 0 0 0 0 0 0 0 0 0 0 0 0 0 0 
0 16 0 0 0 0 0 0 0 0 0 0 0 0 0 0 0 
0 0 32 0 0 0 0 0 0 0 0 0 0 0 0 0 0 
0 0 88 96.0035 24.0009 0 0 0 8.00086 0 0 0 0 0 0 0 0 
0 0 0 255.993 255.982 192.003 96.0208 64.0069 0 0 0 0 0 0 0 0 0 
0 0 0 208.004 735.931 687.902 703.593 623.856 767.607 0 0 0 0 0 0 0 0 
0 0 0 0 576.187 1664.17 1824.03 1919.74 1600.22 0 0 0 0 0 0 0 0 
0 0 0 0 227.898 1247.97 2929.1 3681.02 4356.12 0 0 0 0 0 0 0 0 
0 0 0 0 0 447.929 1567.27 3135.36 3264.19 0 0 0 0 0 0 0 0 
0 0 0 0 0 128.028 767.978 1391.91 2112.29 0 0 0 0 0 0 0 0 
0 0 0 0 0 0 64.0329 512.139 575.645 0 0 0 0 0 0 0 0 
0 0 0 0 0 0 55.9889 95.9786 119.903 0 0 0 0 0 0 0 0 
0 0 0 0 0 0 0 0 64.0248 0 0 0 0 0 0 0 0 
0 0 0 0 0 0 0 15.9968 0 0 0 0 0 0 0 0 0 
0 0 0 0 0 0 0 0 0 0 0 0 0 0 0 0 0 
0 0 0 0 0 0 0 0 1.9996 0 0 0 0 0 0 0 0 
