1 0 0 0 0 0 0 0 0 0 0 0 0 0 0 0 0 
0 0 0 0 0 0 0 0 0 0 0 0 0 0 0 0 0 
0 16 0 0 0 0 0 0 0 0 0 0 0 0 0 0 0 
0 0 32 0 0 0 0 0 0 0 0 0 0 0 0 0 0 
0 0 88 95.9987 23.9997 0 0 0 8.00526 0 0 0 0 0 0 0 0 
0 0 0 256.003 255.994 192.056 96.0052 64.0421 0 0 0 0 0 0 0 0 0 
0 0 0 207.999 735.956 687.985 703.632 623.456 767.99 0 0 0 0 0 0 0 0 
0 0 0 0 576.108 1663.86 1824.7 1920.53 1599.84 0 0 0 0 0 0 0 0 
0 0 0 0 227.943 1248.13 2927.51 3679.93 4356.61 0 0 0 0 0 0 0 0 
0 0 0 0 0 447.925 1568.42 3136.45 3263.58 0 0 0 0 0 0 0 0 
0 0 0 0 0 128.039 767.704 1391.68 2111.81 0 0 0 0 0 0 0 0 
0 0 0 0 0 0 63.9842 511.916 576.047 0 0 0 0 0 0 0 0 
0 0 0 0 0 0 56.0493 95.9778 120.1 0 0 0 0 0 0 0 0 
0 0 0 0 0 0 0 0 64.0178 0 0 0 0 0 0 0 0 
0 0 0 0 0 0 0 16.0141 0 0 0 0 0 0 0 0 0 
0 0 0 0 0 0 0 0 0 0 0 0 0 0 0 0 0 
0 0 0 0 0 0 0 0 2.00176 0 0 0 0 0 0 0 0 
