1 0 0 0 0 0 0 0 0 0 0 0 0 0 0 0 0 
0 0 0 0 0 0 0 0 0 0 0 0 0 0 0 0 0 
0 16 0 0 0 0 0 0 0 0 0 0 0 0 0 0 0 
0 0 32 0 0 0 0 0 0 0 0 0 0 0 0 0 0 
0 0 88 96.0176 24.0044 0 0 0 7.99544 0 0 0 0 0 0 0 0 
0 0 0 255.965 255.908 191.99 95.9203 63.9635 0 0 0 0 0 0 0 0 0 
0 0 0 208.018 736.121 687.86 703.849 623.849 767.979 0 0 0 0 0 0 0 0 
0 0 0 0 576.016 1664.2 1824.26 1920.47 1599.36 0 0 0 0 0 0 0 0 
0 0 0 0 227.95 1247.98 2927.97 3679.01 4356.9 0 0 0 0 0 0 0 0 
0 0 0 0 0 448.03 1568.17 3137.11 3264.05 0 0 0 0 0 0 0 0 
0 0 0 0 0 127.932 767.891 1391.88 2111.84 0 0 0 0 0 0 0 0 
0 0 0 0 0 0 63.99 511.68 575.948 0 0 0 0 0 0 0 0 
0 0 0 0 0 0 55.9489 96.0614 119.918 0 0 0 0 0 0 0 0 
0 0 0 0 0 0 0 0 64.0125 0 0 0 0 0 0 0 0 
0 0 0 0 0 0 0 15.9854 0 0 0 0 0 0 0 0 0 
0 0 0 0 0 0 0 0 0 0 0 0 0 0 0 0 0 
0 0 0 0 0 0 0 0 1.99817 0 0 0 0 0 0 0 0 
