1 0 0 0 0 0 0 0 0 0 0 0 0 0 0 0 0 
0 0 0 0 0 0 0 0 0 0 0 0 0 0 0 0 0 
0 16 0 0 0 0 0 0 0 0 0 0 0 0 0 0 0 
0 0 32 0 0 0 0 0 0 0 0 0 0 0 0 0 0 
0 0 88 96.0094 24.0023 0 0 0 7.99384 0 0 0 0 0 0 0 0 
0 0 0 255.981 255.947 191.981 95.9635 63.9507 0 0 0 0 0 0 0 0 0 
0 0 0 208.009 736.118 687.945 704.418 624.557 768.26 0 0 0 0 0 0 0 0 
0 0 0 0 575.914 1664.23 1823.28 1919.1 1599.36 0 0 0 0 0 0 0 0 
0 0 0 0 228.019 1247.83 2928.2 3680.39 4356.04 0 0 0 0 0 0 0 0 
0 0 0 0 0 447.951 1568.28 3135.82 3264.72 0 0 0 0 0 0 0 0 
0 0 0 0 0 128.057 767.861 1392.35 2111.85 0 0 0 0 0 0 0 0 
0 0 0 0 0 0 63.9515 511.797 575.732 0 0 0 0 0 0 0 0 
0 0 0 0 0 0 56.0372 96.0252 119.993 0 0 0 0 0 0 0 0 
0 0 0 0 0 0 0 0 64.0509 0 0 0 0 0 0 0 0 
0 0 0 0 0 0 0 16.0106 0 0 0 0 0 0 0 0 0 
0 0 0 0 0 0 0 0 0 0 0 0 0 0 0 0 0 
0 0 0 0 0 0 0 0 2.00133 0 0 0 0 0 0 0 0 
