1 0 0 0 0 0 0 0 0 0 0 0 0 0 0 0 0 
0 0 0 0 0 0 0 0 0 0 0 0 0 0 0 0 0 
0 16 0 0 0 0 0 0 0 0 0 0 0 0 0 0 0 
0 0 32 0 0 0 0 0 0 0 0 0 0 0 0 0 0 
0 0 88 96.0095 24.0024 0 0 0 7.99672 0 0 0 0 0 0 0 0 
0 0 0 255.981 255.974 191.994 95.9791 63.9737 0 0 0 0 0 0 0 0 0 
0 0 0 208.009 736.071 688.071 704.175 624.079 768.34 0 0 0 0 0 0 0 0 
0 0 0 0 575.926 1663.78 1823.65 1920.17 1599.94 0 0 0 0 0 0 0 0 
0 0 0 0 228.026 1248.26 2928.25 3679.88 4355.71 0 0 0 0 0 0 0 0 
0 0 0 0 0 447.866 1567.92 3135.56 3263.46 0 0 0 0 0 0 0 0 
0 0 0 0 0 128.021 768.057 1392.41 2112.42 0 0 0 0 0 0 0 0 
0 0 0 0 0 0 63.9853 511.863 576.219 0 0 0 0 0 0 0 0 
0 0 0 0 0 0 55.9868 96.0774 119.968 0 0 0 0 0 0 0 0 
0 0 0 0 0 0 0 0 63.9583 0 0 0 0 0 0 0 0 
0 0 0 0 0 0 0 15.9962 0 0 0 0 0 0 0 0 0 
0 0 0 0 0 0 0 0 0 0 0 0 0 0 0 0 0 
0 0 0 0 0 0 0 0 1.99953 0 0 0 0 0 0 0 0 
