1 0 0 0 0 0 0 0 0 0 0 0 0 0 0 0 0 
0 0 0 0 0 0 0 0 0 0 0 0 0 0 0 0 0 
0 16 0 0 0 0 0 0 0 0 0 0 0 0 0 0 0 
0 0 32 0 0 0 0 0 0 0 0 0 0 0 0 0 0 
0 0 88 96.001 24.0002 0 0 0 8.00944 0 0 0 0 0 0 0 0 
0 0 0 255.998 256.045 192.02 96.0054 64.0755 0 0 0 0 0 0 0 0 0 
0 0 0 208.001 735.794 688.034 703.93 624.019 768.212 0 0 0 0 0 0 0 0 
0 0 0 0 576.275 1663.89 1824.09 1920.19 1600.34 0 0 0 0 0 0 0 0 
0 0 0 0 227.885 1247.99 2927.89 3679.05 4354.79 0 0 0 0 0 0 0 0 
0 0 0 0 0 448.127 1568.15 3136.78 3264.08 0 0 0 0 0 0 0 0 
0 0 0 0 0 127.944 767.962 1392.01 2112.68 0 0 0 0 0 0 0 0 
0 0 0 0 0 0 64.0101 511.868 576.164 0 0 0 0 0 0 0 0 
0 0 0 0 0 0 55.9653 96.0253 119.715 0 0 0 0 0 0 0 0 
0 0 0 0 0 0 0 0 64.0032 0 0 0 0 0 0 0 0 
0 0 0 0 0 0 0 15.9901 0 0 0 0 0 0 0 0 0 
0 0 0 0 0 0 0 0 0 0 0 0 0 0 0 0 0 
0 0 0 0 0 0 0 0 1.99876 0 0 0 0 0 0 0 0 
