1 0 0 0 0 0 0 0 0 0 0 0 0 0 0 0 0 0 0 0 0 0 0 0 0 0 0 0 0 0 0 0 0 0 0 0 0 0 0 0 0 0 0 0 0 0 0 0 0 0 0 0 0 0 0 0 0 0 0 0 0 0 0 0 1 
0 0 0 0 0 0 0 0 0 0 0 0 0 0 0 0 0 0 0 0 0 0 0 0 0 0 0 0 0 0 0 0 0 0 0 0 0 0 0 0 0 0 0 0 0 0 0 0 0 0 0 0 0 0 0 0 0 0 0 0 0 0 0 0 0 
0 64 0 0 0 0 0 0 0 0 0 0 0 0 0 0 0 0 0 0 0 0 0 0 0 0 0 0 0 0 0 0 0 0 0 0 0 0 0 0 0 0 0 0 0 0 0 0 0 0 0 0 0 0 0 0 0 0 0 0 0 0 0 64 0 
0 0 127.883 0 0 0 0 0 0 0 0 0 0 0 0 0 0 0 0 0 0 0 0 0 0 0 0 0 0 0 0 0 0 0 0 0 0 0 0 0 0 0 0 0 0 0 0 0 0 0 0 0 0 0 0 0 0 0 0 0 0 0 128.941 0 0 
0 0 1888.12 379.853 65.6407 0 0 0 0 0 0 0 0 0 0 0 0 0 0 0 0 0 0 0 0 0 0 0 0 0 0 0 0 0 0 0 0 0 0 0 0 0 0 0 0 0 0 0 0 0 0 0 0 0 0 0 0 0 0 0 64.1399 384.804 1887.06 0 0 
0 0 0 7226.77 1162.47 513.601 131.683 0 0 0 0 0 0 0 0 0 0 0 0 0 0 0 0 0 0 0 0 0 0 0 0 0 0 0 0 0 0 0 0 0 0 0 0 0 0 0 0 0 0 0 0 0 0 0 0 0 0 0 125.588 515.248 1147.71 7226.06 0 0 0 
0 0 0 34057.4 27413.6 6958.46 2594.6 1420.34 384.306 62.9579 0 0 0 0 0 0 0 0 0 0 0 0 0 0 0 0 0 0 0 0 0 0 0 0 0 0 0 0 0 0 0 0 0 0 0 0 0 0 0 0 0 0 0 0 0 66.5463 387.709 1368.97 2482.89 6811.75 27156.6 34053.1 0 0 0 
0 0 0 0 184701 97592.6 43392.4 17203.7 8665.94 4547 1906.33 506.893 125.241 0 0 0 0 0 0 0 0 0 0 0 0 0 0 0 0 0 0 0 0 0 0 0 0 0 0 0 0 0 0 0 0 0 0 0 0 0 0 0 126.517 513.439 1928.65 4594.2 8430.73 16327.6 41993.6 96488.5 184944 0 0 0 0 
0 0 0 0 422034 831319 415587 221608 120850 58843.3 32999.5 20033.7 9749.17 4386.71 1401.34 378.234 79.9085 0 0 0 0 0 0 0 15.5949 0 0 0 0 0 0 0 16.5255 0 0 0 0 0 0 0 15.7336 0 0 0 0 0 0 0 81.3882 390.624 1445.81 4383.14 9771.75 19890.9 33326.2 59258.4 119877 219816 407886 830760 422064 0 0 0 0 
0 0 0 0 0 2.8821e+06 3.32917e+06 1.95561e+06 1.1315e+06 723766 425684 251014 152539 94251.5 55574.7 29674.6 13890 5970.6 2211.02 758.927 381.463 244.233 245.426 248.742 0 250.022 251.285 252.451 255.233 258.03 255.545 257.574 0 254.27 256.876 260.565 260.169 259.703 259.575 254.953 0 254.89 258.905 253.923 389.443 776.764 2223.04 5961.76 13974.7 30008.3 55655.8 94721.1 153046 246993 415131 698496 1.12573e+06 1.94894e+06 3.29473e+06 2.88282e+06 0 0 0 0 0 
0 0 0 0 0 3.80603e+06 1.47824e+07 1.36115e+07 9.41922e+06 6.03569e+06 3.99703e+06 2.68216e+06 1.78578e+06 1.15966e+06 768887 506209 328551 205127 119071 67162.3 36429.5 21113.5 13596.4 10550.3 11521.4 9591.84 9199.98 9129.49 9249.08 9140.62 9281.17 9364.12 11226.6 9541.7 9448.61 9356.44 9579.46 9321.64 9570.66 9673.32 11669.5 10899.6 13824.4 21389.6 36699.5 67672 119603 205262 329509 509600 775186 1.17132e+06 1.78509e+06 2.64211e+06 3.9679e+06 5.99908e+06 9.19537e+06 1.33163e+07 1.44728e+07 3.80712e+06 0 0 0 0 0 
0 0 0 0 0 0 3.03826e+07 6.40906e+07 5.76389e+07 4.29347e+07 3.16513e+07 2.20789e+07 1.58036e+07 1.13982e+07 8.05181e+06 5.84649e+06 4.17327e+06 2.94095e+06 2.06284e+06 1.4445e+06 996581 691142 491961 360511 277846 244282 230351 222667 216635 216151 214533 212906 207139 212964 216094 220163 216359 224694 228683 249117 289318 374386 500760 707340 1.00536e+06 1.45303e+06 2.07414e+06 2.92e+06 4.13183e+06 5.8838e+06 8.25024e+06 1.15192e+07 1.58274e+07 2.19847e+07 3.10971e+07 4.26137e+07 5.70242e+07 6.294e+07 3.03641e+07 0 0 0 0 0 0 
0 0 0 0 0 0 2.60185e+07 1.70311e+08 2.64854e+08 2.45089e+08 1.99171e+08 1.56626e+08 1.19287e+08 9.03404e+07 6.88136e+07 5.20569e+07 4.02576e+07 3.04938e+07 2.34544e+07 1.78424e+07 1.36575e+07 1.04682e+07 8.26783e+06 6.59714e+06 5.43209e+06 4.574e+06 3.95876e+06 3.58036e+06 3.37207e+06 3.25105e+06 3.17434e+06 3.19175e+06 3.21958e+06 3.20074e+06 3.21899e+06 3.24409e+06 3.43211e+06 3.67582e+06 4.07068e+06 4.65125e+06 5.45797e+06 6.70551e+06 8.39715e+06 1.05769e+07 1.37716e+07 1.76899e+07 2.32547e+07 3.07357e+07 4.0316e+07 5.28488e+07 6.90771e+07 8.93466e+07 1.16838e+08 1.53115e+08 1.96921e+08 2.45053e+08 2.61686e+08 1.69825e+08 2.63903e+07 0 0 0 0 0 0 
0 0 0 0 0 0 0 2.31977e+08 7.9209e+08 1.07342e+09 1.04791e+09 9.08718e+08 7.53762e+08 6.07014e+08 4.9034e+08 3.92684e+08 3.14996e+08 2.53738e+08 2.0505e+08 1.65231e+08 1.33683e+08 1.09051e+08 8.94721e+07 7.53199e+07 6.42864e+07 5.56485e+07 4.9663e+07 4.49496e+07 4.18413e+07 3.99709e+07 3.84843e+07 3.80644e+07 3.70562e+07 3.72216e+07 3.86795e+07 4.0634e+07 4.2474e+07 4.58432e+07 5.05306e+07 5.68051e+07 6.51713e+07 7.68718e+07 9.15747e+07 1.10954e+08 1.36553e+08 1.67974e+08 2.04275e+08 2.56208e+08 3.17153e+08 3.92676e+08 4.88945e+08 6.07349e+08 7.41371e+08 8.88364e+08 1.02903e+09 1.06119e+09 7.82037e+08 2.32129e+08 0 0 0 0 0 0 0 
0 0 0 0 0 0 0 1.3903e+08 1.39067e+09 3.31399e+09 4.34003e+09 4.33353e+09 4.01332e+09 3.50065e+09 2.99639e+09 2.536e+09 2.13535e+09 1.77959e+09 1.49388e+09 1.26845e+09 1.0644e+09 9.0401e+08 7.81907e+08 6.7563e+08 5.96877e+08 5.23919e+08 4.78316e+08 4.3903e+08 4.08058e+08 3.8569e+08 3.73731e+08 3.69218e+08 3.64231e+08 3.69438e+08 3.78441e+08 3.91344e+08 4.13618e+08 4.42706e+08 4.8359e+08 5.31638e+08 5.97608e+08 6.83327e+08 7.87559e+08 9.18077e+08 1.08431e+09 1.26823e+09 1.50415e+09 1.78881e+09 2.11673e+09 2.52281e+09 3.01129e+09 3.51812e+09 3.93659e+09 4.27035e+09 4.23429e+09 3.27293e+09 1.38353e+09 1.4082e+08 0 0 0 0 0 0 0 
0 0 0 0 0 0 0 0 1.32647e+09 6.73934e+09 1.319e+10 1.67751e+10 1.76822e+10 1.69532e+10 1.56547e+10 1.39933e+10 1.23719e+10 1.08223e+10 9.46053e+09 8.33509e+09 7.27743e+09 6.38719e+09 5.65046e+09 5.01649e+09 4.56832e+09 4.15491e+09 3.77628e+09 3.53607e+09 3.32793e+09 3.17713e+09 3.08558e+09 2.99638e+09 2.97542e+09 2.97608e+09 3.06622e+09 3.18712e+09 3.34747e+09 3.56863e+09 3.8086e+09 4.15118e+09 4.54393e+09 5.11562e+09 5.71548e+09 6.48328e+09 7.34195e+09 8.33015e+09 9.46792e+09 1.08413e+10 1.24719e+10 1.40095e+10 1.58077e+10 1.70583e+10 1.76351e+10 1.66833e+10 1.30572e+10 6.63969e+09 1.34236e+09 0 0 0 0 0 0 0 0 
0 0 0 0 0 0 0 0 5.83763e+08 8.29699e+09 2.84823e+10 5.05734e+10 6.48173e+10 6.9663e+10 7.0403e+10 6.79525e+10 6.32414e+10 5.77144e+10 5.27456e+10 4.77404e+10 4.30835e+10 3.88779e+10 3.54195e+10 3.2576e+10 2.99283e+10 2.76381e+10 2.60869e+10 2.46132e+10 2.32399e+10 2.21824e+10 2.17202e+10 2.14008e+10 2.10501e+10 2.12672e+10 2.16174e+10 2.23285e+10 2.33212e+10 2.44897e+10 2.59043e+10 2.79345e+10 3.01578e+10 3.25825e+10 3.57719e+10 3.94342e+10 4.29367e+10 4.80341e+10 5.2933e+10 5.80669e+10 6.31736e+10 6.80173e+10 7.0687e+10 7.04103e+10 6.42776e+10 5.02454e+10 2.81401e+10 8.36157e+09 5.89079e+08 0 0 0 0 0 0 0 0 
0 0 0 0 0 0 0 0 0 5.88546e+09 4.11752e+10 1.1153e+11 1.86854e+11 2.40215e+11 2.70134e+11 2.81636e+11 2.82554e+11 2.71566e+11 2.57344e+11 2.41927e+11 2.28031e+11 2.12129e+11 1.96963e+11 1.84819e+11 1.72539e+11 1.64195e+11 1.55792e+11 1.49237e+11 1.43651e+11 1.3893e+11 1.36013e+11 1.33166e+11 1.32631e+11 1.33063e+11 1.34621e+11 1.37935e+11 1.4342e+11 1.47717e+11 1.56292e+11 1.65642e+11 1.74708e+11 1.85466e+11 1.99488e+11 2.1308e+11 2.2925e+11 2.45507e+11 2.61417e+11 2.73217e+11 2.81795e+11 2.84558e+11 2.73517e+11 2.41646e+11 1.8625e+11 1.10559e+11 4.11247e+10 5.93326e+09 0 0 0 0 0 0 0 0 0 
0 0 0 0 0 0 0 0 0 1.93654e+09 3.74238e+10 1.73645e+11 4.14103e+11 6.68904e+11 8.71341e+11 1.00872e+12 1.0779e+12 1.12341e+12 1.11986e+12 1.0962e+12 1.0648e+12 1.01715e+12 9.772e+11 9.44124e+11 9.02896e+11 8.6737e+11 8.31115e+11 8.03034e+11 7.83688e+11 7.61765e+11 7.46155e+11 7.40363e+11 7.42276e+11 7.39277e+11 7.54153e+11 7.62405e+11 7.77271e+11 8.05207e+11 8.39134e+11 8.71937e+11 9.01861e+11 9.41525e+11 9.86642e+11 1.02575e+12 1.06962e+12 1.1079e+12 1.12669e+12 1.12296e+12 1.09337e+12 1.01779e+12 8.7734e+11 6.67461e+11 4.09642e+11 1.74425e+11 3.78324e+10 1.97751e+09 0 0 0 0 0 0 0 0 0 
0 0 0 0 0 0 0 0 0 0 2.03469e+10 1.87129e+11 6.69292e+11 1.43935e+12 2.27975e+12 3.03915e+12 3.60411e+12 4.01737e+12 4.27015e+12 4.40203e+12 4.4247e+12 4.40157e+12 4.29488e+12 4.24139e+12 4.18724e+12 4.05654e+12 3.96642e+12 3.90783e+12 3.84447e+12 3.80596e+12 3.72114e+12 3.68134e+12 3.70009e+12 3.74145e+12 3.73154e+12 3.77181e+12 3.82515e+12 3.92356e+12 4.01694e+12 4.11272e+12 4.19066e+12 4.25936e+12 4.34577e+12 4.40225e+12 4.44948e+12 4.43837e+12 4.32501e+12 4.04021e+12 3.63619e+12 3.06467e+12 2.30455e+12 1.45262e+12 6.71452e+11 1.87376e+11 2.05159e+10 0 0 0 0 0 0 0 0 0 0 
0 0 0 0 0 0 0 0 0 0 5.23178e+09 1.31246e+11 7.83791e+11 2.38076e+12 4.84051e+12 7.59229e+12 1.01999e+13 1.23856e+13 1.42385e+13 1.55511e+13 1.63906e+13 1.68984e+13 1.71718e+13 1.74704e+13 1.73428e+13 1.72656e+13 1.71853e+13 1.70888e+13 1.6934e+13 1.69031e+13 1.67043e+13 1.66262e+13 1.66984e+13 1.66795e+13 1.684e+13 1.68393e+13 1.69989e+13 1.71676e+13 1.72284e+13 1.75701e+13 1.74846e+13 1.7481e+13 1.73179e+13 1.69829e+13 1.65049e+13 1.56077e+13 1.42719e+13 1.25594e+13 1.02615e+13 7.63539e+12 4.83305e+12 2.38151e+12 7.84893e+11 1.31349e+11 5.3072e+09 0 0 0 0 0 0 0 0 0 0 
0 0 0 0 0 0 0 0 0 0 0 5.57604e+10 6.43116e+11 2.95615e+12 7.95202e+12 1.53803e+13 2.41532e+13 3.30473e+13 4.122e+13 4.78844e+13 5.32461e+13 5.77673e+13 6.09516e+13 6.35528e+13 6.50431e+13 6.61739e+13 6.70603e+13 6.788e+13 6.78219e+13 6.82804e+13 6.81568e+13 6.81077e+13 6.82331e+13 6.80791e+13 6.81756e+13 6.81084e+13 6.84453e+13 6.82491e+13 6.77454e+13 6.68245e+13 6.588e+13 6.3799e+13 6.15134e+13 5.79065e+13 5.36629e+13 4.81597e+13 4.10015e+13 3.3018e+13 2.41941e+13 1.54673e+13 7.95365e+12 2.93717e+12 6.45244e+11 5.60786e+10 0 0 0 0 0 0 0 0 0 0 0 
0 0 0 0 0 0 0 0 0 0 0 1.15122e+10 3.56672e+11 2.65153e+12 1.00554e+13 2.49453e+13 4.68661e+13 7.34864e+13 1.01534e+14 1.29107e+14 1.53433e+14 1.73487e+14 1.91535e+14 2.07299e+14 2.2052e+14 2.28947e+14 2.3479e+14 2.40506e+14 2.44441e+14 2.47393e+14 2.51389e+14 2.52146e+14 2.52426e+14 2.50756e+14 2.50793e+14 2.49573e+14 2.45878e+14 2.42153e+14 2.38053e+14 2.30841e+14 2.21089e+14 2.08414e+14 1.92212e+14 1.74637e+14 1.53483e+14 1.294e+14 1.01607e+14 7.42033e+13 4.69776e+13 2.49428e+13 1.00283e+13 2.6428e+12 3.57172e+11 1.1543e+10 0 0 0 0 0 0 0 0 0 0 0 
0 0 0 0 0 0 0 0 0 0 0 0 1.22355e+11 1.70593e+12 9.59712e+12 3.14998e+13 7.35675e+13 1.35841e+14 2.12668e+14 2.96856e+14 3.82084e+14 4.64518e+14 5.35821e+14 6.00497e+14 6.55785e+14 7.04239e+14 7.46904e+14 7.74359e+14 7.98736e+14 8.15306e+14 8.26916e+14 8.39861e+14 8.39403e+14 8.42112e+14 8.32113e+14 8.23676e+14 8.02751e+14 7.79587e+14 7.51623e+14 7.14071e+14 6.622e+14 6.06372e+14 5.37594e+14 4.64823e+14 3.8206e+14 2.97112e+14 2.13012e+14 1.35673e+14 7.37756e+13 3.15756e+13 9.52269e+12 1.71059e+12 1.22212e+11 0 0 0 0 0 0 0 0 0 0 0 0 
0 0 0 0 0 0 0 0 0 0 0 0 2.0626e+10 7.59495e+11 6.77258e+12 3.11164e+13 9.23032e+13 2.05462e+14 3.73121e+14 5.85077e+14 8.19796e+14 1.07032e+15 1.31922e+15 1.54188e+15 1.75897e+15 1.95533e+15 2.11137e+15 2.24457e+15 2.34649e+15 2.42311e+15 2.48943e+15 2.53498e+15 2.54973e+15 2.53003e+15 2.49876e+15 2.43819e+15 2.3598e+15 2.26461e+15 2.12854e+15 1.96419e+15 1.77189e+15 1.54428e+15 1.31814e+15 1.07335e+15 8.21391e+14 5.83219e+14 3.70473e+14 2.04906e+14 9.28448e+13 3.10551e+13 6.80906e+12 7.67272e+11 2.06251e+10 0 0 0 0 0 0 0 0 0 0 0 0 
0 0 0 0 0 0 0 0 0 0 0 0 0 2.135e+11 3.51174e+12 2.34137e+13 9.14474e+13 2.50803e+14 5.41152e+14 9.6372e+14 1.51477e+15 2.14712e+15 2.79372e+15 3.48737e+15 4.15351e+15 4.75734e+15 5.31382e+15 5.76431e+15 6.17997e+15 6.4838e+15 6.7262e+15 6.82809e+15 6.89305e+15 6.83293e+15 6.72359e+15 6.55334e+15 6.20709e+15 5.80736e+15 5.34178e+15 4.79976e+15 4.1676e+15 3.50699e+15 2.81744e+15 2.13525e+15 1.51006e+15 9.62922e+14 5.3851e+14 2.51932e+14 9.14059e+13 2.32543e+13 3.54008e+12 2.14041e+11 0 0 0 0 0 0 0 0 0 0 0 0 0 
0 0 0 0 0 0 0 0 0 0 0 0 0 3.01948e+10 1.27889e+12 1.33848e+13 7.17524e+13 2.47997e+14 6.36689e+14 1.32587e+15 2.32576e+15 3.63618e+15 5.1663e+15 6.85582e+15 8.64443e+15 1.02618e+16 1.18504e+16 1.32646e+16 1.44879e+16 1.54061e+16 1.60913e+16 1.66699e+16 1.68027e+16 1.66612e+16 1.61915e+16 1.55375e+16 1.45332e+16 1.33329e+16 1.1937e+16 1.03463e+16 8.64858e+15 6.88095e+15 5.19753e+15 3.65535e+15 2.33693e+15 1.32249e+15 6.43061e+14 2.48672e+14 7.13609e+13 1.33294e+13 1.28527e+12 3.00562e+10 0 0 0 0 0 0 0 0 0 0 0 0 0 
0 0 0 0 0 0 0 0 0 0 0 0 0 0 3.00379e+11 5.67008e+12 4.3398e+13 1.96193e+14 6.16723e+14 1.50254e+15 3.04416e+15 5.29504e+15 8.22165e+15 1.17116e+16 1.54719e+16 1.95601e+16 2.34326e+16 2.70325e+16 3.02153e+16 3.26931e+16 3.45787e+16 3.57812e+16 3.62684e+16 3.59074e+16 3.47811e+16 3.28514e+16 3.02466e+16 2.70763e+16 2.34804e+16 1.95848e+16 1.55658e+16 1.1715e+16 8.21242e+15 5.29294e+15 3.03552e+15 1.51504e+15 6.18826e+14 1.96368e+14 4.29685e+13 5.69501e+12 3.01746e+11 0 0 0 0 0 0 0 0 0 0 0 0 0 0 
0 0 0 0 0 0 0 0 0 0 0 0 0 0 3.62115e+10 1.72278e+12 2.03525e+13 1.24116e+14 4.88596e+14 1.42536e+15 3.30433e+15 6.48736e+15 1.10959e+16 1.71699e+16 2.42608e+16 3.2109e+16 4.04683e+16 4.8224e+16 5.5154e+16 6.13652e+16 6.56176e+16 6.83978e+16 6.94036e+16 6.81807e+16 6.55838e+16 6.14016e+16 5.56685e+16 4.84815e+16 4.04422e+16 3.22891e+16 2.42753e+16 1.71228e+16 1.11495e+16 6.49628e+15 3.31953e+15 1.427e+15 4.87089e+14 1.22181e+14 2.02104e+13 1.73105e+12 3.63616e+10 0 0 0 0 0 0 0 0 0 0 0 0 0 0 
0 0 0 0 0 0 0 0 0 0 0 0 0 0 0 3.43154e+11 7.23102e+12 6.12935e+13 3.12477e+14 1.1057e+15 3.0184e+15 6.68515e+15 1.27953e+16 2.14626e+16 3.28448e+16 4.62045e+16 6.07785e+16 7.53874e+16 8.88226e+16 1.0088e+17 1.09595e+17 1.15653e+17 1.1763e+17 1.15147e+17 1.09934e+17 1.00883e+17 8.92212e+16 7.52825e+16 6.0719e+16 4.62672e+16 3.26748e+16 2.15133e+16 1.2774e+16 6.71928e+15 3.00701e+15 1.10169e+15 3.11422e+14 6.13413e+13 7.2225e+12 3.44921e+11 0 0 0 0 0 0 0 0 0 0 0 0 0 0 0 
0 0 0 0 0 0 0 0 0 0 0 0 0 0 0 3.59377e+10 1.86196e+12 2.40872e+13 1.60637e+14 7.06273e+14 2.27969e+15 5.85378e+15 1.24749e+16 2.30796e+16 3.79521e+16 5.72125e+16 7.92631e+16 1.02647e+17 1.25378e+17 1.45647e+17 1.6244e+17 1.71654e+17 1.75286e+17 1.71763e+17 1.61641e+17 1.46087e+17 1.2477e+17 1.02535e+17 7.89353e+16 5.68113e+16 3.81023e+16 2.31104e+16 1.25166e+16 5.83062e+15 2.27966e+15 7.03245e+14 1.60542e+14 2.3889e+13 1.86461e+12 3.61036e+10 0 0 0 0 0 0 0 0 0 0 0 0 0 0 0 
0 0 0 0 0 0 0 0 0 0 0 0 0 0 0 0 3.21593e+11 7.3047e+12 6.73303e+13 3.71091e+14 1.44055e+15 4.27595e+15 1.03244e+16 2.11437e+16 3.79744e+16 6.08556e+16 8.92103e+16 1.21435e+17 1.54411e+17 1.84381e+17 2.07745e+17 2.23816e+17 2.29075e+17 2.24733e+17 2.08654e+17 1.83457e+17 1.53558e+17 1.20866e+17 8.90917e+16 6.08366e+16 3.78651e+16 2.11642e+16 1.02924e+16 4.24816e+15 1.43913e+15 3.70604e+14 6.68572e+13 7.23981e+12 3.21492e+11 0 0 0 0 0 0 0 0 0 0 0 0 0 0 0 0 
0 0 0 0 0 0 0 0 0 0 0 0 0 0 0 0 2.94329e+10 1.60629e+12 2.2479e+13 1.61335e+14 7.55317e+14 2.6236e+15 7.28092e+15 1.65682e+16 3.24925e+16 5.61972e+16 8.75021e+16 1.24633e+17 1.64464e+17 2.01783e+17 2.33458e+17 2.53613e+17 2.61414e+17 2.53384e+17 2.32586e+17 2.01406e+17 1.64261e+17 1.24515e+17 8.77214e+16 5.60754e+16 3.24922e+16 1.65925e+16 7.22924e+15 2.63962e+15 7.54723e+14 1.60449e+14 2.22052e+13 1.61433e+12 2.96357e+10 0 0 0 0 0 0 0 0 0 0 0 0 0 0 0 0 
0 0 0 0 0 0 0 0 0 0 0 0 0 0 0 0 0 2.44104e+11 5.82148e+12 5.70026e+13 3.33169e+14 1.38044e+15 4.34677e+15 1.11061e+16 2.39343e+16 4.47988e+16 7.46844e+16 1.11566e+17 1.53704e+17 1.9502e+17 2.29399e+17 2.52461e+17 2.58954e+17 2.51209e+17 2.28828e+17 1.94144e+17 1.53036e+17 1.11389e+17 7.42962e+16 4.48168e+16 2.40159e+16 1.10525e+16 4.32344e+15 1.37125e+15 3.32351e+14 5.66344e+13 5.75335e+12 2.43822e+11 0 0 0 0 0 0 0 0 0 0 0 0 0 0 0 0 0 
0 0 0 0 0 0 0 0 0 0 0 0 0 0 0 0 0 2.00005e+10 1.12765e+12 1.63099e+13 1.23686e+14 6.09453e+14 2.21705e+15 6.40474e+15 1.52085e+16 3.08458e+16 5.46294e+16 8.69611e+16 1.24118e+17 1.62434e+17 1.96422e+17 2.19066e+17 2.27251e+17 2.19136e+17 1.96721e+17 1.63425e+17 1.24719e+17 8.70989e+16 5.47732e+16 3.09883e+16 1.51808e+16 6.36394e+15 2.20874e+15 6.00892e+14 1.23121e+14 1.60751e+13 1.1189e+12 2.02398e+10 0 0 0 0 0 0 0 0 0 0 0 0 0 0 0 0 0 
0 0 0 0 0 0 0 0 0 0 0 0 0 0 0 0 0 0 1.52716e+11 3.67489e+12 3.75511e+13 2.28453e+14 9.7451e+14 3.18847e+15 8.39379e+15 1.85034e+16 3.511e+16 5.90548e+16 8.82616e+16 1.19578e+17 1.47649e+17 1.67534e+17 1.74929e+17 1.68318e+17 1.47758e+17 1.19489e+17 8.86012e+16 5.91913e+16 3.53432e+16 1.84835e+16 8.3577e+15 3.15837e+15 9.67263e+14 2.28187e+14 3.72283e+13 3.66303e+12 1.50751e+11 0 0 0 0 0 0 0 0 0 0 0 0 0 0 0 0 0 0 
0 0 0 0 0 0 0 0 0 0 0 0 0 0 0 0 0 0 1.14796e+10 6.40598e+11 9.39901e+12 7.23579e+13 3.65011e+14 1.37221e+15 4.02236e+15 9.60958e+15 1.96803e+16 3.49484e+16 5.50417e+16 7.69884e+16 9.76044e+16 1.12516e+17 1.17956e+17 1.12655e+17 9.78698e+16 7.73572e+16 5.51664e+16 3.52308e+16 1.97594e+16 9.61182e+15 3.99684e+15 1.35733e+15 3.64813e+14 7.2396e+13 9.34125e+12 6.38052e+11 1.14683e+10 0 0 0 0 0 0 0 0 0 0 0 0 0 0 0 0 0 0 
0 0 0 0 0 0 0 0 0 0 0 0 0 0 0 0 0 0 0 7.83239e+10 1.89796e+12 1.92763e+13 1.18427e+14 5.07797e+14 1.6862e+15 4.4351e+15 9.7057e+15 1.83811e+16 3.02135e+16 4.40157e+16 5.68908e+16 6.67499e+16 7.06045e+16 6.67998e+16 5.71486e+16 4.40901e+16 3.03042e+16 1.83922e+16 9.76364e+15 4.41635e+15 1.67323e+15 5.09124e+14 1.19298e+14 1.91961e+13 1.88564e+12 7.72998e+10 0 0 0 0 0 0 0 0 0 0 0 0 0 0 0 0 0 0 0 
0 0 0 0 0 0 0 0 0 0 0 0 0 0 0 0 0 0 0 5.66919e+09 2.95831e+11 4.27569e+12 3.27717e+13 1.65906e+14 6.14354e+14 1.78905e+15 4.27342e+15 8.51947e+15 1.46428e+16 2.22108e+16 2.96855e+16 3.5027e+16 3.70535e+16 3.51432e+16 2.95425e+16 2.21581e+16 1.47938e+16 8.58251e+15 4.26632e+15 1.78887e+15 6.14791e+14 1.6672e+14 3.2839e+13 4.27847e+12 2.93321e+11 5.59428e+09 0 0 0 0 0 0 0 0 0 0 0 0 0 0 0 0 0 0 0 
0 0 0 0 0 0 0 0 0 0 0 0 0 0 0 0 0 0 0 0 3.33214e+10 7.79438e+11 7.77582e+12 4.67125e+13 1.97377e+14 6.40683e+14 1.6506e+15 3.53082e+15 6.40774e+15 1.00531e+16 1.3759e+16 1.65558e+16 1.75159e+16 1.64855e+16 1.36872e+16 1.00691e+16 6.38883e+15 3.54437e+15 1.65549e+15 6.42326e+14 1.99482e+14 4.69144e+13 7.80642e+12 7.793e+11 3.31775e+10 0 0 0 0 0 0 0 0 0 0 0 0 0 0 0 0 0 0 0 0 
0 0 0 0 0 0 0 0 0 0 0 0 0 0 0 0 0 0 0 0 2.39988e+09 1.12226e+11 1.54458e+12 1.15128e+13 5.66757e+13 2.03997e+14 5.76103e+14 1.31541e+15 2.51235e+15 4.09629e+15 5.73673e+15 7.00016e+15 7.50917e+15 6.98133e+15 5.74351e+15 4.09777e+15 2.5165e+15 1.31531e+15 5.77753e+14 2.04373e+14 5.67318e+13 1.15586e+13 1.55056e+12 1.12393e+11 2.38618e+09 0 0 0 0 0 0 0 0 0 0 0 0 0 0 0 0 0 0 0 0 
0 0 0 0 0 0 0 0 0 0 0 0 0 0 0 0 0 0 0 0 0 1.18287e+10 2.58916e+11 2.46978e+12 1.42543e+13 5.8111e+13 1.79694e+14 4.40785e+14 8.82731e+14 1.4979e+15 2.16669e+15 2.68589e+15 2.87771e+15 2.68123e+15 2.15465e+15 1.49974e+15 8.84947e+14 4.38226e+14 1.78903e+14 5.8204e+13 1.42173e+13 2.44479e+12 2.57617e+11 1.18361e+10 0 0 0 0 0 0 0 0 0 0 0 0 0 0 0 0 0 0 0 0 0 
0 0 0 0 0 0 0 0 0 0 0 0 0 0 0 0 0 0 0 0 0 9.19932e+08 3.54215e+10 4.56972e+11 3.1821e+12 1.47064e+13 5.03642e+13 1.33124e+14 2.83079e+14 5.00047e+14 7.42753e+14 9.42274e+14 1.01225e+15 9.39128e+14 7.4342e+14 4.99505e+14 2.83781e+14 1.32505e+14 5.02883e+13 1.47317e+13 3.16407e+12 4.51956e+11 3.53449e+10 9.20568e+08 0 0 0 0 0 0 0 0 0 0 0 0 0 0 0 0 0 0 0 0 0 
0 0 0 0 0 0 0 0 0 0 0 0 0 0 0 0 0 0 0 0 0 0 3.59538e+09 7.10304e+10 6.27768e+11 3.35966e+12 1.27696e+13 3.66669e+13 8.26197e+13 1.52429e+14 2.32769e+14 3.0073e+14 3.26082e+14 3.00607e+14 2.33516e+14 1.52633e+14 8.20409e+13 3.63827e+13 1.27289e+13 3.33055e+12 6.22763e+11 7.04914e+10 3.58878e+09 0 0 0 0 0 0 0 0 0 0 0 0 0 0 0 0 0 0 0 0 0 0 
0 0 0 0 0 0 0 0 0 0 0 0 0 0 0 0 0 0 0 0 0 0 3.21389e+08 9.41542e+09 1.07857e+11 6.88957e+11 2.93205e+12 9.16991e+12 2.22348e+13 4.27651e+13 6.73511e+13 8.84146e+13 9.64672e+13 8.81575e+13 6.77315e+13 4.27047e+13 2.21596e+13 9.14716e+12 2.92118e+12 6.85314e+11 1.06886e+11 9.36714e+09 3.19719e+08 0 0 0 0 0 0 0 0 0 0 0 0 0 0 0 0 0 0 0 0 0 0 
0 0 0 0 0 0 0 0 0 0 0 0 0 0 0 0 0 0 0 0 0 0 0 9.60369e+08 1.61025e+10 1.27462e+11 6.18249e+11 2.11802e+12 5.45652e+12 1.10786e+13 1.79718e+13 2.40793e+13 2.64243e+13 2.39773e+13 1.79399e+13 1.10469e+13 5.44788e+12 2.1057e+12 6.11572e+11 1.25987e+11 1.61952e+10 9.57973e+08 0 0 0 0 0 0 0 0 0 0 0 0 0 0 0 0 0 0 0 0 0 0 0 
0 0 0 0 0 0 0 0 0 0 0 0 0 0 0 0 0 0 0 0 0 0 0 1.04681e+08 2.17039e+09 2.09652e+10 1.19235e+11 4.51661e+11 1.25088e+12 2.67578e+12 4.51349e+12 6.09463e+12 6.78777e+12 6.07621e+12 4.49753e+12 2.66513e+12 1.24201e+12 4.46413e+11 1.17682e+11 2.08381e+10 2.1857e+09 1.05067e+08 0 0 0 0 0 0 0 0 0 0 0 0 0 0 0 0 0 0 0 0 0 0 0 
0 0 0 0 0 0 0 0 0 0 0 0 0 0 0 0 0 0 0 0 0 0 0 0 2.24547e+08 3.14914e+09 2.10414e+10 8.89416e+10 2.66395e+11 6.06074e+11 1.04959e+12 1.46286e+12 1.62437e+12 1.46013e+12 1.04731e+12 5.98104e+11 2.64145e+11 8.80272e+10 2.08467e+10 3.17288e+09 2.22699e+08 0 0 0 0 0 0 0 0 0 0 0 0 0 0 0 0 0 0 0 0 0 0 0 0 
0 0 0 0 0 0 0 0 0 0 0 0 0 0 0 0 0 0 0 0 0 0 0 0 3.17883e+07 4.43445e+08 3.41989e+09 1.65147e+10 5.3228e+10 1.26561e+11 2.31438e+11 3.27757e+11 3.68873e+11 3.27787e+11 2.30351e+11 1.27258e+11 5.37331e+10 1.64018e+10 3.42201e+09 4.44395e+08 3.18568e+07 0 0 0 0 0 0 0 0 0 0 0 0 0 0 0 0 0 0 0 0 0 0 0 0 
0 0 0 0 0 0 0 0 0 0 0 0 0 0 0 0 0 0 0 0 0 0 0 0 0 4.52091e+07 5.35488e+08 2.88882e+09 1.01709e+10 2.59327e+10 4.84468e+10 7.01748e+10 7.96476e+10 7.04248e+10 4.84238e+10 2.58373e+10 1.01935e+10 2.88723e+09 5.33562e+08 4.57386e+07 0 0 0 0 0 0 0 0 0 0 0 0 0 0 0 0 0 0 0 0 0 0 0 0 0 
0 0 0 0 0 0 0 0 0 0 0 0 0 0 0 0 0 0 0 0 0 0 0 0 0 8.77321e+06 8.06865e+07 4.72333e+08 1.87219e+09 5.01727e+09 9.84048e+09 1.46057e+10 1.65038e+10 1.46245e+10 9.90682e+09 5.04344e+09 1.8966e+09 4.77078e+08 8.12127e+07 8.65443e+06 0 0 0 0 0 0 0 0 0 0 0 0 0 0 0 0 0 0 0 0 0 0 0 0 0 
0 0 0 0 0 0 0 0 0 0 0 0 0 0 0 0 0 0 0 0 0 0 0 0 0 0 7.79728e+06 8.1025e+07 3.37625e+08 9.45739e+08 1.9679e+09 2.94441e+09 3.40549e+09 2.94772e+09 1.97303e+09 9.48288e+08 3.37201e+08 8.16458e+07 7.91628e+06 0 0 0 0 0 0 0 0 0 0 0 0 0 0 0 0 0 0 0 0 0 0 0 0 0 0 
0 0 0 0 0 0 0 0 0 0 0 0 0 0 0 0 0 0 0 0 0 0 0 0 0 0 2.12632e+06 1.2897e+07 5.59654e+07 1.83328e+08 3.75903e+08 5.94077e+08 6.78527e+08 5.95683e+08 3.7767e+08 1.82989e+08 5.61261e+07 1.30051e+07 2.07313e+06 0 0 0 0 0 0 0 0 0 0 0 0 0 0 0 0 0 0 0 0 0 0 0 0 0 0 
0 0 0 0 0 0 0 0 0 0 0 0 0 0 0 0 0 0 0 0 0 0 0 0 0 0 0 1.08229e+06 1.0765e+07 3.23906e+07 7.40153e+07 1.18999e+08 1.33808e+08 1.17612e+08 7.27567e+07 3.28055e+07 1.082e+07 1.10179e+06 0 0 0 0 0 0 0 0 0 0 0 0 0 0 0 0 0 0 0 0 0 0 0 0 0 0 0 
0 0 0 0 0 0 0 0 0 0 0 0 0 0 0 0 0 0 0 0 0 0 0 0 0 0 0 437408 1.69593e+06 5.6016e+06 1.49726e+07 2.20309e+07 2.85315e+07 2.18223e+07 1.51151e+07 5.59123e+06 1.72148e+06 428971 0 0 0 0 0 0 0 0 0 0 0 0 0 0 0 0 0 0 0 0 0 0 0 0 0 0 0 
0 0 0 0 0 0 0 0 0 0 0 0 0 0 0 0 0 0 0 0 0 0 0 0 0 0 0 0 112030 1.24773e+06 2.38965e+06 4.63435e+06 5.14404e+06 4.66736e+06 2.40636e+06 1.24493e+06 113340 0 0 0 0 0 0 0 0 0 0 0 0 0 0 0 0 0 0 0 0 0 0 0 0 0 0 0 0 
0 0 0 0 0 0 0 0 0 0 0 0 0 0 0 0 0 0 0 0 0 0 0 0 0 0 0 0 75016.1 169447 458380 963226 928383 954477 457909 171263 72340.8 0 0 0 0 0 0 0 0 0 0 0 0 0 0 0 0 0 0 0 0 0 0 0 0 0 0 0 0 
0 0 0 0 0 0 0 0 0 0 0 0 0 0 0 0 0 0 0 0 0 0 0 0 0 0 0 0 0 7692.67 116337 111157 238891 111287 116171 7679.55 0 0 0 0 0 0 0 0 0 0 0 0 0 0 0 0 0 0 0 0 0 0 0 0 0 0 0 0 0 
0 0 0 0 0 0 0 0 0 0 0 0 0 0 0 0 0 0 0 0 0 0 0 0 0 0 0 0 0 9915.32 11362.5 32593.6 37688.5 31651.2 11474.2 9765.32 0 0 0 0 0 0 0 0 0 0 0 0 0 0 0 0 0 0 0 0 0 0 0 0 0 0 0 0 0 
0 0 0 0 0 0 0 0 0 0 0 0 0 0 0 0 0 0 0 0 0 0 0 0 0 0 0 0 0 0 252.232 7596.09 2019.73 7597.61 254.649 0 0 0 0 0 0 0 0 0 0 0 0 0 0 0 0 0 0 0 0 0 0 0 0 0 0 0 0 0 0 
0 0 0 0 0 0 0 0 0 0 0 0 0 0 0 0 0 0 0 0 0 0 0 0 0 0 0 0 0 0 990.847 377.425 1878.1 376.627 983.734 0 0 0 0 0 0 0 0 0 0 0 0 0 0 0 0 0 0 0 0 0 0 0 0 0 0 0 0 0 0 
0 0 0 0 0 0 0 0 0 0 0 0 0 0 0 0 0 0 0 0 0 0 0 0 0 0 0 0 0 0 0 0 250.262 0 0 0 0 0 0 0 0 0 0 0 0 0 0 0 0 0 0 0 0 0 0 0 0 0 0 0 0 0 0 0 0 
0 0 0 0 0 0 0 0 0 0 0 0 0 0 0 0 0 0 0 0 0 0 0 0 0 0 0 0 0 0 0 62.3455 0 64.0024 0 0 0 0 0 0 0 0 0 0 0 0 0 0 0 0 0 0 0 0 0 0 0 0 0 0 0 0 0 0 0 
0 0 0 0 0 0 0 0 0 0 0 0 0 0 0 0 0 0 0 0 0 0 0 0 0 0 0 0 0 0 0 0 0 0 0 0 0 0 0 0 0 0 0 0 0 0 0 0 0 0 0 0 0 0 0 0 0 0 0 0 0 0 0 0 0 
0 0 0 0 0 0 0 0 0 0 0 0 0 0 0 0 0 0 0 0 0 0 0 0 0 0 0 0 0 0 0 0 2.0027 0 0 0 0 0 0 0 0 0 0 0 0 0 0 0 0 0 0 0 0 0 0 0 0 0 0 0 0 0 0 0 0 
