1 0 0 0 0 0 0 0 0 0 0 0 0 0 0 0 0 0 0 0 0 0 0 0 0 0 0 0 0 0 0 0 0 0 0 0 0 0 0 0 0 0 0 0 0 0 0 0 0 0 0 0 0 0 0 0 0 0 0 0 0 0 0 0 0 
0 0 0 0 0 0 0 0 0 0 0 0 0 0 0 0 0 0 0 0 0 0 0 0 0 0 0 0 0 0 0 0 0 0 0 0 0 0 0 0 0 0 0 0 0 0 0 0 0 0 0 0 0 0 0 0 0 0 0 0 0 0 0 0 0 
0 64 0 0 0 0 0 0 0 0 0 0 0 0 0 0 0 0 0 0 0 0 0 0 0 0 0 0 0 0 0 0 0 0 0 0 0 0 0 0 0 0 0 0 0 0 0 0 0 0 0 0 0 0 0 0 0 0 0 0 0 0 0 0 0 
0 0 128 0 0 0 0 0 0 0 0 0 0 0 0 0 0 0 0 0 0 0 0 0 0 0 0 0 0 0 0 0 0 0 0 0 0 0 0 0 0 0 0 0 0 0 0 0 0 0 0 0 0 0 0 0 0 0 0 0 0 0 0 0 0 
0 0 1888 380.866 64.2172 0 0 0 0 0 0 0 0 0 0 0 0 0 0 0 0 0 0 0 0 0 0 0 0 0 0 0 0 0 0 0 0 0 0 0 0 0 0 0 0 0 0 0 0 0 0 0 0 0 0 0 0 0 0 0 0 0 0 0 0 
0 0 0 7174.27 1138.49 496.487 123.283 0 0 0 0 0 0 0 0 0 0 0 0 0 0 0 0 0 0 0 0 0 0 0 0 0 0 0 0 0 0 0 0 0 0 0 0 0 0 0 0 0 0 0 0 0 0 0 0 0 0 0 0 0 0 0 0 0 0 
0 0 0 34108.9 27233 6850.3 2474.45 1353.97 359.542 58.2854 0 0 0 0 0 0 0 0 0 0 0 0 0 0 0 0 0 0 0 0 0 0 0 0 0 0 0 0 0 0 0 0 0 0 0 0 0 0 0 0 0 0 0 0 0 0 0 0 0 0 0 0 0 0 0 
0 0 0 0 183910 96897.3 42792.5 16215 8169.03 4537.91 1926.81 499.603 118.093 0 0 0 0 0 0 0 0 0 0 0 0 0 0 0 0 0 0 0 0 0 0 0 0 0 0 0 0 0 0 0 0 0 0 0 0 0 0 0 0 0 0 0 0 0 0 0 0 0 0 0 0 
0 0 0 0 423030 830671 410518 222620 119542 57850.6 33388.9 19813.1 9374.26 4358.65 1274.57 394.198 87.5334 0 0 0 0 0 0 0 15.6812 0 0 0 0 0 0 0 17.0365 0 0 0 0 0 0 0 0 0 0 0 0 0 0 0 0 0 0 0 0 0 0 0 0 0 0 0 0 0 0 0 0 
0 0 0 0 0 2.85924e+06 3.33183e+06 1.98304e+06 1.12735e+06 702559 414023 246456 151905 93593.4 56135.1 28106.6 13367 5795.34 2320.87 748.84 332.015 320.836 234.424 249.927 0 282.427 252.532 243.504 245.513 292.162 274.157 263.226 0 0 0 0 0 0 0 0 0 0 0 0 0 0 0 0 0 0 0 0 0 0 0 0 0 0 0 0 0 0 0 0 0 
0 0 0 0 0 3.83036e+06 1.46175e+07 1.35361e+07 9.3834e+06 6.09222e+06 3.96827e+06 2.6648e+06 1.75974e+06 1.15789e+06 766545 495395 329560 208364 121714 68020.9 38257.6 21374.1 12988.9 11089.2 12078 9327.32 9024.35 9445.98 9603.04 9297.6 9291.09 9397.94 10743.8 0 0 0 0 0 0 0 0 0 0 0 0 0 0 0 0 0 0 0 0 0 0 0 0 0 0 0 0 0 0 0 0 
0 0 0 0 0 0 3.03027e+07 6.39757e+07 5.76475e+07 4.35164e+07 3.13305e+07 2.19993e+07 1.57155e+07 1.10218e+07 7.82609e+06 5.91612e+06 4.15107e+06 2.9364e+06 2.10236e+06 1.46079e+06 1.03377e+06 706334 500090 378945 288358 236177 236717 225654 214985 216260 213053 202143 201076 0 0 0 0 0 0 0 0 0 0 0 0 0 0 0 0 0 0 0 0 0 0 0 0 0 0 0 0 0 0 0 0 
0 0 0 0 0 0 2.62664e+07 1.68989e+08 2.63181e+08 2.46951e+08 2.00641e+08 1.54889e+08 1.18317e+08 8.88831e+07 6.86108e+07 5.27134e+07 4.0409e+07 3.07908e+07 2.32402e+07 1.8068e+07 1.39186e+07 1.07221e+07 8.40317e+06 6.5634e+06 5.46598e+06 4.69642e+06 4.02326e+06 3.62619e+06 3.41074e+06 3.29702e+06 3.15691e+06 3.15947e+06 3.25093e+06 0 0 0 0 0 0 0 0 0 0 0 0 0 0 0 0 0 0 0 0 0 0 0 0 0 0 0 0 0 0 0 0 
0 0 0 0 0 0 0 2.32874e+08 7.8508e+08 1.06886e+09 1.0409e+09 9.06964e+08 7.45213e+08 6.09625e+08 4.92946e+08 3.93766e+08 3.15702e+08 2.5852e+08 2.09047e+08 1.6775e+08 1.35872e+08 1.10666e+08 9.1713e+07 7.58241e+07 6.37568e+07 5.71513e+07 5.08392e+07 4.51478e+07 4.2557e+07 4.03105e+07 3.74497e+07 3.72913e+07 3.72031e+07 0 0 0 0 0 0 0 0 0 0 0 0 0 0 0 0 0 0 0 0 0 0 0 0 0 0 0 0 0 0 0 0 
0 0 0 0 0 0 0 1.39618e+08 1.38371e+09 3.29685e+09 4.28943e+09 4.35799e+09 3.99663e+09 3.47072e+09 2.98542e+09 2.5328e+09 2.13988e+09 1.79549e+09 1.50991e+09 1.27961e+09 1.0704e+09 9.02658e+08 7.86754e+08 6.7967e+08 6.08131e+08 5.33588e+08 4.77845e+08 4.39221e+08 4.1241e+08 3.95944e+08 3.76907e+08 3.71725e+08 3.69824e+08 0 0 0 0 0 0 0 0 0 0 0 0 0 0 0 0 0 0 0 0 0 0 0 0 0 0 0 0 0 0 0 0 
0 0 0 0 0 0 0 0 1.34009e+09 6.67683e+09 1.31219e+10 1.68282e+10 1.78074e+10 1.70339e+10 1.56637e+10 1.41117e+10 1.24029e+10 1.09451e+10 9.60183e+09 8.31599e+09 7.32042e+09 6.4168e+09 5.64384e+09 5.10216e+09 4.65788e+09 4.22455e+09 3.8475e+09 3.54444e+09 3.33936e+09 3.17321e+09 3.07204e+09 3.04176e+09 3.03076e+09 0 0 0 0 0 0 0 0 0 0 0 0 0 0 0 0 0 0 0 0 0 0 0 0 0 0 0 0 0 0 0 0 
0 0 0 0 0 0 0 0 5.85815e+08 8.31047e+09 2.84045e+10 5.03107e+10 6.46123e+10 7.06736e+10 7.0594e+10 6.80901e+10 6.33683e+10 5.84874e+10 5.31423e+10 4.84514e+10 4.35505e+10 3.95355e+10 3.60417e+10 3.28009e+10 3.02467e+10 2.79465e+10 2.61407e+10 2.47067e+10 2.33662e+10 2.2357e+10 2.19202e+10 2.14645e+10 2.14268e+10 0 0 0 0 0 0 0 0 0 0 0 0 0 0 0 0 0 0 0 0 0 0 0 0 0 0 0 0 0 0 0 0 
0 0 0 0 0 0 0 0 0 5.92621e+09 4.09285e+10 1.11371e+11 1.86535e+11 2.41455e+11 2.72298e+11 2.84183e+11 2.83776e+11 2.73769e+11 2.60868e+11 2.44095e+11 2.28526e+11 2.13171e+11 2.00672e+11 1.87071e+11 1.76308e+11 1.66142e+11 1.56328e+11 1.48454e+11 1.41785e+11 1.39135e+11 1.35593e+11 1.3544e+11 1.34236e+11 0 0 0 0 0 0 0 0 0 0 0 0 0 0 0 0 0 0 0 0 0 0 0 0 0 0 0 0 0 0 0 0 
0 0 0 0 0 0 0 0 0 1.96404e+09 3.76672e+10 1.74497e+11 4.10728e+11 6.66702e+11 8.7487e+11 1.01024e+12 1.09041e+12 1.12054e+12 1.12344e+12 1.10392e+12 1.06684e+12 1.03088e+12 9.83159e+11 9.44679e+11 9.04154e+11 8.71924e+11 8.28625e+11 8.02516e+11 7.77727e+11 7.61607e+11 7.52706e+11 7.50171e+11 7.47731e+11 0 0 0 0 0 0 0 0 0 0 0 0 0 0 0 0 0 0 0 0 0 0 0 0 0 0 0 0 0 0 0 0 
0 0 0 0 0 0 0 0 0 0 2.04837e+10 1.86186e+11 6.71582e+11 1.44317e+12 2.30152e+12 3.05322e+12 3.62703e+12 4.02425e+12 4.26569e+12 4.42448e+12 4.44619e+12 4.42283e+12 4.35635e+12 4.28634e+12 4.20635e+12 4.10086e+12 4.01727e+12 3.91321e+12 3.84055e+12 3.78774e+12 3.76905e+12 3.74473e+12 3.71596e+12 0 0 0 0 0 0 0 0 0 0 0 0 0 0 0 0 0 0 0 0 0 0 0 0 0 0 0 0 0 0 0 0 
0 0 0 0 0 0 0 0 0 0 5.30067e+09 1.31457e+11 7.85339e+11 2.38883e+12 4.83513e+12 7.63265e+12 1.02908e+13 1.25638e+13 1.42482e+13 1.55565e+13 1.64433e+13 1.70708e+13 1.73968e+13 1.74981e+13 1.76095e+13 1.74812e+13 1.73142e+13 1.71584e+13 1.70289e+13 1.69361e+13 1.68316e+13 1.67952e+13 1.6626e+13 0 0 0 0 0 0 0 0 0 0 0 0 0 0 0 0 0 0 0 0 0 0 0 0 0 0 0 0 0 0 0 0 
0 0 0 0 0 0 0 0 0 0 0 5.58874e+10 6.44212e+11 2.9425e+12 7.93381e+12 1.54701e+13 2.42761e+13 3.31397e+13 4.14217e+13 4.81262e+13 5.40174e+13 5.80135e+13 6.15556e+13 6.39072e+13 6.59172e+13 6.67172e+13 6.7453e+13 6.79956e+13 6.84559e+13 6.82334e+13 6.81262e+13 6.79106e+13 6.84136e+13 0 0 0 0 0 0 0 0 0 0 0 0 0 0 0 0 0 0 0 0 0 0 0 0 0 0 0 0 0 0 0 0 
0 0 0 0 0 0 0 0 0 0 0 1.16137e+10 3.55724e+11 2.64972e+12 1.00553e+13 2.48537e+13 4.70591e+13 7.37337e+13 1.02002e+14 1.29426e+14 1.53605e+14 1.76046e+14 1.93605e+14 2.088e+14 2.202e+14 2.29602e+14 2.37578e+14 2.41998e+14 2.45615e+14 2.49523e+14 2.5207e+14 2.52823e+14 2.52841e+14 0 0 0 0 0 0 0 0 0 0 0 0 0 0 0 0 0 0 0 0 0 0 0 0 0 0 0 0 0 0 0 0 
0 0 0 0 0 0 0 0 0 0 0 0 1.22084e+11 1.70986e+12 9.56112e+12 3.16455e+13 7.35931e+13 1.36062e+14 2.13179e+14 2.97793e+14 3.83819e+14 4.65421e+14 5.41067e+14 6.05396e+14 6.63403e+14 7.09383e+14 7.48564e+14 7.80813e+14 8.07144e+14 8.21211e+14 8.34356e+14 8.41692e+14 8.47187e+14 0 0 0 0 0 0 0 0 0 0 0 0 0 0 0 0 0 0 0 0 0 0 0 0 0 0 0 0 0 0 0 0 
0 0 0 0 0 0 0 0 0 0 0 0 2.07119e+10 7.58718e+11 6.78598e+12 3.09944e+13 9.22806e+13 2.05213e+14 3.71821e+14 5.83785e+14 8.23454e+14 1.07055e+15 1.31911e+15 1.55794e+15 1.76668e+15 1.96071e+15 2.12005e+15 2.25283e+15 2.35811e+15 2.44743e+15 2.49969e+15 2.53425e+15 2.54576e+15 0 0 0 0 0 0 0 0 0 0 0 0 0 0 0 0 0 0 0 0 0 0 0 0 0 0 0 0 0 0 0 0 
0 0 0 0 0 0 0 0 0 0 0 0 0 2.13769e+11 3.52579e+12 2.33324e+13 9.16366e+13 2.51434e+14 5.38001e+14 9.61855e+14 1.50645e+15 2.13689e+15 2.81832e+15 3.49929e+15 4.16433e+15 4.78244e+15 5.32859e+15 5.80801e+15 6.18197e+15 6.51031e+15 6.75163e+15 6.86436e+15 6.89104e+15 0 0 0 0 0 0 0 0 0 0 0 0 0 0 0 0 0 0 0 0 0 0 0 0 0 0 0 0 0 0 0 0 
0 0 0 0 0 0 0 0 0 0 0 0 0 3.02489e+10 1.28169e+12 1.33648e+13 7.12433e+13 2.48139e+14 6.40737e+14 1.32343e+15 2.33227e+15 3.64759e+15 5.18843e+15 6.87583e+15 8.61346e+15 1.03092e+16 1.18923e+16 1.33313e+16 1.45428e+16 1.54953e+16 1.61432e+16 1.66037e+16 1.67611e+16 0 0 0 0 0 0 0 0 0 0 0 0 0 0 0 0 0 0 0 0 0 0 0 0 0 0 0 0 0 0 0 0 
0 0 0 0 0 0 0 0 0 0 0 0 0 0 3.02056e+11 5.68564e+12 4.33172e+13 1.95794e+14 6.17711e+14 1.51157e+15 3.03919e+15 5.29213e+15 8.19919e+15 1.16985e+16 1.55197e+16 1.9468e+16 2.33631e+16 2.69192e+16 3.01844e+16 3.27371e+16 3.4751e+16 3.58968e+16 3.62773e+16 0 0 0 0 0 0 0 0 0 0 0 0 0 0 0 0 0 0 0 0 0 0 0 0 0 0 0 0 0 0 0 0 
0 0 0 0 0 0 0 0 0 0 0 0 0 0 3.63396e+10 1.72539e+12 2.03121e+13 1.23162e+14 4.87568e+14 1.42187e+15 3.3156e+15 6.47201e+15 1.11232e+16 1.70799e+16 2.42409e+16 3.21997e+16 4.03463e+16 4.8265e+16 5.52353e+16 6.14103e+16 6.57191e+16 6.84878e+16 6.95069e+16 0 0 0 0 0 0 0 0 0 0 0 0 0 0 0 0 0 0 0 0 0 0 0 0 0 0 0 0 0 0 0 0 
0 0 0 0 0 0 0 0 0 0 0 0 0 0 0 3.45752e+11 7.22867e+12 6.14389e+13 3.12004e+14 1.10592e+15 3.00518e+15 6.7129e+15 1.27625e+16 2.1549e+16 3.28316e+16 4.60949e+16 6.05305e+16 7.51512e+16 8.91438e+16 1.00862e+17 1.10134e+17 1.15841e+17 1.18024e+17 0 0 0 0 0 0 0 0 0 0 0 0 0 0 0 0 0 0 0 0 0 0 0 0 0 0 0 0 0 0 0 0 
0 0 0 0 0 0 0 0 0 0 0 0 0 0 0 3.59809e+10 1.859e+12 2.40512e+13 1.60632e+14 7.05883e+14 2.28361e+15 5.84128e+15 1.24932e+16 2.31032e+16 3.81023e+16 5.70396e+16 7.91797e+16 1.02595e+17 1.25137e+17 1.45655e+17 1.61776e+17 1.71983e+17 1.74857e+17 0 0 0 0 0 0 0 0 0 0 0 0 0 0 0 0 0 0 0 0 0 0 0 0 0 0 0 0 0 0 0 0 
0 0 0 0 0 0 0 0 0 0 0 0 0 0 0 0 3.21499e+11 7.27344e+12 6.72139e+13 3.70672e+14 1.43806e+15 4.266e+15 1.03235e+16 2.1172e+16 3.7968e+16 6.1099e+16 8.94768e+16 1.21461e+17 1.54177e+17 1.83614e+17 2.07547e+17 2.2338e+17 2.29277e+17 0 0 0 0 0 0 0 0 0 0 0 0 0 0 0 0 0 0 0 0 0 0 0 0 0 0 0 0 0 0 0 0 
0 0 0 0 0 0 0 0 0 0 0 0 0 0 0 0 2.94269e+10 1.61186e+12 2.23431e+13 1.6064e+14 7.57157e+14 2.64333e+15 7.24757e+15 1.65469e+16 3.24594e+16 5.62683e+16 8.76475e+16 1.24879e+17 1.64795e+17 2.02611e+17 2.33906e+17 2.54449e+17 2.6115e+17 0 0 0 0 0 0 0 0 0 0 0 0 0 0 0 0 0 0 0 0 0 0 0 0 0 0 0 0 0 0 0 0 
0 0 0 0 0 0 0 0 0 0 0 0 0 0 0 0 0 2.43927e+11 5.80207e+12 5.67806e+13 3.33639e+14 1.37242e+15 4.34055e+15 1.10778e+16 2.39035e+16 4.46594e+16 7.44175e+16 1.11667e+17 1.52967e+17 1.94616e+17 2.29045e+17 2.52222e+17 2.60868e+17 0 0 0 0 0 0 0 0 0 0 0 0 0 0 0 0 0 0 0 0 0 0 0 0 0 0 0 0 0 0 0 0 
0 0 0 0 0 0 0 0 0 0 0 0 0 0 0 0 0 2.00937e+10 1.12738e+12 1.63119e+13 1.22516e+14 6.06694e+14 2.21771e+15 6.38839e+15 1.51959e+16 3.08706e+16 5.47166e+16 8.67059e+16 1.2425e+17 1.62271e+17 1.96246e+17 2.19245e+17 2.27312e+17 0 0 0 0 0 0 0 0 0 0 0 0 0 0 0 0 0 0 0 0 0 0 0 0 0 0 0 0 0 0 0 0 
0 0 0 0 0 0 0 0 0 0 0 0 0 0 0 0 0 0 1.52117e+11 3.69282e+12 3.73301e+13 2.27321e+14 9.696e+14 3.17426e+15 8.33844e+15 1.84474e+16 3.52021e+16 5.89092e+16 8.84042e+16 1.19512e+17 1.4756e+17 1.67296e+17 1.74179e+17 0 0 0 0 0 0 0 0 0 0 0 0 0 0 0 0 0 0 0 0 0 0 0 0 0 0 0 0 0 0 0 0 
0 0 0 0 0 0 0 0 0 0 0 0 0 0 0 0 0 0 1.1572e+10 6.39983e+11 9.37825e+12 7.22413e+13 3.64567e+14 1.36252e+15 4.01278e+15 9.66812e+15 1.97424e+16 3.51285e+16 5.49767e+16 7.73262e+16 9.76958e+16 1.11811e+17 1.17458e+17 0 0 0 0 0 0 0 0 0 0 0 0 0 0 0 0 0 0 0 0 0 0 0 0 0 0 0 0 0 0 0 0 
0 0 0 0 0 0 0 0 0 0 0 0 0 0 0 0 0 0 0 7.8548e+10 1.88295e+12 1.92082e+13 1.18243e+14 5.07261e+14 1.6724e+15 4.42594e+15 9.77727e+15 1.83713e+16 3.02663e+16 4.39888e+16 5.69798e+16 6.66739e+16 6.99216e+16 0 0 0 0 0 0 0 0 0 0 0 0 0 0 0 0 0 0 0 0 0 0 0 0 0 0 0 0 0 0 0 0 
0 0 0 0 0 0 0 0 0 0 0 0 0 0 0 0 0 0 0 5.66148e+09 2.96259e+11 4.27418e+12 3.29409e+13 1.66153e+14 6.12713e+14 1.79424e+15 4.25503e+15 8.59417e+15 1.47761e+16 2.22506e+16 2.96888e+16 3.51e+16 3.70645e+16 0 0 0 0 0 0 0 0 0 0 0 0 0 0 0 0 0 0 0 0 0 0 0 0 0 0 0 0 0 0 0 0 
0 0 0 0 0 0 0 0 0 0 0 0 0 0 0 0 0 0 0 0 3.34516e+10 7.7673e+11 7.73386e+12 4.68245e+13 1.99438e+14 6.41128e+14 1.6634e+15 3.54854e+15 6.43769e+15 1.00507e+16 1.37034e+16 1.64949e+16 1.75122e+16 0 0 0 0 0 0 0 0 0 0 0 0 0 0 0 0 0 0 0 0 0 0 0 0 0 0 0 0 0 0 0 0 
0 0 0 0 0 0 0 0 0 0 0 0 0 0 0 0 0 0 0 0 2.41926e+09 1.12672e+11 1.55532e+12 1.16371e+13 5.6833e+13 2.04503e+14 5.76834e+14 1.31435e+15 2.51064e+15 4.08355e+15 5.7371e+15 6.99389e+15 7.46775e+15 0 0 0 0 0 0 0 0 0 0 0 0 0 0 0 0 0 0 0 0 0 0 0 0 0 0 0 0 0 0 0 0 
0 0 0 0 0 0 0 0 0 0 0 0 0 0 0 0 0 0 0 0 0 1.19884e+10 2.58026e+11 2.45643e+12 1.43601e+13 5.81737e+13 1.78922e+14 4.4129e+14 8.8735e+14 1.50524e+15 2.16158e+15 2.6736e+15 2.89172e+15 0 0 0 0 0 0 0 0 0 0 0 0 0 0 0 0 0 0 0 0 0 0 0 0 0 0 0 0 0 0 0 0 
0 0 0 0 0 0 0 0 0 0 0 0 0 0 0 0 0 0 0 0 0 9.24972e+08 3.56882e+10 4.53883e+11 3.20283e+12 1.4794e+13 5.04288e+13 1.33019e+14 2.8411e+14 5.00607e+14 7.42127e+14 9.35174e+14 1.01295e+15 0 0 0 0 0 0 0 0 0 0 0 0 0 0 0 0 0 0 0 0 0 0 0 0 0 0 0 0 0 0 0 0 
0 0 0 0 0 0 0 0 0 0 0 0 0 0 0 0 0 0 0 0 0 0 3.67222e+09 7.09878e+10 6.2023e+11 3.37551e+12 1.2826e+13 3.65986e+13 8.32028e+13 1.52289e+14 2.33492e+14 3.00739e+14 3.26498e+14 0 0 0 0 0 0 0 0 0 0 0 0 0 0 0 0 0 0 0 0 0 0 0 0 0 0 0 0 0 0 0 0 
0 0 0 0 0 0 0 0 0 0 0 0 0 0 0 0 0 0 0 0 0 0 3.2303e+08 9.47821e+09 1.07957e+11 6.89286e+11 2.93823e+12 9.2036e+12 2.20524e+13 4.28686e+13 6.73838e+13 8.82622e+13 9.59807e+13 0 0 0 0 0 0 0 0 0 0 0 0 0 0 0 0 0 0 0 0 0 0 0 0 0 0 0 0 0 0 0 0 
0 0 0 0 0 0 0 0 0 0 0 0 0 0 0 0 0 0 0 0 0 0 0 9.71732e+08 1.61853e+10 1.26751e+11 6.18636e+11 2.1248e+12 5.48631e+12 1.11495e+13 1.79552e+13 2.40546e+13 2.63416e+13 0 0 0 0 0 0 0 0 0 0 0 0 0 0 0 0 0 0 0 0 0 0 0 0 0 0 0 0 0 0 0 0 
0 0 0 0 0 0 0 0 0 0 0 0 0 0 0 0 0 0 0 0 0 0 0 1.04858e+08 2.19524e+09 2.09074e+10 1.18357e+11 4.50949e+11 1.25526e+12 2.64773e+12 4.48777e+12 6.06887e+12 6.80552e+12 0 0 0 0 0 0 0 0 0 0 0 0 0 0 0 0 0 0 0 0 0 0 0 0 0 0 0 0 0 0 0 0 
0 0 0 0 0 0 0 0 0 0 0 0 0 0 0 0 0 0 0 0 0 0 0 0 2.26737e+08 3.14948e+09 2.10293e+10 8.89451e+10 2.68e+11 6.06215e+11 1.05357e+12 1.45645e+12 1.62018e+12 0 0 0 0 0 0 0 0 0 0 0 0 0 0 0 0 0 0 0 0 0 0 0 0 0 0 0 0 0 0 0 0 
0 0 0 0 0 0 0 0 0 0 0 0 0 0 0 0 0 0 0 0 0 0 0 0 3.14262e+07 4.48599e+08 3.40243e+09 1.63752e+10 5.39408e+10 1.28225e+11 2.31274e+11 3.28212e+11 3.66738e+11 0 0 0 0 0 0 0 0 0 0 0 0 0 0 0 0 0 0 0 0 0 0 0 0 0 0 0 0 0 0 0 0 
0 0 0 0 0 0 0 0 0 0 0 0 0 0 0 0 0 0 0 0 0 0 0 0 0 4.605e+07 5.41279e+08 2.89297e+09 1.02514e+10 2.57919e+10 4.88104e+10 7.08108e+10 7.93556e+10 0 0 0 0 0 0 0 0 0 0 0 0 0 0 0 0 0 0 0 0 0 0 0 0 0 0 0 0 0 0 0 0 
0 0 0 0 0 0 0 0 0 0 0 0 0 0 0 0 0 0 0 0 0 0 0 0 0 8.63291e+06 8.1627e+07 4.74894e+08 1.89108e+09 5.08386e+09 9.95119e+09 1.46951e+10 1.67384e+10 0 0 0 0 0 0 0 0 0 0 0 0 0 0 0 0 0 0 0 0 0 0 0 0 0 0 0 0 0 0 0 0 
0 0 0 0 0 0 0 0 0 0 0 0 0 0 0 0 0 0 0 0 0 0 0 0 0 0 7.96791e+06 8.07297e+07 3.41104e+08 9.567e+08 1.96265e+09 2.94643e+09 3.45274e+09 0 0 0 0 0 0 0 0 0 0 0 0 0 0 0 0 0 0 0 0 0 0 0 0 0 0 0 0 0 0 0 0 
0 0 0 0 0 0 0 0 0 0 0 0 0 0 0 0 0 0 0 0 0 0 0 0 0 0 2.09379e+06 1.29761e+07 5.66876e+07 1.85395e+08 3.82947e+08 6.04152e+08 6.91943e+08 0 0 0 0 0 0 0 0 0 0 0 0 0 0 0 0 0 0 0 0 0 0 0 0 0 0 0 0 0 0 0 0 
0 0 0 0 0 0 0 0 0 0 0 0 0 0 0 0 0 0 0 0 0 0 0 0 0 0 0 1.10597e+06 1.0803e+07 3.27929e+07 7.34807e+07 1.19746e+08 1.35294e+08 0 0 0 0 0 0 0 0 0 0 0 0 0 0 0 0 0 0 0 0 0 0 0 0 0 0 0 0 0 0 0 0 
0 0 0 0 0 0 0 0 0 0 0 0 0 0 0 0 0 0 0 0 0 0 0 0 0 0 0 432196 1.72203e+06 5.63742e+06 1.50759e+07 2.23005e+07 2.83822e+07 0 0 0 0 0 0 0 0 0 0 0 0 0 0 0 0 0 0 0 0 0 0 0 0 0 0 0 0 0 0 0 0 
0 0 0 0 0 0 0 0 0 0 0 0 0 0 0 0 0 0 0 0 0 0 0 0 0 0 0 0 114885 1.25395e+06 2.40305e+06 4.67204e+06 5.24277e+06 0 0 0 0 0 0 0 0 0 0 0 0 0 0 0 0 0 0 0 0 0 0 0 0 0 0 0 0 0 0 0 0 
0 0 0 0 0 0 0 0 0 0 0 0 0 0 0 0 0 0 0 0 0 0 0 0 0 0 0 0 74006.9 173958 461718 955772 939295 0 0 0 0 0 0 0 0 0 0 0 0 0 0 0 0 0 0 0 0 0 0 0 0 0 0 0 0 0 0 0 0 
0 0 0 0 0 0 0 0 0 0 0 0 0 0 0 0 0 0 0 0 0 0 0 0 0 0 0 0 0 7820.2 117007 111465 239719 0 0 0 0 0 0 0 0 0 0 0 0 0 0 0 0 0 0 0 0 0 0 0 0 0 0 0 0 0 0 0 0 
0 0 0 0 0 0 0 0 0 0 0 0 0 0 0 0 0 0 0 0 0 0 0 0 0 0 0 0 0 9997.44 11632.9 32815.8 36746.5 0 0 0 0 0 0 0 0 0 0 0 0 0 0 0 0 0 0 0 0 0 0 0 0 0 0 0 0 0 0 0 0 
0 0 0 0 0 0 0 0 0 0 0 0 0 0 0 0 0 0 0 0 0 0 0 0 0 0 0 0 0 0 257.337 7645.8 2054.25 0 0 0 0 0 0 0 0 0 0 0 0 0 0 0 0 0 0 0 0 0 0 0 0 0 0 0 0 0 0 0 0 
0 0 0 0 0 0 0 0 0 0 0 0 0 0 0 0 0 0 0 0 0 0 0 0 0 0 0 0 0 0 994.656 386.465 1939.16 0 0 0 0 0 0 0 0 0 0 0 0 0 0 0 0 0 0 0 0 0 0 0 0 0 0 0 0 0 0 0 0 
0 0 0 0 0 0 0 0 0 0 0 0 0 0 0 0 0 0 0 0 0 0 0 0 0 0 0 0 0 0 0 0 254.359 0 0 0 0 0 0 0 0 0 0 0 0 0 0 0 0 0 0 0 0 0 0 0 0 0 0 0 0 0 0 0 0 
0 0 0 0 0 0 0 0 0 0 0 0 0 0 0 0 0 0 0 0 0 0 0 0 0 0 0 0 0 0 0 64.1721 0 0 0 0 0 0 0 0 0 0 0 0 0 0 0 0 0 0 0 0 0 0 0 0 0 0 0 0 0 0 0 0 0 
0 0 0 0 0 0 0 0 0 0 0 0 0 0 0 0 0 0 0 0 0 0 0 0 0 0 0 0 0 0 0 0 0 0 0 0 0 0 0 0 0 0 0 0 0 0 0 0 0 0 0 0 0 0 0 0 0 0 0 0 0 0 0 0 0 
0 0 0 0 0 0 0 0 0 0 0 0 0 0 0 0 0 0 0 0 0 0 0 0 0 0 0 0 0 0 0 0 2.00539 0 0 0 0 0 0 0 0 0 0 0 0 0 0 0 0 0 0 0 0 0 0 0 0 0 0 0 0 0 0 0 0 
