1 0 0 0 0 0 0 0 0 0 0 0 0 0 0 0 0 0 0 0 0 0 0 0 0 0 0 0 0 0 0 0 0 0 0 0 0 0 0 0 0 0 0 0 0 0 0 0 0 0 0 0 0 0 0 0 0 0 0 0 0 0 0 0 1 
0 0 0 0 0 0 0 0 0 0 0 0 0 0 0 0 0 0 0 0 0 0 0 0 0 0 0 0 0 0 0 0 0 0 0 0 0 0 0 0 0 0 0 0 0 0 0 0 0 0 0 0 0 0 0 0 0 0 0 0 0 0 0 0 0 
0 64 0 0 0 0 0 0 0 0 0 0 0 0 0 0 0 0 0 0 0 0 0 0 0 0 0 0 0 0 0 0 0 0 0 0 0 0 0 0 0 0 0 0 0 0 0 0 0 0 0 0 0 0 0 0 0 0 0 0 0 0 0 0 0 
0 0 128 0 0 0 0 0 0 0 0 0 0 0 0 0 0 0 0 0 0 0 0 0 0 0 0 0 0 0 0 0 0 0 0 0 0 0 0 0 0 0 0 0 0 0 0 0 0 0 0 0 0 0 0 0 0 0 0 0 0 0 0 0 0 
0 0 1888 384.949 64.4435 0 0 0 0 0 0 0 0 0 0 0 0 0 0 0 0 0 0 0 0 0 0 0 0 0 0 0 0 0 0 0 0 0 0 0 0 0 0 0 0 0 0 0 0 0 0 0 0 0 0 0 0 0 0 0 0 0 0 0 0 
0 0 0 7166.1 1156.35 505.733 130.598 0 0 0 0 0 0 0 0 0 0 0 0 0 0 0 0 0 0 0 0 0 0 0 0 0 0 0 0 0 0 0 0 0 0 0 0 0 0 0 0 0 0 0 0 0 0 0 0 0 0 0 0 0 0 0 0 0 0 
0 0 0 34112.9 27443.3 6901.62 2596.46 1431.08 398.72 60.0553 0 0 0 0 0 0 0 0 0 0 0 0 0 0 0 0 0 0 0 0 0 0 0 0 0 0 0 0 0 0 0 0 0 0 0 0 0 0 0 0 0 0 0 0 0 0 0 0 0 0 0 0 0 0 0 
0 0 0 0 183434 97487.3 43224.2 17228.3 8543.21 4503.98 1847.73 477.688 136.623 0 0 0 0 0 0 0 0 0 0 0 0 0 0 0 0 0 0 0 0 0 0 0 0 0 0 0 0 0 0 0 0 0 0 0 0 0 0 0 0 0 0 0 0 0 0 0 0 0 0 0 0 
0 0 0 0 423277 828979 413220 222318 120588 58422.4 33468.7 20259.4 10032.2 4361.59 1416.42 403.834 64.9873 0 0 0 0 0 0 0 15.482 0 0 0 0 0 0 0 14.7884 0 0 0 0 0 0 0 0 0 0 0 0 0 0 0 0 0 0 0 0 0 0 0 0 0 0 0 0 0 0 0 0 
0 0 0 0 0 2.86041e+06 3.32192e+06 2.00299e+06 1.14057e+06 724155 435765 255851 155440 95590.1 56933.2 29273.4 14270.4 5829.42 2286.82 777.147 295.357 206.773 234.228 226.502 0 273.961 273.897 250.678 248.935 265.004 250.754 251.029 0 0 0 0 0 0 0 0 0 0 0 0 0 0 0 0 0 0 0 0 0 0 0 0 0 0 0 0 0 0 0 0 0 
0 0 0 0 0 3.83023e+06 1.46062e+07 1.35599e+07 9.41664e+06 6.12589e+06 4.03846e+06 2.72001e+06 1.78999e+06 1.17287e+06 778004 525723 344006 213515 121948 71874.4 36214 19697.2 14601.2 10915.9 12358.2 10333.8 8832.33 9321.72 9342.32 9418.76 9303.75 9302.69 11204.7 0 0 0 0 0 0 0 0 0 0 0 0 0 0 0 0 0 0 0 0 0 0 0 0 0 0 0 0 0 0 0 0 
0 0 0 0 0 0 3.03405e+07 6.36228e+07 5.74833e+07 4.34487e+07 3.1423e+07 2.22946e+07 1.59019e+07 1.15381e+07 8.31779e+06 5.86243e+06 4.22178e+06 3.02262e+06 2.11932e+06 1.44316e+06 997179 705115 495884 376906 300932 247302 229047 220336 228926 222122 216132 216417 210235 0 0 0 0 0 0 0 0 0 0 0 0 0 0 0 0 0 0 0 0 0 0 0 0 0 0 0 0 0 0 0 0 
0 0 0 0 0 0 2.62466e+07 1.69524e+08 2.6281e+08 2.45322e+08 2.00722e+08 1.55748e+08 1.20696e+08 9.13e+07 6.9404e+07 5.27515e+07 4.0463e+07 3.06256e+07 2.37282e+07 1.77654e+07 1.35353e+07 1.05189e+07 8.23143e+06 6.77126e+06 5.47258e+06 4.64267e+06 3.98057e+06 3.71182e+06 3.44025e+06 3.21865e+06 3.24613e+06 3.17108e+06 3.12058e+06 0 0 0 0 0 0 0 0 0 0 0 0 0 0 0 0 0 0 0 0 0 0 0 0 0 0 0 0 0 0 0 0 
0 0 0 0 0 0 0 2.32651e+08 7.85292e+08 1.06944e+09 1.04082e+09 9.04053e+08 7.51676e+08 6.10444e+08 4.87353e+08 3.98893e+08 3.20488e+08 2.57419e+08 2.04841e+08 1.67164e+08 1.35168e+08 1.11112e+08 9.19466e+07 7.72583e+07 6.51086e+07 5.70366e+07 5.05914e+07 4.5968e+07 4.24332e+07 3.97392e+07 3.84349e+07 3.73629e+07 3.76093e+07 0 0 0 0 0 0 0 0 0 0 0 0 0 0 0 0 0 0 0 0 0 0 0 0 0 0 0 0 0 0 0 0 
0 0 0 0 0 0 0 1.39614e+08 1.38466e+09 3.29733e+09 4.28467e+09 4.35246e+09 3.98874e+09 3.49856e+09 3.01138e+09 2.53591e+09 2.14625e+09 1.81145e+09 1.52191e+09 1.26609e+09 1.07091e+09 9.27616e+08 7.90899e+08 6.88656e+08 6.04628e+08 5.25929e+08 4.8835e+08 4.35062e+08 4.15141e+08 3.95611e+08 3.8047e+08 3.6996e+08 3.69431e+08 0 0 0 0 0 0 0 0 0 0 0 0 0 0 0 0 0 0 0 0 0 0 0 0 0 0 0 0 0 0 0 0 
0 0 0 0 0 0 0 0 1.33935e+09 6.68023e+09 1.31388e+10 1.67983e+10 1.76737e+10 1.70873e+10 1.57139e+10 1.41362e+10 1.24639e+10 1.09538e+10 9.59663e+09 8.37032e+09 7.30054e+09 6.54202e+09 5.75882e+09 5.0994e+09 4.58452e+09 4.21055e+09 3.80518e+09 3.52907e+09 3.33261e+09 3.25808e+09 3.0989e+09 3.07317e+09 3.05975e+09 0 0 0 0 0 0 0 0 0 0 0 0 0 0 0 0 0 0 0 0 0 0 0 0 0 0 0 0 0 0 0 0 
0 0 0 0 0 0 0 0 5.85878e+08 8.30648e+09 2.83965e+10 5.03783e+10 6.46316e+10 7.0364e+10 7.08282e+10 6.83159e+10 6.33119e+10 5.83856e+10 5.30237e+10 4.82572e+10 4.42356e+10 3.95601e+10 3.61336e+10 3.30076e+10 3.04469e+10 2.81905e+10 2.6111e+10 2.4744e+10 2.36602e+10 2.26625e+10 2.19353e+10 2.17226e+10 2.14875e+10 0 0 0 0 0 0 0 0 0 0 0 0 0 0 0 0 0 0 0 0 0 0 0 0 0 0 0 0 0 0 0 0 
0 0 0 0 0 0 0 0 0 5.92753e+09 4.09331e+10 1.11381e+11 1.86987e+11 2.41681e+11 2.71501e+11 2.83818e+11 2.83798e+11 2.74509e+11 2.61567e+11 2.45739e+11 2.31521e+11 2.1588e+11 2.01144e+11 1.87901e+11 1.7568e+11 1.65852e+11 1.56342e+11 1.49541e+11 1.44728e+11 1.41155e+11 1.36171e+11 1.33809e+11 1.34004e+11 0 0 0 0 0 0 0 0 0 0 0 0 0 0 0 0 0 0 0 0 0 0 0 0 0 0 0 0 0 0 0 0 
0 0 0 0 0 0 0 0 0 1.96389e+09 3.76307e+10 1.74285e+11 4.10287e+11 6.67323e+11 8.75562e+11 1.01379e+12 1.09446e+12 1.12998e+12 1.12684e+12 1.11235e+12 1.07061e+12 1.03593e+12 9.97011e+11 9.4604e+11 9.11378e+11 8.79712e+11 8.43565e+11 8.15311e+11 7.92418e+11 7.64896e+11 7.50572e+11 7.44388e+11 7.41452e+11 0 0 0 0 0 0 0 0 0 0 0 0 0 0 0 0 0 0 0 0 0 0 0 0 0 0 0 0 0 0 0 0 
0 0 0 0 0 0 0 0 0 0 2.05116e+10 1.86617e+11 6.7126e+11 1.44229e+12 2.29731e+12 3.0489e+12 3.63397e+12 4.04738e+12 4.3017e+12 4.42884e+12 4.48503e+12 4.45236e+12 4.39941e+12 4.34973e+12 4.23269e+12 4.10797e+12 4.04487e+12 3.90074e+12 3.86255e+12 3.81161e+12 3.77246e+12 3.72749e+12 3.71515e+12 0 0 0 0 0 0 0 0 0 0 0 0 0 0 0 0 0 0 0 0 0 0 0 0 0 0 0 0 0 0 0 0 
0 0 0 0 0 0 0 0 0 0 5.30026e+09 1.31042e+11 7.86476e+11 2.38734e+12 4.84093e+12 7.64616e+12 1.02559e+13 1.24903e+13 1.42654e+13 1.5617e+13 1.64834e+13 1.7055e+13 1.74359e+13 1.75218e+13 1.76679e+13 1.76356e+13 1.73671e+13 1.723e+13 1.70351e+13 1.70223e+13 1.68997e+13 1.67713e+13 1.68333e+13 0 0 0 0 0 0 0 0 0 0 0 0 0 0 0 0 0 0 0 0 0 0 0 0 0 0 0 0 0 0 0 0 
0 0 0 0 0 0 0 0 0 0 0 5.60455e+10 6.43382e+11 2.9446e+12 7.94528e+12 1.54459e+13 2.43209e+13 3.31681e+13 4.13528e+13 4.82099e+13 5.38523e+13 5.81405e+13 6.17111e+13 6.41138e+13 6.56733e+13 6.68221e+13 6.74282e+13 6.7802e+13 6.86705e+13 6.81398e+13 6.81273e+13 6.82737e+13 6.83098e+13 0 0 0 0 0 0 0 0 0 0 0 0 0 0 0 0 0 0 0 0 0 0 0 0 0 0 0 0 0 0 0 0 
0 0 0 0 0 0 0 0 0 0 0 1.16097e+10 3.55549e+11 2.65077e+12 1.00311e+13 2.49088e+13 4.70796e+13 7.37448e+13 1.01994e+14 1.29093e+14 1.54316e+14 1.76221e+14 1.93307e+14 2.07942e+14 2.20011e+14 2.29385e+14 2.37262e+14 2.41676e+14 2.46407e+14 2.49488e+14 2.51884e+14 2.52832e+14 2.53885e+14 0 0 0 0 0 0 0 0 0 0 0 0 0 0 0 0 0 0 0 0 0 0 0 0 0 0 0 0 0 0 0 0 
0 0 0 0 0 0 0 0 0 0 0 0 1.22388e+11 1.70823e+12 9.56926e+12 3.15679e+13 7.35939e+13 1.36137e+14 2.12541e+14 2.98142e+14 3.82495e+14 4.64442e+14 5.39469e+14 6.05483e+14 6.62947e+14 7.0913e+14 7.44631e+14 7.81452e+14 8.02525e+14 8.22712e+14 8.3353e+14 8.43216e+14 8.42337e+14 0 0 0 0 0 0 0 0 0 0 0 0 0 0 0 0 0 0 0 0 0 0 0 0 0 0 0 0 0 0 0 0 
0 0 0 0 0 0 0 0 0 0 0 0 2.07011e+10 7.58447e+11 6.79156e+12 3.10095e+13 9.22219e+13 2.05134e+14 3.73429e+14 5.84521e+14 8.23503e+14 1.073e+15 1.32321e+15 1.55647e+15 1.7683e+15 1.96014e+15 2.12421e+15 2.24632e+15 2.35914e+15 2.43628e+15 2.49956e+15 2.54007e+15 2.5457e+15 0 0 0 0 0 0 0 0 0 0 0 0 0 0 0 0 0 0 0 0 0 0 0 0 0 0 0 0 0 0 0 0 
0 0 0 0 0 0 0 0 0 0 0 0 0 2.14307e+11 3.52115e+12 2.33599e+13 9.15009e+13 2.5148e+14 5.38375e+14 9.60384e+14 1.51018e+15 2.13666e+15 2.81152e+15 3.49841e+15 4.158e+15 4.79042e+15 5.33943e+15 5.81393e+15 6.18479e+15 6.51241e+15 6.74667e+15 6.86274e+15 6.90079e+15 0 0 0 0 0 0 0 0 0 0 0 0 0 0 0 0 0 0 0 0 0 0 0 0 0 0 0 0 0 0 0 0 
0 0 0 0 0 0 0 0 0 0 0 0 0 3.02098e+10 1.28418e+12 1.33538e+13 7.14708e+13 2.4809e+14 6.38566e+14 1.32595e+15 2.33114e+15 3.65304e+15 5.18391e+15 6.87571e+15 8.60028e+15 1.02761e+16 1.19106e+16 1.33442e+16 1.45813e+16 1.5531e+16 1.61987e+16 1.65933e+16 1.67994e+16 0 0 0 0 0 0 0 0 0 0 0 0 0 0 0 0 0 0 0 0 0 0 0 0 0 0 0 0 0 0 0 0 
0 0 0 0 0 0 0 0 0 0 0 0 0 0 3.01637e+11 5.68485e+12 4.32276e+13 1.95614e+14 6.1839e+14 1.50854e+15 3.04023e+15 5.27785e+15 8.23042e+15 1.1698e+16 1.55406e+16 1.95117e+16 2.3353e+16 2.69383e+16 3.02243e+16 3.27814e+16 3.46182e+16 3.58609e+16 3.62833e+16 0 0 0 0 0 0 0 0 0 0 0 0 0 0 0 0 0 0 0 0 0 0 0 0 0 0 0 0 0 0 0 0 
0 0 0 0 0 0 0 0 0 0 0 0 0 0 3.61554e+10 1.72929e+12 2.03301e+13 1.23386e+14 4.8743e+14 1.42405e+15 3.30877e+15 6.48671e+15 1.11157e+16 1.71428e+16 2.43111e+16 3.22393e+16 4.03326e+16 4.82944e+16 5.5109e+16 6.10896e+16 6.57613e+16 6.87547e+16 6.94298e+16 0 0 0 0 0 0 0 0 0 0 0 0 0 0 0 0 0 0 0 0 0 0 0 0 0 0 0 0 0 0 0 0 
0 0 0 0 0 0 0 0 0 0 0 0 0 0 0 3.45285e+11 7.22166e+12 6.1405e+13 3.11738e+14 1.10309e+15 3.00985e+15 6.70554e+15 1.27521e+16 2.14971e+16 3.28233e+16 4.60369e+16 6.05759e+16 7.51904e+16 8.91136e+16 1.00983e+17 1.103e+17 1.15772e+17 1.17808e+17 0 0 0 0 0 0 0 0 0 0 0 0 0 0 0 0 0 0 0 0 0 0 0 0 0 0 0 0 0 0 0 0 
0 0 0 0 0 0 0 0 0 0 0 0 0 0 0 3.57215e+10 1.86329e+12 2.40461e+13 1.61342e+14 7.06813e+14 2.28143e+15 5.83651e+15 1.24759e+16 2.30968e+16 3.80262e+16 5.70998e+16 7.89869e+16 1.02413e+17 1.25434e+17 1.45916e+17 1.61588e+17 1.71886e+17 1.75489e+17 0 0 0 0 0 0 0 0 0 0 0 0 0 0 0 0 0 0 0 0 0 0 0 0 0 0 0 0 0 0 0 0 
0 0 0 0 0 0 0 0 0 0 0 0 0 0 0 0 3.20696e+11 7.27987e+12 6.70918e+13 3.71143e+14 1.43744e+15 4.26959e+15 1.03195e+16 2.11311e+16 3.79447e+16 6.09311e+16 8.97067e+16 1.21427e+17 1.53873e+17 1.8378e+17 2.07696e+17 2.22917e+17 2.28509e+17 0 0 0 0 0 0 0 0 0 0 0 0 0 0 0 0 0 0 0 0 0 0 0 0 0 0 0 0 0 0 0 0 
0 0 0 0 0 0 0 0 0 0 0 0 0 0 0 0 2.91819e+10 1.60829e+12 2.2319e+13 1.6094e+14 7.58036e+14 2.64226e+15 7.26742e+15 1.65671e+16 3.24369e+16 5.63633e+16 8.75698e+16 1.25125e+17 1.64707e+17 2.02285e+17 2.33723e+17 2.54684e+17 2.61548e+17 0 0 0 0 0 0 0 0 0 0 0 0 0 0 0 0 0 0 0 0 0 0 0 0 0 0 0 0 0 0 0 0 
0 0 0 0 0 0 0 0 0 0 0 0 0 0 0 0 0 2.44051e+11 5.81147e+12 5.68305e+13 3.34499e+14 1.37162e+15 4.33505e+15 1.10969e+16 2.39609e+16 4.47062e+16 7.43394e+16 1.11378e+17 1.53089e+17 1.94017e+17 2.28854e+17 2.52243e+17 2.61041e+17 0 0 0 0 0 0 0 0 0 0 0 0 0 0 0 0 0 0 0 0 0 0 0 0 0 0 0 0 0 0 0 0 
0 0 0 0 0 0 0 0 0 0 0 0 0 0 0 0 0 1.99759e+10 1.12571e+12 1.62854e+13 1.22732e+14 6.09443e+14 2.21878e+15 6.39079e+15 1.51744e+16 3.08039e+16 5.48335e+16 8.67675e+16 1.24318e+17 1.63143e+17 1.96709e+17 2.19397e+17 2.27044e+17 0 0 0 0 0 0 0 0 0 0 0 0 0 0 0 0 0 0 0 0 0 0 0 0 0 0 0 0 0 0 0 0 
0 0 0 0 0 0 0 0 0 0 0 0 0 0 0 0 0 0 1.52261e+11 3.70304e+12 3.73384e+13 2.27498e+14 9.69612e+14 3.16983e+15 8.36862e+15 1.8474e+16 3.51023e+16 5.90406e+16 8.83574e+16 1.19489e+17 1.47552e+17 1.67376e+17 1.74247e+17 0 0 0 0 0 0 0 0 0 0 0 0 0 0 0 0 0 0 0 0 0 0 0 0 0 0 0 0 0 0 0 0 
0 0 0 0 0 0 0 0 0 0 0 0 0 0 0 0 0 0 1.14956e+10 6.38813e+11 9.3737e+12 7.22451e+13 3.65848e+14 1.36368e+15 4.00176e+15 9.66973e+15 1.97739e+16 3.51098e+16 5.50547e+16 7.71393e+16 9.74243e+16 1.11892e+17 1.17477e+17 0 0 0 0 0 0 0 0 0 0 0 0 0 0 0 0 0 0 0 0 0 0 0 0 0 0 0 0 0 0 0 0 
0 0 0 0 0 0 0 0 0 0 0 0 0 0 0 0 0 0 0 7.81314e+10 1.8921e+12 1.9229e+13 1.18623e+14 5.07897e+14 1.67131e+15 4.42834e+15 9.79166e+15 1.83893e+16 3.02283e+16 4.39188e+16 5.71181e+16 6.65249e+16 6.98875e+16 0 0 0 0 0 0 0 0 0 0 0 0 0 0 0 0 0 0 0 0 0 0 0 0 0 0 0 0 0 0 0 0 
0 0 0 0 0 0 0 0 0 0 0 0 0 0 0 0 0 0 0 5.63866e+09 2.96475e+11 4.2805e+12 3.27151e+13 1.66706e+14 6.16523e+14 1.79439e+15 4.26015e+15 8.54967e+15 1.47678e+16 2.22463e+16 2.95927e+16 3.50194e+16 3.703e+16 0 0 0 0 0 0 0 0 0 0 0 0 0 0 0 0 0 0 0 0 0 0 0 0 0 0 0 0 0 0 0 0 
0 0 0 0 0 0 0 0 0 0 0 0 0 0 0 0 0 0 0 0 3.3295e+10 7.78552e+11 7.73233e+12 4.69942e+13 1.994e+14 6.42775e+14 1.66263e+15 3.55233e+15 6.42669e+15 1.00864e+16 1.37652e+16 1.65259e+16 1.75433e+16 0 0 0 0 0 0 0 0 0 0 0 0 0 0 0 0 0 0 0 0 0 0 0 0 0 0 0 0 0 0 0 0 
0 0 0 0 0 0 0 0 0 0 0 0 0 0 0 0 0 0 0 0 2.38459e+09 1.12932e+11 1.55736e+12 1.15503e+13 5.6958e+13 2.05113e+14 5.77179e+14 1.32058e+15 2.51703e+15 4.08781e+15 5.72786e+15 7.00239e+15 7.49609e+15 0 0 0 0 0 0 0 0 0 0 0 0 0 0 0 0 0 0 0 0 0 0 0 0 0 0 0 0 0 0 0 0 
0 0 0 0 0 0 0 0 0 0 0 0 0 0 0 0 0 0 0 0 0 1.19437e+10 2.6152e+11 2.45676e+12 1.43133e+13 5.82827e+13 1.79043e+14 4.41022e+14 8.8822e+14 1.50235e+15 2.16867e+15 2.69536e+15 2.88479e+15 0 0 0 0 0 0 0 0 0 0 0 0 0 0 0 0 0 0 0 0 0 0 0 0 0 0 0 0 0 0 0 0 
0 0 0 0 0 0 0 0 0 0 0 0 0 0 0 0 0 0 0 0 0 9.16301e+08 3.56784e+10 4.55781e+11 3.19008e+12 1.48068e+13 5.06066e+13 1.32807e+14 2.85086e+14 5.01759e+14 7.43865e+14 9.37824e+14 1.01574e+15 0 0 0 0 0 0 0 0 0 0 0 0 0 0 0 0 0 0 0 0 0 0 0 0 0 0 0 0 0 0 0 0 
0 0 0 0 0 0 0 0 0 0 0 0 0 0 0 0 0 0 0 0 0 0 3.63756e+09 7.17971e+10 6.21727e+11 3.38604e+12 1.27779e+13 3.67676e+13 8.30386e+13 1.52988e+14 2.3408e+14 3.01601e+14 3.26375e+14 0 0 0 0 0 0 0 0 0 0 0 0 0 0 0 0 0 0 0 0 0 0 0 0 0 0 0 0 0 0 0 0 
0 0 0 0 0 0 0 0 0 0 0 0 0 0 0 0 0 0 0 0 0 0 3.18245e+08 9.51163e+09 1.07828e+11 6.88651e+11 2.93755e+12 9.20224e+12 2.21159e+13 4.27666e+13 6.76604e+13 8.82625e+13 9.63342e+13 0 0 0 0 0 0 0 0 0 0 0 0 0 0 0 0 0 0 0 0 0 0 0 0 0 0 0 0 0 0 0 0 
0 0 0 0 0 0 0 0 0 0 0 0 0 0 0 0 0 0 0 0 0 0 0 9.66102e+08 1.63943e+10 1.26587e+11 6.15005e+11 2.10906e+12 5.4503e+12 1.10683e+13 1.80419e+13 2.40427e+13 2.64283e+13 0 0 0 0 0 0 0 0 0 0 0 0 0 0 0 0 0 0 0 0 0 0 0 0 0 0 0 0 0 0 0 0 
0 0 0 0 0 0 0 0 0 0 0 0 0 0 0 0 0 0 0 0 0 0 0 1.0254e+08 2.18938e+09 2.09194e+10 1.18172e+11 4.48473e+11 1.25519e+12 2.66824e+12 4.47541e+12 6.09895e+12 6.76593e+12 0 0 0 0 0 0 0 0 0 0 0 0 0 0 0 0 0 0 0 0 0 0 0 0 0 0 0 0 0 0 0 0 
0 0 0 0 0 0 0 0 0 0 0 0 0 0 0 0 0 0 0 0 0 0 0 0 2.24072e+08 3.19727e+09 2.0885e+10 8.81657e+10 2.64923e+11 6.01612e+11 1.04325e+12 1.45258e+12 1.62115e+12 0 0 0 0 0 0 0 0 0 0 0 0 0 0 0 0 0 0 0 0 0 0 0 0 0 0 0 0 0 0 0 0 
0 0 0 0 0 0 0 0 0 0 0 0 0 0 0 0 0 0 0 0 0 0 0 0 3.08555e+07 4.47438e+08 3.41933e+09 1.6605e+10 5.38399e+10 1.27109e+11 2.32848e+11 3.25512e+11 3.69536e+11 0 0 0 0 0 0 0 0 0 0 0 0 0 0 0 0 0 0 0 0 0 0 0 0 0 0 0 0 0 0 0 0 
0 0 0 0 0 0 0 0 0 0 0 0 0 0 0 0 0 0 0 0 0 0 0 0 0 4.54953e+07 5.38258e+08 2.87412e+09 1.02129e+10 2.58041e+10 4.82266e+10 7.02341e+10 7.93277e+10 0 0 0 0 0 0 0 0 0 0 0 0 0 0 0 0 0 0 0 0 0 0 0 0 0 0 0 0 0 0 0 0 
0 0 0 0 0 0 0 0 0 0 0 0 0 0 0 0 0 0 0 0 0 0 0 0 0 8.4843e+06 8.12298e+07 4.75046e+08 1.89122e+09 5.03559e+09 9.84869e+09 1.46373e+10 1.6751e+10 0 0 0 0 0 0 0 0 0 0 0 0 0 0 0 0 0 0 0 0 0 0 0 0 0 0 0 0 0 0 0 0 
0 0 0 0 0 0 0 0 0 0 0 0 0 0 0 0 0 0 0 0 0 0 0 0 0 0 7.81215e+06 8.07939e+07 3.41052e+08 9.57422e+08 1.96874e+09 2.95288e+09 3.39823e+09 0 0 0 0 0 0 0 0 0 0 0 0 0 0 0 0 0 0 0 0 0 0 0 0 0 0 0 0 0 0 0 0 
0 0 0 0 0 0 0 0 0 0 0 0 0 0 0 0 0 0 0 0 0 0 0 0 0 0 2.04865e+06 1.28871e+07 5.63115e+07 1.84466e+08 3.80978e+08 5.95338e+08 6.8501e+08 0 0 0 0 0 0 0 0 0 0 0 0 0 0 0 0 0 0 0 0 0 0 0 0 0 0 0 0 0 0 0 0 
0 0 0 0 0 0 0 0 0 0 0 0 0 0 0 0 0 0 0 0 0 0 0 0 0 0 0 1.08102e+06 1.08599e+07 3.32264e+07 7.46464e+07 1.19243e+08 1.35834e+08 0 0 0 0 0 0 0 0 0 0 0 0 0 0 0 0 0 0 0 0 0 0 0 0 0 0 0 0 0 0 0 0 
0 0 0 0 0 0 0 0 0 0 0 0 0 0 0 0 0 0 0 0 0 0 0 0 0 0 0 425213 1.68517e+06 5.56302e+06 1.51727e+07 2.19838e+07 2.79326e+07 0 0 0 0 0 0 0 0 0 0 0 0 0 0 0 0 0 0 0 0 0 0 0 0 0 0 0 0 0 0 0 0 
0 0 0 0 0 0 0 0 0 0 0 0 0 0 0 0 0 0 0 0 0 0 0 0 0 0 0 0 112586 1.25044e+06 2.42492e+06 4.76298e+06 5.17199e+06 0 0 0 0 0 0 0 0 0 0 0 0 0 0 0 0 0 0 0 0 0 0 0 0 0 0 0 0 0 0 0 0 
0 0 0 0 0 0 0 0 0 0 0 0 0 0 0 0 0 0 0 0 0 0 0 0 0 0 0 0 72439 169436 458620 971019 944758 0 0 0 0 0 0 0 0 0 0 0 0 0 0 0 0 0 0 0 0 0 0 0 0 0 0 0 0 0 0 0 0 
0 0 0 0 0 0 0 0 0 0 0 0 0 0 0 0 0 0 0 0 0 0 0 0 0 0 0 0 0 7689.75 116370 112856 239758 0 0 0 0 0 0 0 0 0 0 0 0 0 0 0 0 0 0 0 0 0 0 0 0 0 0 0 0 0 0 0 0 
0 0 0 0 0 0 0 0 0 0 0 0 0 0 0 0 0 0 0 0 0 0 0 0 0 0 0 0 0 9814.16 11402.7 32046.8 37485.7 0 0 0 0 0 0 0 0 0 0 0 0 0 0 0 0 0 0 0 0 0 0 0 0 0 0 0 0 0 0 0 0 
0 0 0 0 0 0 0 0 0 0 0 0 0 0 0 0 0 0 0 0 0 0 0 0 0 0 0 0 0 0 258.565 7621.49 2076.19 0 0 0 0 0 0 0 0 0 0 0 0 0 0 0 0 0 0 0 0 0 0 0 0 0 0 0 0 0 0 0 0 
0 0 0 0 0 0 0 0 0 0 0 0 0 0 0 0 0 0 0 0 0 0 0 0 0 0 0 0 0 0 972.394 379.888 1893.1 0 0 0 0 0 0 0 0 0 0 0 0 0 0 0 0 0 0 0 0 0 0 0 0 0 0 0 0 0 0 0 0 
0 0 0 0 0 0 0 0 0 0 0 0 0 0 0 0 0 0 0 0 0 0 0 0 0 0 0 0 0 0 0 0 254.148 0 0 0 0 0 0 0 0 0 0 0 0 0 0 0 0 0 0 0 0 0 0 0 0 0 0 0 0 0 0 0 0 
0 0 0 0 0 0 0 0 0 0 0 0 0 0 0 0 0 0 0 0 0 0 0 0 0 0 0 0 0 0 0 62.7351 0 0 0 0 0 0 0 0 0 0 0 0 0 0 0 0 0 0 0 0 0 0 0 0 0 0 0 0 0 0 0 0 0 
0 0 0 0 0 0 0 0 0 0 0 0 0 0 0 0 0 0 0 0 0 0 0 0 0 0 0 0 0 0 0 0 0 0 0 0 0 0 0 0 0 0 0 0 0 0 0 0 0 0 0 0 0 0 0 0 0 0 0 0 0 0 0 0 0 
0 0 0 0 0 0 0 0 0 0 0 0 0 0 0 0 0 0 0 0 0 0 0 0 0 0 0 0 0 0 0 0 1.96047 0 0 0 0 0 0 0 0 0 0 0 0 0 0 0 0 0 0 0 0 0 0 0 0 0 0 0 0 0 0 0 0 
