1 0 0 0 0 0 0 0 0 0 0 0 0 0 0 0 0 0 0 0 0 0 0 0 0 0 0 0 0 0 0 0 0 0 0 0 0 0 0 0 0 0 0 0 0 0 0 0 0 0 0 0 0 0 0 0 0 0 0 0 0 0 0 0 1 
0 0 0 0 0 0 0 0 0 0 0 0 0 0 0 0 0 0 0 0 0 0 0 0 0 0 0 0 0 0 0 0 0 0 0 0 0 0 0 0 0 0 0 0 0 0 0 0 0 0 0 0 0 0 0 0 0 0 0 0 0 0 0 0 0 
0 64 0 0 0 0 0 0 0 0 0 0 0 0 0 0 0 0 0 0 0 0 0 0 0 0 0 0 0 0 0 0 0 0 0 0 0 0 0 0 0 0 0 0 0 0 0 0 0 0 0 0 0 0 0 0 0 0 0 0 0 0 0 0 0 
0 0 128 0 0 0 0 0 0 0 0 0 0 0 0 0 0 0 0 0 0 0 0 0 0 0 0 0 0 0 0 0 0 0 0 0 0 0 0 0 0 0 0 0 0 0 0 0 0 0 0 0 0 0 0 0 0 0 0 0 0 0 0 0 0 
0 0 1888 386.472 64.3894 0 0 0 0 0 0 0 0 0 0 0 0 0 0 0 0 0 0 0 0 0 0 0 0 0 0 0 0 0 0 0 0 0 0 0 0 0 0 0 0 0 0 0 0 0 0 0 0 0 0 0 0 0 0 0 0 0 0 0 0 
0 0 0 7163.06 1153.8 510.802 124.112 0 0 0 0 0 0 0 0 0 0 0 0 0 0 0 0 0 0 0 0 0 0 0 0 0 0 0 0 0 0 0 0 0 0 0 0 0 0 0 0 0 0 0 0 0 0 0 0 0 0 0 0 0 0 0 0 0 0 
0 0 0 34114.5 27164.1 6845.1 2571.75 1444.82 382.942 62.562 0 0 0 0 0 0 0 0 0 0 0 0 0 0 0 0 0 0 0 0 0 0 0 0 0 0 0 0 0 0 0 0 0 0 0 0 0 0 0 0 0 0 0 0 0 0 0 0 0 0 0 0 0 0 0 
0 0 0 0 184001 97718.4 43187.6 17159.3 8585.54 4700.2 1961.32 541.688 137.807 0 0 0 0 0 0 0 0 0 0 0 0 0 0 0 0 0 0 0 0 0 0 0 0 0 0 0 0 0 0 0 0 0 0 0 0 0 0 0 0 0 0 0 0 0 0 0 0 0 0 0 0 
0 0 0 0 422993 825983 412409 223693 122641 58832.7 33736.4 19784 9679.44 4493.33 1382.31 375.667 76.0611 0 0 0 0 0 0 0 15.8383 0 0 0 0 0 0 0 14.7657 0 0 0 0 0 0 0 0 0 0 0 0 0 0 0 0 0 0 0 0 0 0 0 0 0 0 0 0 0 0 0 0 
0 0 0 0 0 2.8659e+06 3.33125e+06 1.97114e+06 1.1392e+06 724805 428340 252062 153139 95475.5 57231.4 30627.4 13834.2 6188.93 2211.51 750.735 315.915 276.698 258.353 233.646 0 298.388 256.272 244.536 250.333 261.548 243.402 245.686 0 0 0 0 0 0 0 0 0 0 0 0 0 0 0 0 0 0 0 0 0 0 0 0 0 0 0 0 0 0 0 0 0 
0 0 0 0 0 3.82755e+06 1.45736e+07 1.35828e+07 9.44824e+06 6.10456e+06 4.03372e+06 2.69515e+06 1.81031e+06 1.16316e+06 788009 507715 329029 204155 120811 69147.7 38155.4 22466.4 12968.7 11361.4 11973.1 9508.58 9113.61 9367.23 9096.64 9361.33 9364.89 9661.43 11716.8 0 0 0 0 0 0 0 0 0 0 0 0 0 0 0 0 0 0 0 0 0 0 0 0 0 0 0 0 0 0 0 0 
0 0 0 0 0 0 3.03812e+07 6.36383e+07 5.74752e+07 4.35492e+07 3.14116e+07 2.24239e+07 1.59702e+07 1.16335e+07 8.35474e+06 5.96259e+06 4.24806e+06 3.0352e+06 2.10308e+06 1.48682e+06 1.03986e+06 731828 510653 369740 289576 247396 227624 215153 217965 219709 214607 220076 209088 0 0 0 0 0 0 0 0 0 0 0 0 0 0 0 0 0 0 0 0 0 0 0 0 0 0 0 0 0 0 0 0 
0 0 0 0 0 0 2.62299e+07 1.69369e+08 2.63065e+08 2.46623e+08 1.99716e+08 1.57304e+08 1.2029e+08 9.22437e+07 6.97555e+07 5.25663e+07 4.02012e+07 3.11659e+07 2.34935e+07 1.8434e+07 1.42882e+07 1.08463e+07 8.45744e+06 6.89473e+06 5.52184e+06 4.58245e+06 4.00924e+06 3.6497e+06 3.44403e+06 3.26042e+06 3.33884e+06 3.18212e+06 3.25533e+06 0 0 0 0 0 0 0 0 0 0 0 0 0 0 0 0 0 0 0 0 0 0 0 0 0 0 0 0 0 0 0 0 
0 0 0 0 0 0 0 2.32975e+08 7.83836e+08 1.067e+09 1.04522e+09 9.04458e+08 7.55157e+08 6.06812e+08 4.936e+08 3.99154e+08 3.21078e+08 2.56739e+08 2.09002e+08 1.67232e+08 1.37867e+08 1.12012e+08 9.15222e+07 7.72124e+07 6.58834e+07 5.75735e+07 4.98204e+07 4.68132e+07 4.2794e+07 4.09794e+07 3.9345e+07 3.72971e+07 3.76378e+07 0 0 0 0 0 0 0 0 0 0 0 0 0 0 0 0 0 0 0 0 0 0 0 0 0 0 0 0 0 0 0 0 
0 0 0 0 0 0 0 1.39438e+08 1.38621e+09 3.29897e+09 4.2839e+09 4.35961e+09 3.98344e+09 3.5179e+09 3.00098e+09 2.55486e+09 2.146e+09 1.81206e+09 1.52053e+09 1.28802e+09 1.08626e+09 9.18646e+08 7.93971e+08 6.98893e+08 6.2096e+08 5.35694e+08 4.88365e+08 4.49102e+08 4.11961e+08 3.98006e+08 3.85698e+08 3.69503e+08 3.70042e+08 0 0 0 0 0 0 0 0 0 0 0 0 0 0 0 0 0 0 0 0 0 0 0 0 0 0 0 0 0 0 0 0 
0 0 0 0 0 0 0 0 1.33944e+09 6.67142e+09 1.31153e+10 1.68166e+10 1.77849e+10 1.70724e+10 1.57746e+10 1.40588e+10 1.24565e+10 1.10025e+10 9.60577e+09 8.3894e+09 7.36776e+09 6.52696e+09 5.76023e+09 5.17202e+09 4.57608e+09 4.1694e+09 3.91234e+09 3.59516e+09 3.38077e+09 3.22951e+09 3.08356e+09 3.02177e+09 2.9886e+09 0 0 0 0 0 0 0 0 0 0 0 0 0 0 0 0 0 0 0 0 0 0 0 0 0 0 0 0 0 0 0 0 
0 0 0 0 0 0 0 0 5.85413e+08 8.31928e+09 2.83938e+10 5.02806e+10 6.46502e+10 7.05631e+10 7.10529e+10 6.83964e+10 6.38358e+10 5.83505e+10 5.33037e+10 4.81394e+10 4.40294e+10 4.00916e+10 3.63639e+10 3.32181e+10 3.06119e+10 2.81056e+10 2.60441e+10 2.45695e+10 2.35709e+10 2.25694e+10 2.17865e+10 2.12892e+10 2.13418e+10 0 0 0 0 0 0 0 0 0 0 0 0 0 0 0 0 0 0 0 0 0 0 0 0 0 0 0 0 0 0 0 0 
0 0 0 0 0 0 0 0 0 5.92562e+09 4.09796e+10 1.11544e+11 1.86101e+11 2.41709e+11 2.73473e+11 2.85919e+11 2.84211e+11 2.75464e+11 2.60891e+11 2.45031e+11 2.31115e+11 2.16847e+11 1.9991e+11 1.87588e+11 1.75791e+11 1.66162e+11 1.57349e+11 1.49545e+11 1.43437e+11 1.38557e+11 1.36161e+11 1.3312e+11 1.32398e+11 0 0 0 0 0 0 0 0 0 0 0 0 0 0 0 0 0 0 0 0 0 0 0 0 0 0 0 0 0 0 0 0 
0 0 0 0 0 0 0 0 0 1.96122e+09 3.76017e+10 1.74079e+11 4.11157e+11 6.65154e+11 8.72023e+11 1.01362e+12 1.10027e+12 1.1291e+12 1.12621e+12 1.11356e+12 1.07803e+12 1.04038e+12 9.91986e+11 9.52996e+11 9.10378e+11 8.71992e+11 8.34765e+11 8.02619e+11 7.8276e+11 7.69044e+11 7.47985e+11 7.43533e+11 7.40594e+11 0 0 0 0 0 0 0 0 0 0 0 0 0 0 0 0 0 0 0 0 0 0 0 0 0 0 0 0 0 0 0 0 
0 0 0 0 0 0 0 0 0 0 2.0541e+10 1.86825e+11 6.71251e+11 1.44462e+12 2.29417e+12 3.05005e+12 3.63275e+12 4.05566e+12 4.31482e+12 4.43149e+12 4.49159e+12 4.46827e+12 4.41159e+12 4.31753e+12 4.20902e+12 4.09675e+12 3.97006e+12 3.92006e+12 3.83714e+12 3.77313e+12 3.77073e+12 3.73141e+12 3.69849e+12 0 0 0 0 0 0 0 0 0 0 0 0 0 0 0 0 0 0 0 0 0 0 0 0 0 0 0 0 0 0 0 0 
0 0 0 0 0 0 0 0 0 0 5.27712e+09 1.30853e+11 7.86323e+11 2.38711e+12 4.83767e+12 7.62263e+12 1.02922e+13 1.25434e+13 1.43031e+13 1.56893e+13 1.64943e+13 1.71009e+13 1.74563e+13 1.75507e+13 1.76304e+13 1.74725e+13 1.73541e+13 1.70795e+13 1.71086e+13 1.68695e+13 1.68273e+13 1.67613e+13 1.66652e+13 0 0 0 0 0 0 0 0 0 0 0 0 0 0 0 0 0 0 0 0 0 0 0 0 0 0 0 0 0 0 0 0 
0 0 0 0 0 0 0 0 0 0 0 5.61948e+10 6.43891e+11 2.94531e+12 7.95032e+12 1.54281e+13 2.4194e+13 3.31116e+13 4.12762e+13 4.81663e+13 5.36505e+13 5.80321e+13 6.14942e+13 6.40384e+13 6.54117e+13 6.65865e+13 6.74951e+13 6.78957e+13 6.78649e+13 6.85368e+13 6.85145e+13 6.88211e+13 6.85936e+13 0 0 0 0 0 0 0 0 0 0 0 0 0 0 0 0 0 0 0 0 0 0 0 0 0 0 0 0 0 0 0 0 
0 0 0 0 0 0 0 0 0 0 0 1.1556e+10 3.54883e+11 2.64966e+12 1.00382e+13 2.49613e+13 4.69531e+13 7.35804e+13 1.01879e+14 1.29013e+14 1.53928e+14 1.75911e+14 1.93084e+14 2.08003e+14 2.20403e+14 2.29821e+14 2.36847e+14 2.41781e+14 2.46525e+14 2.49931e+14 2.52074e+14 2.52022e+14 2.53605e+14 0 0 0 0 0 0 0 0 0 0 0 0 0 0 0 0 0 0 0 0 0 0 0 0 0 0 0 0 0 0 0 0 
0 0 0 0 0 0 0 0 0 0 0 0 1.227e+11 1.7087e+12 9.56859e+12 3.15838e+13 7.37945e+13 1.35977e+14 2.12887e+14 2.96989e+14 3.83494e+14 4.64938e+14 5.41445e+14 6.06356e+14 6.62309e+14 7.09116e+14 7.45127e+14 7.80825e+14 8.07331e+14 8.2376e+14 8.37594e+14 8.43338e+14 8.41447e+14 0 0 0 0 0 0 0 0 0 0 0 0 0 0 0 0 0 0 0 0 0 0 0 0 0 0 0 0 0 0 0 0 
0 0 0 0 0 0 0 0 0 0 0 0 2.05966e+10 7.58184e+11 6.79124e+12 3.09791e+13 9.24329e+13 2.05428e+14 3.72296e+14 5.85328e+14 8.23822e+14 1.0757e+15 1.32197e+15 1.55604e+15 1.76788e+15 1.95884e+15 2.1214e+15 2.25283e+15 2.35565e+15 2.44488e+15 2.49926e+15 2.54195e+15 2.55383e+15 0 0 0 0 0 0 0 0 0 0 0 0 0 0 0 0 0 0 0 0 0 0 0 0 0 0 0 0 0 0 0 0 
0 0 0 0 0 0 0 0 0 0 0 0 0 2.14425e+11 3.52003e+12 2.33429e+13 9.14284e+13 2.51815e+14 5.39555e+14 9.61983e+14 1.50699e+15 2.13567e+15 2.81395e+15 3.49201e+15 4.1644e+15 4.78472e+15 5.34707e+15 5.80535e+15 6.21099e+15 6.5208e+15 6.74603e+15 6.83681e+15 6.90852e+15 0 0 0 0 0 0 0 0 0 0 0 0 0 0 0 0 0 0 0 0 0 0 0 0 0 0 0 0 0 0 0 0 
0 0 0 0 0 0 0 0 0 0 0 0 0 3.0118e+10 1.28074e+12 1.33944e+13 7.12356e+13 2.48013e+14 6.38266e+14 1.32351e+15 2.33103e+15 3.64123e+15 5.17882e+15 6.90153e+15 8.62041e+15 1.03164e+16 1.18901e+16 1.33513e+16 1.45036e+16 1.55163e+16 1.61647e+16 1.66476e+16 1.67987e+16 0 0 0 0 0 0 0 0 0 0 0 0 0 0 0 0 0 0 0 0 0 0 0 0 0 0 0 0 0 0 0 0 
0 0 0 0 0 0 0 0 0 0 0 0 0 0 3.02744e+11 5.66257e+12 4.33429e+13 1.95369e+14 6.18914e+14 1.51089e+15 3.04184e+15 5.29147e+15 8.21213e+15 1.16641e+16 1.55512e+16 1.94842e+16 2.33672e+16 2.6932e+16 3.02619e+16 3.27083e+16 3.4802e+16 3.5965e+16 3.62494e+16 0 0 0 0 0 0 0 0 0 0 0 0 0 0 0 0 0 0 0 0 0 0 0 0 0 0 0 0 0 0 0 0 
0 0 0 0 0 0 0 0 0 0 0 0 0 0 3.60646e+10 1.72793e+12 2.03472e+13 1.23249e+14 4.8732e+14 1.42264e+15 3.31378e+15 6.47656e+15 1.11186e+16 1.7122e+16 2.41818e+16 3.21172e+16 4.03304e+16 4.8119e+16 5.52206e+16 6.13963e+16 6.58065e+16 6.86813e+16 6.96848e+16 0 0 0 0 0 0 0 0 0 0 0 0 0 0 0 0 0 0 0 0 0 0 0 0 0 0 0 0 0 0 0 0 
0 0 0 0 0 0 0 0 0 0 0 0 0 0 0 3.45546e+11 7.19719e+12 6.15629e+13 3.11241e+14 1.1045e+15 3.00807e+15 6.72121e+15 1.27853e+16 2.15046e+16 3.28496e+16 4.60668e+16 6.04569e+16 7.52922e+16 8.89659e+16 1.0086e+17 1.09882e+17 1.15633e+17 1.1752e+17 0 0 0 0 0 0 0 0 0 0 0 0 0 0 0 0 0 0 0 0 0 0 0 0 0 0 0 0 0 0 0 0 
0 0 0 0 0 0 0 0 0 0 0 0 0 0 0 3.56912e+10 1.86173e+12 2.40789e+13 1.61355e+14 7.05115e+14 2.27741e+15 5.82568e+15 1.2483e+16 2.31359e+16 3.80492e+16 5.71819e+16 7.9139e+16 1.02605e+17 1.25396e+17 1.45478e+17 1.61514e+17 1.71281e+17 1.75468e+17 0 0 0 0 0 0 0 0 0 0 0 0 0 0 0 0 0 0 0 0 0 0 0 0 0 0 0 0 0 0 0 0 
0 0 0 0 0 0 0 0 0 0 0 0 0 0 0 0 3.21948e+11 7.2321e+12 6.72278e+13 3.7184e+14 1.43915e+15 4.27353e+15 1.03073e+16 2.11676e+16 3.80391e+16 6.10382e+16 8.95937e+16 1.21303e+17 1.54182e+17 1.83878e+17 2.07903e+17 2.24219e+17 2.28741e+17 0 0 0 0 0 0 0 0 0 0 0 0 0 0 0 0 0 0 0 0 0 0 0 0 0 0 0 0 0 0 0 0 
0 0 0 0 0 0 0 0 0 0 0 0 0 0 0 0 2.91801e+10 1.61348e+12 2.23247e+13 1.60886e+14 7.58709e+14 2.63597e+15 7.24838e+15 1.65274e+16 3.24628e+16 5.6253e+16 8.77294e+16 1.24937e+17 1.64334e+17 2.02504e+17 2.3365e+17 2.53807e+17 2.61188e+17 0 0 0 0 0 0 0 0 0 0 0 0 0 0 0 0 0 0 0 0 0 0 0 0 0 0 0 0 0 0 0 0 
0 0 0 0 0 0 0 0 0 0 0 0 0 0 0 0 0 2.4445e+11 5.78533e+12 5.68278e+13 3.33851e+14 1.37761e+15 4.34253e+15 1.10898e+16 2.3905e+16 4.47253e+16 7.425e+16 1.11684e+17 1.53026e+17 1.94225e+17 2.29251e+17 2.5234e+17 2.60834e+17 0 0 0 0 0 0 0 0 0 0 0 0 0 0 0 0 0 0 0 0 0 0 0 0 0 0 0 0 0 0 0 0 
0 0 0 0 0 0 0 0 0 0 0 0 0 0 0 0 0 1.99552e+10 1.12931e+12 1.62542e+13 1.22719e+14 6.07391e+14 2.21736e+15 6.38448e+15 1.51553e+16 3.086e+16 5.48629e+16 8.67697e+16 1.24702e+17 1.62822e+17 1.96448e+17 2.19771e+17 2.27519e+17 0 0 0 0 0 0 0 0 0 0 0 0 0 0 0 0 0 0 0 0 0 0 0 0 0 0 0 0 0 0 0 0 
0 0 0 0 0 0 0 0 0 0 0 0 0 0 0 0 0 0 1.52182e+11 3.6833e+12 3.73566e+13 2.28016e+14 9.72859e+14 3.17174e+15 8.35521e+15 1.84083e+16 3.5186e+16 5.90464e+16 8.81741e+16 1.1956e+17 1.47488e+17 1.67076e+17 1.74395e+17 0 0 0 0 0 0 0 0 0 0 0 0 0 0 0 0 0 0 0 0 0 0 0 0 0 0 0 0 0 0 0 0 
0 0 0 0 0 0 0 0 0 0 0 0 0 0 0 0 0 0 1.1498e+10 6.38695e+11 9.35981e+12 7.18028e+13 3.66177e+14 1.36508e+15 4.01397e+15 9.66503e+15 1.9705e+16 3.49764e+16 5.50913e+16 7.72339e+16 9.76709e+16 1.12123e+17 1.17226e+17 0 0 0 0 0 0 0 0 0 0 0 0 0 0 0 0 0 0 0 0 0 0 0 0 0 0 0 0 0 0 0 0 
0 0 0 0 0 0 0 0 0 0 0 0 0 0 0 0 0 0 0 7.81423e+10 1.87993e+12 1.92311e+13 1.17566e+14 5.11119e+14 1.6712e+15 4.43424e+15 9.74507e+15 1.84095e+16 3.02407e+16 4.4004e+16 5.70644e+16 6.63897e+16 6.98718e+16 0 0 0 0 0 0 0 0 0 0 0 0 0 0 0 0 0 0 0 0 0 0 0 0 0 0 0 0 0 0 0 0 
0 0 0 0 0 0 0 0 0 0 0 0 0 0 0 0 0 0 0 5.63266e+09 2.94537e+11 4.27593e+12 3.28545e+13 1.65037e+14 6.16542e+14 1.79035e+15 4.27996e+15 8.56069e+15 1.47373e+16 2.21553e+16 2.95292e+16 3.50535e+16 3.71524e+16 0 0 0 0 0 0 0 0 0 0 0 0 0 0 0 0 0 0 0 0 0 0 0 0 0 0 0 0 0 0 0 0 
0 0 0 0 0 0 0 0 0 0 0 0 0 0 0 0 0 0 0 0 3.33728e+10 7.74788e+11 7.77542e+12 4.70323e+13 1.99226e+14 6.42955e+14 1.65879e+15 3.53838e+15 6.41974e+15 1.00463e+16 1.3728e+16 1.64961e+16 1.75288e+16 0 0 0 0 0 0 0 0 0 0 0 0 0 0 0 0 0 0 0 0 0 0 0 0 0 0 0 0 0 0 0 0 
0 0 0 0 0 0 0 0 0 0 0 0 0 0 0 0 0 0 0 0 2.40862e+09 1.11125e+11 1.55509e+12 1.15636e+13 5.68436e+13 2.05842e+14 5.76276e+14 1.32e+15 2.51651e+15 4.08188e+15 5.72169e+15 6.99374e+15 7.44161e+15 0 0 0 0 0 0 0 0 0 0 0 0 0 0 0 0 0 0 0 0 0 0 0 0 0 0 0 0 0 0 0 0 
0 0 0 0 0 0 0 0 0 0 0 0 0 0 0 0 0 0 0 0 0 1.20332e+10 2.59356e+11 2.47324e+12 1.43557e+13 5.81761e+13 1.8013e+14 4.40463e+14 8.91047e+14 1.50484e+15 2.16707e+15 2.68683e+15 2.88184e+15 0 0 0 0 0 0 0 0 0 0 0 0 0 0 0 0 0 0 0 0 0 0 0 0 0 0 0 0 0 0 0 0 
0 0 0 0 0 0 0 0 0 0 0 0 0 0 0 0 0 0 0 0 0 9.17707e+08 3.50785e+10 4.53904e+11 3.18896e+12 1.47729e+13 5.03501e+13 1.334e+14 2.84898e+14 5.05064e+14 7.45945e+14 9.38825e+14 1.01524e+15 0 0 0 0 0 0 0 0 0 0 0 0 0 0 0 0 0 0 0 0 0 0 0 0 0 0 0 0 0 0 0 0 
0 0 0 0 0 0 0 0 0 0 0 0 0 0 0 0 0 0 0 0 0 0 3.67059e+09 7.11681e+10 6.24019e+11 3.36458e+12 1.27796e+13 3.67831e+13 8.25869e+13 1.53297e+14 2.35376e+14 3.01886e+14 3.27412e+14 0 0 0 0 0 0 0 0 0 0 0 0 0 0 0 0 0 0 0 0 0 0 0 0 0 0 0 0 0 0 0 0 
0 0 0 0 0 0 0 0 0 0 0 0 0 0 0 0 0 0 0 0 0 0 3.20488e+08 9.35803e+09 1.07008e+11 6.90428e+11 2.94312e+12 9.1846e+12 2.21856e+13 4.27854e+13 6.76588e+13 8.84328e+13 9.66272e+13 0 0 0 0 0 0 0 0 0 0 0 0 0 0 0 0 0 0 0 0 0 0 0 0 0 0 0 0 0 0 0 0 
0 0 0 0 0 0 0 0 0 0 0 0 0 0 0 0 0 0 0 0 0 0 0 9.75088e+08 1.62779e+10 1.26466e+11 6.15023e+11 2.1227e+12 5.48025e+12 1.10309e+13 1.80406e+13 2.41728e+13 2.63185e+13 0 0 0 0 0 0 0 0 0 0 0 0 0 0 0 0 0 0 0 0 0 0 0 0 0 0 0 0 0 0 0 0 
0 0 0 0 0 0 0 0 0 0 0 0 0 0 0 0 0 0 0 0 0 0 0 1.03617e+08 2.15363e+09 2.07481e+10 1.17929e+11 4.50006e+11 1.25381e+12 2.66401e+12 4.4846e+12 6.08451e+12 6.78391e+12 0 0 0 0 0 0 0 0 0 0 0 0 0 0 0 0 0 0 0 0 0 0 0 0 0 0 0 0 0 0 0 0 
0 0 0 0 0 0 0 0 0 0 0 0 0 0 0 0 0 0 0 0 0 0 0 0 2.24448e+08 3.16063e+09 2.09398e+10 8.90689e+10 2.66506e+11 6.0108e+11 1.05314e+12 1.44882e+12 1.6219e+12 0 0 0 0 0 0 0 0 0 0 0 0 0 0 0 0 0 0 0 0 0 0 0 0 0 0 0 0 0 0 0 0 
0 0 0 0 0 0 0 0 0 0 0 0 0 0 0 0 0 0 0 0 0 0 0 0 3.10901e+07 4.39502e+08 3.37525e+09 1.63275e+10 5.35279e+10 1.27548e+11 2.31135e+11 3.27323e+11 3.65189e+11 0 0 0 0 0 0 0 0 0 0 0 0 0 0 0 0 0 0 0 0 0 0 0 0 0 0 0 0 0 0 0 0 
0 0 0 0 0 0 0 0 0 0 0 0 0 0 0 0 0 0 0 0 0 0 0 0 0 4.58734e+07 5.31148e+08 2.87438e+09 1.02262e+10 2.5768e+10 4.87918e+10 7.06604e+10 7.98757e+10 0 0 0 0 0 0 0 0 0 0 0 0 0 0 0 0 0 0 0 0 0 0 0 0 0 0 0 0 0 0 0 0 
0 0 0 0 0 0 0 0 0 0 0 0 0 0 0 0 0 0 0 0 0 0 0 0 0 8.49677e+06 7.98869e+07 4.72893e+08 1.88317e+09 5.04072e+09 9.87851e+09 1.47203e+10 1.66944e+10 0 0 0 0 0 0 0 0 0 0 0 0 0 0 0 0 0 0 0 0 0 0 0 0 0 0 0 0 0 0 0 0 
0 0 0 0 0 0 0 0 0 0 0 0 0 0 0 0 0 0 0 0 0 0 0 0 0 0 7.89522e+06 8.08762e+07 3.35738e+08 9.54759e+08 1.972e+09 2.9607e+09 3.41786e+09 0 0 0 0 0 0 0 0 0 0 0 0 0 0 0 0 0 0 0 0 0 0 0 0 0 0 0 0 0 0 0 0 
0 0 0 0 0 0 0 0 0 0 0 0 0 0 0 0 0 0 0 0 0 0 0 0 0 0 2.03044e+06 1.2716e+07 5.65846e+07 1.82695e+08 3.80015e+08 5.91164e+08 6.82288e+08 0 0 0 0 0 0 0 0 0 0 0 0 0 0 0 0 0 0 0 0 0 0 0 0 0 0 0 0 0 0 0 0 
0 0 0 0 0 0 0 0 0 0 0 0 0 0 0 0 0 0 0 0 0 0 0 0 0 0 0 1.09581e+06 1.09063e+07 3.25721e+07 7.26873e+07 1.1907e+08 1.35171e+08 0 0 0 0 0 0 0 0 0 0 0 0 0 0 0 0 0 0 0 0 0 0 0 0 0 0 0 0 0 0 0 0 
0 0 0 0 0 0 0 0 0 0 0 0 0 0 0 0 0 0 0 0 0 0 0 0 0 0 0 420412 1.67829e+06 5.6166e+06 1.5196e+07 2.19073e+07 2.82443e+07 0 0 0 0 0 0 0 0 0 0 0 0 0 0 0 0 0 0 0 0 0 0 0 0 0 0 0 0 0 0 0 0 
0 0 0 0 0 0 0 0 0 0 0 0 0 0 0 0 0 0 0 0 0 0 0 0 0 0 0 0 113420 1.25755e+06 2.4206e+06 4.62912e+06 5.17214e+06 0 0 0 0 0 0 0 0 0 0 0 0 0 0 0 0 0 0 0 0 0 0 0 0 0 0 0 0 0 0 0 0 
0 0 0 0 0 0 0 0 0 0 0 0 0 0 0 0 0 0 0 0 0 0 0 0 0 0 0 0 72102.2 169779 453375 962603 921300 0 0 0 0 0 0 0 0 0 0 0 0 0 0 0 0 0 0 0 0 0 0 0 0 0 0 0 0 0 0 0 0 
0 0 0 0 0 0 0 0 0 0 0 0 0 0 0 0 0 0 0 0 0 0 0 0 0 0 0 0 0 7684.89 117408 111170 234517 0 0 0 0 0 0 0 0 0 0 0 0 0 0 0 0 0 0 0 0 0 0 0 0 0 0 0 0 0 0 0 0 
0 0 0 0 0 0 0 0 0 0 0 0 0 0 0 0 0 0 0 0 0 0 0 0 0 0 0 0 0 9755.37 11402 32448.3 37345.8 0 0 0 0 0 0 0 0 0 0 0 0 0 0 0 0 0 0 0 0 0 0 0 0 0 0 0 0 0 0 0 0 
0 0 0 0 0 0 0 0 0 0 0 0 0 0 0 0 0 0 0 0 0 0 0 0 0 0 0 0 0 0 257.536 7667.92 2049.5 0 0 0 0 0 0 0 0 0 0 0 0 0 0 0 0 0 0 0 0 0 0 0 0 0 0 0 0 0 0 0 0 
0 0 0 0 0 0 0 0 0 0 0 0 0 0 0 0 0 0 0 0 0 0 0 0 0 0 0 0 0 0 969.591 380.211 1908.9 0 0 0 0 0 0 0 0 0 0 0 0 0 0 0 0 0 0 0 0 0 0 0 0 0 0 0 0 0 0 0 0 
0 0 0 0 0 0 0 0 0 0 0 0 0 0 0 0 0 0 0 0 0 0 0 0 0 0 0 0 0 0 0 0 254.999 0 0 0 0 0 0 0 0 0 0 0 0 0 0 0 0 0 0 0 0 0 0 0 0 0 0 0 0 0 0 0 0 
0 0 0 0 0 0 0 0 0 0 0 0 0 0 0 0 0 0 0 0 0 0 0 0 0 0 0 0 0 0 0 62.5543 0 0 0 0 0 0 0 0 0 0 0 0 0 0 0 0 0 0 0 0 0 0 0 0 0 0 0 0 0 0 0 0 0 
0 0 0 0 0 0 0 0 0 0 0 0 0 0 0 0 0 0 0 0 0 0 0 0 0 0 0 0 0 0 0 0 0 0 0 0 0 0 0 0 0 0 0 0 0 0 0 0 0 0 0 0 0 0 0 0 0 0 0 0 0 0 0 0 0 
0 0 0 0 0 0 0 0 0 0 0 0 0 0 0 0 0 0 0 0 0 0 0 0 0 0 0 0 0 0 0 0 1.95482 0 0 0 0 0 0 0 0 0 0 0 0 0 0 0 0 0 0 0 0 0 0 0 0 0 0 0 0 0 0 0 0 
