1 0 0 0 0 0 0 0 0 0 0 0 0 0 0 0 0 0 0 0 0 0 0 0 0 0 0 0 0 0 0 0 0 0 0 0 0 0 0 0 0 0 0 0 0 0 0 0 0 0 0 0 0 0 0 0 0 0 0 0 0 0 0 0 1 
0 0 0 0 0 0 0 0 0 0 0 0 0 0 0 0 0 0 0 0 0 0 0 0 0 0 0 0 0 0 0 0 0 0 0 0 0 0 0 0 0 0 0 0 0 0 0 0 0 0 0 0 0 0 0 0 0 0 0 0 0 0 0 0 0 
0 64 0 0 0 0 0 0 0 0 0 0 0 0 0 0 0 0 0 0 0 0 0 0 0 0 0 0 0 0 0 0 0 0 0 0 0 0 0 0 0 0 0 0 0 0 0 0 0 0 0 0 0 0 0 0 0 0 0 0 0 0 0 0 0 
0 0 128 0 0 0 0 0 0 0 0 0 0 0 0 0 0 0 0 0 0 0 0 0 0 0 0 0 0 0 0 0 0 0 0 0 0 0 0 0 0 0 0 0 0 0 0 0 0 0 0 0 0 0 0 0 0 0 0 0 0 0 0 0 0 
0 0 1888 384.055 63.8397 0 0 0 0 0 0 0 0 0 0 0 0 0 0 0 0 0 0 0 0 0 0 0 0 0 0 0 0 0 0 0 0 0 0 0 0 0 0 0 0 0 0 0 0 0 0 0 0 0 0 0 0 0 0 0 0 0 0 0 0 
0 0 0 7167.89 1168.82 525.299 129.588 0 0 0 0 0 0 0 0 0 0 0 0 0 0 0 0 0 0 0 0 0 0 0 0 0 0 0 0 0 0 0 0 0 0 0 0 0 0 0 0 0 0 0 0 0 0 0 0 0 0 0 0 0 0 0 0 0 0 
0 0 0 34112.1 27231.3 6876.77 2607.68 1420.93 400.436 62.5953 0 0 0 0 0 0 0 0 0 0 0 0 0 0 0 0 0 0 0 0 0 0 0 0 0 0 0 0 0 0 0 0 0 0 0 0 0 0 0 0 0 0 0 0 0 0 0 0 0 0 0 0 0 0 0 
0 0 0 0 183823 97185.3 43051.1 17028.7 8650.45 4743.85 2003.64 514.569 133.63 0 0 0 0 0 0 0 0 0 0 0 0 0 0 0 0 0 0 0 0 0 0 0 0 0 0 0 0 0 0 0 0 0 0 0 0 0 0 0 0 0 0 0 0 0 0 0 0 0 0 0 0 
0 0 0 0 423089 828774 409706 225089 124849 59766.9 34344.8 20393.7 9806.56 4350.22 1447.44 383.2 95.8532 0 0 0 0 0 0 0 17.0068 0 0 0 0 0 0 0 16.8082 0 0 0 0 0 0 0 0 0 0 0 0 0 0 0 0 0 0 0 0 0 0 0 0 0 0 0 0 0 0 0 0 
0 0 0 0 0 2.86172e+06 3.3102e+06 1.97859e+06 1.13538e+06 724605 432608 250504 156729 101494 57725.3 30426 15029.3 6177.7 2492.04 831.647 447.9 255.307 280.145 273.487 0 257.449 272.583 255.897 267.435 258.875 268.992 266.067 0 0 0 0 0 0 0 0 0 0 0 0 0 0 0 0 0 0 0 0 0 0 0 0 0 0 0 0 0 0 0 0 0 
0 0 0 0 0 3.82943e+06 1.46389e+07 1.34795e+07 9.38505e+06 6.14137e+06 4.08194e+06 2.75469e+06 1.83906e+06 1.17875e+06 783351 532203 331496 210306 120906 68813.3 37534 22413.5 14274.3 11140.3 12370.7 9892.41 9860.53 9728.67 9950.52 9435.13 9542.33 9965.8 11495.7 0 0 0 0 0 0 0 0 0 0 0 0 0 0 0 0 0 0 0 0 0 0 0 0 0 0 0 0 0 0 0 0 
0 0 0 0 0 0 3.03252e+07 6.3656e+07 5.73897e+07 4.2934e+07 3.15729e+07 2.23604e+07 1.61608e+07 1.16315e+07 8.36303e+06 5.99593e+06 4.21819e+06 2.98953e+06 2.09785e+06 1.51586e+06 1.02585e+06 731920 512720 385643 283749 251614 235531 230152 218734 224488 223771 211167 201680 0 0 0 0 0 0 0 0 0 0 0 0 0 0 0 0 0 0 0 0 0 0 0 0 0 0 0 0 0 0 0 0 
0 0 0 0 0 0 2.62446e+07 1.69734e+08 2.62234e+08 2.47639e+08 1.99243e+08 1.57968e+08 1.19207e+08 9.20108e+07 7.08492e+07 5.29154e+07 4.08939e+07 3.15429e+07 2.41146e+07 1.80566e+07 1.39354e+07 1.06858e+07 8.51615e+06 6.70215e+06 5.65503e+06 4.62548e+06 4.11445e+06 3.72018e+06 3.50734e+06 3.2504e+06 3.2237e+06 3.24089e+06 3.24673e+06 0 0 0 0 0 0 0 0 0 0 0 0 0 0 0 0 0 0 0 0 0 0 0 0 0 0 0 0 0 0 0 0 
0 0 0 0 0 0 0 2.3256e+08 7.8684e+08 1.06543e+09 1.04291e+09 9.06434e+08 7.6264e+08 6.18955e+08 4.91879e+08 3.98412e+08 3.16239e+08 2.57057e+08 2.05737e+08 1.68087e+08 1.35439e+08 1.12021e+08 9.27388e+07 7.76241e+07 6.50251e+07 5.68151e+07 5.04767e+07 4.63619e+07 4.21005e+07 3.98686e+07 3.94266e+07 3.76219e+07 3.68403e+07 0 0 0 0 0 0 0 0 0 0 0 0 0 0 0 0 0 0 0 0 0 0 0 0 0 0 0 0 0 0 0 0 
0 0 0 0 0 0 0 1.39564e+08 1.38325e+09 3.2988e+09 4.27767e+09 4.34794e+09 4.00439e+09 3.5107e+09 2.99697e+09 2.54705e+09 2.16308e+09 1.82665e+09 1.51805e+09 1.27239e+09 1.07095e+09 9.13212e+08 7.95376e+08 6.87093e+08 6.00386e+08 5.34467e+08 4.77393e+08 4.42913e+08 4.1225e+08 3.85521e+08 3.82794e+08 3.70986e+08 3.75006e+08 0 0 0 0 0 0 0 0 0 0 0 0 0 0 0 0 0 0 0 0 0 0 0 0 0 0 0 0 0 0 0 0 
0 0 0 0 0 0 0 0 1.34049e+09 6.68123e+09 1.31424e+10 1.68248e+10 1.77218e+10 1.71491e+10 1.58573e+10 1.41829e+10 1.25494e+10 1.10384e+10 9.57415e+09 8.3862e+09 7.33444e+09 6.49191e+09 5.73734e+09 5.14835e+09 4.58922e+09 4.11636e+09 3.81484e+09 3.55203e+09 3.28477e+09 3.17662e+09 3.09634e+09 3.03492e+09 3.02169e+09 0 0 0 0 0 0 0 0 0 0 0 0 0 0 0 0 0 0 0 0 0 0 0 0 0 0 0 0 0 0 0 0 
0 0 0 0 0 0 0 0 5.85303e+08 8.30578e+09 2.83822e+10 5.03589e+10 6.45889e+10 7.05666e+10 7.09777e+10 6.85493e+10 6.38637e+10 5.80594e+10 5.31125e+10 4.82473e+10 4.39452e+10 3.98061e+10 3.63481e+10 3.29117e+10 3.01384e+10 2.81815e+10 2.62374e+10 2.45953e+10 2.33899e+10 2.26637e+10 2.2171e+10 2.17986e+10 2.15484e+10 0 0 0 0 0 0 0 0 0 0 0 0 0 0 0 0 0 0 0 0 0 0 0 0 0 0 0 0 0 0 0 0 
0 0 0 0 0 0 0 0 0 5.92962e+09 4.09579e+10 1.11192e+11 1.86444e+11 2.40863e+11 2.73728e+11 2.84594e+11 2.83632e+11 2.73645e+11 2.61471e+11 2.43556e+11 2.30511e+11 2.14287e+11 2.01748e+11 1.87486e+11 1.74069e+11 1.64541e+11 1.55821e+11 1.48857e+11 1.43261e+11 1.39727e+11 1.36232e+11 1.34677e+11 1.3377e+11 0 0 0 0 0 0 0 0 0 0 0 0 0 0 0 0 0 0 0 0 0 0 0 0 0 0 0 0 0 0 0 0 
0 0 0 0 0 0 0 0 0 1.96222e+09 3.76376e+10 1.74593e+11 4.11328e+11 6.66883e+11 8.69654e+11 1.00987e+12 1.09056e+12 1.12817e+12 1.12679e+12 1.11131e+12 1.07788e+12 1.03954e+12 9.8835e+11 9.50567e+11 9.10048e+11 8.74306e+11 8.39323e+11 8.10826e+11 7.82201e+11 7.69925e+11 7.56993e+11 7.42815e+11 7.45547e+11 0 0 0 0 0 0 0 0 0 0 0 0 0 0 0 0 0 0 0 0 0 0 0 0 0 0 0 0 0 0 0 0 
0 0 0 0 0 0 0 0 0 0 2.05002e+10 1.86433e+11 6.70846e+11 1.44489e+12 2.30189e+12 3.05872e+12 3.64476e+12 4.05056e+12 4.30517e+12 4.41865e+12 4.46763e+12 4.44667e+12 4.40336e+12 4.29295e+12 4.19218e+12 4.08282e+12 3.99027e+12 3.90911e+12 3.84274e+12 3.7975e+12 3.74015e+12 3.7062e+12 3.68931e+12 0 0 0 0 0 0 0 0 0 0 0 0 0 0 0 0 0 0 0 0 0 0 0 0 0 0 0 0 0 0 0 0 
0 0 0 0 0 0 0 0 0 0 5.29694e+09 1.31146e+11 7.8542e+11 2.38801e+12 4.839e+12 7.62439e+12 1.02817e+13 1.25329e+13 1.42589e+13 1.55893e+13 1.65454e+13 1.71064e+13 1.73159e+13 1.7575e+13 1.75866e+13 1.7462e+13 1.73325e+13 1.71901e+13 1.71777e+13 1.69863e+13 1.67679e+13 1.67687e+13 1.67457e+13 0 0 0 0 0 0 0 0 0 0 0 0 0 0 0 0 0 0 0 0 0 0 0 0 0 0 0 0 0 0 0 0 
0 0 0 0 0 0 0 0 0 0 0 5.60322e+10 6.44635e+11 2.94027e+12 7.94318e+12 1.54511e+13 2.42113e+13 3.30422e+13 4.12204e+13 4.80932e+13 5.36855e+13 5.80378e+13 6.17201e+13 6.37657e+13 6.5353e+13 6.63128e+13 6.73074e+13 6.79043e+13 6.84289e+13 6.85297e+13 6.90286e+13 6.84116e+13 6.81895e+13 0 0 0 0 0 0 0 0 0 0 0 0 0 0 0 0 0 0 0 0 0 0 0 0 0 0 0 0 0 0 0 0 
0 0 0 0 0 0 0 0 0 0 0 1.15789e+10 3.55512e+11 2.65079e+12 1.00353e+13 2.49501e+13 4.7003e+13 7.36518e+13 1.01581e+14 1.28809e+14 1.54118e+14 1.75434e+14 1.93363e+14 2.08249e+14 2.20448e+14 2.30094e+14 2.36689e+14 2.43127e+14 2.45894e+14 2.48451e+14 2.51308e+14 2.52783e+14 2.53259e+14 0 0 0 0 0 0 0 0 0 0 0 0 0 0 0 0 0 0 0 0 0 0 0 0 0 0 0 0 0 0 0 0 
0 0 0 0 0 0 0 0 0 0 0 0 1.22196e+11 1.71056e+12 9.56752e+12 3.14953e+13 7.36748e+13 1.35879e+14 2.12892e+14 2.97352e+14 3.81931e+14 4.64457e+14 5.3858e+14 6.03577e+14 6.61822e+14 7.10451e+14 7.48424e+14 7.81216e+14 8.05404e+14 8.20064e+14 8.31124e+14 8.39763e+14 8.44395e+14 0 0 0 0 0 0 0 0 0 0 0 0 0 0 0 0 0 0 0 0 0 0 0 0 0 0 0 0 0 0 0 0 
0 0 0 0 0 0 0 0 0 0 0 0 2.06178e+10 7.58948e+11 6.79209e+12 3.10441e+13 9.25089e+13 2.05425e+14 3.72721e+14 5.84293e+14 8.22137e+14 1.07015e+15 1.31673e+15 1.5505e+15 1.75952e+15 1.94344e+15 2.11951e+15 2.24748e+15 2.35858e+15 2.44822e+15 2.49535e+15 2.53588e+15 2.5506e+15 0 0 0 0 0 0 0 0 0 0 0 0 0 0 0 0 0 0 0 0 0 0 0 0 0 0 0 0 0 0 0 0 
0 0 0 0 0 0 0 0 0 0 0 0 0 2.13543e+11 3.52262e+12 2.339e+13 9.13577e+13 2.52011e+14 5.3918e+14 9.61516e+14 1.50762e+15 2.13988e+15 2.81434e+15 3.4952e+15 4.15563e+15 4.77128e+15 5.31918e+15 5.79558e+15 6.1842e+15 6.49962e+15 6.73487e+15 6.87323e+15 6.91992e+15 0 0 0 0 0 0 0 0 0 0 0 0 0 0 0 0 0 0 0 0 0 0 0 0 0 0 0 0 0 0 0 0 
0 0 0 0 0 0 0 0 0 0 0 0 0 3.01482e+10 1.28235e+12 1.33429e+13 7.13116e+13 2.47965e+14 6.38664e+14 1.32601e+15 2.33644e+15 3.63992e+15 5.19124e+15 6.86744e+15 8.59303e+15 1.03034e+16 1.18651e+16 1.33014e+16 1.45019e+16 1.54817e+16 1.62067e+16 1.66461e+16 1.67792e+16 0 0 0 0 0 0 0 0 0 0 0 0 0 0 0 0 0 0 0 0 0 0 0 0 0 0 0 0 0 0 0 0 
0 0 0 0 0 0 0 0 0 0 0 0 0 0 3.01721e+11 5.67037e+12 4.33599e+13 1.95359e+14 6.18983e+14 1.51033e+15 3.03899e+15 5.29773e+15 8.21683e+15 1.17132e+16 1.55496e+16 1.94721e+16 2.33379e+16 2.69799e+16 3.01906e+16 3.27726e+16 3.47819e+16 3.59429e+16 3.62739e+16 0 0 0 0 0 0 0 0 0 0 0 0 0 0 0 0 0 0 0 0 0 0 0 0 0 0 0 0 0 0 0 0 
0 0 0 0 0 0 0 0 0 0 0 0 0 0 3.62032e+10 1.73049e+12 2.03057e+13 1.23447e+14 4.87495e+14 1.42211e+15 3.31057e+15 6.48738e+15 1.11143e+16 1.71344e+16 2.43106e+16 3.22403e+16 4.03989e+16 4.81806e+16 5.54011e+16 6.12948e+16 6.5695e+16 6.85358e+16 6.95089e+16 0 0 0 0 0 0 0 0 0 0 0 0 0 0 0 0 0 0 0 0 0 0 0 0 0 0 0 0 0 0 0 0 
0 0 0 0 0 0 0 0 0 0 0 0 0 0 0 3.45686e+11 7.20192e+12 6.13582e+13 3.11545e+14 1.10539e+15 3.01295e+15 6.6966e+15 1.27884e+16 2.15325e+16 3.28046e+16 4.61138e+16 6.0639e+16 7.53367e+16 8.88917e+16 1.01131e+17 1.10038e+17 1.15804e+17 1.17972e+17 0 0 0 0 0 0 0 0 0 0 0 0 0 0 0 0 0 0 0 0 0 0 0 0 0 0 0 0 0 0 0 0 
0 0 0 0 0 0 0 0 0 0 0 0 0 0 0 3.57646e+10 1.86179e+12 2.40751e+13 1.60971e+14 7.05113e+14 2.27839e+15 5.83681e+15 1.24434e+16 2.30771e+16 3.81061e+16 5.71177e+16 7.90883e+16 1.02432e+17 1.25149e+17 1.4523e+17 1.61771e+17 1.71948e+17 1.75525e+17 0 0 0 0 0 0 0 0 0 0 0 0 0 0 0 0 0 0 0 0 0 0 0 0 0 0 0 0 0 0 0 0 
0 0 0 0 0 0 0 0 0 0 0 0 0 0 0 0 3.21487e+11 7.2258e+12 6.70256e+13 3.71641e+14 1.43745e+15 4.27959e+15 1.03394e+16 2.11268e+16 3.79254e+16 6.09687e+16 8.94537e+16 1.21484e+17 1.54316e+17 1.83943e+17 2.07951e+17 2.23511e+17 2.28557e+17 0 0 0 0 0 0 0 0 0 0 0 0 0 0 0 0 0 0 0 0 0 0 0 0 0 0 0 0 0 0 0 0 
0 0 0 0 0 0 0 0 0 0 0 0 0 0 0 0 2.93368e+10 1.6112e+12 2.23517e+13 1.60309e+14 7.58086e+14 2.63204e+15 7.25818e+15 1.65924e+16 3.24128e+16 5.62761e+16 8.7857e+16 1.25075e+17 1.64616e+17 2.02568e+17 2.3326e+17 2.53685e+17 2.60976e+17 0 0 0 0 0 0 0 0 0 0 0 0 0 0 0 0 0 0 0 0 0 0 0 0 0 0 0 0 0 0 0 0 
0 0 0 0 0 0 0 0 0 0 0 0 0 0 0 0 0 2.43683e+11 5.75027e+12 5.68947e+13 3.33119e+14 1.37643e+15 4.3347e+15 1.10725e+16 2.3934e+16 4.46366e+16 7.40981e+16 1.11411e+17 1.53352e+17 1.94435e+17 2.29159e+17 2.52639e+17 2.60793e+17 0 0 0 0 0 0 0 0 0 0 0 0 0 0 0 0 0 0 0 0 0 0 0 0 0 0 0 0 0 0 0 0 
0 0 0 0 0 0 0 0 0 0 0 0 0 0 0 0 0 1.99884e+10 1.12892e+12 1.62062e+13 1.22906e+14 6.06867e+14 2.21873e+15 6.39299e+15 1.52103e+16 3.08837e+16 5.48045e+16 8.67738e+16 1.24213e+17 1.62732e+17 1.96574e+17 2.19573e+17 2.2757e+17 0 0 0 0 0 0 0 0 0 0 0 0 0 0 0 0 0 0 0 0 0 0 0 0 0 0 0 0 0 0 0 0 
0 0 0 0 0 0 0 0 0 0 0 0 0 0 0 0 0 0 1.51691e+11 3.68366e+12 3.742e+13 2.27073e+14 9.68822e+14 3.17231e+15 8.35751e+15 1.84898e+16 3.52211e+16 5.88592e+16 8.80326e+16 1.19281e+17 1.47439e+17 1.6687e+17 1.74227e+17 0 0 0 0 0 0 0 0 0 0 0 0 0 0 0 0 0 0 0 0 0 0 0 0 0 0 0 0 0 0 0 0 
0 0 0 0 0 0 0 0 0 0 0 0 0 0 0 0 0 0 1.14392e+10 6.37815e+11 9.32145e+12 7.23606e+13 3.65317e+14 1.36121e+15 3.99918e+15 9.64931e+15 1.97676e+16 3.5181e+16 5.51248e+16 7.71573e+16 9.75721e+16 1.12143e+17 1.17373e+17 0 0 0 0 0 0 0 0 0 0 0 0 0 0 0 0 0 0 0 0 0 0 0 0 0 0 0 0 0 0 0 0 
0 0 0 0 0 0 0 0 0 0 0 0 0 0 0 0 0 0 0 7.73867e+10 1.88673e+12 1.92145e+13 1.18055e+14 5.06738e+14 1.67243e+15 4.4319e+15 9.76855e+15 1.84249e+16 3.02805e+16 4.40205e+16 5.71093e+16 6.64844e+16 6.98413e+16 0 0 0 0 0 0 0 0 0 0 0 0 0 0 0 0 0 0 0 0 0 0 0 0 0 0 0 0 0 0 0 0 
0 0 0 0 0 0 0 0 0 0 0 0 0 0 0 0 0 0 0 5.5982e+09 2.94571e+11 4.26447e+12 3.28686e+13 1.65886e+14 6.13793e+14 1.78865e+15 4.26435e+15 8.55642e+15 1.47861e+16 2.23134e+16 2.95629e+16 3.51717e+16 3.71552e+16 0 0 0 0 0 0 0 0 0 0 0 0 0 0 0 0 0 0 0 0 0 0 0 0 0 0 0 0 0 0 0 0 
0 0 0 0 0 0 0 0 0 0 0 0 0 0 0 0 0 0 0 0 3.29839e+10 7.77994e+11 7.72431e+12 4.69881e+13 1.99072e+14 6.40502e+14 1.65656e+15 3.53915e+15 6.42969e+15 1.00532e+16 1.37955e+16 1.64809e+16 1.75906e+16 0 0 0 0 0 0 0 0 0 0 0 0 0 0 0 0 0 0 0 0 0 0 0 0 0 0 0 0 0 0 0 0 
0 0 0 0 0 0 0 0 0 0 0 0 0 0 0 0 0 0 0 0 2.35541e+09 1.11928e+11 1.55969e+12 1.15523e+13 5.67065e+13 2.04398e+14 5.78102e+14 1.32352e+15 2.51601e+15 4.08033e+15 5.73687e+15 7.01258e+15 7.45611e+15 0 0 0 0 0 0 0 0 0 0 0 0 0 0 0 0 0 0 0 0 0 0 0 0 0 0 0 0 0 0 0 0 
0 0 0 0 0 0 0 0 0 0 0 0 0 0 0 0 0 0 0 0 0 1.18087e+10 2.59866e+11 2.46921e+12 1.43492e+13 5.82274e+13 1.78909e+14 4.38813e+14 8.88398e+14 1.50465e+15 2.15964e+15 2.69165e+15 2.89112e+15 0 0 0 0 0 0 0 0 0 0 0 0 0 0 0 0 0 0 0 0 0 0 0 0 0 0 0 0 0 0 0 0 
0 0 0 0 0 0 0 0 0 0 0 0 0 0 0 0 0 0 0 0 0 8.92143e+08 3.53066e+10 4.54888e+11 3.19431e+12 1.48615e+13 5.02654e+13 1.33886e+14 2.84736e+14 5.014e+14 7.46716e+14 9.3706e+14 1.01833e+15 0 0 0 0 0 0 0 0 0 0 0 0 0 0 0 0 0 0 0 0 0 0 0 0 0 0 0 0 0 0 0 0 
0 0 0 0 0 0 0 0 0 0 0 0 0 0 0 0 0 0 0 0 0 0 3.60091e+09 7.12698e+10 6.23361e+11 3.37153e+12 1.2832e+13 3.65855e+13 8.30165e+13 1.53416e+14 2.33962e+14 3.01534e+14 3.26127e+14 0 0 0 0 0 0 0 0 0 0 0 0 0 0 0 0 0 0 0 0 0 0 0 0 0 0 0 0 0 0 0 0 
0 0 0 0 0 0 0 0 0 0 0 0 0 0 0 0 0 0 0 0 0 0 3.10306e+08 9.41462e+09 1.07737e+11 6.91205e+11 2.94278e+12 9.21298e+12 2.22288e+13 4.29219e+13 6.78823e+13 8.83949e+13 9.68121e+13 0 0 0 0 0 0 0 0 0 0 0 0 0 0 0 0 0 0 0 0 0 0 0 0 0 0 0 0 0 0 0 0 
0 0 0 0 0 0 0 0 0 0 0 0 0 0 0 0 0 0 0 0 0 0 0 9.57624e+08 1.61455e+10 1.26523e+11 6.18012e+11 2.11624e+12 5.46338e+12 1.11106e+13 1.81165e+13 2.42132e+13 2.64677e+13 0 0 0 0 0 0 0 0 0 0 0 0 0 0 0 0 0 0 0 0 0 0 0 0 0 0 0 0 0 0 0 0 
0 0 0 0 0 0 0 0 0 0 0 0 0 0 0 0 0 0 0 0 0 0 0 1.01487e+08 2.17454e+09 2.09293e+10 1.18214e+11 4.49366e+11 1.25138e+12 2.69175e+12 4.49339e+12 6.11573e+12 6.74421e+12 0 0 0 0 0 0 0 0 0 0 0 0 0 0 0 0 0 0 0 0 0 0 0 0 0 0 0 0 0 0 0 0 
0 0 0 0 0 0 0 0 0 0 0 0 0 0 0 0 0 0 0 0 0 0 0 0 2.20385e+08 3.14579e+09 2.09439e+10 8.8963e+10 2.65408e+11 5.96086e+11 1.0517e+12 1.44682e+12 1.61987e+12 0 0 0 0 0 0 0 0 0 0 0 0 0 0 0 0 0 0 0 0 0 0 0 0 0 0 0 0 0 0 0 0 
0 0 0 0 0 0 0 0 0 0 0 0 0 0 0 0 0 0 0 0 0 0 0 0 3.04048e+07 4.43644e+08 3.41258e+09 1.65114e+10 5.34629e+10 1.28891e+11 2.3096e+11 3.29146e+11 3.68597e+11 0 0 0 0 0 0 0 0 0 0 0 0 0 0 0 0 0 0 0 0 0 0 0 0 0 0 0 0 0 0 0 0 
0 0 0 0 0 0 0 0 0 0 0 0 0 0 0 0 0 0 0 0 0 0 0 0 0 4.46198e+07 5.33585e+08 2.88095e+09 1.02899e+10 2.59342e+10 4.88466e+10 7.09065e+10 7.89558e+10 0 0 0 0 0 0 0 0 0 0 0 0 0 0 0 0 0 0 0 0 0 0 0 0 0 0 0 0 0 0 0 0 
0 0 0 0 0 0 0 0 0 0 0 0 0 0 0 0 0 0 0 0 0 0 0 0 0 8.28482e+06 8.10347e+07 4.75913e+08 1.92128e+09 5.03864e+09 9.95574e+09 1.47024e+10 1.66864e+10 0 0 0 0 0 0 0 0 0 0 0 0 0 0 0 0 0 0 0 0 0 0 0 0 0 0 0 0 0 0 0 0 
0 0 0 0 0 0 0 0 0 0 0 0 0 0 0 0 0 0 0 0 0 0 0 0 0 0 7.65284e+06 8.03799e+07 3.39801e+08 9.66252e+08 1.97095e+09 2.97857e+09 3.39941e+09 0 0 0 0 0 0 0 0 0 0 0 0 0 0 0 0 0 0 0 0 0 0 0 0 0 0 0 0 0 0 0 0 
0 0 0 0 0 0 0 0 0 0 0 0 0 0 0 0 0 0 0 0 0 0 0 0 0 0 2.00436e+06 1.27743e+07 5.66768e+07 1.86415e+08 3.83103e+08 5.95487e+08 6.89885e+08 0 0 0 0 0 0 0 0 0 0 0 0 0 0 0 0 0 0 0 0 0 0 0 0 0 0 0 0 0 0 0 0 
0 0 0 0 0 0 0 0 0 0 0 0 0 0 0 0 0 0 0 0 0 0 0 0 0 0 0 1.06256e+06 1.07208e+07 3.28649e+07 7.4702e+07 1.20355e+08 1.35578e+08 0 0 0 0 0 0 0 0 0 0 0 0 0 0 0 0 0 0 0 0 0 0 0 0 0 0 0 0 0 0 0 0 
0 0 0 0 0 0 0 0 0 0 0 0 0 0 0 0 0 0 0 0 0 0 0 0 0 0 0 413651 1.67951e+06 5.60137e+06 1.5348e+07 2.23819e+07 2.85339e+07 0 0 0 0 0 0 0 0 0 0 0 0 0 0 0 0 0 0 0 0 0 0 0 0 0 0 0 0 0 0 0 0 
0 0 0 0 0 0 0 0 0 0 0 0 0 0 0 0 0 0 0 0 0 0 0 0 0 0 0 0 109943 1.24811e+06 2.41706e+06 4.76314e+06 5.27577e+06 0 0 0 0 0 0 0 0 0 0 0 0 0 0 0 0 0 0 0 0 0 0 0 0 0 0 0 0 0 0 0 0 
0 0 0 0 0 0 0 0 0 0 0 0 0 0 0 0 0 0 0 0 0 0 0 0 0 0 0 0 70963.2 169174 463724 970003 942639 0 0 0 0 0 0 0 0 0 0 0 0 0 0 0 0 0 0 0 0 0 0 0 0 0 0 0 0 0 0 0 0 
0 0 0 0 0 0 0 0 0 0 0 0 0 0 0 0 0 0 0 0 0 0 0 0 0 0 0 0 0 7537.28 116826 111754 244427 0 0 0 0 0 0 0 0 0 0 0 0 0 0 0 0 0 0 0 0 0 0 0 0 0 0 0 0 0 0 0 0 
0 0 0 0 0 0 0 0 0 0 0 0 0 0 0 0 0 0 0 0 0 0 0 0 0 0 0 0 0 9563.38 11386.4 32208.9 38132.9 0 0 0 0 0 0 0 0 0 0 0 0 0 0 0 0 0 0 0 0 0 0 0 0 0 0 0 0 0 0 0 0 
0 0 0 0 0 0 0 0 0 0 0 0 0 0 0 0 0 0 0 0 0 0 0 0 0 0 0 0 0 0 248.493 7629.57 2042.08 0 0 0 0 0 0 0 0 0 0 0 0 0 0 0 0 0 0 0 0 0 0 0 0 0 0 0 0 0 0 0 0 
0 0 0 0 0 0 0 0 0 0 0 0 0 0 0 0 0 0 0 0 0 0 0 0 0 0 0 0 0 0 950.509 377.542 1908.27 0 0 0 0 0 0 0 0 0 0 0 0 0 0 0 0 0 0 0 0 0 0 0 0 0 0 0 0 0 0 0 0 
0 0 0 0 0 0 0 0 0 0 0 0 0 0 0 0 0 0 0 0 0 0 0 0 0 0 0 0 0 0 0 0 255.109 0 0 0 0 0 0 0 0 0 0 0 0 0 0 0 0 0 0 0 0 0 0 0 0 0 0 0 0 0 0 0 0 
0 0 0 0 0 0 0 0 0 0 0 0 0 0 0 0 0 0 0 0 0 0 0 0 0 0 0 0 0 0 0 61.3232 0 0 0 0 0 0 0 0 0 0 0 0 0 0 0 0 0 0 0 0 0 0 0 0 0 0 0 0 0 0 0 0 0 
0 0 0 0 0 0 0 0 0 0 0 0 0 0 0 0 0 0 0 0 0 0 0 0 0 0 0 0 0 0 0 0 0 0 0 0 0 0 0 0 0 0 0 0 0 0 0 0 0 0 0 0 0 0 0 0 0 0 0 0 0 0 0 0 0 
0 0 0 0 0 0 0 0 0 0 0 0 0 0 0 0 0 0 0 0 0 0 0 0 0 0 0 0 0 0 0 0 1.91635 0 0 0 0 0 0 0 0 0 0 0 0 0 0 0 0 0 0 0 0 0 0 0 0 0 0 0 0 0 0 0 0 
