1 0 0 0 0 0 0 0 0 0 0 0 0 0 0 0 0 0 0 0 0 0 0 0 0 0 0 0 0 0 0 0 0 0 0 0 0 0 0 0 0 0 0 0 0 0 0 0 0 0 0 0 0 0 0 0 0 0 0 0 0 0 0 0 1 
0 0 0 0 0 0 0 0 0 0 0 0 0 0 0 0 0 0 0 0 0 0 0 0 0 0 0 0 0 0 0 0 0 0 0 0 0 0 0 0 0 0 0 0 0 0 0 0 0 0 0 0 0 0 0 0 0 0 0 0 0 0 0 0 0 
0 64 0 0 0 0 0 0 0 0 0 0 0 0 0 0 0 0 0 0 0 0 0 0 0 0 0 0 0 0 0 0 0 0 0 0 0 0 0 0 0 0 0 0 0 0 0 0 0 0 0 0 0 0 0 0 0 0 0 0 0 0 0 0 0 
0 0 128 0 0 0 0 0 0 0 0 0 0 0 0 0 0 0 0 0 0 0 0 0 0 0 0 0 0 0 0 0 0 0 0 0 0 0 0 0 0 0 0 0 0 0 0 0 0 0 0 0 0 0 0 0 0 0 0 0 0 0 0 0 0 
0 0 1888 387.604 65.282 0 0 0 0 0 0 0 0 0 0 0 0 0 0 0 0 0 0 0 0 0 0 0 0 0 0 0 0 0 0 0 0 0 0 0 0 0 0 0 0 0 0 0 0 0 0 0 0 0 0 0 0 0 0 0 0 0 0 0 0 
0 0 0 7160.79 1159.11 514.595 127.439 0 0 0 0 0 0 0 0 0 0 0 0 0 0 0 0 0 0 0 0 0 0 0 0 0 0 0 0 0 0 0 0 0 0 0 0 0 0 0 0 0 0 0 0 0 0 0 0 0 0 0 0 0 0 0 0 0 0 
0 0 0 34115.6 27387.6 6801.36 2512.77 1366.48 369.417 71.0134 0 0 0 0 0 0 0 0 0 0 0 0 0 0 0 0 0 0 0 0 0 0 0 0 0 0 0 0 0 0 0 0 0 0 0 0 0 0 0 0 0 0 0 0 0 0 0 0 0 0 0 0 0 0 0 
0 0 0 0 183534 97609.4 42917.7 16946.5 8691.73 4573.51 2029.32 545.716 130.647 0 0 0 0 0 0 0 0 0 0 0 0 0 0 0 0 0 0 0 0 0 0 0 0 0 0 0 0 0 0 0 0 0 0 0 0 0 0 0 0 0 0 0 0 0 0 0 0 0 0 0 0 
0 0 0 0 423230 830778 412097 222655 120199 57976.2 33714.6 20623.7 9872.77 4483.48 1342.37 352.755 76.6153 0 0 0 0 0 0 0 15.8396 0 0 0 0 0 0 0 14.8722 0 0 0 0 0 0 0 0 0 0 0 0 0 0 0 0 0 0 0 0 0 0 0 0 0 0 0 0 0 0 0 0 
0 0 0 0 0 2.8568e+06 3.32891e+06 1.9732e+06 1.13577e+06 723069 434970 258921 154616 95624.4 56236.6 31860.1 14748 6036.33 2295.16 755.393 354.068 238.975 293.441 260.914 0 270.366 292.192 280.237 255.272 241.353 245.718 259.021 0 0 0 0 0 0 0 0 0 0 0 0 0 0 0 0 0 0 0 0 0 0 0 0 0 0 0 0 0 0 0 0 0 
0 0 0 0 0 3.83201e+06 1.46119e+07 1.34888e+07 9.3497e+06 6.09676e+06 4.06422e+06 2.75415e+06 1.82805e+06 1.15337e+06 793172 515520 334616 209985 122814 67026.4 36355.8 21825.9 14040.4 10848.3 12103.9 10571.1 9734.78 9668.05 9463.88 9325.75 9350.57 9776.7 11812.8 0 0 0 0 0 0 0 0 0 0 0 0 0 0 0 0 0 0 0 0 0 0 0 0 0 0 0 0 0 0 0 0 
0 0 0 0 0 0 3.03147e+07 6.38249e+07 5.73603e+07 4.3281e+07 3.18254e+07 2.24546e+07 1.5852e+07 1.16103e+07 8.22864e+06 5.94284e+06 4.26337e+06 2.96702e+06 2.14302e+06 1.42559e+06 1.05006e+06 715417 517262 371927 279384 257523 239748 224416 218540 216297 217060 224084 214945 0 0 0 0 0 0 0 0 0 0 0 0 0 0 0 0 0 0 0 0 0 0 0 0 0 0 0 0 0 0 0 0 
0 0 0 0 0 0 2.62612e+07 1.69603e+08 2.63006e+08 2.46746e+08 1.98302e+08 1.56384e+08 1.2014e+08 9.26095e+07 6.90302e+07 5.27353e+07 4.09635e+07 3.14121e+07 2.34688e+07 1.78127e+07 1.36364e+07 1.0694e+07 8.46765e+06 6.75199e+06 5.51551e+06 4.53586e+06 4.04549e+06 3.59249e+06 3.40697e+06 3.1913e+06 3.27591e+06 3.24593e+06 3.25125e+06 0 0 0 0 0 0 0 0 0 0 0 0 0 0 0 0 0 0 0 0 0 0 0 0 0 0 0 0 0 0 0 0 
0 0 0 0 0 0 0 2.32322e+08 7.85985e+08 1.06695e+09 1.04708e+09 9.01983e+08 7.54915e+08 6.14317e+08 4.93938e+08 3.97828e+08 3.17819e+08 2.56217e+08 2.03962e+08 1.64519e+08 1.34744e+08 1.11809e+08 9.15879e+07 7.58838e+07 6.44592e+07 5.63123e+07 4.97056e+07 4.61961e+07 4.16821e+07 3.99815e+07 3.93887e+07 3.85924e+07 3.76591e+07 0 0 0 0 0 0 0 0 0 0 0 0 0 0 0 0 0 0 0 0 0 0 0 0 0 0 0 0 0 0 0 0 
0 0 0 0 0 0 0 1.39764e+08 1.38432e+09 3.30366e+09 4.27143e+09 4.3504e+09 4.01865e+09 3.49597e+09 3.00735e+09 2.53391e+09 2.14488e+09 1.79794e+09 1.49536e+09 1.27172e+09 1.06812e+09 9.12101e+08 7.80744e+08 6.79079e+08 5.96591e+08 5.27265e+08 4.79941e+08 4.35425e+08 4.13353e+08 3.95402e+08 3.89088e+08 3.73647e+08 3.68581e+08 0 0 0 0 0 0 0 0 0 0 0 0 0 0 0 0 0 0 0 0 0 0 0 0 0 0 0 0 0 0 0 0 
0 0 0 0 0 0 0 0 1.33823e+09 6.67551e+09 1.31567e+10 1.68104e+10 1.7658e+10 1.71498e+10 1.5699e+10 1.41604e+10 1.2417e+10 1.09199e+10 9.57175e+09 8.43636e+09 7.27075e+09 6.47357e+09 5.72094e+09 5.05016e+09 4.53925e+09 4.14691e+09 3.76205e+09 3.52173e+09 3.376e+09 3.2314e+09 3.09158e+09 2.9901e+09 2.99721e+09 0 0 0 0 0 0 0 0 0 0 0 0 0 0 0 0 0 0 0 0 0 0 0 0 0 0 0 0 0 0 0 0 
0 0 0 0 0 0 0 0 5.86651e+08 8.30254e+09 2.84092e+10 5.04099e+10 6.47362e+10 7.05851e+10 7.1099e+10 6.79383e+10 6.32753e+10 5.7857e+10 5.25924e+10 4.80671e+10 4.3688e+10 3.91365e+10 3.58896e+10 3.26187e+10 3.00825e+10 2.79028e+10 2.59022e+10 2.45883e+10 2.34968e+10 2.2487e+10 2.20344e+10 2.14146e+10 2.12871e+10 0 0 0 0 0 0 0 0 0 0 0 0 0 0 0 0 0 0 0 0 0 0 0 0 0 0 0 0 0 0 0 0 
0 0 0 0 0 0 0 0 0 5.92956e+09 4.09044e+10 1.11359e+11 1.86464e+11 2.41825e+11 2.72012e+11 2.84468e+11 2.82845e+11 2.74025e+11 2.60149e+11 2.43292e+11 2.25132e+11 2.12092e+11 1.97894e+11 1.87356e+11 1.74587e+11 1.64129e+11 1.56493e+11 1.49302e+11 1.42885e+11 1.39331e+11 1.36649e+11 1.33861e+11 1.33785e+11 0 0 0 0 0 0 0 0 0 0 0 0 0 0 0 0 0 0 0 0 0 0 0 0 0 0 0 0 0 0 0 0 
0 0 0 0 0 0 0 0 0 1.96546e+09 3.76315e+10 1.74314e+11 4.10261e+11 6.66687e+11 8.72924e+11 1.01687e+12 1.09211e+12 1.12818e+12 1.12234e+12 1.09871e+12 1.07475e+12 1.03023e+12 9.86293e+11 9.37696e+11 9.0044e+11 8.67131e+11 8.38042e+11 8.07819e+11 7.84987e+11 7.71581e+11 7.5187e+11 7.42976e+11 7.42348e+11 0 0 0 0 0 0 0 0 0 0 0 0 0 0 0 0 0 0 0 0 0 0 0 0 0 0 0 0 0 0 0 0 
0 0 0 0 0 0 0 0 0 0 2.05077e+10 1.86585e+11 6.72772e+11 1.43908e+12 2.30323e+12 3.04959e+12 3.65252e+12 4.03985e+12 4.29402e+12 4.41129e+12 4.43053e+12 4.44139e+12 4.3584e+12 4.27629e+12 4.21032e+12 4.11206e+12 4.01137e+12 3.92962e+12 3.85154e+12 3.80301e+12 3.75106e+12 3.71691e+12 3.70011e+12 0 0 0 0 0 0 0 0 0 0 0 0 0 0 0 0 0 0 0 0 0 0 0 0 0 0 0 0 0 0 0 0 
0 0 0 0 0 0 0 0 0 0 5.31068e+09 1.3093e+11 7.85217e+11 2.39442e+12 4.82644e+12 7.639e+12 1.02705e+13 1.25181e+13 1.43369e+13 1.56145e+13 1.64458e+13 1.69675e+13 1.73988e+13 1.75628e+13 1.74965e+13 1.72896e+13 1.71926e+13 1.71602e+13 1.71012e+13 1.68494e+13 1.67848e+13 1.66119e+13 1.67028e+13 0 0 0 0 0 0 0 0 0 0 0 0 0 0 0 0 0 0 0 0 0 0 0 0 0 0 0 0 0 0 0 0 
0 0 0 0 0 0 0 0 0 0 0 5.61144e+10 6.4357e+11 2.94028e+12 7.94572e+12 1.5423e+13 2.4289e+13 3.3212e+13 4.13443e+13 4.82622e+13 5.40327e+13 5.84644e+13 6.19884e+13 6.3947e+13 6.59443e+13 6.71593e+13 6.76642e+13 6.77645e+13 6.86018e+13 6.84934e+13 6.82934e+13 6.84765e+13 6.83018e+13 0 0 0 0 0 0 0 0 0 0 0 0 0 0 0 0 0 0 0 0 0 0 0 0 0 0 0 0 0 0 0 0 
0 0 0 0 0 0 0 0 0 0 0 1.16383e+10 3.55351e+11 2.65218e+12 1.00562e+13 2.49019e+13 4.69513e+13 7.3557e+13 1.01798e+14 1.2948e+14 1.54349e+14 1.76209e+14 1.93594e+14 2.09726e+14 2.21075e+14 2.30059e+14 2.39083e+14 2.44268e+14 2.47262e+14 2.49644e+14 2.51243e+14 2.5282e+14 2.52025e+14 0 0 0 0 0 0 0 0 0 0 0 0 0 0 0 0 0 0 0 0 0 0 0 0 0 0 0 0 0 0 0 0 
0 0 0 0 0 0 0 0 0 0 0 0 1.22493e+11 1.7066e+12 9.55227e+12 3.16459e+13 7.36435e+13 1.36181e+14 2.12706e+14 2.96756e+14 3.82652e+14 4.63224e+14 5.40564e+14 6.05736e+14 6.63112e+14 7.10383e+14 7.49257e+14 7.82344e+14 8.06077e+14 8.2258e+14 8.35773e+14 8.38029e+14 8.43901e+14 0 0 0 0 0 0 0 0 0 0 0 0 0 0 0 0 0 0 0 0 0 0 0 0 0 0 0 0 0 0 0 0 
0 0 0 0 0 0 0 0 0 0 0 0 2.07813e+10 7.59467e+11 6.7999e+12 3.09835e+13 9.23556e+13 2.05205e+14 3.72427e+14 5.83489e+14 8.22111e+14 1.07113e+15 1.31655e+15 1.55181e+15 1.76627e+15 1.95484e+15 2.12143e+15 2.25694e+15 2.35993e+15 2.43657e+15 2.49067e+15 2.53161e+15 2.54816e+15 0 0 0 0 0 0 0 0 0 0 0 0 0 0 0 0 0 0 0 0 0 0 0 0 0 0 0 0 0 0 0 0 
0 0 0 0 0 0 0 0 0 0 0 0 0 2.13974e+11 3.51333e+12 2.33282e+13 9.16295e+13 2.51432e+14 5.3925e+14 9.62091e+14 1.50736e+15 2.13892e+15 2.81557e+15 3.50222e+15 4.15976e+15 4.79758e+15 5.32332e+15 5.79419e+15 6.17013e+15 6.49486e+15 6.73394e+15 6.85382e+15 6.90368e+15 0 0 0 0 0 0 0 0 0 0 0 0 0 0 0 0 0 0 0 0 0 0 0 0 0 0 0 0 0 0 0 0 
0 0 0 0 0 0 0 0 0 0 0 0 0 3.03991e+10 1.28468e+12 1.3371e+13 7.12315e+13 2.48057e+14 6.3913e+14 1.32622e+15 2.3327e+15 3.64767e+15 5.18558e+15 6.86003e+15 8.6046e+15 1.02639e+16 1.18549e+16 1.32771e+16 1.44952e+16 1.55098e+16 1.62032e+16 1.65949e+16 1.67851e+16 0 0 0 0 0 0 0 0 0 0 0 0 0 0 0 0 0 0 0 0 0 0 0 0 0 0 0 0 0 0 0 0 
0 0 0 0 0 0 0 0 0 0 0 0 0 0 3.02166e+11 5.67937e+12 4.32765e+13 1.96009e+14 6.174e+14 1.50972e+15 3.0426e+15 5.29006e+15 8.21457e+15 1.16938e+16 1.55103e+16 1.94645e+16 2.34042e+16 2.70103e+16 3.0219e+16 3.27505e+16 3.46933e+16 3.59662e+16 3.611e+16 0 0 0 0 0 0 0 0 0 0 0 0 0 0 0 0 0 0 0 0 0 0 0 0 0 0 0 0 0 0 0 0 
0 0 0 0 0 0 0 0 0 0 0 0 0 0 3.64666e+10 1.72914e+12 2.03504e+13 1.23092e+14 4.88726e+14 1.42333e+15 3.31365e+15 6.4776e+15 1.11297e+16 1.71397e+16 2.43042e+16 3.22484e+16 4.03586e+16 4.82143e+16 5.52498e+16 6.11637e+16 6.57611e+16 6.84397e+16 6.96752e+16 0 0 0 0 0 0 0 0 0 0 0 0 0 0 0 0 0 0 0 0 0 0 0 0 0 0 0 0 0 0 0 0 
0 0 0 0 0 0 0 0 0 0 0 0 0 0 0 3.45781e+11 7.20613e+12 6.13912e+13 3.11467e+14 1.1025e+15 3.00745e+15 6.71176e+15 1.2764e+16 2.15314e+16 3.27896e+16 4.61084e+16 6.05714e+16 7.51564e+16 8.90773e+16 1.01125e+17 1.10164e+17 1.15907e+17 1.1803e+17 0 0 0 0 0 0 0 0 0 0 0 0 0 0 0 0 0 0 0 0 0 0 0 0 0 0 0 0 0 0 0 0 
0 0 0 0 0 0 0 0 0 0 0 0 0 0 0 3.60947e+10 1.86572e+12 2.40641e+13 1.60799e+14 7.0781e+14 2.27636e+15 5.83561e+15 1.24687e+16 2.30996e+16 3.81199e+16 5.70433e+16 7.9109e+16 1.02674e+17 1.25142e+17 1.45693e+17 1.61628e+17 1.71751e+17 1.74812e+17 0 0 0 0 0 0 0 0 0 0 0 0 0 0 0 0 0 0 0 0 0 0 0 0 0 0 0 0 0 0 0 0 
0 0 0 0 0 0 0 0 0 0 0 0 0 0 0 0 3.21924e+11 7.25066e+12 6.71548e+13 3.70977e+14 1.44137e+15 4.26559e+15 1.03247e+16 2.11312e+16 3.79578e+16 6.1036e+16 8.94324e+16 1.213e+17 1.54511e+17 1.83712e+17 2.07483e+17 2.23541e+17 2.28769e+17 0 0 0 0 0 0 0 0 0 0 0 0 0 0 0 0 0 0 0 0 0 0 0 0 0 0 0 0 0 0 0 0 
0 0 0 0 0 0 0 0 0 0 0 0 0 0 0 0 2.96562e+10 1.62215e+12 2.23264e+13 1.60391e+14 7.57706e+14 2.64333e+15 7.25899e+15 1.65495e+16 3.24355e+16 5.62504e+16 8.7683e+16 1.24944e+17 1.64325e+17 2.02444e+17 2.33879e+17 2.54409e+17 2.6214e+17 0 0 0 0 0 0 0 0 0 0 0 0 0 0 0 0 0 0 0 0 0 0 0 0 0 0 0 0 0 0 0 0 
0 0 0 0 0 0 0 0 0 0 0 0 0 0 0 0 0 2.45062e+11 5.78354e+12 5.67648e+13 3.33524e+14 1.37434e+15 4.33081e+15 1.11168e+16 2.39195e+16 4.47659e+16 7.44032e+16 1.11564e+17 1.5317e+17 1.94088e+17 2.29459e+17 2.52298e+17 2.60339e+17 0 0 0 0 0 0 0 0 0 0 0 0 0 0 0 0 0 0 0 0 0 0 0 0 0 0 0 0 0 0 0 0 
0 0 0 0 0 0 0 0 0 0 0 0 0 0 0 0 0 2.02841e+10 1.13468e+12 1.62402e+13 1.22624e+14 6.07934e+14 2.22251e+15 6.37183e+15 1.51746e+16 3.08247e+16 5.48095e+16 8.69089e+16 1.2429e+17 1.6293e+17 1.95878e+17 2.19386e+17 2.27666e+17 0 0 0 0 0 0 0 0 0 0 0 0 0 0 0 0 0 0 0 0 0 0 0 0 0 0 0 0 0 0 0 0 
0 0 0 0 0 0 0 0 0 0 0 0 0 0 0 0 0 0 1.52745e+11 3.698e+12 3.74321e+13 2.27019e+14 9.70669e+14 3.16889e+15 8.37829e+15 1.84595e+16 3.51539e+16 5.89373e+16 8.83497e+16 1.19768e+17 1.47779e+17 1.66743e+17 1.73887e+17 0 0 0 0 0 0 0 0 0 0 0 0 0 0 0 0 0 0 0 0 0 0 0 0 0 0 0 0 0 0 0 0 
0 0 0 0 0 0 0 0 0 0 0 0 0 0 0 0 0 0 1.16346e+10 6.44954e+11 9.34409e+12 7.20496e+13 3.65636e+14 1.36579e+15 3.99105e+15 9.63479e+15 1.97564e+16 3.50328e+16 5.50581e+16 7.69797e+16 9.77416e+16 1.12372e+17 1.172e+17 0 0 0 0 0 0 0 0 0 0 0 0 0 0 0 0 0 0 0 0 0 0 0 0 0 0 0 0 0 0 0 0 
0 0 0 0 0 0 0 0 0 0 0 0 0 0 0 0 0 0 0 7.83655e+10 1.89586e+12 1.91872e+13 1.17817e+14 5.09889e+14 1.67468e+15 4.43591e+15 9.74996e+15 1.84148e+16 3.02404e+16 4.39837e+16 5.69448e+16 6.65914e+16 7.01142e+16 0 0 0 0 0 0 0 0 0 0 0 0 0 0 0 0 0 0 0 0 0 0 0 0 0 0 0 0 0 0 0 0 
0 0 0 0 0 0 0 0 0 0 0 0 0 0 0 0 0 0 0 5.69149e+09 2.97243e+11 4.28418e+12 3.2881e+13 1.64943e+14 6.15664e+14 1.79593e+15 4.26325e+15 8.55062e+15 1.47353e+16 2.22104e+16 2.95505e+16 3.49934e+16 3.70783e+16 0 0 0 0 0 0 0 0 0 0 0 0 0 0 0 0 0 0 0 0 0 0 0 0 0 0 0 0 0 0 0 0 
0 0 0 0 0 0 0 0 0 0 0 0 0 0 0 0 0 0 0 0 3.33663e+10 7.80005e+11 7.797e+12 4.71078e+13 1.99496e+14 6.42296e+14 1.66111e+15 3.5476e+15 6.43936e+15 1.0057e+16 1.37532e+16 1.64746e+16 1.75376e+16 0 0 0 0 0 0 0 0 0 0 0 0 0 0 0 0 0 0 0 0 0 0 0 0 0 0 0 0 0 0 0 0 
0 0 0 0 0 0 0 0 0 0 0 0 0 0 0 0 0 0 0 0 2.45249e+09 1.13154e+11 1.56303e+12 1.15763e+13 5.66002e+13 2.04955e+14 5.77881e+14 1.31428e+15 2.50546e+15 4.09512e+15 5.73877e+15 7.01262e+15 7.47639e+15 0 0 0 0 0 0 0 0 0 0 0 0 0 0 0 0 0 0 0 0 0 0 0 0 0 0 0 0 0 0 0 0 
0 0 0 0 0 0 0 0 0 0 0 0 0 0 0 0 0 0 0 0 0 1.19138e+10 2.61544e+11 2.47493e+12 1.43596e+13 5.81351e+13 1.79135e+14 4.41289e+14 8.92418e+14 1.50254e+15 2.15918e+15 2.68343e+15 2.89079e+15 0 0 0 0 0 0 0 0 0 0 0 0 0 0 0 0 0 0 0 0 0 0 0 0 0 0 0 0 0 0 0 0 
0 0 0 0 0 0 0 0 0 0 0 0 0 0 0 0 0 0 0 0 0 9.25019e+08 3.56919e+10 4.56465e+11 3.19063e+12 1.47839e+13 5.05879e+13 1.33397e+14 2.83998e+14 5.00282e+14 7.44598e+14 9.39105e+14 1.01778e+15 0 0 0 0 0 0 0 0 0 0 0 0 0 0 0 0 0 0 0 0 0 0 0 0 0 0 0 0 0 0 0 0 
0 0 0 0 0 0 0 0 0 0 0 0 0 0 0 0 0 0 0 0 0 0 3.63706e+09 7.16324e+10 6.2537e+11 3.38512e+12 1.28016e+13 3.68405e+13 8.34237e+13 1.54053e+14 2.34846e+14 3.00088e+14 3.24504e+14 0 0 0 0 0 0 0 0 0 0 0 0 0 0 0 0 0 0 0 0 0 0 0 0 0 0 0 0 0 0 0 0 
0 0 0 0 0 0 0 0 0 0 0 0 0 0 0 0 0 0 0 0 0 0 3.21799e+08 9.48678e+09 1.08233e+11 6.90396e+11 2.94927e+12 9.20836e+12 2.22864e+13 4.28232e+13 6.79833e+13 8.90162e+13 9.65888e+13 0 0 0 0 0 0 0 0 0 0 0 0 0 0 0 0 0 0 0 0 0 0 0 0 0 0 0 0 0 0 0 0 
0 0 0 0 0 0 0 0 0 0 0 0 0 0 0 0 0 0 0 0 0 0 0 9.62982e+08 1.63038e+10 1.26583e+11 6.20499e+11 2.12508e+12 5.50146e+12 1.11634e+13 1.8061e+13 2.4164e+13 2.63685e+13 0 0 0 0 0 0 0 0 0 0 0 0 0 0 0 0 0 0 0 0 0 0 0 0 0 0 0 0 0 0 0 0 
0 0 0 0 0 0 0 0 0 0 0 0 0 0 0 0 0 0 0 0 0 0 0 1.03966e+08 2.18115e+09 2.09367e+10 1.17612e+11 4.50652e+11 1.25506e+12 2.66344e+12 4.5013e+12 6.10998e+12 6.83177e+12 0 0 0 0 0 0 0 0 0 0 0 0 0 0 0 0 0 0 0 0 0 0 0 0 0 0 0 0 0 0 0 0 
0 0 0 0 0 0 0 0 0 0 0 0 0 0 0 0 0 0 0 0 0 0 0 0 2.23709e+08 3.16997e+09 2.09906e+10 8.92977e+10 2.68224e+11 5.99861e+11 1.0545e+12 1.45998e+12 1.61428e+12 0 0 0 0 0 0 0 0 0 0 0 0 0 0 0 0 0 0 0 0 0 0 0 0 0 0 0 0 0 0 0 0 
0 0 0 0 0 0 0 0 0 0 0 0 0 0 0 0 0 0 0 0 0 0 0 0 3.13365e+07 4.45387e+08 3.41498e+09 1.64357e+10 5.39219e+10 1.27982e+11 2.31185e+11 3.27765e+11 3.69658e+11 0 0 0 0 0 0 0 0 0 0 0 0 0 0 0 0 0 0 0 0 0 0 0 0 0 0 0 0 0 0 0 0 
0 0 0 0 0 0 0 0 0 0 0 0 0 0 0 0 0 0 0 0 0 0 0 0 0 4.55847e+07 5.35998e+08 2.88096e+09 1.02126e+10 2.61026e+10 4.85769e+10 7.06024e+10 7.97035e+10 0 0 0 0 0 0 0 0 0 0 0 0 0 0 0 0 0 0 0 0 0 0 0 0 0 0 0 0 0 0 0 0 
0 0 0 0 0 0 0 0 0 0 0 0 0 0 0 0 0 0 0 0 0 0 0 0 0 8.52986e+06 8.0961e+07 4.72077e+08 1.8801e+09 5.0613e+09 9.97891e+09 1.47379e+10 1.66822e+10 0 0 0 0 0 0 0 0 0 0 0 0 0 0 0 0 0 0 0 0 0 0 0 0 0 0 0 0 0 0 0 0 
0 0 0 0 0 0 0 0 0 0 0 0 0 0 0 0 0 0 0 0 0 0 0 0 0 0 7.89158e+06 8.03647e+07 3.35938e+08 9.45664e+08 1.99145e+09 2.95679e+09 3.43079e+09 0 0 0 0 0 0 0 0 0 0 0 0 0 0 0 0 0 0 0 0 0 0 0 0 0 0 0 0 0 0 0 0 
0 0 0 0 0 0 0 0 0 0 0 0 0 0 0 0 0 0 0 0 0 0 0 0 0 0 2.06234e+06 1.28199e+07 5.61466e+07 1.84247e+08 3.826e+08 6.01811e+08 6.82438e+08 0 0 0 0 0 0 0 0 0 0 0 0 0 0 0 0 0 0 0 0 0 0 0 0 0 0 0 0 0 0 0 0 
0 0 0 0 0 0 0 0 0 0 0 0 0 0 0 0 0 0 0 0 0 0 0 0 0 0 0 1.08837e+06 1.07601e+07 3.26739e+07 7.24035e+07 1.21246e+08 1.36615e+08 0 0 0 0 0 0 0 0 0 0 0 0 0 0 0 0 0 0 0 0 0 0 0 0 0 0 0 0 0 0 0 0 
0 0 0 0 0 0 0 0 0 0 0 0 0 0 0 0 0 0 0 0 0 0 0 0 0 0 0 426489 1.6893e+06 5.59384e+06 1.52052e+07 2.20254e+07 2.88005e+07 0 0 0 0 0 0 0 0 0 0 0 0 0 0 0 0 0 0 0 0 0 0 0 0 0 0 0 0 0 0 0 0 
0 0 0 0 0 0 0 0 0 0 0 0 0 0 0 0 0 0 0 0 0 0 0 0 0 0 0 0 112907 1.24239e+06 2.42416e+06 4.60725e+06 5.28223e+06 0 0 0 0 0 0 0 0 0 0 0 0 0 0 0 0 0 0 0 0 0 0 0 0 0 0 0 0 0 0 0 0 
0 0 0 0 0 0 0 0 0 0 0 0 0 0 0 0 0 0 0 0 0 0 0 0 0 0 0 0 73066.5 170639 452747 964941 931162 0 0 0 0 0 0 0 0 0 0 0 0 0 0 0 0 0 0 0 0 0 0 0 0 0 0 0 0 0 0 0 0 
0 0 0 0 0 0 0 0 0 0 0 0 0 0 0 0 0 0 0 0 0 0 0 0 0 0 0 0 0 7758.32 116536 111430 236437 0 0 0 0 0 0 0 0 0 0 0 0 0 0 0 0 0 0 0 0 0 0 0 0 0 0 0 0 0 0 0 0 
0 0 0 0 0 0 0 0 0 0 0 0 0 0 0 0 0 0 0 0 0 0 0 0 0 0 0 0 0 9849.82 11497.3 32349.1 37479.8 0 0 0 0 0 0 0 0 0 0 0 0 0 0 0 0 0 0 0 0 0 0 0 0 0 0 0 0 0 0 0 0 
0 0 0 0 0 0 0 0 0 0 0 0 0 0 0 0 0 0 0 0 0 0 0 0 0 0 0 0 0 0 259.345 7672.34 2062.75 0 0 0 0 0 0 0 0 0 0 0 0 0 0 0 0 0 0 0 0 0 0 0 0 0 0 0 0 0 0 0 0 
0 0 0 0 0 0 0 0 0 0 0 0 0 0 0 0 0 0 0 0 0 0 0 0 0 0 0 0 0 0 979.078 384.061 1901.96 0 0 0 0 0 0 0 0 0 0 0 0 0 0 0 0 0 0 0 0 0 0 0 0 0 0 0 0 0 0 0 0 
0 0 0 0 0 0 0 0 0 0 0 0 0 0 0 0 0 0 0 0 0 0 0 0 0 0 0 0 0 0 0 0 255.971 0 0 0 0 0 0 0 0 0 0 0 0 0 0 0 0 0 0 0 0 0 0 0 0 0 0 0 0 0 0 0 0 
0 0 0 0 0 0 0 0 0 0 0 0 0 0 0 0 0 0 0 0 0 0 0 0 0 0 0 0 0 0 0 63.1663 0 0 0 0 0 0 0 0 0 0 0 0 0 0 0 0 0 0 0 0 0 0 0 0 0 0 0 0 0 0 0 0 0 
0 0 0 0 0 0 0 0 0 0 0 0 0 0 0 0 0 0 0 0 0 0 0 0 0 0 0 0 0 0 0 0 0 0 0 0 0 0 0 0 0 0 0 0 0 0 0 0 0 0 0 0 0 0 0 0 0 0 0 0 0 0 0 0 0 
0 0 0 0 0 0 0 0 0 0 0 0 0 0 0 0 0 0 0 0 0 0 0 0 0 0 0 0 0 0 0 0 1.97395 0 0 0 0 0 0 0 0 0 0 0 0 0 0 0 0 0 0 0 0 0 0 0 0 0 0 0 0 0 0 0 0 
