1 0 0 0 0 0 0 0 0 0 0 0 0 0 0 0 0 0 0 0 0 0 0 0 0 0 0 0 0 0 0 0 0 0 0 0 0 0 0 0 0 0 0 0 0 0 0 0 0 0 0 0 0 0 0 0 0 0 0 0 0 0 0 0 1 
0 0 0 0 0 0 0 0 0 0 0 0 0 0 0 0 0 0 0 0 0 0 0 0 0 0 0 0 0 0 0 0 0 0 0 0 0 0 0 0 0 0 0 0 0 0 0 0 0 0 0 0 0 0 0 0 0 0 0 0 0 0 0 0 0 
0 64 0 0 0 0 0 0 0 0 0 0 0 0 0 0 0 0 0 0 0 0 0 0 0 0 0 0 0 0 0 0 0 0 0 0 0 0 0 0 0 0 0 0 0 0 0 0 0 0 0 0 0 0 0 0 0 0 0 0 0 0 0 0 0 
0 0 128 0 0 0 0 0 0 0 0 0 0 0 0 0 0 0 0 0 0 0 0 0 0 0 0 0 0 0 0 0 0 0 0 0 0 0 0 0 0 0 0 0 0 0 0 0 0 0 0 0 0 0 0 0 0 0 0 0 0 0 0 0 0 
0 0 1888 385.866 63.8643 0 0 0 0 0 0 0 0 0 0 0 0 0 0 0 0 0 0 0 0 0 0 0 0 0 0 0 0 0 0 0 0 0 0 0 0 0 0 0 0 0 0 0 0 0 0 0 0 0 0 0 0 0 0 0 0 0 0 0 0 
0 0 0 7164.27 1144.36 505.343 122.679 0 0 0 0 0 0 0 0 0 0 0 0 0 0 0 0 0 0 0 0 0 0 0 0 0 0 0 0 0 0 0 0 0 0 0 0 0 0 0 0 0 0 0 0 0 0 0 0 0 0 0 0 0 0 0 0 0 0 
0 0 0 34113.9 27411.9 6812.36 2618.72 1402.44 373.328 58.8476 0 0 0 0 0 0 0 0 0 0 0 0 0 0 0 0 0 0 0 0 0 0 0 0 0 0 0 0 0 0 0 0 0 0 0 0 0 0 0 0 0 0 0 0 0 0 0 0 0 0 0 0 0 0 0 
0 0 0 0 183536 97754.3 42696.2 16953.5 8685.98 4607.8 1856.88 513.352 125.045 0 0 0 0 0 0 0 0 0 0 0 0 0 0 0 0 0 0 0 0 0 0 0 0 0 0 0 0 0 0 0 0 0 0 0 0 0 0 0 0 0 0 0 0 0 0 0 0 0 0 0 0 
0 0 0 0 423220 828819 414353 222301 120763 58419.8 33568.6 19211.5 9578.74 4214.96 1315.89 381.534 71.1469 0 0 0 0 0 0 0 13.6422 0 0 0 0 0 0 0 14.877 0 0 0 0 0 0 0 0 0 0 0 0 0 0 0 0 0 0 0 0 0 0 0 0 0 0 0 0 0 0 0 0 
0 0 0 0 0 2.86028e+06 3.33238e+06 1.9798e+06 1.14359e+06 727627 417220 256161 155055 94840.3 55696.1 29752.1 13584.8 5522.55 2220 781.244 343.453 278.612 267.56 253.728 0 285.973 247.426 254.337 237.144 248.878 275.557 246.976 0 0 0 0 0 0 0 0 0 0 0 0 0 0 0 0 0 0 0 0 0 0 0 0 0 0 0 0 0 0 0 0 0 
0 0 0 0 0 3.83034e+06 1.46036e+07 1.35992e+07 9.39535e+06 6.06754e+06 4.04386e+06 2.67176e+06 1.81086e+06 1.18611e+06 798316 510763 323616 202945 116407 69643.1 37471.3 21189 13045.6 10689.6 11457.8 9389.35 9503.05 9153.54 9040.69 9384.9 9118.22 9591.97 11169 0 0 0 0 0 0 0 0 0 0 0 0 0 0 0 0 0 0 0 0 0 0 0 0 0 0 0 0 0 0 0 0 
0 0 0 0 0 0 3.03124e+07 6.37039e+07 5.75478e+07 4.32076e+07 3.14312e+07 2.24526e+07 1.59998e+07 1.13475e+07 8.24549e+06 5.74938e+06 4.15271e+06 3.00585e+06 2.08908e+06 1.45899e+06 1.04552e+06 719972 493764 367517 285575 253953 230258 218842 216654 219813 224964 215390 204648 0 0 0 0 0 0 0 0 0 0 0 0 0 0 0 0 0 0 0 0 0 0 0 0 0 0 0 0 0 0 0 0 
0 0 0 0 0 0 2.62662e+07 1.69348e+08 2.62864e+08 2.46858e+08 1.98877e+08 1.56423e+08 1.1939e+08 8.95948e+07 6.89255e+07 5.34196e+07 4.01462e+07 3.09448e+07 2.35972e+07 1.78921e+07 1.39945e+07 1.06783e+07 8.35129e+06 6.46517e+06 5.45002e+06 4.67746e+06 4.0784e+06 3.723e+06 3.42917e+06 3.29613e+06 3.23988e+06 3.20244e+06 3.21219e+06 0 0 0 0 0 0 0 0 0 0 0 0 0 0 0 0 0 0 0 0 0 0 0 0 0 0 0 0 0 0 0 0 
0 0 0 0 0 0 0 2.3272e+08 7.84657e+08 1.07006e+09 1.04577e+09 9.04626e+08 7.50695e+08 6.14994e+08 4.9412e+08 3.96992e+08 3.18643e+08 2.54554e+08 2.0861e+08 1.69801e+08 1.38102e+08 1.12504e+08 9.22945e+07 7.6768e+07 6.57923e+07 5.87809e+07 5.0797e+07 4.63378e+07 4.31277e+07 4.11546e+07 3.86139e+07 3.69647e+07 3.70166e+07 0 0 0 0 0 0 0 0 0 0 0 0 0 0 0 0 0 0 0 0 0 0 0 0 0 0 0 0 0 0 0 0 
0 0 0 0 0 0 0 1.39624e+08 1.38537e+09 3.29695e+09 4.28453e+09 4.33622e+09 3.9972e+09 3.51405e+09 2.99949e+09 2.52133e+09 2.13517e+09 1.8021e+09 1.52922e+09 1.28691e+09 1.09594e+09 9.33865e+08 7.977e+08 6.93993e+08 6.16027e+08 5.36867e+08 4.84521e+08 4.46434e+08 4.1402e+08 3.9312e+08 3.76073e+08 3.72326e+08 3.67056e+08 0 0 0 0 0 0 0 0 0 0 0 0 0 0 0 0 0 0 0 0 0 0 0 0 0 0 0 0 0 0 0 0 
0 0 0 0 0 0 0 0 1.33941e+09 6.67253e+09 1.31354e+10 1.68128e+10 1.76649e+10 1.70056e+10 1.57138e+10 1.41066e+10 1.24343e+10 1.10385e+10 9.49842e+09 8.45947e+09 7.33177e+09 6.44903e+09 5.78294e+09 5.15583e+09 4.56107e+09 4.20001e+09 3.79862e+09 3.54973e+09 3.32992e+09 3.14891e+09 3.08179e+09 3.03092e+09 3.02608e+09 0 0 0 0 0 0 0 0 0 0 0 0 0 0 0 0 0 0 0 0 0 0 0 0 0 0 0 0 0 0 0 0 
0 0 0 0 0 0 0 0 5.85648e+08 8.31551e+09 2.83671e+10 5.043e+10 6.46978e+10 7.04412e+10 7.09566e+10 6.82411e+10 6.37483e+10 5.84631e+10 5.35193e+10 4.8491e+10 4.35115e+10 3.97555e+10 3.61749e+10 3.28069e+10 3.00191e+10 2.78787e+10 2.65104e+10 2.42861e+10 2.28012e+10 2.22624e+10 2.16345e+10 2.17189e+10 2.14387e+10 0 0 0 0 0 0 0 0 0 0 0 0 0 0 0 0 0 0 0 0 0 0 0 0 0 0 0 0 0 0 0 0 
0 0 0 0 0 0 0 0 0 5.92387e+09 4.09797e+10 1.11274e+11 1.86801e+11 2.41627e+11 2.72035e+11 2.83125e+11 2.82707e+11 2.71857e+11 2.60649e+11 2.44825e+11 2.30174e+11 2.11807e+11 2.00202e+11 1.85456e+11 1.75623e+11 1.64299e+11 1.54899e+11 1.46265e+11 1.41999e+11 1.38482e+11 1.35429e+11 1.34048e+11 1.33612e+11 0 0 0 0 0 0 0 0 0 0 0 0 0 0 0 0 0 0 0 0 0 0 0 0 0 0 0 0 0 0 0 0 
0 0 0 0 0 0 0 0 0 1.96475e+09 3.76311e+10 1.74281e+11 4.10753e+11 6.67994e+11 8.7497e+11 1.01156e+12 1.08995e+12 1.13104e+12 1.13298e+12 1.10875e+12 1.07132e+12 1.02553e+12 9.87725e+11 9.42595e+11 9.01276e+11 8.67428e+11 8.27329e+11 8.00086e+11 7.80809e+11 7.64709e+11 7.57121e+11 7.42947e+11 7.39255e+11 0 0 0 0 0 0 0 0 0 0 0 0 0 0 0 0 0 0 0 0 0 0 0 0 0 0 0 0 0 0 0 0 
0 0 0 0 0 0 0 0 0 0 2.04869e+10 1.86796e+11 6.71169e+11 1.44384e+12 2.29686e+12 3.06302e+12 3.64484e+12 4.05136e+12 4.29604e+12 4.43975e+12 4.45065e+12 4.42042e+12 4.36776e+12 4.29529e+12 4.18873e+12 4.09227e+12 3.99373e+12 3.93193e+12 3.86171e+12 3.78908e+12 3.7309e+12 3.74982e+12 3.74752e+12 0 0 0 0 0 0 0 0 0 0 0 0 0 0 0 0 0 0 0 0 0 0 0 0 0 0 0 0 0 0 0 0 
0 0 0 0 0 0 0 0 0 0 5.30788e+09 1.30889e+11 7.85399e+11 2.38463e+12 4.8404e+12 7.61279e+12 1.02684e+13 1.25747e+13 1.42783e+13 1.55487e+13 1.64851e+13 1.70988e+13 1.72942e+13 1.74301e+13 1.74924e+13 1.74387e+13 1.73572e+13 1.70932e+13 1.70348e+13 1.69533e+13 1.68759e+13 1.68011e+13 1.67747e+13 0 0 0 0 0 0 0 0 0 0 0 0 0 0 0 0 0 0 0 0 0 0 0 0 0 0 0 0 0 0 0 0 
0 0 0 0 0 0 0 0 0 0 0 5.60778e+10 6.44239e+11 2.94273e+12 7.95158e+12 1.54596e+13 2.43037e+13 3.30644e+13 4.13113e+13 4.82476e+13 5.39485e+13 5.81197e+13 6.14932e+13 6.407e+13 6.55429e+13 6.66092e+13 6.74085e+13 6.77797e+13 6.82584e+13 6.8439e+13 6.83497e+13 6.83841e+13 6.85434e+13 0 0 0 0 0 0 0 0 0 0 0 0 0 0 0 0 0 0 0 0 0 0 0 0 0 0 0 0 0 0 0 0 
0 0 0 0 0 0 0 0 0 0 0 1.16127e+10 3.55805e+11 2.65293e+12 1.00216e+13 2.49362e+13 4.69296e+13 7.37072e+13 1.01919e+14 1.29238e+14 1.5437e+14 1.75407e+14 1.93721e+14 2.09161e+14 2.20588e+14 2.30091e+14 2.36562e+14 2.41253e+14 2.44971e+14 2.48427e+14 2.5033e+14 2.52008e+14 2.51575e+14 0 0 0 0 0 0 0 0 0 0 0 0 0 0 0 0 0 0 0 0 0 0 0 0 0 0 0 0 0 0 0 0 
0 0 0 0 0 0 0 0 0 0 0 0 1.22069e+11 1.7085e+12 9.57034e+12 3.1583e+13 7.36834e+13 1.35794e+14 2.12744e+14 2.97477e+14 3.82608e+14 4.65213e+14 5.40597e+14 6.05566e+14 6.62814e+14 7.08827e+14 7.4906e+14 7.82558e+14 8.04728e+14 8.24199e+14 8.35584e+14 8.45196e+14 8.48165e+14 0 0 0 0 0 0 0 0 0 0 0 0 0 0 0 0 0 0 0 0 0 0 0 0 0 0 0 0 0 0 0 0 
0 0 0 0 0 0 0 0 0 0 0 0 2.0732e+10 7.58789e+11 6.79724e+12 3.09567e+13 9.24266e+13 2.05622e+14 3.72383e+14 5.83586e+14 8.22395e+14 1.07429e+15 1.31739e+15 1.55032e+15 1.77206e+15 1.96443e+15 2.12604e+15 2.26111e+15 2.36911e+15 2.4444e+15 2.508e+15 2.52652e+15 2.54996e+15 0 0 0 0 0 0 0 0 0 0 0 0 0 0 0 0 0 0 0 0 0 0 0 0 0 0 0 0 0 0 0 0 
0 0 0 0 0 0 0 0 0 0 0 0 0 2.13915e+11 3.5185e+12 2.33624e+13 9.15677e+13 2.51614e+14 5.39728e+14 9.61403e+14 1.50629e+15 2.13264e+15 2.82059e+15 3.50824e+15 4.15872e+15 4.78102e+15 5.33629e+15 5.80951e+15 6.2021e+15 6.53009e+15 6.74034e+15 6.85776e+15 6.91859e+15 0 0 0 0 0 0 0 0 0 0 0 0 0 0 0 0 0 0 0 0 0 0 0 0 0 0 0 0 0 0 0 0 
0 0 0 0 0 0 0 0 0 0 0 0 0 3.0221e+10 1.28338e+12 1.33783e+13 7.11345e+13 2.48091e+14 6.38134e+14 1.32746e+15 2.33443e+15 3.65023e+15 5.17867e+15 6.85674e+15 8.62404e+15 1.02968e+16 1.18642e+16 1.33269e+16 1.4561e+16 1.54812e+16 1.6221e+16 1.66617e+16 1.6811e+16 0 0 0 0 0 0 0 0 0 0 0 0 0 0 0 0 0 0 0 0 0 0 0 0 0 0 0 0 0 0 0 0 
0 0 0 0 0 0 0 0 0 0 0 0 0 0 3.02269e+11 5.67628e+12 4.33066e+13 1.95459e+14 6.1886e+14 1.50835e+15 3.03864e+15 5.28322e+15 8.22865e+15 1.17117e+16 1.55138e+16 1.95131e+16 2.33855e+16 2.69728e+16 3.01539e+16 3.28482e+16 3.47301e+16 3.59664e+16 3.6182e+16 0 0 0 0 0 0 0 0 0 0 0 0 0 0 0 0 0 0 0 0 0 0 0 0 0 0 0 0 0 0 0 0 
0 0 0 0 0 0 0 0 0 0 0 0 0 0 3.62372e+10 1.72871e+12 2.03762e+13 1.23138e+14 4.87386e+14 1.42234e+15 3.31939e+15 6.49107e+15 1.10997e+16 1.71349e+16 2.43013e+16 3.21983e+16 4.02973e+16 4.82163e+16 5.53224e+16 6.14039e+16 6.58937e+16 6.85279e+16 6.96428e+16 0 0 0 0 0 0 0 0 0 0 0 0 0 0 0 0 0 0 0 0 0 0 0 0 0 0 0 0 0 0 0 0 
0 0 0 0 0 0 0 0 0 0 0 0 0 0 0 3.46122e+11 7.22358e+12 6.15258e+13 3.11251e+14 1.10572e+15 3.00565e+15 6.70696e+15 1.27859e+16 2.15322e+16 3.27837e+16 4.60342e+16 6.06604e+16 7.5232e+16 8.90244e+16 1.00774e+17 1.09815e+17 1.15623e+17 1.1767e+17 0 0 0 0 0 0 0 0 0 0 0 0 0 0 0 0 0 0 0 0 0 0 0 0 0 0 0 0 0 0 0 0 
0 0 0 0 0 0 0 0 0 0 0 0 0 0 0 3.59188e+10 1.85877e+12 2.41151e+13 1.61224e+14 7.04375e+14 2.27767e+15 5.83426e+15 1.24655e+16 2.30754e+16 3.80465e+16 5.70508e+16 7.90711e+16 1.02432e+17 1.25199e+17 1.45423e+17 1.61633e+17 1.71832e+17 1.75274e+17 0 0 0 0 0 0 0 0 0 0 0 0 0 0 0 0 0 0 0 0 0 0 0 0 0 0 0 0 0 0 0 0 
0 0 0 0 0 0 0 0 0 0 0 0 0 0 0 0 3.22229e+11 7.26082e+12 6.72983e+13 3.72043e+14 1.43737e+15 4.26382e+15 1.03326e+16 2.11198e+16 3.80104e+16 6.11176e+16 8.9534e+16 1.2138e+17 1.54018e+17 1.83729e+17 2.07764e+17 2.2385e+17 2.28815e+17 0 0 0 0 0 0 0 0 0 0 0 0 0 0 0 0 0 0 0 0 0 0 0 0 0 0 0 0 0 0 0 0 
0 0 0 0 0 0 0 0 0 0 0 0 0 0 0 0 2.94664e+10 1.61316e+12 2.23269e+13 1.60688e+14 7.58293e+14 2.64078e+15 7.23984e+15 1.65866e+16 3.24298e+16 5.62674e+16 8.7591e+16 1.25092e+17 1.64776e+17 2.02757e+17 2.33891e+17 2.5384e+17 2.61642e+17 0 0 0 0 0 0 0 0 0 0 0 0 0 0 0 0 0 0 0 0 0 0 0 0 0 0 0 0 0 0 0 0 
0 0 0 0 0 0 0 0 0 0 0 0 0 0 0 0 0 2.45263e+11 5.79845e+12 5.68532e+13 3.34748e+14 1.37713e+15 4.33886e+15 1.10782e+16 2.39202e+16 4.46669e+16 7.4426e+16 1.11489e+17 1.5305e+17 1.94356e+17 2.28786e+17 2.52327e+17 2.60692e+17 0 0 0 0 0 0 0 0 0 0 0 0 0 0 0 0 0 0 0 0 0 0 0 0 0 0 0 0 0 0 0 0 
0 0 0 0 0 0 0 0 0 0 0 0 0 0 0 0 0 2.01289e+10 1.12617e+12 1.62849e+13 1.22631e+14 6.08046e+14 2.22182e+15 6.38764e+15 1.51875e+16 3.0826e+16 5.47699e+16 8.69437e+16 1.24401e+17 1.62514e+17 1.96479e+17 2.19669e+17 2.27126e+17 0 0 0 0 0 0 0 0 0 0 0 0 0 0 0 0 0 0 0 0 0 0 0 0 0 0 0 0 0 0 0 0 
0 0 0 0 0 0 0 0 0 0 0 0 0 0 0 0 0 0 1.53029e+11 3.68732e+12 3.73972e+13 2.275e+14 9.74069e+14 3.1737e+15 8.34998e+15 1.84743e+16 3.50845e+16 5.88001e+16 8.82446e+16 1.19648e+17 1.47898e+17 1.66944e+17 1.74396e+17 0 0 0 0 0 0 0 0 0 0 0 0 0 0 0 0 0 0 0 0 0 0 0 0 0 0 0 0 0 0 0 0 
0 0 0 0 0 0 0 0 0 0 0 0 0 0 0 0 0 0 1.1537e+10 6.3954e+11 9.37587e+12 7.20656e+13 3.642e+14 1.36803e+15 4.01422e+15 9.67153e+15 1.9806e+16 3.50409e+16 5.50492e+16 7.71469e+16 9.74763e+16 1.12247e+17 1.17346e+17 0 0 0 0 0 0 0 0 0 0 0 0 0 0 0 0 0 0 0 0 0 0 0 0 0 0 0 0 0 0 0 0 
0 0 0 0 0 0 0 0 0 0 0 0 0 0 0 0 0 0 0 7.87652e+10 1.89194e+12 1.92562e+13 1.18393e+14 5.09268e+14 1.67408e+15 4.42797e+15 9.76429e+15 1.84526e+16 3.02404e+16 4.39656e+16 5.69211e+16 6.64196e+16 6.98862e+16 0 0 0 0 0 0 0 0 0 0 0 0 0 0 0 0 0 0 0 0 0 0 0 0 0 0 0 0 0 0 0 0 
0 0 0 0 0 0 0 0 0 0 0 0 0 0 0 0 0 0 0 5.67119e+09 2.95121e+11 4.28037e+12 3.28071e+13 1.65676e+14 6.16994e+14 1.79393e+15 4.28211e+15 8.57081e+15 1.47684e+16 2.22682e+16 2.96218e+16 3.50201e+16 3.70798e+16 0 0 0 0 0 0 0 0 0 0 0 0 0 0 0 0 0 0 0 0 0 0 0 0 0 0 0 0 0 0 0 0 
0 0 0 0 0 0 0 0 0 0 0 0 0 0 0 0 0 0 0 0 3.34982e+10 7.76904e+11 7.78665e+12 4.68645e+13 1.98941e+14 6.44e+14 1.66036e+15 3.56103e+15 6.44463e+15 1.00394e+16 1.37442e+16 1.65434e+16 1.75626e+16 0 0 0 0 0 0 0 0 0 0 0 0 0 0 0 0 0 0 0 0 0 0 0 0 0 0 0 0 0 0 0 0 
0 0 0 0 0 0 0 0 0 0 0 0 0 0 0 0 0 0 0 0 2.40672e+09 1.1214e+11 1.55218e+12 1.15859e+13 5.68279e+13 2.05e+14 5.77325e+14 1.32004e+15 2.51858e+15 4.10844e+15 5.74579e+15 6.99104e+15 7.47396e+15 0 0 0 0 0 0 0 0 0 0 0 0 0 0 0 0 0 0 0 0 0 0 0 0 0 0 0 0 0 0 0 0 
0 0 0 0 0 0 0 0 0 0 0 0 0 0 0 0 0 0 0 0 0 1.20273e+10 2.60606e+11 2.47964e+12 1.43641e+13 5.8213e+13 1.7944e+14 4.39942e+14 8.90169e+14 1.50704e+15 2.17439e+15 2.68835e+15 2.89033e+15 0 0 0 0 0 0 0 0 0 0 0 0 0 0 0 0 0 0 0 0 0 0 0 0 0 0 0 0 0 0 0 0 
0 0 0 0 0 0 0 0 0 0 0 0 0 0 0 0 0 0 0 0 0 9.13237e+08 3.55511e+10 4.51851e+11 3.18849e+12 1.48033e+13 5.03572e+13 1.33849e+14 2.85233e+14 5.00283e+14 7.4527e+14 9.45268e+14 1.01725e+15 0 0 0 0 0 0 0 0 0 0 0 0 0 0 0 0 0 0 0 0 0 0 0 0 0 0 0 0 0 0 0 0 
0 0 0 0 0 0 0 0 0 0 0 0 0 0 0 0 0 0 0 0 0 0 3.67124e+09 7.16053e+10 6.25125e+11 3.38769e+12 1.27707e+13 3.64871e+13 8.29848e+13 1.52993e+14 2.32682e+14 3.02083e+14 3.26658e+14 0 0 0 0 0 0 0 0 0 0 0 0 0 0 0 0 0 0 0 0 0 0 0 0 0 0 0 0 0 0 0 0 
0 0 0 0 0 0 0 0 0 0 0 0 0 0 0 0 0 0 0 0 0 0 3.19339e+08 9.49859e+09 1.06552e+11 6.89028e+11 2.95144e+12 9.21087e+12 2.22691e+13 4.29074e+13 6.7487e+13 8.81533e+13 9.71557e+13 0 0 0 0 0 0 0 0 0 0 0 0 0 0 0 0 0 0 0 0 0 0 0 0 0 0 0 0 0 0 0 0 
0 0 0 0 0 0 0 0 0 0 0 0 0 0 0 0 0 0 0 0 0 0 0 9.67635e+08 1.64956e+10 1.25111e+11 6.16266e+11 2.11674e+12 5.47116e+12 1.11187e+13 1.81106e+13 2.40231e+13 2.65314e+13 0 0 0 0 0 0 0 0 0 0 0 0 0 0 0 0 0 0 0 0 0 0 0 0 0 0 0 0 0 0 0 0 
0 0 0 0 0 0 0 0 0 0 0 0 0 0 0 0 0 0 0 0 0 0 0 1.0427e+08 2.19158e+09 2.08304e+10 1.17349e+11 4.47701e+11 1.25074e+12 2.66506e+12 4.49781e+12 6.09835e+12 6.75446e+12 0 0 0 0 0 0 0 0 0 0 0 0 0 0 0 0 0 0 0 0 0 0 0 0 0 0 0 0 0 0 0 0 
0 0 0 0 0 0 0 0 0 0 0 0 0 0 0 0 0 0 0 0 0 0 0 0 2.27048e+08 3.18845e+09 2.07039e+10 8.85316e+10 2.65786e+11 6.02744e+11 1.05295e+12 1.46275e+12 1.62523e+12 0 0 0 0 0 0 0 0 0 0 0 0 0 0 0 0 0 0 0 0 0 0 0 0 0 0 0 0 0 0 0 0 
0 0 0 0 0 0 0 0 0 0 0 0 0 0 0 0 0 0 0 0 0 0 0 0 3.15424e+07 4.46887e+08 3.40463e+09 1.6336e+10 5.34512e+10 1.2779e+11 2.31643e+11 3.27578e+11 3.69074e+11 0 0 0 0 0 0 0 0 0 0 0 0 0 0 0 0 0 0 0 0 0 0 0 0 0 0 0 0 0 0 0 0 
0 0 0 0 0 0 0 0 0 0 0 0 0 0 0 0 0 0 0 0 0 0 0 0 0 4.58869e+07 5.39898e+08 2.87742e+09 1.01155e+10 2.60184e+10 4.89629e+10 7.09014e+10 7.98643e+10 0 0 0 0 0 0 0 0 0 0 0 0 0 0 0 0 0 0 0 0 0 0 0 0 0 0 0 0 0 0 0 0 
0 0 0 0 0 0 0 0 0 0 0 0 0 0 0 0 0 0 0 0 0 0 0 0 0 8.62839e+06 8.09153e+07 4.7506e+08 1.88707e+09 5.04676e+09 9.94567e+09 1.48751e+10 1.67882e+10 0 0 0 0 0 0 0 0 0 0 0 0 0 0 0 0 0 0 0 0 0 0 0 0 0 0 0 0 0 0 0 0 
0 0 0 0 0 0 0 0 0 0 0 0 0 0 0 0 0 0 0 0 0 0 0 0 0 0 7.92228e+06 8.17936e+07 3.37254e+08 9.47557e+08 1.98797e+09 2.96211e+09 3.44303e+09 0 0 0 0 0 0 0 0 0 0 0 0 0 0 0 0 0 0 0 0 0 0 0 0 0 0 0 0 0 0 0 0 
0 0 0 0 0 0 0 0 0 0 0 0 0 0 0 0 0 0 0 0 0 0 0 0 0 0 2.07644e+06 1.28143e+07 5.67013e+07 1.84228e+08 3.81023e+08 6.02368e+08 6.89886e+08 0 0 0 0 0 0 0 0 0 0 0 0 0 0 0 0 0 0 0 0 0 0 0 0 0 0 0 0 0 0 0 0 
0 0 0 0 0 0 0 0 0 0 0 0 0 0 0 0 0 0 0 0 0 0 0 0 0 0 0 1.09798e+06 1.09243e+07 3.25972e+07 7.32973e+07 1.20489e+08 1.35872e+08 0 0 0 0 0 0 0 0 0 0 0 0 0 0 0 0 0 0 0 0 0 0 0 0 0 0 0 0 0 0 0 0 
0 0 0 0 0 0 0 0 0 0 0 0 0 0 0 0 0 0 0 0 0 0 0 0 0 0 0 429119 1.6889e+06 5.60473e+06 1.51723e+07 2.22851e+07 2.84895e+07 0 0 0 0 0 0 0 0 0 0 0 0 0 0 0 0 0 0 0 0 0 0 0 0 0 0 0 0 0 0 0 0 
0 0 0 0 0 0 0 0 0 0 0 0 0 0 0 0 0 0 0 0 0 0 0 0 0 0 0 0 113678 1.25897e+06 2.39819e+06 4.72787e+06 5.17004e+06 0 0 0 0 0 0 0 0 0 0 0 0 0 0 0 0 0 0 0 0 0 0 0 0 0 0 0 0 0 0 0 0 
0 0 0 0 0 0 0 0 0 0 0 0 0 0 0 0 0 0 0 0 0 0 0 0 0 0 0 0 73592.1 170057 460777 968427 935759 0 0 0 0 0 0 0 0 0 0 0 0 0 0 0 0 0 0 0 0 0 0 0 0 0 0 0 0 0 0 0 0 
0 0 0 0 0 0 0 0 0 0 0 0 0 0 0 0 0 0 0 0 0 0 0 0 0 0 0 0 0 7783.63 116939 111286 241409 0 0 0 0 0 0 0 0 0 0 0 0 0 0 0 0 0 0 0 0 0 0 0 0 0 0 0 0 0 0 0 0 
0 0 0 0 0 0 0 0 0 0 0 0 0 0 0 0 0 0 0 0 0 0 0 0 0 0 0 0 0 9921.44 11487.8 32483.4 37611.4 0 0 0 0 0 0 0 0 0 0 0 0 0 0 0 0 0 0 0 0 0 0 0 0 0 0 0 0 0 0 0 0 
0 0 0 0 0 0 0 0 0 0 0 0 0 0 0 0 0 0 0 0 0 0 0 0 0 0 0 0 0 0 260.135 7674.46 2057.92 0 0 0 0 0 0 0 0 0 0 0 0 0 0 0 0 0 0 0 0 0 0 0 0 0 0 0 0 0 0 0 0 
0 0 0 0 0 0 0 0 0 0 0 0 0 0 0 0 0 0 0 0 0 0 0 0 0 0 0 0 0 0 985.105 381.606 1901.42 0 0 0 0 0 0 0 0 0 0 0 0 0 0 0 0 0 0 0 0 0 0 0 0 0 0 0 0 0 0 0 0 
0 0 0 0 0 0 0 0 0 0 0 0 0 0 0 0 0 0 0 0 0 0 0 0 0 0 0 0 0 0 0 0 254.563 0 0 0 0 0 0 0 0 0 0 0 0 0 0 0 0 0 0 0 0 0 0 0 0 0 0 0 0 0 0 0 0 
0 0 0 0 0 0 0 0 0 0 0 0 0 0 0 0 0 0 0 0 0 0 0 0 0 0 0 0 0 0 0 63.5552 0 0 0 0 0 0 0 0 0 0 0 0 0 0 0 0 0 0 0 0 0 0 0 0 0 0 0 0 0 0 0 0 0 
0 0 0 0 0 0 0 0 0 0 0 0 0 0 0 0 0 0 0 0 0 0 0 0 0 0 0 0 0 0 0 0 0 0 0 0 0 0 0 0 0 0 0 0 0 0 0 0 0 0 0 0 0 0 0 0 0 0 0 0 0 0 0 0 0 
0 0 0 0 0 0 0 0 0 0 0 0 0 0 0 0 0 0 0 0 0 0 0 0 0 0 0 0 0 0 0 0 1.9861 0 0 0 0 0 0 0 0 0 0 0 0 0 0 0 0 0 0 0 0 0 0 0 0 0 0 0 0 0 0 0 0 
