1 0 0 0 0 0 0 0 0 0 0 0 0 0 0 0 0 0 0 0 0 0 0 0 0 0 0 0 0 0 0 0 0 0 0 0 0 0 0 0 0 0 0 0 0 0 0 0 0 0 0 0 0 0 0 0 0 0 0 0 0 0 0 0 1 
0 0 0 0 0 0 0 0 0 0 0 0 0 0 0 0 0 0 0 0 0 0 0 0 0 0 0 0 0 0 0 0 0 0 0 0 0 0 0 0 0 0 0 0 0 0 0 0 0 0 0 0 0 0 0 0 0 0 0 0 0 0 0 0 0 
0 64 0 0 0 0 0 0 0 0 0 0 0 0 0 0 0 0 0 0 0 0 0 0 0 0 0 0 0 0 0 0 0 0 0 0 0 0 0 0 0 0 0 0 0 0 0 0 0 0 0 0 0 0 0 0 0 0 0 0 0 0 0 0 0 
0 0 128 0 0 0 0 0 0 0 0 0 0 0 0 0 0 0 0 0 0 0 0 0 0 0 0 0 0 0 0 0 0 0 0 0 0 0 0 0 0 0 0 0 0 0 0 0 0 0 0 0 0 0 0 0 0 0 0 0 0 0 0 0 0 
0 0 1888 384.32 64.0757 0 0 0 0 0 0 0 0 0 0 0 0 0 0 0 0 0 0 0 0 0 0 0 0 0 0 0 0 0 0 0 0 0 0 0 0 0 0 0 0 0 0 0 0 0 0 0 0 0 0 0 0 0 0 0 0 0 0 0 0 
0 0 0 7167.36 1138.26 498.627 126.206 0 0 0 0 0 0 0 0 0 0 0 0 0 0 0 0 0 0 0 0 0 0 0 0 0 0 0 0 0 0 0 0 0 0 0 0 0 0 0 0 0 0 0 0 0 0 0 0 0 0 0 0 0 0 0 0 0 0 
0 0 0 34112.3 27440.4 6830.29 2536.9 1451.64 371.78 60.8854 0 0 0 0 0 0 0 0 0 0 0 0 0 0 0 0 0 0 0 0 0 0 0 0 0 0 0 0 0 0 0 0 0 0 0 0 0 0 0 0 0 0 0 0 0 0 0 0 0 0 0 0 0 0 0 
0 0 0 0 183496 97151.8 42428.9 16528.9 8450.83 4535.22 1900.16 506.949 133.03 0 0 0 0 0 0 0 0 0 0 0 0 0 0 0 0 0 0 0 0 0 0 0 0 0 0 0 0 0 0 0 0 0 0 0 0 0 0 0 0 0 0 0 0 0 0 0 0 0 0 0 0 
0 0 0 0 423237 831106 411509 220271 120765 59492.9 34323.5 19650.4 9360.32 4146.03 1391.56 357.613 80.7597 0 0 0 0 0 0 0 14.9838 0 0 0 0 0 0 0 16.6608 0 0 0 0 0 0 0 0 0 0 0 0 0 0 0 0 0 0 0 0 0 0 0 0 0 0 0 0 0 0 0 0 
0 0 0 0 0 2.85748e+06 3.33317e+06 1.97367e+06 1.14715e+06 719723 417175 247676 152708 91324.8 53733.1 29059.1 13750.5 5665.19 2082.53 777.197 343.978 237.216 230.424 237.216 0 253.411 270.261 258.634 254.515 238.237 245.722 260.383 0 0 0 0 0 0 0 0 0 0 0 0 0 0 0 0 0 0 0 0 0 0 0 0 0 0 0 0 0 0 0 0 0 
0 0 0 0 0 3.83145e+06 1.46089e+07 1.35533e+07 9.31138e+06 6.08732e+06 3.97479e+06 2.65782e+06 1.75286e+06 1.16328e+06 780790 507809 334307 209868 123085 69373 39197 21573.9 14024.5 11774.7 11566.5 9580.15 9425.98 8875.56 9376.43 9560.32 10104 9890.62 11204.6 0 0 0 0 0 0 0 0 0 0 0 0 0 0 0 0 0 0 0 0 0 0 0 0 0 0 0 0 0 0 0 0 
0 0 0 0 0 0 3.03126e+07 6.3826e+07 5.75447e+07 4.29821e+07 3.12649e+07 2.22495e+07 1.58527e+07 1.14808e+07 8.13524e+06 5.68932e+06 4.17515e+06 2.9804e+06 2.05999e+06 1.47168e+06 1.03253e+06 730982 520112 369050 289586 253894 230333 217538 213601 222632 223438 215550 212999 0 0 0 0 0 0 0 0 0 0 0 0 0 0 0 0 0 0 0 0 0 0 0 0 0 0 0 0 0 0 0 0 
0 0 0 0 0 0 2.62631e+07 1.69261e+08 2.63119e+08 2.46955e+08 1.9927e+08 1.55318e+08 1.1833e+08 8.98062e+07 6.8821e+07 5.27413e+07 4.05172e+07 3.08584e+07 2.34409e+07 1.78456e+07 1.37114e+07 1.06309e+07 8.54659e+06 6.73398e+06 5.54454e+06 4.55814e+06 4.08837e+06 3.54983e+06 3.50048e+06 3.30688e+06 3.2651e+06 3.28046e+06 3.27575e+06 0 0 0 0 0 0 0 0 0 0 0 0 0 0 0 0 0 0 0 0 0 0 0 0 0 0 0 0 0 0 0 0 
0 0 0 0 0 0 0 2.32757e+08 7.85412e+08 1.07054e+09 1.04305e+09 9.05278e+08 7.48994e+08 6.05202e+08 4.86661e+08 3.96752e+08 3.16089e+08 2.53005e+08 2.03398e+08 1.66087e+08 1.32621e+08 1.10996e+08 9.15913e+07 7.60505e+07 6.5524e+07 5.7712e+07 5.18382e+07 4.62659e+07 4.31321e+07 4.01232e+07 3.93329e+07 3.91503e+07 3.79195e+07 0 0 0 0 0 0 0 0 0 0 0 0 0 0 0 0 0 0 0 0 0 0 0 0 0 0 0 0 0 0 0 0 
0 0 0 0 0 0 0 1.39606e+08 1.38371e+09 3.29483e+09 4.28776e+09 4.3395e+09 3.99194e+09 3.48147e+09 3.00046e+09 2.52397e+09 2.10306e+09 1.77734e+09 1.49156e+09 1.25923e+09 1.06032e+09 9.2052e+08 7.99809e+08 6.81046e+08 6.04716e+08 5.37363e+08 4.8032e+08 4.38616e+08 4.18079e+08 4.02208e+08 3.88721e+08 3.77106e+08 3.67529e+08 0 0 0 0 0 0 0 0 0 0 0 0 0 0 0 0 0 0 0 0 0 0 0 0 0 0 0 0 0 0 0 0 
0 0 0 0 0 0 0 0 1.33993e+09 6.67286e+09 1.31507e+10 1.68207e+10 1.76979e+10 1.70595e+10 1.56054e+10 1.40023e+10 1.23418e+10 1.07668e+10 9.51254e+09 8.26922e+09 7.25281e+09 6.39756e+09 5.67941e+09 5.20831e+09 4.66304e+09 4.22337e+09 3.84501e+09 3.58001e+09 3.36302e+09 3.19421e+09 3.13019e+09 3.03507e+09 3.06004e+09 0 0 0 0 0 0 0 0 0 0 0 0 0 0 0 0 0 0 0 0 0 0 0 0 0 0 0 0 0 0 0 0 
0 0 0 0 0 0 0 0 5.85856e+08 8.31782e+09 2.83274e+10 5.03414e+10 6.46378e+10 7.02892e+10 7.08136e+10 6.8033e+10 6.32878e+10 5.81997e+10 5.27526e+10 4.76096e+10 4.30916e+10 3.956e+10 3.59104e+10 3.2921e+10 3.00592e+10 2.79096e+10 2.62503e+10 2.45847e+10 2.35217e+10 2.24826e+10 2.19897e+10 2.18152e+10 2.18341e+10 0 0 0 0 0 0 0 0 0 0 0 0 0 0 0 0 0 0 0 0 0 0 0 0 0 0 0 0 0 0 0 0 
0 0 0 0 0 0 0 0 0 5.92525e+09 4.0974e+10 1.11313e+11 1.86135e+11 2.41827e+11 2.71616e+11 2.84249e+11 2.81904e+11 2.72977e+11 2.60426e+11 2.4609e+11 2.30151e+11 2.15087e+11 2.01612e+11 1.87215e+11 1.76201e+11 1.6698e+11 1.57174e+11 1.5044e+11 1.44425e+11 1.40556e+11 1.36455e+11 1.35908e+11 1.34164e+11 0 0 0 0 0 0 0 0 0 0 0 0 0 0 0 0 0 0 0 0 0 0 0 0 0 0 0 0 0 0 0 0 
0 0 0 0 0 0 0 0 0 1.96248e+09 3.7688e+10 1.74394e+11 4.12066e+11 6.66316e+11 8.73007e+11 1.00871e+12 1.0924e+12 1.12243e+12 1.12865e+12 1.10033e+12 1.07814e+12 1.03963e+12 9.97806e+11 9.58804e+11 9.12199e+11 8.71445e+11 8.39435e+11 8.05789e+11 7.86978e+11 7.6897e+11 7.62306e+11 7.47818e+11 7.4088e+11 0 0 0 0 0 0 0 0 0 0 0 0 0 0 0 0 0 0 0 0 0 0 0 0 0 0 0 0 0 0 0 0 
0 0 0 0 0 0 0 0 0 0 2.04715e+10 1.86592e+11 6.6977e+11 1.44422e+12 2.30217e+12 3.05843e+12 3.63608e+12 4.04375e+12 4.27907e+12 4.43738e+12 4.48627e+12 4.44839e+12 4.39233e+12 4.30698e+12 4.21884e+12 4.11735e+12 4.00553e+12 3.91736e+12 3.86984e+12 3.80527e+12 3.76092e+12 3.7327e+12 3.71763e+12 0 0 0 0 0 0 0 0 0 0 0 0 0 0 0 0 0 0 0 0 0 0 0 0 0 0 0 0 0 0 0 0 
0 0 0 0 0 0 0 0 0 0 5.29596e+09 1.3116e+11 7.868e+11 2.38597e+12 4.83287e+12 7.63652e+12 1.02865e+13 1.25369e+13 1.42419e+13 1.55947e+13 1.64785e+13 1.70941e+13 1.7432e+13 1.75999e+13 1.75099e+13 1.75412e+13 1.74416e+13 1.72616e+13 1.71651e+13 1.7036e+13 1.68781e+13 1.67611e+13 1.67197e+13 0 0 0 0 0 0 0 0 0 0 0 0 0 0 0 0 0 0 0 0 0 0 0 0 0 0 0 0 0 0 0 0 
0 0 0 0 0 0 0 0 0 0 0 5.59582e+10 6.43824e+11 2.94251e+12 7.95346e+12 1.54322e+13 2.4228e+13 3.31452e+13 4.13023e+13 4.80703e+13 5.3794e+13 5.80852e+13 6.14426e+13 6.37751e+13 6.58006e+13 6.69774e+13 6.79017e+13 6.82852e+13 6.82826e+13 6.86529e+13 6.84496e+13 6.84197e+13 6.87584e+13 0 0 0 0 0 0 0 0 0 0 0 0 0 0 0 0 0 0 0 0 0 0 0 0 0 0 0 0 0 0 0 0 
0 0 0 0 0 0 0 0 0 0 0 1.15914e+10 3.55691e+11 2.65402e+12 1.00299e+13 2.49468e+13 4.69797e+13 7.36456e+13 1.01857e+14 1.29275e+14 1.5394e+14 1.76102e+14 1.9406e+14 2.0876e+14 2.20491e+14 2.29542e+14 2.36769e+14 2.43793e+14 2.46635e+14 2.48475e+14 2.51566e+14 2.5252e+14 2.51584e+14 0 0 0 0 0 0 0 0 0 0 0 0 0 0 0 0 0 0 0 0 0 0 0 0 0 0 0 0 0 0 0 0 
0 0 0 0 0 0 0 0 0 0 0 0 1.2199e+11 1.70944e+12 9.56761e+12 3.15579e+13 7.37659e+13 1.35999e+14 2.13421e+14 2.97648e+14 3.82764e+14 4.64152e+14 5.38072e+14 6.07107e+14 6.62434e+14 7.11893e+14 7.50739e+14 7.80951e+14 8.03194e+14 8.24642e+14 8.33535e+14 8.44335e+14 8.46382e+14 0 0 0 0 0 0 0 0 0 0 0 0 0 0 0 0 0 0 0 0 0 0 0 0 0 0 0 0 0 0 0 0 
0 0 0 0 0 0 0 0 0 0 0 0 2.07276e+10 7.57101e+11 6.79231e+12 3.09735e+13 9.23642e+13 2.05307e+14 3.71378e+14 5.844e+14 8.22104e+14 1.07112e+15 1.32081e+15 1.55092e+15 1.7656e+15 1.95421e+15 2.11635e+15 2.25326e+15 2.36331e+15 2.44309e+15 2.50747e+15 2.53715e+15 2.54921e+15 0 0 0 0 0 0 0 0 0 0 0 0 0 0 0 0 0 0 0 0 0 0 0 0 0 0 0 0 0 0 0 0 
0 0 0 0 0 0 0 0 0 0 0 0 0 2.13654e+11 3.52447e+12 2.34091e+13 9.1471e+13 2.51635e+14 5.39387e+14 9.62007e+14 1.50779e+15 2.14043e+15 2.81321e+15 3.50081e+15 4.15455e+15 4.77031e+15 5.32691e+15 5.80744e+15 6.21294e+15 6.51333e+15 6.71651e+15 6.85551e+15 6.90079e+15 0 0 0 0 0 0 0 0 0 0 0 0 0 0 0 0 0 0 0 0 0 0 0 0 0 0 0 0 0 0 0 0 
0 0 0 0 0 0 0 0 0 0 0 0 0 3.02718e+10 1.27993e+12 1.33302e+13 7.12204e+13 2.48134e+14 6.39427e+14 1.32203e+15 2.33592e+15 3.64319e+15 5.19257e+15 6.85693e+15 8.61177e+15 1.03177e+16 1.19049e+16 1.33017e+16 1.45026e+16 1.54718e+16 1.61618e+16 1.66215e+16 1.67453e+16 0 0 0 0 0 0 0 0 0 0 0 0 0 0 0 0 0 0 0 0 0 0 0 0 0 0 0 0 0 0 0 0 
0 0 0 0 0 0 0 0 0 0 0 0 0 0 3.0202e+11 5.69087e+12 4.34139e+13 1.95612e+14 6.18109e+14 1.51228e+15 3.0378e+15 5.29027e+15 8.21709e+15 1.17045e+16 1.55244e+16 1.94577e+16 2.33172e+16 2.70236e+16 3.01481e+16 3.26933e+16 3.48248e+16 3.58958e+16 3.62791e+16 0 0 0 0 0 0 0 0 0 0 0 0 0 0 0 0 0 0 0 0 0 0 0 0 0 0 0 0 0 0 0 0 
0 0 0 0 0 0 0 0 0 0 0 0 0 0 3.63777e+10 1.72308e+12 2.02809e+13 1.23152e+14 4.87546e+14 1.42296e+15 3.31332e+15 6.48056e+15 1.11132e+16 1.71544e+16 2.42818e+16 3.21483e+16 4.03732e+16 4.80947e+16 5.52927e+16 6.14571e+16 6.56745e+16 6.85875e+16 6.95717e+16 0 0 0 0 0 0 0 0 0 0 0 0 0 0 0 0 0 0 0 0 0 0 0 0 0 0 0 0 0 0 0 0 
0 0 0 0 0 0 0 0 0 0 0 0 0 0 0 3.46672e+11 7.21462e+12 6.15232e+13 3.11853e+14 1.10492e+15 3.0094e+15 6.71053e+15 1.27641e+16 2.15198e+16 3.28346e+16 4.62768e+16 6.05719e+16 7.52569e+16 8.91954e+16 1.0082e+17 1.10107e+17 1.15607e+17 1.1781e+17 0 0 0 0 0 0 0 0 0 0 0 0 0 0 0 0 0 0 0 0 0 0 0 0 0 0 0 0 0 0 0 0 
0 0 0 0 0 0 0 0 0 0 0 0 0 0 0 3.58287e+10 1.8611e+12 2.40475e+13 1.61011e+14 7.05385e+14 2.27834e+15 5.83384e+15 1.24813e+16 2.30766e+16 3.80918e+16 5.69506e+16 7.91629e+16 1.0252e+17 1.25279e+17 1.45789e+17 1.61517e+17 1.72007e+17 1.75246e+17 0 0 0 0 0 0 0 0 0 0 0 0 0 0 0 0 0 0 0 0 0 0 0 0 0 0 0 0 0 0 0 0 
0 0 0 0 0 0 0 0 0 0 0 0 0 0 0 0 3.22872e+11 7.24304e+12 6.70718e+13 3.71612e+14 1.43853e+15 4.27397e+15 1.03192e+16 2.11395e+16 3.7933e+16 6.10637e+16 8.9464e+16 1.2138e+17 1.53532e+17 1.83487e+17 2.07808e+17 2.23519e+17 2.28951e+17 0 0 0 0 0 0 0 0 0 0 0 0 0 0 0 0 0 0 0 0 0 0 0 0 0 0 0 0 0 0 0 0 
0 0 0 0 0 0 0 0 0 0 0 0 0 0 0 0 2.9347e+10 1.61465e+12 2.22718e+13 1.60381e+14 7.58832e+14 2.6361e+15 7.25044e+15 1.65587e+16 3.24093e+16 5.61723e+16 8.76201e+16 1.25154e+17 1.65071e+17 2.0265e+17 2.33964e+17 2.54288e+17 2.61073e+17 0 0 0 0 0 0 0 0 0 0 0 0 0 0 0 0 0 0 0 0 0 0 0 0 0 0 0 0 0 0 0 0 
0 0 0 0 0 0 0 0 0 0 0 0 0 0 0 0 0 2.45233e+11 5.78355e+12 5.68264e+13 3.33456e+14 1.37399e+15 4.34576e+15 1.10971e+16 2.39738e+16 4.48086e+16 7.4407e+16 1.11545e+17 1.53203e+17 1.94162e+17 2.28893e+17 2.52348e+17 2.60939e+17 0 0 0 0 0 0 0 0 0 0 0 0 0 0 0 0 0 0 0 0 0 0 0 0 0 0 0 0 0 0 0 0 
0 0 0 0 0 0 0 0 0 0 0 0 0 0 0 0 0 1.99416e+10 1.13362e+12 1.62236e+13 1.22408e+14 6.09302e+14 2.21494e+15 6.38854e+15 1.51771e+16 3.08514e+16 5.47824e+16 8.66847e+16 1.24366e+17 1.62989e+17 1.96426e+17 2.19088e+17 2.27556e+17 0 0 0 0 0 0 0 0 0 0 0 0 0 0 0 0 0 0 0 0 0 0 0 0 0 0 0 0 0 0 0 0 
0 0 0 0 0 0 0 0 0 0 0 0 0 0 0 0 0 0 1.52322e+11 3.69424e+12 3.74345e+13 2.27133e+14 9.73089e+14 3.17421e+15 8.35298e+15 1.84341e+16 3.51694e+16 5.89422e+16 8.82739e+16 1.19575e+17 1.47524e+17 1.67439e+17 1.74107e+17 0 0 0 0 0 0 0 0 0 0 0 0 0 0 0 0 0 0 0 0 0 0 0 0 0 0 0 0 0 0 0 0 
0 0 0 0 0 0 0 0 0 0 0 0 0 0 0 0 0 0 1.13872e+10 6.42206e+11 9.3484e+12 7.2019e+13 3.64862e+14 1.36171e+15 4.00495e+15 9.65551e+15 1.97521e+16 3.51003e+16 5.48645e+16 7.71242e+16 9.76672e+16 1.12063e+17 1.17347e+17 0 0 0 0 0 0 0 0 0 0 0 0 0 0 0 0 0 0 0 0 0 0 0 0 0 0 0 0 0 0 0 0 
0 0 0 0 0 0 0 0 0 0 0 0 0 0 0 0 0 0 0 7.81435e+10 1.88693e+12 1.91962e+13 1.18053e+14 5.08241e+14 1.67338e+15 4.42734e+15 9.75657e+15 1.84136e+16 3.03171e+16 4.37973e+16 5.70457e+16 6.6404e+16 6.98936e+16 0 0 0 0 0 0 0 0 0 0 0 0 0 0 0 0 0 0 0 0 0 0 0 0 0 0 0 0 0 0 0 0 
0 0 0 0 0 0 0 0 0 0 0 0 0 0 0 0 0 0 0 5.56245e+09 2.95877e+11 4.26574e+12 3.26304e+13 1.65457e+14 6.14313e+14 1.79499e+15 4.27541e+15 8.55549e+15 1.47766e+16 2.23072e+16 2.95546e+16 3.50893e+16 3.70756e+16 0 0 0 0 0 0 0 0 0 0 0 0 0 0 0 0 0 0 0 0 0 0 0 0 0 0 0 0 0 0 0 0 
0 0 0 0 0 0 0 0 0 0 0 0 0 0 0 0 0 0 0 0 3.31406e+10 7.75995e+11 7.74478e+12 4.67625e+13 1.99329e+14 6.41806e+14 1.65657e+15 3.54865e+15 6.43254e+15 1.00728e+16 1.37498e+16 1.64972e+16 1.75582e+16 0 0 0 0 0 0 0 0 0 0 0 0 0 0 0 0 0 0 0 0 0 0 0 0 0 0 0 0 0 0 0 0 
0 0 0 0 0 0 0 0 0 0 0 0 0 0 0 0 0 0 0 0 2.3701e+09 1.12932e+11 1.55604e+12 1.15697e+13 5.66249e+13 2.04866e+14 5.77533e+14 1.31719e+15 2.51404e+15 4.09376e+15 5.7431e+15 7.00848e+15 7.46547e+15 0 0 0 0 0 0 0 0 0 0 0 0 0 0 0 0 0 0 0 0 0 0 0 0 0 0 0 0 0 0 0 0 
0 0 0 0 0 0 0 0 0 0 0 0 0 0 0 0 0 0 0 0 0 1.18588e+10 2.59306e+11 2.46003e+12 1.43258e+13 5.81582e+13 1.78881e+14 4.41388e+14 8.88987e+14 1.49693e+15 2.15725e+15 2.683e+15 2.8932e+15 0 0 0 0 0 0 0 0 0 0 0 0 0 0 0 0 0 0 0 0 0 0 0 0 0 0 0 0 0 0 0 0 
0 0 0 0 0 0 0 0 0 0 0 0 0 0 0 0 0 0 0 0 0 9.07913e+08 3.56041e+10 4.53733e+11 3.1621e+12 1.47587e+13 5.02568e+13 1.32842e+14 2.84326e+14 5.0262e+14 7.45199e+14 9.43165e+14 1.0162e+15 0 0 0 0 0 0 0 0 0 0 0 0 0 0 0 0 0 0 0 0 0 0 0 0 0 0 0 0 0 0 0 0 
0 0 0 0 0 0 0 0 0 0 0 0 0 0 0 0 0 0 0 0 0 0 3.60446e+09 7.07438e+10 6.22287e+11 3.35711e+12 1.27551e+13 3.647e+13 8.29401e+13 1.53502e+14 2.35048e+14 3.00562e+14 3.26376e+14 0 0 0 0 0 0 0 0 0 0 0 0 0 0 0 0 0 0 0 0 0 0 0 0 0 0 0 0 0 0 0 0 
0 0 0 0 0 0 0 0 0 0 0 0 0 0 0 0 0 0 0 0 0 0 3.16556e+08 9.46678e+09 1.07524e+11 6.85575e+11 2.93081e+12 9.23004e+12 2.20409e+13 4.27716e+13 6.78057e+13 8.82824e+13 9.63524e+13 0 0 0 0 0 0 0 0 0 0 0 0 0 0 0 0 0 0 0 0 0 0 0 0 0 0 0 0 0 0 0 0 
0 0 0 0 0 0 0 0 0 0 0 0 0 0 0 0 0 0 0 0 0 0 0 9.54652e+08 1.6176e+10 1.26578e+11 6.14841e+11 2.11685e+12 5.4556e+12 1.10251e+13 1.80663e+13 2.42353e+13 2.66715e+13 0 0 0 0 0 0 0 0 0 0 0 0 0 0 0 0 0 0 0 0 0 0 0 0 0 0 0 0 0 0 0 0 
0 0 0 0 0 0 0 0 0 0 0 0 0 0 0 0 0 0 0 0 0 0 0 1.03031e+08 2.17273e+09 2.09033e+10 1.18481e+11 4.49794e+11 1.25827e+12 2.64771e+12 4.46401e+12 6.1152e+12 6.81124e+12 0 0 0 0 0 0 0 0 0 0 0 0 0 0 0 0 0 0 0 0 0 0 0 0 0 0 0 0 0 0 0 0 
0 0 0 0 0 0 0 0 0 0 0 0 0 0 0 0 0 0 0 0 0 0 0 0 2.22577e+08 3.15358e+09 2.10421e+10 8.936e+10 2.66758e+11 5.99062e+11 1.04659e+12 1.45459e+12 1.62049e+12 0 0 0 0 0 0 0 0 0 0 0 0 0 0 0 0 0 0 0 0 0 0 0 0 0 0 0 0 0 0 0 0 
0 0 0 0 0 0 0 0 0 0 0 0 0 0 0 0 0 0 0 0 0 0 0 0 3.09603e+07 4.43205e+08 3.41569e+09 1.64219e+10 5.35857e+10 1.27315e+11 2.29335e+11 3.27294e+11 3.68447e+11 0 0 0 0 0 0 0 0 0 0 0 0 0 0 0 0 0 0 0 0 0 0 0 0 0 0 0 0 0 0 0 0 
0 0 0 0 0 0 0 0 0 0 0 0 0 0 0 0 0 0 0 0 0 0 0 0 0 4.52962e+07 5.37145e+08 2.88057e+09 1.02339e+10 2.59256e+10 4.89384e+10 7.03851e+10 7.94868e+10 0 0 0 0 0 0 0 0 0 0 0 0 0 0 0 0 0 0 0 0 0 0 0 0 0 0 0 0 0 0 0 0 
0 0 0 0 0 0 0 0 0 0 0 0 0 0 0 0 0 0 0 0 0 0 0 0 0 8.49791e+06 8.04206e+07 4.7716e+08 1.88784e+09 5.00749e+09 9.7956e+09 1.45889e+10 1.6633e+10 0 0 0 0 0 0 0 0 0 0 0 0 0 0 0 0 0 0 0 0 0 0 0 0 0 0 0 0 0 0 0 0 
0 0 0 0 0 0 0 0 0 0 0 0 0 0 0 0 0 0 0 0 0 0 0 0 0 0 7.82461e+06 8.13661e+07 3.33672e+08 9.51293e+08 1.98233e+09 2.96154e+09 3.42074e+09 0 0 0 0 0 0 0 0 0 0 0 0 0 0 0 0 0 0 0 0 0 0 0 0 0 0 0 0 0 0 0 0 
0 0 0 0 0 0 0 0 0 0 0 0 0 0 0 0 0 0 0 0 0 0 0 0 0 0 2.05334e+06 1.28041e+07 5.59909e+07 1.81583e+08 3.75505e+08 6.04711e+08 6.83406e+08 0 0 0 0 0 0 0 0 0 0 0 0 0 0 0 0 0 0 0 0 0 0 0 0 0 0 0 0 0 0 0 0 
0 0 0 0 0 0 0 0 0 0 0 0 0 0 0 0 0 0 0 0 0 0 0 0 0 0 0 1.08584e+06 1.08116e+07 3.21908e+07 7.28677e+07 1.19094e+08 1.36487e+08 0 0 0 0 0 0 0 0 0 0 0 0 0 0 0 0 0 0 0 0 0 0 0 0 0 0 0 0 0 0 0 0 
0 0 0 0 0 0 0 0 0 0 0 0 0 0 0 0 0 0 0 0 0 0 0 0 0 0 0 423051 1.67149e+06 5.59497e+06 1.50144e+07 2.22115e+07 2.84544e+07 0 0 0 0 0 0 0 0 0 0 0 0 0 0 0 0 0 0 0 0 0 0 0 0 0 0 0 0 0 0 0 0 
0 0 0 0 0 0 0 0 0 0 0 0 0 0 0 0 0 0 0 0 0 0 0 0 0 0 0 0 111797 1.24362e+06 2.38518e+06 4.59254e+06 5.12083e+06 0 0 0 0 0 0 0 0 0 0 0 0 0 0 0 0 0 0 0 0 0 0 0 0 0 0 0 0 0 0 0 0 
0 0 0 0 0 0 0 0 0 0 0 0 0 0 0 0 0 0 0 0 0 0 0 0 0 0 0 0 72426.2 168272 455864 951383 935004 0 0 0 0 0 0 0 0 0 0 0 0 0 0 0 0 0 0 0 0 0 0 0 0 0 0 0 0 0 0 0 0 
0 0 0 0 0 0 0 0 0 0 0 0 0 0 0 0 0 0 0 0 0 0 0 0 0 0 0 0 0 7651.41 115197 110129 235935 0 0 0 0 0 0 0 0 0 0 0 0 0 0 0 0 0 0 0 0 0 0 0 0 0 0 0 0 0 0 0 0 
0 0 0 0 0 0 0 0 0 0 0 0 0 0 0 0 0 0 0 0 0 0 0 0 0 0 0 0 0 9778.23 11329.7 32288.3 37194.2 0 0 0 0 0 0 0 0 0 0 0 0 0 0 0 0 0 0 0 0 0 0 0 0 0 0 0 0 0 0 0 0 
0 0 0 0 0 0 0 0 0 0 0 0 0 0 0 0 0 0 0 0 0 0 0 0 0 0 0 0 0 0 256.608 7540.08 1964.37 0 0 0 0 0 0 0 0 0 0 0 0 0 0 0 0 0 0 0 0 0 0 0 0 0 0 0 0 0 0 0 0 
0 0 0 0 0 0 0 0 0 0 0 0 0 0 0 0 0 0 0 0 0 0 0 0 0 0 0 0 0 0 971.179 377.941 1911.71 0 0 0 0 0 0 0 0 0 0 0 0 0 0 0 0 0 0 0 0 0 0 0 0 0 0 0 0 0 0 0 0 
0 0 0 0 0 0 0 0 0 0 0 0 0 0 0 0 0 0 0 0 0 0 0 0 0 0 0 0 0 0 0 0 250.792 0 0 0 0 0 0 0 0 0 0 0 0 0 0 0 0 0 0 0 0 0 0 0 0 0 0 0 0 0 0 0 0 
0 0 0 0 0 0 0 0 0 0 0 0 0 0 0 0 0 0 0 0 0 0 0 0 0 0 0 0 0 0 0 62.6567 0 0 0 0 0 0 0 0 0 0 0 0 0 0 0 0 0 0 0 0 0 0 0 0 0 0 0 0 0 0 0 0 0 
0 0 0 0 0 0 0 0 0 0 0 0 0 0 0 0 0 0 0 0 0 0 0 0 0 0 0 0 0 0 0 0 0 0 0 0 0 0 0 0 0 0 0 0 0 0 0 0 0 0 0 0 0 0 0 0 0 0 0 0 0 0 0 0 0 
0 0 0 0 0 0 0 0 0 0 0 0 0 0 0 0 0 0 0 0 0 0 0 0 0 0 0 0 0 0 0 0 1.95802 0 0 0 0 0 0 0 0 0 0 0 0 0 0 0 0 0 0 0 0 0 0 0 0 0 0 0 0 0 0 0 0 
