1 0 0 0 0 0 0 0 0 0 0 0 0 0 0 0 0 0 0 0 0 0 0 0 0 0 0 0 0 0 0 0 0 0 0 0 0 0 0 0 0 0 0 0 0 0 0 0 0 0 0 0 0 0 0 0 0 0 0 0 0 0 0 0 1 
0 0 0 0 0 0 0 0 0 0 0 0 0 0 0 0 0 0 0 0 0 0 0 0 0 0 0 0 0 0 0 0 0 0 0 0 0 0 0 0 0 0 0 0 0 0 0 0 0 0 0 0 0 0 0 0 0 0 0 0 0 0 0 0 0 
0 64 0 0 0 0 0 0 0 0 0 0 0 0 0 0 0 0 0 0 0 0 0 0 0 0 0 0 0 0 0 0 0 0 0 0 0 0 0 0 0 0 0 0 0 0 0 0 0 0 0 0 0 0 0 0 0 0 0 0 0 0 0 0 0 
0 0 128 0 0 0 0 0 0 0 0 0 0 0 0 0 0 0 0 0 0 0 0 0 0 0 0 0 0 0 0 0 0 0 0 0 0 0 0 0 0 0 0 0 0 0 0 0 0 0 0 0 0 0 0 0 0 0 0 0 0 0 0 0 0 
0 0 1888 387.64 64.0804 0 0 0 0 0 0 0 0 0 0 0 0 0 0 0 0 0 0 0 0 0 0 0 0 0 0 0 0 0 0 0 0 0 0 0 0 0 0 0 0 0 0 0 0 0 0 0 0 0 0 0 0 0 0 0 0 0 0 0 0 
0 0 0 7160.72 1158.11 506.082 124.819 0 0 0 0 0 0 0 0 0 0 0 0 0 0 0 0 0 0 0 0 0 0 0 0 0 0 0 0 0 0 0 0 0 0 0 0 0 0 0 0 0 0 0 0 0 0 0 0 0 0 0 0 0 0 0 0 0 0 
0 0 0 34115.6 27380.9 6845.88 2582.92 1444.91 386.968 73.183 0 0 0 0 0 0 0 0 0 0 0 0 0 0 0 0 0 0 0 0 0 0 0 0 0 0 0 0 0 0 0 0 0 0 0 0 0 0 0 0 0 0 0 0 0 0 0 0 0 0 0 0 0 0 0 
0 0 0 0 183556 96954.8 42669.7 16779.2 8600.48 4482.56 1914.74 528.791 150.636 0 0 0 0 0 0 0 0 0 0 0 0 0 0 0 0 0 0 0 0 0 0 0 0 0 0 0 0 0 0 0 0 0 0 0 0 0 0 0 0 0 0 0 0 0 0 0 0 0 0 0 0 
0 0 0 0 423217 831032 412219 221205 119438 59542.3 33230.6 20341.5 9457.31 4348.91 1325.77 372.361 81.1106 0 0 0 0 0 0 0 15.7752 0 0 0 0 0 0 0 16.3002 0 0 0 0 0 0 0 0 0 0 0 0 0 0 0 0 0 0 0 0 0 0 0 0 0 0 0 0 0 0 0 0 
0 0 0 0 0 2.85812e+06 3.33129e+06 1.98973e+06 1.13867e+06 708059 420599 251577 154560 94866.8 55184.7 29212.2 13956.4 6128.53 2074.67 789.044 382.755 319.689 273.396 244.566 0 258.93 258.689 248.107 249.432 254.501 261.042 248.043 0 0 0 0 0 0 0 0 0 0 0 0 0 0 0 0 0 0 0 0 0 0 0 0 0 0 0 0 0 0 0 0 0 
0 0 0 0 0 3.83106e+06 1.45951e+07 1.35353e+07 9.35271e+06 6.11955e+06 3.9776e+06 2.62734e+06 1.78055e+06 1.13849e+06 774826 519629 339993 208581 120753 69998 37434.2 21458.4 14110.1 11662.6 11486.7 9755.1 9445.15 9178.98 9626.19 9318.92 9537.55 9605.45 11535.9 0 0 0 0 0 0 0 0 0 0 0 0 0 0 0 0 0 0 0 0 0 0 0 0 0 0 0 0 0 0 0 0 
0 0 0 0 0 0 3.03414e+07 6.37422e+07 5.71849e+07 4.32148e+07 3.1483e+07 2.22098e+07 1.58465e+07 1.16649e+07 8.32529e+06 6.05521e+06 4.19023e+06 3.01252e+06 2.12307e+06 1.50116e+06 1.03081e+06 735165 517197 371978 282821 254579 239235 228485 226438 216076 233993 218630 216977 0 0 0 0 0 0 0 0 0 0 0 0 0 0 0 0 0 0 0 0 0 0 0 0 0 0 0 0 0 0 0 0 
0 0 0 0 0 0 2.62489e+07 1.69371e+08 2.63503e+08 2.45004e+08 1.99067e+08 1.55701e+08 1.18952e+08 9.15404e+07 7.0547e+07 5.30773e+07 4.08398e+07 3.09482e+07 2.38296e+07 1.77912e+07 1.39847e+07 1.04629e+07 8.57003e+06 6.75192e+06 5.58277e+06 4.53953e+06 4.0503e+06 3.66451e+06 3.46164e+06 3.29518e+06 3.20796e+06 3.31937e+06 3.29203e+06 0 0 0 0 0 0 0 0 0 0 0 0 0 0 0 0 0 0 0 0 0 0 0 0 0 0 0 0 0 0 0 0 
0 0 0 0 0 0 0 2.32774e+08 7.85161e+08 1.06837e+09 1.03656e+09 9.06499e+08 7.53142e+08 6.04144e+08 4.89499e+08 3.90334e+08 3.17895e+08 2.56587e+08 2.07089e+08 1.68582e+08 1.35644e+08 1.11705e+08 9.31457e+07 7.67084e+07 6.51552e+07 5.78809e+07 5.05652e+07 4.59868e+07 4.21945e+07 4.0093e+07 3.94532e+07 3.80645e+07 3.71497e+07 0 0 0 0 0 0 0 0 0 0 0 0 0 0 0 0 0 0 0 0 0 0 0 0 0 0 0 0 0 0 0 0 
0 0 0 0 0 0 0 1.39565e+08 1.38437e+09 3.30504e+09 4.28662e+09 4.33165e+09 3.98817e+09 3.49369e+09 2.96264e+09 2.53043e+09 2.10839e+09 1.78769e+09 1.51631e+09 1.28416e+09 1.0773e+09 9.28865e+08 7.82076e+08 6.72811e+08 5.9454e+08 5.33742e+08 4.81373e+08 4.45384e+08 4.15863e+08 3.90844e+08 3.7842e+08 3.75593e+08 3.70633e+08 0 0 0 0 0 0 0 0 0 0 0 0 0 0 0 0 0 0 0 0 0 0 0 0 0 0 0 0 0 0 0 0 
0 0 0 0 0 0 0 0 1.33945e+09 6.66707e+09 1.31649e+10 1.68253e+10 1.77629e+10 1.71069e+10 1.56883e+10 1.39979e+10 1.23648e+10 1.09714e+10 9.59976e+09 8.38839e+09 7.4431e+09 6.46902e+09 5.76749e+09 5.06349e+09 4.61985e+09 4.17566e+09 3.83355e+09 3.56304e+09 3.36622e+09 3.22667e+09 3.06083e+09 3.00902e+09 2.99433e+09 0 0 0 0 0 0 0 0 0 0 0 0 0 0 0 0 0 0 0 0 0 0 0 0 0 0 0 0 0 0 0 0 
0 0 0 0 0 0 0 0 5.85872e+08 8.31837e+09 2.83643e+10 5.04203e+10 6.47136e+10 7.07011e+10 7.09603e+10 6.79944e+10 6.33418e+10 5.79663e+10 5.31356e+10 4.81542e+10 4.36583e+10 3.9862e+10 3.58198e+10 3.32456e+10 3.00278e+10 2.81974e+10 2.61913e+10 2.45791e+10 2.3363e+10 2.24542e+10 2.21283e+10 2.16933e+10 2.1438e+10 0 0 0 0 0 0 0 0 0 0 0 0 0 0 0 0 0 0 0 0 0 0 0 0 0 0 0 0 0 0 0 0 
0 0 0 0 0 0 0 0 0 5.92141e+09 4.09136e+10 1.11367e+11 1.86058e+11 2.41805e+11 2.72059e+11 2.84658e+11 2.825e+11 2.73449e+11 2.60987e+11 2.47491e+11 2.29576e+11 2.13679e+11 2.01833e+11 1.86631e+11 1.77938e+11 1.66057e+11 1.5516e+11 1.49276e+11 1.42252e+11 1.396e+11 1.34673e+11 1.32884e+11 1.31981e+11 0 0 0 0 0 0 0 0 0 0 0 0 0 0 0 0 0 0 0 0 0 0 0 0 0 0 0 0 0 0 0 0 
0 0 0 0 0 0 0 0 0 1.96521e+09 3.76958e+10 1.74298e+11 4.11507e+11 6.64492e+11 8.74356e+11 1.01145e+12 1.09336e+12 1.13035e+12 1.13058e+12 1.11714e+12 1.08619e+12 1.04278e+12 1.00165e+12 9.51597e+11 9.11666e+11 8.68445e+11 8.35383e+11 8.02968e+11 7.86289e+11 7.6399e+11 7.58816e+11 7.48926e+11 7.44822e+11 0 0 0 0 0 0 0 0 0 0 0 0 0 0 0 0 0 0 0 0 0 0 0 0 0 0 0 0 0 0 0 0 
0 0 0 0 0 0 0 0 0 0 2.04701e+10 1.86435e+11 6.71708e+11 1.44555e+12 2.29568e+12 3.0541e+12 3.64415e+12 4.04807e+12 4.29928e+12 4.42772e+12 4.50687e+12 4.46042e+12 4.39203e+12 4.32075e+12 4.22387e+12 4.09025e+12 3.99993e+12 3.91577e+12 3.84141e+12 3.78587e+12 3.76306e+12 3.71909e+12 3.73301e+12 0 0 0 0 0 0 0 0 0 0 0 0 0 0 0 0 0 0 0 0 0 0 0 0 0 0 0 0 0 0 0 0 
0 0 0 0 0 0 0 0 0 0 5.30633e+09 1.31198e+11 7.84459e+11 2.38982e+12 4.84562e+12 7.63975e+12 1.02746e+13 1.25441e+13 1.42769e+13 1.55509e+13 1.65414e+13 1.70806e+13 1.73706e+13 1.75181e+13 1.7436e+13 1.74335e+13 1.72948e+13 1.71464e+13 1.7108e+13 1.6985e+13 1.69122e+13 1.6936e+13 1.6787e+13 0 0 0 0 0 0 0 0 0 0 0 0 0 0 0 0 0 0 0 0 0 0 0 0 0 0 0 0 0 0 0 0 
0 0 0 0 0 0 0 0 0 0 0 5.60068e+10 6.44538e+11 2.94195e+12 7.93811e+12 1.54487e+13 2.42764e+13 3.3068e+13 4.12811e+13 4.8359e+13 5.37256e+13 5.80216e+13 6.13564e+13 6.38818e+13 6.54001e+13 6.65711e+13 6.7662e+13 6.81794e+13 6.82383e+13 6.86325e+13 6.89084e+13 6.86627e+13 6.87788e+13 0 0 0 0 0 0 0 0 0 0 0 0 0 0 0 0 0 0 0 0 0 0 0 0 0 0 0 0 0 0 0 0 
0 0 0 0 0 0 0 0 0 0 0 1.16256e+10 3.55689e+11 2.64643e+12 1.00433e+13 2.48803e+13 4.69634e+13 7.38316e+13 1.0185e+14 1.28655e+14 1.53499e+14 1.75776e+14 1.93194e+14 2.07884e+14 2.19677e+14 2.30406e+14 2.35659e+14 2.41671e+14 2.47299e+14 2.50514e+14 2.51266e+14 2.52284e+14 2.52668e+14 0 0 0 0 0 0 0 0 0 0 0 0 0 0 0 0 0 0 0 0 0 0 0 0 0 0 0 0 0 0 0 0 
0 0 0 0 0 0 0 0 0 0 0 0 1.22202e+11 1.71146e+12 9.56109e+12 3.15912e+13 7.35992e+13 1.35894e+14 2.12767e+14 2.96865e+14 3.82552e+14 4.62876e+14 5.39696e+14 6.03507e+14 6.60723e+14 7.04642e+14 7.51393e+14 7.79474e+14 8.07046e+14 8.20813e+14 8.37467e+14 8.40568e+14 8.48592e+14 0 0 0 0 0 0 0 0 0 0 0 0 0 0 0 0 0 0 0 0 0 0 0 0 0 0 0 0 0 0 0 0 
0 0 0 0 0 0 0 0 0 0 0 0 2.06987e+10 7.59358e+11 6.78981e+12 3.10492e+13 9.25153e+13 2.05102e+14 3.72853e+14 5.84061e+14 8.22007e+14 1.07381e+15 1.31466e+15 1.55361e+15 1.76426e+15 1.95741e+15 2.12057e+15 2.25547e+15 2.35357e+15 2.45425e+15 2.49747e+15 2.54291e+15 2.54185e+15 0 0 0 0 0 0 0 0 0 0 0 0 0 0 0 0 0 0 0 0 0 0 0 0 0 0 0 0 0 0 0 0 
0 0 0 0 0 0 0 0 0 0 0 0 0 2.13754e+11 3.52372e+12 2.33294e+13 9.14845e+13 2.51953e+14 5.39101e+14 9.63876e+14 1.50875e+15 2.13687e+15 2.81247e+15 3.49762e+15 4.15558e+15 4.76728e+15 5.33069e+15 5.81876e+15 6.2041e+15 6.49137e+15 6.72742e+15 6.83037e+15 6.90863e+15 0 0 0 0 0 0 0 0 0 0 0 0 0 0 0 0 0 0 0 0 0 0 0 0 0 0 0 0 0 0 0 0 
0 0 0 0 0 0 0 0 0 0 0 0 0 3.02227e+10 1.28371e+12 1.33489e+13 7.12814e+13 2.47905e+14 6.38539e+14 1.32524e+15 2.33684e+15 3.6485e+15 5.19307e+15 6.87045e+15 8.62398e+15 1.03071e+16 1.18757e+16 1.32774e+16 1.44992e+16 1.54753e+16 1.61445e+16 1.66518e+16 1.67233e+16 0 0 0 0 0 0 0 0 0 0 0 0 0 0 0 0 0 0 0 0 0 0 0 0 0 0 0 0 0 0 0 0 
0 0 0 0 0 0 0 0 0 0 0 0 0 0 3.01785e+11 5.68656e+12 4.32497e+13 1.95659e+14 6.18255e+14 1.51005e+15 3.04002e+15 5.29141e+15 8.23521e+15 1.16956e+16 1.54988e+16 1.9506e+16 2.33324e+16 2.6951e+16 3.01027e+16 3.26893e+16 3.46804e+16 3.58836e+16 3.62744e+16 0 0 0 0 0 0 0 0 0 0 0 0 0 0 0 0 0 0 0 0 0 0 0 0 0 0 0 0 0 0 0 0 
0 0 0 0 0 0 0 0 0 0 0 0 0 0 3.62571e+10 1.72855e+12 2.03543e+13 1.23369e+14 4.87608e+14 1.42079e+15 3.31096e+15 6.48453e+15 1.10932e+16 1.71508e+16 2.43261e+16 3.21789e+16 4.03584e+16 4.81447e+16 5.53945e+16 6.13699e+16 6.56465e+16 6.84092e+16 6.94406e+16 0 0 0 0 0 0 0 0 0 0 0 0 0 0 0 0 0 0 0 0 0 0 0 0 0 0 0 0 0 0 0 0 
0 0 0 0 0 0 0 0 0 0 0 0 0 0 0 3.45361e+11 7.21342e+12 6.12405e+13 3.11881e+14 1.1044e+15 3.00759e+15 6.69366e+15 1.28065e+16 2.15003e+16 3.28064e+16 4.60709e+16 6.06368e+16 7.54426e+16 8.88563e+16 1.00846e+17 1.10223e+17 1.15945e+17 1.17754e+17 0 0 0 0 0 0 0 0 0 0 0 0 0 0 0 0 0 0 0 0 0 0 0 0 0 0 0 0 0 0 0 0 
0 0 0 0 0 0 0 0 0 0 0 0 0 0 0 3.58678e+10 1.86572e+12 2.41446e+13 1.60974e+14 7.06636e+14 2.27701e+15 5.84335e+15 1.24352e+16 2.31199e+16 3.80775e+16 5.72603e+16 7.9115e+16 1.02511e+17 1.25799e+17 1.45711e+17 1.619e+17 1.71978e+17 1.7564e+17 0 0 0 0 0 0 0 0 0 0 0 0 0 0 0 0 0 0 0 0 0 0 0 0 0 0 0 0 0 0 0 0 
0 0 0 0 0 0 0 0 0 0 0 0 0 0 0 0 3.21528e+11 7.25673e+12 6.70928e+13 3.71581e+14 1.44018e+15 4.27297e+15 1.03252e+16 2.11337e+16 3.7964e+16 6.09182e+16 8.94939e+16 1.21506e+17 1.53966e+17 1.84243e+17 2.07726e+17 2.23515e+17 2.2882e+17 0 0 0 0 0 0 0 0 0 0 0 0 0 0 0 0 0 0 0 0 0 0 0 0 0 0 0 0 0 0 0 0 
0 0 0 0 0 0 0 0 0 0 0 0 0 0 0 0 2.93462e+10 1.61695e+12 2.237e+13 1.60382e+14 7.58875e+14 2.63517e+15 7.26286e+15 1.65513e+16 3.24089e+16 5.62009e+16 8.77796e+16 1.2479e+17 1.64483e+17 2.02438e+17 2.33955e+17 2.54127e+17 2.61624e+17 0 0 0 0 0 0 0 0 0 0 0 0 0 0 0 0 0 0 0 0 0 0 0 0 0 0 0 0 0 0 0 0 
0 0 0 0 0 0 0 0 0 0 0 0 0 0 0 0 0 2.43449e+11 5.79017e+12 5.6858e+13 3.3368e+14 1.37573e+15 4.33003e+15 1.1089e+16 2.39426e+16 4.46629e+16 7.41091e+16 1.11493e+17 1.52994e+17 1.93616e+17 2.28923e+17 2.52509e+17 2.60303e+17 0 0 0 0 0 0 0 0 0 0 0 0 0 0 0 0 0 0 0 0 0 0 0 0 0 0 0 0 0 0 0 0 
0 0 0 0 0 0 0 0 0 0 0 0 0 0 0 0 0 2.00115e+10 1.13351e+12 1.63088e+13 1.22548e+14 6.0825e+14 2.22203e+15 6.39162e+15 1.51939e+16 3.09082e+16 5.48452e+16 8.67882e+16 1.24379e+17 1.63036e+17 1.95974e+17 2.19271e+17 2.27671e+17 0 0 0 0 0 0 0 0 0 0 0 0 0 0 0 0 0 0 0 0 0 0 0 0 0 0 0 0 0 0 0 0 
0 0 0 0 0 0 0 0 0 0 0 0 0 0 0 0 0 0 1.51697e+11 3.69348e+12 3.74602e+13 2.27691e+14 9.73292e+14 3.16562e+15 8.34803e+15 1.84661e+16 3.51905e+16 5.89007e+16 8.81393e+16 1.19591e+17 1.47657e+17 1.66991e+17 1.73831e+17 0 0 0 0 0 0 0 0 0 0 0 0 0 0 0 0 0 0 0 0 0 0 0 0 0 0 0 0 0 0 0 0 
0 0 0 0 0 0 0 0 0 0 0 0 0 0 0 0 0 0 1.15441e+10 6.44376e+11 9.38821e+12 7.20977e+13 3.65599e+14 1.3664e+15 4.00514e+15 9.66387e+15 1.97671e+16 3.51669e+16 5.50828e+16 7.693e+16 9.75684e+16 1.11893e+17 1.17404e+17 0 0 0 0 0 0 0 0 0 0 0 0 0 0 0 0 0 0 0 0 0 0 0 0 0 0 0 0 0 0 0 0 
0 0 0 0 0 0 0 0 0 0 0 0 0 0 0 0 0 0 0 7.79604e+10 1.88856e+12 1.92731e+13 1.18504e+14 5.09907e+14 1.67401e+15 4.42975e+15 9.77252e+15 1.84389e+16 3.0368e+16 4.4093e+16 5.70531e+16 6.66793e+16 6.99273e+16 0 0 0 0 0 0 0 0 0 0 0 0 0 0 0 0 0 0 0 0 0 0 0 0 0 0 0 0 0 0 0 0 
0 0 0 0 0 0 0 0 0 0 0 0 0 0 0 0 0 0 0 5.6635e+09 2.96655e+11 4.26872e+12 3.26791e+13 1.65745e+14 6.16601e+14 1.79071e+15 4.27382e+15 8.54738e+15 1.47771e+16 2.22728e+16 2.97047e+16 3.50647e+16 3.71223e+16 0 0 0 0 0 0 0 0 0 0 0 0 0 0 0 0 0 0 0 0 0 0 0 0 0 0 0 0 0 0 0 0 
0 0 0 0 0 0 0 0 0 0 0 0 0 0 0 0 0 0 0 0 3.319e+10 7.77752e+11 7.78355e+12 4.70385e+13 1.99472e+14 6.43522e+14 1.65641e+15 3.55321e+15 6.4324e+15 1.00988e+16 1.3752e+16 1.65576e+16 1.76139e+16 0 0 0 0 0 0 0 0 0 0 0 0 0 0 0 0 0 0 0 0 0 0 0 0 0 0 0 0 0 0 0 0 
0 0 0 0 0 0 0 0 0 0 0 0 0 0 0 0 0 0 0 0 2.40028e+09 1.12655e+11 1.5554e+12 1.15636e+13 5.68826e+13 2.04911e+14 5.76795e+14 1.31896e+15 2.50849e+15 4.08216e+15 5.7297e+15 7.00143e+15 7.47389e+15 0 0 0 0 0 0 0 0 0 0 0 0 0 0 0 0 0 0 0 0 0 0 0 0 0 0 0 0 0 0 0 0 
0 0 0 0 0 0 0 0 0 0 0 0 0 0 0 0 0 0 0 0 0 1.19181e+10 2.60459e+11 2.47245e+12 1.43389e+13 5.83358e+13 1.79351e+14 4.39989e+14 8.90495e+14 1.50525e+15 2.17427e+15 2.69527e+15 2.88849e+15 0 0 0 0 0 0 0 0 0 0 0 0 0 0 0 0 0 0 0 0 0 0 0 0 0 0 0 0 0 0 0 0 
0 0 0 0 0 0 0 0 0 0 0 0 0 0 0 0 0 0 0 0 0 9.07815e+08 3.55892e+10 4.54753e+11 3.17223e+12 1.4762e+13 5.0518e+13 1.33413e+14 2.84259e+14 5.02446e+14 7.44706e+14 9.40543e+14 1.01158e+15 0 0 0 0 0 0 0 0 0 0 0 0 0 0 0 0 0 0 0 0 0 0 0 0 0 0 0 0 0 0 0 0 
0 0 0 0 0 0 0 0 0 0 0 0 0 0 0 0 0 0 0 0 0 0 3.66121e+09 7.13362e+10 6.24354e+11 3.38315e+12 1.27729e+13 3.6622e+13 8.32494e+13 1.53303e+14 2.35486e+14 3.01346e+14 3.28197e+14 0 0 0 0 0 0 0 0 0 0 0 0 0 0 0 0 0 0 0 0 0 0 0 0 0 0 0 0 0 0 0 0 
0 0 0 0 0 0 0 0 0 0 0 0 0 0 0 0 0 0 0 0 0 0 3.15825e+08 9.47705e+09 1.0747e+11 6.82727e+11 2.94022e+12 9.26063e+12 2.22096e+13 4.28121e+13 6.77682e+13 8.89128e+13 9.69052e+13 0 0 0 0 0 0 0 0 0 0 0 0 0 0 0 0 0 0 0 0 0 0 0 0 0 0 0 0 0 0 0 0 
0 0 0 0 0 0 0 0 0 0 0 0 0 0 0 0 0 0 0 0 0 0 0 9.64935e+08 1.62122e+10 1.27181e+11 6.17076e+11 2.10806e+12 5.46294e+12 1.11102e+13 1.8082e+13 2.39847e+13 2.64452e+13 0 0 0 0 0 0 0 0 0 0 0 0 0 0 0 0 0 0 0 0 0 0 0 0 0 0 0 0 0 0 0 0 
0 0 0 0 0 0 0 0 0 0 0 0 0 0 0 0 0 0 0 0 0 0 0 1.02553e+08 2.17736e+09 2.10059e+10 1.18184e+11 4.47807e+11 1.25387e+12 2.66511e+12 4.51531e+12 6.12968e+12 6.79365e+12 0 0 0 0 0 0 0 0 0 0 0 0 0 0 0 0 0 0 0 0 0 0 0 0 0 0 0 0 0 0 0 0 
0 0 0 0 0 0 0 0 0 0 0 0 0 0 0 0 0 0 0 0 0 0 0 0 2.22424e+08 3.14918e+09 2.09242e+10 8.88234e+10 2.64934e+11 5.97679e+11 1.05172e+12 1.45306e+12 1.63221e+12 0 0 0 0 0 0 0 0 0 0 0 0 0 0 0 0 0 0 0 0 0 0 0 0 0 0 0 0 0 0 0 0 
0 0 0 0 0 0 0 0 0 0 0 0 0 0 0 0 0 0 0 0 0 0 0 0 3.06293e+07 4.40471e+08 3.39811e+09 1.63994e+10 5.37698e+10 1.27807e+11 2.3076e+11 3.29249e+11 3.68214e+11 0 0 0 0 0 0 0 0 0 0 0 0 0 0 0 0 0 0 0 0 0 0 0 0 0 0 0 0 0 0 0 0 
0 0 0 0 0 0 0 0 0 0 0 0 0 0 0 0 0 0 0 0 0 0 0 0 0 4.47609e+07 5.31784e+08 2.89696e+09 1.01709e+10 2.56814e+10 4.85698e+10 7.15324e+10 8.01643e+10 0 0 0 0 0 0 0 0 0 0 0 0 0 0 0 0 0 0 0 0 0 0 0 0 0 0 0 0 0 0 0 0 
0 0 0 0 0 0 0 0 0 0 0 0 0 0 0 0 0 0 0 0 0 0 0 0 0 8.39824e+06 8.00083e+07 4.75564e+08 1.86928e+09 5.02427e+09 9.8723e+09 1.46629e+10 1.67836e+10 0 0 0 0 0 0 0 0 0 0 0 0 0 0 0 0 0 0 0 0 0 0 0 0 0 0 0 0 0 0 0 0 
0 0 0 0 0 0 0 0 0 0 0 0 0 0 0 0 0 0 0 0 0 0 0 0 0 0 7.71956e+06 8.093e+07 3.38894e+08 9.45066e+08 1.94268e+09 2.92326e+09 3.45825e+09 0 0 0 0 0 0 0 0 0 0 0 0 0 0 0 0 0 0 0 0 0 0 0 0 0 0 0 0 0 0 0 0 
0 0 0 0 0 0 0 0 0 0 0 0 0 0 0 0 0 0 0 0 0 0 0 0 0 0 2.02061e+06 1.27096e+07 5.61368e+07 1.81906e+08 3.77781e+08 5.95733e+08 6.80513e+08 0 0 0 0 0 0 0 0 0 0 0 0 0 0 0 0 0 0 0 0 0 0 0 0 0 0 0 0 0 0 0 0 
0 0 0 0 0 0 0 0 0 0 0 0 0 0 0 0 0 0 0 0 0 0 0 0 0 0 0 1.06835e+06 1.07265e+07 3.29863e+07 7.28315e+07 1.17196e+08 1.3402e+08 0 0 0 0 0 0 0 0 0 0 0 0 0 0 0 0 0 0 0 0 0 0 0 0 0 0 0 0 0 0 0 0 
0 0 0 0 0 0 0 0 0 0 0 0 0 0 0 0 0 0 0 0 0 0 0 0 0 0 0 419493 1.66837e+06 5.59029e+06 1.50735e+07 2.21881e+07 2.83376e+07 0 0 0 0 0 0 0 0 0 0 0 0 0 0 0 0 0 0 0 0 0 0 0 0 0 0 0 0 0 0 0 0 
0 0 0 0 0 0 0 0 0 0 0 0 0 0 0 0 0 0 0 0 0 0 0 0 0 0 0 0 110584 1.23002e+06 2.40958e+06 4.64284e+06 5.12879e+06 0 0 0 0 0 0 0 0 0 0 0 0 0 0 0 0 0 0 0 0 0 0 0 0 0 0 0 0 0 0 0 0 
0 0 0 0 0 0 0 0 0 0 0 0 0 0 0 0 0 0 0 0 0 0 0 0 0 0 0 0 71736.1 167488 460544 963044 939955 0 0 0 0 0 0 0 0 0 0 0 0 0 0 0 0 0 0 0 0 0 0 0 0 0 0 0 0 0 0 0 0 
0 0 0 0 0 0 0 0 0 0 0 0 0 0 0 0 0 0 0 0 0 0 0 0 0 0 0 0 0 7555.34 114504 111800 239239 0 0 0 0 0 0 0 0 0 0 0 0 0 0 0 0 0 0 0 0 0 0 0 0 0 0 0 0 0 0 0 0 
0 0 0 0 0 0 0 0 0 0 0 0 0 0 0 0 0 0 0 0 0 0 0 0 0 0 0 0 0 9700.63 11248.4 31630.9 37479.4 0 0 0 0 0 0 0 0 0 0 0 0 0 0 0 0 0 0 0 0 0 0 0 0 0 0 0 0 0 0 0 0 
0 0 0 0 0 0 0 0 0 0 0 0 0 0 0 0 0 0 0 0 0 0 0 0 0 0 0 0 0 0 250.992 7498.98 2021.53 0 0 0 0 0 0 0 0 0 0 0 0 0 0 0 0 0 0 0 0 0 0 0 0 0 0 0 0 0 0 0 0 
0 0 0 0 0 0 0 0 0 0 0 0 0 0 0 0 0 0 0 0 0 0 0 0 0 0 0 0 0 0 964.054 373.596 1860.12 0 0 0 0 0 0 0 0 0 0 0 0 0 0 0 0 0 0 0 0 0 0 0 0 0 0 0 0 0 0 0 0 
0 0 0 0 0 0 0 0 0 0 0 0 0 0 0 0 0 0 0 0 0 0 0 0 0 0 0 0 0 0 0 0 248.963 0 0 0 0 0 0 0 0 0 0 0 0 0 0 0 0 0 0 0 0 0 0 0 0 0 0 0 0 0 0 0 0 
0 0 0 0 0 0 0 0 0 0 0 0 0 0 0 0 0 0 0 0 0 0 0 0 0 0 0 0 0 0 0 62.1971 0 0 0 0 0 0 0 0 0 0 0 0 0 0 0 0 0 0 0 0 0 0 0 0 0 0 0 0 0 0 0 0 0 
0 0 0 0 0 0 0 0 0 0 0 0 0 0 0 0 0 0 0 0 0 0 0 0 0 0 0 0 0 0 0 0 0 0 0 0 0 0 0 0 0 0 0 0 0 0 0 0 0 0 0 0 0 0 0 0 0 0 0 0 0 0 0 0 0 
0 0 0 0 0 0 0 0 0 0 0 0 0 0 0 0 0 0 0 0 0 0 0 0 0 0 0 0 0 0 0 0 1.94366 0 0 0 0 0 0 0 0 0 0 0 0 0 0 0 0 0 0 0 0 0 0 0 0 0 0 0 0 0 0 0 0 
