1 0 0 0 0 0 0 0 0 0 0 0 0 0 0 0 0 0 0 0 0 0 0 0 0 0 0 0 0 0 0 0 0 0 0 0 0 0 0 0 0 0 0 0 0 0 0 0 0 0 0 0 0 0 0 0 0 0 0 0 0 0 0 0 1 
0 0 0 0 0 0 0 0 0 0 0 0 0 0 0 0 0 0 0 0 0 0 0 0 0 0 0 0 0 0 0 0 0 0 0 0 0 0 0 0 0 0 0 0 0 0 0 0 0 0 0 0 0 0 0 0 0 0 0 0 0 0 0 0 0 
0 64 0 0 0 0 0 0 0 0 0 0 0 0 0 0 0 0 0 0 0 0 0 0 0 0 0 0 0 0 0 0 0 0 0 0 0 0 0 0 0 0 0 0 0 0 0 0 0 0 0 0 0 0 0 0 0 0 0 0 0 0 0 0 0 
0 0 128 0 0 0 0 0 0 0 0 0 0 0 0 0 0 0 0 0 0 0 0 0 0 0 0 0 0 0 0 0 0 0 0 0 0 0 0 0 0 0 0 0 0 0 0 0 0 0 0 0 0 0 0 0 0 0 0 0 0 0 0 0 0 
0 0 1888 387.363 64.3765 0 0 0 0 0 0 0 0 0 0 0 0 0 0 0 0 0 0 0 0 0 0 0 0 0 0 0 0 0 0 0 0 0 0 0 0 0 0 0 0 0 0 0 0 0 0 0 0 0 0 0 0 0 0 0 0 0 0 0 0 
0 0 0 7161.27 1175.41 516.512 129.534 0 0 0 0 0 0 0 0 0 0 0 0 0 0 0 0 0 0 0 0 0 0 0 0 0 0 0 0 0 0 0 0 0 0 0 0 0 0 0 0 0 0 0 0 0 0 0 0 0 0 0 0 0 0 0 0 0 0 
0 0 0 34115.4 27220.8 6919.06 2588.53 1446.76 385.583 67.0768 0 0 0 0 0 0 0 0 0 0 0 0 0 0 0 0 0 0 0 0 0 0 0 0 0 0 0 0 0 0 0 0 0 0 0 0 0 0 0 0 0 0 0 0 0 0 0 0 0 0 0 0 0 0 0 
0 0 0 0 183823 97038.8 43211.2 16849.4 8582.37 4819.32 1941.35 454.023 130.237 0 0 0 0 0 0 0 0 0 0 0 0 0 0 0 0 0 0 0 0 0 0 0 0 0 0 0 0 0 0 0 0 0 0 0 0 0 0 0 0 0 0 0 0 0 0 0 0 0 0 0 0 
0 0 0 0 423093 829825 410461 221984 119133 58822.9 33168.9 19599.8 9801.95 4674.84 1447.16 420.042 104.933 0 0 0 0 0 0 0 15.4311 0 0 0 0 0 0 0 14.9286 0 0 0 0 0 0 0 0 0 0 0 0 0 0 0 0 0 0 0 0 0 0 0 0 0 0 0 0 0 0 0 0 
0 0 0 0 0 2.85993e+06 3.32204e+06 1.97817e+06 1.13172e+06 720112 426870 248108 154339 93166.3 57133 31721.9 14692.5 6195.34 2034.56 814.231 339.723 218.15 251.33 238.264 0 282.463 264.767 261.144 255.366 276.612 247.847 241.443 0 0 0 0 0 0 0 0 0 0 0 0 0 0 0 0 0 0 0 0 0 0 0 0 0 0 0 0 0 0 0 0 0 
0 0 0 0 0 3.83028e+06 1.46179e+07 1.35252e+07 9.41648e+06 6.10363e+06 4.0307e+06 2.69812e+06 1.8271e+06 1.16306e+06 785531 524830 330591 208954 121622 67647.4 36244.9 22125.5 13297.4 11494.6 12022.7 10158.8 9702.96 9233.99 9528.17 9683.63 9134.16 9060.67 11692.6 0 0 0 0 0 0 0 0 0 0 0 0 0 0 0 0 0 0 0 0 0 0 0 0 0 0 0 0 0 0 0 0 
0 0 0 0 0 0 3.0328e+07 6.38291e+07 5.75459e+07 4.34781e+07 3.18633e+07 2.23287e+07 1.60712e+07 1.17534e+07 8.4333e+06 5.92942e+06 4.23621e+06 2.97402e+06 2.11748e+06 1.4768e+06 1.05206e+06 714732 506780 395112 291167 256862 234664 225910 224123 224928 222605 215448 215628 0 0 0 0 0 0 0 0 0 0 0 0 0 0 0 0 0 0 0 0 0 0 0 0 0 0 0 0 0 0 0 0 
0 0 0 0 0 0 2.62501e+07 1.69178e+08 2.63458e+08 2.47026e+08 2.00622e+08 1.57081e+08 1.19535e+08 9.08481e+07 6.99765e+07 5.24541e+07 4.07889e+07 3.09092e+07 2.29917e+07 1.76357e+07 1.35362e+07 1.06668e+07 8.45825e+06 6.94151e+06 5.58192e+06 4.7034e+06 4.02628e+06 3.68862e+06 3.46263e+06 3.36644e+06 3.25025e+06 3.24953e+06 3.26904e+06 0 0 0 0 0 0 0 0 0 0 0 0 0 0 0 0 0 0 0 0 0 0 0 0 0 0 0 0 0 0 0 0 
0 0 0 0 0 0 0 2.32991e+08 7.83609e+08 1.06698e+09 1.04353e+09 9.08369e+08 7.46998e+08 6.11041e+08 4.96219e+08 3.95587e+08 3.1584e+08 2.52776e+08 2.02935e+08 1.6562e+08 1.36371e+08 1.11603e+08 9.25807e+07 7.64257e+07 6.58283e+07 5.54853e+07 5.1e+07 4.74911e+07 4.35314e+07 4.11209e+07 3.8171e+07 3.73588e+07 3.74848e+07 0 0 0 0 0 0 0 0 0 0 0 0 0 0 0 0 0 0 0 0 0 0 0 0 0 0 0 0 0 0 0 0 
0 0 0 0 0 0 0 1.39474e+08 1.38476e+09 3.30045e+09 4.2842e+09 4.34749e+09 3.99584e+09 3.51714e+09 2.99658e+09 2.5517e+09 2.15171e+09 1.77597e+09 1.50589e+09 1.27537e+09 1.08568e+09 9.35112e+08 7.98778e+08 6.85773e+08 5.97124e+08 5.39611e+08 4.87786e+08 4.43432e+08 4.1585e+08 3.9249e+08 3.79973e+08 3.72223e+08 3.66735e+08 0 0 0 0 0 0 0 0 0 0 0 0 0 0 0 0 0 0 0 0 0 0 0 0 0 0 0 0 0 0 0 0 
0 0 0 0 0 0 0 0 1.34137e+09 6.67568e+09 1.31512e+10 1.68622e+10 1.77816e+10 1.71345e+10 1.5789e+10 1.41188e+10 1.23204e+10 1.1e+10 9.56568e+09 8.42945e+09 7.41213e+09 6.50891e+09 5.72745e+09 5.15125e+09 4.61957e+09 4.20916e+09 3.89999e+09 3.59594e+09 3.34762e+09 3.19712e+09 3.08624e+09 3.00098e+09 2.97993e+09 0 0 0 0 0 0 0 0 0 0 0 0 0 0 0 0 0 0 0 0 0 0 0 0 0 0 0 0 0 0 0 0 
0 0 0 0 0 0 0 0 5.84742e+08 8.30376e+09 2.83605e+10 5.03832e+10 6.48719e+10 7.07068e+10 7.12012e+10 6.78916e+10 6.37416e+10 5.86817e+10 5.2972e+10 4.78811e+10 4.35461e+10 3.96867e+10 3.59382e+10 3.31343e+10 3.04464e+10 2.79319e+10 2.6327e+10 2.45352e+10 2.34952e+10 2.24833e+10 2.19307e+10 2.14352e+10 2.13704e+10 0 0 0 0 0 0 0 0 0 0 0 0 0 0 0 0 0 0 0 0 0 0 0 0 0 0 0 0 0 0 0 0 
0 0 0 0 0 0 0 0 0 5.93623e+09 4.09581e+10 1.11293e+11 1.86157e+11 2.41413e+11 2.72445e+11 2.84277e+11 2.84561e+11 2.74586e+11 2.59948e+11 2.44751e+11 2.27554e+11 2.12872e+11 2.00172e+11 1.86896e+11 1.75757e+11 1.67147e+11 1.56915e+11 1.49737e+11 1.43237e+11 1.39168e+11 1.3642e+11 1.34199e+11 1.33696e+11 0 0 0 0 0 0 0 0 0 0 0 0 0 0 0 0 0 0 0 0 0 0 0 0 0 0 0 0 0 0 0 0 
0 0 0 0 0 0 0 0 0 1.9601e+09 3.76084e+10 1.74377e+11 4.11077e+11 6.67046e+11 8.74448e+11 1.01731e+12 1.098e+12 1.12607e+12 1.12386e+12 1.10249e+12 1.07412e+12 1.03588e+12 9.8852e+11 9.47326e+11 9.11283e+11 8.77799e+11 8.415e+11 8.07957e+11 7.83838e+11 7.68553e+11 7.62079e+11 7.47864e+11 7.43556e+11 0 0 0 0 0 0 0 0 0 0 0 0 0 0 0 0 0 0 0 0 0 0 0 0 0 0 0 0 0 0 0 0 
0 0 0 0 0 0 0 0 0 0 2.05444e+10 1.86307e+11 6.71505e+11 1.44174e+12 2.30361e+12 3.0595e+12 3.63857e+12 4.06333e+12 4.29623e+12 4.42983e+12 4.49801e+12 4.45136e+12 4.39483e+12 4.30917e+12 4.22634e+12 4.13477e+12 4.04157e+12 3.9509e+12 3.88518e+12 3.81027e+12 3.73534e+12 3.72704e+12 3.71049e+12 0 0 0 0 0 0 0 0 0 0 0 0 0 0 0 0 0 0 0 0 0 0 0 0 0 0 0 0 0 0 0 0 
0 0 0 0 0 0 0 0 0 0 5.28585e+09 1.31273e+11 7.85427e+11 2.39143e+12 4.83258e+12 7.62176e+12 1.02962e+13 1.25549e+13 1.43556e+13 1.56649e+13 1.65511e+13 1.71561e+13 1.74129e+13 1.75603e+13 1.75972e+13 1.7581e+13 1.73855e+13 1.71272e+13 1.70462e+13 1.69528e+13 1.67962e+13 1.6811e+13 1.67894e+13 0 0 0 0 0 0 0 0 0 0 0 0 0 0 0 0 0 0 0 0 0 0 0 0 0 0 0 0 0 0 0 0 
0 0 0 0 0 0 0 0 0 0 0 5.61005e+10 6.43262e+11 2.94086e+12 7.94821e+12 1.54561e+13 2.42731e+13 3.30811e+13 4.12583e+13 4.82074e+13 5.36847e+13 5.83257e+13 6.16526e+13 6.43137e+13 6.62497e+13 6.71804e+13 6.74005e+13 6.79758e+13 6.82253e+13 6.81161e+13 6.82709e+13 6.82325e+13 6.87037e+13 0 0 0 0 0 0 0 0 0 0 0 0 0 0 0 0 0 0 0 0 0 0 0 0 0 0 0 0 0 0 0 0 
0 0 0 0 0 0 0 0 0 0 0 1.15617e+10 3.56355e+11 2.64925e+12 1.00325e+13 2.48954e+13 4.69179e+13 7.37215e+13 1.01793e+14 1.29098e+14 1.54253e+14 1.75311e+14 1.9422e+14 2.08188e+14 2.20154e+14 2.2947e+14 2.36609e+14 2.43247e+14 2.45843e+14 2.49716e+14 2.50991e+14 2.52292e+14 2.52431e+14 0 0 0 0 0 0 0 0 0 0 0 0 0 0 0 0 0 0 0 0 0 0 0 0 0 0 0 0 0 0 0 0 
0 0 0 0 0 0 0 0 0 0 0 0 1.22276e+11 1.70873e+12 9.56393e+12 3.1585e+13 7.3793e+13 1.35955e+14 2.13337e+14 2.97735e+14 3.83356e+14 4.65611e+14 5.40413e+14 6.08154e+14 6.60067e+14 7.10439e+14 7.47925e+14 7.76711e+14 8.03787e+14 8.20574e+14 8.35679e+14 8.39249e+14 8.41096e+14 0 0 0 0 0 0 0 0 0 0 0 0 0 0 0 0 0 0 0 0 0 0 0 0 0 0 0 0 0 0 0 0 
0 0 0 0 0 0 0 0 0 0 0 0 2.06214e+10 7.59984e+11 6.78762e+12 3.1032e+13 9.23013e+13 2.05456e+14 3.72057e+14 5.84031e+14 8.24042e+14 1.07194e+15 1.31527e+15 1.54677e+15 1.7636e+15 1.95434e+15 2.11908e+15 2.25861e+15 2.36791e+15 2.45145e+15 2.4913e+15 2.53736e+15 2.55282e+15 0 0 0 0 0 0 0 0 0 0 0 0 0 0 0 0 0 0 0 0 0 0 0 0 0 0 0 0 0 0 0 0 
0 0 0 0 0 0 0 0 0 0 0 0 0 2.14262e+11 3.52707e+12 2.33098e+13 9.14312e+13 2.51479e+14 5.38199e+14 9.62528e+14 1.50443e+15 2.14026e+15 2.81581e+15 3.50157e+15 4.16659e+15 4.77455e+15 5.32418e+15 5.79868e+15 6.19313e+15 6.47544e+15 6.71195e+15 6.8599e+15 6.90581e+15 0 0 0 0 0 0 0 0 0 0 0 0 0 0 0 0 0 0 0 0 0 0 0 0 0 0 0 0 0 0 0 0 
0 0 0 0 0 0 0 0 0 0 0 0 0 3.00696e+10 1.28435e+12 1.33803e+13 7.1314e+13 2.47817e+14 6.39933e+14 1.32281e+15 2.33349e+15 3.63929e+15 5.18578e+15 6.86853e+15 8.63742e+15 1.03024e+16 1.1887e+16 1.33309e+16 1.44892e+16 1.54737e+16 1.62067e+16 1.66492e+16 1.67705e+16 0 0 0 0 0 0 0 0 0 0 0 0 0 0 0 0 0 0 0 0 0 0 0 0 0 0 0 0 0 0 0 0 
0 0 0 0 0 0 0 0 0 0 0 0 0 0 3.02266e+11 5.67979e+12 4.33364e+13 1.95913e+14 6.18282e+14 1.51061e+15 3.04096e+15 5.29199e+15 8.23245e+15 1.17137e+16 1.54869e+16 1.94968e+16 2.33853e+16 2.69981e+16 3.02444e+16 3.278e+16 3.47521e+16 3.59527e+16 3.63085e+16 0 0 0 0 0 0 0 0 0 0 0 0 0 0 0 0 0 0 0 0 0 0 0 0 0 0 0 0 0 0 0 0 
0 0 0 0 0 0 0 0 0 0 0 0 0 0 3.61094e+10 1.73187e+12 2.03265e+13 1.23256e+14 4.8749e+14 1.42265e+15 3.31428e+15 6.48113e+15 1.11019e+16 1.71457e+16 2.4285e+16 3.22035e+16 4.03591e+16 4.81606e+16 5.53075e+16 6.13444e+16 6.57905e+16 6.85851e+16 6.96254e+16 0 0 0 0 0 0 0 0 0 0 0 0 0 0 0 0 0 0 0 0 0 0 0 0 0 0 0 0 0 0 0 0 
0 0 0 0 0 0 0 0 0 0 0 0 0 0 0 3.44976e+11 7.22186e+12 6.13903e+13 3.11539e+14 1.10624e+15 3.00734e+15 6.71353e+15 1.27797e+16 2.14759e+16 3.28759e+16 4.61221e+16 6.05958e+16 7.52103e+16 8.90186e+16 1.01055e+17 1.10123e+17 1.15606e+17 1.1768e+17 0 0 0 0 0 0 0 0 0 0 0 0 0 0 0 0 0 0 0 0 0 0 0 0 0 0 0 0 0 0 0 0 
0 0 0 0 0 0 0 0 0 0 0 0 0 0 0 3.58475e+10 1.8658e+12 2.40742e+13 1.61311e+14 7.04962e+14 2.27885e+15 5.83203e+15 1.24665e+16 2.31009e+16 3.79693e+16 5.69994e+16 7.90112e+16 1.02541e+17 1.25534e+17 1.4557e+17 1.61586e+17 1.72249e+17 1.75286e+17 0 0 0 0 0 0 0 0 0 0 0 0 0 0 0 0 0 0 0 0 0 0 0 0 0 0 0 0 0 0 0 0 
0 0 0 0 0 0 0 0 0 0 0 0 0 0 0 0 3.20551e+11 7.25818e+12 6.69884e+13 3.71464e+14 1.43876e+15 4.26647e+15 1.03113e+16 2.11738e+16 3.80043e+16 6.10504e+16 8.95483e+16 1.21493e+17 1.53456e+17 1.83589e+17 2.08017e+17 2.23142e+17 2.29047e+17 0 0 0 0 0 0 0 0 0 0 0 0 0 0 0 0 0 0 0 0 0 0 0 0 0 0 0 0 0 0 0 0 
0 0 0 0 0 0 0 0 0 0 0 0 0 0 0 0 2.93951e+10 1.61466e+12 2.22985e+13 1.60651e+14 7.58606e+14 2.6431e+15 7.2626e+15 1.65236e+16 3.24864e+16 5.6285e+16 8.771e+16 1.24722e+17 1.64937e+17 2.02457e+17 2.33107e+17 2.53725e+17 2.61074e+17 0 0 0 0 0 0 0 0 0 0 0 0 0 0 0 0 0 0 0 0 0 0 0 0 0 0 0 0 0 0 0 0 
0 0 0 0 0 0 0 0 0 0 0 0 0 0 0 0 0 2.43926e+11 5.80721e+12 5.67347e+13 3.33843e+14 1.3735e+15 4.34378e+15 1.1103e+16 2.38678e+16 4.47453e+16 7.42364e+16 1.11903e+17 1.53138e+17 1.94368e+17 2.28953e+17 2.5282e+17 2.60289e+17 0 0 0 0 0 0 0 0 0 0 0 0 0 0 0 0 0 0 0 0 0 0 0 0 0 0 0 0 0 0 0 0 
0 0 0 0 0 0 0 0 0 0 0 0 0 0 0 0 0 2.00518e+10 1.13095e+12 1.62356e+13 1.22536e+14 6.08928e+14 2.21528e+15 6.39692e+15 1.52073e+16 3.07811e+16 5.48634e+16 8.65729e+16 1.24366e+17 1.62862e+17 1.96937e+17 2.19316e+17 2.28108e+17 0 0 0 0 0 0 0 0 0 0 0 0 0 0 0 0 0 0 0 0 0 0 0 0 0 0 0 0 0 0 0 0 
0 0 0 0 0 0 0 0 0 0 0 0 0 0 0 0 0 0 1.51814e+11 3.70475e+12 3.72855e+13 2.27308e+14 9.71085e+14 3.16974e+15 8.36648e+15 1.84908e+16 3.51789e+16 5.89809e+16 8.83177e+16 1.1957e+17 1.47639e+17 1.6747e+17 1.74118e+17 0 0 0 0 0 0 0 0 0 0 0 0 0 0 0 0 0 0 0 0 0 0 0 0 0 0 0 0 0 0 0 0 
0 0 0 0 0 0 0 0 0 0 0 0 0 0 0 0 0 0 1.1504e+10 6.42014e+11 9.37752e+12 7.19566e+13 3.66669e+14 1.36203e+15 4.00274e+15 9.66398e+15 1.97811e+16 3.50893e+16 5.50178e+16 7.7132e+16 9.7495e+16 1.1197e+17 1.17285e+17 0 0 0 0 0 0 0 0 0 0 0 0 0 0 0 0 0 0 0 0 0 0 0 0 0 0 0 0 0 0 0 0 
0 0 0 0 0 0 0 0 0 0 0 0 0 0 0 0 0 0 0 7.79262e+10 1.88928e+12 1.92262e+13 1.17762e+14 5.08673e+14 1.66905e+15 4.42073e+15 9.72638e+15 1.8421e+16 3.02381e+16 4.3909e+16 5.69853e+16 6.63766e+16 6.99395e+16 0 0 0 0 0 0 0 0 0 0 0 0 0 0 0 0 0 0 0 0 0 0 0 0 0 0 0 0 0 0 0 0 
0 0 0 0 0 0 0 0 0 0 0 0 0 0 0 0 0 0 0 5.59048e+09 2.96017e+11 4.28229e+12 3.26532e+13 1.6572e+14 6.17295e+14 1.79412e+15 4.27528e+15 8.55915e+15 1.47813e+16 2.22512e+16 2.96403e+16 3.50736e+16 3.70843e+16 0 0 0 0 0 0 0 0 0 0 0 0 0 0 0 0 0 0 0 0 0 0 0 0 0 0 0 0 0 0 0 0 
0 0 0 0 0 0 0 0 0 0 0 0 0 0 0 0 0 0 0 0 3.32029e+10 7.7772e+11 7.754e+12 4.67236e+13 1.98681e+14 6.42062e+14 1.65837e+15 3.54861e+15 6.42891e+15 1.00687e+16 1.37148e+16 1.65435e+16 1.7531e+16 0 0 0 0 0 0 0 0 0 0 0 0 0 0 0 0 0 0 0 0 0 0 0 0 0 0 0 0 0 0 0 0 
0 0 0 0 0 0 0 0 0 0 0 0 0 0 0 0 0 0 0 0 2.39779e+09 1.12072e+11 1.55988e+12 1.14907e+13 5.68105e+13 2.05107e+14 5.77709e+14 1.31636e+15 2.51104e+15 4.08687e+15 5.73221e+15 7.00292e+15 7.50117e+15 0 0 0 0 0 0 0 0 0 0 0 0 0 0 0 0 0 0 0 0 0 0 0 0 0 0 0 0 0 0 0 0 
0 0 0 0 0 0 0 0 0 0 0 0 0 0 0 0 0 0 0 0 0 1.18708e+10 2.60286e+11 2.47174e+12 1.42766e+13 5.79536e+13 1.79063e+14 4.40608e+14 8.87323e+14 1.50192e+15 2.16109e+15 2.67504e+15 2.86371e+15 0 0 0 0 0 0 0 0 0 0 0 0 0 0 0 0 0 0 0 0 0 0 0 0 0 0 0 0 0 0 0 0 
0 0 0 0 0 0 0 0 0 0 0 0 0 0 0 0 0 0 0 0 0 9.0992e+08 3.53143e+10 4.55454e+11 3.17471e+12 1.48139e+13 5.03073e+13 1.33673e+14 2.85352e+14 5.02158e+14 7.43575e+14 9.34897e+14 1.01407e+15 0 0 0 0 0 0 0 0 0 0 0 0 0 0 0 0 0 0 0 0 0 0 0 0 0 0 0 0 0 0 0 0 
0 0 0 0 0 0 0 0 0 0 0 0 0 0 0 0 0 0 0 0 0 0 3.60242e+09 7.15671e+10 6.27554e+11 3.38343e+12 1.27275e+13 3.64646e+13 8.28473e+13 1.52542e+14 2.33236e+14 2.9956e+14 3.25925e+14 0 0 0 0 0 0 0 0 0 0 0 0 0 0 0 0 0 0 0 0 0 0 0 0 0 0 0 0 0 0 0 0 
0 0 0 0 0 0 0 0 0 0 0 0 0 0 0 0 0 0 0 0 0 0 3.18257e+08 9.42474e+09 1.07455e+11 6.83747e+11 2.95573e+12 9.16343e+12 2.21623e+13 4.25838e+13 6.75167e+13 8.83404e+13 9.66228e+13 0 0 0 0 0 0 0 0 0 0 0 0 0 0 0 0 0 0 0 0 0 0 0 0 0 0 0 0 0 0 0 0 
0 0 0 0 0 0 0 0 0 0 0 0 0 0 0 0 0 0 0 0 0 0 0 9.51437e+08 1.63131e+10 1.274e+11 6.17294e+11 2.10918e+12 5.45332e+12 1.11072e+13 1.80766e+13 2.39867e+13 2.64687e+13 0 0 0 0 0 0 0 0 0 0 0 0 0 0 0 0 0 0 0 0 0 0 0 0 0 0 0 0 0 0 0 0 
0 0 0 0 0 0 0 0 0 0 0 0 0 0 0 0 0 0 0 0 0 0 0 1.0284e+08 2.18738e+09 2.07773e+10 1.179e+11 4.49372e+11 1.24099e+12 2.67622e+12 4.50152e+12 6.12143e+12 6.77046e+12 0 0 0 0 0 0 0 0 0 0 0 0 0 0 0 0 0 0 0 0 0 0 0 0 0 0 0 0 0 0 0 0 
0 0 0 0 0 0 0 0 0 0 0 0 0 0 0 0 0 0 0 0 0 0 0 0 2.21468e+08 3.16094e+09 2.09355e+10 8.82575e+10 2.65426e+11 5.94264e+11 1.05147e+12 1.46163e+12 1.62271e+12 0 0 0 0 0 0 0 0 0 0 0 0 0 0 0 0 0 0 0 0 0 0 0 0 0 0 0 0 0 0 0 0 
0 0 0 0 0 0 0 0 0 0 0 0 0 0 0 0 0 0 0 0 0 0 0 0 3.09352e+07 4.48491e+08 3.42339e+09 1.63741e+10 5.32719e+10 1.26833e+11 2.30824e+11 3.26786e+11 3.70313e+11 0 0 0 0 0 0 0 0 0 0 0 0 0 0 0 0 0 0 0 0 0 0 0 0 0 0 0 0 0 0 0 0 
0 0 0 0 0 0 0 0 0 0 0 0 0 0 0 0 0 0 0 0 0 0 0 0 0 4.49013e+07 5.35185e+08 2.88964e+09 1.01949e+10 2.56512e+10 4.8323e+10 7.04475e+10 7.93768e+10 0 0 0 0 0 0 0 0 0 0 0 0 0 0 0 0 0 0 0 0 0 0 0 0 0 0 0 0 0 0 0 0 
0 0 0 0 0 0 0 0 0 0 0 0 0 0 0 0 0 0 0 0 0 0 0 0 0 8.41918e+06 8.1381e+07 4.74777e+08 1.89682e+09 5.0129e+09 9.7727e+09 1.45878e+10 1.67658e+10 0 0 0 0 0 0 0 0 0 0 0 0 0 0 0 0 0 0 0 0 0 0 0 0 0 0 0 0 0 0 0 0 
0 0 0 0 0 0 0 0 0 0 0 0 0 0 0 0 0 0 0 0 0 0 0 0 0 0 7.73146e+06 8.09443e+07 3.38497e+08 9.5925e+08 1.97512e+09 2.95718e+09 3.43543e+09 0 0 0 0 0 0 0 0 0 0 0 0 0 0 0 0 0 0 0 0 0 0 0 0 0 0 0 0 0 0 0 0 
0 0 0 0 0 0 0 0 0 0 0 0 0 0 0 0 0 0 0 0 0 0 0 0 0 0 2.02266e+06 1.28041e+07 5.58575e+07 1.84771e+08 3.79212e+08 5.94258e+08 6.81263e+08 0 0 0 0 0 0 0 0 0 0 0 0 0 0 0 0 0 0 0 0 0 0 0 0 0 0 0 0 0 0 0 0 
0 0 0 0 0 0 0 0 0 0 0 0 0 0 0 0 0 0 0 0 0 0 0 0 0 0 0 1.0729e+06 1.09241e+07 3.27667e+07 7.38456e+07 1.19041e+08 1.3355e+08 0 0 0 0 0 0 0 0 0 0 0 0 0 0 0 0 0 0 0 0 0 0 0 0 0 0 0 0 0 0 0 0 
0 0 0 0 0 0 0 0 0 0 0 0 0 0 0 0 0 0 0 0 0 0 0 0 0 0 0 417963 1.68508e+06 5.50869e+06 1.52171e+07 2.20163e+07 2.84393e+07 0 0 0 0 0 0 0 0 0 0 0 0 0 0 0 0 0 0 0 0 0 0 0 0 0 0 0 0 0 0 0 0 
0 0 0 0 0 0 0 0 0 0 0 0 0 0 0 0 0 0 0 0 0 0 0 0 0 0 0 0 111155 1.2725e+06 2.40955e+06 4.69723e+06 5.14587e+06 0 0 0 0 0 0 0 0 0 0 0 0 0 0 0 0 0 0 0 0 0 0 0 0 0 0 0 0 0 0 0 0 
0 0 0 0 0 0 0 0 0 0 0 0 0 0 0 0 0 0 0 0 0 0 0 0 0 0 0 0 71532.9 169279 457312 975298 935943 0 0 0 0 0 0 0 0 0 0 0 0 0 0 0 0 0 0 0 0 0 0 0 0 0 0 0 0 0 0 0 0 
0 0 0 0 0 0 0 0 0 0 0 0 0 0 0 0 0 0 0 0 0 0 0 0 0 0 0 0 0 7544.46 118139 112284 240927 0 0 0 0 0 0 0 0 0 0 0 0 0 0 0 0 0 0 0 0 0 0 0 0 0 0 0 0 0 0 0 0 
0 0 0 0 0 0 0 0 0 0 0 0 0 0 0 0 0 0 0 0 0 0 0 0 0 0 0 0 0 9678.58 11389 32635.6 37856.8 0 0 0 0 0 0 0 0 0 0 0 0 0 0 0 0 0 0 0 0 0 0 0 0 0 0 0 0 0 0 0 0 
0 0 0 0 0 0 0 0 0 0 0 0 0 0 0 0 0 0 0 0 0 0 0 0 0 0 0 0 0 0 252.882 7708.51 2045.6 0 0 0 0 0 0 0 0 0 0 0 0 0 0 0 0 0 0 0 0 0 0 0 0 0 0 0 0 0 0 0 0 
0 0 0 0 0 0 0 0 0 0 0 0 0 0 0 0 0 0 0 0 0 0 0 0 0 0 0 0 0 0 960.606 377.656 1918.87 0 0 0 0 0 0 0 0 0 0 0 0 0 0 0 0 0 0 0 0 0 0 0 0 0 0 0 0 0 0 0 0 
0 0 0 0 0 0 0 0 0 0 0 0 0 0 0 0 0 0 0 0 0 0 0 0 0 0 0 0 0 0 0 0 255.564 0 0 0 0 0 0 0 0 0 0 0 0 0 0 0 0 0 0 0 0 0 0 0 0 0 0 0 0 0 0 0 0 
0 0 0 0 0 0 0 0 0 0 0 0 0 0 0 0 0 0 0 0 0 0 0 0 0 0 0 0 0 0 0 61.9746 0 0 0 0 0 0 0 0 0 0 0 0 0 0 0 0 0 0 0 0 0 0 0 0 0 0 0 0 0 0 0 0 0 
0 0 0 0 0 0 0 0 0 0 0 0 0 0 0 0 0 0 0 0 0 0 0 0 0 0 0 0 0 0 0 0 0 0 0 0 0 0 0 0 0 0 0 0 0 0 0 0 0 0 0 0 0 0 0 0 0 0 0 0 0 0 0 0 0 
0 0 0 0 0 0 0 0 0 0 0 0 0 0 0 0 0 0 0 0 0 0 0 0 0 0 0 0 0 0 0 0 1.93671 0 0 0 0 0 0 0 0 0 0 0 0 0 0 0 0 0 0 0 0 0 0 0 0 0 0 0 0 0 0 0 0 
