1 0 0 0 0 0 0 0 0 0 0 0 0 0 0 0 0 0 0 0 0 0 0 0 0 0 0 0 0 0 0 0 0 0 0 0 0 0 0 0 0 0 0 0 0 0 0 0 0 0 0 0 0 0 0 0 0 0 0 0 0 0 0 0 1 
0 0 0 0 0 0 0 0 0 0 0 0 0 0 0 0 0 0 0 0 0 0 0 0 0 0 0 0 0 0 0 0 0 0 0 0 0 0 0 0 0 0 0 0 0 0 0 0 0 0 0 0 0 0 0 0 0 0 0 0 0 0 0 0 0 
0 64 0 0 0 0 0 0 0 0 0 0 0 0 0 0 0 0 0 0 0 0 0 0 0 0 0 0 0 0 0 0 0 0 0 0 0 0 0 0 0 0 0 0 0 0 0 0 0 0 0 0 0 0 0 0 0 0 0 0 0 0 0 0 0 
0 0 128 0 0 0 0 0 0 0 0 0 0 0 0 0 0 0 0 0 0 0 0 0 0 0 0 0 0 0 0 0 0 0 0 0 0 0 0 0 0 0 0 0 0 0 0 0 0 0 0 0 0 0 0 0 0 0 0 0 0 0 0 0 0 
0 0 1888 377.853 62.3933 0 0 0 0 0 0 0 0 0 0 0 0 0 0 0 0 0 0 0 0 0 0 0 0 0 0 0 0 0 0 0 0 0 0 0 0 0 0 0 0 0 0 0 0 0 0 0 0 0 0 0 0 0 0 0 0 0 0 0 0 
0 0 0 7180.29 1144.68 509.387 130.773 0 0 0 0 0 0 0 0 0 0 0 0 0 0 0 0 0 0 0 0 0 0 0 0 0 0 0 0 0 0 0 0 0 0 0 0 0 0 0 0 0 0 0 0 0 0 0 0 0 0 0 0 0 0 0 0 0 0 
0 0 0 34105.9 27262.3 6834.84 2541.63 1426.59 380.005 69.6653 0 0 0 0 0 0 0 0 0 0 0 0 0 0 0 0 0 0 0 0 0 0 0 0 0 0 0 0 0 0 0 0 0 0 0 0 0 0 0 0 0 0 0 0 0 0 0 0 0 0 0 0 0 0 0 
0 0 0 0 183840 96876.4 42820.7 16733.3 8526.97 4596.15 1870.76 500.963 144.288 0 0 0 0 0 0 0 0 0 0 0 0 0 0 0 0 0 0 0 0 0 0 0 0 0 0 0 0 0 0 0 0 0 0 0 0 0 0 0 0 0 0 0 0 0 0 0 0 0 0 0 0 
0 0 0 0 423067 829350 413506 222315 120439 58548.9 33120.4 19867.4 9530.92 4514.73 1470.23 407.996 80.486 0 0 0 0 0 0 0 15.9098 0 0 0 0 0 0 0 17.098 0 0 0 0 0 0 0 0 0 0 0 0 0 0 0 0 0 0 0 0 0 0 0 0 0 0 0 0 0 0 0 0 
0 0 0 0 0 2.86175e+06 3.31641e+06 1.9781e+06 1.13969e+06 719918 425789 247132 155823 94264.6 58131.9 29424.3 14263.8 6264.77 2241.81 830.056 373.999 255.331 235.085 270.477 0 287.553 245.858 265.755 253.953 278.174 263.482 304.54 0 0 0 0 0 0 0 0 0 0 0 0 0 0 0 0 0 0 0 0 0 0 0 0 0 0 0 0 0 0 0 0 0 
0 0 0 0 0 3.8292e+06 1.46164e+07 1.34979e+07 9.34501e+06 6.08348e+06 4.04342e+06 2.67561e+06 1.7985e+06 1.16627e+06 781247 514281 336329 201074 122807 68373.7 37938 21783.2 14594.8 10822.3 12151.1 9524.02 9652.97 9395.37 9842.9 9603.26 9595.72 10203.3 11293.3 0 0 0 0 0 0 0 0 0 0 0 0 0 0 0 0 0 0 0 0 0 0 0 0 0 0 0 0 0 0 0 0 
0 0 0 0 0 0 3.03378e+07 6.36854e+07 5.76432e+07 4.35181e+07 3.15092e+07 2.26098e+07 1.59725e+07 1.16476e+07 8.23339e+06 5.95988e+06 4.18961e+06 3.02026e+06 2.11961e+06 1.45556e+06 1.04315e+06 705708 490794 377195 277223 247963 232778 227122 218531 222716 240261 218207 221869 0 0 0 0 0 0 0 0 0 0 0 0 0 0 0 0 0 0 0 0 0 0 0 0 0 0 0 0 0 0 0 0 
0 0 0 0 0 0 2.62447e+07 1.69628e+08 2.62404e+08 2.46665e+08 1.99344e+08 1.56173e+08 1.19524e+08 9.10257e+07 6.95055e+07 5.20227e+07 4.07189e+07 3.08325e+07 2.31997e+07 1.75187e+07 1.36121e+07 1.06411e+07 8.39516e+06 6.55139e+06 5.38292e+06 4.65249e+06 4.05807e+06 3.78911e+06 3.47452e+06 3.37291e+06 3.32202e+06 3.23871e+06 3.21483e+06 0 0 0 0 0 0 0 0 0 0 0 0 0 0 0 0 0 0 0 0 0 0 0 0 0 0 0 0 0 0 0 0 
0 0 0 0 0 0 0 2.32631e+08 7.85323e+08 1.0655e+09 1.04295e+09 9.02948e+08 7.45827e+08 6.09757e+08 4.91756e+08 3.93783e+08 3.14022e+08 2.53957e+08 2.05007e+08 1.64975e+08 1.3495e+08 1.10047e+08 9.11182e+07 7.65593e+07 6.43445e+07 5.64583e+07 5.00579e+07 4.59894e+07 4.23767e+07 4.19169e+07 3.83021e+07 3.83436e+07 3.76093e+07 0 0 0 0 0 0 0 0 0 0 0 0 0 0 0 0 0 0 0 0 0 0 0 0 0 0 0 0 0 0 0 0 
0 0 0 0 0 0 0 1.39555e+08 1.38554e+09 3.29785e+09 4.27666e+09 4.34083e+09 3.98467e+09 3.4537e+09 2.96023e+09 2.53693e+09 2.13255e+09 1.77688e+09 1.50323e+09 1.27182e+09 1.08936e+09 9.16647e+08 7.83081e+08 6.79701e+08 5.98799e+08 5.33779e+08 4.81377e+08 4.44012e+08 4.18616e+08 3.89199e+08 3.84343e+08 3.77503e+08 3.72603e+08 0 0 0 0 0 0 0 0 0 0 0 0 0 0 0 0 0 0 0 0 0 0 0 0 0 0 0 0 0 0 0 0 
0 0 0 0 0 0 0 0 1.33876e+09 6.68609e+09 1.3135e+10 1.68291e+10 1.78008e+10 1.71735e+10 1.56935e+10 1.40552e+10 1.25482e+10 1.08769e+10 9.45923e+09 8.42881e+09 7.30992e+09 6.4471e+09 5.69329e+09 5.13603e+09 4.58395e+09 4.11412e+09 3.82125e+09 3.59182e+09 3.37484e+09 3.19321e+09 3.07575e+09 3.03715e+09 3.05509e+09 0 0 0 0 0 0 0 0 0 0 0 0 0 0 0 0 0 0 0 0 0 0 0 0 0 0 0 0 0 0 0 0 
0 0 0 0 0 0 0 0 5.8588e+08 8.30065e+09 2.83974e+10 5.03595e+10 6.45754e+10 7.07372e+10 7.11691e+10 6.79978e+10 6.30289e+10 5.80218e+10 5.31078e+10 4.78544e+10 4.34461e+10 3.92905e+10 3.58832e+10 3.28789e+10 3.02693e+10 2.80954e+10 2.60384e+10 2.4737e+10 2.32938e+10 2.24224e+10 2.18404e+10 2.1703e+10 2.13985e+10 0 0 0 0 0 0 0 0 0 0 0 0 0 0 0 0 0 0 0 0 0 0 0 0 0 0 0 0 0 0 0 0 
0 0 0 0 0 0 0 0 0 5.93106e+09 4.0971e+10 1.11276e+11 1.86399e+11 2.40561e+11 2.715e+11 2.83644e+11 2.8257e+11 2.73639e+11 2.5924e+11 2.44161e+11 2.29247e+11 2.15201e+11 1.99992e+11 1.88544e+11 1.77732e+11 1.65473e+11 1.55884e+11 1.48942e+11 1.43608e+11 1.38902e+11 1.36108e+11 1.34492e+11 1.33976e+11 0 0 0 0 0 0 0 0 0 0 0 0 0 0 0 0 0 0 0 0 0 0 0 0 0 0 0 0 0 0 0 0 
0 0 0 0 0 0 0 0 0 1.96239e+09 3.76042e+10 1.74611e+11 4.10963e+11 6.65995e+11 8.72411e+11 1.01131e+12 1.09271e+12 1.12322e+12 1.1304e+12 1.11238e+12 1.08109e+12 1.03063e+12 9.96442e+11 9.61433e+11 9.03916e+11 8.72277e+11 8.38673e+11 8.06656e+11 7.84251e+11 7.68419e+11 7.57778e+11 7.51857e+11 7.46979e+11 0 0 0 0 0 0 0 0 0 0 0 0 0 0 0 0 0 0 0 0 0 0 0 0 0 0 0 0 0 0 0 0 
0 0 0 0 0 0 0 0 0 0 2.051e+10 1.86222e+11 6.71387e+11 1.44721e+12 2.30025e+12 3.06162e+12 3.64403e+12 4.04205e+12 4.29976e+12 4.44195e+12 4.46558e+12 4.44611e+12 4.40926e+12 4.30261e+12 4.2233e+12 4.10713e+12 3.99657e+12 3.93756e+12 3.87229e+12 3.80591e+12 3.7814e+12 3.75066e+12 3.70837e+12 0 0 0 0 0 0 0 0 0 0 0 0 0 0 0 0 0 0 0 0 0 0 0 0 0 0 0 0 0 0 0 0 
0 0 0 0 0 0 0 0 0 0 5.30063e+09 1.31265e+11 7.85902e+11 2.3839e+12 4.83695e+12 7.62096e+12 1.02664e+13 1.25472e+13 1.42799e+13 1.56002e+13 1.64316e+13 1.7118e+13 1.72735e+13 1.74929e+13 1.74625e+13 1.74703e+13 1.73925e+13 1.73018e+13 1.71257e+13 1.70313e+13 1.69913e+13 1.68877e+13 1.67689e+13 0 0 0 0 0 0 0 0 0 0 0 0 0 0 0 0 0 0 0 0 0 0 0 0 0 0 0 0 0 0 0 0 
0 0 0 0 0 0 0 0 0 0 0 5.6002e+10 6.43523e+11 2.94456e+12 7.95438e+12 1.54676e+13 2.42721e+13 3.31788e+13 4.11803e+13 4.80611e+13 5.38945e+13 5.81815e+13 6.14678e+13 6.38059e+13 6.55566e+13 6.69383e+13 6.76878e+13 6.79781e+13 6.85609e+13 6.84277e+13 6.83961e+13 6.82797e+13 6.81906e+13 0 0 0 0 0 0 0 0 0 0 0 0 0 0 0 0 0 0 0 0 0 0 0 0 0 0 0 0 0 0 0 0 
0 0 0 0 0 0 0 0 0 0 0 1.16052e+10 3.56095e+11 2.65087e+12 1.00301e+13 2.49073e+13 4.69298e+13 7.36088e+13 1.02202e+14 1.29079e+14 1.53511e+14 1.75541e+14 1.94728e+14 2.09174e+14 2.21132e+14 2.32489e+14 2.37679e+14 2.43567e+14 2.46691e+14 2.51096e+14 2.51779e+14 2.52865e+14 2.53138e+14 0 0 0 0 0 0 0 0 0 0 0 0 0 0 0 0 0 0 0 0 0 0 0 0 0 0 0 0 0 0 0 0 
0 0 0 0 0 0 0 0 0 0 0 0 1.22016e+11 1.70857e+12 9.55809e+12 3.15606e+13 7.38476e+13 1.35531e+14 2.12834e+14 2.98365e+14 3.84192e+14 4.65466e+14 5.4032e+14 6.07404e+14 6.63696e+14 7.09826e+14 7.50836e+14 7.82374e+14 8.05782e+14 8.215e+14 8.34269e+14 8.45791e+14 8.43105e+14 0 0 0 0 0 0 0 0 0 0 0 0 0 0 0 0 0 0 0 0 0 0 0 0 0 0 0 0 0 0 0 0 
0 0 0 0 0 0 0 0 0 0 0 0 2.06852e+10 7.59848e+11 6.80073e+12 3.1004e+13 9.2315e+13 2.05811e+14 3.71561e+14 5.82732e+14 8.20977e+14 1.0705e+15 1.31984e+15 1.55342e+15 1.7698e+15 1.9524e+15 2.12155e+15 2.24755e+15 2.36371e+15 2.44673e+15 2.51057e+15 2.54145e+15 2.55007e+15 0 0 0 0 0 0 0 0 0 0 0 0 0 0 0 0 0 0 0 0 0 0 0 0 0 0 0 0 0 0 0 0 
0 0 0 0 0 0 0 0 0 0 0 0 0 2.1299e+11 3.52087e+12 2.33702e+13 9.14292e+13 2.52103e+14 5.38824e+14 9.61955e+14 1.50555e+15 2.13539e+15 2.80979e+15 3.49206e+15 4.14839e+15 4.77759e+15 5.3247e+15 5.81278e+15 6.19774e+15 6.52941e+15 6.74538e+15 6.85566e+15 6.91235e+15 0 0 0 0 0 0 0 0 0 0 0 0 0 0 0 0 0 0 0 0 0 0 0 0 0 0 0 0 0 0 0 0 
0 0 0 0 0 0 0 0 0 0 0 0 0 3.02663e+10 1.28228e+12 1.33608e+13 7.12367e+13 2.4761e+14 6.40159e+14 1.32268e+15 2.33739e+15 3.64795e+15 5.18727e+15 6.88049e+15 8.63362e+15 1.03009e+16 1.19051e+16 1.33259e+16 1.45132e+16 1.5525e+16 1.61721e+16 1.66383e+16 1.68067e+16 0 0 0 0 0 0 0 0 0 0 0 0 0 0 0 0 0 0 0 0 0 0 0 0 0 0 0 0 0 0 0 0 
0 0 0 0 0 0 0 0 0 0 0 0 0 0 3.01426e+11 5.67437e+12 4.33678e+13 1.95654e+14 6.19199e+14 1.51425e+15 3.03975e+15 5.29443e+15 8.21029e+15 1.17145e+16 1.55506e+16 1.95524e+16 2.33518e+16 2.69983e+16 3.01745e+16 3.27154e+16 3.47585e+16 3.5856e+16 3.63038e+16 0 0 0 0 0 0 0 0 0 0 0 0 0 0 0 0 0 0 0 0 0 0 0 0 0 0 0 0 0 0 0 0 
0 0 0 0 0 0 0 0 0 0 0 0 0 0 3.63533e+10 1.73087e+12 2.03333e+13 1.22992e+14 4.86716e+14 1.42311e+15 3.31005e+15 6.48206e+15 1.11397e+16 1.70774e+16 2.42632e+16 3.21286e+16 4.0414e+16 4.82238e+16 5.53356e+16 6.13036e+16 6.57021e+16 6.87173e+16 6.94406e+16 0 0 0 0 0 0 0 0 0 0 0 0 0 0 0 0 0 0 0 0 0 0 0 0 0 0 0 0 0 0 0 0 
0 0 0 0 0 0 0 0 0 0 0 0 0 0 0 3.4485e+11 7.2172e+12 6.16438e+13 3.11171e+14 1.10369e+15 3.01711e+15 6.70094e+15 1.27669e+16 2.15654e+16 3.27634e+16 4.61258e+16 6.05733e+16 7.52453e+16 8.91878e+16 1.00965e+17 1.10236e+17 1.15945e+17 1.17881e+17 0 0 0 0 0 0 0 0 0 0 0 0 0 0 0 0 0 0 0 0 0 0 0 0 0 0 0 0 0 0 0 0 
0 0 0 0 0 0 0 0 0 0 0 0 0 0 0 3.58996e+10 1.86372e+12 2.4036e+13 1.61115e+14 7.04544e+14 2.27103e+15 5.83699e+15 1.24556e+16 2.30928e+16 3.80945e+16 5.7121e+16 7.91072e+16 1.02566e+17 1.25342e+17 1.45589e+17 1.6175e+17 1.71582e+17 1.75463e+17 0 0 0 0 0 0 0 0 0 0 0 0 0 0 0 0 0 0 0 0 0 0 0 0 0 0 0 0 0 0 0 0 
0 0 0 0 0 0 0 0 0 0 0 0 0 0 0 0 3.21272e+11 7.26703e+12 6.72814e+13 3.7176e+14 1.44171e+15 4.27464e+15 1.03338e+16 2.1144e+16 3.79378e+16 6.09637e+16 8.93943e+16 1.21303e+17 1.53812e+17 1.84015e+17 2.07704e+17 2.23601e+17 2.28698e+17 0 0 0 0 0 0 0 0 0 0 0 0 0 0 0 0 0 0 0 0 0 0 0 0 0 0 0 0 0 0 0 0 
0 0 0 0 0 0 0 0 0 0 0 0 0 0 0 0 2.94641e+10 1.61514e+12 2.23388e+13 1.60612e+14 7.56502e+14 2.63606e+15 7.24469e+15 1.65282e+16 3.25064e+16 5.61954e+16 8.76528e+16 1.24812e+17 1.64329e+17 2.02332e+17 2.33278e+17 2.53678e+17 2.61429e+17 0 0 0 0 0 0 0 0 0 0 0 0 0 0 0 0 0 0 0 0 0 0 0 0 0 0 0 0 0 0 0 0 
0 0 0 0 0 0 0 0 0 0 0 0 0 0 0 0 0 2.43797e+11 5.77981e+12 5.69032e+13 3.34032e+14 1.37489e+15 4.34359e+15 1.11044e+16 2.38759e+16 4.47493e+16 7.43809e+16 1.11732e+17 1.5341e+17 1.94091e+17 2.29485e+17 2.52938e+17 2.60331e+17 0 0 0 0 0 0 0 0 0 0 0 0 0 0 0 0 0 0 0 0 0 0 0 0 0 0 0 0 0 0 0 0 
0 0 0 0 0 0 0 0 0 0 0 0 0 0 0 0 0 2.01556e+10 1.1304e+12 1.62606e+13 1.22816e+14 6.07794e+14 2.21941e+15 6.39288e+15 1.52012e+16 3.0828e+16 5.47234e+16 8.66969e+16 1.24526e+17 1.62725e+17 1.96096e+17 2.19253e+17 2.27866e+17 0 0 0 0 0 0 0 0 0 0 0 0 0 0 0 0 0 0 0 0 0 0 0 0 0 0 0 0 0 0 0 0 
0 0 0 0 0 0 0 0 0 0 0 0 0 0 0 0 0 0 1.51469e+11 3.68499e+12 3.73389e+13 2.27609e+14 9.70999e+14 3.17578e+15 8.36176e+15 1.84932e+16 3.52343e+16 5.89244e+16 8.80329e+16 1.19628e+17 1.47557e+17 1.66922e+17 1.73885e+17 0 0 0 0 0 0 0 0 0 0 0 0 0 0 0 0 0 0 0 0 0 0 0 0 0 0 0 0 0 0 0 0 
0 0 0 0 0 0 0 0 0 0 0 0 0 0 0 0 0 0 1.16204e+10 6.39515e+11 9.39843e+12 7.2238e+13 3.65058e+14 1.36066e+15 4.00719e+15 9.68095e+15 1.97589e+16 3.51061e+16 5.50836e+16 7.70932e+16 9.76811e+16 1.12168e+17 1.17213e+17 0 0 0 0 0 0 0 0 0 0 0 0 0 0 0 0 0 0 0 0 0 0 0 0 0 0 0 0 0 0 0 0 
0 0 0 0 0 0 0 0 0 0 0 0 0 0 0 0 0 0 0 7.78239e+10 1.88854e+12 1.92645e+13 1.18528e+14 5.08414e+14 1.67278e+15 4.42178e+15 9.79293e+15 1.84904e+16 3.02766e+16 4.40153e+16 5.70298e+16 6.64902e+16 7.01689e+16 0 0 0 0 0 0 0 0 0 0 0 0 0 0 0 0 0 0 0 0 0 0 0 0 0 0 0 0 0 0 0 0 
0 0 0 0 0 0 0 0 0 0 0 0 0 0 0 0 0 0 0 5.70609e+09 2.97327e+11 4.29239e+12 3.29059e+13 1.65507e+14 6.14831e+14 1.79125e+15 4.26418e+15 8.55355e+15 1.4817e+16 2.23078e+16 2.96451e+16 3.51195e+16 3.70109e+16 0 0 0 0 0 0 0 0 0 0 0 0 0 0 0 0 0 0 0 0 0 0 0 0 0 0 0 0 0 0 0 0 
0 0 0 0 0 0 0 0 0 0 0 0 0 0 0 0 0 0 0 0 3.33377e+10 7.83919e+11 7.78344e+12 4.72751e+13 1.99268e+14 6.41543e+14 1.65664e+15 3.54272e+15 6.42789e+15 1.00724e+16 1.37766e+16 1.65326e+16 1.76371e+16 0 0 0 0 0 0 0 0 0 0 0 0 0 0 0 0 0 0 0 0 0 0 0 0 0 0 0 0 0 0 0 0 
0 0 0 0 0 0 0 0 0 0 0 0 0 0 0 0 0 0 0 0 2.4294e+09 1.13054e+11 1.5679e+12 1.16842e+13 5.69618e+13 2.05299e+14 5.76343e+14 1.31896e+15 2.51635e+15 4.08761e+15 5.7563e+15 7.0064e+15 7.47823e+15 0 0 0 0 0 0 0 0 0 0 0 0 0 0 0 0 0 0 0 0 0 0 0 0 0 0 0 0 0 0 0 0 
0 0 0 0 0 0 0 0 0 0 0 0 0 0 0 0 0 0 0 0 0 1.19794e+10 2.61943e+11 2.47616e+12 1.44059e+13 5.82621e+13 1.79895e+14 4.38776e+14 8.84328e+14 1.50171e+15 2.15926e+15 2.69736e+15 2.88945e+15 0 0 0 0 0 0 0 0 0 0 0 0 0 0 0 0 0 0 0 0 0 0 0 0 0 0 0 0 0 0 0 0 
0 0 0 0 0 0 0 0 0 0 0 0 0 0 0 0 0 0 0 0 0 9.25141e+08 3.5521e+10 4.58168e+11 3.21882e+12 1.49162e+13 5.03712e+13 1.33724e+14 2.84946e+14 5.02239e+14 7.42613e+14 9.38271e+14 1.01708e+15 0 0 0 0 0 0 0 0 0 0 0 0 0 0 0 0 0 0 0 0 0 0 0 0 0 0 0 0 0 0 0 0 
0 0 0 0 0 0 0 0 0 0 0 0 0 0 0 0 0 0 0 0 0 0 3.64405e+09 7.1807e+10 6.27116e+11 3.40249e+12 1.28107e+13 3.66183e+13 8.31387e+13 1.53116e+14 2.33992e+14 3.00165e+14 3.26246e+14 0 0 0 0 0 0 0 0 0 0 0 0 0 0 0 0 0 0 0 0 0 0 0 0 0 0 0 0 0 0 0 0 
0 0 0 0 0 0 0 0 0 0 0 0 0 0 0 0 0 0 0 0 0 0 3.21223e+08 9.53657e+09 1.08324e+11 6.92263e+11 2.96268e+12 9.21371e+12 2.22158e+13 4.30003e+13 6.79444e+13 8.91003e+13 9.68283e+13 0 0 0 0 0 0 0 0 0 0 0 0 0 0 0 0 0 0 0 0 0 0 0 0 0 0 0 0 0 0 0 0 
0 0 0 0 0 0 0 0 0 0 0 0 0 0 0 0 0 0 0 0 0 0 0 9.72448e+08 1.62757e+10 1.28192e+11 6.21609e+11 2.1258e+12 5.4711e+12 1.10344e+13 1.81356e+13 2.4181e+13 2.67831e+13 0 0 0 0 0 0 0 0 0 0 0 0 0 0 0 0 0 0 0 0 0 0 0 0 0 0 0 0 0 0 0 0 
0 0 0 0 0 0 0 0 0 0 0 0 0 0 0 0 0 0 0 0 0 0 0 1.0468e+08 2.20647e+09 2.10421e+10 1.19099e+11 4.53851e+11 1.25284e+12 2.67484e+12 4.48453e+12 6.11161e+12 6.76324e+12 0 0 0 0 0 0 0 0 0 0 0 0 0 0 0 0 0 0 0 0 0 0 0 0 0 0 0 0 0 0 0 0 
0 0 0 0 0 0 0 0 0 0 0 0 0 0 0 0 0 0 0 0 0 0 0 0 2.26909e+08 3.17183e+09 2.11388e+10 8.91789e+10 2.67083e+11 5.9866e+11 1.04042e+12 1.44793e+12 1.62628e+12 0 0 0 0 0 0 0 0 0 0 0 0 0 0 0 0 0 0 0 0 0 0 0 0 0 0 0 0 0 0 0 0 
0 0 0 0 0 0 0 0 0 0 0 0 0 0 0 0 0 0 0 0 0 0 0 0 3.14213e+07 4.51349e+08 3.43005e+09 1.65233e+10 5.39143e+10 1.28225e+11 2.31629e+11 3.25976e+11 3.64844e+11 0 0 0 0 0 0 0 0 0 0 0 0 0 0 0 0 0 0 0 0 0 0 0 0 0 0 0 0 0 0 0 0 
0 0 0 0 0 0 0 0 0 0 0 0 0 0 0 0 0 0 0 0 0 0 0 0 0 4.6092e+07 5.37274e+08 2.91261e+09 1.01861e+10 2.59488e+10 4.87437e+10 7.03531e+10 7.92976e+10 0 0 0 0 0 0 0 0 0 0 0 0 0 0 0 0 0 0 0 0 0 0 0 0 0 0 0 0 0 0 0 0 
0 0 0 0 0 0 0 0 0 0 0 0 0 0 0 0 0 0 0 0 0 0 0 0 0 8.54644e+06 8.17706e+07 4.80715e+08 1.89661e+09 5.08845e+09 1.00261e+10 1.4723e+10 1.66431e+10 0 0 0 0 0 0 0 0 0 0 0 0 0 0 0 0 0 0 0 0 0 0 0 0 0 0 0 0 0 0 0 0 
0 0 0 0 0 0 0 0 0 0 0 0 0 0 0 0 0 0 0 0 0 0 0 0 0 0 7.95297e+06 8.12858e+07 3.36586e+08 9.60794e+08 1.98345e+09 2.95397e+09 3.44949e+09 0 0 0 0 0 0 0 0 0 0 0 0 0 0 0 0 0 0 0 0 0 0 0 0 0 0 0 0 0 0 0 0 
0 0 0 0 0 0 0 0 0 0 0 0 0 0 0 0 0 0 0 0 0 0 0 0 0 0 2.04625e+06 1.30006e+07 5.64695e+07 1.8485e+08 3.81822e+08 6.03376e+08 6.7949e+08 0 0 0 0 0 0 0 0 0 0 0 0 0 0 0 0 0 0 0 0 0 0 0 0 0 0 0 0 0 0 0 0 
0 0 0 0 0 0 0 0 0 0 0 0 0 0 0 0 0 0 0 0 0 0 0 0 0 0 0 1.10755e+06 1.08878e+07 3.25736e+07 7.42879e+07 1.19298e+08 1.36019e+08 0 0 0 0 0 0 0 0 0 0 0 0 0 0 0 0 0 0 0 0 0 0 0 0 0 0 0 0 0 0 0 0 
0 0 0 0 0 0 0 0 0 0 0 0 0 0 0 0 0 0 0 0 0 0 0 0 0 0 0 423133 1.72055e+06 5.576e+06 1.53808e+07 2.23837e+07 2.86525e+07 0 0 0 0 0 0 0 0 0 0 0 0 0 0 0 0 0 0 0 0 0 0 0 0 0 0 0 0 0 0 0 0 
0 0 0 0 0 0 0 0 0 0 0 0 0 0 0 0 0 0 0 0 0 0 0 0 0 0 0 0 114636 1.25222e+06 2.40379e+06 4.74883e+06 5.21707e+06 0 0 0 0 0 0 0 0 0 0 0 0 0 0 0 0 0 0 0 0 0 0 0 0 0 0 0 0 0 0 0 0 
0 0 0 0 0 0 0 0 0 0 0 0 0 0 0 0 0 0 0 0 0 0 0 0 0 0 0 0 72370.7 172743 459502 975782 947529 0 0 0 0 0 0 0 0 0 0 0 0 0 0 0 0 0 0 0 0 0 0 0 0 0 0 0 0 0 0 0 0 
0 0 0 0 0 0 0 0 0 0 0 0 0 0 0 0 0 0 0 0 0 0 0 0 0 0 0 0 0 7770.04 117700 111869 242321 0 0 0 0 0 0 0 0 0 0 0 0 0 0 0 0 0 0 0 0 0 0 0 0 0 0 0 0 0 0 0 0 
0 0 0 0 0 0 0 0 0 0 0 0 0 0 0 0 0 0 0 0 0 0 0 0 0 0 0 0 0 9776.49 11658.5 32444.1 37718.5 0 0 0 0 0 0 0 0 0 0 0 0 0 0 0 0 0 0 0 0 0 0 0 0 0 0 0 0 0 0 0 0 
0 0 0 0 0 0 0 0 0 0 0 0 0 0 0 0 0 0 0 0 0 0 0 0 0 0 0 0 0 0 257.554 7728.53 2030.59 0 0 0 0 0 0 0 0 0 0 0 0 0 0 0 0 0 0 0 0 0 0 0 0 0 0 0 0 0 0 0 0 
0 0 0 0 0 0 0 0 0 0 0 0 0 0 0 0 0 0 0 0 0 0 0 0 0 0 0 0 0 0 970.128 388.423 1930.94 0 0 0 0 0 0 0 0 0 0 0 0 0 0 0 0 0 0 0 0 0 0 0 0 0 0 0 0 0 0 0 0 
0 0 0 0 0 0 0 0 0 0 0 0 0 0 0 0 0 0 0 0 0 0 0 0 0 0 0 0 0 0 0 0 256.558 0 0 0 0 0 0 0 0 0 0 0 0 0 0 0 0 0 0 0 0 0 0 0 0 0 0 0 0 0 0 0 0 
0 0 0 0 0 0 0 0 0 0 0 0 0 0 0 0 0 0 0 0 0 0 0 0 0 0 0 0 0 0 0 62.5889 0 0 0 0 0 0 0 0 0 0 0 0 0 0 0 0 0 0 0 0 0 0 0 0 0 0 0 0 0 0 0 0 0 
0 0 0 0 0 0 0 0 0 0 0 0 0 0 0 0 0 0 0 0 0 0 0 0 0 0 0 0 0 0 0 0 0 0 0 0 0 0 0 0 0 0 0 0 0 0 0 0 0 0 0 0 0 0 0 0 0 0 0 0 0 0 0 0 0 
0 0 0 0 0 0 0 0 0 0 0 0 0 0 0 0 0 0 0 0 0 0 0 0 0 0 0 0 0 0 0 0 1.9559 0 0 0 0 0 0 0 0 0 0 0 0 0 0 0 0 0 0 0 0 0 0 0 0 0 0 0 0 0 0 0 0 
