1 0 0 0 0 0 0 0 0 0 0 0 0 0 0 0 0 0 0 0 0 0 0 0 0 0 0 0 0 0 0 0 0 0 0 0 0 0 0 0 0 0 0 0 0 0 0 0 0 0 0 0 0 0 0 0 0 0 0 0 0 0 0 0 1 
0 0 0 0 0 0 0 0 0 0 0 0 0 0 0 0 0 0 0 0 0 0 0 0 0 0 0 0 0 0 0 0 0 0 0 0 0 0 0 0 0 0 0 0 0 0 0 0 0 0 0 0 0 0 0 0 0 0 0 0 0 0 0 0 0 
0 64 0 0 0 0 0 0 0 0 0 0 0 0 0 0 0 0 0 0 0 0 0 0 0 0 0 0 0 0 0 0 0 0 0 0 0 0 0 0 0 0 0 0 0 0 0 0 0 0 0 0 0 0 0 0 0 0 0 0 0 0 0 0 0 
0 0 128 0 0 0 0 0 0 0 0 0 0 0 0 0 0 0 0 0 0 0 0 0 0 0 0 0 0 0 0 0 0 0 0 0 0 0 0 0 0 0 0 0 0 0 0 0 0 0 0 0 0 0 0 0 0 0 0 0 0 0 0 0 0 
0 0 1888 384.396 64.7863 0 0 0 0 0 0 0 0 0 0 0 0 0 0 0 0 0 0 0 0 0 0 0 0 0 0 0 0 0 0 0 0 0 0 0 0 0 0 0 0 0 0 0 0 0 0 0 0 0 0 0 0 0 0 0 0 0 0 0 0 
0 0 0 7167.21 1147.79 522.781 129.429 0 0 0 0 0 0 0 0 0 0 0 0 0 0 0 0 0 0 0 0 0 0 0 0 0 0 0 0 0 0 0 0 0 0 0 0 0 0 0 0 0 0 0 0 0 0 0 0 0 0 0 0 0 0 0 0 0 0 
0 0 0 34112.4 27377.8 6827.84 2605.43 1403.68 368.819 61.9844 0 0 0 0 0 0 0 0 0 0 0 0 0 0 0 0 0 0 0 0 0 0 0 0 0 0 0 0 0 0 0 0 0 0 0 0 0 0 0 0 0 0 0 0 0 0 0 0 0 0 0 0 0 0 0 
0 0 0 0 183590 97275.1 43177.7 16878.3 8519.59 4681.83 1919.1 503.095 121.739 0 0 0 0 0 0 0 0 0 0 0 0 0 0 0 0 0 0 0 0 0 0 0 0 0 0 0 0 0 0 0 0 0 0 0 0 0 0 0 0 0 0 0 0 0 0 0 0 0 0 0 0 
0 0 0 0 423196 829701 414055 222172 121643 59450.6 34061.4 20236.2 10310.1 4262.84 1367.04 414.951 81.9388 0 0 0 0 0 0 0 15.8754 0 0 0 0 0 0 0 17.521 0 0 0 0 0 0 0 0 0 0 0 0 0 0 0 0 0 0 0 0 0 0 0 0 0 0 0 0 0 0 0 0 
0 0 0 0 0 2.85981e+06 3.33376e+06 1.99502e+06 1.15717e+06 736730 439802 255107 154371 93918.3 56898.1 31254.7 14001.3 6016.89 2053.81 810.468 478.761 281.83 255.658 262.313 0 251.8 270.313 266.123 262.771 245.447 259.645 271.663 0 0 0 0 0 0 0 0 0 0 0 0 0 0 0 0 0 0 0 0 0 0 0 0 0 0 0 0 0 0 0 0 0 
0 0 0 0 0 3.83038e+06 1.45997e+07 1.35072e+07 9.44327e+06 6.15657e+06 4.0655e+06 2.69786e+06 1.83748e+06 1.19329e+06 779232 517028 326370 204458 126031 67734.4 36074.4 20941.5 14045.1 11315.9 12668.5 10339.2 9235.56 9880.07 9147.26 9221.03 9553.92 9705.08 11736.5 0 0 0 0 0 0 0 0 0 0 0 0 0 0 0 0 0 0 0 0 0 0 0 0 0 0 0 0 0 0 0 0 
0 0 0 0 0 0 3.03149e+07 6.3866e+07 5.75709e+07 4.31525e+07 3.17065e+07 2.25677e+07 1.61248e+07 1.15726e+07 8.23504e+06 5.98196e+06 4.18149e+06 2.96209e+06 2.10484e+06 1.48435e+06 1.01677e+06 708576 516475 380753 291196 244067 240940 225177 220405 233667 222026 223305 214527 0 0 0 0 0 0 0 0 0 0 0 0 0 0 0 0 0 0 0 0 0 0 0 0 0 0 0 0 0 0 0 0 
0 0 0 0 0 0 2.62661e+07 1.69252e+08 2.62772e+08 2.46579e+08 1.99612e+08 1.57648e+08 1.20234e+08 9.16251e+07 6.95916e+07 5.22396e+07 4.0933e+07 3.10685e+07 2.37426e+07 1.78949e+07 1.36984e+07 1.0943e+07 8.44943e+06 6.64577e+06 5.59802e+06 4.54122e+06 3.98604e+06 3.72436e+06 3.4642e+06 3.26632e+06 3.25878e+06 3.2449e+06 3.31862e+06 0 0 0 0 0 0 0 0 0 0 0 0 0 0 0 0 0 0 0 0 0 0 0 0 0 0 0 0 0 0 0 0 
0 0 0 0 0 0 0 2.3272e+08 7.8582e+08 1.06946e+09 1.04244e+09 9.03443e+08 7.53247e+08 6.08444e+08 4.94643e+08 3.96252e+08 3.22e+08 2.55696e+08 2.05825e+08 1.66639e+08 1.37658e+08 1.14026e+08 9.22869e+07 7.72143e+07 6.61497e+07 5.68236e+07 5.12087e+07 4.62587e+07 4.40717e+07 4.14169e+07 4.02053e+07 3.82758e+07 3.75374e+07 0 0 0 0 0 0 0 0 0 0 0 0 0 0 0 0 0 0 0 0 0 0 0 0 0 0 0 0 0 0 0 0 
0 0 0 0 0 0 0 1.39636e+08 1.38325e+09 3.29698e+09 4.28336e+09 4.34663e+09 3.98501e+09 3.50864e+09 3.00741e+09 2.54908e+09 2.13248e+09 1.82301e+09 1.50474e+09 1.27627e+09 1.08777e+09 9.2219e+08 8.10382e+08 6.92035e+08 6.00615e+08 5.2315e+08 4.90943e+08 4.52818e+08 4.18479e+08 3.99881e+08 3.79289e+08 3.7387e+08 3.69705e+08 0 0 0 0 0 0 0 0 0 0 0 0 0 0 0 0 0 0 0 0 0 0 0 0 0 0 0 0 0 0 0 0 
0 0 0 0 0 0 0 0 1.34002e+09 6.67584e+09 1.31473e+10 1.68293e+10 1.77741e+10 1.70851e+10 1.58095e+10 1.41289e+10 1.24741e+10 1.08739e+10 9.55086e+09 8.39661e+09 7.3812e+09 6.50301e+09 5.74486e+09 5.13626e+09 4.61439e+09 4.18822e+09 3.89162e+09 3.5548e+09 3.38921e+09 3.23482e+09 3.10538e+09 3.01575e+09 2.98401e+09 0 0 0 0 0 0 0 0 0 0 0 0 0 0 0 0 0 0 0 0 0 0 0 0 0 0 0 0 0 0 0 0 
0 0 0 0 0 0 0 0 5.85999e+08 8.3103e+09 2.83522e+10 5.03309e+10 6.45326e+10 7.02627e+10 7.07084e+10 6.74319e+10 6.34843e+10 5.84851e+10 5.35628e+10 4.83324e+10 4.36964e+10 3.96532e+10 3.60884e+10 3.27752e+10 3.06919e+10 2.8161e+10 2.64172e+10 2.4745e+10 2.32878e+10 2.25625e+10 2.18933e+10 2.15296e+10 2.1349e+10 0 0 0 0 0 0 0 0 0 0 0 0 0 0 0 0 0 0 0 0 0 0 0 0 0 0 0 0 0 0 0 0 
0 0 0 0 0 0 0 0 0 5.92846e+09 4.09663e+10 1.11285e+11 1.86126e+11 2.41306e+11 2.71331e+11 2.83369e+11 2.81928e+11 2.74371e+11 2.60655e+11 2.45825e+11 2.30516e+11 2.16243e+11 2.01186e+11 1.88425e+11 1.74637e+11 1.65991e+11 1.57246e+11 1.49794e+11 1.45005e+11 1.38807e+11 1.37145e+11 1.32746e+11 1.34005e+11 0 0 0 0 0 0 0 0 0 0 0 0 0 0 0 0 0 0 0 0 0 0 0 0 0 0 0 0 0 0 0 0 
0 0 0 0 0 0 0 0 0 1.96285e+09 3.76741e+10 1.7448e+11 4.11933e+11 6.67192e+11 8.72846e+11 1.01315e+12 1.09562e+12 1.13285e+12 1.12971e+12 1.1183e+12 1.07816e+12 1.02714e+12 9.91446e+11 9.49753e+11 9.12541e+11 8.73296e+11 8.34473e+11 8.0573e+11 7.83316e+11 7.68736e+11 7.53531e+11 7.50234e+11 7.42701e+11 0 0 0 0 0 0 0 0 0 0 0 0 0 0 0 0 0 0 0 0 0 0 0 0 0 0 0 0 0 0 0 0 
0 0 0 0 0 0 0 0 0 0 2.0463e+10 1.86568e+11 6.70164e+11 1.44254e+12 2.30383e+12 3.0562e+12 3.63221e+12 4.04018e+12 4.28508e+12 4.41746e+12 4.48225e+12 4.44201e+12 4.37702e+12 4.2914e+12 4.21216e+12 4.09302e+12 3.99803e+12 3.90564e+12 3.8485e+12 3.82008e+12 3.75412e+12 3.73013e+12 3.7366e+12 0 0 0 0 0 0 0 0 0 0 0 0 0 0 0 0 0 0 0 0 0 0 0 0 0 0 0 0 0 0 0 0 
0 0 0 0 0 0 0 0 0 0 5.30871e+09 1.31027e+11 7.86913e+11 2.39105e+12 4.84031e+12 7.64477e+12 1.02775e+13 1.25232e+13 1.4278e+13 1.55429e+13 1.64145e+13 1.70895e+13 1.74928e+13 1.75292e+13 1.74628e+13 1.7441e+13 1.72945e+13 1.72652e+13 1.70139e+13 1.68731e+13 1.68634e+13 1.67487e+13 1.66096e+13 0 0 0 0 0 0 0 0 0 0 0 0 0 0 0 0 0 0 0 0 0 0 0 0 0 0 0 0 0 0 0 0 
0 0 0 0 0 0 0 0 0 0 0 5.60234e+10 6.43236e+11 2.94064e+12 7.94302e+12 1.54241e+13 2.43145e+13 3.32155e+13 4.11864e+13 4.81721e+13 5.38633e+13 5.83452e+13 6.13902e+13 6.39597e+13 6.53191e+13 6.65685e+13 6.76439e+13 6.79653e+13 6.82201e+13 6.8324e+13 6.82485e+13 6.82967e+13 6.8123e+13 0 0 0 0 0 0 0 0 0 0 0 0 0 0 0 0 0 0 0 0 0 0 0 0 0 0 0 0 0 0 0 0 
0 0 0 0 0 0 0 0 0 0 0 1.16185e+10 3.55795e+11 2.64979e+12 1.0026e+13 2.49374e+13 4.69624e+13 7.36224e+13 1.02264e+14 1.28978e+14 1.54203e+14 1.75167e+14 1.94343e+14 2.08659e+14 2.2133e+14 2.29993e+14 2.37891e+14 2.42293e+14 2.47762e+14 2.51272e+14 2.51328e+14 2.52096e+14 2.52513e+14 0 0 0 0 0 0 0 0 0 0 0 0 0 0 0 0 0 0 0 0 0 0 0 0 0 0 0 0 0 0 0 0 
0 0 0 0 0 0 0 0 0 0 0 0 1.22129e+11 1.70988e+12 9.56913e+12 3.15623e+13 7.36944e+13 1.36116e+14 2.13181e+14 2.98453e+14 3.82312e+14 4.64952e+14 5.38463e+14 6.0325e+14 6.64608e+14 7.10569e+14 7.51554e+14 7.85078e+14 8.05385e+14 8.19947e+14 8.34302e+14 8.40813e+14 8.45171e+14 0 0 0 0 0 0 0 0 0 0 0 0 0 0 0 0 0 0 0 0 0 0 0 0 0 0 0 0 0 0 0 0 
0 0 0 0 0 0 0 0 0 0 0 0 2.07358e+10 7.58746e+11 6.7991e+12 3.09968e+13 9.22397e+13 2.05165e+14 3.72356e+14 5.84073e+14 8.23057e+14 1.07293e+15 1.31748e+15 1.55703e+15 1.76203e+15 1.94551e+15 2.10853e+15 2.25144e+15 2.35873e+15 2.43694e+15 2.50009e+15 2.52164e+15 2.55288e+15 0 0 0 0 0 0 0 0 0 0 0 0 0 0 0 0 0 0 0 0 0 0 0 0 0 0 0 0 0 0 0 0 
0 0 0 0 0 0 0 0 0 0 0 0 0 2.1381e+11 3.51958e+12 2.33572e+13 9.15807e+13 2.51373e+14 5.37641e+14 9.62346e+14 1.51032e+15 2.13778e+15 2.8196e+15 3.48452e+15 4.15886e+15 4.7929e+15 5.34597e+15 5.80822e+15 6.19114e+15 6.52885e+15 6.72047e+15 6.90229e+15 6.90593e+15 0 0 0 0 0 0 0 0 0 0 0 0 0 0 0 0 0 0 0 0 0 0 0 0 0 0 0 0 0 0 0 0 
0 0 0 0 0 0 0 0 0 0 0 0 0 3.03398e+10 1.28258e+12 1.33777e+13 7.1313e+13 2.48341e+14 6.39413e+14 1.323e+15 2.3314e+15 3.65165e+15 5.18935e+15 6.89943e+15 8.60515e+15 1.02907e+16 1.18969e+16 1.33068e+16 1.45681e+16 1.54919e+16 1.62543e+16 1.66235e+16 1.67778e+16 0 0 0 0 0 0 0 0 0 0 0 0 0 0 0 0 0 0 0 0 0 0 0 0 0 0 0 0 0 0 0 0 
0 0 0 0 0 0 0 0 0 0 0 0 0 0 3.0151e+11 5.67224e+12 4.33237e+13 1.95675e+14 6.18896e+14 1.50794e+15 3.0394e+15 5.27901e+15 8.22843e+15 1.17231e+16 1.558e+16 1.95423e+16 2.33278e+16 2.70241e+16 3.01937e+16 3.27703e+16 3.46565e+16 3.59248e+16 3.62824e+16 0 0 0 0 0 0 0 0 0 0 0 0 0 0 0 0 0 0 0 0 0 0 0 0 0 0 0 0 0 0 0 0 
0 0 0 0 0 0 0 0 0 0 0 0 0 0 3.63453e+10 1.72837e+12 2.03032e+13 1.2309e+14 4.87646e+14 1.42691e+15 3.31096e+15 6.48338e+15 1.10866e+16 1.71038e+16 2.42758e+16 3.21795e+16 4.04693e+16 4.81844e+16 5.52215e+16 6.12259e+16 6.57684e+16 6.84808e+16 6.95033e+16 0 0 0 0 0 0 0 0 0 0 0 0 0 0 0 0 0 0 0 0 0 0 0 0 0 0 0 0 0 0 0 0 
0 0 0 0 0 0 0 0 0 0 0 0 0 0 0 3.44947e+11 7.21675e+12 6.15526e+13 3.11192e+14 1.10324e+15 3.01248e+15 6.70953e+15 1.28e+16 2.14945e+16 3.27906e+16 4.6034e+16 6.05002e+16 7.51624e+16 8.90202e+16 1.00959e+17 1.0993e+17 1.15967e+17 1.17957e+17 0 0 0 0 0 0 0 0 0 0 0 0 0 0 0 0 0 0 0 0 0 0 0 0 0 0 0 0 0 0 0 0 
0 0 0 0 0 0 0 0 0 0 0 0 0 0 0 3.59224e+10 1.8624e+12 2.4052e+13 1.61505e+14 7.05463e+14 2.27608e+15 5.83834e+15 1.24474e+16 2.30967e+16 3.8028e+16 5.72281e+16 7.90666e+16 1.02662e+17 1.2547e+17 1.45724e+17 1.61971e+17 1.71993e+17 1.75514e+17 0 0 0 0 0 0 0 0 0 0 0 0 0 0 0 0 0 0 0 0 0 0 0 0 0 0 0 0 0 0 0 0 
0 0 0 0 0 0 0 0 0 0 0 0 0 0 0 0 3.21038e+11 7.24737e+12 6.70115e+13 3.7195e+14 1.43832e+15 4.26662e+15 1.03321e+16 2.11561e+16 3.79906e+16 6.08637e+16 8.96034e+16 1.21473e+17 1.5414e+17 1.83886e+17 2.07964e+17 2.23386e+17 2.28843e+17 0 0 0 0 0 0 0 0 0 0 0 0 0 0 0 0 0 0 0 0 0 0 0 0 0 0 0 0 0 0 0 0 
0 0 0 0 0 0 0 0 0 0 0 0 0 0 0 0 2.94433e+10 1.61548e+12 2.23135e+13 1.60615e+14 7.60191e+14 2.64008e+15 7.24898e+15 1.65341e+16 3.24663e+16 5.62626e+16 8.75027e+16 1.24783e+17 1.64357e+17 2.02562e+17 2.33308e+17 2.53734e+17 2.60808e+17 0 0 0 0 0 0 0 0 0 0 0 0 0 0 0 0 0 0 0 0 0 0 0 0 0 0 0 0 0 0 0 0 
0 0 0 0 0 0 0 0 0 0 0 0 0 0 0 0 0 2.42856e+11 5.77503e+12 5.66824e+13 3.33501e+14 1.37475e+15 4.33965e+15 1.11141e+16 2.38568e+16 4.47145e+16 7.43687e+16 1.11471e+17 1.53116e+17 1.93854e+17 2.2909e+17 2.52591e+17 2.60522e+17 0 0 0 0 0 0 0 0 0 0 0 0 0 0 0 0 0 0 0 0 0 0 0 0 0 0 0 0 0 0 0 0 
0 0 0 0 0 0 0 0 0 0 0 0 0 0 0 0 0 2.01486e+10 1.12726e+12 1.62687e+13 1.22602e+14 6.08737e+14 2.22308e+15 6.3842e+15 1.5221e+16 3.08768e+16 5.48385e+16 8.68407e+16 1.24252e+17 1.62783e+17 1.96482e+17 2.19427e+17 2.27848e+17 0 0 0 0 0 0 0 0 0 0 0 0 0 0 0 0 0 0 0 0 0 0 0 0 0 0 0 0 0 0 0 0 
0 0 0 0 0 0 0 0 0 0 0 0 0 0 0 0 0 0 1.51956e+11 3.67518e+12 3.71989e+13 2.27504e+14 9.71702e+14 3.1732e+15 8.36923e+15 1.84754e+16 3.51277e+16 5.89693e+16 8.84194e+16 1.19696e+17 1.47195e+17 1.67012e+17 1.74014e+17 0 0 0 0 0 0 0 0 0 0 0 0 0 0 0 0 0 0 0 0 0 0 0 0 0 0 0 0 0 0 0 0 
0 0 0 0 0 0 0 0 0 0 0 0 0 0 0 0 0 0 1.1578e+10 6.41507e+11 9.36116e+12 7.19931e+13 3.65279e+14 1.36626e+15 4.00652e+15 9.65036e+15 1.97853e+16 3.50827e+16 5.50281e+16 7.71195e+16 9.79314e+16 1.12176e+17 1.17424e+17 0 0 0 0 0 0 0 0 0 0 0 0 0 0 0 0 0 0 0 0 0 0 0 0 0 0 0 0 0 0 0 0 
0 0 0 0 0 0 0 0 0 0 0 0 0 0 0 0 0 0 0 7.79139e+10 1.88814e+12 1.9214e+13 1.18032e+14 5.08663e+14 1.67606e+15 4.43713e+15 9.78708e+15 1.84342e+16 3.02882e+16 4.39741e+16 5.69958e+16 6.64999e+16 7.00468e+16 0 0 0 0 0 0 0 0 0 0 0 0 0 0 0 0 0 0 0 0 0 0 0 0 0 0 0 0 0 0 0 0 
0 0 0 0 0 0 0 0 0 0 0 0 0 0 0 0 0 0 0 5.64709e+09 2.96492e+11 4.2759e+12 3.27676e+13 1.65561e+14 6.14808e+14 1.79096e+15 4.26497e+15 8.57407e+15 1.47343e+16 2.22631e+16 2.95926e+16 3.50268e+16 3.69864e+16 0 0 0 0 0 0 0 0 0 0 0 0 0 0 0 0 0 0 0 0 0 0 0 0 0 0 0 0 0 0 0 0 
0 0 0 0 0 0 0 0 0 0 0 0 0 0 0 0 0 0 0 0 3.32307e+10 7.75515e+11 7.7538e+12 4.68687e+13 1.98308e+14 6.43262e+14 1.66248e+15 3.54813e+15 6.4592e+15 1.00662e+16 1.37757e+16 1.65893e+16 1.75837e+16 0 0 0 0 0 0 0 0 0 0 0 0 0 0 0 0 0 0 0 0 0 0 0 0 0 0 0 0 0 0 0 0 
0 0 0 0 0 0 0 0 0 0 0 0 0 0 0 0 0 0 0 0 2.39591e+09 1.11986e+11 1.5494e+12 1.15187e+13 5.68826e+13 2.03747e+14 5.76637e+14 1.3225e+15 2.52253e+15 4.1002e+15 5.73065e+15 6.99863e+15 7.51222e+15 0 0 0 0 0 0 0 0 0 0 0 0 0 0 0 0 0 0 0 0 0 0 0 0 0 0 0 0 0 0 0 0 
0 0 0 0 0 0 0 0 0 0 0 0 0 0 0 0 0 0 0 0 0 1.19227e+10 2.5751e+11 2.46563e+12 1.42291e+13 5.83148e+13 1.78973e+14 4.39966e+14 8.88651e+14 1.5028e+15 2.17493e+15 2.69101e+15 2.87981e+15 0 0 0 0 0 0 0 0 0 0 0 0 0 0 0 0 0 0 0 0 0 0 0 0 0 0 0 0 0 0 0 0 
0 0 0 0 0 0 0 0 0 0 0 0 0 0 0 0 0 0 0 0 0 9.086e+08 3.54136e+10 4.51146e+11 3.15989e+12 1.4789e+13 5.03119e+13 1.33336e+14 2.85895e+14 5.03867e+14 7.47055e+14 9.42413e+14 1.01768e+15 0 0 0 0 0 0 0 0 0 0 0 0 0 0 0 0 0 0 0 0 0 0 0 0 0 0 0 0 0 0 0 0 
0 0 0 0 0 0 0 0 0 0 0 0 0 0 0 0 0 0 0 0 0 0 3.6148e+09 7.01816e+10 6.2192e+11 3.34928e+12 1.2704e+13 3.66472e+13 8.27841e+13 1.52568e+14 2.33167e+14 2.99758e+14 3.26065e+14 0 0 0 0 0 0 0 0 0 0 0 0 0 0 0 0 0 0 0 0 0 0 0 0 0 0 0 0 0 0 0 0 
0 0 0 0 0 0 0 0 0 0 0 0 0 0 0 0 0 0 0 0 0 0 3.14917e+08 9.4715e+09 1.07391e+11 6.84847e+11 2.93785e+12 9.14098e+12 2.20019e+13 4.29588e+13 6.75354e+13 8.82831e+13 9.64198e+13 0 0 0 0 0 0 0 0 0 0 0 0 0 0 0 0 0 0 0 0 0 0 0 0 0 0 0 0 0 0 0 0 
0 0 0 0 0 0 0 0 0 0 0 0 0 0 0 0 0 0 0 0 0 0 0 9.55813e+08 1.60356e+10 1.26566e+11 6.11795e+11 2.10118e+12 5.45326e+12 1.10451e+13 1.80579e+13 2.3971e+13 2.63907e+13 0 0 0 0 0 0 0 0 0 0 0 0 0 0 0 0 0 0 0 0 0 0 0 0 0 0 0 0 0 0 0 0 
0 0 0 0 0 0 0 0 0 0 0 0 0 0 0 0 0 0 0 0 0 0 0 1.02707e+08 2.17994e+09 2.08869e+10 1.1807e+11 4.45956e+11 1.23939e+12 2.64133e+12 4.4826e+12 6.09209e+12 6.72979e+12 0 0 0 0 0 0 0 0 0 0 0 0 0 0 0 0 0 0 0 0 0 0 0 0 0 0 0 0 0 0 0 0 
0 0 0 0 0 0 0 0 0 0 0 0 0 0 0 0 0 0 0 0 0 0 0 0 2.24825e+08 3.13611e+09 2.08319e+10 8.79652e+10 2.63693e+11 5.96464e+11 1.05445e+12 1.45661e+12 1.61567e+12 0 0 0 0 0 0 0 0 0 0 0 0 0 0 0 0 0 0 0 0 0 0 0 0 0 0 0 0 0 0 0 0 
0 0 0 0 0 0 0 0 0 0 0 0 0 0 0 0 0 0 0 0 0 0 0 0 3.09399e+07 4.44523e+08 3.43468e+09 1.63269e+10 5.31977e+10 1.26463e+11 2.30076e+11 3.26727e+11 3.68919e+11 0 0 0 0 0 0 0 0 0 0 0 0 0 0 0 0 0 0 0 0 0 0 0 0 0 0 0 0 0 0 0 0 
0 0 0 0 0 0 0 0 0 0 0 0 0 0 0 0 0 0 0 0 0 0 0 0 0 4.587e+07 5.27232e+08 2.89957e+09 1.01831e+10 2.56484e+10 4.83287e+10 7.06602e+10 7.96764e+10 0 0 0 0 0 0 0 0 0 0 0 0 0 0 0 0 0 0 0 0 0 0 0 0 0 0 0 0 0 0 0 0 
0 0 0 0 0 0 0 0 0 0 0 0 0 0 0 0 0 0 0 0 0 0 0 0 0 8.41306e+06 8.11309e+07 4.81754e+08 1.8906e+09 4.99292e+09 9.74168e+09 1.47616e+10 1.68239e+10 0 0 0 0 0 0 0 0 0 0 0 0 0 0 0 0 0 0 0 0 0 0 0 0 0 0 0 0 0 0 0 0 
0 0 0 0 0 0 0 0 0 0 0 0 0 0 0 0 0 0 0 0 0 0 0 0 0 0 7.86311e+06 7.95184e+07 3.41973e+08 9.57904e+08 1.98026e+09 2.93735e+09 3.43026e+09 0 0 0 0 0 0 0 0 0 0 0 0 0 0 0 0 0 0 0 0 0 0 0 0 0 0 0 0 0 0 0 0 
0 0 0 0 0 0 0 0 0 0 0 0 0 0 0 0 0 0 0 0 0 0 0 0 0 0 2.02677e+06 1.27854e+07 5.68503e+07 1.84191e+08 3.80124e+08 6.01507e+08 6.97443e+08 0 0 0 0 0 0 0 0 0 0 0 0 0 0 0 0 0 0 0 0 0 0 0 0 0 0 0 0 0 0 0 0 
0 0 0 0 0 0 0 0 0 0 0 0 0 0 0 0 0 0 0 0 0 0 0 0 0 0 0 1.09291e+06 1.06893e+07 3.29735e+07 7.37527e+07 1.21643e+08 1.35693e+08 0 0 0 0 0 0 0 0 0 0 0 0 0 0 0 0 0 0 0 0 0 0 0 0 0 0 0 0 0 0 0 0 
0 0 0 0 0 0 0 0 0 0 0 0 0 0 0 0 0 0 0 0 0 0 0 0 0 0 0 418471 1.67975e+06 5.68606e+06 1.51097e+07 2.2088e+07 2.85593e+07 0 0 0 0 0 0 0 0 0 0 0 0 0 0 0 0 0 0 0 0 0 0 0 0 0 0 0 0 0 0 0 0 
0 0 0 0 0 0 0 0 0 0 0 0 0 0 0 0 0 0 0 0 0 0 0 0 0 0 0 0 113492 1.23498e+06 2.43752e+06 4.70445e+06 5.21869e+06 0 0 0 0 0 0 0 0 0 0 0 0 0 0 0 0 0 0 0 0 0 0 0 0 0 0 0 0 0 0 0 0 
0 0 0 0 0 0 0 0 0 0 0 0 0 0 0 0 0 0 0 0 0 0 0 0 0 0 0 0 71749.8 169096 462612 963743 933861 0 0 0 0 0 0 0 0 0 0 0 0 0 0 0 0 0 0 0 0 0 0 0 0 0 0 0 0 0 0 0 0 
0 0 0 0 0 0 0 0 0 0 0 0 0 0 0 0 0 0 0 0 0 0 0 0 0 0 0 0 0 7722.52 114145 113501 237917 0 0 0 0 0 0 0 0 0 0 0 0 0 0 0 0 0 0 0 0 0 0 0 0 0 0 0 0 0 0 0 0 
0 0 0 0 0 0 0 0 0 0 0 0 0 0 0 0 0 0 0 0 0 0 0 0 0 0 0 0 0 9698.77 11374.6 32107.6 37491.8 0 0 0 0 0 0 0 0 0 0 0 0 0 0 0 0 0 0 0 0 0 0 0 0 0 0 0 0 0 0 0 0 
0 0 0 0 0 0 0 0 0 0 0 0 0 0 0 0 0 0 0 0 0 0 0 0 0 0 0 0 0 0 256.743 7481.12 2071.81 0 0 0 0 0 0 0 0 0 0 0 0 0 0 0 0 0 0 0 0 0 0 0 0 0 0 0 0 0 0 0 0 
0 0 0 0 0 0 0 0 0 0 0 0 0 0 0 0 0 0 0 0 0 0 0 0 0 0 0 0 0 0 964.256 377.968 1911.03 0 0 0 0 0 0 0 0 0 0 0 0 0 0 0 0 0 0 0 0 0 0 0 0 0 0 0 0 0 0 0 0 
0 0 0 0 0 0 0 0 0 0 0 0 0 0 0 0 0 0 0 0 0 0 0 0 0 0 0 0 0 0 0 0 250.12 0 0 0 0 0 0 0 0 0 0 0 0 0 0 0 0 0 0 0 0 0 0 0 0 0 0 0 0 0 0 0 0 
0 0 0 0 0 0 0 0 0 0 0 0 0 0 0 0 0 0 0 0 0 0 0 0 0 0 0 0 0 0 0 62.2101 0 0 0 0 0 0 0 0 0 0 0 0 0 0 0 0 0 0 0 0 0 0 0 0 0 0 0 0 0 0 0 0 0 
0 0 0 0 0 0 0 0 0 0 0 0 0 0 0 0 0 0 0 0 0 0 0 0 0 0 0 0 0 0 0 0 0 0 0 0 0 0 0 0 0 0 0 0 0 0 0 0 0 0 0 0 0 0 0 0 0 0 0 0 0 0 0 0 0 
0 0 0 0 0 0 0 0 0 0 0 0 0 0 0 0 0 0 0 0 0 0 0 0 0 0 0 0 0 0 0 0 1.94407 0 0 0 0 0 0 0 0 0 0 0 0 0 0 0 0 0 0 0 0 0 0 0 0 0 0 0 0 0 0 0 0 
