1 0 0 0 0 0 0 0 0 0 0 0 0 0 0 0 0 
0 0 0 0 0 0 0 0 0 0 0 0 0 0 0 0 0 
0 16 0 0 0 0 0 0 0 0 0 0 0 0 0 0 0 
0 0 32 0 0 0 0 0 0 0 0 0 0 0 0 0 0 
0 0 88 95.1736 23.7944 0 0 0 7.91609 0 0 0 0 0 0 0 0 
0 0 0 257.662 256.041 190.899 95.0548 63.3272 0 0 0 0 0 0 0 0 0 
0 0 0 207.164 736.056 687.524 701.498 621.463 767.439 0 0 0 0 0 0 0 0 
0 0 0 0 576.631 1666.85 1826.67 1920.02 1597.14 0 0 0 0 0 0 0 0 
0 0 0 0 227.478 1247.88 2928.97 3679.52 4362.78 0 0 0 0 0 0 0 0 
0 0 0 0 0 447.196 1572.46 3148.55 3258.54 0 0 0 0 0 0 0 0 
0 0 0 0 0 127.653 763.997 1385.26 2119.05 0 0 0 0 0 0 0 0 
0 0 0 0 0 0 63.3122 509.82 569.901 0 0 0 0 0 0 0 0 
0 0 0 0 0 0 56.0471 96.0242 120.813 0 0 0 0 0 0 0 0 
0 0 0 0 0 0 0 0 64.4136 0 0 0 0 0 0 0 0 
0 0 0 0 0 0 0 16.0138 0 0 0 0 0 0 0 0 0 
0 0 0 0 0 0 0 0 0 0 0 0 0 0 0 0 0 
0 0 0 0 0 0 0 0 2.00178 0 0 0 0 0 0 0 0 
