1 0 0 0 0 0 0 0 0 0 0 0 0 0 0 0 1 
0 0 0 0 0 0 0 0 0 0 0 0 0 0 0 0 0 
0 16 0 0 0 0 0 0 0 0 0 0 0 0 0 16 0 
0 0 32.2574 0 0 0 0 0 0 0 0 0 0 0 31.5635 0 0 
0 0 87.7426 96.4428 24.4157 0 0 0 7.64476 0 0 0 24.5311 96.6211 88.4365 0 0 
0 0 0 259.211 259.217 193.608 93.0154 62.3121 0 61.9937 96.1609 190.497 254.342 253.725 0 0 0 
0 0 0 204.346 739.213 693.093 708.316 622.882 757.061 615.883 703.78 698.548 744.054 209.654 0 0 0 
0 0 0 0 567.957 1656.88 1842.07 1900.47 1599.57 1916.98 1838.76 1673.31 571.126 0 0 0 0 
0 0 0 0 229.197 1247.75 2903.83 3692.17 4376.85 3699.85 2926.64 1240.52 225.947 0 0 0 0 
0 0 0 0 0 449.585 1571.2 3149.02 3285.58 3150.32 1578.51 440.831 0 0 0 0 0 
0 0 0 0 0 127.079 771.12 1396.54 2090.26 1375.3 749.551 124.301 0 0 0 0 0 
0 0 0 0 0 0 62.6886 507.943 571.558 513.504 60.8093 0 0 0 0 0 0 
0 0 0 0 0 0 55.7543 93.0703 117.946 90.7648 53.7906 0 0 0 0 0 0 
0 0 0 0 0 0 0 0 61.5827 0 0 0 0 0 0 0 0 
0 0 0 0 0 0 0 15.6021 0 15.4055 0 0 0 0 0 0 0 
0 0 0 0 0 0 0 0 0 0 0 0 0 0 0 0 0 
0 0 0 0 0 0 0 0 1.94865 0 0 0 0 0 0 0 0 
