1 0 0 0 0 0 0 0 0 0 0 0 0 0 0 0 0 
0 0 0 0 0 0 0 0 0 0 0 0 0 0 0 0 0 
0 16 0 0 0 0 0 0 0 0 0 0 0 0 0 0 0 
0 0 32 0 0 0 0 0 0 0 0 0 0 0 0 0 0 
0 0 88 96.0019 24.0005 0 0 0 8.00819 0 0 0 0 0 0 0 0 
0 0 0 255.996 256.043 192.011 96.0826 64.0655 0 0 0 0 0 0 0 0 0 
0 0 0 208.002 735.965 688.206 704.297 624.019 768.35 0 0 0 0 0 0 0 0 
0 0 0 0 575.938 1663.61 1823.89 1920.2 1599.79 0 0 0 0 0 0 0 0 
0 0 0 0 228.053 1248.09 2927.19 3679.44 4355.29 0 0 0 0 0 0 0 0 
0 0 0 0 0 448.104 1568.19 3136.11 3264.54 0 0 0 0 0 0 0 0 
0 0 0 0 0 127.975 768.415 1392.13 2112.09 0 0 0 0 0 0 0 0 
0 0 0 0 0 0 63.9964 511.992 575.925 0 0 0 0 0 0 0 0 
0 0 0 0 0 0 55.9308 96.0506 120.013 0 0 0 0 0 0 0 0 
0 0 0 0 0 0 0 0 63.9999 0 0 0 0 0 0 0 0 
0 0 0 0 0 0 0 15.9802 0 0 0 0 0 0 0 0 0 
0 0 0 0 0 0 0 0 0 0 0 0 0 0 0 0 0 
0 0 0 0 0 0 0 0 1.99753 0 0 0 0 0 0 0 0 
