1 0 0 0 0 0 0 0 0 0 0 0 0 0 0 0 0 
0 0 0 0 0 0 0 0 0 0 0 0 0 0 0 0 0 
0 16 0 0 0 0 0 0 0 0 0 0 0 0 0 0 0 
0 0 32 0 0 0 0 0 0 0 0 0 0 0 0 0 0 
0 0 88 96.0399 24.01 0 0 0 7.99014 0 0 0 0 0 0 0 0 
0 0 0 255.92 256.078 192.015 95.9875 63.9211 0 0 0 0 0 0 0 0 0 
0 0 0 208.04 735.914 688.15 704.146 624.173 767.839 0 0 0 0 0 0 0 0 
0 0 0 0 575.899 1663.78 1824.06 1919.9 1600 0 0 0 0 0 0 0 0 
0 0 0 0 228.099 1247.97 2927.98 3680.17 4357.01 0 0 0 0 0 0 0 0 
0 0 0 0 0 448.05 1567.42 3135.81 3263.04 0 0 0 0 0 0 0 0 
0 0 0 0 0 128.038 768.347 1391.91 2111.89 0 0 0 0 0 0 0 0 
0 0 0 0 0 0 64.0428 512.084 576.094 0 0 0 0 0 0 0 0 
0 0 0 0 0 0 56.0182 96.0245 120.2 0 0 0 0 0 0 0 0 
0 0 0 0 0 0 0 0 63.9477 0 0 0 0 0 0 0 0 
0 0 0 0 0 0 0 16.0052 0 0 0 0 0 0 0 0 0 
0 0 0 0 0 0 0 0 0 0 0 0 0 0 0 0 0 
0 0 0 0 0 0 0 0 2.00065 0 0 0 0 0 0 0 0 
