1 0 0 0 0 0 0 0 0 0 0 0 0 0 0 0 0 
0 0 0 0 0 0 0 0 0 0 0 0 0 0 0 0 0 
0 16 0 0 0 0 0 0 0 0 0 0 0 0 0 0 0 
0 0 32 0 0 0 0 0 0 0 0 0 0 0 0 0 0 
0 0 88 96.0447 24.0112 0 0 0 7.9999 0 0 0 0 0 0 0 0 
0 0 0 255.911 255.988 192.063 96.0274 63.9992 0 0 0 0 0 0 0 0 0 
0 0 0 208.045 736.032 687.997 703.762 623.934 767.823 0 0 0 0 0 0 0 0 
0 0 0 0 575.927 1663.86 1824.84 1920.19 1600.08 0 0 0 0 0 0 0 0 
0 0 0 0 228.042 1248.08 2927.04 3680.01 4356.29 0 0 0 0 0 0 0 0 
0 0 0 0 0 447.945 1568.27 3135.56 3263.88 0 0 0 0 0 0 0 0 
0 0 0 0 0 128.05 768.018 1392.44 2111.88 0 0 0 0 0 0 0 0 
0 0 0 0 0 0 64.0126 511.847 576.09 0 0 0 0 0 0 0 0 
0 0 0 0 0 0 56.0262 96.0056 119.997 0 0 0 0 0 0 0 0 
0 0 0 0 0 0 0 0 63.9666 0 0 0 0 0 0 0 0 
0 0 0 0 0 0 0 16.0075 0 0 0 0 0 0 0 0 0 
0 0 0 0 0 0 0 0 0 0 0 0 0 0 0 0 0 
0 0 0 0 0 0 0 0 2.00093 0 0 0 0 0 0 0 0 
