1 0 0 0 0 0 0 0 0 0 0 0 0 0 0 0 0 
0 0 0 0 0 0 0 0 0 0 0 0 0 0 0 0 0 
0 16 0 0 0 0 0 0 0 0 0 0 0 0 0 0 0 
0 0 32 0 0 0 0 0 0 0 0 0 0 0 0 0 0 
0 0 88 95.9647 23.9912 0 0 0 8.00269 0 0 0 0 0 0 0 0 
0 0 0 256.071 255.967 191.964 96.0369 64.0215 0 0 0 0 0 0 0 0 0 
0 0 0 207.965 736.039 687.878 703.828 624.155 767.974 0 0 0 0 0 0 0 0 
0 0 0 0 576.059 1664.24 1824.53 1920.73 1600.57 0 0 0 0 0 0 0 0 
0 0 0 0 227.945 1247.99 2927.28 3678.63 4356.01 0 0 0 0 0 0 0 0 
0 0 0 0 0 447.976 1568.31 3136.06 3262.71 0 0 0 0 0 0 0 0 
0 0 0 0 0 127.955 768.022 1392.06 2112.37 0 0 0 0 0 0 0 0 
0 0 0 0 0 0 64.0138 512.45 576.354 0 0 0 0 0 0 0 0 
0 0 0 0 0 0 55.9753 95.9044 120.049 0 0 0 0 0 0 0 0 
0 0 0 0 0 0 0 0 63.9648 0 0 0 0 0 0 0 0 
0 0 0 0 0 0 0 15.9929 0 0 0 0 0 0 0 0 0 
0 0 0 0 0 0 0 0 0 0 0 0 0 0 0 0 0 
0 0 0 0 0 0 0 0 1.99912 0 0 0 0 0 0 0 0 
