1 0 0 0 0 0 0 0 0 0 0 0 0 0 0 0 0 
0 0 0 0 0 0 0 0 0 0 0 0 0 0 0 0 0 
0 16 0 0 0 0 0 0 0 0 0 0 0 0 0 0 0 
0 0 32 0 0 0 0 0 0 0 0 0 0 0 0 0 0 
0 0 88 96.0059 24.0015 0 0 0 8.00858 0 0 0 0 0 0 0 0 
0 0 0 255.988 255.97 192.069 95.9931 64.0686 0 0 0 0 0 0 0 0 0 
0 0 0 208.006 735.965 688.203 704.534 623.888 768.19 0 0 0 0 0 0 0 0 
0 0 0 0 576.156 1663.33 1823.1 1920.53 1599.44 0 0 0 0 0 0 0 0 
0 0 0 0 227.908 1248.26 2928.28 3678.99 4356.22 0 0 0 0 0 0 0 0 
0 0 0 0 0 448.342 1567.88 3136.55 3264.42 0 0 0 0 0 0 0 0 
0 0 0 0 0 127.797 768.313 1391.9 2111.66 0 0 0 0 0 0 0 0 
0 0 0 0 0 0 63.9813 512.052 576.078 0 0 0 0 0 0 0 0 
0 0 0 0 0 0 55.9239 96.0332 119.956 0 0 0 0 0 0 0 0 
0 0 0 0 0 0 0 0 64.0143 0 0 0 0 0 0 0 0 
0 0 0 0 0 0 0 15.9783 0 0 0 0 0 0 0 0 0 
0 0 0 0 0 0 0 0 0 0 0 0 0 0 0 0 0 
0 0 0 0 0 0 0 0 1.99728 0 0 0 0 0 0 0 0 
