1 0 0 0 0 0 0 0 0 0 0 0 0 0 0 0 0 
0 0 0 0 0 0 0 0 0 0 0 0 0 0 0 0 0 
0 16 0 0 0 0 0 0 0 0 0 0 0 0 0 0 0 
0 0 32 0 0 0 0 0 0 0 0 0 0 0 0 0 0 
0 0 88 95.9801 23.995 0 0 0 8.00135 0 0 0 0 0 0 0 0 
0 0 0 256.04 255.864 191.896 95.9721 64.0108 0 0 0 0 0 0 0 0 0 
0 0 0 207.98 736.212 687.817 703.908 623.875 767.479 0 0 0 0 0 0 0 0 
0 0 0 0 576.004 1664.5 1824.23 1920.75 1600.51 0 0 0 0 0 0 0 0 
0 0 0 0 227.925 1248.04 2927.75 3678.75 4356.7 0 0 0 0 0 0 0 0 
0 0 0 0 0 447.676 1568.38 3136.81 3263.57 0 0 0 0 0 0 0 0 
0 0 0 0 0 128.073 767.784 1391.68 2111.51 0 0 0 0 0 0 0 0 
0 0 0 0 0 0 63.9221 512.191 576.052 0 0 0 0 0 0 0 0 
0 0 0 0 0 0 56.0633 95.9214 120.151 0 0 0 0 0 0 0 0 
0 0 0 0 0 0 0 0 64.0183 0 0 0 0 0 0 0 0 
0 0 0 0 0 0 0 16.0181 0 0 0 0 0 0 0 0 0 
0 0 0 0 0 0 0 0 0 0 0 0 0 0 0 0 0 
0 0 0 0 0 0 0 0 2.00226 0 0 0 0 0 0 0 0 
