1 0 0 0 0 0 0 0 0 0 0 0 0 0 0 0 0 
0 0 0 0 0 0 0 0 0 0 0 0 0 0 0 0 0 
0 16 0 0 0 0 0 0 0 0 0 0 0 0 0 0 0 
0 0 32 0 0 0 0 0 0 0 0 0 0 0 0 0 0 
0 0 88 96.0023 24.0006 0 0 0 7.97893 0 0 0 0 0 0 0 0 
0 0 0 255.995 256.034 191.959 95.8825 63.8314 0 0 0 0 0 0 0 0 0 
0 0 0 208.002 735.85 688.001 704.05 624.174 768.064 0 0 0 0 0 0 0 0 
0 0 0 0 576.195 1664 1824.27 1919.65 1599.93 0 0 0 0 0 0 0 0 
0 0 0 0 227.92 1248.24 2927.74 3680.88 4355.96 0 0 0 0 0 0 0 0 
0 0 0 0 0 447.718 1568.09 3135.88 3264.24 0 0 0 0 0 0 0 0 
0 0 0 0 0 128.082 767.98 1391.24 2111.69 0 0 0 0 0 0 0 0 
0 0 0 0 0 0 63.9504 512.283 576.213 0 0 0 0 0 0 0 0 
0 0 0 0 0 0 56.0294 96.06 119.967 0 0 0 0 0 0 0 0 
0 0 0 0 0 0 0 0 63.9682 0 0 0 0 0 0 0 0 
0 0 0 0 0 0 0 16.0084 0 0 0 0 0 0 0 0 0 
0 0 0 0 0 0 0 0 0 0 0 0 0 0 0 0 0 
0 0 0 0 0 0 0 0 2.00105 0 0 0 0 0 0 0 0 
