1 0 0 0 0 0 0 0 0 0 0 0 0 0 0 0 0 
0 0 0 0 0 0 0 0 0 0 0 0 0 0 0 0 0 
0 16 0 0 0 0 0 0 0 0 0 0 0 0 0 0 0 
0 0 32 0 0 0 0 0 0 0 0 0 0 0 0 0 0 
0 0 88 95.9988 23.9997 0 0 0 7.99855 0 0 0 0 0 0 0 0 
0 0 0 256.002 256.075 192.015 96.0967 63.9884 0 0 0 0 0 0 0 0 0 
0 0 0 207.999 735.959 688.066 704.121 623.952 767.93 0 0 0 0 0 0 0 0 
0 0 0 0 575.86 1664.03 1823.71 1919.96 1600.33 0 0 0 0 0 0 0 0 
0 0 0 0 228.107 1247.82 2927.88 3680.41 4356.23 0 0 0 0 0 0 0 0 
0 0 0 0 0 447.938 1568.21 3135.73 3263.09 0 0 0 0 0 0 0 0 
0 0 0 0 0 128.134 767.907 1391.75 2112.38 0 0 0 0 0 0 0 0 
0 0 0 0 0 0 64.0728 512.228 575.857 0 0 0 0 0 0 0 0 
0 0 0 0 0 0 55.9999 95.9811 120.145 0 0 0 0 0 0 0 0 
0 0 0 0 0 0 0 0 64.0382 0 0 0 0 0 0 0 0 
0 0 0 0 0 0 0 16 0 0 0 0 0 0 0 0 0 
0 0 0 0 0 0 0 0 0 0 0 0 0 0 0 0 0 
0 0 0 0 0 0 0 0 2 0 0 0 0 0 0 0 0 
