1 0 0 0 0 0 0 0 0 0 0 0 0 0 0 0 0 
0 0 0 0 0 0 0 0 0 0 0 0 0 0 0 0 0 
0 16 0 0 0 0 0 0 0 0 0 0 0 0 0 0 0 
0 0 32 0 0 0 0 0 0 0 0 0 0 0 0 0 0 
0 0 88 95.9954 23.9989 0 0 0 7.99688 0 0 0 0 0 0 0 0 
0 0 0 256.009 256.018 191.988 95.9706 63.975 0 0 0 0 0 0 0 0 0 
0 0 0 207.995 735.956 688.018 703.995 624 768.007 0 0 0 0 0 0 0 0 
0 0 0 0 576.037 1664.01 1824.06 1920.08 1599.71 0 0 0 0 0 0 0 0 
0 0 0 0 227.99 1248.01 2927.99 3679.96 4356.5 0 0 0 0 0 0 0 0 
0 0 0 0 0 447.947 1568 3135.91 3263.97 0 0 0 0 0 0 0 0 
0 0 0 0 0 128.031 767.982 1392.15 2111.72 0 0 0 0 0 0 0 0 
0 0 0 0 0 0 63.9783 511.933 576.074 0 0 0 0 0 0 0 0 
0 0 0 0 0 0 56.0168 95.9924 120.033 0 0 0 0 0 0 0 0 
0 0 0 0 0 0 0 0 63.9876 0 0 0 0 0 0 0 0 
0 0 0 0 0 0 0 16.0048 0 0 0 0 0 0 0 0 0 
0 0 0 0 0 0 0 0 0 0 0 0 0 0 0 0 0 
0 0 0 0 0 0 0 0 2.0006 0 0 0 0 0 0 0 0 
