1 0 0 0 0 0 0 0 0 0 0 0 0 0 0 0 0 
0 0 0 0 0 0 0 0 0 0 0 0 0 0 0 0 0 
0 16 0 0 0 0 0 0 0 0 0 0 0 0 0 0 0 
0 0 32 0 0 0 0 0 0 0 0 0 0 0 0 0 0 
0 0 88 95.9938 23.9984 0 0 0 8.00376 0 0 0 0 0 0 0 0 
0 0 0 256.012 255.961 191.969 95.9877 64.0301 0 0 0 0 0 0 0 0 0 
0 0 0 207.994 736.079 688.046 703.935 623.798 767.969 0 0 0 0 0 0 0 0 
0 0 0 0 575.965 1664 1824.12 1920.11 1599.9 0 0 0 0 0 0 0 0 
0 0 0 0 227.997 1248.02 2927.95 3680.25 4356.28 0 0 0 0 0 0 0 0 
0 0 0 0 0 447.933 1568.09 3135.76 3263.8 0 0 0 0 0 0 0 0 
0 0 0 0 0 128.032 767.913 1392.12 2112.09 0 0 0 0 0 0 0 0 
0 0 0 0 0 0 63.991 511.94 575.925 0 0 0 0 0 0 0 0 
0 0 0 0 0 0 56.0157 95.9868 120.015 0 0 0 0 0 0 0 0 
0 0 0 0 0 0 0 0 64.0047 0 0 0 0 0 0 0 0 
0 0 0 0 0 0 0 16.0045 0 0 0 0 0 0 0 0 0 
0 0 0 0 0 0 0 0 0 0 0 0 0 0 0 0 0 
0 0 0 0 0 0 0 0 2.00056 0 0 0 0 0 0 0 0 
