1 0 0 0 0 0 0 0 0 0 0 0 0 0 0 0 0 
0 0 0 0 0 0 0 0 0 0 0 0 0 0 0 0 0 
0 16 0 0 0 0 0 0 0 0 0 0 0 0 0 0 0 
0 0 32 0 0 0 0 0 0 0 0 0 0 0 0 0 0 
0 0 88 96.0043 24.0011 0 0 0 8.00363 0 0 0 0 0 0 0 0 
0 0 0 255.991 256.003 192.01 95.9888 64.0291 0 0 0 0 0 0 0 0 0 
0 0 0 208.004 735.995 687.97 704.042 623.877 767.937 0 0 0 0 0 0 0 0 
0 0 0 0 575.995 1664.07 1823.84 1920.1 1600.04 0 0 0 0 0 0 0 0 
0 0 0 0 228.005 1247.96 2928.17 3680.16 4356.12 0 0 0 0 0 0 0 0 
0 0 0 0 0 447.949 1568.1 3135.91 3263.93 0 0 0 0 0 0 0 0 
0 0 0 0 0 128.043 767.816 1391.78 2111.96 0 0 0 0 0 0 0 0 
0 0 0 0 0 0 64.0182 512.135 575.973 0 0 0 0 0 0 0 0 
0 0 0 0 0 0 56.0245 96.005 120.019 0 0 0 0 0 0 0 0 
0 0 0 0 0 0 0 0 64.0152 0 0 0 0 0 0 0 0 
0 0 0 0 0 0 0 16.007 0 0 0 0 0 0 0 0 0 
0 0 0 0 0 0 0 0 0 0 0 0 0 0 0 0 0 
0 0 0 0 0 0 0 0 2.00088 0 0 0 0 0 0 0 0 
