1 0 0 0 0 0 0 0 0 0 0 0 0 0 0 0 0 
0 0 0 0 0 0 0 0 0 0 0 0 0 0 0 0 0 
0 16 0 0 0 0 0 0 0 0 0 0 0 0 0 0 0 
0 0 32 0 0 0 0 0 0 0 0 0 0 0 0 0 0 
0 0 88 96.0072 24.0018 0 0 0 7.99321 0 0 0 0 0 0 0 0 
0 0 0 255.986 255.997 191.97 95.9798 63.9457 0 0 0 0 0 0 0 0 0 
0 0 0 208.007 736.019 688.041 704.106 624.137 767.98 0 0 0 0 0 0 0 0 
0 0 0 0 575.963 1664 1823.87 1920.07 1599.82 0 0 0 0 0 0 0 0 
0 0 0 0 228.019 1247.99 2927.96 3679.69 4356.45 0 0 0 0 0 0 0 0 
0 0 0 0 0 448.006 1568.14 3136.17 3263.8 0 0 0 0 0 0 0 0 
0 0 0 0 0 127.994 767.966 1391.95 2111.94 0 0 0 0 0 0 0 0 
0 0 0 0 0 0 63.9879 512.011 576.015 0 0 0 0 0 0 0 0 
0 0 0 0 0 0 55.9954 96.0203 120.001 0 0 0 0 0 0 0 0 
0 0 0 0 0 0 0 0 64.0054 0 0 0 0 0 0 0 0 
0 0 0 0 0 0 0 15.9987 0 0 0 0 0 0 0 0 0 
0 0 0 0 0 0 0 0 0 0 0 0 0 0 0 0 0 
0 0 0 0 0 0 0 0 1.99983 0 0 0 0 0 0 0 0 
