1 0 0 0 0 0 0 0 0 0 0 0 0 0 0 0 0 
0 0 0 0 0 0 0 0 0 0 0 0 0 0 0 0 0 
0 16 0 0 0 0 0 0 0 0 0 0 0 0 0 0 0 
0 0 32 0 0 0 0 0 0 0 0 0 0 0 0 0 0 
0 0 88 96.0149 24.0037 0 0 0 7.99975 0 0 0 0 0 0 0 0 
0 0 0 255.97 255.995 192.031 96.0231 63.998 0 0 0 0 0 0 0 0 0 
0 0 0 208.015 736.009 687.948 703.934 623.959 768.037 0 0 0 0 0 0 0 0 
0 0 0 0 575.982 1664.02 1824.04 1919.94 1600 0 0 0 0 0 0 0 0 
0 0 0 0 228.01 1247.99 2928.03 3680.22 4355.95 0 0 0 0 0 0 0 0 
0 0 0 0 0 448.02 1567.95 3135.91 3264.04 0 0 0 0 0 0 0 0 
0 0 0 0 0 127.994 768.034 1391.98 2111.95 0 0 0 0 0 0 0 0 
0 0 0 0 0 0 63.9992 512.011 575.968 0 0 0 0 0 0 0 0 
0 0 0 0 0 0 55.9922 95.9936 120.062 0 0 0 0 0 0 0 0 
0 0 0 0 0 0 0 0 63.9968 0 0 0 0 0 0 0 0 
0 0 0 0 0 0 0 15.9978 0 0 0 0 0 0 0 0 0 
0 0 0 0 0 0 0 0 0 0 0 0 0 0 0 0 0 
0 0 0 0 0 0 0 0 1.99972 0 0 0 0 0 0 0 0 
