1 0 0 0 0 0 0 0 0 0 0 0 0 0 0 0 0 
0 0 0 0 0 0 0 0 0 0 0 0 0 0 0 0 0 
0 16 0 0 0 0 0 0 0 0 0 0 0 0 0 0 0 
0 0 32 0 0 0 0 0 0 0 0 0 0 0 0 0 0 
0 0 88 96.0067 24.0017 0 0 0 7.99627 0 0 0 0 0 0 0 0 
0 0 0 255.987 255.997 192.007 95.9683 63.9702 0 0 0 0 0 0 0 0 0 
0 0 0 208.007 736.01 687.962 703.957 624.027 768.039 0 0 0 0 0 0 0 0 
0 0 0 0 575.982 1664.07 1824.37 1920.33 1600.16 0 0 0 0 0 0 0 0 
0 0 0 0 228.009 1248 2927.62 3679.57 4355.56 0 0 0 0 0 0 0 0 
0 0 0 0 0 447.909 1568.02 3136.05 3264.29 0 0 0 0 0 0 0 0 
0 0 0 0 0 128.054 768.059 1391.99 2111.94 0 0 0 0 0 0 0 0 
0 0 0 0 0 0 63.9821 512.04 576.019 0 0 0 0 0 0 0 0 
0 0 0 0 0 0 56.0275 96.0248 119.986 0 0 0 0 0 0 0 0 
0 0 0 0 0 0 0 0 64.0092 0 0 0 0 0 0 0 0 
0 0 0 0 0 0 0 16.0079 0 0 0 0 0 0 0 0 0 
0 0 0 0 0 0 0 0 0 0 0 0 0 0 0 0 0 
0 0 0 0 0 0 0 0 2.00098 0 0 0 0 0 0 0 0 
