1 0 0 0 0 0 0 0 0 0 0 0 0 0 0 0 0 
0 0 0 0 0 0 0 0 0 0 0 0 0 0 0 0 0 
0 16 0 0 0 0 0 0 0 0 0 0 0 0 0 0 0 
0 0 32 0 0 0 0 0 0 0 0 0 0 0 0 0 0 
0 0 88 96.009 24.0023 0 0 0 8.0027 0 0 0 0 0 0 0 0 
0 0 0 255.982 256.031 191.974 95.9985 64.0216 0 0 0 0 0 0 0 0 0 
0 0 0 208.009 735.961 687.979 703.853 623.917 767.934 0 0 0 0 0 0 0 0 
0 0 0 0 575.975 1664.16 1824.25 1920.06 1600.02 0 0 0 0 0 0 0 0 
0 0 0 0 228.03 1247.87 2927.96 3680.07 4355.99 0 0 0 0 0 0 0 0 
0 0 0 0 0 448.017 1567.96 3135.94 3264.21 0 0 0 0 0 0 0 0 
0 0 0 0 0 128.01 767.973 1391.97 2111.83 0 0 0 0 0 0 0 0 
0 0 0 0 0 0 64.0146 512.03 576.008 0 0 0 0 0 0 0 0 
0 0 0 0 0 0 56.0013 95.9943 120.01 0 0 0 0 0 0 0 0 
0 0 0 0 0 0 0 0 63.9914 0 0 0 0 0 0 0 0 
0 0 0 0 0 0 0 16.0004 0 0 0 0 0 0 0 0 0 
0 0 0 0 0 0 0 0 0 0 0 0 0 0 0 0 0 
0 0 0 0 0 0 0 0 2.00005 0 0 0 0 0 0 0 0 
