1 0 0 0 0 0 0 0 0 0 0 0 0 0 0 0 0 
0 0 0 0 0 0 0 0 0 0 0 0 0 0 0 0 0 
0 16 0 0 0 0 0 0 0 0 0 0 0 0 0 0 0 
0 0 32 0 0 0 0 0 0 0 0 0 0 0 0 0 0 
0 0 88 96.0004 24.0001 0 0 0 8.00505 0 0 0 0 0 0 0 0 
0 0 0 255.999 256.035 192.011 96.0215 64.0404 0 0 0 0 0 0 0 0 0 
0 0 0 208 735.938 688.061 704.139 623.996 768.131 0 0 0 0 0 0 0 0 
0 0 0 0 576.016 1663.89 1823.78 1919.86 1600.03 0 0 0 0 0 0 0 0 
0 0 0 0 228.01 1248 2927.93 3680.09 4355.56 0 0 0 0 0 0 0 0 
0 0 0 0 0 448.032 1568.13 3136.03 3264.26 0 0 0 0 0 0 0 0 
0 0 0 0 0 128.008 768.008 1392.01 2112.01 0 0 0 0 0 0 0 0 
0 0 0 0 0 0 63.9931 511.945 576.028 0 0 0 0 0 0 0 0 
0 0 0 0 0 0 55.9978 96.0233 119.97 0 0 0 0 0 0 0 0 
0 0 0 0 0 0 0 0 64.014 0 0 0 0 0 0 0 0 
0 0 0 0 0 0 0 15.9994 0 0 0 0 0 0 0 0 0 
0 0 0 0 0 0 0 0 0 0 0 0 0 0 0 0 0 
0 0 0 0 0 0 0 0 1.99992 0 0 0 0 0 0 0 0 
