1 0 0 0 0 0 0 0 0 0 0 0 0 0 0 0 0 0 0 0 0 0 0 0 0 0 0 0 0 0 0 0 0 0 0 0 0 0 0 0 0 0 0 0 0 0 0 0 0 0 0 0 0 0 0 0 0 0 0 0 0 0 0 0 1 
0 0 0 0 0 0 0 0 0 0 0 0 0 0 0 0 0 0 0 0 0 0 0 0 0 0 0 0 0 0 0 0 0 0 0 0 0 0 0 0 0 0 0 0 0 0 0 0 0 0 0 0 0 0 0 0 0 0 0 0 0 0 0 0 0 
0 64 0 0 0 0 0 0 0 0 0 0 0 0 0 0 0 0 0 0 0 0 0 0 0 0 0 0 0 0 0 0 0 0 0 0 0 0 0 0 0 0 0 0 0 0 0 0 0 0 0 0 0 0 0 0 0 0 0 0 0 0 0 64 0 
0 0 136.858 0 0 0 0 0 0 0 0 0 0 0 0 0 0 0 0 0 0 0 0 0 0 0 0 0 0 0 0 0 0 0 0 0 0 0 0 0 0 0 0 0 0 0 0 0 0 0 0 0 0 0 0 0 0 0 0 0 0 0 132.259 0 0 
0 0 1879.14 379.361 65.0761 0 0 0 0 0 0 0 0 0 0 0 0 0 0 0 0 0 0 0 0 0 0 0 0 0 0 0 0 0 0 0 0 0 0 0 0 0 0 0 0 0 0 0 0 0 0 0 0 0 0 0 0 0 0 0 62.7065 392.806 1883.74 0 0 
0 0 0 7689.74 1226.7 536.954 122.348 0 0 0 0 0 0 0 0 0 0 0 0 0 0 0 0 0 0 0 0 0 0 0 0 0 0 0 0 0 0 0 0 0 0 0 0 0 0 0 0 0 0 0 0 0 0 0 0 0 0 0 135.826 551.805 1291.72 7291.45 0 0 0 
0 0 0 33594.9 28393.8 7083.36 2706.2 1514.06 366.965 63.7907 0 0 0 0 0 0 0 0 0 0 0 0 0 0 0 0 0 0 0 0 0 0 0 0 0 0 0 0 0 0 0 0 0 0 0 0 0 0 0 0 0 0 0 0 0 64.158 373.874 1440.16 2778.55 7370.46 28235.3 33979.7 0 0 0 
0 0 0 0 184249 93899.1 42420 17217.8 9027.45 4876.36 2080.18 527.208 135.046 0 0 0 0 0 0 0 0 0 0 0 0 0 0 0 0 0 0 0 0 0 0 0 0 0 0 0 0 0 0 0 0 0 0 0 0 0 0 0 112.732 551.839 2033.22 4911.03 8738.82 18194.7 42162.6 99912.2 191125 0 0 0 0 
0 0 0 0 421441 806720 425457 219984 128419 65772.8 34608.6 21535 9809.79 4609.69 1347.83 342.406 85.4286 0 0 0 0 0 0 0 16.3731 0 0 0 0 0 0 0 16.2159 0 0 0 0 0 0 0 16.8156 0 0 0 0 0 0 0 110.396 455.749 1506.8 4437.94 10049.2 19967.9 35162 57924.2 119230 208430 398760 855766 414662 0 0 0 0 
0 0 0 0 0 2.80749e+06 3.37108e+06 2.04778e+06 1.22811e+06 810821 453658 266416 157339 93542.4 54606.7 28253.2 13094 5591.87 2097.25 787.778 382.397 271.242 252.12 255.486 0 245.065 259.044 289.582 278.002 252.954 241.036 255.662 0 269.573 276.675 284.256 291.195 309.193 307.784 277.981 0 257.839 296.973 321.579 504.459 926.693 2377.74 5849.95 14663.5 31899.8 59328.1 95888.8 165264 254156 437289 719140 1.08603e+06 1.96382e+06 3.39301e+06 2.87494e+06 0 0 0 0 0 
0 0 0 0 0 3.90878e+06 1.425e+07 1.39327e+07 9.57649e+06 6.38851e+06 4.26757e+06 2.8604e+06 1.8619e+06 1.20085e+06 794059 506889 335275 203204 119271 65113.7 35182.7 20836.1 13112.5 10752.7 13232.9 11127.8 10646 9886.81 10143.1 10019.5 10133.4 10659.5 12502.7 10498.1 10486.6 10134.8 10812.9 10415.6 10652.9 10913.1 13324.4 12199.4 15213.2 23531.4 41305.9 71047.2 118361 212972 358399 571684 831490 1.20922e+06 1.8076e+06 2.68711e+06 4.00996e+06 5.84815e+06 8.90647e+06 1.3799e+07 1.49196e+07 3.78597e+06 0 0 0 0 0 
0 0 0 0 0 0 2.94182e+07 6.46445e+07 5.78524e+07 4.35139e+07 3.26696e+07 2.36824e+07 1.68665e+07 1.18834e+07 8.46121e+06 5.76926e+06 4.18339e+06 2.92973e+06 2.00186e+06 1.44588e+06 941449 705067 532220 374401 292021 247642 236458 236052 235611 235166 223131 225640 210899 221519 222931 234499 246552 248980 256275 264852 307250 396466 527712 757955 1.06685e+06 1.49989e+06 2.19092e+06 3.04221e+06 4.6791e+06 6.22927e+06 8.48534e+06 1.18587e+07 1.54164e+07 2.24797e+07 3.10291e+07 4.29441e+07 5.80491e+07 6.50725e+07 2.99916e+07 0 0 0 0 0 0 
0 0 0 0 0 0 2.74643e+07 1.65136e+08 2.57825e+08 2.51907e+08 1.99954e+08 1.61386e+08 1.22921e+08 9.24037e+07 7.11655e+07 5.4298e+07 3.99095e+07 3.08997e+07 2.28319e+07 1.81869e+07 1.35984e+07 1.04945e+07 8.16131e+06 6.74339e+06 5.61048e+06 4.84517e+06 4.29858e+06 3.69113e+06 3.52497e+06 3.44521e+06 3.44422e+06 3.38941e+06 3.39545e+06 3.35894e+06 3.55861e+06 3.52766e+06 3.62571e+06 3.80356e+06 4.06251e+06 4.65979e+06 5.71587e+06 6.87984e+06 8.77755e+06 1.09346e+07 1.44356e+07 1.86738e+07 2.33656e+07 3.19375e+07 4.05399e+07 5.38981e+07 7.22362e+07 9.62484e+07 1.20067e+08 1.60288e+08 2.04395e+08 2.53172e+08 2.7006e+08 1.69156e+08 2.62263e+07 0 0 0 0 0 0 
0 0 0 0 0 0 0 2.36056e+08 7.73301e+08 1.06628e+09 1.04488e+09 9.03883e+08 7.57497e+08 6.35098e+08 4.89305e+08 3.95473e+08 3.1944e+08 2.59923e+08 2.11321e+08 1.65033e+08 1.34502e+08 1.13047e+08 9.30712e+07 7.56444e+07 6.34296e+07 5.6454e+07 5.06387e+07 4.57199e+07 4.37953e+07 4.10641e+07 4.04257e+07 3.98699e+07 3.95672e+07 3.87615e+07 3.81793e+07 4.17095e+07 4.35917e+07 4.7569e+07 5.20062e+07 6.10072e+07 6.69741e+07 7.85053e+07 9.14418e+07 1.12066e+08 1.33023e+08 1.68791e+08 2.10916e+08 2.58045e+08 3.14579e+08 4.02852e+08 4.97031e+08 6.05198e+08 7.39006e+08 8.92267e+08 1.09475e+09 1.09157e+09 7.82876e+08 2.35109e+08 0 0 0 0 0 0 0 
0 0 0 0 0 0 0 1.3916e+08 1.36416e+09 3.32918e+09 4.42927e+09 4.49712e+09 3.99818e+09 3.48227e+09 2.96352e+09 2.48123e+09 2.03948e+09 1.79938e+09 1.50716e+09 1.28328e+09 1.07999e+09 9.21903e+08 8.21573e+08 7.11327e+08 6.10683e+08 5.45585e+08 5.04796e+08 4.53653e+08 4.17552e+08 4.11304e+08 3.94807e+08 4.00955e+08 3.78348e+08 3.79062e+08 3.95948e+08 4.08839e+08 4.28699e+08 4.54196e+08 5.03091e+08 5.48618e+08 6.10121e+08 6.73233e+08 8.16207e+08 9.18146e+08 1.08547e+09 1.28554e+09 1.52702e+09 1.73778e+09 2.09101e+09 2.44051e+09 2.95678e+09 3.47418e+09 3.97751e+09 4.38814e+09 4.38459e+09 3.41981e+09 1.39409e+09 1.35888e+08 0 0 0 0 0 0 0 
0 0 0 0 0 0 0 0 1.37536e+09 6.59747e+09 1.33499e+10 1.68009e+10 1.79273e+10 1.63834e+10 1.59329e+10 1.39392e+10 1.21816e+10 1.03649e+10 9.27425e+09 8.4419e+09 7.04759e+09 6.40944e+09 5.95251e+09 5.47409e+09 4.82102e+09 4.24655e+09 3.78177e+09 3.73175e+09 3.54814e+09 3.38628e+09 3.13587e+09 3.27379e+09 3.33696e+09 3.12235e+09 3.13995e+09 3.31177e+09 3.37857e+09 3.80573e+09 4.14753e+09 4.33052e+09 4.71535e+09 4.98611e+09 5.62151e+09 6.48621e+09 7.3925e+09 8.41558e+09 9.43212e+09 1.05379e+10 1.19875e+10 1.42705e+10 1.57826e+10 1.67146e+10 1.74237e+10 1.71994e+10 1.35418e+10 6.51905e+09 1.31203e+09 0 0 0 0 0 0 0 0 
0 0 0 0 0 0 0 0 5.86719e+08 8.3227e+09 2.84069e+10 5.26358e+10 6.46929e+10 7.21899e+10 6.95057e+10 6.62167e+10 6.21206e+10 5.71091e+10 5.21269e+10 4.58207e+10 4.3177e+10 3.95705e+10 3.67316e+10 3.3492e+10 3.15408e+10 2.83442e+10 2.63985e+10 2.54646e+10 2.4129e+10 2.24482e+10 2.25186e+10 2.2047e+10 2.24148e+10 2.25974e+10 2.29898e+10 2.40797e+10 2.4858e+10 2.51796e+10 2.70519e+10 2.87323e+10 2.86987e+10 3.28126e+10 3.68677e+10 4.01081e+10 4.35976e+10 4.74974e+10 5.14962e+10 5.71692e+10 6.10933e+10 6.67316e+10 7.17149e+10 7.04484e+10 6.4721e+10 5.15866e+10 2.74958e+10 8.44658e+09 5.98934e+08 0 0 0 0 0 0 0 0 
0 0 0 0 0 0 0 0 0 5.87795e+09 4.09102e+10 1.11621e+11 1.88986e+11 2.42256e+11 2.66638e+11 2.78715e+11 2.77354e+11 2.66759e+11 2.48714e+11 2.27362e+11 2.23214e+11 2.15989e+11 2.0209e+11 1.9156e+11 1.74189e+11 1.71732e+11 1.63577e+11 1.53965e+11 1.48659e+11 1.42241e+11 1.38856e+11 1.34068e+11 1.38807e+11 1.35749e+11 1.38748e+11 1.39673e+11 1.47319e+11 1.54168e+11 1.57143e+11 1.63936e+11 1.81227e+11 1.88271e+11 1.94024e+11 2.15529e+11 2.28379e+11 2.44025e+11 2.57465e+11 2.7055e+11 2.76522e+11 2.86982e+11 2.81534e+11 2.3812e+11 1.85456e+11 1.11703e+11 4.13821e+10 5.84506e+09 0 0 0 0 0 0 0 0 0 
0 0 0 0 0 0 0 0 0 2.0443e+09 3.73129e+10 1.71285e+11 4.1592e+11 6.66607e+11 8.71182e+11 9.86562e+11 1.08378e+12 1.12887e+12 1.08778e+12 1.02796e+12 1.03137e+12 1.04589e+12 1.01286e+12 9.6655e+11 9.46846e+11 9.00031e+11 8.69729e+11 8.26153e+11 8.19792e+11 8.12569e+11 7.89363e+11 7.47135e+11 7.69213e+11 7.55667e+11 7.55117e+11 7.80653e+11 7.86639e+11 7.9187e+11 8.29019e+11 8.48231e+11 8.97491e+11 9.46364e+11 9.83532e+11 1.00527e+12 1.06222e+12 1.1106e+12 1.11633e+12 1.10226e+12 1.07697e+12 1.0035e+12 8.61488e+11 6.54828e+11 4.17117e+11 1.74643e+11 3.78124e+10 1.91577e+09 0 0 0 0 0 0 0 0 0 
0 0 0 0 0 0 0 0 0 0 2.04208e+10 1.84166e+11 6.7354e+11 1.47677e+12 2.30875e+12 2.96662e+12 3.49805e+12 3.94881e+12 4.23605e+12 4.30259e+12 4.40148e+12 4.47706e+12 4.57548e+12 4.51424e+12 4.36643e+12 4.2656e+12 4.12752e+12 3.9452e+12 3.96872e+12 3.9957e+12 3.94175e+12 3.87146e+12 3.78297e+12 3.80262e+12 3.84042e+12 3.72429e+12 3.81288e+12 4.04113e+12 4.06119e+12 4.20994e+12 4.222e+12 4.25376e+12 4.40358e+12 4.39558e+12 4.41947e+12 4.49776e+12 4.20066e+12 3.97377e+12 3.6845e+12 3.05536e+12 2.29311e+12 1.43851e+12 6.70141e+11 1.90037e+11 2.04082e+10 0 0 0 0 0 0 0 0 0 0 
0 0 0 0 0 0 0 0 0 0 5.36101e+09 1.31553e+11 7.70805e+11 2.35526e+12 4.87689e+12 7.42266e+12 9.89714e+12 1.22153e+13 1.38607e+13 1.50524e+13 1.62183e+13 1.70912e+13 1.77247e+13 1.80492e+13 1.76791e+13 1.79544e+13 1.78876e+13 1.76165e+13 1.756e+13 1.74415e+13 1.73706e+13 1.73507e+13 1.67504e+13 1.65946e+13 1.68478e+13 1.67707e+13 1.7086e+13 1.6748e+13 1.73167e+13 1.73499e+13 1.79388e+13 1.76507e+13 1.79781e+13 1.71907e+13 1.69996e+13 1.58257e+13 1.46546e+13 1.26765e+13 1.0263e+13 7.70277e+12 4.79035e+12 2.42231e+12 7.85965e+11 1.2732e+11 5.11361e+09 0 0 0 0 0 0 0 0 0 0 
0 0 0 0 0 0 0 0 0 0 0 5.79434e+10 6.40191e+11 2.88714e+12 7.89571e+12 1.54023e+13 2.42902e+13 3.29462e+13 4.05255e+13 4.61387e+13 5.31518e+13 5.77414e+13 6.06613e+13 6.40291e+13 6.6201e+13 6.69536e+13 6.87546e+13 7.03414e+13 6.94513e+13 7.04805e+13 6.94611e+13 6.95085e+13 6.81023e+13 6.71649e+13 6.84899e+13 6.91067e+13 6.87918e+13 6.81007e+13 6.73202e+13 6.67937e+13 6.53535e+13 6.43433e+13 6.14837e+13 5.87334e+13 5.44151e+13 4.83378e+13 4.06309e+13 3.32963e+13 2.42647e+13 1.56457e+13 7.9813e+12 2.94802e+12 6.54457e+11 5.45062e+10 0 0 0 0 0 0 0 0 0 0 0 
0 0 0 0 0 0 0 0 0 0 0 1.20012e+10 3.59509e+11 2.66821e+12 1.01037e+13 2.53477e+13 4.83717e+13 7.38566e+13 1.01496e+14 1.27067e+14 1.53238e+14 1.75398e+14 1.91678e+14 2.00574e+14 2.12347e+14 2.23344e+14 2.34733e+14 2.43902e+14 2.50348e+14 2.52543e+14 2.56509e+14 2.57437e+14 2.51338e+14 2.4812e+14 2.4556e+14 2.48135e+14 2.47396e+14 2.43718e+14 2.29528e+14 2.26983e+14 2.19475e+14 2.08617e+14 1.92295e+14 1.76397e+14 1.56383e+14 1.31155e+14 1.00391e+14 7.34485e+13 4.74326e+13 2.53305e+13 1.00992e+13 2.63164e+12 3.48599e+11 1.11346e+10 0 0 0 0 0 0 0 0 0 0 0 
0 0 0 0 0 0 0 0 0 0 0 0 1.26292e+11 1.72041e+12 9.52636e+12 3.18669e+13 7.27299e+13 1.3898e+14 2.13456e+14 2.89831e+14 3.79406e+14 4.68188e+14 5.408e+14 5.93781e+14 6.36977e+14 7.00061e+14 7.41984e+14 7.7939e+14 8.00964e+14 8.26441e+14 8.42396e+14 8.66868e+14 8.76398e+14 8.28083e+14 8.36621e+14 8.28536e+14 8.14356e+14 7.71327e+14 7.46644e+14 7.07485e+14 6.64656e+14 6.09281e+14 5.41547e+14 4.68905e+14 3.85494e+14 2.9701e+14 2.11957e+14 1.34434e+14 7.34112e+13 3.09864e+13 9.60851e+12 1.73326e+12 1.1566e+11 0 0 0 0 0 0 0 0 0 0 0 0 
0 0 0 0 0 0 0 0 0 0 0 0 2.14536e+10 7.73844e+11 6.79241e+12 3.09053e+13 9.35011e+13 2.038e+14 3.75681e+14 5.92522e+14 8.25569e+14 1.07392e+15 1.27175e+15 1.5379e+15 1.74379e+15 1.90343e+15 2.11811e+15 2.20434e+15 2.31173e+15 2.41368e+15 2.52077e+15 2.53515e+15 2.52667e+15 2.49311e+15 2.53053e+15 2.39657e+15 2.30971e+15 2.22565e+15 2.10118e+15 1.92526e+15 1.72483e+15 1.53136e+15 1.32521e+15 1.05399e+15 8.41894e+14 5.88372e+14 3.68877e+14 2.05966e+14 9.1518e+13 3.07603e+13 6.7844e+12 7.42742e+11 1.98209e+10 0 0 0 0 0 0 0 0 0 0 0 0 
0 0 0 0 0 0 0 0 0 0 0 0 0 2.21764e+11 3.46838e+12 2.32745e+13 9.19505e+13 2.5556e+14 5.37087e+14 9.82764e+14 1.51623e+15 2.14384e+15 2.82668e+15 3.41405e+15 4.07875e+15 4.68637e+15 5.15416e+15 5.71763e+15 6.14437e+15 6.53467e+15 6.86807e+15 6.94614e+15 6.86653e+15 6.72259e+15 6.48801e+15 6.43159e+15 6.136e+15 5.80399e+15 5.27271e+15 4.68203e+15 4.09494e+15 3.46363e+15 2.81096e+15 2.14555e+15 1.5176e+15 9.62864e+14 5.42774e+14 2.52448e+14 9.21345e+13 2.32616e+13 3.48252e+12 2.06857e+11 0 0 0 0 0 0 0 0 0 0 0 0 0 
0 0 0 0 0 0 0 0 0 0 0 0 0 3.17964e+10 1.31324e+12 1.33589e+13 7.15674e+13 2.43828e+14 6.52693e+14 1.32278e+15 2.3284e+15 3.6745e+15 5.17058e+15 6.75328e+15 8.54767e+15 1.01662e+16 1.1574e+16 1.29353e+16 1.43648e+16 1.52885e+16 1.59298e+16 1.65474e+16 1.66377e+16 1.64227e+16 1.58825e+16 1.51172e+16 1.4368e+16 1.32579e+16 1.17869e+16 1.03067e+16 8.61518e+15 6.89246e+15 5.19799e+15 3.739e+15 2.34879e+15 1.3355e+15 6.47636e+14 2.4471e+14 7.12917e+13 1.35204e+13 1.24949e+12 2.92135e+10 0 0 0 0 0 0 0 0 0 0 0 0 0 
0 0 0 0 0 0 0 0 0 0 0 0 0 0 3.05366e+11 5.53359e+12 4.22937e+13 1.97868e+14 6.1128e+14 1.50716e+15 3.04832e+15 5.18757e+15 8.19726e+15 1.13733e+16 1.51581e+16 1.91958e+16 2.31784e+16 2.67366e+16 2.92381e+16 3.20668e+16 3.46836e+16 3.56956e+16 3.61012e+16 3.55175e+16 3.43158e+16 3.25827e+16 3.03429e+16 2.70182e+16 2.32813e+16 1.93733e+16 1.54938e+16 1.16645e+16 8.16761e+15 5.31938e+15 3.08291e+15 1.48786e+15 6.14893e+14 1.97713e+14 4.33357e+13 5.79806e+12 2.97504e+11 0 0 0 0 0 0 0 0 0 0 0 0 0 0 
0 0 0 0 0 0 0 0 0 0 0 0 0 0 3.81139e+10 1.71213e+12 1.99197e+13 1.22126e+14 4.85159e+14 1.43955e+15 3.30771e+15 6.45919e+15 1.0989e+16 1.70859e+16 2.37048e+16 3.13831e+16 3.96208e+16 4.76225e+16 5.49048e+16 6.06148e+16 6.55134e+16 6.92855e+16 6.86421e+16 6.79953e+16 6.55026e+16 6.1275e+16 5.53005e+16 4.7732e+16 4.0153e+16 3.22153e+16 2.47379e+16 1.73361e+16 1.12239e+16 6.53895e+15 3.27933e+15 1.43909e+15 4.80871e+14 1.24696e+14 2.03657e+13 1.71056e+12 3.52854e+10 0 0 0 0 0 0 0 0 0 0 0 0 0 0 
0 0 0 0 0 0 0 0 0 0 0 0 0 0 0 3.4316e+11 6.86057e+12 5.97817e+13 3.11032e+14 1.08795e+15 3.04758e+15 6.68541e+15 1.28208e+16 2.12144e+16 3.22467e+16 4.5757e+16 6.00323e+16 7.37321e+16 8.86527e+16 1.00047e+17 1.1009e+17 1.16003e+17 1.17651e+17 1.14526e+17 1.08445e+17 1.00927e+17 8.85319e+16 7.54881e+16 5.96691e+16 4.57425e+16 3.3094e+16 2.15015e+16 1.26889e+16 6.49282e+15 2.96299e+15 1.0904e+15 3.15363e+14 6.20692e+13 7.23153e+12 3.36993e+11 0 0 0 0 0 0 0 0 0 0 0 0 0 0 0 
0 0 0 0 0 0 0 0 0 0 0 0 0 0 0 3.67339e+10 1.8603e+12 2.4101e+13 1.57546e+14 6.99526e+14 2.25539e+15 5.8905e+15 1.25743e+16 2.3186e+16 3.90492e+16 5.75394e+16 7.93069e+16 1.01224e+17 1.22199e+17 1.43784e+17 1.62941e+17 1.71149e+17 1.7244e+17 1.68228e+17 1.61114e+17 1.43481e+17 1.24865e+17 1.02803e+17 7.98732e+16 5.77464e+16 3.7776e+16 2.33881e+16 1.26117e+16 5.78754e+15 2.24945e+15 7.04361e+14 1.62256e+14 2.36077e+13 1.81862e+12 3.59112e+10 0 0 0 0 0 0 0 0 0 0 0 0 0 0 0 
0 0 0 0 0 0 0 0 0 0 0 0 0 0 0 0 3.18493e+11 7.01293e+12 6.65467e+13 3.67232e+14 1.42506e+15 4.24795e+15 1.02741e+16 2.16937e+16 3.80749e+16 6.20481e+16 8.99872e+16 1.21045e+17 1.51264e+17 1.82159e+17 2.05977e+17 2.23738e+17 2.30716e+17 2.24971e+17 2.08523e+17 1.82933e+17 1.51649e+17 1.22814e+17 8.96286e+16 6.20285e+16 3.79563e+16 2.10548e+16 1.01387e+16 4.35057e+15 1.44564e+15 3.74083e+14 6.62086e+13 7.08055e+12 3.16222e+11 0 0 0 0 0 0 0 0 0 0 0 0 0 0 0 0 
0 0 0 0 0 0 0 0 0 0 0 0 0 0 0 0 3.02752e+10 1.62178e+12 2.26718e+13 1.59631e+14 7.5583e+14 2.69687e+15 7.34977e+15 1.68868e+16 3.28908e+16 5.64265e+16 8.8484e+16 1.26994e+17 1.64015e+17 1.98022e+17 2.31699e+17 2.50973e+17 2.55941e+17 2.51556e+17 2.32369e+17 2.04027e+17 1.66819e+17 1.23822e+17 8.88552e+16 5.57175e+16 3.24578e+16 1.62877e+16 7.20613e+15 2.64423e+15 7.55591e+14 1.60852e+14 2.25099e+13 1.54498e+12 2.97999e+10 0 0 0 0 0 0 0 0 0 0 0 0 0 0 0 0 
0 0 0 0 0 0 0 0 0 0 0 0 0 0 0 0 0 2.38015e+11 5.75055e+12 5.64338e+13 3.33153e+14 1.37356e+15 4.32651e+15 1.11792e+16 2.41753e+16 4.54342e+16 7.39582e+16 1.11553e+17 1.55268e+17 1.97129e+17 2.26885e+17 2.47052e+17 2.60829e+17 2.54739e+17 2.28962e+17 1.94328e+17 1.53287e+17 1.11333e+17 7.35019e+16 4.46774e+16 2.36368e+16 1.09191e+16 4.38035e+15 1.38021e+15 3.45471e+14 5.74516e+13 5.73952e+12 2.41191e+11 0 0 0 0 0 0 0 0 0 0 0 0 0 0 0 0 0 
0 0 0 0 0 0 0 0 0 0 0 0 0 0 0 0 0 2.06281e+10 1.10747e+12 1.62101e+13 1.1994e+14 6.22219e+14 2.20707e+15 6.26486e+15 1.53349e+16 3.07273e+16 5.51695e+16 8.74416e+16 1.25648e+17 1.64166e+17 1.96952e+17 2.20485e+17 2.30013e+17 2.20351e+17 1.97546e+17 1.64381e+17 1.24789e+17 8.66638e+16 5.46019e+16 3.05978e+16 1.5122e+16 6.50338e+15 2.29312e+15 6.08514e+14 1.22626e+14 1.6376e+13 1.12935e+12 2.02306e+10 0 0 0 0 0 0 0 0 0 0 0 0 0 0 0 0 0 
0 0 0 0 0 0 0 0 0 0 0 0 0 0 0 0 0 0 1.47376e+11 3.72631e+12 3.72603e+13 2.29629e+14 9.84536e+14 3.13597e+15 8.17119e+15 1.81343e+16 3.51665e+16 5.94483e+16 9.10991e+16 1.21581e+17 1.47817e+17 1.69962e+17 1.75006e+17 1.69238e+17 1.47594e+17 1.19722e+17 8.94881e+16 5.84681e+16 3.53744e+16 1.81507e+16 8.51377e+15 3.1924e+15 9.64706e+14 2.25368e+14 3.69361e+13 3.70201e+12 1.51134e+11 0 0 0 0 0 0 0 0 0 0 0 0 0 0 0 0 0 0 
0 0 0 0 0 0 0 0 0 0 0 0 0 0 0 0 0 0 1.1573e+10 6.1615e+11 9.31908e+12 7.36722e+13 3.73733e+14 1.36167e+15 3.97989e+15 9.4887e+15 2.00887e+16 3.5685e+16 5.60561e+16 7.8614e+16 9.93366e+16 1.13454e+17 1.20016e+17 1.13538e+17 9.94658e+16 7.81236e+16 5.40524e+16 3.56929e+16 1.97466e+16 9.85154e+15 3.91553e+15 1.34895e+15 3.60704e+14 7.10105e+13 9.22898e+12 6.41745e+11 1.13912e+10 0 0 0 0 0 0 0 0 0 0 0 0 0 0 0 0 0 0 
0 0 0 0 0 0 0 0 0 0 0 0 0 0 0 0 0 0 0 7.68289e+10 1.90395e+12 1.97899e+13 1.20964e+14 5.2063e+14 1.65664e+15 4.4062e+15 9.75822e+15 1.86925e+16 3.07312e+16 4.56875e+16 5.78789e+16 6.80865e+16 7.10374e+16 6.6729e+16 5.7433e+16 4.34558e+16 3.08847e+16 1.85037e+16 9.94254e+15 4.32277e+15 1.65754e+15 5.08452e+14 1.16405e+14 1.88988e+13 1.8759e+12 7.84152e+10 0 0 0 0 0 0 0 0 0 0 0 0 0 0 0 0 0 0 0 
0 0 0 0 0 0 0 0 0 0 0 0 0 0 0 0 0 0 0 5.79636e+09 2.91055e+11 4.25643e+12 3.39905e+13 1.68221e+14 6.19796e+14 1.79182e+15 4.35829e+15 8.77279e+15 1.52446e+16 2.27693e+16 3.04145e+16 3.55999e+16 3.71292e+16 3.51423e+16 2.98687e+16 2.21382e+16 1.46998e+16 8.49542e+15 4.26633e+15 1.76413e+15 6.07767e+14 1.62333e+14 3.27216e+13 4.2025e+12 2.94321e+11 5.88723e+09 0 0 0 0 0 0 0 0 0 0 0 0 0 0 0 0 0 0 0 
0 0 0 0 0 0 0 0 0 0 0 0 0 0 0 0 0 0 0 0 3.29638e+10 8.06326e+11 7.8797e+12 4.80904e+13 2.00092e+14 6.47846e+14 1.68829e+15 3.70422e+15 6.58471e+15 1.03586e+16 1.43493e+16 1.6946e+16 1.77778e+16 1.65818e+16 1.40197e+16 1.00653e+16 6.32692e+15 3.51386e+15 1.62486e+15 6.29557e+14 1.98255e+14 4.70171e+13 7.49075e+12 7.55584e+11 3.42703e+10 0 0 0 0 0 0 0 0 0 0 0 0 0 0 0 0 0 0 0 0 
0 0 0 0 0 0 0 0 0 0 0 0 0 0 0 0 0 0 0 0 2.36122e+09 1.13181e+11 1.53372e+12 1.2171e+13 5.8744e+13 2.08739e+14 5.91128e+14 1.37021e+15 2.57893e+15 4.12942e+15 5.88318e+15 7.252e+15 7.66017e+15 7.10568e+15 5.82932e+15 4.07671e+15 2.48826e+15 1.28905e+15 5.63321e+14 2.0594e+14 5.57091e+13 1.1324e+13 1.58169e+12 1.12116e+11 2.57105e+09 0 0 0 0 0 0 0 0 0 0 0 0 0 0 0 0 0 0 0 0 
0 0 0 0 0 0 0 0 0 0 0 0 0 0 0 0 0 0 0 0 0 1.19161e+10 2.71677e+11 2.53257e+12 1.49602e+13 6.00241e+13 1.84401e+14 4.52897e+14 9.14953e+14 1.55573e+15 2.26457e+15 2.77312e+15 2.93744e+15 2.69208e+15 2.17295e+15 1.4727e+15 8.93631e+14 4.27687e+14 1.81704e+14 5.82941e+13 1.43458e+13 2.4246e+12 2.50657e+11 1.22368e+10 0 0 0 0 0 0 0 0 0 0 0 0 0 0 0 0 0 0 0 0 0 
0 0 0 0 0 0 0 0 0 0 0 0 0 0 0 0 0 0 0 0 0 8.7615e+08 3.57888e+10 4.70369e+11 3.40141e+12 1.53985e+13 5.24656e+13 1.37084e+14 2.89347e+14 5.10899e+14 7.63554e+14 9.63644e+14 1.01255e+15 9.53467e+14 7.35886e+14 5.10197e+14 2.74512e+14 1.31444e+14 5.04205e+13 1.48474e+13 3.24028e+12 4.52853e+11 3.48163e+10 9.668e+08 0 0 0 0 0 0 0 0 0 0 0 0 0 0 0 0 0 0 0 0 0 
0 0 0 0 0 0 0 0 0 0 0 0 0 0 0 0 0 0 0 0 0 0 3.59718e+09 7.42961e+10 6.41294e+11 3.60561e+12 1.37249e+13 3.85863e+13 8.67083e+13 1.54546e+14 2.36105e+14 3.02706e+14 3.33009e+14 3.03595e+14 2.26801e+14 1.48966e+14 8.13936e+13 3.64072e+13 1.30188e+13 3.37659e+12 6.11662e+11 7.03431e+10 3.62199e+09 0 0 0 0 0 0 0 0 0 0 0 0 0 0 0 0 0 0 0 0 0 0 
0 0 0 0 0 0 0 0 0 0 0 0 0 0 0 0 0 0 0 0 0 0 3.0903e+08 9.32881e+09 1.12259e+11 7.32256e+11 3.12133e+12 9.72522e+12 2.34229e+13 4.44244e+13 7.02198e+13 9.27155e+13 9.85816e+13 8.76851e+13 6.74363e+13 4.21874e+13 2.25113e+13 9.30915e+12 3.01287e+12 7.07686e+11 1.05593e+11 9.54434e+09 3.38547e+08 0 0 0 0 0 0 0 0 0 0 0 0 0 0 0 0 0 0 0 0 0 0 
0 0 0 0 0 0 0 0 0 0 0 0 0 0 0 0 0 0 0 0 0 0 0 9.31149e+08 1.63871e+10 1.31366e+11 6.45066e+11 2.24051e+12 5.86968e+12 1.17483e+13 1.85837e+13 2.44654e+13 2.71621e+13 2.34966e+13 1.83216e+13 1.14744e+13 5.52001e+12 2.1444e+12 6.36097e+11 1.24762e+11 1.61576e+10 9.59899e+08 0 0 0 0 0 0 0 0 0 0 0 0 0 0 0 0 0 0 0 0 0 0 0 
0 0 0 0 0 0 0 0 0 0 0 0 0 0 0 0 0 0 0 0 0 0 0 1.0294e+08 2.14507e+09 2.14607e+10 1.27456e+11 4.68549e+11 1.36005e+12 2.81923e+12 4.61908e+12 6.45111e+12 6.95794e+12 6.21157e+12 4.56284e+12 2.66651e+12 1.26058e+12 4.49764e+11 1.21579e+11 2.16644e+10 2.15384e+09 1.08304e+08 0 0 0 0 0 0 0 0 0 0 0 0 0 0 0 0 0 0 0 0 0 0 0 
0 0 0 0 0 0 0 0 0 0 0 0 0 0 0 0 0 0 0 0 0 0 0 0 2.14475e+08 3.14692e+09 2.06775e+10 9.09544e+10 2.79807e+11 6.41228e+11 1.11318e+12 1.57513e+12 1.69123e+12 1.48007e+12 1.04671e+12 6.18604e+11 2.78948e+11 9.29615e+10 2.11686e+10 3.14707e+09 2.22568e+08 0 0 0 0 0 0 0 0 0 0 0 0 0 0 0 0 0 0 0 0 0 0 0 0 
0 0 0 0 0 0 0 0 0 0 0 0 0 0 0 0 0 0 0 0 0 0 0 0 3.16191e+07 4.2902e+08 3.41488e+09 1.74269e+10 5.65624e+10 1.35695e+11 2.40009e+11 3.38367e+11 3.82652e+11 3.43361e+11 2.39267e+11 1.36805e+11 5.54605e+10 1.68019e+10 3.59027e+09 4.53213e+08 3.14822e+07 0 0 0 0 0 0 0 0 0 0 0 0 0 0 0 0 0 0 0 0 0 0 0 0 
0 0 0 0 0 0 0 0 0 0 0 0 0 0 0 0 0 0 0 0 0 0 0 0 0 4.47898e+07 5.31157e+08 2.80829e+09 1.03033e+10 2.66775e+10 5.20387e+10 7.20865e+10 8.31188e+10 7.30879e+10 5.05835e+10 2.67157e+10 1.03548e+10 2.96427e+09 5.41718e+08 4.6135e+07 0 0 0 0 0 0 0 0 0 0 0 0 0 0 0 0 0 0 0 0 0 0 0 0 0 
0 0 0 0 0 0 0 0 0 0 0 0 0 0 0 0 0 0 0 0 0 0 0 0 0 8.77133e+06 8.01731e+07 4.75134e+08 1.98693e+09 5.28462e+09 9.92329e+09 1.5789e+10 1.77511e+10 1.4789e+10 1.05499e+10 5.28704e+09 1.89012e+09 4.76924e+08 8.02543e+07 8.47081e+06 0 0 0 0 0 0 0 0 0 0 0 0 0 0 0 0 0 0 0 0 0 0 0 0 0 
0 0 0 0 0 0 0 0 0 0 0 0 0 0 0 0 0 0 0 0 0 0 0 0 0 0 7.54977e+06 8.20736e+07 3.35307e+08 9.82462e+08 2.11202e+09 3.15954e+09 3.51809e+09 3.02518e+09 2.07969e+09 9.81951e+08 3.3436e+08 7.95466e+07 7.74514e+06 0 0 0 0 0 0 0 0 0 0 0 0 0 0 0 0 0 0 0 0 0 0 0 0 0 0 
0 0 0 0 0 0 0 0 0 0 0 0 0 0 0 0 0 0 0 0 0 0 0 0 0 0 2.15067e+06 1.30177e+07 5.75256e+07 1.8824e+08 3.99656e+08 6.43625e+08 7.28395e+08 6.16858e+08 3.81664e+08 1.78979e+08 5.69932e+07 1.27143e+07 2.13245e+06 0 0 0 0 0 0 0 0 0 0 0 0 0 0 0 0 0 0 0 0 0 0 0 0 0 0 
0 0 0 0 0 0 0 0 0 0 0 0 0 0 0 0 0 0 0 0 0 0 0 0 0 0 0 1.11261e+06 1.11982e+07 3.32872e+07 7.59782e+07 1.17113e+08 1.35581e+08 1.21927e+08 7.56049e+07 3.23528e+07 1.07061e+07 1.07625e+06 0 0 0 0 0 0 0 0 0 0 0 0 0 0 0 0 0 0 0 0 0 0 0 0 0 0 0 
0 0 0 0 0 0 0 0 0 0 0 0 0 0 0 0 0 0 0 0 0 0 0 0 0 0 0 429947 1.66894e+06 5.55946e+06 1.50196e+07 2.30975e+07 2.87894e+07 2.21423e+07 1.55032e+07 5.60562e+06 1.75864e+06 428941 0 0 0 0 0 0 0 0 0 0 0 0 0 0 0 0 0 0 0 0 0 0 0 0 0 0 0 
0 0 0 0 0 0 0 0 0 0 0 0 0 0 0 0 0 0 0 0 0 0 0 0 0 0 0 0 116579 1.30463e+06 2.42154e+06 4.83264e+06 5.15159e+06 4.78335e+06 2.55817e+06 1.19774e+06 111851 0 0 0 0 0 0 0 0 0 0 0 0 0 0 0 0 0 0 0 0 0 0 0 0 0 0 0 0 
0 0 0 0 0 0 0 0 0 0 0 0 0 0 0 0 0 0 0 0 0 0 0 0 0 0 0 0 73176.3 178447 477295 985532 962535 991932 456643 176750 76724 0 0 0 0 0 0 0 0 0 0 0 0 0 0 0 0 0 0 0 0 0 0 0 0 0 0 0 0 
0 0 0 0 0 0 0 0 0 0 0 0 0 0 0 0 0 0 0 0 0 0 0 0 0 0 0 0 0 7941.55 125150 121175 253031 109259 109220 7712.96 0 0 0 0 0 0 0 0 0 0 0 0 0 0 0 0 0 0 0 0 0 0 0 0 0 0 0 0 0 
0 0 0 0 0 0 0 0 0 0 0 0 0 0 0 0 0 0 0 0 0 0 0 0 0 0 0 0 0 10169.8 12064.6 34527 36787.8 32135.7 11887.2 9898.8 0 0 0 0 0 0 0 0 0 0 0 0 0 0 0 0 0 0 0 0 0 0 0 0 0 0 0 0 0 
0 0 0 0 0 0 0 0 0 0 0 0 0 0 0 0 0 0 0 0 0 0 0 0 0 0 0 0 0 0 283.421 7974.81 2094 7406.19 246.41 0 0 0 0 0 0 0 0 0 0 0 0 0 0 0 0 0 0 0 0 0 0 0 0 0 0 0 0 0 0 
0 0 0 0 0 0 0 0 0 0 0 0 0 0 0 0 0 0 0 0 0 0 0 0 0 0 0 0 0 0 1090.85 413.262 1991.05 419.31 1018.98 0 0 0 0 0 0 0 0 0 0 0 0 0 0 0 0 0 0 0 0 0 0 0 0 0 0 0 0 0 0 
0 0 0 0 0 0 0 0 0 0 0 0 0 0 0 0 0 0 0 0 0 0 0 0 0 0 0 0 0 0 0 0 275.109 0 0 0 0 0 0 0 0 0 0 0 0 0 0 0 0 0 0 0 0 0 0 0 0 0 0 0 0 0 0 0 0 
0 0 0 0 0 0 0 0 0 0 0 0 0 0 0 0 0 0 0 0 0 0 0 0 0 0 0 0 0 0 0 68.9114 0 68.1587 0 0 0 0 0 0 0 0 0 0 0 0 0 0 0 0 0 0 0 0 0 0 0 0 0 0 0 0 0 0 0 
0 0 0 0 0 0 0 0 0 0 0 0 0 0 0 0 0 0 0 0 0 0 0 0 0 0 0 0 0 0 0 0 0 0 0 0 0 0 0 0 0 0 0 0 0 0 0 0 0 0 0 0 0 0 0 0 0 0 0 0 0 0 0 0 0 
0 0 0 0 0 0 0 0 0 0 0 0 0 0 0 0 0 0 0 0 0 0 0 0 0 0 0 0 0 0 0 0 2.14794 0 0 0 0 0 0 0 0 0 0 0 0 0 0 0 0 0 0 0 0 0 0 0 0 0 0 0 0 0 0 0 0 
