1 0 0 0 0 0 0 0 0 0 0 0 0 0 0 0 0 0 0 0 0 0 0 0 0 0 0 0 0 0 0 0 0 0 0 0 0 0 0 0 0 0 0 0 0 0 0 0 0 0 0 0 0 0 0 0 0 0 0 0 0 0 0 0 1 
0 0 0 0 0 0 0 0 0 0 0 0 0 0 0 0 0 0 0 0 0 0 0 0 0 0 0 0 0 0 0 0 0 0 0 0 0 0 0 0 0 0 0 0 0 0 0 0 0 0 0 0 0 0 0 0 0 0 0 0 0 0 0 0 0 
0 64 0 0 0 0 0 0 0 0 0 0 0 0 0 0 0 0 0 0 0 0 0 0 0 0 0 0 0 0 0 0 0 0 0 0 0 0 0 0 0 0 0 0 0 0 0 0 0 0 0 0 0 0 0 0 0 0 0 0 0 0 0 64 0 
0 0 129.836 0 0 0 0 0 0 0 0 0 0 0 0 0 0 0 0 0 0 0 0 0 0 0 0 0 0 0 0 0 0 0 0 0 0 0 0 0 0 0 0 0 0 0 0 0 0 0 0 0 0 0 0 0 0 0 0 0 0 0 119.629 0 0 
0 0 1886.16 359.354 56.3071 0 0 0 0 0 0 0 0 0 0 0 0 0 0 0 0 0 0 0 0 0 0 0 0 0 0 0 0 0 0 0 0 0 0 0 0 0 0 0 0 0 0 0 0 0 0 0 0 0 0 0 0 0 0 0 65.7958 366.298 1896.37 0 0 
0 0 0 6975.28 1140.66 509.062 126.433 0 0 0 0 0 0 0 0 0 0 0 0 0 0 0 0 0 0 0 0 0 0 0 0 0 0 0 0 0 0 0 0 0 0 0 0 0 0 0 0 0 0 0 0 0 0 0 0 0 0 0 125.146 530.865 1059.69 7381.58 0 0 0 
0 0 0 34329.4 26222.6 6683.51 2431.48 1354.14 366.321 62.8062 0 0 0 0 0 0 0 0 0 0 0 0 0 0 0 0 0 0 0 0 0 0 0 0 0 0 0 0 0 0 0 0 0 0 0 0 0 0 0 0 0 0 0 0 0 59.6771 365.626 1338.92 2660.11 6866.73 27591.2 33916.1 0 0 0 
0 0 0 0 181999 98622 41813.9 16042.1 8900.11 4408.97 1859.23 477.885 108.2 0 0 0 0 0 0 0 0 0 0 0 0 0 0 0 0 0 0 0 0 0 0 0 0 0 0 0 0 0 0 0 0 0 0 0 0 0 0 0 131.052 542.761 1995.96 4382.33 8230.69 18083.7 44593.1 98100.3 192505 0 0 0 0 
0 0 0 0 425958 799955 414441 210746 117551 58275.7 33981 19570.4 9912.58 4365.94 1424.68 438.464 77.6627 0 0 0 0 0 0 0 18.0059 0 0 0 0 0 0 0 16.6005 0 0 0 0 0 0 0 15.868 0 0 0 0 0 0 0 81.8267 398.269 1406.02 4468.46 10657.6 20916.2 34408.1 62959.8 124515 224375 414044 897719 414154 0 0 0 0 
0 0 0 0 0 2.80853e+06 3.32412e+06 1.95652e+06 1.096e+06 708731 412058 248338 159454 100785 56300.7 29007.1 14267.7 5949.55 2085.48 687.682 353.345 224.446 235.928 241.964 0 280.564 267.948 273.479 285.576 274.908 271.138 271.621 0 227.376 233.803 241.206 248.273 242.905 225.901 254.295 0 238.989 234.567 243.849 324.387 672.391 1980.13 5624.88 13847.1 28163.8 57236.1 96795.9 154034 249792 437367 710319 1.15936e+06 2.06055e+06 3.47141e+06 2.86796e+06 0 0 0 0 0 
0 0 0 0 0 3.91022e+06 1.4341e+07 1.32356e+07 9.4023e+06 5.78818e+06 3.8952e+06 2.66109e+06 1.79547e+06 1.19412e+06 782156 512158 331621 202657 112991 62985.6 34682.6 20374.8 13072.9 10239.7 11343.3 9334.2 9425.91 9089.61 9018.4 9049.41 9270.66 9317.84 11140.5 8893.79 8864.9 8591.5 9196.6 9240.4 8902.12 8935.79 10783.7 10074.4 12724.3 19338.2 34625.6 63168.7 115549 199620 333809 511554 802661 1.17075e+06 1.77904e+06 2.63325e+06 3.95718e+06 6.15798e+06 9.59294e+06 1.36547e+07 1.48798e+07 3.75333e+06 0 0 0 0 0 
0 0 0 0 0 0 3.02341e+07 6.25072e+07 5.68001e+07 4.0227e+07 2.86102e+07 2.03243e+07 1.55029e+07 1.11008e+07 8.48942e+06 5.9384e+06 4.11112e+06 2.813e+06 1.9972e+06 1.4425e+06 1.01259e+06 712388 467637 322657 263875 219136 227146 223880 214505 212605 199721 189244 196533 210254 205493 195470 204690 207810 214707 244036 276997 361299 474630 703079 992335 1.44687e+06 2.09825e+06 2.93232e+06 4.24673e+06 6.06908e+06 7.95756e+06 1.16622e+07 1.5457e+07 2.33072e+07 3.16853e+07 4.42797e+07 5.85777e+07 6.37895e+07 2.98934e+07 0 0 0 0 0 0 
0 0 0 0 0 0 2.66164e+07 1.70973e+08 2.59455e+08 2.40712e+08 1.85065e+08 1.52245e+08 1.1465e+08 8.59297e+07 6.42477e+07 4.99223e+07 3.77452e+07 2.88577e+07 2.27704e+07 1.812e+07 1.36562e+07 1.02497e+07 8.06056e+06 6.16814e+06 5.24728e+06 4.22046e+06 3.91048e+06 3.59038e+06 3.15907e+06 2.98953e+06 3.02842e+06 2.83889e+06 3.03662e+06 2.99973e+06 2.90118e+06 2.98101e+06 3.19993e+06 3.39631e+06 3.91557e+06 4.4575e+06 5.18335e+06 6.38544e+06 7.84562e+06 1.04675e+07 1.35938e+07 1.75899e+07 2.29948e+07 3.01994e+07 4.07519e+07 5.20717e+07 6.94089e+07 9.09166e+07 1.24705e+08 1.63911e+08 1.99696e+08 2.4553e+08 2.6715e+08 1.67735e+08 2.62683e+07 0 0 0 0 0 0 
0 0 0 0 0 0 0 2.34178e+08 8.13547e+08 1.03368e+09 1.02006e+09 8.83951e+08 7.35213e+08 6.03133e+08 4.94184e+08 3.73911e+08 2.94794e+08 2.43399e+08 2.03298e+08 1.63226e+08 1.37485e+08 1.12149e+08 8.70408e+07 7.34923e+07 6.07969e+07 5.47785e+07 4.91697e+07 4.49798e+07 4.15872e+07 3.68132e+07 3.6158e+07 3.73312e+07 3.6962e+07 3.58417e+07 3.58695e+07 3.66501e+07 3.85055e+07 4.21556e+07 4.61604e+07 5.31623e+07 6.34242e+07 7.65659e+07 9.50673e+07 1.13668e+08 1.41133e+08 1.67011e+08 2.10375e+08 2.51748e+08 3.05524e+08 3.7949e+08 4.94364e+08 6.07058e+08 7.75466e+08 9.33846e+08 1.06476e+09 1.05552e+09 7.84718e+08 2.30698e+08 0 0 0 0 0 0 0 
0 0 0 0 0 0 0 1.38138e+08 1.35696e+09 3.37979e+09 4.28833e+09 4.3584e+09 3.97404e+09 3.37965e+09 2.92124e+09 2.50304e+09 2.03011e+09 1.65543e+09 1.44622e+09 1.24149e+09 1.06438e+09 9.19388e+08 7.56706e+08 6.45268e+08 5.64771e+08 5.1852e+08 4.67136e+08 4.27277e+08 3.94953e+08 3.78209e+08 3.53127e+08 3.47296e+08 3.59177e+08 3.62077e+08 3.48944e+08 3.62153e+08 3.94485e+08 4.22598e+08 4.38386e+08 4.90605e+08 5.76373e+08 6.73897e+08 7.60465e+08 9.27646e+08 1.10106e+09 1.29945e+09 1.53299e+09 1.83515e+09 2.13218e+09 2.52771e+09 2.94055e+09 3.43796e+09 3.9831e+09 4.40699e+09 4.41761e+09 3.28074e+09 1.38633e+09 1.43034e+08 0 0 0 0 0 0 0 
0 0 0 0 0 0 0 0 1.35944e+09 6.63591e+09 1.35503e+10 1.71958e+10 1.77713e+10 1.71193e+10 1.59334e+10 1.35776e+10 1.2185e+10 1.02678e+10 8.98551e+09 7.7248e+09 7.0019e+09 6.16361e+09 5.52216e+09 5.04824e+09 4.4147e+09 3.94962e+09 3.66982e+09 3.4405e+09 3.34711e+09 3.13402e+09 2.94913e+09 2.94574e+09 2.87209e+09 2.88645e+09 2.79299e+09 2.89624e+09 3.10552e+09 3.23868e+09 3.58991e+09 3.94319e+09 4.27657e+09 4.97521e+09 5.57335e+09 6.61118e+09 7.61862e+09 8.22982e+09 9.57243e+09 1.09491e+10 1.24935e+10 1.37702e+10 1.53961e+10 1.7562e+10 1.76711e+10 1.68731e+10 1.32111e+10 6.74563e+09 1.32948e+09 0 0 0 0 0 0 0 0 
0 0 0 0 0 0 0 0 5.69336e+08 8.43994e+09 2.90702e+10 5.16073e+10 6.82076e+10 7.16015e+10 7.04734e+10 6.8358e+10 6.04912e+10 5.67264e+10 5.19041e+10 4.59539e+10 4.20623e+10 3.79462e+10 3.42177e+10 3.10946e+10 2.9763e+10 2.69414e+10 2.55172e+10 2.43885e+10 2.2379e+10 2.10902e+10 2.10668e+10 2.04101e+10 2.00118e+10 2.04561e+10 2.06375e+10 2.07877e+10 2.16462e+10 2.27514e+10 2.43565e+10 2.66491e+10 2.91466e+10 3.15828e+10 3.60292e+10 4.04391e+10 4.36179e+10 4.8023e+10 5.37045e+10 5.83651e+10 6.2357e+10 6.90484e+10 7.19335e+10 6.99013e+10 6.47961e+10 5.09863e+10 2.92279e+10 8.16365e+09 5.89019e+08 0 0 0 0 0 0 0 0 
0 0 0 0 0 0 0 0 0 5.91292e+09 4.08757e+10 1.13855e+11 1.84324e+11 2.36123e+11 2.70813e+11 2.81337e+11 2.76889e+11 2.62492e+11 2.61284e+11 2.44543e+11 2.21929e+11 2.05963e+11 1.93242e+11 1.81245e+11 1.71714e+11 1.58927e+11 1.54736e+11 1.44201e+11 1.38281e+11 1.3349e+11 1.32126e+11 1.28933e+11 1.25832e+11 1.30364e+11 1.30386e+11 1.31382e+11 1.34359e+11 1.46325e+11 1.58631e+11 1.60578e+11 1.71286e+11 1.86216e+11 1.9825e+11 2.16434e+11 2.30559e+11 2.43346e+11 2.59832e+11 2.68957e+11 2.83554e+11 2.87143e+11 2.73637e+11 2.38765e+11 1.86262e+11 1.11718e+11 4.00573e+10 6.03568e+09 0 0 0 0 0 0 0 0 0 
0 0 0 0 0 0 0 0 0 1.85084e+09 3.7924e+10 1.75311e+11 4.18333e+11 6.60367e+11 8.63376e+11 9.98888e+11 1.09592e+12 1.14328e+12 1.13261e+12 1.07648e+12 1.00696e+12 9.66889e+11 9.3631e+11 9.15173e+11 9.01915e+11 8.41402e+11 8.18316e+11 8.15263e+11 7.8122e+11 7.51027e+11 7.3058e+11 7.30008e+11 7.08981e+11 7.05086e+11 7.1762e+11 7.14593e+11 7.35528e+11 7.65195e+11 7.98642e+11 8.57123e+11 8.9956e+11 9.54262e+11 9.70476e+11 1.04498e+12 1.06077e+12 1.0754e+12 1.12783e+12 1.11466e+12 1.07667e+12 1.00039e+12 8.55507e+11 6.72171e+11 4.18367e+11 1.79509e+11 3.67138e+10 1.96261e+09 0 0 0 0 0 0 0 0 0 
0 0 0 0 0 0 0 0 0 0 1.95502e+10 1.85347e+11 6.72997e+11 1.48127e+12 2.2449e+12 3.12258e+12 3.71878e+12 4.30155e+12 4.3694e+12 4.37023e+12 4.2868e+12 4.24222e+12 4.26494e+12 4.17527e+12 3.99209e+12 3.94657e+12 3.97708e+12 3.88276e+12 3.75347e+12 3.6724e+12 3.63133e+12 3.55614e+12 3.55595e+12 3.56415e+12 3.58963e+12 3.5933e+12 3.56731e+12 3.728e+12 3.94163e+12 3.95508e+12 4.09903e+12 4.32342e+12 4.48196e+12 4.5121e+12 4.47967e+12 4.46012e+12 4.25068e+12 3.96873e+12 3.54929e+12 3.05223e+12 2.27608e+12 1.48021e+12 6.74944e+11 1.82514e+11 2.13002e+10 0 0 0 0 0 0 0 0 0 0 
0 0 0 0 0 0 0 0 0 0 4.97637e+09 1.29709e+11 7.94923e+11 2.38011e+12 4.89733e+12 7.57342e+12 1.0413e+13 1.27889e+13 1.45062e+13 1.53883e+13 1.61901e+13 1.68132e+13 1.70712e+13 1.66146e+13 1.71451e+13 1.71536e+13 1.75391e+13 1.71441e+13 1.6929e+13 1.67443e+13 1.62606e+13 1.59589e+13 1.60793e+13 1.61893e+13 1.6327e+13 1.65141e+13 1.65617e+13 1.63028e+13 1.67332e+13 1.70881e+13 1.73124e+13 1.73942e+13 1.75499e+13 1.6898e+13 1.6201e+13 1.54651e+13 1.43448e+13 1.25496e+13 1.02664e+13 7.60151e+12 4.84086e+12 2.41173e+12 7.87262e+11 1.29849e+11 5.24476e+09 0 0 0 0 0 0 0 0 0 0 
0 0 0 0 0 0 0 0 0 0 0 5.37221e+10 6.32531e+11 2.9509e+12 7.77071e+12 1.5353e+13 2.42406e+13 3.29498e+13 4.2444e+13 4.94682e+13 5.31047e+13 5.65805e+13 5.86819e+13 6.15803e+13 6.21729e+13 6.38578e+13 6.68497e+13 6.72293e+13 6.82012e+13 6.68585e+13 6.63858e+13 6.47814e+13 6.55896e+13 6.58452e+13 6.51206e+13 6.61088e+13 6.5743e+13 6.59434e+13 6.55539e+13 6.45448e+13 6.66658e+13 6.42105e+13 6.11507e+13 5.72911e+13 5.27462e+13 4.71153e+13 4.1803e+13 3.37943e+13 2.42313e+13 1.53143e+13 8.01149e+12 2.97083e+12 6.33664e+11 5.53992e+10 0 0 0 0 0 0 0 0 0 0 0 
0 0 0 0 0 0 0 0 0 0 0 1.14311e+10 3.53003e+11 2.66104e+12 1.01671e+13 2.46812e+13 4.61242e+13 7.39189e+13 1.01483e+14 1.28201e+14 1.51577e+14 1.69124e+14 1.84003e+14 1.9532e+14 2.13328e+14 2.24579e+14 2.38512e+14 2.44687e+14 2.45452e+14 2.46566e+14 2.45062e+14 2.48636e+14 2.44171e+14 2.40118e+14 2.38842e+14 2.41757e+14 2.43967e+14 2.43578e+14 2.3512e+14 2.28106e+14 2.13056e+14 2.0639e+14 1.88749e+14 1.75138e+14 1.51994e+14 1.29124e+14 1.02658e+14 7.45379e+13 4.83724e+13 2.55841e+13 9.90133e+12 2.56728e+12 3.54933e+11 1.12166e+10 0 0 0 0 0 0 0 0 0 0 0 
0 0 0 0 0 0 0 0 0 0 0 0 1.16607e+11 1.69456e+12 9.63192e+12 3.18269e+13 7.27232e+13 1.37108e+14 2.14708e+14 3.02733e+14 3.80042e+14 4.66227e+14 5.19019e+14 5.91505e+14 6.52778e+14 7.10408e+14 7.48885e+14 7.86972e+14 7.86067e+14 7.96996e+14 8.23187e+14 8.19036e+14 8.17694e+14 8.10526e+14 7.88023e+14 7.92593e+14 7.90135e+14 7.85512e+14 7.55278e+14 7.00304e+14 6.60681e+14 5.99036e+14 5.27231e+14 4.58957e+14 3.8558e+14 2.98032e+14 2.11853e+14 1.37146e+14 7.23236e+13 3.16268e+13 9.62251e+12 1.68469e+12 1.20848e+11 0 0 0 0 0 0 0 0 0 0 0 0 
0 0 0 0 0 0 0 0 0 0 0 0 2.06756e+10 7.44285e+11 6.84591e+12 3.13526e+13 9.39272e+13 2.07007e+14 3.75401e+14 5.82253e+14 8.0563e+14 1.04963e+15 1.30752e+15 1.53387e+15 1.71105e+15 1.84401e+15 2.10749e+15 2.18754e+15 2.32254e+15 2.35224e+15 2.41712e+15 2.47522e+15 2.40686e+15 2.37704e+15 2.36008e+15 2.33525e+15 2.29584e+15 2.16596e+15 2.0887e+15 1.91738e+15 1.71033e+15 1.5152e+15 1.26692e+15 1.06776e+15 8.15477e+14 5.79049e+14 3.71723e+14 2.04778e+14 9.22327e+13 3.03633e+13 6.78766e+12 7.78781e+11 2.05665e+10 0 0 0 0 0 0 0 0 0 0 0 0 
0 0 0 0 0 0 0 0 0 0 0 0 0 2.04922e+11 3.49997e+12 2.34076e+13 9.17962e+13 2.50095e+14 5.41425e+14 9.5227e+14 1.49067e+15 2.13434e+15 2.76803e+15 3.47144e+15 4.08011e+15 4.65228e+15 5.10335e+15 5.71365e+15 6.00292e+15 6.27881e+15 6.52804e+15 6.55646e+15 6.50509e+15 6.43706e+15 6.53551e+15 6.20235e+15 5.96805e+15 5.78509e+15 5.29541e+15 4.69028e+15 4.1401e+15 3.40705e+15 2.74501e+15 2.07354e+15 1.51516e+15 9.64294e+14 5.32598e+14 2.46859e+14 9.20078e+13 2.35232e+13 3.5642e+12 2.10966e+11 0 0 0 0 0 0 0 0 0 0 0 0 0 
0 0 0 0 0 0 0 0 0 0 0 0 0 3.04775e+10 1.23522e+12 1.31049e+13 7.12818e+13 2.4912e+14 6.30138e+14 1.33263e+15 2.31162e+15 3.58221e+15 5.12298e+15 6.8092e+15 8.51407e+15 1.02525e+16 1.18006e+16 1.29737e+16 1.41459e+16 1.52881e+16 1.55381e+16 1.60815e+16 1.61909e+16 1.59689e+16 1.54858e+16 1.48044e+16 1.40021e+16 1.31584e+16 1.16143e+16 1.00722e+16 8.44737e+15 6.76168e+15 5.1196e+15 3.61262e+15 2.38689e+15 1.3287e+15 6.36426e+14 2.50685e+14 7.01841e+13 1.3328e+13 1.29118e+12 2.98266e+10 0 0 0 0 0 0 0 0 0 0 0 0 0 
0 0 0 0 0 0 0 0 0 0 0 0 0 0 3.01781e+11 5.63358e+12 4.34781e+13 1.93825e+14 6.22645e+14 1.5051e+15 3.05157e+15 5.29352e+15 7.94917e+15 1.15096e+16 1.52281e+16 1.93326e+16 2.30201e+16 2.68455e+16 2.95726e+16 3.23412e+16 3.35143e+16 3.48646e+16 3.552e+16 3.43301e+16 3.26556e+16 3.10363e+16 2.93901e+16 2.64222e+16 2.31007e+16 1.89186e+16 1.49164e+16 1.16092e+16 8.19509e+15 5.34824e+15 3.05997e+15 1.51594e+15 6.23735e+14 1.95401e+14 4.3829e+13 5.65172e+12 3.04966e+11 0 0 0 0 0 0 0 0 0 0 0 0 0 0 
0 0 0 0 0 0 0 0 0 0 0 0 0 0 3.67401e+10 1.71124e+12 1.9758e+13 1.2085e+14 4.87647e+14 1.4381e+15 3.35805e+15 6.44157e+15 1.12129e+16 1.69768e+16 2.41421e+16 3.16145e+16 4.02636e+16 4.72998e+16 5.4886e+16 6.04803e+16 6.38946e+16 6.61613e+16 6.69867e+16 6.51948e+16 6.25546e+16 5.91415e+16 5.30889e+16 4.74142e+16 4.0012e+16 3.17951e+16 2.3953e+16 1.69719e+16 1.13016e+16 6.52645e+15 3.28127e+15 1.43561e+15 4.94078e+14 1.23539e+14 2.05047e+13 1.70672e+12 3.54319e+10 0 0 0 0 0 0 0 0 0 0 0 0 0 0 
0 0 0 0 0 0 0 0 0 0 0 0 0 0 0 3.51114e+11 7.36953e+12 6.25201e+13 3.06019e+14 1.09245e+15 3.02155e+15 6.69572e+15 1.26903e+16 2.09559e+16 3.21278e+16 4.5982e+16 6.00311e+16 7.47681e+16 8.80938e+16 9.963e+16 1.08622e+17 1.14512e+17 1.132e+17 1.13946e+17 1.06617e+17 9.62073e+16 8.69856e+16 7.42659e+16 5.99187e+16 4.53336e+16 3.3357e+16 2.17339e+16 1.27861e+16 6.86392e+15 2.99676e+15 1.09924e+15 3.04579e+14 6.16584e+13 7.30849e+12 3.57922e+11 0 0 0 0 0 0 0 0 0 0 0 0 0 0 0 
0 0 0 0 0 0 0 0 0 0 0 0 0 0 0 3.57243e+10 1.89427e+12 2.41154e+13 1.61438e+14 6.95167e+14 2.26193e+15 5.8601e+15 1.25195e+16 2.31197e+16 3.82974e+16 5.72465e+16 7.86401e+16 1.01438e+17 1.24764e+17 1.43289e+17 1.60709e+17 1.71547e+17 1.72588e+17 1.66542e+17 1.58747e+17 1.43721e+17 1.23843e+17 1.00756e+17 7.82728e+16 5.74471e+16 3.80345e+16 2.30483e+16 1.25572e+16 5.71545e+15 2.25683e+15 6.86547e+14 1.6586e+14 2.3754e+13 1.92548e+12 3.59094e+10 0 0 0 0 0 0 0 0 0 0 0 0 0 0 0 
0 0 0 0 0 0 0 0 0 0 0 0 0 0 0 0 3.25936e+11 7.34582e+12 6.76929e+13 3.78232e+14 1.42015e+15 4.31992e+15 1.0326e+16 2.11486e+16 3.74788e+16 6.10577e+16 8.98757e+16 1.22612e+17 1.55746e+17 1.84933e+17 2.09733e+17 2.21592e+17 2.25207e+17 2.19745e+17 2.0267e+17 1.82013e+17 1.52683e+17 1.21269e+17 8.9587e+16 6.1519e+16 3.80856e+16 2.1189e+16 1.02702e+16 4.25359e+15 1.4412e+15 3.71542e+14 6.67928e+13 7.32281e+12 3.24501e+11 0 0 0 0 0 0 0 0 0 0 0 0 0 0 0 0 
0 0 0 0 0 0 0 0 0 0 0 0 0 0 0 0 2.80795e+10 1.67917e+12 2.29612e+13 1.64052e+14 7.71182e+14 2.62817e+15 7.40763e+15 1.67504e+16 3.25224e+16 5.60844e+16 8.73554e+16 1.24893e+17 1.62803e+17 2.02268e+17 2.33517e+17 2.51956e+17 2.62171e+17 2.52894e+17 2.32958e+17 2.03994e+17 1.6515e+17 1.25853e+17 8.73516e+16 5.60547e+16 3.3045e+16 1.68748e+16 7.27376e+15 2.63596e+15 7.36272e+14 1.64047e+14 2.2351e+13 1.64635e+12 2.95598e+10 0 0 0 0 0 0 0 0 0 0 0 0 0 0 0 0 
0 0 0 0 0 0 0 0 0 0 0 0 0 0 0 0 0 2.51483e+11 6.03087e+12 5.68819e+13 3.43088e+14 1.41935e+15 4.4179e+15 1.14913e+16 2.45702e+16 4.45292e+16 7.32559e+16 1.11639e+17 1.54044e+17 1.96572e+17 2.31474e+17 2.568e+17 2.62523e+17 2.55563e+17 2.32362e+17 1.96875e+17 1.57146e+17 1.12704e+17 7.57443e+16 4.58679e+16 2.39969e+16 1.10749e+16 4.34389e+15 1.35324e+15 3.42022e+14 5.77762e+13 5.88638e+12 2.54892e+11 0 0 0 0 0 0 0 0 0 0 0 0 0 0 0 0 0 
0 0 0 0 0 0 0 0 0 0 0 0 0 0 0 0 0 1.91804e+10 1.16131e+12 1.67262e+13 1.27267e+14 6.2753e+14 2.27137e+15 6.57478e+15 1.57556e+16 3.1292e+16 5.57438e+16 8.65845e+16 1.23672e+17 1.62944e+17 1.95612e+17 2.21511e+17 2.33807e+17 2.23942e+17 2.02694e+17 1.67208e+17 1.25364e+17 8.7528e+16 5.53752e+16 3.11991e+16 1.50719e+16 6.36832e+15 2.18478e+15 6.10548e+14 1.25777e+14 1.70849e+13 1.13211e+12 2.0011e+10 0 0 0 0 0 0 0 0 0 0 0 0 0 0 0 0 0 
0 0 0 0 0 0 0 0 0 0 0 0 0 0 0 0 0 0 1.51923e+11 3.74902e+12 3.86677e+13 2.42467e+14 1.02329e+15 3.33478e+15 8.42618e+15 1.88917e+16 3.59645e+16 5.92404e+16 8.95576e+16 1.20426e+17 1.50127e+17 1.70212e+17 1.7748e+17 1.73557e+17 1.52871e+17 1.22332e+17 8.99222e+16 5.96671e+16 3.56788e+16 1.84421e+16 8.38368e+15 3.16952e+15 9.62532e+14 2.31766e+14 3.77743e+13 3.75717e+12 1.53964e+11 0 0 0 0 0 0 0 0 0 0 0 0 0 0 0 0 0 0 
0 0 0 0 0 0 0 0 0 0 0 0 0 0 0 0 0 0 1.11105e+10 6.48863e+11 9.66636e+12 7.45645e+13 3.80233e+14 1.41411e+15 4.17891e+15 9.89949e+15 2.01005e+16 3.5608e+16 5.52827e+16 7.77531e+16 9.81198e+16 1.11955e+17 1.20236e+17 1.15135e+17 1.01313e+17 7.86372e+16 5.57386e+16 3.54639e+16 1.98606e+16 9.58164e+15 3.9592e+15 1.34518e+15 3.74182e+14 7.49501e+13 9.7214e+12 6.39333e+11 1.12639e+10 0 0 0 0 0 0 0 0 0 0 0 0 0 0 0 0 0 0 
0 0 0 0 0 0 0 0 0 0 0 0 0 0 0 0 0 0 0 7.83996e+10 1.87208e+12 1.93873e+13 1.23263e+14 5.25839e+14 1.74842e+15 4.50694e+15 1.02701e+16 1.92701e+16 3.10108e+16 4.38611e+16 5.66974e+16 6.71868e+16 7.03645e+16 6.81153e+16 5.71377e+16 4.44249e+16 3.07405e+16 1.8798e+16 9.68758e+15 4.43959e+15 1.69537e+15 5.2826e+14 1.22671e+14 2.05754e+13 1.92128e+12 7.73708e+10 0 0 0 0 0 0 0 0 0 0 0 0 0 0 0 0 0 0 0 
0 0 0 0 0 0 0 0 0 0 0 0 0 0 0 0 0 0 0 5.59871e+09 3.00944e+11 4.39885e+12 3.32568e+13 1.72222e+14 6.33699e+14 1.87213e+15 4.32798e+15 8.78597e+15 1.51504e+16 2.23638e+16 2.94645e+16 3.47117e+16 3.67999e+16 3.48281e+16 2.95992e+16 2.24147e+16 1.49452e+16 8.68339e+15 4.34739e+15 1.82757e+15 6.1215e+14 1.68842e+14 3.38119e+13 4.3557e+12 3.00596e+11 5.38409e+09 0 0 0 0 0 0 0 0 0 0 0 0 0 0 0 0 0 0 0 
0 0 0 0 0 0 0 0 0 0 0 0 0 0 0 0 0 0 0 0 3.37815e+10 7.95147e+11 7.93011e+12 4.74811e+13 2.05531e+14 6.64278e+14 1.75787e+15 3.63892e+15 6.68857e+15 1.04116e+16 1.40529e+16 1.66549e+16 1.74426e+16 1.62501e+16 1.36929e+16 1.00367e+16 6.57386e+15 3.59775e+15 1.70829e+15 6.35691e+14 2.02211e+14 4.8209e+13 7.86993e+12 8.10656e+11 3.16014e+10 0 0 0 0 0 0 0 0 0 0 0 0 0 0 0 0 0 0 0 0 
0 0 0 0 0 0 0 0 0 0 0 0 0 0 0 0 0 0 0 0 2.41507e+09 1.1301e+11 1.6291e+12 1.18826e+13 5.93041e+13 2.14295e+14 6.00792e+14 1.36943e+15 2.58434e+15 4.22312e+15 5.86528e+15 7.08576e+15 7.5728e+15 7.0499e+15 5.67607e+15 4.06859e+15 2.53445e+15 1.35393e+15 5.84846e+14 2.04673e+14 5.72385e+13 1.15348e+13 1.55423e+12 1.0967e+11 2.35438e+09 0 0 0 0 0 0 0 0 0 0 0 0 0 0 0 0 0 0 0 0 
0 0 0 0 0 0 0 0 0 0 0 0 0 0 0 0 0 0 0 0 0 1.22788e+10 2.6397e+11 2.5698e+12 1.48578e+13 6.06664e+13 1.92142e+14 4.59205e+14 9.10407e+14 1.53738e+15 2.15824e+15 2.71088e+15 2.97498e+15 2.71102e+15 2.1697e+15 1.53056e+15 8.73319e+14 4.47243e+14 1.8329e+14 5.82047e+13 1.42565e+13 2.47366e+12 2.57748e+11 1.17929e+10 0 0 0 0 0 0 0 0 0 0 0 0 0 0 0 0 0 0 0 0 0 
0 0 0 0 0 0 0 0 0 0 0 0 0 0 0 0 0 0 0 0 0 9.31021e+08 3.62029e+10 4.75017e+11 3.26581e+12 1.59752e+13 5.23047e+13 1.39913e+14 2.92837e+14 5.13763e+14 7.53649e+14 9.36511e+14 1.03834e+15 9.4287e+14 7.45812e+14 4.98177e+14 2.88166e+14 1.3717e+14 5.19778e+13 1.50012e+13 3.20483e+12 4.58699e+11 3.45138e+10 8.66669e+08 0 0 0 0 0 0 0 0 0 0 0 0 0 0 0 0 0 0 0 0 0 
0 0 0 0 0 0 0 0 0 0 0 0 0 0 0 0 0 0 0 0 0 0 3.80552e+09 7.0493e+10 6.52168e+11 3.51186e+12 1.36495e+13 3.79246e+13 8.74438e+13 1.59584e+14 2.41352e+14 3.05193e+14 3.27527e+14 3.03501e+14 2.35858e+14 1.56414e+14 8.7223e+13 3.82724e+13 1.30112e+13 3.30823e+12 6.3594e+11 6.83295e+10 3.57915e+09 0 0 0 0 0 0 0 0 0 0 0 0 0 0 0 0 0 0 0 0 0 0 
0 0 0 0 0 0 0 0 0 0 0 0 0 0 0 0 0 0 0 0 0 0 3.30621e+08 9.69635e+09 1.09361e+11 7.27639e+11 3.09433e+12 9.59001e+12 2.3261e+13 4.4445e+13 6.92244e+13 9.04686e+13 9.88108e+13 8.85936e+13 6.93798e+13 4.46987e+13 2.28063e+13 9.06943e+12 2.92738e+12 6.81276e+11 1.0728e+11 9.13073e+09 3.05722e+08 0 0 0 0 0 0 0 0 0 0 0 0 0 0 0 0 0 0 0 0 0 0 
0 0 0 0 0 0 0 0 0 0 0 0 0 0 0 0 0 0 0 0 0 0 0 9.84397e+08 1.64588e+10 1.30093e+11 6.57937e+11 2.23213e+12 5.7753e+12 1.18055e+13 1.87044e+13 2.46514e+13 2.68359e+13 2.42527e+13 1.82697e+13 1.12548e+13 5.30184e+12 2.14526e+12 6.1971e+11 1.3074e+11 1.54872e+10 9.18863e+08 0 0 0 0 0 0 0 0 0 0 0 0 0 0 0 0 0 0 0 0 0 0 0 
0 0 0 0 0 0 0 0 0 0 0 0 0 0 0 0 0 0 0 0 0 0 0 1.05879e+08 2.17692e+09 2.20184e+10 1.22496e+11 4.7409e+11 1.31502e+12 2.73376e+12 4.6287e+12 6.29554e+12 6.98605e+12 6.22709e+12 4.6148e+12 2.68469e+12 1.22907e+12 4.51595e+11 1.21686e+11 2.12569e+10 2.11112e+09 1.04054e+08 0 0 0 0 0 0 0 0 0 0 0 0 0 0 0 0 0 0 0 0 0 0 0 
0 0 0 0 0 0 0 0 0 0 0 0 0 0 0 0 0 0 0 0 0 0 0 0 2.21871e+08 3.18059e+09 2.14405e+10 9.40286e+10 2.79882e+11 6.17401e+11 1.08118e+12 1.48967e+12 1.62704e+12 1.52732e+12 1.08931e+12 6.06393e+11 2.77002e+11 8.90222e+10 2.11768e+10 3.09127e+09 2.19248e+08 0 0 0 0 0 0 0 0 0 0 0 0 0 0 0 0 0 0 0 0 0 0 0 0 
0 0 0 0 0 0 0 0 0 0 0 0 0 0 0 0 0 0 0 0 0 0 0 0 3.39254e+07 4.28872e+08 3.44243e+09 1.69141e+10 5.62539e+10 1.32856e+11 2.31492e+11 3.43278e+11 3.84526e+11 3.40416e+11 2.37485e+11 1.30998e+11 5.3314e+10 1.64413e+10 3.51876e+09 4.32323e+08 3.07938e+07 0 0 0 0 0 0 0 0 0 0 0 0 0 0 0 0 0 0 0 0 0 0 0 0 
0 0 0 0 0 0 0 0 0 0 0 0 0 0 0 0 0 0 0 0 0 0 0 0 0 4.65069e+07 5.44273e+08 2.8187e+09 1.08601e+10 2.65566e+10 4.9826e+10 6.84005e+10 8.03751e+10 7.22492e+10 4.85968e+10 2.63487e+10 1.047e+10 2.95137e+09 5.24615e+08 4.51072e+07 0 0 0 0 0 0 0 0 0 0 0 0 0 0 0 0 0 0 0 0 0 0 0 0 0 
0 0 0 0 0 0 0 0 0 0 0 0 0 0 0 0 0 0 0 0 0 0 0 0 0 9.17119e+06 8.32432e+07 4.76371e+08 1.91529e+09 5.32009e+09 1.01562e+10 1.50201e+10 1.69776e+10 1.47916e+10 9.97967e+09 5.13607e+09 1.91934e+09 4.62549e+08 8.08659e+07 8.29525e+06 0 0 0 0 0 0 0 0 0 0 0 0 0 0 0 0 0 0 0 0 0 0 0 0 0 
0 0 0 0 0 0 0 0 0 0 0 0 0 0 0 0 0 0 0 0 0 0 0 0 0 0 8.15911e+06 8.36954e+07 3.37039e+08 1.00402e+09 2.0631e+09 3.09692e+09 3.55653e+09 3.1058e+09 1.99923e+09 9.72726e+08 3.39031e+08 8.32246e+07 7.90484e+06 0 0 0 0 0 0 0 0 0 0 0 0 0 0 0 0 0 0 0 0 0 0 0 0 0 0 
0 0 0 0 0 0 0 0 0 0 0 0 0 0 0 0 0 0 0 0 0 0 0 0 0 0 2.11393e+06 1.32151e+07 5.97165e+07 1.93005e+08 3.86794e+08 6.11087e+08 7.17542e+08 6.23325e+08 3.72357e+08 1.84001e+08 5.66717e+07 1.27785e+07 2.08666e+06 0 0 0 0 0 0 0 0 0 0 0 0 0 0 0 0 0 0 0 0 0 0 0 0 0 0 
0 0 0 0 0 0 0 0 0 0 0 0 0 0 0 0 0 0 0 0 0 0 0 0 0 0 0 1.15627e+06 1.12067e+07 3.4205e+07 7.77614e+07 1.27358e+08 1.40073e+08 1.22935e+08 7.18506e+07 3.27209e+07 1.09235e+07 1.09645e+06 0 0 0 0 0 0 0 0 0 0 0 0 0 0 0 0 0 0 0 0 0 0 0 0 0 0 0 
0 0 0 0 0 0 0 0 0 0 0 0 0 0 0 0 0 0 0 0 0 0 0 0 0 0 0 446709 1.77489e+06 5.78996e+06 1.56963e+07 2.29935e+07 3.03077e+07 2.17577e+07 1.54725e+07 5.5645e+06 1.64839e+06 439450 0 0 0 0 0 0 0 0 0 0 0 0 0 0 0 0 0 0 0 0 0 0 0 0 0 0 0 
0 0 0 0 0 0 0 0 0 0 0 0 0 0 0 0 0 0 0 0 0 0 0 0 0 0 0 0 116340 1.30986e+06 2.46389e+06 4.66571e+06 5.60911e+06 4.75218e+06 2.36383e+06 1.23586e+06 113096 0 0 0 0 0 0 0 0 0 0 0 0 0 0 0 0 0 0 0 0 0 0 0 0 0 0 0 0 
0 0 0 0 0 0 0 0 0 0 0 0 0 0 0 0 0 0 0 0 0 0 0 0 0 0 0 0 75824.2 174906 472312 970020 930990 1.00038e+06 466888 167746 74651.3 0 0 0 0 0 0 0 0 0 0 0 0 0 0 0 0 0 0 0 0 0 0 0 0 0 0 0 0 
0 0 0 0 0 0 0 0 0 0 0 0 0 0 0 0 0 0 0 0 0 0 0 0 0 0 0 0 0 7711.13 117697 117247 245037 112102 114794 7743.79 0 0 0 0 0 0 0 0 0 0 0 0 0 0 0 0 0 0 0 0 0 0 0 0 0 0 0 0 0 
0 0 0 0 0 0 0 0 0 0 0 0 0 0 0 0 0 0 0 0 0 0 0 0 0 0 0 0 0 10235.6 12054.4 33440.3 38318.8 32334.2 11360.6 10266.4 0 0 0 0 0 0 0 0 0 0 0 0 0 0 0 0 0 0 0 0 0 0 0 0 0 0 0 0 0 
0 0 0 0 0 0 0 0 0 0 0 0 0 0 0 0 0 0 0 0 0 0 0 0 0 0 0 0 0 0 254.959 8038.36 2070.12 7871.77 249.612 0 0 0 0 0 0 0 0 0 0 0 0 0 0 0 0 0 0 0 0 0 0 0 0 0 0 0 0 0 0 
0 0 0 0 0 0 0 0 0 0 0 0 0 0 0 0 0 0 0 0 0 0 0 0 0 0 0 0 0 0 938.999 382.253 1976.53 384.755 1028.19 0 0 0 0 0 0 0 0 0 0 0 0 0 0 0 0 0 0 0 0 0 0 0 0 0 0 0 0 0 0 
0 0 0 0 0 0 0 0 0 0 0 0 0 0 0 0 0 0 0 0 0 0 0 0 0 0 0 0 0 0 0 0 257.466 0 0 0 0 0 0 0 0 0 0 0 0 0 0 0 0 0 0 0 0 0 0 0 0 0 0 0 0 0 0 0 0 
0 0 0 0 0 0 0 0 0 0 0 0 0 0 0 0 0 0 0 0 0 0 0 0 0 0 0 0 0 0 0 58.456 0 63.7441 0 0 0 0 0 0 0 0 0 0 0 0 0 0 0 0 0 0 0 0 0 0 0 0 0 0 0 0 0 0 0 
0 0 0 0 0 0 0 0 0 0 0 0 0 0 0 0 0 0 0 0 0 0 0 0 0 0 0 0 0 0 0 0 0 0 0 0 0 0 0 0 0 0 0 0 0 0 0 0 0 0 0 0 0 0 0 0 0 0 0 0 0 0 0 0 0 
0 0 0 0 0 0 0 0 0 0 0 0 0 0 0 0 0 0 0 0 0 0 0 0 0 0 0 0 0 0 0 0 1.89417 0 0 0 0 0 0 0 0 0 0 0 0 0 0 0 0 0 0 0 0 0 0 0 0 0 0 0 0 0 0 0 0 
