1 0 0 0 0 0 0 0 0 0 0 0 0 0 0 0 1 
0 0 0 0 0 0 0 0 0 0 0 0 0 0 0 0 0 
0 16 0 0 0 0 0 0 0 0 0 0 0 0 0 0 0 
0 0 32 0 0 0 0 0 0 0 0 0 0 0 0 0 0 
0 0 88 95.9616 23.9904 0 0 0 8.03372 0 0 0 0 0 0 0 0 
0 0 0 256.077 254.854 192.248 96.023 64.2698 0 0 0 0 0 0 0 0 0 
0 0 0 207.962 737.295 688.369 705.259 625.976 770.861 0 0 0 0 0 0 0 0 
0 0 0 0 576.886 1661.55 1826.65 1924.82 1598.51 0 0 0 0 0 0 0 0 
0 0 0 0 226.974 1250.06 2919.31 3666.69 4347.85 0 0 0 0 0 0 0 0 
0 0 0 0 0 448.527 1571.76 3135.54 3270.82 0 0 0 0 0 0 0 0 
0 0 0 0 0 127.251 769.234 1400.92 2113.8 0 0 0 0 0 0 0 0 
0 0 0 0 0 0 64.0392 510.788 574.633 0 0 0 0 0 0 0 0 
0 0 0 0 0 0 55.7232 95.075 119.399 0 0 0 0 0 0 0 0 
0 0 0 0 0 0 0 0 64.1068 0 0 0 0 0 0 0 0 
0 0 0 0 0 0 0 15.9209 0 0 0 0 0 0 0 0 0 
0 0 0 0 0 0 0 0 0 0 0 0 0 0 0 0 0 
0 0 0 0 0 0 0 0 1.99011 0 0 0 0 0 0 0 0 
