1 0 0 0 0 0 0 0 0 0 0 0 0 0 0 0 0 
0 0 0 0 0 0 0 0 0 0 0 0 0 0 0 0 0 
0 16 0 0 0 0 0 0 0 0 0 0 0 0 0 0 0 
0 0 32 0 0 0 0 0 0 0 0 0 0 0 0 0 0 
0 0 88 96.0324 24.0081 0 0 0 8.00754 0 0 0 0 0 0 0 0 
0 0 0 255.935 256.052 192.033 95.888 64.0603 0 0 0 0 0 0 0 0 0 
0 0 0 208.032 735.929 688.273 704.221 624.022 768.467 0 0 0 0 0 0 0 0 
0 0 0 0 575.953 1663.58 1824.03 1920.3 1599.53 0 0 0 0 0 0 0 0 
0 0 0 0 228.058 1247.98 2927.97 3679.54 4356.83 0 0 0 0 0 0 0 0 
0 0 0 0 0 448.039 1567.83 3136.16 3261.7 0 0 0 0 0 0 0 0 
0 0 0 0 0 128.093 767.945 1391.66 2113.2 0 0 0 0 0 0 0 0 
0 0 0 0 0 0 64.0753 512.005 576.574 0 0 0 0 0 0 0 0 
0 0 0 0 0 0 56.0479 96.2344 119.769 0 0 0 0 0 0 0 0 
0 0 0 0 0 0 0 0 63.9148 0 0 0 0 0 0 0 0 
0 0 0 0 0 0 0 16.0137 0 0 0 0 0 0 0 0 0 
0 0 0 0 0 0 0 0 0 0 0 0 0 0 0 0 0 
0 0 0 0 0 0 0 0 2.00171 0 0 0 0 0 0 0 0 
