1 0 0 0 0 0 0 0 0 0 0 0 0 0 0 0 0 
0 0 0 0 0 0 0 0 0 0 0 0 0 0 0 0 0 
0 16 0 0 0 0 0 0 0 0 0 0 0 0 0 0 0 
0 0 32 0 0 0 0 0 0 0 0 0 0 0 0 0 0 
0 0 88 96.021 24.0053 0 0 0 8.02009 0 0 0 0 0 0 0 0 
0 0 0 255.958 256.155 192.179 95.97 64.1607 0 0 0 0 0 0 0 0 0 
0 0 0 208.021 735.69 688.104 704.346 623.912 767.899 0 0 0 0 0 0 0 0 
0 0 0 0 576.134 1663.38 1824.23 1920.41 1600.03 0 0 0 0 0 0 0 0 
0 0 0 0 228.016 1248.21 2927 3679.16 4356.19 0 0 0 0 0 0 0 0 
0 0 0 0 0 448.121 1568.06 3136.2 3264.44 0 0 0 0 0 0 0 0 
0 0 0 0 0 128.003 768.408 1391.97 2111.12 0 0 0 0 0 0 0 0 
0 0 0 0 0 0 63.9746 512.176 576.072 0 0 0 0 0 0 0 0 
0 0 0 0 0 0 56.0087 96.0082 120.063 0 0 0 0 0 0 0 0 
0 0 0 0 0 0 0 0 64.1502 0 0 0 0 0 0 0 0 
0 0 0 0 0 0 0 16.0025 0 0 0 0 0 0 0 0 0 
0 0 0 0 0 0 0 0 0 0 0 0 0 0 0 0 0 
0 0 0 0 0 0 0 0 2.00031 0 0 0 0 0 0 0 0 
