1 0 0 0 0 0 0 0 0 0 0 0 0 0 0 0 0 
0 0 0 0 0 0 0 0 0 0 0 0 0 0 0 0 0 
0 16 0 0 0 0 0 0 0 0 0 0 0 0 0 0 0 
0 0 32 0 0 0 0 0 0 0 0 0 0 0 0 0 0 
0 0 88 96.0632 24.0158 0 0 0 7.99608 0 0 0 0 0 0 0 0 
0 0 0 255.874 256.02 192.087 95.9676 63.9686 0 0 0 0 0 0 0 0 0 
0 0 0 208.063 735.782 687.624 704.044 624.093 767.494 0 0 0 0 0 0 0 0 
0 0 0 0 576.313 1664.33 1823.39 1921.01 1599.8 0 0 0 0 0 0 0 0 
0 0 0 0 227.869 1247.98 2928.79 3678.21 4357.14 0 0 0 0 0 0 0 0 
0 0 0 0 0 448.116 1567.98 3136.79 3264.42 0 0 0 0 0 0 0 0 
0 0 0 0 0 127.863 767.925 1391.55 2111.39 0 0 0 0 0 0 0 0 
0 0 0 0 0 0 64.0321 512.225 575.584 0 0 0 0 0 0 0 0 
0 0 0 0 0 0 55.8635 96.1926 120.046 0 0 0 0 0 0 0 0 
0 0 0 0 0 0 0 0 64.1361 0 0 0 0 0 0 0 0 
0 0 0 0 0 0 0 15.961 0 0 0 0 0 0 0 0 0 
0 0 0 0 0 0 0 0 0 0 0 0 0 0 0 0 0 
0 0 0 0 0 0 0 0 1.99513 0 0 0 0 0 0 0 0 
