1 0 0 0 0 0 0 0 0 0 0 0 0 0 0 0 0 
0 0 0 0 0 0 0 0 0 0 0 0 0 0 0 0 0 
0 16 0 0 0 0 0 0 0 0 0 0 0 0 0 0 0 
0 0 32 0 0 0 0 0 0 0 0 0 0 0 0 0 0 
0 0 88 95.9651 23.9913 0 0 0 7.99427 0 0 0 0 0 0 0 0 
0 0 0 256.07 256.011 192.056 96.0351 63.9542 0 0 0 0 0 0 0 0 0 
0 0 0 207.965 735.793 687.951 703.978 624.546 768.333 0 0 0 0 0 0 0 0 
0 0 0 0 576.415 1663.71 1824.68 1919.25 1598.84 0 0 0 0 0 0 0 0 
0 0 0 0 227.789 1248.26 2926.91 3680.57 4357.09 0 0 0 0 0 0 0 0 
0 0 0 0 0 448.276 1567.86 3135.36 3263.4 0 0 0 0 0 0 0 0 
0 0 0 0 0 127.75 768.614 1392.08 2112.76 0 0 0 0 0 0 0 0 
0 0 0 0 0 0 64.0278 512.22 575.703 0 0 0 0 0 0 0 0 
0 0 0 0 0 0 55.8938 96.0525 119.937 0 0 0 0 0 0 0 0 
0 0 0 0 0 0 0 0 63.9485 0 0 0 0 0 0 0 0 
0 0 0 0 0 0 0 15.9697 0 0 0 0 0 0 0 0 0 
0 0 0 0 0 0 0 0 0 0 0 0 0 0 0 0 0 
0 0 0 0 0 0 0 0 1.99621 0 0 0 0 0 0 0 0 
