1 0 0 0 0 0 0 0 0 0 0 0 0 0 0 0 0 
0 0 0 0 0 0 0 0 0 0 0 0 0 0 0 0 0 
0 16 0 0 0 0 0 0 0 0 0 0 0 0 0 0 0 
0 0 32 0 0 0 0 0 0 0 0 0 0 0 0 0 0 
0 0 88 95.9726 23.9931 0 0 0 8.00513 0 0 0 0 0 0 0 0 
0 0 0 256.055 255.952 191.886 96.0162 64.0411 0 0 0 0 0 0 0 0 0 
0 0 0 207.973 736.071 688.005 704.532 623.974 767.84 0 0 0 0 0 0 0 0 
0 0 0 0 576.029 1664.07 1823.18 1920.7 1600.12 0 0 0 0 0 0 0 0 
0 0 0 0 227.955 1247.88 2927.92 3678.17 4355.95 0 0 0 0 0 0 0 0 
0 0 0 0 0 448.556 1568.15 3137.82 3264.87 0 0 0 0 0 0 0 0 
0 0 0 0 0 127.594 768.341 1390.94 2110.63 0 0 0 0 0 0 0 0 
0 0 0 0 0 0 63.9986 512.247 576.604 0 0 0 0 0 0 0 0 
0 0 0 0 0 0 55.8666 96.1371 120.007 0 0 0 0 0 0 0 0 
0 0 0 0 0 0 0 0 63.9769 0 0 0 0 0 0 0 0 
0 0 0 0 0 0 0 15.9619 0 0 0 0 0 0 0 0 0 
0 0 0 0 0 0 0 0 0 0 0 0 0 0 0 0 0 
0 0 0 0 0 0 0 0 1.99524 0 0 0 0 0 0 0 0 
