1 0 0 0 0 0 0 0 0 0 0 0 0 0 0 0 0 
0 0 0 0 0 0 0 0 0 0 0 0 0 0 0 0 0 
0 16 0 0 0 0 0 0 0 0 0 0 0 0 0 0 0 
0 0 32 0 0 0 0 0 0 0 0 0 0 0 0 0 0 
0 0 88 95.9719 23.993 0 0 0 7.9987 0 0 0 0 0 0 0 0 
0 0 0 256.056 256.052 192.048 96.0445 63.9896 0 0 0 0 0 0 0 0 0 
0 0 0 207.972 735.9 688.008 703.703 623.898 767.786 0 0 0 0 0 0 0 0 
0 0 0 0 576.073 1663.88 1824.3 1920.67 1601.23 0 0 0 0 0 0 0 0 
0 0 0 0 227.982 1247.74 2927.79 3679.38 4355.16 0 0 0 0 0 0 0 0 
0 0 0 0 0 448.612 1568.22 3135.76 3263.6 0 0 0 0 0 0 0 0 
0 0 0 0 0 127.712 768.142 1392.2 2111.73 0 0 0 0 0 0 0 0 
0 0 0 0 0 0 63.8844 512.115 576.339 0 0 0 0 0 0 0 0 
0 0 0 0 0 0 55.9207 96.0147 120.058 0 0 0 0 0 0 0 0 
0 0 0 0 0 0 0 0 64.1049 0 0 0 0 0 0 0 0 
0 0 0 0 0 0 0 15.9774 0 0 0 0 0 0 0 0 0 
0 0 0 0 0 0 0 0 0 0 0 0 0 0 0 0 0 
0 0 0 0 0 0 0 0 1.99717 0 0 0 0 0 0 0 0 
