1 0 0 0 0 0 0 0 0 0 0 0 0 0 0 0 0 
0 0 0 0 0 0 0 0 0 0 0 0 0 0 0 0 0 
0 16 0 0 0 0 0 0 0 0 0 0 0 0 0 0 0 
0 0 32 0 0 0 0 0 0 0 0 0 0 0 0 0 0 
0 0 88 95.9838 23.9959 0 0 0 7.99069 0 0 0 0 0 0 0 0 
0 0 0 256.032 256.08 191.977 96.1752 63.9255 0 0 0 0 0 0 0 0 0 
0 0 0 207.984 735.724 688.161 703.915 624.24 768.282 0 0 0 0 0 0 0 0 
0 0 0 0 576.327 1663.75 1823.35 1919.41 1599.1 0 0 0 0 0 0 0 0 
0 0 0 0 227.872 1248.29 2928.8 3680.49 4357.22 0 0 0 0 0 0 0 0 
0 0 0 0 0 447.655 1567.8 3136.38 3263.08 0 0 0 0 0 0 0 0 
0 0 0 0 0 128.173 767.992 1391.37 2112.58 0 0 0 0 0 0 0 0 
0 0 0 0 0 0 63.9263 512.229 575.613 0 0 0 0 0 0 0 0 
0 0 0 0 0 0 56.0379 95.9478 120.111 0 0 0 0 0 0 0 0 
0 0 0 0 0 0 0 0 64.0185 0 0 0 0 0 0 0 0 
0 0 0 0 0 0 0 16.0108 0 0 0 0 0 0 0 0 0 
0 0 0 0 0 0 0 0 0 0 0 0 0 0 0 0 0 
0 0 0 0 0 0 0 0 2.00135 0 0 0 0 0 0 0 0 
