1 0 0 0 0 0 0 0 0 0 0 0 0 0 0 0 0 
0 0 0 0 0 0 0 0 0 0 0 0 0 0 0 0 0 
0 16 0 0 0 0 0 0 0 0 0 0 0 0 0 0 0 
0 0 32 0 0 0 0 0 0 0 0 0 0 0 0 0 0 
0 0 88 96.0174 24.0043 0 0 0 7.99047 0 0 0 0 0 0 0 0 
0 0 0 255.965 256.091 192.047 96.0173 63.9237 0 0 0 0 0 0 0 0 0 
0 0 0 208.017 735.975 688.388 704.526 624.488 768.064 0 0 0 0 0 0 0 0 
0 0 0 0 575.759 1663.34 1823.27 1919.09 1599.45 0 0 0 0 0 0 0 0 
0 0 0 0 228.17 1248.07 2928.08 3680.77 4356.55 0 0 0 0 0 0 0 0 
0 0 0 0 0 448.047 1567.88 3136.25 3264.71 0 0 0 0 0 0 0 0 
0 0 0 0 0 128.106 768.11 1391.07 2110.69 0 0 0 0 0 0 0 0 
0 0 0 0 0 0 64.1958 512.152 576.73 0 0 0 0 0 0 0 0 
0 0 0 0 0 0 55.9204 96.2809 119.796 0 0 0 0 0 0 0 0 
0 0 0 0 0 0 0 0 64.0198 0 0 0 0 0 0 0 0 
0 0 0 0 0 0 0 15.9772 0 0 0 0 0 0 0 0 0 
0 0 0 0 0 0 0 0 0 0 0 0 0 0 0 0 0 
0 0 0 0 0 0 0 0 1.99716 0 0 0 0 0 0 0 0 
