1 0 0 0 0 0 0 0 0 0 0 0 0 0 0 0 0 
0 0 0 0 0 0 0 0 0 0 0 0 0 0 0 0 0 
0 16 0 0 0 0 0 0 0 0 0 0 0 0 0 0 0 
0 0 32 0 0 0 0 0 0 0 0 0 0 0 0 0 0 
0 0 88 95.9824 23.9956 0 0 0 7.97299 0 0 0 0 0 0 0 0 
0 0 0 256.035 255.803 191.901 95.9993 63.7839 0 0 0 0 0 0 0 0 0 
0 0 0 207.982 736.52 687.955 703.995 624.14 768.12 0 0 0 0 0 0 0 0 
0 0 0 0 575.569 1664.43 1824.09 1920.37 1599.59 0 0 0 0 0 0 0 0 
0 0 0 0 228.113 1247.84 2927.65 3678.84 4355.19 0 0 0 0 0 0 0 0 
0 0 0 0 0 447.69 1568.55 3137.01 3266.51 0 0 0 0 0 0 0 0 
0 0 0 0 0 128.179 767.658 1392.42 2110.81 0 0 0 0 0 0 0 0 
0 0 0 0 0 0 64.0041 511.646 575.564 0 0 0 0 0 0 0 0 
0 0 0 0 0 0 56.051 95.7835 120.259 0 0 0 0 0 0 0 0 
0 0 0 0 0 0 0 0 63.9709 0 0 0 0 0 0 0 0 
0 0 0 0 0 0 0 16.0146 0 0 0 0 0 0 0 0 0 
0 0 0 0 0 0 0 0 0 0 0 0 0 0 0 0 0 
0 0 0 0 0 0 0 0 2.00182 0 0 0 0 0 0 0 0 
