1 0 0 0 0 0 0 0 0 0 0 0 0 0 0 0 0 
0 0 0 0 0 0 0 0 0 0 0 0 0 0 0 0 0 
0 16 0 0 0 0 0 0 0 0 0 0 0 0 0 0 0 
0 0 32 0 0 0 0 0 0 0 0 0 0 0 0 0 0 
0 0 88 96.0292 24.0073 0 0 0 7.99505 0 0 0 0 0 0 0 0 
0 0 0 255.942 255.97 191.843 96.0223 63.9604 0 0 0 0 0 0 0 0 0 
0 0 0 208.029 735.989 688.26 703.712 623.926 767.581 0 0 0 0 0 0 0 0 
0 0 0 0 576.083 1663.96 1823.6 1919.61 1599.96 0 0 0 0 0 0 0 0 
0 0 0 0 227.951 1247.81 2929.53 3681.14 4357.07 0 0 0 0 0 0 0 0 
0 0 0 0 0 448.245 1567 3135.66 3263.61 0 0 0 0 0 0 0 0 
0 0 0 0 0 127.883 768.207 1391.43 2112.2 0 0 0 0 0 0 0 0 
0 0 0 0 0 0 64.0007 512.199 575.288 0 0 0 0 0 0 0 0 
0 0 0 0 0 0 55.9175 96.0951 120.227 0 0 0 0 0 0 0 0 
0 0 0 0 0 0 0 0 64.0689 0 0 0 0 0 0 0 0 
0 0 0 0 0 0 0 15.9764 0 0 0 0 0 0 0 0 0 
0 0 0 0 0 0 0 0 0 0 0 0 0 0 0 0 0 
0 0 0 0 0 0 0 0 1.99705 0 0 0 0 0 0 0 0 
