1 0 0 0 0 0 0 0 0 0 0 0 0 0 0 0 0 0 0 0 0 0 0 0 0 0 0 0 0 0 0 0 0 0 0 0 0 0 0 0 0 0 0 0 0 0 0 0 0 0 0 0 0 0 0 0 0 0 0 0 0 0 0 0 0 
0 0 0 0 0 0 0 0 0 0 0 0 0 0 0 0 0 0 0 0 0 0 0 0 0 0 0 0 0 0 0 0 0 0 0 0 0 0 0 0 0 0 0 0 0 0 0 0 0 0 0 0 0 0 0 0 0 0 0 0 0 0 0 0 0 
0 64 0 0 0 0 0 0 0 0 0 0 0 0 0 0 0 0 0 0 0 0 0 0 0 0 0 0 0 0 0 0 0 0 0 0 0 0 0 0 0 0 0 0 0 0 0 0 0 0 0 0 0 0 0 0 0 0 0 0 0 0 0 0 0 
0 0 128 0 0 0 0 0 0 0 0 0 0 0 0 0 0 0 0 0 0 0 0 0 0 0 0 0 0 0 0 0 0 0 0 0 0 0 0 0 0 0 0 0 0 0 0 0 0 0 0 0 0 0 0 0 0 0 0 0 0 0 0 0 0 
0 0 1888 383.879 63.9943 0 0 0 0 0 0 0 0 0 0 0 0 0 0 0 0 0 0 0 0 0 0 0 0 0 0 0 0 0 0 0 0 0 0 0 0 0 0 0 0 0 0 0 0 0 0 0 0 0 0 0 0 0 0 0 0 0 0 0 0 
0 0 0 7168.24 1150.96 512.044 128.061 0 0 0 0 0 0 0 0 0 0 0 0 0 0 0 0 0 0 0 0 0 0 0 0 0 0 0 0 0 0 0 0 0 0 0 0 0 0 0 0 0 0 0 0 0 0 0 0 0 0 0 0 0 0 0 0 0 0 
0 0 0 34111.9 27325.1 6843.71 2560.61 1407.81 384.165 64.0899 0 0 0 0 0 0 0 0 0 0 0 0 0 0 0 0 0 0 0 0 0 0 0 0 0 0 0 0 0 0 0 0 0 0 0 0 0 0 0 0 0 0 0 0 0 0 0 0 0 0 0 0 0 0 0 
0 0 0 0 183689 97256.5 42871 16902.1 8567.31 4605.89 1921 512.354 127.978 0 0 0 0 0 0 0 0 0 0 0 0 0 0 0 0 0 0 0 0 0 0 0 0 0 0 0 0 0 0 0 0 0 0 0 0 0 0 0 0 0 0 0 0 0 0 0 0 0 0 0 0 
0 0 0 0 423147 829338 412319 222703 121000 59155.2 33570.1 19846 9667.91 4351.17 1406.67 383.855 79.9294 0 0 0 0 0 0 0 16.048 0 0 0 0 0 0 0 15.9883 0 0 0 0 0 0 0 0 0 0 0 0 0 0 0 0 0 0 0 0 0 0 0 0 0 0 0 0 0 0 0 0 
0 0 0 0 0 2.86058e+06 3.32547e+06 1.97958e+06 1.14095e+06 720389 425813 250616 154180 94293.9 55537.5 29462.1 13959.7 5889.59 2177.67 767.95 383.588 255.423 256.909 256.66 0 255.706 255.279 256.118 256.007 256.234 255.967 255.708 0 0 0 0 0 0 0 0 0 0 0 0 0 0 0 0 0 0 0 0 0 0 0 0 0 0 0 0 0 0 0 0 0 
0 0 0 0 0 3.82998e+06 1.46057e+07 1.35241e+07 9.3736e+06 6.09626e+06 4.02805e+06 2.68831e+06 1.79107e+06 1.16815e+06 774693 508313 327223 204209 119921 67676.4 36556.7 21140.1 13703.8 10753.2 11648.2 9667.91 9350.33 9229.87 9359.5 9215.95 9355.9 9468.5 11261 0 0 0 0 0 0 0 0 0 0 0 0 0 0 0 0 0 0 0 0 0 0 0 0 0 0 0 0 0 0 0 0 
0 0 0 0 0 0 3.03364e+07 6.37736e+07 5.7472e+07 4.32854e+07 3.14966e+07 2.2343e+07 1.58887e+07 1.14863e+07 8.17608e+06 5.85336e+06 4.16048e+06 2.93826e+06 2.08187e+06 1.45468e+06 1.01573e+06 705380 499383 368993 283067 247200 230843 223173 216895 218058 215645 213707 206049 0 0 0 0 0 0 0 0 0 0 0 0 0 0 0 0 0 0 0 0 0 0 0 0 0 0 0 0 0 0 0 0 
0 0 0 0 0 0 2.62489e+07 1.69387e+08 2.62936e+08 2.46432e+08 1.99282e+08 1.55867e+08 1.19191e+08 9.04464e+07 6.89758e+07 5.25189e+07 4.01169e+07 3.06652e+07 2.33279e+07 1.78274e+07 1.36755e+07 1.05895e+07 8.3161e+06 6.65009e+06 5.47046e+06 4.62534e+06 4.01488e+06 3.63261e+06 3.42637e+06 3.27406e+06 3.21514e+06 3.1941e+06 3.20759e+06 0 0 0 0 0 0 0 0 0 0 0 0 0 0 0 0 0 0 0 0 0 0 0 0 0 0 0 0 0 0 0 0 
0 0 0 0 0 0 0 2.32733e+08 7.85165e+08 1.06755e+09 1.04229e+09 9.03285e+08 7.49645e+08 6.08053e+08 4.89756e+08 3.93165e+08 3.15935e+08 2.54153e+08 2.05114e+08 1.66059e+08 1.3503e+08 1.10487e+08 9.12272e+07 7.63809e+07 6.50513e+07 5.65157e+07 5.03897e+07 4.5792e+07 4.23829e+07 4.01743e+07 3.85892e+07 3.76945e+07 3.73631e+07 0 0 0 0 0 0 0 0 0 0 0 0 0 0 0 0 0 0 0 0 0 0 0 0 0 0 0 0 0 0 0 0 
0 0 0 0 0 0 0 1.39578e+08 1.38454e+09 3.3004e+09 4.27999e+09 4.34082e+09 3.9836e+09 3.49089e+09 2.98173e+09 2.52419e+09 2.12404e+09 1.78704e+09 1.50477e+09 1.26919e+09 1.07559e+09 9.1741e+08 7.88738e+08 6.83887e+08 6.00285e+08 5.339e+08 4.81786e+08 4.42118e+08 4.13245e+08 3.92133e+08 3.78523e+08 3.70737e+08 3.68557e+08 0 0 0 0 0 0 0 0 0 0 0 0 0 0 0 0 0 0 0 0 0 0 0 0 0 0 0 0 0 0 0 0 
0 0 0 0 0 0 0 0 1.33979e+09 6.6733e+09 1.31402e+10 1.68198e+10 1.77193e+10 1.70662e+10 1.56869e+10 1.40361e+10 1.24047e+10 1.08846e+10 9.52397e+09 8.34394e+09 7.31961e+09 6.44254e+09 5.70682e+09 5.08891e+09 4.57787e+09 4.15724e+09 3.81945e+09 3.5527e+09 3.34574e+09 3.19495e+09 3.09046e+09 3.02892e+09 3.0075e+09 0 0 0 0 0 0 0 0 0 0 0 0 0 0 0 0 0 0 0 0 0 0 0 0 0 0 0 0 0 0 0 0 
0 0 0 0 0 0 0 0 5.85624e+08 8.31254e+09 2.83907e+10 5.03616e+10 6.45637e+10 7.04556e+10 7.07858e+10 6.78628e+10 6.33157e+10 5.81569e+10 5.29552e+10 4.80201e+10 4.35076e+10 3.94469e+10 3.58712e+10 3.27651e+10 3.01172e+10 2.78831e+10 2.60282e+10 2.45211e+10 2.33459e+10 2.24547e+10 2.18318e+10 2.14783e+10 2.13597e+10 0 0 0 0 0 0 0 0 0 0 0 0 0 0 0 0 0 0 0 0 0 0 0 0 0 0 0 0 0 0 0 0 
0 0 0 0 0 0 0 0 0 5.92809e+09 4.09365e+10 1.11364e+11 1.8643e+11 2.41199e+11 2.71779e+11 2.83503e+11 2.82244e+11 2.73128e+11 2.59813e+11 2.44548e+11 2.28856e+11 2.13614e+11 1.99229e+11 1.86361e+11 1.74717e+11 1.64637e+11 1.5609e+11 1.48927e+11 1.4319e+11 1.38797e+11 1.35701e+11 1.33838e+11 1.33234e+11 0 0 0 0 0 0 0 0 0 0 0 0 0 0 0 0 0 0 0 0 0 0 0 0 0 0 0 0 0 0 0 0 
0 0 0 0 0 0 0 0 0 1.9621e+09 3.76559e+10 1.74345e+11 4.11436e+11 6.66627e+11 8.73464e+11 1.01314e+12 1.09252e+12 1.12511e+12 1.12528e+12 1.10412e+12 1.07017e+12 1.02975e+12 9.87014e+11 9.44416e+11 9.03975e+11 8.67129e+11 8.3429e+11 8.06145e+11 7.83219e+11 7.65037e+11 7.52083e+11 7.44424e+11 7.41873e+11 0 0 0 0 0 0 0 0 0 0 0 0 0 0 0 0 0 0 0 0 0 0 0 0 0 0 0 0 0 0 0 0 
0 0 0 0 0 0 0 0 0 0 2.04961e+10 1.86532e+11 6.70847e+11 1.44439e+12 2.2986e+12 3.05395e+12 3.63621e+12 4.03952e+12 4.28814e+12 4.41567e+12 4.45535e+12 4.43519e+12 4.374e+12 4.2895e+12 4.19371e+12 4.09665e+12 4.00236e+12 3.91853e+12 3.84578e+12 3.78756e+12 3.74311e+12 3.71876e+12 3.70905e+12 0 0 0 0 0 0 0 0 0 0 0 0 0 0 0 0 0 0 0 0 0 0 0 0 0 0 0 0 0 0 0 0 
0 0 0 0 0 0 0 0 0 0 5.2962e+09 1.31126e+11 7.85798e+11 2.38762e+12 4.83587e+12 7.62446e+12 1.02733e+13 1.25229e+13 1.42835e+13 1.55751e+13 1.64661e+13 1.70301e+13 1.73452e+13 1.74819e+13 1.74963e+13 1.74214e+13 1.73055e+13 1.71663e+13 1.70305e+13 1.69102e+13 1.68219e+13 1.67614e+13 1.67381e+13 0 0 0 0 0 0 0 0 0 0 0 0 0 0 0 0 0 0 0 0 0 0 0 0 0 0 0 0 0 0 0 0 
0 0 0 0 0 0 0 0 0 0 0 5.6029e+10 6.4405e+11 2.94227e+12 7.95298e+12 1.54462e+13 2.42473e+13 3.31136e+13 4.12133e+13 4.81286e+13 5.37318e+13 5.81182e+13 6.14349e+13 6.38576e+13 6.55605e+13 6.67133e+13 6.74578e+13 6.79077e+13 6.81554e+13 6.82732e+13 6.83265e+13 6.8339e+13 6.83565e+13 0 0 0 0 0 0 0 0 0 0 0 0 0 0 0 0 0 0 0 0 0 0 0 0 0 0 0 0 0 0 0 0 
0 0 0 0 0 0 0 0 0 0 0 1.15926e+10 3.55672e+11 2.65136e+12 1.00325e+13 2.49317e+13 4.70045e+13 7.36682e+13 1.01845e+14 1.2909e+14 1.53863e+14 1.75395e+14 1.93528e+14 2.0841e+14 2.20331e+14 2.29705e+14 2.36901e+14 2.42406e+14 2.46443e+14 2.49287e+14 2.51163e+14 2.52222e+14 2.52588e+14 0 0 0 0 0 0 0 0 0 0 0 0 0 0 0 0 0 0 0 0 0 0 0 0 0 0 0 0 0 0 0 0 
0 0 0 0 0 0 0 0 0 0 0 0 1.22146e+11 1.70895e+12 9.56577e+12 3.15741e+13 7.37134e+13 1.35948e+14 2.12985e+14 2.97591e+14 3.83132e+14 4.6466e+14 5.39069e+14 6.04789e+14 6.61327e+14 7.08954e+14 7.47999e+14 7.79413e+14 8.03807e+14 8.21933e+14 8.34387e+14 8.41817e+14 8.44167e+14 0 0 0 0 0 0 0 0 0 0 0 0 0 0 0 0 0 0 0 0 0 0 0 0 0 0 0 0 0 0 0 0 
0 0 0 0 0 0 0 0 0 0 0 0 2.06827e+10 7.58771e+11 6.79326e+12 3.09993e+13 9.23286e+13 2.05428e+14 3.72427e+14 5.83367e+14 8.22132e+14 1.07205e+15 1.3188e+15 1.55196e+15 1.76457e+15 1.95249e+15 2.11443e+15 2.24923e+15 2.35757e+15 2.44071e+15 2.49914e+15 2.53337e+15 2.54502e+15 0 0 0 0 0 0 0 0 0 0 0 0 0 0 0 0 0 0 0 0 0 0 0 0 0 0 0 0 0 0 0 0 
0 0 0 0 0 0 0 0 0 0 0 0 0 2.13739e+11 3.52097e+12 2.33658e+13 9.15285e+13 2.51643e+14 5.38653e+14 9.62404e+14 1.50616e+15 2.13591e+15 2.81236e+15 3.49726e+15 4.15898e+15 4.77395e+15 5.32505e+15 5.80104e+15 6.19526e+15 6.50345e+15 6.72433e+15 6.85781e+15 6.90211e+15 0 0 0 0 0 0 0 0 0 0 0 0 0 0 0 0 0 0 0 0 0 0 0 0 0 0 0 0 0 0 0 0 
0 0 0 0 0 0 0 0 0 0 0 0 0 3.0208e+10 1.28248e+12 1.33558e+13 7.1288e+13 2.48015e+14 6.39229e+14 1.32457e+15 2.33483e+15 3.64491e+15 5.18688e+15 6.87108e+15 8.60497e+15 1.03007e+16 1.18875e+16 1.33064e+16 1.45135e+16 1.54818e+16 1.6185e+16 1.66122e+16 1.6753e+16 0 0 0 0 0 0 0 0 0 0 0 0 0 0 0 0 0 0 0 0 0 0 0 0 0 0 0 0 0 0 0 0 
0 0 0 0 0 0 0 0 0 0 0 0 0 0 3.01761e+11 5.67778e+12 4.33172e+13 1.95743e+14 6.18955e+14 1.51101e+15 3.04157e+15 5.28914e+15 8.21735e+15 1.16957e+16 1.5528e+16 1.9496e+16 2.3383e+16 2.69922e+16 3.01614e+16 3.27531e+16 3.46733e+16 3.58496e+16 3.62494e+16 0 0 0 0 0 0 0 0 0 0 0 0 0 0 0 0 0 0 0 0 0 0 0 0 0 0 0 0 0 0 0 0 
0 0 0 0 0 0 0 0 0 0 0 0 0 0 3.62517e+10 1.72718e+12 2.03148e+13 1.23152e+14 4.87364e+14 1.423e+15 3.31304e+15 6.48875e+15 1.1116e+16 1.71374e+16 2.42948e+16 3.21802e+16 4.03038e+16 4.8166e+16 5.52939e+16 6.12761e+16 6.57891e+16 6.85903e+16 6.9545e+16 0 0 0 0 0 0 0 0 0 0 0 0 0 0 0 0 0 0 0 0 0 0 0 0 0 0 0 0 0 0 0 0 
0 0 0 0 0 0 0 0 0 0 0 0 0 0 0 3.45178e+11 7.20895e+12 6.14464e+13 3.11418e+14 1.10436e+15 3.00935e+15 6.70751e+15 1.27831e+16 2.15228e+16 3.28035e+16 4.61026e+16 6.05912e+16 7.5257e+16 8.90218e+16 1.00912e+17 1.10052e+17 1.15816e+17 1.17774e+17 0 0 0 0 0 0 0 0 0 0 0 0 0 0 0 0 0 0 0 0 0 0 0 0 0 0 0 0 0 0 0 0 
0 0 0 0 0 0 0 0 0 0 0 0 0 0 0 3.58884e+10 1.86248e+12 2.40567e+13 1.6108e+14 7.05712e+14 2.27818e+15 5.83422e+15 1.24715e+16 2.30938e+16 3.80816e+16 5.71073e+16 7.91225e+16 1.02518e+17 1.2539e+17 1.4571e+17 1.61684e+17 1.71888e+17 1.75393e+17 0 0 0 0 0 0 0 0 0 0 0 0 0 0 0 0 0 0 0 0 0 0 0 0 0 0 0 0 0 0 0 0 
0 0 0 0 0 0 0 0 0 0 0 0 0 0 0 0 3.21177e+11 7.24512e+12 6.71146e+13 3.71284e+14 1.4382e+15 4.27114e+15 1.0319e+16 2.11514e+16 3.79547e+16 6.10252e+16 8.9514e+16 1.21445e+17 1.53976e+17 1.8385e+17 2.07915e+17 2.23483e+17 2.28888e+17 0 0 0 0 0 0 0 0 0 0 0 0 0 0 0 0 0 0 0 0 0 0 0 0 0 0 0 0 0 0 0 0 
0 0 0 0 0 0 0 0 0 0 0 0 0 0 0 0 2.94348e+10 1.61455e+12 2.23007e+13 1.60519e+14 7.58071e+14 2.63662e+15 7.25133e+15 1.65543e+16 3.24772e+16 5.62385e+16 8.76722e+16 1.24934e+17 1.64618e+17 2.02381e+17 2.33538e+17 2.54111e+17 2.61272e+17 0 0 0 0 0 0 0 0 0 0 0 0 0 0 0 0 0 0 0 0 0 0 0 0 0 0 0 0 0 0 0 0 
0 0 0 0 0 0 0 0 0 0 0 0 0 0 0 0 0 2.43971e+11 5.78884e+12 5.67682e+13 3.33698e+14 1.37551e+15 4.33938e+15 1.10904e+16 2.39073e+16 4.47448e+16 7.43681e+16 1.11609e+17 1.5324e+17 1.94279e+17 2.2912e+17 2.52448e+17 2.60678e+17 0 0 0 0 0 0 0 0 0 0 0 0 0 0 0 0 0 0 0 0 0 0 0 0 0 0 0 0 0 0 0 0 
0 0 0 0 0 0 0 0 0 0 0 0 0 0 0 0 0 2.01257e+10 1.12981e+12 1.62555e+13 1.22561e+14 6.07485e+14 2.21792e+15 6.38583e+15 1.51841e+16 3.08305e+16 5.47795e+16 8.67917e+16 1.2435e+17 1.62862e+17 1.96425e+17 2.19387e+17 2.27547e+17 0 0 0 0 0 0 0 0 0 0 0 0 0 0 0 0 0 0 0 0 0 0 0 0 0 0 0 0 0 0 0 0 
0 0 0 0 0 0 0 0 0 0 0 0 0 0 0 0 0 0 1.51952e+11 3.69258e+12 3.73592e+13 2.27388e+14 9.71173e+14 3.1704e+15 8.3553e+15 1.84618e+16 3.51575e+16 5.8924e+16 8.82601e+16 1.19525e+17 1.47613e+17 1.67172e+17 1.7418e+17 0 0 0 0 0 0 0 0 0 0 0 0 0 0 0 0 0 0 0 0 0 0 0 0 0 0 0 0 0 0 0 0 
0 0 0 0 0 0 0 0 0 0 0 0 0 0 0 0 0 0 1.15717e+10 6.40966e+11 9.35815e+12 7.20361e+13 3.65198e+14 1.36317e+15 4.00052e+15 9.65222e+15 1.97532e+16 3.50789e+16 5.50026e+16 7.71231e+16 9.75768e+16 1.12095e+17 1.17363e+17 0 0 0 0 0 0 0 0 0 0 0 0 0 0 0 0 0 0 0 0 0 0 0 0 0 0 0 0 0 0 0 0 
0 0 0 0 0 0 0 0 0 0 0 0 0 0 0 0 0 0 0 7.80136e+10 1.88838e+12 1.92139e+13 1.18053e+14 5.08948e+14 1.6746e+15 4.42871e+15 9.76339e+15 1.84081e+16 3.02561e+16 4.39567e+16 5.70133e+16 6.64718e+16 6.99247e+16 0 0 0 0 0 0 0 0 0 0 0 0 0 0 0 0 0 0 0 0 0 0 0 0 0 0 0 0 0 0 0 0 
0 0 0 0 0 0 0 0 0 0 0 0 0 0 0 0 0 0 0 5.67293e+09 2.96417e+11 4.27358e+12 3.274e+13 1.6551e+14 6.14962e+14 1.79161e+15 4.26712e+15 8.55902e+15 1.47651e+16 2.22453e+16 2.96003e+16 3.50346e+16 3.70432e+16 0 0 0 0 0 0 0 0 0 0 0 0 0 0 0 0 0 0 0 0 0 0 0 0 0 0 0 0 0 0 0 0 
0 0 0 0 0 0 0 0 0 0 0 0 0 0 0 0 0 0 0 0 3.32633e+10 7.77908e+11 7.7568e+12 4.68869e+13 1.98909e+14 6.42111e+14 1.65866e+15 3.54639e+15 6.43065e+15 1.00594e+16 1.37376e+16 1.65114e+16 1.75485e+16 0 0 0 0 0 0 0 0 0 0 0 0 0 0 0 0 0 0 0 0 0 0 0 0 0 0 0 0 0 0 0 0 
0 0 0 0 0 0 0 0 0 0 0 0 0 0 0 0 0 0 0 0 2.42042e+09 1.12537e+11 1.55574e+12 1.15575e+13 5.67757e+13 2.04628e+14 5.75888e+14 1.31687e+15 2.51439e+15 4.08763e+15 5.73323e+15 7.00066e+15 7.47734e+15 0 0 0 0 0 0 0 0 0 0 0 0 0 0 0 0 0 0 0 0 0 0 0 0 0 0 0 0 0 0 0 0 
0 0 0 0 0 0 0 0 0 0 0 0 0 0 0 0 0 0 0 0 0 1.19093e+10 2.60007e+11 2.46968e+12 1.43092e+13 5.81884e+13 1.79453e+14 4.40229e+14 8.87261e+14 1.50102e+15 2.16442e+15 2.68568e+15 2.88473e+15 0 0 0 0 0 0 0 0 0 0 0 0 0 0 0 0 0 0 0 0 0 0 0 0 0 0 0 0 0 0 0 0 
0 0 0 0 0 0 0 0 0 0 0 0 0 0 0 0 0 0 0 0 0 9.22143e+08 3.54935e+10 4.54334e+11 3.18297e+12 1.47963e+13 5.03634e+13 1.33199e+14 2.84041e+14 5.01042e+14 7.43395e+14 9.38313e+14 1.01306e+15 0 0 0 0 0 0 0 0 0 0 0 0 0 0 0 0 0 0 0 0 0 0 0 0 0 0 0 0 0 0 0 0 
0 0 0 0 0 0 0 0 0 0 0 0 0 0 0 0 0 0 0 0 0 0 3.63644e+09 7.12258e+10 6.24329e+11 3.3694e+12 1.27809e+13 3.66256e+13 8.29226e+13 1.52824e+14 2.33608e+14 2.99958e+14 3.25853e+14 0 0 0 0 0 0 0 0 0 0 0 0 0 0 0 0 0 0 0 0 0 0 0 0 0 0 0 0 0 0 0 0 
0 0 0 0 0 0 0 0 0 0 0 0 0 0 0 0 0 0 0 0 0 0 3.22189e+08 9.46096e+09 1.07526e+11 6.88393e+11 2.94184e+12 9.19155e+12 2.21873e+13 4.28148e+13 6.75305e+13 8.83166e+13 9.64937e+13 0 0 0 0 0 0 0 0 0 0 0 0 0 0 0 0 0 0 0 0 0 0 0 0 0 0 0 0 0 0 0 0 
0 0 0 0 0 0 0 0 0 0 0 0 0 0 0 0 0 0 0 0 0 0 0 9.63004e+08 1.62462e+10 1.26654e+11 6.16396e+11 2.11617e+12 5.46791e+12 1.10743e+13 1.80572e+13 2.40635e+13 2.64547e+13 0 0 0 0 0 0 0 0 0 0 0 0 0 0 0 0 0 0 0 0 0 0 0 0 0 0 0 0 0 0 0 0 
0 0 0 0 0 0 0 0 0 0 0 0 0 0 0 0 0 0 0 0 0 0 0 1.04734e+08 2.18192e+09 2.09341e+10 1.18244e+11 4.49472e+11 1.24841e+12 2.66278e+12 4.49184e+12 6.10796e+12 6.76055e+12 0 0 0 0 0 0 0 0 0 0 0 0 0 0 0 0 0 0 0 0 0 0 0 0 0 0 0 0 0 0 0 0 
0 0 0 0 0 0 0 0 0 0 0 0 0 0 0 0 0 0 0 0 0 0 0 0 2.24006e+08 3.15594e+09 2.09701e+10 8.86012e+10 2.66202e+11 5.99236e+11 1.04791e+12 1.45455e+12 1.62025e+12 0 0 0 0 0 0 0 0 0 0 0 0 0 0 0 0 0 0 0 0 0 0 0 0 0 0 0 0 0 0 0 0 
0 0 0 0 0 0 0 0 0 0 0 0 0 0 0 0 0 0 0 0 0 0 0 0 3.15338e+07 4.45559e+08 3.41598e+09 1.64227e+10 5.34658e+10 1.27205e+11 2.31169e+11 3.27619e+11 3.67753e+11 0 0 0 0 0 0 0 0 0 0 0 0 0 0 0 0 0 0 0 0 0 0 0 0 0 0 0 0 0 0 0 0 
0 0 0 0 0 0 0 0 0 0 0 0 0 0 0 0 0 0 0 0 0 0 0 0 0 4.55355e+07 5.35604e+08 2.89469e+09 1.0179e+10 2.58296e+10 4.86397e+10 7.05527e+10 7.96661e+10 0 0 0 0 0 0 0 0 0 0 0 0 0 0 0 0 0 0 0 0 0 0 0 0 0 0 0 0 0 0 0 0 
0 0 0 0 0 0 0 0 0 0 0 0 0 0 0 0 0 0 0 0 0 0 0 0 0 8.61623e+06 8.11616e+07 4.74881e+08 1.89019e+09 5.03934e+09 9.8823e+09 1.46701e+10 1.66561e+10 0 0 0 0 0 0 0 0 0 0 0 0 0 0 0 0 0 0 0 0 0 0 0 0 0 0 0 0 0 0 0 0 
0 0 0 0 0 0 0 0 0 0 0 0 0 0 0 0 0 0 0 0 0 0 0 0 0 0 7.85674e+06 8.09036e+07 3.38107e+08 9.52951e+08 1.97312e+09 2.95947e+09 3.42065e+09 0 0 0 0 0 0 0 0 0 0 0 0 0 0 0 0 0 0 0 0 0 0 0 0 0 0 0 0 0 0 0 0 
0 0 0 0 0 0 0 0 0 0 0 0 0 0 0 0 0 0 0 0 0 0 0 0 0 0 2.08035e+06 1.29107e+07 5.62609e+07 1.84397e+08 3.79716e+08 5.98019e+08 6.83997e+08 0 0 0 0 0 0 0 0 0 0 0 0 0 0 0 0 0 0 0 0 0 0 0 0 0 0 0 0 0 0 0 0 
0 0 0 0 0 0 0 0 0 0 0 0 0 0 0 0 0 0 0 0 0 0 0 0 0 0 0 1.091e+06 1.08521e+07 3.27773e+07 7.35524e+07 1.19288e+08 1.35605e+08 0 0 0 0 0 0 0 0 0 0 0 0 0 0 0 0 0 0 0 0 0 0 0 0 0 0 0 0 0 0 0 0 
0 0 0 0 0 0 0 0 0 0 0 0 0 0 0 0 0 0 0 0 0 0 0 0 0 0 0 430841 1.70074e+06 5.57762e+06 1.5147e+07 2.21465e+07 2.85282e+07 0 0 0 0 0 0 0 0 0 0 0 0 0 0 0 0 0 0 0 0 0 0 0 0 0 0 0 0 0 0 0 0 
0 0 0 0 0 0 0 0 0 0 0 0 0 0 0 0 0 0 0 0 0 0 0 0 0 0 0 0 112885 1.2543e+06 2.41496e+06 4.68932e+06 5.18636e+06 0 0 0 0 0 0 0 0 0 0 0 0 0 0 0 0 0 0 0 0 0 0 0 0 0 0 0 0 0 0 0 0 
0 0 0 0 0 0 0 0 0 0 0 0 0 0 0 0 0 0 0 0 0 0 0 0 0 0 0 0 73841 171057 458380 964894 937678 0 0 0 0 0 0 0 0 0 0 0 0 0 0 0 0 0 0 0 0 0 0 0 0 0 0 0 0 0 0 0 0 
0 0 0 0 0 0 0 0 0 0 0 0 0 0 0 0 0 0 0 0 0 0 0 0 0 0 0 0 0 7679.54 116971 111660 240352 0 0 0 0 0 0 0 0 0 0 0 0 0 0 0 0 0 0 0 0 0 0 0 0 0 0 0 0 0 0 0 0 
0 0 0 0 0 0 0 0 0 0 0 0 0 0 0 0 0 0 0 0 0 0 0 0 0 0 0 0 0 9984.23 11522.8 32441.7 37496.8 0 0 0 0 0 0 0 0 0 0 0 0 0 0 0 0 0 0 0 0 0 0 0 0 0 0 0 0 0 0 0 0 
0 0 0 0 0 0 0 0 0 0 0 0 0 0 0 0 0 0 0 0 0 0 0 0 0 0 0 0 0 0 255.916 7677.52 2049.2 0 0 0 0 0 0 0 0 0 0 0 0 0 0 0 0 0 0 0 0 0 0 0 0 0 0 0 0 0 0 0 0 
0 0 0 0 0 0 0 0 0 0 0 0 0 0 0 0 0 0 0 0 0 0 0 0 0 0 0 0 0 0 992.082 384.023 1919.78 0 0 0 0 0 0 0 0 0 0 0 0 0 0 0 0 0 0 0 0 0 0 0 0 0 0 0 0 0 0 0 0 
0 0 0 0 0 0 0 0 0 0 0 0 0 0 0 0 0 0 0 0 0 0 0 0 0 0 0 0 0 0 0 0 255.902 0 0 0 0 0 0 0 0 0 0 0 0 0 0 0 0 0 0 0 0 0 0 0 0 0 0 0 0 0 0 0 0 
0 0 0 0 0 0 0 0 0 0 0 0 0 0 0 0 0 0 0 0 0 0 0 0 0 0 0 0 0 0 0 64.0053 0 0 0 0 0 0 0 0 0 0 0 0 0 0 0 0 0 0 0 0 0 0 0 0 0 0 0 0 0 0 0 0 0 
0 0 0 0 0 0 0 0 0 0 0 0 0 0 0 0 0 0 0 0 0 0 0 0 0 0 0 0 0 0 0 0 0 0 0 0 0 0 0 0 0 0 0 0 0 0 0 0 0 0 0 0 0 0 0 0 0 0 0 0 0 0 0 0 0 
0 0 0 0 0 0 0 0 0 0 0 0 0 0 0 0 0 0 0 0 0 0 0 0 0 0 0 0 0 0 0 0 2.00017 0 0 0 0 0 0 0 0 0 0 0 0 0 0 0 0 0 0 0 0 0 0 0 0 0 0 0 0 0 0 0 0 
