1 0 0 0 0 0 0 0 0 0 0 0 0 0 0 0 0 
0 0 0 0 0 0 0 0 0 0 0 0 0 0 0 0 0 
0 16 0 0 0 0 0 0 0 0 0 0 0 0 0 0 0 
0 0 32 0 0 0 0 0 0 0 0 0 0 0 0 0 0 
0 0 88 95.4322 23.8576 0 0 0 7.8319 0 0 0 0 0 0 0 0 
0 0 0 257.136 255.533 191.884 95.0127 62.6543 0 0 0 0 0 0 0 0 0 
0 0 0 207.432 735.405 686.599 705.291 628.227 769.408 0 0 0 0 0 0 0 0 
0 0 0 0 579.138 1664.62 1819.86 1915.62 1599.04 0 0 0 0 0 0 0 0 
0 0 0 0 226.067 1249.95 2931.81 3679.67 4353.47 0 0 0 0 0 0 0 0 
0 0 0 0 0 448.451 1570.65 3138.05 3266.53 0 0 0 0 0 0 0 0 
0 0 0 0 0 126.495 766.294 1392.51 2114.89 0 0 0 0 0 0 0 0 
0 0 0 0 0 0 64.031 511.602 571.108 0 0 0 0 0 0 0 0 
0 0 0 0 0 0 55.0445 95.9335 120.953 0 0 0 0 0 0 0 0 
0 0 0 0 0 0 0 0 64.7952 0 0 0 0 0 0 0 0 
0 0 0 0 0 0 0 15.7274 0 0 0 0 0 0 0 0 0 
0 0 0 0 0 0 0 0 0 0 0 0 0 0 0 0 0 
0 0 0 0 0 0 0 0 1.96595 0 0 0 0 0 0 0 0 
