1 0 0 0 0 0 0 0 0 0 0 0 0 0 0 0 0 
0 0 0 0 0 0 0 0 0 0 0 0 0 0 0 0 0 
0 16 0 0 0 0 0 0 0 0 0 0 0 0 0 0 0 
0 0 32 0 0 0 0 0 0 0 0 0 0 0 0 0 0 
0 0 88 95.5169 23.8788 0 0 0 7.87414 0 0 0 0 0 0 0 0 
0 0 0 256.976 254.536 190.706 96.054 62.9954 0 0 0 0 0 0 0 0 0 
0 0 0 207.507 737.506 686.783 705.765 625.424 767.026 0 0 0 0 0 0 0 0 
0 0 0 0 577.868 1667.49 1822.06 1924.41 1595.29 0 0 0 0 0 0 0 0 
0 0 0 0 226.211 1249.09 2924.76 3665.66 4364.45 0 0 0 0 0 0 0 0 
0 0 0 0 0 446.664 1571.75 3149.17 3265.93 0 0 0 0 0 0 0 0 
0 0 0 0 0 127.272 768.468 1389.44 2108.13 0 0 0 0 0 0 0 0 
0 0 0 0 0 0 63.5291 511.014 574.499 0 0 0 0 0 0 0 0 
0 0 0 0 0 0 55.6118 95.9944 120.764 0 0 0 0 0 0 0 0 
0 0 0 0 0 0 0 0 64.055 0 0 0 0 0 0 0 0 
0 0 0 0 0 0 0 15.8893 0 0 0 0 0 0 0 0 0 
0 0 0 0 0 0 0 0 0 0 0 0 0 0 0 0 0 
0 0 0 0 0 0 0 0 1.98619 0 0 0 0 0 0 0 0 
