1 0 0 0 0 0 0 0 0 0 0 0 0 0 0 0 0 
0 0 0 0 0 0 0 0 0 0 0 0 0 0 0 0 0 
0 16 0 0 0 0 0 0 0 0 0 0 0 0 0 0 0 
0 0 32 0 0 0 0 0 0 0 0 0 0 0 0 0 0 
0 0 88 95.6841 23.9219 0 0 0 7.97463 0 0 0 0 0 0 0 0 
0 0 0 256.641 254.539 191.128 95.5637 63.7997 0 0 0 0 0 0 0 0 0 
0 0 0 207.675 738.061 685.735 702.975 624.02 765.592 0 0 0 0 0 0 0 0 
0 0 0 0 576.645 1669.68 1825.58 1922.88 1602.45 0 0 0 0 0 0 0 0 
0 0 0 0 226.833 1246.6 2929.21 3674.09 4354.23 0 0 0 0 0 0 0 0 
0 0 0 0 0 447.337 1567.63 3134.21 3269.41 0 0 0 0 0 0 0 0 
0 0 0 0 0 127.514 766.869 1403.01 2108.92 0 0 0 0 0 0 0 0 
0 0 0 0 0 0 64.2268 506.25 574.933 0 0 0 0 0 0 0 0 
0 0 0 0 0 0 55.9479 95.7502 121.16 0 0 0 0 0 0 0 0 
0 0 0 0 0 0 0 0 63.3246 0 0 0 0 0 0 0 0 
0 0 0 0 0 0 0 15.9855 0 0 0 0 0 0 0 0 0 
0 0 0 0 0 0 0 0 0 0 0 0 0 0 0 0 0 
0 0 0 0 0 0 0 0 1.9982 0 0 0 0 0 0 0 0 
