1 0 0 0 0 0 0 0 0 0 0 0 0 0 0 0 0 
0 0 0 0 0 0 0 0 0 0 0 0 0 0 0 0 0 
0 16 0 0 0 0 0 0 0 0 0 0 0 0 0 0 0 
0 0 32 0 0 0 0 0 0 0 0 0 0 0 0 0 0 
0 0 88 95.2122 23.804 0 0 0 8.01992 0 0 0 0 0 0 0 0 
0 0 0 257.576 255.68 190.665 95.4815 64.1622 0 0 0 0 0 0 0 0 0 
0 0 0 207.212 735.501 689.601 704.222 624.086 768.328 0 0 0 0 0 0 0 0 
0 0 0 0 578.759 1662.95 1822.64 1919.75 1606.23 0 0 0 0 0 0 0 0 
0 0 0 0 226.257 1250.43 2928.87 3685.21 4343.53 0 0 0 0 0 0 0 0 
0 0 0 0 0 446.651 1571.69 3127.28 3270.32 0 0 0 0 0 0 0 0 
0 0 0 0 0 127.7 765.739 1392.95 2110.57 0 0 0 0 0 0 0 0 
0 0 0 0 0 0 63.1093 515.331 576.568 0 0 0 0 0 0 0 0 
0 0 0 0 0 0 56.246 95.1628 120.599 0 0 0 0 0 0 0 0 
0 0 0 0 0 0 0 0 63.822 0 0 0 0 0 0 0 0 
0 0 0 0 0 0 0 16.0704 0 0 0 0 0 0 0 0 0 
0 0 0 0 0 0 0 0 0 0 0 0 0 0 0 0 0 
0 0 0 0 0 0 0 0 2.00882 0 0 0 0 0 0 0 0 
