1 0 0 0 0 0 0 0 0 0 0 0 0 0 0 0 0 
0 0 0 0 0 0 0 0 0 0 0 0 0 0 0 0 0 
0 16 0 0 0 0 0 0 0 0 0 0 0 0 0 0 0 
0 0 32 0 0 0 0 0 0 0 0 0 0 0 0 0 0 
0 0 88 95.4997 23.8729 0 0 0 7.8864 0 0 0 0 0 0 0 0 
0 0 0 257.001 255.766 190.107 94.9119 63.0909 0 0 0 0 0 0 0 0 0 
0 0 0 207.5 736.277 687.984 702.182 625.499 769.175 0 0 0 0 0 0 0 0 
0 0 0 0 576.624 1670.07 1833.89 1927.57 1607.33 0 0 0 0 0 0 0 0 
0 0 0 0 227.46 1243.92 2917.48 3667.25 4343.3 0 0 0 0 0 0 0 0 
0 0 0 0 0 447.41 1572.33 3138.5 3263.56 0 0 0 0 0 0 0 0 
0 0 0 0 0 128.509 766.831 1391.83 2117.07 0 0 0 0 0 0 0 0 
0 0 0 0 0 0 64.3245 515.116 575.032 0 0 0 0 0 0 0 0 
0 0 0 0 0 0 56.0502 95.1273 120.56 0 0 0 0 0 0 0 0 
0 0 0 0 0 0 0 0 64.0873 0 0 0 0 0 0 0 0 
0 0 0 0 0 0 0 16.0147 0 0 0 0 0 0 0 0 0 
0 0 0 0 0 0 0 0 0 0 0 0 0 0 0 0 0 
0 0 0 0 0 0 0 0 2.00185 0 0 0 0 0 0 0 0 
