1 0 0 0 0 0 0 0 0 0 0 0 0 0 0 0 0 
0 0 0 0 0 0 0 0 0 0 0 0 0 0 0 0 0 
0 16 0 0 0 0 0 0 0 0 0 0 0 0 0 0 0 
0 0 32 0 0 0 0 0 0 0 0 0 0 0 0 0 0 
0 0 88 95.9276 23.9829 0 0 0 8.04235 0 0 0 0 0 0 0 0 
0 0 0 256.154 255.257 191.553 96.0049 64.3382 0 0 0 0 0 0 0 0 0 
0 0 0 207.918 737.459 687.817 705.15 621.711 768.872 0 0 0 0 0 0 0 0 
0 0 0 0 575.421 1665.83 1819.67 1925.61 1592.19 0 0 0 0 0 0 0 0 
0 0 0 0 227.88 1247.64 2936.9 3666.42 4363.69 0 0 0 0 0 0 0 0 
0 0 0 0 0 446.287 1559.88 3153.72 3266.79 0 0 0 0 0 0 0 0 
0 0 0 0 0 128.874 769.257 1384.74 2109.48 0 0 0 0 0 0 0 0 
0 0 0 0 0 0 65.1228 511.191 575.186 0 0 0 0 0 0 0 0 
0 0 0 0 0 0 56.0161 96.2647 119.973 0 0 0 0 0 0 0 0 
0 0 0 0 0 0 0 0 63.7681 0 0 0 0 0 0 0 0 
0 0 0 0 0 0 0 16.0046 0 0 0 0 0 0 0 0 0 
0 0 0 0 0 0 0 0 0 0 0 0 0 0 0 0 0 
0 0 0 0 0 0 0 0 2.00059 0 0 0 0 0 0 0 0 
