1 0 0 0 0 0 0 0 0 0 0 0 0 0 0 0 0 0 0 0 0 0 0 0 0 0 0 0 0 0 0 0 0 0 0 0 0 0 0 0 0 0 0 0 0 0 0 0 0 0 0 0 0 0 0 0 0 0 0 0 0 0 0 0 0 
0 0 0 0 0 0 0 0 0 0 0 0 0 0 0 0 0 0 0 0 0 0 0 0 0 0 0 0 0 0 0 0 0 0 0 0 0 0 0 0 0 0 0 0 0 0 0 0 0 0 0 0 0 0 0 0 0 0 0 0 0 0 0 0 0 
0 64 0 0 0 0 0 0 0 0 0 0 0 0 0 0 0 0 0 0 0 0 0 0 0 0 0 0 0 0 0 0 0 0 0 0 0 0 0 0 0 0 0 0 0 0 0 0 0 0 0 0 0 0 0 0 0 0 0 0 0 0 0 0 0 
0 0 128 0 0 0 0 0 0 0 0 0 0 0 0 0 0 0 0 0 0 0 0 0 0 0 0 0 0 0 0 0 0 0 0 0 0 0 0 0 0 0 0 0 0 0 0 0 0 0 0 0 0 0 0 0 0 0 0 0 0 0 0 0 0 
0 0 1888 375.699 62.7887 0 0 0 0 0 0 0 0 0 0 0 0 0 0 0 0 0 0 0 0 0 0 0 0 0 0 0 0 0 0 0 0 0 0 0 0 0 0 0 0 0 0 0 0 0 0 0 0 0 0 0 0 0 0 0 0 0 0 0 0 
0 0 0 7184.6 1153.94 518.441 128.27 0 0 0 0 0 0 0 0 0 0 0 0 0 0 0 0 0 0 0 0 0 0 0 0 0 0 0 0 0 0 0 0 0 0 0 0 0 0 0 0 0 0 0 0 0 0 0 0 0 0 0 0 0 0 0 0 0 0 
0 0 0 34103.7 27204.9 6825.47 2501.52 1404.44 372.843 68.5603 0 0 0 0 0 0 0 0 0 0 0 0 0 0 0 0 0 0 0 0 0 0 0 0 0 0 0 0 0 0 0 0 0 0 0 0 0 0 0 0 0 0 0 0 0 0 0 0 0 0 0 0 0 0 0 
0 0 0 0 183925 96575.6 43182.8 16721.9 8381.18 4473.55 1916.71 489.32 121.143 0 0 0 0 0 0 0 0 0 0 0 0 0 0 0 0 0 0 0 0 0 0 0 0 0 0 0 0 0 0 0 0 0 0 0 0 0 0 0 0 0 0 0 0 0 0 0 0 0 0 0 0 
0 0 0 0 423029 829422 413177 222010 120531 58491.6 33244.8 19462.5 9863.66 4235.9 1437.93 378.888 90.9473 0 0 0 0 0 0 0 15.6602 0 0 0 0 0 0 0 16.2023 0 0 0 0 0 0 0 0 0 0 0 0 0 0 0 0 0 0 0 0 0 0 0 0 0 0 0 0 0 0 0 0 
0 0 0 0 0 2.86249e+06 3.31466e+06 1.97449e+06 1.13471e+06 711448 427538 249398 148143 95344.1 58318.4 29989.8 14165.4 5949.18 2050.58 692.691 360.365 238.423 230.153 269.027 0 243.083 232.958 240.281 247.151 267.273 265.31 258.561 0 0 0 0 0 0 0 0 0 0 0 0 0 0 0 0 0 0 0 0 0 0 0 0 0 0 0 0 0 0 0 0 0 
0 0 0 0 0 3.82868e+06 1.46046e+07 1.35309e+07 9.39543e+06 6.0488e+06 3.95868e+06 2.65311e+06 1.77514e+06 1.15224e+06 776316 502007 327788 205167 118395 64431 35734.9 21182.4 13502.8 10077.3 10916.8 9353.72 9563.43 8751.9 9513.99 9035.02 9396.03 9249.58 11100.3 0 0 0 0 0 0 0 0 0 0 0 0 0 0 0 0 0 0 0 0 0 0 0 0 0 0 0 0 0 0 0 0 
0 0 0 0 0 0 3.03665e+07 6.36982e+07 5.73566e+07 4.27439e+07 3.13055e+07 2.22636e+07 1.57775e+07 1.13669e+07 8.3066e+06 5.86329e+06 4.10367e+06 2.90672e+06 2.05174e+06 1.45178e+06 996061 702463 485984 360323 273207 240609 228810 216217 219554 216325 208425 206470 202468 0 0 0 0 0 0 0 0 0 0 0 0 0 0 0 0 0 0 0 0 0 0 0 0 0 0 0 0 0 0 0 0 
0 0 0 0 0 0 2.62296e+07 1.69363e+08 2.62608e+08 2.4846e+08 1.98462e+08 1.54269e+08 1.19551e+08 9.04677e+07 6.83502e+07 5.22406e+07 4.00785e+07 3.08285e+07 2.34018e+07 1.77505e+07 1.39153e+07 1.05812e+07 8.37893e+06 6.58194e+06 5.56737e+06 4.54973e+06 3.83992e+06 3.54265e+06 3.35522e+06 3.20545e+06 3.1226e+06 3.16869e+06 3.2203e+06 0 0 0 0 0 0 0 0 0 0 0 0 0 0 0 0 0 0 0 0 0 0 0 0 0 0 0 0 0 0 0 0 
0 0 0 0 0 0 0 2.33011e+08 7.85508e+08 1.06491e+09 1.04472e+09 9.01387e+08 7.45597e+08 6.06401e+08 4.92936e+08 3.9106e+08 3.15431e+08 2.50688e+08 1.98492e+08 1.64361e+08 1.34523e+08 1.09867e+08 9.16554e+07 7.74108e+07 6.58927e+07 5.61835e+07 4.90455e+07 4.55598e+07 4.16594e+07 4.02733e+07 3.79449e+07 3.71615e+07 3.63962e+07 0 0 0 0 0 0 0 0 0 0 0 0 0 0 0 0 0 0 0 0 0 0 0 0 0 0 0 0 0 0 0 0 
0 0 0 0 0 0 0 1.39398e+08 1.38446e+09 3.29838e+09 4.27543e+09 4.32143e+09 3.97104e+09 3.48182e+09 2.96047e+09 2.55551e+09 2.12126e+09 1.78213e+09 1.51538e+09 1.25814e+09 1.07529e+09 9.19424e+08 7.90226e+08 6.94409e+08 5.90305e+08 5.19098e+08 4.66643e+08 4.37962e+08 4.11693e+08 3.86493e+08 3.7618e+08 3.63836e+08 3.61019e+08 0 0 0 0 0 0 0 0 0 0 0 0 0 0 0 0 0 0 0 0 0 0 0 0 0 0 0 0 0 0 0 0 
0 0 0 0 0 0 0 0 1.34071e+09 6.67735e+09 1.31333e+10 1.68126e+10 1.77228e+10 1.70682e+10 1.5837e+10 1.40231e+10 1.25367e+10 1.09912e+10 9.53522e+09 8.34723e+09 7.33351e+09 6.50831e+09 5.68782e+09 5.07093e+09 4.50462e+09 4.0857e+09 3.7755e+09 3.52511e+09 3.32695e+09 3.20224e+09 3.05785e+09 2.98312e+09 2.96054e+09 0 0 0 0 0 0 0 0 0 0 0 0 0 0 0 0 0 0 0 0 0 0 0 0 0 0 0 0 0 0 0 0 
0 0 0 0 0 0 0 0 5.84858e+08 8.31228e+09 2.84327e+10 5.03652e+10 6.44796e+10 7.05954e+10 7.07898e+10 6.86513e+10 6.37844e+10 5.85756e+10 5.28166e+10 4.79731e+10 4.34687e+10 3.90282e+10 3.57666e+10 3.23458e+10 2.97037e+10 2.75478e+10 2.58394e+10 2.43925e+10 2.31648e+10 2.24334e+10 2.14071e+10 2.12422e+10 2.15181e+10 0 0 0 0 0 0 0 0 0 0 0 0 0 0 0 0 0 0 0 0 0 0 0 0 0 0 0 0 0 0 0 0 
0 0 0 0 0 0 0 0 0 5.92985e+09 4.0902e+10 1.11346e+11 1.86062e+11 2.40485e+11 2.72598e+11 2.83525e+11 2.83485e+11 2.73204e+11 2.60062e+11 2.45025e+11 2.28214e+11 2.12444e+11 1.97989e+11 1.85795e+11 1.73892e+11 1.64714e+11 1.55802e+11 1.48476e+11 1.42592e+11 1.38735e+11 1.35813e+11 1.3421e+11 1.31622e+11 0 0 0 0 0 0 0 0 0 0 0 0 0 0 0 0 0 0 0 0 0 0 0 0 0 0 0 0 0 0 0 0 
0 0 0 0 0 0 0 0 0 1.9598e+09 3.76379e+10 1.74514e+11 4.1141e+11 6.67002e+11 8.70407e+11 1.01055e+12 1.09469e+12 1.12719e+12 1.12746e+12 1.10392e+12 1.06668e+12 1.02602e+12 9.88932e+11 9.38093e+11 8.95305e+11 8.59279e+11 8.34421e+11 8.02344e+11 7.84212e+11 7.54904e+11 7.47811e+11 7.43802e+11 7.3506e+11 0 0 0 0 0 0 0 0 0 0 0 0 0 0 0 0 0 0 0 0 0 0 0 0 0 0 0 0 0 0 0 0 
0 0 0 0 0 0 0 0 0 0 2.05217e+10 1.86427e+11 6.72346e+11 1.44381e+12 2.29891e+12 3.05088e+12 3.63696e+12 4.04255e+12 4.28366e+12 4.41981e+12 4.45074e+12 4.44598e+12 4.36681e+12 4.26356e+12 4.2006e+12 4.10016e+12 4.01289e+12 3.93062e+12 3.83361e+12 3.77424e+12 3.72714e+12 3.65176e+12 3.68436e+12 0 0 0 0 0 0 0 0 0 0 0 0 0 0 0 0 0 0 0 0 0 0 0 0 0 0 0 0 0 0 0 0 
0 0 0 0 0 0 0 0 0 0 5.29127e+09 1.31087e+11 7.84721e+11 2.38849e+12 4.83696e+12 7.61837e+12 1.02652e+13 1.25491e+13 1.42943e+13 1.5615e+13 1.65593e+13 1.70446e+13 1.73992e+13 1.75744e+13 1.74148e+13 1.74341e+13 1.72374e+13 1.71188e+13 1.69706e+13 1.68931e+13 1.67281e+13 1.66938e+13 1.66643e+13 0 0 0 0 0 0 0 0 0 0 0 0 0 0 0 0 0 0 0 0 0 0 0 0 0 0 0 0 0 0 0 0 
0 0 0 0 0 0 0 0 0 0 0 5.60535e+10 6.44255e+11 2.94121e+12 7.95363e+12 1.54806e+13 2.424e+13 3.31458e+13 4.12673e+13 4.80806e+13 5.36633e+13 5.83434e+13 6.16691e+13 6.40791e+13 6.58311e+13 6.64305e+13 6.7464e+13 6.79561e+13 6.80236e+13 6.82527e+13 6.81263e+13 6.83177e+13 6.88508e+13 0 0 0 0 0 0 0 0 0 0 0 0 0 0 0 0 0 0 0 0 0 0 0 0 0 0 0 0 0 0 0 0 
0 0 0 0 0 0 0 0 0 0 0 1.15877e+10 3.55515e+11 2.65461e+12 1.00282e+13 2.48982e+13 4.70272e+13 7.35592e+13 1.01685e+14 1.28991e+14 1.53707e+14 1.74998e+14 1.93513e+14 2.08647e+14 2.20377e+14 2.29461e+14 2.36927e+14 2.42141e+14 2.46764e+14 2.48522e+14 2.51938e+14 2.53123e+14 2.53353e+14 0 0 0 0 0 0 0 0 0 0 0 0 0 0 0 0 0 0 0 0 0 0 0 0 0 0 0 0 0 0 0 0 
0 0 0 0 0 0 0 0 0 0 0 0 1.22198e+11 1.70664e+12 9.56891e+12 3.15715e+13 7.37965e+13 1.36092e+14 2.13062e+14 2.97853e+14 3.82144e+14 4.64072e+14 5.38814e+14 6.04721e+14 6.60796e+14 7.10882e+14 7.47271e+14 7.77175e+14 8.05928e+14 8.21128e+14 8.32157e+14 8.39073e+14 8.45106e+14 0 0 0 0 0 0 0 0 0 0 0 0 0 0 0 0 0 0 0 0 0 0 0 0 0 0 0 0 0 0 0 0 
0 0 0 0 0 0 0 0 0 0 0 0 2.06507e+10 7.58878e+11 6.79946e+12 3.09984e+13 9.21194e+13 2.05166e+14 3.72789e+14 5.8337e+14 8.22951e+14 1.07137e+15 1.32e+15 1.55444e+15 1.76411e+15 1.95019e+15 2.11357e+15 2.24803e+15 2.35584e+15 2.44564e+15 2.50092e+15 2.54132e+15 2.54742e+15 0 0 0 0 0 0 0 0 0 0 0 0 0 0 0 0 0 0 0 0 0 0 0 0 0 0 0 0 0 0 0 0 
0 0 0 0 0 0 0 0 0 0 0 0 0 2.13747e+11 3.51939e+12 2.33939e+13 9.16239e+13 2.51992e+14 5.38951e+14 9.62954e+14 1.50601e+15 2.13415e+15 2.80521e+15 3.49517e+15 4.15555e+15 4.78283e+15 5.32638e+15 5.80171e+15 6.19946e+15 6.4887e+15 6.73878e+15 6.86694e+15 6.9189e+15 0 0 0 0 0 0 0 0 0 0 0 0 0 0 0 0 0 0 0 0 0 0 0 0 0 0 0 0 0 0 0 0 
0 0 0 0 0 0 0 0 0 0 0 0 0 3.01334e+10 1.27956e+12 1.33513e+13 7.12933e+13 2.47715e+14 6.38154e+14 1.32479e+15 2.33922e+15 3.64911e+15 5.1918e+15 6.84898e+15 8.60384e+15 1.02859e+16 1.19014e+16 1.33246e+16 1.44778e+16 1.5531e+16 1.62252e+16 1.66177e+16 1.67823e+16 0 0 0 0 0 0 0 0 0 0 0 0 0 0 0 0 0 0 0 0 0 0 0 0 0 0 0 0 0 0 0 0 
0 0 0 0 0 0 0 0 0 0 0 0 0 0 3.0133e+11 5.67206e+12 4.33534e+13 1.95735e+14 6.19303e+14 1.50993e+15 3.03703e+15 5.28976e+15 8.21154e+15 1.17103e+16 1.55229e+16 1.94984e+16 2.33567e+16 2.69787e+16 3.02451e+16 3.28124e+16 3.46725e+16 3.5869e+16 3.62248e+16 0 0 0 0 0 0 0 0 0 0 0 0 0 0 0 0 0 0 0 0 0 0 0 0 0 0 0 0 0 0 0 0 
0 0 0 0 0 0 0 0 0 0 0 0 0 0 3.61768e+10 1.72305e+12 2.03114e+13 1.23346e+14 4.87458e+14 1.42273e+15 3.31495e+15 6.48504e+15 1.11334e+16 1.71437e+16 2.42616e+16 3.21481e+16 4.02947e+16 4.81215e+16 5.51957e+16 6.11782e+16 6.56744e+16 6.856e+16 6.95264e+16 0 0 0 0 0 0 0 0 0 0 0 0 0 0 0 0 0 0 0 0 0 0 0 0 0 0 0 0 0 0 0 0 
0 0 0 0 0 0 0 0 0 0 0 0 0 0 0 3.45149e+11 7.18817e+12 6.13411e+13 3.11066e+14 1.10394e+15 3.00937e+15 6.71061e+15 1.27699e+16 2.15417e+16 3.28766e+16 4.61586e+16 6.06854e+16 7.52979e+16 8.91273e+16 1.00899e+17 1.10088e+17 1.15813e+17 1.1773e+17 0 0 0 0 0 0 0 0 0 0 0 0 0 0 0 0 0 0 0 0 0 0 0 0 0 0 0 0 0 0 0 0 
0 0 0 0 0 0 0 0 0 0 0 0 0 0 0 3.58281e+10 1.86507e+12 2.41098e+13 1.61366e+14 7.06571e+14 2.27519e+15 5.84291e+15 1.2475e+16 2.309e+16 3.80659e+16 5.71713e+16 7.90602e+16 1.02661e+17 1.25483e+17 1.45442e+17 1.61877e+17 1.72104e+17 1.75418e+17 0 0 0 0 0 0 0 0 0 0 0 0 0 0 0 0 0 0 0 0 0 0 0 0 0 0 0 0 0 0 0 0 
0 0 0 0 0 0 0 0 0 0 0 0 0 0 0 0 3.20065e+11 7.22441e+12 6.71607e+13 3.70629e+14 1.43756e+15 4.25576e+15 1.03196e+16 2.11279e+16 3.79433e+16 6.08745e+16 8.93885e+16 1.21207e+17 1.53856e+17 1.84359e+17 2.07828e+17 2.2334e+17 2.28771e+17 0 0 0 0 0 0 0 0 0 0 0 0 0 0 0 0 0 0 0 0 0 0 0 0 0 0 0 0 0 0 0 0 
0 0 0 0 0 0 0 0 0 0 0 0 0 0 0 0 2.93801e+10 1.6174e+12 2.23225e+13 1.61208e+14 7.60472e+14 2.64245e+15 7.25537e+15 1.65617e+16 3.24871e+16 5.62647e+16 8.77592e+16 1.24989e+17 1.64342e+17 2.02363e+17 2.33229e+17 2.54014e+17 2.61388e+17 0 0 0 0 0 0 0 0 0 0 0 0 0 0 0 0 0 0 0 0 0 0 0 0 0 0 0 0 0 0 0 0 
0 0 0 0 0 0 0 0 0 0 0 0 0 0 0 0 0 2.4269e+11 5.77939e+12 5.67334e+13 3.33397e+14 1.37528e+15 4.33253e+15 1.1095e+16 2.39093e+16 4.48125e+16 7.441e+16 1.11759e+17 1.53589e+17 1.9384e+17 2.29171e+17 2.51997e+17 2.60886e+17 0 0 0 0 0 0 0 0 0 0 0 0 0 0 0 0 0 0 0 0 0 0 0 0 0 0 0 0 0 0 0 0 
0 0 0 0 0 0 0 0 0 0 0 0 0 0 0 0 0 2.00936e+10 1.13172e+12 1.62375e+13 1.22763e+14 6.07069e+14 2.21843e+15 6.37777e+15 1.51606e+16 3.08176e+16 5.47757e+16 8.66361e+16 1.2421e+17 1.62879e+17 1.96629e+17 2.1966e+17 2.27165e+17 0 0 0 0 0 0 0 0 0 0 0 0 0 0 0 0 0 0 0 0 0 0 0 0 0 0 0 0 0 0 0 0 
0 0 0 0 0 0 0 0 0 0 0 0 0 0 0 0 0 0 1.5108e+11 3.68968e+12 3.73804e+13 2.27853e+14 9.71661e+14 3.1763e+15 8.36668e+15 1.84663e+16 3.51905e+16 5.89063e+16 8.82192e+16 1.19827e+17 1.47573e+17 1.675e+17 1.74357e+17 0 0 0 0 0 0 0 0 0 0 0 0 0 0 0 0 0 0 0 0 0 0 0 0 0 0 0 0 0 0 0 0 
0 0 0 0 0 0 0 0 0 0 0 0 0 0 0 0 0 0 1.15994e+10 6.38239e+11 9.33382e+12 7.20646e+13 3.6569e+14 1.36283e+15 3.99698e+15 9.61974e+15 1.97153e+16 3.51483e+16 5.50565e+16 7.7019e+16 9.75964e+16 1.12059e+17 1.17348e+17 0 0 0 0 0 0 0 0 0 0 0 0 0 0 0 0 0 0 0 0 0 0 0 0 0 0 0 0 0 0 0 0 
0 0 0 0 0 0 0 0 0 0 0 0 0 0 0 0 0 0 0 7.77593e+10 1.88826e+12 1.92143e+13 1.18095e+14 5.0836e+14 1.67633e+15 4.44471e+15 9.77019e+15 1.84267e+16 3.02733e+16 4.40287e+16 5.71251e+16 6.63977e+16 7.00292e+16 0 0 0 0 0 0 0 0 0 0 0 0 0 0 0 0 0 0 0 0 0 0 0 0 0 0 0 0 0 0 0 0 
0 0 0 0 0 0 0 0 0 0 0 0 0 0 0 0 0 0 0 5.66873e+09 2.95723e+11 4.2698e+12 3.2726e+13 1.65385e+14 6.15118e+14 1.78998e+15 4.25449e+15 8.54543e+15 1.4798e+16 2.22208e+16 2.94756e+16 3.50443e+16 3.69619e+16 0 0 0 0 0 0 0 0 0 0 0 0 0 0 0 0 0 0 0 0 0 0 0 0 0 0 0 0 0 0 0 0 
0 0 0 0 0 0 0 0 0 0 0 0 0 0 0 0 0 0 0 0 3.31209e+10 7.77119e+11 7.77631e+12 4.68766e+13 1.98668e+14 6.42169e+14 1.66114e+15 3.54022e+15 6.41105e+15 1.0027e+16 1.37421e+16 1.64889e+16 1.75547e+16 0 0 0 0 0 0 0 0 0 0 0 0 0 0 0 0 0 0 0 0 0 0 0 0 0 0 0 0 0 0 0 0 
0 0 0 0 0 0 0 0 0 0 0 0 0 0 0 0 0 0 0 0 2.42593e+09 1.12145e+11 1.55408e+12 1.15606e+13 5.66076e+13 2.04603e+14 5.74313e+14 1.31445e+15 2.50379e+15 4.08939e+15 5.73375e+15 6.98674e+15 7.47763e+15 0 0 0 0 0 0 0 0 0 0 0 0 0 0 0 0 0 0 0 0 0 0 0 0 0 0 0 0 0 0 0 0 
0 0 0 0 0 0 0 0 0 0 0 0 0 0 0 0 0 0 0 0 0 1.19119e+10 2.60222e+11 2.46446e+12 1.43332e+13 5.82048e+13 1.79336e+14 4.40241e+14 8.88132e+14 1.49832e+15 2.16825e+15 2.69232e+15 2.87812e+15 0 0 0 0 0 0 0 0 0 0 0 0 0 0 0 0 0 0 0 0 0 0 0 0 0 0 0 0 0 0 0 0 
0 0 0 0 0 0 0 0 0 0 0 0 0 0 0 0 0 0 0 0 0 9.2986e+08 3.54121e+10 4.54719e+11 3.18281e+12 1.46912e+13 5.04346e+13 1.32879e+14 2.83227e+14 4.99772e+14 7.41541e+14 9.3715e+14 1.01274e+15 0 0 0 0 0 0 0 0 0 0 0 0 0 0 0 0 0 0 0 0 0 0 0 0 0 0 0 0 0 0 0 0 
0 0 0 0 0 0 0 0 0 0 0 0 0 0 0 0 0 0 0 0 0 0 3.64327e+09 7.09302e+10 6.22985e+11 3.36649e+12 1.27114e+13 3.65292e+13 8.34842e+13 1.53491e+14 2.33699e+14 2.99281e+14 3.26028e+14 0 0 0 0 0 0 0 0 0 0 0 0 0 0 0 0 0 0 0 0 0 0 0 0 0 0 0 0 0 0 0 0 
0 0 0 0 0 0 0 0 0 0 0 0 0 0 0 0 0 0 0 0 0 0 3.24564e+08 9.44133e+09 1.0746e+11 6.87898e+11 2.92573e+12 9.17345e+12 2.21087e+13 4.28483e+13 6.76054e+13 8.82641e+13 9.67698e+13 0 0 0 0 0 0 0 0 0 0 0 0 0 0 0 0 0 0 0 0 0 0 0 0 0 0 0 0 0 0 0 0 
0 0 0 0 0 0 0 0 0 0 0 0 0 0 0 0 0 0 0 0 0 0 0 9.62417e+08 1.62596e+10 1.2566e+11 6.17003e+11 2.10209e+12 5.43483e+12 1.10836e+13 1.80058e+13 2.39471e+13 2.62721e+13 0 0 0 0 0 0 0 0 0 0 0 0 0 0 0 0 0 0 0 0 0 0 0 0 0 0 0 0 0 0 0 0 
0 0 0 0 0 0 0 0 0 0 0 0 0 0 0 0 0 0 0 0 0 0 0 1.05675e+08 2.18847e+09 2.09901e+10 1.18243e+11 4.4976e+11 1.24474e+12 2.65171e+12 4.49797e+12 6.13615e+12 6.74247e+12 0 0 0 0 0 0 0 0 0 0 0 0 0 0 0 0 0 0 0 0 0 0 0 0 0 0 0 0 0 0 0 0 
0 0 0 0 0 0 0 0 0 0 0 0 0 0 0 0 0 0 0 0 0 0 0 0 2.24232e+08 3.15989e+09 2.07914e+10 8.8642e+10 2.66146e+11 5.9585e+11 1.04868e+12 1.44716e+12 1.61849e+12 0 0 0 0 0 0 0 0 0 0 0 0 0 0 0 0 0 0 0 0 0 0 0 0 0 0 0 0 0 0 0 0 
0 0 0 0 0 0 0 0 0 0 0 0 0 0 0 0 0 0 0 0 0 0 0 0 3.18681e+07 4.45319e+08 3.43642e+09 1.65348e+10 5.36468e+10 1.27215e+11 2.28641e+11 3.25689e+11 3.66187e+11 0 0 0 0 0 0 0 0 0 0 0 0 0 0 0 0 0 0 0 0 0 0 0 0 0 0 0 0 0 0 0 0 
0 0 0 0 0 0 0 0 0 0 0 0 0 0 0 0 0 0 0 0 0 0 0 0 0 4.56969e+07 5.3776e+08 2.89086e+09 1.02503e+10 2.61268e+10 4.86035e+10 7.06566e+10 7.98554e+10 0 0 0 0 0 0 0 0 0 0 0 0 0 0 0 0 0 0 0 0 0 0 0 0 0 0 0 0 0 0 0 0 
0 0 0 0 0 0 0 0 0 0 0 0 0 0 0 0 0 0 0 0 0 0 0 0 0 8.76806e+06 8.15471e+07 4.7535e+08 1.90633e+09 5.07395e+09 9.9854e+09 1.47849e+10 1.64807e+10 0 0 0 0 0 0 0 0 0 0 0 0 0 0 0 0 0 0 0 0 0 0 0 0 0 0 0 0 0 0 0 0 
0 0 0 0 0 0 0 0 0 0 0 0 0 0 0 0 0 0 0 0 0 0 0 0 0 0 7.92964e+06 8.02388e+07 3.38451e+08 9.61668e+08 2.0172e+09 2.97413e+09 3.45494e+09 0 0 0 0 0 0 0 0 0 0 0 0 0 0 0 0 0 0 0 0 0 0 0 0 0 0 0 0 0 0 0 0 
0 0 0 0 0 0 0 0 0 0 0 0 0 0 0 0 0 0 0 0 0 0 0 0 0 0 2.11462e+06 1.29383e+07 5.6438e+07 1.87084e+08 3.77712e+08 5.99402e+08 6.86306e+08 0 0 0 0 0 0 0 0 0 0 0 0 0 0 0 0 0 0 0 0 0 0 0 0 0 0 0 0 0 0 0 0 
0 0 0 0 0 0 0 0 0 0 0 0 0 0 0 0 0 0 0 0 0 0 0 0 0 0 0 1.09062e+06 1.08046e+07 3.28593e+07 7.42092e+07 1.20212e+08 1.37053e+08 0 0 0 0 0 0 0 0 0 0 0 0 0 0 0 0 0 0 0 0 0 0 0 0 0 0 0 0 0 0 0 0 
0 0 0 0 0 0 0 0 0 0 0 0 0 0 0 0 0 0 0 0 0 0 0 0 0 0 0 438862 1.70834e+06 5.57789e+06 1.52508e+07 2.18388e+07 2.84985e+07 0 0 0 0 0 0 0 0 0 0 0 0 0 0 0 0 0 0 0 0 0 0 0 0 0 0 0 0 0 0 0 0 
0 0 0 0 0 0 0 0 0 0 0 0 0 0 0 0 0 0 0 0 0 0 0 0 0 0 0 0 112889 1.254e+06 2.40142e+06 4.65615e+06 5.24433e+06 0 0 0 0 0 0 0 0 0 0 0 0 0 0 0 0 0 0 0 0 0 0 0 0 0 0 0 0 0 0 0 0 
0 0 0 0 0 0 0 0 0 0 0 0 0 0 0 0 0 0 0 0 0 0 0 0 0 0 0 0 75302.4 172431 457592 965204 938666 0 0 0 0 0 0 0 0 0 0 0 0 0 0 0 0 0 0 0 0 0 0 0 0 0 0 0 0 0 0 0 0 
0 0 0 0 0 0 0 0 0 0 0 0 0 0 0 0 0 0 0 0 0 0 0 0 0 0 0 0 0 7689.2 117005 110310 237118 0 0 0 0 0 0 0 0 0 0 0 0 0 0 0 0 0 0 0 0 0 0 0 0 0 0 0 0 0 0 0 0 
0 0 0 0 0 0 0 0 0 0 0 0 0 0 0 0 0 0 0 0 0 0 0 0 0 0 0 0 0 10178.8 11653.8 32526.4 37752.9 0 0 0 0 0 0 0 0 0 0 0 0 0 0 0 0 0 0 0 0 0 0 0 0 0 0 0 0 0 0 0 0 
0 0 0 0 0 0 0 0 0 0 0 0 0 0 0 0 0 0 0 0 0 0 0 0 0 0 0 0 0 0 256.363 7703.33 2065.66 0 0 0 0 0 0 0 0 0 0 0 0 0 0 0 0 0 0 0 0 0 0 0 0 0 0 0 0 0 0 0 0 
0 0 0 0 0 0 0 0 0 0 0 0 0 0 0 0 0 0 0 0 0 0 0 0 0 0 0 0 0 0 1011.77 388.43 1931.58 0 0 0 0 0 0 0 0 0 0 0 0 0 0 0 0 0 0 0 0 0 0 0 0 0 0 0 0 0 0 0 0 
0 0 0 0 0 0 0 0 0 0 0 0 0 0 0 0 0 0 0 0 0 0 0 0 0 0 0 0 0 0 0 0 258.168 0 0 0 0 0 0 0 0 0 0 0 0 0 0 0 0 0 0 0 0 0 0 0 0 0 0 0 0 0 0 0 0 
0 0 0 0 0 0 0 0 0 0 0 0 0 0 0 0 0 0 0 0 0 0 0 0 0 0 0 0 0 0 0 65.2757 0 0 0 0 0 0 0 0 0 0 0 0 0 0 0 0 0 0 0 0 0 0 0 0 0 0 0 0 0 0 0 0 0 
0 0 0 0 0 0 0 0 0 0 0 0 0 0 0 0 0 0 0 0 0 0 0 0 0 0 0 0 0 0 0 0 0 0 0 0 0 0 0 0 0 0 0 0 0 0 0 0 0 0 0 0 0 0 0 0 0 0 0 0 0 0 0 0 0 
0 0 0 0 0 0 0 0 0 0 0 0 0 0 0 0 0 0 0 0 0 0 0 0 0 0 0 0 0 0 0 0 2.03987 0 0 0 0 0 0 0 0 0 0 0 0 0 0 0 0 0 0 0 0 0 0 0 0 0 0 0 0 0 0 0 0 
