1 0 0 0 0 0 0 0 0 0 0 0 0 0 0 0 0 0 0 0 0 0 0 0 0 0 0 0 0 0 0 0 0 0 0 0 0 0 0 0 0 0 0 0 0 0 0 0 0 0 0 0 0 0 0 0 0 0 0 0 0 0 0 0 0 
0 0 0 0 0 0 0 0 0 0 0 0 0 0 0 0 0 0 0 0 0 0 0 0 0 0 0 0 0 0 0 0 0 0 0 0 0 0 0 0 0 0 0 0 0 0 0 0 0 0 0 0 0 0 0 0 0 0 0 0 0 0 0 0 0 
0 64 0 0 0 0 0 0 0 0 0 0 0 0 0 0 0 0 0 0 0 0 0 0 0 0 0 0 0 0 0 0 0 0 0 0 0 0 0 0 0 0 0 0 0 0 0 0 0 0 0 0 0 0 0 0 0 0 0 0 0 0 0 0 0 
0 0 128 0 0 0 0 0 0 0 0 0 0 0 0 0 0 0 0 0 0 0 0 0 0 0 0 0 0 0 0 0 0 0 0 0 0 0 0 0 0 0 0 0 0 0 0 0 0 0 0 0 0 0 0 0 0 0 0 0 0 0 0 0 0 
0 0 1888 388.286 64.5331 0 0 0 0 0 0 0 0 0 0 0 0 0 0 0 0 0 0 0 0 0 0 0 0 0 0 0 0 0 0 0 0 0 0 0 0 0 0 0 0 0 0 0 0 0 0 0 0 0 0 0 0 0 0 0 0 0 0 0 0 
0 0 0 7159.43 1151 515.601 127.305 0 0 0 0 0 0 0 0 0 0 0 0 0 0 0 0 0 0 0 0 0 0 0 0 0 0 0 0 0 0 0 0 0 0 0 0 0 0 0 0 0 0 0 0 0 0 0 0 0 0 0 0 0 0 0 0 0 0 
0 0 0 34116.3 27348.8 6895.29 2603.31 1391.67 402.228 68.0989 0 0 0 0 0 0 0 0 0 0 0 0 0 0 0 0 0 0 0 0 0 0 0 0 0 0 0 0 0 0 0 0 0 0 0 0 0 0 0 0 0 0 0 0 0 0 0 0 0 0 0 0 0 0 0 
0 0 0 0 183639 98031.4 43274.8 17143.7 8804.07 4818.58 1942.49 542.349 119.472 0 0 0 0 0 0 0 0 0 0 0 0 0 0 0 0 0 0 0 0 0 0 0 0 0 0 0 0 0 0 0 0 0 0 0 0 0 0 0 0 0 0 0 0 0 0 0 0 0 0 0 0 
0 0 0 0 423172 827601 412451 223838 121393 60922.9 34221.1 19502.6 9721.27 4333.7 1416.83 361.18 84.6255 0 0 0 0 0 0 0 16.014 0 0 0 0 0 0 0 16.1241 0 0 0 0 0 0 0 0 0 0 0 0 0 0 0 0 0 0 0 0 0 0 0 0 0 0 0 0 0 0 0 0 
0 0 0 0 0 2.8615e+06 3.32849e+06 1.98768e+06 1.14027e+06 732626 427745 253600 157706 92671.5 56123.8 30065.2 14029.6 5613.45 2162.88 715.535 440.263 228.023 288.323 248.97 0 254.108 278.174 245.511 234.698 255.213 266.854 264.116 0 0 0 0 0 0 0 0 0 0 0 0 0 0 0 0 0 0 0 0 0 0 0 0 0 0 0 0 0 0 0 0 0 
0 0 0 0 0 3.82996e+06 1.45987e+07 1.3539e+07 9.42085e+06 6.12621e+06 4.0257e+06 2.66696e+06 1.78007e+06 1.15448e+06 772706 509987 330998 203524 119345 66834.5 35231.7 21682.5 13978.9 10412.7 10780.1 10420.3 9011.45 8911.61 8983.43 9280.92 9272.91 9539.92 11580.7 0 0 0 0 0 0 0 0 0 0 0 0 0 0 0 0 0 0 0 0 0 0 0 0 0 0 0 0 0 0 0 0 
0 0 0 0 0 0 3.03387e+07 6.38255e+07 5.7528e+07 4.33878e+07 3.14002e+07 2.22456e+07 1.59678e+07 1.14495e+07 8.19175e+06 5.74497e+06 4.19879e+06 2.94161e+06 2.01938e+06 1.42399e+06 1.03102e+06 716540 502778 356291 287771 242186 213754 212496 208153 219915 212522 220677 205410 0 0 0 0 0 0 0 0 0 0 0 0 0 0 0 0 0 0 0 0 0 0 0 0 0 0 0 0 0 0 0 0 
0 0 0 0 0 0 2.62501e+07 1.69242e+08 2.63259e+08 2.4805e+08 1.98939e+08 1.55496e+08 1.18672e+08 9.10667e+07 6.82141e+07 5.22207e+07 3.96285e+07 3.09035e+07 2.35299e+07 1.77539e+07 1.35247e+07 1.04104e+07 8.13747e+06 6.49737e+06 5.4181e+06 4.529e+06 3.88074e+06 3.54356e+06 3.33276e+06 3.28801e+06 3.23034e+06 3.18609e+06 3.25601e+06 0 0 0 0 0 0 0 0 0 0 0 0 0 0 0 0 0 0 0 0 0 0 0 0 0 0 0 0 0 0 0 0 
0 0 0 0 0 0 0 2.32759e+08 7.852e+08 1.06546e+09 1.04642e+09 9.06131e+08 7.47733e+08 6.05499e+08 4.88621e+08 3.88895e+08 3.1294e+08 2.51625e+08 2.05728e+08 1.65627e+08 1.34783e+08 1.08831e+08 8.8938e+07 7.479e+07 6.36211e+07 5.56396e+07 4.96107e+07 4.531e+07 4.20455e+07 3.91917e+07 3.88277e+07 3.77812e+07 3.78839e+07 0 0 0 0 0 0 0 0 0 0 0 0 0 0 0 0 0 0 0 0 0 0 0 0 0 0 0 0 0 0 0 0 
0 0 0 0 0 0 0 1.3962e+08 1.38309e+09 3.30109e+09 4.28816e+09 4.33886e+09 3.99987e+09 3.48877e+09 2.9732e+09 2.51793e+09 2.12601e+09 1.80527e+09 1.48033e+09 1.24936e+09 1.05944e+09 9.05773e+08 7.77399e+08 6.84164e+08 5.98081e+08 5.24707e+08 4.72816e+08 4.39152e+08 4.1194e+08 3.92829e+08 3.77815e+08 3.75345e+08 3.70624e+08 0 0 0 0 0 0 0 0 0 0 0 0 0 0 0 0 0 0 0 0 0 0 0 0 0 0 0 0 0 0 0 0 
0 0 0 0 0 0 0 0 1.34072e+09 6.67427e+09 1.31433e+10 1.68467e+10 1.76668e+10 1.70192e+10 1.56655e+10 1.40407e+10 1.24048e+10 1.07344e+10 9.5103e+09 8.32318e+09 7.28316e+09 6.42396e+09 5.82067e+09 5.07466e+09 4.56733e+09 4.16353e+09 3.77722e+09 3.50076e+09 3.30768e+09 3.19733e+09 3.11627e+09 3.03913e+09 3.01064e+09 0 0 0 0 0 0 0 0 0 0 0 0 0 0 0 0 0 0 0 0 0 0 0 0 0 0 0 0 0 0 0 0 
0 0 0 0 0 0 0 0 5.85676e+08 8.30643e+09 2.83571e+10 5.03673e+10 6.45196e+10 7.03844e+10 7.06279e+10 6.80789e+10 6.35272e+10 5.83536e+10 5.32449e+10 4.76407e+10 4.33264e+10 3.93961e+10 3.56861e+10 3.29091e+10 2.99908e+10 2.76884e+10 2.57466e+10 2.43642e+10 2.32546e+10 2.24551e+10 2.17633e+10 2.15762e+10 2.14022e+10 0 0 0 0 0 0 0 0 0 0 0 0 0 0 0 0 0 0 0 0 0 0 0 0 0 0 0 0 0 0 0 0 
0 0 0 0 0 0 0 0 0 5.93427e+09 4.09548e+10 1.11379e+11 1.8644e+11 2.41219e+11 2.71649e+11 2.82565e+11 2.82694e+11 2.72798e+11 2.58228e+11 2.44611e+11 2.28552e+11 2.12657e+11 1.98596e+11 1.85123e+11 1.74415e+11 1.64516e+11 1.5789e+11 1.48128e+11 1.44045e+11 1.38811e+11 1.36661e+11 1.3381e+11 1.33714e+11 0 0 0 0 0 0 0 0 0 0 0 0 0 0 0 0 0 0 0 0 0 0 0 0 0 0 0 0 0 0 0 0 
0 0 0 0 0 0 0 0 0 1.96069e+09 3.76449e+10 1.74208e+11 4.1199e+11 6.66544e+11 8.73886e+11 1.01274e+12 1.09079e+12 1.12227e+12 1.1231e+12 1.09767e+12 1.06956e+12 1.03296e+12 9.91221e+11 9.46111e+11 9.06905e+11 8.68524e+11 8.31592e+11 8.08376e+11 7.86441e+11 7.69153e+11 7.54977e+11 7.46663e+11 7.41555e+11 0 0 0 0 0 0 0 0 0 0 0 0 0 0 0 0 0 0 0 0 0 0 0 0 0 0 0 0 0 0 0 0 
0 0 0 0 0 0 0 0 0 0 2.05076e+10 1.86627e+11 6.71407e+11 1.4452e+12 2.29903e+12 3.05013e+12 3.62899e+12 4.05014e+12 4.28784e+12 4.42472e+12 4.47382e+12 4.43427e+12 4.3992e+12 4.30617e+12 4.20154e+12 4.12195e+12 4.022e+12 3.94408e+12 3.89281e+12 3.78629e+12 3.74065e+12 3.69624e+12 3.69774e+12 0 0 0 0 0 0 0 0 0 0 0 0 0 0 0 0 0 0 0 0 0 0 0 0 0 0 0 0 0 0 0 0 
0 0 0 0 0 0 0 0 0 0 5.29593e+09 1.31092e+11 7.83446e+11 2.3867e+12 4.83909e+12 7.64359e+12 1.0271e+13 1.25457e+13 1.43038e+13 1.56389e+13 1.65515e+13 1.70707e+13 1.73396e+13 1.74635e+13 1.75147e+13 1.75338e+13 1.73637e+13 1.71682e+13 1.69448e+13 1.68931e+13 1.67017e+13 1.68085e+13 1.68125e+13 0 0 0 0 0 0 0 0 0 0 0 0 0 0 0 0 0 0 0 0 0 0 0 0 0 0 0 0 0 0 0 0 
0 0 0 0 0 0 0 0 0 0 0 5.6062e+10 6.45048e+11 2.94519e+12 7.95313e+12 1.54593e+13 2.43043e+13 3.3069e+13 4.12501e+13 4.80222e+13 5.35972e+13 5.81649e+13 6.15291e+13 6.39108e+13 6.56419e+13 6.69003e+13 6.74462e+13 6.77953e+13 6.8188e+13 6.85344e+13 6.88575e+13 6.84135e+13 6.82991e+13 0 0 0 0 0 0 0 0 0 0 0 0 0 0 0 0 0 0 0 0 0 0 0 0 0 0 0 0 0 0 0 0 
0 0 0 0 0 0 0 0 0 0 0 1.15884e+10 3.56273e+11 2.64684e+12 1.00278e+13 2.48879e+13 4.70285e+13 7.39125e+13 1.01923e+14 1.29029e+14 1.53658e+14 1.75179e+14 1.9317e+14 2.0825e+14 2.19838e+14 2.29077e+14 2.36952e+14 2.42237e+14 2.46546e+14 2.50019e+14 2.51037e+14 2.52758e+14 2.52749e+14 0 0 0 0 0 0 0 0 0 0 0 0 0 0 0 0 0 0 0 0 0 0 0 0 0 0 0 0 0 0 0 0 
0 0 0 0 0 0 0 0 0 0 0 0 1.21855e+11 1.70952e+12 9.56568e+12 3.15937e+13 7.36003e+13 1.35884e+14 2.12922e+14 2.97745e+14 3.8357e+14 4.64627e+14 5.38636e+14 6.05838e+14 6.61866e+14 7.09183e+14 7.46561e+14 7.79895e+14 8.05015e+14 8.23724e+14 8.34828e+14 8.36435e+14 8.43218e+14 0 0 0 0 0 0 0 0 0 0 0 0 0 0 0 0 0 0 0 0 0 0 0 0 0 0 0 0 0 0 0 0 
0 0 0 0 0 0 0 0 0 0 0 0 2.06852e+10 7.60843e+11 6.78947e+12 3.09834e+13 9.2368e+13 2.05054e+14 3.72518e+14 5.83618e+14 8.22737e+14 1.07206e+15 1.31957e+15 1.55022e+15 1.76795e+15 1.95419e+15 2.11868e+15 2.25199e+15 2.35342e+15 2.43008e+15 2.48849e+15 2.52905e+15 2.53931e+15 0 0 0 0 0 0 0 0 0 0 0 0 0 0 0 0 0 0 0 0 0 0 0 0 0 0 0 0 0 0 0 0 
0 0 0 0 0 0 0 0 0 0 0 0 0 2.13029e+11 3.52327e+12 2.33855e+13 9.15221e+13 2.51842e+14 5.38459e+14 9.63227e+14 1.50507e+15 2.1362e+15 2.81757e+15 3.5044e+15 4.15553e+15 4.7779e+15 5.31589e+15 5.80321e+15 6.17862e+15 6.50733e+15 6.73754e+15 6.86093e+15 6.90409e+15 0 0 0 0 0 0 0 0 0 0 0 0 0 0 0 0 0 0 0 0 0 0 0 0 0 0 0 0 0 0 0 0 
0 0 0 0 0 0 0 0 0 0 0 0 0 3.01805e+10 1.28548e+12 1.33379e+13 7.12611e+13 2.47894e+14 6.39683e+14 1.32273e+15 2.33883e+15 3.64745e+15 5.18425e+15 6.85523e+15 8.5919e+15 1.02784e+16 1.18963e+16 1.32881e+16 1.45269e+16 1.54567e+16 1.61813e+16 1.66094e+16 1.67732e+16 0 0 0 0 0 0 0 0 0 0 0 0 0 0 0 0 0 0 0 0 0 0 0 0 0 0 0 0 0 0 0 0 
0 0 0 0 0 0 0 0 0 0 0 0 0 0 3.01095e+11 5.68491e+12 4.33563e+13 1.95848e+14 6.18035e+14 1.51106e+15 3.03741e+15 5.28632e+15 8.20554e+15 1.17106e+16 1.55419e+16 1.95216e+16 2.33697e+16 2.70288e+16 3.01506e+16 3.27394e+16 3.46657e+16 3.57559e+16 3.63158e+16 0 0 0 0 0 0 0 0 0 0 0 0 0 0 0 0 0 0 0 0 0 0 0 0 0 0 0 0 0 0 0 0 
0 0 0 0 0 0 0 0 0 0 0 0 0 0 3.62272e+10 1.73166e+12 2.03077e+13 1.23167e+14 4.87611e+14 1.42399e+15 3.31053e+15 6.48829e+15 1.11246e+16 1.71358e+16 2.4298e+16 3.21154e+16 4.02192e+16 4.8128e+16 5.53264e+16 6.14088e+16 6.57355e+16 6.87493e+16 6.95106e+16 0 0 0 0 0 0 0 0 0 0 0 0 0 0 0 0 0 0 0 0 0 0 0 0 0 0 0 0 0 0 0 0 
0 0 0 0 0 0 0 0 0 0 0 0 0 0 0 3.44766e+11 7.21154e+12 6.14321e+13 3.11744e+14 1.10421e+15 3.01199e+15 6.70658e+15 1.27951e+16 2.1526e+16 3.28234e+16 4.61604e+16 6.07223e+16 7.51971e+16 8.90819e+16 1.00883e+17 1.10367e+17 1.15934e+17 1.17732e+17 0 0 0 0 0 0 0 0 0 0 0 0 0 0 0 0 0 0 0 0 0 0 0 0 0 0 0 0 0 0 0 0 
0 0 0 0 0 0 0 0 0 0 0 0 0 0 0 3.58847e+10 1.86477e+12 2.40786e+13 1.6085e+14 7.05419e+14 2.27945e+15 5.83926e+15 1.24486e+16 2.30857e+16 3.80543e+16 5.71592e+16 7.91388e+16 1.02516e+17 1.25106e+17 1.45462e+17 1.61368e+17 1.71543e+17 1.74998e+17 0 0 0 0 0 0 0 0 0 0 0 0 0 0 0 0 0 0 0 0 0 0 0 0 0 0 0 0 0 0 0 0 
0 0 0 0 0 0 0 0 0 0 0 0 0 0 0 0 3.21169e+11 7.24857e+12 6.73113e+13 3.71096e+14 1.43635e+15 4.26617e+15 1.03452e+16 2.11614e+16 3.79696e+16 6.1007e+16 8.96054e+16 1.21627e+17 1.54321e+17 1.8407e+17 2.07599e+17 2.23596e+17 2.29283e+17 0 0 0 0 0 0 0 0 0 0 0 0 0 0 0 0 0 0 0 0 0 0 0 0 0 0 0 0 0 0 0 0 
0 0 0 0 0 0 0 0 0 0 0 0 0 0 0 0 2.93185e+10 1.61512e+12 2.22657e+13 1.60669e+14 7.58484e+14 2.63709e+15 7.23146e+15 1.65343e+16 3.24441e+16 5.62004e+16 8.74997e+16 1.24857e+17 1.64651e+17 2.02446e+17 2.33985e+17 2.54449e+17 2.61444e+17 0 0 0 0 0 0 0 0 0 0 0 0 0 0 0 0 0 0 0 0 0 0 0 0 0 0 0 0 0 0 0 0 
0 0 0 0 0 0 0 0 0 0 0 0 0 0 0 0 0 2.43473e+11 5.78545e+12 5.69843e+13 3.34007e+14 1.37601e+15 4.34099e+15 1.11021e+16 2.39262e+16 4.47253e+16 7.4302e+16 1.11523e+17 1.52881e+17 1.94185e+17 2.29309e+17 2.52239e+17 2.60758e+17 0 0 0 0 0 0 0 0 0 0 0 0 0 0 0 0 0 0 0 0 0 0 0 0 0 0 0 0 0 0 0 0 
0 0 0 0 0 0 0 0 0 0 0 0 0 0 0 0 0 2.00276e+10 1.13032e+12 1.61998e+13 1.22707e+14 6.07347e+14 2.21864e+15 6.38243e+15 1.51911e+16 3.08494e+16 5.48861e+16 8.68816e+16 1.24547e+17 1.62874e+17 1.96251e+17 2.19229e+17 2.27061e+17 0 0 0 0 0 0 0 0 0 0 0 0 0 0 0 0 0 0 0 0 0 0 0 0 0 0 0 0 0 0 0 0 
0 0 0 0 0 0 0 0 0 0 0 0 0 0 0 0 0 0 1.51625e+11 3.69229e+12 3.73967e+13 2.27801e+14 9.73874e+14 3.16739e+15 8.35286e+15 1.84657e+16 3.51325e+16 5.89494e+16 8.82782e+16 1.19464e+17 1.47459e+17 1.67233e+17 1.74647e+17 0 0 0 0 0 0 0 0 0 0 0 0 0 0 0 0 0 0 0 0 0 0 0 0 0 0 0 0 0 0 0 0 
0 0 0 0 0 0 0 0 0 0 0 0 0 0 0 0 0 0 1.15005e+10 6.39886e+11 9.33864e+12 7.22665e+13 3.65144e+14 1.36762e+15 3.99325e+15 9.65168e+15 1.97862e+16 3.50164e+16 5.49706e+16 7.71363e+16 9.75631e+16 1.12116e+17 1.17074e+17 0 0 0 0 0 0 0 0 0 0 0 0 0 0 0 0 0 0 0 0 0 0 0 0 0 0 0 0 0 0 0 0 
0 0 0 0 0 0 0 0 0 0 0 0 0 0 0 0 0 0 0 7.77e+10 1.89034e+12 1.92129e+13 1.18138e+14 5.105e+14 1.67588e+15 4.42438e+15 9.73152e+15 1.8418e+16 3.0279e+16 4.40106e+16 5.70947e+16 6.64234e+16 6.98746e+16 0 0 0 0 0 0 0 0 0 0 0 0 0 0 0 0 0 0 0 0 0 0 0 0 0 0 0 0 0 0 0 0 
0 0 0 0 0 0 0 0 0 0 0 0 0 0 0 0 0 0 0 5.59931e+09 2.96559e+11 4.26121e+12 3.29106e+13 1.65215e+14 6.19045e+14 1.79317e+15 4.27607e+15 8.54738e+15 1.47539e+16 2.22409e+16 2.96131e+16 3.50314e+16 3.70782e+16 0 0 0 0 0 0 0 0 0 0 0 0 0 0 0 0 0 0 0 0 0 0 0 0 0 0 0 0 0 0 0 0 
0 0 0 0 0 0 0 0 0 0 0 0 0 0 0 0 0 0 0 0 3.32817e+10 7.78209e+11 7.74733e+12 4.69813e+13 1.99053e+14 6.43711e+14 1.66124e+15 3.55008e+15 6.42957e+15 1.0036e+16 1.37331e+16 1.65677e+16 1.76135e+16 0 0 0 0 0 0 0 0 0 0 0 0 0 0 0 0 0 0 0 0 0 0 0 0 0 0 0 0 0 0 0 0 
0 0 0 0 0 0 0 0 0 0 0 0 0 0 0 0 0 0 0 0 2.40977e+09 1.12826e+11 1.54765e+12 1.16112e+13 5.66084e+13 2.05506e+14 5.76024e+14 1.31908e+15 2.5075e+15 4.08857e+15 5.72351e+15 7.00834e+15 7.4874e+15 0 0 0 0 0 0 0 0 0 0 0 0 0 0 0 0 0 0 0 0 0 0 0 0 0 0 0 0 0 0 0 0 
0 0 0 0 0 0 0 0 0 0 0 0 0 0 0 0 0 0 0 0 0 1.18977e+10 2.60823e+11 2.46375e+12 1.43882e+13 5.81824e+13 1.80016e+14 4.42133e+14 8.88864e+14 1.50541e+15 2.16905e+15 2.68107e+15 2.87525e+15 0 0 0 0 0 0 0 0 0 0 0 0 0 0 0 0 0 0 0 0 0 0 0 0 0 0 0 0 0 0 0 0 
0 0 0 0 0 0 0 0 0 0 0 0 0 0 0 0 0 0 0 0 0 9.15531e+08 3.54749e+10 4.53404e+11 3.20415e+12 1.48506e+13 5.03273e+13 1.32976e+14 2.85723e+14 4.99854e+14 7.4351e+14 9.35953e+14 1.01228e+15 0 0 0 0 0 0 0 0 0 0 0 0 0 0 0 0 0 0 0 0 0 0 0 0 0 0 0 0 0 0 0 0 
0 0 0 0 0 0 0 0 0 0 0 0 0 0 0 0 0 0 0 0 0 0 3.60695e+09 7.14682e+10 6.16943e+11 3.38226e+12 1.28184e+13 3.66782e+13 8.28687e+13 1.53256e+14 2.33132e+14 3.00425e+14 3.2558e+14 0 0 0 0 0 0 0 0 0 0 0 0 0 0 0 0 0 0 0 0 0 0 0 0 0 0 0 0 0 0 0 0 
0 0 0 0 0 0 0 0 0 0 0 0 0 0 0 0 0 0 0 0 0 0 3.18526e+08 9.47825e+09 1.07525e+11 6.85967e+11 2.95366e+12 9.22114e+12 2.20621e+13 4.27212e+13 6.75148e+13 8.77073e+13 9.6565e+13 0 0 0 0 0 0 0 0 0 0 0 0 0 0 0 0 0 0 0 0 0 0 0 0 0 0 0 0 0 0 0 0 
0 0 0 0 0 0 0 0 0 0 0 0 0 0 0 0 0 0 0 0 0 0 0 9.48893e+08 1.64212e+10 1.25575e+11 6.18555e+11 2.10676e+12 5.47173e+12 1.10105e+13 1.79994e+13 2.40785e+13 2.63043e+13 0 0 0 0 0 0 0 0 0 0 0 0 0 0 0 0 0 0 0 0 0 0 0 0 0 0 0 0 0 0 0 0 
0 0 0 0 0 0 0 0 0 0 0 0 0 0 0 0 0 0 0 0 0 0 0 1.03284e+08 2.1591e+09 2.11506e+10 1.17978e+11 4.5205e+11 1.25414e+12 2.65602e+12 4.46541e+12 6.12999e+12 6.73971e+12 0 0 0 0 0 0 0 0 0 0 0 0 0 0 0 0 0 0 0 0 0 0 0 0 0 0 0 0 0 0 0 0 
0 0 0 0 0 0 0 0 0 0 0 0 0 0 0 0 0 0 0 0 0 0 0 0 2.19565e+08 3.18804e+09 2.10211e+10 8.89442e+10 2.66307e+11 5.98904e+11 1.04993e+12 1.44464e+12 1.62079e+12 0 0 0 0 0 0 0 0 0 0 0 0 0 0 0 0 0 0 0 0 0 0 0 0 0 0 0 0 0 0 0 0 
0 0 0 0 0 0 0 0 0 0 0 0 0 0 0 0 0 0 0 0 0 0 0 0 3.12791e+07 4.39199e+08 3.44528e+09 1.64818e+10 5.41344e+10 1.27198e+11 2.31238e+11 3.30267e+11 3.69391e+11 0 0 0 0 0 0 0 0 0 0 0 0 0 0 0 0 0 0 0 0 0 0 0 0 0 0 0 0 0 0 0 0 
0 0 0 0 0 0 0 0 0 0 0 0 0 0 0 0 0 0 0 0 0 0 0 0 0 4.51275e+07 5.39465e+08 2.9166e+09 1.02324e+10 2.60701e+10 4.87051e+10 7.06014e+10 8.04762e+10 0 0 0 0 0 0 0 0 0 0 0 0 0 0 0 0 0 0 0 0 0 0 0 0 0 0 0 0 0 0 0 0 
0 0 0 0 0 0 0 0 0 0 0 0 0 0 0 0 0 0 0 0 0 0 0 0 0 8.54196e+06 8.04483e+07 4.76885e+08 1.89225e+09 5.08871e+09 9.95944e+09 1.47778e+10 1.66807e+10 0 0 0 0 0 0 0 0 0 0 0 0 0 0 0 0 0 0 0 0 0 0 0 0 0 0 0 0 0 0 0 0 
0 0 0 0 0 0 0 0 0 0 0 0 0 0 0 0 0 0 0 0 0 0 0 0 0 0 7.80401e+06 8.15353e+07 3.39362e+08 9.54325e+08 1.99275e+09 2.99053e+09 3.42585e+09 0 0 0 0 0 0 0 0 0 0 0 0 0 0 0 0 0 0 0 0 0 0 0 0 0 0 0 0 0 0 0 0 
0 0 0 0 0 0 0 0 0 0 0 0 0 0 0 0 0 0 0 0 0 0 0 0 0 0 2.06246e+06 1.28312e+07 5.65118e+07 1.83797e+08 3.82088e+08 6.00124e+08 6.89365e+08 0 0 0 0 0 0 0 0 0 0 0 0 0 0 0 0 0 0 0 0 0 0 0 0 0 0 0 0 0 0 0 0 
0 0 0 0 0 0 0 0 0 0 0 0 0 0 0 0 0 0 0 0 0 0 0 0 0 0 0 1.08724e+06 1.08253e+07 3.26418e+07 7.38064e+07 1.2079e+08 1.3851e+08 0 0 0 0 0 0 0 0 0 0 0 0 0 0 0 0 0 0 0 0 0 0 0 0 0 0 0 0 0 0 0 0 
0 0 0 0 0 0 0 0 0 0 0 0 0 0 0 0 0 0 0 0 0 0 0 0 0 0 0 426279 1.68184e+06 5.54956e+06 1.51165e+07 2.22421e+07 2.83003e+07 0 0 0 0 0 0 0 0 0 0 0 0 0 0 0 0 0 0 0 0 0 0 0 0 0 0 0 0 0 0 0 0 
0 0 0 0 0 0 0 0 0 0 0 0 0 0 0 0 0 0 0 0 0 0 0 0 0 0 0 0 112130 1.23717e+06 2.41367e+06 4.72259e+06 5.25729e+06 0 0 0 0 0 0 0 0 0 0 0 0 0 0 0 0 0 0 0 0 0 0 0 0 0 0 0 0 0 0 0 0 
0 0 0 0 0 0 0 0 0 0 0 0 0 0 0 0 0 0 0 0 0 0 0 0 0 0 0 0 73298.7 169913 457039 965865 944387 0 0 0 0 0 0 0 0 0 0 0 0 0 0 0 0 0 0 0 0 0 0 0 0 0 0 0 0 0 0 0 0 
0 0 0 0 0 0 0 0 0 0 0 0 0 0 0 0 0 0 0 0 0 0 0 0 0 0 0 0 0 7638.03 115641 111427 243669 0 0 0 0 0 0 0 0 0 0 0 0 0 0 0 0 0 0 0 0 0 0 0 0 0 0 0 0 0 0 0 0 
0 0 0 0 0 0 0 0 0 0 0 0 0 0 0 0 0 0 0 0 0 0 0 0 0 0 0 0 0 9916.55 11448 32685.4 37499.5 0 0 0 0 0 0 0 0 0 0 0 0 0 0 0 0 0 0 0 0 0 0 0 0 0 0 0 0 0 0 0 0 
0 0 0 0 0 0 0 0 0 0 0 0 0 0 0 0 0 0 0 0 0 0 0 0 0 0 0 0 0 0 254.489 7600.68 2042.7 0 0 0 0 0 0 0 0 0 0 0 0 0 0 0 0 0 0 0 0 0 0 0 0 0 0 0 0 0 0 0 0 
0 0 0 0 0 0 0 0 0 0 0 0 0 0 0 0 0 0 0 0 0 0 0 0 0 0 0 0 0 0 985.408 382.781 1945.85 0 0 0 0 0 0 0 0 0 0 0 0 0 0 0 0 0 0 0 0 0 0 0 0 0 0 0 0 0 0 0 0 
0 0 0 0 0 0 0 0 0 0 0 0 0 0 0 0 0 0 0 0 0 0 0 0 0 0 0 0 0 0 0 0 253.217 0 0 0 0 0 0 0 0 0 0 0 0 0 0 0 0 0 0 0 0 0 0 0 0 0 0 0 0 0 0 0 0 
0 0 0 0 0 0 0 0 0 0 0 0 0 0 0 0 0 0 0 0 0 0 0 0 0 0 0 0 0 0 0 63.5747 0 0 0 0 0 0 0 0 0 0 0 0 0 0 0 0 0 0 0 0 0 0 0 0 0 0 0 0 0 0 0 0 0 
0 0 0 0 0 0 0 0 0 0 0 0 0 0 0 0 0 0 0 0 0 0 0 0 0 0 0 0 0 0 0 0 0 0 0 0 0 0 0 0 0 0 0 0 0 0 0 0 0 0 0 0 0 0 0 0 0 0 0 0 0 0 0 0 0 
0 0 0 0 0 0 0 0 0 0 0 0 0 0 0 0 0 0 0 0 0 0 0 0 0 0 0 0 0 0 0 0 1.98671 0 0 0 0 0 0 0 0 0 0 0 0 0 0 0 0 0 0 0 0 0 0 0 0 0 0 0 0 0 0 0 0 
