1 0 0 0 0 0 0 0 0 0 0 0 0 0 0 0 0 0 0 0 0 0 0 0 0 0 0 0 0 0 0 0 0 0 0 0 0 0 0 0 0 0 0 0 0 0 0 0 0 0 0 0 0 0 0 0 0 0 0 0 0 0 0 0 0 
0 0 0 0 0 0 0 0 0 0 0 0 0 0 0 0 0 0 0 0 0 0 0 0 0 0 0 0 0 0 0 0 0 0 0 0 0 0 0 0 0 0 0 0 0 0 0 0 0 0 0 0 0 0 0 0 0 0 0 0 0 0 0 0 0 
0 64 0 0 0 0 0 0 0 0 0 0 0 0 0 0 0 0 0 0 0 0 0 0 0 0 0 0 0 0 0 0 0 0 0 0 0 0 0 0 0 0 0 0 0 0 0 0 0 0 0 0 0 0 0 0 0 0 0 0 0 0 0 0 0 
0 0 128 0 0 0 0 0 0 0 0 0 0 0 0 0 0 0 0 0 0 0 0 0 0 0 0 0 0 0 0 0 0 0 0 0 0 0 0 0 0 0 0 0 0 0 0 0 0 0 0 0 0 0 0 0 0 0 0 0 0 0 0 0 0 
0 0 1888 387.342 64.6086 0 0 0 0 0 0 0 0 0 0 0 0 0 0 0 0 0 0 0 0 0 0 0 0 0 0 0 0 0 0 0 0 0 0 0 0 0 0 0 0 0 0 0 0 0 0 0 0 0 0 0 0 0 0 0 0 0 0 0 0 
0 0 0 7161.32 1140.8 507.776 130.625 0 0 0 0 0 0 0 0 0 0 0 0 0 0 0 0 0 0 0 0 0 0 0 0 0 0 0 0 0 0 0 0 0 0 0 0 0 0 0 0 0 0 0 0 0 0 0 0 0 0 0 0 0 0 0 0 0 0 
0 0 0 34115.3 27490.3 6831.1 2571.02 1463.18 379.284 65.6065 0 0 0 0 0 0 0 0 0 0 0 0 0 0 0 0 0 0 0 0 0 0 0 0 0 0 0 0 0 0 0 0 0 0 0 0 0 0 0 0 0 0 0 0 0 0 0 0 0 0 0 0 0 0 0 
0 0 0 0 183386 97475.4 42612.1 16894 8275.46 4529.99 1891.15 526.44 137.879 0 0 0 0 0 0 0 0 0 0 0 0 0 0 0 0 0 0 0 0 0 0 0 0 0 0 0 0 0 0 0 0 0 0 0 0 0 0 0 0 0 0 0 0 0 0 0 0 0 0 0 0 
0 0 0 0 423294 829858 410726 225157 123337 56909.5 32352.3 20185.4 9427.64 4471.58 1374.4 382.105 84.0744 0 0 0 0 0 0 0 16.249 0 0 0 0 0 0 0 14.22 0 0 0 0 0 0 0 0 0 0 0 0 0 0 0 0 0 0 0 0 0 0 0 0 0 0 0 0 0 0 0 0 
0 0 0 0 0 2.85896e+06 3.3301e+06 1.97809e+06 1.14483e+06 728043 435137 250694 159418 95938.1 56462.9 28529.8 13930.2 5902.24 2257.47 743.532 392.218 258.974 248.731 251.839 0 239.393 257.92 258.437 262.568 258.386 241.301 224.367 0 0 0 0 0 0 0 0 0 0 0 0 0 0 0 0 0 0 0 0 0 0 0 0 0 0 0 0 0 0 0 0 0 
0 0 0 0 0 3.83088e+06 1.45999e+07 1.35189e+07 9.41754e+06 6.14087e+06 4.05435e+06 2.72801e+06 1.78625e+06 1.20136e+06 780800 502187 321911 200346 114716 68577.3 38263.6 22540.1 14018.6 10308.7 11080 9042.01 8902.84 9208.6 9050.89 8776.38 9336.39 10073.1 11103.5 0 0 0 0 0 0 0 0 0 0 0 0 0 0 0 0 0 0 0 0 0 0 0 0 0 0 0 0 0 0 0 0 
0 0 0 0 0 0 3.03417e+07 6.3669e+07 5.75018e+07 4.29739e+07 3.18001e+07 2.25492e+07 1.62956e+07 1.14801e+07 8.07229e+06 5.82876e+06 4.06118e+06 2.86761e+06 2.02398e+06 1.4401e+06 1.03879e+06 715942 498511 362942 276970 241944 225964 223638 211138 222093 220691 214920 201073 0 0 0 0 0 0 0 0 0 0 0 0 0 0 0 0 0 0 0 0 0 0 0 0 0 0 0 0 0 0 0 0 
0 0 0 0 0 0 2.62466e+07 1.69663e+08 2.62826e+08 2.47834e+08 1.99144e+08 1.56806e+08 1.20637e+08 9.10842e+07 6.98297e+07 5.31324e+07 4.02046e+07 3.07238e+07 2.35803e+07 1.79418e+07 1.38922e+07 1.05856e+07 8.17899e+06 6.54148e+06 5.322e+06 4.5896e+06 3.957e+06 3.55609e+06 3.45695e+06 3.24523e+06 3.28197e+06 3.1586e+06 3.16177e+06 0 0 0 0 0 0 0 0 0 0 0 0 0 0 0 0 0 0 0 0 0 0 0 0 0 0 0 0 0 0 0 0 
0 0 0 0 0 0 0 2.32508e+08 7.84259e+08 1.06511e+09 1.04511e+09 9.03992e+08 7.49558e+08 6.13456e+08 4.92353e+08 3.93568e+08 3.17909e+08 2.54729e+08 2.05346e+08 1.67208e+08 1.35212e+08 1.10996e+08 9.09997e+07 7.73347e+07 6.5716e+07 5.5674e+07 5.01229e+07 4.58434e+07 4.22936e+07 3.97608e+07 3.80605e+07 3.65344e+07 3.75204e+07 0 0 0 0 0 0 0 0 0 0 0 0 0 0 0 0 0 0 0 0 0 0 0 0 0 0 0 0 0 0 0 0 
0 0 0 0 0 0 0 1.39636e+08 1.38636e+09 3.29932e+09 4.2961e+09 4.34709e+09 3.99521e+09 3.48445e+09 2.98108e+09 2.52227e+09 2.13454e+09 1.80968e+09 1.49716e+09 1.27514e+09 1.07706e+09 9.07759e+08 7.93526e+08 6.91989e+08 5.96051e+08 5.31525e+08 4.80727e+08 4.40835e+08 4.16227e+08 3.92448e+08 3.71196e+08 3.6947e+08 3.63012e+08 0 0 0 0 0 0 0 0 0 0 0 0 0 0 0 0 0 0 0 0 0 0 0 0 0 0 0 0 0 0 0 0 
0 0 0 0 0 0 0 0 1.33885e+09 6.68014e+09 1.31267e+10 1.6863e+10 1.78062e+10 1.70999e+10 1.56665e+10 1.39617e+10 1.24059e+10 1.09549e+10 9.58171e+09 8.29024e+09 7.30077e+09 6.5027e+09 5.68397e+09 5.06025e+09 4.60256e+09 4.13508e+09 3.85646e+09 3.56905e+09 3.3428e+09 3.15089e+09 3.10272e+09 3.0488e+09 3.00628e+09 0 0 0 0 0 0 0 0 0 0 0 0 0 0 0 0 0 0 0 0 0 0 0 0 0 0 0 0 0 0 0 0 
0 0 0 0 0 0 0 0 5.85679e+08 8.30718e+09 2.83607e+10 5.03546e+10 6.45255e+10 7.08428e+10 7.07701e+10 6.85646e+10 6.3317e+10 5.85847e+10 5.31957e+10 4.79994e+10 4.35442e+10 3.9128e+10 3.59023e+10 3.24882e+10 3.0113e+10 2.81144e+10 2.58363e+10 2.46553e+10 2.33967e+10 2.26806e+10 2.19073e+10 2.15839e+10 2.14758e+10 0 0 0 0 0 0 0 0 0 0 0 0 0 0 0 0 0 0 0 0 0 0 0 0 0 0 0 0 0 0 0 0 
0 0 0 0 0 0 0 0 0 5.92816e+09 4.09595e+10 1.11284e+11 1.86157e+11 2.41058e+11 2.72147e+11 2.83326e+11 2.82734e+11 2.72489e+11 2.60017e+11 2.43936e+11 2.29047e+11 2.12014e+11 1.97476e+11 1.85873e+11 1.73555e+11 1.64569e+11 1.57277e+11 1.48727e+11 1.4346e+11 1.38815e+11 1.35824e+11 1.33592e+11 1.34082e+11 0 0 0 0 0 0 0 0 0 0 0 0 0 0 0 0 0 0 0 0 0 0 0 0 0 0 0 0 0 0 0 0 
0 0 0 0 0 0 0 0 0 1.96293e+09 3.76611e+10 1.74283e+11 4.11863e+11 6.66244e+11 8.74142e+11 1.01497e+12 1.0967e+12 1.12551e+12 1.12162e+12 1.10274e+12 1.07215e+12 1.02824e+12 9.90209e+11 9.43073e+11 9.04342e+11 8.70152e+11 8.3588e+11 8.06149e+11 7.79586e+11 7.66752e+11 7.54738e+11 7.51548e+11 7.4629e+11 0 0 0 0 0 0 0 0 0 0 0 0 0 0 0 0 0 0 0 0 0 0 0 0 0 0 0 0 0 0 0 0 
0 0 0 0 0 0 0 0 0 0 2.04861e+10 1.86672e+11 6.70624e+11 1.44415e+12 2.29963e+12 3.05182e+12 3.64166e+12 4.03562e+12 4.2877e+12 4.4096e+12 4.43992e+12 4.45466e+12 4.36462e+12 4.2931e+12 4.17848e+12 4.07101e+12 4.01024e+12 3.9039e+12 3.86377e+12 3.76681e+12 3.7474e+12 3.72553e+12 3.68398e+12 0 0 0 0 0 0 0 0 0 0 0 0 0 0 0 0 0 0 0 0 0 0 0 0 0 0 0 0 0 0 0 0 
0 0 0 0 0 0 0 0 0 0 5.30244e+09 1.31087e+11 7.85581e+11 2.39104e+12 4.82994e+12 7.62648e+12 1.02642e+13 1.25007e+13 1.42696e+13 1.5579e+13 1.64452e+13 1.69788e+13 1.73555e+13 1.73532e+13 1.74381e+13 1.74343e+13 1.72677e+13 1.70718e+13 1.69152e+13 1.69514e+13 1.68949e+13 1.67501e+13 1.67704e+13 0 0 0 0 0 0 0 0 0 0 0 0 0 0 0 0 0 0 0 0 0 0 0 0 0 0 0 0 0 0 0 0 
0 0 0 0 0 0 0 0 0 0 0 5.6009e+10 6.44331e+11 2.93547e+12 7.94892e+12 1.54456e+13 2.42228e+13 3.31745e+13 4.12485e+13 4.82217e+13 5.37505e+13 5.80893e+13 6.12868e+13 6.38178e+13 6.52886e+13 6.64016e+13 6.72597e+13 6.77709e+13 6.80893e+13 6.8351e+13 6.85761e+13 6.85624e+13 6.87121e+13 0 0 0 0 0 0 0 0 0 0 0 0 0 0 0 0 0 0 0 0 0 0 0 0 0 0 0 0 0 0 0 0 
0 0 0 0 0 0 0 0 0 0 0 1.16103e+10 3.55633e+11 2.65446e+12 1.00422e+13 2.49077e+13 4.70303e+13 7.35879e+13 1.01743e+14 1.29097e+14 1.53957e+14 1.75197e+14 1.9317e+14 2.08184e+14 2.20785e+14 2.30126e+14 2.36493e+14 2.43119e+14 2.47802e+14 2.50576e+14 2.49986e+14 2.51455e+14 2.51936e+14 0 0 0 0 0 0 0 0 0 0 0 0 0 0 0 0 0 0 0 0 0 0 0 0 0 0 0 0 0 0 0 0 
0 0 0 0 0 0 0 0 0 0 0 0 1.22094e+11 1.71058e+12 9.5754e+12 3.16091e+13 7.37498e+13 1.35898e+14 2.13302e+14 2.97036e+14 3.82864e+14 4.65201e+14 5.39124e+14 6.06413e+14 6.62455e+14 7.09959e+14 7.53389e+14 7.84628e+14 8.05249e+14 8.20319e+14 8.37279e+14 8.40931e+14 8.43274e+14 0 0 0 0 0 0 0 0 0 0 0 0 0 0 0 0 0 0 0 0 0 0 0 0 0 0 0 0 0 0 0 0 
0 0 0 0 0 0 0 0 0 0 0 0 2.07153e+10 7.57826e+11 6.77607e+12 3.09821e+13 9.22044e+13 2.05503e+14 3.71433e+14 5.8385e+14 8.21212e+14 1.07101e+15 1.32021e+15 1.55455e+15 1.77067e+15 1.96151e+15 2.11976e+15 2.24834e+15 2.36059e+15 2.44319e+15 2.50373e+15 2.53259e+15 2.5456e+15 0 0 0 0 0 0 0 0 0 0 0 0 0 0 0 0 0 0 0 0 0 0 0 0 0 0 0 0 0 0 0 0 
0 0 0 0 0 0 0 0 0 0 0 0 0 2.13634e+11 3.52761e+12 2.33768e+13 9.16253e+13 2.51551e+14 5.39421e+14 9.61753e+14 1.50689e+15 2.13366e+15 2.81123e+15 3.48852e+15 4.14654e+15 4.77349e+15 5.30942e+15 5.78727e+15 6.19284e+15 6.51439e+15 6.71184e+15 6.87689e+15 6.9115e+15 0 0 0 0 0 0 0 0 0 0 0 0 0 0 0 0 0 0 0 0 0 0 0 0 0 0 0 0 0 0 0 0 
0 0 0 0 0 0 0 0 0 0 0 0 0 3.02567e+10 1.28221e+12 1.3348e+13 7.13071e+13 2.48391e+14 6.39337e+14 1.32468e+15 2.33744e+15 3.65281e+15 5.18642e+15 6.86924e+15 8.62388e+15 1.0278e+16 1.18979e+16 1.33125e+16 1.45442e+16 1.54448e+16 1.61679e+16 1.65962e+16 1.6754e+16 0 0 0 0 0 0 0 0 0 0 0 0 0 0 0 0 0 0 0 0 0 0 0 0 0 0 0 0 0 0 0 0 
0 0 0 0 0 0 0 0 0 0 0 0 0 0 3.01184e+11 5.68111e+12 4.32967e+13 1.95409e+14 6.19272e+14 1.51173e+15 3.03965e+15 5.27681e+15 8.21356e+15 1.17171e+16 1.54887e+16 1.94823e+16 2.33549e+16 2.69728e+16 3.00543e+16 3.27136e+16 3.46644e+16 3.58219e+16 3.63009e+16 0 0 0 0 0 0 0 0 0 0 0 0 0 0 0 0 0 0 0 0 0 0 0 0 0 0 0 0 0 0 0 0 
0 0 0 0 0 0 0 0 0 0 0 0 0 0 3.63028e+10 1.72634e+12 2.03039e+13 1.23267e+14 4.86775e+14 1.42368e+15 3.30948e+15 6.49569e+15 1.11121e+16 1.7102e+16 2.42695e+16 3.21943e+16 4.02821e+16 4.80556e+16 5.52207e+16 6.12169e+16 6.56518e+16 6.85609e+16 6.92949e+16 0 0 0 0 0 0 0 0 0 0 0 0 0 0 0 0 0 0 0 0 0 0 0 0 0 0 0 0 0 0 0 0 
0 0 0 0 0 0 0 0 0 0 0 0 0 0 0 3.44196e+11 7.21126e+12 6.14192e+13 3.11819e+14 1.10318e+15 3.01372e+15 6.71226e+15 1.27986e+16 2.15351e+16 3.28411e+16 4.60403e+16 6.05152e+16 7.52342e+16 8.9029e+16 1.01048e+17 1.10144e+17 1.15563e+17 1.18009e+17 0 0 0 0 0 0 0 0 0 0 0 0 0 0 0 0 0 0 0 0 0 0 0 0 0 0 0 0 0 0 0 0 
0 0 0 0 0 0 0 0 0 0 0 0 0 0 0 3.59052e+10 1.8621e+12 2.40532e+13 1.60776e+14 7.06617e+14 2.27698e+15 5.83287e+15 1.24711e+16 2.31086e+16 3.8102e+16 5.71426e+16 7.91793e+16 1.02595e+17 1.25351e+17 1.45674e+17 1.61656e+17 1.72024e+17 1.74996e+17 0 0 0 0 0 0 0 0 0 0 0 0 0 0 0 0 0 0 0 0 0 0 0 0 0 0 0 0 0 0 0 0 
0 0 0 0 0 0 0 0 0 0 0 0 0 0 0 0 3.20395e+11 7.23383e+12 6.72087e+13 3.70543e+14 1.43897e+15 4.26769e+15 1.03109e+16 2.11536e+16 3.80148e+16 6.11091e+16 8.95991e+16 1.21596e+17 1.54194e+17 1.83629e+17 2.0785e+17 2.23639e+17 2.29086e+17 0 0 0 0 0 0 0 0 0 0 0 0 0 0 0 0 0 0 0 0 0 0 0 0 0 0 0 0 0 0 0 0 
0 0 0 0 0 0 0 0 0 0 0 0 0 0 0 0 2.94721e+10 1.61298e+12 2.22797e+13 1.60676e+14 7.57699e+14 2.63627e+15 7.24851e+15 1.65502e+16 3.24119e+16 5.62597e+16 8.77534e+16 1.24977e+17 1.647e+17 2.02598e+17 2.33865e+17 2.5449e+17 2.61757e+17 0 0 0 0 0 0 0 0 0 0 0 0 0 0 0 0 0 0 0 0 0 0 0 0 0 0 0 0 0 0 0 0 
0 0 0 0 0 0 0 0 0 0 0 0 0 0 0 0 0 2.43441e+11 5.78147e+12 5.68044e+13 3.33439e+14 1.37725e+15 4.34898e+15 1.10873e+16 2.38948e+16 4.47194e+16 7.43061e+16 1.11629e+17 1.53253e+17 1.9431e+17 2.29207e+17 2.52112e+17 2.60604e+17 0 0 0 0 0 0 0 0 0 0 0 0 0 0 0 0 0 0 0 0 0 0 0 0 0 0 0 0 0 0 0 0 
0 0 0 0 0 0 0 0 0 0 0 0 0 0 0 0 0 2.01627e+10 1.12571e+12 1.62024e+13 1.22665e+14 6.06672e+14 2.21164e+15 6.38234e+15 1.5191e+16 3.07843e+16 5.4757e+16 8.66659e+16 1.24315e+17 1.63072e+17 1.96118e+17 2.19269e+17 2.27118e+17 0 0 0 0 0 0 0 0 0 0 0 0 0 0 0 0 0 0 0 0 0 0 0 0 0 0 0 0 0 0 0 0 
0 0 0 0 0 0 0 0 0 0 0 0 0 0 0 0 0 0 1.51909e+11 3.68571e+12 3.71885e+13 2.27627e+14 9.72484e+14 3.17504e+15 8.36407e+15 1.84589e+16 3.51653e+16 5.89154e+16 8.8149e+16 1.19422e+17 1.47773e+17 1.6741e+17 1.74174e+17 0 0 0 0 0 0 0 0 0 0 0 0 0 0 0 0 0 0 0 0 0 0 0 0 0 0 0 0 0 0 0 0 
0 0 0 0 0 0 0 0 0 0 0 0 0 0 0 0 0 0 1.16024e+10 6.35728e+11 9.36236e+12 7.1914e+13 3.64668e+14 1.36109e+15 3.9983e+15 9.66804e+15 1.97507e+16 3.51337e+16 5.50644e+16 7.71207e+16 9.75769e+16 1.12046e+17 1.17725e+17 0 0 0 0 0 0 0 0 0 0 0 0 0 0 0 0 0 0 0 0 0 0 0 0 0 0 0 0 0 0 0 0 
0 0 0 0 0 0 0 0 0 0 0 0 0 0 0 0 0 0 0 7.8275e+10 1.88028e+12 1.90856e+13 1.18181e+14 5.09201e+14 1.67267e+15 4.42696e+15 9.74449e+15 1.83645e+16 3.02474e+16 4.38692e+16 5.69986e+16 6.63826e+16 6.98274e+16 0 0 0 0 0 0 0 0 0 0 0 0 0 0 0 0 0 0 0 0 0 0 0 0 0 0 0 0 0 0 0 0 
0 0 0 0 0 0 0 0 0 0 0 0 0 0 0 0 0 0 0 5.69184e+09 2.95206e+11 4.27609e+12 3.2694e+13 1.64893e+14 6.14305e+14 1.78595e+15 4.26941e+15 8.54205e+15 1.47349e+16 2.22138e+16 2.94805e+16 3.50651e+16 3.7016e+16 0 0 0 0 0 0 0 0 0 0 0 0 0 0 0 0 0 0 0 0 0 0 0 0 0 0 0 0 0 0 0 0 
0 0 0 0 0 0 0 0 0 0 0 0 0 0 0 0 0 0 0 0 3.32437e+10 7.72716e+11 7.72647e+12 4.68216e+13 1.98661e+14 6.43208e+14 1.65048e+15 3.5541e+15 6.42006e+15 1.00745e+16 1.37753e+16 1.64622e+16 1.74822e+16 0 0 0 0 0 0 0 0 0 0 0 0 0 0 0 0 0 0 0 0 0 0 0 0 0 0 0 0 0 0 0 0 
0 0 0 0 0 0 0 0 0 0 0 0 0 0 0 0 0 0 0 0 2.43005e+09 1.12511e+11 1.55149e+12 1.15736e+13 5.66043e+13 2.04438e+14 5.77749e+14 1.31559e+15 2.51318e+15 4.08204e+15 5.73384e+15 7.01699e+15 7.47022e+15 0 0 0 0 0 0 0 0 0 0 0 0 0 0 0 0 0 0 0 0 0 0 0 0 0 0 0 0 0 0 0 0 
0 0 0 0 0 0 0 0 0 0 0 0 0 0 0 0 0 0 0 0 0 1.18528e+10 2.59533e+11 2.45937e+12 1.43372e+13 5.79215e+13 1.79397e+14 4.40572e+14 8.87971e+14 1.50074e+15 2.16278e+15 2.68012e+15 2.8955e+15 0 0 0 0 0 0 0 0 0 0 0 0 0 0 0 0 0 0 0 0 0 0 0 0 0 0 0 0 0 0 0 0 
0 0 0 0 0 0 0 0 0 0 0 0 0 0 0 0 0 0 0 0 0 9.24216e+08 3.54199e+10 4.54116e+11 3.17961e+12 1.47694e+13 5.02157e+13 1.32594e+14 2.83627e+14 5.00955e+14 7.43998e+14 9.39402e+14 1.01409e+15 0 0 0 0 0 0 0 0 0 0 0 0 0 0 0 0 0 0 0 0 0 0 0 0 0 0 0 0 0 0 0 0 
0 0 0 0 0 0 0 0 0 0 0 0 0 0 0 0 0 0 0 0 0 0 3.62024e+09 7.11885e+10 6.22852e+11 3.37508e+12 1.2772e+13 3.65998e+13 8.29024e+13 1.5256e+14 2.34358e+14 3.00045e+14 3.25321e+14 0 0 0 0 0 0 0 0 0 0 0 0 0 0 0 0 0 0 0 0 0 0 0 0 0 0 0 0 0 0 0 0 
0 0 0 0 0 0 0 0 0 0 0 0 0 0 0 0 0 0 0 0 0 0 3.2274e+08 9.44041e+09 1.07397e+11 6.85703e+11 2.93633e+12 9.18703e+12 2.20664e+13 4.24899e+13 6.74361e+13 8.82755e+13 9.63997e+13 0 0 0 0 0 0 0 0 0 0 0 0 0 0 0 0 0 0 0 0 0 0 0 0 0 0 0 0 0 0 0 0 
0 0 0 0 0 0 0 0 0 0 0 0 0 0 0 0 0 0 0 0 0 0 0 9.6086e+08 1.61336e+10 1.2612e+11 6.13869e+11 2.10424e+12 5.44377e+12 1.10625e+13 1.79715e+13 2.39491e+13 2.64682e+13 0 0 0 0 0 0 0 0 0 0 0 0 0 0 0 0 0 0 0 0 0 0 0 0 0 0 0 0 0 0 0 0 
0 0 0 0 0 0 0 0 0 0 0 0 0 0 0 0 0 0 0 0 0 0 0 1.04425e+08 2.17425e+09 2.08376e+10 1.17805e+11 4.49192e+11 1.24538e+12 2.63666e+12 4.44602e+12 6.04312e+12 6.71497e+12 0 0 0 0 0 0 0 0 0 0 0 0 0 0 0 0 0 0 0 0 0 0 0 0 0 0 0 0 0 0 0 0 
0 0 0 0 0 0 0 0 0 0 0 0 0 0 0 0 0 0 0 0 0 0 0 0 2.21886e+08 3.14213e+09 2.08576e+10 8.74662e+10 2.64289e+11 5.94202e+11 1.03876e+12 1.43546e+12 1.60812e+12 0 0 0 0 0 0 0 0 0 0 0 0 0 0 0 0 0 0 0 0 0 0 0 0 0 0 0 0 0 0 0 0 
0 0 0 0 0 0 0 0 0 0 0 0 0 0 0 0 0 0 0 0 0 0 0 0 3.14775e+07 4.43614e+08 3.40051e+09 1.62357e+10 5.30676e+10 1.27149e+11 2.30391e+11 3.23575e+11 3.6124e+11 0 0 0 0 0 0 0 0 0 0 0 0 0 0 0 0 0 0 0 0 0 0 0 0 0 0 0 0 0 0 0 0 
0 0 0 0 0 0 0 0 0 0 0 0 0 0 0 0 0 0 0 0 0 0 0 0 0 4.4856e+07 5.32868e+08 2.88119e+09 1.00684e+10 2.55801e+10 4.81132e+10 7.03257e+10 7.92681e+10 0 0 0 0 0 0 0 0 0 0 0 0 0 0 0 0 0 0 0 0 0 0 0 0 0 0 0 0 0 0 0 0 
0 0 0 0 0 0 0 0 0 0 0 0 0 0 0 0 0 0 0 0 0 0 0 0 0 8.50637e+06 8.04745e+07 4.69049e+08 1.85309e+09 4.98319e+09 9.86803e+09 1.44413e+10 1.65086e+10 0 0 0 0 0 0 0 0 0 0 0 0 0 0 0 0 0 0 0 0 0 0 0 0 0 0 0 0 0 0 0 0 
0 0 0 0 0 0 0 0 0 0 0 0 0 0 0 0 0 0 0 0 0 0 0 0 0 0 7.73473e+06 7.98028e+07 3.35802e+08 9.42415e+08 1.94112e+09 2.91661e+09 3.38587e+09 0 0 0 0 0 0 0 0 0 0 0 0 0 0 0 0 0 0 0 0 0 0 0 0 0 0 0 0 0 0 0 0 
0 0 0 0 0 0 0 0 0 0 0 0 0 0 0 0 0 0 0 0 0 0 0 0 0 0 2.05445e+06 1.26872e+07 5.54785e+07 1.81031e+08 3.77661e+08 5.92283e+08 6.69475e+08 0 0 0 0 0 0 0 0 0 0 0 0 0 0 0 0 0 0 0 0 0 0 0 0 0 0 0 0 0 0 0 0 
0 0 0 0 0 0 0 0 0 0 0 0 0 0 0 0 0 0 0 0 0 0 0 0 0 0 0 1.07681e+06 1.06384e+07 3.25982e+07 7.31972e+07 1.19496e+08 1.35595e+08 0 0 0 0 0 0 0 0 0 0 0 0 0 0 0 0 0 0 0 0 0 0 0 0 0 0 0 0 0 0 0 0 
0 0 0 0 0 0 0 0 0 0 0 0 0 0 0 0 0 0 0 0 0 0 0 0 0 0 0 424160 1.67191e+06 5.54414e+06 1.49683e+07 2.18265e+07 2.83402e+07 0 0 0 0 0 0 0 0 0 0 0 0 0 0 0 0 0 0 0 0 0 0 0 0 0 0 0 0 0 0 0 0 
0 0 0 0 0 0 0 0 0 0 0 0 0 0 0 0 0 0 0 0 0 0 0 0 0 0 0 0 111428 1.23215e+06 2.37851e+06 4.64245e+06 5.10659e+06 0 0 0 0 0 0 0 0 0 0 0 0 0 0 0 0 0 0 0 0 0 0 0 0 0 0 0 0 0 0 0 0 
0 0 0 0 0 0 0 0 0 0 0 0 0 0 0 0 0 0 0 0 0 0 0 0 0 0 0 0 72920.7 167938 452882 958871 923907 0 0 0 0 0 0 0 0 0 0 0 0 0 0 0 0 0 0 0 0 0 0 0 0 0 0 0 0 0 0 0 0 
0 0 0 0 0 0 0 0 0 0 0 0 0 0 0 0 0 0 0 0 0 0 0 0 0 0 0 0 0 7589.53 114984 111007 239926 0 0 0 0 0 0 0 0 0 0 0 0 0 0 0 0 0 0 0 0 0 0 0 0 0 0 0 0 0 0 0 0 
0 0 0 0 0 0 0 0 0 0 0 0 0 0 0 0 0 0 0 0 0 0 0 0 0 0 0 0 0 9862.66 11327 32097.7 37144.3 0 0 0 0 0 0 0 0 0 0 0 0 0 0 0 0 0 0 0 0 0 0 0 0 0 0 0 0 0 0 0 0 
0 0 0 0 0 0 0 0 0 0 0 0 0 0 0 0 0 0 0 0 0 0 0 0 0 0 0 0 0 0 251.225 7537.7 2016.33 0 0 0 0 0 0 0 0 0 0 0 0 0 0 0 0 0 0 0 0 0 0 0 0 0 0 0 0 0 0 0 0 
0 0 0 0 0 0 0 0 0 0 0 0 0 0 0 0 0 0 0 0 0 0 0 0 0 0 0 0 0 0 980.151 375.512 1910.67 0 0 0 0 0 0 0 0 0 0 0 0 0 0 0 0 0 0 0 0 0 0 0 0 0 0 0 0 0 0 0 0 
0 0 0 0 0 0 0 0 0 0 0 0 0 0 0 0 0 0 0 0 0 0 0 0 0 0 0 0 0 0 0 0 251.616 0 0 0 0 0 0 0 0 0 0 0 0 0 0 0 0 0 0 0 0 0 0 0 0 0 0 0 0 0 0 0 0 
0 0 0 0 0 0 0 0 0 0 0 0 0 0 0 0 0 0 0 0 0 0 0 0 0 0 0 0 0 0 0 63.2355 0 0 0 0 0 0 0 0 0 0 0 0 0 0 0 0 0 0 0 0 0 0 0 0 0 0 0 0 0 0 0 0 0 
0 0 0 0 0 0 0 0 0 0 0 0 0 0 0 0 0 0 0 0 0 0 0 0 0 0 0 0 0 0 0 0 0 0 0 0 0 0 0 0 0 0 0 0 0 0 0 0 0 0 0 0 0 0 0 0 0 0 0 0 0 0 0 0 0 
0 0 0 0 0 0 0 0 0 0 0 0 0 0 0 0 0 0 0 0 0 0 0 0 0 0 0 0 0 0 0 0 1.97611 0 0 0 0 0 0 0 0 0 0 0 0 0 0 0 0 0 0 0 0 0 0 0 0 0 0 0 0 0 0 0 0 
