1 0 0 0 0 0 0 0 0 0 0 0 0 0 0 0 0 0 0 0 0 0 0 0 0 0 0 0 0 0 0 0 0 0 0 0 0 0 0 0 0 0 0 0 0 0 0 0 0 0 0 0 0 0 0 0 0 0 0 0 0 0 0 0 0 
0 0 0 0 0 0 0 0 0 0 0 0 0 0 0 0 0 0 0 0 0 0 0 0 0 0 0 0 0 0 0 0 0 0 0 0 0 0 0 0 0 0 0 0 0 0 0 0 0 0 0 0 0 0 0 0 0 0 0 0 0 0 0 0 0 
0 64 0 0 0 0 0 0 0 0 0 0 0 0 0 0 0 0 0 0 0 0 0 0 0 0 0 0 0 0 0 0 0 0 0 0 0 0 0 0 0 0 0 0 0 0 0 0 0 0 0 0 0 0 0 0 0 0 0 0 0 0 0 0 0 
0 0 128 0 0 0 0 0 0 0 0 0 0 0 0 0 0 0 0 0 0 0 0 0 0 0 0 0 0 0 0 0 0 0 0 0 0 0 0 0 0 0 0 0 0 0 0 0 0 0 0 0 0 0 0 0 0 0 0 0 0 0 0 0 0 
0 0 1888 380.986 63.5103 0 0 0 0 0 0 0 0 0 0 0 0 0 0 0 0 0 0 0 0 0 0 0 0 0 0 0 0 0 0 0 0 0 0 0 0 0 0 0 0 0 0 0 0 0 0 0 0 0 0 0 0 0 0 0 0 0 0 0 0 
0 0 0 7174.03 1156.49 519.297 129.889 0 0 0 0 0 0 0 0 0 0 0 0 0 0 0 0 0 0 0 0 0 0 0 0 0 0 0 0 0 0 0 0 0 0 0 0 0 0 0 0 0 0 0 0 0 0 0 0 0 0 0 0 0 0 0 0 0 0 
0 0 0 34109 27322.9 6825.05 2502.7 1391.1 384.348 64.6129 0 0 0 0 0 0 0 0 0 0 0 0 0 0 0 0 0 0 0 0 0 0 0 0 0 0 0 0 0 0 0 0 0 0 0 0 0 0 0 0 0 0 0 0 0 0 0 0 0 0 0 0 0 0 0 
0 0 0 0 183679 97336.7 42694.8 17151 8991.23 4775.02 2050.08 565.4 128.791 0 0 0 0 0 0 0 0 0 0 0 0 0 0 0 0 0 0 0 0 0 0 0 0 0 0 0 0 0 0 0 0 0 0 0 0 0 0 0 0 0 0 0 0 0 0 0 0 0 0 0 0 
0 0 0 0 423154 829776 413254 222105 120547 60684.4 34189.7 20203.5 10016.6 4308.68 1427.48 365.727 87.5907 0 0 0 0 0 0 0 14.5849 0 0 0 0 0 0 0 15.4762 0 0 0 0 0 0 0 0 0 0 0 0 0 0 0 0 0 0 0 0 0 0 0 0 0 0 0 0 0 0 0 0 
0 0 0 0 0 2.8595e+06 3.31961e+06 1.98762e+06 1.148e+06 723609 438424 255348 158783 94887.9 56465.2 30414.6 14698.8 6474.3 2615.67 756.835 416.557 298.119 260.091 254.14 0 245.934 281.697 275.404 248.211 254.531 236.124 254.346 0 0 0 0 0 0 0 0 0 0 0 0 0 0 0 0 0 0 0 0 0 0 0 0 0 0 0 0 0 0 0 0 0 
0 0 0 0 0 3.83055e+06 1.46053e+07 1.34999e+07 9.42235e+06 6.14312e+06 4.05044e+06 2.76355e+06 1.81084e+06 1.18816e+06 773107 517160 334168 203154 124221 70370.1 40009.5 20844.1 13913.4 11150.8 12143.3 10145.5 9934.09 9169.67 9709.55 9357.37 9297.55 9446.83 11577.5 0 0 0 0 0 0 0 0 0 0 0 0 0 0 0 0 0 0 0 0 0 0 0 0 0 0 0 0 0 0 0 0 
0 0 0 0 0 0 3.03524e+07 6.3755e+07 5.75007e+07 4.33538e+07 3.12549e+07 2.25178e+07 1.61556e+07 1.16213e+07 8.31634e+06 5.93231e+06 4.1985e+06 3.01304e+06 2.15606e+06 1.47025e+06 990300 699418 511427 372935 289047 249102 236345 225498 211650 213595 223060 210338 207088 0 0 0 0 0 0 0 0 0 0 0 0 0 0 0 0 0 0 0 0 0 0 0 0 0 0 0 0 0 0 0 0 
0 0 0 0 0 0 2.62385e+07 1.6948e+08 2.62338e+08 2.46243e+08 2.00779e+08 1.57168e+08 1.20373e+08 9.16449e+07 6.94208e+07 5.22511e+07 4.07011e+07 3.09723e+07 2.31419e+07 1.77777e+07 1.4097e+07 1.09199e+07 8.37551e+06 6.63638e+06 5.43544e+06 4.67048e+06 3.95715e+06 3.57603e+06 3.52383e+06 3.23572e+06 3.16828e+06 3.12237e+06 3.25433e+06 0 0 0 0 0 0 0 0 0 0 0 0 0 0 0 0 0 0 0 0 0 0 0 0 0 0 0 0 0 0 0 0 
0 0 0 0 0 0 0 2.32662e+08 7.85182e+08 1.0677e+09 1.04418e+09 9.05003e+08 7.54368e+08 6.09477e+08 4.93778e+08 3.88573e+08 3.15279e+08 2.55114e+08 2.07871e+08 1.68026e+08 1.34354e+08 1.12105e+08 9.17445e+07 7.62154e+07 6.58425e+07 5.59957e+07 5.06015e+07 4.59352e+07 4.16892e+07 4.00144e+07 3.86897e+07 3.8468e+07 3.82657e+07 0 0 0 0 0 0 0 0 0 0 0 0 0 0 0 0 0 0 0 0 0 0 0 0 0 0 0 0 0 0 0 0 
0 0 0 0 0 0 0 1.39591e+08 1.38572e+09 3.29665e+09 4.28665e+09 4.35416e+09 4.00617e+09 3.50076e+09 2.98465e+09 2.56394e+09 2.13322e+09 1.79955e+09 1.49752e+09 1.30053e+09 1.08475e+09 9.21901e+08 7.88534e+08 6.90278e+08 6.06836e+08 5.3793e+08 4.85383e+08 4.48562e+08 4.18482e+08 3.93017e+08 3.78938e+08 3.72763e+08 3.67807e+08 0 0 0 0 0 0 0 0 0 0 0 0 0 0 0 0 0 0 0 0 0 0 0 0 0 0 0 0 0 0 0 0 
0 0 0 0 0 0 0 0 1.33927e+09 6.6772e+09 1.31198e+10 1.68449e+10 1.77245e+10 1.70963e+10 1.56991e+10 1.41334e+10 1.24208e+10 1.08536e+10 9.61093e+09 8.30257e+09 7.30858e+09 6.45559e+09 5.69759e+09 5.11309e+09 4.56199e+09 4.14915e+09 3.80016e+09 3.55741e+09 3.33042e+09 3.1955e+09 3.1112e+09 3.04525e+09 3.00478e+09 0 0 0 0 0 0 0 0 0 0 0 0 0 0 0 0 0 0 0 0 0 0 0 0 0 0 0 0 0 0 0 0 
0 0 0 0 0 0 0 0 5.85451e+08 8.31475e+09 2.84003e+10 5.03578e+10 6.46409e+10 7.05423e+10 7.10166e+10 6.79506e+10 6.334e+10 5.87241e+10 5.30229e+10 4.81527e+10 4.33537e+10 3.97873e+10 3.58314e+10 3.22808e+10 2.9998e+10 2.78548e+10 2.60517e+10 2.4845e+10 2.30868e+10 2.24113e+10 2.22514e+10 2.153e+10 2.12963e+10 0 0 0 0 0 0 0 0 0 0 0 0 0 0 0 0 0 0 0 0 0 0 0 0 0 0 0 0 0 0 0 0 
0 0 0 0 0 0 0 0 0 5.92645e+09 4.09278e+10 1.11363e+11 1.86633e+11 2.41292e+11 2.71276e+11 2.83291e+11 2.83083e+11 2.73126e+11 2.59758e+11 2.44986e+11 2.28711e+11 2.14025e+11 1.97364e+11 1.86536e+11 1.75769e+11 1.6535e+11 1.56902e+11 1.47538e+11 1.42744e+11 1.40059e+11 1.36578e+11 1.34232e+11 1.32638e+11 0 0 0 0 0 0 0 0 0 0 0 0 0 0 0 0 0 0 0 0 0 0 0 0 0 0 0 0 0 0 0 0 
0 0 0 0 0 0 0 0 0 1.96131e+09 3.76618e+10 1.74113e+11 4.11342e+11 6.67169e+11 8.77023e+11 1.01501e+12 1.09439e+12 1.12286e+12 1.12519e+12 1.10852e+12 1.07274e+12 1.02347e+12 9.86996e+11 9.46951e+11 9.0238e+11 8.61083e+11 8.26893e+11 8.03179e+11 7.88799e+11 7.66807e+11 7.49705e+11 7.45903e+11 7.45074e+11 0 0 0 0 0 0 0 0 0 0 0 0 0 0 0 0 0 0 0 0 0 0 0 0 0 0 0 0 0 0 0 0 
0 0 0 0 0 0 0 0 0 0 2.05111e+10 1.86781e+11 6.69991e+11 1.44766e+12 2.29787e+12 3.05387e+12 3.64253e+12 4.0408e+12 4.29565e+12 4.41477e+12 4.45492e+12 4.41561e+12 4.36263e+12 4.29074e+12 4.19751e+12 4.105e+12 3.96308e+12 3.93764e+12 3.83085e+12 3.7945e+12 3.72548e+12 3.71871e+12 3.71668e+12 0 0 0 0 0 0 0 0 0 0 0 0 0 0 0 0 0 0 0 0 0 0 0 0 0 0 0 0 0 0 0 0 
0 0 0 0 0 0 0 0 0 0 5.28507e+09 1.31075e+11 7.86841e+11 2.37996e+12 4.844e+12 7.62298e+12 1.02555e+13 1.25409e+13 1.43517e+13 1.56221e+13 1.64971e+13 1.69818e+13 1.72641e+13 1.74528e+13 1.7476e+13 1.73816e+13 1.74305e+13 1.71807e+13 1.7144e+13 1.69518e+13 1.68383e+13 1.67858e+13 1.68061e+13 0 0 0 0 0 0 0 0 0 0 0 0 0 0 0 0 0 0 0 0 0 0 0 0 0 0 0 0 0 0 0 0 
0 0 0 0 0 0 0 0 0 0 0 5.60306e+10 6.43069e+11 2.94743e+12 7.93386e+12 1.54788e+13 2.42483e+13 3.3152e+13 4.1191e+13 4.83777e+13 5.38675e+13 5.82906e+13 6.15547e+13 6.35889e+13 6.52359e+13 6.66235e+13 6.73872e+13 6.8121e+13 6.79087e+13 6.82796e+13 6.84966e+13 6.85979e+13 6.85435e+13 0 0 0 0 0 0 0 0 0 0 0 0 0 0 0 0 0 0 0 0 0 0 0 0 0 0 0 0 0 0 0 0 
0 0 0 0 0 0 0 0 0 0 0 1.15894e+10 3.56317e+11 2.64749e+12 1.00402e+13 2.48727e+13 4.7108e+13 7.36761e+13 1.01839e+14 1.28922e+14 1.54021e+14 1.75349e+14 1.93757e+14 2.08542e+14 2.20484e+14 2.28827e+14 2.37158e+14 2.42008e+14 2.46405e+14 2.48718e+14 2.51492e+14 2.53621e+14 2.54859e+14 0 0 0 0 0 0 0 0 0 0 0 0 0 0 0 0 0 0 0 0 0 0 0 0 0 0 0 0 0 0 0 0 
0 0 0 0 0 0 0 0 0 0 0 0 1.22092e+11 1.70973e+12 9.56563e+12 3.16184e+13 7.35941e+13 1.35894e+14 2.13383e+14 2.98041e+14 3.82738e+14 4.64492e+14 5.37608e+14 6.04274e+14 6.59646e+14 7.104e+14 7.46737e+14 7.80184e+14 8.06897e+14 8.24571e+14 8.34683e+14 8.46758e+14 8.4102e+14 0 0 0 0 0 0 0 0 0 0 0 0 0 0 0 0 0 0 0 0 0 0 0 0 0 0 0 0 0 0 0 0 
0 0 0 0 0 0 0 0 0 0 0 0 2.06655e+10 7.61034e+11 6.78977e+12 3.09816e+13 9.23427e+13 2.05483e+14 3.7158e+14 5.82577e+14 8.23225e+14 1.07286e+15 1.32204e+15 1.55373e+15 1.76773e+15 1.95307e+15 2.123e+15 2.24813e+15 2.3604e+15 2.44404e+15 2.50519e+15 2.5394e+15 2.54836e+15 0 0 0 0 0 0 0 0 0 0 0 0 0 0 0 0 0 0 0 0 0 0 0 0 0 0 0 0 0 0 0 0 
0 0 0 0 0 0 0 0 0 0 0 0 0 2.13059e+11 3.52242e+12 2.33438e+13 9.15609e+13 2.51753e+14 5.39285e+14 9.62738e+14 1.50739e+15 2.14085e+15 2.81646e+15 3.50237e+15 4.16944e+15 4.78126e+15 5.33712e+15 5.82036e+15 6.20301e+15 6.51637e+15 6.77352e+15 6.85865e+15 6.9244e+15 0 0 0 0 0 0 0 0 0 0 0 0 0 0 0 0 0 0 0 0 0 0 0 0 0 0 0 0 0 0 0 0 
0 0 0 0 0 0 0 0 0 0 0 0 0 3.01726e+10 1.28573e+12 1.3369e+13 7.12024e+13 2.47754e+14 6.39195e+14 1.32517e+15 2.33231e+15 3.63743e+15 5.179e+15 6.87006e+15 8.60707e+15 1.03076e+16 1.18864e+16 1.33294e+16 1.45267e+16 1.54816e+16 1.61372e+16 1.66162e+16 1.6732e+16 0 0 0 0 0 0 0 0 0 0 0 0 0 0 0 0 0 0 0 0 0 0 0 0 0 0 0 0 0 0 0 0 
0 0 0 0 0 0 0 0 0 0 0 0 0 0 3.01476e+11 5.68554e+12 4.33646e+13 1.95611e+14 6.18664e+14 1.51163e+15 3.04272e+15 5.29046e+15 8.21407e+15 1.16986e+16 1.55229e+16 1.9524e+16 2.33788e+16 2.69114e+16 3.01196e+16 3.26916e+16 3.45955e+16 3.58168e+16 3.62184e+16 0 0 0 0 0 0 0 0 0 0 0 0 0 0 0 0 0 0 0 0 0 0 0 0 0 0 0 0 0 0 0 0 
0 0 0 0 0 0 0 0 0 0 0 0 0 0 3.61537e+10 1.72856e+12 2.03228e+13 1.23319e+14 4.87187e+14 1.41982e+15 3.31168e+15 6.49191e+15 1.11185e+16 1.71256e+16 2.43069e+16 3.21191e+16 4.02978e+16 4.82483e+16 5.53075e+16 6.14091e+16 6.58171e+16 6.85488e+16 6.94383e+16 0 0 0 0 0 0 0 0 0 0 0 0 0 0 0 0 0 0 0 0 0 0 0 0 0 0 0 0 0 0 0 0 
0 0 0 0 0 0 0 0 0 0 0 0 0 0 0 3.44478e+11 7.21905e+12 6.14621e+13 3.1145e+14 1.10588e+15 3.00677e+15 6.70683e+15 1.28064e+16 2.1536e+16 3.27612e+16 4.61161e+16 6.06005e+16 7.52309e+16 8.90208e+16 1.00947e+17 1.10146e+17 1.15826e+17 1.17904e+17 0 0 0 0 0 0 0 0 0 0 0 0 0 0 0 0 0 0 0 0 0 0 0 0 0 0 0 0 0 0 0 0 
0 0 0 0 0 0 0 0 0 0 0 0 0 0 0 3.58377e+10 1.86088e+12 2.41042e+13 1.61284e+14 7.04906e+14 2.28157e+15 5.82813e+15 1.24537e+16 2.30903e+16 3.80614e+16 5.71012e+16 7.91347e+16 1.0253e+17 1.25354e+17 1.45444e+17 1.61699e+17 1.71998e+17 1.75248e+17 0 0 0 0 0 0 0 0 0 0 0 0 0 0 0 0 0 0 0 0 0 0 0 0 0 0 0 0 0 0 0 0 
0 0 0 0 0 0 0 0 0 0 0 0 0 0 0 0 3.20081e+11 7.23514e+12 6.71521e+13 3.72468e+14 1.43695e+15 4.27316e+15 1.03004e+16 2.11253e+16 3.80567e+16 6.10243e+16 8.94517e+16 1.21381e+17 1.54136e+17 1.83889e+17 2.07803e+17 2.23409e+17 2.29083e+17 0 0 0 0 0 0 0 0 0 0 0 0 0 0 0 0 0 0 0 0 0 0 0 0 0 0 0 0 0 0 0 0 
0 0 0 0 0 0 0 0 0 0 0 0 0 0 0 0 2.93706e+10 1.61495e+12 2.22927e+13 1.60596e+14 7.58589e+14 2.63718e+15 7.26412e+15 1.65622e+16 3.2389e+16 5.62429e+16 8.77008e+16 1.24979e+17 1.64263e+17 2.02469e+17 2.33656e+17 2.54033e+17 2.61456e+17 0 0 0 0 0 0 0 0 0 0 0 0 0 0 0 0 0 0 0 0 0 0 0 0 0 0 0 0 0 0 0 0 
0 0 0 0 0 0 0 0 0 0 0 0 0 0 0 0 0 2.42631e+11 5.79578e+12 5.65676e+13 3.34107e+14 1.37636e+15 4.34213e+15 1.11114e+16 2.38977e+16 4.47208e+16 7.4361e+16 1.11593e+17 1.53622e+17 1.94395e+17 2.2916e+17 2.5279e+17 2.60495e+17 0 0 0 0 0 0 0 0 0 0 0 0 0 0 0 0 0 0 0 0 0 0 0 0 0 0 0 0 0 0 0 0 
0 0 0 0 0 0 0 0 0 0 0 0 0 0 0 0 0 2.00529e+10 1.13122e+12 1.63074e+13 1.22576e+14 6.08226e+14 2.21617e+15 6.37783e+15 1.52354e+16 3.08615e+16 5.47084e+16 8.67776e+16 1.24232e+17 1.62757e+17 1.96242e+17 2.18953e+17 2.27614e+17 0 0 0 0 0 0 0 0 0 0 0 0 0 0 0 0 0 0 0 0 0 0 0 0 0 0 0 0 0 0 0 0 
0 0 0 0 0 0 0 0 0 0 0 0 0 0 0 0 0 0 1.50816e+11 3.69125e+12 3.73078e+13 2.27235e+14 9.72129e+14 3.1625e+15 8.34724e+15 1.84848e+16 3.52438e+16 5.88809e+16 8.82107e+16 1.19574e+17 1.47634e+17 1.67447e+17 1.73989e+17 0 0 0 0 0 0 0 0 0 0 0 0 0 0 0 0 0 0 0 0 0 0 0 0 0 0 0 0 0 0 0 0 
0 0 0 0 0 0 0 0 0 0 0 0 0 0 0 0 0 0 1.1471e+10 6.42821e+11 9.36895e+12 7.22114e+13 3.6595e+14 1.37071e+15 3.99023e+15 9.62671e+15 1.97582e+16 3.51374e+16 5.49915e+16 7.6994e+16 9.75721e+16 1.11953e+17 1.17317e+17 0 0 0 0 0 0 0 0 0 0 0 0 0 0 0 0 0 0 0 0 0 0 0 0 0 0 0 0 0 0 0 0 
0 0 0 0 0 0 0 0 0 0 0 0 0 0 0 0 0 0 0 7.70323e+10 1.89002e+12 1.9144e+13 1.18274e+14 5.07927e+14 1.67819e+15 4.4271e+15 9.75078e+15 1.8421e+16 3.02646e+16 4.40187e+16 5.70236e+16 6.65238e+16 7.00651e+16 0 0 0 0 0 0 0 0 0 0 0 0 0 0 0 0 0 0 0 0 0 0 0 0 0 0 0 0 0 0 0 0 
0 0 0 0 0 0 0 0 0 0 0 0 0 0 0 0 0 0 0 5.59369e+09 2.96026e+11 4.28199e+12 3.26393e+13 1.66275e+14 6.16262e+14 1.79615e+15 4.2749e+15 8.555e+15 1.48019e+16 2.22737e+16 2.96381e+16 3.50251e+16 3.70522e+16 0 0 0 0 0 0 0 0 0 0 0 0 0 0 0 0 0 0 0 0 0 0 0 0 0 0 0 0 0 0 0 0 
0 0 0 0 0 0 0 0 0 0 0 0 0 0 0 0 0 0 0 0 3.27488e+10 7.77461e+11 7.78372e+12 4.68374e+13 1.9845e+14 6.41511e+14 1.65469e+15 3.53876e+15 6.412e+15 1.00413e+16 1.37424e+16 1.65238e+16 1.75074e+16 0 0 0 0 0 0 0 0 0 0 0 0 0 0 0 0 0 0 0 0 0 0 0 0 0 0 0 0 0 0 0 0 
0 0 0 0 0 0 0 0 0 0 0 0 0 0 0 0 0 0 0 0 2.3821e+09 1.12316e+11 1.55643e+12 1.15261e+13 5.68719e+13 2.04611e+14 5.74605e+14 1.31978e+15 2.51992e+15 4.10082e+15 5.73815e+15 6.98299e+15 7.4934e+15 0 0 0 0 0 0 0 0 0 0 0 0 0 0 0 0 0 0 0 0 0 0 0 0 0 0 0 0 0 0 0 0 
0 0 0 0 0 0 0 0 0 0 0 0 0 0 0 0 0 0 0 0 0 1.17311e+10 2.58941e+11 2.48196e+12 1.43804e+13 5.83137e+13 1.80132e+14 4.40585e+14 8.84275e+14 1.49765e+15 2.15849e+15 2.69464e+15 2.88061e+15 0 0 0 0 0 0 0 0 0 0 0 0 0 0 0 0 0 0 0 0 0 0 0 0 0 0 0 0 0 0 0 0 
0 0 0 0 0 0 0 0 0 0 0 0 0 0 0 0 0 0 0 0 0 9.03496e+08 3.54801e+10 4.54421e+11 3.19008e+12 1.49095e+13 5.04388e+13 1.33161e+14 2.8423e+14 5.0087e+14 7.45969e+14 9.41243e+14 1.01309e+15 0 0 0 0 0 0 0 0 0 0 0 0 0 0 0 0 0 0 0 0 0 0 0 0 0 0 0 0 0 0 0 0 
0 0 0 0 0 0 0 0 0 0 0 0 0 0 0 0 0 0 0 0 0 0 3.57879e+09 7.10432e+10 6.24378e+11 3.38869e+12 1.28202e+13 3.67689e+13 8.34187e+13 1.53124e+14 2.33159e+14 2.9903e+14 3.26635e+14 0 0 0 0 0 0 0 0 0 0 0 0 0 0 0 0 0 0 0 0 0 0 0 0 0 0 0 0 0 0 0 0 
0 0 0 0 0 0 0 0 0 0 0 0 0 0 0 0 0 0 0 0 0 0 3.15127e+08 9.51722e+09 1.07766e+11 6.86714e+11 2.95723e+12 9.23824e+12 2.21829e+13 4.29971e+13 6.74624e+13 8.87251e+13 9.67093e+13 0 0 0 0 0 0 0 0 0 0 0 0 0 0 0 0 0 0 0 0 0 0 0 0 0 0 0 0 0 0 0 0 
0 0 0 0 0 0 0 0 0 0 0 0 0 0 0 0 0 0 0 0 0 0 0 9.54679e+08 1.62521e+10 1.27072e+11 6.18493e+11 2.12707e+12 5.50386e+12 1.11306e+13 1.81531e+13 2.40232e+13 2.66219e+13 0 0 0 0 0 0 0 0 0 0 0 0 0 0 0 0 0 0 0 0 0 0 0 0 0 0 0 0 0 0 0 0 
0 0 0 0 0 0 0 0 0 0 0 0 0 0 0 0 0 0 0 0 0 0 0 1.01807e+08 2.1959e+09 2.09718e+10 1.17975e+11 4.50483e+11 1.25373e+12 2.67657e+12 4.5103e+12 6.17499e+12 6.7788e+12 0 0 0 0 0 0 0 0 0 0 0 0 0 0 0 0 0 0 0 0 0 0 0 0 0 0 0 0 0 0 0 0 
0 0 0 0 0 0 0 0 0 0 0 0 0 0 0 0 0 0 0 0 0 0 0 0 2.22215e+08 3.17736e+09 2.1174e+10 8.82774e+10 2.67626e+11 6.0165e+11 1.05493e+12 1.46922e+12 1.62842e+12 0 0 0 0 0 0 0 0 0 0 0 0 0 0 0 0 0 0 0 0 0 0 0 0 0 0 0 0 0 0 0 0 
0 0 0 0 0 0 0 0 0 0 0 0 0 0 0 0 0 0 0 0 0 0 0 0 3.06773e+07 4.47404e+08 3.39632e+09 1.65827e+10 5.35827e+10 1.28182e+11 2.31077e+11 3.31288e+11 3.69596e+11 0 0 0 0 0 0 0 0 0 0 0 0 0 0 0 0 0 0 0 0 0 0 0 0 0 0 0 0 0 0 0 0 
0 0 0 0 0 0 0 0 0 0 0 0 0 0 0 0 0 0 0 0 0 0 0 0 0 4.48522e+07 5.40986e+08 2.90174e+09 1.02396e+10 2.59525e+10 4.90324e+10 7.12912e+10 8.08677e+10 0 0 0 0 0 0 0 0 0 0 0 0 0 0 0 0 0 0 0 0 0 0 0 0 0 0 0 0 0 0 0 0 
0 0 0 0 0 0 0 0 0 0 0 0 0 0 0 0 0 0 0 0 0 0 0 0 0 8.39883e+06 8.10233e+07 4.74855e+08 1.90123e+09 5.09033e+09 9.82559e+09 1.4631e+10 1.6756e+10 0 0 0 0 0 0 0 0 0 0 0 0 0 0 0 0 0 0 0 0 0 0 0 0 0 0 0 0 0 0 0 0 
0 0 0 0 0 0 0 0 0 0 0 0 0 0 0 0 0 0 0 0 0 0 0 0 0 0 7.73871e+06 8.08355e+07 3.38941e+08 9.5905e+08 2.006e+09 2.96948e+09 3.44453e+09 0 0 0 0 0 0 0 0 0 0 0 0 0 0 0 0 0 0 0 0 0 0 0 0 0 0 0 0 0 0 0 0 
0 0 0 0 0 0 0 0 0 0 0 0 0 0 0 0 0 0 0 0 0 0 0 0 0 0 2.02583e+06 1.27441e+07 5.64635e+07 1.86807e+08 3.85575e+08 6.02677e+08 6.78137e+08 0 0 0 0 0 0 0 0 0 0 0 0 0 0 0 0 0 0 0 0 0 0 0 0 0 0 0 0 0 0 0 0 
0 0 0 0 0 0 0 0 0 0 0 0 0 0 0 0 0 0 0 0 0 0 0 0 0 0 0 1.0651e+06 1.08403e+07 3.25191e+07 7.46257e+07 1.21313e+08 1.35585e+08 0 0 0 0 0 0 0 0 0 0 0 0 0 0 0 0 0 0 0 0 0 0 0 0 0 0 0 0 0 0 0 0 
0 0 0 0 0 0 0 0 0 0 0 0 0 0 0 0 0 0 0 0 0 0 0 0 0 0 0 420382 1.6755e+06 5.60691e+06 1.5288e+07 2.25659e+07 2.86346e+07 0 0 0 0 0 0 0 0 0 0 0 0 0 0 0 0 0 0 0 0 0 0 0 0 0 0 0 0 0 0 0 0 
0 0 0 0 0 0 0 0 0 0 0 0 0 0 0 0 0 0 0 0 0 0 0 0 0 0 0 0 109992 1.24438e+06 2.40345e+06 4.7484e+06 5.25812e+06 0 0 0 0 0 0 0 0 0 0 0 0 0 0 0 0 0 0 0 0 0 0 0 0 0 0 0 0 0 0 0 0 
0 0 0 0 0 0 0 0 0 0 0 0 0 0 0 0 0 0 0 0 0 0 0 0 0 0 0 0 72116.6 167625 457772 974986 947733 0 0 0 0 0 0 0 0 0 0 0 0 0 0 0 0 0 0 0 0 0 0 0 0 0 0 0 0 0 0 0 0 
0 0 0 0 0 0 0 0 0 0 0 0 0 0 0 0 0 0 0 0 0 0 0 0 0 0 0 0 0 7453.8 115797 110822 242348 0 0 0 0 0 0 0 0 0 0 0 0 0 0 0 0 0 0 0 0 0 0 0 0 0 0 0 0 0 0 0 0 
0 0 0 0 0 0 0 0 0 0 0 0 0 0 0 0 0 0 0 0 0 0 0 0 0 0 0 0 0 9760.86 11282.9 32448.7 37863.4 0 0 0 0 0 0 0 0 0 0 0 0 0 0 0 0 0 0 0 0 0 0 0 0 0 0 0 0 0 0 0 0 
0 0 0 0 0 0 0 0 0 0 0 0 0 0 0 0 0 0 0 0 0 0 0 0 0 0 0 0 0 0 249.464 7604.72 2049.75 0 0 0 0 0 0 0 0 0 0 0 0 0 0 0 0 0 0 0 0 0 0 0 0 0 0 0 0 0 0 0 0 
0 0 0 0 0 0 0 0 0 0 0 0 0 0 0 0 0 0 0 0 0 0 0 0 0 0 0 0 0 0 970.62 376.051 1917.27 0 0 0 0 0 0 0 0 0 0 0 0 0 0 0 0 0 0 0 0 0 0 0 0 0 0 0 0 0 0 0 0 
0 0 0 0 0 0 0 0 0 0 0 0 0 0 0 0 0 0 0 0 0 0 0 0 0 0 0 0 0 0 0 0 252.794 0 0 0 0 0 0 0 0 0 0 0 0 0 0 0 0 0 0 0 0 0 0 0 0 0 0 0 0 0 0 0 0 
0 0 0 0 0 0 0 0 0 0 0 0 0 0 0 0 0 0 0 0 0 0 0 0 0 0 0 0 0 0 0 62.6206 0 0 0 0 0 0 0 0 0 0 0 0 0 0 0 0 0 0 0 0 0 0 0 0 0 0 0 0 0 0 0 0 0 
0 0 0 0 0 0 0 0 0 0 0 0 0 0 0 0 0 0 0 0 0 0 0 0 0 0 0 0 0 0 0 0 0 0 0 0 0 0 0 0 0 0 0 0 0 0 0 0 0 0 0 0 0 0 0 0 0 0 0 0 0 0 0 0 0 
0 0 0 0 0 0 0 0 0 0 0 0 0 0 0 0 0 0 0 0 0 0 0 0 0 0 0 0 0 0 0 0 1.95689 0 0 0 0 0 0 0 0 0 0 0 0 0 0 0 0 0 0 0 0 0 0 0 0 0 0 0 0 0 0 0 0 
