1 0 0 0 0 0 0 0 0 0 0 0 0 0 0 0 0 0 0 0 0 0 0 0 0 0 0 0 0 0 0 0 0 0 0 0 0 0 0 0 0 0 0 0 0 0 0 0 0 0 0 0 0 0 0 0 0 0 0 0 0 0 0 0 0 
0 0 0 0 0 0 0 0 0 0 0 0 0 0 0 0 0 0 0 0 0 0 0 0 0 0 0 0 0 0 0 0 0 0 0 0 0 0 0 0 0 0 0 0 0 0 0 0 0 0 0 0 0 0 0 0 0 0 0 0 0 0 0 0 0 
0 64 0 0 0 0 0 0 0 0 0 0 0 0 0 0 0 0 0 0 0 0 0 0 0 0 0 0 0 0 0 0 0 0 0 0 0 0 0 0 0 0 0 0 0 0 0 0 0 0 0 0 0 0 0 0 0 0 0 0 0 0 0 0 0 
0 0 128 0 0 0 0 0 0 0 0 0 0 0 0 0 0 0 0 0 0 0 0 0 0 0 0 0 0 0 0 0 0 0 0 0 0 0 0 0 0 0 0 0 0 0 0 0 0 0 0 0 0 0 0 0 0 0 0 0 0 0 0 0 0 
0 0 1888 382.181 63.4517 0 0 0 0 0 0 0 0 0 0 0 0 0 0 0 0 0 0 0 0 0 0 0 0 0 0 0 0 0 0 0 0 0 0 0 0 0 0 0 0 0 0 0 0 0 0 0 0 0 0 0 0 0 0 0 0 0 0 0 0 
0 0 0 7171.64 1166.5 511.127 125.438 0 0 0 0 0 0 0 0 0 0 0 0 0 0 0 0 0 0 0 0 0 0 0 0 0 0 0 0 0 0 0 0 0 0 0 0 0 0 0 0 0 0 0 0 0 0 0 0 0 0 0 0 0 0 0 0 0 0 
0 0 0 34110.2 27209.5 6880.31 2638.42 1387.57 380.078 57.7857 0 0 0 0 0 0 0 0 0 0 0 0 0 0 0 0 0 0 0 0 0 0 0 0 0 0 0 0 0 0 0 0 0 0 0 0 0 0 0 0 0 0 0 0 0 0 0 0 0 0 0 0 0 0 0 
0 0 0 0 183876 96872.6 41674.7 16599.6 8467.23 4451.45 1907.8 458.481 118.933 0 0 0 0 0 0 0 0 0 0 0 0 0 0 0 0 0 0 0 0 0 0 0 0 0 0 0 0 0 0 0 0 0 0 0 0 0 0 0 0 0 0 0 0 0 0 0 0 0 0 0 0 
0 0 0 0 423061 826366 410480 220196 119701 59169.5 33488.9 20016.9 9984.36 4252.98 1487.15 390.766 72.3919 0 0 0 0 0 0 0 16.4331 0 0 0 0 0 0 0 15.2759 0 0 0 0 0 0 0 0 0 0 0 0 0 0 0 0 0 0 0 0 0 0 0 0 0 0 0 0 0 0 0 0 
0 0 0 0 0 2.86753e+06 3.3339e+06 1.97665e+06 1.14284e+06 718177 422872 253435 158337 95565.9 57229 31399.7 14990.1 5789.17 2091.52 867.343 362.423 276.561 260.592 261.354 0 271.884 253.309 264.327 224.02 236.116 244.5 241.91 0 0 0 0 0 0 0 0 0 0 0 0 0 0 0 0 0 0 0 0 0 0 0 0 0 0 0 0 0 0 0 0 0 
0 0 0 0 0 3.82635e+06 1.45741e+07 1.3547e+07 9.3479e+06 6.1048e+06 4.0543e+06 2.67335e+06 1.79497e+06 1.17316e+06 774543 506498 327582 197784 120905 68836.6 37020.8 22403 13872.8 10729 11836.9 10054.1 9062.2 9502.25 9329.42 9165.84 9136.37 9352.98 10923.3 0 0 0 0 0 0 0 0 0 0 0 0 0 0 0 0 0 0 0 0 0 0 0 0 0 0 0 0 0 0 0 0 
0 0 0 0 0 0 3.03872e+07 6.36996e+07 5.74322e+07 4.31555e+07 3.14855e+07 2.22486e+07 1.58949e+07 1.149e+07 8.13421e+06 5.82352e+06 4.22457e+06 2.9869e+06 2.13189e+06 1.45766e+06 1.02866e+06 720425 504619 374270 285687 254342 229128 230303 213396 217723 206020 205661 200897 0 0 0 0 0 0 0 0 0 0 0 0 0 0 0 0 0 0 0 0 0 0 0 0 0 0 0 0 0 0 0 0 
0 0 0 0 0 0 2.62242e+07 1.69264e+08 2.62866e+08 2.46382e+08 1.98824e+08 1.56106e+08 1.19273e+08 9.06826e+07 6.95408e+07 5.29495e+07 4.03037e+07 3.11103e+07 2.32818e+07 1.78779e+07 1.37485e+07 1.0791e+07 8.50098e+06 6.60696e+06 5.44987e+06 4.61917e+06 4.07683e+06 3.63526e+06 3.41322e+06 3.20782e+06 3.19999e+06 3.14244e+06 3.21784e+06 0 0 0 0 0 0 0 0 0 0 0 0 0 0 0 0 0 0 0 0 0 0 0 0 0 0 0 0 0 0 0 0 
0 0 0 0 0 0 0 2.33142e+08 7.84178e+08 1.06872e+09 1.042e+09 9.0429e+08 7.53456e+08 6.09788e+08 4.91033e+08 3.94837e+08 3.20544e+08 2.51081e+08 2.04189e+08 1.65406e+08 1.36616e+08 1.10794e+08 9.15634e+07 7.48265e+07 6.51176e+07 5.6127e+07 5.0795e+07 4.5651e+07 4.16698e+07 4.00695e+07 3.8172e+07 3.7436e+07 3.71597e+07 0 0 0 0 0 0 0 0 0 0 0 0 0 0 0 0 0 0 0 0 0 0 0 0 0 0 0 0 0 0 0 0 
0 0 0 0 0 0 0 1.39349e+08 1.38581e+09 3.2936e+09 4.28333e+09 4.35081e+09 3.969e+09 3.50521e+09 2.99673e+09 2.5443e+09 2.12372e+09 1.81354e+09 1.51412e+09 1.28108e+09 1.07514e+09 9.14548e+08 7.81866e+08 6.79234e+08 5.99697e+08 5.40362e+08 4.73744e+08 4.3736e+08 4.03331e+08 3.90438e+08 3.81969e+08 3.69559e+08 3.69086e+08 0 0 0 0 0 0 0 0 0 0 0 0 0 0 0 0 0 0 0 0 0 0 0 0 0 0 0 0 0 0 0 0 
0 0 0 0 0 0 0 0 1.34083e+09 6.67493e+09 1.3129e+10 1.67849e+10 1.77204e+10 1.70276e+10 1.55984e+10 1.40217e+10 1.24527e+10 1.0947e+10 9.58124e+09 8.46942e+09 7.33702e+09 6.42659e+09 5.68619e+09 5.05851e+09 4.55029e+09 4.10824e+09 3.81228e+09 3.48739e+09 3.32984e+09 3.20043e+09 3.04403e+09 3.03729e+09 3.04401e+09 0 0 0 0 0 0 0 0 0 0 0 0 0 0 0 0 0 0 0 0 0 0 0 0 0 0 0 0 0 0 0 0 
0 0 0 0 0 0 0 0 5.84428e+08 8.32083e+09 2.83806e+10 5.03929e+10 6.44826e+10 7.02164e+10 7.07086e+10 6.76626e+10 6.34055e+10 5.82791e+10 5.34543e+10 4.79073e+10 4.30046e+10 3.92458e+10 3.56286e+10 3.24979e+10 3.00778e+10 2.76291e+10 2.56735e+10 2.44749e+10 2.3349e+10 2.23759e+10 2.16692e+10 2.14609e+10 2.14427e+10 0 0 0 0 0 0 0 0 0 0 0 0 0 0 0 0 0 0 0 0 0 0 0 0 0 0 0 0 0 0 0 0 
0 0 0 0 0 0 0 0 0 5.92916e+09 4.09259e+10 1.11188e+11 1.86367e+11 2.41387e+11 2.71907e+11 2.83546e+11 2.8185e+11 2.71577e+11 2.58316e+11 2.44375e+11 2.27762e+11 2.12599e+11 1.96785e+11 1.8512e+11 1.7268e+11 1.62086e+11 1.55922e+11 1.4818e+11 1.43308e+11 1.3855e+11 1.36618e+11 1.35329e+11 1.33323e+11 0 0 0 0 0 0 0 0 0 0 0 0 0 0 0 0 0 0 0 0 0 0 0 0 0 0 0 0 0 0 0 0 
0 0 0 0 0 0 0 0 0 1.95693e+09 3.77312e+10 1.74522e+11 4.11443e+11 6.66605e+11 8.72369e+11 1.00864e+12 1.08652e+12 1.12244e+12 1.12079e+12 1.09754e+12 1.06919e+12 1.01775e+12 9.73825e+11 9.30774e+11 8.95912e+11 8.59831e+11 8.2866e+11 7.97915e+11 7.81763e+11 7.6608e+11 7.54474e+11 7.41801e+11 7.40869e+11 0 0 0 0 0 0 0 0 0 0 0 0 0 0 0 0 0 0 0 0 0 0 0 0 0 0 0 0 0 0 0 0 
0 0 0 0 0 0 0 0 0 0 2.04596e+10 1.86536e+11 6.71058e+11 1.44321e+12 2.29607e+12 3.05312e+12 3.63617e+12 4.02554e+12 4.26042e+12 4.40322e+12 4.42735e+12 4.4055e+12 4.35336e+12 4.26451e+12 4.15928e+12 4.07639e+12 3.98312e+12 3.90113e+12 3.83033e+12 3.78399e+12 3.75375e+12 3.75598e+12 3.70827e+12 0 0 0 0 0 0 0 0 0 0 0 0 0 0 0 0 0 0 0 0 0 0 0 0 0 0 0 0 0 0 0 0 
0 0 0 0 0 0 0 0 0 0 5.28675e+09 1.31229e+11 7.85661e+11 2.38993e+12 4.83873e+12 7.6207e+12 1.02761e+13 1.25036e+13 1.43087e+13 1.55051e+13 1.64058e+13 1.70041e+13 1.73273e+13 1.73757e+13 1.73255e+13 1.73724e+13 1.73138e+13 1.71402e+13 1.70332e+13 1.6907e+13 1.6811e+13 1.67507e+13 1.6678e+13 0 0 0 0 0 0 0 0 0 0 0 0 0 0 0 0 0 0 0 0 0 0 0 0 0 0 0 0 0 0 0 0 
0 0 0 0 0 0 0 0 0 0 0 5.59506e+10 6.44214e+11 2.94098e+12 7.95746e+12 1.54466e+13 2.42197e+13 3.32169e+13 4.12271e+13 4.82254e+13 5.37878e+13 5.81308e+13 6.14314e+13 6.37222e+13 6.54931e+13 6.65402e+13 6.70605e+13 6.8013e+13 6.81271e+13 6.79138e+13 6.86166e+13 6.84084e+13 6.85889e+13 0 0 0 0 0 0 0 0 0 0 0 0 0 0 0 0 0 0 0 0 0 0 0 0 0 0 0 0 0 0 0 0 
0 0 0 0 0 0 0 0 0 0 0 1.15562e+10 3.55794e+11 2.65179e+12 1.0025e+13 2.4947e+13 4.69906e+13 7.35143e+13 1.01757e+14 1.29182e+14 1.54217e+14 1.7509e+14 1.93307e+14 2.08305e+14 2.20187e+14 2.29234e+14 2.3658e+14 2.41728e+14 2.45209e+14 2.49798e+14 2.49869e+14 2.51959e+14 2.52094e+14 0 0 0 0 0 0 0 0 0 0 0 0 0 0 0 0 0 0 0 0 0 0 0 0 0 0 0 0 0 0 0 0 
0 0 0 0 0 0 0 0 0 0 0 0 1.22041e+11 1.70919e+12 9.57344e+12 3.15928e+13 7.38203e+13 1.35959e+14 2.12655e+14 2.97302e+14 3.82933e+14 4.65213e+14 5.3932e+14 6.06119e+14 6.61365e+14 7.09847e+14 7.48862e+14 7.76784e+14 8.03056e+14 8.21016e+14 8.35878e+14 8.44749e+14 8.46176e+14 0 0 0 0 0 0 0 0 0 0 0 0 0 0 0 0 0 0 0 0 0 0 0 0 0 0 0 0 0 0 0 0 
0 0 0 0 0 0 0 0 0 0 0 0 2.05736e+10 7.58569e+11 6.78989e+12 3.09775e+13 9.23011e+13 2.05614e+14 3.72963e+14 5.83943e+14 8.19749e+14 1.068e+15 1.31851e+15 1.5499e+15 1.75974e+15 1.95055e+15 2.11306e+15 2.24524e+15 2.35531e+15 2.44089e+15 2.49342e+15 2.53938e+15 2.55763e+15 0 0 0 0 0 0 0 0 0 0 0 0 0 0 0 0 0 0 0 0 0 0 0 0 0 0 0 0 0 0 0 0 
0 0 0 0 0 0 0 0 0 0 0 0 0 2.13639e+11 3.52123e+12 2.33548e+13 9.14963e+13 2.51627e+14 5.38812e+14 9.61599e+14 1.5081e+15 2.13865e+15 2.80192e+15 3.48203e+15 4.1626e+15 4.77242e+15 5.32013e+15 5.80195e+15 6.19455e+15 6.49572e+15 6.72804e+15 6.85381e+15 6.88467e+15 0 0 0 0 0 0 0 0 0 0 0 0 0 0 0 0 0 0 0 0 0 0 0 0 0 0 0 0 0 0 0 0 
0 0 0 0 0 0 0 0 0 0 0 0 0 3.00894e+10 1.28227e+12 1.33666e+13 7.13077e+13 2.47627e+14 6.39021e+14 1.32393e+15 2.33566e+15 3.64089e+15 5.18101e+15 6.86998e+15 8.59226e+15 1.02932e+16 1.18811e+16 1.33155e+16 1.44892e+16 1.5484e+16 1.61914e+16 1.65655e+16 1.67337e+16 0 0 0 0 0 0 0 0 0 0 0 0 0 0 0 0 0 0 0 0 0 0 0 0 0 0 0 0 0 0 0 0 
0 0 0 0 0 0 0 0 0 0 0 0 0 0 3.01352e+11 5.67312e+12 4.32741e+13 1.96141e+14 6.18445e+14 1.51337e+15 3.03994e+15 5.2981e+15 8.24058e+15 1.16967e+16 1.55047e+16 1.94615e+16 2.33659e+16 2.69682e+16 3.01857e+16 3.27158e+16 3.47764e+16 3.592e+16 3.63426e+16 0 0 0 0 0 0 0 0 0 0 0 0 0 0 0 0 0 0 0 0 0 0 0 0 0 0 0 0 0 0 0 0 
0 0 0 0 0 0 0 0 0 0 0 0 0 0 3.60976e+10 1.72915e+12 2.03298e+13 1.23212e+14 4.87932e+14 1.42203e+15 3.31776e+15 6.48405e+15 1.11232e+16 1.71592e+16 2.43455e+16 3.22342e+16 4.02943e+16 4.81234e+16 5.52694e+16 6.12389e+16 6.54987e+16 6.85823e+16 6.94186e+16 0 0 0 0 0 0 0 0 0 0 0 0 0 0 0 0 0 0 0 0 0 0 0 0 0 0 0 0 0 0 0 0 
0 0 0 0 0 0 0 0 0 0 0 0 0 0 0 3.44956e+11 7.21473e+12 6.1278e+13 3.11603e+14 1.10368e+15 3.00424e+15 6.71243e+15 1.27764e+16 2.15044e+16 3.27817e+16 4.61411e+16 6.06102e+16 7.53826e+16 8.90473e+16 1.00898e+17 1.10124e+17 1.15995e+17 1.17952e+17 0 0 0 0 0 0 0 0 0 0 0 0 0 0 0 0 0 0 0 0 0 0 0 0 0 0 0 0 0 0 0 0 
0 0 0 0 0 0 0 0 0 0 0 0 0 0 0 3.58007e+10 1.86404e+12 2.40624e+13 1.60818e+14 7.05975e+14 2.27925e+15 5.83831e+15 1.24581e+16 2.31442e+16 3.81131e+16 5.70712e+16 7.91626e+16 1.02411e+17 1.25575e+17 1.45885e+17 1.62039e+17 1.71702e+17 1.75303e+17 0 0 0 0 0 0 0 0 0 0 0 0 0 0 0 0 0 0 0 0 0 0 0 0 0 0 0 0 0 0 0 0 
0 0 0 0 0 0 0 0 0 0 0 0 0 0 0 0 3.20262e+11 7.24398e+12 6.70561e+13 3.71376e+14 1.4394e+15 4.25955e+15 1.03348e+16 2.11523e+16 3.79725e+16 6.09154e+16 8.95191e+16 1.21367e+17 1.53924e+17 1.84245e+17 2.07967e+17 2.23219e+17 2.28701e+17 0 0 0 0 0 0 0 0 0 0 0 0 0 0 0 0 0 0 0 0 0 0 0 0 0 0 0 0 0 0 0 0 
0 0 0 0 0 0 0 0 0 0 0 0 0 0 0 0 2.94105e+10 1.61748e+12 2.22953e+13 1.60642e+14 7.57612e+14 2.63706e+15 7.24091e+15 1.65108e+16 3.24232e+16 5.64104e+16 8.76609e+16 1.25189e+17 1.64335e+17 2.01738e+17 2.33043e+17 2.54482e+17 2.61055e+17 0 0 0 0 0 0 0 0 0 0 0 0 0 0 0 0 0 0 0 0 0 0 0 0 0 0 0 0 0 0 0 0 
0 0 0 0 0 0 0 0 0 0 0 0 0 0 0 0 0 2.42916e+11 5.80164e+12 5.66269e+13 3.33562e+14 1.37944e+15 4.33723e+15 1.10896e+16 2.39258e+16 4.47019e+16 7.43416e+16 1.11564e+17 1.53256e+17 1.942e+17 2.29082e+17 2.52037e+17 2.60998e+17 0 0 0 0 0 0 0 0 0 0 0 0 0 0 0 0 0 0 0 0 0 0 0 0 0 0 0 0 0 0 0 0 
0 0 0 0 0 0 0 0 0 0 0 0 0 0 0 0 0 2.01143e+10 1.12724e+12 1.62676e+13 1.22464e+14 6.07346e+14 2.22154e+15 6.3858e+15 1.51857e+16 3.07697e+16 5.48112e+16 8.67018e+16 1.24446e+17 1.63238e+17 1.96574e+17 2.19742e+17 2.27648e+17 0 0 0 0 0 0 0 0 0 0 0 0 0 0 0 0 0 0 0 0 0 0 0 0 0 0 0 0 0 0 0 0 
0 0 0 0 0 0 0 0 0 0 0 0 0 0 0 0 0 0 1.51319e+11 3.69914e+12 3.72793e+13 2.2685e+14 9.71108e+14 3.17633e+15 8.3434e+15 1.85139e+16 3.51567e+16 5.89082e+16 8.83457e+16 1.19326e+17 1.47682e+17 1.66943e+17 1.74224e+17 0 0 0 0 0 0 0 0 0 0 0 0 0 0 0 0 0 0 0 0 0 0 0 0 0 0 0 0 0 0 0 0 
0 0 0 0 0 0 0 0 0 0 0 0 0 0 0 0 0 0 1.15872e+10 6.39599e+11 9.37546e+12 7.17787e+13 3.65251e+14 1.36288e+15 4.00516e+15 9.6333e+15 1.97539e+16 3.5104e+16 5.50227e+16 7.71613e+16 9.76729e+16 1.12362e+17 1.17475e+17 0 0 0 0 0 0 0 0 0 0 0 0 0 0 0 0 0 0 0 0 0 0 0 0 0 0 0 0 0 0 0 0 
0 0 0 0 0 0 0 0 0 0 0 0 0 0 0 0 0 0 0 7.78002e+10 1.8835e+12 1.92502e+13 1.17688e+14 5.10081e+14 1.67404e+15 4.42257e+15 9.74652e+15 1.84024e+16 3.01723e+16 4.40027e+16 5.70054e+16 6.65349e+16 6.97873e+16 0 0 0 0 0 0 0 0 0 0 0 0 0 0 0 0 0 0 0 0 0 0 0 0 0 0 0 0 0 0 0 0 
0 0 0 0 0 0 0 0 0 0 0 0 0 0 0 0 0 0 0 5.67065e+09 2.97127e+11 4.27342e+12 3.25945e+13 1.65002e+14 6.16985e+14 1.79566e+15 4.26825e+15 8.56671e+15 1.47913e+16 2.22729e+16 2.95562e+16 3.49039e+16 3.69689e+16 0 0 0 0 0 0 0 0 0 0 0 0 0 0 0 0 0 0 0 0 0 0 0 0 0 0 0 0 0 0 0 0 
0 0 0 0 0 0 0 0 0 0 0 0 0 0 0 0 0 0 0 0 3.3288e+10 7.76393e+11 7.7586e+12 4.66275e+13 1.98406e+14 6.42351e+14 1.65632e+15 3.5418e+15 6.43123e+15 1.0014e+16 1.37281e+16 1.6463e+16 1.7568e+16 0 0 0 0 0 0 0 0 0 0 0 0 0 0 0 0 0 0 0 0 0 0 0 0 0 0 0 0 0 0 0 0 
0 0 0 0 0 0 0 0 0 0 0 0 0 0 0 0 0 0 0 0 2.43739e+09 1.12706e+11 1.5569e+12 1.15469e+13 5.64412e+13 2.04472e+14 5.75806e+14 1.31628e+15 2.5063e+15 4.08646e+15 5.7195e+15 7.01803e+15 7.45985e+15 0 0 0 0 0 0 0 0 0 0 0 0 0 0 0 0 0 0 0 0 0 0 0 0 0 0 0 0 0 0 0 0 
0 0 0 0 0 0 0 0 0 0 0 0 0 0 0 0 0 0 0 0 0 1.1963e+10 2.59843e+11 2.46927e+12 1.43102e+13 5.76826e+13 1.7887e+14 4.38801e+14 8.89186e+14 1.5049e+15 2.16237e+15 2.68356e+15 2.89098e+15 0 0 0 0 0 0 0 0 0 0 0 0 0 0 0 0 0 0 0 0 0 0 0 0 0 0 0 0 0 0 0 0 
0 0 0 0 0 0 0 0 0 0 0 0 0 0 0 0 0 0 0 0 0 9.34448e+08 3.55182e+10 4.55452e+11 3.18917e+12 1.47807e+13 5.02291e+13 1.32893e+14 2.8339e+14 5.00139e+14 7.43777e+14 9.39423e+14 1.01126e+15 0 0 0 0 0 0 0 0 0 0 0 0 0 0 0 0 0 0 0 0 0 0 0 0 0 0 0 0 0 0 0 0 
0 0 0 0 0 0 0 0 0 0 0 0 0 0 0 0 0 0 0 0 0 0 3.66911e+09 7.06942e+10 6.24324e+11 3.36813e+12 1.26676e+13 3.66414e+13 8.25472e+13 1.52534e+14 2.33602e+14 2.98725e+14 3.26338e+14 0 0 0 0 0 0 0 0 0 0 0 0 0 0 0 0 0 0 0 0 0 0 0 0 0 0 0 0 0 0 0 0 
0 0 0 0 0 0 0 0 0 0 0 0 0 0 0 0 0 0 0 0 0 0 3.25328e+08 9.4748e+09 1.07882e+11 6.90467e+11 2.9357e+12 9.157e+12 2.2242e+13 4.26991e+13 6.738e+13 8.80238e+13 9.61521e+13 0 0 0 0 0 0 0 0 0 0 0 0 0 0 0 0 0 0 0 0 0 0 0 0 0 0 0 0 0 0 0 0 
0 0 0 0 0 0 0 0 0 0 0 0 0 0 0 0 0 0 0 0 0 0 0 9.78661e+08 1.61254e+10 1.26473e+11 6.17245e+11 2.09654e+12 5.45753e+12 1.11127e+13 1.79862e+13 2.39533e+13 2.64502e+13 0 0 0 0 0 0 0 0 0 0 0 0 0 0 0 0 0 0 0 0 0 0 0 0 0 0 0 0 0 0 0 0 
0 0 0 0 0 0 0 0 0 0 0 0 0 0 0 0 0 0 0 0 0 0 0 1.05676e+08 2.20743e+09 2.09304e+10 1.18661e+11 4.48595e+11 1.24091e+12 2.65155e+12 4.48679e+12 6.12797e+12 6.72844e+12 0 0 0 0 0 0 0 0 0 0 0 0 0 0 0 0 0 0 0 0 0 0 0 0 0 0 0 0 0 0 0 0 
0 0 0 0 0 0 0 0 0 0 0 0 0 0 0 0 0 0 0 0 0 0 0 0 2.27067e+08 3.13547e+09 2.10886e+10 8.84406e+10 2.64026e+11 5.99242e+11 1.04733e+12 1.45262e+12 1.62295e+12 0 0 0 0 0 0 0 0 0 0 0 0 0 0 0 0 0 0 0 0 0 0 0 0 0 0 0 0 0 0 0 0 
0 0 0 0 0 0 0 0 0 0 0 0 0 0 0 0 0 0 0 0 0 0 0 0 3.17769e+07 4.50204e+08 3.42926e+09 1.63223e+10 5.37127e+10 1.26113e+11 2.28791e+11 3.27665e+11 3.66756e+11 0 0 0 0 0 0 0 0 0 0 0 0 0 0 0 0 0 0 0 0 0 0 0 0 0 0 0 0 0 0 0 0 
0 0 0 0 0 0 0 0 0 0 0 0 0 0 0 0 0 0 0 0 0 0 0 0 0 4.58802e+07 5.30912e+08 2.87988e+09 1.01458e+10 2.58197e+10 4.84481e+10 7.06564e+10 8.01312e+10 0 0 0 0 0 0 0 0 0 0 0 0 0 0 0 0 0 0 0 0 0 0 0 0 0 0 0 0 0 0 0 0 
0 0 0 0 0 0 0 0 0 0 0 0 0 0 0 0 0 0 0 0 0 0 0 0 0 8.6573e+06 8.22951e+07 4.75433e+08 1.89118e+09 5.06112e+09 9.91336e+09 1.46733e+10 1.65618e+10 0 0 0 0 0 0 0 0 0 0 0 0 0 0 0 0 0 0 0 0 0 0 0 0 0 0 0 0 0 0 0 0 
0 0 0 0 0 0 0 0 0 0 0 0 0 0 0 0 0 0 0 0 0 0 0 0 0 0 7.9214e+06 8.01862e+07 3.36943e+08 9.54954e+08 1.97084e+09 2.95852e+09 3.45445e+09 0 0 0 0 0 0 0 0 0 0 0 0 0 0 0 0 0 0 0 0 0 0 0 0 0 0 0 0 0 0 0 0 
0 0 0 0 0 0 0 0 0 0 0 0 0 0 0 0 0 0 0 0 0 0 0 0 0 0 2.08944e+06 1.30321e+07 5.59961e+07 1.84195e+08 3.81742e+08 6.0638e+08 6.89322e+08 0 0 0 0 0 0 0 0 0 0 0 0 0 0 0 0 0 0 0 0 0 0 0 0 0 0 0 0 0 0 0 0 
0 0 0 0 0 0 0 0 0 0 0 0 0 0 0 0 0 0 0 0 0 0 0 0 0 0 0 1.09896e+06 1.07875e+07 3.30108e+07 7.35227e+07 1.19502e+08 1.37079e+08 0 0 0 0 0 0 0 0 0 0 0 0 0 0 0 0 0 0 0 0 0 0 0 0 0 0 0 0 0 0 0 0 
0 0 0 0 0 0 0 0 0 0 0 0 0 0 0 0 0 0 0 0 0 0 0 0 0 0 0 433799 1.72601e+06 5.57619e+06 1.51189e+07 2.22966e+07 2.88441e+07 0 0 0 0 0 0 0 0 0 0 0 0 0 0 0 0 0 0 0 0 0 0 0 0 0 0 0 0 0 0 0 0 
0 0 0 0 0 0 0 0 0 0 0 0 0 0 0 0 0 0 0 0 0 0 0 0 0 0 0 0 113524 1.25137e+06 2.40751e+06 4.74612e+06 5.19076e+06 0 0 0 0 0 0 0 0 0 0 0 0 0 0 0 0 0 0 0 0 0 0 0 0 0 0 0 0 0 0 0 0 
0 0 0 0 0 0 0 0 0 0 0 0 0 0 0 0 0 0 0 0 0 0 0 0 0 0 0 0 74387.2 172847 458699 959727 942075 0 0 0 0 0 0 0 0 0 0 0 0 0 0 0 0 0 0 0 0 0 0 0 0 0 0 0 0 0 0 0 0 
0 0 0 0 0 0 0 0 0 0 0 0 0 0 0 0 0 0 0 0 0 0 0 0 0 0 0 0 0 7674.18 117223 111295 240473 0 0 0 0 0 0 0 0 0 0 0 0 0 0 0 0 0 0 0 0 0 0 0 0 0 0 0 0 0 0 0 0 
0 0 0 0 0 0 0 0 0 0 0 0 0 0 0 0 0 0 0 0 0 0 0 0 0 0 0 0 0 10062.5 11565.5 32441.6 37083.2 0 0 0 0 0 0 0 0 0 0 0 0 0 0 0 0 0 0 0 0 0 0 0 0 0 0 0 0 0 0 0 0 
0 0 0 0 0 0 0 0 0 0 0 0 0 0 0 0 0 0 0 0 0 0 0 0 0 0 0 0 0 0 256.516 7689.96 2062.86 0 0 0 0 0 0 0 0 0 0 0 0 0 0 0 0 0 0 0 0 0 0 0 0 0 0 0 0 0 0 0 0 
0 0 0 0 0 0 0 0 0 0 0 0 0 0 0 0 0 0 0 0 0 0 0 0 0 0 0 0 0 0 999.008 388.036 1913.77 0 0 0 0 0 0 0 0 0 0 0 0 0 0 0 0 0 0 0 0 0 0 0 0 0 0 0 0 0 0 0 0 
0 0 0 0 0 0 0 0 0 0 0 0 0 0 0 0 0 0 0 0 0 0 0 0 0 0 0 0 0 0 0 0 256.615 0 0 0 0 0 0 0 0 0 0 0 0 0 0 0 0 0 0 0 0 0 0 0 0 0 0 0 0 0 0 0 0 
0 0 0 0 0 0 0 0 0 0 0 0 0 0 0 0 0 0 0 0 0 0 0 0 0 0 0 0 0 0 0 64.4522 0 0 0 0 0 0 0 0 0 0 0 0 0 0 0 0 0 0 0 0 0 0 0 0 0 0 0 0 0 0 0 0 0 
0 0 0 0 0 0 0 0 0 0 0 0 0 0 0 0 0 0 0 0 0 0 0 0 0 0 0 0 0 0 0 0 0 0 0 0 0 0 0 0 0 0 0 0 0 0 0 0 0 0 0 0 0 0 0 0 0 0 0 0 0 0 0 0 0 
0 0 0 0 0 0 0 0 0 0 0 0 0 0 0 0 0 0 0 0 0 0 0 0 0 0 0 0 0 0 0 0 2.01413 0 0 0 0 0 0 0 0 0 0 0 0 0 0 0 0 0 0 0 0 0 0 0 0 0 0 0 0 0 0 0 0 
