1 0 0 0 0 0 0 0 0 0 0 0 0 0 0 0 0 0 0 0 0 0 0 0 0 0 0 0 0 0 0 0 0 0 0 0 0 0 0 0 0 0 0 0 0 0 0 0 0 0 0 0 0 0 0 0 0 0 0 0 0 0 0 0 0 
0 0 0 0 0 0 0 0 0 0 0 0 0 0 0 0 0 0 0 0 0 0 0 0 0 0 0 0 0 0 0 0 0 0 0 0 0 0 0 0 0 0 0 0 0 0 0 0 0 0 0 0 0 0 0 0 0 0 0 0 0 0 0 0 0 
0 64 0 0 0 0 0 0 0 0 0 0 0 0 0 0 0 0 0 0 0 0 0 0 0 0 0 0 0 0 0 0 0 0 0 0 0 0 0 0 0 0 0 0 0 0 0 0 0 0 0 0 0 0 0 0 0 0 0 0 0 0 0 0 0 
0 0 128 0 0 0 0 0 0 0 0 0 0 0 0 0 0 0 0 0 0 0 0 0 0 0 0 0 0 0 0 0 0 0 0 0 0 0 0 0 0 0 0 0 0 0 0 0 0 0 0 0 0 0 0 0 0 0 0 0 0 0 0 0 0 
0 0 1888 385.202 63.5006 0 0 0 0 0 0 0 0 0 0 0 0 0 0 0 0 0 0 0 0 0 0 0 0 0 0 0 0 0 0 0 0 0 0 0 0 0 0 0 0 0 0 0 0 0 0 0 0 0 0 0 0 0 0 0 0 0 0 0 0 
0 0 0 7165.6 1148.8 511.2 125.221 0 0 0 0 0 0 0 0 0 0 0 0 0 0 0 0 0 0 0 0 0 0 0 0 0 0 0 0 0 0 0 0 0 0 0 0 0 0 0 0 0 0 0 0 0 0 0 0 0 0 0 0 0 0 0 0 0 0 
0 0 0 34113.2 27437.5 6900.23 2530.83 1416.8 372.453 59.337 0 0 0 0 0 0 0 0 0 0 0 0 0 0 0 0 0 0 0 0 0 0 0 0 0 0 0 0 0 0 0 0 0 0 0 0 0 0 0 0 0 0 0 0 0 0 0 0 0 0 0 0 0 0 0 
0 0 0 0 183473 97878.2 42712 16654.3 8493.62 4464.21 1870.74 473.308 123.352 0 0 0 0 0 0 0 0 0 0 0 0 0 0 0 0 0 0 0 0 0 0 0 0 0 0 0 0 0 0 0 0 0 0 0 0 0 0 0 0 0 0 0 0 0 0 0 0 0 0 0 0 
0 0 0 0 423254 829932 415602 222929 120766 58793.1 33582.7 19193.2 9342.04 4265.84 1529.29 431.277 86.3634 0 0 0 0 0 0 0 15.8762 0 0 0 0 0 0 0 14.9314 0 0 0 0 0 0 0 0 0 0 0 0 0 0 0 0 0 0 0 0 0 0 0 0 0 0 0 0 0 0 0 0 
0 0 0 0 0 2.85731e+06 3.32693e+06 1.99039e+06 1.14208e+06 715816 427138 252964 156942 94842.7 56190.2 30057.8 13459.4 5478.94 2141.13 739.589 390.72 263.957 248.815 249.854 0 258.911 222.467 260.579 247.939 266.08 271.584 257.49 0 0 0 0 0 0 0 0 0 0 0 0 0 0 0 0 0 0 0 0 0 0 0 0 0 0 0 0 0 0 0 0 0 
0 0 0 0 0 3.83199e+06 1.45936e+07 1.3561e+07 9.38e+06 6.10858e+06 4.02203e+06 2.72456e+06 1.80043e+06 1.17961e+06 783684 493796 319721 203907 118846 68202.6 38209.5 20118.6 12325.8 10840.9 11674.1 8918.06 8903.58 9146.44 9948.51 9808.43 9847.24 9662.95 11086.1 0 0 0 0 0 0 0 0 0 0 0 0 0 0 0 0 0 0 0 0 0 0 0 0 0 0 0 0 0 0 0 0 
0 0 0 0 0 0 3.03442e+07 6.36478e+07 5.7361e+07 4.33323e+07 3.1416e+07 2.21958e+07 1.58575e+07 1.14736e+07 8.20882e+06 5.84099e+06 4.26174e+06 2.98938e+06 2.04446e+06 1.40533e+06 996099 684389 490793 372889 284842 242507 235831 227729 226190 217977 214292 211651 204114 0 0 0 0 0 0 0 0 0 0 0 0 0 0 0 0 0 0 0 0 0 0 0 0 0 0 0 0 0 0 0 0 
0 0 0 0 0 0 2.62487e+07 1.69527e+08 2.63042e+08 2.47114e+08 1.98888e+08 1.56272e+08 1.19303e+08 8.99583e+07 6.88855e+07 5.3248e+07 4.03584e+07 3.03046e+07 2.32957e+07 1.78469e+07 1.36268e+07 1.08299e+07 8.38742e+06 6.75201e+06 5.51477e+06 4.63536e+06 4.09799e+06 3.69016e+06 3.52354e+06 3.29631e+06 3.27005e+06 3.18361e+06 3.09316e+06 0 0 0 0 0 0 0 0 0 0 0 0 0 0 0 0 0 0 0 0 0 0 0 0 0 0 0 0 0 0 0 0 
0 0 0 0 0 0 0 2.32629e+08 7.85446e+08 1.06498e+09 1.03882e+09 9.0307e+08 7.49887e+08 6.07266e+08 4.89568e+08 3.94179e+08 3.1409e+08 2.50838e+08 2.03552e+08 1.64624e+08 1.3363e+08 1.10499e+08 9.34076e+07 7.73987e+07 6.54107e+07 5.61823e+07 5.08177e+07 4.66377e+07 4.29246e+07 3.93797e+07 3.82611e+07 3.63932e+07 3.6857e+07 0 0 0 0 0 0 0 0 0 0 0 0 0 0 0 0 0 0 0 0 0 0 0 0 0 0 0 0 0 0 0 0 
0 0 0 0 0 0 0 1.3962e+08 1.3843e+09 3.30574e+09 4.2883e+09 4.33714e+09 3.98034e+09 3.48279e+09 2.95709e+09 2.5302e+09 2.12882e+09 1.78172e+09 1.50271e+09 1.25677e+09 1.07477e+09 9.31764e+08 7.95302e+08 6.93435e+08 6.01853e+08 5.35331e+08 4.83858e+08 4.42566e+08 4.0907e+08 3.85513e+08 3.67198e+08 3.66646e+08 3.64868e+08 0 0 0 0 0 0 0 0 0 0 0 0 0 0 0 0 0 0 0 0 0 0 0 0 0 0 0 0 0 0 0 0 
0 0 0 0 0 0 0 0 1.33951e+09 6.66982e+09 1.31322e+10 1.68602e+10 1.78084e+10 1.70633e+10 1.57447e+10 1.40032e+10 1.24321e+10 1.07784e+10 9.49016e+09 8.32289e+09 7.35713e+09 6.48138e+09 5.77416e+09 5.08583e+09 4.58177e+09 4.13336e+09 3.79763e+09 3.53488e+09 3.32889e+09 3.20745e+09 3.0794e+09 3.04759e+09 3.00554e+09 0 0 0 0 0 0 0 0 0 0 0 0 0 0 0 0 0 0 0 0 0 0 0 0 0 0 0 0 0 0 0 0 
0 0 0 0 0 0 0 0 5.85854e+08 8.31108e+09 2.84369e+10 5.03151e+10 6.44901e+10 7.05743e+10 7.06079e+10 6.77363e+10 6.32018e+10 5.8094e+10 5.30495e+10 4.8105e+10 4.35538e+10 3.96731e+10 3.60783e+10 3.30419e+10 3.00457e+10 2.80459e+10 2.6119e+10 2.45513e+10 2.31268e+10 2.21148e+10 2.16484e+10 2.15665e+10 2.13142e+10 0 0 0 0 0 0 0 0 0 0 0 0 0 0 0 0 0 0 0 0 0 0 0 0 0 0 0 0 0 0 0 0 
0 0 0 0 0 0 0 0 0 5.92847e+09 4.08567e+10 1.11425e+11 1.86414e+11 2.41352e+11 2.71141e+11 2.83601e+11 2.8179e+11 2.75031e+11 2.60764e+11 2.43984e+11 2.28935e+11 2.13656e+11 2.00452e+11 1.86173e+11 1.74545e+11 1.63917e+11 1.55519e+11 1.48761e+11 1.43048e+11 1.40215e+11 1.35095e+11 1.34509e+11 1.34778e+11 0 0 0 0 0 0 0 0 0 0 0 0 0 0 0 0 0 0 0 0 0 0 0 0 0 0 0 0 0 0 0 0 
0 0 0 0 0 0 0 0 0 1.96316e+09 3.76926e+10 1.74273e+11 4.11756e+11 6.66133e+11 8.73778e+11 1.01503e+12 1.09702e+12 1.12578e+12 1.12498e+12 1.10836e+12 1.06913e+12 1.01896e+12 9.77946e+11 9.43567e+11 9.02106e+11 8.61237e+11 8.37874e+11 8.01845e+11 7.88733e+11 7.69025e+11 7.56713e+11 7.43412e+11 7.40888e+11 0 0 0 0 0 0 0 0 0 0 0 0 0 0 0 0 0 0 0 0 0 0 0 0 0 0 0 0 0 0 0 0 
0 0 0 0 0 0 0 0 0 0 2.0496e+10 1.86561e+11 6.7082e+11 1.44757e+12 2.30354e+12 3.05069e+12 3.62994e+12 4.03444e+12 4.28906e+12 4.40271e+12 4.43712e+12 4.44322e+12 4.36702e+12 4.27125e+12 4.19596e+12 4.10077e+12 3.9727e+12 3.91095e+12 3.83966e+12 3.76903e+12 3.72655e+12 3.72588e+12 3.71125e+12 0 0 0 0 0 0 0 0 0 0 0 0 0 0 0 0 0 0 0 0 0 0 0 0 0 0 0 0 0 0 0 0 
0 0 0 0 0 0 0 0 0 0 5.29691e+09 1.31057e+11 7.84993e+11 2.38581e+12 4.83294e+12 7.63089e+12 1.02432e+13 1.25374e+13 1.43033e+13 1.55398e+13 1.63953e+13 1.70166e+13 1.72571e+13 1.75049e+13 1.74577e+13 1.74137e+13 1.72584e+13 1.72095e+13 1.69534e+13 1.68815e+13 1.68086e+13 1.68495e+13 1.68374e+13 0 0 0 0 0 0 0 0 0 0 0 0 0 0 0 0 0 0 0 0 0 0 0 0 0 0 0 0 0 0 0 0 
0 0 0 0 0 0 0 0 0 0 0 5.60918e+10 6.44374e+11 2.93802e+12 7.94916e+12 1.54407e+13 2.4258e+13 3.30065e+13 4.09899e+13 4.79947e+13 5.36981e+13 5.79064e+13 6.15613e+13 6.36953e+13 6.5393e+13 6.66145e+13 6.72828e+13 6.75458e+13 6.79397e+13 6.81817e+13 6.81259e+13 6.84451e+13 6.86326e+13 0 0 0 0 0 0 0 0 0 0 0 0 0 0 0 0 0 0 0 0 0 0 0 0 0 0 0 0 0 0 0 0 
0 0 0 0 0 0 0 0 0 0 0 1.15918e+10 3.5587e+11 2.65381e+12 1.00366e+13 2.49126e+13 4.70491e+13 7.36455e+13 1.01664e+14 1.29224e+14 1.53979e+14 1.75563e+14 1.93269e+14 2.07609e+14 2.20342e+14 2.29359e+14 2.37037e+14 2.41897e+14 2.47534e+14 2.49969e+14 2.52605e+14 2.52556e+14 2.51938e+14 0 0 0 0 0 0 0 0 0 0 0 0 0 0 0 0 0 0 0 0 0 0 0 0 0 0 0 0 0 0 0 0 
0 0 0 0 0 0 0 0 0 0 0 0 1.22138e+11 1.70867e+12 9.56267e+12 3.16297e+13 7.3653e+13 1.36465e+14 2.13492e+14 2.97526e+14 3.83276e+14 4.64773e+14 5.38749e+14 6.08883e+14 6.60527e+14 7.09369e+14 7.4992e+14 7.82358e+14 8.01672e+14 8.22238e+14 8.34969e+14 8.42522e+14 8.44468e+14 0 0 0 0 0 0 0 0 0 0 0 0 0 0 0 0 0 0 0 0 0 0 0 0 0 0 0 0 0 0 0 0 
0 0 0 0 0 0 0 0 0 0 0 0 2.06829e+10 7.60182e+11 6.79309e+12 3.09646e+13 9.24881e+13 2.04955e+14 3.7243e+14 5.83584e+14 8.22731e+14 1.07437e+15 1.32166e+15 1.5527e+15 1.77156e+15 1.95346e+15 2.11772e+15 2.24869e+15 2.36443e+15 2.45132e+15 2.49693e+15 2.53155e+15 2.54643e+15 0 0 0 0 0 0 0 0 0 0 0 0 0 0 0 0 0 0 0 0 0 0 0 0 0 0 0 0 0 0 0 0 
0 0 0 0 0 0 0 0 0 0 0 0 0 2.13312e+11 3.52048e+12 2.33474e+13 9.14358e+13 2.51739e+14 5.38969e+14 9.62378e+14 1.50486e+15 2.13516e+15 2.81337e+15 3.49495e+15 4.16189e+15 4.76978e+15 5.31826e+15 5.79407e+15 6.19234e+15 6.45931e+15 6.72339e+15 6.83759e+15 6.89901e+15 0 0 0 0 0 0 0 0 0 0 0 0 0 0 0 0 0 0 0 0 0 0 0 0 0 0 0 0 0 0 0 0 
0 0 0 0 0 0 0 0 0 0 0 0 0 3.01633e+10 1.28489e+12 1.33715e+13 7.12223e+13 2.4815e+14 6.38584e+14 1.32561e+15 2.3357e+15 3.64464e+15 5.18802e+15 6.8579e+15 8.59945e+15 1.03182e+16 1.18569e+16 1.33195e+16 1.44908e+16 1.54795e+16 1.61183e+16 1.65875e+16 1.67281e+16 0 0 0 0 0 0 0 0 0 0 0 0 0 0 0 0 0 0 0 0 0 0 0 0 0 0 0 0 0 0 0 0 
0 0 0 0 0 0 0 0 0 0 0 0 0 0 3.01321e+11 5.67515e+12 4.33224e+13 1.95432e+14 6.19633e+14 1.5104e+15 3.04198e+15 5.28448e+15 8.20864e+15 1.17032e+16 1.54958e+16 1.94864e+16 2.34362e+16 2.69542e+16 3.00914e+16 3.26781e+16 3.47634e+16 3.59452e+16 3.63142e+16 0 0 0 0 0 0 0 0 0 0 0 0 0 0 0 0 0 0 0 0 0 0 0 0 0 0 0 0 0 0 0 0 
0 0 0 0 0 0 0 0 0 0 0 0 0 0 3.62196e+10 1.73202e+12 2.03344e+13 1.23216e+14 4.8679e+14 1.42046e+15 3.30967e+15 6.48546e+15 1.11153e+16 1.71702e+16 2.43095e+16 3.21565e+16 4.01979e+16 4.8207e+16 5.54259e+16 6.15176e+16 6.57979e+16 6.8554e+16 6.96158e+16 0 0 0 0 0 0 0 0 0 0 0 0 0 0 0 0 0 0 0 0 0 0 0 0 0 0 0 0 0 0 0 0 
0 0 0 0 0 0 0 0 0 0 0 0 0 0 0 3.44536e+11 7.21622e+12 6.14953e+13 3.11333e+14 1.10701e+15 3.01207e+15 6.71451e+15 1.27916e+16 2.14809e+16 3.28761e+16 4.61023e+16 6.07269e+16 7.52531e+16 8.91964e+16 1.00973e+17 1.10058e+17 1.15908e+17 1.17589e+17 0 0 0 0 0 0 0 0 0 0 0 0 0 0 0 0 0 0 0 0 0 0 0 0 0 0 0 0 0 0 0 0 
0 0 0 0 0 0 0 0 0 0 0 0 0 0 0 3.58376e+10 1.86767e+12 2.40855e+13 1.61165e+14 7.05449e+14 2.28009e+15 5.83828e+15 1.24624e+16 2.30832e+16 3.80287e+16 5.71415e+16 7.9092e+16 1.026e+17 1.25216e+17 1.45431e+17 1.61807e+17 1.71538e+17 1.75439e+17 0 0 0 0 0 0 0 0 0 0 0 0 0 0 0 0 0 0 0 0 0 0 0 0 0 0 0 0 0 0 0 0 
0 0 0 0 0 0 0 0 0 0 0 0 0 0 0 0 3.20416e+11 7.25527e+12 6.72043e+13 3.70671e+14 1.43585e+15 4.27082e+15 1.03252e+16 2.11678e+16 3.79091e+16 6.10736e+16 8.96136e+16 1.2127e+17 1.53946e+17 1.83879e+17 2.07712e+17 2.23986e+17 2.29222e+17 0 0 0 0 0 0 0 0 0 0 0 0 0 0 0 0 0 0 0 0 0 0 0 0 0 0 0 0 0 0 0 0 
0 0 0 0 0 0 0 0 0 0 0 0 0 0 0 0 2.94061e+10 1.618e+12 2.23104e+13 1.6064e+14 7.58315e+14 2.62981e+15 7.25359e+15 1.65751e+16 3.24761e+16 5.61036e+16 8.75515e+16 1.25085e+17 1.64693e+17 2.02665e+17 2.3378e+17 2.54143e+17 2.60942e+17 0 0 0 0 0 0 0 0 0 0 0 0 0 0 0 0 0 0 0 0 0 0 0 0 0 0 0 0 0 0 0 0 
0 0 0 0 0 0 0 0 0 0 0 0 0 0 0 0 0 2.43095e+11 5.78483e+12 5.68656e+13 3.33807e+14 1.37728e+15 4.33922e+15 1.1088e+16 2.39769e+16 4.48232e+16 7.42688e+16 1.11563e+17 1.52888e+17 1.9402e+17 2.29035e+17 2.52e+17 2.60818e+17 0 0 0 0 0 0 0 0 0 0 0 0 0 0 0 0 0 0 0 0 0 0 0 0 0 0 0 0 0 0 0 0 
0 0 0 0 0 0 0 0 0 0 0 0 0 0 0 0 0 2.01811e+10 1.13543e+12 1.62804e+13 1.2257e+14 6.07804e+14 2.21185e+15 6.37622e+15 1.51719e+16 3.08307e+16 5.49057e+16 8.66969e+16 1.24645e+17 1.62783e+17 1.96147e+17 2.19454e+17 2.27206e+17 0 0 0 0 0 0 0 0 0 0 0 0 0 0 0 0 0 0 0 0 0 0 0 0 0 0 0 0 0 0 0 0 
0 0 0 0 0 0 0 0 0 0 0 0 0 0 0 0 0 0 1.51093e+11 3.69485e+12 3.73899e+13 2.27866e+14 9.74268e+14 3.16882e+15 8.3348e+15 1.84625e+16 3.51182e+16 5.90067e+16 8.82049e+16 1.19557e+17 1.47608e+17 1.673e+17 1.74338e+17 0 0 0 0 0 0 0 0 0 0 0 0 0 0 0 0 0 0 0 0 0 0 0 0 0 0 0 0 0 0 0 0 
0 0 0 0 0 0 0 0 0 0 0 0 0 0 0 0 0 0 1.15959e+10 6.43757e+11 9.33429e+12 7.21263e+13 3.65665e+14 1.36224e+15 4.00578e+15 9.63706e+15 1.97589e+16 3.50747e+16 5.50506e+16 7.72284e+16 9.76347e+16 1.11867e+17 1.17313e+17 0 0 0 0 0 0 0 0 0 0 0 0 0 0 0 0 0 0 0 0 0 0 0 0 0 0 0 0 0 0 0 0 
0 0 0 0 0 0 0 0 0 0 0 0 0 0 0 0 0 0 0 7.7813e+10 1.88793e+12 1.92229e+13 1.17963e+14 5.09842e+14 1.67406e+15 4.4378e+15 9.7707e+15 1.83931e+16 3.01877e+16 4.39025e+16 5.71288e+16 6.66457e+16 7.00545e+16 0 0 0 0 0 0 0 0 0 0 0 0 0 0 0 0 0 0 0 0 0 0 0 0 0 0 0 0 0 0 0 0 
0 0 0 0 0 0 0 0 0 0 0 0 0 0 0 0 0 0 0 5.69654e+09 2.96744e+11 4.27247e+12 3.27288e+13 1.6561e+14 6.14661e+14 1.79017e+15 4.26378e+15 8.57523e+15 1.47921e+16 2.22476e+16 2.95909e+16 3.50586e+16 3.70222e+16 0 0 0 0 0 0 0 0 0 0 0 0 0 0 0 0 0 0 0 0 0 0 0 0 0 0 0 0 0 0 0 0 
0 0 0 0 0 0 0 0 0 0 0 0 0 0 0 0 0 0 0 0 3.32719e+10 7.78228e+11 7.76522e+12 4.70007e+13 1.9862e+14 6.42748e+14 1.66135e+15 3.54132e+15 6.44891e+15 1.00836e+16 1.3756e+16 1.65137e+16 1.75753e+16 0 0 0 0 0 0 0 0 0 0 0 0 0 0 0 0 0 0 0 0 0 0 0 0 0 0 0 0 0 0 0 0 
0 0 0 0 0 0 0 0 0 0 0 0 0 0 0 0 0 0 0 0 2.43043e+09 1.12574e+11 1.546e+12 1.15342e+13 5.67791e+13 2.04159e+14 5.76881e+14 1.3204e+15 2.51559e+15 4.08172e+15 5.71492e+15 6.98727e+15 7.4555e+15 0 0 0 0 0 0 0 0 0 0 0 0 0 0 0 0 0 0 0 0 0 0 0 0 0 0 0 0 0 0 0 0 
0 0 0 0 0 0 0 0 0 0 0 0 0 0 0 0 0 0 0 0 0 1.18833e+10 2.60096e+11 2.47247e+12 1.43112e+13 5.78973e+13 1.79167e+14 4.38303e+14 8.87022e+14 1.50839e+15 2.17006e+15 2.68944e+15 2.88991e+15 0 0 0 0 0 0 0 0 0 0 0 0 0 0 0 0 0 0 0 0 0 0 0 0 0 0 0 0 0 0 0 0 
0 0 0 0 0 0 0 0 0 0 0 0 0 0 0 0 0 0 0 0 0 9.33573e+08 3.53554e+10 4.51754e+11 3.1773e+12 1.47908e+13 5.04762e+13 1.33234e+14 2.83172e+14 4.99832e+14 7.44595e+14 9.38462e+14 1.0129e+15 0 0 0 0 0 0 0 0 0 0 0 0 0 0 0 0 0 0 0 0 0 0 0 0 0 0 0 0 0 0 0 0 
0 0 0 0 0 0 0 0 0 0 0 0 0 0 0 0 0 0 0 0 0 0 3.64498e+09 7.11206e+10 6.23416e+11 3.36926e+12 1.27177e+13 3.667e+13 8.27985e+13 1.52414e+14 2.32929e+14 3.00111e+14 3.26576e+14 0 0 0 0 0 0 0 0 0 0 0 0 0 0 0 0 0 0 0 0 0 0 0 0 0 0 0 0 0 0 0 0 
0 0 0 0 0 0 0 0 0 0 0 0 0 0 0 0 0 0 0 0 0 0 3.26415e+08 9.39995e+09 1.07095e+11 6.85396e+11 2.93351e+12 9.16416e+12 2.22131e+13 4.29568e+13 6.77026e+13 8.83664e+13 9.62466e+13 0 0 0 0 0 0 0 0 0 0 0 0 0 0 0 0 0 0 0 0 0 0 0 0 0 0 0 0 0 0 0 0 
0 0 0 0 0 0 0 0 0 0 0 0 0 0 0 0 0 0 0 0 0 0 0 9.69539e+08 1.62869e+10 1.25861e+11 6.10492e+11 2.10107e+12 5.45813e+12 1.10213e+13 1.80865e+13 2.40458e+13 2.6452e+13 0 0 0 0 0 0 0 0 0 0 0 0 0 0 0 0 0 0 0 0 0 0 0 0 0 0 0 0 0 0 0 0 
0 0 0 0 0 0 0 0 0 0 0 0 0 0 0 0 0 0 0 0 0 0 0 1.05109e+08 2.18574e+09 2.09636e+10 1.18626e+11 4.48935e+11 1.24597e+12 2.66747e+12 4.48885e+12 6.15191e+12 6.75021e+12 0 0 0 0 0 0 0 0 0 0 0 0 0 0 0 0 0 0 0 0 0 0 0 0 0 0 0 0 0 0 0 0 
0 0 0 0 0 0 0 0 0 0 0 0 0 0 0 0 0 0 0 0 0 0 0 0 2.27813e+08 3.15461e+09 2.08524e+10 8.77431e+10 2.63906e+11 5.96796e+11 1.04652e+12 1.44777e+12 1.61174e+12 0 0 0 0 0 0 0 0 0 0 0 0 0 0 0 0 0 0 0 0 0 0 0 0 0 0 0 0 0 0 0 0 
0 0 0 0 0 0 0 0 0 0 0 0 0 0 0 0 0 0 0 0 0 0 0 0 3.1558e+07 4.41694e+08 3.41201e+09 1.6377e+10 5.33389e+10 1.25872e+11 2.28225e+11 3.26623e+11 3.6669e+11 0 0 0 0 0 0 0 0 0 0 0 0 0 0 0 0 0 0 0 0 0 0 0 0 0 0 0 0 0 0 0 0 
0 0 0 0 0 0 0 0 0 0 0 0 0 0 0 0 0 0 0 0 0 0 0 0 0 4.58551e+07 5.35423e+08 2.86214e+09 1.01097e+10 2.56212e+10 4.80989e+10 7.00833e+10 7.95968e+10 0 0 0 0 0 0 0 0 0 0 0 0 0 0 0 0 0 0 0 0 0 0 0 0 0 0 0 0 0 0 0 0 
0 0 0 0 0 0 0 0 0 0 0 0 0 0 0 0 0 0 0 0 0 0 0 0 0 8.61116e+06 8.0926e+07 4.74278e+08 1.88104e+09 4.99649e+09 9.80666e+09 1.4492e+10 1.67208e+10 0 0 0 0 0 0 0 0 0 0 0 0 0 0 0 0 0 0 0 0 0 0 0 0 0 0 0 0 0 0 0 0 
0 0 0 0 0 0 0 0 0 0 0 0 0 0 0 0 0 0 0 0 0 0 0 0 0 0 7.91328e+06 8.06638e+07 3.3592e+08 9.43889e+08 1.95008e+09 2.93676e+09 3.36259e+09 0 0 0 0 0 0 0 0 0 0 0 0 0 0 0 0 0 0 0 0 0 0 0 0 0 0 0 0 0 0 0 0 
0 0 0 0 0 0 0 0 0 0 0 0 0 0 0 0 0 0 0 0 0 0 0 0 0 0 2.07599e+06 1.29043e+07 5.62253e+07 1.82204e+08 3.75535e+08 5.87678e+08 6.80501e+08 0 0 0 0 0 0 0 0 0 0 0 0 0 0 0 0 0 0 0 0 0 0 0 0 0 0 0 0 0 0 0 0 
0 0 0 0 0 0 0 0 0 0 0 0 0 0 0 0 0 0 0 0 0 0 0 0 0 0 0 1.10076e+06 1.09141e+07 3.23744e+07 7.30235e+07 1.18492e+08 1.33916e+08 0 0 0 0 0 0 0 0 0 0 0 0 0 0 0 0 0 0 0 0 0 0 0 0 0 0 0 0 0 0 0 0 
0 0 0 0 0 0 0 0 0 0 0 0 0 0 0 0 0 0 0 0 0 0 0 0 0 0 0 429521 1.70782e+06 5.53042e+06 1.49608e+07 2.19743e+07 2.81218e+07 0 0 0 0 0 0 0 0 0 0 0 0 0 0 0 0 0 0 0 0 0 0 0 0 0 0 0 0 0 0 0 0 
0 0 0 0 0 0 0 0 0 0 0 0 0 0 0 0 0 0 0 0 0 0 0 0 0 0 0 0 114434 1.26221e+06 2.39649e+06 4.62165e+06 5.12099e+06 0 0 0 0 0 0 0 0 0 0 0 0 0 0 0 0 0 0 0 0 0 0 0 0 0 0 0 0 0 0 0 0 
0 0 0 0 0 0 0 0 0 0 0 0 0 0 0 0 0 0 0 0 0 0 0 0 0 0 0 0 73593.9 171948 452668 945754 937876 0 0 0 0 0 0 0 0 0 0 0 0 0 0 0 0 0 0 0 0 0 0 0 0 0 0 0 0 0 0 0 0 
0 0 0 0 0 0 0 0 0 0 0 0 0 0 0 0 0 0 0 0 0 0 0 0 0 0 0 0 0 7796.81 116991 110967 236850 0 0 0 0 0 0 0 0 0 0 0 0 0 0 0 0 0 0 0 0 0 0 0 0 0 0 0 0 0 0 0 0 
0 0 0 0 0 0 0 0 0 0 0 0 0 0 0 0 0 0 0 0 0 0 0 0 0 0 0 0 0 9950.4 11543.4 31754 36562.6 0 0 0 0 0 0 0 0 0 0 0 0 0 0 0 0 0 0 0 0 0 0 0 0 0 0 0 0 0 0 0 0 
0 0 0 0 0 0 0 0 0 0 0 0 0 0 0 0 0 0 0 0 0 0 0 0 0 0 0 0 0 0 257.887 7645.08 2029.14 0 0 0 0 0 0 0 0 0 0 0 0 0 0 0 0 0 0 0 0 0 0 0 0 0 0 0 0 0 0 0 0 
0 0 0 0 0 0 0 0 0 0 0 0 0 0 0 0 0 0 0 0 0 0 0 0 0 0 0 0 0 0 990.165 382.939 1885.4 0 0 0 0 0 0 0 0 0 0 0 0 0 0 0 0 0 0 0 0 0 0 0 0 0 0 0 0 0 0 0 0 
0 0 0 0 0 0 0 0 0 0 0 0 0 0 0 0 0 0 0 0 0 0 0 0 0 0 0 0 0 0 0 0 255.442 0 0 0 0 0 0 0 0 0 0 0 0 0 0 0 0 0 0 0 0 0 0 0 0 0 0 0 0 0 0 0 0 
0 0 0 0 0 0 0 0 0 0 0 0 0 0 0 0 0 0 0 0 0 0 0 0 0 0 0 0 0 0 0 63.8816 0 0 0 0 0 0 0 0 0 0 0 0 0 0 0 0 0 0 0 0 0 0 0 0 0 0 0 0 0 0 0 0 0 
0 0 0 0 0 0 0 0 0 0 0 0 0 0 0 0 0 0 0 0 0 0 0 0 0 0 0 0 0 0 0 0 0 0 0 0 0 0 0 0 0 0 0 0 0 0 0 0 0 0 0 0 0 0 0 0 0 0 0 0 0 0 0 0 0 
0 0 0 0 0 0 0 0 0 0 0 0 0 0 0 0 0 0 0 0 0 0 0 0 0 0 0 0 0 0 0 0 1.9963 0 0 0 0 0 0 0 0 0 0 0 0 0 0 0 0 0 0 0 0 0 0 0 0 0 0 0 0 0 0 0 0 
