1 0 0 0 0 0 0 0 0 0 0 0 0 0 0 0 0 0 0 0 0 0 0 0 0 0 0 0 0 0 0 0 0 0 0 0 0 0 0 0 0 0 0 0 0 0 0 0 0 0 0 0 0 0 0 0 0 0 0 0 0 0 0 0 0 
0 0 0 0 0 0 0 0 0 0 0 0 0 0 0 0 0 0 0 0 0 0 0 0 0 0 0 0 0 0 0 0 0 0 0 0 0 0 0 0 0 0 0 0 0 0 0 0 0 0 0 0 0 0 0 0 0 0 0 0 0 0 0 0 0 
0 64 0 0 0 0 0 0 0 0 0 0 0 0 0 0 0 0 0 0 0 0 0 0 0 0 0 0 0 0 0 0 0 0 0 0 0 0 0 0 0 0 0 0 0 0 0 0 0 0 0 0 0 0 0 0 0 0 0 0 0 0 0 0 0 
0 0 128 0 0 0 0 0 0 0 0 0 0 0 0 0 0 0 0 0 0 0 0 0 0 0 0 0 0 0 0 0 0 0 0 0 0 0 0 0 0 0 0 0 0 0 0 0 0 0 0 0 0 0 0 0 0 0 0 0 0 0 0 0 0 
0 0 1888 384.384 63.8558 0 0 0 0 0 0 0 0 0 0 0 0 0 0 0 0 0 0 0 0 0 0 0 0 0 0 0 0 0 0 0 0 0 0 0 0 0 0 0 0 0 0 0 0 0 0 0 0 0 0 0 0 0 0 0 0 0 0 0 0 
0 0 0 7167.23 1137.07 501.263 128.843 0 0 0 0 0 0 0 0 0 0 0 0 0 0 0 0 0 0 0 0 0 0 0 0 0 0 0 0 0 0 0 0 0 0 0 0 0 0 0 0 0 0 0 0 0 0 0 0 0 0 0 0 0 0 0 0 0 0 
0 0 0 34112.4 27234.8 6761.11 2525.12 1428.76 383.571 66.6485 0 0 0 0 0 0 0 0 0 0 0 0 0 0 0 0 0 0 0 0 0 0 0 0 0 0 0 0 0 0 0 0 0 0 0 0 0 0 0 0 0 0 0 0 0 0 0 0 0 0 0 0 0 0 0 
0 0 0 0 183912 97252.5 42753.7 17071.4 8651.08 4626.36 1881.88 499.446 128.722 0 0 0 0 0 0 0 0 0 0 0 0 0 0 0 0 0 0 0 0 0 0 0 0 0 0 0 0 0 0 0 0 0 0 0 0 0 0 0 0 0 0 0 0 0 0 0 0 0 0 0 0 
0 0 0 0 423029 828308 410645 221639 121011 59644.9 33734.1 20884.1 9860.8 4274.44 1374.09 393.072 84.0308 0 0 0 0 0 0 0 15.8828 0 0 0 0 0 0 0 16.9551 0 0 0 0 0 0 0 0 0 0 0 0 0 0 0 0 0 0 0 0 0 0 0 0 0 0 0 0 0 0 0 0 
0 0 0 0 0 2.86304e+06 3.31574e+06 1.96898e+06 1.14734e+06 731620 435760 249418 154165 92454.5 56108.2 29586 13524.2 5952.1 2024.93 775.524 341.44 238.299 268.612 251.616 0 262.776 265.596 275.342 275.83 239.024 270.951 287.436 0 0 0 0 0 0 0 0 0 0 0 0 0 0 0 0 0 0 0 0 0 0 0 0 0 0 0 0 0 0 0 0 0 
0 0 0 0 0 3.82865e+06 1.46034e+07 1.34877e+07 9.26513e+06 6.11931e+06 4.0655e+06 2.737e+06 1.77589e+06 1.17848e+06 812279 505497 322517 202266 117507 66861.7 36489.4 20139.1 13049.7 10365.7 11193.9 9453.61 9402.4 9097.78 9265.57 9431.28 9611.71 9591.29 11049.7 0 0 0 0 0 0 0 0 0 0 0 0 0 0 0 0 0 0 0 0 0 0 0 0 0 0 0 0 0 0 0 0 
0 0 0 0 0 0 3.03778e+07 6.37558e+07 5.73543e+07 4.30492e+07 3.17021e+07 2.2358e+07 1.59553e+07 1.15727e+07 8.18538e+06 5.89223e+06 4.05749e+06 2.84748e+06 2.04795e+06 1.41186e+06 984882 674424 493722 372535 277100 247386 238606 232099 218434 224972 214875 209473 210702 0 0 0 0 0 0 0 0 0 0 0 0 0 0 0 0 0 0 0 0 0 0 0 0 0 0 0 0 0 0 0 0 
0 0 0 0 0 0 2.62214e+07 1.69452e+08 2.62538e+08 2.45196e+08 1.96896e+08 1.54731e+08 1.19479e+08 9.07555e+07 6.86814e+07 5.20621e+07 3.99623e+07 3.02628e+07 2.27433e+07 1.74352e+07 1.33886e+07 1.03751e+07 8.13449e+06 6.53478e+06 5.40932e+06 4.57265e+06 4.20953e+06 3.69002e+06 3.48848e+06 3.31365e+06 3.20367e+06 3.26725e+06 3.21057e+06 0 0 0 0 0 0 0 0 0 0 0 0 0 0 0 0 0 0 0 0 0 0 0 0 0 0 0 0 0 0 0 0 
0 0 0 0 0 0 0 2.3286e+08 7.85756e+08 1.06501e+09 1.03882e+09 8.98286e+08 7.47011e+08 6.0655e+08 4.80126e+08 3.85807e+08 3.12199e+08 2.48314e+08 2.00268e+08 1.62405e+08 1.31511e+08 1.09007e+08 9.17397e+07 7.69676e+07 6.52088e+07 5.81607e+07 5.03289e+07 4.69088e+07 4.25116e+07 3.96505e+07 3.88683e+07 3.814e+07 3.7394e+07 0 0 0 0 0 0 0 0 0 0 0 0 0 0 0 0 0 0 0 0 0 0 0 0 0 0 0 0 0 0 0 0 
0 0 0 0 0 0 0 1.39452e+08 1.38485e+09 3.30371e+09 4.27263e+09 4.32994e+09 3.96381e+09 3.47632e+09 2.95557e+09 2.49548e+09 2.08194e+09 1.77329e+09 1.48596e+09 1.25477e+09 1.07396e+09 9.11494e+08 7.81407e+08 6.821e+08 5.96412e+08 5.30114e+08 4.83557e+08 4.41268e+08 4.15413e+08 3.98007e+08 3.89155e+08 3.71989e+08 3.74816e+08 0 0 0 0 0 0 0 0 0 0 0 0 0 0 0 0 0 0 0 0 0 0 0 0 0 0 0 0 0 0 0 0 
0 0 0 0 0 0 0 0 1.34018e+09 6.67252e+09 1.31283e+10 1.67961e+10 1.77109e+10 1.69796e+10 1.56334e+10 1.40281e+10 1.24017e+10 1.07916e+10 9.43113e+09 8.25369e+09 7.27038e+09 6.38401e+09 5.75724e+09 5.07557e+09 4.62496e+09 4.15166e+09 3.84321e+09 3.56572e+09 3.34858e+09 3.2105e+09 3.08688e+09 3.04933e+09 3.01834e+09 0 0 0 0 0 0 0 0 0 0 0 0 0 0 0 0 0 0 0 0 0 0 0 0 0 0 0 0 0 0 0 0 
0 0 0 0 0 0 0 0 5.84945e+08 8.31837e+09 2.84233e+10 5.03701e+10 6.44374e+10 7.03214e+10 7.04859e+10 6.71438e+10 6.26519e+10 5.796e+10 5.28649e+10 4.80756e+10 4.32219e+10 3.9149e+10 3.56068e+10 3.29367e+10 3.00843e+10 2.77499e+10 2.60396e+10 2.4813e+10 2.36544e+10 2.26398e+10 2.16523e+10 2.16583e+10 2.13083e+10 0 0 0 0 0 0 0 0 0 0 0 0 0 0 0 0 0 0 0 0 0 0 0 0 0 0 0 0 0 0 0 0 
0 0 0 0 0 0 0 0 0 5.927e+09 4.09394e+10 1.11363e+11 1.86622e+11 2.41201e+11 2.71635e+11 2.84372e+11 2.81987e+11 2.71672e+11 2.58879e+11 2.44619e+11 2.29282e+11 2.13129e+11 1.9822e+11 1.8677e+11 1.7655e+11 1.64599e+11 1.57744e+11 1.49332e+11 1.43754e+11 1.38539e+11 1.35831e+11 1.32257e+11 1.34269e+11 0 0 0 0 0 0 0 0 0 0 0 0 0 0 0 0 0 0 0 0 0 0 0 0 0 0 0 0 0 0 0 0 
0 0 0 0 0 0 0 0 0 1.95881e+09 3.76671e+10 1.7456e+11 4.11132e+11 6.66868e+11 8.75606e+11 1.01472e+12 1.09564e+12 1.13092e+12 1.12908e+12 1.10602e+12 1.06516e+12 1.0289e+12 9.888e+11 9.47506e+11 9.06088e+11 8.75863e+11 8.37464e+11 8.05776e+11 7.81906e+11 7.64874e+11 7.51762e+11 7.48143e+11 7.41945e+11 0 0 0 0 0 0 0 0 0 0 0 0 0 0 0 0 0 0 0 0 0 0 0 0 0 0 0 0 0 0 0 0 
0 0 0 0 0 0 0 0 0 0 2.04797e+10 1.86263e+11 6.71113e+11 1.44653e+12 2.29431e+12 3.05767e+12 3.65499e+12 4.04405e+12 4.29727e+12 4.40975e+12 4.4369e+12 4.44064e+12 4.37978e+12 4.28508e+12 4.19506e+12 4.11165e+12 4.00115e+12 3.93555e+12 3.83789e+12 3.79046e+12 3.74594e+12 3.71899e+12 3.69514e+12 0 0 0 0 0 0 0 0 0 0 0 0 0 0 0 0 0 0 0 0 0 0 0 0 0 0 0 0 0 0 0 0 
0 0 0 0 0 0 0 0 0 0 5.29083e+09 1.31232e+11 7.86032e+11 2.38191e+12 4.83564e+12 7.61498e+12 1.0255e+13 1.25748e+13 1.42759e+13 1.56775e+13 1.64405e+13 1.69751e+13 1.731e+13 1.75481e+13 1.75888e+13 1.74075e+13 1.72538e+13 1.72118e+13 1.71976e+13 1.69679e+13 1.68488e+13 1.67181e+13 1.66406e+13 0 0 0 0 0 0 0 0 0 0 0 0 0 0 0 0 0 0 0 0 0 0 0 0 0 0 0 0 0 0 0 0 
0 0 0 0 0 0 0 0 0 0 0 5.60265e+10 6.4367e+11 2.94698e+12 7.96385e+12 1.54328e+13 2.42355e+13 3.30423e+13 4.12952e+13 4.81327e+13 5.38935e+13 5.82244e+13 6.14532e+13 6.39527e+13 6.5402e+13 6.67723e+13 6.77507e+13 6.84135e+13 6.83467e+13 6.85963e+13 6.86506e+13 6.85807e+13 6.83635e+13 0 0 0 0 0 0 0 0 0 0 0 0 0 0 0 0 0 0 0 0 0 0 0 0 0 0 0 0 0 0 0 0 
0 0 0 0 0 0 0 0 0 0 0 1.15761e+10 3.56167e+11 2.65003e+12 1.00258e+13 2.49531e+13 4.68998e+13 7.3439e+13 1.01867e+14 1.28876e+14 1.53449e+14 1.75269e+14 1.94205e+14 2.07952e+14 2.20836e+14 2.29291e+14 2.37698e+14 2.42253e+14 2.47227e+14 2.49186e+14 2.502e+14 2.50727e+14 2.5262e+14 0 0 0 0 0 0 0 0 0 0 0 0 0 0 0 0 0 0 0 0 0 0 0 0 0 0 0 0 0 0 0 0 
0 0 0 0 0 0 0 0 0 0 0 0 1.21823e+11 1.70956e+12 9.56323e+12 3.1564e+13 7.37936e+13 1.36199e+14 2.12318e+14 2.97749e+14 3.84122e+14 4.64887e+14 5.38702e+14 6.05235e+14 6.60321e+14 7.0863e+14 7.45706e+14 7.7849e+14 8.00712e+14 8.17893e+14 8.30918e+14 8.42715e+14 8.43854e+14 0 0 0 0 0 0 0 0 0 0 0 0 0 0 0 0 0 0 0 0 0 0 0 0 0 0 0 0 0 0 0 0 
0 0 0 0 0 0 0 0 0 0 0 0 2.06598e+10 7.58918e+11 6.79077e+12 3.10297e+13 9.2345e+13 2.0544e+14 3.72673e+14 5.83278e+14 8.22161e+14 1.07317e+15 1.31826e+15 1.55085e+15 1.75984e+15 1.94948e+15 2.10705e+15 2.24526e+15 2.34726e+15 2.44001e+15 2.50109e+15 2.53724e+15 2.54428e+15 0 0 0 0 0 0 0 0 0 0 0 0 0 0 0 0 0 0 0 0 0 0 0 0 0 0 0 0 0 0 0 0 
0 0 0 0 0 0 0 0 0 0 0 0 0 2.13207e+11 3.52498e+12 2.33188e+13 9.16361e+13 2.51588e+14 5.39836e+14 9.62245e+14 1.50531e+15 2.13958e+15 2.81263e+15 3.49489e+15 4.16109e+15 4.76409e+15 5.32113e+15 5.80286e+15 6.19411e+15 6.51229e+15 6.7291e+15 6.86825e+15 6.92436e+15 0 0 0 0 0 0 0 0 0 0 0 0 0 0 0 0 0 0 0 0 0 0 0 0 0 0 0 0 0 0 0 0 
0 0 0 0 0 0 0 0 0 0 0 0 0 3.01671e+10 1.28283e+12 1.33912e+13 7.12425e+13 2.47953e+14 6.38085e+14 1.32451e+15 2.33367e+15 3.64161e+15 5.19343e+15 6.87734e+15 8.59776e+15 1.0319e+16 1.18941e+16 1.33031e+16 1.45629e+16 1.54723e+16 1.61883e+16 1.65929e+16 1.67346e+16 0 0 0 0 0 0 0 0 0 0 0 0 0 0 0 0 0 0 0 0 0 0 0 0 0 0 0 0 0 0 0 0 
0 0 0 0 0 0 0 0 0 0 0 0 0 0 3.01373e+11 5.66816e+12 4.32774e+13 1.96004e+14 6.18847e+14 1.51029e+15 3.04362e+15 5.27945e+15 8.21447e+15 1.16858e+16 1.55102e+16 1.94931e+16 2.33406e+16 2.70069e+16 3.0137e+16 3.28614e+16 3.46956e+16 3.59265e+16 3.62996e+16 0 0 0 0 0 0 0 0 0 0 0 0 0 0 0 0 0 0 0 0 0 0 0 0 0 0 0 0 0 0 0 0 
0 0 0 0 0 0 0 0 0 0 0 0 0 0 3.60761e+10 1.7252e+12 2.03196e+13 1.23067e+14 4.88158e+14 1.4253e+15 3.30994e+15 6.49451e+15 1.11201e+16 1.71661e+16 2.4348e+16 3.21678e+16 4.03047e+16 4.81057e+16 5.5167e+16 6.10966e+16 6.57206e+16 6.85376e+16 6.96247e+16 0 0 0 0 0 0 0 0 0 0 0 0 0 0 0 0 0 0 0 0 0 0 0 0 0 0 0 0 0 0 0 0 
0 0 0 0 0 0 0 0 0 0 0 0 0 0 0 3.44484e+11 7.19893e+12 6.13823e+13 3.11174e+14 1.10331e+15 3.01197e+15 6.70636e+15 1.2757e+16 2.15009e+16 3.27954e+16 4.61314e+16 6.07231e+16 7.52962e+16 8.90986e+16 1.00783e+17 1.0993e+17 1.15675e+17 1.17389e+17 0 0 0 0 0 0 0 0 0 0 0 0 0 0 0 0 0 0 0 0 0 0 0 0 0 0 0 0 0 0 0 0 
0 0 0 0 0 0 0 0 0 0 0 0 0 0 0 3.57238e+10 1.86441e+12 2.40497e+13 1.60752e+14 7.05268e+14 2.27832e+15 5.84325e+15 1.24781e+16 2.30817e+16 3.81027e+16 5.71115e+16 7.90572e+16 1.02551e+17 1.25388e+17 1.45798e+17 1.61926e+17 1.71733e+17 1.7571e+17 0 0 0 0 0 0 0 0 0 0 0 0 0 0 0 0 0 0 0 0 0 0 0 0 0 0 0 0 0 0 0 0 
0 0 0 0 0 0 0 0 0 0 0 0 0 0 0 0 3.19785e+11 7.23525e+12 6.73063e+13 3.71509e+14 1.44e+15 4.26511e+15 1.03329e+16 2.11493e+16 3.794e+16 6.10051e+16 8.9609e+16 1.21456e+17 1.54166e+17 1.83969e+17 2.07764e+17 2.23896e+17 2.28468e+17 0 0 0 0 0 0 0 0 0 0 0 0 0 0 0 0 0 0 0 0 0 0 0 0 0 0 0 0 0 0 0 0 
0 0 0 0 0 0 0 0 0 0 0 0 0 0 0 0 2.92622e+10 1.61623e+12 2.22727e+13 1.60381e+14 7.5495e+14 2.63793e+15 7.2533e+15 1.65647e+16 3.23847e+16 5.62538e+16 8.74599e+16 1.24905e+17 1.64503e+17 2.02716e+17 2.33876e+17 2.53891e+17 2.61643e+17 0 0 0 0 0 0 0 0 0 0 0 0 0 0 0 0 0 0 0 0 0 0 0 0 0 0 0 0 0 0 0 0 
0 0 0 0 0 0 0 0 0 0 0 0 0 0 0 0 0 2.42547e+11 5.78455e+12 5.68315e+13 3.34464e+14 1.37495e+15 4.33977e+15 1.11072e+16 2.39676e+16 4.47205e+16 7.44557e+16 1.11652e+17 1.5342e+17 1.9425e+17 2.28809e+17 2.52528e+17 2.60781e+17 0 0 0 0 0 0 0 0 0 0 0 0 0 0 0 0 0 0 0 0 0 0 0 0 0 0 0 0 0 0 0 0 
0 0 0 0 0 0 0 0 0 0 0 0 0 0 0 0 0 2.00102e+10 1.13242e+12 1.62948e+13 1.22703e+14 6.06517e+14 2.21468e+15 6.37767e+15 1.52144e+16 3.07973e+16 5.47915e+16 8.67372e+16 1.23953e+17 1.62439e+17 1.96427e+17 2.19479e+17 2.2752e+17 0 0 0 0 0 0 0 0 0 0 0 0 0 0 0 0 0 0 0 0 0 0 0 0 0 0 0 0 0 0 0 0 
0 0 0 0 0 0 0 0 0 0 0 0 0 0 0 0 0 0 1.50787e+11 3.68072e+12 3.7352e+13 2.28164e+14 9.69213e+14 3.16484e+15 8.33351e+15 1.85078e+16 3.51526e+16 5.8894e+16 8.83913e+16 1.19445e+17 1.47786e+17 1.67283e+17 1.74202e+17 0 0 0 0 0 0 0 0 0 0 0 0 0 0 0 0 0 0 0 0 0 0 0 0 0 0 0 0 0 0 0 0 
0 0 0 0 0 0 0 0 0 0 0 0 0 0 0 0 0 0 1.14488e+10 6.41033e+11 9.36624e+12 7.19161e+13 3.66052e+14 1.36409e+15 4.00283e+15 9.64768e+15 1.97507e+16 3.51059e+16 5.50958e+16 7.72949e+16 9.73533e+16 1.11951e+17 1.17379e+17 0 0 0 0 0 0 0 0 0 0 0 0 0 0 0 0 0 0 0 0 0 0 0 0 0 0 0 0 0 0 0 0 
0 0 0 0 0 0 0 0 0 0 0 0 0 0 0 0 0 0 0 7.73955e+10 1.88346e+12 1.92406e+13 1.1798e+14 5.08992e+14 1.67054e+15 4.42915e+15 9.78645e+15 1.84403e+16 3.01721e+16 4.39625e+16 5.70573e+16 6.63892e+16 6.97178e+16 0 0 0 0 0 0 0 0 0 0 0 0 0 0 0 0 0 0 0 0 0 0 0 0 0 0 0 0 0 0 0 0 
0 0 0 0 0 0 0 0 0 0 0 0 0 0 0 0 0 0 0 5.61819e+09 2.96054e+11 4.25182e+12 3.26805e+13 1.6535e+14 6.17671e+14 1.79004e+15 4.25321e+15 8.54414e+15 1.48136e+16 2.22678e+16 2.9646e+16 3.50268e+16 3.71056e+16 0 0 0 0 0 0 0 0 0 0 0 0 0 0 0 0 0 0 0 0 0 0 0 0 0 0 0 0 0 0 0 0 
0 0 0 0 0 0 0 0 0 0 0 0 0 0 0 0 0 0 0 0 3.3015e+10 7.78356e+11 7.77272e+12 4.68644e+13 1.98453e+14 6.4157e+14 1.65476e+15 3.54135e+15 6.42683e+15 1.00508e+16 1.37466e+16 1.65317e+16 1.7525e+16 0 0 0 0 0 0 0 0 0 0 0 0 0 0 0 0 0 0 0 0 0 0 0 0 0 0 0 0 0 0 0 0 
0 0 0 0 0 0 0 0 0 0 0 0 0 0 0 0 0 0 0 0 2.38925e+09 1.12455e+11 1.54575e+12 1.15619e+13 5.66972e+13 2.0477e+14 5.76762e+14 1.31525e+15 2.512e+15 4.08985e+15 5.7304e+15 7.01619e+15 7.51091e+15 0 0 0 0 0 0 0 0 0 0 0 0 0 0 0 0 0 0 0 0 0 0 0 0 0 0 0 0 0 0 0 0 
0 0 0 0 0 0 0 0 0 0 0 0 0 0 0 0 0 0 0 0 0 1.17913e+10 2.58817e+11 2.47346e+12 1.42716e+13 5.82853e+13 1.78908e+14 4.41629e+14 8.8602e+14 1.5017e+15 2.16154e+15 2.68289e+15 2.88728e+15 0 0 0 0 0 0 0 0 0 0 0 0 0 0 0 0 0 0 0 0 0 0 0 0 0 0 0 0 0 0 0 0 
0 0 0 0 0 0 0 0 0 0 0 0 0 0 0 0 0 0 0 0 0 9.0937e+08 3.56694e+10 4.53397e+11 3.18351e+12 1.48083e+13 5.0502e+13 1.32945e+14 2.84832e+14 5.01333e+14 7.45461e+14 9.41286e+14 1.01393e+15 0 0 0 0 0 0 0 0 0 0 0 0 0 0 0 0 0 0 0 0 0 0 0 0 0 0 0 0 0 0 0 0 
0 0 0 0 0 0 0 0 0 0 0 0 0 0 0 0 0 0 0 0 0 0 3.57732e+09 7.11763e+10 6.2641e+11 3.36495e+12 1.27857e+13 3.65656e+13 8.32473e+13 1.52297e+14 2.324e+14 3.00687e+14 3.26474e+14 0 0 0 0 0 0 0 0 0 0 0 0 0 0 0 0 0 0 0 0 0 0 0 0 0 0 0 0 0 0 0 0 
0 0 0 0 0 0 0 0 0 0 0 0 0 0 0 0 0 0 0 0 0 0 3.15518e+08 9.48504e+09 1.07221e+11 6.8604e+11 2.9441e+12 9.22172e+12 2.21219e+13 4.28085e+13 6.74879e+13 8.79253e+13 9.6536e+13 0 0 0 0 0 0 0 0 0 0 0 0 0 0 0 0 0 0 0 0 0 0 0 0 0 0 0 0 0 0 0 0 
0 0 0 0 0 0 0 0 0 0 0 0 0 0 0 0 0 0 0 0 0 0 0 9.50981e+08 1.6311e+10 1.27767e+11 6.1331e+11 2.11854e+12 5.47265e+12 1.11041e+13 1.81247e+13 2.39343e+13 2.64918e+13 0 0 0 0 0 0 0 0 0 0 0 0 0 0 0 0 0 0 0 0 0 0 0 0 0 0 0 0 0 0 0 0 
0 0 0 0 0 0 0 0 0 0 0 0 0 0 0 0 0 0 0 0 0 0 0 1.02863e+08 2.17969e+09 2.09932e+10 1.17737e+11 4.49273e+11 1.25505e+12 2.67433e+12 4.49684e+12 6.10474e+12 6.73245e+12 0 0 0 0 0 0 0 0 0 0 0 0 0 0 0 0 0 0 0 0 0 0 0 0 0 0 0 0 0 0 0 0 
0 0 0 0 0 0 0 0 0 0 0 0 0 0 0 0 0 0 0 0 0 0 0 0 2.20841e+08 3.17299e+09 2.12702e+10 8.86369e+10 2.66342e+11 6.00558e+11 1.0453e+12 1.4596e+12 1.6188e+12 0 0 0 0 0 0 0 0 0 0 0 0 0 0 0 0 0 0 0 0 0 0 0 0 0 0 0 0 0 0 0 0 
0 0 0 0 0 0 0 0 0 0 0 0 0 0 0 0 0 0 0 0 0 0 0 0 3.09489e+07 4.43131e+08 3.44173e+09 1.64044e+10 5.33868e+10 1.28513e+11 2.32332e+11 3.28412e+11 3.69372e+11 0 0 0 0 0 0 0 0 0 0 0 0 0 0 0 0 0 0 0 0 0 0 0 0 0 0 0 0 0 0 0 0 
0 0 0 0 0 0 0 0 0 0 0 0 0 0 0 0 0 0 0 0 0 0 0 0 0 4.49623e+07 5.39758e+08 2.9339e+09 1.01909e+10 2.57654e+10 4.87815e+10 7.07001e+10 7.98993e+10 0 0 0 0 0 0 0 0 0 0 0 0 0 0 0 0 0 0 0 0 0 0 0 0 0 0 0 0 0 0 0 0 
0 0 0 0 0 0 0 0 0 0 0 0 0 0 0 0 0 0 0 0 0 0 0 0 0 8.46602e+06 8.09942e+07 4.80627e+08 1.90995e+09 5.0302e+09 9.89246e+09 1.45411e+10 1.67776e+10 0 0 0 0 0 0 0 0 0 0 0 0 0 0 0 0 0 0 0 0 0 0 0 0 0 0 0 0 0 0 0 0 
0 0 0 0 0 0 0 0 0 0 0 0 0 0 0 0 0 0 0 0 0 0 0 0 0 0 7.82428e+06 8.18721e+07 3.45108e+08 9.64093e+08 1.97499e+09 2.96104e+09 3.43409e+09 0 0 0 0 0 0 0 0 0 0 0 0 0 0 0 0 0 0 0 0 0 0 0 0 0 0 0 0 0 0 0 0 
0 0 0 0 0 0 0 0 0 0 0 0 0 0 0 0 0 0 0 0 0 0 0 0 0 0 2.04529e+06 1.28594e+07 5.69105e+07 1.87036e+08 3.82701e+08 6.00127e+08 6.79057e+08 0 0 0 0 0 0 0 0 0 0 0 0 0 0 0 0 0 0 0 0 0 0 0 0 0 0 0 0 0 0 0 0 
0 0 0 0 0 0 0 0 0 0 0 0 0 0 0 0 0 0 0 0 0 0 0 0 0 0 0 1.08238e+06 1.09853e+07 3.34783e+07 7.40094e+07 1.18872e+08 1.35943e+08 0 0 0 0 0 0 0 0 0 0 0 0 0 0 0 0 0 0 0 0 0 0 0 0 0 0 0 0 0 0 0 0 
0 0 0 0 0 0 0 0 0 0 0 0 0 0 0 0 0 0 0 0 0 0 0 0 0 0 0 424247 1.68296e+06 5.64344e+06 1.54134e+07 2.22038e+07 2.88412e+07 0 0 0 0 0 0 0 0 0 0 0 0 0 0 0 0 0 0 0 0 0 0 0 0 0 0 0 0 0 0 0 0 
0 0 0 0 0 0 0 0 0 0 0 0 0 0 0 0 0 0 0 0 0 0 0 0 0 0 0 0 111672 1.26891e+06 2.45185e+06 4.73332e+06 5.20024e+06 0 0 0 0 0 0 0 0 0 0 0 0 0 0 0 0 0 0 0 0 0 0 0 0 0 0 0 0 0 0 0 0 
0 0 0 0 0 0 0 0 0 0 0 0 0 0 0 0 0 0 0 0 0 0 0 0 0 0 0 0 72629.5 170048 458923 983655 947635 0 0 0 0 0 0 0 0 0 0 0 0 0 0 0 0 0 0 0 0 0 0 0 0 0 0 0 0 0 0 0 0 
0 0 0 0 0 0 0 0 0 0 0 0 0 0 0 0 0 0 0 0 0 0 0 0 0 0 0 0 0 7619.85 118204 112387 241861 0 0 0 0 0 0 0 0 0 0 0 0 0 0 0 0 0 0 0 0 0 0 0 0 0 0 0 0 0 0 0 0 
0 0 0 0 0 0 0 0 0 0 0 0 0 0 0 0 0 0 0 0 0 0 0 0 0 0 0 0 0 9822.27 11448.4 32624.4 38243.6 0 0 0 0 0 0 0 0 0 0 0 0 0 0 0 0 0 0 0 0 0 0 0 0 0 0 0 0 0 0 0 0 
0 0 0 0 0 0 0 0 0 0 0 0 0 0 0 0 0 0 0 0 0 0 0 0 0 0 0 0 0 0 251.406 7748.31 2032.7 0 0 0 0 0 0 0 0 0 0 0 0 0 0 0 0 0 0 0 0 0 0 0 0 0 0 0 0 0 0 0 0 
0 0 0 0 0 0 0 0 0 0 0 0 0 0 0 0 0 0 0 0 0 0 0 0 0 0 0 0 0 0 976.53 381.704 1935.76 0 0 0 0 0 0 0 0 0 0 0 0 0 0 0 0 0 0 0 0 0 0 0 0 0 0 0 0 0 0 0 0 
0 0 0 0 0 0 0 0 0 0 0 0 0 0 0 0 0 0 0 0 0 0 0 0 0 0 0 0 0 0 0 0 258.031 0 0 0 0 0 0 0 0 0 0 0 0 0 0 0 0 0 0 0 0 0 0 0 0 0 0 0 0 0 0 0 0 
0 0 0 0 0 0 0 0 0 0 0 0 0 0 0 0 0 0 0 0 0 0 0 0 0 0 0 0 0 0 0 63.0019 0 0 0 0 0 0 0 0 0 0 0 0 0 0 0 0 0 0 0 0 0 0 0 0 0 0 0 0 0 0 0 0 0 
0 0 0 0 0 0 0 0 0 0 0 0 0 0 0 0 0 0 0 0 0 0 0 0 0 0 0 0 0 0 0 0 0 0 0 0 0 0 0 0 0 0 0 0 0 0 0 0 0 0 0 0 0 0 0 0 0 0 0 0 0 0 0 0 0 
0 0 0 0 0 0 0 0 0 0 0 0 0 0 0 0 0 0 0 0 0 0 0 0 0 0 0 0 0 0 0 0 1.96881 0 0 0 0 0 0 0 0 0 0 0 0 0 0 0 0 0 0 0 0 0 0 0 0 0 0 0 0 0 0 0 0 
