1 0 0 0 0 0 0 0 0 0 0 0 0 0 0 0 0 0 0 0 0 0 0 0 0 0 0 0 0 0 0 0 0 0 0 0 0 0 0 0 0 0 0 0 0 0 0 0 0 0 0 0 0 0 0 0 0 0 0 0 0 0 0 0 0 
0 0 0 0 0 0 0 0 0 0 0 0 0 0 0 0 0 0 0 0 0 0 0 0 0 0 0 0 0 0 0 0 0 0 0 0 0 0 0 0 0 0 0 0 0 0 0 0 0 0 0 0 0 0 0 0 0 0 0 0 0 0 0 0 0 
0 64 0 0 0 0 0 0 0 0 0 0 0 0 0 0 0 0 0 0 0 0 0 0 0 0 0 0 0 0 0 0 0 0 0 0 0 0 0 0 0 0 0 0 0 0 0 0 0 0 0 0 0 0 0 0 0 0 0 0 0 0 0 0 0 
0 0 128 0 0 0 0 0 0 0 0 0 0 0 0 0 0 0 0 0 0 0 0 0 0 0 0 0 0 0 0 0 0 0 0 0 0 0 0 0 0 0 0 0 0 0 0 0 0 0 0 0 0 0 0 0 0 0 0 0 0 0 0 0 0 
0 0 1888 380.105 62.9833 0 0 0 0 0 0 0 0 0 0 0 0 0 0 0 0 0 0 0 0 0 0 0 0 0 0 0 0 0 0 0 0 0 0 0 0 0 0 0 0 0 0 0 0 0 0 0 0 0 0 0 0 0 0 0 0 0 0 0 0 
0 0 0 7175.79 1151.09 511.466 126.133 0 0 0 0 0 0 0 0 0 0 0 0 0 0 0 0 0 0 0 0 0 0 0 0 0 0 0 0 0 0 0 0 0 0 0 0 0 0 0 0 0 0 0 0 0 0 0 0 0 0 0 0 0 0 0 0 0 0 
0 0 0 34108.1 27359.3 6872.03 2577.12 1433.08 381.741 61.1499 0 0 0 0 0 0 0 0 0 0 0 0 0 0 0 0 0 0 0 0 0 0 0 0 0 0 0 0 0 0 0 0 0 0 0 0 0 0 0 0 0 0 0 0 0 0 0 0 0 0 0 0 0 0 0 
0 0 0 0 183624 98145.9 42376.9 16729 8585.63 4597.63 2041.08 500.169 126.862 0 0 0 0 0 0 0 0 0 0 0 0 0 0 0 0 0 0 0 0 0 0 0 0 0 0 0 0 0 0 0 0 0 0 0 0 0 0 0 0 0 0 0 0 0 0 0 0 0 0 0 0 
0 0 0 0 423178 827877 414255 221816 121241 60439.6 33504.3 20381.7 9472.06 4231.58 1366.19 393.529 97.2704 0 0 0 0 0 0 0 16.5094 0 0 0 0 0 0 0 16.453 0 0 0 0 0 0 0 0 0 0 0 0 0 0 0 0 0 0 0 0 0 0 0 0 0 0 0 0 0 0 0 0 
0 0 0 0 0 2.86072e+06 3.32942e+06 1.9642e+06 1.13499e+06 716389 423863 251751 156904 94173.5 54278 28761.5 13918.5 5934.09 2349.24 804.915 381.671 284.582 244.85 253.595 0 240.293 224.392 261.847 259.885 242.24 272.453 272.772 0 0 0 0 0 0 0 0 0 0 0 0 0 0 0 0 0 0 0 0 0 0 0 0 0 0 0 0 0 0 0 0 0 
0 0 0 0 0 3.83038e+06 1.46113e+07 1.35225e+07 9.34792e+06 6.05816e+06 4.09562e+06 2.74176e+06 1.8092e+06 1.18468e+06 781864 512961 324598 204898 118478 68708.5 36974.8 21595 13978.2 11410.4 11258.7 8937.29 9295.28 9427.2 9339.13 9252.57 9469.86 9610.79 11251.2 0 0 0 0 0 0 0 0 0 0 0 0 0 0 0 0 0 0 0 0 0 0 0 0 0 0 0 0 0 0 0 0 
0 0 0 0 0 0 3.03082e+07 6.39845e+07 5.72024e+07 4.34082e+07 3.14988e+07 2.23401e+07 1.59674e+07 1.15814e+07 8.25991e+06 5.82393e+06 4.15728e+06 2.842e+06 2.04256e+06 1.4006e+06 1.0002e+06 693393 506339 364348 283674 245639 240365 223140 214028 212625 212234 213591 201698 0 0 0 0 0 0 0 0 0 0 0 0 0 0 0 0 0 0 0 0 0 0 0 0 0 0 0 0 0 0 0 0 
0 0 0 0 0 0 2.62662e+07 1.69056e+08 2.63362e+08 2.45522e+08 1.98861e+08 1.56546e+08 1.1957e+08 9.12157e+07 6.87793e+07 5.24727e+07 3.99955e+07 3.11605e+07 2.31047e+07 1.78629e+07 1.35152e+07 1.06778e+07 8.12732e+06 6.60054e+06 5.32993e+06 4.57011e+06 3.91554e+06 3.68132e+06 3.37143e+06 3.13957e+06 3.23251e+06 3.16005e+06 3.25827e+06 0 0 0 0 0 0 0 0 0 0 0 0 0 0 0 0 0 0 0 0 0 0 0 0 0 0 0 0 0 0 0 0 
0 0 0 0 0 0 0 2.32852e+08 7.86513e+08 1.06943e+09 1.04279e+09 9.0607e+08 7.52689e+08 6.07931e+08 4.84925e+08 3.98517e+08 3.14407e+08 2.51891e+08 2.03557e+08 1.65046e+08 1.34058e+08 1.1162e+08 9.09043e+07 7.55128e+07 6.53669e+07 5.61136e+07 5.0411e+07 4.59423e+07 4.23087e+07 4.05563e+07 3.88995e+07 3.75167e+07 3.73694e+07 0 0 0 0 0 0 0 0 0 0 0 0 0 0 0 0 0 0 0 0 0 0 0 0 0 0 0 0 0 0 0 0 
0 0 0 0 0 0 0 1.39597e+08 1.38269e+09 3.30608e+09 4.28104e+09 4.3404e+09 3.99677e+09 3.48098e+09 2.98775e+09 2.50978e+09 2.14544e+09 1.77899e+09 1.50555e+09 1.26135e+09 1.09492e+09 9.21537e+08 7.79101e+08 6.75e+08 5.9358e+08 5.35652e+08 4.79517e+08 4.38502e+08 4.12109e+08 3.92192e+08 3.77073e+08 3.70389e+08 3.75656e+08 0 0 0 0 0 0 0 0 0 0 0 0 0 0 0 0 0 0 0 0 0 0 0 0 0 0 0 0 0 0 0 0 
0 0 0 0 0 0 0 0 1.33927e+09 6.66299e+09 1.31472e+10 1.6798e+10 1.76445e+10 1.70586e+10 1.56536e+10 1.41547e+10 1.23257e+10 1.09248e+10 9.49628e+09 8.3392e+09 7.3003e+09 6.35685e+09 5.65122e+09 4.99651e+09 4.58613e+09 4.15174e+09 3.78054e+09 3.59153e+09 3.39292e+09 3.21073e+09 3.06954e+09 3.05004e+09 2.98971e+09 0 0 0 0 0 0 0 0 0 0 0 0 0 0 0 0 0 0 0 0 0 0 0 0 0 0 0 0 0 0 0 0 
0 0 0 0 0 0 0 0 5.86512e+08 8.31342e+09 2.83961e+10 5.03726e+10 6.46423e+10 7.05332e+10 7.09854e+10 6.78105e+10 6.3123e+10 5.79628e+10 5.30085e+10 4.78875e+10 4.34129e+10 3.94386e+10 3.57696e+10 3.26956e+10 2.99134e+10 2.79053e+10 2.60205e+10 2.45026e+10 2.34103e+10 2.24695e+10 2.18898e+10 2.15586e+10 2.13491e+10 0 0 0 0 0 0 0 0 0 0 0 0 0 0 0 0 0 0 0 0 0 0 0 0 0 0 0 0 0 0 0 0 
0 0 0 0 0 0 0 0 0 5.93006e+09 4.09183e+10 1.11276e+11 1.86524e+11 2.40494e+11 2.71284e+11 2.8181e+11 2.81182e+11 2.72599e+11 2.60098e+11 2.44963e+11 2.29404e+11 2.14926e+11 2.01018e+11 1.86011e+11 1.75469e+11 1.66418e+11 1.57409e+11 1.48692e+11 1.42889e+11 1.38846e+11 1.36002e+11 1.34077e+11 1.33097e+11 0 0 0 0 0 0 0 0 0 0 0 0 0 0 0 0 0 0 0 0 0 0 0 0 0 0 0 0 0 0 0 0 
0 0 0 0 0 0 0 0 0 1.96283e+09 3.7643e+10 1.74669e+11 4.11539e+11 6.66969e+11 8.71187e+11 1.01352e+12 1.08853e+12 1.1217e+12 1.11963e+12 1.10856e+12 1.07547e+12 1.04212e+12 9.81379e+11 9.51582e+11 9.0752e+11 8.67985e+11 8.33947e+11 8.10552e+11 7.89166e+11 7.69118e+11 7.55048e+11 7.45461e+11 7.46022e+11 0 0 0 0 0 0 0 0 0 0 0 0 0 0 0 0 0 0 0 0 0 0 0 0 0 0 0 0 0 0 0 0 
0 0 0 0 0 0 0 0 0 0 2.0513e+10 1.86181e+11 6.70219e+11 1.44756e+12 2.30111e+12 3.05245e+12 3.6318e+12 4.04861e+12 4.30288e+12 4.4171e+12 4.44273e+12 4.42532e+12 4.37704e+12 4.28164e+12 4.18641e+12 4.0767e+12 3.98867e+12 3.89191e+12 3.86298e+12 3.79566e+12 3.74518e+12 3.74379e+12 3.71607e+12 0 0 0 0 0 0 0 0 0 0 0 0 0 0 0 0 0 0 0 0 0 0 0 0 0 0 0 0 0 0 0 0 
0 0 0 0 0 0 0 0 0 0 5.29678e+09 1.31249e+11 7.86589e+11 2.3854e+12 4.83493e+12 7.63813e+12 1.02902e+13 1.24962e+13 1.42764e+13 1.55546e+13 1.64042e+13 1.70414e+13 1.72902e+13 1.74251e+13 1.73881e+13 1.7316e+13 1.73257e+13 1.72331e+13 1.70842e+13 1.69267e+13 1.68978e+13 1.67915e+13 1.67041e+13 0 0 0 0 0 0 0 0 0 0 0 0 0 0 0 0 0 0 0 0 0 0 0 0 0 0 0 0 0 0 0 0 
0 0 0 0 0 0 0 0 0 0 0 5.60435e+10 6.43255e+11 2.93987e+12 7.96291e+12 1.54194e+13 2.43147e+13 3.3099e+13 4.11359e+13 4.8076e+13 5.37304e+13 5.79833e+13 6.16776e+13 6.38756e+13 6.5383e+13 6.69132e+13 6.76927e+13 6.77475e+13 6.81117e+13 6.83964e+13 6.84879e+13 6.83834e+13 6.8404e+13 0 0 0 0 0 0 0 0 0 0 0 0 0 0 0 0 0 0 0 0 0 0 0 0 0 0 0 0 0 0 0 0 
0 0 0 0 0 0 0 0 0 0 0 1.15792e+10 3.56196e+11 2.65298e+12 1.00251e+13 2.49362e+13 4.68638e+13 7.37733e+13 1.01768e+14 1.28851e+14 1.53786e+14 1.74944e+14 1.93723e+14 2.08239e+14 2.20561e+14 2.30267e+14 2.36293e+14 2.42305e+14 2.46564e+14 2.48994e+14 2.51212e+14 2.51222e+14 2.52285e+14 0 0 0 0 0 0 0 0 0 0 0 0 0 0 0 0 0 0 0 0 0 0 0 0 0 0 0 0 0 0 0 0 
0 0 0 0 0 0 0 0 0 0 0 0 1.22059e+11 1.70824e+12 9.56307e+12 3.16323e+13 7.37353e+13 1.35941e+14 2.13326e+14 2.97632e+14 3.83079e+14 4.64343e+14 5.36677e+14 6.0474e+14 6.6067e+14 7.08845e+14 7.47188e+14 7.75228e+14 8.02363e+14 8.22321e+14 8.31496e+14 8.41987e+14 8.42847e+14 0 0 0 0 0 0 0 0 0 0 0 0 0 0 0 0 0 0 0 0 0 0 0 0 0 0 0 0 0 0 0 0 
0 0 0 0 0 0 0 0 0 0 0 0 2.06602e+10 7.59737e+11 6.78958e+12 3.0923e+13 9.24064e+13 2.05166e+14 3.72176e+14 5.83712e+14 8.21057e+14 1.07225e+15 1.31926e+15 1.55317e+15 1.76214e+15 1.94676e+15 2.11201e+15 2.25341e+15 2.357e+15 2.43838e+15 2.4977e+15 2.52683e+15 2.5285e+15 0 0 0 0 0 0 0 0 0 0 0 0 0 0 0 0 0 0 0 0 0 0 0 0 0 0 0 0 0 0 0 0 
0 0 0 0 0 0 0 0 0 0 0 0 0 2.13665e+11 3.52472e+12 2.34061e+13 9.15162e+13 2.51849e+14 5.38352e+14 9.61962e+14 1.50783e+15 2.131e+15 2.80849e+15 3.48599e+15 4.15282e+15 4.77481e+15 5.32339e+15 5.80491e+15 6.20964e+15 6.49558e+15 6.72597e+15 6.84743e+15 6.9082e+15 0 0 0 0 0 0 0 0 0 0 0 0 0 0 0 0 0 0 0 0 0 0 0 0 0 0 0 0 0 0 0 0 
0 0 0 0 0 0 0 0 0 0 0 0 0 3.0166e+10 1.28436e+12 1.33391e+13 7.1299e+13 2.4823e+14 6.39264e+14 1.32565e+15 2.33673e+15 3.65961e+15 5.18589e+15 6.8823e+15 8.61125e+15 1.03055e+16 1.18899e+16 1.32596e+16 1.44719e+16 1.55023e+16 1.61289e+16 1.65951e+16 1.67911e+16 0 0 0 0 0 0 0 0 0 0 0 0 0 0 0 0 0 0 0 0 0 0 0 0 0 0 0 0 0 0 0 0 
0 0 0 0 0 0 0 0 0 0 0 0 0 0 3.01021e+11 5.68226e+12 4.32386e+13 1.9552e+14 6.20238e+14 1.51057e+15 3.03352e+15 5.27421e+15 8.22137e+15 1.16911e+16 1.55207e+16 1.94599e+16 2.33752e+16 2.70586e+16 3.02254e+16 3.27223e+16 3.46987e+16 3.59167e+16 3.62932e+16 0 0 0 0 0 0 0 0 0 0 0 0 0 0 0 0 0 0 0 0 0 0 0 0 0 0 0 0 0 0 0 0 
0 0 0 0 0 0 0 0 0 0 0 0 0 0 3.62485e+10 1.72969e+12 2.03665e+13 1.23123e+14 4.86453e+14 1.42212e+15 3.3225e+15 6.49504e+15 1.11265e+16 1.71624e+16 2.43042e+16 3.21898e+16 4.02849e+16 4.81868e+16 5.52409e+16 6.12958e+16 6.58143e+16 6.84853e+16 6.95406e+16 0 0 0 0 0 0 0 0 0 0 0 0 0 0 0 0 0 0 0 0 0 0 0 0 0 0 0 0 0 0 0 0 
0 0 0 0 0 0 0 0 0 0 0 0 0 0 0 3.44119e+11 7.20317e+12 6.14208e+13 3.11309e+14 1.1059e+15 3.00762e+15 6.71498e+15 1.27859e+16 2.15065e+16 3.2795e+16 4.60902e+16 6.05736e+16 7.51412e+16 8.89611e+16 1.00909e+17 1.10095e+17 1.1583e+17 1.17552e+17 0 0 0 0 0 0 0 0 0 0 0 0 0 0 0 0 0 0 0 0 0 0 0 0 0 0 0 0 0 0 0 0 
0 0 0 0 0 0 0 0 0 0 0 0 0 0 0 3.58616e+10 1.86362e+12 2.41192e+13 1.6108e+14 7.04892e+14 2.27745e+15 5.82439e+15 1.24698e+16 2.3074e+16 3.81187e+16 5.7273e+16 7.92483e+16 1.02582e+17 1.25445e+17 1.45771e+17 1.61646e+17 1.71785e+17 1.75219e+17 0 0 0 0 0 0 0 0 0 0 0 0 0 0 0 0 0 0 0 0 0 0 0 0 0 0 0 0 0 0 0 0 
0 0 0 0 0 0 0 0 0 0 0 0 0 0 0 0 3.20636e+11 7.23915e+12 6.71031e+13 3.70715e+14 1.43557e+15 4.27232e+15 1.02966e+16 2.11684e+16 3.79293e+16 6.0901e+16 8.94786e+16 1.21455e+17 1.5377e+17 1.83731e+17 2.07787e+17 2.23711e+17 2.29417e+17 0 0 0 0 0 0 0 0 0 0 0 0 0 0 0 0 0 0 0 0 0 0 0 0 0 0 0 0 0 0 0 0 
0 0 0 0 0 0 0 0 0 0 0 0 0 0 0 0 2.93619e+10 1.61747e+12 2.23785e+13 1.61031e+14 7.58723e+14 2.63772e+15 7.26441e+15 1.65493e+16 3.24995e+16 5.62208e+16 8.76374e+16 1.24929e+17 1.65072e+17 2.0215e+17 2.33865e+17 2.5423e+17 2.61173e+17 0 0 0 0 0 0 0 0 0 0 0 0 0 0 0 0 0 0 0 0 0 0 0 0 0 0 0 0 0 0 0 0 
0 0 0 0 0 0 0 0 0 0 0 0 0 0 0 0 0 2.43002e+11 5.79058e+12 5.66186e+13 3.34615e+14 1.37357e+15 4.34173e+15 1.11032e+16 2.38827e+16 4.4763e+16 7.43128e+16 1.11618e+17 1.53062e+17 1.9477e+17 2.2894e+17 2.52507e+17 2.60506e+17 0 0 0 0 0 0 0 0 0 0 0 0 0 0 0 0 0 0 0 0 0 0 0 0 0 0 0 0 0 0 0 0 
0 0 0 0 0 0 0 0 0 0 0 0 0 0 0 0 0 2.0221e+10 1.12896e+12 1.63464e+13 1.22245e+14 6.08864e+14 2.21661e+15 6.36994e+15 1.51742e+16 3.08488e+16 5.48668e+16 8.6893e+16 1.24384e+17 1.62782e+17 1.96494e+17 2.18855e+17 2.27726e+17 0 0 0 0 0 0 0 0 0 0 0 0 0 0 0 0 0 0 0 0 0 0 0 0 0 0 0 0 0 0 0 0 
0 0 0 0 0 0 0 0 0 0 0 0 0 0 0 0 0 0 1.51448e+11 3.69826e+12 3.74562e+13 2.27568e+14 9.70297e+14 3.17575e+15 8.35825e+15 1.84152e+16 3.51144e+16 5.87958e+16 8.8189e+16 1.19471e+17 1.4758e+17 1.67621e+17 1.74161e+17 0 0 0 0 0 0 0 0 0 0 0 0 0 0 0 0 0 0 0 0 0 0 0 0 0 0 0 0 0 0 0 0 
0 0 0 0 0 0 0 0 0 0 0 0 0 0 0 0 0 0 1.15737e+10 6.40292e+11 9.38692e+12 7.20152e+13 3.65016e+14 1.36196e+15 4.00962e+15 9.66953e+15 1.97315e+16 3.50837e+16 5.5001e+16 7.70828e+16 9.74774e+16 1.11947e+17 1.17364e+17 0 0 0 0 0 0 0 0 0 0 0 0 0 0 0 0 0 0 0 0 0 0 0 0 0 0 0 0 0 0 0 0 
0 0 0 0 0 0 0 0 0 0 0 0 0 0 0 0 0 0 0 7.76802e+10 1.89352e+12 1.92243e+13 1.18191e+14 5.10298e+14 1.67146e+15 4.43758e+15 9.78718e+15 1.84155e+16 3.02329e+16 4.3876e+16 5.70344e+16 6.64294e+16 6.97768e+16 0 0 0 0 0 0 0 0 0 0 0 0 0 0 0 0 0 0 0 0 0 0 0 0 0 0 0 0 0 0 0 0 
0 0 0 0 0 0 0 0 0 0 0 0 0 0 0 0 0 0 0 5.66674e+09 2.96123e+11 4.26872e+12 3.27649e+13 1.65804e+14 6.15448e+14 1.79063e+15 4.27169e+15 8.55893e+15 1.47688e+16 2.22782e+16 2.95824e+16 3.50541e+16 3.70466e+16 0 0 0 0 0 0 0 0 0 0 0 0 0 0 0 0 0 0 0 0 0 0 0 0 0 0 0 0 0 0 0 0 
0 0 0 0 0 0 0 0 0 0 0 0 0 0 0 0 0 0 0 0 3.32349e+10 7.82792e+11 7.81834e+12 4.68807e+13 1.99269e+14 6.41234e+14 1.65384e+15 3.55478e+15 6.43889e+15 1.00653e+16 1.37741e+16 1.65094e+16 1.75757e+16 0 0 0 0 0 0 0 0 0 0 0 0 0 0 0 0 0 0 0 0 0 0 0 0 0 0 0 0 0 0 0 0 
0 0 0 0 0 0 0 0 0 0 0 0 0 0 0 0 0 0 0 0 2.42602e+09 1.1247e+11 1.55104e+12 1.15885e+13 5.7008e+13 2.05029e+14 5.76152e+14 1.31637e+15 2.51695e+15 4.10679e+15 5.73393e+15 7.00428e+15 7.50025e+15 0 0 0 0 0 0 0 0 0 0 0 0 0 0 0 0 0 0 0 0 0 0 0 0 0 0 0 0 0 0 0 0 
0 0 0 0 0 0 0 0 0 0 0 0 0 0 0 0 0 0 0 0 0 1.19221e+10 2.62061e+11 2.48089e+12 1.43378e+13 5.82827e+13 1.79841e+14 4.41236e+14 8.8823e+14 1.49614e+15 2.1711e+15 2.69251e+15 2.887e+15 0 0 0 0 0 0 0 0 0 0 0 0 0 0 0 0 0 0 0 0 0 0 0 0 0 0 0 0 0 0 0 0 
0 0 0 0 0 0 0 0 0 0 0 0 0 0 0 0 0 0 0 0 0 9.26415e+08 3.54688e+10 4.52762e+11 3.18647e+12 1.48947e+13 5.03176e+13 1.3308e+14 2.84091e+14 5.02584e+14 7.43678e+14 9.37683e+14 1.01609e+15 0 0 0 0 0 0 0 0 0 0 0 0 0 0 0 0 0 0 0 0 0 0 0 0 0 0 0 0 0 0 0 0 
0 0 0 0 0 0 0 0 0 0 0 0 0 0 0 0 0 0 0 0 0 0 3.64542e+09 7.20584e+10 6.24133e+11 3.38364e+12 1.28051e+13 3.66764e+13 8.28797e+13 1.53237e+14 2.3381e+14 3.01093e+14 3.26116e+14 0 0 0 0 0 0 0 0 0 0 0 0 0 0 0 0 0 0 0 0 0 0 0 0 0 0 0 0 0 0 0 0 
0 0 0 0 0 0 0 0 0 0 0 0 0 0 0 0 0 0 0 0 0 0 3.23041e+08 9.4961e+09 1.07615e+11 6.86767e+11 2.95104e+12 9.19411e+12 2.21655e+13 4.27042e+13 6.79657e+13 8.8701e+13 9.64551e+13 0 0 0 0 0 0 0 0 0 0 0 0 0 0 0 0 0 0 0 0 0 0 0 0 0 0 0 0 0 0 0 0 
0 0 0 0 0 0 0 0 0 0 0 0 0 0 0 0 0 0 0 0 0 0 0 9.6965e+08 1.64688e+10 1.27227e+11 6.20801e+11 2.12012e+12 5.47186e+12 1.10538e+13 1.80746e+13 2.41594e+13 2.65917e+13 0 0 0 0 0 0 0 0 0 0 0 0 0 0 0 0 0 0 0 0 0 0 0 0 0 0 0 0 0 0 0 0 
0 0 0 0 0 0 0 0 0 0 0 0 0 0 0 0 0 0 0 0 0 0 0 1.04824e+08 2.21602e+09 2.10193e+10 1.18187e+11 4.50991e+11 1.25405e+12 2.65579e+12 4.48756e+12 6.13135e+12 6.74197e+12 0 0 0 0 0 0 0 0 0 0 0 0 0 0 0 0 0 0 0 0 0 0 0 0 0 0 0 0 0 0 0 0 
0 0 0 0 0 0 0 0 0 0 0 0 0 0 0 0 0 0 0 0 0 0 0 0 2.27204e+08 3.18158e+09 2.11853e+10 8.92104e+10 2.68289e+11 6.02449e+11 1.04502e+12 1.44758e+12 1.61677e+12 0 0 0 0 0 0 0 0 0 0 0 0 0 0 0 0 0 0 0 0 0 0 0 0 0 0 0 0 0 0 0 0 
0 0 0 0 0 0 0 0 0 0 0 0 0 0 0 0 0 0 0 0 0 0 0 0 3.15581e+07 4.48048e+08 3.41205e+09 1.65829e+10 5.34074e+10 1.27948e+11 2.3241e+11 3.26232e+11 3.66367e+11 0 0 0 0 0 0 0 0 0 0 0 0 0 0 0 0 0 0 0 0 0 0 0 0 0 0 0 0 0 0 0 0 
0 0 0 0 0 0 0 0 0 0 0 0 0 0 0 0 0 0 0 0 0 0 0 0 0 4.60151e+07 5.45475e+08 2.92097e+09 1.02608e+10 2.58396e+10 4.87331e+10 7.09113e+10 7.95973e+10 0 0 0 0 0 0 0 0 0 0 0 0 0 0 0 0 0 0 0 0 0 0 0 0 0 0 0 0 0 0 0 0 
0 0 0 0 0 0 0 0 0 0 0 0 0 0 0 0 0 0 0 0 0 0 0 0 0 8.63292e+06 8.16093e+07 4.69658e+08 1.8962e+09 5.09498e+09 9.8502e+09 1.47458e+10 1.66971e+10 0 0 0 0 0 0 0 0 0 0 0 0 0 0 0 0 0 0 0 0 0 0 0 0 0 0 0 0 0 0 0 0 
0 0 0 0 0 0 0 0 0 0 0 0 0 0 0 0 0 0 0 0 0 0 0 0 0 0 7.95185e+06 8.21806e+07 3.39981e+08 9.55797e+08 1.98466e+09 2.97778e+09 3.47266e+09 0 0 0 0 0 0 0 0 0 0 0 0 0 0 0 0 0 0 0 0 0 0 0 0 0 0 0 0 0 0 0 0 
0 0 0 0 0 0 0 0 0 0 0 0 0 0 0 0 0 0 0 0 0 0 0 0 0 0 2.08279e+06 1.28868e+07 5.57364e+07 1.85824e+08 3.78798e+08 6.02635e+08 6.86655e+08 0 0 0 0 0 0 0 0 0 0 0 0 0 0 0 0 0 0 0 0 0 0 0 0 0 0 0 0 0 0 0 0 
0 0 0 0 0 0 0 0 0 0 0 0 0 0 0 0 0 0 0 0 0 0 0 0 0 0 0 1.09994e+06 1.106e+07 3.27405e+07 7.41e+07 1.20554e+08 1.38589e+08 0 0 0 0 0 0 0 0 0 0 0 0 0 0 0 0 0 0 0 0 0 0 0 0 0 0 0 0 0 0 0 0 
0 0 0 0 0 0 0 0 0 0 0 0 0 0 0 0 0 0 0 0 0 0 0 0 0 0 0 432380 1.70783e+06 5.57231e+06 1.5318e+07 2.19051e+07 2.86766e+07 0 0 0 0 0 0 0 0 0 0 0 0 0 0 0 0 0 0 0 0 0 0 0 0 0 0 0 0 0 0 0 0 
0 0 0 0 0 0 0 0 0 0 0 0 0 0 0 0 0 0 0 0 0 0 0 0 0 0 0 0 112880 1.26732e+06 2.41847e+06 4.7524e+06 5.21171e+06 0 0 0 0 0 0 0 0 0 0 0 0 0 0 0 0 0 0 0 0 0 0 0 0 0 0 0 0 0 0 0 0 
0 0 0 0 0 0 0 0 0 0 0 0 0 0 0 0 0 0 0 0 0 0 0 0 0 0 0 0 74063.5 171319 459874 978766 946938 0 0 0 0 0 0 0 0 0 0 0 0 0 0 0 0 0 0 0 0 0 0 0 0 0 0 0 0 0 0 0 0 
0 0 0 0 0 0 0 0 0 0 0 0 0 0 0 0 0 0 0 0 0 0 0 0 0 0 0 0 0 7675.85 118060 110755 245717 0 0 0 0 0 0 0 0 0 0 0 0 0 0 0 0 0 0 0 0 0 0 0 0 0 0 0 0 0 0 0 0 
0 0 0 0 0 0 0 0 0 0 0 0 0 0 0 0 0 0 0 0 0 0 0 0 0 0 0 0 0 9994.75 11520.8 32619.9 38072.8 0 0 0 0 0 0 0 0 0 0 0 0 0 0 0 0 0 0 0 0 0 0 0 0 0 0 0 0 0 0 0 0 
0 0 0 0 0 0 0 0 0 0 0 0 0 0 0 0 0 0 0 0 0 0 0 0 0 0 0 0 0 0 255.344 7718.06 2037.95 0 0 0 0 0 0 0 0 0 0 0 0 0 0 0 0 0 0 0 0 0 0 0 0 0 0 0 0 0 0 0 0 
0 0 0 0 0 0 0 0 0 0 0 0 0 0 0 0 0 0 0 0 0 0 0 0 0 0 0 0 0 0 992.778 385.189 1922.07 0 0 0 0 0 0 0 0 0 0 0 0 0 0 0 0 0 0 0 0 0 0 0 0 0 0 0 0 0 0 0 0 
0 0 0 0 0 0 0 0 0 0 0 0 0 0 0 0 0 0 0 0 0 0 0 0 0 0 0 0 0 0 0 0 256.025 0 0 0 0 0 0 0 0 0 0 0 0 0 0 0 0 0 0 0 0 0 0 0 0 0 0 0 0 0 0 0 0 
0 0 0 0 0 0 0 0 0 0 0 0 0 0 0 0 0 0 0 0 0 0 0 0 0 0 0 0 0 0 0 64.0502 0 0 0 0 0 0 0 0 0 0 0 0 0 0 0 0 0 0 0 0 0 0 0 0 0 0 0 0 0 0 0 0 0 
0 0 0 0 0 0 0 0 0 0 0 0 0 0 0 0 0 0 0 0 0 0 0 0 0 0 0 0 0 0 0 0 0 0 0 0 0 0 0 0 0 0 0 0 0 0 0 0 0 0 0 0 0 0 0 0 0 0 0 0 0 0 0 0 0 
0 0 0 0 0 0 0 0 0 0 0 0 0 0 0 0 0 0 0 0 0 0 0 0 0 0 0 0 0 0 0 0 2.00157 0 0 0 0 0 0 0 0 0 0 0 0 0 0 0 0 0 0 0 0 0 0 0 0 0 0 0 0 0 0 0 0 
