1 0 0 0 0 0 0 0 0 0 0 0 0 0 0 0 0 0 0 0 0 0 0 0 0 0 0 0 0 0 0 0 0 0 0 0 0 0 0 0 0 0 0 0 0 0 0 0 0 0 0 0 0 0 0 0 0 0 0 0 0 0 0 0 0 
0 0 0 0 0 0 0 0 0 0 0 0 0 0 0 0 0 0 0 0 0 0 0 0 0 0 0 0 0 0 0 0 0 0 0 0 0 0 0 0 0 0 0 0 0 0 0 0 0 0 0 0 0 0 0 0 0 0 0 0 0 0 0 0 0 
0 64 0 0 0 0 0 0 0 0 0 0 0 0 0 0 0 0 0 0 0 0 0 0 0 0 0 0 0 0 0 0 0 0 0 0 0 0 0 0 0 0 0 0 0 0 0 0 0 0 0 0 0 0 0 0 0 0 0 0 0 0 0 0 0 
0 0 128 0 0 0 0 0 0 0 0 0 0 0 0 0 0 0 0 0 0 0 0 0 0 0 0 0 0 0 0 0 0 0 0 0 0 0 0 0 0 0 0 0 0 0 0 0 0 0 0 0 0 0 0 0 0 0 0 0 0 0 0 0 0 
0 0 1888 388.978 65.7081 0 0 0 0 0 0 0 0 0 0 0 0 0 0 0 0 0 0 0 0 0 0 0 0 0 0 0 0 0 0 0 0 0 0 0 0 0 0 0 0 0 0 0 0 0 0 0 0 0 0 0 0 0 0 0 0 0 0 0 0 
0 0 0 7158.04 1169.5 530.686 132.679 0 0 0 0 0 0 0 0 0 0 0 0 0 0 0 0 0 0 0 0 0 0 0 0 0 0 0 0 0 0 0 0 0 0 0 0 0 0 0 0 0 0 0 0 0 0 0 0 0 0 0 0 0 0 0 0 0 0 
0 0 0 34117 27300.7 6822.35 2573.42 1410.93 390.283 67.5706 0 0 0 0 0 0 0 0 0 0 0 0 0 0 0 0 0 0 0 0 0 0 0 0 0 0 0 0 0 0 0 0 0 0 0 0 0 0 0 0 0 0 0 0 0 0 0 0 0 0 0 0 0 0 0 
0 0 0 0 183675 97681.7 42813 16694.7 8784.3 4522.62 1970.83 508.235 142.786 0 0 0 0 0 0 0 0 0 0 0 0 0 0 0 0 0 0 0 0 0 0 0 0 0 0 0 0 0 0 0 0 0 0 0 0 0 0 0 0 0 0 0 0 0 0 0 0 0 0 0 0 
0 0 0 0 423165 828847 417011 223729 120213 60672.2 34681.9 20398.4 9952.78 4262.49 1379.36 431.479 85.3459 0 0 0 0 0 0 0 16.6627 0 0 0 0 0 0 0 16.2091 0 0 0 0 0 0 0 0 0 0 0 0 0 0 0 0 0 0 0 0 0 0 0 0 0 0 0 0 0 0 0 0 
0 0 0 0 0 2.86028e+06 3.32739e+06 1.98957e+06 1.13675e+06 716333 431951 249986 152577 95725.8 56135.8 29260.1 13984.4 5581.25 2234.07 774.563 399.485 266.452 278.719 279.128 0 257.387 238.7 261.63 277.963 253.068 270.049 241.376 0 0 0 0 0 0 0 0 0 0 0 0 0 0 0 0 0 0 0 0 0 0 0 0 0 0 0 0 0 0 0 0 0 
0 0 0 0 0 3.83035e+06 1.45896e+07 1.35504e+07 9.31858e+06 6.09154e+06 4.04775e+06 2.72455e+06 1.82842e+06 1.16922e+06 764780 501888 328539 204146 115826 69910.1 38470 21970.9 14129.8 10235.4 11176 8968.4 8957.82 9247.29 9231.98 9193.22 9288.91 10047.7 11139.6 0 0 0 0 0 0 0 0 0 0 0 0 0 0 0 0 0 0 0 0 0 0 0 0 0 0 0 0 0 0 0 0 
0 0 0 0 0 0 3.03443e+07 6.36815e+07 5.76574e+07 4.31554e+07 3.14717e+07 2.2349e+07 1.59872e+07 1.16029e+07 8.23199e+06 5.91772e+06 4.17009e+06 2.97988e+06 2.18324e+06 1.47202e+06 1.01929e+06 706725 477061 340485 267267 239644 243127 224746 218032 226743 219196 215674 198785 0 0 0 0 0 0 0 0 0 0 0 0 0 0 0 0 0 0 0 0 0 0 0 0 0 0 0 0 0 0 0 0 
0 0 0 0 0 0 2.62506e+07 1.6943e+08 2.6359e+08 2.4674e+08 1.99023e+08 1.55892e+08 1.20755e+08 9.14151e+07 6.93249e+07 5.29779e+07 4.12114e+07 3.13775e+07 2.3531e+07 1.79183e+07 1.36464e+07 1.04028e+07 8.34314e+06 6.57659e+06 5.29329e+06 4.67033e+06 4.09105e+06 3.62646e+06 3.39838e+06 3.34111e+06 3.22515e+06 3.18747e+06 3.1649e+06 0 0 0 0 0 0 0 0 0 0 0 0 0 0 0 0 0 0 0 0 0 0 0 0 0 0 0 0 0 0 0 0 
0 0 0 0 0 0 0 2.32764e+08 7.83843e+08 1.06931e+09 1.04272e+09 9.05182e+08 7.48039e+08 6.12468e+08 4.91111e+08 3.9535e+08 3.1663e+08 2.56875e+08 2.06662e+08 1.68738e+08 1.35037e+08 1.1036e+08 8.99487e+07 7.54566e+07 6.47522e+07 5.72374e+07 5.03943e+07 4.64261e+07 4.3279e+07 4.09274e+07 3.89396e+07 3.76905e+07 3.76015e+07 0 0 0 0 0 0 0 0 0 0 0 0 0 0 0 0 0 0 0 0 0 0 0 0 0 0 0 0 0 0 0 0 
0 0 0 0 0 0 0 1.39559e+08 1.3852e+09 3.29432e+09 4.28282e+09 4.33437e+09 4.00273e+09 3.48482e+09 2.9869e+09 2.53532e+09 2.14004e+09 1.80574e+09 1.51939e+09 1.27496e+09 1.08281e+09 9.13085e+08 7.78728e+08 6.88864e+08 6.11221e+08 5.35121e+08 4.83007e+08 4.53244e+08 4.14983e+08 3.92056e+08 3.80249e+08 3.72643e+08 3.71975e+08 0 0 0 0 0 0 0 0 0 0 0 0 0 0 0 0 0 0 0 0 0 0 0 0 0 0 0 0 0 0 0 0 
0 0 0 0 0 0 0 0 1.33925e+09 6.68125e+09 1.31259e+10 1.68374e+10 1.7657e+10 1.70701e+10 1.57247e+10 1.39933e+10 1.2418e+10 1.0865e+10 9.4948e+09 8.3089e+09 7.309e+09 6.45846e+09 5.68842e+09 5.15538e+09 4.65403e+09 4.18545e+09 3.90765e+09 3.59223e+09 3.3627e+09 3.20009e+09 3.05288e+09 3.05585e+09 3.06072e+09 0 0 0 0 0 0 0 0 0 0 0 0 0 0 0 0 0 0 0 0 0 0 0 0 0 0 0 0 0 0 0 0 
0 0 0 0 0 0 0 0 5.86042e+08 8.30797e+09 2.83991e+10 5.03225e+10 6.46032e+10 7.03404e+10 7.08172e+10 6.80947e+10 6.36233e+10 5.81037e+10 5.30655e+10 4.80771e+10 4.31946e+10 3.96489e+10 3.61392e+10 3.26877e+10 2.9978e+10 2.82368e+10 2.62355e+10 2.44439e+10 2.32945e+10 2.24014e+10 2.2014e+10 2.18425e+10 2.14742e+10 0 0 0 0 0 0 0 0 0 0 0 0 0 0 0 0 0 0 0 0 0 0 0 0 0 0 0 0 0 0 0 0 
0 0 0 0 0 0 0 0 0 5.92801e+09 4.09721e+10 1.11228e+11 1.86227e+11 2.41295e+11 2.71501e+11 2.85168e+11 2.83379e+11 2.74542e+11 2.60131e+11 2.44795e+11 2.27332e+11 2.11538e+11 1.99676e+11 1.85245e+11 1.75415e+11 1.64876e+11 1.57067e+11 1.48299e+11 1.44159e+11 1.38794e+11 1.34172e+11 1.34325e+11 1.32337e+11 0 0 0 0 0 0 0 0 0 0 0 0 0 0 0 0 0 0 0 0 0 0 0 0 0 0 0 0 0 0 0 0 
0 0 0 0 0 0 0 0 0 1.96296e+09 3.76099e+10 1.74581e+11 4.11085e+11 6.66079e+11 8.74412e+11 1.01071e+12 1.09153e+12 1.12723e+12 1.13227e+12 1.10476e+12 1.07709e+12 1.02522e+12 9.80809e+11 9.51341e+11 9.09763e+11 8.70677e+11 8.38224e+11 8.10335e+11 7.8769e+11 7.65382e+11 7.65729e+11 7.4628e+11 7.47256e+11 0 0 0 0 0 0 0 0 0 0 0 0 0 0 0 0 0 0 0 0 0 0 0 0 0 0 0 0 0 0 0 0 
0 0 0 0 0 0 0 0 0 0 2.05017e+10 1.86583e+11 6.70886e+11 1.44478e+12 2.29536e+12 3.05493e+12 3.64654e+12 4.05924e+12 4.27396e+12 4.419e+12 4.43534e+12 4.44989e+12 4.40156e+12 4.3222e+12 4.20494e+12 4.13458e+12 4.02617e+12 3.9292e+12 3.86492e+12 3.78051e+12 3.72351e+12 3.7178e+12 3.71286e+12 0 0 0 0 0 0 0 0 0 0 0 0 0 0 0 0 0 0 0 0 0 0 0 0 0 0 0 0 0 0 0 0 
0 0 0 0 0 0 0 0 0 0 5.30402e+09 1.31003e+11 7.8767e+11 2.38547e+12 4.82871e+12 7.61802e+12 1.02441e+13 1.24661e+13 1.43128e+13 1.5629e+13 1.649e+13 1.70334e+13 1.74176e+13 1.75271e+13 1.75425e+13 1.74261e+13 1.73671e+13 1.71306e+13 1.69715e+13 1.69832e+13 1.6675e+13 1.67749e+13 1.68314e+13 0 0 0 0 0 0 0 0 0 0 0 0 0 0 0 0 0 0 0 0 0 0 0 0 0 0 0 0 0 0 0 0 
0 0 0 0 0 0 0 0 0 0 0 5.60049e+10 6.4252e+11 2.94578e+12 7.96135e+12 1.54336e+13 2.42316e+13 3.31121e+13 4.12809e+13 4.8104e+13 5.40643e+13 5.83957e+13 6.1392e+13 6.39604e+13 6.58335e+13 6.70287e+13 6.74236e+13 6.80579e+13 6.82468e+13 6.83075e+13 6.90564e+13 6.86831e+13 6.81486e+13 0 0 0 0 0 0 0 0 0 0 0 0 0 0 0 0 0 0 0 0 0 0 0 0 0 0 0 0 0 0 0 0 
0 0 0 0 0 0 0 0 0 0 0 1.16152e+10 3.55977e+11 2.65189e+12 1.00342e+13 2.4917e+13 4.70152e+13 7.35614e+13 1.01699e+14 1.29318e+14 1.53553e+14 1.75475e+14 1.94176e+14 2.08488e+14 2.20398e+14 2.29135e+14 2.36722e+14 2.42666e+14 2.4711e+14 2.50474e+14 2.52877e+14 2.5313e+14 2.5459e+14 0 0 0 0 0 0 0 0 0 0 0 0 0 0 0 0 0 0 0 0 0 0 0 0 0 0 0 0 0 0 0 0 
0 0 0 0 0 0 0 0 0 0 0 0 1.22017e+11 1.70743e+12 9.57254e+12 3.16366e+13 7.36391e+13 1.36112e+14 2.13059e+14 2.97245e+14 3.83627e+14 4.64691e+14 5.39343e+14 6.05404e+14 6.60706e+14 7.10921e+14 7.51923e+14 7.83242e+14 8.05219e+14 8.23905e+14 8.32543e+14 8.41513e+14 8.47479e+14 0 0 0 0 0 0 0 0 0 0 0 0 0 0 0 0 0 0 0 0 0 0 0 0 0 0 0 0 0 0 0 0 
0 0 0 0 0 0 0 0 0 0 0 0 2.06828e+10 7.58612e+11 6.78929e+12 3.09854e+13 9.25275e+13 2.05551e+14 3.71824e+14 5.8335e+14 8.22134e+14 1.07419e+15 1.32192e+15 1.55192e+15 1.76928e+15 1.95537e+15 2.11657e+15 2.24622e+15 2.36211e+15 2.44105e+15 2.50748e+15 2.54551e+15 2.5542e+15 0 0 0 0 0 0 0 0 0 0 0 0 0 0 0 0 0 0 0 0 0 0 0 0 0 0 0 0 0 0 0 0 
0 0 0 0 0 0 0 0 0 0 0 0 0 2.1374e+11 3.51903e+12 2.33573e+13 9.14778e+13 2.51418e+14 5.38919e+14 9.61302e+14 1.50419e+15 2.12933e+15 2.8046e+15 3.49927e+15 4.15715e+15 4.77717e+15 5.32189e+15 5.80118e+15 6.18825e+15 6.50615e+15 6.72041e+15 6.85939e+15 6.90145e+15 0 0 0 0 0 0 0 0 0 0 0 0 0 0 0 0 0 0 0 0 0 0 0 0 0 0 0 0 0 0 0 0 
0 0 0 0 0 0 0 0 0 0 0 0 0 3.01677e+10 1.28149e+12 1.3353e+13 7.12177e+13 2.4832e+14 6.40194e+14 1.32522e+15 2.33496e+15 3.6529e+15 5.19056e+15 6.86989e+15 8.59756e+15 1.03005e+16 1.19017e+16 1.33162e+16 1.45433e+16 1.54817e+16 1.61796e+16 1.66152e+16 1.67107e+16 0 0 0 0 0 0 0 0 0 0 0 0 0 0 0 0 0 0 0 0 0 0 0 0 0 0 0 0 0 0 0 0 
0 0 0 0 0 0 0 0 0 0 0 0 0 0 3.01616e+11 5.67497e+12 4.33597e+13 1.95433e+14 6.18508e+14 1.51198e+15 3.04243e+15 5.27581e+15 8.20794e+15 1.1702e+16 1.5508e+16 1.94807e+16 2.33744e+16 2.70207e+16 3.01345e+16 3.27535e+16 3.46545e+16 3.5741e+16 3.6276e+16 0 0 0 0 0 0 0 0 0 0 0 0 0 0 0 0 0 0 0 0 0 0 0 0 0 0 0 0 0 0 0 0 
0 0 0 0 0 0 0 0 0 0 0 0 0 0 3.60733e+10 1.72676e+12 2.02955e+13 1.23219e+14 4.87223e+14 1.42334e+15 3.31285e+15 6.50274e+15 1.1123e+16 1.71263e+16 2.43394e+16 3.21389e+16 4.0293e+16 4.81889e+16 5.53453e+16 6.12718e+16 6.57339e+16 6.87106e+16 6.95805e+16 0 0 0 0 0 0 0 0 0 0 0 0 0 0 0 0 0 0 0 0 0 0 0 0 0 0 0 0 0 0 0 0 
0 0 0 0 0 0 0 0 0 0 0 0 0 0 0 3.44799e+11 7.20793e+12 6.14336e+13 3.11312e+14 1.10338e+15 3.01139e+15 6.69877e+15 1.27985e+16 2.15133e+16 3.27574e+16 4.61913e+16 6.05785e+16 7.51452e+16 8.90209e+16 1.00854e+17 1.10392e+17 1.15807e+17 1.17766e+17 0 0 0 0 0 0 0 0 0 0 0 0 0 0 0 0 0 0 0 0 0 0 0 0 0 0 0 0 0 0 0 0 
0 0 0 0 0 0 0 0 0 0 0 0 0 0 0 3.57582e+10 1.86106e+12 2.40904e+13 1.61146e+14 7.06435e+14 2.27699e+15 5.84051e+15 1.24534e+16 2.31109e+16 3.81175e+16 5.70634e+16 7.90718e+16 1.02625e+17 1.252e+17 1.45731e+17 1.61481e+17 1.71997e+17 1.75325e+17 0 0 0 0 0 0 0 0 0 0 0 0 0 0 0 0 0 0 0 0 0 0 0 0 0 0 0 0 0 0 0 0 
0 0 0 0 0 0 0 0 0 0 0 0 0 0 0 0 3.20449e+11 7.24906e+12 6.7049e+13 3.70917e+14 1.43899e+15 4.26923e+15 1.03263e+16 2.11373e+16 3.79482e+16 6.09937e+16 8.95873e+16 1.21252e+17 1.54161e+17 1.83875e+17 2.07826e+17 2.23497e+17 2.29011e+17 0 0 0 0 0 0 0 0 0 0 0 0 0 0 0 0 0 0 0 0 0 0 0 0 0 0 0 0 0 0 0 0 
0 0 0 0 0 0 0 0 0 0 0 0 0 0 0 0 2.93591e+10 1.60882e+12 2.23618e+13 1.60373e+14 7.5691e+14 2.6386e+15 7.24868e+15 1.65734e+16 3.24783e+16 5.63185e+16 8.77196e+16 1.2522e+17 1.64646e+17 2.02629e+17 2.33477e+17 2.54096e+17 2.61288e+17 0 0 0 0 0 0 0 0 0 0 0 0 0 0 0 0 0 0 0 0 0 0 0 0 0 0 0 0 0 0 0 0 
0 0 0 0 0 0 0 0 0 0 0 0 0 0 0 0 0 2.43547e+11 5.78102e+12 5.6786e+13 3.33887e+14 1.37443e+15 4.33833e+15 1.10764e+16 2.38889e+16 4.4658e+16 7.43274e+16 1.1135e+17 1.53162e+17 1.94022e+17 2.293e+17 2.52143e+17 2.60573e+17 0 0 0 0 0 0 0 0 0 0 0 0 0 0 0 0 0 0 0 0 0 0 0 0 0 0 0 0 0 0 0 0 
0 0 0 0 0 0 0 0 0 0 0 0 0 0 0 0 0 2.00958e+10 1.12681e+12 1.62735e+13 1.2255e+14 6.05928e+14 2.22141e+15 6.38933e+15 1.52115e+16 3.08957e+16 5.47351e+16 8.69185e+16 1.24289e+17 1.62997e+17 1.96345e+17 2.19612e+17 2.27552e+17 0 0 0 0 0 0 0 0 0 0 0 0 0 0 0 0 0 0 0 0 0 0 0 0 0 0 0 0 0 0 0 0 
0 0 0 0 0 0 0 0 0 0 0 0 0 0 0 0 0 0 1.51369e+11 3.67483e+12 3.7339e+13 2.27896e+14 9.68935e+14 3.17367e+15 8.3522e+15 1.84515e+16 3.51746e+16 5.88483e+16 8.82737e+16 1.19296e+17 1.47549e+17 1.67124e+17 1.74334e+17 0 0 0 0 0 0 0 0 0 0 0 0 0 0 0 0 0 0 0 0 0 0 0 0 0 0 0 0 0 0 0 0 
0 0 0 0 0 0 0 0 0 0 0 0 0 0 0 0 0 0 1.15129e+10 6.38187e+11 9.37939e+12 7.19155e+13 3.65354e+14 1.36189e+15 3.98945e+15 9.63847e+15 1.97782e+16 3.51494e+16 5.50084e+16 7.71351e+16 9.75584e+16 1.11985e+17 1.17072e+17 0 0 0 0 0 0 0 0 0 0 0 0 0 0 0 0 0 0 0 0 0 0 0 0 0 0 0 0 0 0 0 0 
0 0 0 0 0 0 0 0 0 0 0 0 0 0 0 0 0 0 0 7.78752e+10 1.87797e+12 1.92315e+13 1.18175e+14 5.07888e+14 1.67699e+15 4.43041e+15 9.74871e+15 1.83739e+16 3.03094e+16 4.40227e+16 5.70476e+16 6.64748e+16 6.9983e+16 0 0 0 0 0 0 0 0 0 0 0 0 0 0 0 0 0 0 0 0 0 0 0 0 0 0 0 0 0 0 0 0 
0 0 0 0 0 0 0 0 0 0 0 0 0 0 0 0 0 0 0 5.63403e+09 2.95561e+11 4.29305e+12 3.27126e+13 1.65676e+14 6.12771e+14 1.79145e+15 4.26868e+15 8.58753e+15 1.47623e+16 2.22539e+16 2.95702e+16 3.51026e+16 3.70609e+16 0 0 0 0 0 0 0 0 0 0 0 0 0 0 0 0 0 0 0 0 0 0 0 0 0 0 0 0 0 0 0 0 
0 0 0 0 0 0 0 0 0 0 0 0 0 0 0 0 0 0 0 0 3.32473e+10 7.75508e+11 7.78223e+12 4.69101e+13 1.9982e+14 6.42162e+14 1.66241e+15 3.54301e+15 6.41974e+15 1.00805e+16 1.37906e+16 1.65348e+16 1.75742e+16 0 0 0 0 0 0 0 0 0 0 0 0 0 0 0 0 0 0 0 0 0 0 0 0 0 0 0 0 0 0 0 0 
0 0 0 0 0 0 0 0 0 0 0 0 0 0 0 0 0 0 0 0 2.4152e+09 1.12306e+11 1.56246e+12 1.15495e+13 5.64096e+13 2.0454e+14 5.73941e+14 1.31405e+15 2.52136e+15 4.0975e+15 5.74653e+15 7.00904e+15 7.49583e+15 0 0 0 0 0 0 0 0 0 0 0 0 0 0 0 0 0 0 0 0 0 0 0 0 0 0 0 0 0 0 0 0 
0 0 0 0 0 0 0 0 0 0 0 0 0 0 0 0 0 0 0 0 0 1.18956e+10 2.58582e+11 2.47533e+12 1.431e+13 5.82089e+13 1.78672e+14 4.39888e+14 8.84379e+14 1.49453e+15 2.16282e+15 2.6941e+15 2.90339e+15 0 0 0 0 0 0 0 0 0 0 0 0 0 0 0 0 0 0 0 0 0 0 0 0 0 0 0 0 0 0 0 0 
0 0 0 0 0 0 0 0 0 0 0 0 0 0 0 0 0 0 0 0 0 9.20259e+08 3.54553e+10 4.56334e+11 3.19856e+12 1.47795e+13 5.03871e+13 1.32789e+14 2.83657e+14 5.01735e+14 7.45375e+14 9.37104e+14 1.01502e+15 0 0 0 0 0 0 0 0 0 0 0 0 0 0 0 0 0 0 0 0 0 0 0 0 0 0 0 0 0 0 0 0 
0 0 0 0 0 0 0 0 0 0 0 0 0 0 0 0 0 0 0 0 0 0 3.64871e+09 7.09879e+10 6.23681e+11 3.36796e+12 1.27512e+13 3.64832e+13 8.25076e+13 1.52296e+14 2.33098e+14 2.99665e+14 3.24303e+14 0 0 0 0 0 0 0 0 0 0 0 0 0 0 0 0 0 0 0 0 0 0 0 0 0 0 0 0 0 0 0 0 
0 0 0 0 0 0 0 0 0 0 0 0 0 0 0 0 0 0 0 0 0 0 3.22346e+08 9.4405e+09 1.07445e+11 6.89673e+11 2.94645e+12 9.1975e+12 2.22828e+13 4.30098e+13 6.75515e+13 8.83425e+13 9.66992e+13 0 0 0 0 0 0 0 0 0 0 0 0 0 0 0 0 0 0 0 0 0 0 0 0 0 0 0 0 0 0 0 0 
0 0 0 0 0 0 0 0 0 0 0 0 0 0 0 0 0 0 0 0 0 0 0 9.6401e+08 1.63214e+10 1.26412e+11 6.17214e+11 2.11759e+12 5.43651e+12 1.11352e+13 1.81907e+13 2.41648e+13 2.64385e+13 0 0 0 0 0 0 0 0 0 0 0 0 0 0 0 0 0 0 0 0 0 0 0 0 0 0 0 0 0 0 0 0 
0 0 0 0 0 0 0 0 0 0 0 0 0 0 0 0 0 0 0 0 0 0 0 1.04411e+08 2.18941e+09 2.09276e+10 1.18541e+11 4.48811e+11 1.24573e+12 2.65961e+12 4.5013e+12 6.1219e+12 6.77857e+12 0 0 0 0 0 0 0 0 0 0 0 0 0 0 0 0 0 0 0 0 0 0 0 0 0 0 0 0 0 0 0 0 
0 0 0 0 0 0 0 0 0 0 0 0 0 0 0 0 0 0 0 0 0 0 0 0 2.23814e+08 3.1576e+09 2.08919e+10 8.84834e+10 2.64688e+11 5.96704e+11 1.04289e+12 1.45417e+12 1.62262e+12 0 0 0 0 0 0 0 0 0 0 0 0 0 0 0 0 0 0 0 0 0 0 0 0 0 0 0 0 0 0 0 0 
0 0 0 0 0 0 0 0 0 0 0 0 0 0 0 0 0 0 0 0 0 0 0 0 3.16804e+07 4.45928e+08 3.40325e+09 1.65236e+10 5.32065e+10 1.2699e+11 2.31895e+11 3.27778e+11 3.72081e+11 0 0 0 0 0 0 0 0 0 0 0 0 0 0 0 0 0 0 0 0 0 0 0 0 0 0 0 0 0 0 0 0 
0 0 0 0 0 0 0 0 0 0 0 0 0 0 0 0 0 0 0 0 0 0 0 0 0 4.57003e+07 5.33254e+08 2.87197e+09 1.02158e+10 2.56939e+10 4.86642e+10 7.03542e+10 7.97262e+10 0 0 0 0 0 0 0 0 0 0 0 0 0 0 0 0 0 0 0 0 0 0 0 0 0 0 0 0 0 0 0 0 
0 0 0 0 0 0 0 0 0 0 0 0 0 0 0 0 0 0 0 0 0 0 0 0 0 8.66115e+06 8.0501e+07 4.68026e+08 1.90225e+09 5.07654e+09 9.94719e+09 1.47487e+10 1.65175e+10 0 0 0 0 0 0 0 0 0 0 0 0 0 0 0 0 0 0 0 0 0 0 0 0 0 0 0 0 0 0 0 0 
0 0 0 0 0 0 0 0 0 0 0 0 0 0 0 0 0 0 0 0 0 0 0 0 0 0 7.84115e+06 8.09944e+07 3.3629e+08 9.52811e+08 1.97046e+09 2.97598e+09 3.39501e+09 0 0 0 0 0 0 0 0 0 0 0 0 0 0 0 0 0 0 0 0 0 0 0 0 0 0 0 0 0 0 0 0 
0 0 0 0 0 0 0 0 0 0 0 0 0 0 0 0 0 0 0 0 0 0 0 0 0 0 2.09883e+06 1.27174e+07 5.54769e+07 1.85015e+08 3.80217e+08 5.96295e+08 6.89535e+08 0 0 0 0 0 0 0 0 0 0 0 0 0 0 0 0 0 0 0 0 0 0 0 0 0 0 0 0 0 0 0 0 
0 0 0 0 0 0 0 0 0 0 0 0 0 0 0 0 0 0 0 0 0 0 0 0 0 0 0 1.0851e+06 1.08594e+07 3.25486e+07 7.3666e+07 1.17694e+08 1.35616e+08 0 0 0 0 0 0 0 0 0 0 0 0 0 0 0 0 0 0 0 0 0 0 0 0 0 0 0 0 0 0 0 0 
0 0 0 0 0 0 0 0 0 0 0 0 0 0 0 0 0 0 0 0 0 0 0 0 0 0 0 434326 1.67503e+06 5.51543e+06 1.52637e+07 2.23304e+07 2.81676e+07 0 0 0 0 0 0 0 0 0 0 0 0 0 0 0 0 0 0 0 0 0 0 0 0 0 0 0 0 0 0 0 0 
0 0 0 0 0 0 0 0 0 0 0 0 0 0 0 0 0 0 0 0 0 0 0 0 0 0 0 0 112552 1.26171e+06 2.40735e+06 4.72243e+06 5.13552e+06 0 0 0 0 0 0 0 0 0 0 0 0 0 0 0 0 0 0 0 0 0 0 0 0 0 0 0 0 0 0 0 0 
0 0 0 0 0 0 0 0 0 0 0 0 0 0 0 0 0 0 0 0 0 0 0 0 0 0 0 0 74317.8 169357 451542 968827 948512 0 0 0 0 0 0 0 0 0 0 0 0 0 0 0 0 0 0 0 0 0 0 0 0 0 0 0 0 0 0 0 0 
0 0 0 0 0 0 0 0 0 0 0 0 0 0 0 0 0 0 0 0 0 0 0 0 0 0 0 0 0 7653.92 117577 111380 240522 0 0 0 0 0 0 0 0 0 0 0 0 0 0 0 0 0 0 0 0 0 0 0 0 0 0 0 0 0 0 0 0 
0 0 0 0 0 0 0 0 0 0 0 0 0 0 0 0 0 0 0 0 0 0 0 0 0 0 0 0 0 10053.9 11446.3 31976.2 37568.6 0 0 0 0 0 0 0 0 0 0 0 0 0 0 0 0 0 0 0 0 0 0 0 0 0 0 0 0 0 0 0 0 
0 0 0 0 0 0 0 0 0 0 0 0 0 0 0 0 0 0 0 0 0 0 0 0 0 0 0 0 0 0 255.961 7674.07 2062.64 0 0 0 0 0 0 0 0 0 0 0 0 0 0 0 0 0 0 0 0 0 0 0 0 0 0 0 0 0 0 0 0 
0 0 0 0 0 0 0 0 0 0 0 0 0 0 0 0 0 0 0 0 0 0 0 0 0 0 0 0 0 0 998.455 380.123 1882.62 0 0 0 0 0 0 0 0 0 0 0 0 0 0 0 0 0 0 0 0 0 0 0 0 0 0 0 0 0 0 0 0 
0 0 0 0 0 0 0 0 0 0 0 0 0 0 0 0 0 0 0 0 0 0 0 0 0 0 0 0 0 0 0 0 255.725 0 0 0 0 0 0 0 0 0 0 0 0 0 0 0 0 0 0 0 0 0 0 0 0 0 0 0 0 0 0 0 0 
0 0 0 0 0 0 0 0 0 0 0 0 0 0 0 0 0 0 0 0 0 0 0 0 0 0 0 0 0 0 0 64.4164 0 0 0 0 0 0 0 0 0 0 0 0 0 0 0 0 0 0 0 0 0 0 0 0 0 0 0 0 0 0 0 0 0 
0 0 0 0 0 0 0 0 0 0 0 0 0 0 0 0 0 0 0 0 0 0 0 0 0 0 0 0 0 0 0 0 0 0 0 0 0 0 0 0 0 0 0 0 0 0 0 0 0 0 0 0 0 0 0 0 0 0 0 0 0 0 0 0 0 
0 0 0 0 0 0 0 0 0 0 0 0 0 0 0 0 0 0 0 0 0 0 0 0 0 0 0 0 0 0 0 0 2.01301 0 0 0 0 0 0 0 0 0 0 0 0 0 0 0 0 0 0 0 0 0 0 0 0 0 0 0 0 0 0 0 0 
