1 0 0 0 0 0 0 0 0 0 0 0 0 0 0 0 0 0 0 0 0 0 0 0 0 0 0 0 0 0 0 0 0 0 0 0 0 0 0 0 0 0 0 0 0 0 0 0 0 0 0 0 0 0 0 0 0 0 0 0 0 0 0 0 0 
0 0 0 0 0 0 0 0 0 0 0 0 0 0 0 0 0 0 0 0 0 0 0 0 0 0 0 0 0 0 0 0 0 0 0 0 0 0 0 0 0 0 0 0 0 0 0 0 0 0 0 0 0 0 0 0 0 0 0 0 0 0 0 0 0 
0 64 0 0 0 0 0 0 0 0 0 0 0 0 0 0 0 0 0 0 0 0 0 0 0 0 0 0 0 0 0 0 0 0 0 0 0 0 0 0 0 0 0 0 0 0 0 0 0 0 0 0 0 0 0 0 0 0 0 0 0 0 0 0 0 
0 0 128 0 0 0 0 0 0 0 0 0 0 0 0 0 0 0 0 0 0 0 0 0 0 0 0 0 0 0 0 0 0 0 0 0 0 0 0 0 0 0 0 0 0 0 0 0 0 0 0 0 0 0 0 0 0 0 0 0 0 0 0 0 0 
0 0 1888 381.615 63.8442 0 0 0 0 0 0 0 0 0 0 0 0 0 0 0 0 0 0 0 0 0 0 0 0 0 0 0 0 0 0 0 0 0 0 0 0 0 0 0 0 0 0 0 0 0 0 0 0 0 0 0 0 0 0 0 0 0 0 0 0 
0 0 0 7172.77 1134.29 508.924 129.13 0 0 0 0 0 0 0 0 0 0 0 0 0 0 0 0 0 0 0 0 0 0 0 0 0 0 0 0 0 0 0 0 0 0 0 0 0 0 0 0 0 0 0 0 0 0 0 0 0 0 0 0 0 0 0 0 0 0 
0 0 0 34109.6 27299 6799.35 2596.81 1450.8 393.569 62.7416 0 0 0 0 0 0 0 0 0 0 0 0 0 0 0 0 0 0 0 0 0 0 0 0 0 0 0 0 0 0 0 0 0 0 0 0 0 0 0 0 0 0 0 0 0 0 0 0 0 0 0 0 0 0 0 
0 0 0 0 183792 96650.4 43015.8 16906.9 8772.02 4610.13 1940.99 497.925 133.09 0 0 0 0 0 0 0 0 0 0 0 0 0 0 0 0 0 0 0 0 0 0 0 0 0 0 0 0 0 0 0 0 0 0 0 0 0 0 0 0 0 0 0 0 0 0 0 0 0 0 0 0 
0 0 0 0 423087 830532 407799 220936 120256 59484.7 33258 19933.7 9615.05 4181.34 1355.6 423.648 84.3357 0 0 0 0 0 0 0 18.1891 0 0 0 0 0 0 0 15.0975 0 0 0 0 0 0 0 0 0 0 0 0 0 0 0 0 0 0 0 0 0 0 0 0 0 0 0 0 0 0 0 0 
0 0 0 0 0 2.8602e+06 3.32908e+06 1.9728e+06 1.13949e+06 720823 423173 251976 151658 94017.7 57631.5 30823.5 14225.8 5947.3 2304.33 802.612 373.286 285.547 257.118 322.997 0 247.536 263.753 257.274 245.993 232.497 258.76 252.228 0 0 0 0 0 0 0 0 0 0 0 0 0 0 0 0 0 0 0 0 0 0 0 0 0 0 0 0 0 0 0 0 0 
0 0 0 0 0 3.82982e+06 1.46253e+07 1.35323e+07 9.38065e+06 6.07432e+06 4.09728e+06 2.68991e+06 1.76863e+06 1.19941e+06 779805 525530 342197 211997 121474 67149.8 38931.6 21990.5 14260.8 10917.4 11848.3 9703.37 9635.64 9189.68 9024.04 9277.54 8805.41 9198.93 11145.4 0 0 0 0 0 0 0 0 0 0 0 0 0 0 0 0 0 0 0 0 0 0 0 0 0 0 0 0 0 0 0 0 
0 0 0 0 0 0 3.03036e+07 6.37343e+07 5.74569e+07 4.35393e+07 3.17407e+07 2.25057e+07 1.58295e+07 1.14254e+07 8.29323e+06 5.92997e+06 4.18543e+06 2.91592e+06 2.06942e+06 1.47131e+06 1.00068e+06 718689 511573 371344 293872 239731 225349 219991 216809 210600 207872 210868 204773 0 0 0 0 0 0 0 0 0 0 0 0 0 0 0 0 0 0 0 0 0 0 0 0 0 0 0 0 0 0 0 0 
0 0 0 0 0 0 2.62629e+07 1.69567e+08 2.62711e+08 2.45828e+08 1.9966e+08 1.57015e+08 1.20623e+08 9.09734e+07 6.89995e+07 5.2491e+07 3.99617e+07 2.99506e+07 2.30425e+07 1.79655e+07 1.35751e+07 1.07365e+07 8.32021e+06 6.67493e+06 5.68416e+06 4.65915e+06 4.00993e+06 3.56956e+06 3.36601e+06 3.22438e+06 3.17417e+06 3.1886e+06 3.17961e+06 0 0 0 0 0 0 0 0 0 0 0 0 0 0 0 0 0 0 0 0 0 0 0 0 0 0 0 0 0 0 0 0 
0 0 0 0 0 0 0 2.32502e+08 7.858e+08 1.06869e+09 1.04294e+09 9.05172e+08 7.51109e+08 6.08856e+08 4.89811e+08 3.96469e+08 3.12778e+08 2.51128e+08 2.04003e+08 1.63983e+08 1.34202e+08 1.09919e+08 9.2064e+07 7.72394e+07 6.38525e+07 5.70532e+07 5.08439e+07 4.53041e+07 4.17936e+07 3.94823e+07 3.88217e+07 3.82832e+07 3.80816e+07 0 0 0 0 0 0 0 0 0 0 0 0 0 0 0 0 0 0 0 0 0 0 0 0 0 0 0 0 0 0 0 0 
0 0 0 0 0 0 0 1.39668e+08 1.38454e+09 3.29762e+09 4.27509e+09 4.34287e+09 3.96923e+09 3.51225e+09 3.02665e+09 2.51905e+09 2.12906e+09 1.78662e+09 1.49595e+09 1.25066e+09 1.07031e+09 9.17793e+08 7.97037e+08 6.87425e+08 5.90536e+08 5.36183e+08 4.7271e+08 4.43143e+08 4.1164e+08 3.95333e+08 3.85156e+08 3.77553e+08 3.71778e+08 0 0 0 0 0 0 0 0 0 0 0 0 0 0 0 0 0 0 0 0 0 0 0 0 0 0 0 0 0 0 0 0 
0 0 0 0 0 0 0 0 1.33883e+09 6.67771e+09 1.31588e+10 1.67796e+10 1.77074e+10 1.70853e+10 1.56575e+10 1.40453e+10 1.23991e+10 1.08782e+10 9.54341e+09 8.3162e+09 7.29689e+09 6.5189e+09 5.75335e+09 5.06782e+09 4.58944e+09 4.20383e+09 3.8196e+09 3.52107e+09 3.34453e+09 3.18964e+09 3.15045e+09 3.0635e+09 3.04127e+09 0 0 0 0 0 0 0 0 0 0 0 0 0 0 0 0 0 0 0 0 0 0 0 0 0 0 0 0 0 0 0 0 
0 0 0 0 0 0 0 0 5.86182e+08 8.30895e+09 2.83345e+10 5.05163e+10 6.46637e+10 7.06139e+10 7.08954e+10 6.81731e+10 6.37621e+10 5.85251e+10 5.33373e+10 4.8019e+10 4.37796e+10 3.9303e+10 3.56567e+10 3.25087e+10 3.00408e+10 2.76604e+10 2.58396e+10 2.42981e+10 2.35398e+10 2.27906e+10 2.20889e+10 2.15444e+10 2.13659e+10 0 0 0 0 0 0 0 0 0 0 0 0 0 0 0 0 0 0 0 0 0 0 0 0 0 0 0 0 0 0 0 0 
0 0 0 0 0 0 0 0 0 5.92951e+09 4.0987e+10 1.11196e+11 1.86693e+11 2.41344e+11 2.7205e+11 2.84442e+11 2.83011e+11 2.73752e+11 2.60025e+11 2.45272e+11 2.30036e+11 2.14365e+11 1.9841e+11 1.8653e+11 1.73865e+11 1.63975e+11 1.55572e+11 1.49232e+11 1.45411e+11 1.3949e+11 1.36929e+11 1.3474e+11 1.34887e+11 0 0 0 0 0 0 0 0 0 0 0 0 0 0 0 0 0 0 0 0 0 0 0 0 0 0 0 0 0 0 0 0 
0 0 0 0 0 0 0 0 0 1.96189e+09 3.76643e+10 1.74274e+11 4.1094e+11 6.65662e+11 8.73257e+11 1.01539e+12 1.09419e+12 1.1234e+12 1.12604e+12 1.10973e+12 1.06457e+12 1.03191e+12 9.87908e+11 9.42374e+11 9.06124e+11 8.67744e+11 8.33701e+11 8.10765e+11 7.92909e+11 7.71391e+11 7.58585e+11 7.53697e+11 7.52648e+11 0 0 0 0 0 0 0 0 0 0 0 0 0 0 0 0 0 0 0 0 0 0 0 0 0 0 0 0 0 0 0 0 
0 0 0 0 0 0 0 0 0 0 2.04788e+10 1.8673e+11 6.70217e+11 1.44372e+12 2.29655e+12 3.05603e+12 3.64222e+12 4.0441e+12 4.2749e+12 4.39385e+12 4.45696e+12 4.43388e+12 4.35743e+12 4.27161e+12 4.1852e+12 4.11851e+12 4.03462e+12 3.96685e+12 3.87991e+12 3.82005e+12 3.75654e+12 3.72215e+12 3.72813e+12 0 0 0 0 0 0 0 0 0 0 0 0 0 0 0 0 0 0 0 0 0 0 0 0 0 0 0 0 0 0 0 0 
0 0 0 0 0 0 0 0 0 0 5.29576e+09 1.31058e+11 7.86982e+11 2.38968e+12 4.83344e+12 7.60748e+12 1.0284e+13 1.25526e+13 1.43001e+13 1.56257e+13 1.64377e+13 1.7009e+13 1.73676e+13 1.74906e+13 1.7365e+13 1.74368e+13 1.73462e+13 1.7185e+13 1.70578e+13 1.69634e+13 1.68091e+13 1.69451e+13 1.67241e+13 0 0 0 0 0 0 0 0 0 0 0 0 0 0 0 0 0 0 0 0 0 0 0 0 0 0 0 0 0 0 0 0 
0 0 0 0 0 0 0 0 0 0 0 5.60011e+10 6.43991e+11 2.94006e+12 7.95625e+12 1.54448e+13 2.42397e+13 3.30279e+13 4.11913e+13 4.79044e+13 5.3758e+13 5.79975e+13 6.12786e+13 6.37e+13 6.58421e+13 6.6969e+13 6.76702e+13 6.81279e+13 6.80619e+13 6.82418e+13 6.82124e+13 6.85636e+13 6.85291e+13 0 0 0 0 0 0 0 0 0 0 0 0 0 0 0 0 0 0 0 0 0 0 0 0 0 0 0 0 0 0 0 0 
0 0 0 0 0 0 0 0 0 0 0 1.16097e+10 3.55174e+11 2.6549e+12 1.00395e+13 2.49245e+13 4.70182e+13 7.37839e+13 1.01847e+14 1.29396e+14 1.53422e+14 1.75409e+14 1.93975e+14 2.09143e+14 2.20145e+14 2.29977e+14 2.3628e+14 2.42644e+14 2.45875e+14 2.4908e+14 2.53043e+14 2.52393e+14 2.52157e+14 0 0 0 0 0 0 0 0 0 0 0 0 0 0 0 0 0 0 0 0 0 0 0 0 0 0 0 0 0 0 0 0 
0 0 0 0 0 0 0 0 0 0 0 0 1.22287e+11 1.70697e+12 9.56428e+12 3.16312e+13 7.36175e+13 1.35905e+14 2.13056e+14 2.97202e+14 3.82907e+14 4.65068e+14 5.37986e+14 6.05591e+14 6.62073e+14 7.08171e+14 7.49259e+14 7.74036e+14 8.0285e+14 8.22936e+14 8.34061e+14 8.41692e+14 8.43082e+14 0 0 0 0 0 0 0 0 0 0 0 0 0 0 0 0 0 0 0 0 0 0 0 0 0 0 0 0 0 0 0 0 
0 0 0 0 0 0 0 0 0 0 0 0 2.07012e+10 7.58367e+11 6.78714e+12 3.09784e+13 9.24105e+13 2.05261e+14 3.72278e+14 5.83353e+14 8.22598e+14 1.07043e+15 1.31956e+15 1.55077e+15 1.7655e+15 1.95501e+15 2.10936e+15 2.24913e+15 2.36244e+15 2.43501e+15 2.49734e+15 2.52904e+15 2.54274e+15 0 0 0 0 0 0 0 0 0 0 0 0 0 0 0 0 0 0 0 0 0 0 0 0 0 0 0 0 0 0 0 0 
0 0 0 0 0 0 0 0 0 0 0 0 0 2.14019e+11 3.52039e+12 2.33354e+13 9.15522e+13 2.51881e+14 5.39387e+14 9.64535e+14 1.50664e+15 2.1345e+15 2.8095e+15 3.49142e+15 4.15168e+15 4.77247e+15 5.33332e+15 5.79825e+15 6.17245e+15 6.50288e+15 6.71718e+15 6.8532e+15 6.9159e+15 0 0 0 0 0 0 0 0 0 0 0 0 0 0 0 0 0 0 0 0 0 0 0 0 0 0 0 0 0 0 0 0 
0 0 0 0 0 0 0 0 0 0 0 0 0 3.02015e+10 1.28461e+12 1.33686e+13 7.12061e+13 2.47977e+14 6.37747e+14 1.32296e+15 2.3335e+15 3.6515e+15 5.18504e+15 6.87205e+15 8.61466e+15 1.0291e+16 1.18715e+16 1.32911e+16 1.45047e+16 1.54791e+16 1.6165e+16 1.66111e+16 1.67483e+16 0 0 0 0 0 0 0 0 0 0 0 0 0 0 0 0 0 0 0 0 0 0 0 0 0 0 0 0 0 0 0 0 
0 0 0 0 0 0 0 0 0 0 0 0 0 0 3.0177e+11 5.67716e+12 4.33659e+13 1.95712e+14 6.19871e+14 1.5086e+15 3.04425e+15 5.28538e+15 8.21432e+15 1.16729e+16 1.54973e+16 1.94876e+16 2.33032e+16 2.70011e+16 3.01646e+16 3.27146e+16 3.47e+16 3.57924e+16 3.62105e+16 0 0 0 0 0 0 0 0 0 0 0 0 0 0 0 0 0 0 0 0 0 0 0 0 0 0 0 0 0 0 0 0 
0 0 0 0 0 0 0 0 0 0 0 0 0 0 3.63378e+10 1.72792e+12 2.03118e+13 1.23064e+14 4.87653e+14 1.42506e+15 3.31138e+15 6.48985e+15 1.1141e+16 1.71638e+16 2.42896e+16 3.22527e+16 4.03884e+16 4.79908e+16 5.52431e+16 6.12808e+16 6.57149e+16 6.86945e+16 6.94092e+16 0 0 0 0 0 0 0 0 0 0 0 0 0 0 0 0 0 0 0 0 0 0 0 0 0 0 0 0 0 0 0 0 
0 0 0 0 0 0 0 0 0 0 0 0 0 0 0 3.46552e+11 7.20904e+12 6.14975e+13 3.11076e+14 1.1051e+15 3.0083e+15 6.70367e+15 1.27715e+16 2.15731e+16 3.28797e+16 4.59632e+16 6.064e+16 7.54871e+16 8.90675e+16 1.01022e+17 1.10227e+17 1.15691e+17 1.18141e+17 0 0 0 0 0 0 0 0 0 0 0 0 0 0 0 0 0 0 0 0 0 0 0 0 0 0 0 0 0 0 0 0 
0 0 0 0 0 0 0 0 0 0 0 0 0 0 0 3.59597e+10 1.86223e+12 2.407e+13 1.60895e+14 7.05507e+14 2.2813e+15 5.83665e+15 1.24595e+16 2.30522e+16 3.80681e+16 5.7288e+16 7.91201e+16 1.02633e+17 1.25446e+17 1.45572e+17 1.61249e+17 1.72201e+17 1.75277e+17 0 0 0 0 0 0 0 0 0 0 0 0 0 0 0 0 0 0 0 0 0 0 0 0 0 0 0 0 0 0 0 0 
0 0 0 0 0 0 0 0 0 0 0 0 0 0 0 0 3.22175e+11 7.24597e+12 6.72796e+13 3.709e+14 1.43554e+15 4.27138e+15 1.03276e+16 2.11326e+16 3.79269e+16 6.09898e+16 8.95685e+16 1.21407e+17 1.53829e+17 1.83957e+17 2.08422e+17 2.23307e+17 2.2895e+17 0 0 0 0 0 0 0 0 0 0 0 0 0 0 0 0 0 0 0 0 0 0 0 0 0 0 0 0 0 0 0 0 
0 0 0 0 0 0 0 0 0 0 0 0 0 0 0 0 2.94256e+10 1.61612e+12 2.22873e+13 1.60232e+14 7.59495e+14 2.63811e+15 7.24233e+15 1.65537e+16 3.24936e+16 5.61022e+16 8.76536e+16 1.24851e+17 1.65031e+17 2.0251e+17 2.33655e+17 2.53691e+17 2.60653e+17 0 0 0 0 0 0 0 0 0 0 0 0 0 0 0 0 0 0 0 0 0 0 0 0 0 0 0 0 0 0 0 0 
0 0 0 0 0 0 0 0 0 0 0 0 0 0 0 0 0 2.44118e+11 5.80079e+12 5.69936e+13 3.32594e+14 1.37453e+15 4.34812e+15 1.11012e+16 2.38557e+16 4.48144e+16 7.42302e+16 1.11564e+17 1.5296e+17 1.94204e+17 2.28919e+17 2.53104e+17 2.61347e+17 0 0 0 0 0 0 0 0 0 0 0 0 0 0 0 0 0 0 0 0 0 0 0 0 0 0 0 0 0 0 0 0 
0 0 0 0 0 0 0 0 0 0 0 0 0 0 0 0 0 2.01345e+10 1.13054e+12 1.62581e+13 1.22615e+14 6.06972e+14 2.21853e+15 6.38918e+15 1.52023e+16 3.08146e+16 5.47698e+16 8.68253e+16 1.24384e+17 1.62672e+17 1.96426e+17 2.19317e+17 2.27616e+17 0 0 0 0 0 0 0 0 0 0 0 0 0 0 0 0 0 0 0 0 0 0 0 0 0 0 0 0 0 0 0 0 
0 0 0 0 0 0 0 0 0 0 0 0 0 0 0 0 0 0 1.52287e+11 3.71183e+12 3.75749e+13 2.27103e+14 9.68546e+14 3.17033e+15 8.37721e+15 1.8484e+16 3.52426e+16 5.88233e+16 8.81541e+16 1.19603e+17 1.47338e+17 1.66852e+17 1.74053e+17 0 0 0 0 0 0 0 0 0 0 0 0 0 0 0 0 0 0 0 0 0 0 0 0 0 0 0 0 0 0 0 0 
0 0 0 0 0 0 0 0 0 0 0 0 0 0 0 0 0 0 1.15719e+10 6.40373e+11 9.39265e+12 7.22487e+13 3.65214e+14 1.36116e+15 3.99235e+15 9.64997e+15 1.97317e+16 3.51361e+16 5.50379e+16 7.71225e+16 9.7701e+16 1.12124e+17 1.16976e+17 0 0 0 0 0 0 0 0 0 0 0 0 0 0 0 0 0 0 0 0 0 0 0 0 0 0 0 0 0 0 0 0 
0 0 0 0 0 0 0 0 0 0 0 0 0 0 0 0 0 0 0 7.81274e+10 1.8886e+12 1.92628e+13 1.1795e+14 5.08919e+14 1.67434e+15 4.42708e+15 9.76062e+15 1.84136e+16 3.02826e+16 4.3949e+16 5.70467e+16 6.65063e+16 7.00984e+16 0 0 0 0 0 0 0 0 0 0 0 0 0 0 0 0 0 0 0 0 0 0 0 0 0 0 0 0 0 0 0 0 
0 0 0 0 0 0 0 0 0 0 0 0 0 0 0 0 0 0 0 5.64172e+09 2.96126e+11 4.2803e+12 3.29066e+13 1.65249e+14 6.15748e+14 1.79571e+15 4.27881e+15 8.56778e+15 1.47691e+16 2.22677e+16 2.96386e+16 3.50358e+16 3.71133e+16 0 0 0 0 0 0 0 0 0 0 0 0 0 0 0 0 0 0 0 0 0 0 0 0 0 0 0 0 0 0 0 0 
0 0 0 0 0 0 0 0 0 0 0 0 0 0 0 0 0 0 0 0 3.34176e+10 7.76821e+11 7.76492e+12 4.69429e+13 1.98565e+14 6.40798e+14 1.65928e+15 3.55396e+15 6.42178e+15 1.00559e+16 1.37195e+16 1.65474e+16 1.75617e+16 0 0 0 0 0 0 0 0 0 0 0 0 0 0 0 0 0 0 0 0 0 0 0 0 0 0 0 0 0 0 0 0 
0 0 0 0 0 0 0 0 0 0 0 0 0 0 0 0 0 0 0 0 2.39499e+09 1.12818e+11 1.55164e+12 1.1593e+13 5.69348e+13 2.04931e+14 5.74599e+14 1.31445e+15 2.517e+15 4.08952e+15 5.73332e+15 6.99715e+15 7.46189e+15 0 0 0 0 0 0 0 0 0 0 0 0 0 0 0 0 0 0 0 0 0 0 0 0 0 0 0 0 0 0 0 0 
0 0 0 0 0 0 0 0 0 0 0 0 0 0 0 0 0 0 0 0 0 1.19543e+10 2.6066e+11 2.46919e+12 1.43496e+13 5.82573e+13 1.79441e+14 4.41701e+14 8.87794e+14 1.50602e+15 2.17232e+15 2.68782e+15 2.89099e+15 0 0 0 0 0 0 0 0 0 0 0 0 0 0 0 0 0 0 0 0 0 0 0 0 0 0 0 0 0 0 0 0 
0 0 0 0 0 0 0 0 0 0 0 0 0 0 0 0 0 0 0 0 0 9.03711e+08 3.54554e+10 4.5331e+11 3.17514e+12 1.482e+13 5.06758e+13 1.32494e+14 2.83418e+14 5.03064e+14 7.44535e+14 9.42192e+14 1.01642e+15 0 0 0 0 0 0 0 0 0 0 0 0 0 0 0 0 0 0 0 0 0 0 0 0 0 0 0 0 0 0 0 0 
0 0 0 0 0 0 0 0 0 0 0 0 0 0 0 0 0 0 0 0 0 0 3.63192e+09 7.1513e+10 6.21308e+11 3.37579e+12 1.27839e+13 3.67714e+13 8.31379e+13 1.53035e+14 2.33186e+14 3.0029e+14 3.25796e+14 0 0 0 0 0 0 0 0 0 0 0 0 0 0 0 0 0 0 0 0 0 0 0 0 0 0 0 0 0 0 0 0 
0 0 0 0 0 0 0 0 0 0 0 0 0 0 0 0 0 0 0 0 0 0 3.16171e+08 9.419e+09 1.07821e+11 6.86173e+11 2.94327e+12 9.16855e+12 2.21347e+13 4.27581e+13 6.79865e+13 8.81098e+13 9.67734e+13 0 0 0 0 0 0 0 0 0 0 0 0 0 0 0 0 0 0 0 0 0 0 0 0 0 0 0 0 0 0 0 0 
0 0 0 0 0 0 0 0 0 0 0 0 0 0 0 0 0 0 0 0 0 0 0 9.57763e+08 1.62106e+10 1.26153e+11 6.17206e+11 2.12452e+12 5.47668e+12 1.1074e+13 1.80325e+13 2.40555e+13 2.63029e+13 0 0 0 0 0 0 0 0 0 0 0 0 0 0 0 0 0 0 0 0 0 0 0 0 0 0 0 0 0 0 0 0 
0 0 0 0 0 0 0 0 0 0 0 0 0 0 0 0 0 0 0 0 0 0 0 1.02976e+08 2.1767e+09 2.10187e+10 1.17867e+11 4.5006e+11 1.24765e+12 2.66796e+12 4.49532e+12 6.10828e+12 6.78026e+12 0 0 0 0 0 0 0 0 0 0 0 0 0 0 0 0 0 0 0 0 0 0 0 0 0 0 0 0 0 0 0 0 
0 0 0 0 0 0 0 0 0 0 0 0 0 0 0 0 0 0 0 0 0 0 0 0 2.23144e+08 3.14156e+09 2.0851e+10 8.89234e+10 2.66342e+11 5.99182e+11 1.04944e+12 1.46272e+12 1.6157e+12 0 0 0 0 0 0 0 0 0 0 0 0 0 0 0 0 0 0 0 0 0 0 0 0 0 0 0 0 0 0 0 0 
0 0 0 0 0 0 0 0 0 0 0 0 0 0 0 0 0 0 0 0 0 0 0 0 3.10386e+07 4.44973e+08 3.40144e+09 1.63607e+10 5.35691e+10 1.27915e+11 2.32439e+11 3.27864e+11 3.70504e+11 0 0 0 0 0 0 0 0 0 0 0 0 0 0 0 0 0 0 0 0 0 0 0 0 0 0 0 0 0 0 0 0 
0 0 0 0 0 0 0 0 0 0 0 0 0 0 0 0 0 0 0 0 0 0 0 0 0 4.54341e+07 5.35339e+08 2.86493e+09 1.02238e+10 2.58912e+10 4.90368e+10 7.06961e+10 7.98785e+10 0 0 0 0 0 0 0 0 0 0 0 0 0 0 0 0 0 0 0 0 0 0 0 0 0 0 0 0 0 0 0 0 
0 0 0 0 0 0 0 0 0 0 0 0 0 0 0 0 0 0 0 0 0 0 0 0 0 8.49774e+06 8.08504e+07 4.72323e+08 1.87403e+09 5.0427e+09 9.89373e+09 1.47541e+10 1.68208e+10 0 0 0 0 0 0 0 0 0 0 0 0 0 0 0 0 0 0 0 0 0 0 0 0 0 0 0 0 0 0 0 0 
0 0 0 0 0 0 0 0 0 0 0 0 0 0 0 0 0 0 0 0 0 0 0 0 0 0 7.81315e+06 8.10179e+07 3.35041e+08 9.56113e+08 1.98088e+09 2.96076e+09 3.43802e+09 0 0 0 0 0 0 0 0 0 0 0 0 0 0 0 0 0 0 0 0 0 0 0 0 0 0 0 0 0 0 0 0 
0 0 0 0 0 0 0 0 0 0 0 0 0 0 0 0 0 0 0 0 0 0 0 0 0 0 2.05319e+06 1.29077e+07 5.56395e+07 1.83056e+08 3.7936e+08 5.95362e+08 6.96777e+08 0 0 0 0 0 0 0 0 0 0 0 0 0 0 0 0 0 0 0 0 0 0 0 0 0 0 0 0 0 0 0 0 
0 0 0 0 0 0 0 0 0 0 0 0 0 0 0 0 0 0 0 0 0 0 0 0 0 0 0 1.09156e+06 1.09182e+07 3.27064e+07 7.41042e+07 1.20308e+08 1.35257e+08 0 0 0 0 0 0 0 0 0 0 0 0 0 0 0 0 0 0 0 0 0 0 0 0 0 0 0 0 0 0 0 0 
0 0 0 0 0 0 0 0 0 0 0 0 0 0 0 0 0 0 0 0 0 0 0 0 0 0 0 425344 1.70243e+06 5.56645e+06 1.51668e+07 2.22701e+07 2.84661e+07 0 0 0 0 0 0 0 0 0 0 0 0 0 0 0 0 0 0 0 0 0 0 0 0 0 0 0 0 0 0 0 0 
0 0 0 0 0 0 0 0 0 0 0 0 0 0 0 0 0 0 0 0 0 0 0 0 0 0 0 0 113444 1.26611e+06 2.43377e+06 4.72256e+06 5.22416e+06 0 0 0 0 0 0 0 0 0 0 0 0 0 0 0 0 0 0 0 0 0 0 0 0 0 0 0 0 0 0 0 0 
0 0 0 0 0 0 0 0 0 0 0 0 0 0 0 0 0 0 0 0 0 0 0 0 0 0 0 0 72790 170808 454462 967322 936022 0 0 0 0 0 0 0 0 0 0 0 0 0 0 0 0 0 0 0 0 0 0 0 0 0 0 0 0 0 0 0 0 
0 0 0 0 0 0 0 0 0 0 0 0 0 0 0 0 0 0 0 0 0 0 0 0 0 0 0 0 0 7734.39 117636 112738 241930 0 0 0 0 0 0 0 0 0 0 0 0 0 0 0 0 0 0 0 0 0 0 0 0 0 0 0 0 0 0 0 0 
0 0 0 0 0 0 0 0 0 0 0 0 0 0 0 0 0 0 0 0 0 0 0 0 0 0 0 0 0 9847.49 11544.1 32032.4 37431.8 0 0 0 0 0 0 0 0 0 0 0 0 0 0 0 0 0 0 0 0 0 0 0 0 0 0 0 0 0 0 0 0 
0 0 0 0 0 0 0 0 0 0 0 0 0 0 0 0 0 0 0 0 0 0 0 0 0 0 0 0 0 0 260.593 7657.16 2073.44 0 0 0 0 0 0 0 0 0 0 0 0 0 0 0 0 0 0 0 0 0 0 0 0 0 0 0 0 0 0 0 0 
0 0 0 0 0 0 0 0 0 0 0 0 0 0 0 0 0 0 0 0 0 0 0 0 0 0 0 0 0 0 976.772 383.927 1893.17 0 0 0 0 0 0 0 0 0 0 0 0 0 0 0 0 0 0 0 0 0 0 0 0 0 0 0 0 0 0 0 0 
0 0 0 0 0 0 0 0 0 0 0 0 0 0 0 0 0 0 0 0 0 0 0 0 0 0 0 0 0 0 0 0 252.949 0 0 0 0 0 0 0 0 0 0 0 0 0 0 0 0 0 0 0 0 0 0 0 0 0 0 0 0 0 0 0 0 
0 0 0 0 0 0 0 0 0 0 0 0 0 0 0 0 0 0 0 0 0 0 0 0 0 0 0 0 0 0 0 63.0176 0 0 0 0 0 0 0 0 0 0 0 0 0 0 0 0 0 0 0 0 0 0 0 0 0 0 0 0 0 0 0 0 0 
0 0 0 0 0 0 0 0 0 0 0 0 0 0 0 0 0 0 0 0 0 0 0 0 0 0 0 0 0 0 0 0 0 0 0 0 0 0 0 0 0 0 0 0 0 0 0 0 0 0 0 0 0 0 0 0 0 0 0 0 0 0 0 0 0 
0 0 0 0 0 0 0 0 0 0 0 0 0 0 0 0 0 0 0 0 0 0 0 0 0 0 0 0 0 0 0 0 1.9693 0 0 0 0 0 0 0 0 0 0 0 0 0 0 0 0 0 0 0 0 0 0 0 0 0 0 0 0 0 0 0 0 
