1 0 0 0 0 0 0 0 0 0 0 0 0 0 0 0 0 
0 0 0 0 0 0 0 0 0 0 0 0 0 0 0 0 0 
0 16 0 0 0 0 0 0 0 0 0 0 0 0 0 0 0 
0 0 32 0 0 0 0 0 0 0 0 0 0 0 0 0 0 
0 0 88 96.3253 24.0813 0 0 0 7.48954 0 0 0 0 0 0 0 0 
0 0 0 255.349 254.978 190.969 96.6552 59.9163 0 0 0 0 0 0 0 0 0 
0 0 0 208.325 734.791 682.732 697.851 637.776 784.955 0 0 0 0 0 0 0 0 
0 0 0 0 581.158 1676.77 1836.89 1927.48 1588.49 0 0 0 0 0 0 0 0 
0 0 0 0 224.991 1245.15 2925.97 3638.21 4356.34 0 0 0 0 0 0 0 0 
0 0 0 0 0 441.61 1557.96 3156.2 3233.55 0 0 0 0 0 0 0 0 
0 0 0 0 0 130.765 771.427 1405.72 2132.39 0 0 0 0 0 0 0 0 
0 0 0 0 0 0 63.2545 500.828 585.349 0 0 0 0 0 0 0 0 
0 0 0 0 0 0 57.9943 97.3095 115.384 0 0 0 0 0 0 0 0 
0 0 0 0 0 0 0 0 63.9766 0 0 0 0 0 0 0 0 
0 0 0 0 0 0 0 16.5698 0 0 0 0 0 0 0 0 0 
0 0 0 0 0 0 0 0 0 0 0 0 0 0 0 0 0 
0 0 0 0 0 0 0 0 2.07122 0 0 0 0 0 0 0 0 
