1 0 0 0 0 0 0 0 0 0 0 0 0 0 0 0 0 0 0 0 0 0 0 0 0 0 0 0 0 0 0 0 0 0 0 0 0 0 0 0 0 0 0 0 0 0 0 0 0 0 0 0 0 0 0 0 0 0 0 0 0 0 0 0 1 
0 0 0 0 0 0 0 0 0 0 0 0 0 0 0 0 0 0 0 0 0 0 0 0 0 0 0 0 0 0 0 0 0 0 0 0 0 0 0 0 0 0 0 0 0 0 0 0 0 0 0 0 0 0 0 0 0 0 0 0 0 0 0 0 0 
0 0 0 0 0 0 0 0 0 0 0 0 0 0 0 0 0 0 0 0 0 0 0 0 0 0 0 0 0 0 0 0 0 0 0 0 0 0 0 0 0 0 0 0 0 0 0 0 0 0 0 0 0 0 0 0 0 0 0 0 0 0 0 0 0 
0 64 0 0 0 0 0 0 0 0 0 0 0 0 0 0 0 0 0 0 0 0 0 0 0 0 0 0 0 0 0 0 0 0 0 0 0 0 0 0 0 0 0 0 0 0 0 0 0 0 0 0 0 0 0 0 0 0 0 0 0 0 0 0 0 
0 0 0 0 0 0 0 0 0 0 0 0 0 0 0 0 0 0 0 0 0 0 0 0 0 0 0 0 0 0 0 0 0 0 0 0 0 0 0 0 0 0 0 0 0 0 0 0 0 0 0 0 0 0 0 0 0 0 0 0 0 0 0 0 0 
0 0 192 0 0 0 0 0 0 0 0 0 0 0 0 0 0 0 0 0 0 0 0 0 0 0 0 0 0 0 0 0 0 0 0 0 0 0 0 0 0 0 0 0 0 0 0 0 0 0 0 0 0 0 0 0 0 0 0 0 0 0 0 0 0 
0 0 1824 0 0 0 0 0 0 0 0 0 0 0 0 0 0 0 0 0 0 0 0 0 0 0 0 0 0 0 0 0 0 0 0 0 0 0 0 0 0 0 0 0 0 0 0 0 0 0 0 0 0 0 0 0 0 0 0 0 0 0 0 0 0 
0 0 0 958.714 0 0 0 0 0 0 0 0 0 0 0 0 0 0 0 0 0 0 0 0 0 0 0 0 0 0 0 0 0 0 0 0 0 0 0 0 0 0 0 0 0 0 0 0 0 0 0 0 0 0 0 0 0 0 0 0 0 0 0 0 0 
0 0 0 9986.57 239.678 0 0 0 0 0 0 0 0 0 0 0 0 0 0 0 0 0 0 0 0 0 0 0 0 0 0 0 0 0 0 0 0 0 0 0 0 0 0 0 0 0 0 0 0 0 0 0 0 0 0 0 0 0 0 0 0 0 0 0 0 
0 0 0 30718.7 5065.45 0 0 0 0 0 0 0 0 0 0 0 0 0 0 0 0 0 0 0 0 0 0 0 0 0 0 0 0 0 0 0 0 0 0 0 0 0 0 0 0 0 0 0 0 0 0 0 0 0 0 0 0 0 0 0 0 0 0 0 0 
0 0 0 0 59053.6 3853.02 0 0 0 0 0 0 0 0 0 0 0 0 0 0 0 0 0 0 0 0 0 0 0 0 0 0 0 0 0 0 0 0 0 0 0 0 0 0 0 0 0 0 0 0 0 0 0 0 0 0 0 0 0 0 0 0 0 0 0 
0 0 0 0 228810 38025.4 1944.02 0 0 0 0 0 0 0 0 0 0 0 0 0 0 0 0 0 0 0 0 0 0 0 0 0 0 0 0 0 0 0 0 0 0 0 0 0 0 0 0 0 0 0 0 0 0 0 0 0 0 0 0 0 0 0 0 0 0 
0 0 0 0 342208 339260 36857.8 1288.3 161.038 0 0 0 0 0 0 0 0 0 0 0 0 0 0 0 0 0 0 0 0 0 0 0 0 0 0 0 0 0 0 0 0 0 0 0 0 0 0 0 0 0 0 0 0 0 0 0 0 0 0 0 0 0 0 0 0 
0 0 0 0 0 1.50887e+06 333473 37161.9 0 0 0 0 0 0 0 0 0 0 0 0 0 0 0 0 0 0 0 0 0 0 0 0 0 0 0 0 0 0 0 0 0 0 0 0 0 0 0 0 0 0 0 0 0 0 0 0 0 0 0 0 0 0 0 0 0 
0 0 0 0 0 3.05455e+06 2.10632e+06 363957 46257 3892.8 0 0 0 0 0 0 0 0 0 0 0 0 0 0 0 0 0 0 0 0 0 0 0 0 0 0 0 0 0 0 0 0 0 0 0 0 0 0 0 0 0 0 0 0 0 0 0 0 0 0 0 0 0 0 0 
0 0 0 0 0 2.67995e+06 9.07742e+06 2.69282e+06 460036 43027.4 5874.07 0 0 0 0 0 0 0 0 0 0 0 0 0 0 0 0 0 0 0 0 0 0 0 0 0 0 0 0 0 0 0 0 0 0 0 0 0 0 0 0 0 0 0 0 0 0 0 0 0 0 0 0 0 0 
0 0 0 0 0 0 2.14438e+07 1.40623e+07 3.56127e+06 696560 80821.4 11611.1 1420.75 0 0 0 62.0909 0 0 0 0 0 0 0 0 0 0 0 0 0 0 0 12.3698 0 0 0 0 0 0 0 0 0 0 0 0 0 0 0 0 0 0 0 0 0 0 0 0 0 0 0 0 0 0 0 0 
0 0 0 0 0 0 2.6659e+07 5.33573e+07 2.07009e+07 5.25846e+06 1.10734e+06 157179 15199.5 5830.07 1913.47 993.454 0 0 0 0 0 0 0 0 0 0 0 0 0 0 0 0 0 0 0 0 0 0 0 0 0 0 0 0 0 0 0 0 0 0 0 0 0 0 0 0 0 0 0 0 0 0 0 0 0 
0 0 0 0 0 0 1.53155e+07 1.30893e+08 9.35141e+07 3.1693e+07 8.39934e+06 1.93537e+06 401538 49541.5 5537.43 0 0 1966.1 0 0 0 0 0 0 0 0 0 0 0 0 0 395.834 0 0 0 0 0 0 0 0 0 0 0 0 0 0 0 0 0 0 0 0 0 0 0 0 0 0 0 0 0 0 0 0 0 
0 0 0 0 0 0 0 1.92623e+08 3.11994e+08 1.55017e+08 5.3207e+07 1.53175e+07 3.68372e+06 874199 211856 54062.6 29259.5 1017.47 4063.11 0 0 0 0 0 0 0 0 0 0 0 955.239 0 0 0 0 0 0 0 0 0 0 0 0 0 0 0 0 0 0 0 0 0 0 0 0 0 0 0 0 0 0 0 0 0 0 
0 0 0 0 0 0 0 1.61752e+08 7.40666e+08 5.95396e+08 2.61417e+08 9.35687e+07 3.03728e+07 8.5086e+06 2.1657e+06 608165 131163 57740.2 27860.4 11718.4 2902.52 0 0 0 444.628 0 0 0 966.371 3820.9 5180.2 0 11910.2 0 0 0 0 0 0 0 0 0 0 0 0 0 0 0 0 0 0 0 0 0 0 0 0 0 0 0 0 0 0 0 0 
0 0 0 0 0 0 0 6.5433e+07 1.16328e+09 1.78944e+09 1.09216e+09 4.70224e+08 1.78146e+08 6.28655e+07 1.98809e+07 5.87352e+06 2.01833e+06 827710 244404 141609 29506.7 22663 11584.6 7297.96 0 3768.28 5781.36 11468.1 15324.3 21015.4 0 29493.9 417.424 0 0 0 0 0 0 0 0 0 0 0 0 0 0 0 0 0 0 0 0 0 0 0 0 0 0 0 0 0 0 0 0 
0 0 0 0 0 0 0 0 1.17248e+09 3.97141e+09 3.68297e+09 2.0178e+09 9.02431e+08 3.65803e+08 1.40394e+08 5.12355e+07 1.81752e+07 6.2291e+06 2.73066e+06 1.1201e+06 740247 255761 118891 78635.3 91369.2 85924.1 76072.3 75069 92567 63416.8 116203 150240 70376.9 0 0 0 0 0 0 0 0 0 0 0 0 0 0 0 0 0 0 0 0 0 0 0 0 0 0 0 0 0 0 0 0 
0 0 0 0 0 0 0 0 7.0659e+08 6.29119e+09 9.83552e+09 7.2671e+09 3.85852e+09 1.82968e+09 8.0746e+08 3.36892e+08 1.35764e+08 5.4852e+07 2.22873e+07 1.02202e+07 4.6319e+06 2.8613e+06 1.75201e+06 1.0714e+06 726943 459160 529678 525234 505245 457852 703677 274574 717401 0 0 0 0 0 0 0 0 0 0 0 0 0 0 0 0 0 0 0 0 0 0 0 0 0 0 0 0 0 0 0 0 
0 0 0 0 0 0 0 0 2.12874e+08 6.86614e+09 2.02546e+10 2.14578e+10 1.42542e+10 7.71921e+09 3.85531e+09 1.83835e+09 8.48636e+08 3.79589e+08 1.71328e+08 7.91311e+07 3.95145e+07 2.15495e+07 1.20731e+07 7.67692e+06 5.26543e+06 4.61085e+06 3.4754e+06 3.20127e+06 2.69149e+06 3.50731e+06 2.37435e+06 3.03567e+06 2.97956e+06 0 0 0 0 0 0 0 0 0 0 0 0 0 0 0 0 0 0 0 0 0 0 0 0 0 0 0 0 0 0 0 0 
0 0 0 0 0 0 0 0 0 5.018e+09 3.10874e+10 5.13088e+10 4.47631e+10 2.88772e+10 1.62285e+10 8.6279e+09 4.37734e+09 2.19946e+09 1.09832e+09 5.47875e+08 2.84994e+08 1.54245e+08 9.02917e+07 5.84941e+07 3.98346e+07 2.77657e+07 2.1339e+07 1.8385e+07 1.81984e+07 1.5438e+07 1.45595e+07 1.54654e+07 1.22459e+07 0 0 0 0 0 0 0 0 0 0 0 0 0 0 0 0 0 0 0 0 0 0 0 0 0 0 0 0 0 0 0 0 
0 0 0 0 0 0 0 0 0 2.27804e+09 3.50196e+10 9.73227e+10 1.17331e+11 9.25783e+10 5.96041e+10 3.51777e+10 1.97612e+10 1.08575e+10 5.98094e+09 3.25793e+09 1.77792e+09 1.02027e+09 5.98418e+08 3.73974e+08 2.52736e+08 1.80032e+08 1.42133e+08 1.19494e+08 9.83486e+07 8.13326e+07 8.39003e+07 7.19387e+07 7.71605e+07 0 0 0 0 0 0 0 0 0 0 0 0 0 0 0 0 0 0 0 0 0 0 0 0 0 0 0 0 0 0 0 0 
0 0 0 0 0 0 0 0 0 5.38265e+08 2.79911e+10 1.4271e+11 2.52514e+11 2.55848e+11 1.94569e+11 1.2771e+11 7.93511e+10 4.7683e+10 2.80298e+10 1.6545e+10 9.77758e+09 5.80517e+09 3.62991e+09 2.34481e+09 1.59006e+09 1.13371e+09 8.43155e+08 6.7281e+08 5.50925e+08 5.07255e+08 4.28522e+08 4.15059e+08 4.0269e+08 0 0 0 0 0 0 0 0 0 0 0 0 0 0 0 0 0 0 0 0 0 0 0 0 0 0 0 0 0 0 0 0 
0 0 0 0 0 0 0 0 0 0 1.55826e+10 1.59105e+11 4.37551e+11 5.95444e+11 5.49686e+11 4.1324e+11 2.8293e+11 1.83969e+11 1.16407e+11 7.33978e+10 4.66021e+10 2.95035e+10 1.94849e+10 1.31054e+10 9.03072e+09 6.49139e+09 4.92642e+09 3.86582e+09 3.21953e+09 2.75493e+09 2.43638e+09 2.29355e+09 2.32176e+09 0 0 0 0 0 0 0 0 0 0 0 0 0 0 0 0 0 0 0 0 0 0 0 0 0 0 0 0 0 0 0 0 
0 0 0 0 0 0 0 0 0 0 5.5318e+09 1.32573e+11 6.03669e+11 1.15241e+12 1.34234e+12 1.18579e+12 9.04164e+11 6.38381e+11 4.39074e+11 2.95052e+11 1.96904e+11 1.34805e+11 9.12428e+10 6.33337e+10 4.60414e+10 3.42573e+10 2.61742e+10 2.09149e+10 1.73381e+10 1.49335e+10 1.34353e+10 1.26932e+10 1.25575e+10 0 0 0 0 0 0 0 0 0 0 0 0 0 0 0 0 0 0 0 0 0 0 0 0 0 0 0 0 0 0 0 0 
0 0 0 0 0 0 0 0 0 0 1.07131e+09 8.13409e+10 6.53257e+11 1.82128e+12 2.77563e+12 2.9578e+12 2.56979e+12 2.00425e+12 1.48107e+12 1.05431e+12 7.49284e+11 5.32169e+11 3.84085e+11 2.81143e+11 2.08671e+11 1.58877e+11 1.25096e+11 1.01934e+11 8.58528e+10 7.42235e+10 6.72806e+10 6.41864e+10 6.31299e+10 0 0 0 0 0 0 0 0 0 0 0 0 0 0 0 0 0 0 0 0 0 0 0 0 0 0 0 0 0 0 0 0 
0 0 0 0 0 0 0 0 0 0 0 3.58972e+10 5.5009e+11 2.3529e+12 4.82221e+12 6.36941e+12 6.47938e+12 5.62981e+12 4.52813e+12 3.47221e+12 2.59599e+12 1.94934e+12 1.45969e+12 1.10511e+12 8.45798e+11 6.69609e+11 5.4316e+11 4.48877e+11 3.82728e+11 3.42765e+11 3.14429e+11 2.9722e+11 2.93804e+11 0 0 0 0 0 0 0 0 0 0 0 0 0 0 0 0 0 0 0 0 0 0 0 0 0 0 0 0 0 0 0 0 
0 0 0 0 0 0 0 0 0 0 0 1.0304e+10 3.53572e+11 2.43654e+12 6.99355e+12 1.1803e+13 1.42687e+13 1.41651e+13 1.24592e+13 1.03147e+13 8.22115e+12 6.4397e+12 5.04132e+12 3.96739e+12 3.15009e+12 2.56164e+12 2.13417e+12 1.80258e+12 1.57453e+12 1.4063e+12 1.30938e+12 1.25315e+12 1.24712e+12 0 0 0 0 0 0 0 0 0 0 0 0 0 0 0 0 0 0 0 0 0 0 0 0 0 0 0 0 0 0 0 0 
0 0 0 0 0 0 0 0 0 0 0 1.7091e+09 1.72807e+11 2.01325e+12 8.37214e+12 1.84378e+13 2.73057e+13 3.15412e+13 3.0976e+13 2.77339e+13 2.36483e+13 1.96345e+13 1.60572e+13 1.31088e+13 1.07577e+13 9.04688e+12 7.67362e+12 6.63575e+12 5.94556e+12 5.34674e+12 5.01817e+12 4.79655e+12 4.71396e+12 0 0 0 0 0 0 0 0 0 0 0 0 0 0 0 0 0 0 0 0 0 0 0 0 0 0 0 0 0 0 0 0 
0 0 0 0 0 0 0 0 0 0 0 0 6.22485e+10 1.32311e+12 8.20953e+12 2.43868e+13 4.51233e+13 6.13725e+13 6.86475e+13 6.7923e+13 6.21991e+13 5.45657e+13 4.69699e+13 4.00337e+13 3.40482e+13 2.91028e+13 2.54202e+13 2.24575e+13 2.01511e+13 1.87014e+13 1.75862e+13 1.69626e+13 1.66501e+13 0 0 0 0 0 0 0 0 0 0 0 0 0 0 0 0 0 0 0 0 0 0 0 0 0 0 0 0 0 0 0 0 
0 0 0 0 0 0 0 0 0 0 0 0 1.49456e+10 6.78995e+11 6.57858e+12 2.70238e+13 6.37713e+13 1.04573e+14 1.35305e+14 1.4889e+14 1.48582e+14 1.39382e+14 1.25619e+14 1.11646e+14 9.92233e+13 8.74362e+13 7.76331e+13 7.0304e+13 6.37665e+13 5.99897e+13 5.69816e+13 5.52113e+13 5.43935e+13 0 0 0 0 0 0 0 0 0 0 0 0 0 0 0 0 0 0 0 0 0 0 0 0 0 0 0 0 0 0 0 0 
0 0 0 0 0 0 0 0 0 0 0 0 2.23934e+09 2.73048e+11 4.27608e+12 2.48656e+13 7.65562e+13 1.5422e+14 2.33353e+14 2.9145e+14 3.19859e+14 3.23603e+14 3.11222e+14 2.88558e+14 2.64577e+14 2.42239e+14 2.21143e+14 2.03875e+14 1.8946e+14 1.78343e+14 1.70612e+14 1.67093e+14 1.64523e+14 0 0 0 0 0 0 0 0 0 0 0 0 0 0 0 0 0 0 0 0 0 0 0 0 0 0 0 0 0 0 0 0 
0 0 0 0 0 0 0 0 0 0 0 0 0 8.28453e+10 2.26367e+12 1.9049e+13 7.82262e+13 1.96089e+14 3.52024e+14 5.05601e+14 6.18551e+14 6.80335e+14 6.99358e+14 6.88773e+14 6.58004e+14 6.21264e+14 5.84313e+14 5.47511e+14 5.1769e+14 4.93817e+14 4.78023e+14 4.65473e+14 4.64834e+14 0 0 0 0 0 0 0 0 0 0 0 0 0 0 0 0 0 0 0 0 0 0 0 0 0 0 0 0 0 0 0 0 
0 0 0 0 0 0 0 0 0 0 0 0 0 1.72419e+10 9.6465e+11 1.21517e+13 6.71199e+13 2.1419e+14 4.65409e+14 7.71074e+14 1.06253e+15 1.28746e+15 1.42705e+15 1.48712e+15 1.49561e+15 1.46805e+15 1.42085e+15 1.37171e+15 1.31942e+15 1.28124e+15 1.24982e+15 1.229e+15 1.21662e+15 0 0 0 0 0 0 0 0 0 0 0 0 0 0 0 0 0 0 0 0 0 0 0 0 0 0 0 0 0 0 0 0 
0 0 0 0 0 0 0 0 0 0 0 0 0 2.51112e+09 3.27296e+11 6.4479e+12 4.88768e+13 2.00874e+14 5.3228e+14 1.03633e+15 1.62745e+15 2.18523e+15 2.62719e+15 2.9377e+15 3.10095e+15 3.19186e+15 3.18552e+15 3.16601e+15 3.13158e+15 3.07275e+15 3.0361e+15 2.98647e+15 2.96557e+15 0 0 0 0 0 0 0 0 0 0 0 0 0 0 0 0 0 0 0 0 0 0 0 0 0 0 0 0 0 0 0 0 
0 0 0 0 0 0 0 0 0 0 0 0 0 0 8.64403e+10 2.83573e+12 3.03318e+13 1.60589e+14 5.27456e+14 1.22376e+15 2.19756e+15 3.31046e+15 4.36466e+15 5.23439e+15 5.90563e+15 6.30038e+15 6.59311e+15 6.72518e+15 6.77831e+15 6.7905e+15 6.76331e+15 6.79694e+15 6.78198e+15 0 0 0 0 0 0 0 0 0 0 0 0 0 0 0 0 0 0 0 0 0 0 0 0 0 0 0 0 0 0 0 0 
0 0 0 0 0 0 0 0 0 0 0 0 0 0 1.61758e+10 1.0241e+12 1.58027e+13 1.10889e+14 4.53578e+14 1.25607e+15 2.6304e+15 4.44237e+15 6.48099e+15 8.45447e+15 1.01504e+16 1.15007e+16 1.24942e+16 1.31569e+16 1.36421e+16 1.38787e+16 1.40923e+16 1.41475e+16 1.42074e+16 0 0 0 0 0 0 0 0 0 0 0 0 0 0 0 0 0 0 0 0 0 0 0 0 0 0 0 0 0 0 0 0 
0 0 0 0 0 0 0 0 0 0 0 0 0 0 2.50066e+09 3.05641e+11 7.013e+12 6.57005e+13 3.37604e+14 1.13256e+15 2.75893e+15 5.31805e+15 8.59015e+15 1.22278e+16 1.57763e+16 1.89646e+16 2.15379e+16 2.35954e+16 2.50295e+16 2.62069e+16 2.68589e+16 2.72559e+16 2.73504e+16 0 0 0 0 0 0 0 0 0 0 0 0 0 0 0 0 0 0 0 0 0 0 0 0 0 0 0 0 0 0 0 0 
0 0 0 0 0 0 0 0 0 0 0 0 0 0 0 7.29945e+10 2.65642e+12 3.35144e+13 2.18899e+14 8.91035e+14 2.55156e+15 5.64527e+15 1.02052e+16 1.58492e+16 2.20245e+16 2.81297e+16 3.37886e+16 3.8444e+16 4.23487e+16 4.5102e+16 4.71341e+16 4.8172e+16 4.86284e+16 0 0 0 0 0 0 0 0 0 0 0 0 0 0 0 0 0 0 0 0 0 0 0 0 0 0 0 0 0 0 0 0 
0 0 0 0 0 0 0 0 0 0 0 0 0 0 0 1.27567e+10 8.44346e+11 1.47932e+13 1.23796e+14 6.15241e+14 2.09106e+15 5.29189e+15 1.0772e+16 1.84791e+16 2.78527e+16 3.79595e+16 4.78097e+16 5.70125e+16 6.47184e+16 7.08734e+16 7.5208e+16 7.80025e+16 7.8536e+16 0 0 0 0 0 0 0 0 0 0 0 0 0 0 0 0 0 0 0 0 0 0 0 0 0 0 0 0 0 0 0 0 
0 0 0 0 0 0 0 0 0 0 0 0 0 0 0 2.29436e+09 2.27331e+11 5.70216e+12 6.12237e+13 3.74301e+14 1.50803e+15 4.4119e+15 1.01216e+16 1.92272e+16 3.1533e+16 4.61752e+16 6.17338e+16 7.7037e+16 9.03894e+16 1.01548e+17 1.09771e+17 1.14612e+17 1.16946e+17 0 0 0 0 0 0 0 0 0 0 0 0 0 0 0 0 0 0 0 0 0 0 0 0 0 0 0 0 0 0 0 0 
0 0 0 0 0 0 0 0 0 0 0 0 0 0 0 0 5.17085e+10 1.90559e+12 2.67254e+13 2.01428e+14 9.6173e+14 3.27704e+15 8.50491e+15 1.79364e+16 3.21066e+16 5.04429e+16 7.16537e+16 9.34665e+16 1.14412e+17 1.32259e+17 1.45866e+17 1.54449e+17 1.57126e+17 0 0 0 0 0 0 0 0 0 0 0 0 0 0 0 0 0 0 0 0 0 0 0 0 0 0 0 0 0 0 0 0 
0 0 0 0 0 0 0 0 0 0 0 0 0 0 0 0 8.81647e+09 5.53109e+11 1.03232e+13 9.62087e+13 5.50919e+14 2.16682e+15 6.39524e+15 1.50063e+16 2.93977e+16 4.99352e+16 7.52694e+16 1.03287e+17 1.31633e+17 1.56635e+17 1.76566e+17 1.89163e+17 1.93154e+17 0 0 0 0 0 0 0 0 0 0 0 0 0 0 0 0 0 0 0 0 0 0 0 0 0 0 0 0 0 0 0 0 
0 0 0 0 0 0 0 0 0 0 0 0 0 0 0 0 1.97533e+09 1.40773e+11 3.54426e+12 4.11848e+13 2.80818e+14 1.28268e+15 4.30189e+15 1.13006e+16 2.42546e+16 4.4308e+16 7.15239e+16 1.03506e+17 1.37019e+17 1.68559e+17 1.939e+17 2.10931e+17 2.16491e+17 0 0 0 0 0 0 0 0 0 0 0 0 0 0 0 0 0 0 0 0 0 0 0 0 0 0 0 0 0 0 0 0 
0 0 0 0 0 0 0 0 0 0 0 0 0 0 0 0 0 3.1925e+10 1.08756e+12 1.58618e+13 1.2871e+14 6.87469e+14 2.62138e+15 7.64382e+15 1.80846e+16 3.58626e+16 6.15989e+16 9.41981e+16 1.29855e+17 1.6489e+17 1.94005e+17 2.12836e+17 2.20084e+17 0 0 0 0 0 0 0 0 0 0 0 0 0 0 0 0 0 0 0 0 0 0 0 0 0 0 0 0 0 0 0 0 
0 0 0 0 0 0 0 0 0 0 0 0 0 0 0 0 0 5.49817e+09 2.9915e+11 5.5266e+12 5.40136e+13 3.32276e+14 1.44022e+15 4.69957e+15 1.21659e+16 2.62016e+16 4.80504e+16 7.74235e+16 1.11817e+17 1.46775e+17 1.76779e+17 1.96995e+17 2.04371e+17 0 0 0 0 0 0 0 0 0 0 0 0 0 0 0 0 0 0 0 0 0 0 0 0 0 0 0 0 0 0 0 0 
0 0 0 0 0 0 0 0 0 0 0 0 0 0 0 0 0 1.58977e+09 7.67449e+10 1.76063e+12 2.06717e+13 1.47499e+14 7.22432e+14 2.63021e+15 7.48381e+15 1.73869e+16 3.41614e+16 5.81783e+16 8.77144e+16 1.18757e+17 1.4669e+17 1.66098e+17 1.72706e+17 0 0 0 0 0 0 0 0 0 0 0 0 0 0 0 0 0 0 0 0 0 0 0 0 0 0 0 0 0 0 0 0 
0 0 0 0 0 0 0 0 0 0 0 0 0 0 0 0 0 0 1.79834e+10 5.16581e+11 7.26119e+12 6.01652e+13 3.33309e+14 1.34916e+15 4.21978e+15 1.05919e+16 2.22556e+16 4.00471e+16 6.30257e+16 8.83017e+16 1.11491e+17 1.28029e+17 1.33703e+17 0 0 0 0 0 0 0 0 0 0 0 0 0 0 0 0 0 0 0 0 0 0 0 0 0 0 0 0 0 0 0 0 
0 0 0 0 0 0 0 0 0 0 0 0 0 0 0 0 0 0 3.13458e+09 1.40849e+11 2.38381e+12 2.27777e+13 1.4304e+14 6.40729e+14 2.17708e+15 5.92857e+15 1.32361e+16 2.51418e+16 4.15617e+16 6.01197e+16 7.76265e+16 9.02021e+16 9.49021e+16 0 0 0 0 0 0 0 0 0 0 0 0 0 0 0 0 0 0 0 0 0 0 0 0 0 0 0 0 0 0 0 0 
0 0 0 0 0 0 0 0 0 0 0 0 0 0 0 0 0 0 1.18081e+09 3.81449e+10 7.37471e+11 8.07573e+12 5.72028e+13 2.81415e+14 1.04937e+15 3.064e+15 7.33676e+15 1.47189e+16 2.51435e+16 3.78056e+16 5.00824e+16 5.87688e+16 6.21718e+16 0 0 0 0 0 0 0 0 0 0 0 0 0 0 0 0 0 0 0 0 0 0 0 0 0 0 0 0 0 0 0 0 
0 0 0 0 0 0 0 0 0 0 0 0 0 0 0 0 0 0 0 9.47838e+09 2.14411e+11 2.70872e+12 2.13092e+13 1.16709e+14 4.7108e+14 1.48297e+15 3.7655e+15 7.91478e+15 1.42088e+16 2.20004e+16 2.9723e+16 3.5639e+16 3.77318e+16 0 0 0 0 0 0 0 0 0 0 0 0 0 0 0 0 0 0 0 0 0 0 0 0 0 0 0 0 0 0 0 0 
0 0 0 0 0 0 0 0 0 0 0 0 0 0 0 0 0 0 0 1.59849e+09 6.12698e+10 8.69564e+11 7.61675e+12 4.55741e+13 1.99673e+14 6.68942e+14 1.80779e+15 3.9941e+15 7.48548e+15 1.18839e+16 1.64306e+16 1.99285e+16 2.12232e+16 0 0 0 0 0 0 0 0 0 0 0 0 0 0 0 0 0 0 0 0 0 0 0 0 0 0 0 0 0 0 0 0 
0 0 0 0 0 0 0 0 0 0 0 0 0 0 0 0 0 0 0 8.03244e+08 1.78978e+10 2.72185e+11 2.61144e+12 1.69338e+13 7.99001e+13 2.89705e+14 8.19428e+14 1.91123e+15 3.68812e+15 6.04339e+15 8.58716e+15 1.0506e+16 1.12539e+16 0 0 0 0 0 0 0 0 0 0 0 0 0 0 0 0 0 0 0 0 0 0 0 0 0 0 0 0 0 0 0 0 
0 0 0 0 0 0 0 0 0 0 0 0 0 0 0 0 0 0 0 0 4.53268e+09 8.17127e+10 8.64116e+11 6.14948e+12 3.0918e+13 1.17429e+14 3.53899e+14 8.60062e+14 1.72205e+15 2.93045e+15 4.20559e+15 5.21986e+15 5.59251e+15 0 0 0 0 0 0 0 0 0 0 0 0 0 0 0 0 0 0 0 0 0 0 0 0 0 0 0 0 0 0 0 0 
0 0 0 0 0 0 0 0 0 0 0 0 0 0 0 0 0 0 0 0 7.23482e+08 2.47429e+10 2.86741e+11 2.154e+12 1.15889e+13 4.6674e+13 1.46146e+14 3.70804e+14 7.68525e+14 1.33582e+15 1.96553e+15 2.46091e+15 2.65285e+15 0 0 0 0 0 0 0 0 0 0 0 0 0 0 0 0 0 0 0 0 0 0 0 0 0 0 0 0 0 0 0 0 
0 0 0 0 0 0 0 0 0 0 0 0 0 0 0 0 0 0 0 0 4.93271e+08 7.70819e+09 9.25554e+10 7.39912e+11 4.20176e+12 1.79419e+13 5.90136e+13 1.53213e+14 3.3018e+14 5.8755e+14 8.79128e+14 1.11733e+15 1.21074e+15 0 0 0 0 0 0 0 0 0 0 0 0 0 0 0 0 0 0 0 0 0 0 0 0 0 0 0 0 0 0 0 0 
0 0 0 0 0 0 0 0 0 0 0 0 0 0 0 0 0 0 0 0 0 1.96255e+09 2.8574e+10 2.52083e+11 1.521e+12 6.70714e+12 2.29494e+13 6.25786e+13 1.371e+14 2.48421e+14 3.77828e+14 4.82514e+14 5.2871e+14 0 0 0 0 0 0 0 0 0 0 0 0 0 0 0 0 0 0 0 0 0 0 0 0 0 0 0 0 0 0 0 0 
0 0 0 0 0 0 0 0 0 0 0 0 0 0 0 0 0 0 0 0 0 2.83873e+08 9.20582e+09 8.71272e+10 5.39288e+11 2.50329e+12 8.86078e+12 2.48483e+13 5.55516e+13 1.03438e+14 1.59141e+14 2.05358e+14 2.23633e+14 0 0 0 0 0 0 0 0 0 0 0 0 0 0 0 0 0 0 0 0 0 0 0 0 0 0 0 0 0 0 0 0 
0 0 0 0 0 0 0 0 0 0 0 0 0 0 0 0 0 0 0 0 0 2.7081e+08 3.0595e+09 2.86295e+10 1.9084e+11 9.30521e+11 3.37086e+12 9.69142e+12 2.25022e+13 4.21782e+13 6.57171e+13 8.55102e+13 9.30999e+13 0 0 0 0 0 0 0 0 0 0 0 0 0 0 0 0 0 0 0 0 0 0 0 0 0 0 0 0 0 0 0 0 
0 0 0 0 0 0 0 0 0 0 0 0 0 0 0 0 0 0 0 0 0 0 7.42734e+08 9.07417e+09 6.81977e+10 3.43685e+11 1.28671e+12 3.77075e+12 8.92172e+12 1.70457e+13 2.67813e+13 3.4993e+13 3.81545e+13 0 0 0 0 0 0 0 0 0 0 0 0 0 0 0 0 0 0 0 0 0 0 0 0 0 0 0 0 0 0 0 0 
0 0 0 0 0 0 0 0 0 0 0 0 0 0 0 0 0 0 0 0 0 0 9.44507e+07 3.18246e+09 2.44029e+10 1.24231e+11 4.85614e+11 1.46972e+12 3.50784e+12 6.78668e+12 1.08474e+13 1.4323e+13 1.56818e+13 0 0 0 0 0 0 0 0 0 0 0 0 0 0 0 0 0 0 0 0 0 0 0 0 0 0 0 0 0 0 0 0 
0 0 0 0 0 0 0 0 0 0 0 0 0 0 0 0 0 0 0 0 0 0 1.31868e+08 1.08577e+09 7.94704e+09 4.53491e+10 1.85546e+11 5.6602e+11 1.38633e+12 2.74242e+12 4.36273e+12 5.84861e+12 6.37103e+12 0 0 0 0 0 0 0 0 0 0 0 0 0 0 0 0 0 0 0 0 0 0 0 0 0 0 0 0 0 0 0 0 
0 0 0 0 0 0 0 0 0 0 0 0 0 0 0 0 0 0 0 0 0 0 0 2.41335e+08 2.57531e+09 1.6882e+10 6.96827e+10 2.19714e+11 5.49256e+11 1.0961e+12 1.77943e+12 2.36039e+12 2.60465e+12 0 0 0 0 0 0 0 0 0 0 0 0 0 0 0 0 0 0 0 0 0 0 0 0 0 0 0 0 0 0 0 0 
0 0 0 0 0 0 0 0 0 0 0 0 0 0 0 0 0 0 0 0 0 0 0 2.6135e+07 1.00744e+09 6.0465e+09 2.5619e+10 8.58397e+10 2.17715e+11 4.37325e+11 7.19321e+11 9.5257e+11 1.05338e+12 0 0 0 0 0 0 0 0 0 0 0 0 0 0 0 0 0 0 0 0 0 0 0 0 0 0 0 0 0 0 0 0 
0 0 0 0 0 0 0 0 0 0 0 0 0 0 0 0 0 0 0 0 0 0 0 5.63495e+07 3.38194e+08 1.89253e+09 9.61399e+09 3.32558e+10 8.43831e+10 1.75249e+11 2.91127e+11 3.9409e+11 4.30352e+11 0 0 0 0 0 0 0 0 0 0 0 0 0 0 0 0 0 0 0 0 0 0 0 0 0 0 0 0 0 0 0 0 
0 0 0 0 0 0 0 0 0 0 0 0 0 0 0 0 0 0 0 0 0 0 0 0 6.58607e+07 6.60281e+08 3.74806e+09 1.23902e+10 3.34169e+10 7.05567e+10 1.16736e+11 1.60497e+11 1.75903e+11 0 0 0 0 0 0 0 0 0 0 0 0 0 0 0 0 0 0 0 0 0 0 0 0 0 0 0 0 0 0 0 0 
0 0 0 0 0 0 0 0 0 0 0 0 0 0 0 0 0 0 0 0 0 0 0 0 5.81832e+06 2.85787e+08 1.28535e+09 4.54005e+09 1.3437e+10 2.76825e+10 4.75683e+10 6.47113e+10 7.22345e+10 0 0 0 0 0 0 0 0 0 0 0 0 0 0 0 0 0 0 0 0 0 0 0 0 0 0 0 0 0 0 0 0 
0 0 0 0 0 0 0 0 0 0 0 0 0 0 0 0 0 0 0 0 0 0 0 0 2.09317e+07 8.97055e+07 3.77573e+08 1.84493e+09 5.11666e+09 1.07521e+10 1.93261e+10 2.57834e+10 2.94653e+10 0 0 0 0 0 0 0 0 0 0 0 0 0 0 0 0 0 0 0 0 0 0 0 0 0 0 0 0 0 0 0 0 
0 0 0 0 0 0 0 0 0 0 0 0 0 0 0 0 0 0 0 0 0 0 0 0 0 1.45181e+07 1.54597e+08 7.24106e+08 1.832e+09 4.50905e+09 7.55074e+09 1.05864e+10 1.1772e+10 0 0 0 0 0 0 0 0 0 0 0 0 0 0 0 0 0 0 0 0 0 0 0 0 0 0 0 0 0 0 0 0 
0 0 0 0 0 0 0 0 0 0 0 0 0 0 0 0 0 0 0 0 0 0 0 0 0 993616 7.10348e+07 2.20653e+08 7.08182e+08 1.78556e+09 2.89291e+09 4.41379e+09 4.57711e+09 0 0 0 0 0 0 0 0 0 0 0 0 0 0 0 0 0 0 0 0 0 0 0 0 0 0 0 0 0 0 0 0 
0 0 0 0 0 0 0 0 0 0 0 0 0 0 0 0 0 0 0 0 0 0 0 0 0 6.66919e+06 1.95024e+07 6.36928e+07 3.12285e+08 6.28003e+08 1.20028e+09 1.71307e+09 1.8825e+09 0 0 0 0 0 0 0 0 0 0 0 0 0 0 0 0 0 0 0 0 0 0 0 0 0 0 0 0 0 0 0 0 
0 0 0 0 0 0 0 0 0 0 0 0 0 0 0 0 0 0 0 0 0 0 0 0 0 0 2.48486e+06 3.30565e+07 1.14533e+08 2.20967e+08 5.14611e+08 6.14202e+08 8.17949e+08 0 0 0 0 0 0 0 0 0 0 0 0 0 0 0 0 0 0 0 0 0 0 0 0 0 0 0 0 0 0 0 0 
0 0 0 0 0 0 0 0 0 0 0 0 0 0 0 0 0 0 0 0 0 0 0 0 0 0 124526 1.49282e+07 2.85056e+07 1.00192e+08 1.84692e+08 2.53072e+08 3.12022e+08 0 0 0 0 0 0 0 0 0 0 0 0 0 0 0 0 0 0 0 0 0 0 0 0 0 0 0 0 0 0 0 0 
0 0 0 0 0 0 0 0 0 0 0 0 0 0 0 0 0 0 0 0 0 0 0 0 0 0 1.79114e+06 3.32069e+06 9.34287e+06 4.48181e+07 5.62636e+07 1.15884e+08 1.01408e+08 0 0 0 0 0 0 0 0 0 0 0 0 0 0 0 0 0 0 0 0 0 0 0 0 0 0 0 0 0 0 0 0 
0 0 0 0 0 0 0 0 0 0 0 0 0 0 0 0 0 0 0 0 0 0 0 0 0 0 0 309169 6.31424e+06 1.33587e+07 2.34417e+07 4.50923e+07 3.82151e+07 0 0 0 0 0 0 0 0 0 0 0 0 0 0 0 0 0 0 0 0 0 0 0 0 0 0 0 0 0 0 0 0 
0 0 0 0 0 0 0 0 0 0 0 0 0 0 0 0 0 0 0 0 0 0 0 0 0 0 0 9847.68 2.5033e+06 2.52259e+06 1.26396e+07 1.23118e+07 1.99621e+07 0 0 0 0 0 0 0 0 0 0 0 0 0 0 0 0 0 0 0 0 0 0 0 0 0 0 0 0 0 0 0 0 
0 0 0 0 0 0 0 0 0 0 0 0 0 0 0 0 0 0 0 0 0 0 0 0 0 0 0 397766 411489 1.31224e+06 4.75776e+06 3.7421e+06 8.64015e+06 0 0 0 0 0 0 0 0 0 0 0 0 0 0 0 0 0 0 0 0 0 0 0 0 0 0 0 0 0 0 0 0 
0 0 0 0 0 0 0 0 0 0 0 0 0 0 0 0 0 0 0 0 0 0 0 0 0 0 0 0 24665.9 1.01744e+06 999503 2.39229e+06 2.28044e+06 0 0 0 0 0 0 0 0 0 0 0 0 0 0 0 0 0 0 0 0 0 0 0 0 0 0 0 0 0 0 0 0 
0 0 0 0 0 0 0 0 0 0 0 0 0 0 0 0 0 0 0 0 0 0 0 0 0 0 0 0 380.112 308689 136373 1.22875e+06 399010 0 0 0 0 0 0 0 0 0 0 0 0 0 0 0 0 0 0 0 0 0 0 0 0 0 0 0 0 0 0 0 0 
0 0 0 0 0 0 0 0 0 0 0 0 0 0 0 0 0 0 0 0 0 0 0 0 0 0 0 0 71015.4 32934.5 179496 305942 256978 0 0 0 0 0 0 0 0 0 0 0 0 0 0 0 0 0 0 0 0 0 0 0 0 0 0 0 0 0 0 0 0 
0 0 0 0 0 0 0 0 0 0 0 0 0 0 0 0 0 0 0 0 0 0 0 0 0 0 0 0 0 948.404 123713 37869.2 210696 0 0 0 0 0 0 0 0 0 0 0 0 0 0 0 0 0 0 0 0 0 0 0 0 0 0 0 0 0 0 0 0 
0 0 0 0 0 0 0 0 0 0 0 0 0 0 0 0 0 0 0 0 0 0 0 0 0 0 0 0 0 0 24700 3788.74 67999.7 0 0 0 0 0 0 0 0 0 0 0 0 0 0 0 0 0 0 0 0 0 0 0 0 0 0 0 0 0 0 0 0 
0 0 0 0 0 0 0 0 0 0 0 0 0 0 0 0 0 0 0 0 0 0 0 0 0 0 0 0 0 9795.23 1266.58 20715.9 7662.95 0 0 0 0 0 0 0 0 0 0 0 0 0 0 0 0 0 0 0 0 0 0 0 0 0 0 0 0 0 0 0 0 
0 0 0 0 0 0 0 0 0 0 0 0 0 0 0 0 0 0 0 0 0 0 0 0 0 0 0 0 0 0 0 9893.24 490.999 0 0 0 0 0 0 0 0 0 0 0 0 0 0 0 0 0 0 0 0 0 0 0 0 0 0 0 0 0 0 0 0 
0 0 0 0 0 0 0 0 0 0 0 0 0 0 0 0 0 0 0 0 0 0 0 0 0 0 0 0 0 0 0 949.83 0 0 0 0 0 0 0 0 0 0 0 0 0 0 0 0 0 0 0 0 0 0 0 0 0 0 0 0 0 0 0 0 0 
0 0 0 0 0 0 0 0 0 0 0 0 0 0 0 0 0 0 0 0 0 0 0 0 0 0 0 0 0 0 979.523 0 1655.25 0 0 0 0 0 0 0 0 0 0 0 0 0 0 0 0 0 0 0 0 0 0 0 0 0 0 0 0 0 0 0 0 
0 0 0 0 0 0 0 0 0 0 0 0 0 0 0 0 0 0 0 0 0 0 0 0 0 0 0 0 0 0 0 0 380.377 0 0 0 0 0 0 0 0 0 0 0 0 0 0 0 0 0 0 0 0 0 0 0 0 0 0 0 0 0 0 0 0 
0 0 0 0 0 0 0 0 0 0 0 0 0 0 0 0 0 0 0 0 0 0 0 0 0 0 0 0 0 0 0 0 0 0 0 0 0 0 0 0 0 0 0 0 0 0 0 0 0 0 0 0 0 0 0 0 0 0 0 0 0 0 0 0 0 
0 0 0 0 0 0 0 0 0 0 0 0 0 0 0 0 0 0 0 0 0 0 0 0 0 0 0 0 0 0 0 63.195 0 0 0 0 0 0 0 0 0 0 0 0 0 0 0 0 0 0 0 0 0 0 0 0 0 0 0 0 0 0 0 0 0 
0 0 0 0 0 0 0 0 0 0 0 0 0 0 0 0 0 0 0 0 0 0 0 0 0 0 0 0 0 0 0 0 0 0 0 0 0 0 0 0 0 0 0 0 0 0 0 0 0 0 0 0 0 0 0 0 0 0 0 0 0 0 0 0 0 
0 0 0 0 0 0 0 0 0 0 0 0 0 0 0 0 0 0 0 0 0 0 0 0 0 0 0 0 0 0 0 0 0 0 0 0 0 0 0 0 0 0 0 0 0 0 0 0 0 0 0 0 0 0 0 0 0 0 0 0 0 0 0 0 0 
0 0 0 0 0 0 0 0 0 0 0 0 0 0 0 0 0 0 0 0 0 0 0 0 0 0 0 0 0 0 0 0 1.97484 0 0 0 0 0 0 0 0 0 0 0 0 0 0 0 0 0 0 0 0 0 0 0 0 0 0 0 0 0 0 0 0 
