1 0 0 0 0 0 0 0 0 0 0 0 0 0 0 0 0 0 0 0 0 0 0 0 0 0 0 0 0 0 0 0 0 0 0 0 0 0 0 0 0 0 0 0 0 0 0 0 0 0 0 0 0 0 0 0 0 0 0 0 0 0 0 0 1 
0 0 0 0 0 0 0 0 0 0 0 0 0 0 0 0 0 0 0 0 0 0 0 0 0 0 0 0 0 0 0 0 0 0 0 0 0 0 0 0 0 0 0 0 0 0 0 0 0 0 0 0 0 0 0 0 0 0 0 0 0 0 0 0 0 
0 0 0 0 0 0 0 0 0 0 0 0 0 0 0 0 0 0 0 0 0 0 0 0 0 0 0 0 0 0 0 0 0 0 0 0 0 0 0 0 0 0 0 0 0 0 0 0 0 0 0 0 0 0 0 0 0 0 0 0 0 0 0 0 0 
0 64 0 0 0 0 0 0 0 0 0 0 0 0 0 0 0 0 0 0 0 0 0 0 0 0 0 0 0 0 0 0 0 0 0 0 0 0 0 0 0 0 0 0 0 0 0 0 0 0 0 0 0 0 0 0 0 0 0 0 0 0 0 0 0 
0 0 0 0 0 0 0 0 0 0 0 0 0 0 0 0 0 0 0 0 0 0 0 0 0 0 0 0 0 0 0 0 0 0 0 0 0 0 0 0 0 0 0 0 0 0 0 0 0 0 0 0 0 0 0 0 0 0 0 0 0 0 0 0 0 
0 0 192 0 0 0 0 0 0 0 0 0 0 0 0 0 0 0 0 0 0 0 0 0 0 0 0 0 0 0 0 0 0 0 0 0 0 0 0 0 0 0 0 0 0 0 0 0 0 0 0 0 0 0 0 0 0 0 0 0 0 0 0 0 0 
0 0 1824 0 0 0 0 0 0 0 0 0 0 0 0 0 0 0 0 0 0 0 0 0 0 0 0 0 0 0 0 0 0 0 0 0 0 0 0 0 0 0 0 0 0 0 0 0 0 0 0 0 0 0 0 0 0 0 0 0 0 0 0 0 0 
0 0 0 953.818 0 0 0 0 0 0 0 0 0 0 0 0 0 0 0 0 0 0 0 0 0 0 0 0 0 0 0 0 0 0 0 0 0 0 0 0 0 0 0 0 0 0 0 0 0 0 0 0 0 0 0 0 0 0 0 0 0 0 0 0 0 
0 0 0 9996.36 238.455 0 0 0 0 0 0 0 0 0 0 0 0 0 0 0 0 0 0 0 0 0 0 0 0 0 0 0 0 0 0 0 0 0 0 0 0 0 0 0 0 0 0 0 0 0 0 0 0 0 0 0 0 0 0 0 0 0 0 0 0 
0 0 0 30713.8 5077.22 0 0 0 0 0 0 0 0 0 0 0 0 0 0 0 0 0 0 0 0 0 0 0 0 0 0 0 0 0 0 0 0 0 0 0 0 0 0 0 0 0 0 0 0 0 0 0 0 0 0 0 0 0 0 0 0 0 0 0 0 
0 0 0 0 58926.7 3746.66 0 0 0 0 0 0 0 0 0 0 0 0 0 0 0 0 0 0 0 0 0 0 0 0 0 0 0 0 0 0 0 0 0 0 0 0 0 0 0 0 0 0 0 0 0 0 0 0 0 0 0 0 0 0 0 0 0 0 0 
0 0 0 0 229033 38213.2 1880.68 0 0 0 0 0 0 0 0 0 0 0 0 0 0 0 0 0 0 0 0 0 0 0 0 0 0 0 0 0 0 0 0 0 0 0 0 0 0 0 0 0 0 0 0 0 0 0 0 0 0 0 0 0 0 0 0 0 0 
0 0 0 0 342100 341357 36375 1245.02 155.628 0 0 0 0 0 0 0 0 0 0 0 0 0 0 0 0 0 0 0 0 0 0 0 0 0 0 0 0 0 0 0 0 0 0 0 0 0 0 0 0 0 0 0 0 0 0 0 0 0 0 0 0 0 0 0 0 
0 0 0 0 0 1.50446e+06 333320 36600 0 0 0 0 0 0 0 0 0 0 0 0 0 0 0 0 0 0 0 0 0 0 0 0 0 0 0 0 0 0 0 0 0 0 0 0 0 0 0 0 0 0 0 0 0 0 0 0 0 0 0 0 0 0 0 0 0 
0 0 0 0 0 3.05686e+06 2.12217e+06 359671 45614.2 3813.08 0 0 0 0 0 0 0 0 0 0 0 0 0 0 0 0 0 0 0 0 0 0 0 0 0 0 0 0 0 0 0 0 0 0 0 0 0 0 0 0 0 0 0 0 0 0 0 0 0 0 0 0 0 0 0 
0 0 0 0 0 2.67987e+06 9.06327e+06 2.70251e+06 458301 42276.8 5667.73 0 0 0 0 0 0 0 0 0 0 0 0 0 0 0 0 0 0 0 0 0 0 0 0 0 0 0 0 0 0 0 0 0 0 0 0 0 0 0 0 0 0 0 0 0 0 0 0 0 0 0 0 0 0 
0 0 0 0 0 0 2.14176e+07 1.4046e+07 3.54519e+06 688716 81649.9 11586.6 1473.45 0 0 0 60.8551 0 0 0 0 0 0 0 0 0 0 0 0 0 0 0 12.0549 0 0 0 0 0 0 0 0 0 0 0 0 0 0 0 0 0 0 0 0 0 0 0 0 0 0 0 0 0 0 0 0 
0 0 0 0 0 0 2.66945e+07 5.33448e+07 2.07693e+07 5.26742e+06 1.09041e+06 161666 16044 5744.32 1924.89 973.681 0 0 0 0 0 0 0 0 0 0 0 0 0 0 0 0 0 0 0 0 0 0 0 0 0 0 0 0 0 0 0 0 0 0 0 0 0 0 0 0 0 0 0 0 0 0 0 0 0 
0 0 0 0 0 0 1.53052e+07 1.30789e+08 9.31989e+07 3.15852e+07 8.33467e+06 1.9113e+06 401854 49988.4 5377.71 0 0 1926.7 0 0 0 0 0 0 0 0 0 0 0 0 0 385.755 0 0 0 0 0 0 0 0 0 0 0 0 0 0 0 0 0 0 0 0 0 0 0 0 0 0 0 0 0 0 0 0 0 
0 0 0 0 0 0 0 1.92766e+08 3.11396e+08 1.55404e+08 5.30844e+07 1.53584e+07 3.68168e+06 847102 213540 55424.5 28929.3 983.893 3885.33 0 0 0 0 0 0 0 0 0 0 0 975.567 0 0 0 0 0 0 0 0 0 0 0 0 0 0 0 0 0 0 0 0 0 0 0 0 0 0 0 0 0 0 0 0 0 0 
0 0 0 0 0 0 0 1.61888e+08 7.40992e+08 5.96517e+08 2.63857e+08 9.24457e+07 2.98843e+07 8.45375e+06 2.1582e+06 621526 131284 53691.9 27554.5 11830 3003.54 0 0 0 475.463 0 0 0 976.58 3905.63 5003.64 0 11898.4 0 0 0 0 0 0 0 0 0 0 0 0 0 0 0 0 0 0 0 0 0 0 0 0 0 0 0 0 0 0 0 0 
0 0 0 0 0 0 0 6.52827e+07 1.165e+09 1.78758e+09 1.09315e+09 4.7887e+08 1.80141e+08 6.3219e+07 1.98439e+07 5.94737e+06 1.97415e+06 828939 248816 134184 30407.6 24306 11788.3 7776.13 0 4009.88 5915.3 11456 15440.5 21455.8 0 28957.6 408.509 0 0 0 0 0 0 0 0 0 0 0 0 0 0 0 0 0 0 0 0 0 0 0 0 0 0 0 0 0 0 0 0 
0 0 0 0 0 0 0 0 1.1717e+09 3.96877e+09 3.67414e+09 2.01951e+09 9.02152e+08 3.63074e+08 1.41188e+08 5.11725e+07 1.77771e+07 6.22571e+06 2.75065e+06 1.11718e+06 751062 259783 125789 81509.9 93608.2 89704.9 75613.3 74355.7 95193.9 61965.4 112223 151058 68723.7 0 0 0 0 0 0 0 0 0 0 0 0 0 0 0 0 0 0 0 0 0 0 0 0 0 0 0 0 0 0 0 0 
0 0 0 0 0 0 0 0 7.0625e+08 6.29512e+09 9.81308e+09 7.23363e+09 3.87526e+09 1.82724e+09 8.03982e+08 3.35432e+08 1.34357e+08 5.45936e+07 2.24382e+07 1.07618e+07 4.789e+06 2.86241e+06 1.78228e+06 1.07749e+06 749451 466443 532359 530034 498439 431802 689847 266106 714051 0 0 0 0 0 0 0 0 0 0 0 0 0 0 0 0 0 0 0 0 0 0 0 0 0 0 0 0 0 0 0 0 
0 0 0 0 0 0 0 0 2.12816e+08 6.86814e+09 2.02534e+10 2.14727e+10 1.43174e+10 7.78069e+09 3.86748e+09 1.83782e+09 8.52945e+08 3.84575e+08 1.71157e+08 8.04672e+07 3.9905e+07 2.20681e+07 1.2332e+07 7.92628e+06 5.30209e+06 4.59957e+06 3.50548e+06 3.10158e+06 2.55395e+06 3.35862e+06 2.35733e+06 2.97431e+06 3.00235e+06 0 0 0 0 0 0 0 0 0 0 0 0 0 0 0 0 0 0 0 0 0 0 0 0 0 0 0 0 0 0 0 0 
0 0 0 0 0 0 0 0 0 5.0122e+09 3.11414e+10 5.11698e+10 4.47015e+10 2.8805e+10 1.62451e+10 8.61112e+09 4.45507e+09 2.21529e+09 1.11937e+09 5.54576e+08 2.89e+08 1.56136e+08 9.38867e+07 5.93927e+07 4.02793e+07 2.72341e+07 2.1477e+07 1.74298e+07 1.76102e+07 1.50802e+07 1.3776e+07 1.54858e+07 1.26357e+07 0 0 0 0 0 0 0 0 0 0 0 0 0 0 0 0 0 0 0 0 0 0 0 0 0 0 0 0 0 0 0 0 
0 0 0 0 0 0 0 0 0 2.28234e+09 3.50066e+10 9.73687e+10 1.16989e+11 9.26226e+10 5.98167e+10 3.50898e+10 1.9783e+10 1.10721e+10 6.04852e+09 3.28573e+09 1.80299e+09 1.03061e+09 6.04706e+08 3.80778e+08 2.50399e+08 1.78484e+08 1.39129e+08 1.15008e+08 9.5736e+07 7.9618e+07 8.36583e+07 7.58115e+07 7.84996e+07 0 0 0 0 0 0 0 0 0 0 0 0 0 0 0 0 0 0 0 0 0 0 0 0 0 0 0 0 0 0 0 0 
0 0 0 0 0 0 0 0 0 5.36935e+08 2.8012e+10 1.42823e+11 2.51996e+11 2.55267e+11 1.94615e+11 1.28014e+11 7.9486e+10 4.78841e+10 2.79496e+10 1.64755e+10 9.80107e+09 5.92697e+09 3.70762e+09 2.37106e+09 1.585e+09 1.13927e+09 8.35629e+08 6.64851e+08 5.48233e+08 4.94985e+08 4.31237e+08 4.2218e+08 4.05687e+08 0 0 0 0 0 0 0 0 0 0 0 0 0 0 0 0 0 0 0 0 0 0 0 0 0 0 0 0 0 0 0 0 
0 0 0 0 0 0 0 0 0 0 1.55313e+10 1.58973e+11 4.36725e+11 5.93583e+11 5.48387e+11 4.14666e+11 2.82568e+11 1.83627e+11 1.17719e+11 7.37546e+10 4.66957e+10 2.98983e+10 1.94901e+10 1.28239e+10 9.06074e+09 6.55579e+09 4.89846e+09 3.85095e+09 3.19336e+09 2.75265e+09 2.48876e+09 2.33285e+09 2.31985e+09 0 0 0 0 0 0 0 0 0 0 0 0 0 0 0 0 0 0 0 0 0 0 0 0 0 0 0 0 0 0 0 0 
0 0 0 0 0 0 0 0 0 0 5.55749e+09 1.32895e+11 6.05549e+11 1.14902e+12 1.33788e+12 1.18462e+12 9.04083e+11 6.38052e+11 4.36404e+11 2.94004e+11 1.98341e+11 1.32658e+11 9.0723e+10 6.38896e+10 4.56303e+10 3.40327e+10 2.62658e+10 2.08487e+10 1.72842e+10 1.50233e+10 1.36206e+10 1.25935e+10 1.24226e+10 0 0 0 0 0 0 0 0 0 0 0 0 0 0 0 0 0 0 0 0 0 0 0 0 0 0 0 0 0 0 0 0 
0 0 0 0 0 0 0 0 0 0 1.06417e+09 8.13471e+10 6.54814e+11 1.82606e+12 2.77031e+12 2.95444e+12 2.57532e+12 2.00286e+12 1.47405e+12 1.06018e+12 7.50058e+11 5.30846e+11 3.81662e+11 2.79364e+11 2.07902e+11 1.59888e+11 1.24574e+11 1.01452e+11 8.70133e+10 7.61398e+10 6.8944e+10 6.50635e+10 6.32689e+10 0 0 0 0 0 0 0 0 0 0 0 0 0 0 0 0 0 0 0 0 0 0 0 0 0 0 0 0 0 0 0 0 
0 0 0 0 0 0 0 0 0 0 0 3.5655e+10 5.48507e+11 2.35501e+12 4.82696e+12 6.36037e+12 6.4703e+12 5.64327e+12 4.53299e+12 3.45355e+12 2.60228e+12 1.94371e+12 1.45139e+12 1.09341e+12 8.48215e+11 6.65792e+11 5.42028e+11 4.55257e+11 3.86563e+11 3.39662e+11 3.11167e+11 2.95612e+11 2.92266e+11 0 0 0 0 0 0 0 0 0 0 0 0 0 0 0 0 0 0 0 0 0 0 0 0 0 0 0 0 0 0 0 0 
0 0 0 0 0 0 0 0 0 0 0 1.03514e+10 3.5378e+11 2.44035e+12 6.99643e+12 1.17899e+13 1.42342e+13 1.41412e+13 1.24282e+13 1.02488e+13 8.20539e+12 6.44661e+12 5.01142e+12 3.97116e+12 3.15844e+12 2.55935e+12 2.11688e+12 1.81692e+12 1.58262e+12 1.40807e+12 1.29452e+12 1.23952e+12 1.22613e+12 0 0 0 0 0 0 0 0 0 0 0 0 0 0 0 0 0 0 0 0 0 0 0 0 0 0 0 0 0 0 0 0 
0 0 0 0 0 0 0 0 0 0 0 1.69791e+09 1.72583e+11 2.01175e+12 8.38848e+12 1.84817e+13 2.73198e+13 3.14686e+13 3.0996e+13 2.77539e+13 2.35461e+13 1.93971e+13 1.60369e+13 1.30089e+13 1.07707e+13 8.98171e+12 7.67431e+12 6.61334e+12 5.87112e+12 5.31454e+12 4.98232e+12 4.78853e+12 4.70155e+12 0 0 0 0 0 0 0 0 0 0 0 0 0 0 0 0 0 0 0 0 0 0 0 0 0 0 0 0 0 0 0 0 
0 0 0 0 0 0 0 0 0 0 0 0 6.20422e+10 1.31894e+12 8.20376e+12 2.43846e+13 4.51698e+13 6.14253e+13 6.86968e+13 6.80461e+13 6.22183e+13 5.46376e+13 4.6734e+13 3.98113e+13 3.36304e+13 2.90256e+13 2.53859e+13 2.23045e+13 2.00794e+13 1.84619e+13 1.73503e+13 1.68275e+13 1.66712e+13 0 0 0 0 0 0 0 0 0 0 0 0 0 0 0 0 0 0 0 0 0 0 0 0 0 0 0 0 0 0 0 0 
0 0 0 0 0 0 0 0 0 0 0 0 1.49803e+10 6.80486e+11 6.57154e+12 2.69899e+13 6.37683e+13 1.04677e+14 1.35123e+14 1.49078e+14 1.48664e+14 1.39058e+14 1.25607e+14 1.11448e+14 9.87736e+13 8.7343e+13 7.73049e+13 6.9763e+13 6.38584e+13 5.9403e+13 5.6737e+13 5.47501e+13 5.4353e+13 0 0 0 0 0 0 0 0 0 0 0 0 0 0 0 0 0 0 0 0 0 0 0 0 0 0 0 0 0 0 0 0 
0 0 0 0 0 0 0 0 0 0 0 0 2.23824e+09 2.72664e+11 4.28071e+12 2.48879e+13 7.66366e+13 1.54142e+14 2.33081e+14 2.90895e+14 3.20708e+14 3.22896e+14 3.09442e+14 2.88716e+14 2.65584e+14 2.41574e+14 2.19889e+14 2.03128e+14 1.88632e+14 1.77649e+14 1.69597e+14 1.66053e+14 1.64179e+14 0 0 0 0 0 0 0 0 0 0 0 0 0 0 0 0 0 0 0 0 0 0 0 0 0 0 0 0 0 0 0 0 
0 0 0 0 0 0 0 0 0 0 0 0 0 8.24791e+10 2.25863e+12 1.90506e+13 7.80031e+13 1.96346e+14 3.53419e+14 5.0455e+14 6.18161e+14 6.82375e+14 7.00933e+14 6.86392e+14 6.54527e+14 6.20072e+14 5.83315e+14 5.44537e+14 5.1705e+14 4.9356e+14 4.7721e+14 4.66863e+14 4.61922e+14 0 0 0 0 0 0 0 0 0 0 0 0 0 0 0 0 0 0 0 0 0 0 0 0 0 0 0 0 0 0 0 0 
0 0 0 0 0 0 0 0 0 0 0 0 0 1.72716e+10 9.6459e+11 1.2152e+13 6.71617e+13 2.13777e+14 4.65061e+14 7.72315e+14 1.06269e+15 1.28686e+15 1.43049e+15 1.49349e+15 1.49412e+15 1.46263e+15 1.41413e+15 1.36665e+15 1.31276e+15 1.27347e+15 1.25098e+15 1.22215e+15 1.22438e+15 0 0 0 0 0 0 0 0 0 0 0 0 0 0 0 0 0 0 0 0 0 0 0 0 0 0 0 0 0 0 0 0 
0 0 0 0 0 0 0 0 0 0 0 0 0 2.50337e+09 3.27698e+11 6.44504e+12 4.90865e+13 2.00743e+14 5.31553e+14 1.03826e+15 1.62463e+15 2.18683e+15 2.62221e+15 2.93014e+15 3.12135e+15 3.19384e+15 3.2003e+15 3.1695e+15 3.12649e+15 3.05384e+15 3.01941e+15 3.00021e+15 2.99207e+15 0 0 0 0 0 0 0 0 0 0 0 0 0 0 0 0 0 0 0 0 0 0 0 0 0 0 0 0 0 0 0 0 
0 0 0 0 0 0 0 0 0 0 0 0 0 0 8.60849e+10 2.82665e+12 3.01856e+13 1.61135e+14 5.26869e+14 1.22269e+15 2.20297e+15 3.30696e+15 4.36863e+15 5.24049e+15 5.88324e+15 6.34193e+15 6.58108e+15 6.71656e+15 6.76533e+15 6.82198e+15 6.77478e+15 6.79534e+15 6.7918e+15 0 0 0 0 0 0 0 0 0 0 0 0 0 0 0 0 0 0 0 0 0 0 0 0 0 0 0 0 0 0 0 0 
0 0 0 0 0 0 0 0 0 0 0 0 0 0 1.6251e+10 1.02948e+12 1.58297e+13 1.10573e+14 4.5373e+14 1.2569e+15 2.62622e+15 4.44695e+15 6.47708e+15 8.46002e+15 1.01422e+16 1.14638e+16 1.24961e+16 1.31626e+16 1.3652e+16 1.39396e+16 1.40861e+16 1.4123e+16 1.4161e+16 0 0 0 0 0 0 0 0 0 0 0 0 0 0 0 0 0 0 0 0 0 0 0 0 0 0 0 0 0 0 0 0 
0 0 0 0 0 0 0 0 0 0 0 0 0 0 2.4939e+09 3.05524e+11 7.01408e+12 6.58069e+13 3.38443e+14 1.1294e+15 2.75765e+15 5.31947e+15 8.60268e+15 1.22103e+16 1.57877e+16 1.89661e+16 2.15906e+16 2.36364e+16 2.51232e+16 2.61653e+16 2.69736e+16 2.73261e+16 2.74873e+16 0 0 0 0 0 0 0 0 0 0 0 0 0 0 0 0 0 0 0 0 0 0 0 0 0 0 0 0 0 0 0 0 
0 0 0 0 0 0 0 0 0 0 0 0 0 0 0 7.25249e+10 2.64409e+12 3.34755e+13 2.18566e+14 8.9033e+14 2.55508e+15 5.63387e+15 1.01991e+16 1.58647e+16 2.20833e+16 2.81511e+16 3.36938e+16 3.83942e+16 4.22746e+16 4.50954e+16 4.69835e+16 4.81182e+16 4.8484e+16 0 0 0 0 0 0 0 0 0 0 0 0 0 0 0 0 0 0 0 0 0 0 0 0 0 0 0 0 0 0 0 0 
0 0 0 0 0 0 0 0 0 0 0 0 0 0 0 1.28285e+10 8.46111e+11 1.48002e+13 1.23843e+14 6.18822e+14 2.08826e+15 5.29692e+15 1.07594e+16 1.84451e+16 2.77585e+16 3.78878e+16 4.8007e+16 5.71662e+16 6.4887e+16 7.10442e+16 7.52045e+16 7.79963e+16 7.87853e+16 0 0 0 0 0 0 0 0 0 0 0 0 0 0 0 0 0 0 0 0 0 0 0 0 0 0 0 0 0 0 0 0 
0 0 0 0 0 0 0 0 0 0 0 0 0 0 0 2.28905e+09 2.28142e+11 5.6916e+12 6.12466e+13 3.72973e+14 1.50813e+15 4.41555e+15 1.01171e+16 1.92537e+16 3.15247e+16 4.61806e+16 6.15447e+16 7.67436e+16 9.01392e+16 1.01281e+17 1.09685e+17 1.14876e+17 1.16676e+17 0 0 0 0 0 0 0 0 0 0 0 0 0 0 0 0 0 0 0 0 0 0 0 0 0 0 0 0 0 0 0 0 
0 0 0 0 0 0 0 0 0 0 0 0 0 0 0 0 5.15565e+10 1.90279e+12 2.66456e+13 2.01395e+14 9.65262e+14 3.27526e+15 8.51845e+15 1.79661e+16 3.21808e+16 5.04868e+16 7.16032e+16 9.357e+16 1.14362e+17 1.32189e+17 1.46099e+17 1.54371e+17 1.57212e+17 0 0 0 0 0 0 0 0 0 0 0 0 0 0 0 0 0 0 0 0 0 0 0 0 0 0 0 0 0 0 0 0 
0 0 0 0 0 0 0 0 0 0 0 0 0 0 0 0 8.86044e+09 5.53403e+11 1.03612e+13 9.64873e+13 5.49089e+14 2.16611e+15 6.39935e+15 1.49968e+16 2.94178e+16 4.98558e+16 7.53365e+16 1.0345e+17 1.31328e+17 1.56699e+17 1.76487e+17 1.88926e+17 1.93272e+17 0 0 0 0 0 0 0 0 0 0 0 0 0 0 0 0 0 0 0 0 0 0 0 0 0 0 0 0 0 0 0 0 
0 0 0 0 0 0 0 0 0 0 0 0 0 0 0 0 1.97686e+09 1.41713e+11 3.53984e+12 4.09995e+13 2.80149e+14 1.28427e+15 4.29778e+15 1.1263e+16 2.42162e+16 4.44816e+16 7.15844e+16 1.03516e+17 1.37678e+17 1.68768e+17 1.93888e+17 2.10674e+17 2.16187e+17 0 0 0 0 0 0 0 0 0 0 0 0 0 0 0 0 0 0 0 0 0 0 0 0 0 0 0 0 0 0 0 0 
0 0 0 0 0 0 0 0 0 0 0 0 0 0 0 0 0 3.199e+10 1.08916e+12 1.58323e+13 1.2935e+14 6.87406e+14 2.61851e+15 7.66114e+15 1.80401e+16 3.57835e+16 6.1562e+16 9.3976e+16 1.29765e+17 1.64711e+17 1.93916e+17 2.13276e+17 2.20093e+17 0 0 0 0 0 0 0 0 0 0 0 0 0 0 0 0 0 0 0 0 0 0 0 0 0 0 0 0 0 0 0 0 
0 0 0 0 0 0 0 0 0 0 0 0 0 0 0 0 0 5.48956e+09 3.00624e+11 5.52822e+12 5.38715e+13 3.31838e+14 1.44274e+15 4.69672e+15 1.21956e+16 2.61982e+16 4.80412e+16 7.75304e+16 1.11676e+17 1.46562e+17 1.77022e+17 1.97181e+17 2.04213e+17 0 0 0 0 0 0 0 0 0 0 0 0 0 0 0 0 0 0 0 0 0 0 0 0 0 0 0 0 0 0 0 0 
0 0 0 0 0 0 0 0 0 0 0 0 0 0 0 0 0 1.58265e+09 7.64555e+10 1.76609e+12 2.05864e+13 1.47485e+14 7.22909e+14 2.63736e+15 7.49019e+15 1.73751e+16 3.41602e+16 5.81427e+16 8.77278e+16 1.19204e+17 1.46512e+17 1.65691e+17 1.73111e+17 0 0 0 0 0 0 0 0 0 0 0 0 0 0 0 0 0 0 0 0 0 0 0 0 0 0 0 0 0 0 0 0 
0 0 0 0 0 0 0 0 0 0 0 0 0 0 0 0 0 0 1.81326e+10 5.19124e+11 7.26833e+12 6.00867e+13 3.32938e+14 1.34928e+15 4.21792e+15 1.05996e+16 2.22325e+16 4.00541e+16 6.30269e+16 8.81748e+16 1.11562e+17 1.28037e+17 1.33415e+17 0 0 0 0 0 0 0 0 0 0 0 0 0 0 0 0 0 0 0 0 0 0 0 0 0 0 0 0 0 0 0 0 
0 0 0 0 0 0 0 0 0 0 0 0 0 0 0 0 0 0 3.12861e+09 1.41605e+11 2.3726e+12 2.26735e+13 1.42712e+14 6.39583e+14 2.1837e+15 5.91828e+15 1.32832e+16 2.52188e+16 4.15494e+16 6.01736e+16 7.76216e+16 9.00554e+16 9.50332e+16 0 0 0 0 0 0 0 0 0 0 0 0 0 0 0 0 0 0 0 0 0 0 0 0 0 0 0 0 0 0 0 0 
0 0 0 0 0 0 0 0 0 0 0 0 0 0 0 0 0 0 1.18218e+09 3.78803e+10 7.37362e+11 8.05932e+12 5.67435e+13 2.812e+14 1.0482e+15 3.07118e+15 7.32354e+15 1.4632e+16 2.51904e+16 3.76586e+16 4.99705e+16 5.89667e+16 6.21916e+16 0 0 0 0 0 0 0 0 0 0 0 0 0 0 0 0 0 0 0 0 0 0 0 0 0 0 0 0 0 0 0 0 
0 0 0 0 0 0 0 0 0 0 0 0 0 0 0 0 0 0 0 9.46759e+09 2.15226e+11 2.69622e+12 2.13724e+13 1.15545e+14 4.6752e+14 1.48036e+15 3.76864e+15 7.94545e+15 1.41945e+16 2.20263e+16 2.9762e+16 3.56298e+16 3.76993e+16 0 0 0 0 0 0 0 0 0 0 0 0 0 0 0 0 0 0 0 0 0 0 0 0 0 0 0 0 0 0 0 0 
0 0 0 0 0 0 0 0 0 0 0 0 0 0 0 0 0 0 0 1.6031e+09 6.11362e+10 8.66519e+11 7.58985e+12 4.54651e+13 1.99581e+14 6.70182e+14 1.80416e+15 4.01289e+15 7.45697e+15 1.18896e+16 1.64745e+16 2.00015e+16 2.13126e+16 0 0 0 0 0 0 0 0 0 0 0 0 0 0 0 0 0 0 0 0 0 0 0 0 0 0 0 0 0 0 0 0 
0 0 0 0 0 0 0 0 0 0 0 0 0 0 0 0 0 0 0 8.00912e+08 1.76808e+10 2.71735e+11 2.60553e+12 1.70216e+13 7.97828e+13 2.8654e+14 8.18375e+14 1.89576e+15 3.68922e+15 6.07426e+15 8.56386e+15 1.04822e+16 1.12249e+16 0 0 0 0 0 0 0 0 0 0 0 0 0 0 0 0 0 0 0 0 0 0 0 0 0 0 0 0 0 0 0 0 
0 0 0 0 0 0 0 0 0 0 0 0 0 0 0 0 0 0 0 0 4.53377e+09 8.14082e+10 8.63464e+11 6.10346e+12 3.08042e+13 1.18183e+14 3.5365e+14 8.60212e+14 1.71937e+15 2.9165e+15 4.21392e+15 5.21426e+15 5.58343e+15 0 0 0 0 0 0 0 0 0 0 0 0 0 0 0 0 0 0 0 0 0 0 0 0 0 0 0 0 0 0 0 0 
0 0 0 0 0 0 0 0 0 0 0 0 0 0 0 0 0 0 0 0 7.22826e+08 2.45165e+10 2.86197e+11 2.14202e+12 1.15173e+13 4.64341e+13 1.4643e+14 3.70658e+14 7.66344e+14 1.33043e+15 1.96056e+15 2.46209e+15 2.64971e+15 0 0 0 0 0 0 0 0 0 0 0 0 0 0 0 0 0 0 0 0 0 0 0 0 0 0 0 0 0 0 0 0 
0 0 0 0 0 0 0 0 0 0 0 0 0 0 0 0 0 0 0 0 4.91587e+08 7.72166e+09 9.22116e+10 7.44116e+11 4.20809e+12 1.78845e+13 5.84702e+13 1.54125e+14 3.32362e+14 5.87259e+14 8.82302e+14 1.11475e+15 1.21051e+15 0 0 0 0 0 0 0 0 0 0 0 0 0 0 0 0 0 0 0 0 0 0 0 0 0 0 0 0 0 0 0 0 
0 0 0 0 0 0 0 0 0 0 0 0 0 0 0 0 0 0 0 0 0 1.96083e+09 2.84364e+10 2.51904e+11 1.52507e+12 6.70572e+12 2.29652e+13 6.20256e+13 1.3701e+14 2.4993e+14 3.78083e+14 4.88149e+14 5.26753e+14 0 0 0 0 0 0 0 0 0 0 0 0 0 0 0 0 0 0 0 0 0 0 0 0 0 0 0 0 0 0 0 0 
0 0 0 0 0 0 0 0 0 0 0 0 0 0 0 0 0 0 0 0 0 2.83315e+08 9.20813e+09 8.71724e+10 5.42909e+11 2.48169e+12 8.85491e+12 2.46923e+13 5.57555e+13 1.03466e+14 1.59519e+14 2.06848e+14 2.24003e+14 0 0 0 0 0 0 0 0 0 0 0 0 0 0 0 0 0 0 0 0 0 0 0 0 0 0 0 0 0 0 0 0 
0 0 0 0 0 0 0 0 0 0 0 0 0 0 0 0 0 0 0 0 0 2.69573e+08 3.06904e+09 2.86884e+10 1.91096e+11 9.2911e+11 3.35602e+12 9.70169e+12 2.22907e+13 4.1955e+13 6.52184e+13 8.53038e+13 9.33207e+13 0 0 0 0 0 0 0 0 0 0 0 0 0 0 0 0 0 0 0 0 0 0 0 0 0 0 0 0 0 0 0 0 
0 0 0 0 0 0 0 0 0 0 0 0 0 0 0 0 0 0 0 0 0 0 7.43976e+08 9.00908e+09 6.76543e+10 3.41647e+11 1.26758e+12 3.74804e+12 8.83681e+12 1.69714e+13 2.68111e+13 3.47969e+13 3.81779e+13 0 0 0 0 0 0 0 0 0 0 0 0 0 0 0 0 0 0 0 0 0 0 0 0 0 0 0 0 0 0 0 0 
0 0 0 0 0 0 0 0 0 0 0 0 0 0 0 0 0 0 0 0 0 0 9.42073e+07 3.18192e+09 2.43683e+10 1.24274e+11 4.86026e+11 1.47013e+12 3.50055e+12 6.74948e+12 1.07701e+13 1.41472e+13 1.56599e+13 0 0 0 0 0 0 0 0 0 0 0 0 0 0 0 0 0 0 0 0 0 0 0 0 0 0 0 0 0 0 0 0 
0 0 0 0 0 0 0 0 0 0 0 0 0 0 0 0 0 0 0 0 0 0 1.31434e+08 1.09198e+09 7.95074e+09 4.48271e+10 1.85203e+11 5.62623e+11 1.38524e+12 2.71496e+12 4.36318e+12 5.78279e+12 6.31413e+12 0 0 0 0 0 0 0 0 0 0 0 0 0 0 0 0 0 0 0 0 0 0 0 0 0 0 0 0 0 0 0 0 
0 0 0 0 0 0 0 0 0 0 0 0 0 0 0 0 0 0 0 0 0 0 0 2.42503e+08 2.57105e+09 1.68176e+10 6.95326e+10 2.17343e+11 5.48628e+11 1.09252e+12 1.76287e+12 2.36451e+12 2.57714e+12 0 0 0 0 0 0 0 0 0 0 0 0 0 0 0 0 0 0 0 0 0 0 0 0 0 0 0 0 0 0 0 0 
0 0 0 0 0 0 0 0 0 0 0 0 0 0 0 0 0 0 0 0 0 0 0 2.60724e+07 1.00393e+09 6.0834e+09 2.52619e+10 8.5376e+10 2.15933e+11 4.35291e+11 7.1845e+11 9.47406e+11 1.05495e+12 0 0 0 0 0 0 0 0 0 0 0 0 0 0 0 0 0 0 0 0 0 0 0 0 0 0 0 0 0 0 0 0 
0 0 0 0 0 0 0 0 0 0 0 0 0 0 0 0 0 0 0 0 0 0 0 5.62449e+07 3.3911e+08 1.88928e+09 9.51988e+09 3.32182e+10 8.37718e+10 1.75817e+11 2.89324e+11 3.89477e+11 4.29616e+11 0 0 0 0 0 0 0 0 0 0 0 0 0 0 0 0 0 0 0 0 0 0 0 0 0 0 0 0 0 0 0 0 
0 0 0 0 0 0 0 0 0 0 0 0 0 0 0 0 0 0 0 0 0 0 0 0 6.61385e+07 6.56201e+08 3.74192e+09 1.22551e+10 3.31087e+10 6.99904e+10 1.16134e+11 1.61124e+11 1.74091e+11 0 0 0 0 0 0 0 0 0 0 0 0 0 0 0 0 0 0 0 0 0 0 0 0 0 0 0 0 0 0 0 0 
0 0 0 0 0 0 0 0 0 0 0 0 0 0 0 0 0 0 0 0 0 0 0 0 5.79963e+06 2.84124e+08 1.28983e+09 4.48993e+09 1.33854e+10 2.73491e+10 4.72602e+10 6.44041e+10 7.14944e+10 0 0 0 0 0 0 0 0 0 0 0 0 0 0 0 0 0 0 0 0 0 0 0 0 0 0 0 0 0 0 0 0 
0 0 0 0 0 0 0 0 0 0 0 0 0 0 0 0 0 0 0 0 0 0 0 0 2.08952e+07 9.00222e+07 3.78633e+08 1.82836e+09 5.06344e+09 1.07299e+10 1.91666e+10 2.57437e+10 2.94801e+10 0 0 0 0 0 0 0 0 0 0 0 0 0 0 0 0 0 0 0 0 0 0 0 0 0 0 0 0 0 0 0 0 
0 0 0 0 0 0 0 0 0 0 0 0 0 0 0 0 0 0 0 0 0 0 0 0 0 1.45914e+07 1.53168e+08 7.23865e+08 1.81302e+09 4.42926e+09 7.48809e+09 1.03855e+10 1.17287e+10 0 0 0 0 0 0 0 0 0 0 0 0 0 0 0 0 0 0 0 0 0 0 0 0 0 0 0 0 0 0 0 0 
0 0 0 0 0 0 0 0 0 0 0 0 0 0 0 0 0 0 0 0 0 0 0 0 0 1.00522e+06 7.06802e+07 2.22117e+08 7.01505e+08 1.78535e+09 2.86427e+09 4.40002e+09 4.49141e+09 0 0 0 0 0 0 0 0 0 0 0 0 0 0 0 0 0 0 0 0 0 0 0 0 0 0 0 0 0 0 0 0 
0 0 0 0 0 0 0 0 0 0 0 0 0 0 0 0 0 0 0 0 0 0 0 0 0 6.64912e+06 1.95994e+07 6.32876e+07 3.10603e+08 6.18863e+08 1.18106e+09 1.68934e+09 1.86194e+09 0 0 0 0 0 0 0 0 0 0 0 0 0 0 0 0 0 0 0 0 0 0 0 0 0 0 0 0 0 0 0 0 
0 0 0 0 0 0 0 0 0 0 0 0 0 0 0 0 0 0 0 0 0 0 0 0 0 0 2.49917e+06 3.29946e+07 1.13987e+08 2.17499e+08 5.09399e+08 6.07986e+08 8.05105e+08 0 0 0 0 0 0 0 0 0 0 0 0 0 0 0 0 0 0 0 0 0 0 0 0 0 0 0 0 0 0 0 0 
0 0 0 0 0 0 0 0 0 0 0 0 0 0 0 0 0 0 0 0 0 0 0 0 0 0 124019 1.48703e+07 2.86454e+07 9.93111e+07 1.82905e+08 2.49514e+08 3.0878e+08 0 0 0 0 0 0 0 0 0 0 0 0 0 0 0 0 0 0 0 0 0 0 0 0 0 0 0 0 0 0 0 0 
0 0 0 0 0 0 0 0 0 0 0 0 0 0 0 0 0 0 0 0 0 0 0 0 0 0 1.78718e+06 3.33298e+06 9.32362e+06 4.45055e+07 5.55186e+07 1.1455e+08 1.00159e+08 0 0 0 0 0 0 0 0 0 0 0 0 0 0 0 0 0 0 0 0 0 0 0 0 0 0 0 0 0 0 0 0 
0 0 0 0 0 0 0 0 0 0 0 0 0 0 0 0 0 0 0 0 0 0 0 0 0 0 0 310474 6.32619e+06 1.33336e+07 2.30197e+07 4.42603e+07 3.78844e+07 0 0 0 0 0 0 0 0 0 0 0 0 0 0 0 0 0 0 0 0 0 0 0 0 0 0 0 0 0 0 0 0 
0 0 0 0 0 0 0 0 0 0 0 0 0 0 0 0 0 0 0 0 0 0 0 0 0 0 0 9782.29 2.49086e+06 2.54785e+06 1.25138e+07 1.21768e+07 1.9574e+07 0 0 0 0 0 0 0 0 0 0 0 0 0 0 0 0 0 0 0 0 0 0 0 0 0 0 0 0 0 0 0 0 
0 0 0 0 0 0 0 0 0 0 0 0 0 0 0 0 0 0 0 0 0 0 0 0 0 0 0 396920 413883 1.29988e+06 4.76501e+06 3.67345e+06 8.50357e+06 0 0 0 0 0 0 0 0 0 0 0 0 0 0 0 0 0 0 0 0 0 0 0 0 0 0 0 0 0 0 0 0 
0 0 0 0 0 0 0 0 0 0 0 0 0 0 0 0 0 0 0 0 0 0 0 0 0 0 0 0 24849.2 1.01705e+06 994938 2.35938e+06 2.26295e+06 0 0 0 0 0 0 0 0 0 0 0 0 0 0 0 0 0 0 0 0 0 0 0 0 0 0 0 0 0 0 0 0 
0 0 0 0 0 0 0 0 0 0 0 0 0 0 0 0 0 0 0 0 0 0 0 0 0 0 0 0 363.542 307966 137665 1.22113e+06 387769 0 0 0 0 0 0 0 0 0 0 0 0 0 0 0 0 0 0 0 0 0 0 0 0 0 0 0 0 0 0 0 0 
0 0 0 0 0 0 0 0 0 0 0 0 0 0 0 0 0 0 0 0 0 0 0 0 0 0 0 0 70871.4 33107.6 177243 307088 251040 0 0 0 0 0 0 0 0 0 0 0 0 0 0 0 0 0 0 0 0 0 0 0 0 0 0 0 0 0 0 0 0 
0 0 0 0 0 0 0 0 0 0 0 0 0 0 0 0 0 0 0 0 0 0 0 0 0 0 0 0 0 953.513 123958 37124.5 208649 0 0 0 0 0 0 0 0 0 0 0 0 0 0 0 0 0 0 0 0 0 0 0 0 0 0 0 0 0 0 0 0 
0 0 0 0 0 0 0 0 0 0 0 0 0 0 0 0 0 0 0 0 0 0 0 0 0 0 0 0 0 0 24661.3 3832.43 68065.2 0 0 0 0 0 0 0 0 0 0 0 0 0 0 0 0 0 0 0 0 0 0 0 0 0 0 0 0 0 0 0 0 
0 0 0 0 0 0 0 0 0 0 0 0 0 0 0 0 0 0 0 0 0 0 0 0 0 0 0 0 0 9775.37 1272.13 20519.5 7486.98 0 0 0 0 0 0 0 0 0 0 0 0 0 0 0 0 0 0 0 0 0 0 0 0 0 0 0 0 0 0 0 0 
0 0 0 0 0 0 0 0 0 0 0 0 0 0 0 0 0 0 0 0 0 0 0 0 0 0 0 0 0 0 0 9905 483.754 0 0 0 0 0 0 0 0 0 0 0 0 0 0 0 0 0 0 0 0 0 0 0 0 0 0 0 0 0 0 0 0 
0 0 0 0 0 0 0 0 0 0 0 0 0 0 0 0 0 0 0 0 0 0 0 0 0 0 0 0 0 0 0 949.51 0 0 0 0 0 0 0 0 0 0 0 0 0 0 0 0 0 0 0 0 0 0 0 0 0 0 0 0 0 0 0 0 0 
0 0 0 0 0 0 0 0 0 0 0 0 0 0 0 0 0 0 0 0 0 0 0 0 0 0 0 0 0 0 977.537 0 1643.24 0 0 0 0 0 0 0 0 0 0 0 0 0 0 0 0 0 0 0 0 0 0 0 0 0 0 0 0 0 0 0 0 
0 0 0 0 0 0 0 0 0 0 0 0 0 0 0 0 0 0 0 0 0 0 0 0 0 0 0 0 0 0 0 0 380.701 0 0 0 0 0 0 0 0 0 0 0 0 0 0 0 0 0 0 0 0 0 0 0 0 0 0 0 0 0 0 0 0 
0 0 0 0 0 0 0 0 0 0 0 0 0 0 0 0 0 0 0 0 0 0 0 0 0 0 0 0 0 0 0 0 0 0 0 0 0 0 0 0 0 0 0 0 0 0 0 0 0 0 0 0 0 0 0 0 0 0 0 0 0 0 0 0 0 
0 0 0 0 0 0 0 0 0 0 0 0 0 0 0 0 0 0 0 0 0 0 0 0 0 0 0 0 0 0 0 63.0669 0 0 0 0 0 0 0 0 0 0 0 0 0 0 0 0 0 0 0 0 0 0 0 0 0 0 0 0 0 0 0 0 0 
0 0 0 0 0 0 0 0 0 0 0 0 0 0 0 0 0 0 0 0 0 0 0 0 0 0 0 0 0 0 0 0 0 0 0 0 0 0 0 0 0 0 0 0 0 0 0 0 0 0 0 0 0 0 0 0 0 0 0 0 0 0 0 0 0 
0 0 0 0 0 0 0 0 0 0 0 0 0 0 0 0 0 0 0 0 0 0 0 0 0 0 0 0 0 0 0 0 0 0 0 0 0 0 0 0 0 0 0 0 0 0 0 0 0 0 0 0 0 0 0 0 0 0 0 0 0 0 0 0 0 
0 0 0 0 0 0 0 0 0 0 0 0 0 0 0 0 0 0 0 0 0 0 0 0 0 0 0 0 0 0 0 0 1.97084 0 0 0 0 0 0 0 0 0 0 0 0 0 0 0 0 0 0 0 0 0 0 0 0 0 0 0 0 0 0 0 0 
