1 0 0 0 0 0 0 0 0 0 0 0 0 0 0 0 0 0 0 0 0 0 0 0 0 0 0 0 0 0 0 0 0 0 0 0 0 0 0 0 0 0 0 0 0 0 0 0 0 0 0 0 0 0 0 0 0 0 0 0 0 0 0 0 1 
0 0 0 0 0 0 0 0 0 0 0 0 0 0 0 0 0 0 0 0 0 0 0 0 0 0 0 0 0 0 0 0 0 0 0 0 0 0 0 0 0 0 0 0 0 0 0 0 0 0 0 0 0 0 0 0 0 0 0 0 0 0 0 0 0 
0 0 0 0 0 0 0 0 0 0 0 0 0 0 0 0 0 0 0 0 0 0 0 0 0 0 0 0 0 0 0 0 0 0 0 0 0 0 0 0 0 0 0 0 0 0 0 0 0 0 0 0 0 0 0 0 0 0 0 0 0 0 0 0 0 
0 64 0 0 0 0 0 0 0 0 0 0 0 0 0 0 0 0 0 0 0 0 0 0 0 0 0 0 0 0 0 0 0 0 0 0 0 0 0 0 0 0 0 0 0 0 0 0 0 0 0 0 0 0 0 0 0 0 0 0 0 0 0 0 0 
0 0 0 0 0 0 0 0 0 0 0 0 0 0 0 0 0 0 0 0 0 0 0 0 0 0 0 0 0 0 0 0 0 0 0 0 0 0 0 0 0 0 0 0 0 0 0 0 0 0 0 0 0 0 0 0 0 0 0 0 0 0 0 0 0 
0 0 192 0 0 0 0 0 0 0 0 0 0 0 0 0 0 0 0 0 0 0 0 0 0 0 0 0 0 0 0 0 0 0 0 0 0 0 0 0 0 0 0 0 0 0 0 0 0 0 0 0 0 0 0 0 0 0 0 0 0 0 0 0 0 
0 0 1824 0 0 0 0 0 0 0 0 0 0 0 0 0 0 0 0 0 0 0 0 0 0 0 0 0 0 0 0 0 0 0 0 0 0 0 0 0 0 0 0 0 0 0 0 0 0 0 0 0 0 0 0 0 0 0 0 0 0 0 0 0 0 
0 0 0 966.95 0 0 0 0 0 0 0 0 0 0 0 0 0 0 0 0 0 0 0 0 0 0 0 0 0 0 0 0 0 0 0 0 0 0 0 0 0 0 0 0 0 0 0 0 0 0 0 0 0 0 0 0 0 0 0 0 0 0 0 0 0 
0 0 0 9970.1 241.737 0 0 0 0 0 0 0 0 0 0 0 0 0 0 0 0 0 0 0 0 0 0 0 0 0 0 0 0 0 0 0 0 0 0 0 0 0 0 0 0 0 0 0 0 0 0 0 0 0 0 0 0 0 0 0 0 0 0 0 0 
0 0 0 30726.9 5190.2 0 0 0 0 0 0 0 0 0 0 0 0 0 0 0 0 0 0 0 0 0 0 0 0 0 0 0 0 0 0 0 0 0 0 0 0 0 0 0 0 0 0 0 0 0 0 0 0 0 0 0 0 0 0 0 0 0 0 0 0 
0 0 0 0 59150.6 3861.01 0 0 0 0 0 0 0 0 0 0 0 0 0 0 0 0 0 0 0 0 0 0 0 0 0 0 0 0 0 0 0 0 0 0 0 0 0 0 0 0 0 0 0 0 0 0 0 0 0 0 0 0 0 0 0 0 0 0 0 
0 0 0 0 228233 38509.9 1943.53 0 0 0 0 0 0 0 0 0 0 0 0 0 0 0 0 0 0 0 0 0 0 0 0 0 0 0 0 0 0 0 0 0 0 0 0 0 0 0 0 0 0 0 0 0 0 0 0 0 0 0 0 0 0 0 0 0 0 
0 0 0 0 342560 342701 37362.2 1295.07 161.883 0 0 0 0 0 0 0 0 0 0 0 0 0 0 0 0 0 0 0 0 0 0 0 0 0 0 0 0 0 0 0 0 0 0 0 0 0 0 0 0 0 0 0 0 0 0 0 0 0 0 0 0 0 0 0 0 
0 0 0 0 0 1.50424e+06 334128 37619.7 0 0 0 0 0 0 0 0 0 0 0 0 0 0 0 0 0 0 0 0 0 0 0 0 0 0 0 0 0 0 0 0 0 0 0 0 0 0 0 0 0 0 0 0 0 0 0 0 0 0 0 0 0 0 0 0 0 
0 0 0 0 0 3.05151e+06 2.12579e+06 363038 46515.1 3846.83 0 0 0 0 0 0 0 0 0 0 0 0 0 0 0 0 0 0 0 0 0 0 0 0 0 0 0 0 0 0 0 0 0 0 0 0 0 0 0 0 0 0 0 0 0 0 0 0 0 0 0 0 0 0 0 
0 0 0 0 0 2.68369e+06 9.08779e+06 2.71022e+06 458183 43016.9 5740.61 0 0 0 0 0 0 0 0 0 0 0 0 0 0 0 0 0 0 0 0 0 0 0 0 0 0 0 0 0 0 0 0 0 0 0 0 0 0 0 0 0 0 0 0 0 0 0 0 0 0 0 0 0 0 
0 0 0 0 0 0 2.13864e+07 1.40885e+07 3.56439e+06 696438 81983.1 11624 1505.22 0 0 0 63.1888 0 0 0 0 0 0 0 0 0 0 0 0 0 0 0 12.43 0 0 0 0 0 0 0 0 0 0 0 0 0 0 0 0 0 0 0 0 0 0 0 0 0 0 0 0 0 0 0 0 
0 0 0 0 0 0 2.66585e+07 5.35187e+07 2.08924e+07 5.2705e+06 1.08541e+06 163005 16312.8 5924.01 1969.49 1011.02 0 0 0 0 0 0 0 0 0 0 0 0 0 0 0 0 0 0 0 0 0 0 0 0 0 0 0 0 0 0 0 0 0 0 0 0 0 0 0 0 0 0 0 0 0 0 0 0 0 
0 0 0 0 0 0 1.53425e+07 1.30765e+08 9.32723e+07 3.1721e+07 8.47988e+06 1.91077e+06 397458 51393.4 5613.17 0 0 1943.58 0 0 0 0 0 0 0 0 0 0 0 0 0 397.76 0 0 0 0 0 0 0 0 0 0 0 0 0 0 0 0 0 0 0 0 0 0 0 0 0 0 0 0 0 0 0 0 0 
0 0 0 0 0 0 0 1.92447e+08 3.12162e+08 1.54985e+08 5.31632e+07 1.52817e+07 3.59294e+06 869512 216577 55137.1 29216.1 1024.61 3778.1 0 0 0 0 0 0 0 0 0 0 0 981.602 0 0 0 0 0 0 0 0 0 0 0 0 0 0 0 0 0 0 0 0 0 0 0 0 0 0 0 0 0 0 0 0 0 0 
0 0 0 0 0 0 0 1.61611e+08 7.41061e+08 5.97807e+08 2.60674e+08 9.2705e+07 3.00561e+07 8.42598e+06 2.16538e+06 614883 130645 53293.2 27791.9 11481.2 3032.64 0 0 0 483.348 0 0 0 966.862 3892.29 5183.68 0 12005.4 0 0 0 0 0 0 0 0 0 0 0 0 0 0 0 0 0 0 0 0 0 0 0 0 0 0 0 0 0 0 0 0 
0 0 0 0 0 0 0 6.56739e+07 1.16474e+09 1.78712e+09 1.09699e+09 4.71663e+08 1.7946e+08 6.3141e+07 2.01013e+07 5.9387e+06 2.02533e+06 806858 237319 141980 31097.5 23684.6 11673.8 7757.62 0 3911.27 5693.44 11630.8 15715.6 21663.5 0 29616.5 388.691 0 0 0 0 0 0 0 0 0 0 0 0 0 0 0 0 0 0 0 0 0 0 0 0 0 0 0 0 0 0 0 0 
0 0 0 0 0 0 0 0 1.16856e+09 3.97433e+09 3.68821e+09 2.02244e+09 8.97451e+08 3.66575e+08 1.42192e+08 5.15813e+07 1.80482e+07 6.28884e+06 2.80484e+06 1.10869e+06 765738 268303 120688 78752.2 93824.3 87018.4 76819.1 76374.5 94891 64316.1 114666 152526 69622 0 0 0 0 0 0 0 0 0 0 0 0 0 0 0 0 0 0 0 0 0 0 0 0 0 0 0 0 0 0 0 0 
0 0 0 0 0 0 0 0 7.07726e+08 6.29285e+09 9.81087e+09 7.25256e+09 3.86802e+09 1.8147e+09 8.02118e+08 3.34654e+08 1.36718e+08 5.48849e+07 2.3294e+07 1.06955e+07 4.80855e+06 2.91788e+06 1.73352e+06 1.061e+06 740865 461911 530734 544509 506305 449528 699973 272937 709093 0 0 0 0 0 0 0 0 0 0 0 0 0 0 0 0 0 0 0 0 0 0 0 0 0 0 0 0 0 0 0 0 
0 0 0 0 0 0 0 0 2.13681e+08 6.86183e+09 2.02504e+10 2.14325e+10 1.43109e+10 7.75782e+09 3.82053e+09 1.81593e+09 8.43051e+08 3.91139e+08 1.71813e+08 7.97799e+07 4.09176e+07 2.20902e+07 1.21204e+07 7.82682e+06 5.18746e+06 4.58308e+06 3.55105e+06 3.2279e+06 2.66455e+06 3.47477e+06 2.37805e+06 2.97609e+06 2.90772e+06 0 0 0 0 0 0 0 0 0 0 0 0 0 0 0 0 0 0 0 0 0 0 0 0 0 0 0 0 0 0 0 0 
0 0 0 0 0 0 0 0 0 5.00893e+09 3.11822e+10 5.1368e+10 4.47568e+10 2.89335e+10 1.62084e+10 8.64739e+09 4.42975e+09 2.20795e+09 1.10897e+09 5.53192e+08 2.84517e+08 1.52573e+08 9.43243e+07 5.75157e+07 3.96942e+07 2.75458e+07 2.22431e+07 1.80236e+07 1.80415e+07 1.51531e+07 1.39258e+07 1.54271e+07 1.20428e+07 0 0 0 0 0 0 0 0 0 0 0 0 0 0 0 0 0 0 0 0 0 0 0 0 0 0 0 0 0 0 0 0 
0 0 0 0 0 0 0 0 0 2.28479e+09 3.49345e+10 9.73085e+10 1.17005e+11 9.27565e+10 6.00482e+10 3.50761e+10 1.98413e+10 1.09558e+10 5.99169e+09 3.26191e+09 1.8062e+09 1.0419e+09 6.02333e+08 3.72197e+08 2.51886e+08 1.81767e+08 1.41134e+08 1.18142e+08 9.74753e+07 8.05148e+07 8.45639e+07 7.19874e+07 7.61597e+07 0 0 0 0 0 0 0 0 0 0 0 0 0 0 0 0 0 0 0 0 0 0 0 0 0 0 0 0 0 0 0 0 
0 0 0 0 0 0 0 0 0 5.40209e+08 2.79861e+10 1.42634e+11 2.52388e+11 2.55316e+11 1.94378e+11 1.28563e+11 7.93595e+10 4.76375e+10 2.78589e+10 1.652e+10 9.87393e+09 5.97555e+09 3.6141e+09 2.32405e+09 1.60977e+09 1.13375e+09 8.48952e+08 6.75727e+08 5.48567e+08 5.08346e+08 4.37639e+08 4.11984e+08 4.05802e+08 0 0 0 0 0 0 0 0 0 0 0 0 0 0 0 0 0 0 0 0 0 0 0 0 0 0 0 0 0 0 0 0 
0 0 0 0 0 0 0 0 0 0 1.55675e+10 1.59268e+11 4.37499e+11 5.93049e+11 5.47775e+11 4.12105e+11 2.81796e+11 1.81787e+11 1.16243e+11 7.36766e+10 4.65756e+10 2.97772e+10 1.93483e+10 1.31527e+10 9.00401e+09 6.57728e+09 4.93966e+09 3.85516e+09 3.17569e+09 2.75142e+09 2.40967e+09 2.29188e+09 2.30046e+09 0 0 0 0 0 0 0 0 0 0 0 0 0 0 0 0 0 0 0 0 0 0 0 0 0 0 0 0 0 0 0 0 
0 0 0 0 0 0 0 0 0 0 5.56223e+09 1.32486e+11 6.03601e+11 1.15249e+12 1.33998e+12 1.18999e+12 8.99384e+11 6.39668e+11 4.34512e+11 2.91887e+11 1.96163e+11 1.32309e+11 9.22671e+10 6.38416e+10 4.59531e+10 3.41646e+10 2.638e+10 2.09401e+10 1.75512e+10 1.4911e+10 1.33206e+10 1.28589e+10 1.23141e+10 0 0 0 0 0 0 0 0 0 0 0 0 0 0 0 0 0 0 0 0 0 0 0 0 0 0 0 0 0 0 0 0 
0 0 0 0 0 0 0 0 0 0 1.07058e+09 8.13358e+10 6.54801e+11 1.82518e+12 2.77928e+12 2.94562e+12 2.57698e+12 2.00011e+12 1.4688e+12 1.05696e+12 7.43756e+11 5.32115e+11 3.82606e+11 2.78412e+11 2.09282e+11 1.57449e+11 1.24718e+11 1.02199e+11 8.63275e+10 7.50157e+10 6.89292e+10 6.44095e+10 6.38738e+10 0 0 0 0 0 0 0 0 0 0 0 0 0 0 0 0 0 0 0 0 0 0 0 0 0 0 0 0 0 0 0 0 
0 0 0 0 0 0 0 0 0 0 0 3.58542e+10 5.49584e+11 2.35153e+12 4.81621e+12 6.38124e+12 6.46994e+12 5.64264e+12 4.50619e+12 3.4369e+12 2.58613e+12 1.91438e+12 1.45019e+12 1.11615e+12 8.51343e+11 6.77441e+11 5.36705e+11 4.50122e+11 3.85946e+11 3.44445e+11 3.13697e+11 2.99212e+11 2.96979e+11 0 0 0 0 0 0 0 0 0 0 0 0 0 0 0 0 0 0 0 0 0 0 0 0 0 0 0 0 0 0 0 0 
0 0 0 0 0 0 0 0 0 0 0 1.03467e+10 3.53028e+11 2.4385e+12 7.00943e+12 1.17898e+13 1.42662e+13 1.41662e+13 1.24599e+13 1.02726e+13 8.14387e+12 6.4223e+12 5.02049e+12 3.96707e+12 3.15121e+12 2.5678e+12 2.14033e+12 1.81468e+12 1.58418e+12 1.4206e+12 1.31534e+12 1.24955e+12 1.21703e+12 0 0 0 0 0 0 0 0 0 0 0 0 0 0 0 0 0 0 0 0 0 0 0 0 0 0 0 0 0 0 0 0 
0 0 0 0 0 0 0 0 0 0 0 1.70617e+09 1.72907e+11 2.01495e+12 8.36538e+12 1.83985e+13 2.73005e+13 3.14268e+13 3.1076e+13 2.768e+13 2.36592e+13 1.95108e+13 1.59468e+13 1.30522e+13 1.0805e+13 9.00801e+12 7.64785e+12 6.61133e+12 5.86195e+12 5.35387e+12 4.99417e+12 4.77705e+12 4.71036e+12 0 0 0 0 0 0 0 0 0 0 0 0 0 0 0 0 0 0 0 0 0 0 0 0 0 0 0 0 0 0 0 0 
0 0 0 0 0 0 0 0 0 0 0 0 6.20737e+10 1.31821e+12 8.21156e+12 2.44913e+13 4.51709e+13 6.14551e+13 6.87526e+13 6.81233e+13 6.23676e+13 5.46458e+13 4.68689e+13 3.97224e+13 3.39896e+13 2.90979e+13 2.5326e+13 2.23954e+13 2.01653e+13 1.84814e+13 1.73484e+13 1.67777e+13 1.65262e+13 0 0 0 0 0 0 0 0 0 0 0 0 0 0 0 0 0 0 0 0 0 0 0 0 0 0 0 0 0 0 0 0 
0 0 0 0 0 0 0 0 0 0 0 0 1.50347e+10 6.79892e+11 6.56812e+12 2.69785e+13 6.36705e+13 1.04651e+14 1.35166e+14 1.49379e+14 1.48363e+14 1.39541e+14 1.26242e+14 1.12314e+14 9.89835e+13 8.74013e+13 7.81797e+13 7.0294e+13 6.38088e+13 5.96793e+13 5.69915e+13 5.47654e+13 5.44737e+13 0 0 0 0 0 0 0 0 0 0 0 0 0 0 0 0 0 0 0 0 0 0 0 0 0 0 0 0 0 0 0 0 
0 0 0 0 0 0 0 0 0 0 0 0 2.24511e+09 2.73594e+11 4.28606e+12 2.48471e+13 7.66657e+13 1.54212e+14 2.3265e+14 2.90826e+14 3.20641e+14 3.23654e+14 3.11402e+14 2.90312e+14 2.65269e+14 2.4268e+14 2.20507e+14 2.03427e+14 1.8954e+14 1.79007e+14 1.7043e+14 1.65938e+14 1.64779e+14 0 0 0 0 0 0 0 0 0 0 0 0 0 0 0 0 0 0 0 0 0 0 0 0 0 0 0 0 0 0 0 0 
0 0 0 0 0 0 0 0 0 0 0 0 0 8.26617e+10 2.25746e+12 1.90707e+13 7.8152e+13 1.95778e+14 3.53064e+14 5.03985e+14 6.16457e+14 6.79283e+14 6.98059e+14 6.85905e+14 6.59931e+14 6.20006e+14 5.84441e+14 5.4846e+14 5.20165e+14 4.95049e+14 4.79695e+14 4.69479e+14 4.65506e+14 0 0 0 0 0 0 0 0 0 0 0 0 0 0 0 0 0 0 0 0 0 0 0 0 0 0 0 0 0 0 0 0 
0 0 0 0 0 0 0 0 0 0 0 0 0 1.72865e+10 9.65636e+11 1.21378e+13 6.71483e+13 2.14547e+14 4.65086e+14 7.72332e+14 1.06226e+15 1.28607e+15 1.42641e+15 1.49093e+15 1.492e+15 1.4679e+15 1.42252e+15 1.36916e+15 1.32057e+15 1.28133e+15 1.25077e+15 1.23786e+15 1.22763e+15 0 0 0 0 0 0 0 0 0 0 0 0 0 0 0 0 0 0 0 0 0 0 0 0 0 0 0 0 0 0 0 0 
0 0 0 0 0 0 0 0 0 0 0 0 0 2.50906e+09 3.28135e+11 6.44328e+12 4.8977e+13 2.00727e+14 5.31628e+14 1.03788e+15 1.62842e+15 2.18367e+15 2.63129e+15 2.93222e+15 3.11766e+15 3.19886e+15 3.20308e+15 3.1699e+15 3.12755e+15 3.06576e+15 3.03905e+15 2.99836e+15 2.99451e+15 0 0 0 0 0 0 0 0 0 0 0 0 0 0 0 0 0 0 0 0 0 0 0 0 0 0 0 0 0 0 0 0 
0 0 0 0 0 0 0 0 0 0 0 0 0 0 8.65079e+10 2.83492e+12 3.02206e+13 1.60907e+14 5.27948e+14 1.22144e+15 2.20322e+15 3.30882e+15 4.3533e+15 5.24189e+15 5.90446e+15 6.34103e+15 6.59309e+15 6.7364e+15 6.79747e+15 6.82432e+15 6.79334e+15 6.79142e+15 6.79407e+15 0 0 0 0 0 0 0 0 0 0 0 0 0 0 0 0 0 0 0 0 0 0 0 0 0 0 0 0 0 0 0 0 
0 0 0 0 0 0 0 0 0 0 0 0 0 0 1.62391e+10 1.02955e+12 1.58138e+13 1.10669e+14 4.54222e+14 1.25888e+15 2.62088e+15 4.45252e+15 6.48481e+15 8.43868e+15 1.01424e+16 1.1454e+16 1.24956e+16 1.31914e+16 1.36164e+16 1.39214e+16 1.40812e+16 1.42114e+16 1.42127e+16 0 0 0 0 0 0 0 0 0 0 0 0 0 0 0 0 0 0 0 0 0 0 0 0 0 0 0 0 0 0 0 0 
0 0 0 0 0 0 0 0 0 0 0 0 0 0 2.51297e+09 3.05984e+11 7.02322e+12 6.55893e+13 3.37446e+14 1.13034e+15 2.76287e+15 5.33088e+15 8.61224e+15 1.22487e+16 1.57262e+16 1.89377e+16 2.15529e+16 2.3584e+16 2.51255e+16 2.62526e+16 2.6911e+16 2.72479e+16 2.73941e+16 0 0 0 0 0 0 0 0 0 0 0 0 0 0 0 0 0 0 0 0 0 0 0 0 0 0 0 0 0 0 0 0 
0 0 0 0 0 0 0 0 0 0 0 0 0 0 0 7.29123e+10 2.64969e+12 3.35925e+13 2.18534e+14 8.92408e+14 2.5561e+15 5.62432e+15 1.01946e+16 1.5866e+16 2.21162e+16 2.81957e+16 3.37439e+16 3.85533e+16 4.2276e+16 4.49333e+16 4.70069e+16 4.81948e+16 4.85267e+16 0 0 0 0 0 0 0 0 0 0 0 0 0 0 0 0 0 0 0 0 0 0 0 0 0 0 0 0 0 0 0 0 
0 0 0 0 0 0 0 0 0 0 0 0 0 0 0 1.2836e+10 8.44472e+11 1.47819e+13 1.23693e+14 6.1431e+14 2.08807e+15 5.28949e+15 1.07577e+16 1.84344e+16 2.78183e+16 3.79943e+16 4.79982e+16 5.70059e+16 6.46982e+16 7.07851e+16 7.51776e+16 7.78914e+16 7.85997e+16 0 0 0 0 0 0 0 0 0 0 0 0 0 0 0 0 0 0 0 0 0 0 0 0 0 0 0 0 0 0 0 0 
0 0 0 0 0 0 0 0 0 0 0 0 0 0 0 2.31687e+09 2.28925e+11 5.70437e+12 6.1362e+13 3.74601e+14 1.50566e+15 4.42034e+15 1.01267e+16 1.92266e+16 3.15154e+16 4.61026e+16 6.15724e+16 7.67042e+16 9.04165e+16 1.01717e+17 1.09775e+17 1.14483e+17 1.16943e+17 0 0 0 0 0 0 0 0 0 0 0 0 0 0 0 0 0 0 0 0 0 0 0 0 0 0 0 0 0 0 0 0 
0 0 0 0 0 0 0 0 0 0 0 0 0 0 0 0 5.157e+10 1.90422e+12 2.67021e+13 2.01289e+14 9.64808e+14 3.27673e+15 8.51589e+15 1.79764e+16 3.21092e+16 5.04729e+16 7.17304e+16 9.37132e+16 1.14526e+17 1.32435e+17 1.45968e+17 1.5453e+17 1.56976e+17 0 0 0 0 0 0 0 0 0 0 0 0 0 0 0 0 0 0 0 0 0 0 0 0 0 0 0 0 0 0 0 0 
0 0 0 0 0 0 0 0 0 0 0 0 0 0 0 0 8.91882e+09 5.52974e+11 1.0301e+13 9.62794e+13 5.48859e+14 2.16182e+15 6.38451e+15 1.49898e+16 2.94004e+16 4.97602e+16 7.50048e+16 1.03193e+17 1.31453e+17 1.56592e+17 1.76552e+17 1.89362e+17 1.92937e+17 0 0 0 0 0 0 0 0 0 0 0 0 0 0 0 0 0 0 0 0 0 0 0 0 0 0 0 0 0 0 0 0 
0 0 0 0 0 0 0 0 0 0 0 0 0 0 0 0 1.99595e+09 1.41852e+11 3.55445e+12 4.11202e+13 2.8092e+14 1.28506e+15 4.30299e+15 1.12858e+16 2.42514e+16 4.4508e+16 7.16918e+16 1.03591e+17 1.36798e+17 1.68213e+17 1.94017e+17 2.10493e+17 2.16963e+17 0 0 0 0 0 0 0 0 0 0 0 0 0 0 0 0 0 0 0 0 0 0 0 0 0 0 0 0 0 0 0 0 
0 0 0 0 0 0 0 0 0 0 0 0 0 0 0 0 0 3.18747e+10 1.08277e+12 1.58437e+13 1.29086e+14 6.86391e+14 2.61925e+15 7.6456e+15 1.8054e+16 3.57866e+16 6.15385e+16 9.3987e+16 1.29946e+17 1.64839e+17 1.93919e+17 2.13328e+17 2.20445e+17 0 0 0 0 0 0 0 0 0 0 0 0 0 0 0 0 0 0 0 0 0 0 0 0 0 0 0 0 0 0 0 0 
0 0 0 0 0 0 0 0 0 0 0 0 0 0 0 0 0 5.5523e+09 3.00992e+11 5.52345e+12 5.40151e+13 3.33851e+14 1.44074e+15 4.69994e+15 1.21889e+16 2.61921e+16 4.80805e+16 7.76166e+16 1.11965e+17 1.46941e+17 1.7662e+17 1.97295e+17 2.03847e+17 0 0 0 0 0 0 0 0 0 0 0 0 0 0 0 0 0 0 0 0 0 0 0 0 0 0 0 0 0 0 0 0 
0 0 0 0 0 0 0 0 0 0 0 0 0 0 0 0 0 1.61701e+09 7.69173e+10 1.7649e+12 2.0684e+13 1.4736e+14 7.24353e+14 2.64106e+15 7.49414e+15 1.74044e+16 3.41624e+16 5.8189e+16 8.79894e+16 1.18849e+17 1.46895e+17 1.6544e+17 1.72488e+17 0 0 0 0 0 0 0 0 0 0 0 0 0 0 0 0 0 0 0 0 0 0 0 0 0 0 0 0 0 0 0 0 
0 0 0 0 0 0 0 0 0 0 0 0 0 0 0 0 0 0 1.79954e+10 5.19138e+11 7.2498e+12 6.02149e+13 3.3433e+14 1.34452e+15 4.2071e+15 1.0603e+16 2.22247e+16 3.99154e+16 6.28096e+16 8.83603e+16 1.11333e+17 1.28042e+17 1.33743e+17 0 0 0 0 0 0 0 0 0 0 0 0 0 0 0 0 0 0 0 0 0 0 0 0 0 0 0 0 0 0 0 0 
0 0 0 0 0 0 0 0 0 0 0 0 0 0 0 0 0 0 3.15553e+09 1.43149e+11 2.38546e+12 2.27422e+13 1.43041e+14 6.41798e+14 2.19329e+15 5.91522e+15 1.32908e+16 2.52338e+16 4.14563e+16 6.01262e+16 7.77935e+16 9.02652e+16 9.50588e+16 0 0 0 0 0 0 0 0 0 0 0 0 0 0 0 0 0 0 0 0 0 0 0 0 0 0 0 0 0 0 0 0 
0 0 0 0 0 0 0 0 0 0 0 0 0 0 0 0 0 0 1.20463e+09 3.8239e+10 7.37619e+11 8.10175e+12 5.70757e+13 2.8158e+14 1.04621e+15 3.07566e+15 7.35002e+15 1.47139e+16 2.52595e+16 3.76722e+16 4.98954e+16 5.88415e+16 6.20365e+16 0 0 0 0 0 0 0 0 0 0 0 0 0 0 0 0 0 0 0 0 0 0 0 0 0 0 0 0 0 0 0 0 
0 0 0 0 0 0 0 0 0 0 0 0 0 0 0 0 0 0 0 9.53433e+09 2.16927e+11 2.68774e+12 2.12331e+13 1.16687e+14 4.70177e+14 1.48318e+15 3.7537e+15 7.8994e+15 1.41616e+16 2.2009e+16 2.97792e+16 3.55475e+16 3.7799e+16 0 0 0 0 0 0 0 0 0 0 0 0 0 0 0 0 0 0 0 0 0 0 0 0 0 0 0 0 0 0 0 0 
0 0 0 0 0 0 0 0 0 0 0 0 0 0 0 0 0 0 0 1.61229e+09 6.22453e+10 8.79722e+11 7.63592e+12 4.56686e+13 1.99401e+14 6.71801e+14 1.80777e+15 4.0201e+15 7.472e+15 1.1903e+16 1.64736e+16 2.00381e+16 2.12884e+16 0 0 0 0 0 0 0 0 0 0 0 0 0 0 0 0 0 0 0 0 0 0 0 0 0 0 0 0 0 0 0 0 
0 0 0 0 0 0 0 0 0 0 0 0 0 0 0 0 0 0 0 8.21821e+08 1.78813e+10 2.74652e+11 2.60628e+12 1.70232e+13 8.01225e+13 2.88492e+14 8.23103e+14 1.91181e+15 3.69191e+15 6.06078e+15 8.56217e+15 1.04827e+16 1.12641e+16 0 0 0 0 0 0 0 0 0 0 0 0 0 0 0 0 0 0 0 0 0 0 0 0 0 0 0 0 0 0 0 0 
0 0 0 0 0 0 0 0 0 0 0 0 0 0 0 0 0 0 0 0 4.59584e+09 8.24367e+10 8.72794e+11 6.09492e+12 3.08676e+13 1.18526e+14 3.55658e+14 8.56909e+14 1.72847e+15 2.92403e+15 4.2077e+15 5.2381e+15 5.59314e+15 0 0 0 0 0 0 0 0 0 0 0 0 0 0 0 0 0 0 0 0 0 0 0 0 0 0 0 0 0 0 0 0 
0 0 0 0 0 0 0 0 0 0 0 0 0 0 0 0 0 0 0 0 7.31294e+08 2.49858e+10 2.8955e+11 2.15899e+12 1.15769e+13 4.64758e+13 1.47087e+14 3.70998e+14 7.73197e+14 1.3416e+15 1.9743e+15 2.46905e+15 2.66095e+15 0 0 0 0 0 0 0 0 0 0 0 0 0 0 0 0 0 0 0 0 0 0 0 0 0 0 0 0 0 0 0 0 
0 0 0 0 0 0 0 0 0 0 0 0 0 0 0 0 0 0 0 0 5.03414e+08 7.75609e+09 9.32646e+10 7.4247e+11 4.19397e+12 1.76975e+13 5.88929e+13 1.54643e+14 3.3016e+14 5.88034e+14 8.78641e+14 1.1115e+15 1.21485e+15 0 0 0 0 0 0 0 0 0 0 0 0 0 0 0 0 0 0 0 0 0 0 0 0 0 0 0 0 0 0 0 0 
0 0 0 0 0 0 0 0 0 0 0 0 0 0 0 0 0 0 0 0 0 1.99099e+09 2.87332e+10 2.5564e+11 1.51566e+12 6.75253e+12 2.29454e+13 6.22873e+13 1.3738e+14 2.49333e+14 3.81117e+14 4.84529e+14 5.27192e+14 0 0 0 0 0 0 0 0 0 0 0 0 0 0 0 0 0 0 0 0 0 0 0 0 0 0 0 0 0 0 0 0 
0 0 0 0 0 0 0 0 0 0 0 0 0 0 0 0 0 0 0 0 0 2.87681e+08 9.34242e+09 8.82708e+10 5.46244e+11 2.49832e+12 8.8338e+12 2.47064e+13 5.60111e+13 1.03828e+14 1.59925e+14 2.08057e+14 2.23034e+14 0 0 0 0 0 0 0 0 0 0 0 0 0 0 0 0 0 0 0 0 0 0 0 0 0 0 0 0 0 0 0 0 
0 0 0 0 0 0 0 0 0 0 0 0 0 0 0 0 0 0 0 0 0 2.76628e+08 3.08584e+09 2.89827e+10 1.91886e+11 9.19386e+11 3.37667e+12 9.67135e+12 2.2451e+13 4.21819e+13 6.56429e+13 8.55177e+13 9.28734e+13 0 0 0 0 0 0 0 0 0 0 0 0 0 0 0 0 0 0 0 0 0 0 0 0 0 0 0 0 0 0 0 0 
0 0 0 0 0 0 0 0 0 0 0 0 0 0 0 0 0 0 0 0 0 0 7.54514e+08 9.13267e+09 6.89676e+10 3.40695e+11 1.28917e+12 3.76359e+12 8.86705e+12 1.69793e+13 2.68108e+13 3.50844e+13 3.85865e+13 0 0 0 0 0 0 0 0 0 0 0 0 0 0 0 0 0 0 0 0 0 0 0 0 0 0 0 0 0 0 0 0 
0 0 0 0 0 0 0 0 0 0 0 0 0 0 0 0 0 0 0 0 0 0 9.54682e+07 3.21781e+09 2.46003e+10 1.2591e+11 4.83864e+11 1.45986e+12 3.48632e+12 6.81596e+12 1.0873e+13 1.42447e+13 1.56532e+13 0 0 0 0 0 0 0 0 0 0 0 0 0 0 0 0 0 0 0 0 0 0 0 0 0 0 0 0 0 0 0 0 
0 0 0 0 0 0 0 0 0 0 0 0 0 0 0 0 0 0 0 0 0 0 1.35133e+08 1.10045e+09 8.02576e+09 4.57284e+10 1.85342e+11 5.69686e+11 1.38166e+12 2.7201e+12 4.36929e+12 5.77892e+12 6.37616e+12 0 0 0 0 0 0 0 0 0 0 0 0 0 0 0 0 0 0 0 0 0 0 0 0 0 0 0 0 0 0 0 0 
0 0 0 0 0 0 0 0 0 0 0 0 0 0 0 0 0 0 0 0 0 0 0 2.45966e+08 2.59419e+09 1.69778e+10 7.0203e+10 2.19794e+11 5.48849e+11 1.08804e+12 1.7569e+12 2.35584e+12 2.591e+12 0 0 0 0 0 0 0 0 0 0 0 0 0 0 0 0 0 0 0 0 0 0 0 0 0 0 0 0 0 0 0 0 
0 0 0 0 0 0 0 0 0 0 0 0 0 0 0 0 0 0 0 0 0 0 0 2.64682e+07 1.01586e+09 6.09395e+09 2.55208e+10 8.57317e+10 2.17009e+11 4.36318e+11 7.19779e+11 9.63766e+11 1.05519e+12 0 0 0 0 0 0 0 0 0 0 0 0 0 0 0 0 0 0 0 0 0 0 0 0 0 0 0 0 0 0 0 0 
0 0 0 0 0 0 0 0 0 0 0 0 0 0 0 0 0 0 0 0 0 0 0 5.77407e+07 3.44123e+08 1.91802e+09 9.64968e+09 3.3359e+10 8.52379e+10 1.76834e+11 2.89158e+11 3.89433e+11 4.32872e+11 0 0 0 0 0 0 0 0 0 0 0 0 0 0 0 0 0 0 0 0 0 0 0 0 0 0 0 0 0 0 0 0 
0 0 0 0 0 0 0 0 0 0 0 0 0 0 0 0 0 0 0 0 0 0 0 0 6.70021e+07 6.65405e+08 3.77559e+09 1.23697e+10 3.32359e+10 7.03048e+10 1.16781e+11 1.59647e+11 1.74791e+11 0 0 0 0 0 0 0 0 0 0 0 0 0 0 0 0 0 0 0 0 0 0 0 0 0 0 0 0 0 0 0 0 
0 0 0 0 0 0 0 0 0 0 0 0 0 0 0 0 0 0 0 0 0 0 0 0 5.90286e+06 2.88569e+08 1.29685e+09 4.53836e+09 1.34932e+10 2.77278e+10 4.74322e+10 6.43141e+10 7.16429e+10 0 0 0 0 0 0 0 0 0 0 0 0 0 0 0 0 0 0 0 0 0 0 0 0 0 0 0 0 0 0 0 0 
0 0 0 0 0 0 0 0 0 0 0 0 0 0 0 0 0 0 0 0 0 0 0 0 2.14468e+07 9.13327e+07 3.82379e+08 1.85272e+09 5.14802e+09 1.07521e+10 1.94407e+10 2.55651e+10 2.96492e+10 0 0 0 0 0 0 0 0 0 0 0 0 0 0 0 0 0 0 0 0 0 0 0 0 0 0 0 0 0 0 0 0 
0 0 0 0 0 0 0 0 0 0 0 0 0 0 0 0 0 0 0 0 0 0 0 0 0 1.47934e+07 1.5585e+08 7.305e+08 1.81451e+09 4.47981e+09 7.51062e+09 1.05721e+10 1.1766e+10 0 0 0 0 0 0 0 0 0 0 0 0 0 0 0 0 0 0 0 0 0 0 0 0 0 0 0 0 0 0 0 0 
0 0 0 0 0 0 0 0 0 0 0 0 0 0 0 0 0 0 0 0 0 0 0 0 0 1.0217e+06 7.21708e+07 2.22493e+08 7.11353e+08 1.80197e+09 2.8736e+09 4.40039e+09 4.53378e+09 0 0 0 0 0 0 0 0 0 0 0 0 0 0 0 0 0 0 0 0 0 0 0 0 0 0 0 0 0 0 0 0 
0 0 0 0 0 0 0 0 0 0 0 0 0 0 0 0 0 0 0 0 0 0 0 0 0 6.8249e+06 1.9858e+07 6.43213e+07 3.15737e+08 6.28993e+08 1.19732e+09 1.71029e+09 1.86635e+09 0 0 0 0 0 0 0 0 0 0 0 0 0 0 0 0 0 0 0 0 0 0 0 0 0 0 0 0 0 0 0 0 
0 0 0 0 0 0 0 0 0 0 0 0 0 0 0 0 0 0 0 0 0 0 0 0 0 0 2.53497e+06 3.34725e+07 1.14892e+08 2.19196e+08 5.13017e+08 6.06731e+08 8.02896e+08 0 0 0 0 0 0 0 0 0 0 0 0 0 0 0 0 0 0 0 0 0 0 0 0 0 0 0 0 0 0 0 0 
0 0 0 0 0 0 0 0 0 0 0 0 0 0 0 0 0 0 0 0 0 0 0 0 0 0 126509 1.51357e+07 2.89754e+07 1.00523e+08 1.84194e+08 2.49245e+08 3.10606e+08 0 0 0 0 0 0 0 0 0 0 0 0 0 0 0 0 0 0 0 0 0 0 0 0 0 0 0 0 0 0 0 0 
0 0 0 0 0 0 0 0 0 0 0 0 0 0 0 0 0 0 0 0 0 0 0 0 0 0 1.83388e+06 3.37983e+06 9.40658e+06 4.52361e+07 5.60673e+07 1.16213e+08 9.99502e+07 0 0 0 0 0 0 0 0 0 0 0 0 0 0 0 0 0 0 0 0 0 0 0 0 0 0 0 0 0 0 0 0 
0 0 0 0 0 0 0 0 0 0 0 0 0 0 0 0 0 0 0 0 0 0 0 0 0 0 0 314604 6.44184e+06 1.3467e+07 2.30509e+07 4.49951e+07 3.84311e+07 0 0 0 0 0 0 0 0 0 0 0 0 0 0 0 0 0 0 0 0 0 0 0 0 0 0 0 0 0 0 0 0 
0 0 0 0 0 0 0 0 0 0 0 0 0 0 0 0 0 0 0 0 0 0 0 0 0 0 0 10152 2.5366e+06 2.55362e+06 1.27388e+07 1.22093e+07 1.97962e+07 0 0 0 0 0 0 0 0 0 0 0 0 0 0 0 0 0 0 0 0 0 0 0 0 0 0 0 0 0 0 0 0 
0 0 0 0 0 0 0 0 0 0 0 0 0 0 0 0 0 0 0 0 0 0 0 0 0 0 0 407223 418648 1.34071e+06 4.82482e+06 3.73086e+06 8.59236e+06 0 0 0 0 0 0 0 0 0 0 0 0 0 0 0 0 0 0 0 0 0 0 0 0 0 0 0 0 0 0 0 0 
0 0 0 0 0 0 0 0 0 0 0 0 0 0 0 0 0 0 0 0 0 0 0 0 0 0 0 0 25160 1.03095e+06 1.0055e+06 2.40009e+06 2.26815e+06 0 0 0 0 0 0 0 0 0 0 0 0 0 0 0 0 0 0 0 0 0 0 0 0 0 0 0 0 0 0 0 0 
0 0 0 0 0 0 0 0 0 0 0 0 0 0 0 0 0 0 0 0 0 0 0 0 0 0 0 0 381.478 312026 139280 1.23691e+06 397024 0 0 0 0 0 0 0 0 0 0 0 0 0 0 0 0 0 0 0 0 0 0 0 0 0 0 0 0 0 0 0 0 
0 0 0 0 0 0 0 0 0 0 0 0 0 0 0 0 0 0 0 0 0 0 0 0 0 0 0 0 72711 33480.1 182243 311643 257729 0 0 0 0 0 0 0 0 0 0 0 0 0 0 0 0 0 0 0 0 0 0 0 0 0 0 0 0 0 0 0 0 
0 0 0 0 0 0 0 0 0 0 0 0 0 0 0 0 0 0 0 0 0 0 0 0 0 0 0 0 0 965.7 125311 37920.1 211946 0 0 0 0 0 0 0 0 0 0 0 0 0 0 0 0 0 0 0 0 0 0 0 0 0 0 0 0 0 0 0 0 
0 0 0 0 0 0 0 0 0 0 0 0 0 0 0 0 0 0 0 0 0 0 0 0 0 0 0 0 0 0 24985.6 3857.84 68864.9 0 0 0 0 0 0 0 0 0 0 0 0 0 0 0 0 0 0 0 0 0 0 0 0 0 0 0 0 0 0 0 0 
0 0 0 0 0 0 0 0 0 0 0 0 0 0 0 0 0 0 0 0 0 0 0 0 0 0 0 0 0 10029.1 1287.21 21053.8 7663.16 0 0 0 0 0 0 0 0 0 0 0 0 0 0 0 0 0 0 0 0 0 0 0 0 0 0 0 0 0 0 0 0 
0 0 0 0 0 0 0 0 0 0 0 0 0 0 0 0 0 0 0 0 0 0 0 0 0 0 0 0 0 0 0 10022.3 494.113 0 0 0 0 0 0 0 0 0 0 0 0 0 0 0 0 0 0 0 0 0 0 0 0 0 0 0 0 0 0 0 0 
0 0 0 0 0 0 0 0 0 0 0 0 0 0 0 0 0 0 0 0 0 0 0 0 0 0 0 0 0 0 0 961.826 0 0 0 0 0 0 0 0 0 0 0 0 0 0 0 0 0 0 0 0 0 0 0 0 0 0 0 0 0 0 0 0 0 
0 0 0 0 0 0 0 0 0 0 0 0 0 0 0 0 0 0 0 0 0 0 0 0 0 0 0 0 0 0 1002.91 0 1681.63 0 0 0 0 0 0 0 0 0 0 0 0 0 0 0 0 0 0 0 0 0 0 0 0 0 0 0 0 0 0 0 0 
0 0 0 0 0 0 0 0 0 0 0 0 0 0 0 0 0 0 0 0 0 0 0 0 0 0 0 0 0 0 0 0 385.442 0 0 0 0 0 0 0 0 0 0 0 0 0 0 0 0 0 0 0 0 0 0 0 0 0 0 0 0 0 0 0 0 
0 0 0 0 0 0 0 0 0 0 0 0 0 0 0 0 0 0 0 0 0 0 0 0 0 0 0 0 0 0 0 0 0 0 0 0 0 0 0 0 0 0 0 0 0 0 0 0 0 0 0 0 0 0 0 0 0 0 0 0 0 0 0 0 0 
0 0 0 0 0 0 0 0 0 0 0 0 0 0 0 0 0 0 0 0 0 0 0 0 0 0 0 0 0 0 0 64.7039 0 0 0 0 0 0 0 0 0 0 0 0 0 0 0 0 0 0 0 0 0 0 0 0 0 0 0 0 0 0 0 0 0 
0 0 0 0 0 0 0 0 0 0 0 0 0 0 0 0 0 0 0 0 0 0 0 0 0 0 0 0 0 0 0 0 0 0 0 0 0 0 0 0 0 0 0 0 0 0 0 0 0 0 0 0 0 0 0 0 0 0 0 0 0 0 0 0 0 
0 0 0 0 0 0 0 0 0 0 0 0 0 0 0 0 0 0 0 0 0 0 0 0 0 0 0 0 0 0 0 0 0 0 0 0 0 0 0 0 0 0 0 0 0 0 0 0 0 0 0 0 0 0 0 0 0 0 0 0 0 0 0 0 0 
0 0 0 0 0 0 0 0 0 0 0 0 0 0 0 0 0 0 0 0 0 0 0 0 0 0 0 0 0 0 0 0 2.022 0 0 0 0 0 0 0 0 0 0 0 0 0 0 0 0 0 0 0 0 0 0 0 0 0 0 0 0 0 0 0 0 
