1 0 0 0 0 0 0 0 0 0 0 0 0 0 0 0 0 0 0 0 0 0 0 0 0 0 0 0 0 0 0 0 0 0 0 0 0 0 0 0 0 0 0 0 0 0 0 0 0 0 0 0 0 0 0 0 0 0 0 0 0 0 0 0 1 
0 0 0 0 0 0 0 0 0 0 0 0 0 0 0 0 0 0 0 0 0 0 0 0 0 0 0 0 0 0 0 0 0 0 0 0 0 0 0 0 0 0 0 0 0 0 0 0 0 0 0 0 0 0 0 0 0 0 0 0 0 0 0 0 0 
0 0 0 0 0 0 0 0 0 0 0 0 0 0 0 0 0 0 0 0 0 0 0 0 0 0 0 0 0 0 0 0 0 0 0 0 0 0 0 0 0 0 0 0 0 0 0 0 0 0 0 0 0 0 0 0 0 0 0 0 0 0 0 0 0 
0 64 0 0 0 0 0 0 0 0 0 0 0 0 0 0 0 0 0 0 0 0 0 0 0 0 0 0 0 0 0 0 0 0 0 0 0 0 0 0 0 0 0 0 0 0 0 0 0 0 0 0 0 0 0 0 0 0 0 0 0 0 0 0 0 
0 0 0 0 0 0 0 0 0 0 0 0 0 0 0 0 0 0 0 0 0 0 0 0 0 0 0 0 0 0 0 0 0 0 0 0 0 0 0 0 0 0 0 0 0 0 0 0 0 0 0 0 0 0 0 0 0 0 0 0 0 0 0 0 0 
0 0 192 0 0 0 0 0 0 0 0 0 0 0 0 0 0 0 0 0 0 0 0 0 0 0 0 0 0 0 0 0 0 0 0 0 0 0 0 0 0 0 0 0 0 0 0 0 0 0 0 0 0 0 0 0 0 0 0 0 0 0 0 0 0 
0 0 1824 0 0 0 0 0 0 0 0 0 0 0 0 0 0 0 0 0 0 0 0 0 0 0 0 0 0 0 0 0 0 0 0 0 0 0 0 0 0 0 0 0 0 0 0 0 0 0 0 0 0 0 0 0 0 0 0 0 0 0 0 0 0 
0 0 0 947.526 0 0 0 0 0 0 0 0 0 0 0 0 0 0 0 0 0 0 0 0 0 0 0 0 0 0 0 0 0 0 0 0 0 0 0 0 0 0 0 0 0 0 0 0 0 0 0 0 0 0 0 0 0 0 0 0 0 0 0 0 0 
0 0 0 10008.9 236.882 0 0 0 0 0 0 0 0 0 0 0 0 0 0 0 0 0 0 0 0 0 0 0 0 0 0 0 0 0 0 0 0 0 0 0 0 0 0 0 0 0 0 0 0 0 0 0 0 0 0 0 0 0 0 0 0 0 0 0 0 
0 0 0 30707.5 5078.1 0 0 0 0 0 0 0 0 0 0 0 0 0 0 0 0 0 0 0 0 0 0 0 0 0 0 0 0 0 0 0 0 0 0 0 0 0 0 0 0 0 0 0 0 0 0 0 0 0 0 0 0 0 0 0 0 0 0 0 0 
0 0 0 0 59159 3780.6 0 0 0 0 0 0 0 0 0 0 0 0 0 0 0 0 0 0 0 0 0 0 0 0 0 0 0 0 0 0 0 0 0 0 0 0 0 0 0 0 0 0 0 0 0 0 0 0 0 0 0 0 0 0 0 0 0 0 0 
0 0 0 0 228572 38202.3 1889.84 0 0 0 0 0 0 0 0 0 0 0 0 0 0 0 0 0 0 0 0 0 0 0 0 0 0 0 0 0 0 0 0 0 0 0 0 0 0 0 0 0 0 0 0 0 0 0 0 0 0 0 0 0 0 0 0 0 0 
0 0 0 0 342330 341345 36665.2 1252.24 156.529 0 0 0 0 0 0 0 0 0 0 0 0 0 0 0 0 0 0 0 0 0 0 0 0 0 0 0 0 0 0 0 0 0 0 0 0 0 0 0 0 0 0 0 0 0 0 0 0 0 0 0 0 0 0 0 0 
0 0 0 0 0 1.50548e+06 332179 36743.8 0 0 0 0 0 0 0 0 0 0 0 0 0 0 0 0 0 0 0 0 0 0 0 0 0 0 0 0 0 0 0 0 0 0 0 0 0 0 0 0 0 0 0 0 0 0 0 0 0 0 0 0 0 0 0 0 0 
0 0 0 0 0 3.05473e+06 2.11632e+06 363093 46224.2 3857.44 0 0 0 0 0 0 0 0 0 0 0 0 0 0 0 0 0 0 0 0 0 0 0 0 0 0 0 0 0 0 0 0 0 0 0 0 0 0 0 0 0 0 0 0 0 0 0 0 0 0 0 0 0 0 0 
0 0 0 0 0 2.68098e+06 9.08937e+06 2.69575e+06 451476 43024.4 5729.86 0 0 0 0 0 0 0 0 0 0 0 0 0 0 0 0 0 0 0 0 0 0 0 0 0 0 0 0 0 0 0 0 0 0 0 0 0 0 0 0 0 0 0 0 0 0 0 0 0 0 0 0 0 0 
0 0 0 0 0 0 2.13872e+07 1.41072e+07 3.59576e+06 688681 80778.5 11734.8 1430.42 0 0 0 62.2439 0 0 0 0 0 0 0 0 0 0 0 0 0 0 0 12.1302 0 0 0 0 0 0 0 0 0 0 0 0 0 0 0 0 0 0 0 0 0 0 0 0 0 0 0 0 0 0 0 0 
0 0 0 0 0 0 2.67043e+07 5.33325e+07 2.07692e+07 5.31268e+06 1.1077e+06 160676 15243.8 5807.74 1993.8 995.903 0 0 0 0 0 0 0 0 0 0 0 0 0 0 0 0 0 0 0 0 0 0 0 0 0 0 0 0 0 0 0 0 0 0 0 0 0 0 0 0 0 0 0 0 0 0 0 0 0 
0 0 0 0 0 0 1.53064e+07 1.30858e+08 9.35402e+07 3.17827e+07 8.47451e+06 1.92451e+06 403343 52544.7 5475.47 0 0 1929.56 0 0 0 0 0 0 0 0 0 0 0 0 0 388.167 0 0 0 0 0 0 0 0 0 0 0 0 0 0 0 0 0 0 0 0 0 0 0 0 0 0 0 0 0 0 0 0 0 
0 0 0 0 0 0 0 1.92576e+08 3.12391e+08 1.55271e+08 5.32804e+07 1.55043e+07 3.70097e+06 873452 212019 54055.9 28901.1 955.719 3634.64 0 0 0 0 0 0 0 0 0 0 0 976.864 0 0 0 0 0 0 0 0 0 0 0 0 0 0 0 0 0 0 0 0 0 0 0 0 0 0 0 0 0 0 0 0 0 0 
0 0 0 0 0 0 0 1.6182e+08 7.3945e+08 5.99307e+08 2.61962e+08 9.36441e+07 3.06918e+07 8.4703e+06 2.12086e+06 594649 126475 49944.2 29034.2 11497.2 2887.23 0 0 0 496.505 0 0 0 930.073 3867.9 5039.73 0 12074.3 0 0 0 0 0 0 0 0 0 0 0 0 0 0 0 0 0 0 0 0 0 0 0 0 0 0 0 0 0 0 0 0 
0 0 0 0 0 0 0 6.54263e+07 1.16459e+09 1.78679e+09 1.09634e+09 4.72032e+08 1.78262e+08 6.28042e+07 1.98472e+07 5.95229e+06 2.01781e+06 825738 239728 133856 31227.1 23385.2 11633.1 7972.76 0 3800.55 5637.19 11259.6 15373.5 21570.1 0 28694.2 408.411 0 0 0 0 0 0 0 0 0 0 0 0 0 0 0 0 0 0 0 0 0 0 0 0 0 0 0 0 0 0 0 0 
0 0 0 0 0 0 0 0 1.17139e+09 3.97241e+09 3.67974e+09 2.02387e+09 8.95394e+08 3.66815e+08 1.43278e+08 5.06526e+07 1.80359e+07 6.26666e+06 2.77456e+06 1.14387e+06 748328 257070 124819 75406.5 91181.5 86732.3 75557.6 74969.2 94814.6 61093 110555 153954 67390.4 0 0 0 0 0 0 0 0 0 0 0 0 0 0 0 0 0 0 0 0 0 0 0 0 0 0 0 0 0 0 0 0 
0 0 0 0 0 0 0 0 7.06891e+08 6.28889e+09 9.8471e+09 7.23779e+09 3.89952e+09 1.8237e+09 8.01132e+08 3.36776e+08 1.35962e+08 5.38117e+07 2.27287e+07 1.07572e+07 4.80976e+06 2.92142e+06 1.75233e+06 1.06293e+06 709000 448477 532281 524763 499419 434562 688367 273005 709529 0 0 0 0 0 0 0 0 0 0 0 0 0 0 0 0 0 0 0 0 0 0 0 0 0 0 0 0 0 0 0 0 
0 0 0 0 0 0 0 0 2.13052e+08 6.86045e+09 2.02346e+10 2.146e+10 1.43621e+10 7.80897e+09 3.87132e+09 1.82954e+09 8.48404e+08 3.87527e+08 1.71307e+08 7.85158e+07 3.94336e+07 2.16177e+07 1.20825e+07 7.71803e+06 5.12752e+06 4.56251e+06 3.47717e+06 3.18643e+06 2.59426e+06 3.37674e+06 2.38817e+06 2.95168e+06 2.91448e+06 0 0 0 0 0 0 0 0 0 0 0 0 0 0 0 0 0 0 0 0 0 0 0 0 0 0 0 0 0 0 0 0 
0 0 0 0 0 0 0 0 0 5.01807e+09 3.10986e+10 5.1345e+10 4.47419e+10 2.88447e+10 1.63014e+10 8.65271e+09 4.47409e+09 2.21521e+09 1.10681e+09 5.5598e+08 2.89493e+08 1.52986e+08 9.25859e+07 5.84566e+07 4.02411e+07 2.73495e+07 2.14804e+07 1.74628e+07 1.73346e+07 1.49525e+07 1.39502e+07 1.5431e+07 1.22152e+07 0 0 0 0 0 0 0 0 0 0 0 0 0 0 0 0 0 0 0 0 0 0 0 0 0 0 0 0 0 0 0 0 
0 0 0 0 0 0 0 0 0 2.28439e+09 3.50307e+10 9.73127e+10 1.16949e+11 9.28608e+10 6.02561e+10 3.5503e+10 2.00825e+10 1.10782e+10 6.02192e+09 3.28074e+09 1.80069e+09 1.04263e+09 6.03761e+08 3.73728e+08 2.49965e+08 1.78252e+08 1.39033e+08 1.1276e+08 9.59571e+07 8.02652e+07 8.20714e+07 7.33334e+07 7.9377e+07 0 0 0 0 0 0 0 0 0 0 0 0 0 0 0 0 0 0 0 0 0 0 0 0 0 0 0 0 0 0 0 0 
0 0 0 0 0 0 0 0 0 5.37175e+08 2.79558e+10 1.42508e+11 2.52582e+11 2.55788e+11 1.95029e+11 1.28819e+11 8.00903e+10 4.7625e+10 2.84342e+10 1.65932e+10 9.91759e+09 5.94005e+09 3.6656e+09 2.35378e+09 1.57803e+09 1.14105e+09 8.43413e+08 6.62276e+08 5.37387e+08 4.97322e+08 4.3165e+08 4.28423e+08 4.0511e+08 0 0 0 0 0 0 0 0 0 0 0 0 0 0 0 0 0 0 0 0 0 0 0 0 0 0 0 0 0 0 0 0 
0 0 0 0 0 0 0 0 0 0 1.55837e+10 1.59362e+11 4.37315e+11 5.94072e+11 5.4872e+11 4.15717e+11 2.82012e+11 1.84553e+11 1.17159e+11 7.39708e+10 4.66485e+10 2.9944e+10 1.92297e+10 1.30377e+10 9.01378e+09 6.56099e+09 4.89245e+09 3.8534e+09 3.1863e+09 2.73636e+09 2.47436e+09 2.36096e+09 2.26298e+09 0 0 0 0 0 0 0 0 0 0 0 0 0 0 0 0 0 0 0 0 0 0 0 0 0 0 0 0 0 0 0 0 
0 0 0 0 0 0 0 0 0 0 5.55492e+09 1.32627e+11 6.03958e+11 1.14893e+12 1.33872e+12 1.18058e+12 9.04091e+11 6.43951e+11 4.37574e+11 2.95786e+11 1.98027e+11 1.33384e+11 9.19557e+10 6.42428e+10 4.62922e+10 3.44261e+10 2.64042e+10 2.06393e+10 1.7368e+10 1.49841e+10 1.3683e+10 1.27545e+10 1.24684e+10 0 0 0 0 0 0 0 0 0 0 0 0 0 0 0 0 0 0 0 0 0 0 0 0 0 0 0 0 0 0 0 0 
0 0 0 0 0 0 0 0 0 0 1.06678e+09 8.12939e+10 6.53994e+11 1.82718e+12 2.77526e+12 2.95432e+12 2.57021e+12 2.00219e+12 1.47798e+12 1.06211e+12 7.55436e+11 5.35191e+11 3.79267e+11 2.78023e+11 2.1015e+11 1.59247e+11 1.26663e+11 1.01813e+11 8.61998e+10 7.5678e+10 6.8501e+10 6.40845e+10 6.31651e+10 0 0 0 0 0 0 0 0 0 0 0 0 0 0 0 0 0 0 0 0 0 0 0 0 0 0 0 0 0 0 0 0 
0 0 0 0 0 0 0 0 0 0 0 3.57799e+10 5.49542e+11 2.35453e+12 4.82299e+12 6.39538e+12 6.47385e+12 5.64135e+12 4.52117e+12 3.44314e+12 2.60542e+12 1.94881e+12 1.46637e+12 1.1098e+12 8.55428e+11 6.73361e+11 5.39253e+11 4.52309e+11 3.86348e+11 3.45005e+11 3.11384e+11 2.96394e+11 2.92725e+11 0 0 0 0 0 0 0 0 0 0 0 0 0 0 0 0 0 0 0 0 0 0 0 0 0 0 0 0 0 0 0 0 
0 0 0 0 0 0 0 0 0 0 0 1.03579e+10 3.53639e+11 2.4364e+12 6.99915e+12 1.17534e+13 1.4275e+13 1.41354e+13 1.24798e+13 1.03205e+13 8.21562e+12 6.464e+12 5.0586e+12 3.98486e+12 3.16951e+12 2.58495e+12 2.13984e+12 1.81385e+12 1.57102e+12 1.42517e+12 1.31614e+12 1.24958e+12 1.22384e+12 0 0 0 0 0 0 0 0 0 0 0 0 0 0 0 0 0 0 0 0 0 0 0 0 0 0 0 0 0 0 0 0 
0 0 0 0 0 0 0 0 0 0 0 1.70454e+09 1.7273e+11 2.01034e+12 8.3761e+12 1.84828e+13 2.73597e+13 3.15207e+13 3.10137e+13 2.77331e+13 2.35997e+13 1.96954e+13 1.61025e+13 1.31085e+13 1.08497e+13 8.99825e+12 7.64546e+12 6.6421e+12 5.90962e+12 5.35891e+12 4.9737e+12 4.76879e+12 4.71966e+12 0 0 0 0 0 0 0 0 0 0 0 0 0 0 0 0 0 0 0 0 0 0 0 0 0 0 0 0 0 0 0 0 
0 0 0 0 0 0 0 0 0 0 0 0 6.21353e+10 1.32077e+12 8.21079e+12 2.44085e+13 4.51071e+13 6.15245e+13 6.87774e+13 6.80355e+13 6.20868e+13 5.42997e+13 4.68034e+13 3.98797e+13 3.39646e+13 2.92212e+13 2.52689e+13 2.24809e+13 2.02079e+13 1.86025e+13 1.75617e+13 1.69166e+13 1.66945e+13 0 0 0 0 0 0 0 0 0 0 0 0 0 0 0 0 0 0 0 0 0 0 0 0 0 0 0 0 0 0 0 0 
0 0 0 0 0 0 0 0 0 0 0 0 1.50145e+10 6.81964e+11 6.57048e+12 2.69649e+13 6.37356e+13 1.04528e+14 1.35207e+14 1.49242e+14 1.48729e+14 1.39229e+14 1.25563e+14 1.12185e+14 9.86963e+13 8.7458e+13 7.85806e+13 6.9844e+13 6.44003e+13 5.99739e+13 5.6678e+13 5.49419e+13 5.42753e+13 0 0 0 0 0 0 0 0 0 0 0 0 0 0 0 0 0 0 0 0 0 0 0 0 0 0 0 0 0 0 0 0 
0 0 0 0 0 0 0 0 0 0 0 0 2.24295e+09 2.72335e+11 4.27146e+12 2.4868e+13 7.66227e+13 1.54236e+14 2.3296e+14 2.91475e+14 3.20737e+14 3.2395e+14 3.11497e+14 2.90857e+14 2.66672e+14 2.42016e+14 2.21239e+14 2.03374e+14 1.90058e+14 1.78925e+14 1.71749e+14 1.67344e+14 1.65294e+14 0 0 0 0 0 0 0 0 0 0 0 0 0 0 0 0 0 0 0 0 0 0 0 0 0 0 0 0 0 0 0 0 
0 0 0 0 0 0 0 0 0 0 0 0 0 8.2936e+10 2.26613e+12 1.90758e+13 7.79633e+13 1.96053e+14 3.52842e+14 5.0388e+14 6.17152e+14 6.82052e+14 6.98122e+14 6.86994e+14 6.57135e+14 6.20767e+14 5.81923e+14 5.4912e+14 5.19598e+14 4.97843e+14 4.80277e+14 4.67904e+14 4.64313e+14 0 0 0 0 0 0 0 0 0 0 0 0 0 0 0 0 0 0 0 0 0 0 0 0 0 0 0 0 0 0 0 0 
0 0 0 0 0 0 0 0 0 0 0 0 0 1.73003e+10 9.65951e+11 1.21391e+13 6.7281e+13 2.14005e+14 4.66454e+14 7.73735e+14 1.06317e+15 1.28662e+15 1.42818e+15 1.49098e+15 1.49643e+15 1.46515e+15 1.42012e+15 1.37246e+15 1.32239e+15 1.28e+15 1.24819e+15 1.2248e+15 1.22067e+15 0 0 0 0 0 0 0 0 0 0 0 0 0 0 0 0 0 0 0 0 0 0 0 0 0 0 0 0 0 0 0 0 
0 0 0 0 0 0 0 0 0 0 0 0 0 2.52522e+09 3.27959e+11 6.44117e+12 4.90342e+13 2.00855e+14 5.30008e+14 1.03738e+15 1.63128e+15 2.18045e+15 2.62794e+15 2.93273e+15 3.11686e+15 3.18082e+15 3.19067e+15 3.15973e+15 3.11867e+15 3.07199e+15 3.02299e+15 2.99635e+15 2.99726e+15 0 0 0 0 0 0 0 0 0 0 0 0 0 0 0 0 0 0 0 0 0 0 0 0 0 0 0 0 0 0 0 0 
0 0 0 0 0 0 0 0 0 0 0 0 0 0 8.68273e+10 2.84432e+12 3.01608e+13 1.60937e+14 5.28188e+14 1.22049e+15 2.19503e+15 3.31153e+15 4.35708e+15 5.23406e+15 5.88866e+15 6.34476e+15 6.62139e+15 6.75166e+15 6.80134e+15 6.80309e+15 6.78836e+15 6.77747e+15 6.74352e+15 0 0 0 0 0 0 0 0 0 0 0 0 0 0 0 0 0 0 0 0 0 0 0 0 0 0 0 0 0 0 0 0 
0 0 0 0 0 0 0 0 0 0 0 0 0 0 1.62341e+10 1.02505e+12 1.58305e+13 1.10674e+14 4.53237e+14 1.25636e+15 2.62658e+15 4.45284e+15 6.4862e+15 8.42812e+15 1.01295e+16 1.15058e+16 1.25108e+16 1.31868e+16 1.36143e+16 1.38996e+16 1.40749e+16 1.41401e+16 1.41981e+16 0 0 0 0 0 0 0 0 0 0 0 0 0 0 0 0 0 0 0 0 0 0 0 0 0 0 0 0 0 0 0 0 
0 0 0 0 0 0 0 0 0 0 0 0 0 0 2.5081e+09 3.06639e+11 7.02915e+12 6.56231e+13 3.37901e+14 1.13146e+15 2.75826e+15 5.30991e+15 8.60555e+15 1.22401e+16 1.57426e+16 1.88685e+16 2.14831e+16 2.35433e+16 2.50523e+16 2.61641e+16 2.68543e+16 2.72015e+16 2.73761e+16 0 0 0 0 0 0 0 0 0 0 0 0 0 0 0 0 0 0 0 0 0 0 0 0 0 0 0 0 0 0 0 0 
0 0 0 0 0 0 0 0 0 0 0 0 0 0 0 7.30363e+10 2.65589e+12 3.35085e+13 2.18487e+14 8.92542e+14 2.55933e+15 5.63933e+15 1.02005e+16 1.58713e+16 2.21282e+16 2.81936e+16 3.36942e+16 3.84893e+16 4.21823e+16 4.49957e+16 4.70793e+16 4.8206e+16 4.85748e+16 0 0 0 0 0 0 0 0 0 0 0 0 0 0 0 0 0 0 0 0 0 0 0 0 0 0 0 0 0 0 0 0 
0 0 0 0 0 0 0 0 0 0 0 0 0 0 0 1.2795e+10 8.46028e+11 1.4904e+13 1.23885e+14 6.15679e+14 2.08589e+15 5.30527e+15 1.07411e+16 1.84812e+16 2.78157e+16 3.80013e+16 4.79183e+16 5.6938e+16 6.47587e+16 7.0895e+16 7.51047e+16 7.79258e+16 7.86136e+16 0 0 0 0 0 0 0 0 0 0 0 0 0 0 0 0 0 0 0 0 0 0 0 0 0 0 0 0 0 0 0 0 
0 0 0 0 0 0 0 0 0 0 0 0 0 0 0 2.28798e+09 2.28023e+11 5.69856e+12 6.14521e+13 3.73464e+14 1.50501e+15 4.41181e+15 1.01548e+16 1.91999e+16 3.15058e+16 4.61361e+16 6.1712e+16 7.68499e+16 9.04822e+16 1.01638e+17 1.09592e+17 1.14804e+17 1.1624e+17 0 0 0 0 0 0 0 0 0 0 0 0 0 0 0 0 0 0 0 0 0 0 0 0 0 0 0 0 0 0 0 0 
0 0 0 0 0 0 0 0 0 0 0 0 0 0 0 0 5.1486e+10 1.9039e+12 2.68237e+13 2.01539e+14 9.65872e+14 3.26706e+15 8.50347e+15 1.79639e+16 3.21325e+16 5.0457e+16 7.17528e+16 9.35912e+16 1.14356e+17 1.32241e+17 1.46354e+17 1.54078e+17 1.57584e+17 0 0 0 0 0 0 0 0 0 0 0 0 0 0 0 0 0 0 0 0 0 0 0 0 0 0 0 0 0 0 0 0 
0 0 0 0 0 0 0 0 0 0 0 0 0 0 0 0 8.83679e+09 5.51159e+11 1.03566e+13 9.65815e+13 5.49258e+14 2.16503e+15 6.38192e+15 1.50553e+16 2.94037e+16 4.9861e+16 7.5331e+16 1.03596e+17 1.31585e+17 1.5666e+17 1.7652e+17 1.89441e+17 1.93796e+17 0 0 0 0 0 0 0 0 0 0 0 0 0 0 0 0 0 0 0 0 0 0 0 0 0 0 0 0 0 0 0 0 
0 0 0 0 0 0 0 0 0 0 0 0 0 0 0 0 1.97093e+09 1.41389e+11 3.53854e+12 4.12602e+13 2.81365e+14 1.28655e+15 4.30335e+15 1.12285e+16 2.42574e+16 4.44372e+16 7.13496e+16 1.03396e+17 1.37183e+17 1.68501e+17 1.93696e+17 2.10742e+17 2.16309e+17 0 0 0 0 0 0 0 0 0 0 0 0 0 0 0 0 0 0 0 0 0 0 0 0 0 0 0 0 0 0 0 0 
0 0 0 0 0 0 0 0 0 0 0 0 0 0 0 0 0 3.20169e+10 1.08906e+12 1.58144e+13 1.29136e+14 6.8733e+14 2.61702e+15 7.63921e+15 1.80461e+16 3.5767e+16 6.15198e+16 9.4118e+16 1.3004e+17 1.64945e+17 1.94329e+17 2.13909e+17 2.20082e+17 0 0 0 0 0 0 0 0 0 0 0 0 0 0 0 0 0 0 0 0 0 0 0 0 0 0 0 0 0 0 0 0 
0 0 0 0 0 0 0 0 0 0 0 0 0 0 0 0 0 5.53347e+09 3.00268e+11 5.52586e+12 5.40666e+13 3.33629e+14 1.44388e+15 4.71743e+15 1.21659e+16 2.61963e+16 4.81297e+16 7.74164e+16 1.11811e+17 1.46811e+17 1.76755e+17 1.96341e+17 2.04348e+17 0 0 0 0 0 0 0 0 0 0 0 0 0 0 0 0 0 0 0 0 0 0 0 0 0 0 0 0 0 0 0 0 
0 0 0 0 0 0 0 0 0 0 0 0 0 0 0 0 0 1.58408e+09 7.67158e+10 1.75906e+12 2.06605e+13 1.47258e+14 7.25063e+14 2.62682e+15 7.50213e+15 1.73987e+16 3.41996e+16 5.81476e+16 8.75538e+16 1.18951e+17 1.46769e+17 1.66086e+17 1.72531e+17 0 0 0 0 0 0 0 0 0 0 0 0 0 0 0 0 0 0 0 0 0 0 0 0 0 0 0 0 0 0 0 0 
0 0 0 0 0 0 0 0 0 0 0 0 0 0 0 0 0 0 1.8091e+10 5.15129e+11 7.27534e+12 6.01083e+13 3.34002e+14 1.35362e+15 4.21042e+15 1.06008e+16 2.22066e+16 3.99447e+16 6.29898e+16 8.81826e+16 1.11144e+17 1.27566e+17 1.33531e+17 0 0 0 0 0 0 0 0 0 0 0 0 0 0 0 0 0 0 0 0 0 0 0 0 0 0 0 0 0 0 0 0 
0 0 0 0 0 0 0 0 0 0 0 0 0 0 0 0 0 0 3.13451e+09 1.41959e+11 2.37679e+12 2.28814e+13 1.42513e+14 6.39296e+14 2.18873e+15 5.9275e+15 1.3278e+16 2.52442e+16 4.14215e+16 5.99505e+16 7.76918e+16 9.03176e+16 9.49523e+16 0 0 0 0 0 0 0 0 0 0 0 0 0 0 0 0 0 0 0 0 0 0 0 0 0 0 0 0 0 0 0 0 
0 0 0 0 0 0 0 0 0 0 0 0 0 0 0 0 0 0 1.18116e+09 3.82212e+10 7.34096e+11 8.08924e+12 5.69205e+13 2.81921e+14 1.04771e+15 3.06892e+15 7.33857e+15 1.47161e+16 2.52802e+16 3.78254e+16 5.00375e+16 5.88501e+16 6.21825e+16 0 0 0 0 0 0 0 0 0 0 0 0 0 0 0 0 0 0 0 0 0 0 0 0 0 0 0 0 0 0 0 0 
0 0 0 0 0 0 0 0 0 0 0 0 0 0 0 0 0 0 0 9.46505e+09 2.14955e+11 2.69772e+12 2.13941e+13 1.16685e+14 4.70737e+14 1.48411e+15 3.75149e+15 7.92092e+15 1.42216e+16 2.19704e+16 2.97071e+16 3.56254e+16 3.77601e+16 0 0 0 0 0 0 0 0 0 0 0 0 0 0 0 0 0 0 0 0 0 0 0 0 0 0 0 0 0 0 0 0 
0 0 0 0 0 0 0 0 0 0 0 0 0 0 0 0 0 0 0 1.60115e+09 6.12215e+10 8.67087e+11 7.63939e+12 4.55781e+13 1.98941e+14 6.70115e+14 1.81693e+15 4.00767e+15 7.45763e+15 1.19381e+16 1.65058e+16 1.99834e+16 2.12406e+16 0 0 0 0 0 0 0 0 0 0 0 0 0 0 0 0 0 0 0 0 0 0 0 0 0 0 0 0 0 0 0 0 
0 0 0 0 0 0 0 0 0 0 0 0 0 0 0 0 0 0 0 8.02313e+08 1.78864e+10 2.72276e+11 2.60603e+12 1.69513e+13 8.03653e+13 2.88498e+14 8.18615e+14 1.90813e+15 3.67696e+15 6.06244e+15 8.56234e+15 1.05335e+16 1.1235e+16 0 0 0 0 0 0 0 0 0 0 0 0 0 0 0 0 0 0 0 0 0 0 0 0 0 0 0 0 0 0 0 0 
0 0 0 0 0 0 0 0 0 0 0 0 0 0 0 0 0 0 0 0 4.55801e+09 8.16231e+10 8.70491e+11 6.13721e+12 3.09869e+13 1.18032e+14 3.53886e+14 8.56348e+14 1.7274e+15 2.92135e+15 4.22414e+15 5.20678e+15 5.61863e+15 0 0 0 0 0 0 0 0 0 0 0 0 0 0 0 0 0 0 0 0 0 0 0 0 0 0 0 0 0 0 0 0 
0 0 0 0 0 0 0 0 0 0 0 0 0 0 0 0 0 0 0 0 7.21614e+08 2.46119e+10 2.87257e+11 2.15948e+12 1.15259e+13 4.67333e+13 1.46852e+14 3.70266e+14 7.70592e+14 1.33438e+15 1.9656e+15 2.46679e+15 2.66829e+15 0 0 0 0 0 0 0 0 0 0 0 0 0 0 0 0 0 0 0 0 0 0 0 0 0 0 0 0 0 0 0 0 
0 0 0 0 0 0 0 0 0 0 0 0 0 0 0 0 0 0 0 0 4.93481e+08 7.76896e+09 9.23994e+10 7.40963e+11 4.2269e+12 1.78938e+13 5.89907e+13 1.54452e+14 3.3074e+14 5.88348e+14 8.78384e+14 1.11864e+15 1.20824e+15 0 0 0 0 0 0 0 0 0 0 0 0 0 0 0 0 0 0 0 0 0 0 0 0 0 0 0 0 0 0 0 0 
0 0 0 0 0 0 0 0 0 0 0 0 0 0 0 0 0 0 0 0 0 1.96777e+09 2.84868e+10 2.52367e+11 1.52928e+12 6.7442e+12 2.30075e+13 6.25405e+13 1.37258e+14 2.50874e+14 3.79719e+14 4.84443e+14 5.26316e+14 0 0 0 0 0 0 0 0 0 0 0 0 0 0 0 0 0 0 0 0 0 0 0 0 0 0 0 0 0 0 0 0 
0 0 0 0 0 0 0 0 0 0 0 0 0 0 0 0 0 0 0 0 0 2.82403e+08 9.20992e+09 8.76646e+10 5.41621e+11 2.51517e+12 8.88275e+12 2.47161e+13 5.61229e+13 1.03577e+14 1.59687e+14 2.06016e+14 2.23775e+14 0 0 0 0 0 0 0 0 0 0 0 0 0 0 0 0 0 0 0 0 0 0 0 0 0 0 0 0 0 0 0 0 
0 0 0 0 0 0 0 0 0 0 0 0 0 0 0 0 0 0 0 0 0 2.71373e+08 3.0894e+09 2.87293e+10 1.89546e+11 9.32371e+11 3.38008e+12 9.68625e+12 2.23536e+13 4.20435e+13 6.55642e+13 8.57407e+13 9.30211e+13 0 0 0 0 0 0 0 0 0 0 0 0 0 0 0 0 0 0 0 0 0 0 0 0 0 0 0 0 0 0 0 0 
0 0 0 0 0 0 0 0 0 0 0 0 0 0 0 0 0 0 0 0 0 0 7.45878e+08 9.03883e+09 6.85178e+10 3.42467e+11 1.28562e+12 3.78686e+12 8.87981e+12 1.69589e+13 2.67095e+13 3.48546e+13 3.84247e+13 0 0 0 0 0 0 0 0 0 0 0 0 0 0 0 0 0 0 0 0 0 0 0 0 0 0 0 0 0 0 0 0 
0 0 0 0 0 0 0 0 0 0 0 0 0 0 0 0 0 0 0 0 0 0 9.41663e+07 3.19437e+09 2.45146e+10 1.23963e+11 4.87929e+11 1.46829e+12 3.52145e+12 6.82149e+12 1.08071e+13 1.43021e+13 1.56831e+13 0 0 0 0 0 0 0 0 0 0 0 0 0 0 0 0 0 0 0 0 0 0 0 0 0 0 0 0 0 0 0 0 
0 0 0 0 0 0 0 0 0 0 0 0 0 0 0 0 0 0 0 0 0 0 1.32093e+08 1.10017e+09 7.91369e+09 4.45863e+10 1.86045e+11 5.67484e+11 1.38952e+12 2.7206e+12 4.42376e+12 5.80466e+12 6.35497e+12 0 0 0 0 0 0 0 0 0 0 0 0 0 0 0 0 0 0 0 0 0 0 0 0 0 0 0 0 0 0 0 0 
0 0 0 0 0 0 0 0 0 0 0 0 0 0 0 0 0 0 0 0 0 0 0 2.42348e+08 2.58259e+09 1.68928e+10 6.91322e+10 2.19318e+11 5.48972e+11 1.09856e+12 1.76845e+12 2.37214e+12 2.61362e+12 0 0 0 0 0 0 0 0 0 0 0 0 0 0 0 0 0 0 0 0 0 0 0 0 0 0 0 0 0 0 0 0 
0 0 0 0 0 0 0 0 0 0 0 0 0 0 0 0 0 0 0 0 0 0 0 2.60834e+07 1.0054e+09 6.08664e+09 2.53863e+10 8.601e+10 2.17594e+11 4.36488e+11 7.21686e+11 9.59823e+11 1.05887e+12 0 0 0 0 0 0 0 0 0 0 0 0 0 0 0 0 0 0 0 0 0 0 0 0 0 0 0 0 0 0 0 0 
0 0 0 0 0 0 0 0 0 0 0 0 0 0 0 0 0 0 0 0 0 0 0 5.64921e+07 3.43461e+08 1.88751e+09 9.49938e+09 3.34045e+10 8.39512e+10 1.75967e+11 2.91852e+11 3.9663e+11 4.33625e+11 0 0 0 0 0 0 0 0 0 0 0 0 0 0 0 0 0 0 0 0 0 0 0 0 0 0 0 0 0 0 0 0 
0 0 0 0 0 0 0 0 0 0 0 0 0 0 0 0 0 0 0 0 0 0 0 0 6.58745e+07 6.60009e+08 3.7587e+09 1.23053e+10 3.34364e+10 7.09588e+10 1.16622e+11 1.60363e+11 1.75694e+11 0 0 0 0 0 0 0 0 0 0 0 0 0 0 0 0 0 0 0 0 0 0 0 0 0 0 0 0 0 0 0 0 
0 0 0 0 0 0 0 0 0 0 0 0 0 0 0 0 0 0 0 0 0 0 0 0 5.781e+06 2.86246e+08 1.282e+09 4.50499e+09 1.34928e+10 2.75449e+10 4.7818e+10 6.49098e+10 7.2583e+10 0 0 0 0 0 0 0 0 0 0 0 0 0 0 0 0 0 0 0 0 0 0 0 0 0 0 0 0 0 0 0 0 
0 0 0 0 0 0 0 0 0 0 0 0 0 0 0 0 0 0 0 0 0 0 0 0 2.10021e+07 9.0825e+07 3.80338e+08 1.8175e+09 5.12627e+09 1.07103e+10 1.94425e+10 2.5805e+10 2.95821e+10 0 0 0 0 0 0 0 0 0 0 0 0 0 0 0 0 0 0 0 0 0 0 0 0 0 0 0 0 0 0 0 0 
0 0 0 0 0 0 0 0 0 0 0 0 0 0 0 0 0 0 0 0 0 0 0 0 0 1.45362e+07 1.53366e+08 7.23273e+08 1.80963e+09 4.45629e+09 7.53981e+09 1.0524e+10 1.17586e+10 0 0 0 0 0 0 0 0 0 0 0 0 0 0 0 0 0 0 0 0 0 0 0 0 0 0 0 0 0 0 0 0 
0 0 0 0 0 0 0 0 0 0 0 0 0 0 0 0 0 0 0 0 0 0 0 0 0 1.00152e+06 7.15596e+07 2.20906e+08 7.03998e+08 1.78226e+09 2.84906e+09 4.40224e+09 4.58227e+09 0 0 0 0 0 0 0 0 0 0 0 0 0 0 0 0 0 0 0 0 0 0 0 0 0 0 0 0 0 0 0 0 
0 0 0 0 0 0 0 0 0 0 0 0 0 0 0 0 0 0 0 0 0 0 0 0 0 6.68364e+06 1.97154e+07 6.38011e+07 3.10682e+08 6.26999e+08 1.19786e+09 1.69775e+09 1.86074e+09 0 0 0 0 0 0 0 0 0 0 0 0 0 0 0 0 0 0 0 0 0 0 0 0 0 0 0 0 0 0 0 0 
0 0 0 0 0 0 0 0 0 0 0 0 0 0 0 0 0 0 0 0 0 0 0 0 0 0 2.48506e+06 3.31259e+07 1.14087e+08 2.16517e+08 5.11041e+08 6.12002e+08 8.04031e+08 0 0 0 0 0 0 0 0 0 0 0 0 0 0 0 0 0 0 0 0 0 0 0 0 0 0 0 0 0 0 0 0 
0 0 0 0 0 0 0 0 0 0 0 0 0 0 0 0 0 0 0 0 0 0 0 0 0 0 124956 1.50307e+07 2.85031e+07 9.94477e+07 1.83745e+08 2.46693e+08 3.117e+08 0 0 0 0 0 0 0 0 0 0 0 0 0 0 0 0 0 0 0 0 0 0 0 0 0 0 0 0 0 0 0 0 
0 0 0 0 0 0 0 0 0 0 0 0 0 0 0 0 0 0 0 0 0 0 0 0 0 0 1.79564e+06 3.35367e+06 9.33188e+06 4.47643e+07 5.60776e+07 1.16265e+08 1.00723e+08 0 0 0 0 0 0 0 0 0 0 0 0 0 0 0 0 0 0 0 0 0 0 0 0 0 0 0 0 0 0 0 0 
0 0 0 0 0 0 0 0 0 0 0 0 0 0 0 0 0 0 0 0 0 0 0 0 0 0 0 309162 6.38543e+06 1.33583e+07 2.30397e+07 4.50445e+07 3.77369e+07 0 0 0 0 0 0 0 0 0 0 0 0 0 0 0 0 0 0 0 0 0 0 0 0 0 0 0 0 0 0 0 0 
0 0 0 0 0 0 0 0 0 0 0 0 0 0 0 0 0 0 0 0 0 0 0 0 0 0 0 10054 2.51507e+06 2.51797e+06 1.26129e+07 1.21011e+07 1.96282e+07 0 0 0 0 0 0 0 0 0 0 0 0 0 0 0 0 0 0 0 0 0 0 0 0 0 0 0 0 0 0 0 0 
0 0 0 0 0 0 0 0 0 0 0 0 0 0 0 0 0 0 0 0 0 0 0 0 0 0 0 398671 415087 1.30926e+06 4.7713e+06 3.73987e+06 8.62813e+06 0 0 0 0 0 0 0 0 0 0 0 0 0 0 0 0 0 0 0 0 0 0 0 0 0 0 0 0 0 0 0 0 
0 0 0 0 0 0 0 0 0 0 0 0 0 0 0 0 0 0 0 0 0 0 0 0 0 0 0 0 24697 1.02522e+06 997532 2.38263e+06 2.26722e+06 0 0 0 0 0 0 0 0 0 0 0 0 0 0 0 0 0 0 0 0 0 0 0 0 0 0 0 0 0 0 0 0 
0 0 0 0 0 0 0 0 0 0 0 0 0 0 0 0 0 0 0 0 0 0 0 0 0 0 0 0 384.696 310294 136512 1.22894e+06 392682 0 0 0 0 0 0 0 0 0 0 0 0 0 0 0 0 0 0 0 0 0 0 0 0 0 0 0 0 0 0 0 0 
0 0 0 0 0 0 0 0 0 0 0 0 0 0 0 0 0 0 0 0 0 0 0 0 0 0 0 0 71177.1 33142.9 179076 307965 255938 0 0 0 0 0 0 0 0 0 0 0 0 0 0 0 0 0 0 0 0 0 0 0 0 0 0 0 0 0 0 0 0 
0 0 0 0 0 0 0 0 0 0 0 0 0 0 0 0 0 0 0 0 0 0 0 0 0 0 0 0 0 952.305 124715 37298.8 209661 0 0 0 0 0 0 0 0 0 0 0 0 0 0 0 0 0 0 0 0 0 0 0 0 0 0 0 0 0 0 0 0 
0 0 0 0 0 0 0 0 0 0 0 0 0 0 0 0 0 0 0 0 0 0 0 0 0 0 0 0 0 0 24823 3768.24 68179.8 0 0 0 0 0 0 0 0 0 0 0 0 0 0 0 0 0 0 0 0 0 0 0 0 0 0 0 0 0 0 0 0 
0 0 0 0 0 0 0 0 0 0 0 0 0 0 0 0 0 0 0 0 0 0 0 0 0 0 0 0 0 9817.53 1273.62 20741.9 7689.2 0 0 0 0 0 0 0 0 0 0 0 0 0 0 0 0 0 0 0 0 0 0 0 0 0 0 0 0 0 0 0 0 
0 0 0 0 0 0 0 0 0 0 0 0 0 0 0 0 0 0 0 0 0 0 0 0 0 0 0 0 0 0 0 9965.98 459.359 0 0 0 0 0 0 0 0 0 0 0 0 0 0 0 0 0 0 0 0 0 0 0 0 0 0 0 0 0 0 0 0 
0 0 0 0 0 0 0 0 0 0 0 0 0 0 0 0 0 0 0 0 0 0 0 0 0 0 0 0 0 0 0 954.815 0 0 0 0 0 0 0 0 0 0 0 0 0 0 0 0 0 0 0 0 0 0 0 0 0 0 0 0 0 0 0 0 0 
0 0 0 0 0 0 0 0 0 0 0 0 0 0 0 0 0 0 0 0 0 0 0 0 0 0 0 0 0 0 981.753 0 1659.27 0 0 0 0 0 0 0 0 0 0 0 0 0 0 0 0 0 0 0 0 0 0 0 0 0 0 0 0 0 0 0 0 
0 0 0 0 0 0 0 0 0 0 0 0 0 0 0 0 0 0 0 0 0 0 0 0 0 0 0 0 0 0 0 0 382.989 0 0 0 0 0 0 0 0 0 0 0 0 0 0 0 0 0 0 0 0 0 0 0 0 0 0 0 0 0 0 0 0 
0 0 0 0 0 0 0 0 0 0 0 0 0 0 0 0 0 0 0 0 0 0 0 0 0 0 0 0 0 0 0 0 0 0 0 0 0 0 0 0 0 0 0 0 0 0 0 0 0 0 0 0 0 0 0 0 0 0 0 0 0 0 0 0 0 
0 0 0 0 0 0 0 0 0 0 0 0 0 0 0 0 0 0 0 0 0 0 0 0 0 0 0 0 0 0 0 63.3389 0 0 0 0 0 0 0 0 0 0 0 0 0 0 0 0 0 0 0 0 0 0 0 0 0 0 0 0 0 0 0 0 0 
0 0 0 0 0 0 0 0 0 0 0 0 0 0 0 0 0 0 0 0 0 0 0 0 0 0 0 0 0 0 0 0 0 0 0 0 0 0 0 0 0 0 0 0 0 0 0 0 0 0 0 0 0 0 0 0 0 0 0 0 0 0 0 0 0 
0 0 0 0 0 0 0 0 0 0 0 0 0 0 0 0 0 0 0 0 0 0 0 0 0 0 0 0 0 0 0 0 0 0 0 0 0 0 0 0 0 0 0 0 0 0 0 0 0 0 0 0 0 0 0 0 0 0 0 0 0 0 0 0 0 
0 0 0 0 0 0 0 0 0 0 0 0 0 0 0 0 0 0 0 0 0 0 0 0 0 0 0 0 0 0 0 0 1.97934 0 0 0 0 0 0 0 0 0 0 0 0 0 0 0 0 0 0 0 0 0 0 0 0 0 0 0 0 0 0 0 0 
