1 0 0 0 0 0 0 0 0 0 0 0 0 0 0 0 0 0 0 0 0 0 0 0 0 0 0 0 0 0 0 0 0 0 0 0 0 0 0 0 0 0 0 0 0 0 0 0 0 0 0 0 0 0 0 0 0 0 0 0 0 0 0 0 1 
0 0 0 0 0 0 0 0 0 0 0 0 0 0 0 0 0 0 0 0 0 0 0 0 0 0 0 0 0 0 0 0 0 0 0 0 0 0 0 0 0 0 0 0 0 0 0 0 0 0 0 0 0 0 0 0 0 0 0 0 0 0 0 0 0 
0 0 0 0 0 0 0 0 0 0 0 0 0 0 0 0 0 0 0 0 0 0 0 0 0 0 0 0 0 0 0 0 0 0 0 0 0 0 0 0 0 0 0 0 0 0 0 0 0 0 0 0 0 0 0 0 0 0 0 0 0 0 0 0 0 
0 64 0 0 0 0 0 0 0 0 0 0 0 0 0 0 0 0 0 0 0 0 0 0 0 0 0 0 0 0 0 0 0 0 0 0 0 0 0 0 0 0 0 0 0 0 0 0 0 0 0 0 0 0 0 0 0 0 0 0 0 0 0 0 0 
0 0 0 0 0 0 0 0 0 0 0 0 0 0 0 0 0 0 0 0 0 0 0 0 0 0 0 0 0 0 0 0 0 0 0 0 0 0 0 0 0 0 0 0 0 0 0 0 0 0 0 0 0 0 0 0 0 0 0 0 0 0 0 0 0 
0 0 192 0 0 0 0 0 0 0 0 0 0 0 0 0 0 0 0 0 0 0 0 0 0 0 0 0 0 0 0 0 0 0 0 0 0 0 0 0 0 0 0 0 0 0 0 0 0 0 0 0 0 0 0 0 0 0 0 0 0 0 0 0 0 
0 0 1824 0 0 0 0 0 0 0 0 0 0 0 0 0 0 0 0 0 0 0 0 0 0 0 0 0 0 0 0 0 0 0 0 0 0 0 0 0 0 0 0 0 0 0 0 0 0 0 0 0 0 0 0 0 0 0 0 0 0 0 0 0 0 
0 0 0 959.078 0 0 0 0 0 0 0 0 0 0 0 0 0 0 0 0 0 0 0 0 0 0 0 0 0 0 0 0 0 0 0 0 0 0 0 0 0 0 0 0 0 0 0 0 0 0 0 0 0 0 0 0 0 0 0 0 0 0 0 0 0 
0 0 0 9985.84 239.77 0 0 0 0 0 0 0 0 0 0 0 0 0 0 0 0 0 0 0 0 0 0 0 0 0 0 0 0 0 0 0 0 0 0 0 0 0 0 0 0 0 0 0 0 0 0 0 0 0 0 0 0 0 0 0 0 0 0 0 0 
0 0 0 30719.1 5103.32 0 0 0 0 0 0 0 0 0 0 0 0 0 0 0 0 0 0 0 0 0 0 0 0 0 0 0 0 0 0 0 0 0 0 0 0 0 0 0 0 0 0 0 0 0 0 0 0 0 0 0 0 0 0 0 0 0 0 0 0 
0 0 0 0 59440.1 3816.61 0 0 0 0 0 0 0 0 0 0 0 0 0 0 0 0 0 0 0 0 0 0 0 0 0 0 0 0 0 0 0 0 0 0 0 0 0 0 0 0 0 0 0 0 0 0 0 0 0 0 0 0 0 0 0 0 0 0 0 
0 0 0 0 227923 38464.7 1928.67 0 0 0 0 0 0 0 0 0 0 0 0 0 0 0 0 0 0 0 0 0 0 0 0 0 0 0 0 0 0 0 0 0 0 0 0 0 0 0 0 0 0 0 0 0 0 0 0 0 0 0 0 0 0 0 0 0 0 
0 0 0 0 342670 342425 37275.2 1297.54 162.193 0 0 0 0 0 0 0 0 0 0 0 0 0 0 0 0 0 0 0 0 0 0 0 0 0 0 0 0 0 0 0 0 0 0 0 0 0 0 0 0 0 0 0 0 0 0 0 0 0 0 0 0 0 0 0 0 
0 0 0 0 0 1.50475e+06 337487 38131.5 0 0 0 0 0 0 0 0 0 0 0 0 0 0 0 0 0 0 0 0 0 0 0 0 0 0 0 0 0 0 0 0 0 0 0 0 0 0 0 0 0 0 0 0 0 0 0 0 0 0 0 0 0 0 0 0 0 
0 0 0 0 0 3.05172e+06 2.12173e+06 360051 45698.2 3824.07 0 0 0 0 0 0 0 0 0 0 0 0 0 0 0 0 0 0 0 0 0 0 0 0 0 0 0 0 0 0 0 0 0 0 0 0 0 0 0 0 0 0 0 0 0 0 0 0 0 0 0 0 0 0 0 
0 0 0 0 0 2.68333e+06 9.06993e+06 2.72874e+06 459166 42505.9 5816.15 0 0 0 0 0 0 0 0 0 0 0 0 0 0 0 0 0 0 0 0 0 0 0 0 0 0 0 0 0 0 0 0 0 0 0 0 0 0 0 0 0 0 0 0 0 0 0 0 0 0 0 0 0 0 
0 0 0 0 0 0 2.14121e+07 1.41276e+07 3.61431e+06 692450 80064.8 11786.2 1510.1 0 0 0 59.8991 0 0 0 0 0 0 0 0 0 0 0 0 0 0 0 11.8185 0 0 0 0 0 0 0 0 0 0 0 0 0 0 0 0 0 0 0 0 0 0 0 0 0 0 0 0 0 0 0 0 
0 0 0 0 0 0 2.66607e+07 5.33119e+07 2.07813e+07 5.24272e+06 1.10905e+06 161623 15917.5 5848.24 1913.99 958.385 0 0 0 0 0 0 0 0 0 0 0 0 0 0 0 0 0 0 0 0 0 0 0 0 0 0 0 0 0 0 0 0 0 0 0 0 0 0 0 0 0 0 0 0 0 0 0 0 0 
0 0 0 0 0 0 1.53332e+07 1.30849e+08 9.34144e+07 3.20417e+07 8.44777e+06 1.92551e+06 399032 49538.6 5273.9 0 0 1971.5 0 0 0 0 0 0 0 0 0 0 0 0 0 378.193 0 0 0 0 0 0 0 0 0 0 0 0 0 0 0 0 0 0 0 0 0 0 0 0 0 0 0 0 0 0 0 0 0 
0 0 0 0 0 0 0 1.92364e+08 3.12746e+08 1.55536e+08 5.32767e+07 1.5514e+07 3.75125e+06 874802 214373 55010.3 29700.7 928.563 3828.8 0 0 0 0 0 0 0 0 0 0 0 948.298 0 0 0 0 0 0 0 0 0 0 0 0 0 0 0 0 0 0 0 0 0 0 0 0 0 0 0 0 0 0 0 0 0 0 
0 0 0 0 0 0 0 1.62062e+08 7.39967e+08 5.96823e+08 2.63323e+08 9.46072e+07 3.0562e+07 8.70097e+06 2.18277e+06 601423 127394 52869.6 27810.2 11676.1 2790.22 0 0 0 475.084 0 0 0 943.877 3797.71 4913.7 0 11864.1 0 0 0 0 0 0 0 0 0 0 0 0 0 0 0 0 0 0 0 0 0 0 0 0 0 0 0 0 0 0 0 0 
0 0 0 0 0 0 0 6.53732e+07 1.16381e+09 1.79168e+09 1.09263e+09 4.75396e+08 1.8046e+08 6.28689e+07 2.0054e+07 5.98885e+06 1.97428e+06 816372 244939 135508 31381.2 23699.5 11801 7670.33 0 3973.61 5825.66 11510.6 14774.1 20853.5 0 28966.1 414.389 0 0 0 0 0 0 0 0 0 0 0 0 0 0 0 0 0 0 0 0 0 0 0 0 0 0 0 0 0 0 0 0 
0 0 0 0 0 0 0 0 1.17043e+09 3.96928e+09 3.67689e+09 2.02099e+09 9.00643e+08 3.67561e+08 1.40557e+08 5.12993e+07 1.78599e+07 6.1698e+06 2.71885e+06 1.15927e+06 760267 265430 127533 79915.7 94520.3 86828.4 77628.5 72848.7 93532.4 60042.7 112239 150757 69378.2 0 0 0 0 0 0 0 0 0 0 0 0 0 0 0 0 0 0 0 0 0 0 0 0 0 0 0 0 0 0 0 0 
0 0 0 0 0 0 0 0 7.07755e+08 6.28614e+09 9.84029e+09 7.23555e+09 3.88698e+09 1.83786e+09 8.00606e+08 3.35911e+08 1.35708e+08 5.50394e+07 2.3065e+07 1.04981e+07 4.82212e+06 2.94319e+06 1.76753e+06 1.07829e+06 707711 466797 533484 510700 490906 428849 685793 268404 710098 0 0 0 0 0 0 0 0 0 0 0 0 0 0 0 0 0 0 0 0 0 0 0 0 0 0 0 0 0 0 0 0 
0 0 0 0 0 0 0 0 2.13141e+08 6.86766e+09 2.02506e+10 2.15107e+10 1.43376e+10 7.75774e+09 3.8847e+09 1.82965e+09 8.48075e+08 3.82945e+08 1.70477e+08 7.9792e+07 4.02081e+07 2.17103e+07 1.21335e+07 7.59285e+06 5.15099e+06 4.61236e+06 3.41233e+06 3.13905e+06 2.49516e+06 3.4201e+06 2.36758e+06 2.95098e+06 2.8843e+06 0 0 0 0 0 0 0 0 0 0 0 0 0 0 0 0 0 0 0 0 0 0 0 0 0 0 0 0 0 0 0 0 
0 0 0 0 0 0 0 0 0 5.01173e+09 3.11412e+10 5.11928e+10 4.45436e+10 2.88959e+10 1.62463e+10 8.63619e+09 4.36604e+09 2.22763e+09 1.08626e+09 5.50036e+08 2.83006e+08 1.53058e+08 9.16436e+07 5.75005e+07 3.96643e+07 2.6755e+07 2.15999e+07 1.74065e+07 1.76691e+07 1.48568e+07 1.38304e+07 1.54848e+07 1.22118e+07 0 0 0 0 0 0 0 0 0 0 0 0 0 0 0 0 0 0 0 0 0 0 0 0 0 0 0 0 0 0 0 0 
0 0 0 0 0 0 0 0 0 2.28636e+09 3.49441e+10 9.73648e+10 1.17415e+11 9.2798e+10 5.98951e+10 3.53397e+10 1.99396e+10 1.08659e+10 5.99265e+09 3.24357e+09 1.79676e+09 1.01358e+09 5.90321e+08 3.77607e+08 2.46683e+08 1.78211e+08 1.37704e+08 1.11237e+08 9.59079e+07 7.89288e+07 8.34103e+07 7.23216e+07 7.90389e+07 0 0 0 0 0 0 0 0 0 0 0 0 0 0 0 0 0 0 0 0 0 0 0 0 0 0 0 0 0 0 0 0 
0 0 0 0 0 0 0 0 0 5.37353e+08 2.80074e+10 1.43033e+11 2.51601e+11 2.55403e+11 1.9423e+11 1.28154e+11 7.91586e+10 4.7285e+10 2.8055e+10 1.65079e+10 9.85383e+09 5.88935e+09 3.68606e+09 2.32779e+09 1.57668e+09 1.13394e+09 8.42774e+08 6.61931e+08 5.34394e+08 4.86766e+08 4.32133e+08 4.14907e+08 4.068e+08 0 0 0 0 0 0 0 0 0 0 0 0 0 0 0 0 0 0 0 0 0 0 0 0 0 0 0 0 0 0 0 0 
0 0 0 0 0 0 0 0 0 0 1.55707e+10 1.58765e+11 4.38478e+11 5.93749e+11 5.50982e+11 4.16428e+11 2.8544e+11 1.83802e+11 1.16284e+11 7.35763e+10 4.63921e+10 2.95007e+10 1.93227e+10 1.28962e+10 8.92933e+09 6.3504e+09 4.84683e+09 3.82703e+09 3.15691e+09 2.72399e+09 2.49193e+09 2.35966e+09 2.293e+09 0 0 0 0 0 0 0 0 0 0 0 0 0 0 0 0 0 0 0 0 0 0 0 0 0 0 0 0 0 0 0 0 
0 0 0 0 0 0 0 0 0 0 5.55429e+09 1.32456e+11 6.0432e+11 1.15167e+12 1.34022e+12 1.17975e+12 9.00803e+11 6.35282e+11 4.36052e+11 2.90792e+11 1.96463e+11 1.31889e+11 9.05231e+10 6.34788e+10 4.56011e+10 3.3805e+10 2.57935e+10 2.07055e+10 1.69051e+10 1.49193e+10 1.32925e+10 1.2786e+10 1.256e+10 0 0 0 0 0 0 0 0 0 0 0 0 0 0 0 0 0 0 0 0 0 0 0 0 0 0 0 0 0 0 0 0 
0 0 0 0 0 0 0 0 0 0 1.06888e+09 8.16218e+10 6.52863e+11 1.82551e+12 2.77182e+12 2.95296e+12 2.56011e+12 2.00573e+12 1.4641e+12 1.0589e+12 7.47368e+11 5.3313e+11 3.7956e+11 2.77552e+11 2.07131e+11 1.57865e+11 1.24116e+11 1.00892e+11 8.62832e+10 7.4286e+10 6.81736e+10 6.41558e+10 6.32645e+10 0 0 0 0 0 0 0 0 0 0 0 0 0 0 0 0 0 0 0 0 0 0 0 0 0 0 0 0 0 0 0 0 
0 0 0 0 0 0 0 0 0 0 0 3.5745e+10 5.49796e+11 2.35394e+12 4.82513e+12 6.3775e+12 6.47106e+12 5.63282e+12 4.491e+12 3.43477e+12 2.58476e+12 1.93554e+12 1.4501e+12 1.0933e+12 8.44103e+11 6.64973e+11 5.37116e+11 4.44182e+11 3.83125e+11 3.40049e+11 3.13767e+11 2.95937e+11 2.91309e+11 0 0 0 0 0 0 0 0 0 0 0 0 0 0 0 0 0 0 0 0 0 0 0 0 0 0 0 0 0 0 0 0 
0 0 0 0 0 0 0 0 0 0 0 1.03637e+10 3.53515e+11 2.43455e+12 7.00509e+12 1.17879e+13 1.42826e+13 1.41079e+13 1.24594e+13 1.02479e+13 8.16149e+12 6.46233e+12 5.03131e+12 3.98597e+12 3.12867e+12 2.54098e+12 2.10957e+12 1.78917e+12 1.55465e+12 1.3996e+12 1.29731e+12 1.23254e+12 1.21965e+12 0 0 0 0 0 0 0 0 0 0 0 0 0 0 0 0 0 0 0 0 0 0 0 0 0 0 0 0 0 0 0 0 
0 0 0 0 0 0 0 0 0 0 0 1.69927e+09 1.73141e+11 2.01256e+12 8.37196e+12 1.84808e+13 2.73052e+13 3.15002e+13 3.09823e+13 2.7755e+13 2.36794e+13 1.94904e+13 1.60019e+13 1.3106e+13 1.08115e+13 8.94467e+12 7.64091e+12 6.61818e+12 5.8504e+12 5.29996e+12 4.96435e+12 4.769e+12 4.70755e+12 0 0 0 0 0 0 0 0 0 0 0 0 0 0 0 0 0 0 0 0 0 0 0 0 0 0 0 0 0 0 0 0 
0 0 0 0 0 0 0 0 0 0 0 0 6.19566e+10 1.32215e+12 8.19346e+12 2.43817e+13 4.5222e+13 6.14605e+13 6.87433e+13 6.79511e+13 6.21789e+13 5.46331e+13 4.67051e+13 3.9703e+13 3.39121e+13 2.90659e+13 2.52978e+13 2.22785e+13 2.01285e+13 1.84483e+13 1.73952e+13 1.6776e+13 1.67588e+13 0 0 0 0 0 0 0 0 0 0 0 0 0 0 0 0 0 0 0 0 0 0 0 0 0 0 0 0 0 0 0 0 
0 0 0 0 0 0 0 0 0 0 0 0 1.50121e+10 6.79774e+11 6.58072e+12 2.69884e+13 6.37662e+13 1.04649e+14 1.3506e+14 1.48721e+14 1.48791e+14 1.393e+14 1.2614e+14 1.11678e+14 9.84263e+13 8.72116e+13 7.79046e+13 7.00205e+13 6.42508e+13 5.96778e+13 5.68113e+13 5.48454e+13 5.39771e+13 0 0 0 0 0 0 0 0 0 0 0 0 0 0 0 0 0 0 0 0 0 0 0 0 0 0 0 0 0 0 0 0 
0 0 0 0 0 0 0 0 0 0 0 0 2.2321e+09 2.73574e+11 4.27933e+12 2.48647e+13 7.65632e+13 1.54347e+14 2.33185e+14 2.91785e+14 3.20457e+14 3.23914e+14 3.10477e+14 2.88999e+14 2.65809e+14 2.4238e+14 2.20413e+14 2.02987e+14 1.8931e+14 1.78274e+14 1.70945e+14 1.66246e+14 1.64325e+14 0 0 0 0 0 0 0 0 0 0 0 0 0 0 0 0 0 0 0 0 0 0 0 0 0 0 0 0 0 0 0 0 
0 0 0 0 0 0 0 0 0 0 0 0 0 8.24339e+10 2.26275e+12 1.90507e+13 7.78358e+13 1.96064e+14 3.5358e+14 5.04504e+14 6.17201e+14 6.8035e+14 6.98081e+14 6.87403e+14 6.57778e+14 6.19379e+14 5.82159e+14 5.47773e+14 5.18058e+14 4.97059e+14 4.77788e+14 4.66961e+14 4.6559e+14 0 0 0 0 0 0 0 0 0 0 0 0 0 0 0 0 0 0 0 0 0 0 0 0 0 0 0 0 0 0 0 0 
0 0 0 0 0 0 0 0 0 0 0 0 0 1.73153e+10 9.66113e+11 1.21682e+13 6.73534e+13 2.13872e+14 4.6447e+14 7.71964e+14 1.06376e+15 1.28733e+15 1.42758e+15 1.4939e+15 1.49527e+15 1.46942e+15 1.42004e+15 1.36858e+15 1.31802e+15 1.28158e+15 1.24905e+15 1.22835e+15 1.22339e+15 0 0 0 0 0 0 0 0 0 0 0 0 0 0 0 0 0 0 0 0 0 0 0 0 0 0 0 0 0 0 0 0 
0 0 0 0 0 0 0 0 0 0 0 0 0 2.50113e+09 3.28013e+11 6.4383e+12 4.90812e+13 2.008e+14 5.32368e+14 1.04031e+15 1.62523e+15 2.18239e+15 2.63197e+15 2.93179e+15 3.11672e+15 3.19114e+15 3.19645e+15 3.16844e+15 3.11332e+15 3.06162e+15 3.02805e+15 3.00668e+15 2.9911e+15 0 0 0 0 0 0 0 0 0 0 0 0 0 0 0 0 0 0 0 0 0 0 0 0 0 0 0 0 0 0 0 0 
0 0 0 0 0 0 0 0 0 0 0 0 0 0 8.61858e+10 2.83466e+12 3.01577e+13 1.60902e+14 5.26513e+14 1.21843e+15 2.20451e+15 3.3044e+15 4.36312e+15 5.23746e+15 5.88655e+15 6.34088e+15 6.61519e+15 6.73237e+15 6.81919e+15 6.81192e+15 6.81717e+15 6.79718e+15 6.7667e+15 0 0 0 0 0 0 0 0 0 0 0 0 0 0 0 0 0 0 0 0 0 0 0 0 0 0 0 0 0 0 0 0 
0 0 0 0 0 0 0 0 0 0 0 0 0 0 1.61999e+10 1.02984e+12 1.58271e+13 1.10793e+14 4.53931e+14 1.25694e+15 2.61905e+15 4.45822e+15 6.46885e+15 8.44657e+15 1.01673e+16 1.15198e+16 1.24717e+16 1.3194e+16 1.36246e+16 1.39475e+16 1.41013e+16 1.42082e+16 1.42295e+16 0 0 0 0 0 0 0 0 0 0 0 0 0 0 0 0 0 0 0 0 0 0 0 0 0 0 0 0 0 0 0 0 
0 0 0 0 0 0 0 0 0 0 0 0 0 0 2.49543e+09 3.05399e+11 7.03375e+12 6.57501e+13 3.38029e+14 1.13181e+15 2.76366e+15 5.3166e+15 8.60377e+15 1.22095e+16 1.57142e+16 1.88985e+16 2.15893e+16 2.35511e+16 2.5098e+16 2.62013e+16 2.68665e+16 2.73135e+16 2.74151e+16 0 0 0 0 0 0 0 0 0 0 0 0 0 0 0 0 0 0 0 0 0 0 0 0 0 0 0 0 0 0 0 0 
0 0 0 0 0 0 0 0 0 0 0 0 0 0 0 7.22505e+10 2.64212e+12 3.34363e+13 2.1848e+14 8.92125e+14 2.55508e+15 5.64026e+15 1.02078e+16 1.58575e+16 2.20879e+16 2.81725e+16 3.36953e+16 3.85343e+16 4.23165e+16 4.49857e+16 4.69339e+16 4.8043e+16 4.8611e+16 0 0 0 0 0 0 0 0 0 0 0 0 0 0 0 0 0 0 0 0 0 0 0 0 0 0 0 0 0 0 0 0 
0 0 0 0 0 0 0 0 0 0 0 0 0 0 0 1.27964e+10 8.46049e+11 1.48495e+13 1.23898e+14 6.16389e+14 2.08937e+15 5.29261e+15 1.07624e+16 1.85191e+16 2.78407e+16 3.79407e+16 4.7982e+16 5.71286e+16 6.47018e+16 7.10376e+16 7.53588e+16 7.78569e+16 7.8622e+16 0 0 0 0 0 0 0 0 0 0 0 0 0 0 0 0 0 0 0 0 0 0 0 0 0 0 0 0 0 0 0 0 
0 0 0 0 0 0 0 0 0 0 0 0 0 0 0 2.28411e+09 2.26834e+11 5.68583e+12 6.13729e+13 3.73405e+14 1.50597e+15 4.40855e+15 1.01339e+16 1.92051e+16 3.1473e+16 4.61121e+16 6.15974e+16 7.65883e+16 9.0585e+16 1.01544e+17 1.09967e+17 1.15028e+17 1.16448e+17 0 0 0 0 0 0 0 0 0 0 0 0 0 0 0 0 0 0 0 0 0 0 0 0 0 0 0 0 0 0 0 0 
0 0 0 0 0 0 0 0 0 0 0 0 0 0 0 0 5.10764e+10 1.90449e+12 2.67433e+13 2.01597e+14 9.6488e+14 3.27808e+15 8.49775e+15 1.79617e+16 3.21669e+16 5.04832e+16 7.16047e+16 9.36767e+16 1.14086e+17 1.32107e+17 1.45654e+17 1.54282e+17 1.57493e+17 0 0 0 0 0 0 0 0 0 0 0 0 0 0 0 0 0 0 0 0 0 0 0 0 0 0 0 0 0 0 0 0 
0 0 0 0 0 0 0 0 0 0 0 0 0 0 0 0 8.86322e+09 5.50508e+11 1.03078e+13 9.60894e+13 5.49025e+14 2.16722e+15 6.3866e+15 1.49731e+16 2.94873e+16 4.99259e+16 7.52878e+16 1.03356e+17 1.31479e+17 1.56783e+17 1.76634e+17 1.89033e+17 1.93607e+17 0 0 0 0 0 0 0 0 0 0 0 0 0 0 0 0 0 0 0 0 0 0 0 0 0 0 0 0 0 0 0 0 
0 0 0 0 0 0 0 0 0 0 0 0 0 0 0 0 1.96685e+09 1.40804e+11 3.54265e+12 4.11729e+13 2.80775e+14 1.28394e+15 4.30678e+15 1.12976e+16 2.41499e+16 4.43498e+16 7.15432e+16 1.03522e+17 1.37024e+17 1.68109e+17 1.9381e+17 2.10584e+17 2.16045e+17 0 0 0 0 0 0 0 0 0 0 0 0 0 0 0 0 0 0 0 0 0 0 0 0 0 0 0 0 0 0 0 0 
0 0 0 0 0 0 0 0 0 0 0 0 0 0 0 0 0 3.16087e+10 1.08351e+12 1.58012e+13 1.29181e+14 6.87317e+14 2.62259e+15 7.65366e+15 1.80694e+16 3.58268e+16 6.15511e+16 9.40666e+16 1.30177e+17 1.64921e+17 1.93939e+17 2.13626e+17 2.2052e+17 0 0 0 0 0 0 0 0 0 0 0 0 0 0 0 0 0 0 0 0 0 0 0 0 0 0 0 0 0 0 0 0 
0 0 0 0 0 0 0 0 0 0 0 0 0 0 0 0 0 5.57353e+09 3.00765e+11 5.53911e+12 5.39544e+13 3.31758e+14 1.44195e+15 4.6895e+15 1.2191e+16 2.61586e+16 4.80855e+16 7.75095e+16 1.11756e+17 1.46943e+17 1.76656e+17 1.96653e+17 2.03304e+17 0 0 0 0 0 0 0 0 0 0 0 0 0 0 0 0 0 0 0 0 0 0 0 0 0 0 0 0 0 0 0 0 
0 0 0 0 0 0 0 0 0 0 0 0 0 0 0 0 0 1.58452e+09 7.61887e+10 1.75857e+12 2.05584e+13 1.47572e+14 7.21729e+14 2.63826e+15 7.49412e+15 1.74233e+16 3.42132e+16 5.81865e+16 8.78691e+16 1.19039e+17 1.46967e+17 1.65601e+17 1.72881e+17 0 0 0 0 0 0 0 0 0 0 0 0 0 0 0 0 0 0 0 0 0 0 0 0 0 0 0 0 0 0 0 0 
0 0 0 0 0 0 0 0 0 0 0 0 0 0 0 0 0 0 1.7946e+10 5.16059e+11 7.26936e+12 6.02102e+13 3.34414e+14 1.35066e+15 4.21527e+15 1.05982e+16 2.21778e+16 4.00034e+16 6.29717e+16 8.83226e+16 1.11349e+17 1.27967e+17 1.3382e+17 0 0 0 0 0 0 0 0 0 0 0 0 0 0 0 0 0 0 0 0 0 0 0 0 0 0 0 0 0 0 0 0 
0 0 0 0 0 0 0 0 0 0 0 0 0 0 0 0 0 0 3.15211e+09 1.41833e+11 2.36919e+12 2.27173e+13 1.4228e+14 6.39527e+14 2.17414e+15 5.93412e+15 1.32706e+16 2.51718e+16 4.13746e+16 5.99838e+16 7.77773e+16 9.06899e+16 9.51889e+16 0 0 0 0 0 0 0 0 0 0 0 0 0 0 0 0 0 0 0 0 0 0 0 0 0 0 0 0 0 0 0 0 
0 0 0 0 0 0 0 0 0 0 0 0 0 0 0 0 0 0 1.17974e+09 3.78125e+10 7.32419e+11 8.08979e+12 5.66321e+13 2.82011e+14 1.04719e+15 3.07319e+15 7.35893e+15 1.468e+16 2.52052e+16 3.77821e+16 5.00336e+16 5.89563e+16 6.22299e+16 0 0 0 0 0 0 0 0 0 0 0 0 0 0 0 0 0 0 0 0 0 0 0 0 0 0 0 0 0 0 0 0 
0 0 0 0 0 0 0 0 0 0 0 0 0 0 0 0 0 0 0 9.39816e+09 2.14266e+11 2.69362e+12 2.14039e+13 1.16387e+14 4.72383e+14 1.47994e+15 3.7608e+15 7.94663e+15 1.4251e+16 2.19429e+16 2.96584e+16 3.54564e+16 3.76396e+16 0 0 0 0 0 0 0 0 0 0 0 0 0 0 0 0 0 0 0 0 0 0 0 0 0 0 0 0 0 0 0 0 
0 0 0 0 0 0 0 0 0 0 0 0 0 0 0 0 0 0 0 1.61104e+09 6.10244e+10 8.68645e+11 7.61346e+12 4.51957e+13 1.99598e+14 6.67161e+14 1.80318e+15 4.00476e+15 7.45473e+15 1.1947e+16 1.64792e+16 1.99281e+16 2.12929e+16 0 0 0 0 0 0 0 0 0 0 0 0 0 0 0 0 0 0 0 0 0 0 0 0 0 0 0 0 0 0 0 0 
0 0 0 0 0 0 0 0 0 0 0 0 0 0 0 0 0 0 0 8.04248e+08 1.75987e+10 2.71847e+11 2.61955e+12 1.70423e+13 8.02267e+13 2.89087e+14 8.19145e+14 1.90791e+15 3.68887e+15 6.04679e+15 8.58131e+15 1.04928e+16 1.12493e+16 0 0 0 0 0 0 0 0 0 0 0 0 0 0 0 0 0 0 0 0 0 0 0 0 0 0 0 0 0 0 0 0 
0 0 0 0 0 0 0 0 0 0 0 0 0 0 0 0 0 0 0 0 4.51318e+09 8.12767e+10 8.67887e+11 6.13477e+12 3.08659e+13 1.18551e+14 3.54722e+14 8.59093e+14 1.72507e+15 2.91647e+15 4.20851e+15 5.21171e+15 5.56565e+15 0 0 0 0 0 0 0 0 0 0 0 0 0 0 0 0 0 0 0 0 0 0 0 0 0 0 0 0 0 0 0 0 
0 0 0 0 0 0 0 0 0 0 0 0 0 0 0 0 0 0 0 0 7.26731e+08 2.45761e+10 2.86944e+11 2.16041e+12 1.15904e+13 4.66519e+13 1.46944e+14 3.70906e+14 7.69296e+14 1.33686e+15 1.9633e+15 2.46703e+15 2.65619e+15 0 0 0 0 0 0 0 0 0 0 0 0 0 0 0 0 0 0 0 0 0 0 0 0 0 0 0 0 0 0 0 0 
0 0 0 0 0 0 0 0 0 0 0 0 0 0 0 0 0 0 0 0 4.94567e+08 7.63382e+09 9.26036e+10 7.40492e+11 4.24012e+12 1.78901e+13 5.90734e+13 1.54045e+14 3.30998e+14 5.84213e+14 8.79033e+14 1.11378e+15 1.20927e+15 0 0 0 0 0 0 0 0 0 0 0 0 0 0 0 0 0 0 0 0 0 0 0 0 0 0 0 0 0 0 0 0 
0 0 0 0 0 0 0 0 0 0 0 0 0 0 0 0 0 0 0 0 0 1.95474e+09 2.8287e+10 2.5333e+11 1.5193e+12 6.72292e+12 2.31376e+13 6.26416e+13 1.37576e+14 2.49879e+14 3.77327e+14 4.85103e+14 5.25795e+14 0 0 0 0 0 0 0 0 0 0 0 0 0 0 0 0 0 0 0 0 0 0 0 0 0 0 0 0 0 0 0 0 
0 0 0 0 0 0 0 0 0 0 0 0 0 0 0 0 0 0 0 0 0 2.85238e+08 9.18681e+09 8.79871e+10 5.43684e+11 2.51735e+12 8.8444e+12 2.47284e+13 5.60206e+13 1.03568e+14 1.58889e+14 2.05769e+14 2.23958e+14 0 0 0 0 0 0 0 0 0 0 0 0 0 0 0 0 0 0 0 0 0 0 0 0 0 0 0 0 0 0 0 0 
0 0 0 0 0 0 0 0 0 0 0 0 0 0 0 0 0 0 0 0 0 2.71606e+08 3.04716e+09 2.88384e+10 1.91467e+11 9.25636e+11 3.36936e+12 9.76926e+12 2.23412e+13 4.21252e+13 6.58346e+13 8.47788e+13 9.34242e+13 0 0 0 0 0 0 0 0 0 0 0 0 0 0 0 0 0 0 0 0 0 0 0 0 0 0 0 0 0 0 0 0 
0 0 0 0 0 0 0 0 0 0 0 0 0 0 0 0 0 0 0 0 0 0 7.43075e+08 8.97907e+09 6.87987e+10 3.4147e+11 1.28573e+12 3.7736e+12 8.85155e+12 1.6926e+13 2.68321e+13 3.50619e+13 3.82771e+13 0 0 0 0 0 0 0 0 0 0 0 0 0 0 0 0 0 0 0 0 0 0 0 0 0 0 0 0 0 0 0 0 
0 0 0 0 0 0 0 0 0 0 0 0 0 0 0 0 0 0 0 0 0 0 9.49775e+07 3.17543e+09 2.4445e+10 1.25232e+11 4.87679e+11 1.46695e+12 3.48539e+12 6.7641e+12 1.0748e+13 1.42979e+13 1.55414e+13 0 0 0 0 0 0 0 0 0 0 0 0 0 0 0 0 0 0 0 0 0 0 0 0 0 0 0 0 0 0 0 0 
0 0 0 0 0 0 0 0 0 0 0 0 0 0 0 0 0 0 0 0 0 0 1.32464e+08 1.08473e+09 7.98445e+09 4.54136e+10 1.84941e+11 5.70392e+11 1.38416e+12 2.71982e+12 4.34927e+12 5.79846e+12 6.38151e+12 0 0 0 0 0 0 0 0 0 0 0 0 0 0 0 0 0 0 0 0 0 0 0 0 0 0 0 0 0 0 0 0 
0 0 0 0 0 0 0 0 0 0 0 0 0 0 0 0 0 0 0 0 0 0 0 2.42291e+08 2.56407e+09 1.6981e+10 6.93707e+10 2.19577e+11 5.50325e+11 1.08192e+12 1.75432e+12 2.35767e+12 2.58486e+12 0 0 0 0 0 0 0 0 0 0 0 0 0 0 0 0 0 0 0 0 0 0 0 0 0 0 0 0 0 0 0 0 
0 0 0 0 0 0 0 0 0 0 0 0 0 0 0 0 0 0 0 0 0 0 0 2.62966e+07 9.94531e+08 6.08257e+09 2.56238e+10 8.55185e+10 2.1704e+11 4.34575e+11 7.1513e+11 9.47278e+11 1.06203e+12 0 0 0 0 0 0 0 0 0 0 0 0 0 0 0 0 0 0 0 0 0 0 0 0 0 0 0 0 0 0 0 0 
0 0 0 0 0 0 0 0 0 0 0 0 0 0 0 0 0 0 0 0 0 0 0 5.66934e+07 3.38123e+08 1.90358e+09 9.56823e+09 3.33243e+10 8.44352e+10 1.77174e+11 2.89494e+11 3.89794e+11 4.27392e+11 0 0 0 0 0 0 0 0 0 0 0 0 0 0 0 0 0 0 0 0 0 0 0 0 0 0 0 0 0 0 0 0 
0 0 0 0 0 0 0 0 0 0 0 0 0 0 0 0 0 0 0 0 0 0 0 0 6.58567e+07 6.51881e+08 3.79855e+09 1.23207e+10 3.3222e+10 7.04408e+10 1.15413e+11 1.59519e+11 1.74526e+11 0 0 0 0 0 0 0 0 0 0 0 0 0 0 0 0 0 0 0 0 0 0 0 0 0 0 0 0 0 0 0 0 
0 0 0 0 0 0 0 0 0 0 0 0 0 0 0 0 0 0 0 0 0 0 0 0 5.87117e+06 2.84291e+08 1.29028e+09 4.53064e+09 1.34724e+10 2.74678e+10 4.75425e+10 6.42086e+10 7.11332e+10 0 0 0 0 0 0 0 0 0 0 0 0 0 0 0 0 0 0 0 0 0 0 0 0 0 0 0 0 0 0 0 0 
0 0 0 0 0 0 0 0 0 0 0 0 0 0 0 0 0 0 0 0 0 0 0 0 2.10448e+07 8.95948e+07 3.79095e+08 1.83954e+09 5.09917e+09 1.0763e+10 1.93724e+10 2.55738e+10 2.9604e+10 0 0 0 0 0 0 0 0 0 0 0 0 0 0 0 0 0 0 0 0 0 0 0 0 0 0 0 0 0 0 0 0 
0 0 0 0 0 0 0 0 0 0 0 0 0 0 0 0 0 0 0 0 0 0 0 0 0 1.45511e+07 1.5292e+08 7.28659e+08 1.814e+09 4.46268e+09 7.52661e+09 1.05389e+10 1.1732e+10 0 0 0 0 0 0 0 0 0 0 0 0 0 0 0 0 0 0 0 0 0 0 0 0 0 0 0 0 0 0 0 0 
0 0 0 0 0 0 0 0 0 0 0 0 0 0 0 0 0 0 0 0 0 0 0 0 0 1.00751e+06 7.07792e+07 2.2176e+08 7.03669e+08 1.78681e+09 2.86538e+09 4.36798e+09 4.55687e+09 0 0 0 0 0 0 0 0 0 0 0 0 0 0 0 0 0 0 0 0 0 0 0 0 0 0 0 0 0 0 0 0 
0 0 0 0 0 0 0 0 0 0 0 0 0 0 0 0 0 0 0 0 0 0 0 0 0 6.70304e+06 1.94908e+07 6.34839e+07 3.13649e+08 6.25224e+08 1.19778e+09 1.70863e+09 1.84767e+09 0 0 0 0 0 0 0 0 0 0 0 0 0 0 0 0 0 0 0 0 0 0 0 0 0 0 0 0 0 0 0 0 
0 0 0 0 0 0 0 0 0 0 0 0 0 0 0 0 0 0 0 0 0 0 0 0 0 0 2.49491e+06 3.31416e+07 1.1466e+08 2.19316e+08 5.09657e+08 6.101e+08 8.01742e+08 0 0 0 0 0 0 0 0 0 0 0 0 0 0 0 0 0 0 0 0 0 0 0 0 0 0 0 0 0 0 0 0 
0 0 0 0 0 0 0 0 0 0 0 0 0 0 0 0 0 0 0 0 0 0 0 0 0 0 125622 1.49008e+07 2.86863e+07 1.00187e+08 1.83694e+08 2.47466e+08 3.12308e+08 0 0 0 0 0 0 0 0 0 0 0 0 0 0 0 0 0 0 0 0 0 0 0 0 0 0 0 0 0 0 0 0 
0 0 0 0 0 0 0 0 0 0 0 0 0 0 0 0 0 0 0 0 0 0 0 0 0 0 1.80036e+06 3.31631e+06 9.30343e+06 4.50493e+07 5.5838e+07 1.14996e+08 1.00412e+08 0 0 0 0 0 0 0 0 0 0 0 0 0 0 0 0 0 0 0 0 0 0 0 0 0 0 0 0 0 0 0 0 
0 0 0 0 0 0 0 0 0 0 0 0 0 0 0 0 0 0 0 0 0 0 0 0 0 0 0 310542 6.35827e+06 1.3404e+07 2.3306e+07 4.4776e+07 3.81557e+07 0 0 0 0 0 0 0 0 0 0 0 0 0 0 0 0 0 0 0 0 0 0 0 0 0 0 0 0 0 0 0 0 
0 0 0 0 0 0 0 0 0 0 0 0 0 0 0 0 0 0 0 0 0 0 0 0 0 0 0 10018.7 2.49471e+06 2.54981e+06 1.25975e+07 1.21724e+07 1.96994e+07 0 0 0 0 0 0 0 0 0 0 0 0 0 0 0 0 0 0 0 0 0 0 0 0 0 0 0 0 0 0 0 0 
0 0 0 0 0 0 0 0 0 0 0 0 0 0 0 0 0 0 0 0 0 0 0 0 0 0 0 399813 410630 1.30388e+06 4.80563e+06 3.74227e+06 8.60077e+06 0 0 0 0 0 0 0 0 0 0 0 0 0 0 0 0 0 0 0 0 0 0 0 0 0 0 0 0 0 0 0 0 
0 0 0 0 0 0 0 0 0 0 0 0 0 0 0 0 0 0 0 0 0 0 0 0 0 0 0 0 24883 1.01883e+06 1.00017e+06 2.38712e+06 2.26999e+06 0 0 0 0 0 0 0 0 0 0 0 0 0 0 0 0 0 0 0 0 0 0 0 0 0 0 0 0 0 0 0 0 
0 0 0 0 0 0 0 0 0 0 0 0 0 0 0 0 0 0 0 0 0 0 0 0 0 0 0 0 383.512 307446 138101 1.22849e+06 391152 0 0 0 0 0 0 0 0 0 0 0 0 0 0 0 0 0 0 0 0 0 0 0 0 0 0 0 0 0 0 0 0 
0 0 0 0 0 0 0 0 0 0 0 0 0 0 0 0 0 0 0 0 0 0 0 0 0 0 0 0 71388 32914.5 177598 309020 258569 0 0 0 0 0 0 0 0 0 0 0 0 0 0 0 0 0 0 0 0 0 0 0 0 0 0 0 0 0 0 0 0 
0 0 0 0 0 0 0 0 0 0 0 0 0 0 0 0 0 0 0 0 0 0 0 0 0 0 0 0 0 956.402 123765 37218.6 209964 0 0 0 0 0 0 0 0 0 0 0 0 0 0 0 0 0 0 0 0 0 0 0 0 0 0 0 0 0 0 0 0 
0 0 0 0 0 0 0 0 0 0 0 0 0 0 0 0 0 0 0 0 0 0 0 0 0 0 0 0 0 0 24613.3 3837.14 67860 0 0 0 0 0 0 0 0 0 0 0 0 0 0 0 0 0 0 0 0 0 0 0 0 0 0 0 0 0 0 0 0 
0 0 0 0 0 0 0 0 0 0 0 0 0 0 0 0 0 0 0 0 0 0 0 0 0 0 0 0 0 9846.63 1268.35 20575.3 7724.4 0 0 0 0 0 0 0 0 0 0 0 0 0 0 0 0 0 0 0 0 0 0 0 0 0 0 0 0 0 0 0 0 
0 0 0 0 0 0 0 0 0 0 0 0 0 0 0 0 0 0 0 0 0 0 0 0 0 0 0 0 0 0 0 9892.46 474.916 0 0 0 0 0 0 0 0 0 0 0 0 0 0 0 0 0 0 0 0 0 0 0 0 0 0 0 0 0 0 0 0 
0 0 0 0 0 0 0 0 0 0 0 0 0 0 0 0 0 0 0 0 0 0 0 0 0 0 0 0 0 0 0 947.46 0 0 0 0 0 0 0 0 0 0 0 0 0 0 0 0 0 0 0 0 0 0 0 0 0 0 0 0 0 0 0 0 0 
0 0 0 0 0 0 0 0 0 0 0 0 0 0 0 0 0 0 0 0 0 0 0 0 0 0 0 0 0 0 984.663 0 1646.71 0 0 0 0 0 0 0 0 0 0 0 0 0 0 0 0 0 0 0 0 0 0 0 0 0 0 0 0 0 0 0 0 
0 0 0 0 0 0 0 0 0 0 0 0 0 0 0 0 0 0 0 0 0 0 0 0 0 0 0 0 0 0 0 0 380.267 0 0 0 0 0 0 0 0 0 0 0 0 0 0 0 0 0 0 0 0 0 0 0 0 0 0 0 0 0 0 0 0 
0 0 0 0 0 0 0 0 0 0 0 0 0 0 0 0 0 0 0 0 0 0 0 0 0 0 0 0 0 0 0 0 0 0 0 0 0 0 0 0 0 0 0 0 0 0 0 0 0 0 0 0 0 0 0 0 0 0 0 0 0 0 0 0 0 
0 0 0 0 0 0 0 0 0 0 0 0 0 0 0 0 0 0 0 0 0 0 0 0 0 0 0 0 0 0 0 63.5266 0 0 0 0 0 0 0 0 0 0 0 0 0 0 0 0 0 0 0 0 0 0 0 0 0 0 0 0 0 0 0 0 0 
0 0 0 0 0 0 0 0 0 0 0 0 0 0 0 0 0 0 0 0 0 0 0 0 0 0 0 0 0 0 0 0 0 0 0 0 0 0 0 0 0 0 0 0 0 0 0 0 0 0 0 0 0 0 0 0 0 0 0 0 0 0 0 0 0 
0 0 0 0 0 0 0 0 0 0 0 0 0 0 0 0 0 0 0 0 0 0 0 0 0 0 0 0 0 0 0 0 0 0 0 0 0 0 0 0 0 0 0 0 0 0 0 0 0 0 0 0 0 0 0 0 0 0 0 0 0 0 0 0 0 
0 0 0 0 0 0 0 0 0 0 0 0 0 0 0 0 0 0 0 0 0 0 0 0 0 0 0 0 0 0 0 0 1.98521 0 0 0 0 0 0 0 0 0 0 0 0 0 0 0 0 0 0 0 0 0 0 0 0 0 0 0 0 0 0 0 0 
