1 0 0 0 0 0 0 0 0 0 0 0 0 0 0 0 0 0 0 0 0 0 0 0 0 0 0 0 0 0 0 0 0 0 0 0 0 0 0 0 0 0 0 0 0 0 0 0 0 0 0 0 0 0 0 0 0 0 0 0 0 0 0 0 1 
0 0 0 0 0 0 0 0 0 0 0 0 0 0 0 0 0 0 0 0 0 0 0 0 0 0 0 0 0 0 0 0 0 0 0 0 0 0 0 0 0 0 0 0 0 0 0 0 0 0 0 0 0 0 0 0 0 0 0 0 0 0 0 0 0 
0 0 0 0 0 0 0 0 0 0 0 0 0 0 0 0 0 0 0 0 0 0 0 0 0 0 0 0 0 0 0 0 0 0 0 0 0 0 0 0 0 0 0 0 0 0 0 0 0 0 0 0 0 0 0 0 0 0 0 0 0 0 0 0 0 
0 64 0 0 0 0 0 0 0 0 0 0 0 0 0 0 0 0 0 0 0 0 0 0 0 0 0 0 0 0 0 0 0 0 0 0 0 0 0 0 0 0 0 0 0 0 0 0 0 0 0 0 0 0 0 0 0 0 0 0 0 0 0 0 0 
0 0 0 0 0 0 0 0 0 0 0 0 0 0 0 0 0 0 0 0 0 0 0 0 0 0 0 0 0 0 0 0 0 0 0 0 0 0 0 0 0 0 0 0 0 0 0 0 0 0 0 0 0 0 0 0 0 0 0 0 0 0 0 0 0 
0 0 192 0 0 0 0 0 0 0 0 0 0 0 0 0 0 0 0 0 0 0 0 0 0 0 0 0 0 0 0 0 0 0 0 0 0 0 0 0 0 0 0 0 0 0 0 0 0 0 0 0 0 0 0 0 0 0 0 0 0 0 0 0 0 
0 0 1824 0 0 0 0 0 0 0 0 0 0 0 0 0 0 0 0 0 0 0 0 0 0 0 0 0 0 0 0 0 0 0 0 0 0 0 0 0 0 0 0 0 0 0 0 0 0 0 0 0 0 0 0 0 0 0 0 0 0 0 0 0 0 
0 0 0 961.721 0 0 0 0 0 0 0 0 0 0 0 0 0 0 0 0 0 0 0 0 0 0 0 0 0 0 0 0 0 0 0 0 0 0 0 0 0 0 0 0 0 0 0 0 0 0 0 0 0 0 0 0 0 0 0 0 0 0 0 0 0 
0 0 0 9980.56 240.43 0 0 0 0 0 0 0 0 0 0 0 0 0 0 0 0 0 0 0 0 0 0 0 0 0 0 0 0 0 0 0 0 0 0 0 0 0 0 0 0 0 0 0 0 0 0 0 0 0 0 0 0 0 0 0 0 0 0 0 0 
0 0 0 30721.7 5096.73 0 0 0 0 0 0 0 0 0 0 0 0 0 0 0 0 0 0 0 0 0 0 0 0 0 0 0 0 0 0 0 0 0 0 0 0 0 0 0 0 0 0 0 0 0 0 0 0 0 0 0 0 0 0 0 0 0 0 0 0 
0 0 0 0 59091.5 3851.53 0 0 0 0 0 0 0 0 0 0 0 0 0 0 0 0 0 0 0 0 0 0 0 0 0 0 0 0 0 0 0 0 0 0 0 0 0 0 0 0 0 0 0 0 0 0 0 0 0 0 0 0 0 0 0 0 0 0 0 
0 0 0 0 228637 38489.7 1907.31 0 0 0 0 0 0 0 0 0 0 0 0 0 0 0 0 0 0 0 0 0 0 0 0 0 0 0 0 0 0 0 0 0 0 0 0 0 0 0 0 0 0 0 0 0 0 0 0 0 0 0 0 0 0 0 0 0 0 
0 0 0 0 342310 341207 37120.2 1270.38 158.798 0 0 0 0 0 0 0 0 0 0 0 0 0 0 0 0 0 0 0 0 0 0 0 0 0 0 0 0 0 0 0 0 0 0 0 0 0 0 0 0 0 0 0 0 0 0 0 0 0 0 0 0 0 0 0 0 
0 0 0 0 0 1.50606e+06 337213 36866 0 0 0 0 0 0 0 0 0 0 0 0 0 0 0 0 0 0 0 0 0 0 0 0 0 0 0 0 0 0 0 0 0 0 0 0 0 0 0 0 0 0 0 0 0 0 0 0 0 0 0 0 0 0 0 0 0 
0 0 0 0 0 3.05249e+06 2.11999e+06 367710 46401 3905.01 0 0 0 0 0 0 0 0 0 0 0 0 0 0 0 0 0 0 0 0 0 0 0 0 0 0 0 0 0 0 0 0 0 0 0 0 0 0 0 0 0 0 0 0 0 0 0 0 0 0 0 0 0 0 0 
0 0 0 0 0 2.68242e+06 9.07438e+06 2.71292e+06 458406 42093.8 5749.54 0 0 0 0 0 0 0 0 0 0 0 0 0 0 0 0 0 0 0 0 0 0 0 0 0 0 0 0 0 0 0 0 0 0 0 0 0 0 0 0 0 0 0 0 0 0 0 0 0 0 0 0 0 0 
0 0 0 0 0 0 2.13992e+07 1.41034e+07 3.57645e+06 701969 82546.3 11491.3 1453.75 0 0 0 63.2375 0 0 0 0 0 0 0 0 0 0 0 0 0 0 0 12.0523 0 0 0 0 0 0 0 0 0 0 0 0 0 0 0 0 0 0 0 0 0 0 0 0 0 0 0 0 0 0 0 0 
0 0 0 0 0 0 2.66825e+07 5.32729e+07 2.08021e+07 5.26512e+06 1.08826e+06 159207 15475.3 5816.37 1944.36 1011.8 0 0 0 0 0 0 0 0 0 0 0 0 0 0 0 0 0 0 0 0 0 0 0 0 0 0 0 0 0 0 0 0 0 0 0 0 0 0 0 0 0 0 0 0 0 0 0 0 0 
0 0 0 0 0 0 1.5322e+07 1.30868e+08 9.36969e+07 3.16167e+07 8.26336e+06 1.90631e+06 408343 49319.4 5644.13 0 0 1987.32 0 0 0 0 0 0 0 0 0 0 0 0 0 385.674 0 0 0 0 0 0 0 0 0 0 0 0 0 0 0 0 0 0 0 0 0 0 0 0 0 0 0 0 0 0 0 0 0 
0 0 0 0 0 0 0 1.92716e+08 3.11354e+08 1.55185e+08 5.32887e+07 1.52401e+07 3.67956e+06 881025 217138 55428.7 29862.2 956.016 3956.81 0 0 0 0 0 0 0 0 0 0 0 967.293 0 0 0 0 0 0 0 0 0 0 0 0 0 0 0 0 0 0 0 0 0 0 0 0 0 0 0 0 0 0 0 0 0 0 
0 0 0 0 0 0 0 1.61631e+08 7.39266e+08 5.99414e+08 2.62386e+08 9.21614e+07 3.01676e+07 8.38432e+06 2.137e+06 599664 128300 54124.7 28812.8 11369.8 2975.27 0 0 0 498.053 0 0 0 944.123 3905.62 5010.66 0 11896.4 0 0 0 0 0 0 0 0 0 0 0 0 0 0 0 0 0 0 0 0 0 0 0 0 0 0 0 0 0 0 0 0 
0 0 0 0 0 0 0 6.55064e+07 1.1674e+09 1.78865e+09 1.09764e+09 4.76365e+08 1.77402e+08 6.2717e+07 1.97391e+07 5.89312e+06 2.01749e+06 839408 241275 138994 30945.1 22146.8 11606.1 7995.66 0 3881.05 5961.56 11514.9 15523.1 21207.6 0 28678 388.778 0 0 0 0 0 0 0 0 0 0 0 0 0 0 0 0 0 0 0 0 0 0 0 0 0 0 0 0 0 0 0 0 
0 0 0 0 0 0 0 0 1.16959e+09 3.9568e+09 3.67403e+09 2.02442e+09 9.05034e+08 3.64498e+08 1.41351e+08 5.1328e+07 1.82539e+07 6.3606e+06 2.78294e+06 1.12475e+06 733829 260357 124737 80121.7 95905.4 88947.8 77650.5 73944.8 95763.9 60180.2 111444 151492 66936.1 0 0 0 0 0 0 0 0 0 0 0 0 0 0 0 0 0 0 0 0 0 0 0 0 0 0 0 0 0 0 0 0 
0 0 0 0 0 0 0 0 7.06891e+08 6.30515e+09 9.83202e+09 7.23411e+09 3.86792e+09 1.80648e+09 8.0009e+08 3.37219e+08 1.35846e+08 5.50902e+07 2.24804e+07 1.05093e+07 4.82893e+06 2.85953e+06 1.792e+06 1.09082e+06 759749 481924 528775 542315 495752 426245 683173 264854 695922 0 0 0 0 0 0 0 0 0 0 0 0 0 0 0 0 0 0 0 0 0 0 0 0 0 0 0 0 0 0 0 0 
0 0 0 0 0 0 0 0 2.13084e+08 6.86774e+09 2.0229e+10 2.14731e+10 1.43255e+10 7.7593e+09 3.83897e+09 1.83136e+09 8.45392e+08 3.85613e+08 1.71577e+08 7.9848e+07 3.94972e+07 2.19515e+07 1.20749e+07 7.90145e+06 5.17042e+06 4.66763e+06 3.52305e+06 3.16222e+06 2.49561e+06 3.38245e+06 2.32013e+06 2.95833e+06 2.89942e+06 0 0 0 0 0 0 0 0 0 0 0 0 0 0 0 0 0 0 0 0 0 0 0 0 0 0 0 0 0 0 0 0 
0 0 0 0 0 0 0 0 0 5.00941e+09 3.11482e+10 5.12896e+10 4.46315e+10 2.87779e+10 1.60683e+10 8.5875e+09 4.41e+09 2.18734e+09 1.09569e+09 5.48508e+08 2.82968e+08 1.5486e+08 9.53178e+07 5.908e+07 4.10053e+07 2.77426e+07 2.12533e+07 1.73735e+07 1.70428e+07 1.47248e+07 1.38079e+07 1.50299e+07 1.21025e+07 0 0 0 0 0 0 0 0 0 0 0 0 0 0 0 0 0 0 0 0 0 0 0 0 0 0 0 0 0 0 0 0 
0 0 0 0 0 0 0 0 0 2.28343e+09 3.49982e+10 9.73835e+10 1.17187e+11 9.26799e+10 6.02633e+10 3.51412e+10 1.98815e+10 1.09641e+10 5.97265e+09 3.26883e+09 1.81172e+09 1.01183e+09 6.12018e+08 3.80974e+08 2.51858e+08 1.78557e+08 1.37259e+08 1.11787e+08 9.67846e+07 7.96889e+07 8.0357e+07 7.11524e+07 7.85395e+07 0 0 0 0 0 0 0 0 0 0 0 0 0 0 0 0 0 0 0 0 0 0 0 0 0 0 0 0 0 0 0 0 
0 0 0 0 0 0 0 0 0 5.37173e+08 2.79949e+10 1.42758e+11 2.52119e+11 2.56128e+11 1.9417e+11 1.28364e+11 7.91783e+10 4.75157e+10 2.79671e+10 1.65624e+10 9.94255e+09 5.94407e+09 3.68394e+09 2.35784e+09 1.59185e+09 1.12589e+09 8.44995e+08 6.72123e+08 5.38762e+08 4.88498e+08 4.21114e+08 4.1338e+08 4.05028e+08 0 0 0 0 0 0 0 0 0 0 0 0 0 0 0 0 0 0 0 0 0 0 0 0 0 0 0 0 0 0 0 0 
0 0 0 0 0 0 0 0 0 0 1.55514e+10 1.5883e+11 4.37136e+11 5.94589e+11 5.49393e+11 4.14689e+11 2.81965e+11 1.82962e+11 1.16715e+11 7.35852e+10 4.62699e+10 3.02993e+10 1.94281e+10 1.29647e+10 9.06118e+09 6.55174e+09 4.89971e+09 3.83444e+09 3.19452e+09 2.72715e+09 2.41324e+09 2.3524e+09 2.27476e+09 0 0 0 0 0 0 0 0 0 0 0 0 0 0 0 0 0 0 0 0 0 0 0 0 0 0 0 0 0 0 0 0 
0 0 0 0 0 0 0 0 0 0 5.55593e+09 1.32804e+11 6.05052e+11 1.14888e+12 1.33901e+12 1.18141e+12 9.02793e+11 6.40517e+11 4.38953e+11 2.93987e+11 1.96786e+11 1.3101e+11 9.08386e+10 6.35881e+10 4.64303e+10 3.36446e+10 2.60078e+10 2.06745e+10 1.68969e+10 1.45442e+10 1.3603e+10 1.24725e+10 1.21505e+10 0 0 0 0 0 0 0 0 0 0 0 0 0 0 0 0 0 0 0 0 0 0 0 0 0 0 0 0 0 0 0 0 
0 0 0 0 0 0 0 0 0 0 1.06678e+09 8.13952e+10 6.53957e+11 1.82563e+12 2.76567e+12 2.95305e+12 2.57096e+12 2.00272e+12 1.47705e+12 1.06005e+12 7.45083e+11 5.32529e+11 3.80357e+11 2.79746e+11 2.06166e+11 1.57433e+11 1.24549e+11 1.00393e+11 8.54528e+10 7.52176e+10 6.78553e+10 6.51193e+10 6.34172e+10 0 0 0 0 0 0 0 0 0 0 0 0 0 0 0 0 0 0 0 0 0 0 0 0 0 0 0 0 0 0 0 0 
0 0 0 0 0 0 0 0 0 0 0 3.57793e+10 5.48726e+11 2.35391e+12 4.84531e+12 6.3897e+12 6.45136e+12 5.60613e+12 4.46164e+12 3.42524e+12 2.60042e+12 1.93004e+12 1.45071e+12 1.09935e+12 8.48173e+11 6.71416e+11 5.41561e+11 4.48567e+11 3.84285e+11 3.42995e+11 3.14234e+11 2.96775e+11 2.9087e+11 0 0 0 0 0 0 0 0 0 0 0 0 0 0 0 0 0 0 0 0 0 0 0 0 0 0 0 0 0 0 0 0 
0 0 0 0 0 0 0 0 0 0 0 1.03373e+10 3.54173e+11 2.43866e+12 6.9903e+12 1.17671e+13 1.43047e+13 1.41366e+13 1.24677e+13 1.0262e+13 8.17156e+12 6.40679e+12 4.97774e+12 3.95952e+12 3.15055e+12 2.55663e+12 2.13128e+12 1.80344e+12 1.58117e+12 1.42615e+12 1.3116e+12 1.23907e+12 1.22249e+12 0 0 0 0 0 0 0 0 0 0 0 0 0 0 0 0 0 0 0 0 0 0 0 0 0 0 0 0 0 0 0 0 
0 0 0 0 0 0 0 0 0 0 0 1.70115e+09 1.72756e+11 2.01099e+12 8.36847e+12 1.8465e+13 2.73427e+13 3.15076e+13 3.09513e+13 2.77903e+13 2.3574e+13 1.95669e+13 1.60358e+13 1.306e+13 1.08044e+13 8.95845e+12 7.62258e+12 6.64575e+12 5.9082e+12 5.34448e+12 4.98611e+12 4.76408e+12 4.6587e+12 0 0 0 0 0 0 0 0 0 0 0 0 0 0 0 0 0 0 0 0 0 0 0 0 0 0 0 0 0 0 0 0 
0 0 0 0 0 0 0 0 0 0 0 0 6.19423e+10 1.31932e+12 8.21548e+12 2.44137e+13 4.51184e+13 6.14286e+13 6.87247e+13 6.78355e+13 6.22158e+13 5.46653e+13 4.70138e+13 3.97465e+13 3.39442e+13 2.92055e+13 2.53278e+13 2.25423e+13 2.02313e+13 1.8562e+13 1.73489e+13 1.68549e+13 1.67026e+13 0 0 0 0 0 0 0 0 0 0 0 0 0 0 0 0 0 0 0 0 0 0 0 0 0 0 0 0 0 0 0 0 
0 0 0 0 0 0 0 0 0 0 0 0 1.50024e+10 6.82253e+11 6.56274e+12 2.69526e+13 6.37107e+13 1.04685e+14 1.354e+14 1.4886e+14 1.48225e+14 1.3889e+14 1.26061e+14 1.12291e+14 9.82427e+13 8.67766e+13 7.78874e+13 7.01903e+13 6.42582e+13 5.93795e+13 5.64871e+13 5.45891e+13 5.42371e+13 0 0 0 0 0 0 0 0 0 0 0 0 0 0 0 0 0 0 0 0 0 0 0 0 0 0 0 0 0 0 0 0 
0 0 0 0 0 0 0 0 0 0 0 0 2.22274e+09 2.72773e+11 4.28119e+12 2.49102e+13 7.65979e+13 1.54331e+14 2.33184e+14 2.91445e+14 3.19931e+14 3.2406e+14 3.10611e+14 2.88472e+14 2.65395e+14 2.42658e+14 2.20462e+14 2.0271e+14 1.89086e+14 1.78003e+14 1.70715e+14 1.66365e+14 1.64869e+14 0 0 0 0 0 0 0 0 0 0 0 0 0 0 0 0 0 0 0 0 0 0 0 0 0 0 0 0 0 0 0 0 
0 0 0 0 0 0 0 0 0 0 0 0 0 8.25437e+10 2.26421e+12 1.90577e+13 7.80775e+13 1.95983e+14 3.52614e+14 5.05796e+14 6.19729e+14 6.79232e+14 6.97955e+14 6.86834e+14 6.60301e+14 6.2002e+14 5.80018e+14 5.48294e+14 5.14306e+14 4.92426e+14 4.76213e+14 4.68483e+14 4.64068e+14 0 0 0 0 0 0 0 0 0 0 0 0 0 0 0 0 0 0 0 0 0 0 0 0 0 0 0 0 0 0 0 0 
0 0 0 0 0 0 0 0 0 0 0 0 0 1.72264e+10 9.66698e+11 1.21487e+13 6.72162e+13 2.14033e+14 4.65302e+14 7.71601e+14 1.06179e+15 1.28499e+15 1.43006e+15 1.48683e+15 1.49143e+15 1.46732e+15 1.42138e+15 1.37002e+15 1.32127e+15 1.28341e+15 1.25013e+15 1.2277e+15 1.22241e+15 0 0 0 0 0 0 0 0 0 0 0 0 0 0 0 0 0 0 0 0 0 0 0 0 0 0 0 0 0 0 0 0 
0 0 0 0 0 0 0 0 0 0 0 0 0 2.49506e+09 3.26847e+11 6.43304e+12 4.90277e+13 2.00462e+14 5.31795e+14 1.03725e+15 1.62689e+15 2.1894e+15 2.62815e+15 2.93672e+15 3.1076e+15 3.17512e+15 3.19649e+15 3.14944e+15 3.12621e+15 3.05954e+15 3.02297e+15 2.99034e+15 2.99174e+15 0 0 0 0 0 0 0 0 0 0 0 0 0 0 0 0 0 0 0 0 0 0 0 0 0 0 0 0 0 0 0 0 
0 0 0 0 0 0 0 0 0 0 0 0 0 0 8.64145e+10 2.83553e+12 3.02231e+13 1.61408e+14 5.27275e+14 1.22103e+15 2.20166e+15 3.30513e+15 4.35703e+15 5.26124e+15 5.90033e+15 6.36001e+15 6.61775e+15 6.76132e+15 6.75207e+15 6.8118e+15 6.78511e+15 6.7935e+15 6.76215e+15 0 0 0 0 0 0 0 0 0 0 0 0 0 0 0 0 0 0 0 0 0 0 0 0 0 0 0 0 0 0 0 0 
0 0 0 0 0 0 0 0 0 0 0 0 0 0 1.6184e+10 1.02908e+12 1.57671e+13 1.10718e+14 4.53553e+14 1.2572e+15 2.62529e+15 4.44699e+15 6.46919e+15 8.41058e+15 1.01583e+16 1.15038e+16 1.24702e+16 1.31896e+16 1.3731e+16 1.39184e+16 1.4099e+16 1.41602e+16 1.42063e+16 0 0 0 0 0 0 0 0 0 0 0 0 0 0 0 0 0 0 0 0 0 0 0 0 0 0 0 0 0 0 0 0 
0 0 0 0 0 0 0 0 0 0 0 0 0 0 2.47813e+09 3.05241e+11 7.04564e+12 6.54565e+13 3.38317e+14 1.1329e+15 2.75943e+15 5.32863e+15 8.61887e+15 1.22261e+16 1.57541e+16 1.88968e+16 2.15426e+16 2.35461e+16 2.50746e+16 2.61802e+16 2.69101e+16 2.73177e+16 2.74559e+16 0 0 0 0 0 0 0 0 0 0 0 0 0 0 0 0 0 0 0 0 0 0 0 0 0 0 0 0 0 0 0 0 
0 0 0 0 0 0 0 0 0 0 0 0 0 0 0 7.29419e+10 2.64743e+12 3.35544e+13 2.18296e+14 8.90527e+14 2.55392e+15 5.63843e+15 1.02151e+16 1.58877e+16 2.21048e+16 2.82275e+16 3.3738e+16 3.85503e+16 4.2211e+16 4.50121e+16 4.69576e+16 4.81685e+16 4.86606e+16 0 0 0 0 0 0 0 0 0 0 0 0 0 0 0 0 0 0 0 0 0 0 0 0 0 0 0 0 0 0 0 0 
0 0 0 0 0 0 0 0 0 0 0 0 0 0 0 1.27887e+10 8.47244e+11 1.48317e+13 1.23799e+14 6.15439e+14 2.0917e+15 5.28898e+15 1.07326e+16 1.84733e+16 2.77205e+16 3.78806e+16 4.79283e+16 5.70011e+16 6.48105e+16 7.10695e+16 7.52564e+16 7.79098e+16 7.83362e+16 0 0 0 0 0 0 0 0 0 0 0 0 0 0 0 0 0 0 0 0 0 0 0 0 0 0 0 0 0 0 0 0 
0 0 0 0 0 0 0 0 0 0 0 0 0 0 0 2.26309e+09 2.2686e+11 5.70625e+12 6.13044e+13 3.74378e+14 1.50301e+15 4.41241e+15 1.01476e+16 1.9209e+16 3.15807e+16 4.61063e+16 6.16955e+16 7.68401e+16 9.04198e+16 1.01433e+17 1.09737e+17 1.14707e+17 1.16559e+17 0 0 0 0 0 0 0 0 0 0 0 0 0 0 0 0 0 0 0 0 0 0 0 0 0 0 0 0 0 0 0 0 
0 0 0 0 0 0 0 0 0 0 0 0 0 0 0 0 5.15676e+10 1.90121e+12 2.68277e+13 2.01423e+14 9.64806e+14 3.27488e+15 8.51289e+15 1.79499e+16 3.21834e+16 5.05185e+16 7.16147e+16 9.34391e+16 1.14282e+17 1.32332e+17 1.46159e+17 1.54298e+17 1.57744e+17 0 0 0 0 0 0 0 0 0 0 0 0 0 0 0 0 0 0 0 0 0 0 0 0 0 0 0 0 0 0 0 0 
0 0 0 0 0 0 0 0 0 0 0 0 0 0 0 0 8.82378e+09 5.53335e+11 1.03226e+13 9.62367e+13 5.50664e+14 2.16432e+15 6.36747e+15 1.50265e+16 2.93643e+16 4.99004e+16 7.51766e+16 1.03464e+17 1.31493e+17 1.5672e+17 1.76844e+17 1.89356e+17 1.9342e+17 0 0 0 0 0 0 0 0 0 0 0 0 0 0 0 0 0 0 0 0 0 0 0 0 0 0 0 0 0 0 0 0 
0 0 0 0 0 0 0 0 0 0 0 0 0 0 0 0 1.95397e+09 1.41065e+11 3.5447e+12 4.11826e+13 2.8056e+14 1.28468e+15 4.31153e+15 1.12637e+16 2.42178e+16 4.44629e+16 7.17028e+16 1.03556e+17 1.36988e+17 1.68484e+17 1.93625e+17 2.10537e+17 2.16109e+17 0 0 0 0 0 0 0 0 0 0 0 0 0 0 0 0 0 0 0 0 0 0 0 0 0 0 0 0 0 0 0 0 
0 0 0 0 0 0 0 0 0 0 0 0 0 0 0 0 0 3.20258e+10 1.08236e+12 1.5864e+13 1.29241e+14 6.88409e+14 2.61948e+15 7.64981e+15 1.80775e+16 3.57243e+16 6.1512e+16 9.40452e+16 1.30195e+17 1.64553e+17 1.93611e+17 2.13304e+17 2.20264e+17 0 0 0 0 0 0 0 0 0 0 0 0 0 0 0 0 0 0 0 0 0 0 0 0 0 0 0 0 0 0 0 0 
0 0 0 0 0 0 0 0 0 0 0 0 0 0 0 0 0 5.49885e+09 3.01267e+11 5.50011e+12 5.40518e+13 3.33205e+14 1.44125e+15 4.69453e+15 1.21806e+16 2.61812e+16 4.80253e+16 7.74861e+16 1.11796e+17 1.46612e+17 1.7648e+17 1.97213e+17 2.03869e+17 0 0 0 0 0 0 0 0 0 0 0 0 0 0 0 0 0 0 0 0 0 0 0 0 0 0 0 0 0 0 0 0 
0 0 0 0 0 0 0 0 0 0 0 0 0 0 0 0 0 1.57447e+09 7.62362e+10 1.76435e+12 2.05964e+13 1.4722e+14 7.24976e+14 2.63595e+15 7.47398e+15 1.74017e+16 3.41354e+16 5.81118e+16 8.76651e+16 1.19274e+17 1.47137e+17 1.65503e+17 1.72729e+17 0 0 0 0 0 0 0 0 0 0 0 0 0 0 0 0 0 0 0 0 0 0 0 0 0 0 0 0 0 0 0 0 
0 0 0 0 0 0 0 0 0 0 0 0 0 0 0 0 0 0 1.80508e+10 5.18884e+11 7.25841e+12 6.01592e+13 3.34996e+14 1.35302e+15 4.22762e+15 1.05826e+16 2.22584e+16 4.0096e+16 6.29214e+16 8.82805e+16 1.11547e+17 1.27818e+17 1.33825e+17 0 0 0 0 0 0 0 0 0 0 0 0 0 0 0 0 0 0 0 0 0 0 0 0 0 0 0 0 0 0 0 0 
0 0 0 0 0 0 0 0 0 0 0 0 0 0 0 0 0 0 3.12514e+09 1.42943e+11 2.37186e+12 2.26862e+13 1.42161e+14 6.40865e+14 2.18568e+15 5.94768e+15 1.32924e+16 2.51562e+16 4.1554e+16 6.01323e+16 7.77683e+16 9.06239e+16 9.49292e+16 0 0 0 0 0 0 0 0 0 0 0 0 0 0 0 0 0 0 0 0 0 0 0 0 0 0 0 0 0 0 0 0 
0 0 0 0 0 0 0 0 0 0 0 0 0 0 0 0 0 0 1.17316e+09 3.80469e+10 7.34177e+11 8.04597e+12 5.67449e+13 2.8163e+14 1.04901e+15 3.07581e+15 7.31042e+15 1.46606e+16 2.52574e+16 3.76502e+16 4.98648e+16 5.87782e+16 6.22204e+16 0 0 0 0 0 0 0 0 0 0 0 0 0 0 0 0 0 0 0 0 0 0 0 0 0 0 0 0 0 0 0 0 
0 0 0 0 0 0 0 0 0 0 0 0 0 0 0 0 0 0 0 9.52722e+09 2.16186e+11 2.71823e+12 2.13536e+13 1.16453e+14 4.70043e+14 1.4826e+15 3.77282e+15 7.95069e+15 1.41497e+16 2.19757e+16 2.97719e+16 3.55852e+16 3.77357e+16 0 0 0 0 0 0 0 0 0 0 0 0 0 0 0 0 0 0 0 0 0 0 0 0 0 0 0 0 0 0 0 0 
0 0 0 0 0 0 0 0 0 0 0 0 0 0 0 0 0 0 0 1.60045e+09 6.16329e+10 8.69666e+11 7.55973e+12 4.54927e+13 1.98942e+14 6.71266e+14 1.81969e+15 4.02162e+15 7.48228e+15 1.19503e+16 1.64606e+16 1.99389e+16 2.12733e+16 0 0 0 0 0 0 0 0 0 0 0 0 0 0 0 0 0 0 0 0 0 0 0 0 0 0 0 0 0 0 0 0 
0 0 0 0 0 0 0 0 0 0 0 0 0 0 0 0 0 0 0 7.97338e+08 1.76946e+10 2.7291e+11 2.61596e+12 1.69703e+13 8.03305e+13 2.87795e+14 8.16846e+14 1.90133e+15 3.68919e+15 6.06824e+15 8.57541e+15 1.05313e+16 1.12226e+16 0 0 0 0 0 0 0 0 0 0 0 0 0 0 0 0 0 0 0 0 0 0 0 0 0 0 0 0 0 0 0 0 
0 0 0 0 0 0 0 0 0 0 0 0 0 0 0 0 0 0 0 0 4.57206e+09 8.21111e+10 8.80465e+11 6.13302e+12 3.09745e+13 1.1819e+14 3.52486e+14 8.60172e+14 1.72657e+15 2.91625e+15 4.20701e+15 5.20268e+15 5.61379e+15 0 0 0 0 0 0 0 0 0 0 0 0 0 0 0 0 0 0 0 0 0 0 0 0 0 0 0 0 0 0 0 0 
0 0 0 0 0 0 0 0 0 0 0 0 0 0 0 0 0 0 0 0 7.24044e+08 2.4643e+10 2.85732e+11 2.1506e+12 1.15285e+13 4.66764e+13 1.47619e+14 3.70413e+14 7.67687e+14 1.33909e+15 1.96695e+15 2.46387e+15 2.65506e+15 0 0 0 0 0 0 0 0 0 0 0 0 0 0 0 0 0 0 0 0 0 0 0 0 0 0 0 0 0 0 0 0 
0 0 0 0 0 0 0 0 0 0 0 0 0 0 0 0 0 0 0 0 4.89242e+08 7.70365e+09 9.28312e+10 7.43557e+11 4.21173e+12 1.78128e+13 5.88022e+13 1.53569e+14 3.30355e+14 5.84294e+14 8.77626e+14 1.11406e+15 1.20689e+15 0 0 0 0 0 0 0 0 0 0 0 0 0 0 0 0 0 0 0 0 0 0 0 0 0 0 0 0 0 0 0 0 
0 0 0 0 0 0 0 0 0 0 0 0 0 0 0 0 0 0 0 0 0 1.97839e+09 2.85806e+10 2.54996e+11 1.51232e+12 6.74203e+12 2.29645e+13 6.21955e+13 1.37106e+14 2.50073e+14 3.77796e+14 4.86851e+14 5.26046e+14 0 0 0 0 0 0 0 0 0 0 0 0 0 0 0 0 0 0 0 0 0 0 0 0 0 0 0 0 0 0 0 0 
0 0 0 0 0 0 0 0 0 0 0 0 0 0 0 0 0 0 0 0 0 2.82789e+08 9.26872e+09 8.71436e+10 5.48271e+11 2.50345e+12 8.8539e+12 2.48102e+13 5.59277e+13 1.03232e+14 1.58781e+14 2.05877e+14 2.2278e+14 0 0 0 0 0 0 0 0 0 0 0 0 0 0 0 0 0 0 0 0 0 0 0 0 0 0 0 0 0 0 0 0 
0 0 0 0 0 0 0 0 0 0 0 0 0 0 0 0 0 0 0 0 0 2.68755e+08 3.06712e+09 2.88111e+10 1.91975e+11 9.22949e+11 3.37891e+12 9.70132e+12 2.2394e+13 4.18436e+13 6.56953e+13 8.53576e+13 9.33573e+13 0 0 0 0 0 0 0 0 0 0 0 0 0 0 0 0 0 0 0 0 0 0 0 0 0 0 0 0 0 0 0 0 
0 0 0 0 0 0 0 0 0 0 0 0 0 0 0 0 0 0 0 0 0 0 7.47725e+08 9.04058e+09 6.86497e+10 3.44402e+11 1.28392e+12 3.76042e+12 8.86114e+12 1.69675e+13 2.6805e+13 3.4733e+13 3.83684e+13 0 0 0 0 0 0 0 0 0 0 0 0 0 0 0 0 0 0 0 0 0 0 0 0 0 0 0 0 0 0 0 0 
0 0 0 0 0 0 0 0 0 0 0 0 0 0 0 0 0 0 0 0 0 0 9.40071e+07 3.21499e+09 2.4349e+10 1.2506e+11 4.847e+11 1.46365e+12 3.502e+12 6.82717e+12 1.07353e+13 1.42859e+13 1.55695e+13 0 0 0 0 0 0 0 0 0 0 0 0 0 0 0 0 0 0 0 0 0 0 0 0 0 0 0 0 0 0 0 0 
0 0 0 0 0 0 0 0 0 0 0 0 0 0 0 0 0 0 0 0 0 0 1.31122e+08 1.09659e+09 7.91208e+09 4.5232e+10 1.84703e+11 5.70822e+11 1.38288e+12 2.73511e+12 4.36463e+12 5.83765e+12 6.35804e+12 0 0 0 0 0 0 0 0 0 0 0 0 0 0 0 0 0 0 0 0 0 0 0 0 0 0 0 0 0 0 0 0 
0 0 0 0 0 0 0 0 0 0 0 0 0 0 0 0 0 0 0 0 0 0 0 2.42887e+08 2.57652e+09 1.69837e+10 7.00858e+10 2.18084e+11 5.50036e+11 1.09322e+12 1.77453e+12 2.34316e+12 2.58423e+12 0 0 0 0 0 0 0 0 0 0 0 0 0 0 0 0 0 0 0 0 0 0 0 0 0 0 0 0 0 0 0 0 
0 0 0 0 0 0 0 0 0 0 0 0 0 0 0 0 0 0 0 0 0 0 0 2.59475e+07 1.01183e+09 6.06201e+09 2.55038e+10 8.53512e+10 2.17321e+11 4.36734e+11 7.21684e+11 9.51383e+11 1.06483e+12 0 0 0 0 0 0 0 0 0 0 0 0 0 0 0 0 0 0 0 0 0 0 0 0 0 0 0 0 0 0 0 0 
0 0 0 0 0 0 0 0 0 0 0 0 0 0 0 0 0 0 0 0 0 0 0 5.61593e+07 3.41602e+08 1.88626e+09 9.60494e+09 3.33786e+10 8.45175e+10 1.76372e+11 2.89473e+11 3.92045e+11 4.29373e+11 0 0 0 0 0 0 0 0 0 0 0 0 0 0 0 0 0 0 0 0 0 0 0 0 0 0 0 0 0 0 0 0 
0 0 0 0 0 0 0 0 0 0 0 0 0 0 0 0 0 0 0 0 0 0 0 0 6.61753e+07 6.59671e+08 3.76319e+09 1.2443e+10 3.32411e+10 7.07835e+10 1.17112e+11 1.59884e+11 1.7394e+11 0 0 0 0 0 0 0 0 0 0 0 0 0 0 0 0 0 0 0 0 0 0 0 0 0 0 0 0 0 0 0 0 
0 0 0 0 0 0 0 0 0 0 0 0 0 0 0 0 0 0 0 0 0 0 0 0 5.8012e+06 2.87958e+08 1.29088e+09 4.50952e+09 1.34309e+10 2.75558e+10 4.7735e+10 6.49044e+10 7.17547e+10 0 0 0 0 0 0 0 0 0 0 0 0 0 0 0 0 0 0 0 0 0 0 0 0 0 0 0 0 0 0 0 0 
0 0 0 0 0 0 0 0 0 0 0 0 0 0 0 0 0 0 0 0 0 0 0 0 2.0843e+07 9.02202e+07 3.77547e+08 1.83443e+09 5.14235e+09 1.07657e+10 1.93965e+10 2.57886e+10 2.96228e+10 0 0 0 0 0 0 0 0 0 0 0 0 0 0 0 0 0 0 0 0 0 0 0 0 0 0 0 0 0 0 0 0 
0 0 0 0 0 0 0 0 0 0 0 0 0 0 0 0 0 0 0 0 0 0 0 0 0 1.46332e+07 1.5496e+08 7.24396e+08 1.82836e+09 4.49178e+09 7.57471e+09 1.05918e+10 1.17827e+10 0 0 0 0 0 0 0 0 0 0 0 0 0 0 0 0 0 0 0 0 0 0 0 0 0 0 0 0 0 0 0 0 
0 0 0 0 0 0 0 0 0 0 0 0 0 0 0 0 0 0 0 0 0 0 0 0 0 1.0022e+06 7.19073e+07 2.22157e+08 7.1125e+08 1.78958e+09 2.86576e+09 4.40513e+09 4.52102e+09 0 0 0 0 0 0 0 0 0 0 0 0 0 0 0 0 0 0 0 0 0 0 0 0 0 0 0 0 0 0 0 0 
0 0 0 0 0 0 0 0 0 0 0 0 0 0 0 0 0 0 0 0 0 0 0 0 0 6.63476e+06 1.96238e+07 6.37238e+07 3.12689e+08 6.27695e+08 1.19502e+09 1.71891e+09 1.87817e+09 0 0 0 0 0 0 0 0 0 0 0 0 0 0 0 0 0 0 0 0 0 0 0 0 0 0 0 0 0 0 0 0 
0 0 0 0 0 0 0 0 0 0 0 0 0 0 0 0 0 0 0 0 0 0 0 0 0 0 2.50736e+06 3.32664e+07 1.14663e+08 2.19399e+08 5.15375e+08 6.12331e+08 8.12814e+08 0 0 0 0 0 0 0 0 0 0 0 0 0 0 0 0 0 0 0 0 0 0 0 0 0 0 0 0 0 0 0 0 
0 0 0 0 0 0 0 0 0 0 0 0 0 0 0 0 0 0 0 0 0 0 0 0 0 0 124011 1.50598e+07 2.88616e+07 1.00752e+08 1.84166e+08 2.47689e+08 3.11932e+08 0 0 0 0 0 0 0 0 0 0 0 0 0 0 0 0 0 0 0 0 0 0 0 0 0 0 0 0 0 0 0 0 
0 0 0 0 0 0 0 0 0 0 0 0 0 0 0 0 0 0 0 0 0 0 0 0 0 0 1.78263e+06 3.33557e+06 9.37574e+06 4.48321e+07 5.59788e+07 1.1671e+08 1.0167e+08 0 0 0 0 0 0 0 0 0 0 0 0 0 0 0 0 0 0 0 0 0 0 0 0 0 0 0 0 0 0 0 0 
0 0 0 0 0 0 0 0 0 0 0 0 0 0 0 0 0 0 0 0 0 0 0 0 0 0 0 311735 6.37273e+06 1.34114e+07 2.32783e+07 4.49111e+07 3.7681e+07 0 0 0 0 0 0 0 0 0 0 0 0 0 0 0 0 0 0 0 0 0 0 0 0 0 0 0 0 0 0 0 0 
0 0 0 0 0 0 0 0 0 0 0 0 0 0 0 0 0 0 0 0 0 0 0 0 0 0 0 9654.7 2.51694e+06 2.53658e+06 1.26766e+07 1.22506e+07 1.96673e+07 0 0 0 0 0 0 0 0 0 0 0 0 0 0 0 0 0 0 0 0 0 0 0 0 0 0 0 0 0 0 0 0 
0 0 0 0 0 0 0 0 0 0 0 0 0 0 0 0 0 0 0 0 0 0 0 0 0 0 0 396042 413549 1.32876e+06 4.78331e+06 3.75032e+06 8.65375e+06 0 0 0 0 0 0 0 0 0 0 0 0 0 0 0 0 0 0 0 0 0 0 0 0 0 0 0 0 0 0 0 0 
0 0 0 0 0 0 0 0 0 0 0 0 0 0 0 0 0 0 0 0 0 0 0 0 0 0 0 0 24925.7 1.02266e+06 1.00241e+06 2.38171e+06 2.28173e+06 0 0 0 0 0 0 0 0 0 0 0 0 0 0 0 0 0 0 0 0 0 0 0 0 0 0 0 0 0 0 0 0 
0 0 0 0 0 0 0 0 0 0 0 0 0 0 0 0 0 0 0 0 0 0 0 0 0 0 0 0 384.411 310594 138987 1.23022e+06 396677 0 0 0 0 0 0 0 0 0 0 0 0 0 0 0 0 0 0 0 0 0 0 0 0 0 0 0 0 0 0 0 0 
0 0 0 0 0 0 0 0 0 0 0 0 0 0 0 0 0 0 0 0 0 0 0 0 0 0 0 0 70700.5 33071.2 180537 309223 257382 0 0 0 0 0 0 0 0 0 0 0 0 0 0 0 0 0 0 0 0 0 0 0 0 0 0 0 0 0 0 0 0 
0 0 0 0 0 0 0 0 0 0 0 0 0 0 0 0 0 0 0 0 0 0 0 0 0 0 0 0 0 957.23 124087 37451.2 209848 0 0 0 0 0 0 0 0 0 0 0 0 0 0 0 0 0 0 0 0 0 0 0 0 0 0 0 0 0 0 0 0 
0 0 0 0 0 0 0 0 0 0 0 0 0 0 0 0 0 0 0 0 0 0 0 0 0 0 0 0 0 0 24834.9 3830.46 68450 0 0 0 0 0 0 0 0 0 0 0 0 0 0 0 0 0 0 0 0 0 0 0 0 0 0 0 0 0 0 0 0 
0 0 0 0 0 0 0 0 0 0 0 0 0 0 0 0 0 0 0 0 0 0 0 0 0 0 0 0 0 9751.79 1272.88 20912.8 7715.67 0 0 0 0 0 0 0 0 0 0 0 0 0 0 0 0 0 0 0 0 0 0 0 0 0 0 0 0 0 0 0 0 
0 0 0 0 0 0 0 0 0 0 0 0 0 0 0 0 0 0 0 0 0 0 0 0 0 0 0 0 0 0 0 9924.1 484.815 0 0 0 0 0 0 0 0 0 0 0 0 0 0 0 0 0 0 0 0 0 0 0 0 0 0 0 0 0 0 0 0 
0 0 0 0 0 0 0 0 0 0 0 0 0 0 0 0 0 0 0 0 0 0 0 0 0 0 0 0 0 0 0 954.924 0 0 0 0 0 0 0 0 0 0 0 0 0 0 0 0 0 0 0 0 0 0 0 0 0 0 0 0 0 0 0 0 0 
0 0 0 0 0 0 0 0 0 0 0 0 0 0 0 0 0 0 0 0 0 0 0 0 0 0 0 0 0 0 975.179 0 1668.3 0 0 0 0 0 0 0 0 0 0 0 0 0 0 0 0 0 0 0 0 0 0 0 0 0 0 0 0 0 0 0 0 
0 0 0 0 0 0 0 0 0 0 0 0 0 0 0 0 0 0 0 0 0 0 0 0 0 0 0 0 0 0 0 0 381.607 0 0 0 0 0 0 0 0 0 0 0 0 0 0 0 0 0 0 0 0 0 0 0 0 0 0 0 0 0 0 0 0 
0 0 0 0 0 0 0 0 0 0 0 0 0 0 0 0 0 0 0 0 0 0 0 0 0 0 0 0 0 0 0 0 0 0 0 0 0 0 0 0 0 0 0 0 0 0 0 0 0 0 0 0 0 0 0 0 0 0 0 0 0 0 0 0 0 
0 0 0 0 0 0 0 0 0 0 0 0 0 0 0 0 0 0 0 0 0 0 0 0 0 0 0 0 0 0 0 62.9148 0 0 0 0 0 0 0 0 0 0 0 0 0 0 0 0 0 0 0 0 0 0 0 0 0 0 0 0 0 0 0 0 0 
0 0 0 0 0 0 0 0 0 0 0 0 0 0 0 0 0 0 0 0 0 0 0 0 0 0 0 0 0 0 0 0 0 0 0 0 0 0 0 0 0 0 0 0 0 0 0 0 0 0 0 0 0 0 0 0 0 0 0 0 0 0 0 0 0 
0 0 0 0 0 0 0 0 0 0 0 0 0 0 0 0 0 0 0 0 0 0 0 0 0 0 0 0 0 0 0 0 0 0 0 0 0 0 0 0 0 0 0 0 0 0 0 0 0 0 0 0 0 0 0 0 0 0 0 0 0 0 0 0 0 
0 0 0 0 0 0 0 0 0 0 0 0 0 0 0 0 0 0 0 0 0 0 0 0 0 0 0 0 0 0 0 0 1.96609 0 0 0 0 0 0 0 0 0 0 0 0 0 0 0 0 0 0 0 0 0 0 0 0 0 0 0 0 0 0 0 0 
