1 0 0 0 0 0 0 0 0 0 0 0 0 0 0 0 0 0 0 0 0 0 0 0 0 0 0 0 0 0 0 0 0 0 0 0 0 0 0 0 0 0 0 0 0 0 0 0 0 0 0 0 0 0 0 0 0 0 0 0 0 0 0 0 1 
0 0 0 0 0 0 0 0 0 0 0 0 0 0 0 0 0 0 0 0 0 0 0 0 0 0 0 0 0 0 0 0 0 0 0 0 0 0 0 0 0 0 0 0 0 0 0 0 0 0 0 0 0 0 0 0 0 0 0 0 0 0 0 0 0 
0 0 0 0 0 0 0 0 0 0 0 0 0 0 0 0 0 0 0 0 0 0 0 0 0 0 0 0 0 0 0 0 0 0 0 0 0 0 0 0 0 0 0 0 0 0 0 0 0 0 0 0 0 0 0 0 0 0 0 0 0 0 0 0 0 
0 64 0 0 0 0 0 0 0 0 0 0 0 0 0 0 0 0 0 0 0 0 0 0 0 0 0 0 0 0 0 0 0 0 0 0 0 0 0 0 0 0 0 0 0 0 0 0 0 0 0 0 0 0 0 0 0 0 0 0 0 0 0 0 0 
0 0 0 0 0 0 0 0 0 0 0 0 0 0 0 0 0 0 0 0 0 0 0 0 0 0 0 0 0 0 0 0 0 0 0 0 0 0 0 0 0 0 0 0 0 0 0 0 0 0 0 0 0 0 0 0 0 0 0 0 0 0 0 0 0 
0 0 192 0 0 0 0 0 0 0 0 0 0 0 0 0 0 0 0 0 0 0 0 0 0 0 0 0 0 0 0 0 0 0 0 0 0 0 0 0 0 0 0 0 0 0 0 0 0 0 0 0 0 0 0 0 0 0 0 0 0 0 0 0 0 
0 0 1824 0 0 0 0 0 0 0 0 0 0 0 0 0 0 0 0 0 0 0 0 0 0 0 0 0 0 0 0 0 0 0 0 0 0 0 0 0 0 0 0 0 0 0 0 0 0 0 0 0 0 0 0 0 0 0 0 0 0 0 0 0 0 
0 0 0 958.835 0 0 0 0 0 0 0 0 0 0 0 0 0 0 0 0 0 0 0 0 0 0 0 0 0 0 0 0 0 0 0 0 0 0 0 0 0 0 0 0 0 0 0 0 0 0 0 0 0 0 0 0 0 0 0 0 0 0 0 0 0 
0 0 0 9986.33 239.709 0 0 0 0 0 0 0 0 0 0 0 0 0 0 0 0 0 0 0 0 0 0 0 0 0 0 0 0 0 0 0 0 0 0 0 0 0 0 0 0 0 0 0 0 0 0 0 0 0 0 0 0 0 0 0 0 0 0 0 0 
0 0 0 30718.8 5120.24 0 0 0 0 0 0 0 0 0 0 0 0 0 0 0 0 0 0 0 0 0 0 0 0 0 0 0 0 0 0 0 0 0 0 0 0 0 0 0 0 0 0 0 0 0 0 0 0 0 0 0 0 0 0 0 0 0 0 0 0 
0 0 0 0 59190.3 3802.33 0 0 0 0 0 0 0 0 0 0 0 0 0 0 0 0 0 0 0 0 0 0 0 0 0 0 0 0 0 0 0 0 0 0 0 0 0 0 0 0 0 0 0 0 0 0 0 0 0 0 0 0 0 0 0 0 0 0 0 
0 0 0 0 228372 38268.3 1904.55 0 0 0 0 0 0 0 0 0 0 0 0 0 0 0 0 0 0 0 0 0 0 0 0 0 0 0 0 0 0 0 0 0 0 0 0 0 0 0 0 0 0 0 0 0 0 0 0 0 0 0 0 0 0 0 0 0 0 
0 0 0 0 342454 343719 36262.9 1242.41 155.301 0 0 0 0 0 0 0 0 0 0 0 0 0 0 0 0 0 0 0 0 0 0 0 0 0 0 0 0 0 0 0 0 0 0 0 0 0 0 0 0 0 0 0 0 0 0 0 0 0 0 0 0 0 0 0 0 
0 0 0 0 0 1.50305e+06 337571 36752 0 0 0 0 0 0 0 0 0 0 0 0 0 0 0 0 0 0 0 0 0 0 0 0 0 0 0 0 0 0 0 0 0 0 0 0 0 0 0 0 0 0 0 0 0 0 0 0 0 0 0 0 0 0 0 0 0 
0 0 0 0 0 3.05209e+06 2.11607e+06 362138 45201.6 3635 0 0 0 0 0 0 0 0 0 0 0 0 0 0 0 0 0 0 0 0 0 0 0 0 0 0 0 0 0 0 0 0 0 0 0 0 0 0 0 0 0 0 0 0 0 0 0 0 0 0 0 0 0 0 0 
0 0 0 0 0 2.68358e+06 9.09003e+06 2.72232e+06 462123 41801.5 5709.92 0 0 0 0 0 0 0 0 0 0 0 0 0 0 0 0 0 0 0 0 0 0 0 0 0 0 0 0 0 0 0 0 0 0 0 0 0 0 0 0 0 0 0 0 0 0 0 0 0 0 0 0 0 0 
0 0 0 0 0 0 2.14037e+07 1.4109e+07 3.60538e+06 711734 79995.5 11266.2 1383.58 0 0 0 58.092 0 0 0 0 0 0 0 0 0 0 0 0 0 0 0 11.8971 0 0 0 0 0 0 0 0 0 0 0 0 0 0 0 0 0 0 0 0 0 0 0 0 0 0 0 0 0 0 0 0 
0 0 0 0 0 0 2.66456e+07 5.32648e+07 2.0726e+07 5.2622e+06 1.11265e+06 161248 15310.5 5743.57 1846.95 929.473 0 0 0 0 0 0 0 0 0 0 0 0 0 0 0 0 0 0 0 0 0 0 0 0 0 0 0 0 0 0 0 0 0 0 0 0 0 0 0 0 0 0 0 0 0 0 0 0 0 
0 0 0 0 0 0 1.53432e+07 1.30957e+08 9.34179e+07 3.19183e+07 8.40562e+06 1.94377e+06 404736 48194.3 5124.1 0 0 1871.38 0 0 0 0 0 0 0 0 0 0 0 0 0 380.709 0 0 0 0 0 0 0 0 0 0 0 0 0 0 0 0 0 0 0 0 0 0 0 0 0 0 0 0 0 0 0 0 0 
0 0 0 0 0 0 0 1.92658e+08 3.12e+08 1.55428e+08 5.3862e+07 1.56129e+07 3.71644e+06 874584 211598 53391.9 28239 907.977 3908.65 0 0 0 0 0 0 0 0 0 0 0 957.562 0 0 0 0 0 0 0 0 0 0 0 0 0 0 0 0 0 0 0 0 0 0 0 0 0 0 0 0 0 0 0 0 0 0 
0 0 0 0 0 0 0 1.61466e+08 7.4023e+08 5.96641e+08 2.62799e+08 9.33035e+07 3.06128e+07 8.56974e+06 2.17124e+06 598265 126153 53819.7 27389.6 11353.1 2958.58 0 0 0 492.339 0 0 0 938.501 3842.67 4943.42 0 11833.3 0 0 0 0 0 0 0 0 0 0 0 0 0 0 0 0 0 0 0 0 0 0 0 0 0 0 0 0 0 0 0 0 
0 0 0 0 0 0 0 6.56383e+07 1.16582e+09 1.78495e+09 1.09161e+09 4.76673e+08 1.80325e+08 6.36861e+07 2.0281e+07 5.99714e+06 1.99962e+06 808164 239365 138075 30975.1 22644.6 11426 7749.84 0 3912.44 5572.27 11551.6 15244.6 21041.5 0 28621 388.585 0 0 0 0 0 0 0 0 0 0 0 0 0 0 0 0 0 0 0 0 0 0 0 0 0 0 0 0 0 0 0 0 
0 0 0 0 0 0 0 0 1.16971e+09 3.97682e+09 3.66643e+09 2.01909e+09 9.04408e+08 3.69302e+08 1.43009e+08 5.16856e+07 1.80529e+07 6.27267e+06 2.7833e+06 1.13845e+06 731869 255637 124147 82155.6 93743.1 85977.8 76708.6 73055 94412.1 60544.7 110781 150713 66859.2 0 0 0 0 0 0 0 0 0 0 0 0 0 0 0 0 0 0 0 0 0 0 0 0 0 0 0 0 0 0 0 0 
0 0 0 0 0 0 0 0 7.06269e+08 6.29095e+09 9.84397e+09 7.19764e+09 3.85873e+09 1.8209e+09 7.98713e+08 3.38021e+08 1.35943e+08 5.43244e+07 2.25055e+07 1.03564e+07 4.71438e+06 2.89075e+06 1.77399e+06 1.06812e+06 726214 463180 532412 524523 501675 439760 678878 272941 693541 0 0 0 0 0 0 0 0 0 0 0 0 0 0 0 0 0 0 0 0 0 0 0 0 0 0 0 0 0 0 0 0 
0 0 0 0 0 0 0 0 2.13884e+08 6.86525e+09 2.02629e+10 2.14803e+10 1.4276e+10 7.76826e+09 3.86406e+09 1.83287e+09 8.51533e+08 3.85433e+08 1.71223e+08 7.98685e+07 4.04202e+07 2.22312e+07 1.20139e+07 7.80474e+06 5.05304e+06 4.51056e+06 3.49413e+06 3.20532e+06 2.59272e+06 3.34505e+06 2.36245e+06 2.93182e+06 2.89566e+06 0 0 0 0 0 0 0 0 0 0 0 0 0 0 0 0 0 0 0 0 0 0 0 0 0 0 0 0 0 0 0 0 
0 0 0 0 0 0 0 0 0 5.01036e+09 3.11414e+10 5.13113e+10 4.48123e+10 2.88805e+10 1.62844e+10 8.64694e+09 4.40862e+09 2.23093e+09 1.09882e+09 5.46567e+08 2.87822e+08 1.52031e+08 9.28536e+07 5.73269e+07 4.0071e+07 2.75996e+07 2.16266e+07 1.80366e+07 1.77659e+07 1.49896e+07 1.40603e+07 1.52275e+07 1.22789e+07 0 0 0 0 0 0 0 0 0 0 0 0 0 0 0 0 0 0 0 0 0 0 0 0 0 0 0 0 0 0 0 0 
0 0 0 0 0 0 0 0 0 2.28257e+09 3.4952e+10 9.74212e+10 1.16949e+11 9.28571e+10 5.97956e+10 3.53923e+10 1.99648e+10 1.10284e+10 6.01627e+09 3.26651e+09 1.79899e+09 1.02742e+09 5.98302e+08 3.75286e+08 2.50511e+08 1.81752e+08 1.42391e+08 1.14751e+08 9.4657e+07 7.97903e+07 8.25182e+07 7.02178e+07 7.93512e+07 0 0 0 0 0 0 0 0 0 0 0 0 0 0 0 0 0 0 0 0 0 0 0 0 0 0 0 0 0 0 0 0 
0 0 0 0 0 0 0 0 0 5.39668e+08 2.80014e+10 1.4277e+11 2.52033e+11 2.55335e+11 1.9416e+11 1.28347e+11 7.94938e+10 4.78607e+10 2.8327e+10 1.65491e+10 9.80101e+09 5.91135e+09 3.7057e+09 2.33715e+09 1.59384e+09 1.14539e+09 8.46829e+08 6.65098e+08 5.45039e+08 5.00772e+08 4.29421e+08 4.07664e+08 4.0756e+08 0 0 0 0 0 0 0 0 0 0 0 0 0 0 0 0 0 0 0 0 0 0 0 0 0 0 0 0 0 0 0 0 
0 0 0 0 0 0 0 0 0 0 1.55599e+10 1.5883e+11 4.38598e+11 5.93839e+11 5.50612e+11 4.14854e+11 2.82881e+11 1.84093e+11 1.1713e+11 7.37707e+10 4.64931e+10 2.99556e+10 1.95095e+10 1.31446e+10 9.00193e+09 6.56006e+09 4.91348e+09 3.87363e+09 3.21383e+09 2.73585e+09 2.40924e+09 2.3711e+09 2.30705e+09 0 0 0 0 0 0 0 0 0 0 0 0 0 0 0 0 0 0 0 0 0 0 0 0 0 0 0 0 0 0 0 0 
0 0 0 0 0 0 0 0 0 0 5.55398e+09 1.32863e+11 6.04197e+11 1.14934e+12 1.33888e+12 1.18679e+12 9.02625e+11 6.37759e+11 4.35239e+11 2.94315e+11 1.96254e+11 1.33254e+11 9.15462e+10 6.40271e+10 4.65187e+10 3.39193e+10 2.57077e+10 2.06514e+10 1.73834e+10 1.48442e+10 1.34892e+10 1.27505e+10 1.26101e+10 0 0 0 0 0 0 0 0 0 0 0 0 0 0 0 0 0 0 0 0 0 0 0 0 0 0 0 0 0 0 0 0 
0 0 0 0 0 0 0 0 0 0 1.07336e+09 8.12329e+10 6.52886e+11 1.82834e+12 2.76857e+12 2.95847e+12 2.57076e+12 2.0042e+12 1.47466e+12 1.04807e+12 7.49238e+11 5.35463e+11 3.84679e+11 2.8016e+11 2.083e+11 1.59397e+11 1.25686e+11 1.02586e+11 8.56141e+10 7.48893e+10 6.8729e+10 6.48904e+10 6.3821e+10 0 0 0 0 0 0 0 0 0 0 0 0 0 0 0 0 0 0 0 0 0 0 0 0 0 0 0 0 0 0 0 0 
0 0 0 0 0 0 0 0 0 0 0 3.58126e+10 5.48898e+11 2.35311e+12 4.82722e+12 6.35909e+12 6.49634e+12 5.63184e+12 4.51048e+12 3.45308e+12 2.59098e+12 1.94125e+12 1.47088e+12 1.10783e+12 8.55166e+11 6.7047e+11 5.43675e+11 4.48779e+11 3.88927e+11 3.43728e+11 3.15661e+11 3.0135e+11 2.95441e+11 0 0 0 0 0 0 0 0 0 0 0 0 0 0 0 0 0 0 0 0 0 0 0 0 0 0 0 0 0 0 0 0 
0 0 0 0 0 0 0 0 0 0 0 1.03499e+10 3.54836e+11 2.43718e+12 7.0038e+12 1.17761e+13 1.42682e+13 1.41948e+13 1.24954e+13 1.0295e+13 8.20966e+12 6.45177e+12 5.04639e+12 3.98599e+12 3.17093e+12 2.56825e+12 2.12237e+12 1.81967e+12 1.58211e+12 1.42569e+12 1.30838e+12 1.2539e+12 1.23024e+12 0 0 0 0 0 0 0 0 0 0 0 0 0 0 0 0 0 0 0 0 0 0 0 0 0 0 0 0 0 0 0 0 
0 0 0 0 0 0 0 0 0 0 0 1.7204e+09 1.72258e+11 2.00876e+12 8.37476e+12 1.84585e+13 2.73104e+13 3.15484e+13 3.10797e+13 2.78922e+13 2.37754e+13 1.95653e+13 1.60187e+13 1.30633e+13 1.08194e+13 9.02465e+12 7.75065e+12 6.63562e+12 5.90252e+12 5.35611e+12 5.01556e+12 4.75182e+12 4.71345e+12 0 0 0 0 0 0 0 0 0 0 0 0 0 0 0 0 0 0 0 0 0 0 0 0 0 0 0 0 0 0 0 0 
0 0 0 0 0 0 0 0 0 0 0 0 6.21894e+10 1.32433e+12 8.20872e+12 2.44489e+13 4.50927e+13 6.13143e+13 6.85384e+13 6.81374e+13 6.21773e+13 5.46573e+13 4.69479e+13 3.9776e+13 3.38416e+13 2.91193e+13 2.52863e+13 2.2409e+13 2.02343e+13 1.85356e+13 1.74484e+13 1.68388e+13 1.66867e+13 0 0 0 0 0 0 0 0 0 0 0 0 0 0 0 0 0 0 0 0 0 0 0 0 0 0 0 0 0 0 0 0 
0 0 0 0 0 0 0 0 0 0 0 0 1.50363e+10 6.79803e+11 6.56573e+12 2.69704e+13 6.36765e+13 1.04478e+14 1.35012e+14 1.48671e+14 1.48915e+14 1.39797e+14 1.25881e+14 1.11686e+14 9.86461e+13 8.73704e+13 7.75701e+13 6.99041e+13 6.35645e+13 5.96169e+13 5.63507e+13 5.4613e+13 5.42631e+13 0 0 0 0 0 0 0 0 0 0 0 0 0 0 0 0 0 0 0 0 0 0 0 0 0 0 0 0 0 0 0 0 
0 0 0 0 0 0 0 0 0 0 0 0 2.26645e+09 2.72364e+11 4.28478e+12 2.48457e+13 7.67579e+13 1.54322e+14 2.33291e+14 2.91516e+14 3.19701e+14 3.23858e+14 3.11588e+14 2.89537e+14 2.65034e+14 2.41169e+14 2.19983e+14 2.02155e+14 1.88667e+14 1.78371e+14 1.70144e+14 1.66435e+14 1.63392e+14 0 0 0 0 0 0 0 0 0 0 0 0 0 0 0 0 0 0 0 0 0 0 0 0 0 0 0 0 0 0 0 0 
0 0 0 0 0 0 0 0 0 0 0 0 0 8.28194e+10 2.26033e+12 1.90935e+13 7.80243e+13 1.95937e+14 3.53147e+14 5.05435e+14 6.17517e+14 6.80339e+14 7.00208e+14 6.88916e+14 6.54705e+14 6.19791e+14 5.80992e+14 5.48592e+14 5.16934e+14 4.91789e+14 4.77237e+14 4.6654e+14 4.63315e+14 0 0 0 0 0 0 0 0 0 0 0 0 0 0 0 0 0 0 0 0 0 0 0 0 0 0 0 0 0 0 0 0 
0 0 0 0 0 0 0 0 0 0 0 0 0 1.73256e+10 9.62934e+11 1.21346e+13 6.72178e+13 2.14469e+14 4.64688e+14 7.71626e+14 1.06569e+15 1.28959e+15 1.42378e+15 1.4913e+15 1.50419e+15 1.4668e+15 1.42082e+15 1.36787e+15 1.31993e+15 1.27272e+15 1.24362e+15 1.22439e+15 1.2198e+15 0 0 0 0 0 0 0 0 0 0 0 0 0 0 0 0 0 0 0 0 0 0 0 0 0 0 0 0 0 0 0 0 
0 0 0 0 0 0 0 0 0 0 0 0 0 2.53905e+09 3.29083e+11 6.44244e+12 4.89768e+13 2.00685e+14 5.32021e+14 1.03606e+15 1.62598e+15 2.18616e+15 2.63479e+15 2.93353e+15 3.11463e+15 3.18363e+15 3.19474e+15 3.15394e+15 3.11198e+15 3.06416e+15 3.00634e+15 3.0027e+15 2.99551e+15 0 0 0 0 0 0 0 0 0 0 0 0 0 0 0 0 0 0 0 0 0 0 0 0 0 0 0 0 0 0 0 0 
0 0 0 0 0 0 0 0 0 0 0 0 0 0 8.64365e+10 2.83262e+12 3.02328e+13 1.60818e+14 5.27477e+14 1.22165e+15 2.19763e+15 3.30494e+15 4.36158e+15 5.24809e+15 5.88868e+15 6.33627e+15 6.60744e+15 6.74635e+15 6.78639e+15 6.79072e+15 6.81054e+15 6.7599e+15 6.75313e+15 0 0 0 0 0 0 0 0 0 0 0 0 0 0 0 0 0 0 0 0 0 0 0 0 0 0 0 0 0 0 0 0 
0 0 0 0 0 0 0 0 0 0 0 0 0 0 1.62393e+10 1.02787e+12 1.57859e+13 1.10807e+14 4.53881e+14 1.25792e+15 2.62595e+15 4.44504e+15 6.4784e+15 8.43675e+15 1.0141e+16 1.15169e+16 1.24909e+16 1.3177e+16 1.36096e+16 1.38894e+16 1.40672e+16 1.41866e+16 1.41658e+16 0 0 0 0 0 0 0 0 0 0 0 0 0 0 0 0 0 0 0 0 0 0 0 0 0 0 0 0 0 0 0 0 
0 0 0 0 0 0 0 0 0 0 0 0 0 0 2.54269e+09 3.06206e+11 7.04568e+12 6.56314e+13 3.37646e+14 1.13165e+15 2.75964e+15 5.31014e+15 8.59666e+15 1.22109e+16 1.57302e+16 1.88623e+16 2.15092e+16 2.35787e+16 2.51497e+16 2.62811e+16 2.6862e+16 2.71974e+16 2.74615e+16 0 0 0 0 0 0 0 0 0 0 0 0 0 0 0 0 0 0 0 0 0 0 0 0 0 0 0 0 0 0 0 0 
0 0 0 0 0 0 0 0 0 0 0 0 0 0 0 7.31466e+10 2.64632e+12 3.34686e+13 2.18775e+14 8.91994e+14 2.55621e+15 5.6444e+15 1.01973e+16 1.58781e+16 2.20972e+16 2.82286e+16 3.37443e+16 3.84499e+16 4.23186e+16 4.50283e+16 4.71468e+16 4.82529e+16 4.85698e+16 0 0 0 0 0 0 0 0 0 0 0 0 0 0 0 0 0 0 0 0 0 0 0 0 0 0 0 0 0 0 0 0 
0 0 0 0 0 0 0 0 0 0 0 0 0 0 0 1.28815e+10 8.4359e+11 1.48455e+13 1.23648e+14 6.15968e+14 2.0875e+15 5.29806e+15 1.07605e+16 1.84862e+16 2.78385e+16 3.79788e+16 4.79648e+16 5.70232e+16 6.46978e+16 7.10147e+16 7.50891e+16 7.79622e+16 7.86723e+16 0 0 0 0 0 0 0 0 0 0 0 0 0 0 0 0 0 0 0 0 0 0 0 0 0 0 0 0 0 0 0 0 
0 0 0 0 0 0 0 0 0 0 0 0 0 0 0 2.30389e+09 2.2812e+11 5.6951e+12 6.13078e+13 3.73784e+14 1.50986e+15 4.41959e+15 1.01293e+16 1.92045e+16 3.15621e+16 4.61293e+16 6.16565e+16 7.67748e+16 9.02919e+16 1.0146e+17 1.09953e+17 1.14659e+17 1.16608e+17 0 0 0 0 0 0 0 0 0 0 0 0 0 0 0 0 0 0 0 0 0 0 0 0 0 0 0 0 0 0 0 0 
0 0 0 0 0 0 0 0 0 0 0 0 0 0 0 0 5.14849e+10 1.90174e+12 2.67183e+13 2.01092e+14 9.63035e+14 3.2726e+15 8.50891e+15 1.79243e+16 3.20873e+16 5.04293e+16 7.17635e+16 9.38728e+16 1.1453e+17 1.3225e+17 1.46153e+17 1.54341e+17 1.5692e+17 0 0 0 0 0 0 0 0 0 0 0 0 0 0 0 0 0 0 0 0 0 0 0 0 0 0 0 0 0 0 0 0 
0 0 0 0 0 0 0 0 0 0 0 0 0 0 0 0 8.893e+09 5.52924e+11 1.03631e+13 9.62912e+13 5.49473e+14 2.1657e+15 6.39717e+15 1.50253e+16 2.93483e+16 4.98799e+16 7.51105e+16 1.03302e+17 1.31509e+17 1.566e+17 1.7634e+17 1.89401e+17 1.93954e+17 0 0 0 0 0 0 0 0 0 0 0 0 0 0 0 0 0 0 0 0 0 0 0 0 0 0 0 0 0 0 0 0 
0 0 0 0 0 0 0 0 0 0 0 0 0 0 0 0 1.97486e+09 1.41939e+11 3.5365e+12 4.11729e+13 2.80481e+14 1.28326e+15 4.3063e+15 1.13006e+16 2.42989e+16 4.43742e+16 7.14617e+16 1.03381e+17 1.37045e+17 1.68435e+17 1.93285e+17 2.10682e+17 2.16152e+17 0 0 0 0 0 0 0 0 0 0 0 0 0 0 0 0 0 0 0 0 0 0 0 0 0 0 0 0 0 0 0 0 
0 0 0 0 0 0 0 0 0 0 0 0 0 0 0 0 0 3.20104e+10 1.08967e+12 1.58112e+13 1.2928e+14 6.86333e+14 2.61487e+15 7.64672e+15 1.80476e+16 3.58333e+16 6.15347e+16 9.39824e+16 1.29813e+17 1.64943e+17 1.94471e+17 2.13146e+17 2.19903e+17 0 0 0 0 0 0 0 0 0 0 0 0 0 0 0 0 0 0 0 0 0 0 0 0 0 0 0 0 0 0 0 0 
0 0 0 0 0 0 0 0 0 0 0 0 0 0 0 0 0 5.5429e+09 3.00881e+11 5.54769e+12 5.38042e+13 3.32235e+14 1.43955e+15 4.6946e+15 1.22131e+16 2.61945e+16 4.82395e+16 7.74913e+16 1.11871e+17 1.4656e+17 1.7725e+17 1.96966e+17 2.0445e+17 0 0 0 0 0 0 0 0 0 0 0 0 0 0 0 0 0 0 0 0 0 0 0 0 0 0 0 0 0 0 0 0 
0 0 0 0 0 0 0 0 0 0 0 0 0 0 0 0 0 1.58477e+09 7.69278e+10 1.76019e+12 2.06333e+13 1.47822e+14 7.24413e+14 2.62997e+15 7.4768e+15 1.74357e+16 3.41362e+16 5.82956e+16 8.78779e+16 1.19091e+17 1.46049e+17 1.65739e+17 1.72867e+17 0 0 0 0 0 0 0 0 0 0 0 0 0 0 0 0 0 0 0 0 0 0 0 0 0 0 0 0 0 0 0 0 
0 0 0 0 0 0 0 0 0 0 0 0 0 0 0 0 0 0 1.81478e+10 5.19396e+11 7.24687e+12 6.01273e+13 3.34302e+14 1.35293e+15 4.19678e+15 1.05767e+16 2.22412e+16 3.99802e+16 6.29865e+16 8.83344e+16 1.11575e+17 1.28007e+17 1.33563e+17 0 0 0 0 0 0 0 0 0 0 0 0 0 0 0 0 0 0 0 0 0 0 0 0 0 0 0 0 0 0 0 0 
0 0 0 0 0 0 0 0 0 0 0 0 0 0 0 0 0 0 3.1649e+09 1.4228e+11 2.38937e+12 2.2682e+13 1.42523e+14 6.39446e+14 2.18522e+15 5.92254e+15 1.3274e+16 2.51972e+16 4.14367e+16 6.01387e+16 7.77668e+16 9.03097e+16 9.49607e+16 0 0 0 0 0 0 0 0 0 0 0 0 0 0 0 0 0 0 0 0 0 0 0 0 0 0 0 0 0 0 0 0 
0 0 0 0 0 0 0 0 0 0 0 0 0 0 0 0 0 0 1.18483e+09 3.84245e+10 7.37658e+11 8.04181e+12 5.66385e+13 2.82029e+14 1.05158e+15 3.06577e+15 7.30594e+15 1.4688e+16 2.51983e+16 3.77303e+16 4.99264e+16 5.88688e+16 6.20816e+16 0 0 0 0 0 0 0 0 0 0 0 0 0 0 0 0 0 0 0 0 0 0 0 0 0 0 0 0 0 0 0 0 
0 0 0 0 0 0 0 0 0 0 0 0 0 0 0 0 0 0 0 9.50093e+09 2.16769e+11 2.70609e+12 2.12866e+13 1.15844e+14 4.71684e+14 1.47954e+15 3.76e+15 7.94667e+15 1.42478e+16 2.19569e+16 2.98982e+16 3.54946e+16 3.77325e+16 0 0 0 0 0 0 0 0 0 0 0 0 0 0 0 0 0 0 0 0 0 0 0 0 0 0 0 0 0 0 0 0 
0 0 0 0 0 0 0 0 0 0 0 0 0 0 0 0 0 0 0 1.61962e+09 6.12577e+10 8.74301e+11 7.61309e+12 4.54795e+13 1.99568e+14 6.73357e+14 1.8121e+15 3.98805e+15 7.44467e+15 1.18963e+16 1.64352e+16 2.00292e+16 2.12474e+16 0 0 0 0 0 0 0 0 0 0 0 0 0 0 0 0 0 0 0 0 0 0 0 0 0 0 0 0 0 0 0 0 
0 0 0 0 0 0 0 0 0 0 0 0 0 0 0 0 0 0 0 8.08148e+08 1.79169e+10 2.74439e+11 2.63014e+12 1.69531e+13 7.96438e+13 2.8802e+14 8.18184e+14 1.89985e+15 3.67096e+15 6.07442e+15 8.54175e+15 1.05327e+16 1.12625e+16 0 0 0 0 0 0 0 0 0 0 0 0 0 0 0 0 0 0 0 0 0 0 0 0 0 0 0 0 0 0 0 0 
0 0 0 0 0 0 0 0 0 0 0 0 0 0 0 0 0 0 0 0 4.56887e+09 8.20624e+10 8.76525e+11 6.12033e+12 3.06784e+13 1.18304e+14 3.5395e+14 8.6229e+14 1.72856e+15 2.91423e+15 4.20065e+15 5.21058e+15 5.61127e+15 0 0 0 0 0 0 0 0 0 0 0 0 0 0 0 0 0 0 0 0 0 0 0 0 0 0 0 0 0 0 0 0 
0 0 0 0 0 0 0 0 0 0 0 0 0 0 0 0 0 0 0 0 7.32803e+08 2.47261e+10 2.87109e+11 2.16348e+12 1.1562e+13 4.63503e+13 1.47178e+14 3.68519e+14 7.69357e+14 1.3288e+15 1.96239e+15 2.45872e+15 2.66079e+15 0 0 0 0 0 0 0 0 0 0 0 0 0 0 0 0 0 0 0 0 0 0 0 0 0 0 0 0 0 0 0 0 
0 0 0 0 0 0 0 0 0 0 0 0 0 0 0 0 0 0 0 0 4.96803e+08 7.78151e+09 9.27511e+10 7.47114e+11 4.21834e+12 1.78265e+13 5.87726e+13 1.53635e+14 3.29973e+14 5.84791e+14 8.77623e+14 1.11059e+15 1.19877e+15 0 0 0 0 0 0 0 0 0 0 0 0 0 0 0 0 0 0 0 0 0 0 0 0 0 0 0 0 0 0 0 0 
0 0 0 0 0 0 0 0 0 0 0 0 0 0 0 0 0 0 0 0 0 1.9794e+09 2.86008e+10 2.54153e+11 1.53493e+12 6.69981e+12 2.28946e+13 6.23975e+13 1.36742e+14 2.49868e+14 3.79838e+14 4.87301e+14 5.27379e+14 0 0 0 0 0 0 0 0 0 0 0 0 0 0 0 0 0 0 0 0 0 0 0 0 0 0 0 0 0 0 0 0 
0 0 0 0 0 0 0 0 0 0 0 0 0 0 0 0 0 0 0 0 0 2.87206e+08 9.25409e+09 8.74027e+10 5.45799e+11 2.49873e+12 8.87527e+12 2.46041e+13 5.51959e+13 1.03416e+14 1.58831e+14 2.06121e+14 2.23663e+14 0 0 0 0 0 0 0 0 0 0 0 0 0 0 0 0 0 0 0 0 0 0 0 0 0 0 0 0 0 0 0 0 
0 0 0 0 0 0 0 0 0 0 0 0 0 0 0 0 0 0 0 0 0 2.722e+08 3.10143e+09 2.87174e+10 1.91659e+11 9.3028e+11 3.35509e+12 9.62149e+12 2.23024e+13 4.17614e+13 6.5306e+13 8.50007e+13 9.31658e+13 0 0 0 0 0 0 0 0 0 0 0 0 0 0 0 0 0 0 0 0 0 0 0 0 0 0 0 0 0 0 0 0 
0 0 0 0 0 0 0 0 0 0 0 0 0 0 0 0 0 0 0 0 0 0 7.51867e+08 9.09684e+09 6.84201e+10 3.45108e+11 1.28573e+12 3.76334e+12 8.85079e+12 1.68832e+13 2.6716e+13 3.48862e+13 3.80715e+13 0 0 0 0 0 0 0 0 0 0 0 0 0 0 0 0 0 0 0 0 0 0 0 0 0 0 0 0 0 0 0 0 
0 0 0 0 0 0 0 0 0 0 0 0 0 0 0 0 0 0 0 0 0 0 9.53337e+07 3.18888e+09 2.45181e+10 1.24349e+11 4.86464e+11 1.46653e+12 3.46197e+12 6.761e+12 1.07301e+13 1.43097e+13 1.55905e+13 0 0 0 0 0 0 0 0 0 0 0 0 0 0 0 0 0 0 0 0 0 0 0 0 0 0 0 0 0 0 0 0 
0 0 0 0 0 0 0 0 0 0 0 0 0 0 0 0 0 0 0 0 0 0 1.32623e+08 1.10663e+09 7.92033e+09 4.53723e+10 1.86676e+11 5.66403e+11 1.38066e+12 2.72089e+12 4.33774e+12 5.74279e+12 6.32229e+12 0 0 0 0 0 0 0 0 0 0 0 0 0 0 0 0 0 0 0 0 0 0 0 0 0 0 0 0 0 0 0 0 
0 0 0 0 0 0 0 0 0 0 0 0 0 0 0 0 0 0 0 0 0 0 0 2.44466e+08 2.59117e+09 1.69168e+10 6.99738e+10 2.20757e+11 5.4958e+11 1.08702e+12 1.76594e+12 2.34171e+12 2.58197e+12 0 0 0 0 0 0 0 0 0 0 0 0 0 0 0 0 0 0 0 0 0 0 0 0 0 0 0 0 0 0 0 0 
0 0 0 0 0 0 0 0 0 0 0 0 0 0 0 0 0 0 0 0 0 0 0 2.62341e+07 1.01527e+09 6.11093e+09 2.53781e+10 8.60906e+10 2.17508e+11 4.33214e+11 7.15485e+11 9.52638e+11 1.04875e+12 0 0 0 0 0 0 0 0 0 0 0 0 0 0 0 0 0 0 0 0 0 0 0 0 0 0 0 0 0 0 0 0 
0 0 0 0 0 0 0 0 0 0 0 0 0 0 0 0 0 0 0 0 0 0 0 5.67899e+07 3.44967e+08 1.88812e+09 9.64514e+09 3.33155e+10 8.4405e+10 1.76902e+11 2.91101e+11 3.8862e+11 4.29117e+11 0 0 0 0 0 0 0 0 0 0 0 0 0 0 0 0 0 0 0 0 0 0 0 0 0 0 0 0 0 0 0 0 
0 0 0 0 0 0 0 0 0 0 0 0 0 0 0 0 0 0 0 0 0 0 0 0 6.66065e+07 6.67168e+08 3.77544e+09 1.24036e+10 3.36442e+10 7.09039e+10 1.16842e+11 1.59636e+11 1.74178e+11 0 0 0 0 0 0 0 0 0 0 0 0 0 0 0 0 0 0 0 0 0 0 0 0 0 0 0 0 0 0 0 0 
0 0 0 0 0 0 0 0 0 0 0 0 0 0 0 0 0 0 0 0 0 0 0 0 5.79722e+06 2.8886e+08 1.29082e+09 4.51231e+09 1.34495e+10 2.74925e+10 4.7422e+10 6.45592e+10 7.14919e+10 0 0 0 0 0 0 0 0 0 0 0 0 0 0 0 0 0 0 0 0 0 0 0 0 0 0 0 0 0 0 0 0 
0 0 0 0 0 0 0 0 0 0 0 0 0 0 0 0 0 0 0 0 0 0 0 0 2.11304e+07 9.12592e+07 3.82022e+08 1.83804e+09 5.13161e+09 1.08637e+10 1.94711e+10 2.58488e+10 2.94913e+10 0 0 0 0 0 0 0 0 0 0 0 0 0 0 0 0 0 0 0 0 0 0 0 0 0 0 0 0 0 0 0 0 
0 0 0 0 0 0 0 0 0 0 0 0 0 0 0 0 0 0 0 0 0 0 0 0 0 1.46739e+07 1.55394e+08 7.28963e+08 1.81871e+09 4.47463e+09 7.5648e+09 1.06342e+10 1.16429e+10 0 0 0 0 0 0 0 0 0 0 0 0 0 0 0 0 0 0 0 0 0 0 0 0 0 0 0 0 0 0 0 0 
0 0 0 0 0 0 0 0 0 0 0 0 0 0 0 0 0 0 0 0 0 0 0 0 0 999614 7.22101e+07 2.2249e+08 7.04395e+08 1.78853e+09 2.87418e+09 4.38207e+09 4.57472e+09 0 0 0 0 0 0 0 0 0 0 0 0 0 0 0 0 0 0 0 0 0 0 0 0 0 0 0 0 0 0 0 0 
0 0 0 0 0 0 0 0 0 0 0 0 0 0 0 0 0 0 0 0 0 0 0 0 0 6.72884e+06 1.98008e+07 6.44982e+07 3.1275e+08 6.237e+08 1.18786e+09 1.69704e+09 1.86632e+09 0 0 0 0 0 0 0 0 0 0 0 0 0 0 0 0 0 0 0 0 0 0 0 0 0 0 0 0 0 0 0 0 
0 0 0 0 0 0 0 0 0 0 0 0 0 0 0 0 0 0 0 0 0 0 0 0 0 0 2.51556e+06 3.32787e+07 1.14844e+08 2.1984e+08 5.15823e+08 6.09285e+08 8.02598e+08 0 0 0 0 0 0 0 0 0 0 0 0 0 0 0 0 0 0 0 0 0 0 0 0 0 0 0 0 0 0 0 0 
0 0 0 0 0 0 0 0 0 0 0 0 0 0 0 0 0 0 0 0 0 0 0 0 0 0 124227 1.52168e+07 2.89157e+07 9.97845e+07 1.83797e+08 2.4921e+08 3.11789e+08 0 0 0 0 0 0 0 0 0 0 0 0 0 0 0 0 0 0 0 0 0 0 0 0 0 0 0 0 0 0 0 0 
0 0 0 0 0 0 0 0 0 0 0 0 0 0 0 0 0 0 0 0 0 0 0 0 0 0 1.80819e+06 3.35779e+06 9.47993e+06 4.50009e+07 5.57256e+07 1.16079e+08 1.00358e+08 0 0 0 0 0 0 0 0 0 0 0 0 0 0 0 0 0 0 0 0 0 0 0 0 0 0 0 0 0 0 0 0 
0 0 0 0 0 0 0 0 0 0 0 0 0 0 0 0 0 0 0 0 0 0 0 0 0 0 0 312317 6.3941e+06 1.34234e+07 2.34555e+07 4.49915e+07 3.80934e+07 0 0 0 0 0 0 0 0 0 0 0 0 0 0 0 0 0 0 0 0 0 0 0 0 0 0 0 0 0 0 0 0 
0 0 0 0 0 0 0 0 0 0 0 0 0 0 0 0 0 0 0 0 0 0 0 0 0 0 0 10012.2 2.54284e+06 2.5916e+06 1.26006e+07 1.22119e+07 1.97573e+07 0 0 0 0 0 0 0 0 0 0 0 0 0 0 0 0 0 0 0 0 0 0 0 0 0 0 0 0 0 0 0 0 
0 0 0 0 0 0 0 0 0 0 0 0 0 0 0 0 0 0 0 0 0 0 0 0 0 0 0 401453 416297 1.31845e+06 4.81688e+06 3.69135e+06 8.60345e+06 0 0 0 0 0 0 0 0 0 0 0 0 0 0 0 0 0 0 0 0 0 0 0 0 0 0 0 0 0 0 0 0 
0 0 0 0 0 0 0 0 0 0 0 0 0 0 0 0 0 0 0 0 0 0 0 0 0 0 0 0 24939.2 1.02453e+06 1.00617e+06 2.40604e+06 2.26641e+06 0 0 0 0 0 0 0 0 0 0 0 0 0 0 0 0 0 0 0 0 0 0 0 0 0 0 0 0 0 0 0 0 
0 0 0 0 0 0 0 0 0 0 0 0 0 0 0 0 0 0 0 0 0 0 0 0 0 0 0 0 380.518 313478 140943 1.23398e+06 391850 0 0 0 0 0 0 0 0 0 0 0 0 0 0 0 0 0 0 0 0 0 0 0 0 0 0 0 0 0 0 0 0 
0 0 0 0 0 0 0 0 0 0 0 0 0 0 0 0 0 0 0 0 0 0 0 0 0 0 0 0 71673.6 33294.5 178739 309598 253727 0 0 0 0 0 0 0 0 0 0 0 0 0 0 0 0 0 0 0 0 0 0 0 0 0 0 0 0 0 0 0 0 
0 0 0 0 0 0 0 0 0 0 0 0 0 0 0 0 0 0 0 0 0 0 0 0 0 0 0 0 0 955.235 124704 38084 213304 0 0 0 0 0 0 0 0 0 0 0 0 0 0 0 0 0 0 0 0 0 0 0 0 0 0 0 0 0 0 0 0 
0 0 0 0 0 0 0 0 0 0 0 0 0 0 0 0 0 0 0 0 0 0 0 0 0 0 0 0 0 0 25063.9 3857.93 68376.7 0 0 0 0 0 0 0 0 0 0 0 0 0 0 0 0 0 0 0 0 0 0 0 0 0 0 0 0 0 0 0 0 
0 0 0 0 0 0 0 0 0 0 0 0 0 0 0 0 0 0 0 0 0 0 0 0 0 0 0 0 0 9886.02 1280.77 20729.4 7721.91 0 0 0 0 0 0 0 0 0 0 0 0 0 0 0 0 0 0 0 0 0 0 0 0 0 0 0 0 0 0 0 0 
0 0 0 0 0 0 0 0 0 0 0 0 0 0 0 0 0 0 0 0 0 0 0 0 0 0 0 0 0 0 0 9983.86 475.648 0 0 0 0 0 0 0 0 0 0 0 0 0 0 0 0 0 0 0 0 0 0 0 0 0 0 0 0 0 0 0 0 
0 0 0 0 0 0 0 0 0 0 0 0 0 0 0 0 0 0 0 0 0 0 0 0 0 0 0 0 0 0 0 963.109 0 0 0 0 0 0 0 0 0 0 0 0 0 0 0 0 0 0 0 0 0 0 0 0 0 0 0 0 0 0 0 0 0 
0 0 0 0 0 0 0 0 0 0 0 0 0 0 0 0 0 0 0 0 0 0 0 0 0 0 0 0 0 0 988.602 0 1659.41 0 0 0 0 0 0 0 0 0 0 0 0 0 0 0 0 0 0 0 0 0 0 0 0 0 0 0 0 0 0 0 0 
0 0 0 0 0 0 0 0 0 0 0 0 0 0 0 0 0 0 0 0 0 0 0 0 0 0 0 0 0 0 0 0 384.149 0 0 0 0 0 0 0 0 0 0 0 0 0 0 0 0 0 0 0 0 0 0 0 0 0 0 0 0 0 0 0 0 
0 0 0 0 0 0 0 0 0 0 0 0 0 0 0 0 0 0 0 0 0 0 0 0 0 0 0 0 0 0 0 0 0 0 0 0 0 0 0 0 0 0 0 0 0 0 0 0 0 0 0 0 0 0 0 0 0 0 0 0 0 0 0 0 0 
0 0 0 0 0 0 0 0 0 0 0 0 0 0 0 0 0 0 0 0 0 0 0 0 0 0 0 0 0 0 0 63.7808 0 0 0 0 0 0 0 0 0 0 0 0 0 0 0 0 0 0 0 0 0 0 0 0 0 0 0 0 0 0 0 0 0 
0 0 0 0 0 0 0 0 0 0 0 0 0 0 0 0 0 0 0 0 0 0 0 0 0 0 0 0 0 0 0 0 0 0 0 0 0 0 0 0 0 0 0 0 0 0 0 0 0 0 0 0 0 0 0 0 0 0 0 0 0 0 0 0 0 
0 0 0 0 0 0 0 0 0 0 0 0 0 0 0 0 0 0 0 0 0 0 0 0 0 0 0 0 0 0 0 0 0 0 0 0 0 0 0 0 0 0 0 0 0 0 0 0 0 0 0 0 0 0 0 0 0 0 0 0 0 0 0 0 0 
0 0 0 0 0 0 0 0 0 0 0 0 0 0 0 0 0 0 0 0 0 0 0 0 0 0 0 0 0 0 0 0 1.99315 0 0 0 0 0 0 0 0 0 0 0 0 0 0 0 0 0 0 0 0 0 0 0 0 0 0 0 0 0 0 0 0 
