1 0 0 0 0 0 0 0 0 0 0 0 0 0 0 0 0 0 0 0 0 0 0 0 0 0 0 0 0 0 0 0 0 0 0 0 0 0 0 0 0 0 0 0 0 0 0 0 0 0 0 0 0 0 0 0 0 0 0 0 0 0 0 0 1 
0 0 0 0 0 0 0 0 0 0 0 0 0 0 0 0 0 0 0 0 0 0 0 0 0 0 0 0 0 0 0 0 0 0 0 0 0 0 0 0 0 0 0 0 0 0 0 0 0 0 0 0 0 0 0 0 0 0 0 0 0 0 0 0 0 
0 0 0 0 0 0 0 0 0 0 0 0 0 0 0 0 0 0 0 0 0 0 0 0 0 0 0 0 0 0 0 0 0 0 0 0 0 0 0 0 0 0 0 0 0 0 0 0 0 0 0 0 0 0 0 0 0 0 0 0 0 0 0 0 0 
0 64 0 0 0 0 0 0 0 0 0 0 0 0 0 0 0 0 0 0 0 0 0 0 0 0 0 0 0 0 0 0 0 0 0 0 0 0 0 0 0 0 0 0 0 0 0 0 0 0 0 0 0 0 0 0 0 0 0 0 0 0 0 0 0 
0 0 0 0 0 0 0 0 0 0 0 0 0 0 0 0 0 0 0 0 0 0 0 0 0 0 0 0 0 0 0 0 0 0 0 0 0 0 0 0 0 0 0 0 0 0 0 0 0 0 0 0 0 0 0 0 0 0 0 0 0 0 0 0 0 
0 0 192 0 0 0 0 0 0 0 0 0 0 0 0 0 0 0 0 0 0 0 0 0 0 0 0 0 0 0 0 0 0 0 0 0 0 0 0 0 0 0 0 0 0 0 0 0 0 0 0 0 0 0 0 0 0 0 0 0 0 0 0 0 0 
0 0 1824 0 0 0 0 0 0 0 0 0 0 0 0 0 0 0 0 0 0 0 0 0 0 0 0 0 0 0 0 0 0 0 0 0 0 0 0 0 0 0 0 0 0 0 0 0 0 0 0 0 0 0 0 0 0 0 0 0 0 0 0 0 0 
0 0 0 961.997 0 0 0 0 0 0 0 0 0 0 0 0 0 0 0 0 0 0 0 0 0 0 0 0 0 0 0 0 0 0 0 0 0 0 0 0 0 0 0 0 0 0 0 0 0 0 0 0 0 0 0 0 0 0 0 0 0 0 0 0 0 
0 0 0 9980.01 240.499 0 0 0 0 0 0 0 0 0 0 0 0 0 0 0 0 0 0 0 0 0 0 0 0 0 0 0 0 0 0 0 0 0 0 0 0 0 0 0 0 0 0 0 0 0 0 0 0 0 0 0 0 0 0 0 0 0 0 0 0 
0 0 0 30722 5129.3 0 0 0 0 0 0 0 0 0 0 0 0 0 0 0 0 0 0 0 0 0 0 0 0 0 0 0 0 0 0 0 0 0 0 0 0 0 0 0 0 0 0 0 0 0 0 0 0 0 0 0 0 0 0 0 0 0 0 0 0 
0 0 0 0 59153.6 3853.62 0 0 0 0 0 0 0 0 0 0 0 0 0 0 0 0 0 0 0 0 0 0 0 0 0 0 0 0 0 0 0 0 0 0 0 0 0 0 0 0 0 0 0 0 0 0 0 0 0 0 0 0 0 0 0 0 0 0 0 
0 0 0 0 228415 38355.4 1928.21 0 0 0 0 0 0 0 0 0 0 0 0 0 0 0 0 0 0 0 0 0 0 0 0 0 0 0 0 0 0 0 0 0 0 0 0 0 0 0 0 0 0 0 0 0 0 0 0 0 0 0 0 0 0 0 0 0 0 
0 0 0 0 342438 342169 36809.7 1268.11 158.513 0 0 0 0 0 0 0 0 0 0 0 0 0 0 0 0 0 0 0 0 0 0 0 0 0 0 0 0 0 0 0 0 0 0 0 0 0 0 0 0 0 0 0 0 0 0 0 0 0 0 0 0 0 0 0 0 
0 0 0 0 0 1.50503e+06 336632 37353.9 0 0 0 0 0 0 0 0 0 0 0 0 0 0 0 0 0 0 0 0 0 0 0 0 0 0 0 0 0 0 0 0 0 0 0 0 0 0 0 0 0 0 0 0 0 0 0 0 0 0 0 0 0 0 0 0 0 
0 0 0 0 0 3.05218e+06 2.12288e+06 364857 45907.2 3874.41 0 0 0 0 0 0 0 0 0 0 0 0 0 0 0 0 0 0 0 0 0 0 0 0 0 0 0 0 0 0 0 0 0 0 0 0 0 0 0 0 0 0 0 0 0 0 0 0 0 0 0 0 0 0 0 
0 0 0 0 0 2.68292e+06 9.0691e+06 2.72027e+06 457206 41957.3 5760.4 0 0 0 0 0 0 0 0 0 0 0 0 0 0 0 0 0 0 0 0 0 0 0 0 0 0 0 0 0 0 0 0 0 0 0 0 0 0 0 0 0 0 0 0 0 0 0 0 0 0 0 0 0 0 
0 0 0 0 0 0 2.14198e+07 1.41278e+07 3.60065e+06 700550 81025.7 11333.3 1403.01 0 0 0 62.4553 0 0 0 0 0 0 0 0 0 0 0 0 0 0 0 12.1982 0 0 0 0 0 0 0 0 0 0 0 0 0 0 0 0 0 0 0 0 0 0 0 0 0 0 0 0 0 0 0 0 
0 0 0 0 0 0 2.66503e+07 5.33476e+07 2.08868e+07 5.30657e+06 1.09271e+06 157240 15804.2 5750.15 1996.95 999.285 0 0 0 0 0 0 0 0 0 0 0 0 0 0 0 0 0 0 0 0 0 0 0 0 0 0 0 0 0 0 0 0 0 0 0 0 0 0 0 0 0 0 0 0 0 0 0 0 0 
0 0 0 0 0 0 1.53369e+07 1.30607e+08 9.37106e+07 3.19287e+07 8.54168e+06 1.96608e+06 396612 50673.2 5497.69 0 0 1959.2 0 0 0 0 0 0 0 0 0 0 0 0 0 390.342 0 0 0 0 0 0 0 0 0 0 0 0 0 0 0 0 0 0 0 0 0 0 0 0 0 0 0 0 0 0 0 0 0 
0 0 0 0 0 0 0 1.92962e+08 3.11361e+08 1.55432e+08 5.33994e+07 1.55557e+07 3.76449e+06 886656 213742 54856.3 29710 944.298 3767.64 0 0 0 0 0 0 0 0 0 0 0 981.178 0 0 0 0 0 0 0 0 0 0 0 0 0 0 0 0 0 0 0 0 0 0 0 0 0 0 0 0 0 0 0 0 0 0 
0 0 0 0 0 0 0 1.61473e+08 7.39961e+08 5.98983e+08 2.63166e+08 9.32852e+07 3.03308e+07 8.50802e+06 2.13986e+06 614584 132064 53669.9 27755.2 11564 2829.81 0 0 0 506.461 0 0 0 970.044 3856.33 5069.12 0 11719 0 0 0 0 0 0 0 0 0 0 0 0 0 0 0 0 0 0 0 0 0 0 0 0 0 0 0 0 0 0 0 0 
0 0 0 0 0 0 0 6.55752e+07 1.16617e+09 1.79115e+09 1.09425e+09 4.75521e+08 1.80475e+08 6.30256e+07 2.03171e+07 6.11928e+06 2.03717e+06 809165 246860 132413 29129 23398 11671.5 8065.76 0 3799.93 5648.63 11668.6 15407 21722.7 0 28835 410.407 0 0 0 0 0 0 0 0 0 0 0 0 0 0 0 0 0 0 0 0 0 0 0 0 0 0 0 0 0 0 0 0 
0 0 0 0 0 0 0 0 1.16991e+09 3.96618e+09 3.69186e+09 2.0238e+09 9.07825e+08 3.68196e+08 1.40799e+08 5.15764e+07 1.84004e+07 6.3223e+06 2.78396e+06 1.14078e+06 731334 264529 127883 79877.3 92215.7 84828.3 77960.8 74887.2 94592.2 63366.2 112545 148534 67176.4 0 0 0 0 0 0 0 0 0 0 0 0 0 0 0 0 0 0 0 0 0 0 0 0 0 0 0 0 0 0 0 0 
0 0 0 0 0 0 0 0 7.06273e+08 6.28728e+09 9.82709e+09 7.23588e+09 3.88368e+09 1.83275e+09 8.1878e+08 3.3696e+08 1.36697e+08 5.49944e+07 2.28181e+07 1.03059e+07 4.77429e+06 2.86905e+06 1.77455e+06 1.07553e+06 721689 470745 537729 530129 498394 437063 683664 264723 713597 0 0 0 0 0 0 0 0 0 0 0 0 0 0 0 0 0 0 0 0 0 0 0 0 0 0 0 0 0 0 0 0 
0 0 0 0 0 0 0 0 2.13787e+08 6.86563e+09 2.02594e+10 2.14907e+10 1.43171e+10 7.79011e+09 3.84954e+09 1.8361e+09 8.45489e+08 3.87729e+08 1.71702e+08 8.02204e+07 4.00175e+07 2.18958e+07 1.21336e+07 7.7171e+06 5.08655e+06 4.64047e+06 3.54788e+06 3.19822e+06 2.61829e+06 3.42179e+06 2.30486e+06 2.92271e+06 2.93314e+06 0 0 0 0 0 0 0 0 0 0 0 0 0 0 0 0 0 0 0 0 0 0 0 0 0 0 0 0 0 0 0 0 
0 0 0 0 0 0 0 0 0 5.01764e+09 3.11108e+10 5.13449e+10 4.46481e+10 2.87712e+10 1.62721e+10 8.6489e+09 4.42545e+09 2.21719e+09 1.10719e+09 5.59581e+08 2.87825e+08 1.56842e+08 9.31437e+07 5.86291e+07 4.06978e+07 2.78037e+07 2.19027e+07 1.77822e+07 1.79084e+07 1.49016e+07 1.37952e+07 1.51949e+07 1.21934e+07 0 0 0 0 0 0 0 0 0 0 0 0 0 0 0 0 0 0 0 0 0 0 0 0 0 0 0 0 0 0 0 0 
0 0 0 0 0 0 0 0 0 2.28076e+09 3.49653e+10 9.72858e+10 1.1727e+11 9.23944e+10 5.99172e+10 3.54504e+10 1.99207e+10 1.09411e+10 6.00594e+09 3.23444e+09 1.80847e+09 1.01086e+09 6.03814e+08 3.80761e+08 2.5057e+08 1.81904e+08 1.40423e+08 1.16497e+08 9.58858e+07 7.99145e+07 8.16631e+07 7.32876e+07 7.77993e+07 0 0 0 0 0 0 0 0 0 0 0 0 0 0 0 0 0 0 0 0 0 0 0 0 0 0 0 0 0 0 0 0 
0 0 0 0 0 0 0 0 0 5.39551e+08 2.79978e+10 1.42824e+11 2.52008e+11 2.55714e+11 1.93833e+11 1.28691e+11 7.9419e+10 4.74092e+10 2.81252e+10 1.6459e+10 9.70885e+09 5.91074e+09 3.60698e+09 2.36176e+09 1.59722e+09 1.12706e+09 8.47532e+08 6.77114e+08 5.42401e+08 4.9243e+08 4.30995e+08 4.06074e+08 4.0942e+08 0 0 0 0 0 0 0 0 0 0 0 0 0 0 0 0 0 0 0 0 0 0 0 0 0 0 0 0 0 0 0 0 
0 0 0 0 0 0 0 0 0 0 1.55649e+10 1.58902e+11 4.38081e+11 5.9507e+11 5.48217e+11 4.14937e+11 2.81998e+11 1.84312e+11 1.15986e+11 7.29718e+10 4.66393e+10 2.96905e+10 1.95387e+10 1.30707e+10 9.11261e+09 6.5786e+09 4.92386e+09 3.85562e+09 3.19809e+09 2.73601e+09 2.45942e+09 2.34369e+09 2.2697e+09 0 0 0 0 0 0 0 0 0 0 0 0 0 0 0 0 0 0 0 0 0 0 0 0 0 0 0 0 0 0 0 0 
0 0 0 0 0 0 0 0 0 0 5.5664e+09 1.32576e+11 6.03942e+11 1.15084e+12 1.34003e+12 1.17915e+12 9.0571e+11 6.35938e+11 4.34018e+11 2.92414e+11 1.97466e+11 1.32515e+11 9.05873e+10 6.3651e+10 4.54315e+10 3.43423e+10 2.67765e+10 2.07981e+10 1.73323e+10 1.51164e+10 1.37388e+10 1.27003e+10 1.22818e+10 0 0 0 0 0 0 0 0 0 0 0 0 0 0 0 0 0 0 0 0 0 0 0 0 0 0 0 0 0 0 0 0 
0 0 0 0 0 0 0 0 0 0 1.06909e+09 8.14223e+10 6.54024e+11 1.82474e+12 2.7707e+12 2.95033e+12 2.55642e+12 1.99772e+12 1.46769e+12 1.0517e+12 7.48886e+11 5.34044e+11 3.82268e+11 2.801e+11 2.09578e+11 1.59456e+11 1.25546e+11 1.00685e+11 8.55835e+10 7.52548e+10 6.78839e+10 6.45038e+10 6.34637e+10 0 0 0 0 0 0 0 0 0 0 0 0 0 0 0 0 0 0 0 0 0 0 0 0 0 0 0 0 0 0 0 0 
0 0 0 0 0 0 0 0 0 0 0 3.58362e+10 5.49077e+11 2.3545e+12 4.83185e+12 6.36276e+12 6.46497e+12 5.63576e+12 4.50647e+12 3.44124e+12 2.58027e+12 1.94476e+12 1.4586e+12 1.10706e+12 8.58464e+11 6.72985e+11 5.43127e+11 4.49245e+11 3.88043e+11 3.45802e+11 3.12878e+11 2.97347e+11 2.91088e+11 0 0 0 0 0 0 0 0 0 0 0 0 0 0 0 0 0 0 0 0 0 0 0 0 0 0 0 0 0 0 0 0 
0 0 0 0 0 0 0 0 0 0 0 1.03585e+10 3.52886e+11 2.43659e+12 6.99794e+12 1.18182e+13 1.42774e+13 1.41533e+13 1.24752e+13 1.02578e+13 8.205e+12 6.43741e+12 5.03768e+12 3.9622e+12 3.17138e+12 2.56376e+12 2.1456e+12 1.81674e+12 1.58673e+12 1.42231e+12 1.30406e+12 1.24516e+12 1.22069e+12 0 0 0 0 0 0 0 0 0 0 0 0 0 0 0 0 0 0 0 0 0 0 0 0 0 0 0 0 0 0 0 0 
0 0 0 0 0 0 0 0 0 0 0 1.7084e+09 1.73701e+11 2.01219e+12 8.37858e+12 1.84665e+13 2.73167e+13 3.14674e+13 3.09679e+13 2.77759e+13 2.36254e+13 1.95468e+13 1.59499e+13 1.31009e+13 1.07533e+13 9.00779e+12 7.68147e+12 6.63235e+12 5.89007e+12 5.31425e+12 5.00185e+12 4.76687e+12 4.67278e+12 0 0 0 0 0 0 0 0 0 0 0 0 0 0 0 0 0 0 0 0 0 0 0 0 0 0 0 0 0 0 0 0 
0 0 0 0 0 0 0 0 0 0 0 0 6.20324e+10 1.31704e+12 8.20975e+12 2.43984e+13 4.515e+13 6.13817e+13 6.879e+13 6.79161e+13 6.21161e+13 5.44728e+13 4.67873e+13 3.99342e+13 3.39206e+13 2.91535e+13 2.53052e+13 2.24516e+13 2.01413e+13 1.87002e+13 1.74544e+13 1.68593e+13 1.66608e+13 0 0 0 0 0 0 0 0 0 0 0 0 0 0 0 0 0 0 0 0 0 0 0 0 0 0 0 0 0 0 0 0 
0 0 0 0 0 0 0 0 0 0 0 0 1.49767e+10 6.82336e+11 6.56194e+12 2.69961e+13 6.38394e+13 1.04569e+14 1.34877e+14 1.48973e+14 1.48251e+14 1.39204e+14 1.26154e+14 1.12028e+14 9.89126e+13 8.74071e+13 7.75599e+13 6.99125e+13 6.39459e+13 5.9639e+13 5.64747e+13 5.46917e+13 5.40428e+13 0 0 0 0 0 0 0 0 0 0 0 0 0 0 0 0 0 0 0 0 0 0 0 0 0 0 0 0 0 0 0 0 
0 0 0 0 0 0 0 0 0 0 0 0 2.24366e+09 2.74218e+11 4.27871e+12 2.48301e+13 7.66127e+13 1.54355e+14 2.33083e+14 2.91448e+14 3.20259e+14 3.23419e+14 3.09981e+14 2.8903e+14 2.66007e+14 2.41499e+14 2.20623e+14 2.02637e+14 1.89209e+14 1.78766e+14 1.70687e+14 1.65367e+14 1.64369e+14 0 0 0 0 0 0 0 0 0 0 0 0 0 0 0 0 0 0 0 0 0 0 0 0 0 0 0 0 0 0 0 0 
0 0 0 0 0 0 0 0 0 0 0 0 0 8.26813e+10 2.26096e+12 1.90704e+13 7.79123e+13 1.96338e+14 3.53569e+14 5.04333e+14 6.18082e+14 6.7919e+14 7.00012e+14 6.89474e+14 6.57891e+14 6.22098e+14 5.82786e+14 5.49261e+14 5.19632e+14 4.94304e+14 4.80916e+14 4.70098e+14 4.62594e+14 0 0 0 0 0 0 0 0 0 0 0 0 0 0 0 0 0 0 0 0 0 0 0 0 0 0 0 0 0 0 0 0 
0 0 0 0 0 0 0 0 0 0 0 0 0 1.71888e+10 9.68295e+11 1.21601e+13 6.7248e+13 2.1414e+14 4.65094e+14 7.71751e+14 1.06509e+15 1.29135e+15 1.42604e+15 1.48131e+15 1.49225e+15 1.46711e+15 1.4228e+15 1.36857e+15 1.32413e+15 1.28294e+15 1.24721e+15 1.22836e+15 1.22607e+15 0 0 0 0 0 0 0 0 0 0 0 0 0 0 0 0 0 0 0 0 0 0 0 0 0 0 0 0 0 0 0 0 
0 0 0 0 0 0 0 0 0 0 0 0 0 2.5221e+09 3.29182e+11 6.43145e+12 4.90296e+13 2.00353e+14 5.31434e+14 1.03955e+15 1.62238e+15 2.18609e+15 2.63111e+15 2.94514e+15 3.10927e+15 3.17886e+15 3.20247e+15 3.17514e+15 3.11751e+15 3.07644e+15 3.02148e+15 2.99612e+15 2.99523e+15 0 0 0 0 0 0 0 0 0 0 0 0 0 0 0 0 0 0 0 0 0 0 0 0 0 0 0 0 0 0 0 0 
0 0 0 0 0 0 0 0 0 0 0 0 0 0 8.61141e+10 2.83938e+12 3.01746e+13 1.60898e+14 5.27727e+14 1.21937e+15 2.20553e+15 3.30122e+15 4.35716e+15 5.23982e+15 5.90037e+15 6.35403e+15 6.6099e+15 6.74693e+15 6.79e+15 6.78274e+15 6.78733e+15 6.79154e+15 6.78371e+15 0 0 0 0 0 0 0 0 0 0 0 0 0 0 0 0 0 0 0 0 0 0 0 0 0 0 0 0 0 0 0 0 
0 0 0 0 0 0 0 0 0 0 0 0 0 0 1.60644e+10 1.03277e+12 1.5812e+13 1.10931e+14 4.53129e+14 1.25917e+15 2.62211e+15 4.44537e+15 6.47621e+15 8.43681e+15 1.01514e+16 1.15035e+16 1.24803e+16 1.31397e+16 1.36831e+16 1.39391e+16 1.41086e+16 1.42052e+16 1.41905e+16 0 0 0 0 0 0 0 0 0 0 0 0 0 0 0 0 0 0 0 0 0 0 0 0 0 0 0 0 0 0 0 0 
0 0 0 0 0 0 0 0 0 0 0 0 0 0 2.50944e+09 3.05878e+11 7.0484e+12 6.5534e+13 3.37837e+14 1.1308e+15 2.75951e+15 5.32403e+15 8.62245e+15 1.22187e+16 1.57227e+16 1.88684e+16 2.15258e+16 2.36362e+16 2.50516e+16 2.62141e+16 2.68976e+16 2.72529e+16 2.74019e+16 0 0 0 0 0 0 0 0 0 0 0 0 0 0 0 0 0 0 0 0 0 0 0 0 0 0 0 0 0 0 0 0 
0 0 0 0 0 0 0 0 0 0 0 0 0 0 0 7.24759e+10 2.65308e+12 3.35377e+13 2.19231e+14 8.90986e+14 2.5545e+15 5.64054e+15 1.01829e+16 1.58793e+16 2.21069e+16 2.82156e+16 3.38075e+16 3.84344e+16 4.22635e+16 4.49929e+16 4.70448e+16 4.8162e+16 4.86389e+16 0 0 0 0 0 0 0 0 0 0 0 0 0 0 0 0 0 0 0 0 0 0 0 0 0 0 0 0 0 0 0 0 
0 0 0 0 0 0 0 0 0 0 0 0 0 0 0 1.26545e+10 8.49911e+11 1.48366e+13 1.23595e+14 6.15849e+14 2.09127e+15 5.29461e+15 1.07575e+16 1.84797e+16 2.78433e+16 3.79603e+16 4.77677e+16 5.69816e+16 6.48186e+16 7.09504e+16 7.52308e+16 7.80173e+16 7.87742e+16 0 0 0 0 0 0 0 0 0 0 0 0 0 0 0 0 0 0 0 0 0 0 0 0 0 0 0 0 0 0 0 0 
0 0 0 0 0 0 0 0 0 0 0 0 0 0 0 2.29699e+09 2.26964e+11 5.72484e+12 6.11455e+13 3.74427e+14 1.5084e+15 4.41427e+15 1.01372e+16 1.91894e+16 3.15524e+16 4.61934e+16 6.17882e+16 7.67484e+16 9.02151e+16 1.01919e+17 1.0991e+17 1.1474e+17 1.16456e+17 0 0 0 0 0 0 0 0 0 0 0 0 0 0 0 0 0 0 0 0 0 0 0 0 0 0 0 0 0 0 0 0 
0 0 0 0 0 0 0 0 0 0 0 0 0 0 0 0 5.12084e+10 1.90217e+12 2.67635e+13 2.01318e+14 9.63471e+14 3.27288e+15 8.50499e+15 1.79628e+16 3.20464e+16 5.04033e+16 7.16449e+16 9.36011e+16 1.14527e+17 1.31923e+17 1.4593e+17 1.54184e+17 1.57476e+17 0 0 0 0 0 0 0 0 0 0 0 0 0 0 0 0 0 0 0 0 0 0 0 0 0 0 0 0 0 0 0 0 
0 0 0 0 0 0 0 0 0 0 0 0 0 0 0 0 8.77838e+09 5.53524e+11 1.03594e+13 9.60936e+13 5.48308e+14 2.16839e+15 6.39486e+15 1.50107e+16 2.94222e+16 4.9832e+16 7.52812e+16 1.03738e+17 1.31313e+17 1.56367e+17 1.76542e+17 1.8925e+17 1.93135e+17 0 0 0 0 0 0 0 0 0 0 0 0 0 0 0 0 0 0 0 0 0 0 0 0 0 0 0 0 0 0 0 0 
0 0 0 0 0 0 0 0 0 0 0 0 0 0 0 0 1.96972e+09 1.41621e+11 3.56857e+12 4.1051e+13 2.80741e+14 1.28418e+15 4.30242e+15 1.1296e+16 2.42671e+16 4.44596e+16 7.14975e+16 1.03342e+17 1.3731e+17 1.6861e+17 1.93656e+17 2.10433e+17 2.16305e+17 0 0 0 0 0 0 0 0 0 0 0 0 0 0 0 0 0 0 0 0 0 0 0 0 0 0 0 0 0 0 0 0 
0 0 0 0 0 0 0 0 0 0 0 0 0 0 0 0 0 3.16517e+10 1.08476e+12 1.59053e+13 1.29024e+14 6.85945e+14 2.61685e+15 7.64759e+15 1.80167e+16 3.57349e+16 6.1519e+16 9.40461e+16 1.29947e+17 1.64794e+17 1.93853e+17 2.13775e+17 2.20071e+17 0 0 0 0 0 0 0 0 0 0 0 0 0 0 0 0 0 0 0 0 0 0 0 0 0 0 0 0 0 0 0 0 
0 0 0 0 0 0 0 0 0 0 0 0 0 0 0 0 0 5.43559e+09 2.99546e+11 5.53964e+12 5.39691e+13 3.31723e+14 1.44434e+15 4.7029e+15 1.21942e+16 2.6238e+16 4.79851e+16 7.73124e+16 1.11664e+17 1.4687e+17 1.76817e+17 1.9639e+17 2.04028e+17 0 0 0 0 0 0 0 0 0 0 0 0 0 0 0 0 0 0 0 0 0 0 0 0 0 0 0 0 0 0 0 0 
0 0 0 0 0 0 0 0 0 0 0 0 0 0 0 0 0 1.59071e+09 7.69388e+10 1.7767e+12 2.06056e+13 1.47622e+14 7.21906e+14 2.62023e+15 7.52852e+15 1.73908e+16 3.43144e+16 5.82708e+16 8.78834e+16 1.19084e+17 1.4694e+17 1.66136e+17 1.72991e+17 0 0 0 0 0 0 0 0 0 0 0 0 0 0 0 0 0 0 0 0 0 0 0 0 0 0 0 0 0 0 0 0 
0 0 0 0 0 0 0 0 0 0 0 0 0 0 0 0 0 0 1.78272e+10 5.14589e+11 7.26797e+12 6.00031e+13 3.33289e+14 1.35222e+15 4.19543e+15 1.06228e+16 2.21749e+16 3.99848e+16 6.2877e+16 8.80962e+16 1.11307e+17 1.27969e+17 1.33587e+17 0 0 0 0 0 0 0 0 0 0 0 0 0 0 0 0 0 0 0 0 0 0 0 0 0 0 0 0 0 0 0 0 
0 0 0 0 0 0 0 0 0 0 0 0 0 0 0 0 0 0 3.10194e+09 1.40275e+11 2.38283e+12 2.28103e+13 1.42519e+14 6.40481e+14 2.18098e+15 5.93183e+15 1.33078e+16 2.52863e+16 4.15893e+16 6.01593e+16 7.77374e+16 9.03181e+16 9.5056e+16 0 0 0 0 0 0 0 0 0 0 0 0 0 0 0 0 0 0 0 0 0 0 0 0 0 0 0 0 0 0 0 0 
0 0 0 0 0 0 0 0 0 0 0 0 0 0 0 0 0 0 1.17982e+09 3.83259e+10 7.39015e+11 8.07441e+12 5.69045e+13 2.81024e+14 1.04901e+15 3.06197e+15 7.33658e+15 1.46659e+16 2.52375e+16 3.77272e+16 5.00231e+16 5.89092e+16 6.22686e+16 0 0 0 0 0 0 0 0 0 0 0 0 0 0 0 0 0 0 0 0 0 0 0 0 0 0 0 0 0 0 0 0 
0 0 0 0 0 0 0 0 0 0 0 0 0 0 0 0 0 0 0 9.32521e+09 2.14882e+11 2.7158e+12 2.13513e+13 1.1629e+14 4.69812e+14 1.47748e+15 3.74331e+15 7.91572e+15 1.41649e+16 2.20734e+16 2.97383e+16 3.5532e+16 3.76961e+16 0 0 0 0 0 0 0 0 0 0 0 0 0 0 0 0 0 0 0 0 0 0 0 0 0 0 0 0 0 0 0 0 
0 0 0 0 0 0 0 0 0 0 0 0 0 0 0 0 0 0 0 1.58774e+09 6.05748e+10 8.70382e+11 7.60649e+12 4.56228e+13 1.99007e+14 6.71077e+14 1.81383e+15 4.00025e+15 7.4667e+15 1.18951e+16 1.64974e+16 1.99899e+16 2.11902e+16 0 0 0 0 0 0 0 0 0 0 0 0 0 0 0 0 0 0 0 0 0 0 0 0 0 0 0 0 0 0 0 0 
0 0 0 0 0 0 0 0 0 0 0 0 0 0 0 0 0 0 0 8.00335e+08 1.78177e+10 2.72564e+11 2.6178e+12 1.70528e+13 8.0169e+13 2.8821e+14 8.20969e+14 1.90047e+15 3.67463e+15 6.05261e+15 8.59102e+15 1.04668e+16 1.12859e+16 0 0 0 0 0 0 0 0 0 0 0 0 0 0 0 0 0 0 0 0 0 0 0 0 0 0 0 0 0 0 0 0 
0 0 0 0 0 0 0 0 0 0 0 0 0 0 0 0 0 0 0 0 4.49923e+09 8.17539e+10 8.74926e+11 6.10568e+12 3.09671e+13 1.17813e+14 3.5344e+14 8.60722e+14 1.72026e+15 2.90895e+15 4.19774e+15 5.22947e+15 5.59968e+15 0 0 0 0 0 0 0 0 0 0 0 0 0 0 0 0 0 0 0 0 0 0 0 0 0 0 0 0 0 0 0 0 
0 0 0 0 0 0 0 0 0 0 0 0 0 0 0 0 0 0 0 0 7.17949e+08 2.44526e+10 2.86279e+11 2.15532e+12 1.16045e+13 4.64133e+13 1.47127e+14 3.70724e+14 7.69593e+14 1.32967e+15 1.95489e+15 2.4566e+15 2.65632e+15 0 0 0 0 0 0 0 0 0 0 0 0 0 0 0 0 0 0 0 0 0 0 0 0 0 0 0 0 0 0 0 0 
0 0 0 0 0 0 0 0 0 0 0 0 0 0 0 0 0 0 0 0 4.91528e+08 7.73766e+09 9.21687e+10 7.41711e+11 4.22947e+12 1.7938e+13 5.89474e+13 1.54434e+14 3.30571e+14 5.87463e+14 8.7252e+14 1.11091e+15 1.1993e+15 0 0 0 0 0 0 0 0 0 0 0 0 0 0 0 0 0 0 0 0 0 0 0 0 0 0 0 0 0 0 0 0 
0 0 0 0 0 0 0 0 0 0 0 0 0 0 0 0 0 0 0 0 0 1.94446e+09 2.8626e+10 2.56498e+11 1.52354e+12 6.74128e+12 2.29987e+13 6.22747e+13 1.36845e+14 2.49883e+14 3.8111e+14 4.83871e+14 5.25286e+14 0 0 0 0 0 0 0 0 0 0 0 0 0 0 0 0 0 0 0 0 0 0 0 0 0 0 0 0 0 0 0 0 
0 0 0 0 0 0 0 0 0 0 0 0 0 0 0 0 0 0 0 0 0 2.81301e+08 9.17996e+09 8.73709e+10 5.44611e+11 2.50904e+12 8.8023e+12 2.47507e+13 5.58104e+13 1.03547e+14 1.59029e+14 2.04796e+14 2.24456e+14 0 0 0 0 0 0 0 0 0 0 0 0 0 0 0 0 0 0 0 0 0 0 0 0 0 0 0 0 0 0 0 0 
0 0 0 0 0 0 0 0 0 0 0 0 0 0 0 0 0 0 0 0 0 2.6963e+08 3.05852e+09 2.86057e+10 1.91935e+11 9.31463e+11 3.38817e+12 9.63436e+12 2.22649e+13 4.20443e+13 6.52755e+13 8.55277e+13 9.2868e+13 0 0 0 0 0 0 0 0 0 0 0 0 0 0 0 0 0 0 0 0 0 0 0 0 0 0 0 0 0 0 0 0 
0 0 0 0 0 0 0 0 0 0 0 0 0 0 0 0 0 0 0 0 0 0 7.3956e+08 9.07065e+09 6.86286e+10 3.43127e+11 1.28329e+12 3.77519e+12 8.82743e+12 1.69032e+13 2.6757e+13 3.49586e+13 3.81658e+13 0 0 0 0 0 0 0 0 0 0 0 0 0 0 0 0 0 0 0 0 0 0 0 0 0 0 0 0 0 0 0 0 
0 0 0 0 0 0 0 0 0 0 0 0 0 0 0 0 0 0 0 0 0 0 9.37702e+07 3.15704e+09 2.43658e+10 1.2489e+11 4.9046e+11 1.47102e+12 3.48581e+12 6.80724e+12 1.07854e+13 1.41688e+13 1.56453e+13 0 0 0 0 0 0 0 0 0 0 0 0 0 0 0 0 0 0 0 0 0 0 0 0 0 0 0 0 0 0 0 0 
0 0 0 0 0 0 0 0 0 0 0 0 0 0 0 0 0 0 0 0 0 0 1.31512e+08 1.08892e+09 7.89946e+09 4.53114e+10 1.86303e+11 5.69555e+11 1.38254e+12 2.71842e+12 4.36965e+12 5.75707e+12 6.3302e+12 0 0 0 0 0 0 0 0 0 0 0 0 0 0 0 0 0 0 0 0 0 0 0 0 0 0 0 0 0 0 0 0 
0 0 0 0 0 0 0 0 0 0 0 0 0 0 0 0 0 0 0 0 0 0 0 2.40117e+08 2.57644e+09 1.69772e+10 6.98589e+10 2.20602e+11 5.49337e+11 1.08936e+12 1.76385e+12 2.3643e+12 2.59896e+12 0 0 0 0 0 0 0 0 0 0 0 0 0 0 0 0 0 0 0 0 0 0 0 0 0 0 0 0 0 0 0 0 
0 0 0 0 0 0 0 0 0 0 0 0 0 0 0 0 0 0 0 0 0 0 0 2.59634e+07 1.00076e+09 6.07662e+09 2.53819e+10 8.64409e+10 2.18424e+11 4.33496e+11 7.17741e+11 9.52803e+11 1.05485e+12 0 0 0 0 0 0 0 0 0 0 0 0 0 0 0 0 0 0 0 0 0 0 0 0 0 0 0 0 0 0 0 0 
0 0 0 0 0 0 0 0 0 0 0 0 0 0 0 0 0 0 0 0 0 0 0 5.61942e+07 3.3832e+08 1.88292e+09 9.64187e+09 3.35948e+10 8.49229e+10 1.76275e+11 2.90429e+11 3.91097e+11 4.30182e+11 0 0 0 0 0 0 0 0 0 0 0 0 0 0 0 0 0 0 0 0 0 0 0 0 0 0 0 0 0 0 0 0 
0 0 0 0 0 0 0 0 0 0 0 0 0 0 0 0 0 0 0 0 0 0 0 0 6.52461e+07 6.59655e+08 3.79782e+09 1.2326e+10 3.35765e+10 7.12814e+10 1.15768e+11 1.59976e+11 1.74247e+11 0 0 0 0 0 0 0 0 0 0 0 0 0 0 0 0 0 0 0 0 0 0 0 0 0 0 0 0 0 0 0 0 
0 0 0 0 0 0 0 0 0 0 0 0 0 0 0 0 0 0 0 0 0 0 0 0 5.78532e+06 2.83222e+08 1.2872e+09 4.51736e+09 1.35294e+10 2.7663e+10 4.73376e+10 6.37439e+10 7.14559e+10 0 0 0 0 0 0 0 0 0 0 0 0 0 0 0 0 0 0 0 0 0 0 0 0 0 0 0 0 0 0 0 0 
0 0 0 0 0 0 0 0 0 0 0 0 0 0 0 0 0 0 0 0 0 0 0 0 2.08736e+07 8.98002e+07 3.7901e+08 1.84984e+09 5.15142e+09 1.08181e+10 1.93934e+10 2.56497e+10 2.9657e+10 0 0 0 0 0 0 0 0 0 0 0 0 0 0 0 0 0 0 0 0 0 0 0 0 0 0 0 0 0 0 0 0 
0 0 0 0 0 0 0 0 0 0 0 0 0 0 0 0 0 0 0 0 0 0 0 0 0 1.4407e+07 1.53311e+08 7.30477e+08 1.81241e+09 4.50038e+09 7.58611e+09 1.0542e+10 1.17675e+10 0 0 0 0 0 0 0 0 0 0 0 0 0 0 0 0 0 0 0 0 0 0 0 0 0 0 0 0 0 0 0 0 
0 0 0 0 0 0 0 0 0 0 0 0 0 0 0 0 0 0 0 0 0 0 0 0 0 993364 7.06772e+07 2.2035e+08 7.01444e+08 1.81031e+09 2.88871e+09 4.41293e+09 4.55787e+09 0 0 0 0 0 0 0 0 0 0 0 0 0 0 0 0 0 0 0 0 0 0 0 0 0 0 0 0 0 0 0 0 
0 0 0 0 0 0 0 0 0 0 0 0 0 0 0 0 0 0 0 0 0 0 0 0 0 6.64824e+06 1.94908e+07 6.38073e+07 3.15274e+08 6.2481e+08 1.1936e+09 1.70709e+09 1.86283e+09 0 0 0 0 0 0 0 0 0 0 0 0 0 0 0 0 0 0 0 0 0 0 0 0 0 0 0 0 0 0 0 0 
0 0 0 0 0 0 0 0 0 0 0 0 0 0 0 0 0 0 0 0 0 0 0 0 0 0 2.47234e+06 3.30531e+07 1.14649e+08 2.18364e+08 5.17457e+08 6.16506e+08 8.0896e+08 0 0 0 0 0 0 0 0 0 0 0 0 0 0 0 0 0 0 0 0 0 0 0 0 0 0 0 0 0 0 0 0 
0 0 0 0 0 0 0 0 0 0 0 0 0 0 0 0 0 0 0 0 0 0 0 0 0 0 123799 1.48872e+07 2.84926e+07 1.00494e+08 1.85332e+08 2.48742e+08 3.11732e+08 0 0 0 0 0 0 0 0 0 0 0 0 0 0 0 0 0 0 0 0 0 0 0 0 0 0 0 0 0 0 0 0 
0 0 0 0 0 0 0 0 0 0 0 0 0 0 0 0 0 0 0 0 0 0 0 0 0 0 1.78605e+06 3.31528e+06 9.38481e+06 4.49857e+07 5.61064e+07 1.16174e+08 1.00824e+08 0 0 0 0 0 0 0 0 0 0 0 0 0 0 0 0 0 0 0 0 0 0 0 0 0 0 0 0 0 0 0 0 
0 0 0 0 0 0 0 0 0 0 0 0 0 0 0 0 0 0 0 0 0 0 0 0 0 0 0 307044 6.35232e+06 1.33462e+07 2.31226e+07 4.52175e+07 3.82179e+07 0 0 0 0 0 0 0 0 0 0 0 0 0 0 0 0 0 0 0 0 0 0 0 0 0 0 0 0 0 0 0 0 
0 0 0 0 0 0 0 0 0 0 0 0 0 0 0 0 0 0 0 0 0 0 0 0 0 0 0 9950.76 2.4896e+06 2.52695e+06 1.26611e+07 1.22292e+07 1.99568e+07 0 0 0 0 0 0 0 0 0 0 0 0 0 0 0 0 0 0 0 0 0 0 0 0 0 0 0 0 0 0 0 0 
0 0 0 0 0 0 0 0 0 0 0 0 0 0 0 0 0 0 0 0 0 0 0 0 0 0 0 396510 411705 1.31233e+06 4.80161e+06 3.75046e+06 8.65153e+06 0 0 0 0 0 0 0 0 0 0 0 0 0 0 0 0 0 0 0 0 0 0 0 0 0 0 0 0 0 0 0 0 
0 0 0 0 0 0 0 0 0 0 0 0 0 0 0 0 0 0 0 0 0 0 0 0 0 0 0 0 24579.4 1.01621e+06 991292 2.39606e+06 2.26733e+06 0 0 0 0 0 0 0 0 0 0 0 0 0 0 0 0 0 0 0 0 0 0 0 0 0 0 0 0 0 0 0 0 
0 0 0 0 0 0 0 0 0 0 0 0 0 0 0 0 0 0 0 0 0 0 0 0 0 0 0 0 392.199 307121 136106 1.23041e+06 393256 0 0 0 0 0 0 0 0 0 0 0 0 0 0 0 0 0 0 0 0 0 0 0 0 0 0 0 0 0 0 0 0 
0 0 0 0 0 0 0 0 0 0 0 0 0 0 0 0 0 0 0 0 0 0 0 0 0 0 0 0 70784.1 32930.5 179206 307779 257581 0 0 0 0 0 0 0 0 0 0 0 0 0 0 0 0 0 0 0 0 0 0 0 0 0 0 0 0 0 0 0 0 
0 0 0 0 0 0 0 0 0 0 0 0 0 0 0 0 0 0 0 0 0 0 0 0 0 0 0 0 0 944.718 123532 36973.4 210139 0 0 0 0 0 0 0 0 0 0 0 0 0 0 0 0 0 0 0 0 0 0 0 0 0 0 0 0 0 0 0 0 
0 0 0 0 0 0 0 0 0 0 0 0 0 0 0 0 0 0 0 0 0 0 0 0 0 0 0 0 0 0 24587.3 3855.89 68170.7 0 0 0 0 0 0 0 0 0 0 0 0 0 0 0 0 0 0 0 0 0 0 0 0 0 0 0 0 0 0 0 0 
0 0 0 0 0 0 0 0 0 0 0 0 0 0 0 0 0 0 0 0 0 0 0 0 0 0 0 0 0 9763.33 1267.12 20660.5 7651.27 0 0 0 0 0 0 0 0 0 0 0 0 0 0 0 0 0 0 0 0 0 0 0 0 0 0 0 0 0 0 0 0 
0 0 0 0 0 0 0 0 0 0 0 0 0 0 0 0 0 0 0 0 0 0 0 0 0 0 0 0 0 0 0 9874.47 470.179 0 0 0 0 0 0 0 0 0 0 0 0 0 0 0 0 0 0 0 0 0 0 0 0 0 0 0 0 0 0 0 0 
0 0 0 0 0 0 0 0 0 0 0 0 0 0 0 0 0 0 0 0 0 0 0 0 0 0 0 0 0 0 0 945.548 0 0 0 0 0 0 0 0 0 0 0 0 0 0 0 0 0 0 0 0 0 0 0 0 0 0 0 0 0 0 0 0 0 
0 0 0 0 0 0 0 0 0 0 0 0 0 0 0 0 0 0 0 0 0 0 0 0 0 0 0 0 0 0 976.333 0 1651.04 0 0 0 0 0 0 0 0 0 0 0 0 0 0 0 0 0 0 0 0 0 0 0 0 0 0 0 0 0 0 0 0 
0 0 0 0 0 0 0 0 0 0 0 0 0 0 0 0 0 0 0 0 0 0 0 0 0 0 0 0 0 0 0 0 379.485 0 0 0 0 0 0 0 0 0 0 0 0 0 0 0 0 0 0 0 0 0 0 0 0 0 0 0 0 0 0 0 0 
0 0 0 0 0 0 0 0 0 0 0 0 0 0 0 0 0 0 0 0 0 0 0 0 0 0 0 0 0 0 0 0 0 0 0 0 0 0 0 0 0 0 0 0 0 0 0 0 0 0 0 0 0 0 0 0 0 0 0 0 0 0 0 0 0 
0 0 0 0 0 0 0 0 0 0 0 0 0 0 0 0 0 0 0 0 0 0 0 0 0 0 0 0 0 0 0 62.9892 0 0 0 0 0 0 0 0 0 0 0 0 0 0 0 0 0 0 0 0 0 0 0 0 0 0 0 0 0 0 0 0 0 
0 0 0 0 0 0 0 0 0 0 0 0 0 0 0 0 0 0 0 0 0 0 0 0 0 0 0 0 0 0 0 0 0 0 0 0 0 0 0 0 0 0 0 0 0 0 0 0 0 0 0 0 0 0 0 0 0 0 0 0 0 0 0 0 0 
0 0 0 0 0 0 0 0 0 0 0 0 0 0 0 0 0 0 0 0 0 0 0 0 0 0 0 0 0 0 0 0 0 0 0 0 0 0 0 0 0 0 0 0 0 0 0 0 0 0 0 0 0 0 0 0 0 0 0 0 0 0 0 0 0 
0 0 0 0 0 0 0 0 0 0 0 0 0 0 0 0 0 0 0 0 0 0 0 0 0 0 0 0 0 0 0 0 1.96841 0 0 0 0 0 0 0 0 0 0 0 0 0 0 0 0 0 0 0 0 0 0 0 0 0 0 0 0 0 0 0 0 
