1 0 0 0 0 0 0 0 0 0 0 0 0 0 0 0 0 0 0 0 0 0 0 0 0 0 0 0 0 0 0 0 0 0 0 0 0 0 0 0 0 0 0 0 0 0 0 0 0 0 0 0 0 0 0 0 0 0 0 0 0 0 0 0 1 
0 0 0 0 0 0 0 0 0 0 0 0 0 0 0 0 0 0 0 0 0 0 0 0 0 0 0 0 0 0 0 0 0 0 0 0 0 0 0 0 0 0 0 0 0 0 0 0 0 0 0 0 0 0 0 0 0 0 0 0 0 0 0 0 0 
0 0 0 0 0 0 0 0 0 0 0 0 0 0 0 0 0 0 0 0 0 0 0 0 0 0 0 0 0 0 0 0 0 0 0 0 0 0 0 0 0 0 0 0 0 0 0 0 0 0 0 0 0 0 0 0 0 0 0 0 0 0 0 0 0 
0 64 0 0 0 0 0 0 0 0 0 0 0 0 0 0 0 0 0 0 0 0 0 0 0 0 0 0 0 0 0 0 0 0 0 0 0 0 0 0 0 0 0 0 0 0 0 0 0 0 0 0 0 0 0 0 0 0 0 0 0 0 0 0 0 
0 0 0 0 0 0 0 0 0 0 0 0 0 0 0 0 0 0 0 0 0 0 0 0 0 0 0 0 0 0 0 0 0 0 0 0 0 0 0 0 0 0 0 0 0 0 0 0 0 0 0 0 0 0 0 0 0 0 0 0 0 0 0 0 0 
0 0 192 0 0 0 0 0 0 0 0 0 0 0 0 0 0 0 0 0 0 0 0 0 0 0 0 0 0 0 0 0 0 0 0 0 0 0 0 0 0 0 0 0 0 0 0 0 0 0 0 0 0 0 0 0 0 0 0 0 0 0 0 0 0 
0 0 1824 0 0 0 0 0 0 0 0 0 0 0 0 0 0 0 0 0 0 0 0 0 0 0 0 0 0 0 0 0 0 0 0 0 0 0 0 0 0 0 0 0 0 0 0 0 0 0 0 0 0 0 0 0 0 0 0 0 0 0 0 0 0 
0 0 0 959.808 0 0 0 0 0 0 0 0 0 0 0 0 0 0 0 0 0 0 0 0 0 0 0 0 0 0 0 0 0 0 0 0 0 0 0 0 0 0 0 0 0 0 0 0 0 0 0 0 0 0 0 0 0 0 0 0 0 0 0 0 0 
0 0 0 9984.38 239.952 0 0 0 0 0 0 0 0 0 0 0 0 0 0 0 0 0 0 0 0 0 0 0 0 0 0 0 0 0 0 0 0 0 0 0 0 0 0 0 0 0 0 0 0 0 0 0 0 0 0 0 0 0 0 0 0 0 0 0 0 
0 0 0 30719.8 5125.36 0 0 0 0 0 0 0 0 0 0 0 0 0 0 0 0 0 0 0 0 0 0 0 0 0 0 0 0 0 0 0 0 0 0 0 0 0 0 0 0 0 0 0 0 0 0 0 0 0 0 0 0 0 0 0 0 0 0 0 0 
0 0 0 0 59238.5 3861.97 0 0 0 0 0 0 0 0 0 0 0 0 0 0 0 0 0 0 0 0 0 0 0 0 0 0 0 0 0 0 0 0 0 0 0 0 0 0 0 0 0 0 0 0 0 0 0 0 0 0 0 0 0 0 0 0 0 0 0 
0 0 0 0 228259 38727.2 1901.09 0 0 0 0 0 0 0 0 0 0 0 0 0 0 0 0 0 0 0 0 0 0 0 0 0 0 0 0 0 0 0 0 0 0 0 0 0 0 0 0 0 0 0 0 0 0 0 0 0 0 0 0 0 0 0 0 0 0 
0 0 0 0 342513 342231 37120.5 1286.56 160.821 0 0 0 0 0 0 0 0 0 0 0 0 0 0 0 0 0 0 0 0 0 0 0 0 0 0 0 0 0 0 0 0 0 0 0 0 0 0 0 0 0 0 0 0 0 0 0 0 0 0 0 0 0 0 0 0 
0 0 0 0 0 1.50541e+06 338119 37678.3 0 0 0 0 0 0 0 0 0 0 0 0 0 0 0 0 0 0 0 0 0 0 0 0 0 0 0 0 0 0 0 0 0 0 0 0 0 0 0 0 0 0 0 0 0 0 0 0 0 0 0 0 0 0 0 0 0 
0 0 0 0 0 3.0497e+06 2.1239e+06 368486 46404.2 3765.88 0 0 0 0 0 0 0 0 0 0 0 0 0 0 0 0 0 0 0 0 0 0 0 0 0 0 0 0 0 0 0 0 0 0 0 0 0 0 0 0 0 0 0 0 0 0 0 0 0 0 0 0 0 0 0 
0 0 0 0 0 2.68458e+06 9.06309e+06 2.70487e+06 456602 42867.7 5844.71 0 0 0 0 0 0 0 0 0 0 0 0 0 0 0 0 0 0 0 0 0 0 0 0 0 0 0 0 0 0 0 0 0 0 0 0 0 0 0 0 0 0 0 0 0 0 0 0 0 0 0 0 0 0 
0 0 0 0 0 0 2.14015e+07 1.41026e+07 3.57988e+06 714047 82619.7 11668.7 1489.69 0 0 0 60.2084 0 0 0 0 0 0 0 0 0 0 0 0 0 0 0 12.0723 0 0 0 0 0 0 0 0 0 0 0 0 0 0 0 0 0 0 0 0 0 0 0 0 0 0 0 0 0 0 0 0 
0 0 0 0 0 0 2.66917e+07 5.33026e+07 2.08063e+07 5.19633e+06 1.10008e+06 161673 15788.1 5783.92 1936.37 963.335 0 0 0 0 0 0 0 0 0 0 0 0 0 0 0 0 0 0 0 0 0 0 0 0 0 0 0 0 0 0 0 0 0 0 0 0 0 0 0 0 0 0 0 0 0 0 0 0 0 
0 0 0 0 0 0 1.5317e+07 1.3083e+08 9.33987e+07 3.16064e+07 8.39686e+06 1.92305e+06 397778 49108.9 5288.64 0 0 1925.72 0 0 0 0 0 0 0 0 0 0 0 0 0 386.313 0 0 0 0 0 0 0 0 0 0 0 0 0 0 0 0 0 0 0 0 0 0 0 0 0 0 0 0 0 0 0 0 0 
0 0 0 0 0 0 0 1.92692e+08 3.11636e+08 1.54641e+08 5.3021e+07 1.552e+07 3.7167e+06 866618 211723 53561.4 28886.6 1004.58 3761.41 0 0 0 0 0 0 0 0 0 0 0 955.488 0 0 0 0 0 0 0 0 0 0 0 0 0 0 0 0 0 0 0 0 0 0 0 0 0 0 0 0 0 0 0 0 0 0 
0 0 0 0 0 0 0 1.61713e+08 7.40886e+08 5.99218e+08 2.60024e+08 9.25477e+07 2.99499e+07 8.33047e+06 2.13862e+06 605684 129136 52827.8 29051.6 11701.9 2821.01 0 0 0 487.59 0 0 0 960.319 3766.31 5032.37 0 11866.4 0 0 0 0 0 0 0 0 0 0 0 0 0 0 0 0 0 0 0 0 0 0 0 0 0 0 0 0 0 0 0 0 
0 0 0 0 0 0 0 6.54636e+07 1.16486e+09 1.78735e+09 1.0917e+09 4.72102e+08 1.77285e+08 6.27011e+07 1.99578e+07 5.95728e+06 2.00278e+06 834356 241602 133471 31352.6 22213.2 11441.8 7627.79 0 3901.05 5707.82 11617.1 15110.5 21132 0 28918.6 398.904 0 0 0 0 0 0 0 0 0 0 0 0 0 0 0 0 0 0 0 0 0 0 0 0 0 0 0 0 0 0 0 0 
0 0 0 0 0 0 0 0 1.17052e+09 3.96777e+09 3.67917e+09 2.02002e+09 9.03135e+08 3.64276e+08 1.39278e+08 5.03632e+07 1.78214e+07 6.24654e+06 2.80257e+06 1.14328e+06 728086 255293 117938 79121.7 95347.6 86983 79332.8 75156.7 92250.7 61537 111314 150527 68226.2 0 0 0 0 0 0 0 0 0 0 0 0 0 0 0 0 0 0 0 0 0 0 0 0 0 0 0 0 0 0 0 0 
0 0 0 0 0 0 0 0 7.06513e+08 6.29065e+09 9.83596e+09 7.22882e+09 3.86318e+09 1.80908e+09 7.99312e+08 3.3458e+08 1.36329e+08 5.41437e+07 2.2803e+07 1.05494e+07 4.82302e+06 2.87241e+06 1.757e+06 1.06275e+06 720141 474581 528251 521718 488147 431455 694674 269510 698673 0 0 0 0 0 0 0 0 0 0 0 0 0 0 0 0 0 0 0 0 0 0 0 0 0 0 0 0 0 0 0 0 
0 0 0 0 0 0 0 0 2.13464e+08 6.87624e+09 2.02172e+10 2.14505e+10 1.42673e+10 7.73955e+09 3.85946e+09 1.83562e+09 8.34023e+08 3.81673e+08 1.68312e+08 7.74233e+07 3.9365e+07 2.2118e+07 1.19687e+07 7.74331e+06 5.1607e+06 4.59163e+06 3.48031e+06 3.07638e+06 2.54821e+06 3.38158e+06 2.35248e+06 2.94753e+06 2.94002e+06 0 0 0 0 0 0 0 0 0 0 0 0 0 0 0 0 0 0 0 0 0 0 0 0 0 0 0 0 0 0 0 0 
0 0 0 0 0 0 0 0 0 5.00478e+09 3.11677e+10 5.1266e+10 4.46608e+10 2.87792e+10 1.62287e+10 8.54772e+09 4.38781e+09 2.17488e+09 1.09274e+09 5.53646e+08 2.86154e+08 1.53536e+08 9.2708e+07 5.85595e+07 4.03818e+07 2.675e+07 2.12689e+07 1.7525e+07 1.7631e+07 1.51568e+07 1.4023e+07 1.52939e+07 1.23973e+07 0 0 0 0 0 0 0 0 0 0 0 0 0 0 0 0 0 0 0 0 0 0 0 0 0 0 0 0 0 0 0 0 
0 0 0 0 0 0 0 0 0 2.28452e+09 3.50223e+10 9.75609e+10 1.16954e+11 9.27735e+10 5.96559e+10 3.51882e+10 1.99736e+10 1.0951e+10 5.94359e+09 3.19288e+09 1.77277e+09 1.01538e+09 5.93706e+08 3.74039e+08 2.48827e+08 1.77421e+08 1.38096e+08 1.13774e+08 9.36903e+07 8.14508e+07 8.25896e+07 7.35032e+07 7.98313e+07 0 0 0 0 0 0 0 0 0 0 0 0 0 0 0 0 0 0 0 0 0 0 0 0 0 0 0 0 0 0 0 0 
0 0 0 0 0 0 0 0 0 5.37854e+08 2.79585e+10 1.42642e+11 2.52388e+11 2.54966e+11 1.93968e+11 1.28233e+11 7.86656e+10 4.72156e+10 2.7829e+10 1.64029e+10 9.9219e+09 5.78828e+09 3.63392e+09 2.34453e+09 1.575e+09 1.11358e+09 8.33717e+08 6.66677e+08 5.46193e+08 5.06455e+08 4.39397e+08 4.19979e+08 4.09649e+08 0 0 0 0 0 0 0 0 0 0 0 0 0 0 0 0 0 0 0 0 0 0 0 0 0 0 0 0 0 0 0 0 
0 0 0 0 0 0 0 0 0 0 1.55455e+10 1.58907e+11 4.38147e+11 5.94654e+11 5.49286e+11 4.11854e+11 2.82299e+11 1.8313e+11 1.17353e+11 7.41816e+10 4.64184e+10 3.0026e+10 1.94121e+10 1.28578e+10 8.9357e+09 6.50992e+09 4.87444e+09 3.87384e+09 3.26935e+09 2.76301e+09 2.48241e+09 2.34684e+09 2.32156e+09 0 0 0 0 0 0 0 0 0 0 0 0 0 0 0 0 0 0 0 0 0 0 0 0 0 0 0 0 0 0 0 0 
0 0 0 0 0 0 0 0 0 0 5.56352e+09 1.32681e+11 6.04334e+11 1.15078e+12 1.33748e+12 1.18201e+12 9.00151e+11 6.38857e+11 4.37641e+11 2.95637e+11 1.9763e+11 1.33812e+11 9.17144e+10 6.37358e+10 4.59012e+10 3.39428e+10 2.63995e+10 2.08403e+10 1.72633e+10 1.50612e+10 1.36137e+10 1.29363e+10 1.25654e+10 0 0 0 0 0 0 0 0 0 0 0 0 0 0 0 0 0 0 0 0 0 0 0 0 0 0 0 0 0 0 0 0 
0 0 0 0 0 0 0 0 0 0 1.06906e+09 8.14122e+10 6.53101e+11 1.82408e+12 2.77148e+12 2.9617e+12 2.56771e+12 2.00083e+12 1.46921e+12 1.05676e+12 7.54685e+11 5.37946e+11 3.85462e+11 2.7752e+11 2.07462e+11 1.59966e+11 1.24244e+11 1.02415e+11 8.66488e+10 7.61545e+10 6.95682e+10 6.45328e+10 6.36335e+10 0 0 0 0 0 0 0 0 0 0 0 0 0 0 0 0 0 0 0 0 0 0 0 0 0 0 0 0 0 0 0 0 
0 0 0 0 0 0 0 0 0 0 0 3.57975e+10 5.49278e+11 2.35634e+12 4.82888e+12 6.35999e+12 6.47116e+12 5.64029e+12 4.51444e+12 3.45404e+12 2.59553e+12 1.93649e+12 1.45764e+12 1.10927e+12 8.5353e+11 6.71586e+11 5.43529e+11 4.48702e+11 3.89857e+11 3.43304e+11 3.15537e+11 3.00013e+11 2.95346e+11 0 0 0 0 0 0 0 0 0 0 0 0 0 0 0 0 0 0 0 0 0 0 0 0 0 0 0 0 0 0 0 0 
0 0 0 0 0 0 0 0 0 0 0 1.03488e+10 3.54079e+11 2.43711e+12 7.00638e+12 1.17863e+13 1.42578e+13 1.41338e+13 1.24611e+13 1.02971e+13 8.20755e+12 6.48129e+12 5.05905e+12 3.98105e+12 3.16418e+12 2.57926e+12 2.11663e+12 1.81434e+12 1.57603e+12 1.41918e+12 1.31488e+12 1.23383e+12 1.23151e+12 0 0 0 0 0 0 0 0 0 0 0 0 0 0 0 0 0 0 0 0 0 0 0 0 0 0 0 0 0 0 0 0 
0 0 0 0 0 0 0 0 0 0 0 1.6987e+09 1.72652e+11 2.01105e+12 8.3626e+12 1.84696e+13 2.73162e+13 3.14708e+13 3.09859e+13 2.77665e+13 2.35963e+13 1.95532e+13 1.60548e+13 1.31769e+13 1.08134e+13 9.03994e+12 7.70585e+12 6.64947e+12 5.89459e+12 5.34706e+12 4.96543e+12 4.83502e+12 4.72512e+12 0 0 0 0 0 0 0 0 0 0 0 0 0 0 0 0 0 0 0 0 0 0 0 0 0 0 0 0 0 0 0 0 
0 0 0 0 0 0 0 0 0 0 0 0 6.21416e+10 1.31965e+12 8.21896e+12 2.44296e+13 4.51182e+13 6.13801e+13 6.86536e+13 6.77838e+13 6.20372e+13 5.42132e+13 4.67423e+13 3.98675e+13 3.40642e+13 2.92471e+13 2.53274e+13 2.24019e+13 2.01247e+13 1.85297e+13 1.75406e+13 1.69623e+13 1.65631e+13 0 0 0 0 0 0 0 0 0 0 0 0 0 0 0 0 0 0 0 0 0 0 0 0 0 0 0 0 0 0 0 0 
0 0 0 0 0 0 0 0 0 0 0 0 1.49969e+10 6.8114e+11 6.57051e+12 2.69732e+13 6.38924e+13 1.04615e+14 1.34528e+14 1.48452e+14 1.48565e+14 1.3927e+14 1.25761e+14 1.11797e+14 9.87362e+13 8.70918e+13 7.77573e+13 7.01623e+13 6.4335e+13 5.98143e+13 5.64904e+13 5.47013e+13 5.44819e+13 0 0 0 0 0 0 0 0 0 0 0 0 0 0 0 0 0 0 0 0 0 0 0 0 0 0 0 0 0 0 0 0 
0 0 0 0 0 0 0 0 0 0 0 0 2.23908e+09 2.72891e+11 4.27712e+12 2.48645e+13 7.6575e+13 1.54208e+14 2.34001e+14 2.91121e+14 3.19247e+14 3.24276e+14 3.09495e+14 2.89274e+14 2.64704e+14 2.42479e+14 2.21146e+14 2.02771e+14 1.88234e+14 1.78658e+14 1.70567e+14 1.66159e+14 1.64428e+14 0 0 0 0 0 0 0 0 0 0 0 0 0 0 0 0 0 0 0 0 0 0 0 0 0 0 0 0 0 0 0 0 
0 0 0 0 0 0 0 0 0 0 0 0 0 8.28788e+10 2.25942e+12 1.90459e+13 7.78907e+13 1.96451e+14 3.52763e+14 5.05593e+14 6.1786e+14 6.79056e+14 6.99939e+14 6.84575e+14 6.58126e+14 6.1933e+14 5.81315e+14 5.47198e+14 5.17661e+14 4.93903e+14 4.7674e+14 4.65401e+14 4.63192e+14 0 0 0 0 0 0 0 0 0 0 0 0 0 0 0 0 0 0 0 0 0 0 0 0 0 0 0 0 0 0 0 0 
0 0 0 0 0 0 0 0 0 0 0 0 0 1.7274e+10 9.66086e+11 1.21668e+13 6.73182e+13 2.13914e+14 4.65063e+14 7.72023e+14 1.06484e+15 1.28863e+15 1.43012e+15 1.48779e+15 1.49298e+15 1.46666e+15 1.41596e+15 1.36993e+15 1.32256e+15 1.27541e+15 1.24605e+15 1.22768e+15 1.22274e+15 0 0 0 0 0 0 0 0 0 0 0 0 0 0 0 0 0 0 0 0 0 0 0 0 0 0 0 0 0 0 0 0 
0 0 0 0 0 0 0 0 0 0 0 0 0 2.50708e+09 3.27732e+11 6.44323e+12 4.9015e+13 2.00717e+14 5.32548e+14 1.03849e+15 1.62775e+15 2.17966e+15 2.62108e+15 2.94338e+15 3.11024e+15 3.19222e+15 3.20048e+15 3.16713e+15 3.10793e+15 3.07247e+15 3.0188e+15 2.987e+15 2.9889e+15 0 0 0 0 0 0 0 0 0 0 0 0 0 0 0 0 0 0 0 0 0 0 0 0 0 0 0 0 0 0 0 0 
0 0 0 0 0 0 0 0 0 0 0 0 0 0 8.64579e+10 2.82548e+12 3.02119e+13 1.60789e+14 5.27165e+14 1.22139e+15 2.19837e+15 3.31128e+15 4.35813e+15 5.24563e+15 5.90209e+15 6.35952e+15 6.61932e+15 6.72936e+15 6.80167e+15 6.78391e+15 6.801e+15 6.78404e+15 6.75863e+15 0 0 0 0 0 0 0 0 0 0 0 0 0 0 0 0 0 0 0 0 0 0 0 0 0 0 0 0 0 0 0 0 
0 0 0 0 0 0 0 0 0 0 0 0 0 0 1.61167e+10 1.031e+12 1.57824e+13 1.10849e+14 4.53062e+14 1.25711e+15 2.62757e+15 4.45692e+15 6.49136e+15 8.41064e+15 1.01485e+16 1.14592e+16 1.25037e+16 1.32121e+16 1.36446e+16 1.39373e+16 1.40353e+16 1.41921e+16 1.41904e+16 0 0 0 0 0 0 0 0 0 0 0 0 0 0 0 0 0 0 0 0 0 0 0 0 0 0 0 0 0 0 0 0 
0 0 0 0 0 0 0 0 0 0 0 0 0 0 2.51434e+09 3.05571e+11 7.04349e+12 6.56948e+13 3.37757e+14 1.13119e+15 2.75643e+15 5.31454e+15 8.60454e+15 1.22301e+16 1.57567e+16 1.89225e+16 2.14874e+16 2.35693e+16 2.51316e+16 2.61818e+16 2.69353e+16 2.7208e+16 2.74467e+16 0 0 0 0 0 0 0 0 0 0 0 0 0 0 0 0 0 0 0 0 0 0 0 0 0 0 0 0 0 0 0 0 
0 0 0 0 0 0 0 0 0 0 0 0 0 0 0 7.30433e+10 2.64573e+12 3.34774e+13 2.19037e+14 8.91265e+14 2.55751e+15 5.63365e+15 1.01981e+16 1.58908e+16 2.20792e+16 2.8167e+16 3.37019e+16 3.84497e+16 4.22472e+16 4.50764e+16 4.70262e+16 4.84108e+16 4.85972e+16 0 0 0 0 0 0 0 0 0 0 0 0 0 0 0 0 0 0 0 0 0 0 0 0 0 0 0 0 0 0 0 0 
0 0 0 0 0 0 0 0 0 0 0 0 0 0 0 1.27426e+10 8.43461e+11 1.481e+13 1.23564e+14 6.15417e+14 2.08821e+15 5.29633e+15 1.0764e+16 1.84725e+16 2.77933e+16 3.79813e+16 4.80464e+16 5.70907e+16 6.46449e+16 7.09418e+16 7.51522e+16 7.78113e+16 7.88688e+16 0 0 0 0 0 0 0 0 0 0 0 0 0 0 0 0 0 0 0 0 0 0 0 0 0 0 0 0 0 0 0 0 
0 0 0 0 0 0 0 0 0 0 0 0 0 0 0 2.29843e+09 2.28737e+11 5.70455e+12 6.14731e+13 3.74498e+14 1.50943e+15 4.41824e+15 1.01215e+16 1.92145e+16 3.15353e+16 4.59951e+16 6.15675e+16 7.66287e+16 9.0486e+16 1.01391e+17 1.09948e+17 1.14771e+17 1.16474e+17 0 0 0 0 0 0 0 0 0 0 0 0 0 0 0 0 0 0 0 0 0 0 0 0 0 0 0 0 0 0 0 0 
0 0 0 0 0 0 0 0 0 0 0 0 0 0 0 0 5.1614e+10 1.89727e+12 2.67094e+13 2.01479e+14 9.61389e+14 3.26917e+15 8.51633e+15 1.79709e+16 3.21354e+16 5.06332e+16 7.16202e+16 9.36114e+16 1.14404e+17 1.32309e+17 1.46002e+17 1.54274e+17 1.57172e+17 0 0 0 0 0 0 0 0 0 0 0 0 0 0 0 0 0 0 0 0 0 0 0 0 0 0 0 0 0 0 0 0 
0 0 0 0 0 0 0 0 0 0 0 0 0 0 0 0 8.83327e+09 5.55154e+11 1.03071e+13 9.63044e+13 5.49627e+14 2.16835e+15 6.37714e+15 1.49943e+16 2.93834e+16 4.98852e+16 7.53502e+16 1.03548e+17 1.31476e+17 1.56817e+17 1.76258e+17 1.8915e+17 1.93097e+17 0 0 0 0 0 0 0 0 0 0 0 0 0 0 0 0 0 0 0 0 0 0 0 0 0 0 0 0 0 0 0 0 
0 0 0 0 0 0 0 0 0 0 0 0 0 0 0 0 1.9675e+09 1.41704e+11 3.55169e+12 4.0982e+13 2.81254e+14 1.28308e+15 4.30796e+15 1.12819e+16 2.43023e+16 4.43707e+16 7.15543e+16 1.0364e+17 1.37213e+17 1.68512e+17 1.93918e+17 2.10303e+17 2.16313e+17 0 0 0 0 0 0 0 0 0 0 0 0 0 0 0 0 0 0 0 0 0 0 0 0 0 0 0 0 0 0 0 0 
0 0 0 0 0 0 0 0 0 0 0 0 0 0 0 0 0 3.19284e+10 1.08299e+12 1.58221e+13 1.29012e+14 6.87858e+14 2.61923e+15 7.6323e+15 1.80155e+16 3.5812e+16 6.15329e+16 9.39069e+16 1.29872e+17 1.64739e+17 1.94409e+17 2.13834e+17 2.20281e+17 0 0 0 0 0 0 0 0 0 0 0 0 0 0 0 0 0 0 0 0 0 0 0 0 0 0 0 0 0 0 0 0 
0 0 0 0 0 0 0 0 0 0 0 0 0 0 0 0 0 5.51565e+09 3.02779e+11 5.516e+12 5.4036e+13 3.32361e+14 1.44158e+15 4.70733e+15 1.21941e+16 2.61779e+16 4.79963e+16 7.74511e+16 1.11721e+17 1.46653e+17 1.7664e+17 1.97001e+17 2.04919e+17 0 0 0 0 0 0 0 0 0 0 0 0 0 0 0 0 0 0 0 0 0 0 0 0 0 0 0 0 0 0 0 0 
0 0 0 0 0 0 0 0 0 0 0 0 0 0 0 0 0 1.58842e+09 7.69055e+10 1.76351e+12 2.0523e+13 1.47509e+14 7.26529e+14 2.63394e+15 7.49036e+15 1.74003e+16 3.41817e+16 5.81387e+16 8.76961e+16 1.19049e+17 1.46407e+17 1.65923e+17 1.72186e+17 0 0 0 0 0 0 0 0 0 0 0 0 0 0 0 0 0 0 0 0 0 0 0 0 0 0 0 0 0 0 0 0 
0 0 0 0 0 0 0 0 0 0 0 0 0 0 0 0 0 0 1.81281e+10 5.17379e+11 7.23752e+12 6.01504e+13 3.33126e+14 1.35155e+15 4.20911e+15 1.06022e+16 2.23093e+16 4.00252e+16 6.30777e+16 8.81472e+16 1.11501e+17 1.27437e+17 1.33622e+17 0 0 0 0 0 0 0 0 0 0 0 0 0 0 0 0 0 0 0 0 0 0 0 0 0 0 0 0 0 0 0 0 
0 0 0 0 0 0 0 0 0 0 0 0 0 0 0 0 0 0 3.12504e+09 1.42588e+11 2.37266e+12 2.27804e+13 1.41975e+14 6.39857e+14 2.18225e+15 5.92792e+15 1.32483e+16 2.5295e+16 4.14478e+16 6.01864e+16 7.77869e+16 9.02378e+16 9.48653e+16 0 0 0 0 0 0 0 0 0 0 0 0 0 0 0 0 0 0 0 0 0 0 0 0 0 0 0 0 0 0 0 0 
0 0 0 0 0 0 0 0 0 0 0 0 0 0 0 0 0 0 1.18275e+09 3.8282e+10 7.3648e+11 8.04053e+12 5.68061e+13 2.81637e+14 1.04839e+15 3.05877e+15 7.31505e+15 1.46146e+16 2.52787e+16 3.77467e+16 4.99759e+16 5.91224e+16 6.22705e+16 0 0 0 0 0 0 0 0 0 0 0 0 0 0 0 0 0 0 0 0 0 0 0 0 0 0 0 0 0 0 0 0 
0 0 0 0 0 0 0 0 0 0 0 0 0 0 0 0 0 0 0 9.5167e+09 2.15233e+11 2.70428e+12 2.13261e+13 1.16207e+14 4.70947e+14 1.48239e+15 3.76306e+15 7.93994e+15 1.42182e+16 2.19947e+16 2.97471e+16 3.56258e+16 3.77844e+16 0 0 0 0 0 0 0 0 0 0 0 0 0 0 0 0 0 0 0 0 0 0 0 0 0 0 0 0 0 0 0 0 
0 0 0 0 0 0 0 0 0 0 0 0 0 0 0 0 0 0 0 1.60217e+09 6.15341e+10 8.71724e+11 7.61314e+12 4.5623e+13 1.99153e+14 6.71989e+14 1.80677e+15 4.00308e+15 7.45222e+15 1.19431e+16 1.64994e+16 1.99572e+16 2.12538e+16 0 0 0 0 0 0 0 0 0 0 0 0 0 0 0 0 0 0 0 0 0 0 0 0 0 0 0 0 0 0 0 0 
0 0 0 0 0 0 0 0 0 0 0 0 0 0 0 0 0 0 0 8.00695e+08 1.78569e+10 2.72504e+11 2.61249e+12 1.69829e+13 8.01653e+13 2.88999e+14 8.23104e+14 1.90659e+15 3.66623e+15 6.06055e+15 8.57852e+15 1.0502e+16 1.12391e+16 0 0 0 0 0 0 0 0 0 0 0 0 0 0 0 0 0 0 0 0 0 0 0 0 0 0 0 0 0 0 0 0 
0 0 0 0 0 0 0 0 0 0 0 0 0 0 0 0 0 0 0 0 4.57619e+09 8.18359e+10 8.70288e+11 6.12265e+12 3.09998e+13 1.17674e+14 3.55668e+14 8.6076e+14 1.72752e+15 2.89544e+15 4.19075e+15 5.20702e+15 5.59378e+15 0 0 0 0 0 0 0 0 0 0 0 0 0 0 0 0 0 0 0 0 0 0 0 0 0 0 0 0 0 0 0 0 
0 0 0 0 0 0 0 0 0 0 0 0 0 0 0 0 0 0 0 0 7.23446e+08 2.47693e+10 2.87598e+11 2.14216e+12 1.15258e+13 4.64707e+13 1.46285e+14 3.68952e+14 7.74035e+14 1.33534e+15 1.95699e+15 2.46255e+15 2.66298e+15 0 0 0 0 0 0 0 0 0 0 0 0 0 0 0 0 0 0 0 0 0 0 0 0 0 0 0 0 0 0 0 0 
0 0 0 0 0 0 0 0 0 0 0 0 0 0 0 0 0 0 0 0 4.93095e+08 7.7682e+09 9.2501e+10 7.39942e+11 4.19863e+12 1.80134e+13 5.8763e+13 1.54852e+14 3.30672e+14 5.89598e+14 8.77139e+14 1.11537e+15 1.20348e+15 0 0 0 0 0 0 0 0 0 0 0 0 0 0 0 0 0 0 0 0 0 0 0 0 0 0 0 0 0 0 0 0 
0 0 0 0 0 0 0 0 0 0 0 0 0 0 0 0 0 0 0 0 0 1.97768e+09 2.85759e+10 2.54808e+11 1.52195e+12 6.72324e+12 2.29087e+13 6.25249e+13 1.37218e+14 2.49248e+14 3.79317e+14 4.86769e+14 5.25573e+14 0 0 0 0 0 0 0 0 0 0 0 0 0 0 0 0 0 0 0 0 0 0 0 0 0 0 0 0 0 0 0 0 
0 0 0 0 0 0 0 0 0 0 0 0 0 0 0 0 0 0 0 0 0 2.81804e+08 9.27208e+09 8.783e+10 5.4266e+11 2.47378e+12 8.80067e+12 2.46548e+13 5.58028e+13 1.03339e+14 1.59689e+14 2.04685e+14 2.24866e+14 0 0 0 0 0 0 0 0 0 0 0 0 0 0 0 0 0 0 0 0 0 0 0 0 0 0 0 0 0 0 0 0 
0 0 0 0 0 0 0 0 0 0 0 0 0 0 0 0 0 0 0 0 0 2.71767e+08 3.08724e+09 2.88651e+10 1.91741e+11 9.27899e+11 3.3823e+12 9.58754e+12 2.21749e+13 4.21471e+13 6.54867e+13 8.60652e+13 9.35222e+13 0 0 0 0 0 0 0 0 0 0 0 0 0 0 0 0 0 0 0 0 0 0 0 0 0 0 0 0 0 0 0 0 
0 0 0 0 0 0 0 0 0 0 0 0 0 0 0 0 0 0 0 0 0 0 7.50097e+08 9.05457e+09 6.8743e+10 3.42307e+11 1.27552e+12 3.742e+12 8.87822e+12 1.68393e+13 2.68106e+13 3.49512e+13 3.84058e+13 0 0 0 0 0 0 0 0 0 0 0 0 0 0 0 0 0 0 0 0 0 0 0 0 0 0 0 0 0 0 0 0 
0 0 0 0 0 0 0 0 0 0 0 0 0 0 0 0 0 0 0 0 0 0 9.38619e+07 3.21988e+09 2.44251e+10 1.25371e+11 4.84146e+11 1.46951e+12 3.47777e+12 6.78265e+12 1.08295e+13 1.41943e+13 1.55857e+13 0 0 0 0 0 0 0 0 0 0 0 0 0 0 0 0 0 0 0 0 0 0 0 0 0 0 0 0 0 0 0 0 
0 0 0 0 0 0 0 0 0 0 0 0 0 0 0 0 0 0 0 0 0 0 1.32451e+08 1.09195e+09 7.98116e+09 4.51457e+10 1.86374e+11 5.66309e+11 1.38038e+12 2.72051e+12 4.34199e+12 5.77848e+12 6.34516e+12 0 0 0 0 0 0 0 0 0 0 0 0 0 0 0 0 0 0 0 0 0 0 0 0 0 0 0 0 0 0 0 0 
0 0 0 0 0 0 0 0 0 0 0 0 0 0 0 0 0 0 0 0 0 0 0 2.43963e+08 2.57138e+09 1.70186e+10 6.99411e+10 2.17232e+11 5.44996e+11 1.09195e+12 1.76128e+12 2.34067e+12 2.5822e+12 0 0 0 0 0 0 0 0 0 0 0 0 0 0 0 0 0 0 0 0 0 0 0 0 0 0 0 0 0 0 0 0 
0 0 0 0 0 0 0 0 0 0 0 0 0 0 0 0 0 0 0 0 0 0 0 2.59855e+07 1.01591e+09 6.10371e+09 2.55463e+10 8.5684e+10 2.17509e+11 4.35613e+11 7.15371e+11 9.5725e+11 1.06324e+12 0 0 0 0 0 0 0 0 0 0 0 0 0 0 0 0 0 0 0 0 0 0 0 0 0 0 0 0 0 0 0 0 
0 0 0 0 0 0 0 0 0 0 0 0 0 0 0 0 0 0 0 0 0 0 0 5.66522e+07 3.40072e+08 1.89747e+09 9.60558e+09 3.31858e+10 8.38961e+10 1.75535e+11 2.89486e+11 3.89583e+11 4.30059e+11 0 0 0 0 0 0 0 0 0 0 0 0 0 0 0 0 0 0 0 0 0 0 0 0 0 0 0 0 0 0 0 0 
0 0 0 0 0 0 0 0 0 0 0 0 0 0 0 0 0 0 0 0 0 0 0 0 6.63117e+07 6.59624e+08 3.78502e+09 1.23963e+10 3.30782e+10 7.04117e+10 1.16341e+11 1.59499e+11 1.73289e+11 0 0 0 0 0 0 0 0 0 0 0 0 0 0 0 0 0 0 0 0 0 0 0 0 0 0 0 0 0 0 0 0 
0 0 0 0 0 0 0 0 0 0 0 0 0 0 0 0 0 0 0 0 0 0 0 0 5.8073e+06 2.8881e+08 1.29723e+09 4.56162e+09 1.33895e+10 2.75723e+10 4.75865e+10 6.41452e+10 7.17959e+10 0 0 0 0 0 0 0 0 0 0 0 0 0 0 0 0 0 0 0 0 0 0 0 0 0 0 0 0 0 0 0 0 
0 0 0 0 0 0 0 0 0 0 0 0 0 0 0 0 0 0 0 0 0 0 0 0 2.10328e+07 9.04903e+07 3.79039e+08 1.84104e+09 5.17481e+09 1.08217e+10 1.94027e+10 2.57757e+10 2.94357e+10 0 0 0 0 0 0 0 0 0 0 0 0 0 0 0 0 0 0 0 0 0 0 0 0 0 0 0 0 0 0 0 0 
0 0 0 0 0 0 0 0 0 0 0 0 0 0 0 0 0 0 0 0 0 0 0 0 0 1.46173e+07 1.54483e+08 7.30459e+08 1.83355e+09 4.45203e+09 7.54151e+09 1.056e+10 1.175e+10 0 0 0 0 0 0 0 0 0 0 0 0 0 0 0 0 0 0 0 0 0 0 0 0 0 0 0 0 0 0 0 0 
0 0 0 0 0 0 0 0 0 0 0 0 0 0 0 0 0 0 0 0 0 0 0 0 0 996840 7.1863e+07 2.22988e+08 7.11378e+08 1.8014e+09 2.87962e+09 4.40279e+09 4.56726e+09 0 0 0 0 0 0 0 0 0 0 0 0 0 0 0 0 0 0 0 0 0 0 0 0 0 0 0 0 0 0 0 0 
0 0 0 0 0 0 0 0 0 0 0 0 0 0 0 0 0 0 0 0 0 0 0 0 0 6.70174e+06 1.96555e+07 6.40868e+07 3.13843e+08 6.30545e+08 1.19752e+09 1.70687e+09 1.86882e+09 0 0 0 0 0 0 0 0 0 0 0 0 0 0 0 0 0 0 0 0 0 0 0 0 0 0 0 0 0 0 0 0 
0 0 0 0 0 0 0 0 0 0 0 0 0 0 0 0 0 0 0 0 0 0 0 0 0 0 2.50052e+06 3.30747e+07 1.15267e+08 2.21797e+08 5.16012e+08 6.16453e+08 8.10147e+08 0 0 0 0 0 0 0 0 0 0 0 0 0 0 0 0 0 0 0 0 0 0 0 0 0 0 0 0 0 0 0 0 
0 0 0 0 0 0 0 0 0 0 0 0 0 0 0 0 0 0 0 0 0 0 0 0 0 0 123000 1.50628e+07 2.87828e+07 1.01332e+08 1.85499e+08 2.48442e+08 3.13362e+08 0 0 0 0 0 0 0 0 0 0 0 0 0 0 0 0 0 0 0 0 0 0 0 0 0 0 0 0 0 0 0 0 
0 0 0 0 0 0 0 0 0 0 0 0 0 0 0 0 0 0 0 0 0 0 0 0 0 0 1.80125e+06 3.3404e+06 9.42659e+06 4.49588e+07 5.6379e+07 1.16116e+08 1.00767e+08 0 0 0 0 0 0 0 0 0 0 0 0 0 0 0 0 0 0 0 0 0 0 0 0 0 0 0 0 0 0 0 0 
0 0 0 0 0 0 0 0 0 0 0 0 0 0 0 0 0 0 0 0 0 0 0 0 0 0 0 310277 6.36183e+06 1.3506e+07 2.33148e+07 4.55253e+07 3.84547e+07 0 0 0 0 0 0 0 0 0 0 0 0 0 0 0 0 0 0 0 0 0 0 0 0 0 0 0 0 0 0 0 0 
0 0 0 0 0 0 0 0 0 0 0 0 0 0 0 0 0 0 0 0 0 0 0 0 0 0 0 9638.07 2.52189e+06 2.54183e+06 1.26478e+07 1.23212e+07 1.95773e+07 0 0 0 0 0 0 0 0 0 0 0 0 0 0 0 0 0 0 0 0 0 0 0 0 0 0 0 0 0 0 0 0 
0 0 0 0 0 0 0 0 0 0 0 0 0 0 0 0 0 0 0 0 0 0 0 0 0 0 0 400184 414590 1.31592e+06 4.82419e+06 3.70684e+06 8.64862e+06 0 0 0 0 0 0 0 0 0 0 0 0 0 0 0 0 0 0 0 0 0 0 0 0 0 0 0 0 0 0 0 0 
0 0 0 0 0 0 0 0 0 0 0 0 0 0 0 0 0 0 0 0 0 0 0 0 0 0 0 0 24742.6 1.02445e+06 997802 2.39574e+06 2.29738e+06 0 0 0 0 0 0 0 0 0 0 0 0 0 0 0 0 0 0 0 0 0 0 0 0 0 0 0 0 0 0 0 0 
0 0 0 0 0 0 0 0 0 0 0 0 0 0 0 0 0 0 0 0 0 0 0 0 0 0 0 0 379.944 311213 136826 1.23621e+06 392092 0 0 0 0 0 0 0 0 0 0 0 0 0 0 0 0 0 0 0 0 0 0 0 0 0 0 0 0 0 0 0 0 
0 0 0 0 0 0 0 0 0 0 0 0 0 0 0 0 0 0 0 0 0 0 0 0 0 0 0 0 71447.1 33130.7 179836 308537 258018 0 0 0 0 0 0 0 0 0 0 0 0 0 0 0 0 0 0 0 0 0 0 0 0 0 0 0 0 0 0 0 0 
0 0 0 0 0 0 0 0 0 0 0 0 0 0 0 0 0 0 0 0 0 0 0 0 0 0 0 0 0 954.421 124609 37581.4 211189 0 0 0 0 0 0 0 0 0 0 0 0 0 0 0 0 0 0 0 0 0 0 0 0 0 0 0 0 0 0 0 0 
0 0 0 0 0 0 0 0 0 0 0 0 0 0 0 0 0 0 0 0 0 0 0 0 0 0 0 0 0 0 24886.1 3818.11 68834.6 0 0 0 0 0 0 0 0 0 0 0 0 0 0 0 0 0 0 0 0 0 0 0 0 0 0 0 0 0 0 0 0 
0 0 0 0 0 0 0 0 0 0 0 0 0 0 0 0 0 0 0 0 0 0 0 0 0 0 0 0 0 9854.77 1274.97 20759.9 7593.8 0 0 0 0 0 0 0 0 0 0 0 0 0 0 0 0 0 0 0 0 0 0 0 0 0 0 0 0 0 0 0 0 
0 0 0 0 0 0 0 0 0 0 0 0 0 0 0 0 0 0 0 0 0 0 0 0 0 0 0 0 0 0 0 9965.41 470.147 0 0 0 0 0 0 0 0 0 0 0 0 0 0 0 0 0 0 0 0 0 0 0 0 0 0 0 0 0 0 0 0 
0 0 0 0 0 0 0 0 0 0 0 0 0 0 0 0 0 0 0 0 0 0 0 0 0 0 0 0 0 0 0 956.625 0 0 0 0 0 0 0 0 0 0 0 0 0 0 0 0 0 0 0 0 0 0 0 0 0 0 0 0 0 0 0 0 0 
0 0 0 0 0 0 0 0 0 0 0 0 0 0 0 0 0 0 0 0 0 0 0 0 0 0 0 0 0 0 985.477 0 1660.57 0 0 0 0 0 0 0 0 0 0 0 0 0 0 0 0 0 0 0 0 0 0 0 0 0 0 0 0 0 0 0 0 
0 0 0 0 0 0 0 0 0 0 0 0 0 0 0 0 0 0 0 0 0 0 0 0 0 0 0 0 0 0 0 0 383.129 0 0 0 0 0 0 0 0 0 0 0 0 0 0 0 0 0 0 0 0 0 0 0 0 0 0 0 0 0 0 0 0 
0 0 0 0 0 0 0 0 0 0 0 0 0 0 0 0 0 0 0 0 0 0 0 0 0 0 0 0 0 0 0 0 0 0 0 0 0 0 0 0 0 0 0 0 0 0 0 0 0 0 0 0 0 0 0 0 0 0 0 0 0 0 0 0 0 
0 0 0 0 0 0 0 0 0 0 0 0 0 0 0 0 0 0 0 0 0 0 0 0 0 0 0 0 0 0 0 63.5792 0 0 0 0 0 0 0 0 0 0 0 0 0 0 0 0 0 0 0 0 0 0 0 0 0 0 0 0 0 0 0 0 0 
0 0 0 0 0 0 0 0 0 0 0 0 0 0 0 0 0 0 0 0 0 0 0 0 0 0 0 0 0 0 0 0 0 0 0 0 0 0 0 0 0 0 0 0 0 0 0 0 0 0 0 0 0 0 0 0 0 0 0 0 0 0 0 0 0 
0 0 0 0 0 0 0 0 0 0 0 0 0 0 0 0 0 0 0 0 0 0 0 0 0 0 0 0 0 0 0 0 0 0 0 0 0 0 0 0 0 0 0 0 0 0 0 0 0 0 0 0 0 0 0 0 0 0 0 0 0 0 0 0 0 
0 0 0 0 0 0 0 0 0 0 0 0 0 0 0 0 0 0 0 0 0 0 0 0 0 0 0 0 0 0 0 0 1.98685 0 0 0 0 0 0 0 0 0 0 0 0 0 0 0 0 0 0 0 0 0 0 0 0 0 0 0 0 0 0 0 0 
