1 0 0 0 0 0 0 0 0 0 0 0 0 0 0 0 0 
0 0 0 0 0 0 0 0 0 0 0 0 0 0 0 0 0 
0 16 0 0 0 0 0 0 0 0 0 0 0 0 0 0 0 
0 0 32 0 0 0 0 0 0 0 0 0 0 0 0 0 0 
0 0 88 96.0098 24.0025 0 0 0 8.00794 0 0 0 0 0 0 0 0 
0 0 0 255.98 255.923 191.891 95.9557 64.0635 0 0 0 0 0 0 0 0 0 
0 0 0 208.01 736.12 687.895 704.142 623.888 767.999 0 0 0 0 0 0 0 0 
0 0 0 0 575.982 1664.45 1824.31 1919.5 1600.12 0 0 0 0 0 0 0 0 
0 0 0 0 227.973 1247.79 2927.22 3680.9 4356.33 0 0 0 0 0 0 0 0 
0 0 0 0 0 448.046 1568.16 3136.16 3263.41 0 0 0 0 0 0 0 0 
0 0 0 0 0 127.934 768.295 1391.13 2111.91 0 0 0 0 0 0 0 0 
0 0 0 0 0 0 63.9751 512.373 576.002 0 0 0 0 0 0 0 0 
0 0 0 0 0 0 55.9457 96.0085 120.168 0 0 0 0 0 0 0 0 
0 0 0 0 0 0 0 0 64.0506 0 0 0 0 0 0 0 0 
0 0 0 0 0 0 0 15.9845 0 0 0 0 0 0 0 0 0 
0 0 0 0 0 0 0 0 0 0 0 0 0 0 0 0 0 
0 0 0 0 0 0 0 0 1.99806 0 0 0 0 0 0 0 0 
