1 0 0 0 0 0 0 0 0 0 0 0 0 0 0 0 1 
0 0 0 0 0 0 0 0 0 0 0 0 0 0 0 0 0 
0 16 0 0 0 0 0 0 0 0 0 0 0 0 0 16 0 
0 0 31.8882 0 0 0 0 0 0 0 0 0 0 0 31.3062 0 0 
0 0 88.1118 96.8981 23.9857 0 0 0 7.99193 0 0 0 23.4971 95.0236 88.6938 0 0 
0 0 0 256.158 259.914 194.462 95.686 63.4792 0 65.4754 97.0795 191.621 253.385 258.503 0 0 0 
0 0 0 206.943 731.366 682.691 711.784 634.359 767.122 615.131 701.801 684.012 741.541 206.474 0 0 0 
0 0 0 0 578.883 1655.95 1830.78 1936.14 1616.3 1921.11 1816.42 1660.59 575.032 0 0 0 0 
0 0 0 0 225.852 1252.29 2930.1 3684.94 4355.9 3680.36 2928.12 1257.01 226.545 0 0 0 0 
0 0 0 0 0 456.454 1556.16 3104.7 3238.56 3126.57 1572.56 445.031 0 0 0 0 0 
0 0 0 0 0 126.159 762.406 1383.2 2109.57 1400.09 769.308 129.739 0 0 0 0 0 
0 0 0 0 0 0 64.5582 520.547 583.874 516.111 65.4784 0 0 0 0 0 0 
0 0 0 0 0 0 56.5232 96.1965 122.619 98.8301 57.2234 0 0 0 0 0 0 
0 0 0 0 0 0 0 0 66.0205 0 0 0 0 0 0 0 0 
0 0 0 0 0 0 0 16.4374 0 16.3178 0 0 0 0 0 0 0 
0 0 0 0 0 0 0 0 0 0 0 0 0 0 0 0 0 
0 0 0 0 0 0 0 0 2.04383 0 0 0 0 0 0 0 0 
