1 0 0 0 0 0 0 0 0 0 0 0 0 0 0 0 1 
0 0 0 0 0 0 0 0 0 0 0 0 0 0 0 0 0 
0 16 0 0 0 0 0 0 0 0 0 0 0 0 0 16 0 
0 0 32.3009 0 0 0 0 0 0 0 0 0 0 0 32.0776 0 0 
0 0 87.6991 96.2628 24.6042 0 0 0 7.92794 0 0 0 23.2533 95.4914 87.9224 0 0 
0 0 0 258.622 257.361 195.7 96.5977 65.1803 0 61.9224 94.9845 188.077 256.272 257.732 0 0 0 
0 0 0 205.116 746.565 696.435 711.106 618.698 775.558 622.627 698.31 688.099 729.734 206.776 0 0 0 
0 0 0 0 567.756 1676.5 1824.46 1901.87 1595 1939.64 1830.18 1666.07 580.174 0 0 0 0 
0 0 0 0 223.714 1229.32 2917.88 3696.78 4328.21 3668.6 2939.06 1244.8 230.568 0 0 0 0 
0 0 0 0 0 443.589 1567.22 3118.97 3269.19 3133.96 1551.2 450.766 0 0 0 0 0 
0 0 0 0 0 126.457 769.426 1408.58 2119.33 1380.36 772.572 130.182 0 0 0 0 0 
0 0 0 0 0 0 63.9044 517.319 587.472 518.166 65.0378 0 0 0 0 0 0 
0 0 0 0 0 0 57.409 96.3243 120.568 98.6088 56.646 0 0 0 0 0 0 
0 0 0 0 0 0 0 0 64.7729 0 0 0 0 0 0 0 0 
0 0 0 0 0 0 0 16.2827 0 16.1152 0 0 0 0 0 0 0 
0 0 0 0 0 0 0 0 0 0 0 0 0 0 0 0 0 
0 0 0 0 0 0 0 0 1.9737 0 0 0 0 0 0 0 0 
