1 0 0 0 0 0 0 0 0 0 0 0 0 0 0 0 1 
0 0 0 0 0 0 0 0 0 0 0 0 0 0 0 0 0 
0 16 0 0 0 0 0 0 0 0 0 0 0 0 0 16 0 
0 0 32.3286 0 0 0 0 0 0 0 0 0 0 0 31.8007 0 0 
0 0 87.6714 97.7592 23.7716 0 0 0 8.15354 0 0 0 24.0972 96.5082 88.1993 0 0 
0 0 0 258.115 259.748 194.826 95.9188 65.0293 0 62.166 92.0887 185.495 251.581 253.054 0 0 0 
0 0 0 204.126 741.323 697.494 710.363 619.958 768.283 619.35 697.077 686.324 734.131 210.438 0 0 0 
0 0 0 0 568.696 1665.03 1849.84 1913.1 1559.3 1912.26 1829.87 1668.36 579.927 0 0 0 0 
0 0 0 0 226.462 1235.94 2924.72 3729.18 4391.33 3687.04 2945.64 1244.71 230.264 0 0 0 0 
0 0 0 0 0 449.261 1546.46 3089.74 3274.63 3149.04 1557.03 454.06 0 0 0 0 0 
0 0 0 0 0 125.446 759.915 1390.68 2093.71 1386.87 767.884 129.043 0 0 0 0 0 
0 0 0 0 0 0 64.8332 518.645 586.838 513.295 63.0744 0 0 0 0 0 0 
0 0 0 0 0 0 55.9455 97.534 121.568 94.0798 55.335 0 0 0 0 0 0 
0 0 0 0 0 0 0 0 64.1777 0 0 0 0 0 0 0 0 
0 0 0 0 0 0 0 16.1322 0 15.8977 0 0 0 0 0 0 0 
0 0 0 0 0 0 0 0 0 0 0 0 0 0 0 0 0 
0 0 0 0 0 0 0 0 1.99833 0 0 0 0 0 0 0 0 
