1 0 0 0 0 0 0 0 0 0 0 0 0 0 0 0 0 0 0 0 0 0 0 0 0 0 0 0 0 0 0 0 0 0 0 0 0 0 0 0 0 0 0 0 0 0 0 0 0 0 0 0 0 0 0 0 0 0 0 0 0 0 0 0 0 
0 0 0 0 0 0 0 0 0 0 0 0 0 0 0 0 0 0 0 0 0 0 0 0 0 0 0 0 0 0 0 0 0 0 0 0 0 0 0 0 0 0 0 0 0 0 0 0 0 0 0 0 0 0 0 0 0 0 0 0 0 0 0 0 0 
0 64 0 0 0 0 0 0 0 0 0 0 0 0 0 0 0 0 0 0 0 0 0 0 0 0 0 0 0 0 0 0 0 0 0 0 0 0 0 0 0 0 0 0 0 0 0 0 0 0 0 0 0 0 0 0 0 0 0 0 0 0 0 0 0 
0 0 128 0 0 0 0 0 0 0 0 0 0 0 0 0 0 0 0 0 0 0 0 0 0 0 0 0 0 0 0 0 0 0 0 0 0 0 0 0 0 0 0 0 0 0 0 0 0 0 0 0 0 0 0 0 0 0 0 0 0 0 0 0 0 
0 0 1888 385.775 64.1871 0 0 0 0 0 0 0 0 0 0 0 0 0 0 0 0 0 0 0 0 0 0 0 0 0 0 0 0 0 0 0 0 0 0 0 0 0 0 0 0 0 0 0 0 0 0 0 0 0 0 0 0 0 0 0 0 0 0 0 0 
0 0 0 7164.45 1157.74 513.708 128.26 0 0 0 0 0 0 0 0 0 0 0 0 0 0 0 0 0 0 0 0 0 0 0 0 0 0 0 0 0 0 0 0 0 0 0 0 0 0 0 0 0 0 0 0 0 0 0 0 0 0 0 0 0 0 0 0 0 0 
0 0 0 34113.8 27333.6 6862.91 2536.38 1410.55 377.561 62.1352 0 0 0 0 0 0 0 0 0 0 0 0 0 0 0 0 0 0 0 0 0 0 0 0 0 0 0 0 0 0 0 0 0 0 0 0 0 0 0 0 0 0 0 0 0 0 0 0 0 0 0 0 0 0 0 
0 0 0 0 183651 97485.6 42946.4 16889.9 8541.74 4575.16 1942.75 517.706 126.52 0 0 0 0 0 0 0 0 0 0 0 0 0 0 0 0 0 0 0 0 0 0 0 0 0 0 0 0 0 0 0 0 0 0 0 0 0 0 0 0 0 0 0 0 0 0 0 0 0 0 0 0 
0 0 0 0 423170 829007 412916 223144 121109 58746.7 33170.2 19829.9 9717.81 4438.72 1417.93 371.385 80.0321 0 0 0 0 0 0 0 15.7281 0 0 0 0 0 0 0 15.8228 0 0 0 0 0 0 0 0 0 0 0 0 0 0 0 0 0 0 0 0 0 0 0 0 0 0 0 0 0 0 0 0 
0 0 0 0 0 2.86047e+06 3.32504e+06 1.98284e+06 1.13686e+06 718800 426982 251875 154054 94216.5 55388.4 29534.4 13794.6 5851.8 2117.46 749.191 389.269 269.576 255.723 251.738 0 254.346 251.983 252.53 250.962 252.568 259.003 255.63 0 0 0 0 0 0 0 0 0 0 0 0 0 0 0 0 0 0 0 0 0 0 0 0 0 0 0 0 0 0 0 0 0 
0 0 0 0 0 3.83017e+06 1.46116e+07 1.35377e+07 9.40526e+06 6.08382e+06 4.02861e+06 2.69216e+06 1.79772e+06 1.16917e+06 774371 509914 329481 205804 119486 67891.7 36557.4 21290.1 13641.9 10811.3 11590.8 9729.46 9208.98 9176.09 9356.25 9250.66 9459.59 9510.57 11111.2 0 0 0 0 0 0 0 0 0 0 0 0 0 0 0 0 0 0 0 0 0 0 0 0 0 0 0 0 0 0 0 0 
0 0 0 0 0 0 3.03234e+07 6.37671e+07 5.75291e+07 4.33705e+07 3.15013e+07 2.23316e+07 1.59122e+07 1.14634e+07 8.20825e+06 5.84998e+06 4.1464e+06 2.92516e+06 2.08175e+06 1.45063e+06 1.01065e+06 708683 502735 368732 285581 247137 229744 221352 220981 217764 214955 210701 204118 0 0 0 0 0 0 0 0 0 0 0 0 0 0 0 0 0 0 0 0 0 0 0 0 0 0 0 0 0 0 0 0 
0 0 0 0 0 0 2.62558e+07 1.69366e+08 2.6311e+08 2.46685e+08 1.99386e+08 1.55757e+08 1.18976e+08 9.05821e+07 6.8664e+07 5.23065e+07 4.02521e+07 3.06117e+07 2.32636e+07 1.77224e+07 1.36485e+07 1.06213e+07 8.29661e+06 6.68914e+06 5.50536e+06 4.63619e+06 4.00736e+06 3.63836e+06 3.43903e+06 3.26473e+06 3.22124e+06 3.1696e+06 3.20443e+06 0 0 0 0 0 0 0 0 0 0 0 0 0 0 0 0 0 0 0 0 0 0 0 0 0 0 0 0 0 0 0 0 
0 0 0 0 0 0 0 2.32722e+08 7.84842e+08 1.06786e+09 1.04459e+09 9.04177e+08 7.49772e+08 6.05647e+08 4.91134e+08 3.93823e+08 3.15112e+08 2.53541e+08 2.05413e+08 1.66777e+08 1.34763e+08 1.1017e+08 9.20144e+07 7.64486e+07 6.50363e+07 5.6398e+07 5.04774e+07 4.6023e+07 4.22482e+07 4.0231e+07 3.85912e+07 3.75735e+07 3.72438e+07 0 0 0 0 0 0 0 0 0 0 0 0 0 0 0 0 0 0 0 0 0 0 0 0 0 0 0 0 0 0 0 0 
0 0 0 0 0 0 0 1.39599e+08 1.38458e+09 3.30033e+09 4.27762e+09 4.3441e+09 3.98333e+09 3.50091e+09 2.97898e+09 2.52101e+09 2.12326e+09 1.78733e+09 1.50464e+09 1.2668e+09 1.07491e+09 9.17557e+08 7.88131e+08 6.84178e+08 6.00804e+08 5.36515e+08 4.78877e+08 4.41215e+08 4.1295e+08 3.91979e+08 3.78382e+08 3.6966e+08 3.67153e+08 0 0 0 0 0 0 0 0 0 0 0 0 0 0 0 0 0 0 0 0 0 0 0 0 0 0 0 0 0 0 0 0 
0 0 0 0 0 0 0 0 1.33952e+09 6.67386e+09 1.31486e+10 1.68209e+10 1.77206e+10 1.70846e+10 1.57325e+10 1.40595e+10 1.24281e+10 1.08964e+10 9.52257e+09 8.34631e+09 7.3223e+09 6.45623e+09 5.7149e+09 5.09993e+09 4.59084e+09 4.15544e+09 3.82244e+09 3.54763e+09 3.34305e+09 3.18898e+09 3.08633e+09 3.02711e+09 3.00145e+09 0 0 0 0 0 0 0 0 0 0 0 0 0 0 0 0 0 0 0 0 0 0 0 0 0 0 0 0 0 0 0 0 
0 0 0 0 0 0 0 0 5.85906e+08 8.30979e+09 2.8388e+10 5.0383e+10 6.46161e+10 7.04593e+10 7.0823e+10 6.8012e+10 6.33641e+10 5.8214e+10 5.3028e+10 4.80634e+10 4.35914e+10 3.95436e+10 3.59628e+10 3.27343e+10 3.00298e+10 2.78287e+10 2.60054e+10 2.45764e+10 2.32777e+10 2.23537e+10 2.1836e+10 2.13887e+10 2.13554e+10 0 0 0 0 0 0 0 0 0 0 0 0 0 0 0 0 0 0 0 0 0 0 0 0 0 0 0 0 0 0 0 0 
0 0 0 0 0 0 0 0 0 5.92862e+09 4.09292e+10 1.11396e+11 1.86485e+11 2.41247e+11 2.7154e+11 2.83169e+11 2.82407e+11 2.73489e+11 2.60103e+11 2.44872e+11 2.29029e+11 2.13919e+11 1.99558e+11 1.85966e+11 1.74433e+11 1.64865e+11 1.55829e+11 1.48705e+11 1.42453e+11 1.38463e+11 1.35244e+11 1.33618e+11 1.32994e+11 0 0 0 0 0 0 0 0 0 0 0 0 0 0 0 0 0 0 0 0 0 0 0 0 0 0 0 0 0 0 0 0 
0 0 0 0 0 0 0 0 0 1.96319e+09 3.76471e+10 1.74268e+11 4.11495e+11 6.66861e+11 8.73857e+11 1.01346e+12 1.09379e+12 1.12587e+12 1.1254e+12 1.10476e+12 1.06993e+12 1.03092e+12 9.85679e+11 9.44311e+11 9.03196e+11 8.66177e+11 8.33547e+11 8.02267e+11 7.82476e+11 7.64823e+11 7.50137e+11 7.41813e+11 7.39149e+11 0 0 0 0 0 0 0 0 0 0 0 0 0 0 0 0 0 0 0 0 0 0 0 0 0 0 0 0 0 0 0 0 
0 0 0 0 0 0 0 0 0 0 2.05022e+10 1.86526e+11 6.70898e+11 1.44447e+12 2.29975e+12 3.05784e+12 3.63869e+12 4.04708e+12 4.28938e+12 4.41883e+12 4.463e+12 4.43406e+12 4.37368e+12 4.29083e+12 4.19024e+12 4.09941e+12 4.00287e+12 3.9192e+12 3.83638e+12 3.77935e+12 3.74434e+12 3.70636e+12 3.70414e+12 0 0 0 0 0 0 0 0 0 0 0 0 0 0 0 0 0 0 0 0 0 0 0 0 0 0 0 0 0 0 0 0 
0 0 0 0 0 0 0 0 0 0 5.30057e+09 1.31111e+11 7.85213e+11 2.38709e+12 4.83605e+12 7.62446e+12 1.02809e+13 1.2524e+13 1.4299e+13 1.55881e+13 1.64543e+13 1.70482e+13 1.7354e+13 1.74791e+13 1.74879e+13 1.74693e+13 1.7309e+13 1.71905e+13 1.70047e+13 1.68901e+13 1.67827e+13 1.67681e+13 1.67564e+13 0 0 0 0 0 0 0 0 0 0 0 0 0 0 0 0 0 0 0 0 0 0 0 0 0 0 0 0 0 0 0 0 
0 0 0 0 0 0 0 0 0 0 0 5.6055e+10 6.44316e+11 2.94215e+12 7.95139e+12 1.54421e+13 2.42504e+13 3.31298e+13 4.12525e+13 4.81408e+13 5.37911e+13 5.81727e+13 6.14285e+13 6.38829e+13 6.55608e+13 6.67424e+13 6.75248e+13 6.78907e+13 6.81312e+13 6.83488e+13 6.824e+13 6.82817e+13 6.83615e+13 0 0 0 0 0 0 0 0 0 0 0 0 0 0 0 0 0 0 0 0 0 0 0 0 0 0 0 0 0 0 0 0 
0 0 0 0 0 0 0 0 0 0 0 1.16058e+10 3.55728e+11 2.65146e+12 1.00335e+13 2.49291e+13 4.70031e+13 7.36368e+13 1.01828e+14 1.29188e+14 1.53823e+14 1.75323e+14 1.93731e+14 2.08084e+14 2.20617e+14 2.2951e+14 2.37159e+14 2.42368e+14 2.46371e+14 2.49066e+14 2.50967e+14 2.52034e+14 2.52418e+14 0 0 0 0 0 0 0 0 0 0 0 0 0 0 0 0 0 0 0 0 0 0 0 0 0 0 0 0 0 0 0 0 
0 0 0 0 0 0 0 0 0 0 0 0 1.22155e+11 1.70891e+12 9.56183e+12 3.15743e+13 7.36673e+13 1.35973e+14 2.13001e+14 2.97724e+14 3.83388e+14 4.65282e+14 5.3941e+14 6.05513e+14 6.60592e+14 7.09214e+14 7.47053e+14 7.79834e+14 8.03586e+14 8.21332e+14 8.34975e+14 8.41648e+14 8.43893e+14 0 0 0 0 0 0 0 0 0 0 0 0 0 0 0 0 0 0 0 0 0 0 0 0 0 0 0 0 0 0 0 0 
0 0 0 0 0 0 0 0 0 0 0 0 2.07175e+10 7.58931e+11 6.79685e+12 3.10042e+13 9.23444e+13 2.05476e+14 3.72527e+14 5.8348e+14 8.22741e+14 1.07184e+15 1.31888e+15 1.55421e+15 1.76689e+15 1.95465e+15 2.1173e+15 2.24908e+15 2.35835e+15 2.44315e+15 2.50061e+15 2.53487e+15 2.54708e+15 0 0 0 0 0 0 0 0 0 0 0 0 0 0 0 0 0 0 0 0 0 0 0 0 0 0 0 0 0 0 0 0 
0 0 0 0 0 0 0 0 0 0 0 0 0 2.13737e+11 3.5186e+12 2.33648e+13 9.15626e+13 2.51475e+14 5.38269e+14 9.61647e+14 1.50516e+15 2.1365e+15 2.81194e+15 3.4943e+15 4.15781e+15 4.7789e+15 5.32844e+15 5.8056e+15 6.20303e+15 6.50348e+15 6.72497e+15 6.85717e+15 6.91265e+15 0 0 0 0 0 0 0 0 0 0 0 0 0 0 0 0 0 0 0 0 0 0 0 0 0 0 0 0 0 0 0 0 
0 0 0 0 0 0 0 0 0 0 0 0 0 3.02513e+10 1.28405e+12 1.335e+13 7.1283e+13 2.48041e+14 6.39577e+14 1.32516e+15 2.33427e+15 3.64493e+15 5.18774e+15 6.87259e+15 8.60333e+15 1.02969e+16 1.18845e+16 1.33062e+16 1.45112e+16 1.54776e+16 1.61611e+16 1.662e+16 1.67428e+16 0 0 0 0 0 0 0 0 0 0 0 0 0 0 0 0 0 0 0 0 0 0 0 0 0 0 0 0 0 0 0 0 
0 0 0 0 0 0 0 0 0 0 0 0 0 0 3.01841e+11 5.67979e+12 4.32893e+13 1.95856e+14 6.18705e+14 1.51054e+15 3.04205e+15 5.2878e+15 8.21573e+15 1.16936e+16 1.55336e+16 1.94925e+16 2.33898e+16 2.70044e+16 3.01516e+16 3.27381e+16 3.47203e+16 3.58584e+16 3.62296e+16 0 0 0 0 0 0 0 0 0 0 0 0 0 0 0 0 0 0 0 0 0 0 0 0 0 0 0 0 0 0 0 0 
0 0 0 0 0 0 0 0 0 0 0 0 0 0 3.63037e+10 1.72962e+12 2.03237e+13 1.23154e+14 4.87442e+14 1.42304e+15 3.31306e+15 6.48513e+15 1.11157e+16 1.71368e+16 2.42953e+16 3.21741e+16 4.0276e+16 4.81237e+16 5.52869e+16 6.13082e+16 6.57945e+16 6.85722e+16 6.95802e+16 0 0 0 0 0 0 0 0 0 0 0 0 0 0 0 0 0 0 0 0 0 0 0 0 0 0 0 0 0 0 0 0 
0 0 0 0 0 0 0 0 0 0 0 0 0 0 0 3.45066e+11 7.21478e+12 6.13872e+13 3.11541e+14 1.10428e+15 3.01007e+15 6.71029e+15 1.27755e+16 2.15129e+16 3.27873e+16 4.6108e+16 6.06177e+16 7.5255e+16 8.90509e+16 1.00946e+17 1.10082e+17 1.15839e+17 1.17774e+17 0 0 0 0 0 0 0 0 0 0 0 0 0 0 0 0 0 0 0 0 0 0 0 0 0 0 0 0 0 0 0 0 
0 0 0 0 0 0 0 0 0 0 0 0 0 0 0 3.59784e+10 1.86364e+12 2.40639e+13 1.60937e+14 7.06204e+14 2.2773e+15 5.83622e+15 1.24827e+16 2.30974e+16 3.80838e+16 5.71007e+16 7.90863e+16 1.02605e+17 1.25426e+17 1.45721e+17 1.6157e+17 1.71887e+17 1.75321e+17 0 0 0 0 0 0 0 0 0 0 0 0 0 0 0 0 0 0 0 0 0 0 0 0 0 0 0 0 0 0 0 0 
0 0 0 0 0 0 0 0 0 0 0 0 0 0 0 0 3.21146e+11 7.25667e+12 6.71861e+13 3.7111e+14 1.43823e+15 4.27136e+15 1.03185e+16 2.11684e+16 3.79488e+16 6.09858e+16 8.95141e+16 1.21358e+17 1.53926e+17 1.83722e+17 2.07953e+17 2.2335e+17 2.2894e+17 0 0 0 0 0 0 0 0 0 0 0 0 0 0 0 0 0 0 0 0 0 0 0 0 0 0 0 0 0 0 0 0 
0 0 0 0 0 0 0 0 0 0 0 0 0 0 0 0 2.95314e+10 1.61443e+12 2.22979e+13 1.60457e+14 7.58504e+14 2.63634e+15 7.25131e+15 1.65488e+16 3.24986e+16 5.63006e+16 8.77012e+16 1.24882e+17 1.64464e+17 2.02358e+17 2.33486e+17 2.54223e+17 2.6131e+17 0 0 0 0 0 0 0 0 0 0 0 0 0 0 0 0 0 0 0 0 0 0 0 0 0 0 0 0 0 0 0 0 
0 0 0 0 0 0 0 0 0 0 0 0 0 0 0 0 0 2.4412e+11 5.79471e+12 5.67973e+13 3.33466e+14 1.37458e+15 4.33698e+15 1.1092e+16 2.3912e+16 4.47376e+16 7.43753e+16 1.11699e+17 1.53334e+17 1.94322e+17 2.29104e+17 2.52515e+17 2.60657e+17 0 0 0 0 0 0 0 0 0 0 0 0 0 0 0 0 0 0 0 0 0 0 0 0 0 0 0 0 0 0 0 0 
0 0 0 0 0 0 0 0 0 0 0 0 0 0 0 0 0 2.02167e+10 1.13054e+12 1.62672e+13 1.2264e+14 6.07583e+14 2.21875e+15 6.38172e+15 1.51756e+16 3.08422e+16 5.47829e+16 8.68198e+16 1.24468e+17 1.62903e+17 1.96534e+17 2.19304e+17 2.27508e+17 0 0 0 0 0 0 0 0 0 0 0 0 0 0 0 0 0 0 0 0 0 0 0 0 0 0 0 0 0 0 0 0 
0 0 0 0 0 0 0 0 0 0 0 0 0 0 0 0 0 0 1.52107e+11 3.69869e+12 3.73579e+13 2.27461e+14 9.70399e+14 3.16916e+15 8.3586e+15 1.84437e+16 3.51601e+16 5.88952e+16 8.82396e+16 1.19587e+17 1.47642e+17 1.67163e+17 1.74179e+17 0 0 0 0 0 0 0 0 0 0 0 0 0 0 0 0 0 0 0 0 0 0 0 0 0 0 0 0 0 0 0 0 
0 0 0 0 0 0 0 0 0 0 0 0 0 0 0 0 0 0 1.16397e+10 6.40114e+11 9.37257e+12 7.20221e+13 3.65322e+14 1.36311e+15 3.99255e+15 9.65526e+15 1.97454e+16 3.50798e+16 5.49733e+16 7.70889e+16 9.75529e+16 1.12125e+17 1.17391e+17 0 0 0 0 0 0 0 0 0 0 0 0 0 0 0 0 0 0 0 0 0 0 0 0 0 0 0 0 0 0 0 0 
0 0 0 0 0 0 0 0 0 0 0 0 0 0 0 0 0 0 0 7.82245e+10 1.8915e+12 1.92298e+13 1.18077e+14 5.09047e+14 1.67648e+15 4.42375e+15 9.76238e+15 1.84061e+16 3.02508e+16 4.39456e+16 5.6973e+16 6.64634e+16 6.99181e+16 0 0 0 0 0 0 0 0 0 0 0 0 0 0 0 0 0 0 0 0 0 0 0 0 0 0 0 0 0 0 0 0 
0 0 0 0 0 0 0 0 0 0 0 0 0 0 0 0 0 0 0 5.70418e+09 2.96226e+11 4.28117e+12 3.2749e+13 1.65641e+14 6.15229e+14 1.79107e+15 4.2602e+15 8.55234e+15 1.4758e+16 2.22527e+16 2.96154e+16 3.50568e+16 3.70474e+16 0 0 0 0 0 0 0 0 0 0 0 0 0 0 0 0 0 0 0 0 0 0 0 0 0 0 0 0 0 0 0 0 
0 0 0 0 0 0 0 0 0 0 0 0 0 0 0 0 0 0 0 0 3.3381e+10 7.79577e+11 7.7612e+12 4.68834e+13 1.98856e+14 6.42987e+14 1.66017e+15 3.54511e+15 6.43162e+15 1.0043e+16 1.37357e+16 1.64999e+16 1.75549e+16 0 0 0 0 0 0 0 0 0 0 0 0 0 0 0 0 0 0 0 0 0 0 0 0 0 0 0 0 0 0 0 0 
0 0 0 0 0 0 0 0 0 0 0 0 0 0 0 0 0 0 0 0 2.43801e+09 1.12541e+11 1.56024e+12 1.156e+13 5.67908e+13 2.0443e+14 5.75665e+14 1.31671e+15 2.51379e+15 4.0868e+15 5.73263e+15 6.99715e+15 7.47146e+15 0 0 0 0 0 0 0 0 0 0 0 0 0 0 0 0 0 0 0 0 0 0 0 0 0 0 0 0 0 0 0 0 
0 0 0 0 0 0 0 0 0 0 0 0 0 0 0 0 0 0 0 0 0 1.19387e+10 2.60262e+11 2.47133e+12 1.42975e+13 5.82575e+13 1.79503e+14 4.40288e+14 8.85904e+14 1.50085e+15 2.16088e+15 2.68398e+15 2.88269e+15 0 0 0 0 0 0 0 0 0 0 0 0 0 0 0 0 0 0 0 0 0 0 0 0 0 0 0 0 0 0 0 0 
0 0 0 0 0 0 0 0 0 0 0 0 0 0 0 0 0 0 0 0 0 9.3139e+08 3.54942e+10 4.55432e+11 3.18553e+12 1.48206e+13 5.03366e+13 1.33336e+14 2.84272e+14 5.00601e+14 7.43519e+14 9.37947e+14 1.01252e+15 0 0 0 0 0 0 0 0 0 0 0 0 0 0 0 0 0 0 0 0 0 0 0 0 0 0 0 0 0 0 0 0 
0 0 0 0 0 0 0 0 0 0 0 0 0 0 0 0 0 0 0 0 0 0 3.64791e+09 7.12201e+10 6.24811e+11 3.36742e+12 1.27996e+13 3.66378e+13 8.29368e+13 1.52927e+14 2.33343e+14 2.99618e+14 3.25735e+14 0 0 0 0 0 0 0 0 0 0 0 0 0 0 0 0 0 0 0 0 0 0 0 0 0 0 0 0 0 0 0 0 
0 0 0 0 0 0 0 0 0 0 0 0 0 0 0 0 0 0 0 0 0 0 3.26024e+08 9.457e+09 1.07605e+11 6.89101e+11 2.94539e+12 9.18645e+12 2.22014e+13 4.28426e+13 6.75769e+13 8.8201e+13 9.63608e+13 0 0 0 0 0 0 0 0 0 0 0 0 0 0 0 0 0 0 0 0 0 0 0 0 0 0 0 0 0 0 0 0 
0 0 0 0 0 0 0 0 0 0 0 0 0 0 0 0 0 0 0 0 0 0 0 9.66108e+08 1.62556e+10 1.26914e+11 6.16304e+11 2.11706e+12 5.46174e+12 1.1081e+13 1.80746e+13 2.40764e+13 2.64443e+13 0 0 0 0 0 0 0 0 0 0 0 0 0 0 0 0 0 0 0 0 0 0 0 0 0 0 0 0 0 0 0 0 
0 0 0 0 0 0 0 0 0 0 0 0 0 0 0 0 0 0 0 0 0 0 0 1.06287e+08 2.17709e+09 2.09241e+10 1.18556e+11 4.49928e+11 1.24896e+12 2.66403e+12 4.49757e+12 6.12156e+12 6.76533e+12 0 0 0 0 0 0 0 0 0 0 0 0 0 0 0 0 0 0 0 0 0 0 0 0 0 0 0 0 0 0 0 0 
0 0 0 0 0 0 0 0 0 0 0 0 0 0 0 0 0 0 0 0 0 0 0 0 2.24671e+08 3.15966e+09 2.1003e+10 8.87355e+10 2.66741e+11 5.98353e+11 1.04767e+12 1.45452e+12 1.62084e+12 0 0 0 0 0 0 0 0 0 0 0 0 0 0 0 0 0 0 0 0 0 0 0 0 0 0 0 0 0 0 0 0 
0 0 0 0 0 0 0 0 0 0 0 0 0 0 0 0 0 0 0 0 0 0 0 0 3.20909e+07 4.46552e+08 3.42098e+09 1.64575e+10 5.3487e+10 1.27286e+11 2.31127e+11 3.28308e+11 3.67741e+11 0 0 0 0 0 0 0 0 0 0 0 0 0 0 0 0 0 0 0 0 0 0 0 0 0 0 0 0 0 0 0 0 
0 0 0 0 0 0 0 0 0 0 0 0 0 0 0 0 0 0 0 0 0 0 0 0 0 4.59025e+07 5.35662e+08 2.90057e+09 1.02082e+10 2.58766e+10 4.87634e+10 7.07653e+10 7.99219e+10 0 0 0 0 0 0 0 0 0 0 0 0 0 0 0 0 0 0 0 0 0 0 0 0 0 0 0 0 0 0 0 0 
0 0 0 0 0 0 0 0 0 0 0 0 0 0 0 0 0 0 0 0 0 0 0 0 0 8.77907e+06 8.12802e+07 4.75509e+08 1.89067e+09 5.05783e+09 9.89871e+09 1.46771e+10 1.6708e+10 0 0 0 0 0 0 0 0 0 0 0 0 0 0 0 0 0 0 0 0 0 0 0 0 0 0 0 0 0 0 0 0 
0 0 0 0 0 0 0 0 0 0 0 0 0 0 0 0 0 0 0 0 0 0 0 0 0 0 7.91736e+06 8.12344e+07 3.38663e+08 9.54838e+08 1.98258e+09 2.97107e+09 3.41801e+09 0 0 0 0 0 0 0 0 0 0 0 0 0 0 0 0 0 0 0 0 0 0 0 0 0 0 0 0 0 0 0 0 
0 0 0 0 0 0 0 0 0 0 0 0 0 0 0 0 0 0 0 0 0 0 0 0 0 0 2.11903e+06 1.29472e+07 5.64283e+07 1.85e+08 3.81067e+08 5.99664e+08 6.84984e+08 0 0 0 0 0 0 0 0 0 0 0 0 0 0 0 0 0 0 0 0 0 0 0 0 0 0 0 0 0 0 0 0 
0 0 0 0 0 0 0 0 0 0 0 0 0 0 0 0 0 0 0 0 0 0 0 0 0 0 0 1.1023e+06 1.08877e+07 3.27648e+07 7.35986e+07 1.19657e+08 1.36168e+08 0 0 0 0 0 0 0 0 0 0 0 0 0 0 0 0 0 0 0 0 0 0 0 0 0 0 0 0 0 0 0 0 
0 0 0 0 0 0 0 0 0 0 0 0 0 0 0 0 0 0 0 0 0 0 0 0 0 0 0 439017 1.70705e+06 5.59192e+06 1.52119e+07 2.22227e+07 2.86326e+07 0 0 0 0 0 0 0 0 0 0 0 0 0 0 0 0 0 0 0 0 0 0 0 0 0 0 0 0 0 0 0 0 
0 0 0 0 0 0 0 0 0 0 0 0 0 0 0 0 0 0 0 0 0 0 0 0 0 0 0 0 114173 1.26013e+06 2.41713e+06 4.69513e+06 5.21814e+06 0 0 0 0 0 0 0 0 0 0 0 0 0 0 0 0 0 0 0 0 0 0 0 0 0 0 0 0 0 0 0 0 
0 0 0 0 0 0 0 0 0 0 0 0 0 0 0 0 0 0 0 0 0 0 0 0 0 0 0 0 75233 171777 458640 967375 941915 0 0 0 0 0 0 0 0 0 0 0 0 0 0 0 0 0 0 0 0 0 0 0 0 0 0 0 0 0 0 0 0 
0 0 0 0 0 0 0 0 0 0 0 0 0 0 0 0 0 0 0 0 0 0 0 0 0 0 0 0 0 7776.21 117576 111625 240478 0 0 0 0 0 0 0 0 0 0 0 0 0 0 0 0 0 0 0 0 0 0 0 0 0 0 0 0 0 0 0 0 
0 0 0 0 0 0 0 0 0 0 0 0 0 0 0 0 0 0 0 0 0 0 0 0 0 0 0 0 0 10172.2 11592.9 32598.3 37606.4 0 0 0 0 0 0 0 0 0 0 0 0 0 0 0 0 0 0 0 0 0 0 0 0 0 0 0 0 0 0 0 0 
0 0 0 0 0 0 0 0 0 0 0 0 0 0 0 0 0 0 0 0 0 0 0 0 0 0 0 0 0 0 259.315 7726.41 2046.29 0 0 0 0 0 0 0 0 0 0 0 0 0 0 0 0 0 0 0 0 0 0 0 0 0 0 0 0 0 0 0 0 
0 0 0 0 0 0 0 0 0 0 0 0 0 0 0 0 0 0 0 0 0 0 0 0 0 0 0 0 0 0 1010.58 386.419 1930.87 0 0 0 0 0 0 0 0 0 0 0 0 0 0 0 0 0 0 0 0 0 0 0 0 0 0 0 0 0 0 0 0 
0 0 0 0 0 0 0 0 0 0 0 0 0 0 0 0 0 0 0 0 0 0 0 0 0 0 0 0 0 0 0 0 257.871 0 0 0 0 0 0 0 0 0 0 0 0 0 0 0 0 0 0 0 0 0 0 0 0 0 0 0 0 0 0 0 0 
0 0 0 0 0 0 0 0 0 0 0 0 0 0 0 0 0 0 0 0 0 0 0 0 0 0 0 0 0 0 0 65.1987 0 0 0 0 0 0 0 0 0 0 0 0 0 0 0 0 0 0 0 0 0 0 0 0 0 0 0 0 0 0 0 0 0 
0 0 0 0 0 0 0 0 0 0 0 0 0 0 0 0 0 0 0 0 0 0 0 0 0 0 0 0 0 0 0 0 0 0 0 0 0 0 0 0 0 0 0 0 0 0 0 0 0 0 0 0 0 0 0 0 0 0 0 0 0 0 0 0 0 
0 0 0 0 0 0 0 0 0 0 0 0 0 0 0 0 0 0 0 0 0 0 0 0 0 0 0 0 0 0 0 0 2.03746 0 0 0 0 0 0 0 0 0 0 0 0 0 0 0 0 0 0 0 0 0 0 0 0 0 0 0 0 0 0 0 0 
