1 0 0 0 0 0 0 0 0 0 0 0 0 0 0 0 0 0 0 0 0 0 0 0 0 0 0 0 0 0 0 0 0 0 0 0 0 0 0 0 0 0 0 0 0 0 0 0 0 0 0 0 0 0 0 0 0 0 0 0 0 0 0 0 0 
0 0 0 0 0 0 0 0 0 0 0 0 0 0 0 0 0 0 0 0 0 0 0 0 0 0 0 0 0 0 0 0 0 0 0 0 0 0 0 0 0 0 0 0 0 0 0 0 0 0 0 0 0 0 0 0 0 0 0 0 0 0 0 0 0 
0 64 0 0 0 0 0 0 0 0 0 0 0 0 0 0 0 0 0 0 0 0 0 0 0 0 0 0 0 0 0 0 0 0 0 0 0 0 0 0 0 0 0 0 0 0 0 0 0 0 0 0 0 0 0 0 0 0 0 0 0 0 0 0 0 
0 0 128 0 0 0 0 0 0 0 0 0 0 0 0 0 0 0 0 0 0 0 0 0 0 0 0 0 0 0 0 0 0 0 0 0 0 0 0 0 0 0 0 0 0 0 0 0 0 0 0 0 0 0 0 0 0 0 0 0 0 0 0 0 0 
0 0 1888 382.295 63.503 0 0 0 0 0 0 0 0 0 0 0 0 0 0 0 0 0 0 0 0 0 0 0 0 0 0 0 0 0 0 0 0 0 0 0 0 0 0 0 0 0 0 0 0 0 0 0 0 0 0 0 0 0 0 0 0 0 0 0 0 
0 0 0 7171.41 1146.42 511.717 127.583 0 0 0 0 0 0 0 0 0 0 0 0 0 0 0 0 0 0 0 0 0 0 0 0 0 0 0 0 0 0 0 0 0 0 0 0 0 0 0 0 0 0 0 0 0 0 0 0 0 0 0 0 0 0 0 0 0 0 
0 0 0 34110.3 27289.7 6842.29 2552.33 1398.43 382.058 63.5458 0 0 0 0 0 0 0 0 0 0 0 0 0 0 0 0 0 0 0 0 0 0 0 0 0 0 0 0 0 0 0 0 0 0 0 0 0 0 0 0 0 0 0 0 0 0 0 0 0 0 0 0 0 0 0 
0 0 0 0 183775 97276.9 42879.3 16859 8538.51 4581.99 1936.1 518.442 133.952 0 0 0 0 0 0 0 0 0 0 0 0 0 0 0 0 0 0 0 0 0 0 0 0 0 0 0 0 0 0 0 0 0 0 0 0 0 0 0 0 0 0 0 0 0 0 0 0 0 0 0 0 
0 0 0 0 423101 828411 412800 223197 121668 59515.4 33625.9 19929 9770.01 4411.91 1404.28 390.606 80.2025 0 0 0 0 0 0 0 15.523 0 0 0 0 0 0 0 15.7806 0 0 0 0 0 0 0 0 0 0 0 0 0 0 0 0 0 0 0 0 0 0 0 0 0 0 0 0 0 0 0 0 
0 0 0 0 0 2.86238e+06 3.32657e+06 1.98414e+06 1.14225e+06 720350 427846 251944 154264 93819.5 55505 29544.9 13943 6010.61 2181.64 751.408 366.444 250.446 265.696 245.476 0 270.28 256.378 256.08 255.208 259.759 262.527 257.379 0 0 0 0 0 0 0 0 0 0 0 0 0 0 0 0 0 0 0 0 0 0 0 0 0 0 0 0 0 0 0 0 0 
0 0 0 0 0 3.82909e+06 1.45993e+07 1.35273e+07 9.37626e+06 6.09366e+06 4.03522e+06 2.69302e+06 1.78007e+06 1.16288e+06 773624 509104 327978 204132 119319 67264.4 36185.8 21353.6 13562.6 10493.4 11649.3 9578.54 9574.86 9150.31 9271.15 9154.51 9314.01 9600.59 11267.4 0 0 0 0 0 0 0 0 0 0 0 0 0 0 0 0 0 0 0 0 0 0 0 0 0 0 0 0 0 0 0 0 
0 0 0 0 0 0 3.0344e+07 6.3745e+07 5.75091e+07 4.3296e+07 3.14187e+07 2.22544e+07 1.58254e+07 1.14085e+07 8.19484e+06 5.86142e+06 4.15076e+06 2.92269e+06 2.08898e+06 1.44493e+06 1.01564e+06 707620 497409 367352 282503 246766 225928 218371 217444 218232 215385 212925 205449 0 0 0 0 0 0 0 0 0 0 0 0 0 0 0 0 0 0 0 0 0 0 0 0 0 0 0 0 0 0 0 0 
0 0 0 0 0 0 2.62461e+07 1.69372e+08 2.62813e+08 2.46294e+08 1.98526e+08 1.55441e+08 1.18717e+08 9.03322e+07 6.88944e+07 5.22909e+07 4.00181e+07 3.06473e+07 2.32815e+07 1.7857e+07 1.36134e+07 1.05002e+07 8.26894e+06 6.63862e+06 5.49732e+06 4.60447e+06 3.96939e+06 3.6512e+06 3.42324e+06 3.27057e+06 3.22033e+06 3.19684e+06 3.23383e+06 0 0 0 0 0 0 0 0 0 0 0 0 0 0 0 0 0 0 0 0 0 0 0 0 0 0 0 0 0 0 0 0 
0 0 0 0 0 0 0 2.3281e+08 7.85097e+08 1.06727e+09 1.04266e+09 9.0132e+08 7.48028e+08 6.07231e+08 4.88721e+08 3.93124e+08 3.1455e+08 2.53925e+08 2.04905e+08 1.66395e+08 1.34904e+08 1.09935e+08 9.11225e+07 7.64746e+07 6.5277e+07 5.64724e+07 5.03442e+07 4.57325e+07 4.26769e+07 4.04384e+07 3.87833e+07 3.77703e+07 3.74446e+07 0 0 0 0 0 0 0 0 0 0 0 0 0 0 0 0 0 0 0 0 0 0 0 0 0 0 0 0 0 0 0 0 
0 0 0 0 0 0 0 1.39536e+08 1.38494e+09 3.3004e+09 4.27856e+09 4.34278e+09 3.98427e+09 3.48438e+09 2.97428e+09 2.51538e+09 2.125e+09 1.78439e+09 1.50759e+09 1.26709e+09 1.07393e+09 9.16177e+08 7.84707e+08 6.8324e+08 5.97534e+08 5.33899e+08 4.8218e+08 4.44295e+08 4.15377e+08 3.93157e+08 3.79411e+08 3.7006e+08 3.68041e+08 0 0 0 0 0 0 0 0 0 0 0 0 0 0 0 0 0 0 0 0 0 0 0 0 0 0 0 0 0 0 0 0 
0 0 0 0 0 0 0 0 1.33947e+09 6.67427e+09 1.31319e+10 1.68149e+10 1.7733e+10 1.70571e+10 1.56737e+10 1.40157e+10 1.23619e+10 1.08873e+10 9.53115e+09 8.33324e+09 7.345e+09 6.46458e+09 5.69488e+09 5.08e+09 4.57125e+09 4.16157e+09 3.82127e+09 3.56618e+09 3.37572e+09 3.21519e+09 3.10058e+09 3.02523e+09 3.01501e+09 0 0 0 0 0 0 0 0 0 0 0 0 0 0 0 0 0 0 0 0 0 0 0 0 0 0 0 0 0 0 0 0 
0 0 0 0 0 0 0 0 5.85692e+08 8.31223e+09 2.84021e+10 5.03448e+10 6.44709e+10 7.04294e+10 7.07875e+10 6.79803e+10 6.33757e+10 5.80935e+10 5.28742e+10 4.80303e+10 4.35065e+10 3.93726e+10 3.59517e+10 3.27713e+10 3.01766e+10 2.78055e+10 2.5987e+10 2.45794e+10 2.33732e+10 2.24072e+10 2.1803e+10 2.14706e+10 2.13134e+10 0 0 0 0 0 0 0 0 0 0 0 0 0 0 0 0 0 0 0 0 0 0 0 0 0 0 0 0 0 0 0 0 
0 0 0 0 0 0 0 0 0 5.92798e+09 4.09454e+10 1.11316e+11 1.86461e+11 2.41184e+11 2.71543e+11 2.83336e+11 2.8199e+11 2.73145e+11 2.59709e+11 2.44472e+11 2.29164e+11 2.13602e+11 1.99611e+11 1.86143e+11 1.7464e+11 1.6483e+11 1.56979e+11 1.49547e+11 1.43334e+11 1.3888e+11 1.3581e+11 1.33569e+11 1.32907e+11 0 0 0 0 0 0 0 0 0 0 0 0 0 0 0 0 0 0 0 0 0 0 0 0 0 0 0 0 0 0 0 0 
0 0 0 0 0 0 0 0 0 1.96197e+09 3.76508e+10 1.7449e+11 4.11394e+11 6.66892e+11 8.73819e+11 1.01295e+12 1.09157e+12 1.12478e+12 1.12668e+12 1.10461e+12 1.06911e+12 1.02946e+12 9.86055e+11 9.45748e+11 9.04546e+11 8.68822e+11 8.36038e+11 8.06431e+11 7.81683e+11 7.63215e+11 7.48745e+11 7.43623e+11 7.39829e+11 0 0 0 0 0 0 0 0 0 0 0 0 0 0 0 0 0 0 0 0 0 0 0 0 0 0 0 0 0 0 0 0 
0 0 0 0 0 0 0 0 0 0 2.04884e+10 1.86487e+11 6.70764e+11 1.44443e+12 2.2981e+12 3.05393e+12 3.63719e+12 4.03921e+12 4.28899e+12 4.41497e+12 4.46054e+12 4.43443e+12 4.38372e+12 4.29238e+12 4.20403e+12 4.10554e+12 4.01085e+12 3.91841e+12 3.84856e+12 3.78445e+12 3.74183e+12 3.70272e+12 3.70213e+12 0 0 0 0 0 0 0 0 0 0 0 0 0 0 0 0 0 0 0 0 0 0 0 0 0 0 0 0 0 0 0 0 
0 0 0 0 0 0 0 0 0 0 5.29894e+09 1.31105e+11 7.86315e+11 2.38636e+12 4.83587e+12 7.62187e+12 1.02704e+13 1.2531e+13 1.42865e+13 1.55907e+13 1.64749e+13 1.70331e+13 1.73445e+13 1.75006e+13 1.75167e+13 1.74454e+13 1.72983e+13 1.71657e+13 1.70172e+13 1.69311e+13 1.68113e+13 1.67397e+13 1.67123e+13 0 0 0 0 0 0 0 0 0 0 0 0 0 0 0 0 0 0 0 0 0 0 0 0 0 0 0 0 0 0 0 0 
0 0 0 0 0 0 0 0 0 0 0 5.60071e+10 6.4379e+11 2.94307e+12 7.95394e+12 1.54488e+13 2.42391e+13 3.30933e+13 4.12542e+13 4.81902e+13 5.37708e+13 5.81336e+13 6.1384e+13 6.38645e+13 6.54932e+13 6.66992e+13 6.74777e+13 6.78467e+13 6.81728e+13 6.82595e+13 6.81793e+13 6.83015e+13 6.8395e+13 0 0 0 0 0 0 0 0 0 0 0 0 0 0 0 0 0 0 0 0 0 0 0 0 0 0 0 0 0 0 0 0 
0 0 0 0 0 0 0 0 0 0 0 1.16054e+10 3.55583e+11 2.65259e+12 1.00306e+13 2.49341e+13 4.70198e+13 7.36772e+13 1.01752e+14 1.28985e+14 1.5397e+14 1.75363e+14 1.93653e+14 2.08429e+14 2.20136e+14 2.2925e+14 2.36662e+14 2.42489e+14 2.46545e+14 2.49202e+14 2.51214e+14 2.52074e+14 2.52435e+14 0 0 0 0 0 0 0 0 0 0 0 0 0 0 0 0 0 0 0 0 0 0 0 0 0 0 0 0 0 0 0 0 
0 0 0 0 0 0 0 0 0 0 0 0 1.22123e+11 1.70784e+12 9.56905e+12 3.15766e+13 7.36995e+13 1.3595e+14 2.13014e+14 2.97569e+14 3.82674e+14 4.64881e+14 5.3883e+14 6.05075e+14 6.61825e+14 7.09719e+14 7.48188e+14 7.7967e+14 8.03926e+14 8.224e+14 8.34294e+14 8.42218e+14 8.44616e+14 0 0 0 0 0 0 0 0 0 0 0 0 0 0 0 0 0 0 0 0 0 0 0 0 0 0 0 0 0 0 0 0 
0 0 0 0 0 0 0 0 0 0 0 0 2.07123e+10 7.58908e+11 6.79112e+12 3.09967e+13 9.23383e+13 2.05463e+14 3.72328e+14 5.83212e+14 8.22679e+14 1.07141e+15 1.32032e+15 1.55234e+15 1.76475e+15 1.9525e+15 2.11543e+15 2.24719e+15 2.35712e+15 2.44057e+15 2.49808e+15 2.53234e+15 2.54261e+15 0 0 0 0 0 0 0 0 0 0 0 0 0 0 0 0 0 0 0 0 0 0 0 0 0 0 0 0 0 0 0 0 
0 0 0 0 0 0 0 0 0 0 0 0 0 2.13639e+11 3.5213e+12 2.33571e+13 9.15512e+13 2.51598e+14 5.3869e+14 9.62417e+14 1.5055e+15 2.13664e+15 2.8111e+15 3.4957e+15 4.15911e+15 4.77284e+15 5.32727e+15 5.80237e+15 6.1972e+15 6.50268e+15 6.73199e+15 6.86154e+15 6.91069e+15 0 0 0 0 0 0 0 0 0 0 0 0 0 0 0 0 0 0 0 0 0 0 0 0 0 0 0 0 0 0 0 0 
0 0 0 0 0 0 0 0 0 0 0 0 0 3.02648e+10 1.2822e+12 1.3366e+13 7.1277e+13 2.47973e+14 6.39472e+14 1.32491e+15 2.33476e+15 3.64465e+15 5.18325e+15 6.87078e+15 8.60446e+15 1.03047e+16 1.18864e+16 1.3309e+16 1.45106e+16 1.54787e+16 1.61787e+16 1.66083e+16 1.67536e+16 0 0 0 0 0 0 0 0 0 0 0 0 0 0 0 0 0 0 0 0 0 0 0 0 0 0 0 0 0 0 0 0 
0 0 0 0 0 0 0 0 0 0 0 0 0 0 3.01827e+11 5.67412e+12 4.32932e+13 1.95874e+14 6.18898e+14 1.51085e+15 3.04194e+15 5.28928e+15 8.22061e+15 1.17033e+16 1.55294e+16 1.94789e+16 2.33775e+16 2.69925e+16 3.01481e+16 3.27482e+16 3.46603e+16 3.58448e+16 3.62212e+16 0 0 0 0 0 0 0 0 0 0 0 0 0 0 0 0 0 0 0 0 0 0 0 0 0 0 0 0 0 0 0 0 
0 0 0 0 0 0 0 0 0 0 0 0 0 0 3.63143e+10 1.72713e+12 2.03295e+13 1.23065e+14 4.87279e+14 1.42319e+15 3.31271e+15 6.48581e+15 1.11173e+16 1.71207e+16 2.42894e+16 3.21958e+16 4.02869e+16 4.81505e+16 5.52891e+16 6.12761e+16 6.58356e+16 6.86289e+16 6.9568e+16 0 0 0 0 0 0 0 0 0 0 0 0 0 0 0 0 0 0 0 0 0 0 0 0 0 0 0 0 0 0 0 0 
0 0 0 0 0 0 0 0 0 0 0 0 0 0 0 3.45514e+11 7.20614e+12 6.14396e+13 3.1136e+14 1.10425e+15 3.01028e+15 6.71098e+15 1.27831e+16 2.15294e+16 3.28027e+16 4.60929e+16 6.0594e+16 7.52423e+16 8.90407e+16 1.00937e+17 1.10011e+17 1.1584e+17 1.17829e+17 0 0 0 0 0 0 0 0 0 0 0 0 0 0 0 0 0 0 0 0 0 0 0 0 0 0 0 0 0 0 0 0 
0 0 0 0 0 0 0 0 0 0 0 0 0 0 0 3.596e+10 1.86265e+12 2.4075e+13 1.61089e+14 7.05697e+14 2.27818e+15 5.83378e+15 1.24691e+16 2.30937e+16 3.80874e+16 5.71304e+16 7.91864e+16 1.02589e+17 1.25392e+17 1.45577e+17 1.61673e+17 1.71796e+17 1.75445e+17 0 0 0 0 0 0 0 0 0 0 0 0 0 0 0 0 0 0 0 0 0 0 0 0 0 0 0 0 0 0 0 0 
0 0 0 0 0 0 0 0 0 0 0 0 0 0 0 0 3.21611e+11 7.24346e+12 6.71401e+13 3.71205e+14 1.43811e+15 4.27219e+15 1.03208e+16 2.11654e+16 3.79507e+16 6.10236e+16 8.94719e+16 1.21393e+17 1.54025e+17 1.84076e+17 2.07965e+17 2.23533e+17 2.28681e+17 0 0 0 0 0 0 0 0 0 0 0 0 0 0 0 0 0 0 0 0 0 0 0 0 0 0 0 0 0 0 0 0 
0 0 0 0 0 0 0 0 0 0 0 0 0 0 0 0 2.95029e+10 1.61495e+12 2.22962e+13 1.6053e+14 7.57532e+14 2.63565e+15 7.25192e+15 1.65467e+16 3.24952e+16 5.62163e+16 8.76549e+16 1.24934e+17 1.64571e+17 2.02356e+17 2.3353e+17 2.53983e+17 2.61459e+17 0 0 0 0 0 0 0 0 0 0 0 0 0 0 0 0 0 0 0 0 0 0 0 0 0 0 0 0 0 0 0 0 
0 0 0 0 0 0 0 0 0 0 0 0 0 0 0 0 0 2.44319e+11 5.79527e+12 5.67905e+13 3.33912e+14 1.37491e+15 4.33979e+15 1.10844e+16 2.38873e+16 4.4756e+16 7.4381e+16 1.11667e+17 1.5321e+17 1.94137e+17 2.2907e+17 2.52645e+17 2.60427e+17 0 0 0 0 0 0 0 0 0 0 0 0 0 0 0 0 0 0 0 0 0 0 0 0 0 0 0 0 0 0 0 0 
0 0 0 0 0 0 0 0 0 0 0 0 0 0 0 0 0 2.01713e+10 1.1307e+12 1.62503e+13 1.22457e+14 6.07883e+14 2.21579e+15 6.39204e+15 1.5186e+16 3.0833e+16 5.47901e+16 8.67318e+16 1.24355e+17 1.62903e+17 1.9647e+17 2.19353e+17 2.27707e+17 0 0 0 0 0 0 0 0 0 0 0 0 0 0 0 0 0 0 0 0 0 0 0 0 0 0 0 0 0 0 0 0 
0 0 0 0 0 0 0 0 0 0 0 0 0 0 0 0 0 0 1.52166e+11 3.69501e+12 3.73811e+13 2.27184e+14 9.71843e+14 3.16771e+15 8.35858e+15 1.84537e+16 3.51371e+16 5.89155e+16 8.82996e+16 1.1954e+17 1.47593e+17 1.6709e+17 1.74184e+17 0 0 0 0 0 0 0 0 0 0 0 0 0 0 0 0 0 0 0 0 0 0 0 0 0 0 0 0 0 0 0 0 
0 0 0 0 0 0 0 0 0 0 0 0 0 0 0 0 0 0 1.15938e+10 6.40405e+11 9.36321e+12 7.20904e+13 3.65275e+14 1.3625e+15 4.00035e+15 9.65182e+15 1.97645e+16 3.50944e+16 5.49874e+16 7.71197e+16 9.75539e+16 1.12106e+17 1.17393e+17 0 0 0 0 0 0 0 0 0 0 0 0 0 0 0 0 0 0 0 0 0 0 0 0 0 0 0 0 0 0 0 0 
0 0 0 0 0 0 0 0 0 0 0 0 0 0 0 0 0 0 0 7.81078e+10 1.89066e+12 1.92187e+13 1.18052e+14 5.093e+14 1.6739e+15 4.43072e+15 9.75974e+15 1.84139e+16 3.02614e+16 4.39667e+16 5.70281e+16 6.64734e+16 6.98823e+16 0 0 0 0 0 0 0 0 0 0 0 0 0 0 0 0 0 0 0 0 0 0 0 0 0 0 0 0 0 0 0 0 
0 0 0 0 0 0 0 0 0 0 0 0 0 0 0 0 0 0 0 5.69829e+09 2.96339e+11 4.27568e+12 3.27692e+13 1.65597e+14 6.15318e+14 1.79212e+15 4.26835e+15 8.55771e+15 1.47517e+16 2.22316e+16 2.96143e+16 3.50489e+16 3.7054e+16 0 0 0 0 0 0 0 0 0 0 0 0 0 0 0 0 0 0 0 0 0 0 0 0 0 0 0 0 0 0 0 0 
0 0 0 0 0 0 0 0 0 0 0 0 0 0 0 0 0 0 0 0 3.3304e+10 7.79597e+11 7.75464e+12 4.68857e+13 1.99044e+14 6.42972e+14 1.65865e+15 3.54592e+15 6.4368e+15 1.00683e+16 1.3737e+16 1.65167e+16 1.75452e+16 0 0 0 0 0 0 0 0 0 0 0 0 0 0 0 0 0 0 0 0 0 0 0 0 0 0 0 0 0 0 0 0 
0 0 0 0 0 0 0 0 0 0 0 0 0 0 0 0 0 0 0 0 2.43748e+09 1.12469e+11 1.55669e+12 1.15626e+13 5.68015e+13 2.04741e+14 5.76471e+14 1.31705e+15 2.51372e+15 4.0865e+15 5.7288e+15 6.99754e+15 7.47799e+15 0 0 0 0 0 0 0 0 0 0 0 0 0 0 0 0 0 0 0 0 0 0 0 0 0 0 0 0 0 0 0 0 
0 0 0 0 0 0 0 0 0 0 0 0 0 0 0 0 0 0 0 0 0 1.19115e+10 2.60494e+11 2.46811e+12 1.43055e+13 5.8259e+13 1.7973e+14 4.40209e+14 8.86331e+14 1.50021e+15 2.16632e+15 2.68819e+15 2.88685e+15 0 0 0 0 0 0 0 0 0 0 0 0 0 0 0 0 0 0 0 0 0 0 0 0 0 0 0 0 0 0 0 0 
0 0 0 0 0 0 0 0 0 0 0 0 0 0 0 0 0 0 0 0 0 9.29653e+08 3.55457e+10 4.54863e+11 3.17685e+12 1.47817e+13 5.04133e+13 1.33417e+14 2.8441e+14 5.01392e+14 7.4385e+14 9.38454e+14 1.01347e+15 0 0 0 0 0 0 0 0 0 0 0 0 0 0 0 0 0 0 0 0 0 0 0 0 0 0 0 0 0 0 0 0 
0 0 0 0 0 0 0 0 0 0 0 0 0 0 0 0 0 0 0 0 0 0 3.64126e+09 7.1446e+10 6.24958e+11 3.37118e+12 1.27937e+13 3.66478e+13 8.29993e+13 1.53023e+14 2.3364e+14 2.99998e+14 3.25958e+14 0 0 0 0 0 0 0 0 0 0 0 0 0 0 0 0 0 0 0 0 0 0 0 0 0 0 0 0 0 0 0 0 
0 0 0 0 0 0 0 0 0 0 0 0 0 0 0 0 0 0 0 0 0 0 3.24986e+08 9.48358e+09 1.07545e+11 6.87539e+11 2.94427e+12 9.21164e+12 2.22137e+13 4.28534e+13 6.76199e+13 8.83485e+13 9.65321e+13 0 0 0 0 0 0 0 0 0 0 0 0 0 0 0 0 0 0 0 0 0 0 0 0 0 0 0 0 0 0 0 0 
0 0 0 0 0 0 0 0 0 0 0 0 0 0 0 0 0 0 0 0 0 0 0 9.64304e+08 1.6277e+10 1.26839e+11 6.1594e+11 2.11914e+12 5.47319e+12 1.10782e+13 1.80696e+13 2.41067e+13 2.64756e+13 0 0 0 0 0 0 0 0 0 0 0 0 0 0 0 0 0 0 0 0 0 0 0 0 0 0 0 0 0 0 0 0 
0 0 0 0 0 0 0 0 0 0 0 0 0 0 0 0 0 0 0 0 0 0 0 1.0541e+08 2.19027e+09 2.09793e+10 1.18475e+11 4.50492e+11 1.25186e+12 2.66512e+12 4.49445e+12 6.10858e+12 6.7596e+12 0 0 0 0 0 0 0 0 0 0 0 0 0 0 0 0 0 0 0 0 0 0 0 0 0 0 0 0 0 0 0 0 
0 0 0 0 0 0 0 0 0 0 0 0 0 0 0 0 0 0 0 0 0 0 0 0 2.24709e+08 3.17218e+09 2.10043e+10 8.87372e+10 2.66362e+11 5.98702e+11 1.04762e+12 1.45504e+12 1.6223e+12 0 0 0 0 0 0 0 0 0 0 0 0 0 0 0 0 0 0 0 0 0 0 0 0 0 0 0 0 0 0 0 0 
0 0 0 0 0 0 0 0 0 0 0 0 0 0 0 0 0 0 0 0 0 0 0 0 3.17835e+07 4.47569e+08 3.43457e+09 1.64523e+10 5.34598e+10 1.27722e+11 2.31234e+11 3.27672e+11 3.67892e+11 0 0 0 0 0 0 0 0 0 0 0 0 0 0 0 0 0 0 0 0 0 0 0 0 0 0 0 0 0 0 0 0 
0 0 0 0 0 0 0 0 0 0 0 0 0 0 0 0 0 0 0 0 0 0 0 0 0 4.56974e+07 5.38568e+08 2.90845e+09 1.01961e+10 2.58514e+10 4.87183e+10 7.05749e+10 7.96509e+10 0 0 0 0 0 0 0 0 0 0 0 0 0 0 0 0 0 0 0 0 0 0 0 0 0 0 0 0 0 0 0 0 
0 0 0 0 0 0 0 0 0 0 0 0 0 0 0 0 0 0 0 0 0 0 0 0 0 8.68237e+06 8.17813e+07 4.7647e+08 1.89783e+09 5.03773e+09 9.93144e+09 1.46764e+10 1.66998e+10 0 0 0 0 0 0 0 0 0 0 0 0 0 0 0 0 0 0 0 0 0 0 0 0 0 0 0 0 0 0 0 0 
0 0 0 0 0 0 0 0 0 0 0 0 0 0 0 0 0 0 0 0 0 0 0 0 0 0 7.88941e+06 8.13254e+07 3.39056e+08 9.52473e+08 1.97476e+09 2.96242e+09 3.42453e+09 0 0 0 0 0 0 0 0 0 0 0 0 0 0 0 0 0 0 0 0 0 0 0 0 0 0 0 0 0 0 0 0 
0 0 0 0 0 0 0 0 0 0 0 0 0 0 0 0 0 0 0 0 0 0 0 0 0 0 2.09717e+06 1.29928e+07 5.64979e+07 1.85228e+08 3.80409e+08 5.97962e+08 6.82421e+08 0 0 0 0 0 0 0 0 0 0 0 0 0 0 0 0 0 0 0 0 0 0 0 0 0 0 0 0 0 0 0 0 
0 0 0 0 0 0 0 0 0 0 0 0 0 0 0 0 0 0 0 0 0 0 0 0 0 0 0 1.09593e+06 1.09088e+07 3.28115e+07 7.38108e+07 1.19294e+08 1.35671e+08 0 0 0 0 0 0 0 0 0 0 0 0 0 0 0 0 0 0 0 0 0 0 0 0 0 0 0 0 0 0 0 0 
0 0 0 0 0 0 0 0 0 0 0 0 0 0 0 0 0 0 0 0 0 0 0 0 0 0 0 434006 1.71213e+06 5.59009e+06 1.52358e+07 2.2204e+07 2.85177e+07 0 0 0 0 0 0 0 0 0 0 0 0 0 0 0 0 0 0 0 0 0 0 0 0 0 0 0 0 0 0 0 0 
0 0 0 0 0 0 0 0 0 0 0 0 0 0 0 0 0 0 0 0 0 0 0 0 0 0 0 0 113492 1.25972e+06 2.41575e+06 4.69325e+06 5.19441e+06 0 0 0 0 0 0 0 0 0 0 0 0 0 0 0 0 0 0 0 0 0 0 0 0 0 0 0 0 0 0 0 0 
0 0 0 0 0 0 0 0 0 0 0 0 0 0 0 0 0 0 0 0 0 0 0 0 0 0 0 0 74392 172233 460999 968224 941715 0 0 0 0 0 0 0 0 0 0 0 0 0 0 0 0 0 0 0 0 0 0 0 0 0 0 0 0 0 0 0 0 
0 0 0 0 0 0 0 0 0 0 0 0 0 0 0 0 0 0 0 0 0 0 0 0 0 0 0 0 0 7733.41 117516 111911 240463 0 0 0 0 0 0 0 0 0 0 0 0 0 0 0 0 0 0 0 0 0 0 0 0 0 0 0 0 0 0 0 0 
0 0 0 0 0 0 0 0 0 0 0 0 0 0 0 0 0 0 0 0 0 0 0 0 0 0 0 0 0 10057.9 11593.5 32562.2 37614.5 0 0 0 0 0 0 0 0 0 0 0 0 0 0 0 0 0 0 0 0 0 0 0 0 0 0 0 0 0 0 0 0 
0 0 0 0 0 0 0 0 0 0 0 0 0 0 0 0 0 0 0 0 0 0 0 0 0 0 0 0 0 0 257.908 7696.71 2063.35 0 0 0 0 0 0 0 0 0 0 0 0 0 0 0 0 0 0 0 0 0 0 0 0 0 0 0 0 0 0 0 0 
0 0 0 0 0 0 0 0 0 0 0 0 0 0 0 0 0 0 0 0 0 0 0 0 0 0 0 0 0 0 999.013 386.44 1927.49 0 0 0 0 0 0 0 0 0 0 0 0 0 0 0 0 0 0 0 0 0 0 0 0 0 0 0 0 0 0 0 0 
0 0 0 0 0 0 0 0 0 0 0 0 0 0 0 0 0 0 0 0 0 0 0 0 0 0 0 0 0 0 0 0 257.073 0 0 0 0 0 0 0 0 0 0 0 0 0 0 0 0 0 0 0 0 0 0 0 0 0 0 0 0 0 0 0 0 
0 0 0 0 0 0 0 0 0 0 0 0 0 0 0 0 0 0 0 0 0 0 0 0 0 0 0 0 0 0 0 64.4525 0 0 0 0 0 0 0 0 0 0 0 0 0 0 0 0 0 0 0 0 0 0 0 0 0 0 0 0 0 0 0 0 0 
0 0 0 0 0 0 0 0 0 0 0 0 0 0 0 0 0 0 0 0 0 0 0 0 0 0 0 0 0 0 0 0 0 0 0 0 0 0 0 0 0 0 0 0 0 0 0 0 0 0 0 0 0 0 0 0 0 0 0 0 0 0 0 0 0 
0 0 0 0 0 0 0 0 0 0 0 0 0 0 0 0 0 0 0 0 0 0 0 0 0 0 0 0 0 0 0 0 2.01414 0 0 0 0 0 0 0 0 0 0 0 0 0 0 0 0 0 0 0 0 0 0 0 0 0 0 0 0 0 0 0 0 
