1 0 0 0 0 0 0 0 0 0 0 0 0 0 0 0 0 0 0 0 0 0 0 0 0 0 0 0 0 0 0 0 0 0 0 0 0 0 0 0 0 0 0 0 0 0 0 0 0 0 0 0 0 0 0 0 0 0 0 0 0 0 0 0 0 
0 0 0 0 0 0 0 0 0 0 0 0 0 0 0 0 0 0 0 0 0 0 0 0 0 0 0 0 0 0 0 0 0 0 0 0 0 0 0 0 0 0 0 0 0 0 0 0 0 0 0 0 0 0 0 0 0 0 0 0 0 0 0 0 0 
0 64 0 0 0 0 0 0 0 0 0 0 0 0 0 0 0 0 0 0 0 0 0 0 0 0 0 0 0 0 0 0 0 0 0 0 0 0 0 0 0 0 0 0 0 0 0 0 0 0 0 0 0 0 0 0 0 0 0 0 0 0 0 0 0 
0 0 128 0 0 0 0 0 0 0 0 0 0 0 0 0 0 0 0 0 0 0 0 0 0 0 0 0 0 0 0 0 0 0 0 0 0 0 0 0 0 0 0 0 0 0 0 0 0 0 0 0 0 0 0 0 0 0 0 0 0 0 0 0 0 
0 0 1888 384.082 64.0505 0 0 0 0 0 0 0 0 0 0 0 0 0 0 0 0 0 0 0 0 0 0 0 0 0 0 0 0 0 0 0 0 0 0 0 0 0 0 0 0 0 0 0 0 0 0 0 0 0 0 0 0 0 0 0 0 0 0 0 0 
0 0 0 7167.84 1147.38 513.146 128.111 0 0 0 0 0 0 0 0 0 0 0 0 0 0 0 0 0 0 0 0 0 0 0 0 0 0 0 0 0 0 0 0 0 0 0 0 0 0 0 0 0 0 0 0 0 0 0 0 0 0 0 0 0 0 0 0 0 0 
0 0 0 34112.1 27359.4 6898.49 2570.8 1414.08 383.574 63.599 0 0 0 0 0 0 0 0 0 0 0 0 0 0 0 0 0 0 0 0 0 0 0 0 0 0 0 0 0 0 0 0 0 0 0 0 0 0 0 0 0 0 0 0 0 0 0 0 0 0 0 0 0 0 0 
0 0 0 0 183631 97289.3 42954.3 16932.2 8682.54 4659.97 1944.46 518.456 128.181 0 0 0 0 0 0 0 0 0 0 0 0 0 0 0 0 0 0 0 0 0 0 0 0 0 0 0 0 0 0 0 0 0 0 0 0 0 0 0 0 0 0 0 0 0 0 0 0 0 0 0 0 
0 0 0 0 423174 830221 412875 223631 120800 59414.8 33499.5 20115.9 9768.39 4423.41 1434.54 385.805 83.021 0 0 0 0 0 0 0 16.6287 0 0 0 0 0 0 0 16.1716 0 0 0 0 0 0 0 0 0 0 0 0 0 0 0 0 0 0 0 0 0 0 0 0 0 0 0 0 0 0 0 0 
0 0 0 0 0 2.85849e+06 3.32859e+06 1.98055e+06 1.14408e+06 720648 428723 249650 154678 94522 55632.8 29688.3 14346.1 6061.86 2150.67 766.629 380.485 245.844 251.824 265.692 0 256.989 256.2 258.494 257.272 261.126 256.223 258.507 0 0 0 0 0 0 0 0 0 0 0 0 0 0 0 0 0 0 0 0 0 0 0 0 0 0 0 0 0 0 0 0 0 
0 0 0 0 0 3.8311e+06 1.46056e+07 1.35406e+07 9.38286e+06 6.12415e+06 4.03344e+06 2.70065e+06 1.80258e+06 1.17274e+06 773922 512170 327517 207156 120032 66938.1 36422.4 21212.2 14009.3 10766.5 11849.5 9621.82 9462.88 9294.36 9488 9180.82 9511.48 9504.01 11302.2 0 0 0 0 0 0 0 0 0 0 0 0 0 0 0 0 0 0 0 0 0 0 0 0 0 0 0 0 0 0 0 0 
0 0 0 0 0 0 3.03245e+07 6.37936e+07 5.75113e+07 4.34408e+07 3.15978e+07 2.23883e+07 1.5945e+07 1.15004e+07 8.18077e+06 5.88986e+06 4.15461e+06 2.93401e+06 2.0962e+06 1.47348e+06 1.02624e+06 709337 500104 370748 281960 245115 230270 223192 217712 218613 217994 213461 206357 0 0 0 0 0 0 0 0 0 0 0 0 0 0 0 0 0 0 0 0 0 0 0 0 0 0 0 0 0 0 0 0 
0 0 0 0 0 0 2.62571e+07 1.69349e+08 2.63186e+08 2.46267e+08 1.99654e+08 1.56361e+08 1.19203e+08 9.06497e+07 6.93639e+07 5.26237e+07 4.03638e+07 3.07031e+07 2.3435e+07 1.79329e+07 1.37291e+07 1.05633e+07 8.32902e+06 6.70054e+06 5.49061e+06 4.63519e+06 4.01645e+06 3.63426e+06 3.42358e+06 3.30541e+06 3.22686e+06 3.19193e+06 3.22278e+06 0 0 0 0 0 0 0 0 0 0 0 0 0 0 0 0 0 0 0 0 0 0 0 0 0 0 0 0 0 0 0 0 
0 0 0 0 0 0 0 2.32673e+08 7.85007e+08 1.06918e+09 1.04348e+09 9.05926e+08 7.51683e+08 6.09987e+08 4.90199e+08 3.94504e+08 3.15445e+08 2.54342e+08 2.06059e+08 1.66983e+08 1.34877e+08 1.10433e+08 9.14979e+07 7.62543e+07 6.52086e+07 5.67148e+07 5.05412e+07 4.58855e+07 4.2727e+07 4.02834e+07 3.86069e+07 3.75067e+07 3.73464e+07 0 0 0 0 0 0 0 0 0 0 0 0 0 0 0 0 0 0 0 0 0 0 0 0 0 0 0 0 0 0 0 0 
0 0 0 0 0 0 0 1.39638e+08 1.38429e+09 3.30015e+09 4.27823e+09 4.34222e+09 3.99408e+09 3.49101e+09 2.98538e+09 2.52881e+09 2.12708e+09 1.79148e+09 1.50857e+09 1.27207e+09 1.07706e+09 9.18369e+08 7.87275e+08 6.8788e+08 5.98627e+08 5.32529e+08 4.81154e+08 4.43474e+08 4.14333e+08 3.92031e+08 3.784e+08 3.71879e+08 3.68828e+08 0 0 0 0 0 0 0 0 0 0 0 0 0 0 0 0 0 0 0 0 0 0 0 0 0 0 0 0 0 0 0 0 
0 0 0 0 0 0 0 0 1.33948e+09 6.67181e+09 1.31549e+10 1.68379e+10 1.77211e+10 1.70875e+10 1.57039e+10 1.40495e+10 1.24534e+10 1.08959e+10 9.52466e+09 8.31464e+09 7.29132e+09 6.43165e+09 5.72355e+09 5.07862e+09 4.57435e+09 4.14751e+09 3.81612e+09 3.56449e+09 3.34276e+09 3.19486e+09 3.08379e+09 3.02302e+09 3.009e+09 0 0 0 0 0 0 0 0 0 0 0 0 0 0 0 0 0 0 0 0 0 0 0 0 0 0 0 0 0 0 0 0 
0 0 0 0 0 0 0 0 5.86035e+08 8.31023e+09 2.83785e+10 5.03391e+10 6.45557e+10 7.05196e+10 7.08818e+10 6.79463e+10 6.32649e+10 5.8057e+10 5.27979e+10 4.7915e+10 4.34162e+10 3.94285e+10 3.58685e+10 3.27274e+10 3.00589e+10 2.78436e+10 2.60564e+10 2.45141e+10 2.32677e+10 2.23615e+10 2.18184e+10 2.14555e+10 2.12904e+10 0 0 0 0 0 0 0 0 0 0 0 0 0 0 0 0 0 0 0 0 0 0 0 0 0 0 0 0 0 0 0 0 
0 0 0 0 0 0 0 0 0 5.9297e+09 4.09239e+10 1.11379e+11 1.86581e+11 2.41109e+11 2.71959e+11 2.83536e+11 2.82246e+11 2.73226e+11 2.59722e+11 2.43852e+11 2.28496e+11 2.13099e+11 1.99096e+11 1.86667e+11 1.74682e+11 1.6438e+11 1.55655e+11 1.48538e+11 1.43117e+11 1.3869e+11 1.35408e+11 1.34019e+11 1.33335e+11 0 0 0 0 0 0 0 0 0 0 0 0 0 0 0 0 0 0 0 0 0 0 0 0 0 0 0 0 0 0 0 0 
0 0 0 0 0 0 0 0 0 1.9629e+09 3.76606e+10 1.74336e+11 4.111e+11 6.67329e+11 8.74102e+11 1.01395e+12 1.09334e+12 1.12542e+12 1.12476e+12 1.10411e+12 1.0683e+12 1.0299e+12 9.85412e+11 9.43381e+11 9.02337e+11 8.65649e+11 8.34623e+11 8.04635e+11 7.82215e+11 7.64127e+11 7.52131e+11 7.4218e+11 7.42365e+11 0 0 0 0 0 0 0 0 0 0 0 0 0 0 0 0 0 0 0 0 0 0 0 0 0 0 0 0 0 0 0 0 
0 0 0 0 0 0 0 0 0 0 2.0498e+10 1.86487e+11 6.71167e+11 1.44308e+12 2.29848e+12 3.05463e+12 3.63374e+12 4.0396e+12 4.29374e+12 4.4176e+12 4.45746e+12 4.42777e+12 4.37475e+12 4.27678e+12 4.18857e+12 4.09532e+12 3.99891e+12 3.91692e+12 3.83245e+12 3.78828e+12 3.7511e+12 3.71672e+12 3.71899e+12 0 0 0 0 0 0 0 0 0 0 0 0 0 0 0 0 0 0 0 0 0 0 0 0 0 0 0 0 0 0 0 0 
0 0 0 0 0 0 0 0 0 0 5.29977e+09 1.31154e+11 7.85539e+11 2.38757e+12 4.83531e+12 7.61659e+12 1.02699e+13 1.25204e+13 1.42878e+13 1.55669e+13 1.64572e+13 1.70488e+13 1.73339e+13 1.74744e+13 1.74847e+13 1.74158e+13 1.72883e+13 1.71714e+13 1.70655e+13 1.69245e+13 1.68199e+13 1.67598e+13 1.6778e+13 0 0 0 0 0 0 0 0 0 0 0 0 0 0 0 0 0 0 0 0 0 0 0 0 0 0 0 0 0 0 0 0 
0 0 0 0 0 0 0 0 0 0 0 5.60368e+10 6.44142e+11 2.94325e+12 7.94857e+12 1.54482e+13 2.42505e+13 3.31288e+13 4.12239e+13 4.8181e+13 5.38891e+13 5.81718e+13 6.1515e+13 6.38511e+13 6.55553e+13 6.66036e+13 6.74316e+13 6.78662e+13 6.81663e+13 6.82251e+13 6.83851e+13 6.84498e+13 6.82185e+13 0 0 0 0 0 0 0 0 0 0 0 0 0 0 0 0 0 0 0 0 0 0 0 0 0 0 0 0 0 0 0 0 
0 0 0 0 0 0 0 0 0 0 0 1.15959e+10 3.55687e+11 2.65117e+12 1.00343e+13 2.49367e+13 4.70104e+13 7.36693e+13 1.01829e+14 1.29191e+14 1.53899e+14 1.75668e+14 1.9368e+14 2.08595e+14 2.20535e+14 2.29682e+14 2.36792e+14 2.42271e+14 2.46489e+14 2.49266e+14 2.51212e+14 2.52276e+14 2.52903e+14 0 0 0 0 0 0 0 0 0 0 0 0 0 0 0 0 0 0 0 0 0 0 0 0 0 0 0 0 0 0 0 0 
0 0 0 0 0 0 0 0 0 0 0 0 1.22157e+11 1.70883e+12 9.57155e+12 3.15689e+13 7.37022e+13 1.35933e+14 2.12933e+14 2.97463e+14 3.83049e+14 4.64742e+14 5.39212e+14 6.04977e+14 6.61309e+14 7.09438e+14 7.46955e+14 7.78528e+14 8.04363e+14 8.2215e+14 8.34279e+14 8.41307e+14 8.44073e+14 0 0 0 0 0 0 0 0 0 0 0 0 0 0 0 0 0 0 0 0 0 0 0 0 0 0 0 0 0 0 0 0 
0 0 0 0 0 0 0 0 0 0 0 0 2.06824e+10 7.58739e+11 6.79037e+12 3.10087e+13 9.23359e+13 2.05413e+14 3.72555e+14 5.83418e+14 8.2245e+14 1.0725e+15 1.31999e+15 1.55417e+15 1.76465e+15 1.95322e+15 2.1152e+15 2.25254e+15 2.35624e+15 2.44071e+15 2.50016e+15 2.53635e+15 2.54776e+15 0 0 0 0 0 0 0 0 0 0 0 0 0 0 0 0 0 0 0 0 0 0 0 0 0 0 0 0 0 0 0 0 
0 0 0 0 0 0 0 0 0 0 0 0 0 2.13761e+11 3.52048e+12 2.33699e+13 9.15252e+13 2.51618e+14 5.38615e+14 9.62417e+14 1.5058e+15 2.13573e+15 2.81199e+15 3.49702e+15 4.1594e+15 4.77354e+15 5.32973e+15 5.79877e+15 6.20218e+15 6.50524e+15 6.72658e+15 6.85035e+15 6.89741e+15 0 0 0 0 0 0 0 0 0 0 0 0 0 0 0 0 0 0 0 0 0 0 0 0 0 0 0 0 0 0 0 0 
0 0 0 0 0 0 0 0 0 0 0 0 0 3.02026e+10 1.28263e+12 1.33445e+13 7.1306e+13 2.48115e+14 6.39119e+14 1.32447e+15 2.33415e+15 3.64311e+15 5.18587e+15 6.86912e+15 8.60835e+15 1.03058e+16 1.18874e+16 1.33136e+16 1.45064e+16 1.54722e+16 1.61923e+16 1.66206e+16 1.67543e+16 0 0 0 0 0 0 0 0 0 0 0 0 0 0 0 0 0 0 0 0 0 0 0 0 0 0 0 0 0 0 0 0 
0 0 0 0 0 0 0 0 0 0 0 0 0 0 3.01612e+11 5.67984e+12 4.3305e+13 1.95652e+14 6.18914e+14 1.51069e+15 3.04216e+15 5.28966e+15 8.21904e+15 1.16916e+16 1.55279e+16 1.94997e+16 2.33832e+16 2.69943e+16 3.0173e+16 3.27447e+16 3.46833e+16 3.585e+16 3.62677e+16 0 0 0 0 0 0 0 0 0 0 0 0 0 0 0 0 0 0 0 0 0 0 0 0 0 0 0 0 0 0 0 0 
0 0 0 0 0 0 0 0 0 0 0 0 0 0 3.62394e+10 1.72784e+12 2.03084e+13 1.23197e+14 4.87525e+14 1.42293e+15 3.31339e+15 6.48863e+15 1.11115e+16 1.71506e+16 2.42967e+16 3.21746e+16 4.02949e+16 4.81259e+16 5.52828e+16 6.13247e+16 6.57034e+16 6.86526e+16 6.9593e+16 0 0 0 0 0 0 0 0 0 0 0 0 0 0 0 0 0 0 0 0 0 0 0 0 0 0 0 0 0 0 0 0 
0 0 0 0 0 0 0 0 0 0 0 0 0 0 0 3.44849e+11 7.2128e+12 6.14339e+13 3.11361e+14 1.10489e+15 3.00837e+15 6.70808e+15 1.27813e+16 2.15113e+16 3.28042e+16 4.61219e+16 6.05998e+16 7.53168e+16 8.90615e+16 1.00883e+17 1.1016e+17 1.1573e+17 1.17794e+17 0 0 0 0 0 0 0 0 0 0 0 0 0 0 0 0 0 0 0 0 0 0 0 0 0 0 0 0 0 0 0 0 
0 0 0 0 0 0 0 0 0 0 0 0 0 0 0 3.58717e+10 1.86274e+12 2.40512e+13 1.6112e+14 7.05889e+14 2.27894e+15 5.83412e+15 1.24773e+16 2.30871e+16 3.80646e+16 5.70589e+16 7.91607e+16 1.02472e+17 1.25334e+17 1.4576e+17 1.61703e+17 1.71999e+17 1.75324e+17 0 0 0 0 0 0 0 0 0 0 0 0 0 0 0 0 0 0 0 0 0 0 0 0 0 0 0 0 0 0 0 0 
0 0 0 0 0 0 0 0 0 0 0 0 0 0 0 0 3.20835e+11 7.25169e+12 6.70733e+13 3.70955e+14 1.43803e+15 4.27007e+15 1.03172e+16 2.11637e+16 3.79516e+16 6.10135e+16 8.94405e+16 1.21473e+17 1.53936e+17 1.83744e+17 2.0785e+17 2.2332e+17 2.28784e+17 0 0 0 0 0 0 0 0 0 0 0 0 0 0 0 0 0 0 0 0 0 0 0 0 0 0 0 0 0 0 0 0 
0 0 0 0 0 0 0 0 0 0 0 0 0 0 0 0 2.9421e+10 1.61392e+12 2.23069e+13 1.60554e+14 7.58257e+14 2.6394e+15 7.25186e+15 1.65479e+16 3.25043e+16 5.62766e+16 8.76714e+16 1.24945e+17 1.64702e+17 2.02391e+17 2.335e+17 2.54175e+17 2.61323e+17 0 0 0 0 0 0 0 0 0 0 0 0 0 0 0 0 0 0 0 0 0 0 0 0 0 0 0 0 0 0 0 0 
0 0 0 0 0 0 0 0 0 0 0 0 0 0 0 0 0 2.43771e+11 5.79162e+12 5.67603e+13 3.33557e+14 1.37447e+15 4.33952e+15 1.10918e+16 2.38875e+16 4.47652e+16 7.44169e+16 1.11546e+17 1.53232e+17 1.94337e+17 2.29122e+17 2.52455e+17 2.60768e+17 0 0 0 0 0 0 0 0 0 0 0 0 0 0 0 0 0 0 0 0 0 0 0 0 0 0 0 0 0 0 0 0 
0 0 0 0 0 0 0 0 0 0 0 0 0 0 0 0 0 2.01163e+10 1.12843e+12 1.62571e+13 1.2255e+14 6.06986e+14 2.2185e+15 6.38864e+15 1.51842e+16 3.08161e+16 5.47619e+16 8.6846e+16 1.24317e+17 1.62865e+17 1.96475e+17 2.19314e+17 2.27466e+17 0 0 0 0 0 0 0 0 0 0 0 0 0 0 0 0 0 0 0 0 0 0 0 0 0 0 0 0 0 0 0 0 
0 0 0 0 0 0 0 0 0 0 0 0 0 0 0 0 0 0 1.51958e+11 3.69289e+12 3.73932e+13 2.27381e+14 9.7035e+14 3.16933e+15 8.36227e+15 1.84482e+16 3.51606e+16 5.89071e+16 8.82617e+16 1.19504e+17 1.47622e+17 1.67208e+17 1.74103e+17 0 0 0 0 0 0 0 0 0 0 0 0 0 0 0 0 0 0 0 0 0 0 0 0 0 0 0 0 0 0 0 0 
0 0 0 0 0 0 0 0 0 0 0 0 0 0 0 0 0 0 1.15736e+10 6.4e+11 9.35725e+12 7.21144e+13 3.65134e+14 1.36301e+15 4.00043e+15 9.65628e+15 1.9744e+16 3.50858e+16 5.50175e+16 7.71246e+16 9.75506e+16 1.12199e+17 1.1748e+17 0 0 0 0 0 0 0 0 0 0 0 0 0 0 0 0 0 0 0 0 0 0 0 0 0 0 0 0 0 0 0 0 
0 0 0 0 0 0 0 0 0 0 0 0 0 0 0 0 0 0 0 7.80837e+10 1.88868e+12 1.92213e+13 1.18126e+14 5.0887e+14 1.67383e+15 4.43049e+15 9.77035e+15 1.84034e+16 3.02551e+16 4.39482e+16 5.70167e+16 6.6401e+16 6.99107e+16 0 0 0 0 0 0 0 0 0 0 0 0 0 0 0 0 0 0 0 0 0 0 0 0 0 0 0 0 0 0 0 0 
0 0 0 0 0 0 0 0 0 0 0 0 0 0 0 0 0 0 0 5.66513e+09 2.96244e+11 4.27207e+12 3.27702e+13 1.65551e+14 6.14816e+14 1.79179e+15 4.26661e+15 8.56015e+15 1.47582e+16 2.22437e+16 2.9603e+16 3.50362e+16 3.70364e+16 0 0 0 0 0 0 0 0 0 0 0 0 0 0 0 0 0 0 0 0 0 0 0 0 0 0 0 0 0 0 0 0 
0 0 0 0 0 0 0 0 0 0 0 0 0 0 0 0 0 0 0 0 3.33009e+10 7.79033e+11 7.77209e+12 4.69546e+13 1.99072e+14 6.42654e+14 1.65837e+15 3.54661e+15 6.4371e+15 1.00647e+16 1.37383e+16 1.65109e+16 1.75588e+16 0 0 0 0 0 0 0 0 0 0 0 0 0 0 0 0 0 0 0 0 0 0 0 0 0 0 0 0 0 0 0 0 
0 0 0 0 0 0 0 0 0 0 0 0 0 0 0 0 0 0 0 0 2.41683e+09 1.12536e+11 1.55347e+12 1.15528e+13 5.68051e+13 2.047e+14 5.763e+14 1.31644e+15 2.51212e+15 4.09154e+15 5.73498e+15 7.00497e+15 7.47375e+15 0 0 0 0 0 0 0 0 0 0 0 0 0 0 0 0 0 0 0 0 0 0 0 0 0 0 0 0 0 0 0 0 
0 0 0 0 0 0 0 0 0 0 0 0 0 0 0 0 0 0 0 0 0 1.19302e+10 2.60111e+11 2.46841e+12 1.43192e+13 5.81638e+13 1.79642e+14 4.40493e+14 8.87733e+14 1.49976e+15 2.16399e+15 2.68558e+15 2.88357e+15 0 0 0 0 0 0 0 0 0 0 0 0 0 0 0 0 0 0 0 0 0 0 0 0 0 0 0 0 0 0 0 0 
0 0 0 0 0 0 0 0 0 0 0 0 0 0 0 0 0 0 0 0 0 9.21693e+08 3.55285e+10 4.54337e+11 3.18254e+12 1.48232e+13 5.03988e+13 1.33441e+14 2.8427e+14 5.01304e+14 7.42785e+14 9.37535e+14 1.01362e+15 0 0 0 0 0 0 0 0 0 0 0 0 0 0 0 0 0 0 0 0 0 0 0 0 0 0 0 0 0 0 0 0 
0 0 0 0 0 0 0 0 0 0 0 0 0 0 0 0 0 0 0 0 0 0 3.64087e+09 7.12751e+10 6.24181e+11 3.3748e+12 1.27864e+13 3.66591e+13 8.30542e+13 1.52995e+14 2.33786e+14 2.99989e+14 3.26036e+14 0 0 0 0 0 0 0 0 0 0 0 0 0 0 0 0 0 0 0 0 0 0 0 0 0 0 0 0 0 0 0 0 
0 0 0 0 0 0 0 0 0 0 0 0 0 0 0 0 0 0 0 0 0 0 3.22305e+08 9.45971e+09 1.07827e+11 6.88983e+11 2.95073e+12 9.19641e+12 2.22372e+13 4.28399e+13 6.75484e+13 8.8395e+13 9.64023e+13 0 0 0 0 0 0 0 0 0 0 0 0 0 0 0 0 0 0 0 0 0 0 0 0 0 0 0 0 0 0 0 0 
0 0 0 0 0 0 0 0 0 0 0 0 0 0 0 0 0 0 0 0 0 0 0 9.63768e+08 1.6259e+10 1.26741e+11 6.17697e+11 2.12236e+12 5.46634e+12 1.10811e+13 1.80478e+13 2.40514e+13 2.64659e+13 0 0 0 0 0 0 0 0 0 0 0 0 0 0 0 0 0 0 0 0 0 0 0 0 0 0 0 0 0 0 0 0 
0 0 0 0 0 0 0 0 0 0 0 0 0 0 0 0 0 0 0 0 0 0 0 1.04975e+08 2.18019e+09 2.09932e+10 1.18539e+11 4.50861e+11 1.24944e+12 2.66443e+12 4.49503e+12 6.10723e+12 6.76157e+12 0 0 0 0 0 0 0 0 0 0 0 0 0 0 0 0 0 0 0 0 0 0 0 0 0 0 0 0 0 0 0 0 
0 0 0 0 0 0 0 0 0 0 0 0 0 0 0 0 0 0 0 0 0 0 0 0 2.24438e+08 3.1521e+09 2.10054e+10 8.86746e+10 2.66472e+11 6.00805e+11 1.04817e+12 1.45714e+12 1.61726e+12 0 0 0 0 0 0 0 0 0 0 0 0 0 0 0 0 0 0 0 0 0 0 0 0 0 0 0 0 0 0 0 0 
0 0 0 0 0 0 0 0 0 0 0 0 0 0 0 0 0 0 0 0 0 0 0 0 3.15073e+07 4.44801e+08 3.42536e+09 1.64847e+10 5.35694e+10 1.27559e+11 2.31445e+11 3.27499e+11 3.67992e+11 0 0 0 0 0 0 0 0 0 0 0 0 0 0 0 0 0 0 0 0 0 0 0 0 0 0 0 0 0 0 0 0 
0 0 0 0 0 0 0 0 0 0 0 0 0 0 0 0 0 0 0 0 0 0 0 0 0 4.55548e+07 5.35702e+08 2.90304e+09 1.01822e+10 2.58491e+10 4.89015e+10 7.07459e+10 7.97882e+10 0 0 0 0 0 0 0 0 0 0 0 0 0 0 0 0 0 0 0 0 0 0 0 0 0 0 0 0 0 0 0 0 
0 0 0 0 0 0 0 0 0 0 0 0 0 0 0 0 0 0 0 0 0 0 0 0 0 8.61305e+06 8.10411e+07 4.73916e+08 1.89969e+09 5.0657e+09 9.90348e+09 1.47458e+10 1.66977e+10 0 0 0 0 0 0 0 0 0 0 0 0 0 0 0 0 0 0 0 0 0 0 0 0 0 0 0 0 0 0 0 0 
0 0 0 0 0 0 0 0 0 0 0 0 0 0 0 0 0 0 0 0 0 0 0 0 0 0 7.86684e+06 8.09951e+07 3.38005e+08 9.55181e+08 1.97278e+09 2.97469e+09 3.43908e+09 0 0 0 0 0 0 0 0 0 0 0 0 0 0 0 0 0 0 0 0 0 0 0 0 0 0 0 0 0 0 0 0 
0 0 0 0 0 0 0 0 0 0 0 0 0 0 0 0 0 0 0 0 0 0 0 0 0 0 2.08093e+06 1.289e+07 5.6118e+07 1.84855e+08 3.81287e+08 6.00463e+08 6.86271e+08 0 0 0 0 0 0 0 0 0 0 0 0 0 0 0 0 0 0 0 0 0 0 0 0 0 0 0 0 0 0 0 0 
0 0 0 0 0 0 0 0 0 0 0 0 0 0 0 0 0 0 0 0 0 0 0 0 0 0 0 1.0908e+06 1.08566e+07 3.26555e+07 7.38728e+07 1.19307e+08 1.35917e+08 0 0 0 0 0 0 0 0 0 0 0 0 0 0 0 0 0 0 0 0 0 0 0 0 0 0 0 0 0 0 0 0 
0 0 0 0 0 0 0 0 0 0 0 0 0 0 0 0 0 0 0 0 0 0 0 0 0 0 0 431302 1.69495e+06 5.55776e+06 1.51244e+07 2.22892e+07 2.85939e+07 0 0 0 0 0 0 0 0 0 0 0 0 0 0 0 0 0 0 0 0 0 0 0 0 0 0 0 0 0 0 0 0 
0 0 0 0 0 0 0 0 0 0 0 0 0 0 0 0 0 0 0 0 0 0 0 0 0 0 0 0 112862 1.25445e+06 2.40437e+06 4.69838e+06 5.19714e+06 0 0 0 0 0 0 0 0 0 0 0 0 0 0 0 0 0 0 0 0 0 0 0 0 0 0 0 0 0 0 0 0 
0 0 0 0 0 0 0 0 0 0 0 0 0 0 0 0 0 0 0 0 0 0 0 0 0 0 0 0 73927 170358 455044 963185 941598 0 0 0 0 0 0 0 0 0 0 0 0 0 0 0 0 0 0 0 0 0 0 0 0 0 0 0 0 0 0 0 0 
0 0 0 0 0 0 0 0 0 0 0 0 0 0 0 0 0 0 0 0 0 0 0 0 0 0 0 0 0 7671.92 116696 111150 240295 0 0 0 0 0 0 0 0 0 0 0 0 0 0 0 0 0 0 0 0 0 0 0 0 0 0 0 0 0 0 0 0 
0 0 0 0 0 0 0 0 0 0 0 0 0 0 0 0 0 0 0 0 0 0 0 0 0 0 0 0 0 9993.76 11486.2 32256.9 37413.8 0 0 0 0 0 0 0 0 0 0 0 0 0 0 0 0 0 0 0 0 0 0 0 0 0 0 0 0 0 0 0 0 
0 0 0 0 0 0 0 0 0 0 0 0 0 0 0 0 0 0 0 0 0 0 0 0 0 0 0 0 0 0 256.442 7666.59 2041.01 0 0 0 0 0 0 0 0 0 0 0 0 0 0 0 0 0 0 0 0 0 0 0 0 0 0 0 0 0 0 0 0 
0 0 0 0 0 0 0 0 0 0 0 0 0 0 0 0 0 0 0 0 0 0 0 0 0 0 0 0 0 0 992.91 383.127 1906.13 0 0 0 0 0 0 0 0 0 0 0 0 0 0 0 0 0 0 0 0 0 0 0 0 0 0 0 0 0 0 0 0 
0 0 0 0 0 0 0 0 0 0 0 0 0 0 0 0 0 0 0 0 0 0 0 0 0 0 0 0 0 0 0 0 255.839 0 0 0 0 0 0 0 0 0 0 0 0 0 0 0 0 0 0 0 0 0 0 0 0 0 0 0 0 0 0 0 0 
0 0 0 0 0 0 0 0 0 0 0 0 0 0 0 0 0 0 0 0 0 0 0 0 0 0 0 0 0 0 0 64.0587 0 0 0 0 0 0 0 0 0 0 0 0 0 0 0 0 0 0 0 0 0 0 0 0 0 0 0 0 0 0 0 0 0 
0 0 0 0 0 0 0 0 0 0 0 0 0 0 0 0 0 0 0 0 0 0 0 0 0 0 0 0 0 0 0 0 0 0 0 0 0 0 0 0 0 0 0 0 0 0 0 0 0 0 0 0 0 0 0 0 0 0 0 0 0 0 0 0 0 
0 0 0 0 0 0 0 0 0 0 0 0 0 0 0 0 0 0 0 0 0 0 0 0 0 0 0 0 0 0 0 0 2.00183 0 0 0 0 0 0 0 0 0 0 0 0 0 0 0 0 0 0 0 0 0 0 0 0 0 0 0 0 0 0 0 0 
