1 0 0 0 0 0 0 0 0 0 0 0 0 0 0 0 0 0 0 0 0 0 0 0 0 0 0 0 0 0 0 0 0 0 0 0 0 0 0 0 0 0 0 0 0 0 0 0 0 0 0 0 0 0 0 0 0 0 0 0 0 0 0 0 0 
0 0 0 0 0 0 0 0 0 0 0 0 0 0 0 0 0 0 0 0 0 0 0 0 0 0 0 0 0 0 0 0 0 0 0 0 0 0 0 0 0 0 0 0 0 0 0 0 0 0 0 0 0 0 0 0 0 0 0 0 0 0 0 0 0 
0 64 0 0 0 0 0 0 0 0 0 0 0 0 0 0 0 0 0 0 0 0 0 0 0 0 0 0 0 0 0 0 0 0 0 0 0 0 0 0 0 0 0 0 0 0 0 0 0 0 0 0 0 0 0 0 0 0 0 0 0 0 0 0 0 
0 0 128 0 0 0 0 0 0 0 0 0 0 0 0 0 0 0 0 0 0 0 0 0 0 0 0 0 0 0 0 0 0 0 0 0 0 0 0 0 0 0 0 0 0 0 0 0 0 0 0 0 0 0 0 0 0 0 0 0 0 0 0 0 0 
0 0 1888 382.446 63.8617 0 0 0 0 0 0 0 0 0 0 0 0 0 0 0 0 0 0 0 0 0 0 0 0 0 0 0 0 0 0 0 0 0 0 0 0 0 0 0 0 0 0 0 0 0 0 0 0 0 0 0 0 0 0 0 0 0 0 0 0 
0 0 0 7171.11 1145.77 509.97 128.273 0 0 0 0 0 0 0 0 0 0 0 0 0 0 0 0 0 0 0 0 0 0 0 0 0 0 0 0 0 0 0 0 0 0 0 0 0 0 0 0 0 0 0 0 0 0 0 0 0 0 0 0 0 0 0 0 0 0 
0 0 0 34110.4 27317.5 6826.16 2542.52 1399.97 381.03 64.1642 0 0 0 0 0 0 0 0 0 0 0 0 0 0 0 0 0 0 0 0 0 0 0 0 0 0 0 0 0 0 0 0 0 0 0 0 0 0 0 0 0 0 0 0 0 0 0 0 0 0 0 0 0 0 0 
0 0 0 0 183720 97124.8 42696.8 16809.8 8502.64 4562.27 1900.44 506.102 132.711 0 0 0 0 0 0 0 0 0 0 0 0 0 0 0 0 0 0 0 0 0 0 0 0 0 0 0 0 0 0 0 0 0 0 0 0 0 0 0 0 0 0 0 0 0 0 0 0 0 0 0 0 
0 0 0 0 423129 829406 411968 222357 120844 59026.7 33466.8 19733.8 9617.49 4316.03 1384.4 375.354 83.5419 0 0 0 0 0 0 0 15.7852 0 0 0 0 0 0 0 16.3853 0 0 0 0 0 0 0 0 0 0 0 0 0 0 0 0 0 0 0 0 0 0 0 0 0 0 0 0 0 0 0 0 
0 0 0 0 0 2.86092e+06 3.32541e+06 1.97809e+06 1.13612e+06 720777 426755 251082 154059 93447 55415.5 29497.1 13936 5860.1 2162.39 757.157 371.125 252.814 261.373 252.909 0 247.9 256.118 257.848 252.999 256.589 258.397 256.804 0 0 0 0 0 0 0 0 0 0 0 0 0 0 0 0 0 0 0 0 0 0 0 0 0 0 0 0 0 0 0 0 0 
0 0 0 0 0 3.82973e+06 1.4605e+07 1.35092e+07 9.36286e+06 6.09765e+06 4.03371e+06 2.69632e+06 1.78232e+06 1.17065e+06 774467 511834 328651 203904 120405 67858 36877.4 21425.8 13920.6 10819.2 11603.9 10010.5 9433.26 9221.56 9275.76 9146.62 9375.32 9668.41 11485.4 0 0 0 0 0 0 0 0 0 0 0 0 0 0 0 0 0 0 0 0 0 0 0 0 0 0 0 0 0 0 0 0 
0 0 0 0 0 0 3.03404e+07 6.37942e+07 5.73742e+07 4.31916e+07 3.1431e+07 2.23329e+07 1.58625e+07 1.14368e+07 8.19855e+06 5.86493e+06 4.1701e+06 2.96736e+06 2.09573e+06 1.45907e+06 1.02923e+06 708726 506639 371779 287180 246604 232180 221951 215174 218358 216574 214260 207203 0 0 0 0 0 0 0 0 0 0 0 0 0 0 0 0 0 0 0 0 0 0 0 0 0 0 0 0 0 0 0 0 
0 0 0 0 0 0 2.62462e+07 1.69376e+08 2.62999e+08 2.46185e+08 1.98803e+08 1.5577e+08 1.1931e+08 9.04423e+07 6.89711e+07 5.23714e+07 4.00353e+07 3.07384e+07 2.33964e+07 1.77688e+07 1.36544e+07 1.06057e+07 8.34419e+06 6.68198e+06 5.47949e+06 4.62941e+06 4.00732e+06 3.64234e+06 3.43609e+06 3.2748e+06 3.22073e+06 3.20918e+06 3.2386e+06 0 0 0 0 0 0 0 0 0 0 0 0 0 0 0 0 0 0 0 0 0 0 0 0 0 0 0 0 0 0 0 0 
0 0 0 0 0 0 0 2.32763e+08 7.85276e+08 1.06771e+09 1.04168e+09 9.02053e+08 7.48919e+08 6.06779e+08 4.89067e+08 3.94156e+08 3.16853e+08 2.54228e+08 2.04508e+08 1.66602e+08 1.35443e+08 1.10547e+08 9.10745e+07 7.67177e+07 6.49897e+07 5.64234e+07 5.01115e+07 4.57858e+07 4.25773e+07 4.0276e+07 3.89655e+07 3.777e+07 3.7463e+07 0 0 0 0 0 0 0 0 0 0 0 0 0 0 0 0 0 0 0 0 0 0 0 0 0 0 0 0 0 0 0 0 
0 0 0 0 0 0 0 1.39555e+08 1.38445e+09 3.29908e+09 4.28031e+09 4.33398e+09 3.97482e+09 3.49614e+09 2.98159e+09 2.52812e+09 2.12571e+09 1.78478e+09 1.50472e+09 1.27093e+09 1.07931e+09 9.20462e+08 7.89485e+08 6.83436e+08 6.01844e+08 5.35087e+08 4.81132e+08 4.4222e+08 4.12549e+08 3.91592e+08 3.80418e+08 3.72252e+08 3.70495e+08 0 0 0 0 0 0 0 0 0 0 0 0 0 0 0 0 0 0 0 0 0 0 0 0 0 0 0 0 0 0 0 0 
0 0 0 0 0 0 0 0 1.33996e+09 6.67627e+09 1.31388e+10 1.68269e+10 1.77329e+10 1.706e+10 1.56708e+10 1.40219e+10 1.23907e+10 1.08929e+10 9.5255e+09 8.35105e+09 7.34636e+09 6.45247e+09 5.70304e+09 5.0984e+09 4.59303e+09 4.15971e+09 3.82009e+09 3.55918e+09 3.35405e+09 3.20638e+09 3.10016e+09 3.03807e+09 3.01723e+09 0 0 0 0 0 0 0 0 0 0 0 0 0 0 0 0 0 0 0 0 0 0 0 0 0 0 0 0 0 0 0 0 
0 0 0 0 0 0 0 0 5.85473e+08 8.31102e+09 2.83887e+10 5.03556e+10 6.45588e+10 7.03947e+10 7.07882e+10 6.78191e+10 6.33977e+10 5.82825e+10 5.30483e+10 4.80424e+10 4.35497e+10 3.94518e+10 3.58949e+10 3.28246e+10 3.01296e+10 2.78643e+10 2.60795e+10 2.46201e+10 2.33888e+10 2.25791e+10 2.19828e+10 2.16077e+10 2.14376e+10 0 0 0 0 0 0 0 0 0 0 0 0 0 0 0 0 0 0 0 0 0 0 0 0 0 0 0 0 0 0 0 0 
0 0 0 0 0 0 0 0 0 5.92885e+09 4.0943e+10 1.11364e+11 1.86406e+11 2.41144e+11 2.71819e+11 2.83343e+11 2.82119e+11 2.73295e+11 2.60094e+11 2.44868e+11 2.29183e+11 2.14111e+11 1.99625e+11 1.86219e+11 1.74938e+11 1.643e+11 1.55831e+11 1.49566e+11 1.43409e+11 1.38886e+11 1.35998e+11 1.33787e+11 1.33592e+11 0 0 0 0 0 0 0 0 0 0 0 0 0 0 0 0 0 0 0 0 0 0 0 0 0 0 0 0 0 0 0 0 
0 0 0 0 0 0 0 0 0 1.9614e+09 3.76569e+10 1.74348e+11 4.11445e+11 6.66939e+11 8.73299e+11 1.01339e+12 1.091e+12 1.12737e+12 1.12575e+12 1.10412e+12 1.0693e+12 1.02834e+12 9.88601e+11 9.48914e+11 9.01362e+11 8.66387e+11 8.34473e+11 8.05722e+11 7.83527e+11 7.6596e+11 7.53961e+11 7.4627e+11 7.43324e+11 0 0 0 0 0 0 0 0 0 0 0 0 0 0 0 0 0 0 0 0 0 0 0 0 0 0 0 0 0 0 0 0 
0 0 0 0 0 0 0 0 0 0 2.04963e+10 1.86555e+11 6.70727e+11 1.44448e+12 2.3003e+12 3.05372e+12 3.639e+12 4.03715e+12 4.28908e+12 4.41751e+12 4.4597e+12 4.44145e+12 4.37205e+12 4.28461e+12 4.19369e+12 4.0965e+12 4.00524e+12 3.92024e+12 3.84777e+12 3.78697e+12 3.74675e+12 3.7266e+12 3.71653e+12 0 0 0 0 0 0 0 0 0 0 0 0 0 0 0 0 0 0 0 0 0 0 0 0 0 0 0 0 0 0 0 0 
0 0 0 0 0 0 0 0 0 0 5.2927e+09 1.31114e+11 7.86038e+11 2.38607e+12 4.83395e+12 7.62841e+12 1.02736e+13 1.25252e+13 1.42817e+13 1.55588e+13 1.64434e+13 1.70321e+13 1.73484e+13 1.74614e+13 1.74985e+13 1.74483e+13 1.72973e+13 1.71499e+13 1.70626e+13 1.69284e+13 1.68094e+13 1.67609e+13 1.67577e+13 0 0 0 0 0 0 0 0 0 0 0 0 0 0 0 0 0 0 0 0 0 0 0 0 0 0 0 0 0 0 0 0 
0 0 0 0 0 0 0 0 0 0 0 5.60282e+10 6.44036e+11 2.94451e+12 7.9513e+12 1.54366e+13 2.42451e+13 3.31163e+13 4.11996e+13 4.80855e+13 5.3749e+13 5.80892e+13 6.1474e+13 6.38331e+13 6.55186e+13 6.66016e+13 6.73405e+13 6.78789e+13 6.80893e+13 6.82937e+13 6.82545e+13 6.81859e+13 6.8351e+13 0 0 0 0 0 0 0 0 0 0 0 0 0 0 0 0 0 0 0 0 0 0 0 0 0 0 0 0 0 0 0 0 
0 0 0 0 0 0 0 0 0 0 0 1.15874e+10 3.55573e+11 2.65015e+12 1.0037e+13 2.49397e+13 4.69992e+13 7.3641e+13 1.01848e+14 1.29141e+14 1.53616e+14 1.75213e+14 1.93356e+14 2.08254e+14 2.19918e+14 2.29011e+14 2.36872e+14 2.42262e+14 2.46381e+14 2.49179e+14 2.5094e+14 2.52176e+14 2.52163e+14 0 0 0 0 0 0 0 0 0 0 0 0 0 0 0 0 0 0 0 0 0 0 0 0 0 0 0 0 0 0 0 0 
0 0 0 0 0 0 0 0 0 0 0 0 1.22152e+11 1.70931e+12 9.56194e+12 3.15748e+13 7.3704e+13 1.35922e+14 2.13015e+14 2.97631e+14 3.83338e+14 4.64206e+14 5.38375e+14 6.04192e+14 6.60377e+14 7.09011e+14 7.47841e+14 7.78086e+14 8.01864e+14 8.20726e+14 8.34365e+14 8.4167e+14 8.44271e+14 0 0 0 0 0 0 0 0 0 0 0 0 0 0 0 0 0 0 0 0 0 0 0 0 0 0 0 0 0 0 0 0 
0 0 0 0 0 0 0 0 0 0 0 0 2.06853e+10 7.5875e+11 6.79385e+12 3.09985e+13 9.23579e+13 2.0546e+14 3.7225e+14 5.83325e+14 8.22197e+14 1.07299e+15 1.31917e+15 1.55253e+15 1.76516e+15 1.9533e+15 2.11288e+15 2.24796e+15 2.35591e+15 2.43677e+15 2.50058e+15 2.53096e+15 2.5455e+15 0 0 0 0 0 0 0 0 0 0 0 0 0 0 0 0 0 0 0 0 0 0 0 0 0 0 0 0 0 0 0 0 
0 0 0 0 0 0 0 0 0 0 0 0 0 2.13635e+11 3.522e+12 2.3356e+13 9.15274e+13 2.51721e+14 5.3883e+14 9.62494e+14 1.50617e+15 2.13501e+15 2.81606e+15 3.49576e+15 4.16062e+15 4.77646e+15 5.32959e+15 5.8045e+15 6.19492e+15 6.50769e+15 6.71538e+15 6.85638e+15 6.89799e+15 0 0 0 0 0 0 0 0 0 0 0 0 0 0 0 0 0 0 0 0 0 0 0 0 0 0 0 0 0 0 0 0 
0 0 0 0 0 0 0 0 0 0 0 0 0 3.02073e+10 1.28248e+12 1.33664e+13 7.12661e+13 2.47973e+14 6.39327e+14 1.32418e+15 2.33518e+15 3.64747e+15 5.18286e+15 6.87249e+15 8.60573e+15 1.02947e+16 1.18862e+16 1.32984e+16 1.45148e+16 1.54735e+16 1.61821e+16 1.66216e+16 1.67556e+16 0 0 0 0 0 0 0 0 0 0 0 0 0 0 0 0 0 0 0 0 0 0 0 0 0 0 0 0 0 0 0 0 
0 0 0 0 0 0 0 0 0 0 0 0 0 0 3.01459e+11 5.67574e+12 4.33277e+13 1.95729e+14 6.18825e+14 1.5114e+15 3.04186e+15 5.28719e+15 8.21562e+15 1.16963e+16 1.5524e+16 1.948e+16 2.33668e+16 2.69921e+16 3.01471e+16 3.27464e+16 3.46843e+16 3.58269e+16 3.62209e+16 0 0 0 0 0 0 0 0 0 0 0 0 0 0 0 0 0 0 0 0 0 0 0 0 0 0 0 0 0 0 0 0 
0 0 0 0 0 0 0 0 0 0 0 0 0 0 3.62678e+10 1.7267e+12 2.03148e+13 1.23124e+14 4.87448e+14 1.42306e+15 3.31168e+15 6.48883e+15 1.11188e+16 1.71299e+16 2.42955e+16 3.22025e+16 4.03195e+16 4.81558e+16 5.53073e+16 6.13087e+16 6.57782e+16 6.85356e+16 6.96076e+16 0 0 0 0 0 0 0 0 0 0 0 0 0 0 0 0 0 0 0 0 0 0 0 0 0 0 0 0 0 0 0 0 
0 0 0 0 0 0 0 0 0 0 0 0 0 0 0 3.44962e+11 7.20883e+12 6.1484e+13 3.1128e+14 1.10432e+15 3.00985e+15 6.70755e+15 1.27833e+16 2.15352e+16 3.2802e+16 4.6093e+16 6.05786e+16 7.52889e+16 8.90434e+16 1.00898e+17 1.10064e+17 1.15885e+17 1.17725e+17 0 0 0 0 0 0 0 0 0 0 0 0 0 0 0 0 0 0 0 0 0 0 0 0 0 0 0 0 0 0 0 0 
0 0 0 0 0 0 0 0 0 0 0 0 0 0 0 3.58958e+10 1.86122e+12 2.40441e+13 1.61152e+14 7.05566e+14 2.27864e+15 5.83352e+15 1.24718e+16 2.30991e+16 3.80892e+16 5.71431e+16 7.91708e+16 1.02521e+17 1.25431e+17 1.45726e+17 1.61684e+17 1.71901e+17 1.75332e+17 0 0 0 0 0 0 0 0 0 0 0 0 0 0 0 0 0 0 0 0 0 0 0 0 0 0 0 0 0 0 0 0 
0 0 0 0 0 0 0 0 0 0 0 0 0 0 0 0 3.21259e+11 7.24551e+12 6.71307e+13 3.71324e+14 1.43793e+15 4.27187e+15 1.03203e+16 2.11353e+16 3.79535e+16 6.09865e+16 8.9473e+16 1.21463e+17 1.53853e+17 1.83842e+17 2.07851e+17 2.23453e+17 2.28946e+17 0 0 0 0 0 0 0 0 0 0 0 0 0 0 0 0 0 0 0 0 0 0 0 0 0 0 0 0 0 0 0 0 
0 0 0 0 0 0 0 0 0 0 0 0 0 0 0 0 2.94378e+10 1.61282e+12 2.22797e+13 1.60529e+14 7.57942e+14 2.6365e+15 7.24874e+15 1.656e+16 3.24683e+16 5.62483e+16 8.7683e+16 1.24886e+17 1.6468e+17 2.02335e+17 2.33634e+17 2.54144e+17 2.6129e+17 0 0 0 0 0 0 0 0 0 0 0 0 0 0 0 0 0 0 0 0 0 0 0 0 0 0 0 0 0 0 0 0 
0 0 0 0 0 0 0 0 0 0 0 0 0 0 0 0 0 2.43931e+11 5.78914e+12 5.67695e+13 3.3378e+14 1.37503e+15 4.33888e+15 1.10934e+16 2.39162e+16 4.47494e+16 7.43602e+16 1.11592e+17 1.53234e+17 1.94282e+17 2.29084e+17 2.52489e+17 2.60649e+17 0 0 0 0 0 0 0 0 0 0 0 0 0 0 0 0 0 0 0 0 0 0 0 0 0 0 0 0 0 0 0 0 
0 0 0 0 0 0 0 0 0 0 0 0 0 0 0 0 0 2.01246e+10 1.12835e+12 1.62527e+13 1.22601e+14 6.07848e+14 2.21862e+15 6.38091e+15 1.51852e+16 3.08247e+16 5.47697e+16 8.6847e+16 1.24384e+17 1.6296e+17 1.96463e+17 2.19321e+17 2.27603e+17 0 0 0 0 0 0 0 0 0 0 0 0 0 0 0 0 0 0 0 0 0 0 0 0 0 0 0 0 0 0 0 0 
0 0 0 0 0 0 0 0 0 0 0 0 0 0 0 0 0 0 1.5202e+11 3.69114e+12 3.73644e+13 2.2748e+14 9.71346e+14 3.17189e+15 8.34905e+15 1.84683e+16 3.51653e+16 5.88849e+16 8.82529e+16 1.19481e+17 1.4764e+17 1.67192e+17 1.74179e+17 0 0 0 0 0 0 0 0 0 0 0 0 0 0 0 0 0 0 0 0 0 0 0 0 0 0 0 0 0 0 0 0 
0 0 0 0 0 0 0 0 0 0 0 0 0 0 0 0 0 0 1.15643e+10 6.40727e+11 9.36095e+12 7.20384e+13 3.65293e+14 1.36338e+15 4.00246e+15 9.64496e+15 1.97576e+16 3.50842e+16 5.49719e+16 7.70829e+16 9.75011e+16 1.12125e+17 1.17419e+17 0 0 0 0 0 0 0 0 0 0 0 0 0 0 0 0 0 0 0 0 0 0 0 0 0 0 0 0 0 0 0 0 
0 0 0 0 0 0 0 0 0 0 0 0 0 0 0 0 0 0 0 7.80208e+10 1.88647e+12 1.92142e+13 1.18115e+14 5.08864e+14 1.67466e+15 4.43063e+15 9.76262e+15 1.84192e+16 3.02638e+16 4.39613e+16 5.69948e+16 6.64474e+16 6.98704e+16 0 0 0 0 0 0 0 0 0 0 0 0 0 0 0 0 0 0 0 0 0 0 0 0 0 0 0 0 0 0 0 0 
0 0 0 0 0 0 0 0 0 0 0 0 0 0 0 0 0 0 0 5.67981e+09 2.96388e+11 4.27288e+12 3.27528e+13 1.65709e+14 6.14953e+14 1.79209e+15 4.26579e+15 8.55619e+15 1.47666e+16 2.22511e+16 2.96356e+16 3.5025e+16 3.70057e+16 0 0 0 0 0 0 0 0 0 0 0 0 0 0 0 0 0 0 0 0 0 0 0 0 0 0 0 0 0 0 0 0 
0 0 0 0 0 0 0 0 0 0 0 0 0 0 0 0 0 0 0 0 3.32741e+10 7.7838e+11 7.76114e+12 4.69051e+13 1.98839e+14 6.41734e+14 1.65989e+15 3.54513e+15 6.43569e+15 1.0067e+16 1.37387e+16 1.65112e+16 1.75534e+16 0 0 0 0 0 0 0 0 0 0 0 0 0 0 0 0 0 0 0 0 0 0 0 0 0 0 0 0 0 0 0 0 
0 0 0 0 0 0 0 0 0 0 0 0 0 0 0 0 0 0 0 0 2.42506e+09 1.12597e+11 1.55546e+12 1.15588e+13 5.68298e+13 2.04469e+14 5.758e+14 1.31736e+15 2.51151e+15 4.08792e+15 5.72914e+15 6.99559e+15 7.4794e+15 0 0 0 0 0 0 0 0 0 0 0 0 0 0 0 0 0 0 0 0 0 0 0 0 0 0 0 0 0 0 0 0 
0 0 0 0 0 0 0 0 0 0 0 0 0 0 0 0 0 0 0 0 0 1.19076e+10 2.60432e+11 2.4673e+12 1.43047e+13 5.82654e+13 1.79184e+14 4.40151e+14 8.86965e+14 1.50001e+15 2.16364e+15 2.6877e+15 2.88576e+15 0 0 0 0 0 0 0 0 0 0 0 0 0 0 0 0 0 0 0 0 0 0 0 0 0 0 0 0 0 0 0 0 
0 0 0 0 0 0 0 0 0 0 0 0 0 0 0 0 0 0 0 0 0 9.24e+08 3.54845e+10 4.54218e+11 3.18457e+12 1.48025e+13 5.04425e+13 1.33214e+14 2.84395e+14 5.01416e+14 7.43601e+14 9.38405e+14 1.0138e+15 0 0 0 0 0 0 0 0 0 0 0 0 0 0 0 0 0 0 0 0 0 0 0 0 0 0 0 0 0 0 0 0 
0 0 0 0 0 0 0 0 0 0 0 0 0 0 0 0 0 0 0 0 0 0 3.62629e+09 7.12248e+10 6.22325e+11 3.36621e+12 1.28075e+13 3.66512e+13 8.29134e+13 1.52783e+14 2.33721e+14 3.00392e+14 3.2642e+14 0 0 0 0 0 0 0 0 0 0 0 0 0 0 0 0 0 0 0 0 0 0 0 0 0 0 0 0 0 0 0 0 
0 0 0 0 0 0 0 0 0 0 0 0 0 0 0 0 0 0 0 0 0 0 3.22905e+08 9.44224e+09 1.07626e+11 6.88235e+11 2.94642e+12 9.20833e+12 2.22094e+13 4.28295e+13 6.76217e+13 8.84238e+13 9.64701e+13 0 0 0 0 0 0 0 0 0 0 0 0 0 0 0 0 0 0 0 0 0 0 0 0 0 0 0 0 0 0 0 0 
0 0 0 0 0 0 0 0 0 0 0 0 0 0 0 0 0 0 0 0 0 0 0 9.61014e+08 1.62097e+10 1.26849e+11 6.147e+11 2.11765e+12 5.47133e+12 1.10835e+13 1.80459e+13 2.41009e+13 2.65043e+13 0 0 0 0 0 0 0 0 0 0 0 0 0 0 0 0 0 0 0 0 0 0 0 0 0 0 0 0 0 0 0 0 
0 0 0 0 0 0 0 0 0 0 0 0 0 0 0 0 0 0 0 0 0 0 0 1.04884e+08 2.17895e+09 2.0931e+10 1.18257e+11 4.50012e+11 1.25127e+12 2.66894e+12 4.49554e+12 6.11624e+12 6.76128e+12 0 0 0 0 0 0 0 0 0 0 0 0 0 0 0 0 0 0 0 0 0 0 0 0 0 0 0 0 0 0 0 0 
0 0 0 0 0 0 0 0 0 0 0 0 0 0 0 0 0 0 0 0 0 0 0 0 2.23347e+08 3.14619e+09 2.09827e+10 8.86679e+10 2.67029e+11 5.98857e+11 1.04772e+12 1.45633e+12 1.62062e+12 0 0 0 0 0 0 0 0 0 0 0 0 0 0 0 0 0 0 0 0 0 0 0 0 0 0 0 0 0 0 0 0 
0 0 0 0 0 0 0 0 0 0 0 0 0 0 0 0 0 0 0 0 0 0 0 0 3.15892e+07 4.44835e+08 3.41818e+09 1.64237e+10 5.33677e+10 1.27405e+11 2.31283e+11 3.2741e+11 3.6829e+11 0 0 0 0 0 0 0 0 0 0 0 0 0 0 0 0 0 0 0 0 0 0 0 0 0 0 0 0 0 0 0 0 
0 0 0 0 0 0 0 0 0 0 0 0 0 0 0 0 0 0 0 0 0 0 0 0 0 4.54534e+07 5.33948e+08 2.89581e+09 1.01748e+10 2.5882e+10 4.86312e+10 7.06916e+10 7.99272e+10 0 0 0 0 0 0 0 0 0 0 0 0 0 0 0 0 0 0 0 0 0 0 0 0 0 0 0 0 0 0 0 0 
0 0 0 0 0 0 0 0 0 0 0 0 0 0 0 0 0 0 0 0 0 0 0 0 0 8.63824e+06 8.10228e+07 4.74623e+08 1.89701e+09 5.04152e+09 9.88853e+09 1.47307e+10 1.67071e+10 0 0 0 0 0 0 0 0 0 0 0 0 0 0 0 0 0 0 0 0 0 0 0 0 0 0 0 0 0 0 0 0 
0 0 0 0 0 0 0 0 0 0 0 0 0 0 0 0 0 0 0 0 0 0 0 0 0 0 7.8398e+06 8.07233e+07 3.38253e+08 9.53053e+08 1.97755e+09 2.96447e+09 3.42303e+09 0 0 0 0 0 0 0 0 0 0 0 0 0 0 0 0 0 0 0 0 0 0 0 0 0 0 0 0 0 0 0 0 
0 0 0 0 0 0 0 0 0 0 0 0 0 0 0 0 0 0 0 0 0 0 0 0 0 0 2.08797e+06 1.28945e+07 5.61277e+07 1.85372e+08 3.79478e+08 5.9688e+08 6.85591e+08 0 0 0 0 0 0 0 0 0 0 0 0 0 0 0 0 0 0 0 0 0 0 0 0 0 0 0 0 0 0 0 0 
0 0 0 0 0 0 0 0 0 0 0 0 0 0 0 0 0 0 0 0 0 0 0 0 0 0 0 1.08849e+06 1.08376e+07 3.27822e+07 7.37681e+07 1.19465e+08 1.36099e+08 0 0 0 0 0 0 0 0 0 0 0 0 0 0 0 0 0 0 0 0 0 0 0 0 0 0 0 0 0 0 0 0 
0 0 0 0 0 0 0 0 0 0 0 0 0 0 0 0 0 0 0 0 0 0 0 0 0 0 0 432083 1.69589e+06 5.57428e+06 1.52018e+07 2.21331e+07 2.85876e+07 0 0 0 0 0 0 0 0 0 0 0 0 0 0 0 0 0 0 0 0 0 0 0 0 0 0 0 0 0 0 0 0 
0 0 0 0 0 0 0 0 0 0 0 0 0 0 0 0 0 0 0 0 0 0 0 0 0 0 0 0 112785 1.25133e+06 2.41206e+06 4.68834e+06 5.20175e+06 0 0 0 0 0 0 0 0 0 0 0 0 0 0 0 0 0 0 0 0 0 0 0 0 0 0 0 0 0 0 0 0 
0 0 0 0 0 0 0 0 0 0 0 0 0 0 0 0 0 0 0 0 0 0 0 0 0 0 0 0 74002.8 170638 456979 967820 938485 0 0 0 0 0 0 0 0 0 0 0 0 0 0 0 0 0 0 0 0 0 0 0 0 0 0 0 0 0 0 0 0 
0 0 0 0 0 0 0 0 0 0 0 0 0 0 0 0 0 0 0 0 0 0 0 0 0 0 0 0 0 7670.82 116656 111470 241745 0 0 0 0 0 0 0 0 0 0 0 0 0 0 0 0 0 0 0 0 0 0 0 0 0 0 0 0 0 0 0 0 
0 0 0 0 0 0 0 0 0 0 0 0 0 0 0 0 0 0 0 0 0 0 0 0 0 0 0 0 0 10006.4 11478.4 32424 37549 0 0 0 0 0 0 0 0 0 0 0 0 0 0 0 0 0 0 0 0 0 0 0 0 0 0 0 0 0 0 0 0 
0 0 0 0 0 0 0 0 0 0 0 0 0 0 0 0 0 0 0 0 0 0 0 0 0 0 0 0 0 0 256.076 7661.37 2045.25 0 0 0 0 0 0 0 0 0 0 0 0 0 0 0 0 0 0 0 0 0 0 0 0 0 0 0 0 0 0 0 0 
0 0 0 0 0 0 0 0 0 0 0 0 0 0 0 0 0 0 0 0 0 0 0 0 0 0 0 0 0 0 994.382 382.287 1920.83 0 0 0 0 0 0 0 0 0 0 0 0 0 0 0 0 0 0 0 0 0 0 0 0 0 0 0 0 0 0 0 0 
0 0 0 0 0 0 0 0 0 0 0 0 0 0 0 0 0 0 0 0 0 0 0 0 0 0 0 0 0 0 0 0 255.365 0 0 0 0 0 0 0 0 0 0 0 0 0 0 0 0 0 0 0 0 0 0 0 0 0 0 0 0 0 0 0 0 
0 0 0 0 0 0 0 0 0 0 0 0 0 0 0 0 0 0 0 0 0 0 0 0 0 0 0 0 0 0 0 64.1537 0 0 0 0 0 0 0 0 0 0 0 0 0 0 0 0 0 0 0 0 0 0 0 0 0 0 0 0 0 0 0 0 0 
0 0 0 0 0 0 0 0 0 0 0 0 0 0 0 0 0 0 0 0 0 0 0 0 0 0 0 0 0 0 0 0 0 0 0 0 0 0 0 0 0 0 0 0 0 0 0 0 0 0 0 0 0 0 0 0 0 0 0 0 0 0 0 0 0 
0 0 0 0 0 0 0 0 0 0 0 0 0 0 0 0 0 0 0 0 0 0 0 0 0 0 0 0 0 0 0 0 2.0048 0 0 0 0 0 0 0 0 0 0 0 0 0 0 0 0 0 0 0 0 0 0 0 0 0 0 0 0 0 0 0 0 
