1 0 0 0 0 0 0 0 0 0 0 0 0 0 0 0 0 0 0 0 0 0 0 0 0 0 0 0 0 0 0 0 0 0 0 0 0 0 0 0 0 0 0 0 0 0 0 0 0 0 0 0 0 0 0 0 0 0 0 0 0 0 0 0 0 
0 0 0 0 0 0 0 0 0 0 0 0 0 0 0 0 0 0 0 0 0 0 0 0 0 0 0 0 0 0 0 0 0 0 0 0 0 0 0 0 0 0 0 0 0 0 0 0 0 0 0 0 0 0 0 0 0 0 0 0 0 0 0 0 0 
0 64 0 0 0 0 0 0 0 0 0 0 0 0 0 0 0 0 0 0 0 0 0 0 0 0 0 0 0 0 0 0 0 0 0 0 0 0 0 0 0 0 0 0 0 0 0 0 0 0 0 0 0 0 0 0 0 0 0 0 0 0 0 0 0 
0 0 128 0 0 0 0 0 0 0 0 0 0 0 0 0 0 0 0 0 0 0 0 0 0 0 0 0 0 0 0 0 0 0 0 0 0 0 0 0 0 0 0 0 0 0 0 0 0 0 0 0 0 0 0 0 0 0 0 0 0 0 0 0 0 
0 0 1888 385.806 64.1297 0 0 0 0 0 0 0 0 0 0 0 0 0 0 0 0 0 0 0 0 0 0 0 0 0 0 0 0 0 0 0 0 0 0 0 0 0 0 0 0 0 0 0 0 0 0 0 0 0 0 0 0 0 0 0 0 0 0 0 0 
0 0 0 7164.39 1156.75 515.048 128.427 0 0 0 0 0 0 0 0 0 0 0 0 0 0 0 0 0 0 0 0 0 0 0 0 0 0 0 0 0 0 0 0 0 0 0 0 0 0 0 0 0 0 0 0 0 0 0 0 0 0 0 0 0 0 0 0 0 0 
0 0 0 34113.8 27365.7 6879.76 2558.03 1405.73 387.547 64.3297 0 0 0 0 0 0 0 0 0 0 0 0 0 0 0 0 0 0 0 0 0 0 0 0 0 0 0 0 0 0 0 0 0 0 0 0 0 0 0 0 0 0 0 0 0 0 0 0 0 0 0 0 0 0 0 
0 0 0 0 183590 97243.5 43087.7 16946.9 8636.44 4612.16 1908.24 516.019 127.097 0 0 0 0 0 0 0 0 0 0 0 0 0 0 0 0 0 0 0 0 0 0 0 0 0 0 0 0 0 0 0 0 0 0 0 0 0 0 0 0 0 0 0 0 0 0 0 0 0 0 0 0 
0 0 0 0 423200 829459 413251 222431 121290 59281.5 33815 19861.9 9589.86 4340.23 1424.14 388.47 86.6409 0 0 0 0 0 0 0 15.3643 0 0 0 0 0 0 0 15.5523 0 0 0 0 0 0 0 0 0 0 0 0 0 0 0 0 0 0 0 0 0 0 0 0 0 0 0 0 0 0 0 0 
0 0 0 0 0 2.86022e+06 3.32384e+06 1.98221e+06 1.14302e+06 721087 424416 248848 153633 93576.2 55602.9 29018.6 13834.4 6016.96 2151.4 772.399 379.149 254.384 257.452 251.212 0 253.104 255.339 262.716 252.828 253.249 257.148 250.41 0 0 0 0 0 0 0 0 0 0 0 0 0 0 0 0 0 0 0 0 0 0 0 0 0 0 0 0 0 0 0 0 0 
0 0 0 0 0 3.8302e+06 1.46051e+07 1.35161e+07 9.36917e+06 6.11083e+06 4.02243e+06 2.6869e+06 1.79645e+06 1.16689e+06 771740 509500 328210 204928 121475 68615.5 36731.8 20923.3 13350.6 10484.4 11532 9713.91 9370.63 9256.35 9360.53 9224.49 9286.48 9528.44 11264.2 0 0 0 0 0 0 0 0 0 0 0 0 0 0 0 0 0 0 0 0 0 0 0 0 0 0 0 0 0 0 0 0 
0 0 0 0 0 0 3.03378e+07 6.37669e+07 5.74373e+07 4.32966e+07 3.15403e+07 2.23979e+07 1.59239e+07 1.15139e+07 8.17758e+06 5.85579e+06 4.18209e+06 2.96471e+06 2.09893e+06 1.45737e+06 1.02349e+06 702828 501894 366541 280906 247397 234462 226504 217569 217826 214681 213125 206036 0 0 0 0 0 0 0 0 0 0 0 0 0 0 0 0 0 0 0 0 0 0 0 0 0 0 0 0 0 0 0 0 
0 0 0 0 0 0 2.62486e+07 1.69379e+08 2.63022e+08 2.46262e+08 1.99495e+08 1.55769e+08 1.19372e+08 9.06656e+07 6.91289e+07 5.28082e+07 4.00262e+07 3.06001e+07 2.3339e+07 1.79035e+07 1.37278e+07 1.05891e+07 8.35173e+06 6.63785e+06 5.4408e+06 4.6257e+06 4.03907e+06 3.63953e+06 3.43656e+06 3.25545e+06 3.1971e+06 3.19884e+06 3.20312e+06 0 0 0 0 0 0 0 0 0 0 0 0 0 0 0 0 0 0 0 0 0 0 0 0 0 0 0 0 0 0 0 0 
0 0 0 0 0 0 0 2.3279e+08 7.8508e+08 1.06735e+09 1.04113e+09 9.04136e+08 7.49338e+08 6.0852e+08 4.89786e+08 3.94131e+08 3.1625e+08 2.53599e+08 2.05066e+08 1.66448e+08 1.35159e+08 1.10614e+08 9.09527e+07 7.57242e+07 6.49043e+07 5.66963e+07 5.05034e+07 4.58407e+07 4.25374e+07 4.03918e+07 3.86235e+07 3.79025e+07 3.75053e+07 0 0 0 0 0 0 0 0 0 0 0 0 0 0 0 0 0 0 0 0 0 0 0 0 0 0 0 0 0 0 0 0 
0 0 0 0 0 0 0 1.39542e+08 1.38457e+09 3.3017e+09 4.27584e+09 4.33873e+09 3.98236e+09 3.48262e+09 2.97456e+09 2.51718e+09 2.12505e+09 1.78918e+09 1.50088e+09 1.26804e+09 1.07288e+09 9.19311e+08 7.86683e+08 6.84897e+08 6.02934e+08 5.36096e+08 4.8264e+08 4.4234e+08 4.1328e+08 3.93149e+08 3.79861e+08 3.70057e+08 3.70115e+08 0 0 0 0 0 0 0 0 0 0 0 0 0 0 0 0 0 0 0 0 0 0 0 0 0 0 0 0 0 0 0 0 
0 0 0 0 0 0 0 0 1.33982e+09 6.67258e+09 1.31508e+10 1.68046e+10 1.76949e+10 1.70533e+10 1.56872e+10 1.40035e+10 1.23922e+10 1.08929e+10 9.53181e+09 8.34032e+09 7.344e+09 6.44016e+09 5.72607e+09 5.08825e+09 4.60181e+09 4.15341e+09 3.81475e+09 3.5542e+09 3.35291e+09 3.19108e+09 3.09555e+09 3.04288e+09 3.01112e+09 0 0 0 0 0 0 0 0 0 0 0 0 0 0 0 0 0 0 0 0 0 0 0 0 0 0 0 0 0 0 0 0 
0 0 0 0 0 0 0 0 5.85596e+08 8.31128e+09 2.83986e+10 5.03729e+10 6.45943e+10 7.05302e+10 7.07639e+10 6.79296e+10 6.32918e+10 5.80283e+10 5.29515e+10 4.80296e+10 4.3466e+10 3.94778e+10 3.591e+10 3.28213e+10 3.01728e+10 2.77915e+10 2.60162e+10 2.45786e+10 2.33625e+10 2.24768e+10 2.18064e+10 2.1469e+10 2.1441e+10 0 0 0 0 0 0 0 0 0 0 0 0 0 0 0 0 0 0 0 0 0 0 0 0 0 0 0 0 0 0 0 0 
0 0 0 0 0 0 0 0 0 5.92936e+09 4.09106e+10 1.11411e+11 1.86353e+11 2.40971e+11 2.71949e+11 2.83151e+11 2.81628e+11 2.72984e+11 2.59847e+11 2.44406e+11 2.29133e+11 2.13494e+11 1.99199e+11 1.86031e+11 1.74448e+11 1.65194e+11 1.56162e+11 1.49214e+11 1.43459e+11 1.39374e+11 1.35726e+11 1.34066e+11 1.33315e+11 0 0 0 0 0 0 0 0 0 0 0 0 0 0 0 0 0 0 0 0 0 0 0 0 0 0 0 0 0 0 0 0 
0 0 0 0 0 0 0 0 0 1.96185e+09 3.76684e+10 1.74303e+11 4.11651e+11 6.66714e+11 8.72629e+11 1.01356e+12 1.09332e+12 1.12526e+12 1.12436e+12 1.10528e+12 1.07048e+12 1.029e+12 9.88509e+11 9.4286e+11 9.0273e+11 8.68712e+11 8.35528e+11 8.07354e+11 7.85077e+11 7.64852e+11 7.53013e+11 7.45188e+11 7.41913e+11 0 0 0 0 0 0 0 0 0 0 0 0 0 0 0 0 0 0 0 0 0 0 0 0 0 0 0 0 0 0 0 0 
0 0 0 0 0 0 0 0 0 0 2.04956e+10 1.86548e+11 6.70795e+11 1.44449e+12 2.29943e+12 3.05125e+12 3.63691e+12 4.03834e+12 4.29116e+12 4.42249e+12 4.45776e+12 4.43748e+12 4.36942e+12 4.28288e+12 4.19733e+12 4.10352e+12 4.01944e+12 3.93019e+12 3.84753e+12 3.78704e+12 3.74577e+12 3.71644e+12 3.70162e+12 0 0 0 0 0 0 0 0 0 0 0 0 0 0 0 0 0 0 0 0 0 0 0 0 0 0 0 0 0 0 0 0 
0 0 0 0 0 0 0 0 0 0 5.29674e+09 1.31077e+11 7.85674e+11 2.38842e+12 4.83846e+12 7.62669e+12 1.02699e+13 1.25264e+13 1.4261e+13 1.55669e+13 1.64554e+13 1.70331e+13 1.73346e+13 1.74998e+13 1.75276e+13 1.74468e+13 1.73357e+13 1.71508e+13 1.70236e+13 1.69491e+13 1.68391e+13 1.67689e+13 1.6746e+13 0 0 0 0 0 0 0 0 0 0 0 0 0 0 0 0 0 0 0 0 0 0 0 0 0 0 0 0 0 0 0 0 
0 0 0 0 0 0 0 0 0 0 0 5.60627e+10 6.44081e+11 2.94122e+12 7.94965e+12 1.54565e+13 2.42368e+13 3.30992e+13 4.12224e+13 4.80857e+13 5.37379e+13 5.81347e+13 6.14676e+13 6.38968e+13 6.56205e+13 6.68222e+13 6.73663e+13 6.79848e+13 6.80758e+13 6.83322e+13 6.82878e+13 6.83613e+13 6.83611e+13 0 0 0 0 0 0 0 0 0 0 0 0 0 0 0 0 0 0 0 0 0 0 0 0 0 0 0 0 0 0 0 0 
0 0 0 0 0 0 0 0 0 0 0 1.1593e+10 3.55569e+11 2.65163e+12 1.00335e+13 2.49294e+13 4.70507e+13 7.36518e+13 1.01873e+14 1.29151e+14 1.53894e+14 1.75335e+14 1.93496e+14 2.08393e+14 2.20474e+14 2.29406e+14 2.37051e+14 2.42477e+14 2.46776e+14 2.49383e+14 2.50941e+14 2.52365e+14 2.52854e+14 0 0 0 0 0 0 0 0 0 0 0 0 0 0 0 0 0 0 0 0 0 0 0 0 0 0 0 0 0 0 0 0 
0 0 0 0 0 0 0 0 0 0 0 0 1.22254e+11 1.70871e+12 9.56484e+12 3.15573e+13 7.36859e+13 1.36083e+14 2.12976e+14 2.97451e+14 3.83113e+14 4.65087e+14 5.39663e+14 6.05154e+14 6.61685e+14 7.09925e+14 7.48617e+14 7.78636e+14 8.04354e+14 8.21976e+14 8.36267e+14 8.41706e+14 8.44637e+14 0 0 0 0 0 0 0 0 0 0 0 0 0 0 0 0 0 0 0 0 0 0 0 0 0 0 0 0 0 0 0 0 
0 0 0 0 0 0 0 0 0 0 0 0 2.06793e+10 7.58786e+11 6.79283e+12 3.1009e+13 9.22979e+13 2.05416e+14 3.72383e+14 5.83984e+14 8.21825e+14 1.07141e+15 1.31895e+15 1.55249e+15 1.76553e+15 1.95392e+15 2.11677e+15 2.25152e+15 2.35534e+15 2.44049e+15 2.49648e+15 2.53346e+15 2.54334e+15 0 0 0 0 0 0 0 0 0 0 0 0 0 0 0 0 0 0 0 0 0 0 0 0 0 0 0 0 0 0 0 0 
0 0 0 0 0 0 0 0 0 0 0 0 0 2.13917e+11 3.52184e+12 2.3363e+13 9.15682e+13 2.51407e+14 5.38884e+14 9.61833e+14 1.50714e+15 2.13636e+15 2.80962e+15 3.49696e+15 4.15654e+15 4.77207e+15 5.31585e+15 5.80251e+15 6.19577e+15 6.49936e+15 6.72233e+15 6.8569e+15 6.90284e+15 0 0 0 0 0 0 0 0 0 0 0 0 0 0 0 0 0 0 0 0 0 0 0 0 0 0 0 0 0 0 0 0 
0 0 0 0 0 0 0 0 0 0 0 0 0 3.02144e+10 1.28213e+12 1.33569e+13 7.12807e+13 2.48127e+14 6.38967e+14 1.32483e+15 2.33442e+15 3.64512e+15 5.19105e+15 6.86977e+15 8.60374e+15 1.02957e+16 1.18955e+16 1.32897e+16 1.45109e+16 1.54776e+16 1.61938e+16 1.66073e+16 1.67503e+16 0 0 0 0 0 0 0 0 0 0 0 0 0 0 0 0 0 0 0 0 0 0 0 0 0 0 0 0 0 0 0 0 
0 0 0 0 0 0 0 0 0 0 0 0 0 0 3.02179e+11 5.67799e+12 4.32995e+13 1.95806e+14 6.18959e+14 1.51052e+15 3.04224e+15 5.28988e+15 8.21644e+15 1.16888e+16 1.55306e+16 1.95041e+16 2.33771e+16 2.70118e+16 3.01521e+16 3.27577e+16 3.46464e+16 3.586e+16 3.62559e+16 0 0 0 0 0 0 0 0 0 0 0 0 0 0 0 0 0 0 0 0 0 0 0 0 0 0 0 0 0 0 0 0 
0 0 0 0 0 0 0 0 0 0 0 0 0 0 3.62778e+10 1.72766e+12 2.03175e+13 1.2313e+14 4.87476e+14 1.42284e+15 3.31079e+15 6.4856e+15 1.1117e+16 1.71436e+16 2.42787e+16 3.21542e+16 4.03129e+16 4.81766e+16 5.52993e+16 6.1254e+16 6.58003e+16 6.85516e+16 6.95018e+16 0 0 0 0 0 0 0 0 0 0 0 0 0 0 0 0 0 0 0 0 0 0 0 0 0 0 0 0 0 0 0 0 
0 0 0 0 0 0 0 0 0 0 0 0 0 0 0 3.45795e+11 7.21581e+12 6.14172e+13 3.1132e+14 1.10495e+15 3.01043e+15 6.70909e+15 1.27746e+16 2.15311e+16 3.28258e+16 4.61164e+16 6.05783e+16 7.52015e+16 8.90334e+16 1.00908e+17 1.10063e+17 1.15817e+17 1.17697e+17 0 0 0 0 0 0 0 0 0 0 0 0 0 0 0 0 0 0 0 0 0 0 0 0 0 0 0 0 0 0 0 0 
0 0 0 0 0 0 0 0 0 0 0 0 0 0 0 3.59018e+10 1.86288e+12 2.40708e+13 1.6114e+14 7.05861e+14 2.27826e+15 5.8345e+15 1.24778e+16 2.30804e+16 3.80721e+16 5.71186e+16 7.90998e+16 1.02568e+17 1.25332e+17 1.45678e+17 1.61585e+17 1.71877e+17 1.75484e+17 0 0 0 0 0 0 0 0 0 0 0 0 0 0 0 0 0 0 0 0 0 0 0 0 0 0 0 0 0 0 0 0 
0 0 0 0 0 0 0 0 0 0 0 0 0 0 0 0 3.21714e+11 7.24802e+12 6.70945e+13 3.70969e+14 1.43842e+15 4.27215e+15 1.03194e+16 2.11625e+16 3.79692e+16 6.10371e+16 8.9535e+16 1.21359e+17 1.53983e+17 1.83882e+17 2.08017e+17 2.23441e+17 2.29078e+17 0 0 0 0 0 0 0 0 0 0 0 0 0 0 0 0 0 0 0 0 0 0 0 0 0 0 0 0 0 0 0 0 
0 0 0 0 0 0 0 0 0 0 0 0 0 0 0 0 2.94365e+10 1.61629e+12 2.23034e+13 1.60563e+14 7.58076e+14 2.63565e+15 7.2517e+15 1.65506e+16 3.24626e+16 5.62398e+16 8.77017e+16 1.25042e+17 1.64696e+17 2.02522e+17 2.33588e+17 2.54295e+17 2.61142e+17 0 0 0 0 0 0 0 0 0 0 0 0 0 0 0 0 0 0 0 0 0 0 0 0 0 0 0 0 0 0 0 0 
0 0 0 0 0 0 0 0 0 0 0 0 0 0 0 0 0 2.44333e+11 5.79491e+12 5.67603e+13 3.33457e+14 1.37568e+15 4.33946e+15 1.1091e+16 2.39117e+16 4.47224e+16 7.4358e+16 1.11606e+17 1.53282e+17 1.94203e+17 2.29036e+17 2.52455e+17 2.6058e+17 0 0 0 0 0 0 0 0 0 0 0 0 0 0 0 0 0 0 0 0 0 0 0 0 0 0 0 0 0 0 0 0 
0 0 0 0 0 0 0 0 0 0 0 0 0 0 0 0 0 2.0111e+10 1.1321e+12 1.62629e+13 1.22679e+14 6.07304e+14 2.21638e+15 6.38594e+15 1.51821e+16 3.08361e+16 5.47755e+16 8.67743e+16 1.24288e+17 1.62817e+17 1.96515e+17 2.19241e+17 2.27634e+17 0 0 0 0 0 0 0 0 0 0 0 0 0 0 0 0 0 0 0 0 0 0 0 0 0 0 0 0 0 0 0 0 
0 0 0 0 0 0 0 0 0 0 0 0 0 0 0 0 0 0 1.5216e+11 3.69565e+12 3.73878e+13 2.27511e+14 9.71684e+14 3.16882e+15 8.3567e+15 1.84653e+16 3.51571e+16 5.89163e+16 8.82456e+16 1.19532e+17 1.47559e+17 1.67203e+17 1.74144e+17 0 0 0 0 0 0 0 0 0 0 0 0 0 0 0 0 0 0 0 0 0 0 0 0 0 0 0 0 0 0 0 0 
0 0 0 0 0 0 0 0 0 0 0 0 0 0 0 0 0 0 1.15706e+10 6.41851e+11 9.35536e+12 7.20306e+13 3.65271e+14 1.36268e+15 4.00083e+15 9.65108e+15 1.97503e+16 3.50784e+16 5.50037e+16 7.7145e+16 9.75733e+16 1.12127e+17 1.17384e+17 0 0 0 0 0 0 0 0 0 0 0 0 0 0 0 0 0 0 0 0 0 0 0 0 0 0 0 0 0 0 0 0 
0 0 0 0 0 0 0 0 0 0 0 0 0 0 0 0 0 0 0 7.81523e+10 1.89038e+12 1.92293e+13 1.18074e+14 5.09503e+14 1.67358e+15 4.42903e+15 9.76152e+15 1.84051e+16 3.02655e+16 4.39359e+16 5.70289e+16 6.64681e+16 6.99345e+16 0 0 0 0 0 0 0 0 0 0 0 0 0 0 0 0 0 0 0 0 0 0 0 0 0 0 0 0 0 0 0 0 
0 0 0 0 0 0 0 0 0 0 0 0 0 0 0 0 0 0 0 5.66872e+09 2.96596e+11 4.2646e+12 3.27896e+13 1.654e+14 6.14713e+14 1.78991e+15 4.2683e+15 8.55721e+15 1.47546e+16 2.22511e+16 2.95935e+16 3.50254e+16 3.70328e+16 0 0 0 0 0 0 0 0 0 0 0 0 0 0 0 0 0 0 0 0 0 0 0 0 0 0 0 0 0 0 0 0 
0 0 0 0 0 0 0 0 0 0 0 0 0 0 0 0 0 0 0 0 3.32688e+10 7.78733e+11 7.75658e+12 4.6976e+13 1.98978e+14 6.41981e+14 1.65696e+15 3.54784e+15 6.4352e+15 1.00585e+16 1.37233e+16 1.65022e+16 1.7538e+16 0 0 0 0 0 0 0 0 0 0 0 0 0 0 0 0 0 0 0 0 0 0 0 0 0 0 0 0 0 0 0 0 
0 0 0 0 0 0 0 0 0 0 0 0 0 0 0 0 0 0 0 0 2.42627e+09 1.12584e+11 1.55303e+12 1.15645e+13 5.6806e+13 2.04782e+14 5.75397e+14 1.31597e+15 2.51285e+15 4.08291e+15 5.7363e+15 7.00188e+15 7.48111e+15 0 0 0 0 0 0 0 0 0 0 0 0 0 0 0 0 0 0 0 0 0 0 0 0 0 0 0 0 0 0 0 0 
0 0 0 0 0 0 0 0 0 0 0 0 0 0 0 0 0 0 0 0 0 1.18985e+10 2.60526e+11 2.46849e+12 1.43251e+13 5.82782e+13 1.79485e+14 4.39808e+14 8.86411e+14 1.50206e+15 2.16464e+15 2.68533e+15 2.88282e+15 0 0 0 0 0 0 0 0 0 0 0 0 0 0 0 0 0 0 0 0 0 0 0 0 0 0 0 0 0 0 0 0 
0 0 0 0 0 0 0 0 0 0 0 0 0 0 0 0 0 0 0 0 0 9.22203e+08 3.54826e+10 4.54281e+11 3.18312e+12 1.48116e+13 5.04651e+13 1.33164e+14 2.84362e+14 5.00826e+14 7.42374e+14 9.37523e+14 1.01328e+15 0 0 0 0 0 0 0 0 0 0 0 0 0 0 0 0 0 0 0 0 0 0 0 0 0 0 0 0 0 0 0 0 
0 0 0 0 0 0 0 0 0 0 0 0 0 0 0 0 0 0 0 0 0 0 3.62848e+09 7.13759e+10 6.24002e+11 3.37358e+12 1.27953e+13 3.66591e+13 8.28938e+13 1.52851e+14 2.33659e+14 3.00123e+14 3.26035e+14 0 0 0 0 0 0 0 0 0 0 0 0 0 0 0 0 0 0 0 0 0 0 0 0 0 0 0 0 0 0 0 0 
0 0 0 0 0 0 0 0 0 0 0 0 0 0 0 0 0 0 0 0 0 0 3.21707e+08 9.45425e+09 1.07755e+11 6.88905e+11 2.94466e+12 9.19834e+12 2.21964e+13 4.28406e+13 6.7574e+13 8.82693e+13 9.64316e+13 0 0 0 0 0 0 0 0 0 0 0 0 0 0 0 0 0 0 0 0 0 0 0 0 0 0 0 0 0 0 0 0 
0 0 0 0 0 0 0 0 0 0 0 0 0 0 0 0 0 0 0 0 0 0 0 9.58493e+08 1.62921e+10 1.26847e+11 6.17277e+11 2.12182e+12 5.47971e+12 1.10899e+13 1.80617e+13 2.40305e+13 2.64639e+13 0 0 0 0 0 0 0 0 0 0 0 0 0 0 0 0 0 0 0 0 0 0 0 0 0 0 0 0 0 0 0 0 
0 0 0 0 0 0 0 0 0 0 0 0 0 0 0 0 0 0 0 0 0 0 0 1.04617e+08 2.18296e+09 2.09821e+10 1.18504e+11 4.50254e+11 1.24968e+12 2.66297e+12 4.49771e+12 6.11252e+12 6.75631e+12 0 0 0 0 0 0 0 0 0 0 0 0 0 0 0 0 0 0 0 0 0 0 0 0 0 0 0 0 0 0 0 0 
0 0 0 0 0 0 0 0 0 0 0 0 0 0 0 0 0 0 0 0 0 0 0 0 2.22996e+08 3.16738e+09 2.10022e+10 8.87046e+10 2.66595e+11 5.99969e+11 1.04702e+12 1.45749e+12 1.61821e+12 0 0 0 0 0 0 0 0 0 0 0 0 0 0 0 0 0 0 0 0 0 0 0 0 0 0 0 0 0 0 0 0 
0 0 0 0 0 0 0 0 0 0 0 0 0 0 0 0 0 0 0 0 0 0 0 0 3.14774e+07 4.45774e+08 3.42325e+09 1.6464e+10 5.36203e+10 1.27428e+11 2.3152e+11 3.27739e+11 3.68691e+11 0 0 0 0 0 0 0 0 0 0 0 0 0 0 0 0 0 0 0 0 0 0 0 0 0 0 0 0 0 0 0 0 
0 0 0 0 0 0 0 0 0 0 0 0 0 0 0 0 0 0 0 0 0 0 0 0 0 4.53411e+07 5.37677e+08 2.89556e+09 1.0189e+10 2.59165e+10 4.88036e+10 7.05795e+10 7.97404e+10 0 0 0 0 0 0 0 0 0 0 0 0 0 0 0 0 0 0 0 0 0 0 0 0 0 0 0 0 0 0 0 0 
0 0 0 0 0 0 0 0 0 0 0 0 0 0 0 0 0 0 0 0 0 0 0 0 0 8.60162e+06 8.11377e+07 4.76117e+08 1.89398e+09 5.03799e+09 9.90977e+09 1.47126e+10 1.67116e+10 0 0 0 0 0 0 0 0 0 0 0 0 0 0 0 0 0 0 0 0 0 0 0 0 0 0 0 0 0 0 0 0 
0 0 0 0 0 0 0 0 0 0 0 0 0 0 0 0 0 0 0 0 0 0 0 0 0 0 7.83743e+06 8.09092e+07 3.38908e+08 9.54512e+08 1.97882e+09 2.96898e+09 3.43666e+09 0 0 0 0 0 0 0 0 0 0 0 0 0 0 0 0 0 0 0 0 0 0 0 0 0 0 0 0 0 0 0 0 
0 0 0 0 0 0 0 0 0 0 0 0 0 0 0 0 0 0 0 0 0 0 0 0 0 0 2.0775e+06 1.28801e+07 5.65009e+07 1.84651e+08 3.79631e+08 5.99712e+08 6.87153e+08 0 0 0 0 0 0 0 0 0 0 0 0 0 0 0 0 0 0 0 0 0 0 0 0 0 0 0 0 0 0 0 0 
0 0 0 0 0 0 0 0 0 0 0 0 0 0 0 0 0 0 0 0 0 0 0 0 0 0 0 1.08764e+06 1.08873e+07 3.27984e+07 7.37818e+07 1.1984e+08 1.36277e+08 0 0 0 0 0 0 0 0 0 0 0 0 0 0 0 0 0 0 0 0 0 0 0 0 0 0 0 0 0 0 0 0 
0 0 0 0 0 0 0 0 0 0 0 0 0 0 0 0 0 0 0 0 0 0 0 0 0 0 0 430369 1.69657e+06 5.58715e+06 1.52178e+07 2.21741e+07 2.86688e+07 0 0 0 0 0 0 0 0 0 0 0 0 0 0 0 0 0 0 0 0 0 0 0 0 0 0 0 0 0 0 0 0 
0 0 0 0 0 0 0 0 0 0 0 0 0 0 0 0 0 0 0 0 0 0 0 0 0 0 0 0 112442 1.25831e+06 2.42008e+06 4.71589e+06 5.21733e+06 0 0 0 0 0 0 0 0 0 0 0 0 0 0 0 0 0 0 0 0 0 0 0 0 0 0 0 0 0 0 0 0 
0 0 0 0 0 0 0 0 0 0 0 0 0 0 0 0 0 0 0 0 0 0 0 0 0 0 0 0 73811.2 170594 459088 967187 942331 0 0 0 0 0 0 0 0 0 0 0 0 0 0 0 0 0 0 0 0 0 0 0 0 0 0 0 0 0 0 0 0 
0 0 0 0 0 0 0 0 0 0 0 0 0 0 0 0 0 0 0 0 0 0 0 0 0 0 0 0 0 7632.33 117473 111828 242789 0 0 0 0 0 0 0 0 0 0 0 0 0 0 0 0 0 0 0 0 0 0 0 0 0 0 0 0 0 0 0 0 
0 0 0 0 0 0 0 0 0 0 0 0 0 0 0 0 0 0 0 0 0 0 0 0 0 0 0 0 0 9986.32 11501.8 32493.8 37679.4 0 0 0 0 0 0 0 0 0 0 0 0 0 0 0 0 0 0 0 0 0 0 0 0 0 0 0 0 0 0 0 0 
0 0 0 0 0 0 0 0 0 0 0 0 0 0 0 0 0 0 0 0 0 0 0 0 0 0 0 0 0 0 254.768 7710.01 2045.23 0 0 0 0 0 0 0 0 0 0 0 0 0 0 0 0 0 0 0 0 0 0 0 0 0 0 0 0 0 0 0 0 
0 0 0 0 0 0 0 0 0 0 0 0 0 0 0 0 0 0 0 0 0 0 0 0 0 0 0 0 0 0 991.951 383.531 1925.22 0 0 0 0 0 0 0 0 0 0 0 0 0 0 0 0 0 0 0 0 0 0 0 0 0 0 0 0 0 0 0 0 
0 0 0 0 0 0 0 0 0 0 0 0 0 0 0 0 0 0 0 0 0 0 0 0 0 0 0 0 0 0 0 0 256.985 0 0 0 0 0 0 0 0 0 0 0 0 0 0 0 0 0 0 0 0 0 0 0 0 0 0 0 0 0 0 0 0 
0 0 0 0 0 0 0 0 0 0 0 0 0 0 0 0 0 0 0 0 0 0 0 0 0 0 0 0 0 0 0 63.9968 0 0 0 0 0 0 0 0 0 0 0 0 0 0 0 0 0 0 0 0 0 0 0 0 0 0 0 0 0 0 0 0 0 
0 0 0 0 0 0 0 0 0 0 0 0 0 0 0 0 0 0 0 0 0 0 0 0 0 0 0 0 0 0 0 0 0 0 0 0 0 0 0 0 0 0 0 0 0 0 0 0 0 0 0 0 0 0 0 0 0 0 0 0 0 0 0 0 0 
0 0 0 0 0 0 0 0 0 0 0 0 0 0 0 0 0 0 0 0 0 0 0 0 0 0 0 0 0 0 0 0 1.9999 0 0 0 0 0 0 0 0 0 0 0 0 0 0 0 0 0 0 0 0 0 0 0 0 0 0 0 0 0 0 0 0 
