1 0 0 0 0 0 0 0 0 0 0 0 0 0 0 0 0 0 0 0 0 0 0 0 0 0 0 0 0 0 0 0 0 0 0 0 0 0 0 0 0 0 0 0 0 0 0 0 0 0 0 0 0 0 0 0 0 0 0 0 0 0 0 0 0 
0 0 0 0 0 0 0 0 0 0 0 0 0 0 0 0 0 0 0 0 0 0 0 0 0 0 0 0 0 0 0 0 0 0 0 0 0 0 0 0 0 0 0 0 0 0 0 0 0 0 0 0 0 0 0 0 0 0 0 0 0 0 0 0 0 
0 64 0 0 0 0 0 0 0 0 0 0 0 0 0 0 0 0 0 0 0 0 0 0 0 0 0 0 0 0 0 0 0 0 0 0 0 0 0 0 0 0 0 0 0 0 0 0 0 0 0 0 0 0 0 0 0 0 0 0 0 0 0 0 0 
0 0 128 0 0 0 0 0 0 0 0 0 0 0 0 0 0 0 0 0 0 0 0 0 0 0 0 0 0 0 0 0 0 0 0 0 0 0 0 0 0 0 0 0 0 0 0 0 0 0 0 0 0 0 0 0 0 0 0 0 0 0 0 0 0 
0 0 1888 383.943 64.133 0 0 0 0 0 0 0 0 0 0 0 0 0 0 0 0 0 0 0 0 0 0 0 0 0 0 0 0 0 0 0 0 0 0 0 0 0 0 0 0 0 0 0 0 0 0 0 0 0 0 0 0 0 0 0 0 0 0 0 0 
0 0 0 7168.11 1149.7 515.206 128.981 0 0 0 0 0 0 0 0 0 0 0 0 0 0 0 0 0 0 0 0 0 0 0 0 0 0 0 0 0 0 0 0 0 0 0 0 0 0 0 0 0 0 0 0 0 0 0 0 0 0 0 0 0 0 0 0 0 0 
0 0 0 34111.9 27307.1 6856.02 2572.67 1415.86 384.576 63.8544 0 0 0 0 0 0 0 0 0 0 0 0 0 0 0 0 0 0 0 0 0 0 0 0 0 0 0 0 0 0 0 0 0 0 0 0 0 0 0 0 0 0 0 0 0 0 0 0 0 0 0 0 0 0 0 
0 0 0 0 183728 97203.1 42784.6 16856.1 8540.43 4586.83 1915.29 515.482 124.798 0 0 0 0 0 0 0 0 0 0 0 0 0 0 0 0 0 0 0 0 0 0 0 0 0 0 0 0 0 0 0 0 0 0 0 0 0 0 0 0 0 0 0 0 0 0 0 0 0 0 0 0 
0 0 0 0 423127 829319 411897 223379 121080 59658.4 33550.6 19791 9748.58 4364.2 1433.84 396.856 76.6451 0 0 0 0 0 0 0 15.2506 0 0 0 0 0 0 0 15.8683 0 0 0 0 0 0 0 0 0 0 0 0 0 0 0 0 0 0 0 0 0 0 0 0 0 0 0 0 0 0 0 0 
0 0 0 0 0 2.86071e+06 3.32754e+06 1.97871e+06 1.1443e+06 722014 426562 250461 154102 94701.2 55721 29572.4 13874 5990.24 2170.11 743.251 377.007 245.85 234.193 249.043 0 246.519 257.606 253.541 251.36 253.168 254.769 256.029 0 0 0 0 0 0 0 0 0 0 0 0 0 0 0 0 0 0 0 0 0 0 0 0 0 0 0 0 0 0 0 0 0 
0 0 0 0 0 3.82991e+06 1.4607e+07 1.35217e+07 9.38621e+06 6.07942e+06 4.03603e+06 2.70392e+06 1.8014e+06 1.1736e+06 780692 509306 328339 204458 119862 66995.5 36016.8 21065.6 13418.3 10614.4 10979.4 9536.77 9327.17 9207.12 9280 9058.07 9353.7 9507.42 11286.4 0 0 0 0 0 0 0 0 0 0 0 0 0 0 0 0 0 0 0 0 0 0 0 0 0 0 0 0 0 0 0 0 
0 0 0 0 0 0 3.03297e+07 6.37479e+07 5.74685e+07 4.33037e+07 3.15214e+07 2.24346e+07 1.59883e+07 1.14877e+07 8.16477e+06 5.82816e+06 4.16086e+06 2.93749e+06 2.08148e+06 1.44316e+06 1.01579e+06 703543 493214 363966 283370 249677 228683 220167 213257 218068 215891 210698 206296 0 0 0 0 0 0 0 0 0 0 0 0 0 0 0 0 0 0 0 0 0 0 0 0 0 0 0 0 0 0 0 0 
0 0 0 0 0 0 2.62527e+07 1.69453e+08 2.63029e+08 2.46383e+08 1.99322e+08 1.56594e+08 1.19683e+08 9.03932e+07 6.89485e+07 5.25674e+07 4.0123e+07 3.05714e+07 2.32557e+07 1.77868e+07 1.35679e+07 1.05676e+07 8.31235e+06 6.59932e+06 5.47269e+06 4.62067e+06 3.99097e+06 3.59942e+06 3.38531e+06 3.2412e+06 3.22839e+06 3.19184e+06 3.21021e+06 0 0 0 0 0 0 0 0 0 0 0 0 0 0 0 0 0 0 0 0 0 0 0 0 0 0 0 0 0 0 0 0 
0 0 0 0 0 0 0 2.32688e+08 7.85052e+08 1.06695e+09 1.0419e+09 9.03213e+08 7.51685e+08 6.09198e+08 4.90865e+08 3.92932e+08 3.1576e+08 2.52833e+08 2.04074e+08 1.65592e+08 1.35155e+08 1.10095e+08 9.08213e+07 7.61982e+07 6.4763e+07 5.63459e+07 5.03255e+07 4.56426e+07 4.24762e+07 4.01734e+07 3.85553e+07 3.78309e+07 3.75583e+07 0 0 0 0 0 0 0 0 0 0 0 0 0 0 0 0 0 0 0 0 0 0 0 0 0 0 0 0 0 0 0 0 
0 0 0 0 0 0 0 1.39585e+08 1.38444e+09 3.30356e+09 4.28233e+09 4.34043e+09 3.97404e+09 3.48819e+09 2.97616e+09 2.51349e+09 2.11828e+09 1.7817e+09 1.49898e+09 1.269e+09 1.07215e+09 9.17049e+08 7.87247e+08 6.8299e+08 5.98742e+08 5.36566e+08 4.80253e+08 4.4215e+08 4.1234e+08 3.9315e+08 3.77903e+08 3.7052e+08 3.6834e+08 0 0 0 0 0 0 0 0 0 0 0 0 0 0 0 0 0 0 0 0 0 0 0 0 0 0 0 0 0 0 0 0 
0 0 0 0 0 0 0 0 1.33986e+09 6.67017e+09 1.31387e+10 1.68244e+10 1.77503e+10 1.70604e+10 1.56718e+10 1.40265e+10 1.23725e+10 1.0864e+10 9.51589e+09 8.31959e+09 7.3058e+09 6.44723e+09 5.69366e+09 5.08803e+09 4.58522e+09 4.15031e+09 3.81616e+09 3.54625e+09 3.33884e+09 3.18086e+09 3.09781e+09 3.0281e+09 2.99692e+09 0 0 0 0 0 0 0 0 0 0 0 0 0 0 0 0 0 0 0 0 0 0 0 0 0 0 0 0 0 0 0 0 
0 0 0 0 0 0 0 0 5.85649e+08 8.31237e+09 2.84046e+10 5.03501e+10 6.45243e+10 7.04598e+10 7.08255e+10 6.76985e+10 6.3238e+10 5.81201e+10 5.29783e+10 4.7907e+10 4.35447e+10 3.94433e+10 3.59129e+10 3.27599e+10 3.00063e+10 2.78189e+10 2.59137e+10 2.45137e+10 2.33051e+10 2.24863e+10 2.18425e+10 2.14192e+10 2.13254e+10 0 0 0 0 0 0 0 0 0 0 0 0 0 0 0 0 0 0 0 0 0 0 0 0 0 0 0 0 0 0 0 0 
0 0 0 0 0 0 0 0 0 5.92847e+09 4.09127e+10 1.11435e+11 1.86524e+11 2.41215e+11 2.71525e+11 2.83509e+11 2.81582e+11 2.72535e+11 2.59716e+11 2.44724e+11 2.28765e+11 2.13977e+11 1.99687e+11 1.86342e+11 1.74391e+11 1.64777e+11 1.56073e+11 1.48936e+11 1.43087e+11 1.38837e+11 1.35701e+11 1.33654e+11 1.32824e+11 0 0 0 0 0 0 0 0 0 0 0 0 0 0 0 0 0 0 0 0 0 0 0 0 0 0 0 0 0 0 0 0 
0 0 0 0 0 0 0 0 0 1.96252e+09 3.76597e+10 1.74287e+11 4.11456e+11 6.6697e+11 8.7325e+11 1.01238e+12 1.09286e+12 1.12535e+12 1.12326e+12 1.10408e+12 1.0704e+12 1.03047e+12 9.86719e+11 9.43452e+11 9.0252e+11 8.66473e+11 8.3574e+11 8.08416e+11 7.82872e+11 7.65114e+11 7.51493e+11 7.43913e+11 7.40335e+11 0 0 0 0 0 0 0 0 0 0 0 0 0 0 0 0 0 0 0 0 0 0 0 0 0 0 0 0 0 0 0 0 
0 0 0 0 0 0 0 0 0 0 2.04999e+10 1.86464e+11 6.70821e+11 1.44492e+12 2.29896e+12 3.05473e+12 3.63463e+12 4.03579e+12 4.28841e+12 4.41916e+12 4.4599e+12 4.43408e+12 4.36874e+12 4.27708e+12 4.1922e+12 4.09655e+12 4.0051e+12 3.91224e+12 3.84682e+12 3.78612e+12 3.73744e+12 3.70677e+12 3.71838e+12 0 0 0 0 0 0 0 0 0 0 0 0 0 0 0 0 0 0 0 0 0 0 0 0 0 0 0 0 0 0 0 0 
0 0 0 0 0 0 0 0 0 0 5.29794e+09 1.31185e+11 7.85782e+11 2.38651e+12 4.83796e+12 7.62765e+12 1.02776e+13 1.25358e+13 1.42895e+13 1.55849e+13 1.64628e+13 1.70377e+13 1.73406e+13 1.74872e+13 1.75e+13 1.74276e+13 1.72638e+13 1.71582e+13 1.70125e+13 1.69144e+13 1.67916e+13 1.67465e+13 1.67328e+13 0 0 0 0 0 0 0 0 0 0 0 0 0 0 0 0 0 0 0 0 0 0 0 0 0 0 0 0 0 0 0 0 
0 0 0 0 0 0 0 0 0 0 0 5.6028e+10 6.43716e+11 2.94219e+12 7.95159e+12 1.54476e+13 2.42554e+13 3.31599e+13 4.12321e+13 4.81132e+13 5.37458e+13 5.80365e+13 6.14574e+13 6.38985e+13 6.55407e+13 6.67093e+13 6.73821e+13 6.79312e+13 6.8104e+13 6.83193e+13 6.83802e+13 6.83963e+13 6.82511e+13 0 0 0 0 0 0 0 0 0 0 0 0 0 0 0 0 0 0 0 0 0 0 0 0 0 0 0 0 0 0 0 0 
0 0 0 0 0 0 0 0 0 0 0 1.1597e+10 3.55918e+11 2.65159e+12 1.00334e+13 2.49255e+13 4.70184e+13 7.36499e+13 1.0189e+14 1.29281e+14 1.53981e+14 1.75798e+14 1.93899e+14 2.08548e+14 2.20417e+14 2.29623e+14 2.37284e+14 2.4238e+14 2.46736e+14 2.48794e+14 2.5132e+14 2.52374e+14 2.52979e+14 0 0 0 0 0 0 0 0 0 0 0 0 0 0 0 0 0 0 0 0 0 0 0 0 0 0 0 0 0 0 0 0 
0 0 0 0 0 0 0 0 0 0 0 0 1.22174e+11 1.70847e+12 9.56441e+12 3.15774e+13 7.36809e+13 1.35898e+14 2.13059e+14 2.97532e+14 3.83553e+14 4.64793e+14 5.38912e+14 6.04445e+14 6.61496e+14 7.09834e+14 7.48709e+14 7.7929e+14 8.03032e+14 8.22197e+14 8.34607e+14 8.41921e+14 8.44309e+14 0 0 0 0 0 0 0 0 0 0 0 0 0 0 0 0 0 0 0 0 0 0 0 0 0 0 0 0 0 0 0 0 
0 0 0 0 0 0 0 0 0 0 0 0 2.0685e+10 7.59272e+11 6.79056e+12 3.09967e+13 9.23197e+13 2.05363e+14 3.72203e+14 5.83157e+14 8.21835e+14 1.0716e+15 1.32027e+15 1.55353e+15 1.76468e+15 1.95234e+15 2.11571e+15 2.24863e+15 2.35989e+15 2.44262e+15 2.49918e+15 2.53614e+15 2.5446e+15 0 0 0 0 0 0 0 0 0 0 0 0 0 0 0 0 0 0 0 0 0 0 0 0 0 0 0 0 0 0 0 0 
0 0 0 0 0 0 0 0 0 0 0 0 0 2.13783e+11 3.52254e+12 2.33671e+13 9.15609e+13 2.51724e+14 5.38816e+14 9.62624e+14 1.50537e+15 2.1369e+15 2.8114e+15 3.49911e+15 4.16164e+15 4.77684e+15 5.32241e+15 5.8052e+15 6.19849e+15 6.50597e+15 6.73039e+15 6.86198e+15 6.91164e+15 0 0 0 0 0 0 0 0 0 0 0 0 0 0 0 0 0 0 0 0 0 0 0 0 0 0 0 0 0 0 0 0 
0 0 0 0 0 0 0 0 0 0 0 0 0 3.02212e+10 1.28354e+12 1.33533e+13 7.1261e+13 2.48064e+14 6.38967e+14 1.32438e+15 2.33551e+15 3.64428e+15 5.18628e+15 6.86787e+15 8.6051e+15 1.0299e+16 1.18874e+16 1.33066e+16 1.4523e+16 1.54873e+16 1.61821e+16 1.66037e+16 1.6747e+16 0 0 0 0 0 0 0 0 0 0 0 0 0 0 0 0 0 0 0 0 0 0 0 0 0 0 0 0 0 0 0 0 
0 0 0 0 0 0 0 0 0 0 0 0 0 0 3.01697e+11 5.67814e+12 4.33214e+13 1.95648e+14 6.19114e+14 1.51083e+15 3.0416e+15 5.28758e+15 8.21717e+15 1.16965e+16 1.55198e+16 1.94877e+16 2.33882e+16 2.7004e+16 3.01632e+16 3.27531e+16 3.4668e+16 3.58666e+16 3.62514e+16 0 0 0 0 0 0 0 0 0 0 0 0 0 0 0 0 0 0 0 0 0 0 0 0 0 0 0 0 0 0 0 0 
0 0 0 0 0 0 0 0 0 0 0 0 0 0 3.62479e+10 1.72938e+12 2.03195e+13 1.23188e+14 4.87402e+14 1.42311e+15 3.31356e+15 6.49076e+15 1.11139e+16 1.71398e+16 2.43104e+16 3.21778e+16 4.031e+16 4.81597e+16 5.5314e+16 6.132e+16 6.57953e+16 6.8588e+16 6.95592e+16 0 0 0 0 0 0 0 0 0 0 0 0 0 0 0 0 0 0 0 0 0 0 0 0 0 0 0 0 0 0 0 0 
0 0 0 0 0 0 0 0 0 0 0 0 0 0 0 3.45038e+11 7.21127e+12 6.14572e+13 3.1135e+14 1.10459e+15 3.00766e+15 6.70664e+15 1.27904e+16 2.15224e+16 3.27907e+16 4.6119e+16 6.05883e+16 7.52988e+16 8.89913e+16 1.00833e+17 1.10093e+17 1.15812e+17 1.17752e+17 0 0 0 0 0 0 0 0 0 0 0 0 0 0 0 0 0 0 0 0 0 0 0 0 0 0 0 0 0 0 0 0 
0 0 0 0 0 0 0 0 0 0 0 0 0 0 0 3.58872e+10 1.86319e+12 2.40567e+13 1.61133e+14 7.05522e+14 2.27882e+15 5.83451e+15 1.24652e+16 2.30836e+16 3.80759e+16 5.70991e+16 7.91562e+16 1.02429e+17 1.25351e+17 1.45677e+17 1.61752e+17 1.71912e+17 1.75453e+17 0 0 0 0 0 0 0 0 0 0 0 0 0 0 0 0 0 0 0 0 0 0 0 0 0 0 0 0 0 0 0 0 
0 0 0 0 0 0 0 0 0 0 0 0 0 0 0 0 3.21096e+11 7.24211e+12 6.71248e+13 3.71405e+14 1.43855e+15 4.2694e+15 1.03161e+16 2.11636e+16 3.79481e+16 6.10173e+16 8.94593e+16 1.21516e+17 1.53994e+17 1.83875e+17 2.07657e+17 2.23367e+17 2.28806e+17 0 0 0 0 0 0 0 0 0 0 0 0 0 0 0 0 0 0 0 0 0 0 0 0 0 0 0 0 0 0 0 0 
0 0 0 0 0 0 0 0 0 0 0 0 0 0 0 0 2.94287e+10 1.6159e+12 2.229e+13 1.60492e+14 7.57909e+14 2.6378e+15 7.25547e+15 1.65431e+16 3.25035e+16 5.62544e+16 8.76281e+16 1.24838e+17 1.64654e+17 2.0248e+17 2.33586e+17 2.54167e+17 2.61176e+17 0 0 0 0 0 0 0 0 0 0 0 0 0 0 0 0 0 0 0 0 0 0 0 0 0 0 0 0 0 0 0 0 
0 0 0 0 0 0 0 0 0 0 0 0 0 0 0 0 0 2.43922e+11 5.78782e+12 5.6772e+13 3.33876e+14 1.37584e+15 4.3394e+15 1.10948e+16 2.38966e+16 4.47499e+16 7.44153e+16 1.1163e+17 1.53206e+17 1.94258e+17 2.29339e+17 2.52421e+17 2.60794e+17 0 0 0 0 0 0 0 0 0 0 0 0 0 0 0 0 0 0 0 0 0 0 0 0 0 0 0 0 0 0 0 0 
0 0 0 0 0 0 0 0 0 0 0 0 0 0 0 0 0 2.01236e+10 1.13108e+12 1.62511e+13 1.22542e+14 6.07289e+14 2.21757e+15 6.38681e+15 1.51844e+16 3.08135e+16 5.47937e+16 8.68482e+16 1.2434e+17 1.62818e+17 1.96256e+17 2.19434e+17 2.27565e+17 0 0 0 0 0 0 0 0 0 0 0 0 0 0 0 0 0 0 0 0 0 0 0 0 0 0 0 0 0 0 0 0 
0 0 0 0 0 0 0 0 0 0 0 0 0 0 0 0 0 0 1.51852e+11 3.69267e+12 3.73711e+13 2.27578e+14 9.71154e+14 3.17198e+15 8.35227e+15 1.84658e+16 3.51656e+16 5.89324e+16 8.82664e+16 1.19448e+17 1.47635e+17 1.67206e+17 1.74154e+17 0 0 0 0 0 0 0 0 0 0 0 0 0 0 0 0 0 0 0 0 0 0 0 0 0 0 0 0 0 0 0 0 
0 0 0 0 0 0 0 0 0 0 0 0 0 0 0 0 0 0 1.15404e+10 6.41621e+11 9.34974e+12 7.20387e+13 3.65735e+14 1.36228e+15 4.00074e+15 9.64895e+15 1.97381e+16 3.50567e+16 5.5032e+16 7.7207e+16 9.76162e+16 1.12124e+17 1.17376e+17 0 0 0 0 0 0 0 0 0 0 0 0 0 0 0 0 0 0 0 0 0 0 0 0 0 0 0 0 0 0 0 0 
0 0 0 0 0 0 0 0 0 0 0 0 0 0 0 0 0 0 0 7.79368e+10 1.88834e+12 1.92132e+13 1.17924e+14 5.09477e+14 1.67635e+15 4.43236e+15 9.76279e+15 1.84061e+16 3.02367e+16 4.39457e+16 5.70077e+16 6.64214e+16 6.99645e+16 0 0 0 0 0 0 0 0 0 0 0 0 0 0 0 0 0 0 0 0 0 0 0 0 0 0 0 0 0 0 0 0 
0 0 0 0 0 0 0 0 0 0 0 0 0 0 0 0 0 0 0 5.66138e+09 2.96152e+11 4.27265e+12 3.27278e+13 1.6536e+14 6.15105e+14 1.79221e+15 4.26899e+15 8.55835e+15 1.47692e+16 2.2248e+16 2.95872e+16 3.50341e+16 3.70025e+16 0 0 0 0 0 0 0 0 0 0 0 0 0 0 0 0 0 0 0 0 0 0 0 0 0 0 0 0 0 0 0 0 
0 0 0 0 0 0 0 0 0 0 0 0 0 0 0 0 0 0 0 0 3.32884e+10 7.76518e+11 7.7482e+12 4.68282e+13 1.98525e+14 6.42138e+14 1.66076e+15 3.54968e+15 6.43412e+15 1.00654e+16 1.37452e+16 1.65028e+16 1.75474e+16 0 0 0 0 0 0 0 0 0 0 0 0 0 0 0 0 0 0 0 0 0 0 0 0 0 0 0 0 0 0 0 0 
0 0 0 0 0 0 0 0 0 0 0 0 0 0 0 0 0 0 0 0 2.41936e+09 1.12331e+11 1.5545e+12 1.15566e+13 5.67024e+13 2.04397e+14 5.7496e+14 1.31736e+15 2.51416e+15 4.0837e+15 5.72993e+15 7.00484e+15 7.47824e+15 0 0 0 0 0 0 0 0 0 0 0 0 0 0 0 0 0 0 0 0 0 0 0 0 0 0 0 0 0 0 0 0 
0 0 0 0 0 0 0 0 0 0 0 0 0 0 0 0 0 0 0 0 0 1.19355e+10 2.59965e+11 2.46604e+12 1.43117e+13 5.80786e+13 1.79575e+14 4.3961e+14 8.87286e+14 1.50094e+15 2.16539e+15 2.68582e+15 2.88453e+15 0 0 0 0 0 0 0 0 0 0 0 0 0 0 0 0 0 0 0 0 0 0 0 0 0 0 0 0 0 0 0 0 
0 0 0 0 0 0 0 0 0 0 0 0 0 0 0 0 0 0 0 0 0 9.22886e+08 3.54822e+10 4.54282e+11 3.18094e+12 1.47762e+13 5.03183e+13 1.33058e+14 2.83818e+14 5.00475e+14 7.42608e+14 9.37287e+14 1.01278e+15 0 0 0 0 0 0 0 0 0 0 0 0 0 0 0 0 0 0 0 0 0 0 0 0 0 0 0 0 0 0 0 0 
0 0 0 0 0 0 0 0 0 0 0 0 0 0 0 0 0 0 0 0 0 0 3.64343e+09 7.12673e+10 6.23189e+11 3.37021e+12 1.27621e+13 3.66402e+13 8.28697e+13 1.52787e+14 2.33724e+14 2.99679e+14 3.25353e+14 0 0 0 0 0 0 0 0 0 0 0 0 0 0 0 0 0 0 0 0 0 0 0 0 0 0 0 0 0 0 0 0 
0 0 0 0 0 0 0 0 0 0 0 0 0 0 0 0 0 0 0 0 0 0 3.2205e+08 9.47709e+09 1.07691e+11 6.87759e+11 2.93991e+12 9.17258e+12 2.21893e+13 4.2761e+13 6.74941e+13 8.84778e+13 9.64334e+13 0 0 0 0 0 0 0 0 0 0 0 0 0 0 0 0 0 0 0 0 0 0 0 0 0 0 0 0 0 0 0 0 
0 0 0 0 0 0 0 0 0 0 0 0 0 0 0 0 0 0 0 0 0 0 0 9.69281e+08 1.6264e+10 1.26779e+11 6.16762e+11 2.11469e+12 5.46207e+12 1.10624e+13 1.8033e+13 2.40106e+13 2.6483e+13 0 0 0 0 0 0 0 0 0 0 0 0 0 0 0 0 0 0 0 0 0 0 0 0 0 0 0 0 0 0 0 0 
0 0 0 0 0 0 0 0 0 0 0 0 0 0 0 0 0 0 0 0 0 0 0 1.04879e+08 2.19463e+09 2.09496e+10 1.18137e+11 4.49252e+11 1.24862e+12 2.65941e+12 4.48603e+12 6.09895e+12 6.75096e+12 0 0 0 0 0 0 0 0 0 0 0 0 0 0 0 0 0 0 0 0 0 0 0 0 0 0 0 0 0 0 0 0 
0 0 0 0 0 0 0 0 0 0 0 0 0 0 0 0 0 0 0 0 0 0 0 0 2.25451e+08 3.16501e+09 2.09705e+10 8.8541e+10 2.65825e+11 5.99211e+11 1.04675e+12 1.45472e+12 1.62064e+12 0 0 0 0 0 0 0 0 0 0 0 0 0 0 0 0 0 0 0 0 0 0 0 0 0 0 0 0 0 0 0 0 
0 0 0 0 0 0 0 0 0 0 0 0 0 0 0 0 0 0 0 0 0 0 0 0 3.1587e+07 4.48838e+08 3.41152e+09 1.64394e+10 5.34534e+10 1.2695e+11 2.30878e+11 3.28004e+11 3.67444e+11 0 0 0 0 0 0 0 0 0 0 0 0 0 0 0 0 0 0 0 0 0 0 0 0 0 0 0 0 0 0 0 0 
0 0 0 0 0 0 0 0 0 0 0 0 0 0 0 0 0 0 0 0 0 0 0 0 0 4.57839e+07 5.37487e+08 2.89616e+09 1.01474e+10 2.5823e+10 4.86647e+10 7.04961e+10 7.98207e+10 0 0 0 0 0 0 0 0 0 0 0 0 0 0 0 0 0 0 0 0 0 0 0 0 0 0 0 0 0 0 0 0 
0 0 0 0 0 0 0 0 0 0 0 0 0 0 0 0 0 0 0 0 0 0 0 0 0 8.63037e+06 8.17046e+07 4.7532e+08 1.89252e+09 5.0389e+09 9.85758e+09 1.46455e+10 1.66895e+10 0 0 0 0 0 0 0 0 0 0 0 0 0 0 0 0 0 0 0 0 0 0 0 0 0 0 0 0 0 0 0 0 
0 0 0 0 0 0 0 0 0 0 0 0 0 0 0 0 0 0 0 0 0 0 0 0 0 0 7.89273e+06 8.12533e+07 3.37549e+08 9.51168e+08 1.97516e+09 2.96022e+09 3.43068e+09 0 0 0 0 0 0 0 0 0 0 0 0 0 0 0 0 0 0 0 0 0 0 0 0 0 0 0 0 0 0 0 0 
0 0 0 0 0 0 0 0 0 0 0 0 0 0 0 0 0 0 0 0 0 0 0 0 0 0 2.0808e+06 1.29888e+07 5.63217e+07 1.84676e+08 3.79022e+08 5.99499e+08 6.8609e+08 0 0 0 0 0 0 0 0 0 0 0 0 0 0 0 0 0 0 0 0 0 0 0 0 0 0 0 0 0 0 0 0 
0 0 0 0 0 0 0 0 0 0 0 0 0 0 0 0 0 0 0 0 0 0 0 0 0 0 0 1.09703e+06 1.08919e+07 3.276e+07 7.35029e+07 1.19464e+08 1.35452e+08 0 0 0 0 0 0 0 0 0 0 0 0 0 0 0 0 0 0 0 0 0 0 0 0 0 0 0 0 0 0 0 0 
0 0 0 0 0 0 0 0 0 0 0 0 0 0 0 0 0 0 0 0 0 0 0 0 0 0 0 430912 1.70809e+06 5.5878e+06 1.51525e+07 2.21205e+07 2.86284e+07 0 0 0 0 0 0 0 0 0 0 0 0 0 0 0 0 0 0 0 0 0 0 0 0 0 0 0 0 0 0 0 0 
0 0 0 0 0 0 0 0 0 0 0 0 0 0 0 0 0 0 0 0 0 0 0 0 0 0 0 0 113475 1.25736e+06 2.41571e+06 4.68382e+06 5.1845e+06 0 0 0 0 0 0 0 0 0 0 0 0 0 0 0 0 0 0 0 0 0 0 0 0 0 0 0 0 0 0 0 0 
0 0 0 0 0 0 0 0 0 0 0 0 0 0 0 0 0 0 0 0 0 0 0 0 0 0 0 0 73949.9 171751 459780 965082 935724 0 0 0 0 0 0 0 0 0 0 0 0 0 0 0 0 0 0 0 0 0 0 0 0 0 0 0 0 0 0 0 0 
0 0 0 0 0 0 0 0 0 0 0 0 0 0 0 0 0 0 0 0 0 0 0 0 0 0 0 0 0 7707.04 117144 111420 240769 0 0 0 0 0 0 0 0 0 0 0 0 0 0 0 0 0 0 0 0 0 0 0 0 0 0 0 0 0 0 0 0 
0 0 0 0 0 0 0 0 0 0 0 0 0 0 0 0 0 0 0 0 0 0 0 0 0 0 0 0 0 10004.8 11565.2 32599.7 37555.8 0 0 0 0 0 0 0 0 0 0 0 0 0 0 0 0 0 0 0 0 0 0 0 0 0 0 0 0 0 0 0 0 
0 0 0 0 0 0 0 0 0 0 0 0 0 0 0 0 0 0 0 0 0 0 0 0 0 0 0 0 0 0 257.245 7691.06 2043.15 0 0 0 0 0 0 0 0 0 0 0 0 0 0 0 0 0 0 0 0 0 0 0 0 0 0 0 0 0 0 0 0 
0 0 0 0 0 0 0 0 0 0 0 0 0 0 0 0 0 0 0 0 0 0 0 0 0 0 0 0 0 0 994.105 386.013 1927.46 0 0 0 0 0 0 0 0 0 0 0 0 0 0 0 0 0 0 0 0 0 0 0 0 0 0 0 0 0 0 0 0 
0 0 0 0 0 0 0 0 0 0 0 0 0 0 0 0 0 0 0 0 0 0 0 0 0 0 0 0 0 0 0 0 256.308 0 0 0 0 0 0 0 0 0 0 0 0 0 0 0 0 0 0 0 0 0 0 0 0 0 0 0 0 0 0 0 0 
0 0 0 0 0 0 0 0 0 0 0 0 0 0 0 0 0 0 0 0 0 0 0 0 0 0 0 0 0 0 0 64.1358 0 0 0 0 0 0 0 0 0 0 0 0 0 0 0 0 0 0 0 0 0 0 0 0 0 0 0 0 0 0 0 0 0 
0 0 0 0 0 0 0 0 0 0 0 0 0 0 0 0 0 0 0 0 0 0 0 0 0 0 0 0 0 0 0 0 0 0 0 0 0 0 0 0 0 0 0 0 0 0 0 0 0 0 0 0 0 0 0 0 0 0 0 0 0 0 0 0 0 
0 0 0 0 0 0 0 0 0 0 0 0 0 0 0 0 0 0 0 0 0 0 0 0 0 0 0 0 0 0 0 0 2.00424 0 0 0 0 0 0 0 0 0 0 0 0 0 0 0 0 0 0 0 0 0 0 0 0 0 0 0 0 0 0 0 0 
