1 0 0 0 0 0 0 0 0 0 0 0 0 0 0 0 0 0 0 0 0 0 0 0 0 0 0 0 0 0 0 0 0 0 0 0 0 0 0 0 0 0 0 0 0 0 0 0 0 0 0 0 0 0 0 0 0 0 0 0 0 0 0 0 0 
0 0 0 0 0 0 0 0 0 0 0 0 0 0 0 0 0 0 0 0 0 0 0 0 0 0 0 0 0 0 0 0 0 0 0 0 0 0 0 0 0 0 0 0 0 0 0 0 0 0 0 0 0 0 0 0 0 0 0 0 0 0 0 0 0 
0 64 0 0 0 0 0 0 0 0 0 0 0 0 0 0 0 0 0 0 0 0 0 0 0 0 0 0 0 0 0 0 0 0 0 0 0 0 0 0 0 0 0 0 0 0 0 0 0 0 0 0 0 0 0 0 0 0 0 0 0 0 0 0 0 
0 0 128 0 0 0 0 0 0 0 0 0 0 0 0 0 0 0 0 0 0 0 0 0 0 0 0 0 0 0 0 0 0 0 0 0 0 0 0 0 0 0 0 0 0 0 0 0 0 0 0 0 0 0 0 0 0 0 0 0 0 0 0 0 0 
0 0 1888 382.943 63.9304 0 0 0 0 0 0 0 0 0 0 0 0 0 0 0 0 0 0 0 0 0 0 0 0 0 0 0 0 0 0 0 0 0 0 0 0 0 0 0 0 0 0 0 0 0 0 0 0 0 0 0 0 0 0 0 0 0 0 0 0 
0 0 0 7170.11 1145.43 509.284 127.259 0 0 0 0 0 0 0 0 0 0 0 0 0 0 0 0 0 0 0 0 0 0 0 0 0 0 0 0 0 0 0 0 0 0 0 0 0 0 0 0 0 0 0 0 0 0 0 0 0 0 0 0 0 0 0 0 0 0 
0 0 0 34110.9 27375.9 6829.63 2545.42 1404.97 383.1 62.6892 0 0 0 0 0 0 0 0 0 0 0 0 0 0 0 0 0 0 0 0 0 0 0 0 0 0 0 0 0 0 0 0 0 0 0 0 0 0 0 0 0 0 0 0 0 0 0 0 0 0 0 0 0 0 0 
0 0 0 0 183604 97542.1 42951.9 16978.1 8575.14 4600.38 1912.59 507.541 129.789 0 0 0 0 0 0 0 0 0 0 0 0 0 0 0 0 0 0 0 0 0 0 0 0 0 0 0 0 0 0 0 0 0 0 0 0 0 0 0 0 0 0 0 0 0 0 0 0 0 0 0 0 
0 0 0 0 423187 829298 413079 223463 121746 59647.3 33340.2 19716.8 9708.34 4405.77 1388.27 368.099 78.8606 0 0 0 0 0 0 0 15.994 0 0 0 0 0 0 0 16.6416 0 0 0 0 0 0 0 0 0 0 0 0 0 0 0 0 0 0 0 0 0 0 0 0 0 0 0 0 0 0 0 0 
0 0 0 0 0 2.85987e+06 3.32754e+06 1.98199e+06 1.14353e+06 721925 427356 250176 154712 93368.7 55528.2 29579.2 13660 5815.24 2214.83 783.102 392.539 251.89 244.493 265.858 0 247.9 257.781 256.353 251.569 254.069 255.736 259.315 0 0 0 0 0 0 0 0 0 0 0 0 0 0 0 0 0 0 0 0 0 0 0 0 0 0 0 0 0 0 0 0 0 
0 0 0 0 0 3.83046e+06 1.45988e+07 1.3527e+07 9.39478e+06 6.10424e+06 4.04686e+06 2.70078e+06 1.79415e+06 1.17464e+06 776766 507129 324634 206263 121171 68302.9 36520.5 21067.1 13554.5 10554.3 11414.1 9630.82 9479.83 9200.83 9125.07 9208.68 9432.32 9606.8 11186.3 0 0 0 0 0 0 0 0 0 0 0 0 0 0 0 0 0 0 0 0 0 0 0 0 0 0 0 0 0 0 0 0 
0 0 0 0 0 0 3.03408e+07 6.37458e+07 5.74936e+07 4.32672e+07 3.14883e+07 2.23414e+07 1.58818e+07 1.15865e+07 8.22145e+06 5.87729e+06 4.16841e+06 2.94295e+06 2.09559e+06 1.47132e+06 1.01643e+06 705994 498403 367334 281913 245397 233563 222214 218115 218464 216349 212538 205740 0 0 0 0 0 0 0 0 0 0 0 0 0 0 0 0 0 0 0 0 0 0 0 0 0 0 0 0 0 0 0 0 
0 0 0 0 0 0 2.62486e+07 1.69376e+08 2.62995e+08 2.46589e+08 1.99332e+08 1.55988e+08 1.19076e+08 9.03554e+07 6.88936e+07 5.23469e+07 4.01808e+07 3.06934e+07 2.35116e+07 1.78983e+07 1.37244e+07 1.06261e+07 8.36339e+06 6.61484e+06 5.4685e+06 4.62346e+06 4.02949e+06 3.62509e+06 3.43721e+06 3.33144e+06 3.20881e+06 3.18143e+06 3.2101e+06 0 0 0 0 0 0 0 0 0 0 0 0 0 0 0 0 0 0 0 0 0 0 0 0 0 0 0 0 0 0 0 0 
0 0 0 0 0 0 0 2.3281e+08 7.84816e+08 1.06789e+09 1.0434e+09 9.02392e+08 7.48454e+08 6.08376e+08 4.89236e+08 3.93794e+08 3.16897e+08 2.53758e+08 2.06024e+08 1.6647e+08 1.35025e+08 1.10343e+08 9.08401e+07 7.67867e+07 6.51819e+07 5.65976e+07 5.00709e+07 4.5931e+07 4.24883e+07 4.00198e+07 3.84929e+07 3.76533e+07 3.73405e+07 0 0 0 0 0 0 0 0 0 0 0 0 0 0 0 0 0 0 0 0 0 0 0 0 0 0 0 0 0 0 0 0 
0 0 0 0 0 0 0 1.39534e+08 1.38483e+09 3.29932e+09 4.27745e+09 4.34509e+09 3.99004e+09 3.48911e+09 2.9808e+09 2.53105e+09 2.13313e+09 1.79169e+09 1.50373e+09 1.27138e+09 1.07469e+09 9.18364e+08 7.91025e+08 6.84044e+08 5.9961e+08 5.34466e+08 4.827e+08 4.41926e+08 4.12976e+08 3.90885e+08 3.78696e+08 3.72032e+08 3.67869e+08 0 0 0 0 0 0 0 0 0 0 0 0 0 0 0 0 0 0 0 0 0 0 0 0 0 0 0 0 0 0 0 0 
0 0 0 0 0 0 0 0 1.33975e+09 6.6715e+09 1.31468e+10 1.68319e+10 1.77392e+10 1.70777e+10 1.56902e+10 1.40636e+10 1.24003e+10 1.08967e+10 9.53338e+09 8.34238e+09 7.31121e+09 6.45624e+09 5.68789e+09 5.06248e+09 4.57483e+09 4.16375e+09 3.8145e+09 3.56672e+09 3.34286e+09 3.19875e+09 3.08842e+09 3.0326e+09 3.02134e+09 0 0 0 0 0 0 0 0 0 0 0 0 0 0 0 0 0 0 0 0 0 0 0 0 0 0 0 0 0 0 0 0 
0 0 0 0 0 0 0 0 5.85609e+08 8.31688e+09 2.83702e+10 5.03511e+10 6.45543e+10 7.05007e+10 7.08912e+10 6.79104e+10 6.32618e+10 5.81767e+10 5.28218e+10 4.7949e+10 4.34196e+10 3.93915e+10 3.59892e+10 3.27831e+10 3.00782e+10 2.78343e+10 2.5954e+10 2.44837e+10 2.33315e+10 2.24414e+10 2.18171e+10 2.13823e+10 2.13447e+10 0 0 0 0 0 0 0 0 0 0 0 0 0 0 0 0 0 0 0 0 0 0 0 0 0 0 0 0 0 0 0 0 
0 0 0 0 0 0 0 0 0 5.92652e+09 4.09506e+10 1.11316e+11 1.86552e+11 2.41407e+11 2.71995e+11 2.83732e+11 2.82364e+11 2.73106e+11 2.60112e+11 2.44456e+11 2.2857e+11 2.13544e+11 1.99219e+11 1.86282e+11 1.74992e+11 1.64675e+11 1.56218e+11 1.48984e+11 1.42659e+11 1.38633e+11 1.35509e+11 1.33944e+11 1.33356e+11 0 0 0 0 0 0 0 0 0 0 0 0 0 0 0 0 0 0 0 0 0 0 0 0 0 0 0 0 0 0 0 0 
0 0 0 0 0 0 0 0 0 1.96172e+09 3.76662e+10 1.74347e+11 4.11262e+11 6.66368e+11 8.73564e+11 1.01357e+12 1.09225e+12 1.12577e+12 1.12674e+12 1.10417e+12 1.07115e+12 1.03095e+12 9.88239e+11 9.45924e+11 9.03063e+11 8.6491e+11 8.32983e+11 8.04121e+11 7.8407e+11 7.64416e+11 7.50156e+11 7.45239e+11 7.41429e+11 0 0 0 0 0 0 0 0 0 0 0 0 0 0 0 0 0 0 0 0 0 0 0 0 0 0 0 0 0 0 0 0 
0 0 0 0 0 0 0 0 0 0 2.04896e+10 1.86595e+11 6.70382e+11 1.44513e+12 2.29912e+12 3.05414e+12 3.63889e+12 4.0395e+12 4.28972e+12 4.42572e+12 4.45314e+12 4.43641e+12 4.37498e+12 4.29117e+12 4.18856e+12 4.10356e+12 4.00153e+12 3.91254e+12 3.83868e+12 3.77994e+12 3.74471e+12 3.72356e+12 3.71001e+12 0 0 0 0 0 0 0 0 0 0 0 0 0 0 0 0 0 0 0 0 0 0 0 0 0 0 0 0 0 0 0 0 
0 0 0 0 0 0 0 0 0 0 5.2937e+09 1.31141e+11 7.86423e+11 2.38683e+12 4.83741e+12 7.62411e+12 1.02758e+13 1.2527e+13 1.42887e+13 1.55725e+13 1.64722e+13 1.70308e+13 1.73624e+13 1.74805e+13 1.75044e+13 1.74275e+13 1.72779e+13 1.71453e+13 1.70063e+13 1.69011e+13 1.68366e+13 1.67756e+13 1.67084e+13 0 0 0 0 0 0 0 0 0 0 0 0 0 0 0 0 0 0 0 0 0 0 0 0 0 0 0 0 0 0 0 0 
0 0 0 0 0 0 0 0 0 0 0 5.59921e+10 6.44091e+11 2.94082e+12 7.94923e+12 1.54481e+13 2.42604e+13 3.31057e+13 4.1204e+13 4.81263e+13 5.37919e+13 5.81391e+13 6.14398e+13 6.38595e+13 6.54943e+13 6.66861e+13 6.74453e+13 6.78374e+13 6.81624e+13 6.83203e+13 6.83403e+13 6.82295e+13 6.8303e+13 0 0 0 0 0 0 0 0 0 0 0 0 0 0 0 0 0 0 0 0 0 0 0 0 0 0 0 0 0 0 0 0 
0 0 0 0 0 0 0 0 0 0 0 1.15923e+10 3.55575e+11 2.65279e+12 1.00297e+13 2.49271e+13 4.69945e+13 7.36987e+13 1.01842e+14 1.29153e+14 1.53824e+14 1.75289e+14 1.93567e+14 2.08297e+14 2.20206e+14 2.29426e+14 2.36811e+14 2.4274e+14 2.46407e+14 2.49192e+14 2.50393e+14 2.51792e+14 2.52306e+14 0 0 0 0 0 0 0 0 0 0 0 0 0 0 0 0 0 0 0 0 0 0 0 0 0 0 0 0 0 0 0 0 
0 0 0 0 0 0 0 0 0 0 0 0 1.22076e+11 1.70945e+12 9.56902e+12 3.1579e+13 7.36796e+13 1.35964e+14 2.13188e+14 2.97568e+14 3.8348e+14 4.65481e+14 5.39228e+14 6.05576e+14 6.61779e+14 7.0971e+14 7.47813e+14 7.7911e+14 8.03732e+14 8.21451e+14 8.34831e+14 8.42762e+14 8.44404e+14 0 0 0 0 0 0 0 0 0 0 0 0 0 0 0 0 0 0 0 0 0 0 0 0 0 0 0 0 0 0 0 0 
0 0 0 0 0 0 0 0 0 0 0 0 2.06842e+10 7.58397e+11 6.79496e+12 3.09926e+13 9.23534e+13 2.05416e+14 3.72464e+14 5.83793e+14 8.21841e+14 1.0719e+15 1.31858e+15 1.55225e+15 1.76629e+15 1.95385e+15 2.11481e+15 2.25011e+15 2.35677e+15 2.4394e+15 2.49844e+15 2.53468e+15 2.54694e+15 0 0 0 0 0 0 0 0 0 0 0 0 0 0 0 0 0 0 0 0 0 0 0 0 0 0 0 0 0 0 0 0 
0 0 0 0 0 0 0 0 0 0 0 0 0 2.13687e+11 3.52082e+12 2.33632e+13 9.15349e+13 2.51591e+14 5.38242e+14 9.62145e+14 1.50616e+15 2.13492e+15 2.81093e+15 3.49426e+15 4.15558e+15 4.77204e+15 5.32455e+15 5.80234e+15 6.19805e+15 6.51544e+15 6.73364e+15 6.86244e+15 6.90257e+15 0 0 0 0 0 0 0 0 0 0 0 0 0 0 0 0 0 0 0 0 0 0 0 0 0 0 0 0 0 0 0 0 
0 0 0 0 0 0 0 0 0 0 0 0 0 3.01918e+10 1.28192e+12 1.33665e+13 7.12686e+13 2.47993e+14 6.39291e+14 1.32372e+15 2.3347e+15 3.64646e+15 5.19059e+15 6.87643e+15 8.60271e+15 1.02944e+16 1.18831e+16 1.32989e+16 1.45151e+16 1.5464e+16 1.61713e+16 1.6603e+16 1.67445e+16 0 0 0 0 0 0 0 0 0 0 0 0 0 0 0 0 0 0 0 0 0 0 0 0 0 0 0 0 0 0 0 0 
0 0 0 0 0 0 0 0 0 0 0 0 0 0 3.01589e+11 5.67491e+12 4.33289e+13 1.95766e+14 6.19087e+14 1.51178e+15 3.04069e+15 5.28805e+15 8.21574e+15 1.16874e+16 1.55283e+16 1.95044e+16 2.33938e+16 2.69892e+16 3.01457e+16 3.27516e+16 3.46976e+16 3.5834e+16 3.62757e+16 0 0 0 0 0 0 0 0 0 0 0 0 0 0 0 0 0 0 0 0 0 0 0 0 0 0 0 0 0 0 0 0 
0 0 0 0 0 0 0 0 0 0 0 0 0 0 3.62479e+10 1.72606e+12 2.03198e+13 1.23157e+14 4.87274e+14 1.423e+15 3.31377e+15 6.48799e+15 1.11109e+16 1.71309e+16 2.43018e+16 3.21753e+16 4.02899e+16 4.81828e+16 5.53165e+16 6.12598e+16 6.57258e+16 6.86326e+16 6.95186e+16 0 0 0 0 0 0 0 0 0 0 0 0 0 0 0 0 0 0 0 0 0 0 0 0 0 0 0 0 0 0 0 0 
0 0 0 0 0 0 0 0 0 0 0 0 0 0 0 3.45129e+11 7.20777e+12 6.14581e+13 3.11405e+14 1.1039e+15 3.01102e+15 6.70784e+15 1.27853e+16 2.1536e+16 3.27891e+16 4.61076e+16 6.06132e+16 7.52411e+16 8.89991e+16 1.00905e+17 1.10127e+17 1.15821e+17 1.17817e+17 0 0 0 0 0 0 0 0 0 0 0 0 0 0 0 0 0 0 0 0 0 0 0 0 0 0 0 0 0 0 0 0 
0 0 0 0 0 0 0 0 0 0 0 0 0 0 0 3.58997e+10 1.86085e+12 2.40593e+13 1.61131e+14 7.06035e+14 2.27597e+15 5.83324e+15 1.24784e+16 2.30935e+16 3.80976e+16 5.70943e+16 7.91081e+16 1.02512e+17 1.25435e+17 1.45798e+17 1.61673e+17 1.71846e+17 1.75347e+17 0 0 0 0 0 0 0 0 0 0 0 0 0 0 0 0 0 0 0 0 0 0 0 0 0 0 0 0 0 0 0 0 
0 0 0 0 0 0 0 0 0 0 0 0 0 0 0 0 3.21216e+11 7.24694e+12 6.71643e+13 3.71195e+14 1.43882e+15 4.27371e+15 1.03135e+16 2.11584e+16 3.79462e+16 6.10445e+16 8.95103e+16 1.21438e+17 1.53902e+17 1.8376e+17 2.07852e+17 2.23504e+17 2.28897e+17 0 0 0 0 0 0 0 0 0 0 0 0 0 0 0 0 0 0 0 0 0 0 0 0 0 0 0 0 0 0 0 0 
0 0 0 0 0 0 0 0 0 0 0 0 0 0 0 0 2.94609e+10 1.6134e+12 2.22888e+13 1.60621e+14 7.58144e+14 2.63471e+15 7.25176e+15 1.65493e+16 3.24833e+16 5.62318e+16 8.76588e+16 1.2498e+17 1.64652e+17 2.02394e+17 2.33552e+17 2.54035e+17 2.60949e+17 0 0 0 0 0 0 0 0 0 0 0 0 0 0 0 0 0 0 0 0 0 0 0 0 0 0 0 0 0 0 0 0 
0 0 0 0 0 0 0 0 0 0 0 0 0 0 0 0 0 2.44136e+11 5.78522e+12 5.67717e+13 3.33674e+14 1.37606e+15 4.34171e+15 1.10848e+16 2.39146e+16 4.47439e+16 7.43915e+16 1.11597e+17 1.5322e+17 1.94286e+17 2.29052e+17 2.5251e+17 2.61065e+17 0 0 0 0 0 0 0 0 0 0 0 0 0 0 0 0 0 0 0 0 0 0 0 0 0 0 0 0 0 0 0 0 
0 0 0 0 0 0 0 0 0 0 0 0 0 0 0 0 0 2.01548e+10 1.12909e+12 1.62505e+13 1.22663e+14 6.07536e+14 2.21583e+15 6.38919e+15 1.51721e+16 3.08316e+16 5.47859e+16 8.67883e+16 1.24409e+17 1.62891e+17 1.96614e+17 2.19395e+17 2.27614e+17 0 0 0 0 0 0 0 0 0 0 0 0 0 0 0 0 0 0 0 0 0 0 0 0 0 0 0 0 0 0 0 0 
0 0 0 0 0 0 0 0 0 0 0 0 0 0 0 0 0 0 1.52028e+11 3.69226e+12 3.73335e+13 2.27512e+14 9.71671e+14 3.16923e+15 8.35632e+15 1.84616e+16 3.51448e+16 5.8911e+16 8.82353e+16 1.19558e+17 1.47543e+17 1.6716e+17 1.74077e+17 0 0 0 0 0 0 0 0 0 0 0 0 0 0 0 0 0 0 0 0 0 0 0 0 0 0 0 0 0 0 0 0 
0 0 0 0 0 0 0 0 0 0 0 0 0 0 0 0 0 0 1.1571e+10 6.40425e+11 9.35383e+12 7.20425e+13 3.64826e+14 1.36276e+15 4.00308e+15 9.65167e+15 1.97525e+16 3.50817e+16 5.50102e+16 7.70933e+16 9.75805e+16 1.12114e+17 1.17358e+17 0 0 0 0 0 0 0 0 0 0 0 0 0 0 0 0 0 0 0 0 0 0 0 0 0 0 0 0 0 0 0 0 
0 0 0 0 0 0 0 0 0 0 0 0 0 0 0 0 0 0 0 7.815e+10 1.8875e+12 1.91804e+13 1.18261e+14 5.09481e+14 1.67189e+15 4.42659e+15 9.76245e+15 1.84108e+16 3.02459e+16 4.39391e+16 5.69981e+16 6.64977e+16 6.99146e+16 0 0 0 0 0 0 0 0 0 0 0 0 0 0 0 0 0 0 0 0 0 0 0 0 0 0 0 0 0 0 0 0 
0 0 0 0 0 0 0 0 0 0 0 0 0 0 0 0 0 0 0 5.67266e+09 2.95911e+11 4.2724e+12 3.2696e+13 1.65442e+14 6.16077e+14 1.79239e+15 4.26822e+15 8.5563e+15 1.47602e+16 2.22397e+16 2.95919e+16 3.50051e+16 3.70408e+16 0 0 0 0 0 0 0 0 0 0 0 0 0 0 0 0 0 0 0 0 0 0 0 0 0 0 0 0 0 0 0 0 
0 0 0 0 0 0 0 0 0 0 0 0 0 0 0 0 0 0 0 0 3.33173e+10 7.7794e+11 7.7423e+12 4.68624e+13 1.98891e+14 6.4243e+14 1.65926e+15 3.54734e+15 6.43018e+15 1.00648e+16 1.3738e+16 1.65093e+16 1.75379e+16 0 0 0 0 0 0 0 0 0 0 0 0 0 0 0 0 0 0 0 0 0 0 0 0 0 0 0 0 0 0 0 0 
0 0 0 0 0 0 0 0 0 0 0 0 0 0 0 0 0 0 0 0 2.41675e+09 1.12299e+11 1.55402e+12 1.15294e+13 5.67096e+13 2.04644e+14 5.76015e+14 1.31663e+15 2.51535e+15 4.08567e+15 5.73176e+15 6.99391e+15 7.475e+15 0 0 0 0 0 0 0 0 0 0 0 0 0 0 0 0 0 0 0 0 0 0 0 0 0 0 0 0 0 0 0 0 
0 0 0 0 0 0 0 0 0 0 0 0 0 0 0 0 0 0 0 0 0 1.19182e+10 2.59977e+11 2.46362e+12 1.42919e+13 5.81146e+13 1.79462e+14 4.40153e+14 8.87214e+14 1.50152e+15 2.16336e+15 2.68839e+15 2.88518e+15 0 0 0 0 0 0 0 0 0 0 0 0 0 0 0 0 0 0 0 0 0 0 0 0 0 0 0 0 0 0 0 0 
0 0 0 0 0 0 0 0 0 0 0 0 0 0 0 0 0 0 0 0 0 9.18118e+08 3.54502e+10 4.53677e+11 3.172e+12 1.47612e+13 5.03473e+13 1.33262e+14 2.84305e+14 5.01535e+14 7.43944e+14 9.38154e+14 1.01332e+15 0 0 0 0 0 0 0 0 0 0 0 0 0 0 0 0 0 0 0 0 0 0 0 0 0 0 0 0 0 0 0 0 
0 0 0 0 0 0 0 0 0 0 0 0 0 0 0 0 0 0 0 0 0 0 3.64172e+09 7.10856e+10 6.24214e+11 3.36285e+12 1.27566e+13 3.65906e+13 8.30884e+13 1.52821e+14 2.33989e+14 3.0026e+14 3.2565e+14 0 0 0 0 0 0 0 0 0 0 0 0 0 0 0 0 0 0 0 0 0 0 0 0 0 0 0 0 0 0 0 0 
0 0 0 0 0 0 0 0 0 0 0 0 0 0 0 0 0 0 0 0 0 0 3.20503e+08 9.43543e+09 1.06996e+11 6.86098e+11 2.94064e+12 9.20043e+12 2.21694e+13 4.28151e+13 6.7554e+13 8.8485e+13 9.64784e+13 0 0 0 0 0 0 0 0 0 0 0 0 0 0 0 0 0 0 0 0 0 0 0 0 0 0 0 0 0 0 0 0 
0 0 0 0 0 0 0 0 0 0 0 0 0 0 0 0 0 0 0 0 0 0 0 9.62267e+08 1.61968e+10 1.2646e+11 6.14733e+11 2.1127e+12 5.46651e+12 1.10951e+13 1.80564e+13 2.40559e+13 2.6442e+13 0 0 0 0 0 0 0 0 0 0 0 0 0 0 0 0 0 0 0 0 0 0 0 0 0 0 0 0 0 0 0 0 
0 0 0 0 0 0 0 0 0 0 0 0 0 0 0 0 0 0 0 0 0 0 0 1.04245e+08 2.17359e+09 2.08841e+10 1.18161e+11 4.4926e+11 1.24768e+12 2.66569e+12 4.49369e+12 6.11144e+12 6.7615e+12 0 0 0 0 0 0 0 0 0 0 0 0 0 0 0 0 0 0 0 0 0 0 0 0 0 0 0 0 0 0 0 0 
0 0 0 0 0 0 0 0 0 0 0 0 0 0 0 0 0 0 0 0 0 0 0 0 2.23131e+08 3.14985e+09 2.0924e+10 8.84403e+10 2.6571e+11 5.98469e+11 1.04963e+12 1.45423e+12 1.61943e+12 0 0 0 0 0 0 0 0 0 0 0 0 0 0 0 0 0 0 0 0 0 0 0 0 0 0 0 0 0 0 0 0 
0 0 0 0 0 0 0 0 0 0 0 0 0 0 0 0 0 0 0 0 0 0 0 0 3.13709e+07 4.44304e+08 3.42166e+09 1.63844e+10 5.34305e+10 1.27423e+11 2.31292e+11 3.27934e+11 3.68831e+11 0 0 0 0 0 0 0 0 0 0 0 0 0 0 0 0 0 0 0 0 0 0 0 0 0 0 0 0 0 0 0 0 
0 0 0 0 0 0 0 0 0 0 0 0 0 0 0 0 0 0 0 0 0 0 0 0 0 4.54016e+07 5.35266e+08 2.88863e+09 1.01753e+10 2.5749e+10 4.8628e+10 7.05222e+10 7.98125e+10 0 0 0 0 0 0 0 0 0 0 0 0 0 0 0 0 0 0 0 0 0 0 0 0 0 0 0 0 0 0 0 0 
0 0 0 0 0 0 0 0 0 0 0 0 0 0 0 0 0 0 0 0 0 0 0 0 0 8.56418e+06 8.10223e+07 4.75047e+08 1.8907e+09 5.03737e+09 9.90828e+09 1.46564e+10 1.66766e+10 0 0 0 0 0 0 0 0 0 0 0 0 0 0 0 0 0 0 0 0 0 0 0 0 0 0 0 0 0 0 0 0 
0 0 0 0 0 0 0 0 0 0 0 0 0 0 0 0 0 0 0 0 0 0 0 0 0 0 7.83773e+06 8.07745e+07 3.3765e+08 9.51713e+08 1.96857e+09 2.95089e+09 3.42448e+09 0 0 0 0 0 0 0 0 0 0 0 0 0 0 0 0 0 0 0 0 0 0 0 0 0 0 0 0 0 0 0 0 
0 0 0 0 0 0 0 0 0 0 0 0 0 0 0 0 0 0 0 0 0 0 0 0 0 0 2.0663e+06 1.28894e+07 5.62182e+07 1.84539e+08 3.80844e+08 5.97335e+08 6.84177e+08 0 0 0 0 0 0 0 0 0 0 0 0 0 0 0 0 0 0 0 0 0 0 0 0 0 0 0 0 0 0 0 0 
0 0 0 0 0 0 0 0 0 0 0 0 0 0 0 0 0 0 0 0 0 0 0 0 0 0 0 1.08774e+06 1.08375e+07 3.2759e+07 7.33349e+07 1.1901e+08 1.35306e+08 0 0 0 0 0 0 0 0 0 0 0 0 0 0 0 0 0 0 0 0 0 0 0 0 0 0 0 0 0 0 0 0 
0 0 0 0 0 0 0 0 0 0 0 0 0 0 0 0 0 0 0 0 0 0 0 0 0 0 0 428102 1.69673e+06 5.58071e+06 1.51688e+07 2.22142e+07 2.84906e+07 0 0 0 0 0 0 0 0 0 0 0 0 0 0 0 0 0 0 0 0 0 0 0 0 0 0 0 0 0 0 0 0 
0 0 0 0 0 0 0 0 0 0 0 0 0 0 0 0 0 0 0 0 0 0 0 0 0 0 0 0 112585 1.25093e+06 2.41355e+06 4.67721e+06 5.18025e+06 0 0 0 0 0 0 0 0 0 0 0 0 0 0 0 0 0 0 0 0 0 0 0 0 0 0 0 0 0 0 0 0 
0 0 0 0 0 0 0 0 0 0 0 0 0 0 0 0 0 0 0 0 0 0 0 0 0 0 0 0 73352.7 170416 459172 966933 937979 0 0 0 0 0 0 0 0 0 0 0 0 0 0 0 0 0 0 0 0 0 0 0 0 0 0 0 0 0 0 0 0 
0 0 0 0 0 0 0 0 0 0 0 0 0 0 0 0 0 0 0 0 0 0 0 0 0 0 0 0 0 7668.41 116684 111637 240133 0 0 0 0 0 0 0 0 0 0 0 0 0 0 0 0 0 0 0 0 0 0 0 0 0 0 0 0 0 0 0 0 
0 0 0 0 0 0 0 0 0 0 0 0 0 0 0 0 0 0 0 0 0 0 0 0 0 0 0 0 0 9917.11 11479.2 32352.6 37522 0 0 0 0 0 0 0 0 0 0 0 0 0 0 0 0 0 0 0 0 0 0 0 0 0 0 0 0 0 0 0 0 
0 0 0 0 0 0 0 0 0 0 0 0 0 0 0 0 0 0 0 0 0 0 0 0 0 0 0 0 0 0 255.722 7655.88 2053.07 0 0 0 0 0 0 0 0 0 0 0 0 0 0 0 0 0 0 0 0 0 0 0 0 0 0 0 0 0 0 0 0 
0 0 0 0 0 0 0 0 0 0 0 0 0 0 0 0 0 0 0 0 0 0 0 0 0 0 0 0 0 0 985.225 382.352 1913.34 0 0 0 0 0 0 0 0 0 0 0 0 0 0 0 0 0 0 0 0 0 0 0 0 0 0 0 0 0 0 0 0 
0 0 0 0 0 0 0 0 0 0 0 0 0 0 0 0 0 0 0 0 0 0 0 0 0 0 0 0 0 0 0 0 255.021 0 0 0 0 0 0 0 0 0 0 0 0 0 0 0 0 0 0 0 0 0 0 0 0 0 0 0 0 0 0 0 0 
0 0 0 0 0 0 0 0 0 0 0 0 0 0 0 0 0 0 0 0 0 0 0 0 0 0 0 0 0 0 0 63.5629 0 0 0 0 0 0 0 0 0 0 0 0 0 0 0 0 0 0 0 0 0 0 0 0 0 0 0 0 0 0 0 0 0 
0 0 0 0 0 0 0 0 0 0 0 0 0 0 0 0 0 0 0 0 0 0 0 0 0 0 0 0 0 0 0 0 0 0 0 0 0 0 0 0 0 0 0 0 0 0 0 0 0 0 0 0 0 0 0 0 0 0 0 0 0 0 0 0 0 
0 0 0 0 0 0 0 0 0 0 0 0 0 0 0 0 0 0 0 0 0 0 0 0 0 0 0 0 0 0 0 0 1.98634 0 0 0 0 0 0 0 0 0 0 0 0 0 0 0 0 0 0 0 0 0 0 0 0 0 0 0 0 0 0 0 0 
