1 0 0 0 0 0 0 0 0 0 0 0 0 0 0 0 0 0 0 0 0 0 0 0 0 0 0 0 0 0 0 0 0 0 0 0 0 0 0 0 0 0 0 0 0 0 0 0 0 0 0 0 0 0 0 0 0 0 0 0 0 0 0 0 0 
0 0 0 0 0 0 0 0 0 0 0 0 0 0 0 0 0 0 0 0 0 0 0 0 0 0 0 0 0 0 0 0 0 0 0 0 0 0 0 0 0 0 0 0 0 0 0 0 0 0 0 0 0 0 0 0 0 0 0 0 0 0 0 0 0 
0 64 0 0 0 0 0 0 0 0 0 0 0 0 0 0 0 0 0 0 0 0 0 0 0 0 0 0 0 0 0 0 0 0 0 0 0 0 0 0 0 0 0 0 0 0 0 0 0 0 0 0 0 0 0 0 0 0 0 0 0 0 0 0 0 
0 0 128 0 0 0 0 0 0 0 0 0 0 0 0 0 0 0 0 0 0 0 0 0 0 0 0 0 0 0 0 0 0 0 0 0 0 0 0 0 0 0 0 0 0 0 0 0 0 0 0 0 0 0 0 0 0 0 0 0 0 0 0 0 0 
0 0 1888 382.955 64.0273 0 0 0 0 0 0 0 0 0 0 0 0 0 0 0 0 0 0 0 0 0 0 0 0 0 0 0 0 0 0 0 0 0 0 0 0 0 0 0 0 0 0 0 0 0 0 0 0 0 0 0 0 0 0 0 0 0 0 0 0 
0 0 0 7170.09 1148.51 509.955 126.783 0 0 0 0 0 0 0 0 0 0 0 0 0 0 0 0 0 0 0 0 0 0 0 0 0 0 0 0 0 0 0 0 0 0 0 0 0 0 0 0 0 0 0 0 0 0 0 0 0 0 0 0 0 0 0 0 0 0 
0 0 0 34111 27317.5 6809.96 2562.48 1398.68 383.961 63.0335 0 0 0 0 0 0 0 0 0 0 0 0 0 0 0 0 0 0 0 0 0 0 0 0 0 0 0 0 0 0 0 0 0 0 0 0 0 0 0 0 0 0 0 0 0 0 0 0 0 0 0 0 0 0 0 
0 0 0 0 183711 97076.4 42712 16958.9 8639.04 4611.16 1905.94 507.197 123.571 0 0 0 0 0 0 0 0 0 0 0 0 0 0 0 0 0 0 0 0 0 0 0 0 0 0 0 0 0 0 0 0 0 0 0 0 0 0 0 0 0 0 0 0 0 0 0 0 0 0 0 0 
0 0 0 0 423135 829110 411987 221602 120988 59111.4 33650.3 19862.2 9525.75 4308.53 1376.37 379.176 78.2014 0 0 0 0 0 0 0 16.0708 0 0 0 0 0 0 0 16.1631 0 0 0 0 0 0 0 0 0 0 0 0 0 0 0 0 0 0 0 0 0 0 0 0 0 0 0 0 0 0 0 0 
0 0 0 0 0 2.86172e+06 3.32577e+06 1.98232e+06 1.13869e+06 719491 427114 250596 153540 93791.3 55581.4 29309.2 13925.9 5922.69 2210.43 773.562 390.295 258.211 255.266 257.849 0 259.558 252.898 264.518 252.777 251.68 253.996 259.768 0 0 0 0 0 0 0 0 0 0 0 0 0 0 0 0 0 0 0 0 0 0 0 0 0 0 0 0 0 0 0 0 0 
0 0 0 0 0 3.82928e+06 1.46058e+07 1.35253e+07 9.35503e+06 6.07116e+06 4.0298e+06 2.69038e+06 1.78688e+06 1.16686e+06 779259 511408 328701 203878 120070 67476.2 36971.1 21392.5 13860.4 10743.7 11646.8 9798.66 9377 9170.8 9319.08 9253.05 9381.92 9399.48 11305.7 0 0 0 0 0 0 0 0 0 0 0 0 0 0 0 0 0 0 0 0 0 0 0 0 0 0 0 0 0 0 0 0 
0 0 0 0 0 0 3.03374e+07 6.37638e+07 5.7539e+07 4.33047e+07 3.15554e+07 2.23343e+07 1.59158e+07 1.14866e+07 8.15274e+06 5.85905e+06 4.18795e+06 2.96146e+06 2.09056e+06 1.46163e+06 1.01947e+06 710134 497423 369839 285348 245901 231629 222465 216182 218193 214500 212772 207937 0 0 0 0 0 0 0 0 0 0 0 0 0 0 0 0 0 0 0 0 0 0 0 0 0 0 0 0 0 0 0 0 
0 0 0 0 0 0 2.6248e+07 1.69385e+08 2.63049e+08 2.4667e+08 1.99075e+08 1.56141e+08 1.19013e+08 9.07126e+07 6.93257e+07 5.28163e+07 4.0326e+07 3.06247e+07 2.32947e+07 1.78692e+07 1.35844e+07 1.05488e+07 8.24926e+06 6.64708e+06 5.47727e+06 4.60226e+06 4.01702e+06 3.63601e+06 3.42589e+06 3.27862e+06 3.20756e+06 3.20001e+06 3.19505e+06 0 0 0 0 0 0 0 0 0 0 0 0 0 0 0 0 0 0 0 0 0 0 0 0 0 0 0 0 0 0 0 0 
0 0 0 0 0 0 0 2.32755e+08 7.84828e+08 1.06725e+09 1.04176e+09 9.02914e+08 7.50187e+08 6.06135e+08 4.89442e+08 3.92519e+08 3.14996e+08 2.52594e+08 2.04474e+08 1.65619e+08 1.34435e+08 1.09754e+08 9.12417e+07 7.65102e+07 6.48423e+07 5.62568e+07 5.01095e+07 4.5574e+07 4.2421e+07 4.00828e+07 3.86974e+07 3.76527e+07 3.72594e+07 0 0 0 0 0 0 0 0 0 0 0 0 0 0 0 0 0 0 0 0 0 0 0 0 0 0 0 0 0 0 0 0 
0 0 0 0 0 0 0 1.39565e+08 1.38448e+09 3.30019e+09 4.27919e+09 4.33944e+09 3.97679e+09 3.48683e+09 2.97764e+09 2.51554e+09 2.12023e+09 1.78074e+09 1.49984e+09 1.26188e+09 1.0728e+09 9.14872e+08 7.86853e+08 6.83638e+08 5.97199e+08 5.33359e+08 4.82599e+08 4.4271e+08 4.13586e+08 3.91065e+08 3.76874e+08 3.69445e+08 3.68164e+08 0 0 0 0 0 0 0 0 0 0 0 0 0 0 0 0 0 0 0 0 0 0 0 0 0 0 0 0 0 0 0 0 
0 0 0 0 0 0 0 0 1.34025e+09 6.67415e+09 1.31349e+10 1.68154e+10 1.77078e+10 1.70426e+10 1.56555e+10 1.4037e+10 1.23766e+10 1.08709e+10 9.53095e+09 8.32743e+09 7.29734e+09 6.42338e+09 5.6835e+09 5.06324e+09 4.56754e+09 4.14328e+09 3.80194e+09 3.54615e+09 3.3258e+09 3.17763e+09 3.07498e+09 3.02249e+09 2.99978e+09 0 0 0 0 0 0 0 0 0 0 0 0 0 0 0 0 0 0 0 0 0 0 0 0 0 0 0 0 0 0 0 0 
0 0 0 0 0 0 0 0 5.85392e+08 8.30987e+09 2.84033e+10 5.03668e+10 6.45559e+10 7.03953e+10 7.07063e+10 6.76849e+10 6.32311e+10 5.80459e+10 5.28057e+10 4.79552e+10 4.3433e+10 3.93349e+10 3.57627e+10 3.26534e+10 3.00319e+10 2.784e+10 2.60238e+10 2.44569e+10 2.32816e+10 2.23697e+10 2.18131e+10 2.14511e+10 2.1261e+10 0 0 0 0 0 0 0 0 0 0 0 0 0 0 0 0 0 0 0 0 0 0 0 0 0 0 0 0 0 0 0 0 
0 0 0 0 0 0 0 0 0 5.93183e+09 4.094e+10 1.11359e+11 1.86437e+11 2.41397e+11 2.71998e+11 2.83476e+11 2.81972e+11 2.72953e+11 2.59218e+11 2.43808e+11 2.2809e+11 2.13013e+11 1.98838e+11 1.85542e+11 1.7405e+11 1.64602e+11 1.55912e+11 1.48512e+11 1.42842e+11 1.38491e+11 1.35307e+11 1.33493e+11 1.32954e+11 0 0 0 0 0 0 0 0 0 0 0 0 0 0 0 0 0 0 0 0 0 0 0 0 0 0 0 0 0 0 0 0 
0 0 0 0 0 0 0 0 0 1.96046e+09 3.76337e+10 1.7436e+11 4.1142e+11 6.66487e+11 8.7389e+11 1.01262e+12 1.09052e+12 1.12257e+12 1.12268e+12 1.10145e+12 1.06897e+12 1.02776e+12 9.85528e+11 9.42223e+11 9.03634e+11 8.66244e+11 8.3118e+11 8.03097e+11 7.80752e+11 7.61752e+11 7.49731e+11 7.43346e+11 7.39988e+11 0 0 0 0 0 0 0 0 0 0 0 0 0 0 0 0 0 0 0 0 0 0 0 0 0 0 0 0 0 0 0 0 
0 0 0 0 0 0 0 0 0 0 2.05158e+10 1.86518e+11 6.70911e+11 1.44412e+12 2.29822e+12 3.05676e+12 3.63706e+12 4.03403e+12 4.28592e+12 4.41063e+12 4.4497e+12 4.43107e+12 4.36685e+12 4.2885e+12 4.18927e+12 4.08465e+12 3.99881e+12 3.91169e+12 3.84025e+12 3.77501e+12 3.73597e+12 3.70988e+12 3.69797e+12 0 0 0 0 0 0 0 0 0 0 0 0 0 0 0 0 0 0 0 0 0 0 0 0 0 0 0 0 0 0 0 0 
0 0 0 0 0 0 0 0 0 0 5.28943e+09 1.31129e+11 7.8589e+11 2.38785e+12 4.83359e+12 7.61939e+12 1.02774e+13 1.25186e+13 1.42669e+13 1.55679e+13 1.64593e+13 1.70163e+13 1.73405e+13 1.74251e+13 1.74713e+13 1.74108e+13 1.73119e+13 1.71456e+13 1.69741e+13 1.6894e+13 1.67721e+13 1.67416e+13 1.67333e+13 0 0 0 0 0 0 0 0 0 0 0 0 0 0 0 0 0 0 0 0 0 0 0 0 0 0 0 0 0 0 0 0 
0 0 0 0 0 0 0 0 0 0 0 5.60441e+10 6.43879e+11 2.94358e+12 7.9549e+12 1.5435e+13 2.42489e+13 3.31087e+13 4.123e+13 4.81469e+13 5.37191e+13 5.81343e+13 6.14215e+13 6.39197e+13 6.55286e+13 6.67436e+13 6.74125e+13 6.79846e+13 6.80585e+13 6.81288e+13 6.8209e+13 6.83389e+13 6.84155e+13 0 0 0 0 0 0 0 0 0 0 0 0 0 0 0 0 0 0 0 0 0 0 0 0 0 0 0 0 0 0 0 0 
0 0 0 0 0 0 0 0 0 0 0 1.15799e+10 3.55708e+11 2.64967e+12 1.00375e+13 2.49517e+13 4.69748e+13 7.36712e+13 1.01836e+14 1.28977e+14 1.53809e+14 1.75346e+14 1.93498e+14 2.08201e+14 2.20421e+14 2.29448e+14 2.36919e+14 2.42189e+14 2.4652e+14 2.49318e+14 2.51263e+14 2.52181e+14 2.52311e+14 0 0 0 0 0 0 0 0 0 0 0 0 0 0 0 0 0 0 0 0 0 0 0 0 0 0 0 0 0 0 0 0 
0 0 0 0 0 0 0 0 0 0 0 0 1.22181e+11 1.70905e+12 9.55906e+12 3.15768e+13 7.3704e+13 1.3594e+14 2.1293e+14 2.97721e+14 3.83094e+14 4.64727e+14 5.38823e+14 6.04551e+14 6.61192e+14 7.09012e+14 7.48003e+14 7.79459e+14 8.03985e+14 8.22199e+14 8.34222e+14 8.42345e+14 8.44294e+14 0 0 0 0 0 0 0 0 0 0 0 0 0 0 0 0 0 0 0 0 0 0 0 0 0 0 0 0 0 0 0 0 
0 0 0 0 0 0 0 0 0 0 0 0 2.06621e+10 7.59124e+11 6.79331e+12 3.09978e+13 9.2414e+13 2.05379e+14 3.72522e+14 5.83392e+14 8.21462e+14 1.07182e+15 1.31835e+15 1.55208e+15 1.76356e+15 1.95157e+15 2.11269e+15 2.2475e+15 2.35372e+15 2.43835e+15 2.4979e+15 2.53418e+15 2.54237e+15 0 0 0 0 0 0 0 0 0 0 0 0 0 0 0 0 0 0 0 0 0 0 0 0 0 0 0 0 0 0 0 0 
0 0 0 0 0 0 0 0 0 0 0 0 0 2.13778e+11 3.52344e+12 2.33558e+13 9.14775e+13 2.51729e+14 5.38619e+14 9.61943e+14 1.50783e+15 2.13508e+15 2.81271e+15 3.49723e+15 4.15827e+15 4.77183e+15 5.32536e+15 5.79942e+15 6.19454e+15 6.49684e+15 6.72767e+15 6.85442e+15 6.89512e+15 0 0 0 0 0 0 0 0 0 0 0 0 0 0 0 0 0 0 0 0 0 0 0 0 0 0 0 0 0 0 0 0 
0 0 0 0 0 0 0 0 0 0 0 0 0 3.01763e+10 1.2818e+12 1.33567e+13 7.1309e+13 2.48136e+14 6.3922e+14 1.32557e+15 2.33367e+15 3.64589e+15 5.18535e+15 6.86593e+15 8.60388e+15 1.03013e+16 1.18936e+16 1.33037e+16 1.45179e+16 1.54859e+16 1.61813e+16 1.65996e+16 1.67544e+16 0 0 0 0 0 0 0 0 0 0 0 0 0 0 0 0 0 0 0 0 0 0 0 0 0 0 0 0 0 0 0 0 
0 0 0 0 0 0 0 0 0 0 0 0 0 0 3.01864e+11 5.68143e+12 4.32872e+13 1.95628e+14 6.19112e+14 1.51017e+15 3.04073e+15 5.2913e+15 8.21978e+15 1.16963e+16 1.5523e+16 1.94873e+16 2.33475e+16 2.69955e+16 3.0145e+16 3.27345e+16 3.46387e+16 3.58561e+16 3.62476e+16 0 0 0 0 0 0 0 0 0 0 0 0 0 0 0 0 0 0 0 0 0 0 0 0 0 0 0 0 0 0 0 0 
0 0 0 0 0 0 0 0 0 0 0 0 0 0 3.62092e+10 1.72577e+12 2.03206e+13 1.23129e+14 4.87279e+14 1.42359e+15 3.31487e+15 6.48378e+15 1.11145e+16 1.7142e+16 2.43024e+16 3.21956e+16 4.03395e+16 4.81882e+16 5.53258e+16 6.13151e+16 6.58324e+16 6.86332e+16 6.9582e+16 0 0 0 0 0 0 0 0 0 0 0 0 0 0 0 0 0 0 0 0 0 0 0 0 0 0 0 0 0 0 0 0 
0 0 0 0 0 0 0 0 0 0 0 0 0 0 0 3.45367e+11 7.21406e+12 6.14325e+13 3.11334e+14 1.10402e+15 3.00963e+15 6.71214e+15 1.2786e+16 2.15295e+16 3.28197e+16 4.61177e+16 6.0616e+16 7.52124e+16 8.90092e+16 1.00954e+17 1.1008e+17 1.15793e+17 1.17828e+17 0 0 0 0 0 0 0 0 0 0 0 0 0 0 0 0 0 0 0 0 0 0 0 0 0 0 0 0 0 0 0 0 
0 0 0 0 0 0 0 0 0 0 0 0 0 0 0 3.58384e+10 1.86094e+12 2.40756e+13 1.61085e+14 7.05661e+14 2.27739e+15 5.83367e+15 1.24685e+16 2.30884e+16 3.80754e+16 5.70951e+16 7.91001e+16 1.02544e+17 1.25397e+17 1.45631e+17 1.61668e+17 1.71819e+17 1.75307e+17 0 0 0 0 0 0 0 0 0 0 0 0 0 0 0 0 0 0 0 0 0 0 0 0 0 0 0 0 0 0 0 0 
0 0 0 0 0 0 0 0 0 0 0 0 0 0 0 0 3.21384e+11 7.2444e+12 6.71327e+13 3.71259e+14 1.43782e+15 4.26971e+15 1.03238e+16 2.11563e+16 3.79308e+16 6.10174e+16 8.94713e+16 1.21459e+17 1.53917e+17 1.83825e+17 2.07801e+17 2.23523e+17 2.28825e+17 0 0 0 0 0 0 0 0 0 0 0 0 0 0 0 0 0 0 0 0 0 0 0 0 0 0 0 0 0 0 0 0 
0 0 0 0 0 0 0 0 0 0 0 0 0 0 0 0 2.9384e+10 1.61325e+12 2.23071e+13 1.60589e+14 7.58225e+14 2.63687e+15 7.24736e+15 1.65499e+16 3.24973e+16 5.62322e+16 8.77132e+16 1.24894e+17 1.64689e+17 2.02436e+17 2.33609e+17 2.53977e+17 2.61231e+17 0 0 0 0 0 0 0 0 0 0 0 0 0 0 0 0 0 0 0 0 0 0 0 0 0 0 0 0 0 0 0 0 
0 0 0 0 0 0 0 0 0 0 0 0 0 0 0 0 0 2.44087e+11 5.79047e+12 5.67837e+13 3.33654e+14 1.37519e+15 4.34033e+15 1.10883e+16 2.38973e+16 4.47383e+16 7.43601e+16 1.11643e+17 1.5323e+17 1.94293e+17 2.29141e+17 2.52694e+17 2.60793e+17 0 0 0 0 0 0 0 0 0 0 0 0 0 0 0 0 0 0 0 0 0 0 0 0 0 0 0 0 0 0 0 0 
0 0 0 0 0 0 0 0 0 0 0 0 0 0 0 0 0 2.00733e+10 1.12992e+12 1.62533e+13 1.2263e+14 6.07522e+14 2.21671e+15 6.38496e+15 1.51877e+16 3.08516e+16 5.4787e+16 8.67939e+16 1.24319e+17 1.62866e+17 1.96518e+17 2.19335e+17 2.27528e+17 0 0 0 0 0 0 0 0 0 0 0 0 0 0 0 0 0 0 0 0 0 0 0 0 0 0 0 0 0 0 0 0 
0 0 0 0 0 0 0 0 0 0 0 0 0 0 0 0 0 0 1.5185e+11 3.69525e+12 3.73585e+13 2.27659e+14 9.71589e+14 3.17166e+15 8.35805e+15 1.84573e+16 3.51651e+16 5.89221e+16 8.83144e+16 1.19517e+17 1.4754e+17 1.67159e+17 1.74224e+17 0 0 0 0 0 0 0 0 0 0 0 0 0 0 0 0 0 0 0 0 0 0 0 0 0 0 0 0 0 0 0 0 
0 0 0 0 0 0 0 0 0 0 0 0 0 0 0 0 0 0 1.15529e+10 6.40336e+11 9.36275e+12 7.1997e+13 3.653e+14 1.36285e+15 3.99737e+15 9.65007e+15 1.97377e+16 3.50759e+16 5.49702e+16 7.70765e+16 9.75722e+16 1.12128e+17 1.17386e+17 0 0 0 0 0 0 0 0 0 0 0 0 0 0 0 0 0 0 0 0 0 0 0 0 0 0 0 0 0 0 0 0 
0 0 0 0 0 0 0 0 0 0 0 0 0 0 0 0 0 0 0 7.79088e+10 1.89051e+12 1.92425e+13 1.18132e+14 5.09398e+14 1.67537e+15 4.42858e+15 9.77117e+15 1.84024e+16 3.02519e+16 4.39634e+16 5.70058e+16 6.6394e+16 6.99031e+16 0 0 0 0 0 0 0 0 0 0 0 0 0 0 0 0 0 0 0 0 0 0 0 0 0 0 0 0 0 0 0 0 
0 0 0 0 0 0 0 0 0 0 0 0 0 0 0 0 0 0 0 5.66039e+09 2.96308e+11 4.27894e+12 3.27144e+13 1.65556e+14 6.15132e+14 1.79099e+15 4.26214e+15 8.56121e+15 1.47663e+16 2.22617e+16 2.95904e+16 3.50386e+16 3.69992e+16 0 0 0 0 0 0 0 0 0 0 0 0 0 0 0 0 0 0 0 0 0 0 0 0 0 0 0 0 0 0 0 0 
0 0 0 0 0 0 0 0 0 0 0 0 0 0 0 0 0 0 0 0 3.32519e+10 7.78133e+11 7.76283e+12 4.68844e+13 1.98873e+14 6.42151e+14 1.65847e+15 3.54467e+15 6.42898e+15 1.00585e+16 1.37409e+16 1.65183e+16 1.7555e+16 0 0 0 0 0 0 0 0 0 0 0 0 0 0 0 0 0 0 0 0 0 0 0 0 0 0 0 0 0 0 0 0 
0 0 0 0 0 0 0 0 0 0 0 0 0 0 0 0 0 0 0 0 2.41606e+09 1.12549e+11 1.55581e+12 1.15461e+13 5.67923e+13 2.0451e+14 5.75844e+14 1.31672e+15 2.51738e+15 4.09067e+15 5.73893e+15 7.00575e+15 7.48591e+15 0 0 0 0 0 0 0 0 0 0 0 0 0 0 0 0 0 0 0 0 0 0 0 0 0 0 0 0 0 0 0 0 
0 0 0 0 0 0 0 0 0 0 0 0 0 0 0 0 0 0 0 0 0 1.19132e+10 2.60293e+11 2.47008e+12 1.4298e+13 5.83248e+13 1.79572e+14 4.40415e+14 8.8635e+14 1.50161e+15 2.16077e+15 2.68523e+15 2.88178e+15 0 0 0 0 0 0 0 0 0 0 0 0 0 0 0 0 0 0 0 0 0 0 0 0 0 0 0 0 0 0 0 0 
0 0 0 0 0 0 0 0 0 0 0 0 0 0 0 0 0 0 0 0 0 9.20145e+08 3.55095e+10 4.5395e+11 3.17867e+12 1.47867e+13 5.03462e+13 1.33189e+14 2.84337e+14 5.00723e+14 7.44878e+14 9.36922e+14 1.01169e+15 0 0 0 0 0 0 0 0 0 0 0 0 0 0 0 0 0 0 0 0 0 0 0 0 0 0 0 0 0 0 0 0 
0 0 0 0 0 0 0 0 0 0 0 0 0 0 0 0 0 0 0 0 0 0 3.63907e+09 7.11356e+10 6.22904e+11 3.36821e+12 1.27873e+13 3.66466e+13 8.29004e+13 1.52968e+14 2.33751e+14 3.00118e+14 3.25917e+14 0 0 0 0 0 0 0 0 0 0 0 0 0 0 0 0 0 0 0 0 0 0 0 0 0 0 0 0 0 0 0 0 
0 0 0 0 0 0 0 0 0 0 0 0 0 0 0 0 0 0 0 0 0 0 3.22413e+08 9.4621e+09 1.07399e+11 6.86707e+11 2.94028e+12 9.17549e+12 2.21641e+13 4.27945e+13 6.75387e+13 8.83754e+13 9.64131e+13 0 0 0 0 0 0 0 0 0 0 0 0 0 0 0 0 0 0 0 0 0 0 0 0 0 0 0 0 0 0 0 0 
0 0 0 0 0 0 0 0 0 0 0 0 0 0 0 0 0 0 0 0 0 0 0 9.63994e+08 1.62118e+10 1.26258e+11 6.16717e+11 2.11692e+12 5.45352e+12 1.10675e+13 1.80303e+13 2.40677e+13 2.64773e+13 0 0 0 0 0 0 0 0 0 0 0 0 0 0 0 0 0 0 0 0 0 0 0 0 0 0 0 0 0 0 0 0 
0 0 0 0 0 0 0 0 0 0 0 0 0 0 0 0 0 0 0 0 0 0 0 1.04737e+08 2.18344e+09 2.09013e+10 1.18004e+11 4.48499e+11 1.24705e+12 2.65866e+12 4.48989e+12 6.10311e+12 6.77304e+12 0 0 0 0 0 0 0 0 0 0 0 0 0 0 0 0 0 0 0 0 0 0 0 0 0 0 0 0 0 0 0 0 
0 0 0 0 0 0 0 0 0 0 0 0 0 0 0 0 0 0 0 0 0 0 0 0 2.24005e+08 3.14873e+09 2.09111e+10 8.85732e+10 2.66389e+11 5.96795e+11 1.04684e+12 1.45249e+12 1.61914e+12 0 0 0 0 0 0 0 0 0 0 0 0 0 0 0 0 0 0 0 0 0 0 0 0 0 0 0 0 0 0 0 0 
0 0 0 0 0 0 0 0 0 0 0 0 0 0 0 0 0 0 0 0 0 0 0 0 3.15212e+07 4.45093e+08 3.41312e+09 1.63425e+10 5.32512e+10 1.2734e+11 2.30417e+11 3.27425e+11 3.67421e+11 0 0 0 0 0 0 0 0 0 0 0 0 0 0 0 0 0 0 0 0 0 0 0 0 0 0 0 0 0 0 0 0 
0 0 0 0 0 0 0 0 0 0 0 0 0 0 0 0 0 0 0 0 0 0 0 0 0 4.55742e+07 5.35488e+08 2.88564e+09 1.01675e+10 2.57546e+10 4.85227e+10 7.05282e+10 7.94151e+10 0 0 0 0 0 0 0 0 0 0 0 0 0 0 0 0 0 0 0 0 0 0 0 0 0 0 0 0 0 0 0 0 
0 0 0 0 0 0 0 0 0 0 0 0 0 0 0 0 0 0 0 0 0 0 0 0 0 8.61218e+06 8.10729e+07 4.74383e+08 1.8854e+09 5.02375e+09 9.88423e+09 1.46579e+10 1.67182e+10 0 0 0 0 0 0 0 0 0 0 0 0 0 0 0 0 0 0 0 0 0 0 0 0 0 0 0 0 0 0 0 0 
0 0 0 0 0 0 0 0 0 0 0 0 0 0 0 0 0 0 0 0 0 0 0 0 0 0 7.8642e+06 8.089e+07 3.36699e+08 9.50923e+08 1.97358e+09 2.95296e+09 3.42591e+09 0 0 0 0 0 0 0 0 0 0 0 0 0 0 0 0 0 0 0 0 0 0 0 0 0 0 0 0 0 0 0 0 
0 0 0 0 0 0 0 0 0 0 0 0 0 0 0 0 0 0 0 0 0 0 0 0 0 0 2.08001e+06 1.29114e+07 5.61603e+07 1.83961e+08 3.7903e+08 5.98295e+08 6.81236e+08 0 0 0 0 0 0 0 0 0 0 0 0 0 0 0 0 0 0 0 0 0 0 0 0 0 0 0 0 0 0 0 0 
0 0 0 0 0 0 0 0 0 0 0 0 0 0 0 0 0 0 0 0 0 0 0 0 0 0 0 1.09195e+06 1.08357e+07 3.26564e+07 7.34371e+07 1.19095e+08 1.3568e+08 0 0 0 0 0 0 0 0 0 0 0 0 0 0 0 0 0 0 0 0 0 0 0 0 0 0 0 0 0 0 0 0 
0 0 0 0 0 0 0 0 0 0 0 0 0 0 0 0 0 0 0 0 0 0 0 0 0 0 0 430450 1.70103e+06 5.55632e+06 1.51446e+07 2.21389e+07 2.8545e+07 0 0 0 0 0 0 0 0 0 0 0 0 0 0 0 0 0 0 0 0 0 0 0 0 0 0 0 0 0 0 0 0 
0 0 0 0 0 0 0 0 0 0 0 0 0 0 0 0 0 0 0 0 0 0 0 0 0 0 0 0 112763 1.25477e+06 2.41174e+06 4.68289e+06 5.17242e+06 0 0 0 0 0 0 0 0 0 0 0 0 0 0 0 0 0 0 0 0 0 0 0 0 0 0 0 0 0 0 0 0 
0 0 0 0 0 0 0 0 0 0 0 0 0 0 0 0 0 0 0 0 0 0 0 0 0 0 0 0 73887.1 171414 457684 963874 935497 0 0 0 0 0 0 0 0 0 0 0 0 0 0 0 0 0 0 0 0 0 0 0 0 0 0 0 0 0 0 0 0 
0 0 0 0 0 0 0 0 0 0 0 0 0 0 0 0 0 0 0 0 0 0 0 0 0 0 0 0 0 7660.32 116834 111640 239490 0 0 0 0 0 0 0 0 0 0 0 0 0 0 0 0 0 0 0 0 0 0 0 0 0 0 0 0 0 0 0 0 
0 0 0 0 0 0 0 0 0 0 0 0 0 0 0 0 0 0 0 0 0 0 0 0 0 0 0 0 0 9996.54 11529.3 32407.3 37497.5 0 0 0 0 0 0 0 0 0 0 0 0 0 0 0 0 0 0 0 0 0 0 0 0 0 0 0 0 0 0 0 0 
0 0 0 0 0 0 0 0 0 0 0 0 0 0 0 0 0 0 0 0 0 0 0 0 0 0 0 0 0 0 255.012 7676.67 2054.75 0 0 0 0 0 0 0 0 0 0 0 0 0 0 0 0 0 0 0 0 0 0 0 0 0 0 0 0 0 0 0 0 
0 0 0 0 0 0 0 0 0 0 0 0 0 0 0 0 0 0 0 0 0 0 0 0 0 0 0 0 0 0 993.196 384.281 1916.83 0 0 0 0 0 0 0 0 0 0 0 0 0 0 0 0 0 0 0 0 0 0 0 0 0 0 0 0 0 0 0 0 
0 0 0 0 0 0 0 0 0 0 0 0 0 0 0 0 0 0 0 0 0 0 0 0 0 0 0 0 0 0 0 0 255.701 0 0 0 0 0 0 0 0 0 0 0 0 0 0 0 0 0 0 0 0 0 0 0 0 0 0 0 0 0 0 0 0 
0 0 0 0 0 0 0 0 0 0 0 0 0 0 0 0 0 0 0 0 0 0 0 0 0 0 0 0 0 0 0 64.0772 0 0 0 0 0 0 0 0 0 0 0 0 0 0 0 0 0 0 0 0 0 0 0 0 0 0 0 0 0 0 0 0 0 
0 0 0 0 0 0 0 0 0 0 0 0 0 0 0 0 0 0 0 0 0 0 0 0 0 0 0 0 0 0 0 0 0 0 0 0 0 0 0 0 0 0 0 0 0 0 0 0 0 0 0 0 0 0 0 0 0 0 0 0 0 0 0 0 0 
0 0 0 0 0 0 0 0 0 0 0 0 0 0 0 0 0 0 0 0 0 0 0 0 0 0 0 0 0 0 0 0 2.00241 0 0 0 0 0 0 0 0 0 0 0 0 0 0 0 0 0 0 0 0 0 0 0 0 0 0 0 0 0 0 0 0 
