1 0 0 0 0 0 0 0 0 0 0 0 0 0 0 0 0 0 0 0 0 0 0 0 0 0 0 0 0 0 0 0 0 0 0 0 0 0 0 0 0 0 0 0 0 0 0 0 0 0 0 0 0 0 0 0 0 0 0 0 0 0 0 0 0 
0 0 0 0 0 0 0 0 0 0 0 0 0 0 0 0 0 0 0 0 0 0 0 0 0 0 0 0 0 0 0 0 0 0 0 0 0 0 0 0 0 0 0 0 0 0 0 0 0 0 0 0 0 0 0 0 0 0 0 0 0 0 0 0 0 
0 64 0 0 0 0 0 0 0 0 0 0 0 0 0 0 0 0 0 0 0 0 0 0 0 0 0 0 0 0 0 0 0 0 0 0 0 0 0 0 0 0 0 0 0 0 0 0 0 0 0 0 0 0 0 0 0 0 0 0 0 0 0 0 0 
0 0 128 0 0 0 0 0 0 0 0 0 0 0 0 0 0 0 0 0 0 0 0 0 0 0 0 0 0 0 0 0 0 0 0 0 0 0 0 0 0 0 0 0 0 0 0 0 0 0 0 0 0 0 0 0 0 0 0 0 0 0 0 0 0 
0 0 1888 384.749 64.1559 0 0 0 0 0 0 0 0 0 0 0 0 0 0 0 0 0 0 0 0 0 0 0 0 0 0 0 0 0 0 0 0 0 0 0 0 0 0 0 0 0 0 0 0 0 0 0 0 0 0 0 0 0 0 0 0 0 0 0 0 
0 0 0 7166.5 1148.22 511.057 126.583 0 0 0 0 0 0 0 0 0 0 0 0 0 0 0 0 0 0 0 0 0 0 0 0 0 0 0 0 0 0 0 0 0 0 0 0 0 0 0 0 0 0 0 0 0 0 0 0 0 0 0 0 0 0 0 0 0 0 
0 0 0 34112.7 27366.6 6847.84 2534.33 1399.06 385.909 65.5504 0 0 0 0 0 0 0 0 0 0 0 0 0 0 0 0 0 0 0 0 0 0 0 0 0 0 0 0 0 0 0 0 0 0 0 0 0 0 0 0 0 0 0 0 0 0 0 0 0 0 0 0 0 0 0 
0 0 0 0 183614 97292.8 42948.8 16869.4 8557.52 4606.09 1922.74 516.078 131.419 0 0 0 0 0 0 0 0 0 0 0 0 0 0 0 0 0 0 0 0 0 0 0 0 0 0 0 0 0 0 0 0 0 0 0 0 0 0 0 0 0 0 0 0 0 0 0 0 0 0 0 0 
0 0 0 0 423183 829637 412793 221954 120626 58987.7 33501.7 19855.5 9727.72 4365.7 1420.39 366.161 81.6875 0 0 0 0 0 0 0 16.4041 0 0 0 0 0 0 0 15.6477 0 0 0 0 0 0 0 0 0 0 0 0 0 0 0 0 0 0 0 0 0 0 0 0 0 0 0 0 0 0 0 0 
0 0 0 0 0 2.85986e+06 3.32614e+06 1.98592e+06 1.14385e+06 718738 426433 250742 153484 93788.2 55548 29964.1 13992.9 5980.89 2147.25 781.072 394.886 259.726 253.053 260.461 0 253.095 260.68 255.636 263.966 257.924 249.175 255.525 0 0 0 0 0 0 0 0 0 0 0 0 0 0 0 0 0 0 0 0 0 0 0 0 0 0 0 0 0 0 0 0 0 
0 0 0 0 0 3.83036e+06 1.46062e+07 1.35157e+07 9.38183e+06 6.09097e+06 4.02695e+06 2.68089e+06 1.78961e+06 1.17517e+06 771982 506037 327945 204683 119906 69122.8 36664.3 20862.3 13485.2 10876.5 11844.5 9716.04 9198.83 9057.71 9398.32 8940.94 9315.4 9481.86 11188.4 0 0 0 0 0 0 0 0 0 0 0 0 0 0 0 0 0 0 0 0 0 0 0 0 0 0 0 0 0 0 0 0 
0 0 0 0 0 0 3.03314e+07 6.37556e+07 5.74906e+07 4.33434e+07 3.147e+07 2.23669e+07 1.59996e+07 1.14759e+07 8.16041e+06 5.85726e+06 4.17053e+06 2.95392e+06 2.07934e+06 1.461e+06 1.01601e+06 706431 499777 369904 282769 245033 228828 223561 214496 217530 213685 212742 207039 0 0 0 0 0 0 0 0 0 0 0 0 0 0 0 0 0 0 0 0 0 0 0 0 0 0 0 0 0 0 0 0 
0 0 0 0 0 0 2.62523e+07 1.69421e+08 2.6289e+08 2.46346e+08 1.99427e+08 1.56031e+08 1.18995e+08 9.0726e+07 6.91348e+07 5.23402e+07 4.00726e+07 3.05222e+07 2.33223e+07 1.78119e+07 1.36585e+07 1.05141e+07 8.31697e+06 6.66165e+06 5.4465e+06 4.57661e+06 4.02344e+06 3.63056e+06 3.38913e+06 3.266e+06 3.19807e+06 3.19675e+06 3.19977e+06 0 0 0 0 0 0 0 0 0 0 0 0 0 0 0 0 0 0 0 0 0 0 0 0 0 0 0 0 0 0 0 0 
0 0 0 0 0 0 0 2.32725e+08 7.85291e+08 1.06823e+09 1.04388e+09 9.0338e+08 7.5079e+08 6.08499e+08 4.89575e+08 3.93535e+08 3.1634e+08 2.53905e+08 2.04686e+08 1.6514e+08 1.34412e+08 1.09933e+08 9.07223e+07 7.65931e+07 6.4805e+07 5.63508e+07 5.03648e+07 4.55858e+07 4.2481e+07 4.03721e+07 3.88568e+07 3.7774e+07 3.73389e+07 0 0 0 0 0 0 0 0 0 0 0 0 0 0 0 0 0 0 0 0 0 0 0 0 0 0 0 0 0 0 0 0 
0 0 0 0 0 0 0 1.39572e+08 1.38414e+09 3.29948e+09 4.28124e+09 4.34392e+09 3.98559e+09 3.48421e+09 2.98302e+09 2.52318e+09 2.11789e+09 1.78715e+09 1.50781e+09 1.26945e+09 1.07568e+09 9.18108e+08 7.88051e+08 6.82776e+08 6.0024e+08 5.34146e+08 4.80504e+08 4.41632e+08 4.10872e+08 3.92256e+08 3.79846e+08 3.71855e+08 3.69569e+08 0 0 0 0 0 0 0 0 0 0 0 0 0 0 0 0 0 0 0 0 0 0 0 0 0 0 0 0 0 0 0 0 
0 0 0 0 0 0 0 0 1.34023e+09 6.67312e+09 1.31291e+10 1.68313e+10 1.77189e+10 1.70922e+10 1.56923e+10 1.40285e+10 1.24185e+10 1.09237e+10 9.52117e+09 8.34383e+09 7.30095e+09 6.447e+09 5.71239e+09 5.08757e+09 4.56285e+09 4.15716e+09 3.81734e+09 3.54332e+09 3.34134e+09 3.19356e+09 3.09523e+09 3.0338e+09 3.01379e+09 0 0 0 0 0 0 0 0 0 0 0 0 0 0 0 0 0 0 0 0 0 0 0 0 0 0 0 0 0 0 0 0 
0 0 0 0 0 0 0 0 5.8547e+08 8.31239e+09 2.84023e+10 5.03343e+10 6.46018e+10 7.04384e+10 7.08155e+10 6.78254e+10 6.33214e+10 5.81175e+10 5.3029e+10 4.8024e+10 4.34454e+10 3.94318e+10 3.58261e+10 3.275e+10 3.0067e+10 2.77776e+10 2.58982e+10 2.4557e+10 2.33132e+10 2.25334e+10 2.18739e+10 2.1418e+10 2.1362e+10 0 0 0 0 0 0 0 0 0 0 0 0 0 0 0 0 0 0 0 0 0 0 0 0 0 0 0 0 0 0 0 0 
0 0 0 0 0 0 0 0 0 5.9294e+09 4.09243e+10 1.11354e+11 1.86384e+11 2.41336e+11 2.71847e+11 2.83304e+11 2.82095e+11 2.73216e+11 2.59798e+11 2.44766e+11 2.28667e+11 2.12892e+11 1.98906e+11 1.86202e+11 1.74464e+11 1.64952e+11 1.55967e+11 1.48855e+11 1.43191e+11 1.38576e+11 1.36136e+11 1.3379e+11 1.32719e+11 0 0 0 0 0 0 0 0 0 0 0 0 0 0 0 0 0 0 0 0 0 0 0 0 0 0 0 0 0 0 0 0 
0 0 0 0 0 0 0 0 0 1.9614e+09 3.76707e+10 1.74419e+11 4.11461e+11 6.67053e+11 8.73683e+11 1.01452e+12 1.09296e+12 1.12391e+12 1.12477e+12 1.10155e+12 1.06979e+12 1.02964e+12 9.87442e+11 9.44585e+11 9.038e+11 8.66173e+11 8.35999e+11 8.07472e+11 7.82786e+11 7.62579e+11 7.50768e+11 7.43081e+11 7.42025e+11 0 0 0 0 0 0 0 0 0 0 0 0 0 0 0 0 0 0 0 0 0 0 0 0 0 0 0 0 0 0 0 0 
0 0 0 0 0 0 0 0 0 0 2.04929e+10 1.86437e+11 6.70823e+11 1.44311e+12 2.2994e+12 3.05479e+12 3.63823e+12 4.04123e+12 4.28532e+12 4.4143e+12 4.45045e+12 4.43207e+12 4.37357e+12 4.29261e+12 4.19758e+12 4.10058e+12 3.99931e+12 3.91753e+12 3.84063e+12 3.79183e+12 3.7474e+12 3.72356e+12 3.71513e+12 0 0 0 0 0 0 0 0 0 0 0 0 0 0 0 0 0 0 0 0 0 0 0 0 0 0 0 0 0 0 0 0 
0 0 0 0 0 0 0 0 0 0 5.29338e+09 1.31172e+11 7.85751e+11 2.38928e+12 4.83741e+12 7.62683e+12 1.02795e+13 1.252e+13 1.42784e+13 1.55714e+13 1.64562e+13 1.70231e+13 1.73554e+13 1.75008e+13 1.74906e+13 1.74387e+13 1.7301e+13 1.71892e+13 1.70905e+13 1.68962e+13 1.68053e+13 1.6773e+13 1.67445e+13 0 0 0 0 0 0 0 0 0 0 0 0 0 0 0 0 0 0 0 0 0 0 0 0 0 0 0 0 0 0 0 0 
0 0 0 0 0 0 0 0 0 0 0 5.6035e+10 6.44045e+11 2.9408e+12 7.94936e+12 1.54467e+13 2.42458e+13 3.31251e+13 4.12231e+13 4.80824e+13 5.37625e+13 5.81236e+13 6.15324e+13 6.39163e+13 6.55646e+13 6.67986e+13 6.75196e+13 6.78905e+13 6.81393e+13 6.82768e+13 6.83397e+13 6.83794e+13 6.83374e+13 0 0 0 0 0 0 0 0 0 0 0 0 0 0 0 0 0 0 0 0 0 0 0 0 0 0 0 0 0 0 0 0 
0 0 0 0 0 0 0 0 0 0 0 1.15847e+10 3.55767e+11 2.65134e+12 1.00333e+13 2.49264e+13 4.70057e+13 7.36784e+13 1.01804e+14 1.29241e+14 1.53951e+14 1.75584e+14 1.93763e+14 2.08678e+14 2.20546e+14 2.30004e+14 2.36909e+14 2.42684e+14 2.46412e+14 2.49331e+14 2.51662e+14 2.52198e+14 2.52961e+14 0 0 0 0 0 0 0 0 0 0 0 0 0 0 0 0 0 0 0 0 0 0 0 0 0 0 0 0 0 0 0 0 
0 0 0 0 0 0 0 0 0 0 0 0 1.22121e+11 1.70939e+12 9.56323e+12 3.15643e+13 7.36893e+13 1.35936e+14 2.13118e+14 2.97714e+14 3.82971e+14 4.64739e+14 5.38909e+14 6.04667e+14 6.61343e+14 7.08359e+14 7.48317e+14 7.78952e+14 8.03118e+14 8.22773e+14 8.3474e+14 8.42336e+14 8.44329e+14 0 0 0 0 0 0 0 0 0 0 0 0 0 0 0 0 0 0 0 0 0 0 0 0 0 0 0 0 0 0 0 0 
0 0 0 0 0 0 0 0 0 0 0 0 2.06689e+10 7.59084e+11 6.79509e+12 3.10124e+13 9.23574e+13 2.05492e+14 3.72582e+14 5.83101e+14 8.22965e+14 1.07201e+15 1.32008e+15 1.55317e+15 1.76583e+15 1.95361e+15 2.11445e+15 2.25048e+15 2.35954e+15 2.44367e+15 2.50138e+15 2.53362e+15 2.54089e+15 0 0 0 0 0 0 0 0 0 0 0 0 0 0 0 0 0 0 0 0 0 0 0 0 0 0 0 0 0 0 0 0 
0 0 0 0 0 0 0 0 0 0 0 0 0 2.13591e+11 3.52195e+12 2.33559e+13 9.14888e+13 2.51533e+14 5.38385e+14 9.62832e+14 1.50589e+15 2.13586e+15 2.81189e+15 3.49513e+15 4.15907e+15 4.77571e+15 5.32812e+15 5.8012e+15 6.19969e+15 6.50546e+15 6.72448e+15 6.85557e+15 6.90553e+15 0 0 0 0 0 0 0 0 0 0 0 0 0 0 0 0 0 0 0 0 0 0 0 0 0 0 0 0 0 0 0 0 
0 0 0 0 0 0 0 0 0 0 0 0 0 3.01557e+10 1.28242e+12 1.33651e+13 7.13164e+13 2.48061e+14 6.39286e+14 1.32457e+15 2.33338e+15 3.64625e+15 5.18479e+15 6.87715e+15 8.60891e+15 1.03067e+16 1.18878e+16 1.33188e+16 1.45199e+16 1.54738e+16 1.61789e+16 1.66118e+16 1.67623e+16 0 0 0 0 0 0 0 0 0 0 0 0 0 0 0 0 0 0 0 0 0 0 0 0 0 0 0 0 0 0 0 0 
0 0 0 0 0 0 0 0 0 0 0 0 0 0 3.01764e+11 5.67647e+12 4.33138e+13 1.95647e+14 6.18909e+14 1.51063e+15 3.04331e+15 5.28789e+15 8.22003e+15 1.16922e+16 1.55238e+16 1.94959e+16 2.33858e+16 2.69699e+16 3.01424e+16 3.27336e+16 3.46816e+16 3.58616e+16 3.62222e+16 0 0 0 0 0 0 0 0 0 0 0 0 0 0 0 0 0 0 0 0 0 0 0 0 0 0 0 0 0 0 0 0 
0 0 0 0 0 0 0 0 0 0 0 0 0 0 3.61627e+10 1.72653e+12 2.03201e+13 1.23261e+14 4.87214e+14 1.42257e+15 3.31241e+15 6.48731e+15 1.11177e+16 1.7144e+16 2.431e+16 3.21808e+16 4.03243e+16 4.82014e+16 5.53057e+16 6.13315e+16 6.58098e+16 6.86314e+16 6.95722e+16 0 0 0 0 0 0 0 0 0 0 0 0 0 0 0 0 0 0 0 0 0 0 0 0 0 0 0 0 0 0 0 0 
0 0 0 0 0 0 0 0 0 0 0 0 0 0 0 3.45098e+11 7.20621e+12 6.14213e+13 3.11469e+14 1.10453e+15 3.00891e+15 6.70773e+15 1.27773e+16 2.15176e+16 3.27864e+16 4.61148e+16 6.0578e+16 7.52607e+16 8.89809e+16 1.0084e+17 1.10053e+17 1.1569e+17 1.17832e+17 0 0 0 0 0 0 0 0 0 0 0 0 0 0 0 0 0 0 0 0 0 0 0 0 0 0 0 0 0 0 0 0 
0 0 0 0 0 0 0 0 0 0 0 0 0 0 0 3.57956e+10 1.86234e+12 2.40605e+13 1.61159e+14 7.05749e+14 2.27798e+15 5.83677e+15 1.24717e+16 2.30778e+16 3.80768e+16 5.70991e+16 7.91184e+16 1.02437e+17 1.25531e+17 1.45816e+17 1.61576e+17 1.72011e+17 1.75286e+17 0 0 0 0 0 0 0 0 0 0 0 0 0 0 0 0 0 0 0 0 0 0 0 0 0 0 0 0 0 0 0 0 
0 0 0 0 0 0 0 0 0 0 0 0 0 0 0 0 3.20779e+11 7.24999e+12 6.71447e+13 3.7149e+14 1.43822e+15 4.26843e+15 1.03225e+16 2.11643e+16 3.79626e+16 6.09902e+16 8.95137e+16 1.21522e+17 1.53822e+17 1.83673e+17 2.08034e+17 2.23474e+17 2.29046e+17 0 0 0 0 0 0 0 0 0 0 0 0 0 0 0 0 0 0 0 0 0 0 0 0 0 0 0 0 0 0 0 0 
0 0 0 0 0 0 0 0 0 0 0 0 0 0 0 0 2.93529e+10 1.61141e+12 2.23014e+13 1.60547e+14 7.58276e+14 2.63727e+15 7.24916e+15 1.65505e+16 3.24637e+16 5.62528e+16 8.76568e+16 1.24935e+17 1.64682e+17 2.02515e+17 2.33492e+17 2.53964e+17 2.61083e+17 0 0 0 0 0 0 0 0 0 0 0 0 0 0 0 0 0 0 0 0 0 0 0 0 0 0 0 0 0 0 0 0 
0 0 0 0 0 0 0 0 0 0 0 0 0 0 0 0 0 2.43738e+11 5.79018e+12 5.67709e+13 3.34004e+14 1.37561e+15 4.33913e+15 1.10916e+16 2.39082e+16 4.47244e+16 7.43464e+16 1.11583e+17 1.5325e+17 1.94318e+17 2.29112e+17 2.52636e+17 2.60701e+17 0 0 0 0 0 0 0 0 0 0 0 0 0 0 0 0 0 0 0 0 0 0 0 0 0 0 0 0 0 0 0 0 
0 0 0 0 0 0 0 0 0 0 0 0 0 0 0 0 0 2.00779e+10 1.12782e+12 1.62552e+13 1.22482e+14 6.078e+14 2.21852e+15 6.3871e+15 1.5193e+16 3.08529e+16 5.47873e+16 8.67784e+16 1.24307e+17 1.6276e+17 1.9642e+17 2.19251e+17 2.27566e+17 0 0 0 0 0 0 0 0 0 0 0 0 0 0 0 0 0 0 0 0 0 0 0 0 0 0 0 0 0 0 0 0 
0 0 0 0 0 0 0 0 0 0 0 0 0 0 0 0 0 0 1.51849e+11 3.69227e+12 3.73753e+13 2.2745e+14 9.71657e+14 3.17187e+15 8.35623e+15 1.84653e+16 3.51608e+16 5.89029e+16 8.82259e+16 1.19563e+17 1.4763e+17 1.67256e+17 1.74192e+17 0 0 0 0 0 0 0 0 0 0 0 0 0 0 0 0 0 0 0 0 0 0 0 0 0 0 0 0 0 0 0 0 
0 0 0 0 0 0 0 0 0 0 0 0 0 0 0 0 0 0 1.15453e+10 6.3886e+11 9.35521e+12 7.20546e+13 3.65446e+14 1.36243e+15 4.00017e+15 9.6557e+15 1.97669e+16 3.50995e+16 5.50604e+16 7.71287e+16 9.76109e+16 1.12024e+17 1.17369e+17 0 0 0 0 0 0 0 0 0 0 0 0 0 0 0 0 0 0 0 0 0 0 0 0 0 0 0 0 0 0 0 0 
0 0 0 0 0 0 0 0 0 0 0 0 0 0 0 0 0 0 0 7.79555e+10 1.88544e+12 1.92051e+13 1.17997e+14 5.09406e+14 1.67469e+15 4.42684e+15 9.76321e+15 1.84114e+16 3.02455e+16 4.39486e+16 5.6985e+16 6.65301e+16 6.99416e+16 0 0 0 0 0 0 0 0 0 0 0 0 0 0 0 0 0 0 0 0 0 0 0 0 0 0 0 0 0 0 0 0 
0 0 0 0 0 0 0 0 0 0 0 0 0 0 0 0 0 0 0 5.65197e+09 2.95695e+11 4.27047e+12 3.27534e+13 1.65603e+14 6.15396e+14 1.79184e+15 4.27016e+15 8.56719e+15 1.47646e+16 2.2245e+16 2.95964e+16 3.5024e+16 3.70493e+16 0 0 0 0 0 0 0 0 0 0 0 0 0 0 0 0 0 0 0 0 0 0 0 0 0 0 0 0 0 0 0 0 
0 0 0 0 0 0 0 0 0 0 0 0 0 0 0 0 0 0 0 0 3.3254e+10 7.75628e+11 7.75361e+12 4.68426e+13 1.99051e+14 6.42269e+14 1.65798e+15 3.5459e+15 6.43494e+15 1.00636e+16 1.37413e+16 1.65125e+16 1.75432e+16 0 0 0 0 0 0 0 0 0 0 0 0 0 0 0 0 0 0 0 0 0 0 0 0 0 0 0 0 0 0 0 0 
0 0 0 0 0 0 0 0 0 0 0 0 0 0 0 0 0 0 0 0 2.40936e+09 1.1237e+11 1.5538e+12 1.15541e+13 5.67732e+13 2.0473e+14 5.76211e+14 1.31833e+15 2.51525e+15 4.08713e+15 5.73555e+15 6.99577e+15 7.47366e+15 0 0 0 0 0 0 0 0 0 0 0 0 0 0 0 0 0 0 0 0 0 0 0 0 0 0 0 0 0 0 0 0 
0 0 0 0 0 0 0 0 0 0 0 0 0 0 0 0 0 0 0 0 0 1.18964e+10 2.59293e+11 2.46546e+12 1.42982e+13 5.82417e+13 1.7949e+14 4.40288e+14 8.86974e+14 1.49925e+15 2.16232e+15 2.68595e+15 2.88214e+15 0 0 0 0 0 0 0 0 0 0 0 0 0 0 0 0 0 0 0 0 0 0 0 0 0 0 0 0 0 0 0 0 
0 0 0 0 0 0 0 0 0 0 0 0 0 0 0 0 0 0 0 0 0 9.18717e+08 3.54443e+10 4.53987e+11 3.17768e+12 1.47941e+13 5.04169e+13 1.33231e+14 2.84416e+14 5.01642e+14 7.42775e+14 9.37005e+14 1.01263e+15 0 0 0 0 0 0 0 0 0 0 0 0 0 0 0 0 0 0 0 0 0 0 0 0 0 0 0 0 0 0 0 0 
0 0 0 0 0 0 0 0 0 0 0 0 0 0 0 0 0 0 0 0 0 0 3.63478e+09 7.10825e+10 6.24339e+11 3.3652e+12 1.27946e+13 3.66189e+13 8.29042e+13 1.52719e+14 2.33537e+14 2.99497e+14 3.25508e+14 0 0 0 0 0 0 0 0 0 0 0 0 0 0 0 0 0 0 0 0 0 0 0 0 0 0 0 0 0 0 0 0 
0 0 0 0 0 0 0 0 0 0 0 0 0 0 0 0 0 0 0 0 0 0 3.21545e+08 9.46202e+09 1.07378e+11 6.87794e+11 2.9372e+12 9.20248e+12 2.2219e+13 4.28257e+13 6.74787e+13 8.84343e+13 9.63526e+13 0 0 0 0 0 0 0 0 0 0 0 0 0 0 0 0 0 0 0 0 0 0 0 0 0 0 0 0 0 0 0 0 
0 0 0 0 0 0 0 0 0 0 0 0 0 0 0 0 0 0 0 0 0 0 0 9.6233e+08 1.62309e+10 1.2688e+11 6.15176e+11 2.11467e+12 5.46734e+12 1.10904e+13 1.80697e+13 2.40572e+13 2.64756e+13 0 0 0 0 0 0 0 0 0 0 0 0 0 0 0 0 0 0 0 0 0 0 0 0 0 0 0 0 0 0 0 0 
0 0 0 0 0 0 0 0 0 0 0 0 0 0 0 0 0 0 0 0 0 0 0 1.04496e+08 2.18267e+09 2.08748e+10 1.18259e+11 4.4869e+11 1.25107e+12 2.66254e+12 4.49519e+12 6.10235e+12 6.74768e+12 0 0 0 0 0 0 0 0 0 0 0 0 0 0 0 0 0 0 0 0 0 0 0 0 0 0 0 0 0 0 0 0 
0 0 0 0 0 0 0 0 0 0 0 0 0 0 0 0 0 0 0 0 0 0 0 0 2.23809e+08 3.15936e+09 2.09783e+10 8.84306e+10 2.65851e+11 5.99087e+11 1.04609e+12 1.454e+12 1.62038e+12 0 0 0 0 0 0 0 0 0 0 0 0 0 0 0 0 0 0 0 0 0 0 0 0 0 0 0 0 0 0 0 0 
0 0 0 0 0 0 0 0 0 0 0 0 0 0 0 0 0 0 0 0 0 0 0 0 3.14462e+07 4.44611e+08 3.40632e+09 1.642e+10 5.32507e+10 1.27216e+11 2.31497e+11 3.27601e+11 3.67882e+11 0 0 0 0 0 0 0 0 0 0 0 0 0 0 0 0 0 0 0 0 0 0 0 0 0 0 0 0 0 0 0 0 
0 0 0 0 0 0 0 0 0 0 0 0 0 0 0 0 0 0 0 0 0 0 0 0 0 4.54737e+07 5.37321e+08 2.89217e+09 1.01898e+10 2.57614e+10 4.86989e+10 7.06998e+10 7.93299e+10 0 0 0 0 0 0 0 0 0 0 0 0 0 0 0 0 0 0 0 0 0 0 0 0 0 0 0 0 0 0 0 0 
0 0 0 0 0 0 0 0 0 0 0 0 0 0 0 0 0 0 0 0 0 0 0 0 0 8.60835e+06 8.1025e+07 4.74432e+08 1.8877e+09 5.03398e+09 9.87293e+09 1.47184e+10 1.66977e+10 0 0 0 0 0 0 0 0 0 0 0 0 0 0 0 0 0 0 0 0 0 0 0 0 0 0 0 0 0 0 0 0 
0 0 0 0 0 0 0 0 0 0 0 0 0 0 0 0 0 0 0 0 0 0 0 0 0 0 7.85348e+06 8.10632e+07 3.37418e+08 9.53905e+08 1.97595e+09 2.95975e+09 3.43409e+09 0 0 0 0 0 0 0 0 0 0 0 0 0 0 0 0 0 0 0 0 0 0 0 0 0 0 0 0 0 0 0 0 
0 0 0 0 0 0 0 0 0 0 0 0 0 0 0 0 0 0 0 0 0 0 0 0 0 0 2.07731e+06 1.28868e+07 5.60653e+07 1.8358e+08 3.7897e+08 5.97845e+08 6.85409e+08 0 0 0 0 0 0 0 0 0 0 0 0 0 0 0 0 0 0 0 0 0 0 0 0 0 0 0 0 0 0 0 0 
0 0 0 0 0 0 0 0 0 0 0 0 0 0 0 0 0 0 0 0 0 0 0 0 0 0 0 1.09214e+06 1.08715e+07 3.26581e+07 7.37171e+07 1.19395e+08 1.35703e+08 0 0 0 0 0 0 0 0 0 0 0 0 0 0 0 0 0 0 0 0 0 0 0 0 0 0 0 0 0 0 0 0 
0 0 0 0 0 0 0 0 0 0 0 0 0 0 0 0 0 0 0 0 0 0 0 0 0 0 0 429869 1.69623e+06 5.56256e+06 1.51136e+07 2.21265e+07 2.85756e+07 0 0 0 0 0 0 0 0 0 0 0 0 0 0 0 0 0 0 0 0 0 0 0 0 0 0 0 0 0 0 0 0 
0 0 0 0 0 0 0 0 0 0 0 0 0 0 0 0 0 0 0 0 0 0 0 0 0 0 0 0 113232 1.25862e+06 2.40331e+06 4.70137e+06 5.18936e+06 0 0 0 0 0 0 0 0 0 0 0 0 0 0 0 0 0 0 0 0 0 0 0 0 0 0 0 0 0 0 0 0 
0 0 0 0 0 0 0 0 0 0 0 0 0 0 0 0 0 0 0 0 0 0 0 0 0 0 0 0 73607.8 170648 457734 965288 934994 0 0 0 0 0 0 0 0 0 0 0 0 0 0 0 0 0 0 0 0 0 0 0 0 0 0 0 0 0 0 0 0 
0 0 0 0 0 0 0 0 0 0 0 0 0 0 0 0 0 0 0 0 0 0 0 0 0 0 0 0 0 7709.54 117401 111553 240748 0 0 0 0 0 0 0 0 0 0 0 0 0 0 0 0 0 0 0 0 0 0 0 0 0 0 0 0 0 0 0 0 
0 0 0 0 0 0 0 0 0 0 0 0 0 0 0 0 0 0 0 0 0 0 0 0 0 0 0 0 0 9950.86 11497.7 32365 37565.1 0 0 0 0 0 0 0 0 0 0 0 0 0 0 0 0 0 0 0 0 0 0 0 0 0 0 0 0 0 0 0 0 
0 0 0 0 0 0 0 0 0 0 0 0 0 0 0 0 0 0 0 0 0 0 0 0 0 0 0 0 0 0 256.988 7704.09 2054.31 0 0 0 0 0 0 0 0 0 0 0 0 0 0 0 0 0 0 0 0 0 0 0 0 0 0 0 0 0 0 0 0 
0 0 0 0 0 0 0 0 0 0 0 0 0 0 0 0 0 0 0 0 0 0 0 0 0 0 0 0 0 0 988.677 383.297 1911.79 0 0 0 0 0 0 0 0 0 0 0 0 0 0 0 0 0 0 0 0 0 0 0 0 0 0 0 0 0 0 0 0 
0 0 0 0 0 0 0 0 0 0 0 0 0 0 0 0 0 0 0 0 0 0 0 0 0 0 0 0 0 0 0 0 257.084 0 0 0 0 0 0 0 0 0 0 0 0 0 0 0 0 0 0 0 0 0 0 0 0 0 0 0 0 0 0 0 0 
0 0 0 0 0 0 0 0 0 0 0 0 0 0 0 0 0 0 0 0 0 0 0 0 0 0 0 0 0 0 0 63.7856 0 0 0 0 0 0 0 0 0 0 0 0 0 0 0 0 0 0 0 0 0 0 0 0 0 0 0 0 0 0 0 0 0 
0 0 0 0 0 0 0 0 0 0 0 0 0 0 0 0 0 0 0 0 0 0 0 0 0 0 0 0 0 0 0 0 0 0 0 0 0 0 0 0 0 0 0 0 0 0 0 0 0 0 0 0 0 0 0 0 0 0 0 0 0 0 0 0 0 
0 0 0 0 0 0 0 0 0 0 0 0 0 0 0 0 0 0 0 0 0 0 0 0 0 0 0 0 0 0 0 0 1.9933 0 0 0 0 0 0 0 0 0 0 0 0 0 0 0 0 0 0 0 0 0 0 0 0 0 0 0 0 0 0 0 0 
