1 0 0 0 0 0 0 0 0 0 0 0 0 0 0 0 0 
0 0 0 0 0 0 0 0 0 0 0 0 0 0 0 0 0 
0 16 0 0 0 0 0 0 0 0 0 0 0 0 0 0 0 
0 0 32 0 0 0 0 0 0 0 0 0 0 0 0 0 0 
0 0 88 95.9837 23.9959 0 0 0 7.9955 0 0 0 0 0 0 0 0 
0 0 0 256.033 256.013 191.894 95.9125 63.964 0 0 0 0 0 0 0 0 0 
0 0 0 207.984 735.997 688.099 704.017 624.089 768.024 0 0 0 0 0 0 0 0 
0 0 0 0 575.985 1664.09 1824.28 1919.87 1599.81 0 0 0 0 0 0 0 0 
0 0 0 0 228.01 1247.9 2927.98 3680.73 4356.2 0 0 0 0 0 0 0 0 
0 0 0 0 0 448.071 1567.6 3134.83 3264.47 0 0 0 0 0 0 0 0 
0 0 0 0 0 127.946 768.209 1392.52 2111.18 0 0 0 0 0 0 0 0 
0 0 0 0 0 0 64.0137 511.94 576.352 0 0 0 0 0 0 0 0 
0 0 0 0 0 0 55.9983 96.062 119.886 0 0 0 0 0 0 0 0 
0 0 0 0 0 0 0 0 64.0816 0 0 0 0 0 0 0 0 
0 0 0 0 0 0 0 15.9995 0 0 0 0 0 0 0 0 0 
0 0 0 0 0 0 0 0 0 0 0 0 0 0 0 0 0 
0 0 0 0 0 0 0 0 1.99994 0 0 0 0 0 0 0 0 
