1 0 0 0 0 0 0 0 0 0 0 0 0 0 0 0 0 
0 0 0 0 0 0 0 0 0 0 0 0 0 0 0 0 0 
0 16 0 0 0 0 0 0 0 0 0 0 0 0 0 0 0 
0 0 32 0 0 0 0 0 0 0 0 0 0 0 0 0 0 
0 0 88 95.9859 23.9965 0 0 0 7.99302 0 0 0 0 0 0 0 0 
0 0 0 256.028 255.993 191.991 96.0037 63.9442 0 0 0 0 0 0 0 0 0 
0 0 0 207.986 735.943 687.97 704.068 623.982 767.855 0 0 0 0 0 0 0 0 
0 0 0 0 576.149 1663.99 1823.87 1920.9 1600.13 0 0 0 0 0 0 0 0 
0 0 0 0 227.919 1248.03 2927.9 3678.35 4356.25 0 0 0 0 0 0 0 0 
0 0 0 0 0 448.138 1568.21 3137.15 3263.78 0 0 0 0 0 0 0 0 
0 0 0 0 0 127.881 767.982 1391.48 2111.89 0 0 0 0 0 0 0 0 
0 0 0 0 0 0 64.016 512.189 576.125 0 0 0 0 0 0 0 0 
0 0 0 0 0 0 55.9482 96.0251 119.997 0 0 0 0 0 0 0 0 
0 0 0 0 0 0 0 0 63.9782 0 0 0 0 0 0 0 0 
0 0 0 0 0 0 0 15.9852 0 0 0 0 0 0 0 0 0 
0 0 0 0 0 0 0 0 0 0 0 0 0 0 0 0 0 
0 0 0 0 0 0 0 0 1.99815 0 0 0 0 0 0 0 0 
