1 0 0 0 0 0 0 0 0 0 0 0 0 0 0 0 0 
0 0 0 0 0 0 0 0 0 0 0 0 0 0 0 0 0 
0 16 0 0 0 0 0 0 0 0 0 0 0 0 0 0 0 
0 0 32 0 0 0 0 0 0 0 0 0 0 0 0 0 0 
0 0 88 95.9661 23.9915 0 0 0 7.99682 0 0 0 0 0 0 0 0 
0 0 0 256.068 255.935 191.908 96.0376 63.9745 0 0 0 0 0 0 0 0 0 
0 0 0 207.966 736.099 687.848 703.803 624.064 768.087 0 0 0 0 0 0 0 0 
0 0 0 0 576.031 1664.53 1823.93 1919.89 1600.29 0 0 0 0 0 0 0 0 
0 0 0 0 227.944 1247.79 2928.42 3680.26 4355.67 0 0 0 0 0 0 0 0 
0 0 0 0 0 447.895 1568.02 3136.42 3263.68 0 0 0 0 0 0 0 0 
0 0 0 0 0 128.029 767.765 1390.8 2112.37 0 0 0 0 0 0 0 0 
0 0 0 0 0 0 64.0107 512.453 575.712 0 0 0 0 0 0 0 0 
0 0 0 0 0 0 56.0173 96.1332 120.127 0 0 0 0 0 0 0 0 
0 0 0 0 0 0 0 0 64.0753 0 0 0 0 0 0 0 0 
0 0 0 0 0 0 0 16.0049 0 0 0 0 0 0 0 0 0 
0 0 0 0 0 0 0 0 0 0 0 0 0 0 0 0 0 
0 0 0 0 0 0 0 0 2.00062 0 0 0 0 0 0 0 0 
