1 0 0 0 0 0 0 0 0 0 0 0 0 0 0 0 0 
0 0 0 0 0 0 0 0 0 0 0 0 0 0 0 0 0 
0 16 0 0 0 0 0 0 0 0 0 0 0 0 0 0 0 
0 0 32 0 0 0 0 0 0 0 0 0 0 0 0 0 0 
0 0 88 95.9428 23.9857 0 0 0 7.95175 0 0 0 0 0 0 0 0 
0 0 0 256.114 256.094 191.991 95.8768 63.614 0 0 0 0 0 0 0 0 0 
0 0 0 207.943 735.648 688.427 704.485 625.051 767.798 0 0 0 0 0 0 0 0 
0 0 0 0 576.479 1663.18 1823.3 1918.79 1597.69 0 0 0 0 0 0 0 0 
0 0 0 0 227.793 1248.64 2929.03 3681.47 4360.71 0 0 0 0 0 0 0 0 
0 0 0 0 0 447.517 1567.18 3135.59 3263.09 0 0 0 0 0 0 0 0 
0 0 0 0 0 128.243 767.836 1390.57 2110.91 0 0 0 0 0 0 0 0 
0 0 0 0 0 0 64.1603 512.757 575.274 0 0 0 0 0 0 0 0 
0 0 0 0 0 0 56.1417 96.1238 120.515 0 0 0 0 0 0 0 0 
0 0 0 0 0 0 0 0 64.0556 0 0 0 0 0 0 0 0 
0 0 0 0 0 0 0 16.0405 0 0 0 0 0 0 0 0 0 
0 0 0 0 0 0 0 0 0 0 0 0 0 0 0 0 0 
0 0 0 0 0 0 0 0 2.00506 0 0 0 0 0 0 0 0 
