1 0 0 0 0 0 0 0 0 0 0 0 0 0 0 0 0 
0 0 0 0 0 0 0 0 0 0 0 0 0 0 0 0 0 
0 16 0 0 0 0 0 0 0 0 0 0 0 0 0 0 0 
0 0 32 0 0 0 0 0 0 0 0 0 0 0 0 0 0 
0 0 88 96.0367 24.0092 0 0 0 8.05623 0 0 0 0 0 0 0 0 
0 0 0 255.927 256.01 191.957 95.9153 64.4498 0 0 0 0 0 0 0 0 0 
0 0 0 208.037 735.797 688.338 704.478 622.615 767.928 0 0 0 0 0 0 0 0 
0 0 0 0 576.34 1663.33 1824.78 1922.03 1599.66 0 0 0 0 0 0 0 0 
0 0 0 0 227.844 1248.31 2925.72 3680.75 4356.88 0 0 0 0 0 0 0 0 
0 0 0 0 0 448.253 1568.61 3133.47 3263.45 0 0 0 0 0 0 0 0 
0 0 0 0 0 127.811 768.5 1390.89 2111.99 0 0 0 0 0 0 0 0 
0 0 0 0 0 0 64.1276 513.711 576.054 0 0 0 0 0 0 0 0 
0 0 0 0 0 0 55.8731 96.1096 119.747 0 0 0 0 0 0 0 0 
0 0 0 0 0 0 0 0 64.2376 0 0 0 0 0 0 0 0 
0 0 0 0 0 0 0 15.9638 0 0 0 0 0 0 0 0 0 
0 0 0 0 0 0 0 0 0 0 0 0 0 0 0 0 0 
0 0 0 0 0 0 0 0 1.99547 0 0 0 0 0 0 0 0 
