1 0 0 0 0 0 0 0 0 0 0 0 0 0 0 0 0 
0 0 0 0 0 0 0 0 0 0 0 0 0 0 0 0 0 
0 16 0 0 0 0 0 0 0 0 0 0 0 0 0 0 0 
0 0 32 0 0 0 0 0 0 0 0 0 0 0 0 0 0 
0 0 88 96.1259 24.0315 0 0 0 8.0275 0 0 0 0 0 0 0 0 
0 0 0 255.748 256.221 191.859 95.6202 64.22 0 0 0 0 0 0 0 0 0 
0 0 0 208.126 735.611 689.063 705.235 624.545 768.637 0 0 0 0 0 0 0 0 
0 0 0 0 575.99 1662.54 1823.03 1920.02 1598.91 0 0 0 0 0 0 0 0 
0 0 0 0 228.147 1248.24 2928.46 3677.3 4355.16 0 0 0 0 0 0 0 0 
0 0 0 0 0 448.346 1566.95 3137.9 3265.71 0 0 0 0 0 0 0 0 
0 0 0 0 0 127.949 768.632 1392.12 2112.15 0 0 0 0 0 0 0 0 
0 0 0 0 0 0 64.1384 511.91 575.374 0 0 0 0 0 0 0 0 
0 0 0 0 0 0 55.9335 96.0067 120.01 0 0 0 0 0 0 0 0 
0 0 0 0 0 0 0 0 64.0269 0 0 0 0 0 0 0 0 
0 0 0 0 0 0 0 15.981 0 0 0 0 0 0 0 0 0 
0 0 0 0 0 0 0 0 0 0 0 0 0 0 0 0 0 
0 0 0 0 0 0 0 0 1.99763 0 0 0 0 0 0 0 0 
