1 0 0 0 0 0 0 0 0 0 0 0 0 0 0 0 0 
0 0 0 0 0 0 0 0 0 0 0 0 0 0 0 0 0 
0 16 0 0 0 0 0 0 0 0 0 0 0 0 0 0 0 
0 0 32 0 0 0 0 0 0 0 0 0 0 0 0 0 0 
0 0 88 95.9751 23.9938 0 0 0 7.9994 0 0 0 0 0 0 0 0 
0 0 0 256.05 255.898 192.116 95.9377 63.9952 0 0 0 0 0 0 0 0 0 
0 0 0 207.975 735.965 688.146 704.437 624.76 768.975 0 0 0 0 0 0 0 0 
0 0 0 0 576.401 1663.46 1824.22 1920.95 1598.38 0 0 0 0 0 0 0 0 
0 0 0 0 227.742 1248.31 2926.77 3677.87 4356.78 0 0 0 0 0 0 0 0 
0 0 0 0 0 447.843 1568.32 3134.38 3263.8 0 0 0 0 0 0 0 0 
0 0 0 0 0 128.126 768.318 1393.92 2111.5 0 0 0 0 0 0 0 0 
0 0 0 0 0 0 64.0562 512.277 576.661 0 0 0 0 0 0 0 0 
0 0 0 0 0 0 55.9451 95.8732 119.95 0 0 0 0 0 0 0 0 
0 0 0 0 0 0 0 0 63.9522 0 0 0 0 0 0 0 0 
0 0 0 0 0 0 0 15.9843 0 0 0 0 0 0 0 0 0 
0 0 0 0 0 0 0 0 0 0 0 0 0 0 0 0 0 
0 0 0 0 0 0 0 0 1.99804 0 0 0 0 0 0 0 0 
