1 0 0 0 0 0 0 0 0 0 0 0 0 0 0 0 0 
0 0 0 0 0 0 0 0 0 0 0 0 0 0 0 0 0 
0 16 0 0 0 0 0 0 0 0 0 0 0 0 0 0 0 
0 0 32 0 0 0 0 0 0 0 0 0 0 0 0 0 0 
0 0 88 96.0783 24.0196 0 0 0 7.95694 0 0 0 0 0 0 0 0 
0 0 0 255.843 256.138 192.107 96.0382 63.6555 0 0 0 0 0 0 0 0 0 
0 0 0 208.078 735.83 687.56 705.493 625.898 767.785 0 0 0 0 0 0 0 0 
0 0 0 0 575.847 1664.29 1820.3 1916.21 1599.66 0 0 0 0 0 0 0 0 
0 0 0 0 228.165 1248.16 2930.75 3682.29 4357.8 0 0 0 0 0 0 0 0 
0 0 0 0 0 448.051 1567.09 3136.83 3262.31 0 0 0 0 0 0 0 0 
0 0 0 0 0 127.839 768.483 1390.89 2112.34 0 0 0 0 0 0 0 0 
0 0 0 0 0 0 64.0265 512.429 576.474 0 0 0 0 0 0 0 0 
0 0 0 0 0 0 55.815 95.8495 119.735 0 0 0 0 0 0 0 0 
0 0 0 0 0 0 0 0 63.9531 0 0 0 0 0 0 0 0 
0 0 0 0 0 0 0 15.9471 0 0 0 0 0 0 0 0 0 
0 0 0 0 0 0 0 0 0 0 0 0 0 0 0 0 0 
0 0 0 0 0 0 0 0 1.99339 0 0 0 0 0 0 0 0 
