1 0 0 0 0 0 0 0 0 0 0 0 0 0 0 0 0 
0 0 0 0 0 0 0 0 0 0 0 0 0 0 0 0 0 
0 16 0 0 0 0 0 0 0 0 0 0 0 0 0 0 0 
0 0 32 0 0 0 0 0 0 0 0 0 0 0 0 0 0 
0 0 88 96.0766 24.0191 0 0 0 7.9423 0 0 0 0 0 0 0 0 
0 0 0 255.847 256.003 192.383 96.1517 63.5384 0 0 0 0 0 0 0 0 0 
0 0 0 208.077 735.975 687.876 703.599 624.507 767.618 0 0 0 0 0 0 0 0 
0 0 0 0 575.964 1662.99 1824.14 1920.03 1601.77 0 0 0 0 0 0 0 0 
0 0 0 0 228.038 1249.02 2928.36 3678.52 4353.53 0 0 0 0 0 0 0 0 
0 0 0 0 0 447.563 1568.06 3138.95 3265.7 0 0 0 0 0 0 0 0 
0 0 0 0 0 128.164 767.47 1390.85 2111.69 0 0 0 0 0 0 0 0 
0 0 0 0 0 0 64.0911 511.474 575.453 0 0 0 0 0 0 0 0 
0 0 0 0 0 0 56.1294 96.0933 120.206 0 0 0 0 0 0 0 0 
0 0 0 0 0 0 0 0 64.0965 0 0 0 0 0 0 0 0 
0 0 0 0 0 0 0 16.037 0 0 0 0 0 0 0 0 0 
0 0 0 0 0 0 0 0 0 0 0 0 0 0 0 0 0 
0 0 0 0 0 0 0 0 2.00462 0 0 0 0 0 0 0 0 
