1 0 0 0 0 0 0 0 0 0 0 0 0 0 0 0 1 
0 0 0 0 0 0 0 0 0 0 0 0 0 0 0 0 0 
0 16 0 0 0 0 0 0 0 0 0 0 0 0 0 0 0 
0 0 32 0 0 0 0 0 0 0 0 0 0 0 0 0 0 
0 0 88 95.9888 23.9972 0 0 0 7.99126 0 0 0 0 0 0 0 0 
0 0 0 256.022 255.983 191.973 95.9379 63.9301 0 0 0 0 0 0 0 0 0 
0 0 0 207.989 735.981 687.845 703.702 623.664 767.755 0 0 0 0 0 0 0 0 
0 0 0 0 576.101 1664.18 1824.17 1921.14 1599.92 0 0 0 0 0 0 0 0 
0 0 0 0 227.938 1248.16 2928.66 3678.78 4356.65 0 0 0 0 0 0 0 0 
0 0 0 0 0 447.898 1567.51 3136.7 3263.68 0 0 0 0 0 0 0 0 
0 0 0 0 0 127.946 768.15 1391.81 2112.12 0 0 0 0 0 0 0 0 
0 0 0 0 0 0 63.8706 511.998 576.044 0 0 0 0 0 0 0 0 
0 0 0 0 0 0 55.9915 95.9905 119.853 0 0 0 0 0 0 0 0 
0 0 0 0 0 0 0 0 63.9873 0 0 0 0 0 0 0 0 
0 0 0 0 0 0 0 15.9976 0 0 0 0 0 0 0 0 0 
0 0 0 0 0 0 0 0 0 0 0 0 0 0 0 0 0 
0 0 0 0 0 0 0 0 1.9997 0 0 0 0 0 0 0 0 
