1 0 0 0 0 0 0 0 0 0 0 0 0 0 0 0 1 
0 0 0 0 0 0 0 0 0 0 0 0 0 0 0 0 0 
0 16 0 0 0 0 0 0 0 0 0 0 0 0 0 0 0 
0 0 32 0 0 0 0 0 0 0 0 0 0 0 0 0 0 
0 0 88 96.0347 24.0087 0 0 0 7.99371 0 0 0 0 0 0 0 0 
0 0 0 255.931 256.184 192.008 95.9619 63.9497 0 0 0 0 0 0 0 0 0 
0 0 0 208.035 735.609 688.385 704.303 624.164 768.085 0 0 0 0 0 0 0 0 
0 0 0 0 576.197 1663.37 1823.37 1919.4 1599.74 0 0 0 0 0 0 0 0 
0 0 0 0 228.002 1247.93 2928.29 3680.35 4356.47 0 0 0 0 0 0 0 0 
0 0 0 0 0 448.454 1568.24 3136.7 3263.75 0 0 0 0 0 0 0 0 
0 0 0 0 0 127.853 767.87 1391.38 2111.95 0 0 0 0 0 0 0 0 
0 0 0 0 0 0 63.9931 512.098 575.823 0 0 0 0 0 0 0 0 
0 0 0 0 0 0 55.976 95.9649 120.173 0 0 0 0 0 0 0 0 
0 0 0 0 0 0 0 0 64.0196 0 0 0 0 0 0 0 0 
0 0 0 0 0 0 0 15.9931 0 0 0 0 0 0 0 0 0 
0 0 0 0 0 0 0 0 0 0 0 0 0 0 0 0 0 
0 0 0 0 0 0 0 0 1.99914 0 0 0 0 0 0 0 0 
