1 0 0 0 0 0 0 0 0 0 0 0 0 0 0 0 1 
0 0 0 0 0 0 0 0 0 0 0 0 0 0 0 0 0 
0 16 0 0 0 0 0 0 0 0 0 0 0 0 0 0 0 
0 0 32 0 0 0 0 0 0 0 0 0 0 0 0 0 0 
0 0 88 95.9537 23.9884 0 0 0 8.01711 0 0 0 0 0 0 0 0 
0 0 0 256.093 255.959 192.032 96.0896 64.1369 0 0 0 0 0 0 0 0 0 
0 0 0 207.954 736.026 687.783 703.783 623.813 767.794 0 0 0 0 0 0 0 0 
0 0 0 0 576.118 1664.23 1823.55 1920.25 1599.97 0 0 0 0 0 0 0 0 
0 0 0 0 227.909 1248.1 2929.13 3680.01 4355.91 0 0 0 0 0 0 0 0 
0 0 0 0 0 447.802 1567.59 3134.71 3264.77 0 0 0 0 0 0 0 0 
0 0 0 0 0 128.047 767.761 1393.56 2111.75 0 0 0 0 0 0 0 0 
0 0 0 0 0 0 64.085 511.599 575.842 0 0 0 0 0 0 0 0 
0 0 0 0 0 0 56.0052 95.9129 119.936 0 0 0 0 0 0 0 0 
0 0 0 0 0 0 0 0 64.0161 0 0 0 0 0 0 0 0 
0 0 0 0 0 0 0 16.0015 0 0 0 0 0 0 0 0 0 
0 0 0 0 0 0 0 0 0 0 0 0 0 0 0 0 0 
0 0 0 0 0 0 0 0 2.00019 0 0 0 0 0 0 0 0 
