1 0 0 0 0 0 0 0 0 0 0 0 0 0 0 0 1 
0 0 0 0 0 0 0 0 0 0 0 0 0 0 0 0 0 
0 16 0 0 0 0 0 0 0 0 0 0 0 0 0 0 0 
0 0 32 0 0 0 0 0 0 0 0 0 0 0 0 0 0 
0 0 88 96.0128 24.0032 0 0 0 7.99938 0 0 0 0 0 0 0 0 
0 0 0 255.974 256.061 191.982 95.9523 63.9951 0 0 0 0 0 0 0 0 0 
0 0 0 208.013 735.935 688.188 704.135 624.235 767.982 0 0 0 0 0 0 0 0 
0 0 0 0 575.936 1663.79 1824.23 1919.14 1599.75 0 0 0 0 0 0 0 0 
0 0 0 0 228.066 1248.01 2927.57 3681.7 4356.49 0 0 0 0 0 0 0 0 
0 0 0 0 0 447.941 1567.95 3134.38 3263.96 0 0 0 0 0 0 0 0 
0 0 0 0 0 128.087 768.109 1392.51 2111.48 0 0 0 0 0 0 0 0 
0 0 0 0 0 0 64.0298 511.987 576.518 0 0 0 0 0 0 0 0 
0 0 0 0 0 0 56.026 96.0472 119.881 0 0 0 0 0 0 0 0 
0 0 0 0 0 0 0 0 63.9417 0 0 0 0 0 0 0 0 
0 0 0 0 0 0 0 16.0074 0 0 0 0 0 0 0 0 0 
0 0 0 0 0 0 0 0 0 0 0 0 0 0 0 0 0 
0 0 0 0 0 0 0 0 2.00093 0 0 0 0 0 0 0 0 
