1 0 0 0 0 0 0 0 0 0 0 0 0 0 0 0 0 
0 0 0 0 0 0 0 0 0 0 0 0 0 0 0 0 0 
0 16 0 0 0 0 0 0 0 0 0 0 0 0 0 0 0 
0 0 32 0 0 0 0 0 0 0 0 0 0 0 0 0 0 
0 0 88 95.9211 23.9803 0 0 0 8.04687 0 0 0 0 0 0 0 0 
0 0 0 256.158 256.098 191.815 96.0146 64.3749 0 0 0 0 0 0 0 0 0 
0 0 0 207.921 736.039 688.162 704.005 623.234 768.676 0 0 0 0 0 0 0 0 
0 0 0 0 575.707 1664.49 1823.51 1920.56 1598.76 0 0 0 0 0 0 0 0 
0 0 0 0 228.176 1247.54 2928.61 3679.9 4357.81 0 0 0 0 0 0 0 0 
0 0 0 0 0 447.713 1568.34 3136.02 3260.9 0 0 0 0 0 0 0 0 
0 0 0 0 0 128.274 767.412 1391.67 2113.12 0 0 0 0 0 0 0 0 
0 0 0 0 0 0 64.0571 512.203 577.517 0 0 0 0 0 0 0 0 
0 0 0 0 0 0 56.0564 96.0193 119.318 0 0 0 0 0 0 0 0 
0 0 0 0 0 0 0 0 63.8655 0 0 0 0 0 0 0 0 
0 0 0 0 0 0 0 16.0161 0 0 0 0 0 0 0 0 0 
0 0 0 0 0 0 0 0 0 0 0 0 0 0 0 0 0 
0 0 0 0 0 0 0 0 2.00201 0 0 0 0 0 0 0 0 
