1 0 0 0 0 0 0 0 0 0 0 0 0 0 0 0 0 
0 0 0 0 0 0 0 0 0 0 0 0 0 0 0 0 0 
0 16 0 0 0 0 0 0 0 0 0 0 0 0 0 0 0 
0 0 32 0 0 0 0 0 0 0 0 0 0 0 0 0 0 
0 0 88 96.0144 24.0036 0 0 0 7.97164 0 0 0 0 0 0 0 0 
0 0 0 255.971 255.962 191.981 96.0136 63.7731 0 0 0 0 0 0 0 0 0 
0 0 0 208.014 736.57 687.885 704.003 624.6 768.605 0 0 0 0 0 0 0 0 
0 0 0 0 574.959 1664.59 1824.43 1919.02 1599.56 0 0 0 0 0 0 0 0 
0 0 0 0 228.505 1247.48 2926.58 3680.41 4355.9 0 0 0 0 0 0 0 0 
0 0 0 0 0 447.833 1569.86 3137.57 3263.07 0 0 0 0 0 0 0 0 
0 0 0 0 0 128.234 766.945 1390.19 2112.44 0 0 0 0 0 0 0 0 
0 0 0 0 0 0 63.9598 512.287 576.95 0 0 0 0 0 0 0 0 
0 0 0 0 0 0 56.2129 96.092 119.658 0 0 0 0 0 0 0 0 
0 0 0 0 0 0 0 0 63.8344 0 0 0 0 0 0 0 0 
0 0 0 0 0 0 0 16.0608 0 0 0 0 0 0 0 0 0 
0 0 0 0 0 0 0 0 0 0 0 0 0 0 0 0 0 
0 0 0 0 0 0 0 0 2.0076 0 0 0 0 0 0 0 0 
