1 0 0 0 0 0 0 0 0 0 0 0 0 0 0 0 0 
0 0 0 0 0 0 0 0 0 0 0 0 0 0 0 0 0 
0 16 0 0 0 0 0 0 0 0 0 0 0 0 0 0 0 
0 0 32 0 0 0 0 0 0 0 0 0 0 0 0 0 0 
0 0 88 95.8155 23.9539 0 0 0 8.00704 0 0 0 0 0 0 0 0 
0 0 0 256.369 255.599 191.801 96.231 64.0563 0 0 0 0 0 0 0 0 0 
0 0 0 207.816 736.691 688.353 704.388 623.596 767.305 0 0 0 0 0 0 0 0 
0 0 0 0 576.004 1663.59 1822.01 1920.59 1601.96 0 0 0 0 0 0 0 0 
0 0 0 0 227.752 1248.4 2929.25 3680.05 4353.51 0 0 0 0 0 0 0 0 
0 0 0 0 0 448.008 1568.74 3134.83 3265.8 0 0 0 0 0 0 0 0 
0 0 0 0 0 127.847 767.44 1393.31 2111.52 0 0 0 0 0 0 0 0 
0 0 0 0 0 0 63.9105 511.805 575.664 0 0 0 0 0 0 0 0 
0 0 0 0 0 0 56.0326 95.759 120.429 0 0 0 0 0 0 0 0 
0 0 0 0 0 0 0 0 63.8068 0 0 0 0 0 0 0 0 
0 0 0 0 0 0 0 16.0093 0 0 0 0 0 0 0 0 0 
0 0 0 0 0 0 0 0 0 0 0 0 0 0 0 0 0 
0 0 0 0 0 0 0 0 2.00117 0 0 0 0 0 0 0 0 
