1 0 0 0 0 0 0 0 0 0 0 0 0 0 0 0 0 
0 0 0 0 0 0 0 0 0 0 0 0 0 0 0 0 0 
0 16 0 0 0 0 0 0 0 0 0 0 0 0 0 0 0 
0 0 32 0 0 0 0 0 0 0 0 0 0 0 0 0 0 
0 0 88 95.9933 23.9983 0 0 0 7.98772 0 0 0 0 0 0 0 0 
0 0 0 256.013 255.713 192.235 96.1484 63.9017 0 0 0 0 0 0 0 0 0 
0 0 0 207.993 736.622 687.488 704.735 624.796 767.676 0 0 0 0 0 0 0 0 
0 0 0 0 575.625 1664.45 1824.07 1920.25 1601.87 0 0 0 0 0 0 0 0 
0 0 0 0 228.042 1247.76 2925.41 3678.23 4353.52 0 0 0 0 0 0 0 0 
0 0 0 0 0 448.027 1569.56 3136.21 3264.9 0 0 0 0 0 0 0 0 
0 0 0 0 0 128.049 767.933 1392.93 2111.55 0 0 0 0 0 0 0 0 
0 0 0 0 0 0 64.0268 511.336 576.729 0 0 0 0 0 0 0 0 
0 0 0 0 0 0 56.1176 96.3193 119.817 0 0 0 0 0 0 0 0 
0 0 0 0 0 0 0 0 63.9356 0 0 0 0 0 0 0 0 
0 0 0 0 0 0 0 16.0336 0 0 0 0 0 0 0 0 0 
0 0 0 0 0 0 0 0 0 0 0 0 0 0 0 0 0 
0 0 0 0 0 0 0 0 2.0042 0 0 0 0 0 0 0 0 
