1 0 0 0 0 0 0 0 0 0 0 0 0 0 0 0 0 
0 0 0 0 0 0 0 0 0 0 0 0 0 0 0 0 0 
0 16 0 0 0 0 0 0 0 0 0 0 0 0 0 0 0 
0 0 32 0 0 0 0 0 0 0 0 0 0 0 0 0 0 
0 0 88 95.9329 23.9832 0 0 0 8.03549 0 0 0 0 0 0 0 0 
0 0 0 256.134 255.693 192.068 95.968 64.2839 0 0 0 0 0 0 0 0 0 
0 0 0 207.933 736.402 688.181 702.449 623.266 768.713 0 0 0 0 0 0 0 0 
0 0 0 0 576.184 1662.94 1826.09 1921.05 1597.83 0 0 0 0 0 0 0 0 
0 0 0 0 227.737 1249.35 2928.3 3678.54 4358.99 0 0 0 0 0 0 0 0 
0 0 0 0 0 447.429 1567.56 3137.34 3260.99 0 0 0 0 0 0 0 0 
0 0 0 0 0 128.038 767.568 1391.32 2113.46 0 0 0 0 0 0 0 0 
0 0 0 0 0 0 64.0544 512.334 576.47 0 0 0 0 0 0 0 0 
0 0 0 0 0 0 56.0094 95.8571 119.476 0 0 0 0 0 0 0 0 
0 0 0 0 0 0 0 0 64.0351 0 0 0 0 0 0 0 0 
0 0 0 0 0 0 0 16.0027 0 0 0 0 0 0 0 0 0 
0 0 0 0 0 0 0 0 0 0 0 0 0 0 0 0 0 
0 0 0 0 0 0 0 0 2.00034 0 0 0 0 0 0 0 0 
