1 0 0 0 0 0 0 0 0 0 0 0 0 0 0 0 0 
0 0 0 0 0 0 0 0 0 0 0 0 0 0 0 0 0 
0 16 0 0 0 0 0 0 0 0 0 0 0 0 0 0 0 
0 0 32 0 0 0 0 0 0 0 0 0 0 0 0 0 0 
0 0 88 95.9663 23.9916 0 0 0 7.99343 0 0 0 0 0 0 0 0 
0 0 0 256.067 256.129 191.912 95.8954 63.9474 0 0 0 0 0 0 0 0 0 
0 0 0 207.966 735.88 688.055 703.827 624.043 768.788 0 0 0 0 0 0 0 0 
0 0 0 0 575.888 1664.2 1824.17 1919.31 1599.89 0 0 0 0 0 0 0 0 
0 0 0 0 228.112 1247.74 2929.3 3682.63 4356.35 0 0 0 0 0 0 0 0 
0 0 0 0 0 448.141 1566.11 3134.04 3261 0 0 0 0 0 0 0 0 
0 0 0 0 0 127.954 768.699 1391 2113.63 0 0 0 0 0 0 0 0 
0 0 0 0 0 0 63.9594 512.964 576.313 0 0 0 0 0 0 0 0 
0 0 0 0 0 0 56.0319 96.0624 119.946 0 0 0 0 0 0 0 0 
0 0 0 0 0 0 0 0 64.0894 0 0 0 0 0 0 0 0 
0 0 0 0 0 0 0 16.0091 0 0 0 0 0 0 0 0 0 
0 0 0 0 0 0 0 0 0 0 0 0 0 0 0 0 0 
0 0 0 0 0 0 0 0 2.00114 0 0 0 0 0 0 0 0 
