1 0 0 0 0 0 0 0 0 0 0 0 0 0 0 0 0 
0 0 0 0 0 0 0 0 0 0 0 0 0 0 0 0 0 
0 16 0 0 0 0 0 0 0 0 0 0 0 0 0 0 0 
0 0 32 0 0 0 0 0 0 0 0 0 0 0 0 0 0 
0 0 88 95.9628 23.9907 0 0 0 7.9856 0 0 0 0 0 0 0 0 
0 0 0 256.074 255.859 192.116 96.2318 63.8848 0 0 0 0 0 0 0 0 0 
0 0 0 207.963 736.708 687.836 704.101 625.652 769.835 0 0 0 0 0 0 0 0 
0 0 0 0 575.044 1664.26 1823.88 1919.95 1598.92 0 0 0 0 0 0 0 0 
0 0 0 0 228.398 1247.51 2927.71 3675.84 4353.84 0 0 0 0 0 0 0 0 
0 0 0 0 0 448.279 1567.48 3138.63 3264.48 0 0 0 0 0 0 0 0 
0 0 0 0 0 128.002 768.379 1391.75 2112.54 0 0 0 0 0 0 0 0 
0 0 0 0 0 0 64.3203 512.359 576.632 0 0 0 0 0 0 0 0 
0 0 0 0 0 0 55.8971 95.9684 119.753 0 0 0 0 0 0 0 0 
0 0 0 0 0 0 0 0 64.0171 0 0 0 0 0 0 0 0 
0 0 0 0 0 0 0 15.9706 0 0 0 0 0 0 0 0 0 
0 0 0 0 0 0 0 0 0 0 0 0 0 0 0 0 0 
0 0 0 0 0 0 0 0 1.99632 0 0 0 0 0 0 0 0 
