1 0 0 0 0 0 0 0 0 0 0 0 0 0 0 0 0 
0 0 0 0 0 0 0 0 0 0 0 0 0 0 0 0 0 
0 16 0 0 0 0 0 0 0 0 0 0 0 0 0 0 0 
0 0 32 0 0 0 0 0 0 0 0 0 0 0 0 0 0 
0 0 88 96.0795 24.0199 0 0 0 8.04175 0 0 0 0 0 0 0 0 
0 0 0 255.841 256.183 191.993 96.0401 64.334 0 0 0 0 0 0 0 0 0 
0 0 0 208.08 735.474 687.801 704.583 623.569 766.866 0 0 0 0 0 0 0 0 
0 0 0 0 576.425 1664.47 1821.02 1918.52 1600.51 0 0 0 0 0 0 0 0 
0 0 0 0 227.899 1247.75 2930.76 3682.09 4356.24 0 0 0 0 0 0 0 0 
0 0 0 0 0 447.93 1569.19 3135.68 3266.02 0 0 0 0 0 0 0 0 
0 0 0 0 0 128.059 766.185 1392.11 2110.64 0 0 0 0 0 0 0 0 
0 0 0 0 0 0 64.166 512.062 575.598 0 0 0 0 0 0 0 0 
0 0 0 0 0 0 56.0599 95.6207 120.12 0 0 0 0 0 0 0 0 
0 0 0 0 0 0 0 0 63.965 0 0 0 0 0 0 0 0 
0 0 0 0 0 0 0 16.0171 0 0 0 0 0 0 0 0 0 
0 0 0 0 0 0 0 0 0 0 0 0 0 0 0 0 0 
0 0 0 0 0 0 0 0 2.00214 0 0 0 0 0 0 0 0 
