1 0 0 0 0 0 0 0 0 0 0 0 0 0 0 0 0 0 0 0 0 0 0 0 0 0 0 0 0 0 0 0 0 0 0 0 0 0 0 0 0 0 0 0 0 0 0 0 0 0 0 0 0 0 0 0 0 0 0 0 0 0 0 0 1 
0 0 0 0 0 0 0 0 0 0 0 0 0 0 0 0 0 0 0 0 0 0 0 0 0 0 0 0 0 0 0 0 0 0 0 0 0 0 0 0 0 0 0 0 0 0 0 0 0 0 0 0 0 0 0 0 0 0 0 0 0 0 0 0 0 
0 0 0 0 0 0 0 0 0 0 0 0 0 0 0 0 0 0 0 0 0 0 0 0 0 0 0 0 0 0 0 0 0 0 0 0 0 0 0 0 0 0 0 0 0 0 0 0 0 0 0 0 0 0 0 0 0 0 0 0 0 0 0 0 0 
0 0 0 0 0 0 0 0 0 0 0 0 0 0 0 0 0 0 0 0 0 0 0 0 0 0 0 0 0 0 0 0 0 0 0 0 0 0 0 0 0 0 0 0 0 0 0 0 0 0 0 0 0 0 0 0 0 0 0 0 0 0 0 0 0 
0 64 0 0 0 0 0 0 0 0 0 0 0 0 0 0 0 0 0 0 0 0 0 0 0 0 0 0 0 0 0 0 0 0 0 0 0 0 0 0 0 0 0 0 0 0 0 0 0 0 0 0 0 0 0 0 0 0 0 0 0 0 0 0 0 
0 0 0 0 0 0 0 0 0 0 0 0 0 0 0 0 0 0 0 0 0 0 0 0 0 0 0 0 0 0 0 0 0 0 0 0 0 0 0 0 0 0 0 0 0 0 0 0 0 0 0 0 0 0 0 0 0 0 0 0 0 0 0 0 0 
0 0 0 0 0 0 0 0 0 0 0 0 0 0 0 0 0 0 0 0 0 0 0 0 0 0 0 0 0 0 0 0 0 0 0 0 0 0 0 0 0 0 0 0 0 0 0 0 0 0 0 0 0 0 0 0 0 0 0 0 0 0 0 0 0 
0 0 256 0 0 0 0 0 0 0 0 0 0 0 0 0 0 0 0 0 0 0 0 0 0 0 0 0 0 0 0 0 0 0 0 0 0 0 0 0 0 0 0 0 0 0 0 0 0 0 0 0 0 0 0 0 0 0 0 0 0 0 0 0 0 
0 0 1760 0 0 0 0 0 0 0 0 0 0 0 0 0 0 0 0 0 0 0 0 0 0 0 0 0 0 0 0 0 0 0 0 0 0 0 0 0 0 0 0 0 0 0 0 0 0 0 0 0 0 0 0 0 0 0 0 0 0 0 0 0 0 
0 0 0 129.143 0 0 0 0 0 0 0 0 0 0 0 0 0 0 0 0 0 0 0 0 0 0 0 0 0 0 0 0 0 0 0 0 0 0 0 0 0 0 0 0 0 0 0 0 0 0 0 0 0 0 0 0 0 0 0 0 0 0 0 0 0 
0 0 0 1402.73 0 0 0 0 0 0 0 0 0 0 0 0 0 0 0 0 0 0 0 0 0 0 0 0 0 0 0 0 0 0 0 0 0 0 0 0 0 0 0 0 0 0 0 0 0 0 0 0 0 0 0 0 0 0 0 0 0 0 0 0 0 
0 0 0 12679.1 192.805 0 0 0 0 0 0 0 0 0 0 0 0 0 0 0 0 0 0 0 0 0 0 0 0 0 0 0 0 0 0 0 0 0 0 0 0 0 0 0 0 0 0 0 0 0 0 0 0 0 0 0 0 0 0 0 0 0 0 0 0 
0 0 0 27453 1779.91 0 0 0 0 0 0 0 0 0 0 0 0 0 0 0 0 0 0 0 0 0 0 0 0 0 0 0 0 0 0 0 0 0 0 0 0 0 0 0 0 0 0 0 0 0 0 0 0 0 0 0 0 0 0 0 0 0 0 0 0 
0 0 0 0 14574.2 383.848 0 0 0 0 0 0 0 0 0 0 0 0 0 0 0 0 0 0 0 0 0 0 0 0 0 0 0 0 0 0 0 0 0 0 0 0 0 0 0 0 0 0 0 0 0 0 0 0 0 0 0 0 0 0 0 0 0 0 0 
0 0 0 0 83891.9 3996.43 0 0 0 0 0 0 0 0 0 0 0 0 0 0 0 0 0 0 0 0 0 0 0 0 0 0 0 0 0 0 0 0 0 0 0 0 0 0 0 0 0 0 0 0 0 0 0 0 0 0 0 0 0 0 0 0 0 0 0 
0 0 0 0 264506 26296.7 1412.35 0 0 0 0 0 0 0 0 0 0 0 0 0 0 0 0 0 0 0 0 0 0 0 0 0 0 0 0 0 0 0 0 0 0 0 0 0 0 0 0 0 0 0 0 0 0 0 0 0 0 0 0 0 0 0 0 0 0 
0 0 0 0 270431 146642 9486.66 434.83 46.9244 0 0 0 0 0 0 0 4.09657 0 0 0 0 0 0 0 0 0 0 0 0 0 0 0 3.97945 0 0 0 0 0 0 0 0 0 0 0 0 0 0 0 0 0 0 0 0 0 0 0 0 0 0 0 0 0 0 0 0 
0 0 0 0 0 655970 66294.8 4239.86 0 0 0 0 0 0 0 0 0 0 0 0 0 0 0 0 0 0 0 0 0 0 0 0 0 0 0 0 0 0 0 0 0 0 0 0 0 0 0 0 0 0 0 0 0 0 0 0 0 0 0 0 0 0 0 0 0 
0 0 0 0 0 1.95056e+06 338220 31882.3 4004.84 448.076 0 0 0 0 0 65.5452 0 0 0 0 0 0 0 0 0 0 0 0 0 0 0 0 0 0 0 0 0 0 0 0 0 0 0 0 0 0 0 0 0 0 0 0 0 0 0 0 0 0 0 0 0 0 0 0 0 
0 0 0 0 0 3.06818e+06 1.46098e+06 193834 15949.1 4272.52 1285.57 389.018 193.641 129.574 196.941 0 0 129.955 0 0 0 0 0 0 0 0 0 0 0 0 0 127.342 0 0 0 0 0 0 0 0 0 0 0 0 0 0 0 0 0 0 0 0 0 0 0 0 0 0 0 0 0 0 0 0 0 
0 0 0 0 0 1.77249e+06 5.27488e+06 915498 125582 10098.6 3283.55 1735.85 822.53 585.688 294.648 0 0 64.1331 0 0 0 0 0 0 0 0 0 0 0 0 0 0 0 0 0 0 0 0 0 0 0 0 0 0 0 0 0 0 0 0 0 0 0 0 0 0 0 0 0 0 0 0 0 0 0 
0 0 0 0 0 0 1.40679e+07 3.90602e+06 627657 99715.5 16659.6 3476.69 2214.32 1197.08 0 0 1952.93 0 392.424 0 0 0 0 0 0 0 0 0 0 0 446.851 0 0 0 0 0 0 0 0 0 0 0 0 0 0 0 0 0 0 0 0 0 0 0 0 0 0 0 0 0 0 0 0 0 0 
0 0 0 0 0 0 2.3825e+07 1.38691e+07 2.91369e+06 517140 104528 32086.1 11312 5124.54 3366.11 5371.6 1149.93 0 1738.14 259.217 0 0 0 0 0 0 0 0 0 254.72 1526.95 0 3940 0 0 0 0 0 0 0 0 0 0 0 0 0 0 0 0 0 0 0 0 0 0 0 0 0 0 0 0 0 0 0 0 
0 0 0 0 0 0 2.1968e+07 4.17273e+07 1.13735e+07 2.25581e+06 502276 133454 51226.3 24304.5 17813.6 12052.2 0 5517.11 2100.2 1169.29 390.522 0 0 0 0 0 0 0 379.935 1924.66 0 0 120.436 0 0 0 0 0 0 0 0 0 0 0 0 0 0 0 0 0 0 0 0 0 0 0 0 0 0 0 0 0 0 0 0 
0 0 0 0 0 0 7.96211e+06 9.80076e+07 4.01763e+07 9.89334e+06 2.05419e+06 568012 192686 93553.7 53665.1 14354.7 14472.8 25061.2 3628.59 9211.78 1621 803.246 0 0 96.0047 0 0 770.192 2588.43 8792.06 0 13349.7 0 0 0 0 0 0 0 0 0 0 0 0 0 0 0 0 0 0 0 0 0 0 0 0 0 0 0 0 0 0 0 0 0 
0 0 0 0 0 0 0 1.62878e+08 1.2245e+08 3.70102e+07 9.60007e+06 2.41135e+06 799424 328956 146127 83883.1 94029.1 43517.5 15849.5 23995.3 9428.68 3460.56 2522.54 897.403 0 880.978 2672.85 5742.77 13019.9 8766.61 7245.35 46551.4 0 0 0 0 0 0 0 0 0 0 0 0 0 0 0 0 0 0 0 0 0 0 0 0 0 0 0 0 0 0 0 0 0 
0 0 0 0 0 0 0 1.72363e+08 3.13942e+08 1.24717e+08 3.6112e+07 1.03442e+07 3.32241e+06 1.25283e+06 596365 392107 262336 65006.1 135488 50337.4 49746.1 14679.5 6389.5 7851.51 7932.91 7657.5 12749.9 22942.5 41797.4 10882.5 56441.4 3028.4 44423.5 0 0 0 0 0 0 0 0 0 0 0 0 0 0 0 0 0 0 0 0 0 0 0 0 0 0 0 0 0 0 0 0 
0 0 0 0 0 0 0 1.02553e+08 6.5065e+08 3.7547e+08 1.27357e+08 3.86677e+07 1.25219e+07 4.9563e+06 2.33278e+06 1.31453e+06 591844 443880 368706 148157 154744 87964.2 39546.6 16213.6 21812.9 40586.8 57265.6 83726.4 81132.4 74773.2 259732 24362.6 305177 0 0 0 0 0 0 0 0 0 0 0 0 0 0 0 0 0 0 0 0 0 0 0 0 0 0 0 0 0 0 0 0 
0 0 0 0 0 0 0 2.47656e+07 1.0149e+09 9.83324e+08 4.12951e+08 1.39853e+08 4.80035e+07 1.80039e+07 8.04243e+06 3.9522e+06 2.16005e+06 1.74153e+06 942680 710898 473859 323808 209370 165306 139797 145642 201535 273197 187151 372940 315163 261785 567488 0 0 0 0 0 0 0 0 0 0 0 0 0 0 0 0 0 0 0 0 0 0 0 0 0 0 0 0 0 0 0 0 
0 0 0 0 0 0 0 0 1.11122e+09 2.19905e+09 1.20532e+09 4.65767e+08 1.67866e+08 6.52915e+07 2.76805e+07 1.36261e+07 8.41479e+06 5.3148e+06 2.87459e+06 2.45248e+06 1.45261e+06 1.19235e+06 800800 617878 603279 642765 668834 632778 664404 1.2703e+06 369693 1.47366e+06 263010 0 0 0 0 0 0 0 0 0 0 0 0 0 0 0 0 0 0 0 0 0 0 0 0 0 0 0 0 0 0 0 0 
0 0 0 0 0 0 0 0 7.844e+08 4.03427e+09 3.14766e+09 1.43241e+09 5.58538e+08 2.19026e+08 9.649e+07 4.7735e+07 2.73231e+07 1.55893e+07 1.05448e+07 7.60351e+06 5.02711e+06 3.94068e+06 2.99868e+06 2.23108e+06 1.79869e+06 1.78222e+06 1.91438e+06 1.84938e+06 2.58334e+06 2.56528e+06 2.0046e+06 4.10264e+06 1.61599e+06 0 0 0 0 0 0 0 0 0 0 0 0 0 0 0 0 0 0 0 0 0 0 0 0 0 0 0 0 0 0 0 0 
0 0 0 0 0 0 0 0 3.19761e+08 5.80629e+09 7.16303e+09 4.00645e+09 1.74852e+09 7.24715e+08 3.20662e+08 1.57075e+08 8.58124e+07 5.01581e+07 3.55121e+07 2.25781e+07 1.69748e+07 1.22852e+07 9.72819e+06 7.60406e+06 6.7452e+06 6.08391e+06 5.63964e+06 5.89432e+06 7.49546e+06 4.73126e+06 8.45039e+06 5.63333e+06 7.90018e+06 0 0 0 0 0 0 0 0 0 0 0 0 0 0 0 0 0 0 0 0 0 0 0 0 0 0 0 0 0 0 0 0 
0 0 0 0 0 0 0 0 5.35999e+07 6.21714e+09 1.40588e+10 1.02698e+10 5.14345e+09 2.30013e+09 1.03972e+09 5.05761e+08 2.71784e+08 1.65839e+08 1.05326e+08 6.92468e+07 5.25793e+07 3.75484e+07 3.03251e+07 2.5085e+07 2.12508e+07 1.83039e+07 1.74673e+07 1.86445e+07 1.69655e+07 1.58246e+07 2.3552e+07 1.2443e+07 2.56373e+07 0 0 0 0 0 0 0 0 0 0 0 0 0 0 0 0 0 0 0 0 0 0 0 0 0 0 0 0 0 0 0 0 
0 0 0 0 0 0 0 0 0 4.67314e+09 2.29782e+10 2.34245e+10 1.38429e+10 6.77291e+09 3.17169e+09 1.57552e+09 8.41382e+08 5.01454e+08 3.11926e+08 2.17061e+08 1.577e+08 1.16718e+08 9.17586e+07 7.32963e+07 6.12087e+07 5.42034e+07 5.20358e+07 5.09571e+07 4.29133e+07 5.39073e+07 4.73838e+07 4.85841e+07 5.28357e+07 0 0 0 0 0 0 0 0 0 0 0 0 0 0 0 0 0 0 0 0 0 0 0 0 0 0 0 0 0 0 0 0 
0 0 0 0 0 0 0 0 0 2.32689e+09 3.0201e+10 4.69252e+10 3.41871e+10 1.87838e+10 9.41551e+09 4.75976e+09 2.58378e+09 1.49361e+09 9.35778e+08 6.47974e+08 4.51255e+08 3.4668e+08 2.61851e+08 2.17451e+08 1.84426e+08 1.62931e+08 1.49565e+08 1.32416e+08 1.28699e+08 1.44953e+08 1.0716e+08 1.51199e+08 1.06465e+08 0 0 0 0 0 0 0 0 0 0 0 0 0 0 0 0 0 0 0 0 0 0 0 0 0 0 0 0 0 0 0 0 
0 0 0 0 0 0 0 0 0 6.70569e+08 3.07566e+10 8.10836e+10 7.697e+10 4.86991e+10 2.65024e+10 1.39653e+10 7.56693e+09 4.3906e+09 2.79486e+09 1.87007e+09 1.30319e+09 9.85645e+08 7.62152e+08 6.27192e+08 5.3161e+08 4.61823e+08 4.04488e+08 3.61721e+08 3.73888e+08 3.3873e+08 3.33514e+08 3.6267e+08 3.09121e+08 0 0 0 0 0 0 0 0 0 0 0 0 0 0 0 0 0 0 0 0 0 0 0 0 0 0 0 0 0 0 0 0 
0 0 0 0 0 0 0 0 0 7.99433e+07 2.32922e+10 1.18202e+11 1.53651e+11 1.16568e+11 6.97143e+10 3.90381e+10 2.18236e+10 1.28247e+10 7.99084e+09 5.30461e+09 3.75467e+09 2.73343e+09 2.17518e+09 1.74877e+09 1.44497e+09 1.26926e+09 1.09871e+09 1.02133e+09 9.86883e+08 8.62094e+08 9.55147e+08 8.37133e+08 9.30448e+08 0 0 0 0 0 0 0 0 0 0 0 0 0 0 0 0 0 0 0 0 0 0 0 0 0 0 0 0 0 0 0 0 
0 0 0 0 0 0 0 0 0 0 1.25206e+10 1.41205e+11 2.71949e+11 2.53331e+11 1.72629e+11 1.03709e+11 6.05202e+10 3.58437e+10 2.2406e+10 1.48129e+10 1.03961e+10 7.69111e+09 5.97464e+09 4.74851e+09 3.98537e+09 3.41537e+09 3.00481e+09 2.76759e+09 2.50414e+09 2.40164e+09 2.40024e+09 2.15783e+09 2.39736e+09 0 0 0 0 0 0 0 0 0 0 0 0 0 0 0 0 0 0 0 0 0 0 0 0 0 0 0 0 0 0 0 0 
0 0 0 0 0 0 0 0 0 0 4.53701e+09 1.34369e+11 4.1557e+11 5.01082e+11 3.98709e+11 2.60525e+11 1.59098e+11 9.72919e+10 6.15843e+10 4.06688e+10 2.85209e+10 2.08994e+10 1.58886e+10 1.28468e+10 1.06011e+10 8.96999e+09 7.98036e+09 7.21142e+09 6.535e+09 6.47838e+09 5.93815e+09 5.99563e+09 5.80753e+09 0 0 0 0 0 0 0 0 0 0 0 0 0 0 0 0 0 0 0 0 0 0 0 0 0 0 0 0 0 0 0 0 
0 0 0 0 0 0 0 0 0 0 9.42612e+08 9.8988e+10 5.41579e+11 8.83979e+11 8.37764e+11 6.15514e+11 4.0542e+11 2.5658e+11 1.65809e+11 1.10091e+11 7.68719e+10 5.53792e+10 4.27091e+10 3.43111e+10 2.80178e+10 2.39409e+10 2.09046e+10 1.87308e+10 1.72515e+10 1.63032e+10 1.51684e+10 1.55689e+10 1.46602e+10 0 0 0 0 0 0 0 0 0 0 0 0 0 0 0 0 0 0 0 0 0 0 0 0 0 0 0 0 0 0 0 0 
0 0 0 0 0 0 0 0 0 0 8.13838e+07 5.46026e+10 5.85799e+11 1.37843e+12 1.61575e+12 1.35477e+12 9.66556e+11 6.46778e+11 4.28701e+11 2.88755e+11 2.00866e+11 1.46453e+11 1.1212e+11 8.81995e+10 7.33087e+10 6.20253e+10 5.42765e+10 4.8146e+10 4.46857e+10 4.10116e+10 3.95398e+10 3.84394e+10 3.78399e+10 0 0 0 0 0 0 0 0 0 0 0 0 0 0 0 0 0 0 0 0 0 0 0 0 0 0 0 0 0 0 0 0 
0 0 0 0 0 0 0 0 0 0 0 2.17038e+10 5.1484e+11 1.87065e+12 2.81651e+12 2.75491e+12 2.17698e+12 1.54839e+12 1.06967e+12 7.39307e+11 5.1946e+11 3.82632e+11 2.89458e+11 2.28863e+11 1.86875e+11 1.59371e+11 1.3731e+11 1.23311e+11 1.12526e+11 1.04088e+11 1.01243e+11 9.64606e+10 9.6765e+10 0 0 0 0 0 0 0 0 0 0 0 0 0 0 0 0 0 0 0 0 0 0 0 0 0 0 0 0 0 0 0 0 
0 0 0 0 0 0 0 0 0 0 0 5.79346e+09 3.61189e+11 2.16998e+12 4.38418e+12 5.1611e+12 4.58917e+12 3.5462e+12 2.5648e+12 1.82625e+12 1.31064e+12 9.66487e+11 7.38478e+11 5.79032e+11 4.75501e+11 3.99247e+11 3.48099e+11 3.09818e+11 2.80235e+11 2.6291e+11 2.48581e+11 2.40328e+11 2.40224e+11 0 0 0 0 0 0 0 0 0 0 0 0 0 0 0 0 0 0 0 0 0 0 0 0 0 0 0 0 0 0 0 0 
0 0 0 0 0 0 0 0 0 0 0 8.7832e+08 1.96417e+11 2.11861e+12 6.05083e+12 8.78637e+12 8.95432e+12 7.5914e+12 5.83973e+12 4.32584e+12 3.19723e+12 2.40147e+12 1.82558e+12 1.45258e+12 1.1868e+12 1.00095e+12 8.59996e+11 7.63457e+11 6.99402e+11 6.48993e+11 6.07731e+11 5.97724e+11 5.88795e+11 0 0 0 0 0 0 0 0 0 0 0 0 0 0 0 0 0 0 0 0 0 0 0 0 0 0 0 0 0 0 0 0 
0 0 0 0 0 0 0 0 0 0 0 5.41407e+07 8.09888e+10 1.71488e+12 7.24751e+12 1.34467e+13 1.61802e+13 1.52494e+13 1.26766e+13 9.89079e+12 7.53752e+12 5.7675e+12 4.48562e+12 3.55841e+12 2.90987e+12 2.43052e+12 2.12261e+12 1.88857e+12 1.69807e+12 1.57642e+12 1.50519e+12 1.45614e+12 1.43999e+12 0 0 0 0 0 0 0 0 0 0 0 0 0 0 0 0 0 0 0 0 0 0 0 0 0 0 0 0 0 0 0 0 
0 0 0 0 0 0 0 0 0 0 0 0 2.4251e+10 1.1239e+12 7.50607e+12 1.85518e+13 2.66444e+13 2.85608e+13 2.59081e+13 2.14082e+13 1.7049e+13 1.34065e+13 1.05811e+13 8.51141e+12 7.00149e+12 5.94343e+12 5.12566e+12 4.53513e+12 4.10263e+12 3.81452e+12 3.6224e+12 3.50572e+12 3.46544e+12 0 0 0 0 0 0 0 0 0 0 0 0 0 0 0 0 0 0 0 0 0 0 0 0 0 0 0 0 0 0 0 0 
0 0 0 0 0 0 0 0 0 0 0 0 4.76036e+09 5.89698e+11 6.59618e+12 2.2489e+13 4.00737e+13 4.94603e+13 4.95096e+13 4.40658e+13 3.68641e+13 3.00433e+13 2.42584e+13 1.98591e+13 1.65259e+13 1.39721e+13 1.2215e+13 1.07268e+13 9.75856e+12 9.09691e+12 8.63346e+12 8.32488e+12 8.31226e+12 0 0 0 0 0 0 0 0 0 0 0 0 0 0 0 0 0 0 0 0 0 0 0 0 0 0 0 0 0 0 0 0 
0 0 0 0 0 0 0 0 0 0 0 0 5.16166e+08 2.4241e+11 4.86272e+12 2.38902e+13 5.41226e+13 7.85817e+13 8.8385e+13 8.57214e+13 7.5705e+13 6.45443e+13 5.39534e+13 4.48827e+13 3.78805e+13 3.24268e+13 2.80303e+13 2.50149e+13 2.30185e+13 2.12789e+13 2.01695e+13 1.96082e+13 1.9356e+13 0 0 0 0 0 0 0 0 0 0 0 0 0 0 0 0 0 0 0 0 0 0 0 0 0 0 0 0 0 0 0 0 
0 0 0 0 0 0 0 0 0 0 0 0 2.22455e+07 7.61499e+10 2.95755e+12 2.20158e+13 6.53898e+13 1.14364e+14 1.46553e+14 1.55403e+14 1.4797e+14 1.31602e+14 1.14564e+14 9.76833e+13 8.37483e+13 7.23784e+13 6.40427e+13 5.73821e+13 5.23355e+13 4.88528e+13 4.62667e+13 4.52148e+13 4.48355e+13 0 0 0 0 0 0 0 0 0 0 0 0 0 0 0 0 0 0 0 0 0 0 0 0 0 0 0 0 0 0 0 0 
0 0 0 0 0 0 0 0 0 0 0 0 0 1.70178e+10 1.47387e+12 1.73294e+13 6.97628e+13 1.51e+14 2.23213e+14 2.63737e+14 2.7217e+14 2.56971e+14 2.31236e+14 2.04982e+14 1.8027e+14 1.59345e+14 1.40983e+14 1.27465e+14 1.17451e+14 1.10219e+14 1.04936e+14 1.01987e+14 1.0134e+14 0 0 0 0 0 0 0 0 0 0 0 0 0 0 0 0 0 0 0 0 0 0 0 0 0 0 0 0 0 0 0 0 
0 0 0 0 0 0 0 0 0 0 0 0 0 2.41061e+09 5.87914e+11 1.1564e+13 6.57634e+13 1.78852e+14 3.12601e+14 4.16693e+14 4.66365e+14 4.73789e+14 4.48583e+14 4.12321e+14 3.72121e+14 3.34131e+14 3.01528e+14 2.76366e+14 2.55688e+14 2.40131e+14 2.30232e+14 2.24153e+14 2.23542e+14 0 0 0 0 0 0 0 0 0 0 0 0 0 0 0 0 0 0 0 0 0 0 0 0 0 0 0 0 0 0 0 0 
0 0 0 0 0 0 0 0 0 0 0 0 0 1.79326e+08 1.8566e+11 6.50282e+12 5.3528e+13 1.88801e+14 3.98082e+14 6.03965e+14 7.49981e+14 8.17126e+14 8.22615e+14 7.84851e+14 7.34992e+14 6.80449e+14 6.26237e+14 5.78884e+14 5.41812e+14 5.11251e+14 4.90273e+14 4.79339e+14 4.75347e+14 0 0 0 0 0 0 0 0 0 0 0 0 0 0 0 0 0 0 0 0 0 0 0 0 0 0 0 0 0 0 0 0 
0 0 0 0 0 0 0 0 0 0 0 0 0 5.35807e+06 4.37464e+10 3.02289e+12 3.77522e+13 1.77724e+14 4.5812e+14 8.09324e+14 1.11999e+15 1.32811e+15 1.42011e+15 1.43048e+15 1.38516e+15 1.31233e+15 1.24159e+15 1.16434e+15 1.10935e+15 1.05457e+15 1.01969e+15 9.99807e+14 9.93801e+14 0 0 0 0 0 0 0 0 0 0 0 0 0 0 0 0 0 0 0 0 0 0 0 0 0 0 0 0 0 0 0 0 
0 0 0 0 0 0 0 0 0 0 0 0 0 0 7.09468e+09 1.15591e+12 2.27802e+13 1.47174e+14 4.75399e+14 9.88113e+14 1.5471e+15 2.00889e+15 2.31771e+15 2.46394e+15 2.48483e+15 2.43898e+15 2.35655e+15 2.26796e+15 2.16758e+15 2.09958e+15 2.04544e+15 2.01494e+15 1.99694e+15 0 0 0 0 0 0 0 0 0 0 0 0 0 0 0 0 0 0 0 0 0 0 0 0 0 0 0 0 0 0 0 0 
0 0 0 0 0 0 0 0 0 0 0 0 0 0 6.82408e+08 3.53092e+11 1.16673e+13 1.06444e+14 4.3914e+14 1.09711e+15 1.96536e+15 2.82327e+15 3.52717e+15 3.98006e+15 4.21925e+15 4.29845e+15 4.25538e+15 4.19584e+15 4.10225e+15 4.00048e+15 3.92433e+15 3.88069e+15 3.84863e+15 0 0 0 0 0 0 0 0 0 0 0 0 0 0 0 0 0 0 0 0 0 0 0 0 0 0 0 0 0 0 0 0 
0 0 0 0 0 0 0 0 0 0 0 0 0 0 3.27268e+07 8.44255e+10 5.03622e+12 6.66604e+13 3.62963e+14 1.1022e+15 2.29432e+15 3.69171e+15 4.99517e+15 6.05143e+15 6.77878e+15 7.17517e+15 7.41646e+15 7.42455e+15 7.37111e+15 7.30497e+15 7.24945e+15 7.20564e+15 7.15831e+15 0 0 0 0 0 0 0 0 0 0 0 0 0 0 0 0 0 0 0 0 0 0 0 0 0 0 0 0 0 0 0 0 
0 0 0 0 0 0 0 0 0 0 0 0 0 0 727629 1.4448e+10 1.80493e+12 3.63254e+13 2.63287e+14 9.93889e+14 2.42452e+15 4.44047e+15 6.61704e+15 8.60005e+15 1.02256e+16 1.13934e+16 1.20406e+16 1.24915e+16 1.27212e+16 1.28018e+16 1.28022e+16 1.27451e+16 1.27781e+16 0 0 0 0 0 0 0 0 0 0 0 0 0 0 0 0 0 0 0 0 0 0 0 0 0 0 0 0 0 0 0 0 
0 0 0 0 0 0 0 0 0 0 0 0 0 0 0 1.57961e+09 5.2989e+11 1.67605e+13 1.68056e+14 8.02534e+14 2.34168e+15 4.88243e+15 8.09622e+15 1.14456e+16 1.44102e+16 1.68484e+16 1.87158e+16 1.99167e+16 2.07052e+16 2.12578e+16 2.14731e+16 2.16678e+16 2.17091e+16 0 0 0 0 0 0 0 0 0 0 0 0 0 0 0 0 0 0 0 0 0 0 0 0 0 0 0 0 0 0 0 0 
0 0 0 0 0 0 0 0 0 0 0 0 0 0 0 9.28422e+07 1.22466e+11 6.68034e+12 9.35648e+13 5.76337e+14 2.03524e+15 4.91781e+15 9.13586e+15 1.40955e+16 1.90529e+16 2.35806e+16 2.72701e+16 3.00191e+16 3.21094e+16 3.33344e+16 3.42828e+16 3.48273e+16 3.49964e+16 0 0 0 0 0 0 0 0 0 0 0 0 0 0 0 0 0 0 0 0 0 0 0 0 0 0 0 0 0 0 0 0 
0 0 0 0 0 0 0 0 0 0 0 0 0 0 0 2.93697e+06 2.0853e+10 2.22354e+12 4.53956e+13 3.67791e+14 1.59324e+15 4.49934e+15 9.45866e+15 1.60877e+16 2.35111e+16 3.07694e+16 3.72509e+16 4.27164e+16 4.67474e+16 4.9814e+16 5.20594e+16 5.29363e+16 5.34078e+16 0 0 0 0 0 0 0 0 0 0 0 0 0 0 0 0 0 0 0 0 0 0 0 0 0 0 0 0 0 0 0 0 
0 0 0 0 0 0 0 0 0 0 0 0 0 0 0 55614.4 2.36176e+09 6.089e+11 1.9062e+13 2.05065e+14 1.11388e+15 3.74721e+15 8.96861e+15 1.68727e+16 2.6798e+16 3.73436e+16 4.76961e+16 5.69258e+16 6.45099e+16 7.0146e+16 7.39365e+16 7.65636e+16 7.72749e+16 0 0 0 0 0 0 0 0 0 0 0 0 0 0 0 0 0 0 0 0 0 0 0 0 0 0 0 0 0 0 0 0 
0 0 0 0 0 0 0 0 0 0 0 0 0 0 0 0 1.47424e+08 1.33333e+11 6.8693e+12 1.01733e+14 6.99842e+14 2.80465e+15 7.7537e+15 1.63461e+16 2.83317e+16 4.24538e+16 5.71101e+16 7.098e+16 8.3026e+16 9.29518e+16 9.95944e+16 1.03906e+17 1.05064e+17 0 0 0 0 0 0 0 0 0 0 0 0 0 0 0 0 0 0 0 0 0 0 0 0 0 0 0 0 0 0 0 0 
0 0 0 0 0 0 0 0 0 0 0 0 0 0 0 0 5.22968e+06 2.15379e+10 2.0901e+12 4.38673e+13 3.86447e+14 1.89695e+15 6.09919e+15 1.44982e+16 2.7569e+16 4.46742e+16 6.38349e+16 8.30144e+16 1.00673e+17 1.15276e+17 1.26434e+17 1.32933e+17 1.35414e+17 0 0 0 0 0 0 0 0 0 0 0 0 0 0 0 0 0 0 0 0 0 0 0 0 0 0 0 0 0 0 0 0 
0 0 0 0 0 0 0 0 0 0 0 0 0 0 0 0 106654 2.36864e+09 5.28144e+11 1.64706e+13 1.90494e+14 1.14965e+15 4.33623e+15 1.17219e+16 2.47639e+16 4.33562e+16 6.60236e+16 9.05521e+16 1.13957e+17 1.34358e+17 1.50194e+17 1.59463e+17 1.62842e+17 0 0 0 0 0 0 0 0 0 0 0 0 0 0 0 0 0 0 0 0 0 0 0 0 0 0 0 0 0 0 0 0 
0 0 0 0 0 0 0 0 0 0 0 0 0 0 0 0 2018.6 1.3855e+08 1.04652e+11 5.34772e+12 8.26622e+13 6.21249e+14 2.79981e+15 8.67759e+15 2.02854e+16 3.87846e+16 6.34972e+16 9.14776e+16 1.20377e+17 1.45968e+17 1.66266e+17 1.79406e+17 1.83878e+17 0 0 0 0 0 0 0 0 0 0 0 0 0 0 0 0 0 0 0 0 0 0 0 0 0 0 0 0 0 0 0 0 
0 0 0 0 0 0 0 0 0 0 0 0 0 0 0 0 0 4.47798e+06 1.55172e+10 1.46544e+12 3.15617e+13 2.99207e+14 1.62307e+15 5.79365e+15 1.52929e+16 3.20539e+16 5.59848e+16 8.57289e+16 1.17492e+17 1.47741e+17 1.71988e+17 1.88147e+17 1.933e+17 0 0 0 0 0 0 0 0 0 0 0 0 0 0 0 0 0 0 0 0 0 0 0 0 0 0 0 0 0 0 0 0 
0 0 0 0 0 0 0 0 0 0 0 0 0 0 0 0 0 87492 1.52438e+09 3.25116e+11 1.04959e+13 1.28408e+14 8.39041e+14 3.51491e+15 1.04881e+16 2.41576e+16 4.57715e+16 7.44031e+16 1.0684e+17 1.38943e+17 1.65376e+17 1.83261e+17 1.89728e+17 0 0 0 0 0 0 0 0 0 0 0 0 0 0 0 0 0 0 0 0 0 0 0 0 0 0 0 0 0 0 0 0 
0 0 0 0 0 0 0 0 0 0 0 0 0 0 0 0 0 0 7.49083e+07 5.80697e+10 3.00609e+12 4.88865e+13 3.93981e+14 1.92383e+15 6.53824e+15 1.66952e+16 3.44292e+16 5.96905e+16 8.98286e+16 1.20904e+17 1.48428e+17 1.66961e+17 1.73315e+17 0 0 0 0 0 0 0 0 0 0 0 0 0 0 0 0 0 0 0 0 0 0 0 0 0 0 0 0 0 0 0 0 
0 0 0 0 0 0 0 0 0 0 0 0 0 0 0 0 0 0 1.90433e+06 7.41715e+09 7.24238e+11 1.63323e+13 1.6392e+14 9.55404e+14 3.71338e+15 1.0562e+16 2.36907e+16 4.38956e+16 6.99835e+16 9.79088e+16 1.23363e+17 1.40465e+17 1.46956e+17 0 0 0 0 0 0 0 0 0 0 0 0 0 0 0 0 0 0 0 0 0 0 0 0 0 0 0 0 0 0 0 0 
0 0 0 0 0 0 0 0 0 0 0 0 0 0 0 0 0 0 2540.76 5.94243e+08 1.40604e+11 4.73438e+12 6.10283e+13 4.26532e+14 1.90032e+15 6.10007e+15 1.49633e+16 2.97056e+16 5.00335e+16 7.31777e+16 9.43731e+16 1.0969e+17 1.15038e+17 0 0 0 0 0 0 0 0 0 0 0 0 0 0 0 0 0 0 0 0 0 0 0 0 0 0 0 0 0 0 0 0 
0 0 0 0 0 0 0 0 0 0 0 0 0 0 0 0 0 0 0 2.08479e+07 2.1362e+10 1.17669e+12 2.00168e+13 1.69547e+14 8.84122e+14 3.18071e+15 8.61471e+15 1.85384e+16 3.29883e+16 5.02418e+16 6.68495e+16 7.90169e+16 8.34853e+16 0 0 0 0 0 0 0 0 0 0 0 0 0 0 0 0 0 0 0 0 0 0 0 0 0 0 0 0 0 0 0 0 
0 0 0 0 0 0 0 0 0 0 0 0 0 0 0 0 0 0 0 116237 2.22894e+09 2.4234e+11 5.77996e+12 6.08952e+13 3.71134e+14 1.51629e+15 4.52457e+15 1.0573e+16 1.99732e+16 3.18162e+16 4.37975e+16 5.2648e+16 5.59034e+16 0 0 0 0 0 0 0 0 0 0 0 0 0 0 0 0 0 0 0 0 0 0 0 0 0 0 0 0 0 0 0 0 
0 0 0 0 0 0 0 0 0 0 0 0 0 0 0 0 0 0 0 0 1.26303e+08 3.95735e+10 1.44234e+12 1.92987e+13 1.40738e+14 6.55256e+14 2.17033e+15 5.45887e+15 1.10531e+16 1.85242e+16 2.62716e+16 3.2246e+16 3.44869e+16 0 0 0 0 0 0 0 0 0 0 0 0 0 0 0 0 0 0 0 0 0 0 0 0 0 0 0 0 0 0 0 0 
0 0 0 0 0 0 0 0 0 0 0 0 0 0 0 0 0 0 0 0 1.61136e+06 4.79979e+09 2.98509e+11 5.41314e+12 4.76414e+13 2.56193e+14 9.46568e+14 2.60212e+15 5.62706e+15 9.86033e+15 1.45253e+16 1.81678e+16 1.95767e+16 0 0 0 0 0 0 0 0 0 0 0 0 0 0 0 0 0 0 0 0 0 0 0 0 0 0 0 0 0 0 0 0 
0 0 0 0 0 0 0 0 0 0 0 0 0 0 0 0 0 0 0 0 3269.39 3.7004e+08 5.13794e+10 1.31201e+12 1.4336e+13 9.00471e+13 3.75222e+14 1.13261e+15 2.60853e+15 4.83602e+15 7.38362e+15 9.41784e+15 1.02419e+16 0 0 0 0 0 0 0 0 0 0 0 0 0 0 0 0 0 0 0 0 0 0 0 0 0 0 0 0 0 0 0 0 
0 0 0 0 0 0 0 0 0 0 0 0 0 0 0 0 0 0 0 0 0 1.08344e+07 6.69452e+09 2.73139e+11 3.83824e+12 2.87354e+13 1.35016e+14 4.44519e+14 1.11064e+15 2.16655e+15 3.41841e+15 4.49376e+15 4.87322e+15 0 0 0 0 0 0 0 0 0 0 0 0 0 0 0 0 0 0 0 0 0 0 0 0 0 0 0 0 0 0 0 0 
0 0 0 0 0 0 0 0 0 0 0 0 0 0 0 0 0 0 0 0 0 75927.1 6.00744e+08 4.70026e+10 9.014e+11 8.03615e+12 4.38578e+13 1.60553e+14 4.28343e+14 8.88423e+14 1.4597e+15 1.9438e+15 2.14649e+15 0 0 0 0 0 0 0 0 0 0 0 0 0 0 0 0 0 0 0 0 0 0 0 0 0 0 0 0 0 0 0 0 
0 0 0 0 0 0 0 0 0 0 0 0 0 0 0 0 0 0 0 0 0 0 2.60846e+07 6.32995e+09 1.79381e+11 2.02742e+12 1.28069e+13 5.23492e+13 1.51422e+14 3.33384e+14 5.69619e+14 7.77478e+14 8.59776e+14 0 0 0 0 0 0 0 0 0 0 0 0 0 0 0 0 0 0 0 0 0 0 0 0 0 0 0 0 0 0 0 0 
0 0 0 0 0 0 0 0 0 0 0 0 0 0 0 0 0 0 0 0 0 0 624571 6.21509e+08 3.00651e+10 4.51918e+11 3.33712e+12 1.54882e+13 4.89943e+13 1.13242e+14 2.04347e+14 2.84163e+14 3.19087e+14 0 0 0 0 0 0 0 0 0 0 0 0 0 0 0 0 0 0 0 0 0 0 0 0 0 0 0 0 0 0 0 0 
0 0 0 0 0 0 0 0 0 0 0 0 0 0 0 0 0 0 0 0 0 0 1653.69 3.13925e+07 4.13152e+09 8.54333e+10 7.77388e+11 4.13527e+12 1.44363e+13 3.5429e+13 6.59516e+13 9.57592e+13 1.0744e+14 0 0 0 0 0 0 0 0 0 0 0 0 0 0 0 0 0 0 0 0 0 0 0 0 0 0 0 0 0 0 0 0 
0 0 0 0 0 0 0 0 0 0 0 0 0 0 0 0 0 0 0 0 0 0 0 1.15739e+06 4.19384e+08 1.3889e+10 1.599e+11 9.82203e+11 3.77218e+12 1.02235e+13 1.99096e+13 2.92629e+13 3.33919e+13 0 0 0 0 0 0 0 0 0 0 0 0 0 0 0 0 0 0 0 0 0 0 0 0 0 0 0 0 0 0 0 0 
0 0 0 0 0 0 0 0 0 0 0 0 0 0 0 0 0 0 0 0 0 0 0 23900.3 2.21153e+07 1.80123e+09 2.89575e+10 2.08628e+11 9.12396e+11 2.64443e+12 5.44421e+12 8.23659e+12 9.43691e+12 0 0 0 0 0 0 0 0 0 0 0 0 0 0 0 0 0 0 0 0 0 0 0 0 0 0 0 0 0 0 0 0 
0 0 0 0 0 0 0 0 0 0 0 0 0 0 0 0 0 0 0 0 0 0 0 0 972180 1.8862e+08 4.36131e+09 3.95464e+10 1.93892e+11 6.20183e+11 1.35287e+12 2.09716e+12 2.43168e+12 0 0 0 0 0 0 0 0 0 0 0 0 0 0 0 0 0 0 0 0 0 0 0 0 0 0 0 0 0 0 0 0 
0 0 0 0 0 0 0 0 0 0 0 0 0 0 0 0 0 0 0 0 0 0 0 0 24926.2 9.29899e+06 5.43229e+08 6.56876e+09 3.81036e+10 1.31739e+11 3.08402e+11 5.03306e+11 5.79954e+11 0 0 0 0 0 0 0 0 0 0 0 0 0 0 0 0 0 0 0 0 0 0 0 0 0 0 0 0 0 0 0 0 
0 0 0 0 0 0 0 0 0 0 0 0 0 0 0 0 0 0 0 0 0 0 0 0 453.906 404187 5.53888e+07 9.21143e+08 6.56787e+09 2.54642e+10 6.33616e+10 1.07693e+11 1.26432e+11 0 0 0 0 0 0 0 0 0 0 0 0 0 0 0 0 0 0 0 0 0 0 0 0 0 0 0 0 0 0 0 0 
0 0 0 0 0 0 0 0 0 0 0 0 0 0 0 0 0 0 0 0 0 0 0 0 0 11526.3 2.25742e+06 1.04983e+08 9.90356e+08 4.46067e+09 1.19436e+10 2.12923e+10 2.56769e+10 0 0 0 0 0 0 0 0 0 0 0 0 0 0 0 0 0 0 0 0 0 0 0 0 0 0 0 0 0 0 0 0 
0 0 0 0 0 0 0 0 0 0 0 0 0 0 0 0 0 0 0 0 0 0 0 0 0 0 88737.9 1.11177e+07 1.30892e+08 6.92062e+08 2.03651e+09 3.78454e+09 4.70594e+09 0 0 0 0 0 0 0 0 0 0 0 0 0 0 0 0 0 0 0 0 0 0 0 0 0 0 0 0 0 0 0 0 
0 0 0 0 0 0 0 0 0 0 0 0 0 0 0 0 0 0 0 0 0 0 0 0 0 0 0 289768 1.26138e+07 9.68233e+07 3.14285e+08 6.26121e+08 7.79113e+08 0 0 0 0 0 0 0 0 0 0 0 0 0 0 0 0 0 0 0 0 0 0 0 0 0 0 0 0 0 0 0 0 
0 0 0 0 0 0 0 0 0 0 0 0 0 0 0 0 0 0 0 0 0 0 0 0 0 0 0 0 1.60348e+06 1.16167e+07 4.34903e+07 9.55232e+07 1.17489e+08 0 0 0 0 0 0 0 0 0 0 0 0 0 0 0 0 0 0 0 0 0 0 0 0 0 0 0 0 0 0 0 0 
0 0 0 0 0 0 0 0 0 0 0 0 0 0 0 0 0 0 0 0 0 0 0 0 0 0 0 0 857.168 821549 5.89718e+06 1.24526e+07 1.67743e+07 0 0 0 0 0 0 0 0 0 0 0 0 0 0 0 0 0 0 0 0 0 0 0 0 0 0 0 0 0 0 0 0 
0 0 0 0 0 0 0 0 0 0 0 0 0 0 0 0 0 0 0 0 0 0 0 0 0 0 0 0 0 177280 644739 1.47261e+06 2.42509e+06 0 0 0 0 0 0 0 0 0 0 0 0 0 0 0 0 0 0 0 0 0 0 0 0 0 0 0 0 0 0 0 0 
0 0 0 0 0 0 0 0 0 0 0 0 0 0 0 0 0 0 0 0 0 0 0 0 0 0 0 0 0 0 17098.4 272309 185624 0 0 0 0 0 0 0 0 0 0 0 0 0 0 0 0 0 0 0 0 0 0 0 0 0 0 0 0 0 0 0 0 
0 0 0 0 0 0 0 0 0 0 0 0 0 0 0 0 0 0 0 0 0 0 0 0 0 0 0 0 0 0 19548.6 16688.4 43224.5 0 0 0 0 0 0 0 0 0 0 0 0 0 0 0 0 0 0 0 0 0 0 0 0 0 0 0 0 0 0 0 0 
0 0 0 0 0 0 0 0 0 0 0 0 0 0 0 0 0 0 0 0 0 0 0 0 0 0 0 0 0 0 0 0 7828.73 0 0 0 0 0 0 0 0 0 0 0 0 0 0 0 0 0 0 0 0 0 0 0 0 0 0 0 0 0 0 0 0 
0 0 0 0 0 0 0 0 0 0 0 0 0 0 0 0 0 0 0 0 0 0 0 0 0 0 0 0 0 0 0 1348.67 0 0 0 0 0 0 0 0 0 0 0 0 0 0 0 0 0 0 0 0 0 0 0 0 0 0 0 0 0 0 0 0 0 
0 0 0 0 0 0 0 0 0 0 0 0 0 0 0 0 0 0 0 0 0 0 0 0 0 0 0 0 0 0 0 0 0 0 0 0 0 0 0 0 0 0 0 0 0 0 0 0 0 0 0 0 0 0 0 0 0 0 0 0 0 0 0 0 0 
0 0 0 0 0 0 0 0 0 0 0 0 0 0 0 0 0 0 0 0 0 0 0 0 0 0 0 0 0 0 0 0 42.1458 0 0 0 0 0 0 0 0 0 0 0 0 0 0 0 0 0 0 0 0 0 0 0 0 0 0 0 0 0 0 0 0 
0 0 0 0 0 0 0 0 0 0 0 0 0 0 0 0 0 0 0 0 0 0 0 0 0 0 0 0 0 0 0 0 0 0 0 0 0 0 0 0 0 0 0 0 0 0 0 0 0 0 0 0 0 0 0 0 0 0 0 0 0 0 0 0 0 
0 0 0 0 0 0 0 0 0 0 0 0 0 0 0 0 0 0 0 0 0 0 0 0 0 0 0 0 0 0 0 0 0 0 0 0 0 0 0 0 0 0 0 0 0 0 0 0 0 0 0 0 0 0 0 0 0 0 0 0 0 0 0 0 0 
0 0 0 0 0 0 0 0 0 0 0 0 0 0 0 0 0 0 0 0 0 0 0 0 0 0 0 0 0 0 0 0 0 0 0 0 0 0 0 0 0 0 0 0 0 0 0 0 0 0 0 0 0 0 0 0 0 0 0 0 0 0 0 0 0 
0 0 0 0 0 0 0 0 0 0 0 0 0 0 0 0 0 0 0 0 0 0 0 0 0 0 0 0 0 0 0 0 0 0 0 0 0 0 0 0 0 0 0 0 0 0 0 0 0 0 0 0 0 0 0 0 0 0 0 0 0 0 0 0 0 
0 0 0 0 0 0 0 0 0 0 0 0 0 0 0 0 0 0 0 0 0 0 0 0 0 0 0 0 0 0 0 0 0 0 0 0 0 0 0 0 0 0 0 0 0 0 0 0 0 0 0 0 0 0 0 0 0 0 0 0 0 0 0 0 0 
0 0 0 0 0 0 0 0 0 0 0 0 0 0 0 0 0 0 0 0 0 0 0 0 0 0 0 0 0 0 0 0 0 0 0 0 0 0 0 0 0 0 0 0 0 0 0 0 0 0 0 0 0 0 0 0 0 0 0 0 0 0 0 0 0 
0 0 0 0 0 0 0 0 0 0 0 0 0 0 0 0 0 0 0 0 0 0 0 0 0 0 0 0 0 0 0 0 0 0 0 0 0 0 0 0 0 0 0 0 0 0 0 0 0 0 0 0 0 0 0 0 0 0 0 0 0 0 0 0 0 
0 0 0 0 0 0 0 0 0 0 0 0 0 0 0 0 0 0 0 0 0 0 0 0 0 0 0 0 0 0 0 0 0 0 0 0 0 0 0 0 0 0 0 0 0 0 0 0 0 0 0 0 0 0 0 0 0 0 0 0 0 0 0 0 0 
0 0 0 0 0 0 0 0 0 0 0 0 0 0 0 0 0 0 0 0 0 0 0 0 0 0 0 0 0 0 0 0 0 0 0 0 0 0 0 0 0 0 0 0 0 0 0 0 0 0 0 0 0 0 0 0 0 0 0 0 0 0 0 0 0 
0 0 0 0 0 0 0 0 0 0 0 0 0 0 0 0 0 0 0 0 0 0 0 0 0 0 0 0 0 0 0 0 0 0 0 0 0 0 0 0 0 0 0 0 0 0 0 0 0 0 0 0 0 0 0 0 0 0 0 0 0 0 0 0 0 
0 0 0 0 0 0 0 0 0 0 0 0 0 0 0 0 0 0 0 0 0 0 0 0 0 0 0 0 0 0 0 0 0 0 0 0 0 0 0 0 0 0 0 0 0 0 0 0 0 0 0 0 0 0 0 0 0 0 0 0 0 0 0 0 0 
0 0 0 0 0 0 0 0 0 0 0 0 0 0 0 0 0 0 0 0 0 0 0 0 0 0 0 0 0 0 0 0 0 0 0 0 0 0 0 0 0 0 0 0 0 0 0 0 0 0 0 0 0 0 0 0 0 0 0 0 0 0 0 0 0 
0 0 0 0 0 0 0 0 0 0 0 0 0 0 0 0 0 0 0 0 0 0 0 0 0 0 0 0 0 0 0 0 0 0 0 0 0 0 0 0 0 0 0 0 0 0 0 0 0 0 0 0 0 0 0 0 0 0 0 0 0 0 0 0 0 
0 0 0 0 0 0 0 0 0 0 0 0 0 0 0 0 0 0 0 0 0 0 0 0 0 0 0 0 0 0 0 0 0 0 0 0 0 0 0 0 0 0 0 0 0 0 0 0 0 0 0 0 0 0 0 0 0 0 0 0 0 0 0 0 0 
0 0 0 0 0 0 0 0 0 0 0 0 0 0 0 0 0 0 0 0 0 0 0 0 0 0 0 0 0 0 0 0 0 0 0 0 0 0 0 0 0 0 0 0 0 0 0 0 0 0 0 0 0 0 0 0 0 0 0 0 0 0 0 0 0 
0 0 0 0 0 0 0 0 0 0 0 0 0 0 0 0 0 0 0 0 0 0 0 0 0 0 0 0 0 0 0 0 0 0 0 0 0 0 0 0 0 0 0 0 0 0 0 0 0 0 0 0 0 0 0 0 0 0 0 0 0 0 0 0 0 
0 0 0 0 0 0 0 0 0 0 0 0 0 0 0 0 0 0 0 0 0 0 0 0 0 0 0 0 0 0 0 0 0 0 0 0 0 0 0 0 0 0 0 0 0 0 0 0 0 0 0 0 0 0 0 0 0 0 0 0 0 0 0 0 0 
0 0 0 0 0 0 0 0 0 0 0 0 0 0 0 0 0 0 0 0 0 0 0 0 0 0 0 0 0 0 0 0 0 0 0 0 0 0 0 0 0 0 0 0 0 0 0 0 0 0 0 0 0 0 0 0 0 0 0 0 0 0 0 0 0 
0 0 0 0 0 0 0 0 0 0 0 0 0 0 0 0 0 0 0 0 0 0 0 0 0 0 0 0 0 0 0 0 0 0 0 0 0 0 0 0 0 0 0 0 0 0 0 0 0 0 0 0 0 0 0 0 0 0 0 0 0 0 0 0 0 
0 0 0 0 0 0 0 0 0 0 0 0 0 0 0 0 0 0 0 0 0 0 0 0 0 0 0 0 0 0 0 0 0 0 0 0 0 0 0 0 0 0 0 0 0 0 0 0 0 0 0 0 0 0 0 0 0 0 0 0 0 0 0 0 0 
0 0 0 0 0 0 0 0 0 0 0 0 0 0 0 0 0 0 0 0 0 0 0 0 0 0 0 0 0 0 0 0 0 0 0 0 0 0 0 0 0 0 0 0 0 0 0 0 0 0 0 0 0 0 0 0 0 0 0 0 0 0 0 0 0 
0 0 0 0 0 0 0 0 0 0 0 0 0 0 0 0 0 0 0 0 0 0 0 0 0 0 0 0 0 0 0 0 0 0 0 0 0 0 0 0 0 0 0 0 0 0 0 0 0 0 0 0 0 0 0 0 0 0 0 0 0 0 0 0 0 
0 0 0 0 0 0 0 0 0 0 0 0 0 0 0 0 0 0 0 0 0 0 0 0 0 0 0 0 0 0 0 0 0 0 0 0 0 0 0 0 0 0 0 0 0 0 0 0 0 0 0 0 0 0 0 0 0 0 0 0 0 0 0 0 0 
0 0 0 0 0 0 0 0 0 0 0 0 0 0 0 0 0 0 0 0 0 0 0 0 0 0 0 0 0 0 0 0 0 0 0 0 0 0 0 0 0 0 0 0 0 0 0 0 0 0 0 0 0 0 0 0 0 0 0 0 0 0 0 0 0 
0 0 0 0 0 0 0 0 0 0 0 0 0 0 0 0 0 0 0 0 0 0 0 0 0 0 0 0 0 0 0 0 0 0 0 0 0 0 0 0 0 0 0 0 0 0 0 0 0 0 0 0 0 0 0 0 0 0 0 0 0 0 0 0 0 
0 0 0 0 0 0 0 0 0 0 0 0 0 0 0 0 0 0 0 0 0 0 0 0 0 0 0 0 0 0 0 0 0 0 0 0 0 0 0 0 0 0 0 0 0 0 0 0 0 0 0 0 0 0 0 0 0 0 0 0 0 0 0 0 0 
0 0 0 0 0 0 0 0 0 0 0 0 0 0 0 0 0 0 0 0 0 0 0 0 0 0 0 0 0 0 0 0 0 0 0 0 0 0 0 0 0 0 0 0 0 0 0 0 0 0 0 0 0 0 0 0 0 0 0 0 0 0 0 0 0 
0 0 0 0 0 0 0 0 0 0 0 0 0 0 0 0 0 0 0 0 0 0 0 0 0 0 0 0 0 0 0 0 0 0 0 0 0 0 0 0 0 0 0 0 0 0 0 0 0 0 0 0 0 0 0 0 0 0 0 0 0 0 0 0 0 
0 0 0 0 0 0 0 0 0 0 0 0 0 0 0 0 0 0 0 0 0 0 0 0 0 0 0 0 0 0 0 0 0 0 0 0 0 0 0 0 0 0 0 0 0 0 0 0 0 0 0 0 0 0 0 0 0 0 0 0 0 0 0 0 0 
0 0 0 0 0 0 0 0 0 0 0 0 0 0 0 0 0 0 0 0 0 0 0 0 0 0 0 0 0 0 0 0 0 0 0 0 0 0 0 0 0 0 0 0 0 0 0 0 0 0 0 0 0 0 0 0 0 0 0 0 0 0 0 0 0 
0 0 0 0 0 0 0 0 0 0 0 0 0 0 0 0 0 0 0 0 0 0 0 0 0 0 0 0 0 0 0 0 0 0 0 0 0 0 0 0 0 0 0 0 0 0 0 0 0 0 0 0 0 0 0 0 0 0 0 0 0 0 0 0 0 
0 0 0 0 0 0 0 0 0 0 0 0 0 0 0 0 0 0 0 0 0 0 0 0 0 0 0 0 0 0 0 0 0 0 0 0 0 0 0 0 0 0 0 0 0 0 0 0 0 0 0 0 0 0 0 0 0 0 0 0 0 0 0 0 0 
