1 0 0 0 0 0 0 0 0 0 0 0 0 0 0 0 0 0 0 0 0 0 0 0 0 0 0 0 0 0 0 0 0 0 0 0 0 0 0 0 0 0 0 0 0 0 0 0 0 0 0 0 0 0 0 0 0 0 0 0 0 0 0 0 1 
0 0 0 0 0 0 0 0 0 0 0 0 0 0 0 0 0 0 0 0 0 0 0 0 0 0 0 0 0 0 0 0 0 0 0 0 0 0 0 0 0 0 0 0 0 0 0 0 0 0 0 0 0 0 0 0 0 0 0 0 0 0 0 0 0 
0 0 0 0 0 0 0 0 0 0 0 0 0 0 0 0 0 0 0 0 0 0 0 0 0 0 0 0 0 0 0 0 0 0 0 0 0 0 0 0 0 0 0 0 0 0 0 0 0 0 0 0 0 0 0 0 0 0 0 0 0 0 0 0 0 
0 0 0 0 0 0 0 0 0 0 0 0 0 0 0 0 0 0 0 0 0 0 0 0 0 0 0 0 0 0 0 0 0 0 0 0 0 0 0 0 0 0 0 0 0 0 0 0 0 0 0 0 0 0 0 0 0 0 0 0 0 0 0 0 0 
0 64 0 0 0 0 0 0 0 0 0 0 0 0 0 0 0 0 0 0 0 0 0 0 0 0 0 0 0 0 0 0 0 0 0 0 0 0 0 0 0 0 0 0 0 0 0 0 0 0 0 0 0 0 0 0 0 0 0 0 0 0 0 0 0 
0 0 0 0 0 0 0 0 0 0 0 0 0 0 0 0 0 0 0 0 0 0 0 0 0 0 0 0 0 0 0 0 0 0 0 0 0 0 0 0 0 0 0 0 0 0 0 0 0 0 0 0 0 0 0 0 0 0 0 0 0 0 0 0 0 
0 0 0 0 0 0 0 0 0 0 0 0 0 0 0 0 0 0 0 0 0 0 0 0 0 0 0 0 0 0 0 0 0 0 0 0 0 0 0 0 0 0 0 0 0 0 0 0 0 0 0 0 0 0 0 0 0 0 0 0 0 0 0 0 0 
0 0 256 0 0 0 0 0 0 0 0 0 0 0 0 0 0 0 0 0 0 0 0 0 0 0 0 0 0 0 0 0 0 0 0 0 0 0 0 0 0 0 0 0 0 0 0 0 0 0 0 0 0 0 0 0 0 0 0 0 0 0 0 0 0 
0 0 1760 0 0 0 0 0 0 0 0 0 0 0 0 0 0 0 0 0 0 0 0 0 0 0 0 0 0 0 0 0 0 0 0 0 0 0 0 0 0 0 0 0 0 0 0 0 0 0 0 0 0 0 0 0 0 0 0 0 0 0 0 0 0 
0 0 0 128.495 0 0 0 0 0 0 0 0 0 0 0 0 0 0 0 0 0 0 0 0 0 0 0 0 0 0 0 0 0 0 0 0 0 0 0 0 0 0 0 0 0 0 0 0 0 0 0 0 0 0 0 0 0 0 0 0 0 0 0 0 0 
0 0 0 1405.91 0 0 0 0 0 0 0 0 0 0 0 0 0 0 0 0 0 0 0 0 0 0 0 0 0 0 0 0 0 0 0 0 0 0 0 0 0 0 0 0 0 0 0 0 0 0 0 0 0 0 0 0 0 0 0 0 0 0 0 0 0 
0 0 0 12674.7 189.222 0 0 0 0 0 0 0 0 0 0 0 0 0 0 0 0 0 0 0 0 0 0 0 0 0 0 0 0 0 0 0 0 0 0 0 0 0 0 0 0 0 0 0 0 0 0 0 0 0 0 0 0 0 0 0 0 0 0 0 0 
0 0 0 27454.9 1804.9 0 0 0 0 0 0 0 0 0 0 0 0 0 0 0 0 0 0 0 0 0 0 0 0 0 0 0 0 0 0 0 0 0 0 0 0 0 0 0 0 0 0 0 0 0 0 0 0 0 0 0 0 0 0 0 0 0 0 0 0 
0 0 0 0 14529.3 383.574 0 0 0 0 0 0 0 0 0 0 0 0 0 0 0 0 0 0 0 0 0 0 0 0 0 0 0 0 0 0 0 0 0 0 0 0 0 0 0 0 0 0 0 0 0 0 0 0 0 0 0 0 0 0 0 0 0 0 0 
0 0 0 0 84053.4 4009.69 0 0 0 0 0 0 0 0 0 0 0 0 0 0 0 0 0 0 0 0 0 0 0 0 0 0 0 0 0 0 0 0 0 0 0 0 0 0 0 0 0 0 0 0 0 0 0 0 0 0 0 0 0 0 0 0 0 0 0 
0 0 0 0 264236 26178.8 1424.69 0 0 0 0 0 0 0 0 0 0 0 0 0 0 0 0 0 0 0 0 0 0 0 0 0 0 0 0 0 0 0 0 0 0 0 0 0 0 0 0 0 0 0 0 0 0 0 0 0 0 0 0 0 0 0 0 0 0 
0 0 0 0 270564 147273 9299.41 455.457 48.6998 0 0 0 0 0 0 0 4.04661 0 0 0 0 0 0 0 0 0 0 0 0 0 0 0 4.00847 0 0 0 0 0 0 0 0 0 0 0 0 0 0 0 0 0 0 0 0 0 0 0 0 0 0 0 0 0 0 0 0 
0 0 0 0 0 656691 66157 4240.09 0 0 0 0 0 0 0 0 0 0 0 0 0 0 0 0 0 0 0 0 0 0 0 0 0 0 0 0 0 0 0 0 0 0 0 0 0 0 0 0 0 0 0 0 0 0 0 0 0 0 0 0 0 0 0 0 0 
0 0 0 0 0 1.95038e+06 338205 32390.3 4071.96 452.76 0 0 0 0 0 64.7458 0 0 0 0 0 0 0 0 0 0 0 0 0 0 0 0 0 0 0 0 0 0 0 0 0 0 0 0 0 0 0 0 0 0 0 0 0 0 0 0 0 0 0 0 0 0 0 0 0 
0 0 0 0 0 3.06435e+06 1.46628e+06 193401 15932.1 4256.91 1295.25 389.789 191.86 129.895 194.803 0 0 129.99 0 0 0 0 0 0 0 0 0 0 0 0 0 128.271 0 0 0 0 0 0 0 0 0 0 0 0 0 0 0 0 0 0 0 0 0 0 0 0 0 0 0 0 0 0 0 0 0 
0 0 0 0 0 1.77524e+06 5.28439e+06 913694 126651 10276.2 3304.06 1740.2 829.987 596.095 290.79 0 0 66.0295 0 0 0 0 0 0 0 0 0 0 0 0 0 0 0 0 0 0 0 0 0 0 0 0 0 0 0 0 0 0 0 0 0 0 0 0 0 0 0 0 0 0 0 0 0 0 0 
0 0 0 0 0 0 1.40508e+07 3.92238e+06 623347 99758.3 16510.5 3426.85 2246.31 1145.37 0 0 1947.88 0 392.435 0 0 0 0 0 0 0 0 0 0 0 448.915 0 0 0 0 0 0 0 0 0 0 0 0 0 0 0 0 0 0 0 0 0 0 0 0 0 0 0 0 0 0 0 0 0 0 
0 0 0 0 0 0 2.38137e+07 1.38352e+07 2.89179e+06 525130 105316 32553.3 11214.3 4990.98 3330.22 5451.25 1190.21 0 1754.91 263.689 0 0 0 0 0 0 0 0 0 253.202 1539.29 0 3953.21 0 0 0 0 0 0 0 0 0 0 0 0 0 0 0 0 0 0 0 0 0 0 0 0 0 0 0 0 0 0 0 0 
0 0 0 0 0 0 2.198e+07 4.18406e+07 1.14118e+07 2.2626e+06 501546 133208 49934 24268.2 18051 12154.9 0 5456.36 2135.03 1160.71 406.48 0 0 0 0 0 0 0 381.464 1921.48 0 0 125.151 0 0 0 0 0 0 0 0 0 0 0 0 0 0 0 0 0 0 0 0 0 0 0 0 0 0 0 0 0 0 0 0 
0 0 0 0 0 0 7.96411e+06 9.80268e+07 4.02348e+07 9.83727e+06 2.09178e+06 569564 189224 93440.2 54584.3 14614.7 14564.1 25543.6 3663.38 9453.44 1695.91 789.62 0 0 98.0209 0 0 771.875 2574.69 8864.87 0 13417.3 0 0 0 0 0 0 0 0 0 0 0 0 0 0 0 0 0 0 0 0 0 0 0 0 0 0 0 0 0 0 0 0 0 
0 0 0 0 0 0 0 1.62597e+08 1.22104e+08 3.68075e+07 9.62057e+06 2.43796e+06 818295 337796 149222 85493 93955.7 44330.9 16318.9 24486.3 9235.68 3638.84 2594.58 893.6 0 894.395 2691.32 5810.42 13121.4 8842.47 7443.43 46796.7 0 0 0 0 0 0 0 0 0 0 0 0 0 0 0 0 0 0 0 0 0 0 0 0 0 0 0 0 0 0 0 0 0 
0 0 0 0 0 0 0 1.72518e+08 3.14294e+08 1.2476e+08 3.62167e+07 1.04476e+07 3.37618e+06 1.28822e+06 602898 397477 267202 66810 139333 51138.4 49393.4 14407 6377.11 7742.3 8139.8 7754.3 12727.5 23301.6 41496.9 10731.4 56474.9 2987.52 44583.9 0 0 0 0 0 0 0 0 0 0 0 0 0 0 0 0 0 0 0 0 0 0 0 0 0 0 0 0 0 0 0 0 
0 0 0 0 0 0 0 1.02546e+08 6.50591e+08 3.7621e+08 1.27507e+08 3.93181e+07 1.27091e+07 4.91345e+06 2.32403e+06 1.32243e+06 606313 454265 370740 149381 154792 88489.8 39983 16770.8 22797.2 41021.8 57607 83493.5 81459.6 74919.7 262317 23877.8 308968 0 0 0 0 0 0 0 0 0 0 0 0 0 0 0 0 0 0 0 0 0 0 0 0 0 0 0 0 0 0 0 0 
0 0 0 0 0 0 0 2.4786e+07 1.01528e+09 9.8315e+08 4.14276e+08 1.39535e+08 4.73876e+07 1.79436e+07 8.152e+06 3.96612e+06 2.19089e+06 1.72815e+06 975392 710082 470506 324976 209371 166987 144679 145371 204542 274523 187383 377521 312953 261838 579150 0 0 0 0 0 0 0 0 0 0 0 0 0 0 0 0 0 0 0 0 0 0 0 0 0 0 0 0 0 0 0 0 
0 0 0 0 0 0 0 0 1.11026e+09 2.20019e+09 1.20331e+09 4.70434e+08 1.67315e+08 6.53639e+07 2.80669e+07 1.38456e+07 8.53305e+06 5.44197e+06 2.8481e+06 2.47855e+06 1.45995e+06 1.19346e+06 801321 647526 614974 643146 677643 635273 662536 1.28773e+06 370932 1.49592e+06 265381 0 0 0 0 0 0 0 0 0 0 0 0 0 0 0 0 0 0 0 0 0 0 0 0 0 0 0 0 0 0 0 0 
0 0 0 0 0 0 0 0 7.85274e+08 4.0323e+09 3.14511e+09 1.4238e+09 5.62345e+08 2.23099e+08 9.69377e+07 4.81927e+07 2.75696e+07 1.55984e+07 1.05153e+07 7.68537e+06 5.01757e+06 3.97192e+06 3.05496e+06 2.27954e+06 1.8313e+06 1.80157e+06 1.9409e+06 1.83482e+06 2.57848e+06 2.55306e+06 2.00012e+06 4.16725e+06 1.64684e+06 0 0 0 0 0 0 0 0 0 0 0 0 0 0 0 0 0 0 0 0 0 0 0 0 0 0 0 0 0 0 0 0 
0 0 0 0 0 0 0 0 3.19414e+08 5.80795e+09 7.16495e+09 4.03315e+09 1.75889e+09 7.39385e+08 3.23224e+08 1.59196e+08 8.53626e+07 5.02261e+07 3.54441e+07 2.29977e+07 1.70573e+07 1.24245e+07 9.95638e+06 7.85759e+06 6.75793e+06 6.1809e+06 5.56413e+06 5.90945e+06 7.71081e+06 4.8057e+06 8.46061e+06 5.87919e+06 7.81009e+06 0 0 0 0 0 0 0 0 0 0 0 0 0 0 0 0 0 0 0 0 0 0 0 0 0 0 0 0 0 0 0 0 
0 0 0 0 0 0 0 0 5.36326e+07 6.2143e+09 1.4068e+10 1.02663e+10 5.13984e+09 2.29344e+09 1.05602e+09 5.12488e+08 2.7185e+08 1.65618e+08 1.06811e+08 6.87269e+07 5.34441e+07 3.84685e+07 3.07796e+07 2.52015e+07 2.12224e+07 1.83397e+07 1.71382e+07 1.89238e+07 1.73482e+07 1.56844e+07 2.35888e+07 1.24118e+07 2.62047e+07 0 0 0 0 0 0 0 0 0 0 0 0 0 0 0 0 0 0 0 0 0 0 0 0 0 0 0 0 0 0 0 0 
0 0 0 0 0 0 0 0 0 4.67461e+09 2.29629e+10 2.34148e+10 1.38407e+10 6.74418e+09 3.21567e+09 1.57868e+09 8.49938e+08 5.02408e+08 3.10677e+08 2.19053e+08 1.59372e+08 1.17732e+08 9.26006e+07 7.4056e+07 6.13045e+07 5.37522e+07 5.12611e+07 5.14646e+07 4.28701e+07 5.36827e+07 4.77626e+07 4.90736e+07 5.38807e+07 0 0 0 0 0 0 0 0 0 0 0 0 0 0 0 0 0 0 0 0 0 0 0 0 0 0 0 0 0 0 0 0 
0 0 0 0 0 0 0 0 0 2.32638e+09 3.02344e+10 4.69363e+10 3.42699e+10 1.88749e+10 9.4394e+09 4.79453e+09 2.59689e+09 1.47967e+09 9.40888e+08 6.50395e+08 4.58371e+08 3.45049e+08 2.64655e+08 2.20072e+08 1.85322e+08 1.61557e+08 1.49814e+08 1.33568e+08 1.2806e+08 1.44897e+08 1.0902e+08 1.52254e+08 1.07853e+08 0 0 0 0 0 0 0 0 0 0 0 0 0 0 0 0 0 0 0 0 0 0 0 0 0 0 0 0 0 0 0 0 
0 0 0 0 0 0 0 0 0 6.71041e+08 3.07368e+10 8.10948e+10 7.68307e+10 4.86174e+10 2.65949e+10 1.40214e+10 7.58926e+09 4.42369e+09 2.77619e+09 1.87425e+09 1.3117e+09 9.90937e+08 7.6327e+08 6.23646e+08 5.21095e+08 4.59766e+08 4.08597e+08 3.62019e+08 3.73031e+08 3.39806e+08 3.35005e+08 3.66675e+08 3.1658e+08 0 0 0 0 0 0 0 0 0 0 0 0 0 0 0 0 0 0 0 0 0 0 0 0 0 0 0 0 0 0 0 0 
0 0 0 0 0 0 0 0 0 8.01506e+07 2.32513e+10 1.17922e+11 1.53971e+11 1.16236e+11 6.98349e+10 3.88882e+10 2.17421e+10 1.28012e+10 7.99893e+09 5.27212e+09 3.74718e+09 2.7748e+09 2.16574e+09 1.73672e+09 1.46413e+09 1.24383e+09 1.09242e+09 1.01744e+09 9.80623e+08 8.63211e+08 9.54667e+08 8.4071e+08 9.34545e+08 0 0 0 0 0 0 0 0 0 0 0 0 0 0 0 0 0 0 0 0 0 0 0 0 0 0 0 0 0 0 0 0 
0 0 0 0 0 0 0 0 0 0 1.25608e+10 1.41534e+11 2.72039e+11 2.53936e+11 1.72262e+11 1.03546e+11 6.00296e+10 3.56428e+10 2.22078e+10 1.4718e+10 1.03523e+10 7.58649e+09 5.89629e+09 4.75992e+09 3.98247e+09 3.4175e+09 2.98728e+09 2.77239e+09 2.49286e+09 2.3802e+09 2.40448e+09 2.17616e+09 2.39432e+09 0 0 0 0 0 0 0 0 0 0 0 0 0 0 0 0 0 0 0 0 0 0 0 0 0 0 0 0 0 0 0 0 
0 0 0 0 0 0 0 0 0 0 4.52767e+09 1.34489e+11 4.15097e+11 5.00437e+11 3.96977e+11 2.61876e+11 1.59791e+11 9.73955e+10 6.0864e+10 4.03198e+10 2.82144e+10 2.0669e+10 1.5999e+10 1.27441e+10 1.05961e+10 9.05324e+09 7.97447e+09 7.23178e+09 6.53582e+09 6.46693e+09 5.94463e+09 6.07826e+09 5.80442e+09 0 0 0 0 0 0 0 0 0 0 0 0 0 0 0 0 0 0 0 0 0 0 0 0 0 0 0 0 0 0 0 0 
0 0 0 0 0 0 0 0 0 0 9.46194e+08 9.87159e+10 5.42288e+11 8.85142e+11 8.39233e+11 6.13062e+11 4.04649e+11 2.55204e+11 1.6423e+11 1.09668e+11 7.61684e+10 5.59585e+10 4.25961e+10 3.39074e+10 2.82541e+10 2.38507e+10 2.11229e+10 1.87091e+10 1.72946e+10 1.64006e+10 1.53458e+10 1.567e+10 1.45044e+10 0 0 0 0 0 0 0 0 0 0 0 0 0 0 0 0 0 0 0 0 0 0 0 0 0 0 0 0 0 0 0 0 
0 0 0 0 0 0 0 0 0 0 8.13295e+07 5.4599e+10 5.84971e+11 1.37845e+12 1.61514e+12 1.34888e+12 9.62534e+11 6.44734e+11 4.25585e+11 2.87561e+11 2.01828e+11 1.47056e+11 1.11761e+11 8.92295e+10 7.25765e+10 6.17837e+10 5.38547e+10 4.81181e+10 4.45697e+10 4.1134e+10 4.01265e+10 3.89315e+10 3.84275e+10 0 0 0 0 0 0 0 0 0 0 0 0 0 0 0 0 0 0 0 0 0 0 0 0 0 0 0 0 0 0 0 0 
0 0 0 0 0 0 0 0 0 0 0 2.178e+10 5.14524e+11 1.8696e+12 2.82041e+12 2.76728e+12 2.17667e+12 1.56025e+12 1.06674e+12 7.38546e+11 5.2307e+11 3.81378e+11 2.90096e+11 2.28654e+11 1.87728e+11 1.58334e+11 1.37859e+11 1.23875e+11 1.12973e+11 1.04585e+11 1.01501e+11 9.62495e+10 9.73618e+10 0 0 0 0 0 0 0 0 0 0 0 0 0 0 0 0 0 0 0 0 0 0 0 0 0 0 0 0 0 0 0 0 
0 0 0 0 0 0 0 0 0 0 0 5.79127e+09 3.61645e+11 2.17254e+12 4.39088e+12 5.16944e+12 4.58759e+12 3.54093e+12 2.56223e+12 1.81676e+12 1.30906e+12 9.67312e+11 7.41906e+11 5.82884e+11 4.76646e+11 3.99031e+11 3.44378e+11 3.09095e+11 2.82824e+11 2.66081e+11 2.49829e+11 2.44e+11 2.39149e+11 0 0 0 0 0 0 0 0 0 0 0 0 0 0 0 0 0 0 0 0 0 0 0 0 0 0 0 0 0 0 0 0 
0 0 0 0 0 0 0 0 0 0 0 8.79037e+08 1.96285e+11 2.11952e+12 6.03065e+12 8.77547e+12 8.97687e+12 7.56871e+12 5.82638e+12 4.31651e+12 3.20123e+12 2.39012e+12 1.83318e+12 1.45196e+12 1.19054e+12 1.00054e+12 8.66423e+11 7.69428e+11 7.0159e+11 6.578e+11 6.17481e+11 6.00904e+11 5.93424e+11 0 0 0 0 0 0 0 0 0 0 0 0 0 0 0 0 0 0 0 0 0 0 0 0 0 0 0 0 0 0 0 0 
0 0 0 0 0 0 0 0 0 0 0 5.40536e+07 8.11369e+10 1.70703e+12 7.26548e+12 1.34671e+13 1.61564e+13 1.52682e+13 1.27363e+13 9.90294e+12 7.53915e+12 5.75945e+12 4.4828e+12 3.57587e+12 2.90377e+12 2.41933e+12 2.12182e+12 1.89228e+12 1.71524e+12 1.57917e+12 1.5159e+12 1.45936e+12 1.44991e+12 0 0 0 0 0 0 0 0 0 0 0 0 0 0 0 0 0 0 0 0 0 0 0 0 0 0 0 0 0 0 0 0 
0 0 0 0 0 0 0 0 0 0 0 0 2.43031e+10 1.12772e+12 7.50655e+12 1.85382e+13 2.66897e+13 2.85972e+13 2.58929e+13 2.14883e+13 1.70397e+13 1.3449e+13 1.06094e+13 8.50776e+12 7.0059e+12 5.95467e+12 5.12839e+12 4.55693e+12 4.11248e+12 3.82269e+12 3.6504e+12 3.56219e+12 3.50053e+12 0 0 0 0 0 0 0 0 0 0 0 0 0 0 0 0 0 0 0 0 0 0 0 0 0 0 0 0 0 0 0 0 
0 0 0 0 0 0 0 0 0 0 0 0 4.78209e+09 5.89524e+11 6.58302e+12 2.24787e+13 4.00817e+13 4.93728e+13 4.96579e+13 4.39948e+13 3.68837e+13 3.00719e+13 2.42435e+13 1.98786e+13 1.65862e+13 1.40142e+13 1.22423e+13 1.08288e+13 9.74518e+12 9.12915e+12 8.6502e+12 8.40985e+12 8.34201e+12 0 0 0 0 0 0 0 0 0 0 0 0 0 0 0 0 0 0 0 0 0 0 0 0 0 0 0 0 0 0 0 0 
0 0 0 0 0 0 0 0 0 0 0 0 5.16707e+08 2.4329e+11 4.86243e+12 2.3904e+13 5.40318e+13 7.86729e+13 8.81801e+13 8.55207e+13 7.61917e+13 6.45155e+13 5.38873e+13 4.49373e+13 3.7865e+13 3.23271e+13 2.83807e+13 2.50649e+13 2.30238e+13 2.14678e+13 2.04651e+13 1.97327e+13 1.95312e+13 0 0 0 0 0 0 0 0 0 0 0 0 0 0 0 0 0 0 0 0 0 0 0 0 0 0 0 0 0 0 0 0 
0 0 0 0 0 0 0 0 0 0 0 0 2.23534e+07 7.61466e+10 2.96081e+12 2.1969e+13 6.53663e+13 1.14356e+14 1.4637e+14 1.55845e+14 1.47723e+14 1.31777e+14 1.14371e+14 9.76577e+13 8.37371e+13 7.30009e+13 6.426e+13 5.77129e+13 5.25416e+13 4.9164e+13 4.67773e+13 4.53449e+13 4.4789e+13 0 0 0 0 0 0 0 0 0 0 0 0 0 0 0 0 0 0 0 0 0 0 0 0 0 0 0 0 0 0 0 0 
0 0 0 0 0 0 0 0 0 0 0 0 0 1.70844e+10 1.47389e+12 1.73478e+13 7.01206e+13 1.50931e+14 2.2342e+14 2.63701e+14 2.71283e+14 2.57071e+14 2.31521e+14 2.054e+14 1.79808e+14 1.59523e+14 1.41606e+14 1.28042e+14 1.18109e+14 1.10729e+14 1.05422e+14 1.02168e+14 1.01032e+14 0 0 0 0 0 0 0 0 0 0 0 0 0 0 0 0 0 0 0 0 0 0 0 0 0 0 0 0 0 0 0 0 
0 0 0 0 0 0 0 0 0 0 0 0 0 2.43016e+09 5.90545e+11 1.15857e+13 6.53898e+13 1.78738e+14 3.12512e+14 4.14819e+14 4.65456e+14 4.72806e+14 4.48286e+14 4.11909e+14 3.71471e+14 3.33522e+14 3.0188e+14 2.77479e+14 2.57699e+14 2.41319e+14 2.30422e+14 2.24827e+14 2.22177e+14 0 0 0 0 0 0 0 0 0 0 0 0 0 0 0 0 0 0 0 0 0 0 0 0 0 0 0 0 0 0 0 0 
0 0 0 0 0 0 0 0 0 0 0 0 0 1.80156e+08 1.85093e+11 6.48664e+12 5.35392e+13 1.89176e+14 3.98297e+14 6.04478e+14 7.50623e+14 8.18741e+14 8.25381e+14 7.88156e+14 7.35543e+14 6.78744e+14 6.25495e+14 5.79276e+14 5.41128e+14 5.12955e+14 4.94792e+14 4.79069e+14 4.77854e+14 0 0 0 0 0 0 0 0 0 0 0 0 0 0 0 0 0 0 0 0 0 0 0 0 0 0 0 0 0 0 0 0 
0 0 0 0 0 0 0 0 0 0 0 0 0 5.39437e+06 4.38676e+10 3.02917e+12 3.77748e+13 1.7778e+14 4.58914e+14 8.09921e+14 1.12118e+15 1.32164e+15 1.41943e+15 1.42909e+15 1.38897e+15 1.31989e+15 1.24545e+15 1.16529e+15 1.10578e+15 1.0577e+15 1.0184e+15 9.97993e+14 9.90583e+14 0 0 0 0 0 0 0 0 0 0 0 0 0 0 0 0 0 0 0 0 0 0 0 0 0 0 0 0 0 0 0 0 
0 0 0 0 0 0 0 0 0 0 0 0 0 0 7.12886e+09 1.15822e+12 2.28282e+13 1.4686e+14 4.74282e+14 9.90357e+14 1.54811e+15 2.01255e+15 2.3147e+15 2.46305e+15 2.48649e+15 2.43949e+15 2.34876e+15 2.26053e+15 2.17108e+15 2.10313e+15 2.04273e+15 2.00376e+15 2.00102e+15 0 0 0 0 0 0 0 0 0 0 0 0 0 0 0 0 0 0 0 0 0 0 0 0 0 0 0 0 0 0 0 0 
0 0 0 0 0 0 0 0 0 0 0 0 0 0 6.90605e+08 3.54134e+11 1.16493e+13 1.0632e+14 4.39714e+14 1.09749e+15 1.96422e+15 2.83256e+15 3.51842e+15 3.977e+15 4.22577e+15 4.29148e+15 4.27111e+15 4.18488e+15 4.10471e+15 3.99844e+15 3.92847e+15 3.88109e+15 3.8539e+15 0 0 0 0 0 0 0 0 0 0 0 0 0 0 0 0 0 0 0 0 0 0 0 0 0 0 0 0 0 0 0 0 
0 0 0 0 0 0 0 0 0 0 0 0 0 0 3.31755e+07 8.46148e+10 5.0443e+12 6.68342e+13 3.62296e+14 1.10182e+15 2.29155e+15 3.68841e+15 5.00492e+15 6.0537e+15 6.75898e+15 7.19663e+15 7.37552e+15 7.42382e+15 7.37705e+15 7.3214e+15 7.23591e+15 7.20295e+15 7.17588e+15 0 0 0 0 0 0 0 0 0 0 0 0 0 0 0 0 0 0 0 0 0 0 0 0 0 0 0 0 0 0 0 0 
0 0 0 0 0 0 0 0 0 0 0 0 0 0 759452 1.44942e+10 1.81506e+12 3.61527e+13 2.6358e+14 9.92368e+14 2.43057e+15 4.43114e+15 6.61857e+15 8.61681e+15 1.02023e+16 1.13572e+16 1.20873e+16 1.25096e+16 1.26863e+16 1.27702e+16 1.28092e+16 1.27659e+16 1.27805e+16 0 0 0 0 0 0 0 0 0 0 0 0 0 0 0 0 0 0 0 0 0 0 0 0 0 0 0 0 0 0 0 0 
0 0 0 0 0 0 0 0 0 0 0 0 0 0 0 1.59256e+09 5.31686e+11 1.69155e+13 1.67708e+14 8.02009e+14 2.3419e+15 4.88161e+15 8.10685e+15 1.142e+16 1.44125e+16 1.67948e+16 1.86364e+16 1.99279e+16 2.07547e+16 2.12235e+16 2.15015e+16 2.15847e+16 2.16291e+16 0 0 0 0 0 0 0 0 0 0 0 0 0 0 0 0 0 0 0 0 0 0 0 0 0 0 0 0 0 0 0 0 
0 0 0 0 0 0 0 0 0 0 0 0 0 0 0 9.30803e+07 1.23263e+11 6.67472e+12 9.37122e+13 5.76858e+14 2.03182e+15 4.91998e+15 9.12729e+15 1.41006e+16 1.91048e+16 2.36164e+16 2.7247e+16 2.9958e+16 3.20278e+16 3.346e+16 3.43274e+16 3.48865e+16 3.49997e+16 0 0 0 0 0 0 0 0 0 0 0 0 0 0 0 0 0 0 0 0 0 0 0 0 0 0 0 0 0 0 0 0 
0 0 0 0 0 0 0 0 0 0 0 0 0 0 0 3.01907e+06 2.09344e+10 2.23037e+12 4.5536e+13 3.66129e+14 1.59264e+15 4.5128e+15 9.45694e+15 1.60823e+16 2.35069e+16 3.07006e+16 3.7281e+16 4.26134e+16 4.68748e+16 4.98251e+16 5.19458e+16 5.29169e+16 5.34922e+16 0 0 0 0 0 0 0 0 0 0 0 0 0 0 0 0 0 0 0 0 0 0 0 0 0 0 0 0 0 0 0 0 
0 0 0 0 0 0 0 0 0 0 0 0 0 0 0 58259.3 2.39282e+09 6.09567e+11 1.9106e+13 2.06167e+14 1.11429e+15 3.74105e+15 8.95549e+15 1.6891e+16 2.67886e+16 3.75115e+16 4.77229e+16 5.71169e+16 6.43224e+16 7.01481e+16 7.40725e+16 7.6711e+16 7.72057e+16 0 0 0 0 0 0 0 0 0 0 0 0 0 0 0 0 0 0 0 0 0 0 0 0 0 0 0 0 0 0 0 0 
0 0 0 0 0 0 0 0 0 0 0 0 0 0 0 0 1.47517e+08 1.33664e+11 6.88931e+12 1.01905e+14 6.97557e+14 2.80263e+15 7.76376e+15 1.63367e+16 2.83087e+16 4.2468e+16 5.72359e+16 7.10033e+16 8.30922e+16 9.26467e+16 9.98537e+16 1.04175e+17 1.05218e+17 0 0 0 0 0 0 0 0 0 0 0 0 0 0 0 0 0 0 0 0 0 0 0 0 0 0 0 0 0 0 0 0 
0 0 0 0 0 0 0 0 0 0 0 0 0 0 0 0 5.41187e+06 2.18277e+10 2.09418e+12 4.40185e+13 3.88067e+14 1.89698e+15 6.10551e+15 1.44982e+16 2.75848e+16 4.46045e+16 6.38053e+16 8.29787e+16 1.00944e+17 1.15755e+17 1.26217e+17 1.32957e+17 1.35444e+17 0 0 0 0 0 0 0 0 0 0 0 0 0 0 0 0 0 0 0 0 0 0 0 0 0 0 0 0 0 0 0 0 
0 0 0 0 0 0 0 0 0 0 0 0 0 0 0 0 113108 2.36163e+09 5.27963e+11 1.65033e+13 1.90501e+14 1.14624e+15 4.34102e+15 1.17383e+16 2.47577e+16 4.3373e+16 6.58531e+16 9.04771e+16 1.13882e+17 1.3418e+17 1.49843e+17 1.59019e+17 1.62765e+17 0 0 0 0 0 0 0 0 0 0 0 0 0 0 0 0 0 0 0 0 0 0 0 0 0 0 0 0 0 0 0 0 
0 0 0 0 0 0 0 0 0 0 0 0 0 0 0 0 2174.17 1.3964e+08 1.05623e+11 5.38885e+12 8.30728e+13 6.20849e+14 2.78643e+15 8.65015e+15 2.03054e+16 3.87541e+16 6.35101e+16 9.13818e+16 1.1992e+17 1.45563e+17 1.65984e+17 1.79309e+17 1.8366e+17 0 0 0 0 0 0 0 0 0 0 0 0 0 0 0 0 0 0 0 0 0 0 0 0 0 0 0 0 0 0 0 0 
0 0 0 0 0 0 0 0 0 0 0 0 0 0 0 0 0 4.56097e+06 1.57007e+10 1.46468e+12 3.16288e+13 3.00786e+14 1.62032e+15 5.79459e+15 1.5287e+16 3.20482e+16 5.60762e+16 8.59479e+16 1.17641e+17 1.47812e+17 1.72258e+17 1.87885e+17 1.93224e+17 0 0 0 0 0 0 0 0 0 0 0 0 0 0 0 0 0 0 0 0 0 0 0 0 0 0 0 0 0 0 0 0 
0 0 0 0 0 0 0 0 0 0 0 0 0 0 0 0 0 91491.2 1.53826e+09 3.28998e+11 1.06073e+13 1.2886e+14 8.44244e+14 3.52027e+15 1.0495e+16 2.41795e+16 4.58264e+16 7.44198e+16 1.06987e+17 1.38872e+17 1.65563e+17 1.83626e+17 1.90167e+17 0 0 0 0 0 0 0 0 0 0 0 0 0 0 0 0 0 0 0 0 0 0 0 0 0 0 0 0 0 0 0 0 
0 0 0 0 0 0 0 0 0 0 0 0 0 0 0 0 0 0 7.62735e+07 5.85879e+10 3.02969e+12 4.90612e+13 3.94169e+14 1.92754e+15 6.51432e+15 1.6712e+16 3.44644e+16 5.95797e+16 8.99413e+16 1.21389e+17 1.48504e+17 1.66489e+17 1.73237e+17 0 0 0 0 0 0 0 0 0 0 0 0 0 0 0 0 0 0 0 0 0 0 0 0 0 0 0 0 0 0 0 0 
0 0 0 0 0 0 0 0 0 0 0 0 0 0 0 0 0 0 1.85962e+06 7.57792e+09 7.27292e+11 1.64455e+13 1.64608e+14 9.55088e+14 3.7103e+15 1.05235e+16 2.36653e+16 4.38967e+16 6.9903e+16 9.76949e+16 1.23153e+17 1.40913e+17 1.46526e+17 0 0 0 0 0 0 0 0 0 0 0 0 0 0 0 0 0 0 0 0 0 0 0 0 0 0 0 0 0 0 0 0 
0 0 0 0 0 0 0 0 0 0 0 0 0 0 0 0 0 0 2659.16 5.97969e+08 1.42453e+11 4.77458e+12 6.11984e+13 4.26529e+14 1.90579e+15 6.09626e+15 1.49186e+16 2.98266e+16 5.00584e+16 7.33868e+16 9.47264e+16 1.09788e+17 1.15248e+17 0 0 0 0 0 0 0 0 0 0 0 0 0 0 0 0 0 0 0 0 0 0 0 0 0 0 0 0 0 0 0 0 
0 0 0 0 0 0 0 0 0 0 0 0 0 0 0 0 0 0 0 2.07853e+07 2.13495e+10 1.17819e+12 2.01769e+13 1.70148e+14 8.86929e+14 3.18813e+15 8.59334e+15 1.84771e+16 3.29976e+16 5.01362e+16 6.68421e+16 7.92218e+16 8.3452e+16 0 0 0 0 0 0 0 0 0 0 0 0 0 0 0 0 0 0 0 0 0 0 0 0 0 0 0 0 0 0 0 0 
0 0 0 0 0 0 0 0 0 0 0 0 0 0 0 0 0 0 0 112295 2.26913e+09 2.44684e+11 5.79338e+12 6.11316e+13 3.72951e+14 1.51971e+15 4.52259e+15 1.05182e+16 1.99499e+16 3.17546e+16 4.36198e+16 5.24495e+16 5.60496e+16 0 0 0 0 0 0 0 0 0 0 0 0 0 0 0 0 0 0 0 0 0 0 0 0 0 0 0 0 0 0 0 0 
0 0 0 0 0 0 0 0 0 0 0 0 0 0 0 0 0 0 0 0 1.272e+08 3.98589e+10 1.43029e+12 1.95065e+13 1.40914e+14 6.56821e+14 2.16857e+15 5.46356e+15 1.10453e+16 1.85497e+16 2.63264e+16 3.22564e+16 3.45694e+16 0 0 0 0 0 0 0 0 0 0 0 0 0 0 0 0 0 0 0 0 0 0 0 0 0 0 0 0 0 0 0 0 
0 0 0 0 0 0 0 0 0 0 0 0 0 0 0 0 0 0 0 0 1.72502e+06 4.90031e+09 3.0226e+11 5.45446e+12 4.75761e+13 2.55918e+14 9.48697e+14 2.60684e+15 5.60483e+15 9.83964e+15 1.45059e+16 1.81535e+16 1.9536e+16 0 0 0 0 0 0 0 0 0 0 0 0 0 0 0 0 0 0 0 0 0 0 0 0 0 0 0 0 0 0 0 0 
0 0 0 0 0 0 0 0 0 0 0 0 0 0 0 0 0 0 0 0 2982.47 3.69749e+08 5.18166e+10 1.30446e+12 1.44488e+13 9.04309e+13 3.75797e+14 1.13375e+15 2.60853e+15 4.83318e+15 7.35689e+15 9.40599e+15 1.01626e+16 0 0 0 0 0 0 0 0 0 0 0 0 0 0 0 0 0 0 0 0 0 0 0 0 0 0 0 0 0 0 0 0 
0 0 0 0 0 0 0 0 0 0 0 0 0 0 0 0 0 0 0 0 0 1.14635e+07 6.84588e+09 2.71983e+11 3.84791e+12 2.86506e+13 1.35004e+14 4.45409e+14 1.11051e+15 2.16032e+15 3.41557e+15 4.45589e+15 4.87195e+15 0 0 0 0 0 0 0 0 0 0 0 0 0 0 0 0 0 0 0 0 0 0 0 0 0 0 0 0 0 0 0 0 
0 0 0 0 0 0 0 0 0 0 0 0 0 0 0 0 0 0 0 0 0 71673.2 6.02165e+08 4.68641e+10 9.00059e+11 8.12515e+12 4.36347e+13 1.60911e+14 4.29702e+14 8.87715e+14 1.45681e+15 1.94953e+15 2.1499e+15 0 0 0 0 0 0 0 0 0 0 0 0 0 0 0 0 0 0 0 0 0 0 0 0 0 0 0 0 0 0 0 0 
0 0 0 0 0 0 0 0 0 0 0 0 0 0 0 0 0 0 0 0 0 0 2.6463e+07 6.41741e+09 1.8073e+11 2.02368e+12 1.28087e+13 5.22012e+13 1.52136e+14 3.34362e+14 5.70375e+14 7.79108e+14 8.62669e+14 0 0 0 0 0 0 0 0 0 0 0 0 0 0 0 0 0 0 0 0 0 0 0 0 0 0 0 0 0 0 0 0 
0 0 0 0 0 0 0 0 0 0 0 0 0 0 0 0 0 0 0 0 0 0 673074 6.20793e+08 3.04421e+10 4.49892e+11 3.35144e+12 1.54934e+13 4.9048e+13 1.1434e+14 2.03023e+14 2.84019e+14 3.18735e+14 0 0 0 0 0 0 0 0 0 0 0 0 0 0 0 0 0 0 0 0 0 0 0 0 0 0 0 0 0 0 0 0 
0 0 0 0 0 0 0 0 0 0 0 0 0 0 0 0 0 0 0 0 0 0 1844.64 3.10688e+07 4.13454e+09 8.48878e+10 7.7765e+11 4.11352e+12 1.43544e+13 3.57891e+13 6.68423e+13 9.60392e+13 1.08258e+14 0 0 0 0 0 0 0 0 0 0 0 0 0 0 0 0 0 0 0 0 0 0 0 0 0 0 0 0 0 0 0 0 
0 0 0 0 0 0 0 0 0 0 0 0 0 0 0 0 0 0 0 0 0 0 0 1.214e+06 4.11959e+08 1.38415e+10 1.59339e+11 9.76026e+11 3.78508e+12 1.01506e+13 2.00168e+13 2.96547e+13 3.34621e+13 0 0 0 0 0 0 0 0 0 0 0 0 0 0 0 0 0 0 0 0 0 0 0 0 0 0 0 0 0 0 0 0 
0 0 0 0 0 0 0 0 0 0 0 0 0 0 0 0 0 0 0 0 0 0 0 26200.5 2.28787e+07 1.84034e+09 2.84434e+10 2.08303e+11 9.0635e+11 2.64499e+12 5.44145e+12 8.28073e+12 9.51635e+12 0 0 0 0 0 0 0 0 0 0 0 0 0 0 0 0 0 0 0 0 0 0 0 0 0 0 0 0 0 0 0 0 
0 0 0 0 0 0 0 0 0 0 0 0 0 0 0 0 0 0 0 0 0 0 0 0 989294 1.88897e+08 4.28543e+09 3.90032e+10 1.95962e+11 6.20043e+11 1.34902e+12 2.12658e+12 2.47799e+12 0 0 0 0 0 0 0 0 0 0 0 0 0 0 0 0 0 0 0 0 0 0 0 0 0 0 0 0 0 0 0 0 
0 0 0 0 0 0 0 0 0 0 0 0 0 0 0 0 0 0 0 0 0 0 0 0 25566.6 9.2743e+06 5.4825e+08 6.5497e+09 3.80632e+10 1.32676e+11 3.08494e+11 5.00812e+11 5.87602e+11 0 0 0 0 0 0 0 0 0 0 0 0 0 0 0 0 0 0 0 0 0 0 0 0 0 0 0 0 0 0 0 0 
0 0 0 0 0 0 0 0 0 0 0 0 0 0 0 0 0 0 0 0 0 0 0 0 469.425 406583 5.64172e+07 9.16985e+08 6.4537e+09 2.56445e+10 6.4081e+10 1.08186e+11 1.28538e+11 0 0 0 0 0 0 0 0 0 0 0 0 0 0 0 0 0 0 0 0 0 0 0 0 0 0 0 0 0 0 0 0 
0 0 0 0 0 0 0 0 0 0 0 0 0 0 0 0 0 0 0 0 0 0 0 0 0 11333.2 2.2002e+06 1.03625e+08 9.86209e+08 4.44375e+09 1.19777e+10 2.10467e+10 2.55088e+10 0 0 0 0 0 0 0 0 0 0 0 0 0 0 0 0 0 0 0 0 0 0 0 0 0 0 0 0 0 0 0 0 
0 0 0 0 0 0 0 0 0 0 0 0 0 0 0 0 0 0 0 0 0 0 0 0 0 0 86473.2 1.06855e+07 1.29389e+08 6.80937e+08 2.08993e+09 3.85095e+09 4.65594e+09 0 0 0 0 0 0 0 0 0 0 0 0 0 0 0 0 0 0 0 0 0 0 0 0 0 0 0 0 0 0 0 0 
0 0 0 0 0 0 0 0 0 0 0 0 0 0 0 0 0 0 0 0 0 0 0 0 0 0 0 293753 1.22781e+07 9.61185e+07 3.20092e+08 6.29861e+08 7.89916e+08 0 0 0 0 0 0 0 0 0 0 0 0 0 0 0 0 0 0 0 0 0 0 0 0 0 0 0 0 0 0 0 0 
0 0 0 0 0 0 0 0 0 0 0 0 0 0 0 0 0 0 0 0 0 0 0 0 0 0 0 0 1.50521e+06 1.13797e+07 4.21466e+07 9.77555e+07 1.18492e+08 0 0 0 0 0 0 0 0 0 0 0 0 0 0 0 0 0 0 0 0 0 0 0 0 0 0 0 0 0 0 0 0 
0 0 0 0 0 0 0 0 0 0 0 0 0 0 0 0 0 0 0 0 0 0 0 0 0 0 0 0 627.494 830160 5.8794e+06 1.26091e+07 1.74153e+07 0 0 0 0 0 0 0 0 0 0 0 0 0 0 0 0 0 0 0 0 0 0 0 0 0 0 0 0 0 0 0 0 
0 0 0 0 0 0 0 0 0 0 0 0 0 0 0 0 0 0 0 0 0 0 0 0 0 0 0 0 0 167483 648430 1.45987e+06 2.42291e+06 0 0 0 0 0 0 0 0 0 0 0 0 0 0 0 0 0 0 0 0 0 0 0 0 0 0 0 0 0 0 0 0 
0 0 0 0 0 0 0 0 0 0 0 0 0 0 0 0 0 0 0 0 0 0 0 0 0 0 0 0 0 0 18070.6 265279 185161 0 0 0 0 0 0 0 0 0 0 0 0 0 0 0 0 0 0 0 0 0 0 0 0 0 0 0 0 0 0 0 0 
0 0 0 0 0 0 0 0 0 0 0 0 0 0 0 0 0 0 0 0 0 0 0 0 0 0 0 0 0 0 18857.4 16989.3 42436.8 0 0 0 0 0 0 0 0 0 0 0 0 0 0 0 0 0 0 0 0 0 0 0 0 0 0 0 0 0 0 0 0 
0 0 0 0 0 0 0 0 0 0 0 0 0 0 0 0 0 0 0 0 0 0 0 0 0 0 0 0 0 0 0 0 7684.21 0 0 0 0 0 0 0 0 0 0 0 0 0 0 0 0 0 0 0 0 0 0 0 0 0 0 0 0 0 0 0 0 
0 0 0 0 0 0 0 0 0 0 0 0 0 0 0 0 0 0 0 0 0 0 0 0 0 0 0 0 0 0 0 1299.72 0 0 0 0 0 0 0 0 0 0 0 0 0 0 0 0 0 0 0 0 0 0 0 0 0 0 0 0 0 0 0 0 0 
0 0 0 0 0 0 0 0 0 0 0 0 0 0 0 0 0 0 0 0 0 0 0 0 0 0 0 0 0 0 0 0 0 0 0 0 0 0 0 0 0 0 0 0 0 0 0 0 0 0 0 0 0 0 0 0 0 0 0 0 0 0 0 0 0 
0 0 0 0 0 0 0 0 0 0 0 0 0 0 0 0 0 0 0 0 0 0 0 0 0 0 0 0 0 0 0 0 40.6163 0 0 0 0 0 0 0 0 0 0 0 0 0 0 0 0 0 0 0 0 0 0 0 0 0 0 0 0 0 0 0 0 
0 0 0 0 0 0 0 0 0 0 0 0 0 0 0 0 0 0 0 0 0 0 0 0 0 0 0 0 0 0 0 0 0 0 0 0 0 0 0 0 0 0 0 0 0 0 0 0 0 0 0 0 0 0 0 0 0 0 0 0 0 0 0 0 0 
0 0 0 0 0 0 0 0 0 0 0 0 0 0 0 0 0 0 0 0 0 0 0 0 0 0 0 0 0 0 0 0 0 0 0 0 0 0 0 0 0 0 0 0 0 0 0 0 0 0 0 0 0 0 0 0 0 0 0 0 0 0 0 0 0 
0 0 0 0 0 0 0 0 0 0 0 0 0 0 0 0 0 0 0 0 0 0 0 0 0 0 0 0 0 0 0 0 0 0 0 0 0 0 0 0 0 0 0 0 0 0 0 0 0 0 0 0 0 0 0 0 0 0 0 0 0 0 0 0 0 
0 0 0 0 0 0 0 0 0 0 0 0 0 0 0 0 0 0 0 0 0 0 0 0 0 0 0 0 0 0 0 0 0 0 0 0 0 0 0 0 0 0 0 0 0 0 0 0 0 0 0 0 0 0 0 0 0 0 0 0 0 0 0 0 0 
0 0 0 0 0 0 0 0 0 0 0 0 0 0 0 0 0 0 0 0 0 0 0 0 0 0 0 0 0 0 0 0 0 0 0 0 0 0 0 0 0 0 0 0 0 0 0 0 0 0 0 0 0 0 0 0 0 0 0 0 0 0 0 0 0 
0 0 0 0 0 0 0 0 0 0 0 0 0 0 0 0 0 0 0 0 0 0 0 0 0 0 0 0 0 0 0 0 0 0 0 0 0 0 0 0 0 0 0 0 0 0 0 0 0 0 0 0 0 0 0 0 0 0 0 0 0 0 0 0 0 
0 0 0 0 0 0 0 0 0 0 0 0 0 0 0 0 0 0 0 0 0 0 0 0 0 0 0 0 0 0 0 0 0 0 0 0 0 0 0 0 0 0 0 0 0 0 0 0 0 0 0 0 0 0 0 0 0 0 0 0 0 0 0 0 0 
0 0 0 0 0 0 0 0 0 0 0 0 0 0 0 0 0 0 0 0 0 0 0 0 0 0 0 0 0 0 0 0 0 0 0 0 0 0 0 0 0 0 0 0 0 0 0 0 0 0 0 0 0 0 0 0 0 0 0 0 0 0 0 0 0 
0 0 0 0 0 0 0 0 0 0 0 0 0 0 0 0 0 0 0 0 0 0 0 0 0 0 0 0 0 0 0 0 0 0 0 0 0 0 0 0 0 0 0 0 0 0 0 0 0 0 0 0 0 0 0 0 0 0 0 0 0 0 0 0 0 
0 0 0 0 0 0 0 0 0 0 0 0 0 0 0 0 0 0 0 0 0 0 0 0 0 0 0 0 0 0 0 0 0 0 0 0 0 0 0 0 0 0 0 0 0 0 0 0 0 0 0 0 0 0 0 0 0 0 0 0 0 0 0 0 0 
0 0 0 0 0 0 0 0 0 0 0 0 0 0 0 0 0 0 0 0 0 0 0 0 0 0 0 0 0 0 0 0 0 0 0 0 0 0 0 0 0 0 0 0 0 0 0 0 0 0 0 0 0 0 0 0 0 0 0 0 0 0 0 0 0 
0 0 0 0 0 0 0 0 0 0 0 0 0 0 0 0 0 0 0 0 0 0 0 0 0 0 0 0 0 0 0 0 0 0 0 0 0 0 0 0 0 0 0 0 0 0 0 0 0 0 0 0 0 0 0 0 0 0 0 0 0 0 0 0 0 
0 0 0 0 0 0 0 0 0 0 0 0 0 0 0 0 0 0 0 0 0 0 0 0 0 0 0 0 0 0 0 0 0 0 0 0 0 0 0 0 0 0 0 0 0 0 0 0 0 0 0 0 0 0 0 0 0 0 0 0 0 0 0 0 0 
0 0 0 0 0 0 0 0 0 0 0 0 0 0 0 0 0 0 0 0 0 0 0 0 0 0 0 0 0 0 0 0 0 0 0 0 0 0 0 0 0 0 0 0 0 0 0 0 0 0 0 0 0 0 0 0 0 0 0 0 0 0 0 0 0 
0 0 0 0 0 0 0 0 0 0 0 0 0 0 0 0 0 0 0 0 0 0 0 0 0 0 0 0 0 0 0 0 0 0 0 0 0 0 0 0 0 0 0 0 0 0 0 0 0 0 0 0 0 0 0 0 0 0 0 0 0 0 0 0 0 
0 0 0 0 0 0 0 0 0 0 0 0 0 0 0 0 0 0 0 0 0 0 0 0 0 0 0 0 0 0 0 0 0 0 0 0 0 0 0 0 0 0 0 0 0 0 0 0 0 0 0 0 0 0 0 0 0 0 0 0 0 0 0 0 0 
0 0 0 0 0 0 0 0 0 0 0 0 0 0 0 0 0 0 0 0 0 0 0 0 0 0 0 0 0 0 0 0 0 0 0 0 0 0 0 0 0 0 0 0 0 0 0 0 0 0 0 0 0 0 0 0 0 0 0 0 0 0 0 0 0 
0 0 0 0 0 0 0 0 0 0 0 0 0 0 0 0 0 0 0 0 0 0 0 0 0 0 0 0 0 0 0 0 0 0 0 0 0 0 0 0 0 0 0 0 0 0 0 0 0 0 0 0 0 0 0 0 0 0 0 0 0 0 0 0 0 
0 0 0 0 0 0 0 0 0 0 0 0 0 0 0 0 0 0 0 0 0 0 0 0 0 0 0 0 0 0 0 0 0 0 0 0 0 0 0 0 0 0 0 0 0 0 0 0 0 0 0 0 0 0 0 0 0 0 0 0 0 0 0 0 0 
0 0 0 0 0 0 0 0 0 0 0 0 0 0 0 0 0 0 0 0 0 0 0 0 0 0 0 0 0 0 0 0 0 0 0 0 0 0 0 0 0 0 0 0 0 0 0 0 0 0 0 0 0 0 0 0 0 0 0 0 0 0 0 0 0 
0 0 0 0 0 0 0 0 0 0 0 0 0 0 0 0 0 0 0 0 0 0 0 0 0 0 0 0 0 0 0 0 0 0 0 0 0 0 0 0 0 0 0 0 0 0 0 0 0 0 0 0 0 0 0 0 0 0 0 0 0 0 0 0 0 
0 0 0 0 0 0 0 0 0 0 0 0 0 0 0 0 0 0 0 0 0 0 0 0 0 0 0 0 0 0 0 0 0 0 0 0 0 0 0 0 0 0 0 0 0 0 0 0 0 0 0 0 0 0 0 0 0 0 0 0 0 0 0 0 0 
0 0 0 0 0 0 0 0 0 0 0 0 0 0 0 0 0 0 0 0 0 0 0 0 0 0 0 0 0 0 0 0 0 0 0 0 0 0 0 0 0 0 0 0 0 0 0 0 0 0 0 0 0 0 0 0 0 0 0 0 0 0 0 0 0 
0 0 0 0 0 0 0 0 0 0 0 0 0 0 0 0 0 0 0 0 0 0 0 0 0 0 0 0 0 0 0 0 0 0 0 0 0 0 0 0 0 0 0 0 0 0 0 0 0 0 0 0 0 0 0 0 0 0 0 0 0 0 0 0 0 
0 0 0 0 0 0 0 0 0 0 0 0 0 0 0 0 0 0 0 0 0 0 0 0 0 0 0 0 0 0 0 0 0 0 0 0 0 0 0 0 0 0 0 0 0 0 0 0 0 0 0 0 0 0 0 0 0 0 0 0 0 0 0 0 0 
0 0 0 0 0 0 0 0 0 0 0 0 0 0 0 0 0 0 0 0 0 0 0 0 0 0 0 0 0 0 0 0 0 0 0 0 0 0 0 0 0 0 0 0 0 0 0 0 0 0 0 0 0 0 0 0 0 0 0 0 0 0 0 0 0 
0 0 0 0 0 0 0 0 0 0 0 0 0 0 0 0 0 0 0 0 0 0 0 0 0 0 0 0 0 0 0 0 0 0 0 0 0 0 0 0 0 0 0 0 0 0 0 0 0 0 0 0 0 0 0 0 0 0 0 0 0 0 0 0 0 
0 0 0 0 0 0 0 0 0 0 0 0 0 0 0 0 0 0 0 0 0 0 0 0 0 0 0 0 0 0 0 0 0 0 0 0 0 0 0 0 0 0 0 0 0 0 0 0 0 0 0 0 0 0 0 0 0 0 0 0 0 0 0 0 0 
0 0 0 0 0 0 0 0 0 0 0 0 0 0 0 0 0 0 0 0 0 0 0 0 0 0 0 0 0 0 0 0 0 0 0 0 0 0 0 0 0 0 0 0 0 0 0 0 0 0 0 0 0 0 0 0 0 0 0 0 0 0 0 0 0 
0 0 0 0 0 0 0 0 0 0 0 0 0 0 0 0 0 0 0 0 0 0 0 0 0 0 0 0 0 0 0 0 0 0 0 0 0 0 0 0 0 0 0 0 0 0 0 0 0 0 0 0 0 0 0 0 0 0 0 0 0 0 0 0 0 
0 0 0 0 0 0 0 0 0 0 0 0 0 0 0 0 0 0 0 0 0 0 0 0 0 0 0 0 0 0 0 0 0 0 0 0 0 0 0 0 0 0 0 0 0 0 0 0 0 0 0 0 0 0 0 0 0 0 0 0 0 0 0 0 0 
0 0 0 0 0 0 0 0 0 0 0 0 0 0 0 0 0 0 0 0 0 0 0 0 0 0 0 0 0 0 0 0 0 0 0 0 0 0 0 0 0 0 0 0 0 0 0 0 0 0 0 0 0 0 0 0 0 0 0 0 0 0 0 0 0 
