1 0 0 0 0 0 0 0 0 0 0 0 0 0 0 0 0 0 0 0 0 0 0 0 0 0 0 0 0 0 0 0 0 0 0 0 0 0 0 0 0 0 0 0 0 0 0 0 0 0 0 0 0 0 0 0 0 0 0 0 0 0 0 0 1 
0 0 0 0 0 0 0 0 0 0 0 0 0 0 0 0 0 0 0 0 0 0 0 0 0 0 0 0 0 0 0 0 0 0 0 0 0 0 0 0 0 0 0 0 0 0 0 0 0 0 0 0 0 0 0 0 0 0 0 0 0 0 0 0 0 
0 0 0 0 0 0 0 0 0 0 0 0 0 0 0 0 0 0 0 0 0 0 0 0 0 0 0 0 0 0 0 0 0 0 0 0 0 0 0 0 0 0 0 0 0 0 0 0 0 0 0 0 0 0 0 0 0 0 0 0 0 0 0 0 0 
0 0 0 0 0 0 0 0 0 0 0 0 0 0 0 0 0 0 0 0 0 0 0 0 0 0 0 0 0 0 0 0 0 0 0 0 0 0 0 0 0 0 0 0 0 0 0 0 0 0 0 0 0 0 0 0 0 0 0 0 0 0 0 0 0 
0 64 0 0 0 0 0 0 0 0 0 0 0 0 0 0 0 0 0 0 0 0 0 0 0 0 0 0 0 0 0 0 0 0 0 0 0 0 0 0 0 0 0 0 0 0 0 0 0 0 0 0 0 0 0 0 0 0 0 0 0 0 0 0 0 
0 0 0 0 0 0 0 0 0 0 0 0 0 0 0 0 0 0 0 0 0 0 0 0 0 0 0 0 0 0 0 0 0 0 0 0 0 0 0 0 0 0 0 0 0 0 0 0 0 0 0 0 0 0 0 0 0 0 0 0 0 0 0 0 0 
0 0 0 0 0 0 0 0 0 0 0 0 0 0 0 0 0 0 0 0 0 0 0 0 0 0 0 0 0 0 0 0 0 0 0 0 0 0 0 0 0 0 0 0 0 0 0 0 0 0 0 0 0 0 0 0 0 0 0 0 0 0 0 0 0 
0 0 256 0 0 0 0 0 0 0 0 0 0 0 0 0 0 0 0 0 0 0 0 0 0 0 0 0 0 0 0 0 0 0 0 0 0 0 0 0 0 0 0 0 0 0 0 0 0 0 0 0 0 0 0 0 0 0 0 0 0 0 0 0 0 
0 0 1760 0 0 0 0 0 0 0 0 0 0 0 0 0 0 0 0 0 0 0 0 0 0 0 0 0 0 0 0 0 0 0 0 0 0 0 0 0 0 0 0 0 0 0 0 0 0 0 0 0 0 0 0 0 0 0 0 0 0 0 0 0 0 
0 0 0 129.182 0 0 0 0 0 0 0 0 0 0 0 0 0 0 0 0 0 0 0 0 0 0 0 0 0 0 0 0 0 0 0 0 0 0 0 0 0 0 0 0 0 0 0 0 0 0 0 0 0 0 0 0 0 0 0 0 0 0 0 0 0 
0 0 0 1411.97 0 0 0 0 0 0 0 0 0 0 0 0 0 0 0 0 0 0 0 0 0 0 0 0 0 0 0 0 0 0 0 0 0 0 0 0 0 0 0 0 0 0 0 0 0 0 0 0 0 0 0 0 0 0 0 0 0 0 0 0 0 
0 0 0 12660.5 194.62 0 0 0 0 0 0 0 0 0 0 0 0 0 0 0 0 0 0 0 0 0 0 0 0 0 0 0 0 0 0 0 0 0 0 0 0 0 0 0 0 0 0 0 0 0 0 0 0 0 0 0 0 0 0 0 0 0 0 0 0 
0 0 0 27462.3 1815.18 0 0 0 0 0 0 0 0 0 0 0 0 0 0 0 0 0 0 0 0 0 0 0 0 0 0 0 0 0 0 0 0 0 0 0 0 0 0 0 0 0 0 0 0 0 0 0 0 0 0 0 0 0 0 0 0 0 0 0 0 
0 0 0 0 14493.9 379.755 0 0 0 0 0 0 0 0 0 0 0 0 0 0 0 0 0 0 0 0 0 0 0 0 0 0 0 0 0 0 0 0 0 0 0 0 0 0 0 0 0 0 0 0 0 0 0 0 0 0 0 0 0 0 0 0 0 0 0 
0 0 0 0 84068.2 4129.41 0 0 0 0 0 0 0 0 0 0 0 0 0 0 0 0 0 0 0 0 0 0 0 0 0 0 0 0 0 0 0 0 0 0 0 0 0 0 0 0 0 0 0 0 0 0 0 0 0 0 0 0 0 0 0 0 0 0 0 
0 0 0 0 264244 26138.4 1439.32 0 0 0 0 0 0 0 0 0 0 0 0 0 0 0 0 0 0 0 0 0 0 0 0 0 0 0 0 0 0 0 0 0 0 0 0 0 0 0 0 0 0 0 0 0 0 0 0 0 0 0 0 0 0 0 0 0 0 
0 0 0 0 270560 147284 9488.57 448.83 47.5937 0 0 0 0 0 0 0 4.0145 0 0 0 0 0 0 0 0 0 0 0 0 0 0 0 3.99082 0 0 0 0 0 0 0 0 0 0 0 0 0 0 0 0 0 0 0 0 0 0 0 0 0 0 0 0 0 0 0 0 
0 0 0 0 0 656798 66448.9 4263.82 0 0 0 0 0 0 0 0 0 0 0 0 0 0 0 0 0 0 0 0 0 0 0 0 0 0 0 0 0 0 0 0 0 0 0 0 0 0 0 0 0 0 0 0 0 0 0 0 0 0 0 0 0 0 0 0 0 
0 0 0 0 0 1.94889e+06 342278 32476.7 4077.42 458.295 0 0 0 0 0 64.232 0 0 0 0 0 0 0 0 0 0 0 0 0 0 0 0 0 0 0 0 0 0 0 0 0 0 0 0 0 0 0 0 0 0 0 0 0 0 0 0 0 0 0 0 0 0 0 0 0 
0 0 0 0 0 3.06649e+06 1.46515e+06 191499 15829.1 4292.55 1298.44 385.392 192.508 127.421 191.678 0 0 130.542 0 0 0 0 0 0 0 0 0 0 0 0 0 127.706 0 0 0 0 0 0 0 0 0 0 0 0 0 0 0 0 0 0 0 0 0 0 0 0 0 0 0 0 0 0 0 0 0 
0 0 0 0 0 1.7744e+06 5.28951e+06 916802 125872 9977.37 3320.6 1753.8 813.945 580.39 290.062 0 0 65.6276 0 0 0 0 0 0 0 0 0 0 0 0 0 0 0 0 0 0 0 0 0 0 0 0 0 0 0 0 0 0 0 0 0 0 0 0 0 0 0 0 0 0 0 0 0 0 0 
0 0 0 0 0 0 1.40443e+07 3.9362e+06 628171 100982 16585.6 3459.24 2162.84 1140.45 0 0 1952.12 0 390.845 0 0 0 0 0 0 0 0 0 0 0 446.995 0 0 0 0 0 0 0 0 0 0 0 0 0 0 0 0 0 0 0 0 0 0 0 0 0 0 0 0 0 0 0 0 0 0 
0 0 0 0 0 0 2.37922e+07 1.38762e+07 2.90684e+06 519136 105548 32512.2 11313.4 5094.23 3343.13 5444.89 1190.07 0 1743.53 262.15 0 0 0 0 0 0 0 0 0 258.602 1532.45 0 3936.89 0 0 0 0 0 0 0 0 0 0 0 0 0 0 0 0 0 0 0 0 0 0 0 0 0 0 0 0 0 0 0 0 
0 0 0 0 0 0 2.19997e+07 4.18036e+07 1.14547e+07 2.27122e+06 508599 135608 50589.3 24773.4 18044.9 12042 0 5487.93 2120.4 1170.39 404.886 0 0 0 0 0 0 0 382.857 1925.99 0 0 124.707 0 0 0 0 0 0 0 0 0 0 0 0 0 0 0 0 0 0 0 0 0 0 0 0 0 0 0 0 0 0 0 0 
0 0 0 0 0 0 7.96391e+06 9.79334e+07 4.03455e+07 1.00256e+07 2.10832e+06 573490 192273 92762.8 54335.8 14804 14374.3 25385.8 3724.2 9182.88 1683.86 797.824 0 0 94.707 0 0 767.921 2604.02 8782.08 0 13314 0 0 0 0 0 0 0 0 0 0 0 0 0 0 0 0 0 0 0 0 0 0 0 0 0 0 0 0 0 0 0 0 0 
0 0 0 0 0 0 0 1.62705e+08 1.22319e+08 3.71041e+07 9.63176e+06 2.45269e+06 812863 335741 147719 84904.3 93880.1 44403.5 15991.1 24363.7 9188.79 3531.82 2577.36 890.965 0 922.367 2673.83 5790.17 13124.3 8827.81 7298.49 46599.3 0 0 0 0 0 0 0 0 0 0 0 0 0 0 0 0 0 0 0 0 0 0 0 0 0 0 0 0 0 0 0 0 0 
0 0 0 0 0 0 0 1.72442e+08 3.13658e+08 1.24976e+08 3.62272e+07 1.04151e+07 3.36527e+06 1.28267e+06 607817 395527 267140 66396.2 137045 51205.4 49704.1 14802.3 6506.14 7577.21 8021.19 7914.56 12893.1 23379.6 41501.6 11023.5 55847 3028.88 44605.5 0 0 0 0 0 0 0 0 0 0 0 0 0 0 0 0 0 0 0 0 0 0 0 0 0 0 0 0 0 0 0 0 
0 0 0 0 0 0 0 1.02582e+08 6.52018e+08 3.76078e+08 1.27959e+08 3.94955e+07 1.26862e+07 4.91272e+06 2.34763e+06 1.33576e+06 595611 441869 366606 149238 157172 87995.2 39729 16600 23154.5 41847.4 57523.2 82934.4 80831.4 74619.9 259359 23381.8 306064 0 0 0 0 0 0 0 0 0 0 0 0 0 0 0 0 0 0 0 0 0 0 0 0 0 0 0 0 0 0 0 0 
0 0 0 0 0 0 0 2.47929e+07 1.01314e+09 9.83543e+08 4.13673e+08 1.39474e+08 4.801e+07 1.82073e+07 8.06196e+06 4.02511e+06 2.19607e+06 1.73256e+06 966305 702786 474958 332067 210116 165379 145926 149009 200881 273207 187955 371596 318390 262150 570356 0 0 0 0 0 0 0 0 0 0 0 0 0 0 0 0 0 0 0 0 0 0 0 0 0 0 0 0 0 0 0 0 
0 0 0 0 0 0 0 0 1.11075e+09 2.19315e+09 1.20491e+09 4.6678e+08 1.68669e+08 6.54132e+07 2.79919e+07 1.37646e+07 8.4782e+06 5.38262e+06 2.84449e+06 2.50345e+06 1.45214e+06 1.20984e+06 801420 648466 616232 640870 670300 616250 663671 1.26305e+06 369264 1.4797e+06 262252 0 0 0 0 0 0 0 0 0 0 0 0 0 0 0 0 0 0 0 0 0 0 0 0 0 0 0 0 0 0 0 0 
0 0 0 0 0 0 0 0 7.85747e+08 4.04214e+09 3.13525e+09 1.42737e+09 5.63038e+08 2.23299e+08 9.61462e+07 4.80528e+07 2.75543e+07 1.55235e+07 1.07039e+07 7.78896e+06 5.10448e+06 3.97455e+06 3.06409e+06 2.26978e+06 1.84381e+06 1.78232e+06 1.90094e+06 1.84397e+06 2.55912e+06 2.52755e+06 2.01416e+06 4.10247e+06 1.63821e+06 0 0 0 0 0 0 0 0 0 0 0 0 0 0 0 0 0 0 0 0 0 0 0 0 0 0 0 0 0 0 0 0 
0 0 0 0 0 0 0 0 3.19301e+08 5.80818e+09 7.17001e+09 4.02247e+09 1.75093e+09 7.31359e+08 3.20907e+08 1.58896e+08 8.54324e+07 5.03946e+07 3.5296e+07 2.27423e+07 1.72619e+07 1.23308e+07 9.75732e+06 7.80078e+06 6.90117e+06 6.11669e+06 5.55961e+06 5.97507e+06 7.54801e+06 4.74753e+06 8.33834e+06 5.74442e+06 7.91543e+06 0 0 0 0 0 0 0 0 0 0 0 0 0 0 0 0 0 0 0 0 0 0 0 0 0 0 0 0 0 0 0 0 
0 0 0 0 0 0 0 0 5.37535e+07 6.20435e+09 1.40777e+10 1.0272e+10 5.12615e+09 2.30096e+09 1.04066e+09 5.03208e+08 2.67563e+08 1.62891e+08 1.07131e+08 6.97022e+07 5.32233e+07 3.85319e+07 3.08657e+07 2.52019e+07 2.1063e+07 1.83475e+07 1.72102e+07 1.86435e+07 1.70908e+07 1.56438e+07 2.34447e+07 1.25071e+07 2.58967e+07 0 0 0 0 0 0 0 0 0 0 0 0 0 0 0 0 0 0 0 0 0 0 0 0 0 0 0 0 0 0 0 0 
0 0 0 0 0 0 0 0 0 4.68257e+09 2.29849e+10 2.33544e+10 1.38683e+10 6.77181e+09 3.21701e+09 1.56953e+09 8.53138e+08 5.08239e+08 3.1547e+08 2.18801e+08 1.58396e+08 1.16964e+08 9.30952e+07 7.44011e+07 6.07371e+07 5.42557e+07 5.18106e+07 5.10873e+07 4.26269e+07 5.34604e+07 4.7585e+07 4.86946e+07 5.32649e+07 0 0 0 0 0 0 0 0 0 0 0 0 0 0 0 0 0 0 0 0 0 0 0 0 0 0 0 0 0 0 0 0 
0 0 0 0 0 0 0 0 0 2.32397e+09 3.02016e+10 4.68828e+10 3.41577e+10 1.88599e+10 9.45893e+09 4.77696e+09 2.57128e+09 1.49695e+09 9.32871e+08 6.53885e+08 4.49575e+08 3.51466e+08 2.67703e+08 2.18238e+08 1.83947e+08 1.60933e+08 1.4762e+08 1.31434e+08 1.26051e+08 1.4407e+08 1.07905e+08 1.50182e+08 1.07022e+08 0 0 0 0 0 0 0 0 0 0 0 0 0 0 0 0 0 0 0 0 0 0 0 0 0 0 0 0 0 0 0 0 
0 0 0 0 0 0 0 0 0 6.71205e+08 3.07232e+10 8.10786e+10 7.68009e+10 4.85387e+10 2.64446e+10 1.40195e+10 7.5511e+09 4.40756e+09 2.80486e+09 1.86276e+09 1.32517e+09 1.00135e+09 7.71406e+08 6.22309e+08 5.25432e+08 4.58593e+08 4.01779e+08 3.59646e+08 3.72525e+08 3.38601e+08 3.32286e+08 3.62992e+08 3.10601e+08 0 0 0 0 0 0 0 0 0 0 0 0 0 0 0 0 0 0 0 0 0 0 0 0 0 0 0 0 0 0 0 0 
0 0 0 0 0 0 0 0 0 8.03904e+07 2.32686e+10 1.18503e+11 1.5408e+11 1.1588e+11 6.97682e+10 3.8938e+10 2.18369e+10 1.27152e+10 7.92342e+09 5.23682e+09 3.79093e+09 2.77658e+09 2.14143e+09 1.72269e+09 1.46967e+09 1.25456e+09 1.09438e+09 1.0142e+09 9.73373e+08 8.64193e+08 9.46793e+08 8.27074e+08 9.44001e+08 0 0 0 0 0 0 0 0 0 0 0 0 0 0 0 0 0 0 0 0 0 0 0 0 0 0 0 0 0 0 0 0 
0 0 0 0 0 0 0 0 0 0 1.25602e+10 1.41255e+11 2.71621e+11 2.52963e+11 1.72956e+11 1.03621e+11 6.00092e+10 3.58881e+10 2.21423e+10 1.47436e+10 1.0536e+10 7.62193e+09 5.96029e+09 4.71881e+09 3.97717e+09 3.39946e+09 2.97545e+09 2.75151e+09 2.47569e+09 2.3843e+09 2.40637e+09 2.17013e+09 2.4136e+09 0 0 0 0 0 0 0 0 0 0 0 0 0 0 0 0 0 0 0 0 0 0 0 0 0 0 0 0 0 0 0 0 
0 0 0 0 0 0 0 0 0 0 4.52898e+09 1.34077e+11 4.16438e+11 5.01199e+11 3.96541e+11 2.60976e+11 1.60018e+11 9.76156e+10 6.15492e+10 4.09308e+10 2.83345e+10 2.07947e+10 1.60488e+10 1.2961e+10 1.06399e+10 9.17229e+09 7.95819e+09 7.23947e+09 6.54229e+09 6.42183e+09 5.84503e+09 6.07502e+09 5.77469e+09 0 0 0 0 0 0 0 0 0 0 0 0 0 0 0 0 0 0 0 0 0 0 0 0 0 0 0 0 0 0 0 0 
0 0 0 0 0 0 0 0 0 0 9.45857e+08 9.89213e+10 5.41297e+11 8.85393e+11 8.38944e+11 6.16822e+11 4.02852e+11 2.56923e+11 1.64667e+11 1.08457e+11 7.57781e+10 5.59451e+10 4.26477e+10 3.41091e+10 2.79971e+10 2.37752e+10 2.09153e+10 1.87454e+10 1.7319e+10 1.63108e+10 1.51775e+10 1.55744e+10 1.47344e+10 0 0 0 0 0 0 0 0 0 0 0 0 0 0 0 0 0 0 0 0 0 0 0 0 0 0 0 0 0 0 0 0 
0 0 0 0 0 0 0 0 0 0 8.16789e+07 5.46599e+10 5.85188e+11 1.3789e+12 1.61717e+12 1.35551e+12 9.6914e+11 6.43909e+11 4.27504e+11 2.87853e+11 2.018e+11 1.47694e+11 1.12557e+11 8.89009e+10 7.2922e+10 6.10602e+10 5.34104e+10 4.77087e+10 4.46127e+10 4.174e+10 4.00572e+10 3.82747e+10 3.82516e+10 0 0 0 0 0 0 0 0 0 0 0 0 0 0 0 0 0 0 0 0 0 0 0 0 0 0 0 0 0 0 0 0 
0 0 0 0 0 0 0 0 0 0 0 2.17495e+10 5.14718e+11 1.87019e+12 2.81255e+12 2.7459e+12 2.18245e+12 1.55525e+12 1.06619e+12 7.37519e+11 5.19547e+11 3.79222e+11 2.87935e+11 2.27796e+11 1.86886e+11 1.58582e+11 1.37646e+11 1.21849e+11 1.11288e+11 1.03684e+11 1.00749e+11 9.64259e+10 9.67898e+10 0 0 0 0 0 0 0 0 0 0 0 0 0 0 0 0 0 0 0 0 0 0 0 0 0 0 0 0 0 0 0 0 
0 0 0 0 0 0 0 0 0 0 0 5.79825e+09 3.6071e+11 2.17609e+12 4.38703e+12 5.16682e+12 4.59388e+12 3.54739e+12 2.55344e+12 1.82247e+12 1.30433e+12 9.58746e+11 7.36218e+11 5.76337e+11 4.74233e+11 3.99504e+11 3.45611e+11 3.09741e+11 2.8072e+11 2.631e+11 2.48384e+11 2.43024e+11 2.38311e+11 0 0 0 0 0 0 0 0 0 0 0 0 0 0 0 0 0 0 0 0 0 0 0 0 0 0 0 0 0 0 0 0 
0 0 0 0 0 0 0 0 0 0 0 8.80839e+08 1.96924e+11 2.11373e+12 6.04794e+12 8.77345e+12 8.93368e+12 7.5797e+12 5.86987e+12 4.2977e+12 3.18356e+12 2.37404e+12 1.83401e+12 1.45359e+12 1.18169e+12 9.96225e+11 8.61898e+11 7.63915e+11 6.95831e+11 6.5008e+11 6.17698e+11 6.01118e+11 5.87975e+11 0 0 0 0 0 0 0 0 0 0 0 0 0 0 0 0 0 0 0 0 0 0 0 0 0 0 0 0 0 0 0 0 
0 0 0 0 0 0 0 0 0 0 0 5.43326e+07 8.11582e+10 1.70903e+12 7.2594e+12 1.34883e+13 1.61109e+13 1.52308e+13 1.26539e+13 9.84176e+12 7.49613e+12 5.74364e+12 4.47538e+12 3.55868e+12 2.91799e+12 2.44834e+12 2.09836e+12 1.87392e+12 1.72492e+12 1.58402e+12 1.51015e+12 1.46434e+12 1.44771e+12 0 0 0 0 0 0 0 0 0 0 0 0 0 0 0 0 0 0 0 0 0 0 0 0 0 0 0 0 0 0 0 0 
0 0 0 0 0 0 0 0 0 0 0 0 2.42612e+10 1.12599e+12 7.50516e+12 1.8511e+13 2.67192e+13 2.84658e+13 2.57774e+13 2.15081e+13 1.70199e+13 1.34088e+13 1.05736e+13 8.52068e+12 6.98694e+12 5.89919e+12 5.13669e+12 4.54238e+12 4.11501e+12 3.84661e+12 3.63819e+12 3.50965e+12 3.51411e+12 0 0 0 0 0 0 0 0 0 0 0 0 0 0 0 0 0 0 0 0 0 0 0 0 0 0 0 0 0 0 0 0 
0 0 0 0 0 0 0 0 0 0 0 0 4.7767e+09 5.91096e+11 6.59084e+12 2.25051e+13 4.01135e+13 4.94768e+13 4.95553e+13 4.41379e+13 3.68118e+13 3.00537e+13 2.42966e+13 1.9945e+13 1.64198e+13 1.39416e+13 1.20736e+13 1.0827e+13 9.78878e+12 9.1181e+12 8.65292e+12 8.36383e+12 8.28698e+12 0 0 0 0 0 0 0 0 0 0 0 0 0 0 0 0 0 0 0 0 0 0 0 0 0 0 0 0 0 0 0 0 
0 0 0 0 0 0 0 0 0 0 0 0 5.17573e+08 2.43082e+11 4.85488e+12 2.38988e+13 5.40993e+13 7.87505e+13 8.82896e+13 8.54412e+13 7.58333e+13 6.43801e+13 5.34962e+13 4.45456e+13 3.76016e+13 3.2356e+13 2.84476e+13 2.50936e+13 2.30608e+13 2.15019e+13 2.02529e+13 1.96762e+13 1.95461e+13 0 0 0 0 0 0 0 0 0 0 0 0 0 0 0 0 0 0 0 0 0 0 0 0 0 0 0 0 0 0 0 0 
0 0 0 0 0 0 0 0 0 0 0 0 2.24964e+07 7.61487e+10 2.95942e+12 2.20142e+13 6.53897e+13 1.14397e+14 1.46405e+14 1.5527e+14 1.47458e+14 1.31183e+14 1.13741e+14 9.72612e+13 8.36809e+13 7.25023e+13 6.42181e+13 5.76188e+13 5.26481e+13 4.91484e+13 4.68575e+13 4.56434e+13 4.47889e+13 0 0 0 0 0 0 0 0 0 0 0 0 0 0 0 0 0 0 0 0 0 0 0 0 0 0 0 0 0 0 0 0 
0 0 0 0 0 0 0 0 0 0 0 0 0 1.70202e+10 1.47479e+12 1.73062e+13 6.98542e+13 1.5086e+14 2.23379e+14 2.63247e+14 2.71184e+14 2.57026e+14 2.3181e+14 2.03744e+14 1.80357e+14 1.59336e+14 1.41252e+14 1.28186e+14 1.17942e+14 1.1039e+14 1.04783e+14 1.01883e+14 1.00561e+14 0 0 0 0 0 0 0 0 0 0 0 0 0 0 0 0 0 0 0 0 0 0 0 0 0 0 0 0 0 0 0 0 
0 0 0 0 0 0 0 0 0 0 0 0 0 2.43281e+09 5.90403e+11 1.15811e+13 6.55761e+13 1.78664e+14 3.12877e+14 4.16723e+14 4.66715e+14 4.71495e+14 4.45806e+14 4.12363e+14 3.70635e+14 3.34336e+14 3.02068e+14 2.7673e+14 2.57392e+14 2.4105e+14 2.30867e+14 2.25241e+14 2.24164e+14 0 0 0 0 0 0 0 0 0 0 0 0 0 0 0 0 0 0 0 0 0 0 0 0 0 0 0 0 0 0 0 0 
0 0 0 0 0 0 0 0 0 0 0 0 0 1.80653e+08 1.85625e+11 6.49418e+12 5.36879e+13 1.89226e+14 3.97347e+14 6.05299e+14 7.49092e+14 8.19363e+14 8.23541e+14 7.88147e+14 7.34614e+14 6.77516e+14 6.22488e+14 5.75532e+14 5.41282e+14 5.11699e+14 4.91744e+14 4.79946e+14 4.76898e+14 0 0 0 0 0 0 0 0 0 0 0 0 0 0 0 0 0 0 0 0 0 0 0 0 0 0 0 0 0 0 0 0 
0 0 0 0 0 0 0 0 0 0 0 0 0 5.44861e+06 4.37576e+10 3.02182e+12 3.76541e+13 1.77774e+14 4.5984e+14 8.07953e+14 1.1232e+15 1.32368e+15 1.42468e+15 1.43237e+15 1.38773e+15 1.31573e+15 1.24085e+15 1.16455e+15 1.09865e+15 1.05454e+15 1.02238e+15 9.97295e+14 9.89601e+14 0 0 0 0 0 0 0 0 0 0 0 0 0 0 0 0 0 0 0 0 0 0 0 0 0 0 0 0 0 0 0 0 
0 0 0 0 0 0 0 0 0 0 0 0 0 0 7.18361e+09 1.15852e+12 2.2789e+13 1.47138e+14 4.74802e+14 9.89769e+14 1.54778e+15 2.01338e+15 2.31624e+15 2.45715e+15 2.47816e+15 2.42686e+15 2.34655e+15 2.25817e+15 2.16998e+15 2.09682e+15 2.03902e+15 2.00687e+15 1.99372e+15 0 0 0 0 0 0 0 0 0 0 0 0 0 0 0 0 0 0 0 0 0 0 0 0 0 0 0 0 0 0 0 0 
0 0 0 0 0 0 0 0 0 0 0 0 0 0 6.91679e+08 3.55921e+11 1.16556e+13 1.06028e+14 4.39471e+14 1.09851e+15 1.96474e+15 2.83553e+15 3.52902e+15 3.98225e+15 4.22016e+15 4.29822e+15 4.28853e+15 4.19894e+15 4.10664e+15 3.99544e+15 3.92202e+15 3.88697e+15 3.86406e+15 0 0 0 0 0 0 0 0 0 0 0 0 0 0 0 0 0 0 0 0 0 0 0 0 0 0 0 0 0 0 0 0 
0 0 0 0 0 0 0 0 0 0 0 0 0 0 3.31568e+07 8.45738e+10 5.05226e+12 6.685e+13 3.61694e+14 1.10108e+15 2.28881e+15 3.68556e+15 4.98991e+15 6.04274e+15 6.75668e+15 7.20983e+15 7.37105e+15 7.44456e+15 7.36424e+15 7.31272e+15 7.25397e+15 7.20318e+15 7.18247e+15 0 0 0 0 0 0 0 0 0 0 0 0 0 0 0 0 0 0 0 0 0 0 0 0 0 0 0 0 0 0 0 0 
0 0 0 0 0 0 0 0 0 0 0 0 0 0 750510 1.45168e+10 1.81053e+12 3.62715e+13 2.63467e+14 9.9256e+14 2.43244e+15 4.42857e+15 6.62242e+15 8.62459e+15 1.02342e+16 1.13068e+16 1.20463e+16 1.247e+16 1.27487e+16 1.27936e+16 1.27984e+16 1.27714e+16 1.27895e+16 0 0 0 0 0 0 0 0 0 0 0 0 0 0 0 0 0 0 0 0 0 0 0 0 0 0 0 0 0 0 0 0 
0 0 0 0 0 0 0 0 0 0 0 0 0 0 0 1.59452e+09 5.32974e+11 1.68484e+13 1.6812e+14 8.02194e+14 2.33966e+15 4.87712e+15 8.08386e+15 1.14172e+16 1.4429e+16 1.68691e+16 1.86651e+16 1.99218e+16 2.06899e+16 2.12062e+16 2.14722e+16 2.16023e+16 2.16473e+16 0 0 0 0 0 0 0 0 0 0 0 0 0 0 0 0 0 0 0 0 0 0 0 0 0 0 0 0 0 0 0 0 
0 0 0 0 0 0 0 0 0 0 0 0 0 0 0 9.39319e+07 1.22794e+11 6.65721e+12 9.37335e+13 5.76638e+14 2.03421e+15 4.93179e+15 9.14939e+15 1.40751e+16 1.905e+16 2.35565e+16 2.72088e+16 2.99479e+16 3.19951e+16 3.33713e+16 3.43059e+16 3.48239e+16 3.48974e+16 0 0 0 0 0 0 0 0 0 0 0 0 0 0 0 0 0 0 0 0 0 0 0 0 0 0 0 0 0 0 0 0 
0 0 0 0 0 0 0 0 0 0 0 0 0 0 0 2.93663e+06 2.10296e+10 2.22782e+12 4.54475e+13 3.67046e+14 1.59189e+15 4.50212e+15 9.45326e+15 1.61153e+16 2.35378e+16 3.07272e+16 3.7252e+16 4.26512e+16 4.66924e+16 4.98717e+16 5.18659e+16 5.303e+16 5.35193e+16 0 0 0 0 0 0 0 0 0 0 0 0 0 0 0 0 0 0 0 0 0 0 0 0 0 0 0 0 0 0 0 0 
0 0 0 0 0 0 0 0 0 0 0 0 0 0 0 59154.3 2.39434e+09 6.11561e+11 1.90514e+13 2.0631e+14 1.11737e+15 3.74764e+15 8.98204e+15 1.68804e+16 2.67121e+16 3.75247e+16 4.77417e+16 5.69054e+16 6.46216e+16 7.0161e+16 7.41669e+16 7.6435e+16 7.71715e+16 0 0 0 0 0 0 0 0 0 0 0 0 0 0 0 0 0 0 0 0 0 0 0 0 0 0 0 0 0 0 0 0 
0 0 0 0 0 0 0 0 0 0 0 0 0 0 0 0 1.4817e+08 1.33454e+11 6.85881e+12 1.01493e+14 6.95414e+14 2.80054e+15 7.74431e+15 1.63515e+16 2.8403e+16 4.24644e+16 5.72659e+16 7.11354e+16 8.30185e+16 9.26469e+16 9.95582e+16 1.04028e+17 1.05353e+17 0 0 0 0 0 0 0 0 0 0 0 0 0 0 0 0 0 0 0 0 0 0 0 0 0 0 0 0 0 0 0 0 
0 0 0 0 0 0 0 0 0 0 0 0 0 0 0 0 5.34526e+06 2.18523e+10 2.09213e+12 4.38987e+13 3.87907e+14 1.89588e+15 6.10128e+15 1.45234e+16 2.75709e+16 4.4614e+16 6.38757e+16 8.31338e+16 1.0083e+17 1.15633e+17 1.26433e+17 1.32941e+17 1.34777e+17 0 0 0 0 0 0 0 0 0 0 0 0 0 0 0 0 0 0 0 0 0 0 0 0 0 0 0 0 0 0 0 0 
0 0 0 0 0 0 0 0 0 0 0 0 0 0 0 0 106737 2.36966e+09 5.27638e+11 1.64769e+13 1.90619e+14 1.14822e+15 4.33622e+15 1.17337e+16 2.47699e+16 4.33686e+16 6.60042e+16 9.03098e+16 1.139e+17 1.3416e+17 1.49893e+17 1.5955e+17 1.63347e+17 0 0 0 0 0 0 0 0 0 0 0 0 0 0 0 0 0 0 0 0 0 0 0 0 0 0 0 0 0 0 0 0 
0 0 0 0 0 0 0 0 0 0 0 0 0 0 0 0 2182.79 1.41285e+08 1.04987e+11 5.30633e+12 8.26668e+13 6.20994e+14 2.79124e+15 8.61848e+15 2.03225e+16 3.87913e+16 6.33399e+16 9.16139e+16 1.20293e+17 1.45877e+17 1.6598e+17 1.78981e+17 1.83851e+17 0 0 0 0 0 0 0 0 0 0 0 0 0 0 0 0 0 0 0 0 0 0 0 0 0 0 0 0 0 0 0 0 
0 0 0 0 0 0 0 0 0 0 0 0 0 0 0 0 0 4.59698e+06 1.56351e+10 1.46224e+12 3.16782e+13 3.00025e+14 1.62183e+15 5.79623e+15 1.52623e+16 3.20342e+16 5.60907e+16 8.58203e+16 1.17526e+17 1.47915e+17 1.7236e+17 1.88309e+17 1.93262e+17 0 0 0 0 0 0 0 0 0 0 0 0 0 0 0 0 0 0 0 0 0 0 0 0 0 0 0 0 0 0 0 0 
0 0 0 0 0 0 0 0 0 0 0 0 0 0 0 0 0 91724.2 1.50903e+09 3.29385e+11 1.04816e+13 1.28897e+14 8.4363e+14 3.5275e+15 1.0459e+16 2.41485e+16 4.58389e+16 7.43931e+16 1.06885e+17 1.38906e+17 1.66084e+17 1.8374e+17 1.89751e+17 0 0 0 0 0 0 0 0 0 0 0 0 0 0 0 0 0 0 0 0 0 0 0 0 0 0 0 0 0 0 0 0 
0 0 0 0 0 0 0 0 0 0 0 0 0 0 0 0 0 0 7.55073e+07 5.84395e+10 3.00689e+12 4.89146e+13 3.93813e+14 1.9252e+15 6.54698e+15 1.66892e+16 3.44076e+16 5.96704e+16 8.99012e+16 1.21187e+17 1.48293e+17 1.6641e+17 1.73451e+17 0 0 0 0 0 0 0 0 0 0 0 0 0 0 0 0 0 0 0 0 0 0 0 0 0 0 0 0 0 0 0 0 
0 0 0 0 0 0 0 0 0 0 0 0 0 0 0 0 0 0 1.9018e+06 7.53298e+09 7.27736e+11 1.63209e+13 1.64947e+14 9.55203e+14 3.70564e+15 1.05578e+16 2.36306e+16 4.38913e+16 7.00211e+16 9.78651e+16 1.23132e+17 1.40663e+17 1.46818e+17 0 0 0 0 0 0 0 0 0 0 0 0 0 0 0 0 0 0 0 0 0 0 0 0 0 0 0 0 0 0 0 0 
0 0 0 0 0 0 0 0 0 0 0 0 0 0 0 0 0 0 3080.09 5.92686e+08 1.43032e+11 4.75569e+12 6.102e+13 4.25047e+14 1.90224e+15 6.08674e+15 1.49348e+16 2.97391e+16 4.99376e+16 7.30317e+16 9.41398e+16 1.09709e+17 1.15037e+17 0 0 0 0 0 0 0 0 0 0 0 0 0 0 0 0 0 0 0 0 0 0 0 0 0 0 0 0 0 0 0 0 
0 0 0 0 0 0 0 0 0 0 0 0 0 0 0 0 0 0 0 2.00914e+07 2.14866e+10 1.17565e+12 2.00073e+13 1.70721e+14 8.87868e+14 3.19373e+15 8.61372e+15 1.84625e+16 3.29497e+16 5.02314e+16 6.70348e+16 7.91492e+16 8.36073e+16 0 0 0 0 0 0 0 0 0 0 0 0 0 0 0 0 0 0 0 0 0 0 0 0 0 0 0 0 0 0 0 0 
0 0 0 0 0 0 0 0 0 0 0 0 0 0 0 0 0 0 0 122570 2.22505e+09 2.45016e+11 5.75334e+12 6.05137e+13 3.70161e+14 1.51485e+15 4.52342e+15 1.05302e+16 1.99627e+16 3.17618e+16 4.37698e+16 5.25315e+16 5.58233e+16 0 0 0 0 0 0 0 0 0 0 0 0 0 0 0 0 0 0 0 0 0 0 0 0 0 0 0 0 0 0 0 0 
0 0 0 0 0 0 0 0 0 0 0 0 0 0 0 0 0 0 0 0 1.27978e+08 3.99255e+10 1.44228e+12 1.93037e+13 1.40684e+14 6.55816e+14 2.17195e+15 5.47989e+15 1.10411e+16 1.85281e+16 2.62367e+16 3.21747e+16 3.44823e+16 0 0 0 0 0 0 0 0 0 0 0 0 0 0 0 0 0 0 0 0 0 0 0 0 0 0 0 0 0 0 0 0 
0 0 0 0 0 0 0 0 0 0 0 0 0 0 0 0 0 0 0 0 1.52699e+06 4.83277e+09 3.00514e+11 5.39311e+12 4.76676e+13 2.55644e+14 9.50341e+14 2.60372e+15 5.63596e+15 9.88653e+15 1.44697e+16 1.82422e+16 1.95732e+16 0 0 0 0 0 0 0 0 0 0 0 0 0 0 0 0 0 0 0 0 0 0 0 0 0 0 0 0 0 0 0 0 
0 0 0 0 0 0 0 0 0 0 0 0 0 0 0 0 0 0 0 0 3051.93 3.7227e+08 5.13099e+10 1.31034e+12 1.43007e+13 8.99293e+13 3.75283e+14 1.12894e+15 2.61295e+15 4.82016e+15 7.37802e+15 9.38589e+15 1.01909e+16 0 0 0 0 0 0 0 0 0 0 0 0 0 0 0 0 0 0 0 0 0 0 0 0 0 0 0 0 0 0 0 0 
0 0 0 0 0 0 0 0 0 0 0 0 0 0 0 0 0 0 0 0 0 1.10596e+07 6.77981e+09 2.71613e+11 3.85193e+12 2.84798e+13 1.3417e+14 4.4788e+14 1.10876e+15 2.16517e+15 3.44105e+15 4.47119e+15 4.87943e+15 0 0 0 0 0 0 0 0 0 0 0 0 0 0 0 0 0 0 0 0 0 0 0 0 0 0 0 0 0 0 0 0 
0 0 0 0 0 0 0 0 0 0 0 0 0 0 0 0 0 0 0 0 0 69314.2 6.03601e+08 4.73353e+10 8.90566e+11 8.0669e+12 4.35653e+13 1.59758e+14 4.30059e+14 8.93102e+14 1.46207e+15 1.95837e+15 2.14224e+15 0 0 0 0 0 0 0 0 0 0 0 0 0 0 0 0 0 0 0 0 0 0 0 0 0 0 0 0 0 0 0 0 
0 0 0 0 0 0 0 0 0 0 0 0 0 0 0 0 0 0 0 0 0 0 2.71538e+07 6.41632e+09 1.8106e+11 2.01278e+12 1.27775e+13 5.22594e+13 1.5259e+14 3.335e+14 5.69935e+14 7.79442e+14 8.66753e+14 0 0 0 0 0 0 0 0 0 0 0 0 0 0 0 0 0 0 0 0 0 0 0 0 0 0 0 0 0 0 0 0 
0 0 0 0 0 0 0 0 0 0 0 0 0 0 0 0 0 0 0 0 0 0 695114 6.18931e+08 3.02259e+10 4.4972e+11 3.34308e+12 1.53093e+13 4.87134e+13 1.14358e+14 2.04145e+14 2.86442e+14 3.21575e+14 0 0 0 0 0 0 0 0 0 0 0 0 0 0 0 0 0 0 0 0 0 0 0 0 0 0 0 0 0 0 0 0 
0 0 0 0 0 0 0 0 0 0 0 0 0 0 0 0 0 0 0 0 0 0 1748.09 3.22743e+07 4.11381e+09 8.56347e+10 7.71324e+11 4.12879e+12 1.41983e+13 3.55172e+13 6.63871e+13 9.59378e+13 1.08799e+14 0 0 0 0 0 0 0 0 0 0 0 0 0 0 0 0 0 0 0 0 0 0 0 0 0 0 0 0 0 0 0 0 
0 0 0 0 0 0 0 0 0 0 0 0 0 0 0 0 0 0 0 0 0 0 0 1.19816e+06 4.16782e+08 1.3841e+10 1.60684e+11 9.69002e+11 3.79956e+12 1.02263e+13 1.99716e+13 2.95338e+13 3.33121e+13 0 0 0 0 0 0 0 0 0 0 0 0 0 0 0 0 0 0 0 0 0 0 0 0 0 0 0 0 0 0 0 0 
0 0 0 0 0 0 0 0 0 0 0 0 0 0 0 0 0 0 0 0 0 0 0 26528.4 2.28768e+07 1.82758e+09 2.85477e+10 2.09313e+11 9.08975e+11 2.61811e+12 5.38771e+12 8.2223e+12 9.42331e+12 0 0 0 0 0 0 0 0 0 0 0 0 0 0 0 0 0 0 0 0 0 0 0 0 0 0 0 0 0 0 0 0 
0 0 0 0 0 0 0 0 0 0 0 0 0 0 0 0 0 0 0 0 0 0 0 0 990184 1.8719e+08 4.41989e+09 3.93243e+10 1.92886e+11 6.15043e+11 1.34925e+12 2.11647e+12 2.46065e+12 0 0 0 0 0 0 0 0 0 0 0 0 0 0 0 0 0 0 0 0 0 0 0 0 0 0 0 0 0 0 0 0 
0 0 0 0 0 0 0 0 0 0 0 0 0 0 0 0 0 0 0 0 0 0 0 0 25614.1 9.42757e+06 5.43724e+08 6.59623e+09 3.76597e+10 1.32228e+11 3.04521e+11 4.92706e+11 5.78956e+11 0 0 0 0 0 0 0 0 0 0 0 0 0 0 0 0 0 0 0 0 0 0 0 0 0 0 0 0 0 0 0 0 
0 0 0 0 0 0 0 0 0 0 0 0 0 0 0 0 0 0 0 0 0 0 0 0 506.029 411329 5.61248e+07 9.33902e+08 6.60859e+09 2.52593e+10 6.2597e+10 1.06579e+11 1.26407e+11 0 0 0 0 0 0 0 0 0 0 0 0 0 0 0 0 0 0 0 0 0 0 0 0 0 0 0 0 0 0 0 0 
0 0 0 0 0 0 0 0 0 0 0 0 0 0 0 0 0 0 0 0 0 0 0 0 0 11684.7 2.22439e+06 1.07745e+08 9.80017e+08 4.44195e+09 1.18556e+10 2.08296e+10 2.53791e+10 0 0 0 0 0 0 0 0 0 0 0 0 0 0 0 0 0 0 0 0 0 0 0 0 0 0 0 0 0 0 0 0 
0 0 0 0 0 0 0 0 0 0 0 0 0 0 0 0 0 0 0 0 0 0 0 0 0 0 90888.4 1.06769e+07 1.30196e+08 6.92861e+08 2.04414e+09 3.72626e+09 4.64392e+09 0 0 0 0 0 0 0 0 0 0 0 0 0 0 0 0 0 0 0 0 0 0 0 0 0 0 0 0 0 0 0 0 
0 0 0 0 0 0 0 0 0 0 0 0 0 0 0 0 0 0 0 0 0 0 0 0 0 0 0 300241 1.29761e+07 9.68132e+07 3.19121e+08 6.28921e+08 7.70812e+08 0 0 0 0 0 0 0 0 0 0 0 0 0 0 0 0 0 0 0 0 0 0 0 0 0 0 0 0 0 0 0 0 
0 0 0 0 0 0 0 0 0 0 0 0 0 0 0 0 0 0 0 0 0 0 0 0 0 0 0 0 1.56484e+06 1.13483e+07 4.39398e+07 9.53058e+07 1.19124e+08 0 0 0 0 0 0 0 0 0 0 0 0 0 0 0 0 0 0 0 0 0 0 0 0 0 0 0 0 0 0 0 0 
0 0 0 0 0 0 0 0 0 0 0 0 0 0 0 0 0 0 0 0 0 0 0 0 0 0 0 0 823.358 842533 5.93093e+06 1.26995e+07 1.77182e+07 0 0 0 0 0 0 0 0 0 0 0 0 0 0 0 0 0 0 0 0 0 0 0 0 0 0 0 0 0 0 0 0 
0 0 0 0 0 0 0 0 0 0 0 0 0 0 0 0 0 0 0 0 0 0 0 0 0 0 0 0 0 175659 648702 1.55016e+06 2.42378e+06 0 0 0 0 0 0 0 0 0 0 0 0 0 0 0 0 0 0 0 0 0 0 0 0 0 0 0 0 0 0 0 0 
0 0 0 0 0 0 0 0 0 0 0 0 0 0 0 0 0 0 0 0 0 0 0 0 0 0 0 0 0 0 17852.1 269494 189663 0 0 0 0 0 0 0 0 0 0 0 0 0 0 0 0 0 0 0 0 0 0 0 0 0 0 0 0 0 0 0 0 
0 0 0 0 0 0 0 0 0 0 0 0 0 0 0 0 0 0 0 0 0 0 0 0 0 0 0 0 0 0 19516.5 17086 45810.9 0 0 0 0 0 0 0 0 0 0 0 0 0 0 0 0 0 0 0 0 0 0 0 0 0 0 0 0 0 0 0 0 
0 0 0 0 0 0 0 0 0 0 0 0 0 0 0 0 0 0 0 0 0 0 0 0 0 0 0 0 0 0 0 0 7772.89 0 0 0 0 0 0 0 0 0 0 0 0 0 0 0 0 0 0 0 0 0 0 0 0 0 0 0 0 0 0 0 0 
0 0 0 0 0 0 0 0 0 0 0 0 0 0 0 0 0 0 0 0 0 0 0 0 0 0 0 0 0 0 0 1338.24 0 0 0 0 0 0 0 0 0 0 0 0 0 0 0 0 0 0 0 0 0 0 0 0 0 0 0 0 0 0 0 0 0 
0 0 0 0 0 0 0 0 0 0 0 0 0 0 0 0 0 0 0 0 0 0 0 0 0 0 0 0 0 0 0 0 0 0 0 0 0 0 0 0 0 0 0 0 0 0 0 0 0 0 0 0 0 0 0 0 0 0 0 0 0 0 0 0 0 
0 0 0 0 0 0 0 0 0 0 0 0 0 0 0 0 0 0 0 0 0 0 0 0 0 0 0 0 0 0 0 0 41.8201 0 0 0 0 0 0 0 0 0 0 0 0 0 0 0 0 0 0 0 0 0 0 0 0 0 0 0 0 0 0 0 0 
0 0 0 0 0 0 0 0 0 0 0 0 0 0 0 0 0 0 0 0 0 0 0 0 0 0 0 0 0 0 0 0 0 0 0 0 0 0 0 0 0 0 0 0 0 0 0 0 0 0 0 0 0 0 0 0 0 0 0 0 0 0 0 0 0 
0 0 0 0 0 0 0 0 0 0 0 0 0 0 0 0 0 0 0 0 0 0 0 0 0 0 0 0 0 0 0 0 0 0 0 0 0 0 0 0 0 0 0 0 0 0 0 0 0 0 0 0 0 0 0 0 0 0 0 0 0 0 0 0 0 
0 0 0 0 0 0 0 0 0 0 0 0 0 0 0 0 0 0 0 0 0 0 0 0 0 0 0 0 0 0 0 0 0 0 0 0 0 0 0 0 0 0 0 0 0 0 0 0 0 0 0 0 0 0 0 0 0 0 0 0 0 0 0 0 0 
0 0 0 0 0 0 0 0 0 0 0 0 0 0 0 0 0 0 0 0 0 0 0 0 0 0 0 0 0 0 0 0 0 0 0 0 0 0 0 0 0 0 0 0 0 0 0 0 0 0 0 0 0 0 0 0 0 0 0 0 0 0 0 0 0 
0 0 0 0 0 0 0 0 0 0 0 0 0 0 0 0 0 0 0 0 0 0 0 0 0 0 0 0 0 0 0 0 0 0 0 0 0 0 0 0 0 0 0 0 0 0 0 0 0 0 0 0 0 0 0 0 0 0 0 0 0 0 0 0 0 
0 0 0 0 0 0 0 0 0 0 0 0 0 0 0 0 0 0 0 0 0 0 0 0 0 0 0 0 0 0 0 0 0 0 0 0 0 0 0 0 0 0 0 0 0 0 0 0 0 0 0 0 0 0 0 0 0 0 0 0 0 0 0 0 0 
0 0 0 0 0 0 0 0 0 0 0 0 0 0 0 0 0 0 0 0 0 0 0 0 0 0 0 0 0 0 0 0 0 0 0 0 0 0 0 0 0 0 0 0 0 0 0 0 0 0 0 0 0 0 0 0 0 0 0 0 0 0 0 0 0 
0 0 0 0 0 0 0 0 0 0 0 0 0 0 0 0 0 0 0 0 0 0 0 0 0 0 0 0 0 0 0 0 0 0 0 0 0 0 0 0 0 0 0 0 0 0 0 0 0 0 0 0 0 0 0 0 0 0 0 0 0 0 0 0 0 
0 0 0 0 0 0 0 0 0 0 0 0 0 0 0 0 0 0 0 0 0 0 0 0 0 0 0 0 0 0 0 0 0 0 0 0 0 0 0 0 0 0 0 0 0 0 0 0 0 0 0 0 0 0 0 0 0 0 0 0 0 0 0 0 0 
0 0 0 0 0 0 0 0 0 0 0 0 0 0 0 0 0 0 0 0 0 0 0 0 0 0 0 0 0 0 0 0 0 0 0 0 0 0 0 0 0 0 0 0 0 0 0 0 0 0 0 0 0 0 0 0 0 0 0 0 0 0 0 0 0 
0 0 0 0 0 0 0 0 0 0 0 0 0 0 0 0 0 0 0 0 0 0 0 0 0 0 0 0 0 0 0 0 0 0 0 0 0 0 0 0 0 0 0 0 0 0 0 0 0 0 0 0 0 0 0 0 0 0 0 0 0 0 0 0 0 
0 0 0 0 0 0 0 0 0 0 0 0 0 0 0 0 0 0 0 0 0 0 0 0 0 0 0 0 0 0 0 0 0 0 0 0 0 0 0 0 0 0 0 0 0 0 0 0 0 0 0 0 0 0 0 0 0 0 0 0 0 0 0 0 0 
0 0 0 0 0 0 0 0 0 0 0 0 0 0 0 0 0 0 0 0 0 0 0 0 0 0 0 0 0 0 0 0 0 0 0 0 0 0 0 0 0 0 0 0 0 0 0 0 0 0 0 0 0 0 0 0 0 0 0 0 0 0 0 0 0 
0 0 0 0 0 0 0 0 0 0 0 0 0 0 0 0 0 0 0 0 0 0 0 0 0 0 0 0 0 0 0 0 0 0 0 0 0 0 0 0 0 0 0 0 0 0 0 0 0 0 0 0 0 0 0 0 0 0 0 0 0 0 0 0 0 
0 0 0 0 0 0 0 0 0 0 0 0 0 0 0 0 0 0 0 0 0 0 0 0 0 0 0 0 0 0 0 0 0 0 0 0 0 0 0 0 0 0 0 0 0 0 0 0 0 0 0 0 0 0 0 0 0 0 0 0 0 0 0 0 0 
0 0 0 0 0 0 0 0 0 0 0 0 0 0 0 0 0 0 0 0 0 0 0 0 0 0 0 0 0 0 0 0 0 0 0 0 0 0 0 0 0 0 0 0 0 0 0 0 0 0 0 0 0 0 0 0 0 0 0 0 0 0 0 0 0 
0 0 0 0 0 0 0 0 0 0 0 0 0 0 0 0 0 0 0 0 0 0 0 0 0 0 0 0 0 0 0 0 0 0 0 0 0 0 0 0 0 0 0 0 0 0 0 0 0 0 0 0 0 0 0 0 0 0 0 0 0 0 0 0 0 
0 0 0 0 0 0 0 0 0 0 0 0 0 0 0 0 0 0 0 0 0 0 0 0 0 0 0 0 0 0 0 0 0 0 0 0 0 0 0 0 0 0 0 0 0 0 0 0 0 0 0 0 0 0 0 0 0 0 0 0 0 0 0 0 0 
0 0 0 0 0 0 0 0 0 0 0 0 0 0 0 0 0 0 0 0 0 0 0 0 0 0 0 0 0 0 0 0 0 0 0 0 0 0 0 0 0 0 0 0 0 0 0 0 0 0 0 0 0 0 0 0 0 0 0 0 0 0 0 0 0 
0 0 0 0 0 0 0 0 0 0 0 0 0 0 0 0 0 0 0 0 0 0 0 0 0 0 0 0 0 0 0 0 0 0 0 0 0 0 0 0 0 0 0 0 0 0 0 0 0 0 0 0 0 0 0 0 0 0 0 0 0 0 0 0 0 
0 0 0 0 0 0 0 0 0 0 0 0 0 0 0 0 0 0 0 0 0 0 0 0 0 0 0 0 0 0 0 0 0 0 0 0 0 0 0 0 0 0 0 0 0 0 0 0 0 0 0 0 0 0 0 0 0 0 0 0 0 0 0 0 0 
0 0 0 0 0 0 0 0 0 0 0 0 0 0 0 0 0 0 0 0 0 0 0 0 0 0 0 0 0 0 0 0 0 0 0 0 0 0 0 0 0 0 0 0 0 0 0 0 0 0 0 0 0 0 0 0 0 0 0 0 0 0 0 0 0 
0 0 0 0 0 0 0 0 0 0 0 0 0 0 0 0 0 0 0 0 0 0 0 0 0 0 0 0 0 0 0 0 0 0 0 0 0 0 0 0 0 0 0 0 0 0 0 0 0 0 0 0 0 0 0 0 0 0 0 0 0 0 0 0 0 
0 0 0 0 0 0 0 0 0 0 0 0 0 0 0 0 0 0 0 0 0 0 0 0 0 0 0 0 0 0 0 0 0 0 0 0 0 0 0 0 0 0 0 0 0 0 0 0 0 0 0 0 0 0 0 0 0 0 0 0 0 0 0 0 0 
0 0 0 0 0 0 0 0 0 0 0 0 0 0 0 0 0 0 0 0 0 0 0 0 0 0 0 0 0 0 0 0 0 0 0 0 0 0 0 0 0 0 0 0 0 0 0 0 0 0 0 0 0 0 0 0 0 0 0 0 0 0 0 0 0 
0 0 0 0 0 0 0 0 0 0 0 0 0 0 0 0 0 0 0 0 0 0 0 0 0 0 0 0 0 0 0 0 0 0 0 0 0 0 0 0 0 0 0 0 0 0 0 0 0 0 0 0 0 0 0 0 0 0 0 0 0 0 0 0 0 
0 0 0 0 0 0 0 0 0 0 0 0 0 0 0 0 0 0 0 0 0 0 0 0 0 0 0 0 0 0 0 0 0 0 0 0 0 0 0 0 0 0 0 0 0 0 0 0 0 0 0 0 0 0 0 0 0 0 0 0 0 0 0 0 0 
0 0 0 0 0 0 0 0 0 0 0 0 0 0 0 0 0 0 0 0 0 0 0 0 0 0 0 0 0 0 0 0 0 0 0 0 0 0 0 0 0 0 0 0 0 0 0 0 0 0 0 0 0 0 0 0 0 0 0 0 0 0 0 0 0 
0 0 0 0 0 0 0 0 0 0 0 0 0 0 0 0 0 0 0 0 0 0 0 0 0 0 0 0 0 0 0 0 0 0 0 0 0 0 0 0 0 0 0 0 0 0 0 0 0 0 0 0 0 0 0 0 0 0 0 0 0 0 0 0 0 
0 0 0 0 0 0 0 0 0 0 0 0 0 0 0 0 0 0 0 0 0 0 0 0 0 0 0 0 0 0 0 0 0 0 0 0 0 0 0 0 0 0 0 0 0 0 0 0 0 0 0 0 0 0 0 0 0 0 0 0 0 0 0 0 0 
0 0 0 0 0 0 0 0 0 0 0 0 0 0 0 0 0 0 0 0 0 0 0 0 0 0 0 0 0 0 0 0 0 0 0 0 0 0 0 0 0 0 0 0 0 0 0 0 0 0 0 0 0 0 0 0 0 0 0 0 0 0 0 0 0 
0 0 0 0 0 0 0 0 0 0 0 0 0 0 0 0 0 0 0 0 0 0 0 0 0 0 0 0 0 0 0 0 0 0 0 0 0 0 0 0 0 0 0 0 0 0 0 0 0 0 0 0 0 0 0 0 0 0 0 0 0 0 0 0 0 
