1 0 0 0 0 0 0 0 0 0 0 0 0 0 0 0 0 0 0 0 0 0 0 0 0 0 0 0 0 0 0 0 0 0 0 0 0 0 0 0 0 0 0 0 0 0 0 0 0 0 0 0 0 0 0 0 0 0 0 0 0 0 0 0 1 
0 0 0 0 0 0 0 0 0 0 0 0 0 0 0 0 0 0 0 0 0 0 0 0 0 0 0 0 0 0 0 0 0 0 0 0 0 0 0 0 0 0 0 0 0 0 0 0 0 0 0 0 0 0 0 0 0 0 0 0 0 0 0 0 0 
0 0 0 0 0 0 0 0 0 0 0 0 0 0 0 0 0 0 0 0 0 0 0 0 0 0 0 0 0 0 0 0 0 0 0 0 0 0 0 0 0 0 0 0 0 0 0 0 0 0 0 0 0 0 0 0 0 0 0 0 0 0 0 0 0 
0 0 0 0 0 0 0 0 0 0 0 0 0 0 0 0 0 0 0 0 0 0 0 0 0 0 0 0 0 0 0 0 0 0 0 0 0 0 0 0 0 0 0 0 0 0 0 0 0 0 0 0 0 0 0 0 0 0 0 0 0 0 0 0 0 
0 64 0 0 0 0 0 0 0 0 0 0 0 0 0 0 0 0 0 0 0 0 0 0 0 0 0 0 0 0 0 0 0 0 0 0 0 0 0 0 0 0 0 0 0 0 0 0 0 0 0 0 0 0 0 0 0 0 0 0 0 0 0 0 0 
0 0 0 0 0 0 0 0 0 0 0 0 0 0 0 0 0 0 0 0 0 0 0 0 0 0 0 0 0 0 0 0 0 0 0 0 0 0 0 0 0 0 0 0 0 0 0 0 0 0 0 0 0 0 0 0 0 0 0 0 0 0 0 0 0 
0 0 0 0 0 0 0 0 0 0 0 0 0 0 0 0 0 0 0 0 0 0 0 0 0 0 0 0 0 0 0 0 0 0 0 0 0 0 0 0 0 0 0 0 0 0 0 0 0 0 0 0 0 0 0 0 0 0 0 0 0 0 0 0 0 
0 0 256 0 0 0 0 0 0 0 0 0 0 0 0 0 0 0 0 0 0 0 0 0 0 0 0 0 0 0 0 0 0 0 0 0 0 0 0 0 0 0 0 0 0 0 0 0 0 0 0 0 0 0 0 0 0 0 0 0 0 0 0 0 0 
0 0 1760 0 0 0 0 0 0 0 0 0 0 0 0 0 0 0 0 0 0 0 0 0 0 0 0 0 0 0 0 0 0 0 0 0 0 0 0 0 0 0 0 0 0 0 0 0 0 0 0 0 0 0 0 0 0 0 0 0 0 0 0 0 0 
0 0 0 126.788 0 0 0 0 0 0 0 0 0 0 0 0 0 0 0 0 0 0 0 0 0 0 0 0 0 0 0 0 0 0 0 0 0 0 0 0 0 0 0 0 0 0 0 0 0 0 0 0 0 0 0 0 0 0 0 0 0 0 0 0 0 
0 0 0 1419.18 0 0 0 0 0 0 0 0 0 0 0 0 0 0 0 0 0 0 0 0 0 0 0 0 0 0 0 0 0 0 0 0 0 0 0 0 0 0 0 0 0 0 0 0 0 0 0 0 0 0 0 0 0 0 0 0 0 0 0 0 0 
0 0 0 12653.3 192.34 0 0 0 0 0 0 0 0 0 0 0 0 0 0 0 0 0 0 0 0 0 0 0 0 0 0 0 0 0 0 0 0 0 0 0 0 0 0 0 0 0 0 0 0 0 0 0 0 0 0 0 0 0 0 0 0 0 0 0 0 
0 0 0 27464.8 1805.62 0 0 0 0 0 0 0 0 0 0 0 0 0 0 0 0 0 0 0 0 0 0 0 0 0 0 0 0 0 0 0 0 0 0 0 0 0 0 0 0 0 0 0 0 0 0 0 0 0 0 0 0 0 0 0 0 0 0 0 0 
0 0 0 0 14498.2 386.453 0 0 0 0 0 0 0 0 0 0 0 0 0 0 0 0 0 0 0 0 0 0 0 0 0 0 0 0 0 0 0 0 0 0 0 0 0 0 0 0 0 0 0 0 0 0 0 0 0 0 0 0 0 0 0 0 0 0 0 
0 0 0 0 84205.6 4034.47 0 0 0 0 0 0 0 0 0 0 0 0 0 0 0 0 0 0 0 0 0 0 0 0 0 0 0 0 0 0 0 0 0 0 0 0 0 0 0 0 0 0 0 0 0 0 0 0 0 0 0 0 0 0 0 0 0 0 0 
0 0 0 0 264006 26193.6 1414.35 0 0 0 0 0 0 0 0 0 0 0 0 0 0 0 0 0 0 0 0 0 0 0 0 0 0 0 0 0 0 0 0 0 0 0 0 0 0 0 0 0 0 0 0 0 0 0 0 0 0 0 0 0 0 0 0 0 0 
0 0 0 0 270668 146799 9395.73 457.446 49.262 0 0 0 0 0 0 0 4.03884 0 0 0 0 0 0 0 0 0 0 0 0 0 0 0 4.0158 0 0 0 0 0 0 0 0 0 0 0 0 0 0 0 0 0 0 0 0 0 0 0 0 0 0 0 0 0 0 0 0 
0 0 0 0 0 657091 66321.6 4203.43 0 0 0 0 0 0 0 0 0 0 0 0 0 0 0 0 0 0 0 0 0 0 0 0 0 0 0 0 0 0 0 0 0 0 0 0 0 0 0 0 0 0 0 0 0 0 0 0 0 0 0 0 0 0 0 0 0 
0 0 0 0 0 1.95028e+06 339055 31941.4 4011.36 448.474 0 0 0 0 0 64.6215 0 0 0 0 0 0 0 0 0 0 0 0 0 0 0 0 0 0 0 0 0 0 0 0 0 0 0 0 0 0 0 0 0 0 0 0 0 0 0 0 0 0 0 0 0 0 0 0 0 
0 0 0 0 0 3.06501e+06 1.46197e+06 191610 15338.6 4262.48 1274.33 386.712 193.359 127.947 193.893 0 0 128.116 0 0 0 0 0 0 0 0 0 0 0 0 0 128.505 0 0 0 0 0 0 0 0 0 0 0 0 0 0 0 0 0 0 0 0 0 0 0 0 0 0 0 0 0 0 0 0 0 
0 0 0 0 0 1.77472e+06 5.27842e+06 918178 125168 9744.61 3320.84 1754.96 815.082 574.821 290.768 0 0 62.9798 0 0 0 0 0 0 0 0 0 0 0 0 0 0 0 0 0 0 0 0 0 0 0 0 0 0 0 0 0 0 0 0 0 0 0 0 0 0 0 0 0 0 0 0 0 0 0 
0 0 0 0 0 0 1.40625e+07 3.90824e+06 622565 100407 16340.1 3442 2164.76 1181.02 0 0 1927.83 0 382.345 0 0 0 0 0 0 0 0 0 0 0 444.553 0 0 0 0 0 0 0 0 0 0 0 0 0 0 0 0 0 0 0 0 0 0 0 0 0 0 0 0 0 0 0 0 0 0 
0 0 0 0 0 0 2.38258e+07 1.3806e+07 2.89117e+06 516870 103217 31597.9 11294.2 5026.64 3339.63 5372.28 1126.94 0 1700.49 253.174 0 0 0 0 0 0 0 0 0 252.878 1547.28 0 3964.64 0 0 0 0 0 0 0 0 0 0 0 0 0 0 0 0 0 0 0 0 0 0 0 0 0 0 0 0 0 0 0 0 
0 0 0 0 0 0 2.19592e+07 4.18236e+07 1.13189e+07 2.27338e+06 501909 135664 49701.7 23935.5 17814.6 11896.7 0 5322.19 2078.34 1131.22 392.256 0 0 0 0 0 0 0 377.087 1892.32 0 0 128.754 0 0 0 0 0 0 0 0 0 0 0 0 0 0 0 0 0 0 0 0 0 0 0 0 0 0 0 0 0 0 0 0 
0 0 0 0 0 0 7.97026e+06 9.8011e+07 4.03539e+07 9.91042e+06 2.05716e+06 559115 188782 91611.9 53095.5 14029.7 14054.5 24731.2 3486.89 9295.3 1624.84 749.712 0 0 95.8581 0 0 746.612 2548.65 8793.31 0 13490.5 0 0 0 0 0 0 0 0 0 0 0 0 0 0 0 0 0 0 0 0 0 0 0 0 0 0 0 0 0 0 0 0 0 
0 0 0 0 0 0 0 1.62797e+08 1.22214e+08 3.69618e+07 9.57603e+06 2.44163e+06 797664 328982 145625 82527.1 91790.4 43034.6 15462.2 23534.8 9114.16 3458.49 2474.65 903.114 0 918.27 2583.67 5634.64 12912.3 8979.84 7406.75 46860.4 0 0 0 0 0 0 0 0 0 0 0 0 0 0 0 0 0 0 0 0 0 0 0 0 0 0 0 0 0 0 0 0 0 
0 0 0 0 0 0 0 1.72501e+08 3.14108e+08 1.24929e+08 3.57995e+07 1.03195e+07 3.3218e+06 1.25334e+06 587519 390604 257304 63732.3 137525 50016.2 48401.6 14977.8 6527.92 7417.74 7802.51 7555.52 12458.7 23042.7 40986.3 10567.9 56445.6 3087.3 43902.2 0 0 0 0 0 0 0 0 0 0 0 0 0 0 0 0 0 0 0 0 0 0 0 0 0 0 0 0 0 0 0 0 
0 0 0 0 0 0 0 1.02388e+08 6.49989e+08 3.74183e+08 1.26725e+08 3.81583e+07 1.2498e+07 4.84462e+06 2.27282e+06 1.26311e+06 581757 440135 359889 146661 153868 89062.6 40363.6 16003.6 22229.6 40133.4 56313.1 81239.1 80914.5 73318.8 262862 24458.2 305385 0 0 0 0 0 0 0 0 0 0 0 0 0 0 0 0 0 0 0 0 0 0 0 0 0 0 0 0 0 0 0 0 
0 0 0 0 0 0 0 2.48356e+07 1.01615e+09 9.8257e+08 4.12086e+08 1.38894e+08 4.74049e+07 1.77359e+07 7.96624e+06 3.89978e+06 2.15141e+06 1.72282e+06 950242 690095 474267 323896 209970 162794 140723 143773 200859 266554 183768 374938 315104 259710 566795 0 0 0 0 0 0 0 0 0 0 0 0 0 0 0 0 0 0 0 0 0 0 0 0 0 0 0 0 0 0 0 0 
0 0 0 0 0 0 0 0 1.11048e+09 2.18933e+09 1.20376e+09 4.64327e+08 1.67694e+08 6.51278e+07 2.75163e+07 1.37324e+07 8.36194e+06 5.23331e+06 2.8092e+06 2.48466e+06 1.47271e+06 1.19383e+06 787931 630704 603032 638302 668309 612507 656354 1.28519e+06 366792 1.4892e+06 258448 0 0 0 0 0 0 0 0 0 0 0 0 0 0 0 0 0 0 0 0 0 0 0 0 0 0 0 0 0 0 0 0 
0 0 0 0 0 0 0 0 7.85183e+08 4.04993e+09 3.14284e+09 1.42473e+09 5.58432e+08 2.18855e+08 9.5799e+07 4.73359e+07 2.7063e+07 1.5454e+07 1.04382e+07 7.71371e+06 4.96964e+06 3.93761e+06 3.01211e+06 2.22849e+06 1.8219e+06 1.76037e+06 1.86584e+06 1.81846e+06 2.54601e+06 2.57549e+06 2.03086e+06 4.05252e+06 1.59527e+06 0 0 0 0 0 0 0 0 0 0 0 0 0 0 0 0 0 0 0 0 0 0 0 0 0 0 0 0 0 0 0 0 
0 0 0 0 0 0 0 0 3.18747e+08 5.80275e+09 7.16125e+09 4.01816e+09 1.74175e+09 7.28932e+08 3.21516e+08 1.5635e+08 8.34673e+07 4.98215e+07 3.56634e+07 2.26078e+07 1.69413e+07 1.23589e+07 9.72669e+06 7.6081e+06 6.72256e+06 6.14659e+06 5.50608e+06 5.8487e+06 7.59486e+06 4.74337e+06 8.41196e+06 5.64542e+06 7.86401e+06 0 0 0 0 0 0 0 0 0 0 0 0 0 0 0 0 0 0 0 0 0 0 0 0 0 0 0 0 0 0 0 0 
0 0 0 0 0 0 0 0 5.39589e+07 6.22032e+09 1.40532e+10 1.02612e+10 5.13933e+09 2.2881e+09 1.03754e+09 4.99819e+08 2.67405e+08 1.62026e+08 1.06875e+08 6.99073e+07 5.318e+07 3.84891e+07 3.00181e+07 2.51418e+07 2.13193e+07 1.81469e+07 1.69111e+07 1.83744e+07 1.71052e+07 1.57449e+07 2.33527e+07 1.24154e+07 2.54913e+07 0 0 0 0 0 0 0 0 0 0 0 0 0 0 0 0 0 0 0 0 0 0 0 0 0 0 0 0 0 0 0 0 
0 0 0 0 0 0 0 0 0 4.6758e+09 2.29826e+10 2.33799e+10 1.38772e+10 6.77058e+09 3.20405e+09 1.57675e+09 8.53741e+08 5.02256e+08 3.11177e+08 2.18075e+08 1.57285e+08 1.16859e+08 9.14659e+07 7.4619e+07 6.07435e+07 5.32044e+07 5.10477e+07 5.11628e+07 4.23504e+07 5.42599e+07 4.7601e+07 4.84828e+07 5.24971e+07 0 0 0 0 0 0 0 0 0 0 0 0 0 0 0 0 0 0 0 0 0 0 0 0 0 0 0 0 0 0 0 0 
0 0 0 0 0 0 0 0 0 2.32074e+09 3.02401e+10 4.68896e+10 3.42025e+10 1.87046e+10 9.391e+09 4.80029e+09 2.58163e+09 1.49011e+09 9.37538e+08 6.47945e+08 4.49724e+08 3.43539e+08 2.69893e+08 2.19474e+08 1.82261e+08 1.61226e+08 1.47971e+08 1.31794e+08 1.27824e+08 1.43255e+08 1.07087e+08 1.49421e+08 1.04286e+08 0 0 0 0 0 0 0 0 0 0 0 0 0 0 0 0 0 0 0 0 0 0 0 0 0 0 0 0 0 0 0 0 
0 0 0 0 0 0 0 0 0 6.6947e+08 3.07391e+10 8.10368e+10 7.66699e+10 4.84647e+10 2.64133e+10 1.38492e+10 7.57086e+09 4.42952e+09 2.78831e+09 1.86812e+09 1.31748e+09 9.88842e+08 7.72002e+08 6.21631e+08 5.2551e+08 4.50816e+08 4.01222e+08 3.57886e+08 3.69462e+08 3.35734e+08 3.32691e+08 3.59294e+08 3.07388e+08 0 0 0 0 0 0 0 0 0 0 0 0 0 0 0 0 0 0 0 0 0 0 0 0 0 0 0 0 0 0 0 0 
0 0 0 0 0 0 0 0 0 8.07804e+07 2.33013e+10 1.18354e+11 1.53677e+11 1.16449e+11 6.9501e+10 3.89272e+10 2.18965e+10 1.27631e+10 7.94384e+09 5.21403e+09 3.7617e+09 2.7774e+09 2.1431e+09 1.7249e+09 1.45091e+09 1.2365e+09 1.09442e+09 1.01172e+09 9.8445e+08 8.5757e+08 9.38565e+08 8.13465e+08 9.19945e+08 0 0 0 0 0 0 0 0 0 0 0 0 0 0 0 0 0 0 0 0 0 0 0 0 0 0 0 0 0 0 0 0 
0 0 0 0 0 0 0 0 0 0 1.24995e+10 1.4136e+11 2.71735e+11 2.53073e+11 1.73021e+11 1.03936e+11 6.04239e+10 3.59129e+10 2.22385e+10 1.47581e+10 1.03768e+10 7.62825e+09 5.9097e+09 4.73414e+09 3.93454e+09 3.36269e+09 2.96674e+09 2.75254e+09 2.45141e+09 2.37747e+09 2.36039e+09 2.15253e+09 2.36512e+09 0 0 0 0 0 0 0 0 0 0 0 0 0 0 0 0 0 0 0 0 0 0 0 0 0 0 0 0 0 0 0 0 
0 0 0 0 0 0 0 0 0 0 4.53461e+09 1.34234e+11 4.16052e+11 4.9921e+11 3.97611e+11 2.60993e+11 1.59996e+11 9.7418e+10 6.15991e+10 4.08049e+10 2.83468e+10 2.09888e+10 1.59334e+10 1.27816e+10 1.05475e+10 9.07727e+09 7.97118e+09 7.12149e+09 6.49492e+09 6.36568e+09 5.8272e+09 5.91962e+09 5.71862e+09 0 0 0 0 0 0 0 0 0 0 0 0 0 0 0 0 0 0 0 0 0 0 0 0 0 0 0 0 0 0 0 0 
0 0 0 0 0 0 0 0 0 0 9.46016e+08 9.90106e+10 5.42351e+11 8.85097e+11 8.35829e+11 6.1304e+11 4.02399e+11 2.56181e+11 1.63927e+11 1.08956e+11 7.57586e+10 5.52554e+10 4.24194e+10 3.42218e+10 2.79109e+10 2.3678e+10 2.08637e+10 1.8537e+10 1.69785e+10 1.60911e+10 1.50817e+10 1.53667e+10 1.45333e+10 0 0 0 0 0 0 0 0 0 0 0 0 0 0 0 0 0 0 0 0 0 0 0 0 0 0 0 0 0 0 0 0 
0 0 0 0 0 0 0 0 0 0 8.19791e+07 5.45498e+10 5.8474e+11 1.38177e+12 1.61415e+12 1.35269e+12 9.63787e+11 6.42551e+11 4.2534e+11 2.85938e+11 1.99179e+11 1.46011e+11 1.12002e+11 8.81227e+10 7.23183e+10 6.16322e+10 5.37363e+10 4.76249e+10 4.42414e+10 4.07573e+10 3.92748e+10 3.807e+10 3.78747e+10 0 0 0 0 0 0 0 0 0 0 0 0 0 0 0 0 0 0 0 0 0 0 0 0 0 0 0 0 0 0 0 0 
0 0 0 0 0 0 0 0 0 0 0 2.16991e+10 5.15881e+11 1.86985e+12 2.82022e+12 2.75335e+12 2.16846e+12 1.54798e+12 1.06386e+12 7.30634e+11 5.18746e+11 3.80848e+11 2.89359e+11 2.29746e+11 1.88062e+11 1.5803e+11 1.36631e+11 1.21377e+11 1.11412e+11 1.0348e+11 9.89482e+10 9.46683e+10 9.60097e+10 0 0 0 0 0 0 0 0 0 0 0 0 0 0 0 0 0 0 0 0 0 0 0 0 0 0 0 0 0 0 0 0 
0 0 0 0 0 0 0 0 0 0 0 5.79033e+09 3.59993e+11 2.17227e+12 4.38336e+12 5.15442e+12 4.57788e+12 3.52929e+12 2.55311e+12 1.82033e+12 1.30163e+12 9.62959e+11 7.37124e+11 5.78512e+11 4.74559e+11 4.00749e+11 3.45392e+11 3.06935e+11 2.75597e+11 2.58545e+11 2.47291e+11 2.40574e+11 2.40242e+11 0 0 0 0 0 0 0 0 0 0 0 0 0 0 0 0 0 0 0 0 0 0 0 0 0 0 0 0 0 0 0 0 
0 0 0 0 0 0 0 0 0 0 0 8.78517e+08 1.96742e+11 2.11758e+12 6.05057e+12 8.78275e+12 8.95949e+12 7.56271e+12 5.84565e+12 4.32003e+12 3.18103e+12 2.38889e+12 1.83169e+12 1.45164e+12 1.18131e+12 9.89989e+11 8.58279e+11 7.58641e+11 6.91179e+11 6.47157e+11 6.08932e+11 5.9703e+11 5.86253e+11 0 0 0 0 0 0 0 0 0 0 0 0 0 0 0 0 0 0 0 0 0 0 0 0 0 0 0 0 0 0 0 0 
0 0 0 0 0 0 0 0 0 0 0 5.4656e+07 8.1129e+10 1.71159e+12 7.25608e+12 1.34953e+13 1.62068e+13 1.52569e+13 1.26519e+13 9.87392e+12 7.48675e+12 5.71168e+12 4.47115e+12 3.54908e+12 2.90541e+12 2.41989e+12 2.08898e+12 1.8733e+12 1.68747e+12 1.57974e+12 1.50103e+12 1.45088e+12 1.43872e+12 0 0 0 0 0 0 0 0 0 0 0 0 0 0 0 0 0 0 0 0 0 0 0 0 0 0 0 0 0 0 0 0 
0 0 0 0 0 0 0 0 0 0 0 0 2.41746e+10 1.12334e+12 7.51037e+12 1.84947e+13 2.66781e+13 2.85363e+13 2.59186e+13 2.14008e+13 1.69826e+13 1.33656e+13 1.05117e+13 8.52742e+12 6.99572e+12 5.87525e+12 5.08525e+12 4.52802e+12 4.14802e+12 3.81104e+12 3.62983e+12 3.51016e+12 3.48366e+12 0 0 0 0 0 0 0 0 0 0 0 0 0 0 0 0 0 0 0 0 0 0 0 0 0 0 0 0 0 0 0 0 
0 0 0 0 0 0 0 0 0 0 0 0 4.77651e+09 5.9035e+11 6.59497e+12 2.25247e+13 3.99659e+13 4.95001e+13 4.93347e+13 4.40497e+13 3.67753e+13 2.9853e+13 2.41907e+13 1.97339e+13 1.63401e+13 1.38959e+13 1.20831e+13 1.07951e+13 9.75476e+12 9.04905e+12 8.65191e+12 8.3897e+12 8.36731e+12 0 0 0 0 0 0 0 0 0 0 0 0 0 0 0 0 0 0 0 0 0 0 0 0 0 0 0 0 0 0 0 0 
0 0 0 0 0 0 0 0 0 0 0 0 5.19524e+08 2.4338e+11 4.84512e+12 2.39178e+13 5.41427e+13 7.86496e+13 8.83468e+13 8.53228e+13 7.57808e+13 6.41863e+13 5.33738e+13 4.46506e+13 3.75146e+13 3.24367e+13 2.82486e+13 2.50521e+13 2.27139e+13 2.14232e+13 2.01885e+13 1.96883e+13 1.94696e+13 0 0 0 0 0 0 0 0 0 0 0 0 0 0 0 0 0 0 0 0 0 0 0 0 0 0 0 0 0 0 0 0 
0 0 0 0 0 0 0 0 0 0 0 0 2.25825e+07 7.61015e+10 2.96081e+12 2.19948e+13 6.5446e+13 1.14306e+14 1.46472e+14 1.55298e+14 1.4738e+14 1.31663e+14 1.13682e+14 9.74021e+13 8.38504e+13 7.26611e+13 6.42831e+13 5.73443e+13 5.24308e+13 4.85867e+13 4.65485e+13 4.5042e+13 4.4834e+13 0 0 0 0 0 0 0 0 0 0 0 0 0 0 0 0 0 0 0 0 0 0 0 0 0 0 0 0 0 0 0 0 
0 0 0 0 0 0 0 0 0 0 0 0 0 1.693e+10 1.47652e+12 1.73016e+13 6.9944e+13 1.50899e+14 2.23515e+14 2.63501e+14 2.70671e+14 2.56056e+14 2.31641e+14 2.0474e+14 1.80256e+14 1.57602e+14 1.41427e+14 1.2758e+14 1.18008e+14 1.0984e+14 1.04801e+14 1.0206e+14 1.00806e+14 0 0 0 0 0 0 0 0 0 0 0 0 0 0 0 0 0 0 0 0 0 0 0 0 0 0 0 0 0 0 0 0 
0 0 0 0 0 0 0 0 0 0 0 0 0 2.42114e+09 5.90021e+11 1.1561e+13 6.55687e+13 1.78601e+14 3.12613e+14 4.16441e+14 4.68729e+14 4.71833e+14 4.48753e+14 4.10655e+14 3.71586e+14 3.34074e+14 3.01279e+14 2.7577e+14 2.54779e+14 2.40708e+14 2.29594e+14 2.23933e+14 2.23404e+14 0 0 0 0 0 0 0 0 0 0 0 0 0 0 0 0 0 0 0 0 0 0 0 0 0 0 0 0 0 0 0 0 
0 0 0 0 0 0 0 0 0 0 0 0 0 1.81545e+08 1.85512e+11 6.50415e+12 5.35397e+13 1.89668e+14 3.98044e+14 6.04921e+14 7.48534e+14 8.18651e+14 8.19696e+14 7.85736e+14 7.32778e+14 6.74494e+14 6.20997e+14 5.76582e+14 5.40806e+14 5.13672e+14 4.93273e+14 4.84688e+14 4.76408e+14 0 0 0 0 0 0 0 0 0 0 0 0 0 0 0 0 0 0 0 0 0 0 0 0 0 0 0 0 0 0 0 0 
0 0 0 0 0 0 0 0 0 0 0 0 0 5.44757e+06 4.37001e+10 3.0331e+12 3.77167e+13 1.77569e+14 4.58286e+14 8.08575e+14 1.11858e+15 1.32746e+15 1.42202e+15 1.42697e+15 1.38543e+15 1.31881e+15 1.23608e+15 1.16268e+15 1.10159e+15 1.0555e+15 1.0187e+15 1.00172e+15 9.92694e+14 0 0 0 0 0 0 0 0 0 0 0 0 0 0 0 0 0 0 0 0 0 0 0 0 0 0 0 0 0 0 0 0 
0 0 0 0 0 0 0 0 0 0 0 0 0 0 7.11411e+09 1.15496e+12 2.27768e+13 1.46978e+14 4.75239e+14 9.89439e+14 1.54799e+15 2.00984e+15 2.30789e+15 2.4577e+15 2.48553e+15 2.43682e+15 2.35645e+15 2.26343e+15 2.17122e+15 2.09264e+15 2.04761e+15 2.00501e+15 2.00931e+15 0 0 0 0 0 0 0 0 0 0 0 0 0 0 0 0 0 0 0 0 0 0 0 0 0 0 0 0 0 0 0 0 
0 0 0 0 0 0 0 0 0 0 0 0 0 0 6.93918e+08 3.55414e+11 1.16959e+13 1.06099e+14 4.40583e+14 1.0984e+15 1.96962e+15 2.82836e+15 3.53807e+15 3.98585e+15 4.20452e+15 4.29381e+15 4.27572e+15 4.18399e+15 4.09326e+15 3.98807e+15 3.93724e+15 3.87622e+15 3.85276e+15 0 0 0 0 0 0 0 0 0 0 0 0 0 0 0 0 0 0 0 0 0 0 0 0 0 0 0 0 0 0 0 0 
0 0 0 0 0 0 0 0 0 0 0 0 0 0 3.30522e+07 8.42696e+10 5.03287e+12 6.68491e+13 3.61618e+14 1.1013e+15 2.29051e+15 3.69527e+15 5.00231e+15 6.06531e+15 6.76743e+15 7.17721e+15 7.3653e+15 7.4228e+15 7.3759e+15 7.32996e+15 7.23316e+15 7.20865e+15 7.16023e+15 0 0 0 0 0 0 0 0 0 0 0 0 0 0 0 0 0 0 0 0 0 0 0 0 0 0 0 0 0 0 0 0 
0 0 0 0 0 0 0 0 0 0 0 0 0 0 754958 1.4422e+10 1.80921e+12 3.62439e+13 2.63182e+14 9.94885e+14 2.43228e+15 4.42636e+15 6.60172e+15 8.59795e+15 1.02033e+16 1.13301e+16 1.20533e+16 1.25054e+16 1.26826e+16 1.27811e+16 1.27721e+16 1.27595e+16 1.27683e+16 0 0 0 0 0 0 0 0 0 0 0 0 0 0 0 0 0 0 0 0 0 0 0 0 0 0 0 0 0 0 0 0 
0 0 0 0 0 0 0 0 0 0 0 0 0 0 0 1.58527e+09 5.32006e+11 1.68653e+13 1.67745e+14 8.01611e+14 2.33781e+15 4.88464e+15 8.11974e+15 1.14358e+16 1.44839e+16 1.68449e+16 1.86782e+16 1.98657e+16 2.07762e+16 2.11731e+16 2.14329e+16 2.15936e+16 2.16574e+16 0 0 0 0 0 0 0 0 0 0 0 0 0 0 0 0 0 0 0 0 0 0 0 0 0 0 0 0 0 0 0 0 
0 0 0 0 0 0 0 0 0 0 0 0 0 0 0 9.42674e+07 1.22564e+11 6.67115e+12 9.38438e+13 5.75342e+14 2.0342e+15 4.92436e+15 9.12166e+15 1.41009e+16 1.90846e+16 2.36317e+16 2.71895e+16 3.00489e+16 3.19006e+16 3.34118e+16 3.43406e+16 3.47136e+16 3.49045e+16 0 0 0 0 0 0 0 0 0 0 0 0 0 0 0 0 0 0 0 0 0 0 0 0 0 0 0 0 0 0 0 0 
0 0 0 0 0 0 0 0 0 0 0 0 0 0 0 2.9678e+06 2.08637e+10 2.22273e+12 4.54296e+13 3.66341e+14 1.5929e+15 4.50415e+15 9.45551e+15 1.60655e+16 2.34675e+16 3.08019e+16 3.73693e+16 4.25966e+16 4.69342e+16 4.9853e+16 5.18428e+16 5.30489e+16 5.35633e+16 0 0 0 0 0 0 0 0 0 0 0 0 0 0 0 0 0 0 0 0 0 0 0 0 0 0 0 0 0 0 0 0 
0 0 0 0 0 0 0 0 0 0 0 0 0 0 0 57985 2.37588e+09 6.07853e+11 1.91182e+13 2.06493e+14 1.11375e+15 3.74734e+15 8.9767e+15 1.69183e+16 2.67534e+16 3.74437e+16 4.78256e+16 5.70167e+16 6.44209e+16 7.00703e+16 7.42421e+16 7.68122e+16 7.72119e+16 0 0 0 0 0 0 0 0 0 0 0 0 0 0 0 0 0 0 0 0 0 0 0 0 0 0 0 0 0 0 0 0 
0 0 0 0 0 0 0 0 0 0 0 0 0 0 0 0 1.47275e+08 1.32993e+11 6.86389e+12 1.01685e+14 6.96484e+14 2.8021e+15 7.75758e+15 1.63335e+16 2.83391e+16 4.23883e+16 5.70935e+16 7.11287e+16 8.33386e+16 9.31631e+16 1.00015e+17 1.03933e+17 1.05406e+17 0 0 0 0 0 0 0 0 0 0 0 0 0 0 0 0 0 0 0 0 0 0 0 0 0 0 0 0 0 0 0 0 
0 0 0 0 0 0 0 0 0 0 0 0 0 0 0 0 5.46953e+06 2.15813e+10 2.09168e+12 4.39183e+13 3.88155e+14 1.89369e+15 6.08901e+15 1.44925e+16 2.7648e+16 4.45801e+16 6.37611e+16 8.31409e+16 1.00804e+17 1.15399e+17 1.26132e+17 1.33106e+17 1.35208e+17 0 0 0 0 0 0 0 0 0 0 0 0 0 0 0 0 0 0 0 0 0 0 0 0 0 0 0 0 0 0 0 0 
0 0 0 0 0 0 0 0 0 0 0 0 0 0 0 0 109737 2.36232e+09 5.24461e+11 1.65565e+13 1.90611e+14 1.1471e+15 4.3473e+15 1.1721e+16 2.47033e+16 4.34594e+16 6.60473e+16 9.03972e+16 1.1381e+17 1.34115e+17 1.49835e+17 1.59262e+17 1.62865e+17 0 0 0 0 0 0 0 0 0 0 0 0 0 0 0 0 0 0 0 0 0 0 0 0 0 0 0 0 0 0 0 0 
0 0 0 0 0 0 0 0 0 0 0 0 0 0 0 0 2181.32 1.39679e+08 1.04811e+11 5.34389e+12 8.30897e+13 6.21129e+14 2.78764e+15 8.6676e+15 2.02925e+16 3.87647e+16 6.34218e+16 9.13827e+16 1.19864e+17 1.46128e+17 1.66232e+17 1.79036e+17 1.83678e+17 0 0 0 0 0 0 0 0 0 0 0 0 0 0 0 0 0 0 0 0 0 0 0 0 0 0 0 0 0 0 0 0 
0 0 0 0 0 0 0 0 0 0 0 0 0 0 0 0 0 4.5068e+06 1.56498e+10 1.45741e+12 3.16273e+13 3.00197e+14 1.62011e+15 5.79569e+15 1.53195e+16 3.20269e+16 5.60548e+16 8.56489e+16 1.1747e+17 1.47283e+17 1.71846e+17 1.87967e+17 1.93161e+17 0 0 0 0 0 0 0 0 0 0 0 0 0 0 0 0 0 0 0 0 0 0 0 0 0 0 0 0 0 0 0 0 
0 0 0 0 0 0 0 0 0 0 0 0 0 0 0 0 0 91353.6 1.52212e+09 3.28237e+11 1.05565e+13 1.28976e+14 8.45016e+14 3.50961e+15 1.04796e+16 2.41215e+16 4.57479e+16 7.44993e+16 1.07174e+17 1.38941e+17 1.66027e+17 1.83801e+17 1.89761e+17 0 0 0 0 0 0 0 0 0 0 0 0 0 0 0 0 0 0 0 0 0 0 0 0 0 0 0 0 0 0 0 0 
0 0 0 0 0 0 0 0 0 0 0 0 0 0 0 0 0 0 7.66089e+07 5.83352e+10 3.01655e+12 4.9124e+13 3.9264e+14 1.93122e+15 6.51298e+15 1.67498e+16 3.44777e+16 5.97298e+16 8.98056e+16 1.2096e+17 1.48052e+17 1.66383e+17 1.73476e+17 0 0 0 0 0 0 0 0 0 0 0 0 0 0 0 0 0 0 0 0 0 0 0 0 0 0 0 0 0 0 0 0 
0 0 0 0 0 0 0 0 0 0 0 0 0 0 0 0 0 0 1.89869e+06 7.48932e+09 7.2598e+11 1.63889e+13 1.64481e+14 9.56173e+14 3.71813e+15 1.05315e+16 2.36808e+16 4.38665e+16 7.00048e+16 9.80993e+16 1.23239e+17 1.40745e+17 1.46782e+17 0 0 0 0 0 0 0 0 0 0 0 0 0 0 0 0 0 0 0 0 0 0 0 0 0 0 0 0 0 0 0 0 
0 0 0 0 0 0 0 0 0 0 0 0 0 0 0 0 0 0 2635.46 5.9763e+08 1.41516e+11 4.75612e+12 6.09605e+13 4.25295e+14 1.90358e+15 6.09223e+15 1.493e+16 2.98423e+16 5.01014e+16 7.32797e+16 9.44995e+16 1.09813e+17 1.15212e+17 0 0 0 0 0 0 0 0 0 0 0 0 0 0 0 0 0 0 0 0 0 0 0 0 0 0 0 0 0 0 0 0 
0 0 0 0 0 0 0 0 0 0 0 0 0 0 0 0 0 0 0 2.10414e+07 2.12751e+10 1.18156e+12 2.01445e+13 1.69974e+14 8.84623e+14 3.18939e+15 8.60058e+15 1.84435e+16 3.30142e+16 5.02723e+16 6.69442e+16 7.91343e+16 8.36382e+16 0 0 0 0 0 0 0 0 0 0 0 0 0 0 0 0 0 0 0 0 0 0 0 0 0 0 0 0 0 0 0 0 
0 0 0 0 0 0 0 0 0 0 0 0 0 0 0 0 0 0 0 118362 2.23882e+09 2.43453e+11 5.79844e+12 6.08589e+13 3.70275e+14 1.52068e+15 4.52318e+15 1.05189e+16 1.98976e+16 3.17584e+16 4.38837e+16 5.25911e+16 5.58878e+16 0 0 0 0 0 0 0 0 0 0 0 0 0 0 0 0 0 0 0 0 0 0 0 0 0 0 0 0 0 0 0 0 
0 0 0 0 0 0 0 0 0 0 0 0 0 0 0 0 0 0 0 0 1.28404e+08 3.98996e+10 1.43023e+12 1.94273e+13 1.40895e+14 6.54719e+14 2.17517e+15 5.47738e+15 1.10328e+16 1.84742e+16 2.62079e+16 3.22307e+16 3.44586e+16 0 0 0 0 0 0 0 0 0 0 0 0 0 0 0 0 0 0 0 0 0 0 0 0 0 0 0 0 0 0 0 0 
0 0 0 0 0 0 0 0 0 0 0 0 0 0 0 0 0 0 0 0 1.74579e+06 4.84659e+09 3.01191e+11 5.39494e+12 4.75562e+13 2.56139e+14 9.46397e+14 2.60401e+15 5.62249e+15 9.85134e+15 1.45166e+16 1.81712e+16 1.95858e+16 0 0 0 0 0 0 0 0 0 0 0 0 0 0 0 0 0 0 0 0 0 0 0 0 0 0 0 0 0 0 0 0 
0 0 0 0 0 0 0 0 0 0 0 0 0 0 0 0 0 0 0 0 2589.77 3.73156e+08 5.1386e+10 1.31518e+12 1.43367e+13 8.97419e+13 3.76049e+14 1.12992e+15 2.60544e+15 4.8401e+15 7.33305e+15 9.38824e+15 1.01597e+16 0 0 0 0 0 0 0 0 0 0 0 0 0 0 0 0 0 0 0 0 0 0 0 0 0 0 0 0 0 0 0 0 
0 0 0 0 0 0 0 0 0 0 0 0 0 0 0 0 0 0 0 0 0 1.1503e+07 6.75285e+09 2.71318e+11 3.88505e+12 2.88001e+13 1.34528e+14 4.46589e+14 1.1122e+15 2.16343e+15 3.42848e+15 4.47433e+15 4.86617e+15 0 0 0 0 0 0 0 0 0 0 0 0 0 0 0 0 0 0 0 0 0 0 0 0 0 0 0 0 0 0 0 0 
0 0 0 0 0 0 0 0 0 0 0 0 0 0 0 0 0 0 0 0 0 74155.1 5.98113e+08 4.67312e+10 8.93864e+11 8.12292e+12 4.36697e+13 1.60101e+14 4.29915e+14 8.88725e+14 1.45484e+15 1.94251e+15 2.13621e+15 0 0 0 0 0 0 0 0 0 0 0 0 0 0 0 0 0 0 0 0 0 0 0 0 0 0 0 0 0 0 0 0 
0 0 0 0 0 0 0 0 0 0 0 0 0 0 0 0 0 0 0 0 0 0 2.67687e+07 6.35881e+09 1.78578e+11 2.02377e+12 1.27548e+13 5.23363e+13 1.53092e+14 3.33314e+14 5.69057e+14 7.80137e+14 8.67769e+14 0 0 0 0 0 0 0 0 0 0 0 0 0 0 0 0 0 0 0 0 0 0 0 0 0 0 0 0 0 0 0 0 
0 0 0 0 0 0 0 0 0 0 0 0 0 0 0 0 0 0 0 0 0 0 684254 6.15268e+08 3.02212e+10 4.49063e+11 3.35445e+12 1.54158e+13 4.87853e+13 1.14391e+14 2.03612e+14 2.86229e+14 3.2026e+14 0 0 0 0 0 0 0 0 0 0 0 0 0 0 0 0 0 0 0 0 0 0 0 0 0 0 0 0 0 0 0 0 
0 0 0 0 0 0 0 0 0 0 0 0 0 0 0 0 0 0 0 0 0 0 1758.63 3.19724e+07 4.13525e+09 8.54003e+10 7.76301e+11 4.08695e+12 1.42972e+13 3.57734e+13 6.65997e+13 9.62587e+13 1.08038e+14 0 0 0 0 0 0 0 0 0 0 0 0 0 0 0 0 0 0 0 0 0 0 0 0 0 0 0 0 0 0 0 0 
0 0 0 0 0 0 0 0 0 0 0 0 0 0 0 0 0 0 0 0 0 0 0 1.15636e+06 4.11219e+08 1.37335e+10 1.58867e+11 9.71972e+11 3.77125e+12 1.01919e+13 1.9933e+13 2.94521e+13 3.35641e+13 0 0 0 0 0 0 0 0 0 0 0 0 0 0 0 0 0 0 0 0 0 0 0 0 0 0 0 0 0 0 0 0 
0 0 0 0 0 0 0 0 0 0 0 0 0 0 0 0 0 0 0 0 0 0 0 25153.2 2.19918e+07 1.79867e+09 2.86461e+10 2.06563e+11 9.05117e+11 2.60849e+12 5.43428e+12 8.22988e+12 9.59163e+12 0 0 0 0 0 0 0 0 0 0 0 0 0 0 0 0 0 0 0 0 0 0 0 0 0 0 0 0 0 0 0 0 
0 0 0 0 0 0 0 0 0 0 0 0 0 0 0 0 0 0 0 0 0 0 0 0 985387 1.82233e+08 4.3222e+09 3.93943e+10 1.94115e+11 6.17404e+11 1.35103e+12 2.11584e+12 2.44969e+12 0 0 0 0 0 0 0 0 0 0 0 0 0 0 0 0 0 0 0 0 0 0 0 0 0 0 0 0 0 0 0 0 
0 0 0 0 0 0 0 0 0 0 0 0 0 0 0 0 0 0 0 0 0 0 0 0 24795.8 9.16532e+06 5.41354e+08 6.49161e+09 3.77629e+10 1.31263e+11 3.04342e+11 4.98205e+11 5.78415e+11 0 0 0 0 0 0 0 0 0 0 0 0 0 0 0 0 0 0 0 0 0 0 0 0 0 0 0 0 0 0 0 0 
0 0 0 0 0 0 0 0 0 0 0 0 0 0 0 0 0 0 0 0 0 0 0 0 469.166 415380 5.56171e+07 9.2103e+08 6.56077e+09 2.56518e+10 6.27099e+10 1.07189e+11 1.28541e+11 0 0 0 0 0 0 0 0 0 0 0 0 0 0 0 0 0 0 0 0 0 0 0 0 0 0 0 0 0 0 0 0 
0 0 0 0 0 0 0 0 0 0 0 0 0 0 0 0 0 0 0 0 0 0 0 0 0 11664.1 2.16285e+06 1.0532e+08 9.85255e+08 4.44078e+09 1.19441e+10 2.09954e+10 2.53633e+10 0 0 0 0 0 0 0 0 0 0 0 0 0 0 0 0 0 0 0 0 0 0 0 0 0 0 0 0 0 0 0 0 
0 0 0 0 0 0 0 0 0 0 0 0 0 0 0 0 0 0 0 0 0 0 0 0 0 0 86098 1.09319e+07 1.30098e+08 6.85943e+08 2.03367e+09 3.80767e+09 4.61367e+09 0 0 0 0 0 0 0 0 0 0 0 0 0 0 0 0 0 0 0 0 0 0 0 0 0 0 0 0 0 0 0 0 
0 0 0 0 0 0 0 0 0 0 0 0 0 0 0 0 0 0 0 0 0 0 0 0 0 0 0 274410 1.26822e+07 9.64369e+07 3.15257e+08 6.2454e+08 7.86886e+08 0 0 0 0 0 0 0 0 0 0 0 0 0 0 0 0 0 0 0 0 0 0 0 0 0 0 0 0 0 0 0 0 
0 0 0 0 0 0 0 0 0 0 0 0 0 0 0 0 0 0 0 0 0 0 0 0 0 0 0 0 1.57071e+06 1.17059e+07 4.23516e+07 9.49306e+07 1.18922e+08 0 0 0 0 0 0 0 0 0 0 0 0 0 0 0 0 0 0 0 0 0 0 0 0 0 0 0 0 0 0 0 0 
0 0 0 0 0 0 0 0 0 0 0 0 0 0 0 0 0 0 0 0 0 0 0 0 0 0 0 0 863.855 830916 6.08429e+06 1.2421e+07 1.70828e+07 0 0 0 0 0 0 0 0 0 0 0 0 0 0 0 0 0 0 0 0 0 0 0 0 0 0 0 0 0 0 0 0 
0 0 0 0 0 0 0 0 0 0 0 0 0 0 0 0 0 0 0 0 0 0 0 0 0 0 0 0 0 183821 670338 1.48876e+06 2.44208e+06 0 0 0 0 0 0 0 0 0 0 0 0 0 0 0 0 0 0 0 0 0 0 0 0 0 0 0 0 0 0 0 0 
0 0 0 0 0 0 0 0 0 0 0 0 0 0 0 0 0 0 0 0 0 0 0 0 0 0 0 0 0 0 19105.8 286310 185029 0 0 0 0 0 0 0 0 0 0 0 0 0 0 0 0 0 0 0 0 0 0 0 0 0 0 0 0 0 0 0 0 
0 0 0 0 0 0 0 0 0 0 0 0 0 0 0 0 0 0 0 0 0 0 0 0 0 0 0 0 0 0 20025.4 17736.9 43644.5 0 0 0 0 0 0 0 0 0 0 0 0 0 0 0 0 0 0 0 0 0 0 0 0 0 0 0 0 0 0 0 0 
0 0 0 0 0 0 0 0 0 0 0 0 0 0 0 0 0 0 0 0 0 0 0 0 0 0 0 0 0 0 0 0 8192.37 0 0 0 0 0 0 0 0 0 0 0 0 0 0 0 0 0 0 0 0 0 0 0 0 0 0 0 0 0 0 0 0 
0 0 0 0 0 0 0 0 0 0 0 0 0 0 0 0 0 0 0 0 0 0 0 0 0 0 0 0 0 0 0 1400.8 0 0 0 0 0 0 0 0 0 0 0 0 0 0 0 0 0 0 0 0 0 0 0 0 0 0 0 0 0 0 0 0 0 
0 0 0 0 0 0 0 0 0 0 0 0 0 0 0 0 0 0 0 0 0 0 0 0 0 0 0 0 0 0 0 0 0 0 0 0 0 0 0 0 0 0 0 0 0 0 0 0 0 0 0 0 0 0 0 0 0 0 0 0 0 0 0 0 0 
0 0 0 0 0 0 0 0 0 0 0 0 0 0 0 0 0 0 0 0 0 0 0 0 0 0 0 0 0 0 0 0 43.775 0 0 0 0 0 0 0 0 0 0 0 0 0 0 0 0 0 0 0 0 0 0 0 0 0 0 0 0 0 0 0 0 
0 0 0 0 0 0 0 0 0 0 0 0 0 0 0 0 0 0 0 0 0 0 0 0 0 0 0 0 0 0 0 0 0 0 0 0 0 0 0 0 0 0 0 0 0 0 0 0 0 0 0 0 0 0 0 0 0 0 0 0 0 0 0 0 0 
0 0 0 0 0 0 0 0 0 0 0 0 0 0 0 0 0 0 0 0 0 0 0 0 0 0 0 0 0 0 0 0 0 0 0 0 0 0 0 0 0 0 0 0 0 0 0 0 0 0 0 0 0 0 0 0 0 0 0 0 0 0 0 0 0 
0 0 0 0 0 0 0 0 0 0 0 0 0 0 0 0 0 0 0 0 0 0 0 0 0 0 0 0 0 0 0 0 0 0 0 0 0 0 0 0 0 0 0 0 0 0 0 0 0 0 0 0 0 0 0 0 0 0 0 0 0 0 0 0 0 
0 0 0 0 0 0 0 0 0 0 0 0 0 0 0 0 0 0 0 0 0 0 0 0 0 0 0 0 0 0 0 0 0 0 0 0 0 0 0 0 0 0 0 0 0 0 0 0 0 0 0 0 0 0 0 0 0 0 0 0 0 0 0 0 0 
0 0 0 0 0 0 0 0 0 0 0 0 0 0 0 0 0 0 0 0 0 0 0 0 0 0 0 0 0 0 0 0 0 0 0 0 0 0 0 0 0 0 0 0 0 0 0 0 0 0 0 0 0 0 0 0 0 0 0 0 0 0 0 0 0 
0 0 0 0 0 0 0 0 0 0 0 0 0 0 0 0 0 0 0 0 0 0 0 0 0 0 0 0 0 0 0 0 0 0 0 0 0 0 0 0 0 0 0 0 0 0 0 0 0 0 0 0 0 0 0 0 0 0 0 0 0 0 0 0 0 
0 0 0 0 0 0 0 0 0 0 0 0 0 0 0 0 0 0 0 0 0 0 0 0 0 0 0 0 0 0 0 0 0 0 0 0 0 0 0 0 0 0 0 0 0 0 0 0 0 0 0 0 0 0 0 0 0 0 0 0 0 0 0 0 0 
0 0 0 0 0 0 0 0 0 0 0 0 0 0 0 0 0 0 0 0 0 0 0 0 0 0 0 0 0 0 0 0 0 0 0 0 0 0 0 0 0 0 0 0 0 0 0 0 0 0 0 0 0 0 0 0 0 0 0 0 0 0 0 0 0 
0 0 0 0 0 0 0 0 0 0 0 0 0 0 0 0 0 0 0 0 0 0 0 0 0 0 0 0 0 0 0 0 0 0 0 0 0 0 0 0 0 0 0 0 0 0 0 0 0 0 0 0 0 0 0 0 0 0 0 0 0 0 0 0 0 
0 0 0 0 0 0 0 0 0 0 0 0 0 0 0 0 0 0 0 0 0 0 0 0 0 0 0 0 0 0 0 0 0 0 0 0 0 0 0 0 0 0 0 0 0 0 0 0 0 0 0 0 0 0 0 0 0 0 0 0 0 0 0 0 0 
0 0 0 0 0 0 0 0 0 0 0 0 0 0 0 0 0 0 0 0 0 0 0 0 0 0 0 0 0 0 0 0 0 0 0 0 0 0 0 0 0 0 0 0 0 0 0 0 0 0 0 0 0 0 0 0 0 0 0 0 0 0 0 0 0 
0 0 0 0 0 0 0 0 0 0 0 0 0 0 0 0 0 0 0 0 0 0 0 0 0 0 0 0 0 0 0 0 0 0 0 0 0 0 0 0 0 0 0 0 0 0 0 0 0 0 0 0 0 0 0 0 0 0 0 0 0 0 0 0 0 
0 0 0 0 0 0 0 0 0 0 0 0 0 0 0 0 0 0 0 0 0 0 0 0 0 0 0 0 0 0 0 0 0 0 0 0 0 0 0 0 0 0 0 0 0 0 0 0 0 0 0 0 0 0 0 0 0 0 0 0 0 0 0 0 0 
0 0 0 0 0 0 0 0 0 0 0 0 0 0 0 0 0 0 0 0 0 0 0 0 0 0 0 0 0 0 0 0 0 0 0 0 0 0 0 0 0 0 0 0 0 0 0 0 0 0 0 0 0 0 0 0 0 0 0 0 0 0 0 0 0 
0 0 0 0 0 0 0 0 0 0 0 0 0 0 0 0 0 0 0 0 0 0 0 0 0 0 0 0 0 0 0 0 0 0 0 0 0 0 0 0 0 0 0 0 0 0 0 0 0 0 0 0 0 0 0 0 0 0 0 0 0 0 0 0 0 
0 0 0 0 0 0 0 0 0 0 0 0 0 0 0 0 0 0 0 0 0 0 0 0 0 0 0 0 0 0 0 0 0 0 0 0 0 0 0 0 0 0 0 0 0 0 0 0 0 0 0 0 0 0 0 0 0 0 0 0 0 0 0 0 0 
0 0 0 0 0 0 0 0 0 0 0 0 0 0 0 0 0 0 0 0 0 0 0 0 0 0 0 0 0 0 0 0 0 0 0 0 0 0 0 0 0 0 0 0 0 0 0 0 0 0 0 0 0 0 0 0 0 0 0 0 0 0 0 0 0 
0 0 0 0 0 0 0 0 0 0 0 0 0 0 0 0 0 0 0 0 0 0 0 0 0 0 0 0 0 0 0 0 0 0 0 0 0 0 0 0 0 0 0 0 0 0 0 0 0 0 0 0 0 0 0 0 0 0 0 0 0 0 0 0 0 
0 0 0 0 0 0 0 0 0 0 0 0 0 0 0 0 0 0 0 0 0 0 0 0 0 0 0 0 0 0 0 0 0 0 0 0 0 0 0 0 0 0 0 0 0 0 0 0 0 0 0 0 0 0 0 0 0 0 0 0 0 0 0 0 0 
0 0 0 0 0 0 0 0 0 0 0 0 0 0 0 0 0 0 0 0 0 0 0 0 0 0 0 0 0 0 0 0 0 0 0 0 0 0 0 0 0 0 0 0 0 0 0 0 0 0 0 0 0 0 0 0 0 0 0 0 0 0 0 0 0 
0 0 0 0 0 0 0 0 0 0 0 0 0 0 0 0 0 0 0 0 0 0 0 0 0 0 0 0 0 0 0 0 0 0 0 0 0 0 0 0 0 0 0 0 0 0 0 0 0 0 0 0 0 0 0 0 0 0 0 0 0 0 0 0 0 
0 0 0 0 0 0 0 0 0 0 0 0 0 0 0 0 0 0 0 0 0 0 0 0 0 0 0 0 0 0 0 0 0 0 0 0 0 0 0 0 0 0 0 0 0 0 0 0 0 0 0 0 0 0 0 0 0 0 0 0 0 0 0 0 0 
0 0 0 0 0 0 0 0 0 0 0 0 0 0 0 0 0 0 0 0 0 0 0 0 0 0 0 0 0 0 0 0 0 0 0 0 0 0 0 0 0 0 0 0 0 0 0 0 0 0 0 0 0 0 0 0 0 0 0 0 0 0 0 0 0 
0 0 0 0 0 0 0 0 0 0 0 0 0 0 0 0 0 0 0 0 0 0 0 0 0 0 0 0 0 0 0 0 0 0 0 0 0 0 0 0 0 0 0 0 0 0 0 0 0 0 0 0 0 0 0 0 0 0 0 0 0 0 0 0 0 
0 0 0 0 0 0 0 0 0 0 0 0 0 0 0 0 0 0 0 0 0 0 0 0 0 0 0 0 0 0 0 0 0 0 0 0 0 0 0 0 0 0 0 0 0 0 0 0 0 0 0 0 0 0 0 0 0 0 0 0 0 0 0 0 0 
0 0 0 0 0 0 0 0 0 0 0 0 0 0 0 0 0 0 0 0 0 0 0 0 0 0 0 0 0 0 0 0 0 0 0 0 0 0 0 0 0 0 0 0 0 0 0 0 0 0 0 0 0 0 0 0 0 0 0 0 0 0 0 0 0 
0 0 0 0 0 0 0 0 0 0 0 0 0 0 0 0 0 0 0 0 0 0 0 0 0 0 0 0 0 0 0 0 0 0 0 0 0 0 0 0 0 0 0 0 0 0 0 0 0 0 0 0 0 0 0 0 0 0 0 0 0 0 0 0 0 
0 0 0 0 0 0 0 0 0 0 0 0 0 0 0 0 0 0 0 0 0 0 0 0 0 0 0 0 0 0 0 0 0 0 0 0 0 0 0 0 0 0 0 0 0 0 0 0 0 0 0 0 0 0 0 0 0 0 0 0 0 0 0 0 0 
0 0 0 0 0 0 0 0 0 0 0 0 0 0 0 0 0 0 0 0 0 0 0 0 0 0 0 0 0 0 0 0 0 0 0 0 0 0 0 0 0 0 0 0 0 0 0 0 0 0 0 0 0 0 0 0 0 0 0 0 0 0 0 0 0 
0 0 0 0 0 0 0 0 0 0 0 0 0 0 0 0 0 0 0 0 0 0 0 0 0 0 0 0 0 0 0 0 0 0 0 0 0 0 0 0 0 0 0 0 0 0 0 0 0 0 0 0 0 0 0 0 0 0 0 0 0 0 0 0 0 
0 0 0 0 0 0 0 0 0 0 0 0 0 0 0 0 0 0 0 0 0 0 0 0 0 0 0 0 0 0 0 0 0 0 0 0 0 0 0 0 0 0 0 0 0 0 0 0 0 0 0 0 0 0 0 0 0 0 0 0 0 0 0 0 0 
0 0 0 0 0 0 0 0 0 0 0 0 0 0 0 0 0 0 0 0 0 0 0 0 0 0 0 0 0 0 0 0 0 0 0 0 0 0 0 0 0 0 0 0 0 0 0 0 0 0 0 0 0 0 0 0 0 0 0 0 0 0 0 0 0 
