1 0 0 0 0 0 0 0 0 0 0 0 0 0 0 0 0 0 0 0 0 0 0 0 0 0 0 0 0 0 0 0 0 0 0 0 0 0 0 0 0 0 0 0 0 0 0 0 0 0 0 0 0 0 0 0 0 0 0 0 0 0 0 0 1 
0 0 0 0 0 0 0 0 0 0 0 0 0 0 0 0 0 0 0 0 0 0 0 0 0 0 0 0 0 0 0 0 0 0 0 0 0 0 0 0 0 0 0 0 0 0 0 0 0 0 0 0 0 0 0 0 0 0 0 0 0 0 0 0 0 
0 0 0 0 0 0 0 0 0 0 0 0 0 0 0 0 0 0 0 0 0 0 0 0 0 0 0 0 0 0 0 0 0 0 0 0 0 0 0 0 0 0 0 0 0 0 0 0 0 0 0 0 0 0 0 0 0 0 0 0 0 0 0 0 0 
0 0 0 0 0 0 0 0 0 0 0 0 0 0 0 0 0 0 0 0 0 0 0 0 0 0 0 0 0 0 0 0 0 0 0 0 0 0 0 0 0 0 0 0 0 0 0 0 0 0 0 0 0 0 0 0 0 0 0 0 0 0 0 0 0 
0 64 0 0 0 0 0 0 0 0 0 0 0 0 0 0 0 0 0 0 0 0 0 0 0 0 0 0 0 0 0 0 0 0 0 0 0 0 0 0 0 0 0 0 0 0 0 0 0 0 0 0 0 0 0 0 0 0 0 0 0 0 0 0 0 
0 0 0 0 0 0 0 0 0 0 0 0 0 0 0 0 0 0 0 0 0 0 0 0 0 0 0 0 0 0 0 0 0 0 0 0 0 0 0 0 0 0 0 0 0 0 0 0 0 0 0 0 0 0 0 0 0 0 0 0 0 0 0 0 0 
0 0 0 0 0 0 0 0 0 0 0 0 0 0 0 0 0 0 0 0 0 0 0 0 0 0 0 0 0 0 0 0 0 0 0 0 0 0 0 0 0 0 0 0 0 0 0 0 0 0 0 0 0 0 0 0 0 0 0 0 0 0 0 0 0 
0 0 256 0 0 0 0 0 0 0 0 0 0 0 0 0 0 0 0 0 0 0 0 0 0 0 0 0 0 0 0 0 0 0 0 0 0 0 0 0 0 0 0 0 0 0 0 0 0 0 0 0 0 0 0 0 0 0 0 0 0 0 0 0 0 
0 0 1760 0 0 0 0 0 0 0 0 0 0 0 0 0 0 0 0 0 0 0 0 0 0 0 0 0 0 0 0 0 0 0 0 0 0 0 0 0 0 0 0 0 0 0 0 0 0 0 0 0 0 0 0 0 0 0 0 0 0 0 0 0 0 
0 0 0 129.369 0 0 0 0 0 0 0 0 0 0 0 0 0 0 0 0 0 0 0 0 0 0 0 0 0 0 0 0 0 0 0 0 0 0 0 0 0 0 0 0 0 0 0 0 0 0 0 0 0 0 0 0 0 0 0 0 0 0 0 0 0 
0 0 0 1413.83 0 0 0 0 0 0 0 0 0 0 0 0 0 0 0 0 0 0 0 0 0 0 0 0 0 0 0 0 0 0 0 0 0 0 0 0 0 0 0 0 0 0 0 0 0 0 0 0 0 0 0 0 0 0 0 0 0 0 0 0 0 
0 0 0 12656.2 196.586 0 0 0 0 0 0 0 0 0 0 0 0 0 0 0 0 0 0 0 0 0 0 0 0 0 0 0 0 0 0 0 0 0 0 0 0 0 0 0 0 0 0 0 0 0 0 0 0 0 0 0 0 0 0 0 0 0 0 0 0 
0 0 0 27464.6 1799.26 0 0 0 0 0 0 0 0 0 0 0 0 0 0 0 0 0 0 0 0 0 0 0 0 0 0 0 0 0 0 0 0 0 0 0 0 0 0 0 0 0 0 0 0 0 0 0 0 0 0 0 0 0 0 0 0 0 0 0 0 
0 0 0 0 14497.7 387.886 0 0 0 0 0 0 0 0 0 0 0 0 0 0 0 0 0 0 0 0 0 0 0 0 0 0 0 0 0 0 0 0 0 0 0 0 0 0 0 0 0 0 0 0 0 0 0 0 0 0 0 0 0 0 0 0 0 0 0 
0 0 0 0 84132 4061.55 0 0 0 0 0 0 0 0 0 0 0 0 0 0 0 0 0 0 0 0 0 0 0 0 0 0 0 0 0 0 0 0 0 0 0 0 0 0 0 0 0 0 0 0 0 0 0 0 0 0 0 0 0 0 0 0 0 0 0 
0 0 0 0 264159 26241.8 1429.23 0 0 0 0 0 0 0 0 0 0 0 0 0 0 0 0 0 0 0 0 0 0 0 0 0 0 0 0 0 0 0 0 0 0 0 0 0 0 0 0 0 0 0 0 0 0 0 0 0 0 0 0 0 0 0 0 0 0 
0 0 0 0 270592 147336 9476.41 445.74 47.7666 0 0 0 0 0 0 0 4.08399 0 0 0 0 0 0 0 0 0 0 0 0 0 0 0 4.09125 0 0 0 0 0 0 0 0 0 0 0 0 0 0 0 0 0 0 0 0 0 0 0 0 0 0 0 0 0 0 0 0 
0 0 0 0 0 656371 66812.9 4163.29 0 0 0 0 0 0 0 0 0 0 0 0 0 0 0 0 0 0 0 0 0 0 0 0 0 0 0 0 0 0 0 0 0 0 0 0 0 0 0 0 0 0 0 0 0 0 0 0 0 0 0 0 0 0 0 0 0 
0 0 0 0 0 1.94933e+06 340180 32465.6 4125.27 458.315 0 0 0 0 0 65.3439 0 0 0 0 0 0 0 0 0 0 0 0 0 0 0 0 0 0 0 0 0 0 0 0 0 0 0 0 0 0 0 0 0 0 0 0 0 0 0 0 0 0 0 0 0 0 0 0 0 
0 0 0 0 0 3.06652e+06 1.46482e+06 195306 16072.6 4238.24 1289.71 383.357 192.563 129.004 196.084 0 0 129.747 0 0 0 0 0 0 0 0 0 0 0 0 0 130.92 0 0 0 0 0 0 0 0 0 0 0 0 0 0 0 0 0 0 0 0 0 0 0 0 0 0 0 0 0 0 0 0 0 
0 0 0 0 0 1.77427e+06 5.29066e+06 926041 128677 10091.6 3241.33 1742.04 822.921 591.615 293.995 0 0 63.575 0 0 0 0 0 0 0 0 0 0 0 0 0 0 0 0 0 0 0 0 0 0 0 0 0 0 0 0 0 0 0 0 0 0 0 0 0 0 0 0 0 0 0 0 0 0 0 
0 0 0 0 0 0 1.40337e+07 3.91504e+06 626780 101898 16568.2 3492.31 2248.09 1174.93 0 0 1944.63 0 390.351 0 0 0 0 0 0 0 0 0 0 0 456.217 0 0 0 0 0 0 0 0 0 0 0 0 0 0 0 0 0 0 0 0 0 0 0 0 0 0 0 0 0 0 0 0 0 0 
0 0 0 0 0 0 2.38277e+07 1.38688e+07 2.93121e+06 522198 104572 32570.7 11141.9 5025.98 3353.14 5422.32 1145.81 0 1750.23 260.347 0 0 0 0 0 0 0 0 0 261.65 1573.04 0 3974.43 0 0 0 0 0 0 0 0 0 0 0 0 0 0 0 0 0 0 0 0 0 0 0 0 0 0 0 0 0 0 0 0 
0 0 0 0 0 0 2.19676e+07 4.18031e+07 1.15237e+07 2.28935e+06 508293 134089 50070.8 24113.7 18040.7 11940.8 0 5446 2188.13 1194.18 380.636 0 0 0 0 0 0 0 386.76 1929.22 0 0 129.116 0 0 0 0 0 0 0 0 0 0 0 0 0 0 0 0 0 0 0 0 0 0 0 0 0 0 0 0 0 0 0 0 
0 0 0 0 0 0 7.972e+06 9.77507e+07 4.00974e+07 9.99806e+06 2.10711e+06 564494 191563 93451.6 54261.4 14250.3 14555.3 25457.6 3704.96 9435.06 1695.96 804.572 0 0 97.9664 0 0 788.963 2608.89 9043.12 0 13473.3 0 0 0 0 0 0 0 0 0 0 0 0 0 0 0 0 0 0 0 0 0 0 0 0 0 0 0 0 0 0 0 0 0 
0 0 0 0 0 0 0 1.63021e+08 1.22124e+08 3.71936e+07 9.67061e+06 2.47977e+06 793192 336682 143428 85353.2 94329.2 44990.4 16462.1 23916.4 9308.33 3522.34 2602.31 947.752 0 915.954 2674.41 5814.34 13257.6 9058.62 7473.76 46913.6 0 0 0 0 0 0 0 0 0 0 0 0 0 0 0 0 0 0 0 0 0 0 0 0 0 0 0 0 0 0 0 0 0 
0 0 0 0 0 0 0 1.72485e+08 3.13244e+08 1.25557e+08 3.62796e+07 1.04213e+07 3.37256e+06 1.27114e+06 606821 395498 264218 66275.1 138526 50835.9 50775.4 14277 6634.23 7677.69 7921.56 7907.75 12609.8 23744.6 42021.4 10965 56496.6 3175.19 45000.8 0 0 0 0 0 0 0 0 0 0 0 0 0 0 0 0 0 0 0 0 0 0 0 0 0 0 0 0 0 0 0 0 
0 0 0 0 0 0 0 1.02365e+08 6.50536e+08 3.7469e+08 1.27818e+08 3.93009e+07 1.27975e+07 4.92234e+06 2.31879e+06 1.33558e+06 601250 449008 368230 151339 156423 89905.9 39123.7 15659.4 22513.6 40939.6 57706.3 83176.2 83078.5 73906.6 261699 24779.8 311607 0 0 0 0 0 0 0 0 0 0 0 0 0 0 0 0 0 0 0 0 0 0 0 0 0 0 0 0 0 0 0 0 
0 0 0 0 0 0 0 2.48492e+07 1.01737e+09 9.8136e+08 4.14854e+08 1.40954e+08 4.82727e+07 1.82315e+07 8.10495e+06 3.96554e+06 2.20178e+06 1.75312e+06 976009 716264 472320 329686 205201 164631 143029 144539 203797 274684 186657 376915 314298 264752 574326 0 0 0 0 0 0 0 0 0 0 0 0 0 0 0 0 0 0 0 0 0 0 0 0 0 0 0 0 0 0 0 0 
0 0 0 0 0 0 0 0 1.10977e+09 2.19262e+09 1.20255e+09 4.66849e+08 1.69318e+08 6.5821e+07 2.81309e+07 1.38818e+07 8.45216e+06 5.427e+06 2.84418e+06 2.49703e+06 1.45998e+06 1.16863e+06 783343 626274 597606 647742 681893 625500 665858 1.29397e+06 376244 1.48133e+06 266848 0 0 0 0 0 0 0 0 0 0 0 0 0 0 0 0 0 0 0 0 0 0 0 0 0 0 0 0 0 0 0 0 
0 0 0 0 0 0 0 0 7.85233e+08 4.04269e+09 3.13316e+09 1.42719e+09 5.65279e+08 2.23662e+08 9.75454e+07 4.80466e+07 2.75266e+07 1.55844e+07 1.06324e+07 7.71474e+06 5.00859e+06 3.88595e+06 3.02485e+06 2.22095e+06 1.83967e+06 1.79924e+06 1.93017e+06 1.81997e+06 2.56557e+06 2.56289e+06 2.03802e+06 4.20404e+06 1.6589e+06 0 0 0 0 0 0 0 0 0 0 0 0 0 0 0 0 0 0 0 0 0 0 0 0 0 0 0 0 0 0 0 0 
0 0 0 0 0 0 0 0 3.18672e+08 5.80887e+09 7.16372e+09 4.01562e+09 1.75852e+09 7.37381e+08 3.21798e+08 1.58704e+08 8.46347e+07 5.01422e+07 3.57143e+07 2.26177e+07 1.68199e+07 1.21313e+07 9.71575e+06 7.74949e+06 6.78586e+06 6.10466e+06 5.54333e+06 5.90696e+06 7.72776e+06 4.79154e+06 8.48701e+06 5.78116e+06 7.90829e+06 0 0 0 0 0 0 0 0 0 0 0 0 0 0 0 0 0 0 0 0 0 0 0 0 0 0 0 0 0 0 0 0 
0 0 0 0 0 0 0 0 5.38817e+07 6.21208e+09 1.40485e+10 1.02821e+10 5.11617e+09 2.29909e+09 1.04212e+09 5.11083e+08 2.71252e+08 1.65992e+08 1.05603e+08 6.93641e+07 5.2513e+07 3.82897e+07 3.00822e+07 2.49873e+07 2.14139e+07 1.83475e+07 1.713e+07 1.86988e+07 1.70685e+07 1.58252e+07 2.36469e+07 1.24937e+07 2.59355e+07 0 0 0 0 0 0 0 0 0 0 0 0 0 0 0 0 0 0 0 0 0 0 0 0 0 0 0 0 0 0 0 0 
0 0 0 0 0 0 0 0 0 4.68091e+09 2.30016e+10 2.3247e+10 1.38492e+10 6.75212e+09 3.23398e+09 1.59096e+09 8.44807e+08 5.09153e+08 3.10848e+08 2.16539e+08 1.58143e+08 1.1703e+08 9.28108e+07 7.47478e+07 6.14756e+07 5.34806e+07 5.14319e+07 5.13234e+07 4.29121e+07 5.46266e+07 4.83237e+07 4.9555e+07 5.38149e+07 0 0 0 0 0 0 0 0 0 0 0 0 0 0 0 0 0 0 0 0 0 0 0 0 0 0 0 0 0 0 0 0 
0 0 0 0 0 0 0 0 0 2.32246e+09 3.02315e+10 4.69737e+10 3.42604e+10 1.87835e+10 9.41332e+09 4.78265e+09 2.58448e+09 1.49279e+09 9.39013e+08 6.48093e+08 4.51888e+08 3.43668e+08 2.66585e+08 2.19484e+08 1.85004e+08 1.60816e+08 1.4849e+08 1.3256e+08 1.29253e+08 1.45679e+08 1.09335e+08 1.51166e+08 1.08212e+08 0 0 0 0 0 0 0 0 0 0 0 0 0 0 0 0 0 0 0 0 0 0 0 0 0 0 0 0 0 0 0 0 
0 0 0 0 0 0 0 0 0 6.68366e+08 3.07414e+10 8.11618e+10 7.66679e+10 4.85532e+10 2.6516e+10 1.39851e+10 7.65828e+09 4.42445e+09 2.75977e+09 1.85551e+09 1.30766e+09 1.00104e+09 7.69562e+08 6.26522e+08 5.24121e+08 4.56472e+08 4.08786e+08 3.66257e+08 3.80316e+08 3.42464e+08 3.33663e+08 3.61823e+08 3.07449e+08 0 0 0 0 0 0 0 0 0 0 0 0 0 0 0 0 0 0 0 0 0 0 0 0 0 0 0 0 0 0 0 0 
0 0 0 0 0 0 0 0 0 8.08492e+07 2.327e+10 1.18136e+11 1.53618e+11 1.16223e+11 6.95924e+10 3.90052e+10 2.18366e+10 1.27007e+10 7.96649e+09 5.23445e+09 3.76095e+09 2.7619e+09 2.1659e+09 1.75372e+09 1.45995e+09 1.24377e+09 1.10039e+09 1.01944e+09 9.97905e+08 8.73235e+08 9.55631e+08 8.3028e+08 9.35611e+08 0 0 0 0 0 0 0 0 0 0 0 0 0 0 0 0 0 0 0 0 0 0 0 0 0 0 0 0 0 0 0 0 
0 0 0 0 0 0 0 0 0 0 1.25437e+10 1.41565e+11 2.7181e+11 2.53283e+11 1.72732e+11 1.03609e+11 5.99881e+10 3.59664e+10 2.23462e+10 1.47323e+10 1.04986e+10 7.65594e+09 5.98776e+09 4.77971e+09 3.91246e+09 3.4191e+09 3.02915e+09 2.79314e+09 2.5128e+09 2.39826e+09 2.40111e+09 2.16795e+09 2.39274e+09 0 0 0 0 0 0 0 0 0 0 0 0 0 0 0 0 0 0 0 0 0 0 0 0 0 0 0 0 0 0 0 0 
0 0 0 0 0 0 0 0 0 0 4.52035e+09 1.34159e+11 4.15948e+11 5.01069e+11 3.97788e+11 2.60076e+11 1.60339e+11 9.76154e+10 6.14422e+10 4.1164e+10 2.82969e+10 2.07454e+10 1.60735e+10 1.27138e+10 1.06429e+10 9.07313e+09 8.04324e+09 7.27338e+09 6.59198e+09 6.41587e+09 5.86838e+09 6.0024e+09 5.77109e+09 0 0 0 0 0 0 0 0 0 0 0 0 0 0 0 0 0 0 0 0 0 0 0 0 0 0 0 0 0 0 0 0 
0 0 0 0 0 0 0 0 0 0 9.43449e+08 9.90133e+10 5.41995e+11 8.85118e+11 8.37814e+11 6.1604e+11 4.04966e+11 2.57606e+11 1.64359e+11 1.0972e+11 7.59973e+10 5.63066e+10 4.26245e+10 3.37958e+10 2.79434e+10 2.40541e+10 2.09211e+10 1.88981e+10 1.73424e+10 1.62494e+10 1.52794e+10 1.54891e+10 1.45834e+10 0 0 0 0 0 0 0 0 0 0 0 0 0 0 0 0 0 0 0 0 0 0 0 0 0 0 0 0 0 0 0 0 
0 0 0 0 0 0 0 0 0 0 8.18742e+07 5.44836e+10 5.85921e+11 1.37771e+12 1.61196e+12 1.3571e+12 9.6647e+11 6.43761e+11 4.28884e+11 2.86655e+11 2.01964e+11 1.47661e+11 1.11454e+11 8.88538e+10 7.33695e+10 6.20979e+10 5.4555e+10 4.85259e+10 4.46108e+10 4.10409e+10 3.96536e+10 3.80371e+10 3.76861e+10 0 0 0 0 0 0 0 0 0 0 0 0 0 0 0 0 0 0 0 0 0 0 0 0 0 0 0 0 0 0 0 0 
0 0 0 0 0 0 0 0 0 0 0 2.17646e+10 5.14809e+11 1.86859e+12 2.82035e+12 2.75547e+12 2.16839e+12 1.55392e+12 1.06592e+12 7.315e+11 5.20205e+11 3.81543e+11 2.88366e+11 2.29967e+11 1.8835e+11 1.58856e+11 1.37436e+11 1.23074e+11 1.11713e+11 1.04184e+11 1.0112e+11 9.64464e+10 9.72651e+10 0 0 0 0 0 0 0 0 0 0 0 0 0 0 0 0 0 0 0 0 0 0 0 0 0 0 0 0 0 0 0 0 
0 0 0 0 0 0 0 0 0 0 0 5.77257e+09 3.59941e+11 2.17473e+12 4.38687e+12 5.156e+12 4.57852e+12 3.52491e+12 2.5552e+12 1.82304e+12 1.30338e+12 9.63832e+11 7.39093e+11 5.8126e+11 4.74028e+11 3.99337e+11 3.48106e+11 3.0894e+11 2.78071e+11 2.66098e+11 2.51318e+11 2.41861e+11 2.41429e+11 0 0 0 0 0 0 0 0 0 0 0 0 0 0 0 0 0 0 0 0 0 0 0 0 0 0 0 0 0 0 0 0 
0 0 0 0 0 0 0 0 0 0 0 8.7994e+08 1.97411e+11 2.12108e+12 6.03846e+12 8.76357e+12 8.97791e+12 7.60358e+12 5.83893e+12 4.32751e+12 3.19552e+12 2.38597e+12 1.8349e+12 1.44578e+12 1.19456e+12 9.93689e+11 8.62104e+11 7.625e+11 6.97172e+11 6.50294e+11 6.20437e+11 5.97379e+11 5.90005e+11 0 0 0 0 0 0 0 0 0 0 0 0 0 0 0 0 0 0 0 0 0 0 0 0 0 0 0 0 0 0 0 0 
0 0 0 0 0 0 0 0 0 0 0 5.43576e+07 8.07603e+10 1.70802e+12 7.26653e+12 1.34864e+13 1.61712e+13 1.52413e+13 1.2676e+13 9.8983e+12 7.47693e+12 5.72494e+12 4.46327e+12 3.53736e+12 2.90743e+12 2.45626e+12 2.12461e+12 1.86808e+12 1.7092e+12 1.58583e+12 1.5044e+12 1.46347e+12 1.44386e+12 0 0 0 0 0 0 0 0 0 0 0 0 0 0 0 0 0 0 0 0 0 0 0 0 0 0 0 0 0 0 0 0 
0 0 0 0 0 0 0 0 0 0 0 0 2.42401e+10 1.12388e+12 7.51577e+12 1.8532e+13 2.66777e+13 2.86031e+13 2.59198e+13 2.14393e+13 1.70422e+13 1.33096e+13 1.05317e+13 8.57405e+12 7.00626e+12 5.94373e+12 5.13365e+12 4.52513e+12 4.1058e+12 3.83091e+12 3.63316e+12 3.57054e+12 3.52044e+12 0 0 0 0 0 0 0 0 0 0 0 0 0 0 0 0 0 0 0 0 0 0 0 0 0 0 0 0 0 0 0 0 
0 0 0 0 0 0 0 0 0 0 0 0 4.7662e+09 5.9083e+11 6.58024e+12 2.25023e+13 4.00404e+13 4.94022e+13 4.94631e+13 4.39017e+13 3.69786e+13 3.00128e+13 2.42796e+13 1.99001e+13 1.64615e+13 1.38877e+13 1.20282e+13 1.07245e+13 9.77276e+12 9.10541e+12 8.60275e+12 8.37423e+12 8.35725e+12 0 0 0 0 0 0 0 0 0 0 0 0 0 0 0 0 0 0 0 0 0 0 0 0 0 0 0 0 0 0 0 0 
0 0 0 0 0 0 0 0 0 0 0 0 5.2078e+08 2.43386e+11 4.85174e+12 2.39129e+13 5.41039e+13 7.88064e+13 8.86564e+13 8.55055e+13 7.60785e+13 6.43621e+13 5.38702e+13 4.47979e+13 3.7803e+13 3.24317e+13 2.81155e+13 2.50238e+13 2.27853e+13 2.12756e+13 2.01857e+13 1.97019e+13 1.9482e+13 0 0 0 0 0 0 0 0 0 0 0 0 0 0 0 0 0 0 0 0 0 0 0 0 0 0 0 0 0 0 0 0 
0 0 0 0 0 0 0 0 0 0 0 0 2.23953e+07 7.58926e+10 2.96285e+12 2.19914e+13 6.53738e+13 1.14259e+14 1.46262e+14 1.56289e+14 1.47227e+14 1.32455e+14 1.14386e+14 9.76807e+13 8.38392e+13 7.31064e+13 6.42727e+13 5.75927e+13 5.25675e+13 4.8811e+13 4.67749e+13 4.54856e+13 4.48696e+13 0 0 0 0 0 0 0 0 0 0 0 0 0 0 0 0 0 0 0 0 0 0 0 0 0 0 0 0 0 0 0 0 
0 0 0 0 0 0 0 0 0 0 0 0 0 1.69898e+10 1.47544e+12 1.72939e+13 6.99627e+13 1.50509e+14 2.23685e+14 2.63209e+14 2.71583e+14 2.56157e+14 2.32411e+14 2.04978e+14 1.8037e+14 1.58491e+14 1.41315e+14 1.27872e+14 1.17966e+14 1.10374e+14 1.0523e+14 1.02008e+14 1.02132e+14 0 0 0 0 0 0 0 0 0 0 0 0 0 0 0 0 0 0 0 0 0 0 0 0 0 0 0 0 0 0 0 0 
0 0 0 0 0 0 0 0 0 0 0 0 0 2.42944e+09 5.89569e+11 1.16058e+13 6.5579e+13 1.78894e+14 3.12077e+14 4.15722e+14 4.66211e+14 4.72117e+14 4.49495e+14 4.12025e+14 3.72758e+14 3.34991e+14 3.03517e+14 2.76628e+14 2.56454e+14 2.41541e+14 2.3207e+14 2.25372e+14 2.2254e+14 0 0 0 0 0 0 0 0 0 0 0 0 0 0 0 0 0 0 0 0 0 0 0 0 0 0 0 0 0 0 0 0 
0 0 0 0 0 0 0 0 0 0 0 0 0 1.81014e+08 1.85768e+11 6.47812e+12 5.35274e+13 1.89193e+14 3.97228e+14 6.04984e+14 7.5087e+14 8.15398e+14 8.20213e+14 7.85727e+14 7.33161e+14 6.76417e+14 6.26539e+14 5.79022e+14 5.43617e+14 5.1514e+14 4.9714e+14 4.83398e+14 4.78926e+14 0 0 0 0 0 0 0 0 0 0 0 0 0 0 0 0 0 0 0 0 0 0 0 0 0 0 0 0 0 0 0 0 
0 0 0 0 0 0 0 0 0 0 0 0 0 5.35522e+06 4.37383e+10 3.03141e+12 3.77928e+13 1.78289e+14 4.58845e+14 8.10006e+14 1.12163e+15 1.32667e+15 1.4172e+15 1.43179e+15 1.38458e+15 1.32219e+15 1.23681e+15 1.17e+15 1.10478e+15 1.06297e+15 1.02045e+15 9.99479e+14 9.96645e+14 0 0 0 0 0 0 0 0 0 0 0 0 0 0 0 0 0 0 0 0 0 0 0 0 0 0 0 0 0 0 0 0 
0 0 0 0 0 0 0 0 0 0 0 0 0 0 7.08899e+09 1.15715e+12 2.27195e+13 1.46739e+14 4.75292e+14 9.85224e+14 1.54259e+15 2.01109e+15 2.30925e+15 2.45763e+15 2.48331e+15 2.43559e+15 2.36157e+15 2.26071e+15 2.18201e+15 2.09571e+15 2.0355e+15 2.01497e+15 1.99385e+15 0 0 0 0 0 0 0 0 0 0 0 0 0 0 0 0 0 0 0 0 0 0 0 0 0 0 0 0 0 0 0 0 
0 0 0 0 0 0 0 0 0 0 0 0 0 0 6.97496e+08 3.5513e+11 1.17e+13 1.06114e+14 4.40517e+14 1.09952e+15 1.96854e+15 2.83459e+15 3.52762e+15 3.97401e+15 4.2233e+15 4.31175e+15 4.27117e+15 4.20339e+15 4.09377e+15 4.00729e+15 3.94321e+15 3.88727e+15 3.87735e+15 0 0 0 0 0 0 0 0 0 0 0 0 0 0 0 0 0 0 0 0 0 0 0 0 0 0 0 0 0 0 0 0 
0 0 0 0 0 0 0 0 0 0 0 0 0 0 3.31554e+07 8.44086e+10 5.04046e+12 6.68069e+13 3.62478e+14 1.10226e+15 2.28934e+15 3.68357e+15 5.00495e+15 6.05399e+15 6.77335e+15 7.16787e+15 7.40496e+15 7.412e+15 7.37519e+15 7.34717e+15 7.26885e+15 7.222e+15 7.19994e+15 0 0 0 0 0 0 0 0 0 0 0 0 0 0 0 0 0 0 0 0 0 0 0 0 0 0 0 0 0 0 0 0 
0 0 0 0 0 0 0 0 0 0 0 0 0 0 737035 1.44184e+10 1.81117e+12 3.62277e+13 2.63021e+14 9.93708e+14 2.43246e+15 4.4396e+15 6.63063e+15 8.61522e+15 1.02034e+16 1.13503e+16 1.20602e+16 1.25e+16 1.27081e+16 1.27683e+16 1.2828e+16 1.28068e+16 1.27591e+16 0 0 0 0 0 0 0 0 0 0 0 0 0 0 0 0 0 0 0 0 0 0 0 0 0 0 0 0 0 0 0 0 
0 0 0 0 0 0 0 0 0 0 0 0 0 0 0 1.57965e+09 5.30554e+11 1.68928e+13 1.67456e+14 8.04476e+14 2.34089e+15 4.88069e+15 8.09295e+15 1.14526e+16 1.44295e+16 1.68578e+16 1.86615e+16 1.99413e+16 2.07245e+16 2.12009e+16 2.14995e+16 2.16335e+16 2.1604e+16 0 0 0 0 0 0 0 0 0 0 0 0 0 0 0 0 0 0 0 0 0 0 0 0 0 0 0 0 0 0 0 0 
0 0 0 0 0 0 0 0 0 0 0 0 0 0 0 9.51448e+07 1.23039e+11 6.66533e+12 9.37461e+13 5.75258e+14 2.03305e+15 4.91789e+15 9.13037e+15 1.40756e+16 1.90748e+16 2.35153e+16 2.71712e+16 2.9992e+16 3.20474e+16 3.33862e+16 3.41876e+16 3.46679e+16 3.49679e+16 0 0 0 0 0 0 0 0 0 0 0 0 0 0 0 0 0 0 0 0 0 0 0 0 0 0 0 0 0 0 0 0 
0 0 0 0 0 0 0 0 0 0 0 0 0 0 0 2.97786e+06 2.0851e+10 2.22474e+12 4.5457e+13 3.65977e+14 1.59555e+15 4.50542e+15 9.45706e+15 1.60822e+16 2.34864e+16 3.07965e+16 3.72931e+16 4.25839e+16 4.68656e+16 4.99605e+16 5.19439e+16 5.30091e+16 5.33691e+16 0 0 0 0 0 0 0 0 0 0 0 0 0 0 0 0 0 0 0 0 0 0 0 0 0 0 0 0 0 0 0 0 
0 0 0 0 0 0 0 0 0 0 0 0 0 0 0 58328 2.39036e+09 6.0909e+11 1.91529e+13 2.05497e+14 1.1153e+15 3.74595e+15 8.96169e+15 1.68699e+16 2.67881e+16 3.74974e+16 4.77522e+16 5.69421e+16 6.44275e+16 7.00478e+16 7.40561e+16 7.64252e+16 7.7284e+16 0 0 0 0 0 0 0 0 0 0 0 0 0 0 0 0 0 0 0 0 0 0 0 0 0 0 0 0 0 0 0 0 
0 0 0 0 0 0 0 0 0 0 0 0 0 0 0 0 1.47396e+08 1.3193e+11 6.87605e+12 1.01898e+14 6.94458e+14 2.80817e+15 7.76282e+15 1.63864e+16 2.83813e+16 4.24114e+16 5.71942e+16 7.11048e+16 8.29931e+16 9.28319e+16 9.9844e+16 1.03974e+17 1.0553e+17 0 0 0 0 0 0 0 0 0 0 0 0 0 0 0 0 0 0 0 0 0 0 0 0 0 0 0 0 0 0 0 0 
0 0 0 0 0 0 0 0 0 0 0 0 0 0 0 0 5.45007e+06 2.18737e+10 2.08415e+12 4.40567e+13 3.87382e+14 1.89456e+15 6.10492e+15 1.44821e+16 2.75789e+16 4.46977e+16 6.38533e+16 8.31822e+16 1.0072e+17 1.15289e+17 1.26106e+17 1.33086e+17 1.35142e+17 0 0 0 0 0 0 0 0 0 0 0 0 0 0 0 0 0 0 0 0 0 0 0 0 0 0 0 0 0 0 0 0 
0 0 0 0 0 0 0 0 0 0 0 0 0 0 0 0 109174 2.36081e+09 5.25232e+11 1.65046e+13 1.90475e+14 1.14495e+15 4.33396e+15 1.17295e+16 2.46815e+16 4.32691e+16 6.59966e+16 9.02568e+16 1.13706e+17 1.34286e+17 1.4977e+17 1.59497e+17 1.62654e+17 0 0 0 0 0 0 0 0 0 0 0 0 0 0 0 0 0 0 0 0 0 0 0 0 0 0 0 0 0 0 0 0 
0 0 0 0 0 0 0 0 0 0 0 0 0 0 0 0 2209.17 1.42011e+08 1.04762e+11 5.352e+12 8.30717e+13 6.19584e+14 2.78955e+15 8.65214e+15 2.03513e+16 3.88034e+16 6.33306e+16 9.15384e+16 1.20437e+17 1.45838e+17 1.66483e+17 1.79164e+17 1.835e+17 0 0 0 0 0 0 0 0 0 0 0 0 0 0 0 0 0 0 0 0 0 0 0 0 0 0 0 0 0 0 0 0 
0 0 0 0 0 0 0 0 0 0 0 0 0 0 0 0 0 4.60467e+06 1.56303e+10 1.45779e+12 3.17068e+13 3.01403e+14 1.61868e+15 5.80069e+15 1.52837e+16 3.20075e+16 5.60576e+16 8.57536e+16 1.17767e+17 1.47539e+17 1.72122e+17 1.88273e+17 1.938e+17 0 0 0 0 0 0 0 0 0 0 0 0 0 0 0 0 0 0 0 0 0 0 0 0 0 0 0 0 0 0 0 0 
0 0 0 0 0 0 0 0 0 0 0 0 0 0 0 0 0 97382.3 1.51608e+09 3.28036e+11 1.05843e+13 1.28742e+14 8.46023e+14 3.50113e+15 1.04825e+16 2.42086e+16 4.59027e+16 7.44616e+16 1.06706e+17 1.39171e+17 1.65617e+17 1.83348e+17 1.89868e+17 0 0 0 0 0 0 0 0 0 0 0 0 0 0 0 0 0 0 0 0 0 0 0 0 0 0 0 0 0 0 0 0 
0 0 0 0 0 0 0 0 0 0 0 0 0 0 0 0 0 0 7.67904e+07 5.81752e+10 3.00204e+12 4.90167e+13 3.93875e+14 1.936e+15 6.53464e+15 1.6711e+16 3.44244e+16 5.97092e+16 8.99842e+16 1.21376e+17 1.48439e+17 1.66676e+17 1.73325e+17 0 0 0 0 0 0 0 0 0 0 0 0 0 0 0 0 0 0 0 0 0 0 0 0 0 0 0 0 0 0 0 0 
0 0 0 0 0 0 0 0 0 0 0 0 0 0 0 0 0 0 1.88574e+06 7.4453e+09 7.25724e+11 1.6408e+13 1.64236e+14 9.57864e+14 3.70006e+15 1.05388e+16 2.36606e+16 4.39353e+16 6.99905e+16 9.78911e+16 1.23289e+17 1.4078e+17 1.4659e+17 0 0 0 0 0 0 0 0 0 0 0 0 0 0 0 0 0 0 0 0 0 0 0 0 0 0 0 0 0 0 0 0 
0 0 0 0 0 0 0 0 0 0 0 0 0 0 0 0 0 0 2340.48 5.95275e+08 1.41754e+11 4.72353e+12 6.1348e+13 4.25432e+14 1.90514e+15 6.09133e+15 1.49014e+16 2.97282e+16 5.00342e+16 7.30647e+16 9.45636e+16 1.09597e+17 1.15092e+17 0 0 0 0 0 0 0 0 0 0 0 0 0 0 0 0 0 0 0 0 0 0 0 0 0 0 0 0 0 0 0 0 
0 0 0 0 0 0 0 0 0 0 0 0 0 0 0 0 0 0 0 2.09222e+07 2.12401e+10 1.1778e+12 2.00678e+13 1.7032e+14 8.86673e+14 3.18534e+15 8.61579e+15 1.84458e+16 3.29379e+16 5.0193e+16 6.68374e+16 7.92319e+16 8.37038e+16 0 0 0 0 0 0 0 0 0 0 0 0 0 0 0 0 0 0 0 0 0 0 0 0 0 0 0 0 0 0 0 0 
0 0 0 0 0 0 0 0 0 0 0 0 0 0 0 0 0 0 0 115955 2.22854e+09 2.43779e+11 5.76149e+12 6.0798e+13 3.7301e+14 1.51694e+15 4.53781e+15 1.05204e+16 1.99172e+16 3.17708e+16 4.36115e+16 5.25265e+16 5.59645e+16 0 0 0 0 0 0 0 0 0 0 0 0 0 0 0 0 0 0 0 0 0 0 0 0 0 0 0 0 0 0 0 0 
0 0 0 0 0 0 0 0 0 0 0 0 0 0 0 0 0 0 0 0 1.28879e+08 3.97906e+10 1.42621e+12 1.94138e+13 1.40605e+14 6.57839e+14 2.16562e+15 5.49332e+15 1.10288e+16 1.84871e+16 2.62586e+16 3.22024e+16 3.44376e+16 0 0 0 0 0 0 0 0 0 0 0 0 0 0 0 0 0 0 0 0 0 0 0 0 0 0 0 0 0 0 0 0 
0 0 0 0 0 0 0 0 0 0 0 0 0 0 0 0 0 0 0 0 1.70323e+06 4.84632e+09 3.00281e+11 5.35851e+12 4.73745e+13 2.5644e+14 9.48134e+14 2.61111e+15 5.63734e+15 9.87017e+15 1.45319e+16 1.81356e+16 1.95154e+16 0 0 0 0 0 0 0 0 0 0 0 0 0 0 0 0 0 0 0 0 0 0 0 0 0 0 0 0 0 0 0 0 
0 0 0 0 0 0 0 0 0 0 0 0 0 0 0 0 0 0 0 0 3230.22 3.67942e+08 5.16748e+10 1.31426e+12 1.44417e+13 8.97913e+13 3.75798e+14 1.12709e+15 2.61491e+15 4.82423e+15 7.35761e+15 9.40968e+15 1.02103e+16 0 0 0 0 0 0 0 0 0 0 0 0 0 0 0 0 0 0 0 0 0 0 0 0 0 0 0 0 0 0 0 0 
0 0 0 0 0 0 0 0 0 0 0 0 0 0 0 0 0 0 0 0 0 1.12153e+07 6.79426e+09 2.6999e+11 3.84502e+12 2.85937e+13 1.35314e+14 4.45571e+14 1.10713e+15 2.16885e+15 3.42257e+15 4.48167e+15 4.88179e+15 0 0 0 0 0 0 0 0 0 0 0 0 0 0 0 0 0 0 0 0 0 0 0 0 0 0 0 0 0 0 0 0 
0 0 0 0 0 0 0 0 0 0 0 0 0 0 0 0 0 0 0 0 0 70954.1 6.06526e+08 4.66396e+10 8.92566e+11 8.09646e+12 4.36259e+13 1.60669e+14 4.2882e+14 8.89672e+14 1.46775e+15 1.94949e+15 2.13842e+15 0 0 0 0 0 0 0 0 0 0 0 0 0 0 0 0 0 0 0 0 0 0 0 0 0 0 0 0 0 0 0 0 
0 0 0 0 0 0 0 0 0 0 0 0 0 0 0 0 0 0 0 0 0 0 2.56754e+07 6.43273e+09 1.78068e+11 2.03546e+12 1.27502e+13 5.2344e+13 1.53575e+14 3.33379e+14 5.7003e+14 7.77592e+14 8.64907e+14 0 0 0 0 0 0 0 0 0 0 0 0 0 0 0 0 0 0 0 0 0 0 0 0 0 0 0 0 0 0 0 0 
0 0 0 0 0 0 0 0 0 0 0 0 0 0 0 0 0 0 0 0 0 0 634312 6.13673e+08 3.03089e+10 4.48295e+11 3.34163e+12 1.54899e+13 4.86064e+13 1.14852e+14 2.03995e+14 2.87165e+14 3.18367e+14 0 0 0 0 0 0 0 0 0 0 0 0 0 0 0 0 0 0 0 0 0 0 0 0 0 0 0 0 0 0 0 0 
0 0 0 0 0 0 0 0 0 0 0 0 0 0 0 0 0 0 0 0 0 0 1701.22 3.21455e+07 4.12097e+09 8.46241e+10 7.83834e+11 4.09216e+12 1.42956e+13 3.55029e+13 6.67802e+13 9.54282e+13 1.08084e+14 0 0 0 0 0 0 0 0 0 0 0 0 0 0 0 0 0 0 0 0 0 0 0 0 0 0 0 0 0 0 0 0 
0 0 0 0 0 0 0 0 0 0 0 0 0 0 0 0 0 0 0 0 0 0 0 1.1406e+06 4.14191e+08 1.37417e+10 1.60458e+11 9.79727e+11 3.79728e+12 1.00829e+13 1.9806e+13 2.94658e+13 3.36933e+13 0 0 0 0 0 0 0 0 0 0 0 0 0 0 0 0 0 0 0 0 0 0 0 0 0 0 0 0 0 0 0 0 
0 0 0 0 0 0 0 0 0 0 0 0 0 0 0 0 0 0 0 0 0 0 0 23715.5 2.22006e+07 1.81075e+09 2.82883e+10 2.1321e+11 9.0664e+11 2.62768e+12 5.40672e+12 8.27439e+12 9.39239e+12 0 0 0 0 0 0 0 0 0 0 0 0 0 0 0 0 0 0 0 0 0 0 0 0 0 0 0 0 0 0 0 0 
0 0 0 0 0 0 0 0 0 0 0 0 0 0 0 0 0 0 0 0 0 0 0 0 968548 1.87054e+08 4.36632e+09 3.98578e+10 1.97199e+11 6.21252e+11 1.35281e+12 2.1153e+12 2.47647e+12 0 0 0 0 0 0 0 0 0 0 0 0 0 0 0 0 0 0 0 0 0 0 0 0 0 0 0 0 0 0 0 0 
0 0 0 0 0 0 0 0 0 0 0 0 0 0 0 0 0 0 0 0 0 0 0 0 25068.1 9.35591e+06 5.37349e+08 6.48139e+09 3.85791e+10 1.33245e+11 3.03127e+11 4.99226e+11 5.83887e+11 0 0 0 0 0 0 0 0 0 0 0 0 0 0 0 0 0 0 0 0 0 0 0 0 0 0 0 0 0 0 0 0 
0 0 0 0 0 0 0 0 0 0 0 0 0 0 0 0 0 0 0 0 0 0 0 0 451.736 387455 5.50476e+07 9.28001e+08 6.59204e+09 2.58343e+10 6.40052e+10 1.07965e+11 1.27426e+11 0 0 0 0 0 0 0 0 0 0 0 0 0 0 0 0 0 0 0 0 0 0 0 0 0 0 0 0 0 0 0 0 
0 0 0 0 0 0 0 0 0 0 0 0 0 0 0 0 0 0 0 0 0 0 0 0 0 11302.4 2.21114e+06 1.04445e+08 9.85205e+08 4.44502e+09 1.22076e+10 2.13141e+10 2.52735e+10 0 0 0 0 0 0 0 0 0 0 0 0 0 0 0 0 0 0 0 0 0 0 0 0 0 0 0 0 0 0 0 0 
0 0 0 0 0 0 0 0 0 0 0 0 0 0 0 0 0 0 0 0 0 0 0 0 0 0 85114.9 1.08356e+07 1.30622e+08 7.00855e+08 2.07349e+09 3.85313e+09 4.68138e+09 0 0 0 0 0 0 0 0 0 0 0 0 0 0 0 0 0 0 0 0 0 0 0 0 0 0 0 0 0 0 0 0 
0 0 0 0 0 0 0 0 0 0 0 0 0 0 0 0 0 0 0 0 0 0 0 0 0 0 0 287379 1.24839e+07 9.68104e+07 3.2008e+08 6.42187e+08 8.02305e+08 0 0 0 0 0 0 0 0 0 0 0 0 0 0 0 0 0 0 0 0 0 0 0 0 0 0 0 0 0 0 0 0 
0 0 0 0 0 0 0 0 0 0 0 0 0 0 0 0 0 0 0 0 0 0 0 0 0 0 0 0 1.54943e+06 1.17173e+07 4.39959e+07 9.7876e+07 1.18973e+08 0 0 0 0 0 0 0 0 0 0 0 0 0 0 0 0 0 0 0 0 0 0 0 0 0 0 0 0 0 0 0 0 
0 0 0 0 0 0 0 0 0 0 0 0 0 0 0 0 0 0 0 0 0 0 0 0 0 0 0 0 603.251 854085 5.88273e+06 1.2738e+07 1.78637e+07 0 0 0 0 0 0 0 0 0 0 0 0 0 0 0 0 0 0 0 0 0 0 0 0 0 0 0 0 0 0 0 0 
0 0 0 0 0 0 0 0 0 0 0 0 0 0 0 0 0 0 0 0 0 0 0 0 0 0 0 0 0 169439 656681 1.50801e+06 2.53716e+06 0 0 0 0 0 0 0 0 0 0 0 0 0 0 0 0 0 0 0 0 0 0 0 0 0 0 0 0 0 0 0 0 
0 0 0 0 0 0 0 0 0 0 0 0 0 0 0 0 0 0 0 0 0 0 0 0 0 0 0 0 0 0 19033.9 272978 189469 0 0 0 0 0 0 0 0 0 0 0 0 0 0 0 0 0 0 0 0 0 0 0 0 0 0 0 0 0 0 0 0 
0 0 0 0 0 0 0 0 0 0 0 0 0 0 0 0 0 0 0 0 0 0 0 0 0 0 0 0 0 0 18812 17342.6 44594.9 0 0 0 0 0 0 0 0 0 0 0 0 0 0 0 0 0 0 0 0 0 0 0 0 0 0 0 0 0 0 0 0 
0 0 0 0 0 0 0 0 0 0 0 0 0 0 0 0 0 0 0 0 0 0 0 0 0 0 0 0 0 0 0 0 8005.61 0 0 0 0 0 0 0 0 0 0 0 0 0 0 0 0 0 0 0 0 0 0 0 0 0 0 0 0 0 0 0 0 
0 0 0 0 0 0 0 0 0 0 0 0 0 0 0 0 0 0 0 0 0 0 0 0 0 0 0 0 0 0 0 1321 0 0 0 0 0 0 0 0 0 0 0 0 0 0 0 0 0 0 0 0 0 0 0 0 0 0 0 0 0 0 0 0 0 
0 0 0 0 0 0 0 0 0 0 0 0 0 0 0 0 0 0 0 0 0 0 0 0 0 0 0 0 0 0 0 0 0 0 0 0 0 0 0 0 0 0 0 0 0 0 0 0 0 0 0 0 0 0 0 0 0 0 0 0 0 0 0 0 0 
0 0 0 0 0 0 0 0 0 0 0 0 0 0 0 0 0 0 0 0 0 0 0 0 0 0 0 0 0 0 0 0 41.2813 0 0 0 0 0 0 0 0 0 0 0 0 0 0 0 0 0 0 0 0 0 0 0 0 0 0 0 0 0 0 0 0 
0 0 0 0 0 0 0 0 0 0 0 0 0 0 0 0 0 0 0 0 0 0 0 0 0 0 0 0 0 0 0 0 0 0 0 0 0 0 0 0 0 0 0 0 0 0 0 0 0 0 0 0 0 0 0 0 0 0 0 0 0 0 0 0 0 
0 0 0 0 0 0 0 0 0 0 0 0 0 0 0 0 0 0 0 0 0 0 0 0 0 0 0 0 0 0 0 0 0 0 0 0 0 0 0 0 0 0 0 0 0 0 0 0 0 0 0 0 0 0 0 0 0 0 0 0 0 0 0 0 0 
0 0 0 0 0 0 0 0 0 0 0 0 0 0 0 0 0 0 0 0 0 0 0 0 0 0 0 0 0 0 0 0 0 0 0 0 0 0 0 0 0 0 0 0 0 0 0 0 0 0 0 0 0 0 0 0 0 0 0 0 0 0 0 0 0 
0 0 0 0 0 0 0 0 0 0 0 0 0 0 0 0 0 0 0 0 0 0 0 0 0 0 0 0 0 0 0 0 0 0 0 0 0 0 0 0 0 0 0 0 0 0 0 0 0 0 0 0 0 0 0 0 0 0 0 0 0 0 0 0 0 
0 0 0 0 0 0 0 0 0 0 0 0 0 0 0 0 0 0 0 0 0 0 0 0 0 0 0 0 0 0 0 0 0 0 0 0 0 0 0 0 0 0 0 0 0 0 0 0 0 0 0 0 0 0 0 0 0 0 0 0 0 0 0 0 0 
0 0 0 0 0 0 0 0 0 0 0 0 0 0 0 0 0 0 0 0 0 0 0 0 0 0 0 0 0 0 0 0 0 0 0 0 0 0 0 0 0 0 0 0 0 0 0 0 0 0 0 0 0 0 0 0 0 0 0 0 0 0 0 0 0 
0 0 0 0 0 0 0 0 0 0 0 0 0 0 0 0 0 0 0 0 0 0 0 0 0 0 0 0 0 0 0 0 0 0 0 0 0 0 0 0 0 0 0 0 0 0 0 0 0 0 0 0 0 0 0 0 0 0 0 0 0 0 0 0 0 
0 0 0 0 0 0 0 0 0 0 0 0 0 0 0 0 0 0 0 0 0 0 0 0 0 0 0 0 0 0 0 0 0 0 0 0 0 0 0 0 0 0 0 0 0 0 0 0 0 0 0 0 0 0 0 0 0 0 0 0 0 0 0 0 0 
0 0 0 0 0 0 0 0 0 0 0 0 0 0 0 0 0 0 0 0 0 0 0 0 0 0 0 0 0 0 0 0 0 0 0 0 0 0 0 0 0 0 0 0 0 0 0 0 0 0 0 0 0 0 0 0 0 0 0 0 0 0 0 0 0 
0 0 0 0 0 0 0 0 0 0 0 0 0 0 0 0 0 0 0 0 0 0 0 0 0 0 0 0 0 0 0 0 0 0 0 0 0 0 0 0 0 0 0 0 0 0 0 0 0 0 0 0 0 0 0 0 0 0 0 0 0 0 0 0 0 
0 0 0 0 0 0 0 0 0 0 0 0 0 0 0 0 0 0 0 0 0 0 0 0 0 0 0 0 0 0 0 0 0 0 0 0 0 0 0 0 0 0 0 0 0 0 0 0 0 0 0 0 0 0 0 0 0 0 0 0 0 0 0 0 0 
0 0 0 0 0 0 0 0 0 0 0 0 0 0 0 0 0 0 0 0 0 0 0 0 0 0 0 0 0 0 0 0 0 0 0 0 0 0 0 0 0 0 0 0 0 0 0 0 0 0 0 0 0 0 0 0 0 0 0 0 0 0 0 0 0 
0 0 0 0 0 0 0 0 0 0 0 0 0 0 0 0 0 0 0 0 0 0 0 0 0 0 0 0 0 0 0 0 0 0 0 0 0 0 0 0 0 0 0 0 0 0 0 0 0 0 0 0 0 0 0 0 0 0 0 0 0 0 0 0 0 
0 0 0 0 0 0 0 0 0 0 0 0 0 0 0 0 0 0 0 0 0 0 0 0 0 0 0 0 0 0 0 0 0 0 0 0 0 0 0 0 0 0 0 0 0 0 0 0 0 0 0 0 0 0 0 0 0 0 0 0 0 0 0 0 0 
0 0 0 0 0 0 0 0 0 0 0 0 0 0 0 0 0 0 0 0 0 0 0 0 0 0 0 0 0 0 0 0 0 0 0 0 0 0 0 0 0 0 0 0 0 0 0 0 0 0 0 0 0 0 0 0 0 0 0 0 0 0 0 0 0 
0 0 0 0 0 0 0 0 0 0 0 0 0 0 0 0 0 0 0 0 0 0 0 0 0 0 0 0 0 0 0 0 0 0 0 0 0 0 0 0 0 0 0 0 0 0 0 0 0 0 0 0 0 0 0 0 0 0 0 0 0 0 0 0 0 
0 0 0 0 0 0 0 0 0 0 0 0 0 0 0 0 0 0 0 0 0 0 0 0 0 0 0 0 0 0 0 0 0 0 0 0 0 0 0 0 0 0 0 0 0 0 0 0 0 0 0 0 0 0 0 0 0 0 0 0 0 0 0 0 0 
0 0 0 0 0 0 0 0 0 0 0 0 0 0 0 0 0 0 0 0 0 0 0 0 0 0 0 0 0 0 0 0 0 0 0 0 0 0 0 0 0 0 0 0 0 0 0 0 0 0 0 0 0 0 0 0 0 0 0 0 0 0 0 0 0 
0 0 0 0 0 0 0 0 0 0 0 0 0 0 0 0 0 0 0 0 0 0 0 0 0 0 0 0 0 0 0 0 0 0 0 0 0 0 0 0 0 0 0 0 0 0 0 0 0 0 0 0 0 0 0 0 0 0 0 0 0 0 0 0 0 
0 0 0 0 0 0 0 0 0 0 0 0 0 0 0 0 0 0 0 0 0 0 0 0 0 0 0 0 0 0 0 0 0 0 0 0 0 0 0 0 0 0 0 0 0 0 0 0 0 0 0 0 0 0 0 0 0 0 0 0 0 0 0 0 0 
0 0 0 0 0 0 0 0 0 0 0 0 0 0 0 0 0 0 0 0 0 0 0 0 0 0 0 0 0 0 0 0 0 0 0 0 0 0 0 0 0 0 0 0 0 0 0 0 0 0 0 0 0 0 0 0 0 0 0 0 0 0 0 0 0 
0 0 0 0 0 0 0 0 0 0 0 0 0 0 0 0 0 0 0 0 0 0 0 0 0 0 0 0 0 0 0 0 0 0 0 0 0 0 0 0 0 0 0 0 0 0 0 0 0 0 0 0 0 0 0 0 0 0 0 0 0 0 0 0 0 
0 0 0 0 0 0 0 0 0 0 0 0 0 0 0 0 0 0 0 0 0 0 0 0 0 0 0 0 0 0 0 0 0 0 0 0 0 0 0 0 0 0 0 0 0 0 0 0 0 0 0 0 0 0 0 0 0 0 0 0 0 0 0 0 0 
0 0 0 0 0 0 0 0 0 0 0 0 0 0 0 0 0 0 0 0 0 0 0 0 0 0 0 0 0 0 0 0 0 0 0 0 0 0 0 0 0 0 0 0 0 0 0 0 0 0 0 0 0 0 0 0 0 0 0 0 0 0 0 0 0 
0 0 0 0 0 0 0 0 0 0 0 0 0 0 0 0 0 0 0 0 0 0 0 0 0 0 0 0 0 0 0 0 0 0 0 0 0 0 0 0 0 0 0 0 0 0 0 0 0 0 0 0 0 0 0 0 0 0 0 0 0 0 0 0 0 
0 0 0 0 0 0 0 0 0 0 0 0 0 0 0 0 0 0 0 0 0 0 0 0 0 0 0 0 0 0 0 0 0 0 0 0 0 0 0 0 0 0 0 0 0 0 0 0 0 0 0 0 0 0 0 0 0 0 0 0 0 0 0 0 0 
0 0 0 0 0 0 0 0 0 0 0 0 0 0 0 0 0 0 0 0 0 0 0 0 0 0 0 0 0 0 0 0 0 0 0 0 0 0 0 0 0 0 0 0 0 0 0 0 0 0 0 0 0 0 0 0 0 0 0 0 0 0 0 0 0 
0 0 0 0 0 0 0 0 0 0 0 0 0 0 0 0 0 0 0 0 0 0 0 0 0 0 0 0 0 0 0 0 0 0 0 0 0 0 0 0 0 0 0 0 0 0 0 0 0 0 0 0 0 0 0 0 0 0 0 0 0 0 0 0 0 
0 0 0 0 0 0 0 0 0 0 0 0 0 0 0 0 0 0 0 0 0 0 0 0 0 0 0 0 0 0 0 0 0 0 0 0 0 0 0 0 0 0 0 0 0 0 0 0 0 0 0 0 0 0 0 0 0 0 0 0 0 0 0 0 0 
0 0 0 0 0 0 0 0 0 0 0 0 0 0 0 0 0 0 0 0 0 0 0 0 0 0 0 0 0 0 0 0 0 0 0 0 0 0 0 0 0 0 0 0 0 0 0 0 0 0 0 0 0 0 0 0 0 0 0 0 0 0 0 0 0 
0 0 0 0 0 0 0 0 0 0 0 0 0 0 0 0 0 0 0 0 0 0 0 0 0 0 0 0 0 0 0 0 0 0 0 0 0 0 0 0 0 0 0 0 0 0 0 0 0 0 0 0 0 0 0 0 0 0 0 0 0 0 0 0 0 
0 0 0 0 0 0 0 0 0 0 0 0 0 0 0 0 0 0 0 0 0 0 0 0 0 0 0 0 0 0 0 0 0 0 0 0 0 0 0 0 0 0 0 0 0 0 0 0 0 0 0 0 0 0 0 0 0 0 0 0 0 0 0 0 0 
