1 0 0 0 0 0 0 0 0 0 0 0 0 0 0 0 0 0 0 0 0 0 0 0 0 0 0 0 0 0 0 0 0 0 0 0 0 0 0 0 0 0 0 0 0 0 0 0 0 0 0 0 0 0 0 0 0 0 0 0 0 0 0 0 1 
0 0 0 0 0 0 0 0 0 0 0 0 0 0 0 0 0 0 0 0 0 0 0 0 0 0 0 0 0 0 0 0 0 0 0 0 0 0 0 0 0 0 0 0 0 0 0 0 0 0 0 0 0 0 0 0 0 0 0 0 0 0 0 0 0 
0 0 0 0 0 0 0 0 0 0 0 0 0 0 0 0 0 0 0 0 0 0 0 0 0 0 0 0 0 0 0 0 0 0 0 0 0 0 0 0 0 0 0 0 0 0 0 0 0 0 0 0 0 0 0 0 0 0 0 0 0 0 0 0 0 
0 0 0 0 0 0 0 0 0 0 0 0 0 0 0 0 0 0 0 0 0 0 0 0 0 0 0 0 0 0 0 0 0 0 0 0 0 0 0 0 0 0 0 0 0 0 0 0 0 0 0 0 0 0 0 0 0 0 0 0 0 0 0 0 0 
0 64 0 0 0 0 0 0 0 0 0 0 0 0 0 0 0 0 0 0 0 0 0 0 0 0 0 0 0 0 0 0 0 0 0 0 0 0 0 0 0 0 0 0 0 0 0 0 0 0 0 0 0 0 0 0 0 0 0 0 0 0 0 0 0 
0 0 0 0 0 0 0 0 0 0 0 0 0 0 0 0 0 0 0 0 0 0 0 0 0 0 0 0 0 0 0 0 0 0 0 0 0 0 0 0 0 0 0 0 0 0 0 0 0 0 0 0 0 0 0 0 0 0 0 0 0 0 0 0 0 
0 0 0 0 0 0 0 0 0 0 0 0 0 0 0 0 0 0 0 0 0 0 0 0 0 0 0 0 0 0 0 0 0 0 0 0 0 0 0 0 0 0 0 0 0 0 0 0 0 0 0 0 0 0 0 0 0 0 0 0 0 0 0 0 0 
0 0 256 0 0 0 0 0 0 0 0 0 0 0 0 0 0 0 0 0 0 0 0 0 0 0 0 0 0 0 0 0 0 0 0 0 0 0 0 0 0 0 0 0 0 0 0 0 0 0 0 0 0 0 0 0 0 0 0 0 0 0 0 0 0 
0 0 1760 0 0 0 0 0 0 0 0 0 0 0 0 0 0 0 0 0 0 0 0 0 0 0 0 0 0 0 0 0 0 0 0 0 0 0 0 0 0 0 0 0 0 0 0 0 0 0 0 0 0 0 0 0 0 0 0 0 0 0 0 0 0 
0 0 0 127.714 0 0 0 0 0 0 0 0 0 0 0 0 0 0 0 0 0 0 0 0 0 0 0 0 0 0 0 0 0 0 0 0 0 0 0 0 0 0 0 0 0 0 0 0 0 0 0 0 0 0 0 0 0 0 0 0 0 0 0 0 0 
0 0 0 1411.51 0 0 0 0 0 0 0 0 0 0 0 0 0 0 0 0 0 0 0 0 0 0 0 0 0 0 0 0 0 0 0 0 0 0 0 0 0 0 0 0 0 0 0 0 0 0 0 0 0 0 0 0 0 0 0 0 0 0 0 0 0 
0 0 0 12665.8 193.346 0 0 0 0 0 0 0 0 0 0 0 0 0 0 0 0 0 0 0 0 0 0 0 0 0 0 0 0 0 0 0 0 0 0 0 0 0 0 0 0 0 0 0 0 0 0 0 0 0 0 0 0 0 0 0 0 0 0 0 0 
0 0 0 27458.9 1790.38 0 0 0 0 0 0 0 0 0 0 0 0 0 0 0 0 0 0 0 0 0 0 0 0 0 0 0 0 0 0 0 0 0 0 0 0 0 0 0 0 0 0 0 0 0 0 0 0 0 0 0 0 0 0 0 0 0 0 0 0 
0 0 0 0 14511.3 384.871 0 0 0 0 0 0 0 0 0 0 0 0 0 0 0 0 0 0 0 0 0 0 0 0 0 0 0 0 0 0 0 0 0 0 0 0 0 0 0 0 0 0 0 0 0 0 0 0 0 0 0 0 0 0 0 0 0 0 0 
0 0 0 0 84086.3 4068.67 0 0 0 0 0 0 0 0 0 0 0 0 0 0 0 0 0 0 0 0 0 0 0 0 0 0 0 0 0 0 0 0 0 0 0 0 0 0 0 0 0 0 0 0 0 0 0 0 0 0 0 0 0 0 0 0 0 0 0 
0 0 0 0 264261 26285.5 1448.33 0 0 0 0 0 0 0 0 0 0 0 0 0 0 0 0 0 0 0 0 0 0 0 0 0 0 0 0 0 0 0 0 0 0 0 0 0 0 0 0 0 0 0 0 0 0 0 0 0 0 0 0 0 0 0 0 0 0 
0 0 0 0 270533 146933 9458.38 449.14 48.418 0 0 0 0 0 0 0 4.05064 0 0 0 0 0 0 0 0 0 0 0 0 0 0 0 4.03992 0 0 0 0 0 0 0 0 0 0 0 0 0 0 0 0 0 0 0 0 0 0 0 0 0 0 0 0 0 0 0 0 
0 0 0 0 0 656725 66137.6 4288.48 0 0 0 0 0 0 0 0 0 0 0 0 0 0 0 0 0 0 0 0 0 0 0 0 0 0 0 0 0 0 0 0 0 0 0 0 0 0 0 0 0 0 0 0 0 0 0 0 0 0 0 0 0 0 0 0 0 
0 0 0 0 0 1.94941e+06 341023 32061.1 4131.01 454.447 0 0 0 0 0 64.8102 0 0 0 0 0 0 0 0 0 0 0 0 0 0 0 0 0 0 0 0 0 0 0 0 0 0 0 0 0 0 0 0 0 0 0 0 0 0 0 0 0 0 0 0 0 0 0 0 0 
0 0 0 0 0 3.06665e+06 1.46451e+06 194012 16015.8 4300.04 1292.4 378.345 188.844 128.249 193.329 0 0 129.048 0 0 0 0 0 0 0 0 0 0 0 0 0 129.278 0 0 0 0 0 0 0 0 0 0 0 0 0 0 0 0 0 0 0 0 0 0 0 0 0 0 0 0 0 0 0 0 0 
0 0 0 0 0 1.77405e+06 5.28305e+06 916434 125692 9778.66 3193.78 1711.96 822.914 574.818 292.748 0 0 65.5984 0 0 0 0 0 0 0 0 0 0 0 0 0 0 0 0 0 0 0 0 0 0 0 0 0 0 0 0 0 0 0 0 0 0 0 0 0 0 0 0 0 0 0 0 0 0 0 
0 0 0 0 0 0 1.40548e+07 3.91709e+06 623094 98900.1 16592.4 3484.59 2200.14 1172.22 0 0 1931.06 0 381.262 0 0 0 0 0 0 0 0 0 0 0 451.628 0 0 0 0 0 0 0 0 0 0 0 0 0 0 0 0 0 0 0 0 0 0 0 0 0 0 0 0 0 0 0 0 0 0 
0 0 0 0 0 0 2.37934e+07 1.38952e+07 2.90097e+06 524586 103393 31617 11036.1 4963.53 3264.73 5354.12 1183.49 0 1746.63 258.834 0 0 0 0 0 0 0 0 0 250.476 1552.17 0 4036.77 0 0 0 0 0 0 0 0 0 0 0 0 0 0 0 0 0 0 0 0 0 0 0 0 0 0 0 0 0 0 0 0 
0 0 0 0 0 0 2.20046e+07 4.18089e+07 1.1403e+07 2.26201e+06 501458 131192 50281.5 23725 17696.6 12021.8 0 5327.26 2141.89 1158.12 396.656 0 0 0 0 0 0 0 386.341 1955.69 0 0 133.983 0 0 0 0 0 0 0 0 0 0 0 0 0 0 0 0 0 0 0 0 0 0 0 0 0 0 0 0 0 0 0 0 
0 0 0 0 0 0 7.95591e+06 9.79209e+07 4.04276e+07 9.95e+06 2.07092e+06 562639 188028 92745 54271 14472 14311.9 25374.7 3637.93 9418.79 1618.65 734.233 0 0 91.5879 0 0 769.797 2568.62 8886.02 0 13622.8 0 0 0 0 0 0 0 0 0 0 0 0 0 0 0 0 0 0 0 0 0 0 0 0 0 0 0 0 0 0 0 0 0 
0 0 0 0 0 0 0 1.62739e+08 1.22182e+08 3.69389e+07 9.58784e+06 2.43526e+06 801135 331417 144480 82503.6 93242.4 44186.5 15852.7 24085.9 9284.12 3392.89 2537.76 870.78 0 900.664 2626.96 5706.63 13039.5 8945.83 7457.15 47966.6 0 0 0 0 0 0 0 0 0 0 0 0 0 0 0 0 0 0 0 0 0 0 0 0 0 0 0 0 0 0 0 0 0 
0 0 0 0 0 0 0 1.72395e+08 3.13246e+08 1.2444e+08 3.59587e+07 1.02032e+07 3.35559e+06 1.26652e+06 593662 392210 265493 65226.7 138518 50148.4 49287.2 14701.1 6480.44 7419.76 7756.1 7512.58 12389.1 23302.6 42303.2 10826.3 57222.2 3074.24 45529.5 0 0 0 0 0 0 0 0 0 0 0 0 0 0 0 0 0 0 0 0 0 0 0 0 0 0 0 0 0 0 0 0 
0 0 0 0 0 0 0 1.026e+08 6.50355e+08 3.75084e+08 1.27438e+08 3.81269e+07 1.23861e+07 4.85292e+06 2.32022e+06 1.30982e+06 578520 445931 368711 149470 153866 88720.2 38599.8 15508.4 22370 39700.2 57231.5 83019 80937.5 74190.7 266182 23637.3 313850 0 0 0 0 0 0 0 0 0 0 0 0 0 0 0 0 0 0 0 0 0 0 0 0 0 0 0 0 0 0 0 0 
0 0 0 0 0 0 0 2.47929e+07 1.01678e+09 9.82611e+08 4.12826e+08 1.39917e+08 4.68501e+07 1.78682e+07 8.1794e+06 3.94404e+06 2.17106e+06 1.75704e+06 957683 695291 475076 330602 207176 165019 139162 143167 201941 273633 186162 378867 322176 268850 584635 0 0 0 0 0 0 0 0 0 0 0 0 0 0 0 0 0 0 0 0 0 0 0 0 0 0 0 0 0 0 0 0 
0 0 0 0 0 0 0 0 1.11028e+09 2.19208e+09 1.20378e+09 4.68169e+08 1.69264e+08 6.45347e+07 2.72842e+07 1.37593e+07 8.4115e+06 5.39739e+06 2.84665e+06 2.51117e+06 1.47618e+06 1.19232e+06 779997 629320 591168 627869 673652 618684 658995 1.30355e+06 378781 1.52149e+06 267823 0 0 0 0 0 0 0 0 0 0 0 0 0 0 0 0 0 0 0 0 0 0 0 0 0 0 0 0 0 0 0 0 
0 0 0 0 0 0 0 0 7.85118e+08 4.03964e+09 3.13136e+09 1.43245e+09 5.64109e+08 2.21003e+08 9.61948e+07 4.74975e+07 2.76007e+07 1.55282e+07 1.05278e+07 7.78264e+06 5.10133e+06 3.97062e+06 3.02082e+06 2.22457e+06 1.77143e+06 1.79737e+06 1.92959e+06 1.81946e+06 2.58046e+06 2.59928e+06 2.04164e+06 4.19608e+06 1.6136e+06 0 0 0 0 0 0 0 0 0 0 0 0 0 0 0 0 0 0 0 0 0 0 0 0 0 0 0 0 0 0 0 0 
0 0 0 0 0 0 0 0 3.19046e+08 5.81479e+09 7.15145e+09 4.0212e+09 1.75535e+09 7.21223e+08 3.17213e+08 1.57195e+08 8.46897e+07 4.98849e+07 3.5573e+07 2.24229e+07 1.69591e+07 1.22419e+07 9.63777e+06 7.50071e+06 6.6286e+06 6.18553e+06 5.55103e+06 5.90978e+06 7.71932e+06 4.86317e+06 8.53853e+06 5.88662e+06 7.9808e+06 0 0 0 0 0 0 0 0 0 0 0 0 0 0 0 0 0 0 0 0 0 0 0 0 0 0 0 0 0 0 0 0 
0 0 0 0 0 0 0 0 5.36505e+07 6.216e+09 1.40464e+10 1.02528e+10 5.13664e+09 2.29648e+09 1.03577e+09 5.02586e+08 2.72022e+08 1.65536e+08 1.06133e+08 6.92638e+07 5.22268e+07 3.8042e+07 3.06529e+07 2.47156e+07 2.09361e+07 1.81164e+07 1.69711e+07 1.87536e+07 1.74037e+07 1.58921e+07 2.4067e+07 1.26338e+07 2.5749e+07 0 0 0 0 0 0 0 0 0 0 0 0 0 0 0 0 0 0 0 0 0 0 0 0 0 0 0 0 0 0 0 0 
0 0 0 0 0 0 0 0 0 4.67319e+09 2.30203e+10 2.33045e+10 1.38474e+10 6.76739e+09 3.21726e+09 1.56054e+09 8.459e+08 4.98546e+08 3.11099e+08 2.17478e+08 1.56118e+08 1.13527e+08 9.13103e+07 7.3643e+07 6.196e+07 5.37273e+07 5.13462e+07 5.1475e+07 4.3507e+07 5.47728e+07 4.83941e+07 4.91338e+07 5.40239e+07 0 0 0 0 0 0 0 0 0 0 0 0 0 0 0 0 0 0 0 0 0 0 0 0 0 0 0 0 0 0 0 0 
0 0 0 0 0 0 0 0 0 2.32188e+09 3.02511e+10 4.68249e+10 3.42418e+10 1.87693e+10 9.41288e+09 4.79317e+09 2.55039e+09 1.49235e+09 9.2647e+08 6.48338e+08 4.46625e+08 3.4383e+08 2.62035e+08 2.17235e+08 1.83928e+08 1.61954e+08 1.47485e+08 1.34975e+08 1.2898e+08 1.47593e+08 1.08257e+08 1.503e+08 1.06376e+08 0 0 0 0 0 0 0 0 0 0 0 0 0 0 0 0 0 0 0 0 0 0 0 0 0 0 0 0 0 0 0 0 
0 0 0 0 0 0 0 0 0 6.70867e+08 3.07584e+10 8.11417e+10 7.67329e+10 4.87869e+10 2.63727e+10 1.39983e+10 7.65073e+09 4.35661e+09 2.78625e+09 1.84732e+09 1.31603e+09 9.94272e+08 7.6064e+08 6.26e+08 5.28424e+08 4.57473e+08 4.04092e+08 3.63388e+08 3.78108e+08 3.4394e+08 3.36297e+08 3.64848e+08 3.12531e+08 0 0 0 0 0 0 0 0 0 0 0 0 0 0 0 0 0 0 0 0 0 0 0 0 0 0 0 0 0 0 0 0 
0 0 0 0 0 0 0 0 0 8.02108e+07 2.32176e+10 1.18389e+11 1.53478e+11 1.16202e+11 7.00343e+10 3.88076e+10 2.17337e+10 1.27394e+10 7.97166e+09 5.2596e+09 3.74705e+09 2.75255e+09 2.15403e+09 1.7196e+09 1.45773e+09 1.24657e+09 1.09852e+09 1.02677e+09 9.92354e+08 8.59041e+08 9.61176e+08 8.38723e+08 9.3616e+08 0 0 0 0 0 0 0 0 0 0 0 0 0 0 0 0 0 0 0 0 0 0 0 0 0 0 0 0 0 0 0 0 
0 0 0 0 0 0 0 0 0 0 1.25587e+10 1.41399e+11 2.7162e+11 2.52654e+11 1.72336e+11 1.03375e+11 6.01966e+10 3.59769e+10 2.22245e+10 1.46965e+10 1.03294e+10 7.65976e+09 5.91188e+09 4.72772e+09 3.92585e+09 3.37737e+09 2.99492e+09 2.79628e+09 2.49054e+09 2.40301e+09 2.40264e+09 2.17559e+09 2.40432e+09 0 0 0 0 0 0 0 0 0 0 0 0 0 0 0 0 0 0 0 0 0 0 0 0 0 0 0 0 0 0 0 0 
0 0 0 0 0 0 0 0 0 0 4.51891e+09 1.34282e+11 4.16163e+11 4.99563e+11 3.9575e+11 2.60929e+11 1.59222e+11 9.77104e+10 6.17948e+10 4.05709e+10 2.82097e+10 2.07603e+10 1.60542e+10 1.26809e+10 1.06109e+10 9.11881e+09 8.09825e+09 7.33651e+09 6.5521e+09 6.49177e+09 5.90434e+09 5.99263e+09 5.75594e+09 0 0 0 0 0 0 0 0 0 0 0 0 0 0 0 0 0 0 0 0 0 0 0 0 0 0 0 0 0 0 0 0 
0 0 0 0 0 0 0 0 0 0 9.45289e+08 9.89562e+10 5.42118e+11 8.85696e+11 8.39866e+11 6.16732e+11 4.05256e+11 2.54461e+11 1.63382e+11 1.08678e+11 7.61872e+10 5.5512e+10 4.20646e+10 3.40003e+10 2.772e+10 2.41299e+10 2.09336e+10 1.86811e+10 1.7275e+10 1.63199e+10 1.51744e+10 1.56244e+10 1.46261e+10 0 0 0 0 0 0 0 0 0 0 0 0 0 0 0 0 0 0 0 0 0 0 0 0 0 0 0 0 0 0 0 0 
0 0 0 0 0 0 0 0 0 0 8.14556e+07 5.44985e+10 5.8557e+11 1.37812e+12 1.61439e+12 1.35448e+12 9.65131e+11 6.43976e+11 4.25554e+11 2.87518e+11 2.0053e+11 1.45863e+11 1.11064e+11 8.86551e+10 7.31731e+10 6.23021e+10 5.37934e+10 4.80399e+10 4.4589e+10 4.09336e+10 3.97243e+10 3.81551e+10 3.79706e+10 0 0 0 0 0 0 0 0 0 0 0 0 0 0 0 0 0 0 0 0 0 0 0 0 0 0 0 0 0 0 0 0 
0 0 0 0 0 0 0 0 0 0 0 2.17278e+10 5.15611e+11 1.87028e+12 2.81669e+12 2.74592e+12 2.1766e+12 1.54895e+12 1.06275e+12 7.32286e+11 5.21302e+11 3.77539e+11 2.91218e+11 2.27542e+11 1.88257e+11 1.58529e+11 1.38556e+11 1.23546e+11 1.12649e+11 1.04508e+11 1.0056e+11 9.61387e+10 9.69428e+10 0 0 0 0 0 0 0 0 0 0 0 0 0 0 0 0 0 0 0 0 0 0 0 0 0 0 0 0 0 0 0 0 
0 0 0 0 0 0 0 0 0 0 0 5.77059e+09 3.59637e+11 2.17524e+12 4.3869e+12 5.174e+12 4.58654e+12 3.52718e+12 2.55574e+12 1.81638e+12 1.30236e+12 9.65218e+11 7.31737e+11 5.81068e+11 4.74966e+11 3.99655e+11 3.47773e+11 3.10006e+11 2.80793e+11 2.63722e+11 2.51438e+11 2.41332e+11 2.40261e+11 0 0 0 0 0 0 0 0 0 0 0 0 0 0 0 0 0 0 0 0 0 0 0 0 0 0 0 0 0 0 0 0 
0 0 0 0 0 0 0 0 0 0 0 8.81943e+08 1.96919e+11 2.11905e+12 6.03902e+12 8.75945e+12 8.96016e+12 7.59162e+12 5.85451e+12 4.32536e+12 3.20208e+12 2.38235e+12 1.83603e+12 1.44639e+12 1.18299e+12 1.00037e+12 8.63038e+11 7.71477e+11 6.9662e+11 6.49094e+11 6.14976e+11 6.03284e+11 5.85054e+11 0 0 0 0 0 0 0 0 0 0 0 0 0 0 0 0 0 0 0 0 0 0 0 0 0 0 0 0 0 0 0 0 
0 0 0 0 0 0 0 0 0 0 0 5.4053e+07 8.11359e+10 1.71147e+12 7.26532e+12 1.3508e+13 1.61588e+13 1.52298e+13 1.26523e+13 9.86175e+12 7.51551e+12 5.75128e+12 4.4518e+12 3.56208e+12 2.91605e+12 2.45523e+12 2.11152e+12 1.89363e+12 1.71318e+12 1.5944e+12 1.50524e+12 1.46204e+12 1.43525e+12 0 0 0 0 0 0 0 0 0 0 0 0 0 0 0 0 0 0 0 0 0 0 0 0 0 0 0 0 0 0 0 0 
0 0 0 0 0 0 0 0 0 0 0 0 2.41383e+10 1.12182e+12 7.50826e+12 1.85026e+13 2.67186e+13 2.86138e+13 2.58824e+13 2.15383e+13 1.70291e+13 1.34133e+13 1.05771e+13 8.46824e+12 6.99923e+12 5.89417e+12 5.13389e+12 4.53288e+12 4.13628e+12 3.83164e+12 3.64098e+12 3.51693e+12 3.48275e+12 0 0 0 0 0 0 0 0 0 0 0 0 0 0 0 0 0 0 0 0 0 0 0 0 0 0 0 0 0 0 0 0 
0 0 0 0 0 0 0 0 0 0 0 0 4.76853e+09 5.90308e+11 6.59749e+12 2.24756e+13 4.00216e+13 4.9492e+13 4.95569e+13 4.41457e+13 3.67802e+13 2.98926e+13 2.41362e+13 1.97366e+13 1.64525e+13 1.39421e+13 1.21428e+13 1.07342e+13 9.79469e+12 9.07514e+12 8.64701e+12 8.34516e+12 8.23494e+12 0 0 0 0 0 0 0 0 0 0 0 0 0 0 0 0 0 0 0 0 0 0 0 0 0 0 0 0 0 0 0 0 
0 0 0 0 0 0 0 0 0 0 0 0 5.21524e+08 2.43065e+11 4.85013e+12 2.39254e+13 5.40838e+13 7.87718e+13 8.86459e+13 8.53514e+13 7.61694e+13 6.4099e+13 5.36978e+13 4.47743e+13 3.76137e+13 3.20897e+13 2.8083e+13 2.52939e+13 2.29307e+13 2.13848e+13 2.03253e+13 1.95405e+13 1.93863e+13 0 0 0 0 0 0 0 0 0 0 0 0 0 0 0 0 0 0 0 0 0 0 0 0 0 0 0 0 0 0 0 0 
0 0 0 0 0 0 0 0 0 0 0 0 2.23937e+07 7.61451e+10 2.96002e+12 2.20219e+13 6.53833e+13 1.14453e+14 1.46072e+14 1.55572e+14 1.47775e+14 1.32509e+14 1.14289e+14 9.78544e+13 8.38972e+13 7.26663e+13 6.42996e+13 5.74889e+13 5.22736e+13 4.86617e+13 4.66608e+13 4.5306e+13 4.47907e+13 0 0 0 0 0 0 0 0 0 0 0 0 0 0 0 0 0 0 0 0 0 0 0 0 0 0 0 0 0 0 0 0 
0 0 0 0 0 0 0 0 0 0 0 0 0 1.69756e+10 1.47037e+12 1.73192e+13 6.98951e+13 1.50315e+14 2.23668e+14 2.63564e+14 2.71015e+14 2.56142e+14 2.32204e+14 2.05229e+14 1.79963e+14 1.58917e+14 1.41457e+14 1.27491e+14 1.1763e+14 1.10367e+14 1.04991e+14 1.02584e+14 1.01169e+14 0 0 0 0 0 0 0 0 0 0 0 0 0 0 0 0 0 0 0 0 0 0 0 0 0 0 0 0 0 0 0 0 
0 0 0 0 0 0 0 0 0 0 0 0 0 2.42013e+09 5.90716e+11 1.15562e+13 6.56049e+13 1.78674e+14 3.12776e+14 4.15615e+14 4.65695e+14 4.73622e+14 4.48484e+14 4.10763e+14 3.71874e+14 3.34806e+14 3.02029e+14 2.77553e+14 2.56428e+14 2.4089e+14 2.29719e+14 2.24267e+14 2.22492e+14 0 0 0 0 0 0 0 0 0 0 0 0 0 0 0 0 0 0 0 0 0 0 0 0 0 0 0 0 0 0 0 0 
0 0 0 0 0 0 0 0 0 0 0 0 0 1.82254e+08 1.86368e+11 6.49124e+12 5.36469e+13 1.89424e+14 3.97088e+14 6.05296e+14 7.52347e+14 8.1605e+14 8.21243e+14 7.85625e+14 7.34333e+14 6.76848e+14 6.23971e+14 5.79136e+14 5.43176e+14 5.11738e+14 4.95643e+14 4.82521e+14 4.78923e+14 0 0 0 0 0 0 0 0 0 0 0 0 0 0 0 0 0 0 0 0 0 0 0 0 0 0 0 0 0 0 0 0 
0 0 0 0 0 0 0 0 0 0 0 0 0 5.37619e+06 4.37659e+10 3.03e+12 3.77192e+13 1.77766e+14 4.58286e+14 8.10508e+14 1.12345e+15 1.32968e+15 1.42032e+15 1.42864e+15 1.38388e+15 1.31682e+15 1.24382e+15 1.165e+15 1.10793e+15 1.06233e+15 1.02157e+15 9.96606e+14 9.94329e+14 0 0 0 0 0 0 0 0 0 0 0 0 0 0 0 0 0 0 0 0 0 0 0 0 0 0 0 0 0 0 0 0 
0 0 0 0 0 0 0 0 0 0 0 0 0 0 7.06803e+09 1.15774e+12 2.27549e+13 1.47249e+14 4.7596e+14 9.8798e+14 1.54481e+15 2.00656e+15 2.31036e+15 2.45723e+15 2.48918e+15 2.44442e+15 2.35595e+15 2.2677e+15 2.17751e+15 2.09881e+15 2.04333e+15 2.00683e+15 1.99219e+15 0 0 0 0 0 0 0 0 0 0 0 0 0 0 0 0 0 0 0 0 0 0 0 0 0 0 0 0 0 0 0 0 
0 0 0 0 0 0 0 0 0 0 0 0 0 0 6.93314e+08 3.56376e+11 1.16702e+13 1.06215e+14 4.39506e+14 1.09606e+15 1.96636e+15 2.83493e+15 3.52896e+15 3.98318e+15 4.22044e+15 4.29831e+15 4.27821e+15 4.18948e+15 4.09087e+15 4.00627e+15 3.91696e+15 3.88197e+15 3.86022e+15 0 0 0 0 0 0 0 0 0 0 0 0 0 0 0 0 0 0 0 0 0 0 0 0 0 0 0 0 0 0 0 0 
0 0 0 0 0 0 0 0 0 0 0 0 0 0 3.32172e+07 8.38281e+10 5.03002e+12 6.67761e+13 3.62429e+14 1.10174e+15 2.29053e+15 3.68701e+15 5.00636e+15 6.0581e+15 6.75168e+15 7.18207e+15 7.37685e+15 7.42133e+15 7.37198e+15 7.31796e+15 7.2148e+15 7.18397e+15 7.20418e+15 0 0 0 0 0 0 0 0 0 0 0 0 0 0 0 0 0 0 0 0 0 0 0 0 0 0 0 0 0 0 0 0 
0 0 0 0 0 0 0 0 0 0 0 0 0 0 740381 1.44901e+10 1.81664e+12 3.6187e+13 2.63505e+14 9.94495e+14 2.42276e+15 4.43415e+15 6.62794e+15 8.63556e+15 1.02221e+16 1.13297e+16 1.20676e+16 1.24732e+16 1.27078e+16 1.27537e+16 1.27828e+16 1.2775e+16 1.2781e+16 0 0 0 0 0 0 0 0 0 0 0 0 0 0 0 0 0 0 0 0 0 0 0 0 0 0 0 0 0 0 0 0 
0 0 0 0 0 0 0 0 0 0 0 0 0 0 0 1.57712e+09 5.31106e+11 1.68172e+13 1.67731e+14 8.01773e+14 2.34121e+15 4.8821e+15 8.09811e+15 1.1431e+16 1.44507e+16 1.68744e+16 1.86495e+16 1.99456e+16 2.07089e+16 2.11895e+16 2.15171e+16 2.15503e+16 2.15414e+16 0 0 0 0 0 0 0 0 0 0 0 0 0 0 0 0 0 0 0 0 0 0 0 0 0 0 0 0 0 0 0 0 
0 0 0 0 0 0 0 0 0 0 0 0 0 0 0 9.33168e+07 1.22014e+11 6.68221e+12 9.35954e+13 5.77347e+14 2.03705e+15 4.91343e+15 9.11341e+15 1.40839e+16 1.90783e+16 2.35764e+16 2.72227e+16 2.99627e+16 3.20299e+16 3.34927e+16 3.43127e+16 3.48887e+16 3.49737e+16 0 0 0 0 0 0 0 0 0 0 0 0 0 0 0 0 0 0 0 0 0 0 0 0 0 0 0 0 0 0 0 0 
0 0 0 0 0 0 0 0 0 0 0 0 0 0 0 2.99946e+06 2.09821e+10 2.21691e+12 4.54681e+13 3.66958e+14 1.5953e+15 4.50464e+15 9.45996e+15 1.60585e+16 2.35011e+16 3.07098e+16 3.72739e+16 4.26549e+16 4.6787e+16 4.98721e+16 5.18569e+16 5.30422e+16 5.34552e+16 0 0 0 0 0 0 0 0 0 0 0 0 0 0 0 0 0 0 0 0 0 0 0 0 0 0 0 0 0 0 0 0 
0 0 0 0 0 0 0 0 0 0 0 0 0 0 0 58929.4 2.3991e+09 6.1287e+11 1.91114e+13 2.05541e+14 1.11581e+15 3.74988e+15 8.96567e+15 1.68834e+16 2.67842e+16 3.75476e+16 4.78566e+16 5.70075e+16 6.45969e+16 7.01211e+16 7.43353e+16 7.65566e+16 7.72212e+16 0 0 0 0 0 0 0 0 0 0 0 0 0 0 0 0 0 0 0 0 0 0 0 0 0 0 0 0 0 0 0 0 
0 0 0 0 0 0 0 0 0 0 0 0 0 0 0 0 1.46901e+08 1.32261e+11 6.85665e+12 1.01554e+14 6.95918e+14 2.80849e+15 7.75557e+15 1.63442e+16 2.82982e+16 4.24897e+16 5.71984e+16 7.11685e+16 8.31438e+16 9.26243e+16 9.98478e+16 1.04005e+17 1.05453e+17 0 0 0 0 0 0 0 0 0 0 0 0 0 0 0 0 0 0 0 0 0 0 0 0 0 0 0 0 0 0 0 0 
0 0 0 0 0 0 0 0 0 0 0 0 0 0 0 0 5.35344e+06 2.16299e+10 2.09135e+12 4.39539e+13 3.87492e+14 1.89223e+15 6.10951e+15 1.45134e+16 2.7611e+16 4.45235e+16 6.3758e+16 8.30523e+16 1.00516e+17 1.15683e+17 1.26153e+17 1.33269e+17 1.35548e+17 0 0 0 0 0 0 0 0 0 0 0 0 0 0 0 0 0 0 0 0 0 0 0 0 0 0 0 0 0 0 0 0 
0 0 0 0 0 0 0 0 0 0 0 0 0 0 0 0 114299 2.36997e+09 5.26213e+11 1.65219e+13 1.90317e+14 1.14864e+15 4.33079e+15 1.17202e+16 2.46822e+16 4.32675e+16 6.59266e+16 9.03807e+16 1.1413e+17 1.34289e+17 1.49936e+17 1.59207e+17 1.62414e+17 0 0 0 0 0 0 0 0 0 0 0 0 0 0 0 0 0 0 0 0 0 0 0 0 0 0 0 0 0 0 0 0 
0 0 0 0 0 0 0 0 0 0 0 0 0 0 0 0 2251.98 1.40851e+08 1.05534e+11 5.31643e+12 8.2961e+13 6.21628e+14 2.79903e+15 8.66361e+15 2.03463e+16 3.88974e+16 6.33241e+16 9.13124e+16 1.19866e+17 1.45648e+17 1.66008e+17 1.79134e+17 1.83776e+17 0 0 0 0 0 0 0 0 0 0 0 0 0 0 0 0 0 0 0 0 0 0 0 0 0 0 0 0 0 0 0 0 
0 0 0 0 0 0 0 0 0 0 0 0 0 0 0 0 0 4.54884e+06 1.53837e+10 1.45495e+12 3.16538e+13 2.98566e+14 1.62027e+15 5.80326e+15 1.52941e+16 3.19967e+16 5.60648e+16 8.58452e+16 1.17731e+17 1.47595e+17 1.71841e+17 1.87601e+17 1.93382e+17 0 0 0 0 0 0 0 0 0 0 0 0 0 0 0 0 0 0 0 0 0 0 0 0 0 0 0 0 0 0 0 0 
0 0 0 0 0 0 0 0 0 0 0 0 0 0 0 0 0 94210.4 1.53899e+09 3.29864e+11 1.05303e+13 1.28977e+14 8.42674e+14 3.51193e+15 1.04918e+16 2.41666e+16 4.59146e+16 7.44749e+16 1.06902e+17 1.39182e+17 1.6593e+17 1.83765e+17 1.89661e+17 0 0 0 0 0 0 0 0 0 0 0 0 0 0 0 0 0 0 0 0 0 0 0 0 0 0 0 0 0 0 0 0 
0 0 0 0 0 0 0 0 0 0 0 0 0 0 0 0 0 0 7.47408e+07 5.82495e+10 3.01244e+12 4.90687e+13 3.9305e+14 1.93011e+15 6.53615e+15 1.67434e+16 3.44477e+16 5.95174e+16 9.00558e+16 1.21321e+17 1.4863e+17 1.6709e+17 1.73514e+17 0 0 0 0 0 0 0 0 0 0 0 0 0 0 0 0 0 0 0 0 0 0 0 0 0 0 0 0 0 0 0 0 
0 0 0 0 0 0 0 0 0 0 0 0 0 0 0 0 0 0 1.87244e+06 7.42034e+09 7.23463e+11 1.63614e+13 1.64613e+14 9.54458e+14 3.70744e+15 1.0542e+16 2.36757e+16 4.40645e+16 6.97887e+16 9.7685e+16 1.23003e+17 1.40359e+17 1.46771e+17 0 0 0 0 0 0 0 0 0 0 0 0 0 0 0 0 0 0 0 0 0 0 0 0 0 0 0 0 0 0 0 0 
0 0 0 0 0 0 0 0 0 0 0 0 0 0 0 0 0 0 2789.17 5.89058e+08 1.4273e+11 4.76166e+12 6.10463e+13 4.24897e+14 1.90033e+15 6.08778e+15 1.49324e+16 2.97385e+16 5.0098e+16 7.3015e+16 9.42983e+16 1.09677e+17 1.1504e+17 0 0 0 0 0 0 0 0 0 0 0 0 0 0 0 0 0 0 0 0 0 0 0 0 0 0 0 0 0 0 0 0 
0 0 0 0 0 0 0 0 0 0 0 0 0 0 0 0 0 0 0 2.10312e+07 2.12854e+10 1.17459e+12 2.00757e+13 1.70328e+14 8.85741e+14 3.18474e+15 8.58725e+15 1.84803e+16 3.29655e+16 5.03962e+16 6.70684e+16 7.92205e+16 8.37164e+16 0 0 0 0 0 0 0 0 0 0 0 0 0 0 0 0 0 0 0 0 0 0 0 0 0 0 0 0 0 0 0 0 
0 0 0 0 0 0 0 0 0 0 0 0 0 0 0 0 0 0 0 112860 2.2422e+09 2.44493e+11 5.8118e+12 6.10116e+13 3.71111e+14 1.51933e+15 4.53037e+15 1.05435e+16 1.99272e+16 3.17705e+16 4.37562e+16 5.24543e+16 5.58017e+16 0 0 0 0 0 0 0 0 0 0 0 0 0 0 0 0 0 0 0 0 0 0 0 0 0 0 0 0 0 0 0 0 
0 0 0 0 0 0 0 0 0 0 0 0 0 0 0 0 0 0 0 0 1.27134e+08 4.011e+10 1.43666e+12 1.93151e+13 1.40101e+14 6.55661e+14 2.17255e+15 5.47015e+15 1.10737e+16 1.84591e+16 2.6311e+16 3.2296e+16 3.45516e+16 0 0 0 0 0 0 0 0 0 0 0 0 0 0 0 0 0 0 0 0 0 0 0 0 0 0 0 0 0 0 0 0 
0 0 0 0 0 0 0 0 0 0 0 0 0 0 0 0 0 0 0 0 1.70075e+06 4.84641e+09 3.00592e+11 5.40826e+12 4.77788e+13 2.55672e+14 9.47917e+14 2.6027e+15 5.61289e+15 9.89177e+15 1.44644e+16 1.82452e+16 1.95628e+16 0 0 0 0 0 0 0 0 0 0 0 0 0 0 0 0 0 0 0 0 0 0 0 0 0 0 0 0 0 0 0 0 
0 0 0 0 0 0 0 0 0 0 0 0 0 0 0 0 0 0 0 0 3684.66 3.7349e+08 5.17073e+10 1.31225e+12 1.44074e+13 9.03125e+13 3.76812e+14 1.13132e+15 2.61021e+15 4.84611e+15 7.38206e+15 9.38641e+15 1.01648e+16 0 0 0 0 0 0 0 0 0 0 0 0 0 0 0 0 0 0 0 0 0 0 0 0 0 0 0 0 0 0 0 0 
0 0 0 0 0 0 0 0 0 0 0 0 0 0 0 0 0 0 0 0 0 1.14324e+07 6.82779e+09 2.72749e+11 3.84252e+12 2.86103e+13 1.34036e+14 4.48612e+14 1.10837e+15 2.16805e+15 3.42141e+15 4.46054e+15 4.88358e+15 0 0 0 0 0 0 0 0 0 0 0 0 0 0 0 0 0 0 0 0 0 0 0 0 0 0 0 0 0 0 0 0 
0 0 0 0 0 0 0 0 0 0 0 0 0 0 0 0 0 0 0 0 0 77987.5 6.1073e+08 4.69745e+10 8.91837e+11 8.09589e+12 4.39696e+13 1.60028e+14 4.3207e+14 8.83344e+14 1.45705e+15 1.95116e+15 2.14457e+15 0 0 0 0 0 0 0 0 0 0 0 0 0 0 0 0 0 0 0 0 0 0 0 0 0 0 0 0 0 0 0 0 
0 0 0 0 0 0 0 0 0 0 0 0 0 0 0 0 0 0 0 0 0 0 2.68131e+07 6.46069e+09 1.80812e+11 2.03089e+12 1.27206e+13 5.23793e+13 1.52842e+14 3.33527e+14 5.70968e+14 7.78868e+14 8.6231e+14 0 0 0 0 0 0 0 0 0 0 0 0 0 0 0 0 0 0 0 0 0 0 0 0 0 0 0 0 0 0 0 0 
0 0 0 0 0 0 0 0 0 0 0 0 0 0 0 0 0 0 0 0 0 0 691530 6.17986e+08 3.03216e+10 4.49064e+11 3.34242e+12 1.54285e+13 4.87867e+13 1.1446e+14 2.03498e+14 2.82853e+14 3.19245e+14 0 0 0 0 0 0 0 0 0 0 0 0 0 0 0 0 0 0 0 0 0 0 0 0 0 0 0 0 0 0 0 0 
0 0 0 0 0 0 0 0 0 0 0 0 0 0 0 0 0 0 0 0 0 0 2184.38 3.13771e+07 4.17299e+09 8.5223e+10 7.78109e+11 4.09308e+12 1.4358e+13 3.54522e+13 6.64848e+13 9.59953e+13 1.08326e+14 0 0 0 0 0 0 0 0 0 0 0 0 0 0 0 0 0 0 0 0 0 0 0 0 0 0 0 0 0 0 0 0 
0 0 0 0 0 0 0 0 0 0 0 0 0 0 0 0 0 0 0 0 0 0 0 1.18081e+06 4.17421e+08 1.39972e+10 1.6001e+11 9.81001e+11 3.80916e+12 1.01336e+13 1.98609e+13 2.95664e+13 3.33562e+13 0 0 0 0 0 0 0 0 0 0 0 0 0 0 0 0 0 0 0 0 0 0 0 0 0 0 0 0 0 0 0 0 
0 0 0 0 0 0 0 0 0 0 0 0 0 0 0 0 0 0 0 0 0 0 0 26660.4 2.19401e+07 1.81217e+09 2.85174e+10 2.11021e+11 9.07936e+11 2.64134e+12 5.45793e+12 8.2349e+12 9.5378e+12 0 0 0 0 0 0 0 0 0 0 0 0 0 0 0 0 0 0 0 0 0 0 0 0 0 0 0 0 0 0 0 0 
0 0 0 0 0 0 0 0 0 0 0 0 0 0 0 0 0 0 0 0 0 0 0 0 985551 1.88804e+08 4.39922e+09 3.95067e+10 1.98383e+11 6.19276e+11 1.35947e+12 2.11752e+12 2.46121e+12 0 0 0 0 0 0 0 0 0 0 0 0 0 0 0 0 0 0 0 0 0 0 0 0 0 0 0 0 0 0 0 0 
0 0 0 0 0 0 0 0 0 0 0 0 0 0 0 0 0 0 0 0 0 0 0 0 25963 9.21067e+06 5.48317e+08 6.52866e+09 3.82607e+10 1.33633e+11 3.07322e+11 5.02512e+11 5.85789e+11 0 0 0 0 0 0 0 0 0 0 0 0 0 0 0 0 0 0 0 0 0 0 0 0 0 0 0 0 0 0 0 0 
0 0 0 0 0 0 0 0 0 0 0 0 0 0 0 0 0 0 0 0 0 0 0 0 523.544 403528 5.66343e+07 9.34252e+08 6.53897e+09 2.58417e+10 6.3334e+10 1.07095e+11 1.27861e+11 0 0 0 0 0 0 0 0 0 0 0 0 0 0 0 0 0 0 0 0 0 0 0 0 0 0 0 0 0 0 0 0 
0 0 0 0 0 0 0 0 0 0 0 0 0 0 0 0 0 0 0 0 0 0 0 0 0 11572.6 2.20046e+06 1.07007e+08 1.01384e+09 4.48635e+09 1.22142e+10 2.11302e+10 2.5604e+10 0 0 0 0 0 0 0 0 0 0 0 0 0 0 0 0 0 0 0 0 0 0 0 0 0 0 0 0 0 0 0 0 
0 0 0 0 0 0 0 0 0 0 0 0 0 0 0 0 0 0 0 0 0 0 0 0 0 0 84163.6 1.10378e+07 1.32941e+08 6.86897e+08 2.10426e+09 3.81025e+09 4.67397e+09 0 0 0 0 0 0 0 0 0 0 0 0 0 0 0 0 0 0 0 0 0 0 0 0 0 0 0 0 0 0 0 0 
0 0 0 0 0 0 0 0 0 0 0 0 0 0 0 0 0 0 0 0 0 0 0 0 0 0 0 284840 1.27756e+07 9.94953e+07 3.13776e+08 6.33109e+08 7.83571e+08 0 0 0 0 0 0 0 0 0 0 0 0 0 0 0 0 0 0 0 0 0 0 0 0 0 0 0 0 0 0 0 0 
0 0 0 0 0 0 0 0 0 0 0 0 0 0 0 0 0 0 0 0 0 0 0 0 0 0 0 0 1.59785e+06 1.18127e+07 4.38693e+07 9.75982e+07 1.1965e+08 0 0 0 0 0 0 0 0 0 0 0 0 0 0 0 0 0 0 0 0 0 0 0 0 0 0 0 0 0 0 0 0 
0 0 0 0 0 0 0 0 0 0 0 0 0 0 0 0 0 0 0 0 0 0 0 0 0 0 0 0 851.444 851385 6.10019e+06 1.24895e+07 1.71432e+07 0 0 0 0 0 0 0 0 0 0 0 0 0 0 0 0 0 0 0 0 0 0 0 0 0 0 0 0 0 0 0 0 
0 0 0 0 0 0 0 0 0 0 0 0 0 0 0 0 0 0 0 0 0 0 0 0 0 0 0 0 0 177571 664175 1.52907e+06 2.44465e+06 0 0 0 0 0 0 0 0 0 0 0 0 0 0 0 0 0 0 0 0 0 0 0 0 0 0 0 0 0 0 0 0 
0 0 0 0 0 0 0 0 0 0 0 0 0 0 0 0 0 0 0 0 0 0 0 0 0 0 0 0 0 0 19364.9 283906 195227 0 0 0 0 0 0 0 0 0 0 0 0 0 0 0 0 0 0 0 0 0 0 0 0 0 0 0 0 0 0 0 0 
0 0 0 0 0 0 0 0 0 0 0 0 0 0 0 0 0 0 0 0 0 0 0 0 0 0 0 0 0 0 19949.4 17726.5 45463.2 0 0 0 0 0 0 0 0 0 0 0 0 0 0 0 0 0 0 0 0 0 0 0 0 0 0 0 0 0 0 0 0 
0 0 0 0 0 0 0 0 0 0 0 0 0 0 0 0 0 0 0 0 0 0 0 0 0 0 0 0 0 0 0 0 8297.54 0 0 0 0 0 0 0 0 0 0 0 0 0 0 0 0 0 0 0 0 0 0 0 0 0 0 0 0 0 0 0 0 
0 0 0 0 0 0 0 0 0 0 0 0 0 0 0 0 0 0 0 0 0 0 0 0 0 0 0 0 0 0 0 1386 0 0 0 0 0 0 0 0 0 0 0 0 0 0 0 0 0 0 0 0 0 0 0 0 0 0 0 0 0 0 0 0 0 
0 0 0 0 0 0 0 0 0 0 0 0 0 0 0 0 0 0 0 0 0 0 0 0 0 0 0 0 0 0 0 0 0 0 0 0 0 0 0 0 0 0 0 0 0 0 0 0 0 0 0 0 0 0 0 0 0 0 0 0 0 0 0 0 0 
0 0 0 0 0 0 0 0 0 0 0 0 0 0 0 0 0 0 0 0 0 0 0 0 0 0 0 0 0 0 0 0 43.3125 0 0 0 0 0 0 0 0 0 0 0 0 0 0 0 0 0 0 0 0 0 0 0 0 0 0 0 0 0 0 0 0 
0 0 0 0 0 0 0 0 0 0 0 0 0 0 0 0 0 0 0 0 0 0 0 0 0 0 0 0 0 0 0 0 0 0 0 0 0 0 0 0 0 0 0 0 0 0 0 0 0 0 0 0 0 0 0 0 0 0 0 0 0 0 0 0 0 
0 0 0 0 0 0 0 0 0 0 0 0 0 0 0 0 0 0 0 0 0 0 0 0 0 0 0 0 0 0 0 0 0 0 0 0 0 0 0 0 0 0 0 0 0 0 0 0 0 0 0 0 0 0 0 0 0 0 0 0 0 0 0 0 0 
0 0 0 0 0 0 0 0 0 0 0 0 0 0 0 0 0 0 0 0 0 0 0 0 0 0 0 0 0 0 0 0 0 0 0 0 0 0 0 0 0 0 0 0 0 0 0 0 0 0 0 0 0 0 0 0 0 0 0 0 0 0 0 0 0 
0 0 0 0 0 0 0 0 0 0 0 0 0 0 0 0 0 0 0 0 0 0 0 0 0 0 0 0 0 0 0 0 0 0 0 0 0 0 0 0 0 0 0 0 0 0 0 0 0 0 0 0 0 0 0 0 0 0 0 0 0 0 0 0 0 
0 0 0 0 0 0 0 0 0 0 0 0 0 0 0 0 0 0 0 0 0 0 0 0 0 0 0 0 0 0 0 0 0 0 0 0 0 0 0 0 0 0 0 0 0 0 0 0 0 0 0 0 0 0 0 0 0 0 0 0 0 0 0 0 0 
0 0 0 0 0 0 0 0 0 0 0 0 0 0 0 0 0 0 0 0 0 0 0 0 0 0 0 0 0 0 0 0 0 0 0 0 0 0 0 0 0 0 0 0 0 0 0 0 0 0 0 0 0 0 0 0 0 0 0 0 0 0 0 0 0 
0 0 0 0 0 0 0 0 0 0 0 0 0 0 0 0 0 0 0 0 0 0 0 0 0 0 0 0 0 0 0 0 0 0 0 0 0 0 0 0 0 0 0 0 0 0 0 0 0 0 0 0 0 0 0 0 0 0 0 0 0 0 0 0 0 
0 0 0 0 0 0 0 0 0 0 0 0 0 0 0 0 0 0 0 0 0 0 0 0 0 0 0 0 0 0 0 0 0 0 0 0 0 0 0 0 0 0 0 0 0 0 0 0 0 0 0 0 0 0 0 0 0 0 0 0 0 0 0 0 0 
0 0 0 0 0 0 0 0 0 0 0 0 0 0 0 0 0 0 0 0 0 0 0 0 0 0 0 0 0 0 0 0 0 0 0 0 0 0 0 0 0 0 0 0 0 0 0 0 0 0 0 0 0 0 0 0 0 0 0 0 0 0 0 0 0 
0 0 0 0 0 0 0 0 0 0 0 0 0 0 0 0 0 0 0 0 0 0 0 0 0 0 0 0 0 0 0 0 0 0 0 0 0 0 0 0 0 0 0 0 0 0 0 0 0 0 0 0 0 0 0 0 0 0 0 0 0 0 0 0 0 
0 0 0 0 0 0 0 0 0 0 0 0 0 0 0 0 0 0 0 0 0 0 0 0 0 0 0 0 0 0 0 0 0 0 0 0 0 0 0 0 0 0 0 0 0 0 0 0 0 0 0 0 0 0 0 0 0 0 0 0 0 0 0 0 0 
0 0 0 0 0 0 0 0 0 0 0 0 0 0 0 0 0 0 0 0 0 0 0 0 0 0 0 0 0 0 0 0 0 0 0 0 0 0 0 0 0 0 0 0 0 0 0 0 0 0 0 0 0 0 0 0 0 0 0 0 0 0 0 0 0 
0 0 0 0 0 0 0 0 0 0 0 0 0 0 0 0 0 0 0 0 0 0 0 0 0 0 0 0 0 0 0 0 0 0 0 0 0 0 0 0 0 0 0 0 0 0 0 0 0 0 0 0 0 0 0 0 0 0 0 0 0 0 0 0 0 
0 0 0 0 0 0 0 0 0 0 0 0 0 0 0 0 0 0 0 0 0 0 0 0 0 0 0 0 0 0 0 0 0 0 0 0 0 0 0 0 0 0 0 0 0 0 0 0 0 0 0 0 0 0 0 0 0 0 0 0 0 0 0 0 0 
0 0 0 0 0 0 0 0 0 0 0 0 0 0 0 0 0 0 0 0 0 0 0 0 0 0 0 0 0 0 0 0 0 0 0 0 0 0 0 0 0 0 0 0 0 0 0 0 0 0 0 0 0 0 0 0 0 0 0 0 0 0 0 0 0 
0 0 0 0 0 0 0 0 0 0 0 0 0 0 0 0 0 0 0 0 0 0 0 0 0 0 0 0 0 0 0 0 0 0 0 0 0 0 0 0 0 0 0 0 0 0 0 0 0 0 0 0 0 0 0 0 0 0 0 0 0 0 0 0 0 
0 0 0 0 0 0 0 0 0 0 0 0 0 0 0 0 0 0 0 0 0 0 0 0 0 0 0 0 0 0 0 0 0 0 0 0 0 0 0 0 0 0 0 0 0 0 0 0 0 0 0 0 0 0 0 0 0 0 0 0 0 0 0 0 0 
0 0 0 0 0 0 0 0 0 0 0 0 0 0 0 0 0 0 0 0 0 0 0 0 0 0 0 0 0 0 0 0 0 0 0 0 0 0 0 0 0 0 0 0 0 0 0 0 0 0 0 0 0 0 0 0 0 0 0 0 0 0 0 0 0 
0 0 0 0 0 0 0 0 0 0 0 0 0 0 0 0 0 0 0 0 0 0 0 0 0 0 0 0 0 0 0 0 0 0 0 0 0 0 0 0 0 0 0 0 0 0 0 0 0 0 0 0 0 0 0 0 0 0 0 0 0 0 0 0 0 
0 0 0 0 0 0 0 0 0 0 0 0 0 0 0 0 0 0 0 0 0 0 0 0 0 0 0 0 0 0 0 0 0 0 0 0 0 0 0 0 0 0 0 0 0 0 0 0 0 0 0 0 0 0 0 0 0 0 0 0 0 0 0 0 0 
0 0 0 0 0 0 0 0 0 0 0 0 0 0 0 0 0 0 0 0 0 0 0 0 0 0 0 0 0 0 0 0 0 0 0 0 0 0 0 0 0 0 0 0 0 0 0 0 0 0 0 0 0 0 0 0 0 0 0 0 0 0 0 0 0 
0 0 0 0 0 0 0 0 0 0 0 0 0 0 0 0 0 0 0 0 0 0 0 0 0 0 0 0 0 0 0 0 0 0 0 0 0 0 0 0 0 0 0 0 0 0 0 0 0 0 0 0 0 0 0 0 0 0 0 0 0 0 0 0 0 
0 0 0 0 0 0 0 0 0 0 0 0 0 0 0 0 0 0 0 0 0 0 0 0 0 0 0 0 0 0 0 0 0 0 0 0 0 0 0 0 0 0 0 0 0 0 0 0 0 0 0 0 0 0 0 0 0 0 0 0 0 0 0 0 0 
0 0 0 0 0 0 0 0 0 0 0 0 0 0 0 0 0 0 0 0 0 0 0 0 0 0 0 0 0 0 0 0 0 0 0 0 0 0 0 0 0 0 0 0 0 0 0 0 0 0 0 0 0 0 0 0 0 0 0 0 0 0 0 0 0 
0 0 0 0 0 0 0 0 0 0 0 0 0 0 0 0 0 0 0 0 0 0 0 0 0 0 0 0 0 0 0 0 0 0 0 0 0 0 0 0 0 0 0 0 0 0 0 0 0 0 0 0 0 0 0 0 0 0 0 0 0 0 0 0 0 
0 0 0 0 0 0 0 0 0 0 0 0 0 0 0 0 0 0 0 0 0 0 0 0 0 0 0 0 0 0 0 0 0 0 0 0 0 0 0 0 0 0 0 0 0 0 0 0 0 0 0 0 0 0 0 0 0 0 0 0 0 0 0 0 0 
0 0 0 0 0 0 0 0 0 0 0 0 0 0 0 0 0 0 0 0 0 0 0 0 0 0 0 0 0 0 0 0 0 0 0 0 0 0 0 0 0 0 0 0 0 0 0 0 0 0 0 0 0 0 0 0 0 0 0 0 0 0 0 0 0 
0 0 0 0 0 0 0 0 0 0 0 0 0 0 0 0 0 0 0 0 0 0 0 0 0 0 0 0 0 0 0 0 0 0 0 0 0 0 0 0 0 0 0 0 0 0 0 0 0 0 0 0 0 0 0 0 0 0 0 0 0 0 0 0 0 
0 0 0 0 0 0 0 0 0 0 0 0 0 0 0 0 0 0 0 0 0 0 0 0 0 0 0 0 0 0 0 0 0 0 0 0 0 0 0 0 0 0 0 0 0 0 0 0 0 0 0 0 0 0 0 0 0 0 0 0 0 0 0 0 0 
0 0 0 0 0 0 0 0 0 0 0 0 0 0 0 0 0 0 0 0 0 0 0 0 0 0 0 0 0 0 0 0 0 0 0 0 0 0 0 0 0 0 0 0 0 0 0 0 0 0 0 0 0 0 0 0 0 0 0 0 0 0 0 0 0 
0 0 0 0 0 0 0 0 0 0 0 0 0 0 0 0 0 0 0 0 0 0 0 0 0 0 0 0 0 0 0 0 0 0 0 0 0 0 0 0 0 0 0 0 0 0 0 0 0 0 0 0 0 0 0 0 0 0 0 0 0 0 0 0 0 
0 0 0 0 0 0 0 0 0 0 0 0 0 0 0 0 0 0 0 0 0 0 0 0 0 0 0 0 0 0 0 0 0 0 0 0 0 0 0 0 0 0 0 0 0 0 0 0 0 0 0 0 0 0 0 0 0 0 0 0 0 0 0 0 0 
