1 0 0 0 0 0 0 0 0 0 0 0 0 0 0 0 0 0 0 0 0 0 0 0 0 0 0 0 0 0 0 0 0 0 0 0 0 0 0 0 0 0 0 0 0 0 0 0 0 0 0 0 0 0 0 0 0 0 0 0 0 0 0 0 0 
0 0 0 0 0 0 0 0 0 0 0 0 0 0 0 0 0 0 0 0 0 0 0 0 0 0 0 0 0 0 0 0 0 0 0 0 0 0 0 0 0 0 0 0 0 0 0 0 0 0 0 0 0 0 0 0 0 0 0 0 0 0 0 0 0 
0 64 0 0 0 0 0 0 0 0 0 0 0 0 0 0 0 0 0 0 0 0 0 0 0 0 0 0 0 0 0 0 0 0 0 0 0 0 0 0 0 0 0 0 0 0 0 0 0 0 0 0 0 0 0 0 0 0 0 0 0 0 0 0 0 
0 0 128 0 0 0 0 0 0 0 0 0 0 0 0 0 0 0 0 0 0 0 0 0 0 0 0 0 0 0 0 0 0 0 0 0 0 0 0 0 0 0 0 0 0 0 0 0 0 0 0 0 0 0 0 0 0 0 0 0 0 0 0 0 0 
0 0 1888 382.725 62.4511 0 0 0 0 0 0 0 0 0 0 0 0 0 0 0 0 0 0 0 0 0 0 0 0 0 0 0 0 0 0 0 0 0 0 0 0 0 0 0 0 0 0 0 0 0 0 0 0 0 0 0 0 0 0 0 0 0 0 0 0 
0 0 0 7170.31 1151.28 514.984 127.578 0 0 0 0 0 0 0 0 0 0 0 0 0 0 0 0 0 0 0 0 0 0 0 0 0 0 0 0 0 0 0 0 0 0 0 0 0 0 0 0 0 0 0 0 0 0 0 0 0 0 0 0 0 0 0 0 0 0 
0 0 0 34111 27323.6 6769.67 2575.5 1396.06 369.398 57.668 0 0 0 0 0 0 0 0 0 0 0 0 0 0 0 0 0 0 0 0 0 0 0 0 0 0 0 0 0 0 0 0 0 0 0 0 0 0 0 0 0 0 0 0 0 0 0 0 0 0 0 0 0 0 0 
0 0 0 0 183693 97155 42366.2 16867.8 8325.39 4340.56 1845.78 478.186 119.279 0 0 0 0 0 0 0 0 0 0 0 0 0 0 0 0 0 0 0 0 0 0 0 0 0 0 0 0 0 0 0 0 0 0 0 0 0 0 0 0 0 0 0 0 0 0 0 0 0 0 0 0 
0 0 0 0 423146 830195 413591 223857 121068 57817 32403.2 19860.5 9673.46 4696.39 1495.56 382.509 103.226 0 0 0 0 0 0 0 16.7717 0 0 0 0 0 0 0 15.515 0 0 0 0 0 0 0 0 0 0 0 0 0 0 0 0 0 0 0 0 0 0 0 0 0 0 0 0 0 0 0 0 
0 0 0 0 0 2.85949e+06 3.31811e+06 1.97936e+06 1.15107e+06 715193 427000 251337 152519 92237.5 56151.7 30482.8 13826.3 5550.23 2245.79 774.072 412.88 241.849 259.928 276.326 0 244.297 260.885 256.735 260.35 238.03 251.074 243.801 0 0 0 0 0 0 0 0 0 0 0 0 0 0 0 0 0 0 0 0 0 0 0 0 0 0 0 0 0 0 0 0 0 
0 0 0 0 0 3.83039e+06 1.46098e+07 1.35313e+07 9.39894e+06 6.10883e+06 4.01242e+06 2.64639e+06 1.7648e+06 1.17336e+06 760653 502348 326273 203813 122340 67472.2 37727.5 21265.8 13696.8 10878.3 11861.2 9951.66 9505.72 9275.93 9275.68 9303.38 9753.19 9571.14 11465.4 0 0 0 0 0 0 0 0 0 0 0 0 0 0 0 0 0 0 0 0 0 0 0 0 0 0 0 0 0 0 0 0 
0 0 0 0 0 0 3.0347e+07 6.37021e+07 5.7505e+07 4.33919e+07 3.14709e+07 2.24223e+07 1.58458e+07 1.14373e+07 8.12018e+06 5.88338e+06 4.06958e+06 2.96205e+06 2.03998e+06 1.46877e+06 1.00794e+06 675987 493291 368226 295815 247947 231150 228502 216166 217759 218486 210569 204498 0 0 0 0 0 0 0 0 0 0 0 0 0 0 0 0 0 0 0 0 0 0 0 0 0 0 0 0 0 0 0 0 
0 0 0 0 0 0 2.62408e+07 1.69444e+08 2.62958e+08 2.46376e+08 1.99451e+08 1.5582e+08 1.19414e+08 9.01967e+07 6.96079e+07 5.29965e+07 3.99583e+07 2.99614e+07 2.312e+07 1.77311e+07 1.32013e+07 1.069e+07 8.45941e+06 6.72235e+06 5.38295e+06 4.62348e+06 4.0089e+06 3.63294e+06 3.42445e+06 3.3236e+06 3.1825e+06 3.2809e+06 3.29666e+06 0 0 0 0 0 0 0 0 0 0 0 0 0 0 0 0 0 0 0 0 0 0 0 0 0 0 0 0 0 0 0 0 
0 0 0 0 0 0 0 2.32792e+08 7.84944e+08 1.06826e+09 1.04347e+09 9.08778e+08 7.50317e+08 6.06171e+08 4.828e+08 3.89234e+08 3.12907e+08 2.51997e+08 2.01884e+08 1.62046e+08 1.33187e+08 1.09828e+08 9.17104e+07 7.72737e+07 6.55687e+07 5.60403e+07 4.98517e+07 4.56506e+07 4.21855e+07 3.97294e+07 3.84712e+07 3.72868e+07 3.7183e+07 0 0 0 0 0 0 0 0 0 0 0 0 0 0 0 0 0 0 0 0 0 0 0 0 0 0 0 0 0 0 0 0 
0 0 0 0 0 0 0 1.39526e+08 1.38444e+09 3.29886e+09 4.29351e+09 4.33386e+09 3.99217e+09 3.50067e+09 2.98362e+09 2.53415e+09 2.10852e+09 1.77853e+09 1.48874e+09 1.2519e+09 1.07261e+09 9.13053e+08 7.79793e+08 6.84843e+08 6.04882e+08 5.26848e+08 4.77733e+08 4.44526e+08 4.1257e+08 3.861e+08 3.76263e+08 3.7322e+08 3.68855e+08 0 0 0 0 0 0 0 0 0 0 0 0 0 0 0 0 0 0 0 0 0 0 0 0 0 0 0 0 0 0 0 0 
0 0 0 0 0 0 0 0 1.34007e+09 6.67221e+09 1.31258e+10 1.68508e+10 1.78102e+10 1.71092e+10 1.57891e+10 1.40699e+10 1.24006e+10 1.08469e+10 9.40497e+09 8.27769e+09 7.24369e+09 6.3979e+09 5.70335e+09 5.09611e+09 4.61112e+09 4.15895e+09 3.82712e+09 3.50117e+09 3.3343e+09 3.21843e+09 3.09216e+09 3.0254e+09 3.00886e+09 0 0 0 0 0 0 0 0 0 0 0 0 0 0 0 0 0 0 0 0 0 0 0 0 0 0 0 0 0 0 0 0 
0 0 0 0 0 0 0 0 5.85565e+08 8.31712e+09 2.83591e+10 5.04721e+10 6.45775e+10 7.05374e+10 7.121e+10 6.81834e+10 6.34085e+10 5.83287e+10 5.32537e+10 4.81784e+10 4.35477e+10 3.98031e+10 3.62382e+10 3.26836e+10 2.98854e+10 2.79994e+10 2.62331e+10 2.47685e+10 2.33768e+10 2.25127e+10 2.17988e+10 2.13948e+10 2.1243e+10 0 0 0 0 0 0 0 0 0 0 0 0 0 0 0 0 0 0 0 0 0 0 0 0 0 0 0 0 0 0 0 0 
0 0 0 0 0 0 0 0 0 5.9238e+09 4.09908e+10 1.10949e+11 1.86301e+11 2.42106e+11 2.71679e+11 2.84655e+11 2.82779e+11 2.73486e+11 2.61107e+11 2.46337e+11 2.30803e+11 2.15094e+11 1.99015e+11 1.86146e+11 1.75314e+11 1.65626e+11 1.55771e+11 1.49076e+11 1.43027e+11 1.37971e+11 1.36122e+11 1.34271e+11 1.33477e+11 0 0 0 0 0 0 0 0 0 0 0 0 0 0 0 0 0 0 0 0 0 0 0 0 0 0 0 0 0 0 0 0 
0 0 0 0 0 0 0 0 0 1.96369e+09 3.76263e+10 1.74709e+11 4.118e+11 6.66167e+11 8.75102e+11 1.0142e+12 1.09532e+12 1.12328e+12 1.12204e+12 1.10028e+12 1.07133e+12 1.0325e+12 9.88368e+11 9.43745e+11 9.01457e+11 8.69659e+11 8.37116e+11 7.99698e+11 7.77241e+11 7.59135e+11 7.50736e+11 7.44486e+11 7.38876e+11 0 0 0 0 0 0 0 0 0 0 0 0 0 0 0 0 0 0 0 0 0 0 0 0 0 0 0 0 0 0 0 0 
0 0 0 0 0 0 0 0 0 0 2.04978e+10 1.8646e+11 6.70369e+11 1.44291e+12 2.29901e+12 3.05117e+12 3.63733e+12 4.05564e+12 4.28918e+12 4.41446e+12 4.4732e+12 4.45848e+12 4.37138e+12 4.27978e+12 4.20069e+12 4.0928e+12 3.97506e+12 3.91189e+12 3.81341e+12 3.77795e+12 3.73851e+12 3.73365e+12 3.70782e+12 0 0 0 0 0 0 0 0 0 0 0 0 0 0 0 0 0 0 0 0 0 0 0 0 0 0 0 0 0 0 0 0 
0 0 0 0 0 0 0 0 0 0 5.30109e+09 1.31103e+11 7.85258e+11 2.39179e+12 4.83384e+12 7.62703e+12 1.02517e+13 1.2531e+13 1.42966e+13 1.56339e+13 1.64614e+13 1.70765e+13 1.73945e+13 1.75134e+13 1.73743e+13 1.725e+13 1.73429e+13 1.71199e+13 1.69574e+13 1.68246e+13 1.67582e+13 1.66243e+13 1.67977e+13 0 0 0 0 0 0 0 0 0 0 0 0 0 0 0 0 0 0 0 0 0 0 0 0 0 0 0 0 0 0 0 0 
0 0 0 0 0 0 0 0 0 0 0 5.60272e+10 6.44754e+11 2.93428e+12 7.96023e+12 1.54541e+13 2.42822e+13 3.30718e+13 4.12954e+13 4.81565e+13 5.38876e+13 5.7999e+13 6.14821e+13 6.35967e+13 6.56867e+13 6.66699e+13 6.70482e+13 6.74594e+13 6.80229e+13 6.79451e+13 6.82001e+13 6.84167e+13 6.83128e+13 0 0 0 0 0 0 0 0 0 0 0 0 0 0 0 0 0 0 0 0 0 0 0 0 0 0 0 0 0 0 0 0 
0 0 0 0 0 0 0 0 0 0 0 1.16006e+10 3.55798e+11 2.65601e+12 1.00191e+13 2.49076e+13 4.7097e+13 7.38035e+13 1.01968e+14 1.2899e+14 1.53711e+14 1.75024e+14 1.92918e+14 2.07932e+14 2.19343e+14 2.29899e+14 2.35976e+14 2.42722e+14 2.45692e+14 2.4938e+14 2.51115e+14 2.52294e+14 2.525e+14 0 0 0 0 0 0 0 0 0 0 0 0 0 0 0 0 0 0 0 0 0 0 0 0 0 0 0 0 0 0 0 0 
0 0 0 0 0 0 0 0 0 0 0 0 1.21991e+11 1.70957e+12 9.56118e+12 3.16172e+13 7.35244e+13 1.35911e+14 2.12992e+14 2.9769e+14 3.82174e+14 4.63611e+14 5.38327e+14 6.04505e+14 6.60666e+14 7.07517e+14 7.50523e+14 7.76251e+14 8.0521e+14 8.22154e+14 8.34554e+14 8.40998e+14 8.38683e+14 0 0 0 0 0 0 0 0 0 0 0 0 0 0 0 0 0 0 0 0 0 0 0 0 0 0 0 0 0 0 0 0 
0 0 0 0 0 0 0 0 0 0 0 0 2.06769e+10 7.58152e+11 6.80681e+12 3.0938e+13 9.23079e+13 2.05255e+14 3.71904e+14 5.85223e+14 8.24819e+14 1.07758e+15 1.32081e+15 1.55128e+15 1.76836e+15 1.95458e+15 2.10944e+15 2.25923e+15 2.35616e+15 2.43749e+15 2.49612e+15 2.53135e+15 2.5405e+15 0 0 0 0 0 0 0 0 0 0 0 0 0 0 0 0 0 0 0 0 0 0 0 0 0 0 0 0 0 0 0 0 
0 0 0 0 0 0 0 0 0 0 0 0 0 2.13794e+11 3.51673e+12 2.34006e+13 9.16428e+13 2.51539e+14 5.38265e+14 9.59699e+14 1.50389e+15 2.13619e+15 2.81098e+15 3.49615e+15 4.15336e+15 4.76872e+15 5.33309e+15 5.79914e+15 6.18544e+15 6.49394e+15 6.73046e+15 6.83888e+15 6.921e+15 0 0 0 0 0 0 0 0 0 0 0 0 0 0 0 0 0 0 0 0 0 0 0 0 0 0 0 0 0 0 0 0 
0 0 0 0 0 0 0 0 0 0 0 0 0 3.02245e+10 1.28379e+12 1.33504e+13 7.13058e+13 2.48221e+14 6.39192e+14 1.32291e+15 2.33384e+15 3.63461e+15 5.19755e+15 6.88724e+15 8.60078e+15 1.02887e+16 1.18936e+16 1.33076e+16 1.45447e+16 1.54689e+16 1.61741e+16 1.66504e+16 1.67556e+16 0 0 0 0 0 0 0 0 0 0 0 0 0 0 0 0 0 0 0 0 0 0 0 0 0 0 0 0 0 0 0 0 
0 0 0 0 0 0 0 0 0 0 0 0 0 0 3.01329e+11 5.67975e+12 4.32935e+13 1.95728e+14 6.20647e+14 1.51241e+15 3.04236e+15 5.29609e+15 8.1993e+15 1.16998e+16 1.55571e+16 1.95392e+16 2.33561e+16 2.70069e+16 3.01062e+16 3.28336e+16 3.46983e+16 3.58419e+16 3.62555e+16 0 0 0 0 0 0 0 0 0 0 0 0 0 0 0 0 0 0 0 0 0 0 0 0 0 0 0 0 0 0 0 0 
0 0 0 0 0 0 0 0 0 0 0 0 0 0 3.6376e+10 1.72791e+12 2.0298e+13 1.23331e+14 4.86682e+14 1.42605e+15 3.31441e+15 6.48666e+15 1.11181e+16 1.70923e+16 2.42568e+16 3.21426e+16 4.03288e+16 4.81033e+16 5.53587e+16 6.1314e+16 6.58848e+16 6.8646e+16 6.95443e+16 0 0 0 0 0 0 0 0 0 0 0 0 0 0 0 0 0 0 0 0 0 0 0 0 0 0 0 0 0 0 0 0 
0 0 0 0 0 0 0 0 0 0 0 0 0 0 0 3.45026e+11 7.22404e+12 6.11835e+13 3.11135e+14 1.10243e+15 3.00905e+15 6.70929e+15 1.2793e+16 2.15312e+16 3.27963e+16 4.61576e+16 6.05998e+16 7.52514e+16 8.89948e+16 1.01026e+17 1.0998e+17 1.15697e+17 1.17945e+17 0 0 0 0 0 0 0 0 0 0 0 0 0 0 0 0 0 0 0 0 0 0 0 0 0 0 0 0 0 0 0 0 
0 0 0 0 0 0 0 0 0 0 0 0 0 0 0 3.60392e+10 1.85447e+12 2.41581e+13 1.61091e+14 7.0584e+14 2.27897e+15 5.83479e+15 1.24607e+16 2.31116e+16 3.81058e+16 5.70169e+16 7.90314e+16 1.02721e+17 1.2545e+17 1.45576e+17 1.61871e+17 1.721e+17 1.75104e+17 0 0 0 0 0 0 0 0 0 0 0 0 0 0 0 0 0 0 0 0 0 0 0 0 0 0 0 0 0 0 0 0 
0 0 0 0 0 0 0 0 0 0 0 0 0 0 0 0 3.21727e+11 7.23826e+12 6.70607e+13 3.70998e+14 1.43746e+15 4.26545e+15 1.03355e+16 2.11515e+16 3.79579e+16 6.10352e+16 8.96278e+16 1.21312e+17 1.54207e+17 1.8368e+17 2.07478e+17 2.23199e+17 2.28712e+17 0 0 0 0 0 0 0 0 0 0 0 0 0 0 0 0 0 0 0 0 0 0 0 0 0 0 0 0 0 0 0 0 
0 0 0 0 0 0 0 0 0 0 0 0 0 0 0 0 2.95159e+10 1.61182e+12 2.23402e+13 1.60562e+14 7.57147e+14 2.64273e+15 7.24122e+15 1.65657e+16 3.24584e+16 5.63245e+16 8.76491e+16 1.24921e+17 1.6424e+17 2.02331e+17 2.33827e+17 2.54369e+17 2.61868e+17 0 0 0 0 0 0 0 0 0 0 0 0 0 0 0 0 0 0 0 0 0 0 0 0 0 0 0 0 0 0 0 0 
0 0 0 0 0 0 0 0 0 0 0 0 0 0 0 0 0 2.44357e+11 5.78627e+12 5.67722e+13 3.34167e+14 1.3745e+15 4.33869e+15 1.10981e+16 2.39451e+16 4.46609e+16 7.43222e+16 1.1151e+17 1.53096e+17 1.94445e+17 2.28792e+17 2.52106e+17 2.60016e+17 0 0 0 0 0 0 0 0 0 0 0 0 0 0 0 0 0 0 0 0 0 0 0 0 0 0 0 0 0 0 0 0 
0 0 0 0 0 0 0 0 0 0 0 0 0 0 0 0 0 2.01501e+10 1.13254e+12 1.62827e+13 1.22667e+14 6.06621e+14 2.22129e+15 6.36662e+15 1.51793e+16 3.08765e+16 5.48117e+16 8.68283e+16 1.2441e+17 1.62617e+17 1.96615e+17 2.19567e+17 2.27921e+17 0 0 0 0 0 0 0 0 0 0 0 0 0 0 0 0 0 0 0 0 0 0 0 0 0 0 0 0 0 0 0 0 
0 0 0 0 0 0 0 0 0 0 0 0 0 0 0 0 0 0 1.52167e+11 3.68992e+12 3.72812e+13 2.27697e+14 9.67476e+14 3.17305e+15 8.33418e+15 1.84641e+16 3.51457e+16 5.89007e+16 8.84127e+16 1.19617e+17 1.47594e+17 1.67303e+17 1.74241e+17 0 0 0 0 0 0 0 0 0 0 0 0 0 0 0 0 0 0 0 0 0 0 0 0 0 0 0 0 0 0 0 0 
0 0 0 0 0 0 0 0 0 0 0 0 0 0 0 0 0 0 1.15582e+10 6.41963e+11 9.36523e+12 7.19322e+13 3.66717e+14 1.36161e+15 4.00793e+15 9.64243e+15 1.97749e+16 3.52076e+16 5.50961e+16 7.73438e+16 9.76607e+16 1.11856e+17 1.17211e+17 0 0 0 0 0 0 0 0 0 0 0 0 0 0 0 0 0 0 0 0 0 0 0 0 0 0 0 0 0 0 0 0 
0 0 0 0 0 0 0 0 0 0 0 0 0 0 0 0 0 0 0 7.81987e+10 1.89286e+12 1.92065e+13 1.17953e+14 5.09219e+14 1.67091e+15 4.42066e+15 9.76357e+15 1.83693e+16 3.02019e+16 4.39236e+16 5.706e+16 6.66254e+16 6.99797e+16 0 0 0 0 0 0 0 0 0 0 0 0 0 0 0 0 0 0 0 0 0 0 0 0 0 0 0 0 0 0 0 0 
0 0 0 0 0 0 0 0 0 0 0 0 0 0 0 0 0 0 0 5.65324e+09 2.98019e+11 4.27357e+12 3.27634e+13 1.65772e+14 6.14603e+14 1.79744e+15 4.25659e+15 8.55986e+15 1.47615e+16 2.22111e+16 2.95598e+16 3.50561e+16 3.7077e+16 0 0 0 0 0 0 0 0 0 0 0 0 0 0 0 0 0 0 0 0 0 0 0 0 0 0 0 0 0 0 0 0 
0 0 0 0 0 0 0 0 0 0 0 0 0 0 0 0 0 0 0 0 3.33843e+10 7.79165e+11 7.75944e+12 4.67349e+13 1.99132e+14 6.40649e+14 1.6564e+15 3.53689e+15 6.415e+15 1.00439e+16 1.37482e+16 1.65027e+16 1.75586e+16 0 0 0 0 0 0 0 0 0 0 0 0 0 0 0 0 0 0 0 0 0 0 0 0 0 0 0 0 0 0 0 0 
0 0 0 0 0 0 0 0 0 0 0 0 0 0 0 0 0 0 0 0 2.41369e+09 1.12676e+11 1.55328e+12 1.15413e+13 5.65918e+13 2.04198e+14 5.75951e+14 1.31109e+15 2.50853e+15 4.0829e+15 5.71522e+15 6.9714e+15 7.44844e+15 0 0 0 0 0 0 0 0 0 0 0 0 0 0 0 0 0 0 0 0 0 0 0 0 0 0 0 0 0 0 0 0 
0 0 0 0 0 0 0 0 0 0 0 0 0 0 0 0 0 0 0 0 0 1.19651e+10 2.59525e+11 2.47722e+12 1.42703e+13 5.80349e+13 1.79193e+14 4.41589e+14 8.89023e+14 1.5003e+15 2.15944e+15 2.69275e+15 2.87907e+15 0 0 0 0 0 0 0 0 0 0 0 0 0 0 0 0 0 0 0 0 0 0 0 0 0 0 0 0 0 0 0 0 
0 0 0 0 0 0 0 0 0 0 0 0 0 0 0 0 0 0 0 0 0 9.25012e+08 3.57315e+10 4.51431e+11 3.18909e+12 1.4711e+13 5.0279e+13 1.33179e+14 2.84324e+14 5.00557e+14 7.44116e+14 9.33063e+14 1.00935e+15 0 0 0 0 0 0 0 0 0 0 0 0 0 0 0 0 0 0 0 0 0 0 0 0 0 0 0 0 0 0 0 0 
0 0 0 0 0 0 0 0 0 0 0 0 0 0 0 0 0 0 0 0 0 0 3.66806e+09 7.13412e+10 6.22247e+11 3.37786e+12 1.26969e+13 3.65406e+13 8.27836e+13 1.5371e+14 2.32781e+14 2.99461e+14 3.24385e+14 0 0 0 0 0 0 0 0 0 0 0 0 0 0 0 0 0 0 0 0 0 0 0 0 0 0 0 0 0 0 0 0 
0 0 0 0 0 0 0 0 0 0 0 0 0 0 0 0 0 0 0 0 0 0 3.21074e+08 9.58936e+09 1.07065e+11 6.90583e+11 2.94051e+12 9.12558e+12 2.21925e+13 4.27105e+13 6.78183e+13 8.86521e+13 9.63927e+13 0 0 0 0 0 0 0 0 0 0 0 0 0 0 0 0 0 0 0 0 0 0 0 0 0 0 0 0 0 0 0 0 
0 0 0 0 0 0 0 0 0 0 0 0 0 0 0 0 0 0 0 0 0 0 0 9.70752e+08 1.63618e+10 1.26278e+11 6.18687e+11 2.10845e+12 5.45701e+12 1.10709e+13 1.81131e+13 2.40473e+13 2.66588e+13 0 0 0 0 0 0 0 0 0 0 0 0 0 0 0 0 0 0 0 0 0 0 0 0 0 0 0 0 0 0 0 0 
0 0 0 0 0 0 0 0 0 0 0 0 0 0 0 0 0 0 0 0 0 0 0 1.04476e+08 2.22274e+09 2.10096e+10 1.1838e+11 4.50028e+11 1.24501e+12 2.66201e+12 4.46756e+12 6.14681e+12 6.72503e+12 0 0 0 0 0 0 0 0 0 0 0 0 0 0 0 0 0 0 0 0 0 0 0 0 0 0 0 0 0 0 0 0 
0 0 0 0 0 0 0 0 0 0 0 0 0 0 0 0 0 0 0 0 0 0 0 0 2.2618e+08 3.19244e+09 2.09015e+10 8.98142e+10 2.6385e+11 5.98967e+11 1.04443e+12 1.44056e+12 1.61881e+12 0 0 0 0 0 0 0 0 0 0 0 0 0 0 0 0 0 0 0 0 0 0 0 0 0 0 0 0 0 0 0 0 
0 0 0 0 0 0 0 0 0 0 0 0 0 0 0 0 0 0 0 0 0 0 0 0 3.12836e+07 4.53913e+08 3.42118e+09 1.63523e+10 5.41999e+10 1.26684e+11 2.31075e+11 3.26496e+11 3.68945e+11 0 0 0 0 0 0 0 0 0 0 0 0 0 0 0 0 0 0 0 0 0 0 0 0 0 0 0 0 0 0 0 0 
0 0 0 0 0 0 0 0 0 0 0 0 0 0 0 0 0 0 0 0 0 0 0 0 0 4.58982e+07 5.36863e+08 2.90712e+09 1.0294e+10 2.59423e+10 4.83663e+10 6.99242e+10 7.87789e+10 0 0 0 0 0 0 0 0 0 0 0 0 0 0 0 0 0 0 0 0 0 0 0 0 0 0 0 0 0 0 0 0 
0 0 0 0 0 0 0 0 0 0 0 0 0 0 0 0 0 0 0 0 0 0 0 0 0 8.54303e+06 8.19557e+07 4.77209e+08 1.8922e+09 5.10227e+09 9.9172e+09 1.46354e+10 1.65626e+10 0 0 0 0 0 0 0 0 0 0 0 0 0 0 0 0 0 0 0 0 0 0 0 0 0 0 0 0 0 0 0 0 
0 0 0 0 0 0 0 0 0 0 0 0 0 0 0 0 0 0 0 0 0 0 0 0 0 0 7.95659e+06 8.18827e+07 3.37419e+08 9.61738e+08 1.98424e+09 2.96042e+09 3.40141e+09 0 0 0 0 0 0 0 0 0 0 0 0 0 0 0 0 0 0 0 0 0 0 0 0 0 0 0 0 0 0 0 0 
0 0 0 0 0 0 0 0 0 0 0 0 0 0 0 0 0 0 0 0 0 0 0 0 0 0 2.06409e+06 1.30131e+07 5.69799e+07 1.85164e+08 3.80419e+08 6.01822e+08 6.90186e+08 0 0 0 0 0 0 0 0 0 0 0 0 0 0 0 0 0 0 0 0 0 0 0 0 0 0 0 0 0 0 0 0 
0 0 0 0 0 0 0 0 0 0 0 0 0 0 0 0 0 0 0 0 0 0 0 0 0 0 0 1.09935e+06 1.08903e+07 3.28201e+07 7.40188e+07 1.19717e+08 1.35453e+08 0 0 0 0 0 0 0 0 0 0 0 0 0 0 0 0 0 0 0 0 0 0 0 0 0 0 0 0 0 0 0 0 
0 0 0 0 0 0 0 0 0 0 0 0 0 0 0 0 0 0 0 0 0 0 0 0 0 0 0 427518 1.71005e+06 5.65446e+06 1.52948e+07 2.22204e+07 2.86424e+07 0 0 0 0 0 0 0 0 0 0 0 0 0 0 0 0 0 0 0 0 0 0 0 0 0 0 0 0 0 0 0 0 
0 0 0 0 0 0 0 0 0 0 0 0 0 0 0 0 0 0 0 0 0 0 0 0 0 0 0 0 113153 1.2516e+06 2.42461e+06 4.66422e+06 5.19221e+06 0 0 0 0 0 0 0 0 0 0 0 0 0 0 0 0 0 0 0 0 0 0 0 0 0 0 0 0 0 0 0 0 
0 0 0 0 0 0 0 0 0 0 0 0 0 0 0 0 0 0 0 0 0 0 0 0 0 0 0 0 73475.1 171692 464185 969622 943237 0 0 0 0 0 0 0 0 0 0 0 0 0 0 0 0 0 0 0 0 0 0 0 0 0 0 0 0 0 0 0 0 
0 0 0 0 0 0 0 0 0 0 0 0 0 0 0 0 0 0 0 0 0 0 0 0 0 0 0 0 0 7702.5 116677 111914 240001 0 0 0 0 0 0 0 0 0 0 0 0 0 0 0 0 0 0 0 0 0 0 0 0 0 0 0 0 0 0 0 0 
0 0 0 0 0 0 0 0 0 0 0 0 0 0 0 0 0 0 0 0 0 0 0 0 0 0 0 0 0 9933.88 11602.1 32641.9 37839.5 0 0 0 0 0 0 0 0 0 0 0 0 0 0 0 0 0 0 0 0 0 0 0 0 0 0 0 0 0 0 0 0 
0 0 0 0 0 0 0 0 0 0 0 0 0 0 0 0 0 0 0 0 0 0 0 0 0 0 0 0 0 0 254.997 7679.35 2007.47 0 0 0 0 0 0 0 0 0 0 0 0 0 0 0 0 0 0 0 0 0 0 0 0 0 0 0 0 0 0 0 0 
0 0 0 0 0 0 0 0 0 0 0 0 0 0 0 0 0 0 0 0 0 0 0 0 0 0 0 0 0 0 988.232 386.928 1936.26 0 0 0 0 0 0 0 0 0 0 0 0 0 0 0 0 0 0 0 0 0 0 0 0 0 0 0 0 0 0 0 0 
0 0 0 0 0 0 0 0 0 0 0 0 0 0 0 0 0 0 0 0 0 0 0 0 0 0 0 0 0 0 0 0 256.557 0 0 0 0 0 0 0 0 0 0 0 0 0 0 0 0 0 0 0 0 0 0 0 0 0 0 0 0 0 0 0 0 
0 0 0 0 0 0 0 0 0 0 0 0 0 0 0 0 0 0 0 0 0 0 0 0 0 0 0 0 0 0 0 63.7569 0 0 0 0 0 0 0 0 0 0 0 0 0 0 0 0 0 0 0 0 0 0 0 0 0 0 0 0 0 0 0 0 0 
0 0 0 0 0 0 0 0 0 0 0 0 0 0 0 0 0 0 0 0 0 0 0 0 0 0 0 0 0 0 0 0 0 0 0 0 0 0 0 0 0 0 0 0 0 0 0 0 0 0 0 0 0 0 0 0 0 0 0 0 0 0 0 0 0 
0 0 0 0 0 0 0 0 0 0 0 0 0 0 0 0 0 0 0 0 0 0 0 0 0 0 0 0 0 0 0 0 1.9924 0 0 0 0 0 0 0 0 0 0 0 0 0 0 0 0 0 0 0 0 0 0 0 0 0 0 0 0 0 0 0 0 
