1 0 0 0 0 0 0 0 0 0 0 0 0 0 0 0 1 
0 0 0 0 0 0 0 0 0 0 0 0 0 0 0 0 0 
0 16 0 0 0 0 0 0 0 0 0 0 0 0 0 0 0 
0 0 32 0 0 0 0 0 0 0 0 0 0 0 0 0 0 
0 0 88 95.152 23.788 0 0 0 8.34429 0 0 0 0 0 0 0 0 
0 0 0 257.696 256.262 189.819 95.1841 66.7543 0 0 0 0 0 0 0 0 0 
0 0 0 207.152 736.713 687.633 700.672 617.776 770.835 0 0 0 0 0 0 0 0 
0 0 0 0 574.636 1670.55 1823.45 1942.82 1598.84 0 0 0 0 0 0 0 0 
0 0 0 0 228.601 1246.4 2941.31 3650.25 4346.64 0 0 0 0 0 0 0 0 
0 0 0 0 0 443.921 1563.16 3138.87 3291.34 0 0 0 0 0 0 0 0 
0 0 0 0 0 129.678 763.848 1400.26 2081.72 0 0 0 0 0 0 0 0 
0 0 0 0 0 0 62.0127 511.151 578.762 0 0 0 0 0 0 0 0 
0 0 0 0 0 0 58.3614 95.4355 126.958 0 0 0 0 0 0 0 0 
0 0 0 0 0 0 0 0 64.462 0 0 0 0 0 0 0 0 
0 0 0 0 0 0 0 16.6747 0 0 0 0 0 0 0 0 0 
0 0 0 0 0 0 0 0 0 0 0 0 0 0 0 0 0 
0 0 0 0 0 0 0 0 2.08433 0 0 0 0 0 0 0 0 
