1 0 0 0 0 0 0 0 0 0 0 0 0 0 0 0 1 
0 0 0 0 0 0 0 0 0 0 0 0 0 0 0 0 0 
0 16 0 0 0 0 0 0 0 0 0 0 0 0 0 0 0 
0 0 32 0 0 0 0 0 0 0 0 0 0 0 0 0 0 
0 0 88 95.2381 23.8095 0 0 0 8.12593 0 0 0 0 0 0 0 0 
0 0 0 257.524 256.212 189.51 96.445 65.0075 0 0 0 0 0 0 0 0 0 
0 0 0 207.238 737.153 691.525 698.635 626.795 771.194 0 0 0 0 0 0 0 0 
0 0 0 0 573.819 1670.3 1836.36 1928.14 1599.59 0 0 0 0 0 0 0 0 
0 0 0 0 229.006 1238.46 2918.32 3653.73 4327.26 0 0 0 0 0 0 0 0 
0 0 0 0 0 446.522 1572.22 3141.51 3292.11 0 0 0 0 0 0 0 0 
0 0 0 0 0 131.679 764.822 1407.47 2119.7 0 0 0 0 0 0 0 0 
0 0 0 0 0 0 63.7294 505.946 572.185 0 0 0 0 0 0 0 0 
0 0 0 0 0 0 57.4777 94.9859 114.932 0 0 0 0 0 0 0 0 
0 0 0 0 0 0 0 0 62.8526 0 0 0 0 0 0 0 0 
0 0 0 0 0 0 0 16.4222 0 0 0 0 0 0 0 0 0 
0 0 0 0 0 0 0 0 0 0 0 0 0 0 0 0 0 
0 0 0 0 0 0 0 0 2.05278 0 0 0 0 0 0 0 0 
