1 0 0 0 0 0 0 0 0 0 0 0 0 0 0 0 1 
0 0 0 0 0 0 0 0 0 0 0 0 0 0 0 0 0 
0 16 0 0 0 0 0 0 0 0 0 0 0 0 0 0 0 
0 0 32 0 0 0 0 0 0 0 0 0 0 0 0 0 0 
0 0 88 93.8017 23.4504 0 0 0 7.70236 0 0 0 0 0 0 0 0 
0 0 0 260.397 249.687 190.319 94.6102 61.6189 0 0 0 0 0 0 0 0 0 
0 0 0 205.802 746.239 691.501 709.345 631.197 787.351 0 0 0 0 0 0 0 0 
0 0 0 0 576.66 1655.82 1817.99 1918.4 1581.85 0 0 0 0 0 0 0 0 
0 0 0 0 223.964 1258.24 2917.58 3674.78 4378.81 0 0 0 0 0 0 0 0 
0 0 0 0 0 446.47 1586.81 3130.29 3213.31 0 0 0 0 0 0 0 0 
0 0 0 0 0 125.652 763.665 1400.64 2119.85 0 0 0 0 0 0 0 0 
0 0 0 0 0 0 65.5965 512.165 597.12 0 0 0 0 0 0 0 0 
0 0 0 0 0 0 52.397 95.94 118.654 0 0 0 0 0 0 0 0 
0 0 0 0 0 0 0 0 63.4806 0 0 0 0 0 0 0 0 
0 0 0 0 0 0 0 14.9706 0 0 0 0 0 0 0 0 0 
0 0 0 0 0 0 0 0 0 0 0 0 0 0 0 0 0 
0 0 0 0 0 0 0 0 1.87132 0 0 0 0 0 0 0 0 
