1 0 0 0 0 0 0 0 0 0 0 0 0 0 0 0 1 
0 0 0 0 0 0 0 0 0 0 0 0 0 0 0 0 0 
0 16 0 0 0 0 0 0 0 0 0 0 0 0 0 0 0 
0 0 32 0 0 0 0 0 0 0 0 0 0 0 0 0 0 
0 0 88 95.7387 23.9347 0 0 0 8.73895 0 0 0 0 0 0 0 0 
0 0 0 256.523 254.988 193.917 97.9759 69.9116 0 0 0 0 0 0 0 0 0 
0 0 0 207.739 738.576 686.376 696.721 618.559 776.085 0 0 0 0 0 0 0 0 
0 0 0 0 574.144 1661.52 1838.14 1911.33 1594.32 0 0 0 0 0 0 0 0 
0 0 0 0 228.357 1250.93 2921.83 3684.24 4343.06 0 0 0 0 0 0 0 0 
0 0 0 0 0 446.492 1558.66 3143.44 3276.9 0 0 0 0 0 0 0 0 
0 0 0 0 0 128.764 773.049 1390.05 2103.87 0 0 0 0 0 0 0 0 
0 0 0 0 0 0 65.7268 511.171 579.882 0 0 0 0 0 0 0 0 
0 0 0 0 0 0 55.8921 95.3277 120.56 0 0 0 0 0 0 0 0 
0 0 0 0 0 0 0 0 64.5937 0 0 0 0 0 0 0 0 
0 0 0 0 0 0 0 15.9692 0 0 0 0 0 0 0 0 0 
0 0 0 0 0 0 0 0 0 0 0 0 0 0 0 0 0 
0 0 0 0 0 0 0 0 1.99615 0 0 0 0 0 0 0 0 
