1 0 0 0 0 0 0 0 0 0 0 0 0 0 0 0 1 
0 0 0 0 0 0 0 0 0 0 0 0 0 0 0 0 0 
0 16 0 0 0 0 0 0 0 0 0 0 0 0 0 0 0 
0 0 32 0 0 0 0 0 0 0 0 0 0 0 0 0 0 
0 0 88 95.8242 23.956 0 0 0 8.21786 0 0 0 0 0 0 0 0 
0 0 0 256.352 257.965 195.979 97.6397 65.7429 0 0 0 0 0 0 0 0 0 
0 0 0 207.824 734.471 693.812 717.434 638.97 772.516 0 0 0 0 0 0 0 0 
0 0 0 0 573.339 1642.68 1815.28 1918.54 1607.84 0 0 0 0 0 0 0 0 
0 0 0 0 230.269 1257.92 2902.46 3639.74 4328.69 0 0 0 0 0 0 0 0 
0 0 0 0 0 448.969 1581.97 3144.89 3260.84 0 0 0 0 0 0 0 0 
0 0 0 0 0 128.638 774.672 1413.66 2144.38 0 0 0 0 0 0 0 0 
0 0 0 0 0 0 62.4586 508.38 561.771 0 0 0 0 0 0 0 0 
0 0 0 0 0 0 56.0943 94.0519 119.859 0 0 0 0 0 0 0 0 
0 0 0 0 0 0 0 0 63.871 0 0 0 0 0 0 0 0 
0 0 0 0 0 0 0 16.027 0 0 0 0 0 0 0 0 0 
0 0 0 0 0 0 0 0 0 0 0 0 0 0 0 0 0 
0 0 0 0 0 0 0 0 2.00337 0 0 0 0 0 0 0 0 
