1 0 0 0 0 0 0 0 0 0 0 0 0 0 0 0 1 
0 0 0 0 0 0 0 0 0 0 0 0 0 0 0 0 0 
0 16 0 0 0 0 0 0 0 0 0 0 0 0 0 0 0 
0 0 32 0 0 0 0 0 0 0 0 0 0 0 0 0 0 
0 0 88 94.1832 23.5458 0 0 0 8.09094 0 0 0 0 0 0 0 0 
0 0 0 259.634 254.215 191.314 95.3978 64.7275 0 0 0 0 0 0 0 0 0 
0 0 0 206.183 739.889 691.415 706.509 622.596 778.741 0 0 0 0 0 0 0 0 
0 0 0 0 575.394 1658.24 1831.14 1912.02 1602.55 0 0 0 0 0 0 0 0 
0 0 0 0 226.956 1253.56 2909.07 3707.69 4344.98 0 0 0 0 0 0 0 0 
0 0 0 0 0 443.909 1580.22 3107.52 3241.65 0 0 0 0 0 0 0 0 
0 0 0 0 0 129.553 763.718 1402.39 2124.85 0 0 0 0 0 0 0 0 
0 0 0 0 0 0 65.0698 509.625 583.009 0 0 0 0 0 0 0 0 
0 0 0 0 0 0 56.8738 97.1798 120.715 0 0 0 0 0 0 0 0 
0 0 0 0 0 0 0 0 63.3813 0 0 0 0 0 0 0 0 
0 0 0 0 0 0 0 16.2497 0 0 0 0 0 0 0 0 0 
0 0 0 0 0 0 0 0 0 0 0 0 0 0 0 0 0 
0 0 0 0 0 0 0 0 2.03121 0 0 0 0 0 0 0 0 
