1 0 0 0 0 0 0 0 0 0 0 0 0 0 0 0 1 
0 0 0 0 0 0 0 0 0 0 0 0 0 0 0 0 0 
0 16 0 0 0 0 0 0 0 0 0 0 0 0 0 0 0 
0 0 32 0 0 0 0 0 0 0 0 0 0 0 0 0 0 
0 0 88 95.8292 23.9573 0 0 0 7.78674 0 0 0 0 0 0 0 0 
0 0 0 256.342 259.748 197.301 95.753 62.2939 0 0 0 0 0 0 0 0 0 
0 0 0 207.829 731.115 693.366 716.492 647.313 792.253 0 0 0 0 0 0 0 0 
0 0 0 0 574.698 1647.78 1816.72 1926.53 1593.07 0 0 0 0 0 0 0 0 
0 0 0 0 230.483 1246.38 2924.74 3620.1 4324.78 0 0 0 0 0 0 0 0 
0 0 0 0 0 451.939 1550.55 3153.07 3262.85 0 0 0 0 0 0 0 0 
0 0 0 0 0 131.237 780.995 1405.31 2123.2 0 0 0 0 0 0 0 0 
0 0 0 0 0 0 66.5814 513.25 572.583 0 0 0 0 0 0 0 0 
0 0 0 0 0 0 56.1693 96.074 127.667 0 0 0 0 0 0 0 0 
0 0 0 0 0 0 0 0 63.8007 0 0 0 0 0 0 0 0 
0 0 0 0 0 0 0 16.0484 0 0 0 0 0 0 0 0 0 
0 0 0 0 0 0 0 0 0 0 0 0 0 0 0 0 0 
0 0 0 0 0 0 0 0 2.00605 0 0 0 0 0 0 0 0 
