1 0 0 0 0 0 0 0 0 0 0 0 0 0 0 0 1 
0 0 0 0 0 0 0 0 0 0 0 0 0 0 0 0 0 
0 16 0 0 0 0 0 0 0 0 0 0 0 0 0 0 0 
0 0 32 0 0 0 0 0 0 0 0 0 0 0 0 0 0 
0 0 88 95.8828 23.9707 0 0 0 8.37943 0 0 0 0 0 0 0 0 
0 0 0 256.234 254.655 189.654 96.0482 67.0354 0 0 0 0 0 0 0 0 0 
0 0 0 207.883 738.961 684.644 697.753 616.68 774.987 0 0 0 0 0 0 0 0 
0 0 0 0 574.231 1676.91 1824.78 1935.38 1594.87 0 0 0 0 0 0 0 0 
0 0 0 0 228.183 1241.73 2950.1 3671.51 4365.25 0 0 0 0 0 0 0 0 
0 0 0 0 0 446.957 1546.78 3133.57 3251.87 0 0 0 0 0 0 0 0 
0 0 0 0 0 128.102 770.674 1381.23 2099.42 0 0 0 0 0 0 0 0 
0 0 0 0 0 0 67.1424 519.814 582.158 0 0 0 0 0 0 0 0 
0 0 0 0 0 0 54.7182 99.1428 126.024 0 0 0 0 0 0 0 0 
0 0 0 0 0 0 0 0 65.0909 0 0 0 0 0 0 0 0 
0 0 0 0 0 0 0 15.6338 0 0 0 0 0 0 0 0 0 
0 0 0 0 0 0 0 0 0 0 0 0 0 0 0 0 0 
0 0 0 0 0 0 0 0 1.95422 0 0 0 0 0 0 0 0 
