1 0 0 0 0 0 0 0 0 0 0 0 0 0 0 0 1 
0 0 0 0 0 0 0 0 0 0 0 0 0 0 0 0 0 
0 16 0 0 0 0 0 0 0 0 0 0 0 0 0 0 0 
0 0 32 0 0 0 0 0 0 0 0 0 0 0 0 0 0 
0 0 88 94.5348 23.6337 0 0 0 7.68238 0 0 0 0 0 0 0 0 
0 0 0 258.93 253.48 190.008 94.0248 61.459 0 0 0 0 0 0 0 0 0 
0 0 0 206.535 738.399 685.878 696.569 626.073 754.152 0 0 0 0 0 0 0 0 
0 0 0 0 580.225 1669.2 1832.18 1920.19 1651.89 0 0 0 0 0 0 0 0 
0 0 0 0 224.261 1251.51 2945.93 3697.33 4318.16 0 0 0 0 0 0 0 0 
0 0 0 0 0 443.841 1547.44 3110.46 3262.84 0 0 0 0 0 0 0 0 
0 0 0 0 0 127.567 771.727 1396.05 2091.8 0 0 0 0 0 0 0 0 
0 0 0 0 0 0 63.9933 515.706 595.23 0 0 0 0 0 0 0 0 
0 0 0 0 0 0 56.1294 96.7052 124.452 0 0 0 0 0 0 0 0 
0 0 0 0 0 0 0 0 61.7887 0 0 0 0 0 0 0 0 
0 0 0 0 0 0 0 16.037 0 0 0 0 0 0 0 0 0 
0 0 0 0 0 0 0 0 0 0 0 0 0 0 0 0 0 
0 0 0 0 0 0 0 0 2.00462 0 0 0 0 0 0 0 0 
