1 0 0 0 0 0 0 0 0 0 0 0 0 0 0 0 1 
0 0 0 0 0 0 0 0 0 0 0 0 0 0 0 0 0 
0 16 0 0 0 0 0 0 0 0 0 0 0 0 0 0 0 
0 0 32 0 0 0 0 0 0 0 0 0 0 0 0 0 0 
0 0 88 95.0347 23.7587 0 0 0 8.27706 0 0 0 0 0 0 0 0 
0 0 0 257.931 251.855 191.501 95.6456 66.2165 0 0 0 0 0 0 0 0 0 
0 0 0 207.035 740.853 687.961 710.335 622.02 768.151 0 0 0 0 0 0 0 0 
0 0 0 0 579.694 1659.23 1810.85 1904.34 1610.29 0 0 0 0 0 0 0 0 
0 0 0 0 223.839 1260.02 2931.74 3711.55 4332.43 0 0 0 0 0 0 0 0 
0 0 0 0 0 440.929 1575.43 3110.66 3288.9 0 0 0 0 0 0 0 0 
0 0 0 0 0 128.361 764.873 1407.42 2087.46 0 0 0 0 0 0 0 0 
0 0 0 0 0 0 63.2158 505.566 589.87 0 0 0 0 0 0 0 0 
0 0 0 0 0 0 55.9097 96.2462 118.856 0 0 0 0 0 0 0 0 
0 0 0 0 0 0 0 0 63.7727 0 0 0 0 0 0 0 0 
0 0 0 0 0 0 0 15.9742 0 0 0 0 0 0 0 0 0 
0 0 0 0 0 0 0 0 0 0 0 0 0 0 0 0 0 
0 0 0 0 0 0 0 0 1.99677 0 0 0 0 0 0 0 0 
