1 0 0 0 0 0 0 0 0 0 0 0 0 0 0 0 1 
0 0 0 0 0 0 0 0 0 0 0 0 0 0 0 0 0 
0 16 0 0 0 0 0 0 0 0 0 0 0 0 0 0 0 
0 0 32 0 0 0 0 0 0 0 0 0 0 0 0 0 0 
0 0 88 95.6484 23.9121 0 0 0 7.57575 0 0 0 0 0 0 0 0 
0 0 0 256.703 256.545 191.839 95.1571 60.606 0 0 0 0 0 0 0 0 0 
0 0 0 207.648 731.935 686.637 713.195 628.19 786.068 0 0 0 0 0 0 0 0 
0 0 0 0 582.845 1664.19 1828.92 1917.68 1572.8 0 0 0 0 0 0 0 0 
0 0 0 0 224.762 1249.51 2895.55 3692.47 4376.08 0 0 0 0 0 0 0 0 
0 0 0 0 0 450.651 1583.57 3125.4 3239.33 0 0 0 0 0 0 0 0 
0 0 0 0 0 125.167 771.884 1383.49 2124.91 0 0 0 0 0 0 0 0 
0 0 0 0 0 0 65.4578 520.154 576.367 0 0 0 0 0 0 0 0 
0 0 0 0 0 0 54.2682 96.4992 119.18 0 0 0 0 0 0 0 0 
0 0 0 0 0 0 0 0 65.7497 0 0 0 0 0 0 0 0 
0 0 0 0 0 0 0 15.5052 0 0 0 0 0 0 0 0 0 
0 0 0 0 0 0 0 0 0 0 0 0 0 0 0 0 0 
0 0 0 0 0 0 0 0 1.93815 0 0 0 0 0 0 0 0 
