1 0 0 0 0 0 0 0 0 0 0 0 0 0 0 0 1 
0 0 0 0 0 0 0 0 0 0 0 0 0 0 0 0 0 
0 16 0 0 0 0 0 0 0 0 0 0 0 0 0 0 0 
0 0 32 0 0 0 0 0 0 0 0 0 0 0 0 0 0 
0 0 88 94.9483 23.7371 0 0 0 8.11268 0 0 0 0 0 0 0 0 
0 0 0 258.103 252.712 188.891 94.5873 64.9014 0 0 0 0 0 0 0 0 0 
0 0 0 206.948 742.109 688.158 702.819 627.545 775.552 0 0 0 0 0 0 0 0 
0 0 0 0 574.698 1668.47 1837.67 1901.29 1582.17 0 0 0 0 0 0 0 0 
0 0 0 0 226.744 1245.84 2916.74 3706.92 4353.86 0 0 0 0 0 0 0 0 
0 0 0 0 0 453.822 1557.02 3124.58 3290.41 0 0 0 0 0 0 0 0 
0 0 0 0 0 122.818 781.713 1385.42 2100.69 0 0 0 0 0 0 0 0 
0 0 0 0 0 0 63.1505 516.744 570.808 0 0 0 0 0 0 0 0 
0 0 0 0 0 0 54.2925 97.0889 122.335 0 0 0 0 0 0 0 0 
0 0 0 0 0 0 0 0 64.131 0 0 0 0 0 0 0 0 
0 0 0 0 0 0 0 15.5121 0 0 0 0 0 0 0 0 0 
0 0 0 0 0 0 0 0 0 0 0 0 0 0 0 0 0 
0 0 0 0 0 0 0 0 1.93902 0 0 0 0 0 0 0 0 
