1 0 0 0 0 0 0 0 0 0 0 0 0 0 0 0 0 
0 0 0 0 0 0 0 0 0 0 0 0 0 0 0 0 0 
0 16 0 0 0 0 0 0 0 0 0 0 0 0 0 0 0 
0 0 32 0 0 0 0 0 0 0 0 0 0 0 0 0 0 
0 0 88 98.6133 24.6533 0 0 0 6.12434 0 0 0 0 0 0 0 0 
0 0 0 250.773 263.097 192.775 91.3897 48.9947 0 0 0 0 0 0 0 0 0 
0 0 0 210.613 738.79 678.286 728.107 672.596 742.366 0 0 0 0 0 0 0 0 
0 0 0 0 546.516 1703.52 1815.27 1908.27 1632.94 0 0 0 0 0 0 0 0 
0 0 0 0 246.944 1214.19 2932.89 3664.06 4376.44 0 0 0 0 0 0 0 0 
0 0 0 0 0 432.055 1533.77 3103.98 3259.24 0 0 0 0 0 0 0 0 
0 0 0 0 0 147.179 776.274 1401.99 2101.55 0 0 0 0 0 0 0 0 
0 0 0 0 0 0 61.8639 531.033 536.606 0 0 0 0 0 0 0 0 
0 0 0 0 0 0 68.4381 89.5147 146.93 0 0 0 0 0 0 0 0 
0 0 0 0 0 0 0 0 65.3451 0 0 0 0 0 0 0 0 
0 0 0 0 0 0 0 19.5537 0 0 0 0 0 0 0 0 0 
0 0 0 0 0 0 0 0 0 0 0 0 0 0 0 0 0 
0 0 0 0 0 0 0 0 2.44422 0 0 0 0 0 0 0 0 
