0.0908 1.0 0 1.00000000000006 -7.06350824570846e-09
0.1816 1.0 -0.0 1.00000000000006 8.8250761879032e-10
0.2724 1.0 -0.0 0.999999999999652 -3.83032820655521e-13
0.3632 1.0 -1.52839072773287e-16 0.999999999456605 1.31714046648494e-07
0.454 1.0 3.82097681933217e-16 0.9999999554833 6.91208096966928e-06
0.5448 1.0 -2.2925860915993e-16 0.999999158892376 9.07126823518261e-05
0.6356 1.0 -0.0 0.999993113581523 0.00054597844103607
0.7264 1.0 -0.0 0.999966490409618 0.00203629559468932
0.8172 1.0 -3.43887913739896e-16 0.999884462816053 0.00555663963754518
0.908 1.0 7.64195363866435e-16 0.999686332232229 0.0122468152908047
0.9988 1.0 -4.20307450126539e-16 0.999282953803086 0.0232018137810628
1.0896 1.0 -0.0 0.998556711332822 0.0393676723955006
1.1804 1.0 -0.0 0.997361756600628 0.0615297028405773
1.2712 1.0 -0.0 0.995522388568021 0.0903646938527783
1.362 1.0 -0.0 0.992827741358241 0.126530329059386
1.4528 1.0 -6.11356291093147e-16 0.989020656503084 0.17078158596347
1.5436 1.0 1.29913211857294e-15 0.983777100882474 0.224125727231069
1.6344 1.0 -6.8777582747979e-16 0.976668819853706 0.288051100438842
1.7252 1.0 -7.25985595673115e-16 0.967095460473589 0.364865178078573
1.816 1.0 7.64195363866433e-16 0.954166872507413 0.45805025972642
1.9068 1.0 0.0173788379382304 0.936529924737067 0.572070349600205
1.9976 0.96875 0.00413134928643932 0.912209371074771 0.710143010443966
2.0884 0.96875 0.00909370100174221 0.87870458981011 0.86812726189423
2.1792 0.9375 0.00929072782853869 0.833738938494626 1.0259689306972
2.27 0.9375 0.015788332163173 0.776774559297838 1.14636410755536
2.3608 0.90625 0.0143257200527217 0.710404482071533 1.19185469772933
2.4516 0.84375 0.0200132068504446 0.640075862189356 1.15098752738289
2.5424 0.8125 0.0225747552497779 0.571908123201959 1.04539939745135
2.6332 0.71875 0.0296693186441966 0.510384027592166 0.911238779775019
2.724 0.59375 0.036788636778702 0.457519276150672 0.777951003655929
2.8148 0.375 0.0389428681815963 0.413381974435955 0.660853256628242
2.9056 0.0 0.00818995194570123 0.377008352041368 0.564229113134115
2.9964 0.0 0.00407492704663836 0.347103535127359 0.486687427300364
3.0872 0.0 0.00384502503499728 0.322414323539269 0.424900949912604
3.178 0.0 0.00362831469408308 0.301872206663392 0.375430686025427
3.2688 0.0 0.00342491312779866 0.284618391597924 0.335377115998413
3.3596 0.0 0.00323460632566289 0.269981364205897 0.302491283337511
3.4504 0.0 0.00305695342244473 0.257441664672959 0.275091552725857
3.5412 0.0 0.00289136733924644 0.246598010747111 0.251937353600484
3.632 0.0 0.00273717533216428 0.237139188730179 0.232114221285847
3.7228 0.0 0.00259366321216454 0.228822166053304 0.214943680861476
3.8136 0.0 0.00246010673260603 0.221455542897691 0.19991694680402
3.9044 0.0 0.00233579315636155 0.214887196839652 0.186647518074089
3.9952 0.0 0.00222003547297469 0.208995088998285 0.174837659943795
4.086 0.0 0.00211218122295339 0.203680409458149 0.164254739515414
4.1768 0.0 0.00201161744222028 0.198862441005635 0.154714446726381
4.2676 0.0 0.00191777287147947 0.194474684117348 0.146068804685277
4.3584 0.0 0.00183011828434047 0.190461910608446 0.138197517034516
4.4492 0.0 0.00174816555943662 0.186777904772657 0.131001653442777
4.54 0.0 0 0.183383716937721 0.124398986506219
