1 0 0 0 0 0 0 0 0 0 0 0 0 0 0 0 0 0 0 0 0 0 0 0 0 0 0 0 0 0 0 0 0 0 0 0 0 0 0 0 0 0 0 0 0 0 0 0 0 0 0 0 0 0 0 0 0 0 0 0 0 0 0 0 1 
0 0 0 0 0 0 0 0 0 0 0 0 0 0 0 0 0 0 0 0 0 0 0 0 0 0 0 0 0 0 0 0 0 0 0 0 0 0 0 0 0 0 0 0 0 0 0 0 0 0 0 0 0 0 0 0 0 0 0 0 0 0 0 0 0 
0 64 0 0 0 0 0 0 0 0 0 0 0 0 0 0 0 0 0 0 0 0 0 0 0 0 0 0 0 0 0 0 0 0 0 0 0 0 0 0 0 0 0 0 0 0 0 0 0 0 0 0 0 0 0 0 0 0 0 0 0 0 0 64 0 
0 0 130.865 0 0 0 0 0 0 0 0 0 0 0 0 0 0 0 0 0 0 0 0 0 0 0 0 0 0 0 0 0 0 0 0 0 0 0 0 0 0 0 0 0 0 0 0 0 0 0 0 0 0 0 0 0 0 0 0 0 0 0 127.79 0 0 
0 0 1885.13 390.564 64.8224 0 0 0 0 0 0 0 0 0 0 0 0 0 0 0 0 0 0 0 0 0 0 0 0 0 0 0 0 0 0 0 0 0 0 0 0 0 0 0 0 0 0 0 0 0 0 0 0 0 0 0 0 0 0 0 63.0696 355.51 1888.21 0 0 
0 0 0 7009.44 1166.39 511.903 128.09 0 0 0 0 0 0 0 0 0 0 0 0 0 0 0 0 0 0 0 0 0 0 0 0 0 0 0 0 0 0 0 0 0 0 0 0 0 0 0 0 0 0 0 0 0 0 0 0 0 0 0 123.783 499.638 1107.53 6777.84 0 0 0 
0 0 0 34264 28153.1 6882.5 2600.75 1409.44 377.864 63.8392 0 0 0 0 0 0 0 0 0 0 0 0 0 0 0 0 0 0 0 0 0 0 0 0 0 0 0 0 0 0 0 0 0 0 0 0 0 0 0 0 0 0 0 0 0 60.2923 377.428 1387.29 2552.67 6819.74 26565.7 34530.7 0 0 0 
0 0 0 0 181030 100393 43380.4 16900.5 8431.88 4441.05 1845.84 504.008 122.959 0 0 0 0 0 0 0 0 0 0 0 0 0 0 0 0 0 0 0 0 0 0 0 0 0 0 0 0 0 0 0 0 0 0 0 0 0 0 0 127.751 492.682 1796.57 4580.12 8488.45 16682.3 42227.8 93762.3 179793 0 0 0 0 
0 0 0 0 424961 833406 414816 225416 120779 58354.9 33529.9 19345.3 9540.95 4203.25 1394.33 381.945 74.5774 0 0 0 0 0 0 0 16.931 0 0 0 0 0 0 0 15.3757 0 0 0 0 0 0 0 16.2018 0 0 0 0 0 0 0 77.9311 373.556 1392.12 4341.57 9517.94 19255.1 32077.1 57426.4 117044 214587 411194 823592 427847 0 0 0 0 
0 0 0 0 0 2.84067e+06 3.32191e+06 1.98362e+06 1.14258e+06 707424 421850 247679 149901 92695.3 55544.6 29813.9 14095.5 6038.94 2137.69 784.098 393.892 259.36 268.424 262.303 0 270.451 261.33 264.715 261.334 255.222 261.129 256.136 0 250.015 249.555 256.033 260.029 257.802 255.72 255.488 0 253.537 262.088 264.527 376.526 766.663 2138.76 5738.22 13938.7 29176 53833.2 90148.1 151706 246975 415995 709227 1.12062e+06 1.98e+06 3.32542e+06 2.83693e+06 0 0 0 0 0 
0 0 0 0 0 3.84265e+06 1.46619e+07 1.34093e+07 9.34569e+06 6.04905e+06 4.05706e+06 2.674e+06 1.78667e+06 1.16274e+06 766500 500812 324599 203799 118646 68374.2 36946 22144.2 13984.3 11003 12012.9 9588.13 9432.11 9409.01 9496.07 9321.78 9361.36 9458.54 11364 9732.13 9633.18 9096.83 9532.94 9276.71 9261.79 9586.25 11752.7 11153.2 14016.9 21585.7 37076.6 67034.6 116983 196700 318787 484350 753110 1.14603e+06 1.75063e+06 2.63212e+06 3.95855e+06 5.94119e+06 9.40294e+06 1.32742e+07 1.45778e+07 3.86291e+06 0 0 0 0 0 
0 0 0 0 0 0 3.00067e+07 6.34162e+07 5.71838e+07 4.28306e+07 3.08573e+07 2.18314e+07 1.56145e+07 1.11975e+07 7.90057e+06 5.77909e+06 4.06579e+06 2.91959e+06 2.05308e+06 1.45574e+06 1.02401e+06 724616 508240 379415 286468 249449 235220 227963 223443 224643 221558 214132 205644 216170 215914 220312 217237 221023 230669 246265 282298 376672 506209 725755 1.04268e+06 1.47747e+06 2.06759e+06 2.9084e+06 4.06255e+06 5.72176e+06 7.90854e+06 1.11385e+07 1.54723e+07 2.19114e+07 3.11188e+07 4.27411e+07 5.60951e+07 6.34574e+07 3.02976e+07 0 0 0 0 0 0 
0 0 0 0 0 0 2.65229e+07 1.69028e+08 2.61084e+08 2.42249e+08 1.95158e+08 1.50237e+08 1.16697e+08 8.91923e+07 6.80488e+07 5.14763e+07 3.97499e+07 3.0554e+07 2.32381e+07 1.78431e+07 1.37136e+07 1.06936e+07 8.35696e+06 6.6365e+06 5.40657e+06 4.59142e+06 4.04825e+06 3.73571e+06 3.49732e+06 3.33421e+06 3.25458e+06 3.17075e+06 3.24659e+06 3.22116e+06 3.21896e+06 3.27058e+06 3.4291e+06 3.61756e+06 4.05435e+06 4.70425e+06 5.49751e+06 6.54554e+06 8.31925e+06 1.06665e+07 1.37898e+07 1.79059e+07 2.30684e+07 3.0397e+07 3.95615e+07 5.12315e+07 6.65131e+07 8.96848e+07 1.1754e+08 1.56059e+08 1.96078e+08 2.43731e+08 2.61735e+08 1.71077e+08 2.63174e+07 0 0 0 0 0 0 
0 0 0 0 0 0 0 2.33351e+08 7.85265e+08 1.06183e+09 1.03195e+09 8.85692e+08 7.28655e+08 5.98295e+08 4.73673e+08 3.87012e+08 3.17251e+08 2.52567e+08 2.05928e+08 1.67035e+08 1.34907e+08 1.1203e+08 9.37419e+07 7.7313e+07 6.59268e+07 5.67291e+07 4.96621e+07 4.59113e+07 4.23229e+07 4.01716e+07 3.87416e+07 3.80102e+07 3.66189e+07 3.74716e+07 3.87173e+07 4.02373e+07 4.25138e+07 4.53383e+07 4.95582e+07 5.60837e+07 6.38976e+07 7.59606e+07 9.055e+07 1.11584e+08 1.35571e+08 1.6369e+08 2.05754e+08 2.54476e+08 3.18113e+08 3.86962e+08 4.82e+08 6.05282e+08 7.4033e+08 8.99386e+08 1.03652e+09 1.06278e+09 7.95871e+08 2.32348e+08 0 0 0 0 0 0 0 
0 0 0 0 0 0 0 1.39783e+08 1.40044e+09 3.29813e+09 4.25075e+09 4.31308e+09 3.92737e+09 3.42023e+09 2.92565e+09 2.48292e+09 2.06332e+09 1.75533e+09 1.49935e+09 1.26994e+09 1.07137e+09 9.24331e+08 7.82344e+08 6.8512e+08 6.02857e+08 5.31246e+08 4.86079e+08 4.42217e+08 4.09894e+08 3.89569e+08 3.7561e+08 3.65171e+08 3.60874e+08 3.66369e+08 3.76843e+08 3.95626e+08 4.17035e+08 4.34372e+08 4.73869e+08 5.28313e+08 5.91135e+08 6.73752e+08 7.87562e+08 9.08182e+08 1.08176e+09 1.28006e+09 1.50965e+09 1.79821e+09 2.1153e+09 2.49327e+09 2.9886e+09 3.52788e+09 4.01111e+09 4.36389e+09 4.28553e+09 3.32008e+09 1.38396e+09 1.38847e+08 0 0 0 0 0 0 0 
0 0 0 0 0 0 0 0 1.32618e+09 6.75762e+09 1.31371e+10 1.68799e+10 1.76104e+10 1.72019e+10 1.55169e+10 1.37942e+10 1.21174e+10 1.06848e+10 9.45942e+09 8.36613e+09 7.33437e+09 6.41829e+09 5.72007e+09 5.15979e+09 4.63624e+09 4.22616e+09 3.84841e+09 3.59163e+09 3.32636e+09 3.13246e+09 3.03468e+09 2.98822e+09 3.00391e+09 3.02823e+09 3.10001e+09 3.23901e+09 3.33199e+09 3.5422e+09 3.86175e+09 4.10496e+09 4.58454e+09 5.11414e+09 5.66211e+09 6.34795e+09 7.34379e+09 8.3027e+09 9.49537e+09 1.08794e+10 1.22564e+10 1.40441e+10 1.57338e+10 1.71683e+10 1.771e+10 1.69327e+10 1.32365e+10 6.73033e+09 1.33257e+09 0 0 0 0 0 0 0 0 
0 0 0 0 0 0 0 0 5.85397e+08 8.32179e+09 2.88076e+10 5.03872e+10 6.50482e+10 7.03638e+10 7.11388e+10 6.85208e+10 6.2591e+10 5.76288e+10 5.18997e+10 4.80901e+10 4.35209e+10 3.90811e+10 3.54284e+10 3.25721e+10 3.02242e+10 2.81784e+10 2.6106e+10 2.45608e+10 2.317e+10 2.19767e+10 2.13695e+10 2.11489e+10 2.11189e+10 2.14435e+10 2.20427e+10 2.23453e+10 2.31096e+10 2.46216e+10 2.57817e+10 2.76414e+10 2.97607e+10 3.24018e+10 3.58797e+10 3.95218e+10 4.32865e+10 4.83464e+10 5.30418e+10 5.73003e+10 6.32321e+10 6.79602e+10 7.12551e+10 7.07858e+10 6.47598e+10 5.08029e+10 2.8579e+10 8.26835e+09 5.85283e+08 0 0 0 0 0 0 0 0 
0 0 0 0 0 0 0 0 0 5.87677e+09 4.11166e+10 1.13146e+11 1.85424e+11 2.39952e+11 2.72474e+11 2.85497e+11 2.83487e+11 2.7273e+11 2.61222e+11 2.44036e+11 2.28591e+11 2.11955e+11 1.95785e+11 1.82712e+11 1.73274e+11 1.64099e+11 1.56355e+11 1.50533e+11 1.44069e+11 1.3539e+11 1.33187e+11 1.31236e+11 1.32726e+11 1.31582e+11 1.3599e+11 1.40726e+11 1.42745e+11 1.48691e+11 1.55902e+11 1.65384e+11 1.75657e+11 1.87384e+11 2.00304e+11 2.14682e+11 2.31007e+11 2.44409e+11 2.56771e+11 2.74686e+11 2.80316e+11 2.80957e+11 2.72816e+11 2.40307e+11 1.85729e+11 1.12133e+11 4.11047e+10 5.90516e+09 0 0 0 0 0 0 0 0 0 
0 0 0 0 0 0 0 0 0 1.93255e+09 3.74474e+10 1.76272e+11 4.16141e+11 6.67013e+11 8.76811e+11 1.02106e+12 1.09254e+12 1.12424e+12 1.11158e+12 1.09611e+12 1.07436e+12 1.02576e+12 9.83128e+11 9.39143e+11 9.00428e+11 8.68496e+11 8.29898e+11 8.01955e+11 7.78832e+11 7.63791e+11 7.5391e+11 7.45978e+11 7.41691e+11 7.51378e+11 7.57807e+11 7.72182e+11 7.87615e+11 8.01049e+11 8.32356e+11 8.69306e+11 9.18651e+11 9.5959e+11 9.98985e+11 1.02333e+12 1.06763e+12 1.10034e+12 1.12053e+12 1.12603e+12 1.07918e+12 1.0071e+12 8.7278e+11 6.6507e+11 4.10157e+11 1.7423e+11 3.7452e+10 1.9607e+09 0 0 0 0 0 0 0 0 0 
0 0 0 0 0 0 0 0 0 0 2.02625e+10 1.85859e+11 6.72708e+11 1.4566e+12 2.29453e+12 3.06765e+12 3.69448e+12 4.03196e+12 4.27538e+12 4.35571e+12 4.39316e+12 4.45012e+12 4.40688e+12 4.31573e+12 4.19619e+12 4.0522e+12 4.00223e+12 3.90006e+12 3.81086e+12 3.77238e+12 3.74558e+12 3.69088e+12 3.69534e+12 3.71708e+12 3.76769e+12 3.76371e+12 3.85272e+12 3.92082e+12 4.0038e+12 4.07758e+12 4.21243e+12 4.32757e+12 4.38773e+12 4.47292e+12 4.48625e+12 4.44109e+12 4.34149e+12 4.07522e+12 3.65856e+12 3.06847e+12 2.27952e+12 1.43983e+12 6.74267e+11 1.85974e+11 2.02931e+10 0 0 0 0 0 0 0 0 0 0 
0 0 0 0 0 0 0 0 0 0 5.18885e+09 1.29227e+11 7.87508e+11 2.39831e+12 4.85196e+12 7.66549e+12 1.02413e+13 1.26107e+13 1.43122e+13 1.56408e+13 1.65819e+13 1.70195e+13 1.73566e+13 1.76149e+13 1.75688e+13 1.74772e+13 1.72291e+13 1.71696e+13 1.69759e+13 1.68122e+13 1.67009e+13 1.66469e+13 1.65697e+13 1.67664e+13 1.6836e+13 1.69902e+13 1.70114e+13 1.70417e+13 1.73483e+13 1.74565e+13 1.7787e+13 1.78635e+13 1.76726e+13 1.71373e+13 1.65584e+13 1.56738e+13 1.42763e+13 1.25965e+13 1.03538e+13 7.65083e+12 4.87325e+12 2.39067e+12 7.82151e+11 1.30642e+11 5.25426e+09 0 0 0 0 0 0 0 0 0 0 
0 0 0 0 0 0 0 0 0 0 0 5.4934e+10 6.42304e+11 2.92478e+12 7.97576e+12 1.54887e+13 2.41753e+13 3.31467e+13 4.11152e+13 4.7927e+13 5.33631e+13 5.78458e+13 6.1229e+13 6.38767e+13 6.59617e+13 6.66494e+13 6.73351e+13 6.83812e+13 6.84048e+13 6.8315e+13 6.79363e+13 6.76269e+13 6.80692e+13 6.75379e+13 6.76527e+13 6.80997e+13 6.75026e+13 6.78728e+13 6.73174e+13 6.6891e+13 6.51606e+13 6.34014e+13 6.15857e+13 5.84267e+13 5.40178e+13 4.86055e+13 4.14576e+13 3.32934e+13 2.43262e+13 1.53833e+13 7.98294e+12 2.95064e+12 6.4647e+11 5.57671e+10 0 0 0 0 0 0 0 0 0 0 0 
0 0 0 0 0 0 0 0 0 0 0 1.15171e+10 3.51572e+11 2.64805e+12 9.9621e+12 2.50553e+13 4.70407e+13 7.43005e+13 1.02735e+14 1.29291e+14 1.55428e+14 1.76188e+14 1.94556e+14 2.08014e+14 2.20812e+14 2.31768e+14 2.37887e+14 2.43266e+14 2.47575e+14 2.47613e+14 2.50335e+14 2.51414e+14 2.51426e+14 2.52312e+14 2.51199e+14 2.48798e+14 2.46034e+14 2.42932e+14 2.3623e+14 2.31211e+14 2.22497e+14 2.09615e+14 1.93182e+14 1.74891e+14 1.54711e+14 1.29629e+14 1.02527e+14 7.36474e+13 4.70772e+13 2.51459e+13 1.00356e+13 2.65727e+12 3.55704e+11 1.16707e+10 0 0 0 0 0 0 0 0 0 0 0 
0 0 0 0 0 0 0 0 0 0 0 0 1.20726e+11 1.70767e+12 9.66459e+12 3.147e+13 7.41478e+13 1.35782e+14 2.13068e+14 2.98891e+14 3.83655e+14 4.66465e+14 5.42093e+14 6.06406e+14 6.60653e+14 7.17238e+14 7.51863e+14 7.90828e+14 8.06064e+14 8.19895e+14 8.34571e+14 8.4028e+14 8.3591e+14 8.40982e+14 8.39345e+14 8.22339e+14 8.03276e+14 7.76751e+14 7.45929e+14 7.06518e+14 6.60171e+14 6.04203e+14 5.35342e+14 4.61621e+14 3.82324e+14 2.98523e+14 2.1407e+14 1.36621e+14 7.35885e+13 3.14137e+13 9.52624e+12 1.69917e+12 1.21464e+11 0 0 0 0 0 0 0 0 0 0 0 0 
0 0 0 0 0 0 0 0 0 0 0 0 2.03836e+10 7.58551e+11 6.73319e+12 3.10583e+13 9.25125e+13 2.05075e+14 3.72948e+14 5.79787e+14 8.21296e+14 1.07193e+15 1.31886e+15 1.55434e+15 1.77416e+15 1.95487e+15 2.1213e+15 2.25561e+15 2.36255e+15 2.45119e+15 2.51763e+15 2.53706e+15 2.54335e+15 2.52184e+15 2.5103e+15 2.44836e+15 2.35549e+15 2.24274e+15 2.11438e+15 1.94443e+15 1.76138e+15 1.55165e+15 1.31644e+15 1.06183e+15 8.22841e+14 5.85667e+14 3.7079e+14 2.05932e+14 9.20517e+13 3.09824e+13 6.78911e+12 7.58596e+11 2.09153e+10 0 0 0 0 0 0 0 0 0 0 0 0 
0 0 0 0 0 0 0 0 0 0 0 0 0 2.13995e+11 3.52618e+12 2.32496e+13 9.2149e+13 2.51593e+14 5.42372e+14 9.64007e+14 1.50202e+15 2.1271e+15 2.80633e+15 3.48489e+15 4.19001e+15 4.7355e+15 5.31849e+15 5.83679e+15 6.2519e+15 6.56264e+15 6.76979e+15 6.89792e+15 6.92325e+15 6.8982e+15 6.70367e+15 6.47264e+15 6.22305e+15 5.81358e+15 5.31028e+15 4.78556e+15 4.20039e+15 3.50877e+15 2.81825e+15 2.14378e+15 1.50689e+15 9.63144e+14 5.43014e+14 2.50446e+14 9.13619e+13 2.34017e+13 3.51147e+12 2.1306e+11 0 0 0 0 0 0 0 0 0 0 0 0 0 
0 0 0 0 0 0 0 0 0 0 0 0 0 3.02575e+10 1.27293e+12 1.33489e+13 7.05927e+13 2.47598e+14 6.3722e+14 1.3253e+15 2.32333e+15 3.65422e+15 5.15731e+15 6.88205e+15 8.64073e+15 1.04209e+16 1.19721e+16 1.33811e+16 1.46224e+16 1.55365e+16 1.62488e+16 1.66394e+16 1.68387e+16 1.66208e+16 1.60727e+16 1.53612e+16 1.44327e+16 1.32301e+16 1.19113e+16 1.02555e+16 8.59565e+15 6.89272e+15 5.2013e+15 3.64358e+15 2.33941e+15 1.32291e+15 6.35468e+14 2.49675e+14 7.11136e+13 1.33592e+13 1.28182e+12 3.00665e+10 0 0 0 0 0 0 0 0 0 0 0 0 0 
0 0 0 0 0 0 0 0 0 0 0 0 0 0 2.98798e+11 5.63289e+12 4.31709e+13 1.97472e+14 6.18766e+14 1.51748e+15 3.03662e+15 5.25628e+15 8.17759e+15 1.16531e+16 1.55989e+16 1.96182e+16 2.33644e+16 2.71775e+16 3.0239e+16 3.28171e+16 3.47448e+16 3.59615e+16 3.62078e+16 3.60812e+16 3.47542e+16 3.25757e+16 2.99964e+16 2.72663e+16 2.34247e+16 1.94668e+16 1.55412e+16 1.16623e+16 8.2187e+15 5.31475e+15 3.02046e+15 1.51055e+15 6.18922e+14 1.94925e+14 4.37864e+13 5.64051e+12 3.033e+11 0 0 0 0 0 0 0 0 0 0 0 0 0 0 
0 0 0 0 0 0 0 0 0 0 0 0 0 0 3.62577e+10 1.71205e+12 2.00335e+13 1.2237e+14 4.86706e+14 1.42052e+15 3.31064e+15 6.47383e+15 1.109e+16 1.70663e+16 2.40497e+16 3.21546e+16 4.07557e+16 4.85883e+16 5.54291e+16 6.12375e+16 6.62678e+16 6.89958e+16 6.94884e+16 6.83313e+16 6.59368e+16 6.12414e+16 5.54105e+16 4.8141e+16 4.03213e+16 3.20112e+16 2.42336e+16 1.7086e+16 1.11336e+16 6.47036e+15 3.31692e+15 1.42011e+15 4.88623e+14 1.22113e+14 2.03219e+13 1.71876e+12 3.62738e+10 0 0 0 0 0 0 0 0 0 0 0 0 0 0 
0 0 0 0 0 0 0 0 0 0 0 0 0 0 0 3.42274e+11 7.12879e+12 6.09661e+13 3.10177e+14 1.10049e+15 3.02003e+15 6.70343e+15 1.28048e+16 2.15574e+16 3.283e+16 4.60832e+16 6.036e+16 7.51861e+16 8.92171e+16 1.01275e+17 1.10008e+17 1.15742e+17 1.17327e+17 1.156e+17 1.09872e+17 1.01212e+17 8.9217e+16 7.50634e+16 6.04557e+16 4.59814e+16 3.28471e+16 2.16654e+16 1.27893e+16 6.70823e+15 3.00951e+15 1.10206e+15 3.09178e+14 6.13266e+13 7.24346e+12 3.45151e+11 0 0 0 0 0 0 0 0 0 0 0 0 0 0 0 
0 0 0 0 0 0 0 0 0 0 0 0 0 0 0 3.60446e+10 1.83878e+12 2.39257e+13 1.60901e+14 7.09893e+14 2.29069e+15 5.84273e+15 1.24498e+16 2.29068e+16 3.78298e+16 5.70721e+16 7.8971e+16 1.02733e+17 1.24573e+17 1.44876e+17 1.61442e+17 1.71299e+17 1.75348e+17 1.71709e+17 1.62442e+17 1.4578e+17 1.25293e+17 1.02381e+17 7.92519e+16 5.70905e+16 3.8008e+16 2.2964e+16 1.24845e+16 5.8291e+15 2.28365e+15 7.07733e+14 1.60924e+14 2.41341e+13 1.85633e+12 3.59856e+10 0 0 0 0 0 0 0 0 0 0 0 0 0 0 0 
0 0 0 0 0 0 0 0 0 0 0 0 0 0 0 0 3.18796e+11 7.16596e+12 6.63203e+13 3.67104e+14 1.43707e+15 4.29346e+15 1.03415e+16 2.11633e+16 3.7688e+16 6.06344e+16 8.92077e+16 1.20916e+17 1.5336e+17 1.82782e+17 2.07799e+17 2.2315e+17 2.28739e+17 2.23838e+17 2.08189e+17 1.84365e+17 1.54818e+17 1.21918e+17 8.91516e+16 6.10597e+16 3.78668e+16 2.10463e+16 1.02374e+16 4.26479e+15 1.44336e+15 3.70889e+14 6.72965e+13 7.23522e+12 3.20013e+11 0 0 0 0 0 0 0 0 0 0 0 0 0 0 0 0 
0 0 0 0 0 0 0 0 0 0 0 0 0 0 0 0 2.91049e+10 1.6017e+12 2.22362e+13 1.60337e+14 7.56717e+14 2.64331e+15 7.26033e+15 1.66725e+16 3.26357e+16 5.59264e+16 8.73995e+16 1.24126e+17 1.64891e+17 2.02127e+17 2.30586e+17 2.53298e+17 2.60894e+17 2.53804e+17 2.33058e+17 2.01721e+17 1.6416e+17 1.25336e+17 8.8078e+16 5.63436e+16 3.23492e+16 1.66038e+16 7.2407e+15 2.63839e+15 7.57563e+14 1.60626e+14 2.23818e+13 1.6161e+12 2.98423e+10 0 0 0 0 0 0 0 0 0 0 0 0 0 0 0 0 
0 0 0 0 0 0 0 0 0 0 0 0 0 0 0 0 0 2.43479e+11 5.80022e+12 5.6609e+13 3.34942e+14 1.38141e+15 4.37561e+15 1.11654e+16 2.40629e+16 4.48094e+16 7.41275e+16 1.11907e+17 1.53026e+17 1.9447e+17 2.2913e+17 2.51841e+17 2.60484e+17 2.51337e+17 2.28759e+17 1.94432e+17 1.53234e+17 1.11629e+17 7.45492e+16 4.4802e+16 2.39483e+16 1.11274e+16 4.3491e+15 1.37798e+15 3.33169e+14 5.73973e+13 5.69712e+12 2.42347e+11 0 0 0 0 0 0 0 0 0 0 0 0 0 0 0 0 0 
0 0 0 0 0 0 0 0 0 0 0 0 0 0 0 0 0 1.99836e+10 1.13971e+12 1.64144e+13 1.22295e+14 6.14177e+14 2.23764e+15 6.39963e+15 1.5321e+16 3.11805e+16 5.52645e+16 8.65268e+16 1.24453e+17 1.63458e+17 1.97137e+17 2.19915e+17 2.26561e+17 2.19304e+17 1.96087e+17 1.62645e+17 1.24523e+17 8.68521e+16 5.45397e+16 3.08385e+16 1.52835e+16 6.39197e+15 2.24307e+15 6.10551e+14 1.23456e+14 1.6143e+13 1.11473e+12 2.03182e+10 0 0 0 0 0 0 0 0 0 0 0 0 0 0 0 0 0 
0 0 0 0 0 0 0 0 0 0 0 0 0 0 0 0 0 0 1.50436e+11 3.69997e+12 3.76454e+13 2.2606e+14 9.79569e+14 3.20314e+15 8.43105e+15 1.848e+16 3.5248e+16 5.90638e+16 8.83447e+16 1.20035e+17 1.48263e+17 1.66976e+17 1.75228e+17 1.68547e+17 1.47953e+17 1.1981e+17 8.80593e+16 5.84059e+16 3.51185e+16 1.8566e+16 8.41538e+15 3.19569e+15 9.70829e+14 2.29413e+14 3.75721e+13 3.65615e+12 1.52276e+11 0 0 0 0 0 0 0 0 0 0 0 0 0 0 0 0 0 0 
0 0 0 0 0 0 0 0 0 0 0 0 0 0 0 0 0 0 1.13975e+10 6.44569e+11 9.41225e+12 7.24674e+13 3.68223e+14 1.37461e+15 4.04773e+15 9.71647e+15 1.97968e+16 3.51912e+16 5.54613e+16 7.73194e+16 9.80826e+16 1.12802e+17 1.18271e+17 1.12357e+17 9.73532e+16 7.6671e+16 5.4862e+16 3.49546e+16 1.96865e+16 9.71027e+15 4.03861e+15 1.38038e+15 3.68834e+14 7.28932e+13 9.27724e+12 6.31719e+11 1.15327e+10 0 0 0 0 0 0 0 0 0 0 0 0 0 0 0 0 0 0 
0 0 0 0 0 0 0 0 0 0 0 0 0 0 0 0 0 0 0 7.73667e+10 1.89843e+12 1.91315e+13 1.16795e+14 5.10232e+14 1.69046e+15 4.46566e+15 9.77727e+15 1.84792e+16 3.02229e+16 4.40304e+16 5.74841e+16 6.68547e+16 6.99757e+16 6.64354e+16 5.71725e+16 4.42967e+16 3.01105e+16 1.8208e+16 9.82014e+15 4.42464e+15 1.69408e+15 5.15597e+14 1.19176e+14 1.93478e+13 1.88039e+12 7.77599e+10 0 0 0 0 0 0 0 0 0 0 0 0 0 0 0 0 0 0 0 
0 0 0 0 0 0 0 0 0 0 0 0 0 0 0 0 0 0 0 5.62679e+09 2.98917e+11 4.29278e+12 3.25965e+13 1.6533e+14 6.14651e+14 1.81445e+15 4.28534e+15 8.61977e+15 1.48339e+16 2.22035e+16 2.98866e+16 3.52364e+16 3.70953e+16 3.49172e+16 2.95041e+16 2.22425e+16 1.4685e+16 8.61634e+15 4.26615e+15 1.80341e+15 6.17378e+14 1.67234e+14 3.32012e+13 4.26932e+12 2.94949e+11 5.69401e+09 0 0 0 0 0 0 0 0 0 0 0 0 0 0 0 0 0 0 0 
0 0 0 0 0 0 0 0 0 0 0 0 0 0 0 0 0 0 0 0 3.33946e+10 7.89313e+11 7.79046e+12 4.66427e+13 1.99171e+14 6.49604e+14 1.67898e+15 3.56551e+15 6.50809e+15 1.01232e+16 1.36808e+16 1.66623e+16 1.76773e+16 1.65914e+16 1.37847e+16 1.0048e+16 6.4532e+15 3.54267e+15 1.6633e+15 6.43881e+14 2.01787e+14 4.70685e+13 7.73545e+12 7.80294e+11 3.28614e+10 0 0 0 0 0 0 0 0 0 0 0 0 0 0 0 0 0 0 0 0 
0 0 0 0 0 0 0 0 0 0 0 0 0 0 0 0 0 0 0 0 2.40181e+09 1.11684e+11 1.55714e+12 1.14773e+13 5.65787e+13 2.06403e+14 5.80321e+14 1.32817e+15 2.53217e+15 4.12041e+15 5.79917e+15 7.01789e+15 7.49805e+15 6.9726e+15 5.73649e+15 4.12816e+15 2.51707e+15 1.30734e+15 5.76102e+14 2.06416e+14 5.73971e+13 1.17143e+13 1.54946e+12 1.1278e+11 2.47564e+09 0 0 0 0 0 0 0 0 0 0 0 0 0 0 0 0 0 0 0 0 
0 0 0 0 0 0 0 0 0 0 0 0 0 0 0 0 0 0 0 0 0 1.18113e+10 2.57028e+11 2.47269e+12 1.43313e+13 5.85975e+13 1.81509e+14 4.46364e+14 8.99339e+14 1.5169e+15 2.18792e+15 2.71271e+15 2.8747e+15 2.684e+15 2.15528e+15 1.49969e+15 8.86707e+14 4.37336e+14 1.80748e+14 5.84449e+13 1.4463e+13 2.48421e+12 2.62889e+11 1.19975e+10 0 0 0 0 0 0 0 0 0 0 0 0 0 0 0 0 0 0 0 0 0 
0 0 0 0 0 0 0 0 0 0 0 0 0 0 0 0 0 0 0 0 0 9.27298e+08 3.53598e+10 4.53814e+11 3.18082e+12 1.47846e+13 5.13855e+13 1.35359e+14 2.8643e+14 5.06605e+14 7.50574e+14 9.47221e+14 1.01334e+15 9.35039e+14 7.40516e+14 4.96284e+14 2.82166e+14 1.33547e+14 5.00016e+13 1.48344e+13 3.18943e+12 4.57182e+11 3.55565e+10 9.36268e+08 0 0 0 0 0 0 0 0 0 0 0 0 0 0 0 0 0 0 0 0 0 
0 0 0 0 0 0 0 0 0 0 0 0 0 0 0 0 0 0 0 0 0 0 3.59782e+09 7.11375e+10 6.25414e+11 3.39692e+12 1.29497e+13 3.70847e+13 8.2974e+13 1.54638e+14 2.35244e+14 3.01593e+14 3.27797e+14 3.01559e+14 2.32077e+14 1.52806e+14 8.27905e+13 3.66638e+13 1.291e+13 3.4209e+12 6.32237e+11 7.28484e+10 3.63199e+09 0 0 0 0 0 0 0 0 0 0 0 0 0 0 0 0 0 0 0 0 0 0 
0 0 0 0 0 0 0 0 0 0 0 0 0 0 0 0 0 0 0 0 0 0 3.28712e+08 9.45966e+09 1.06059e+11 6.9138e+11 2.95358e+12 9.24197e+12 2.22342e+13 4.28014e+13 6.86261e+13 8.90813e+13 9.77698e+13 8.87011e+13 6.83124e+13 4.36723e+13 2.21739e+13 9.16109e+12 2.97628e+12 6.88949e+11 1.08482e+11 9.5303e+09 3.25437e+08 0 0 0 0 0 0 0 0 0 0 0 0 0 0 0 0 0 0 0 0 0 0 
0 0 0 0 0 0 0 0 0 0 0 0 0 0 0 0 0 0 0 0 0 0 0 9.63127e+08 1.61709e+10 1.25589e+11 6.15788e+11 2.1111e+12 5.48644e+12 1.1203e+13 1.82801e+13 2.4168e+13 2.64178e+13 2.4248e+13 1.79462e+13 1.11498e+13 5.47389e+12 2.13451e+12 6.16792e+11 1.27118e+11 1.658e+10 9.72749e+08 0 0 0 0 0 0 0 0 0 0 0 0 0 0 0 0 0 0 0 0 0 0 0 
0 0 0 0 0 0 0 0 0 0 0 0 0 0 0 0 0 0 0 0 0 0 0 1.06966e+08 2.20482e+09 2.08999e+10 1.18822e+11 4.56612e+11 1.25512e+12 2.67147e+12 4.58176e+12 6.14072e+12 6.79885e+12 6.14154e+12 4.54076e+12 2.67184e+12 1.24826e+12 4.47828e+11 1.17803e+11 2.11647e+10 2.17333e+09 1.04778e+08 0 0 0 0 0 0 0 0 0 0 0 0 0 0 0 0 0 0 0 0 0 0 0 
0 0 0 0 0 0 0 0 0 0 0 0 0 0 0 0 0 0 0 0 0 0 0 0 2.2831e+08 3.22472e+09 2.09467e+10 8.82513e+10 2.69202e+11 6.02983e+11 1.0631e+12 1.4787e+12 1.63076e+12 1.45018e+12 1.04731e+12 6.00212e+11 2.64968e+11 8.89013e+10 2.0893e+10 3.15373e+09 2.26578e+08 0 0 0 0 0 0 0 0 0 0 0 0 0 0 0 0 0 0 0 0 0 0 0 0 
0 0 0 0 0 0 0 0 0 0 0 0 0 0 0 0 0 0 0 0 0 0 0 0 3.20117e+07 4.44781e+08 3.41591e+09 1.66088e+10 5.38143e+10 1.29149e+11 2.32573e+11 3.29082e+11 3.71554e+11 3.29598e+11 2.30463e+11 1.27465e+11 5.35529e+10 1.6511e+10 3.41215e+09 4.48326e+08 3.14665e+07 0 0 0 0 0 0 0 0 0 0 0 0 0 0 0 0 0 0 0 0 0 0 0 0 
0 0 0 0 0 0 0 0 0 0 0 0 0 0 0 0 0 0 0 0 0 0 0 0 0 4.68517e+07 5.41285e+08 2.90176e+09 1.03071e+10 2.59064e+10 4.9678e+10 7.0642e+10 8.06674e+10 7.1612e+10 4.85545e+10 2.57307e+10 1.02019e+10 2.88665e+09 5.43301e+08 4.47766e+07 0 0 0 0 0 0 0 0 0 0 0 0 0 0 0 0 0 0 0 0 0 0 0 0 0 
0 0 0 0 0 0 0 0 0 0 0 0 0 0 0 0 0 0 0 0 0 0 0 0 0 8.83507e+06 8.21092e+07 4.80037e+08 1.92418e+09 5.14536e+09 1.00575e+10 1.47961e+10 1.67317e+10 1.46945e+10 9.90577e+09 5.03854e+09 1.90028e+09 4.73027e+08 8.13954e+07 8.69931e+06 0 0 0 0 0 0 0 0 0 0 0 0 0 0 0 0 0 0 0 0 0 0 0 0 0 
0 0 0 0 0 0 0 0 0 0 0 0 0 0 0 0 0 0 0 0 0 0 0 0 0 0 7.98984e+06 8.24348e+07 3.43322e+08 9.64015e+08 1.98958e+09 2.97688e+09 3.45521e+09 2.99793e+09 1.9489e+09 9.45847e+08 3.34459e+08 8.15464e+07 7.73017e+06 0 0 0 0 0 0 0 0 0 0 0 0 0 0 0 0 0 0 0 0 0 0 0 0 0 0 
0 0 0 0 0 0 0 0 0 0 0 0 0 0 0 0 0 0 0 0 0 0 0 0 0 0 2.12412e+06 1.29171e+07 5.67176e+07 1.85197e+08 3.82931e+08 6.00991e+08 6.92627e+08 6.03442e+08 3.81268e+08 1.84067e+08 5.67686e+07 1.29159e+07 2.11209e+06 0 0 0 0 0 0 0 0 0 0 0 0 0 0 0 0 0 0 0 0 0 0 0 0 0 0 
0 0 0 0 0 0 0 0 0 0 0 0 0 0 0 0 0 0 0 0 0 0 0 0 0 0 0 1.12476e+06 1.10007e+07 3.28562e+07 7.30446e+07 1.19779e+08 1.34697e+08 1.19494e+08 7.24826e+07 3.25692e+07 1.08436e+07 1.08262e+06 0 0 0 0 0 0 0 0 0 0 0 0 0 0 0 0 0 0 0 0 0 0 0 0 0 0 0 
0 0 0 0 0 0 0 0 0 0 0 0 0 0 0 0 0 0 0 0 0 0 0 0 0 0 0 441130 1.73077e+06 5.64122e+06 1.5269e+07 2.20628e+07 2.84137e+07 2.22541e+07 1.51783e+07 5.58931e+06 1.70298e+06 430090 0 0 0 0 0 0 0 0 0 0 0 0 0 0 0 0 0 0 0 0 0 0 0 0 0 0 0 
0 0 0 0 0 0 0 0 0 0 0 0 0 0 0 0 0 0 0 0 0 0 0 0 0 0 0 0 115043 1.2723e+06 2.3871e+06 4.66153e+06 5.15223e+06 4.71243e+06 2.44281e+06 1.25979e+06 110900 0 0 0 0 0 0 0 0 0 0 0 0 0 0 0 0 0 0 0 0 0 0 0 0 0 0 0 0 
0 0 0 0 0 0 0 0 0 0 0 0 0 0 0 0 0 0 0 0 0 0 0 0 0 0 0 0 75168 173284 465253 939576 943415 974098 446862 170694 73286.8 0 0 0 0 0 0 0 0 0 0 0 0 0 0 0 0 0 0 0 0 0 0 0 0 0 0 0 0 
0 0 0 0 0 0 0 0 0 0 0 0 0 0 0 0 0 0 0 0 0 0 0 0 0 0 0 0 0 7731.92 118165 109478 239258 114042 116303 7974.33 0 0 0 0 0 0 0 0 0 0 0 0 0 0 0 0 0 0 0 0 0 0 0 0 0 0 0 0 0 
0 0 0 0 0 0 0 0 0 0 0 0 0 0 0 0 0 0 0 0 0 0 0 0 0 0 0 0 0 9895.16 11513.8 33326.8 37243.1 32472.8 11787.9 9946.65 0 0 0 0 0 0 0 0 0 0 0 0 0 0 0 0 0 0 0 0 0 0 0 0 0 0 0 0 0 
0 0 0 0 0 0 0 0 0 0 0 0 0 0 0 0 0 0 0 0 0 0 0 0 0 0 0 0 0 0 245.117 7703.83 1975.56 7587.02 264.913 0 0 0 0 0 0 0 0 0 0 0 0 0 0 0 0 0 0 0 0 0 0 0 0 0 0 0 0 0 0 
0 0 0 0 0 0 0 0 0 0 0 0 0 0 0 0 0 0 0 0 0 0 0 0 0 0 0 0 0 0 979.017 374.523 1955.17 389.435 980.21 0 0 0 0 0 0 0 0 0 0 0 0 0 0 0 0 0 0 0 0 0 0 0 0 0 0 0 0 0 0 
0 0 0 0 0 0 0 0 0 0 0 0 0 0 0 0 0 0 0 0 0 0 0 0 0 0 0 0 0 0 0 0 250.533 0 0 0 0 0 0 0 0 0 0 0 0 0 0 0 0 0 0 0 0 0 0 0 0 0 0 0 0 0 0 0 0 
0 0 0 0 0 0 0 0 0 0 0 0 0 0 0 0 0 0 0 0 0 0 0 0 0 0 0 0 0 0 0 63.4323 0 64.9294 0 0 0 0 0 0 0 0 0 0 0 0 0 0 0 0 0 0 0 0 0 0 0 0 0 0 0 0 0 0 0 
0 0 0 0 0 0 0 0 0 0 0 0 0 0 0 0 0 0 0 0 0 0 0 0 0 0 0 0 0 0 0 0 0 0 0 0 0 0 0 0 0 0 0 0 0 0 0 0 0 0 0 0 0 0 0 0 0 0 0 0 0 0 0 0 0 
0 0 0 0 0 0 0 0 0 0 0 0 0 0 0 0 0 0 0 0 0 0 0 0 0 0 0 0 0 0 0 0 2.05801 0 0 0 0 0 0 0 0 0 0 0 0 0 0 0 0 0 0 0 0 0 0 0 0 0 0 0 0 0 0 0 0 
