1 0 0 0 0 0 0 0 0 0 0 0 0 0 0 0 0 0 0 0 0 0 0 0 0 0 0 0 0 0 0 0 0 0 0 0 0 0 0 0 0 0 0 0 0 0 0 0 0 0 0 0 0 0 0 0 0 0 0 0 0 0 0 0 1 
0 0 0 0 0 0 0 0 0 0 0 0 0 0 0 0 0 0 0 0 0 0 0 0 0 0 0 0 0 0 0 0 0 0 0 0 0 0 0 0 0 0 0 0 0 0 0 0 0 0 0 0 0 0 0 0 0 0 0 0 0 0 0 0 0 
0 64 0 0 0 0 0 0 0 0 0 0 0 0 0 0 0 0 0 0 0 0 0 0 0 0 0 0 0 0 0 0 0 0 0 0 0 0 0 0 0 0 0 0 0 0 0 0 0 0 0 0 0 0 0 0 0 0 0 0 0 0 0 64 0 
0 0 127.807 0 0 0 0 0 0 0 0 0 0 0 0 0 0 0 0 0 0 0 0 0 0 0 0 0 0 0 0 0 0 0 0 0 0 0 0 0 0 0 0 0 0 0 0 0 0 0 0 0 0 0 0 0 0 0 0 0 0 0 125.266 0 0 
0 0 1888.19 383.662 61.7065 0 0 0 0 0 0 0 0 0 0 0 0 0 0 0 0 0 0 0 0 0 0 0 0 0 0 0 0 0 0 0 0 0 0 0 0 0 0 0 0 0 0 0 0 0 0 0 0 0 0 0 0 0 0 0 64.5495 387.057 1890.73 0 0 
0 0 0 7204.34 1127.81 501.87 128.518 0 0 0 0 0 0 0 0 0 0 0 0 0 0 0 0 0 0 0 0 0 0 0 0 0 0 0 0 0 0 0 0 0 0 0 0 0 0 0 0 0 0 0 0 0 0 0 0 0 0 0 131.911 496.429 1129.61 7125.78 0 0 0 
0 0 0 34076 27117.4 6634.09 2550.96 1365.67 380.086 64.1325 0 0 0 0 0 0 0 0 0 0 0 0 0 0 0 0 0 0 0 0 0 0 0 0 0 0 0 0 0 0 0 0 0 0 0 0 0 0 0 0 0 0 0 0 0 64.4609 376.493 1397.14 2557.04 6786.18 27484.3 34151.2 0 0 0 
0 0 0 0 184729 97609.3 42721.1 16861.6 8376.75 4516.11 1919.53 507.369 129.523 0 0 0 0 0 0 0 0 0 0 0 0 0 0 0 0 0 0 0 0 0 0 0 0 0 0 0 0 0 0 0 0 0 0 0 0 0 0 0 127.301 511.776 1923.24 4531 8378.1 16121.3 42866.7 95669.5 186203 0 0 0 0 
0 0 0 0 422340 839697 414432 220730 118268 58704.5 33140.1 19600.1 9799.87 4412.47 1398 370.668 83.8197 0 0 0 0 0 0 0 17.8661 0 0 0 0 0 0 0 16.1247 0 0 0 0 0 0 0 16.924 0 0 0 0 0 0 0 75.9449 370.702 1389.41 4359.98 9751.78 19999.2 33679.7 58435.3 117989 218340 411842 830187 420494 0 0 0 0 
0 0 0 0 0 2.83555e+06 3.37203e+06 1.94288e+06 1.12328e+06 714033 440341 252016 157147 94566.1 57250.2 29882.6 14094.8 5921.86 2232.55 806.768 397.935 276.296 272.809 274.597 0 272.183 272.329 260.226 261.489 256.42 264.9 269.367 0 261.136 253.145 251.822 256.781 260.908 257.998 263.142 0 262.11 255.464 251.208 389.598 758.813 2201.65 5913.43 13903 29286.7 55104 95121.5 158485 260166 427521 727114 1.12209e+06 1.9555e+06 3.41355e+06 2.8811e+06 0 0 0 0 0 
0 0 0 0 0 3.84452e+06 1.46104e+07 1.35931e+07 9.28615e+06 6.1362e+06 4.05474e+06 2.68027e+06 1.81796e+06 1.19051e+06 775976 510822 329679 208031 121473 69109.3 36414.5 21645.3 14065.9 11019.2 11871 9996.21 9699.02 9464.17 9831.47 9591.17 9703.06 9864.58 11580.8 9679.43 9529.83 9417.16 9483.78 9160.48 9409.95 9668.73 11604.6 10605.3 13466.5 21074.4 36605.3 69101.8 120800 204567 327070 514161 761395 1.18791e+06 1.77694e+06 2.6903e+06 4.01464e+06 6.03929e+06 9.28141e+06 1.37597e+07 1.47977e+07 3.81027e+06 0 0 0 0 0 
0 0 0 0 0 0 3.04669e+07 6.34309e+07 5.78086e+07 4.34351e+07 3.17309e+07 2.28386e+07 1.60358e+07 1.1665e+07 8.28127e+06 5.86454e+06 4.16002e+06 2.99056e+06 2.06449e+06 1.4693e+06 1.0039e+06 712084 499850 362874 284682 248001 231770 230063 221951 230589 222233 220615 208696 215479 219505 223117 219018 223935 231438 243848 283718 359540 491140 682170 991545 1.42531e+06 2.06199e+06 2.86546e+06 4.19586e+06 5.7933e+06 8.1459e+06 1.15754e+07 1.59342e+07 2.2406e+07 3.14785e+07 4.23725e+07 5.59809e+07 6.40665e+07 3.00344e+07 0 0 0 0 0 0 
0 0 0 0 0 0 2.60653e+07 1.69401e+08 2.63662e+08 2.45499e+08 1.97741e+08 1.59882e+08 1.2214e+08 9.17789e+07 6.92462e+07 5.26527e+07 4.019e+07 3.09656e+07 2.36532e+07 1.78801e+07 1.36167e+07 1.07098e+07 8.33583e+06 6.74562e+06 5.54308e+06 4.61498e+06 4.06514e+06 3.65586e+06 3.48102e+06 3.34216e+06 3.26854e+06 3.254e+06 3.28243e+06 3.24801e+06 3.24778e+06 3.21232e+06 3.41819e+06 3.6835e+06 3.98177e+06 4.52103e+06 5.33128e+06 6.64003e+06 8.29256e+06 1.05172e+07 1.34738e+07 1.77713e+07 2.30305e+07 3.05888e+07 3.99559e+07 5.25316e+07 6.95383e+07 9.12187e+07 1.19527e+08 1.54573e+08 1.98447e+08 2.44795e+08 2.60334e+08 1.68803e+08 2.62713e+07 0 0 0 0 0 0 
0 0 0 0 0 0 0 2.33288e+08 7.71902e+08 1.06022e+09 1.0403e+09 9.23178e+08 7.59137e+08 6.1831e+08 4.87928e+08 3.87886e+08 3.19216e+08 2.55369e+08 2.0718e+08 1.65238e+08 1.35413e+08 1.08263e+08 9.03422e+07 7.62198e+07 6.51609e+07 5.69446e+07 4.98183e+07 4.598e+07 4.30431e+07 4.0821e+07 3.89114e+07 3.81046e+07 3.73961e+07 3.81478e+07 3.88422e+07 4.07794e+07 4.29456e+07 4.59082e+07 5.05288e+07 5.67201e+07 6.56588e+07 7.65369e+07 9.34705e+07 1.10369e+08 1.34748e+08 1.63874e+08 2.03628e+08 2.57155e+08 3.12113e+08 3.88953e+08 4.8558e+08 6.10462e+08 7.47341e+08 9.01941e+08 1.03056e+09 1.05071e+09 7.85873e+08 2.3215e+08 0 0 0 0 0 0 0 
0 0 0 0 0 0 0 1.39322e+08 1.382e+09 3.26102e+09 4.21944e+09 4.37864e+09 4.0017e+09 3.54767e+09 3.01765e+09 2.56991e+09 2.14602e+09 1.81315e+09 1.53543e+09 1.27376e+09 1.06699e+09 9.05646e+08 7.77348e+08 6.85421e+08 6.01031e+08 5.34691e+08 4.87674e+08 4.41651e+08 4.14579e+08 3.94468e+08 3.86715e+08 3.76864e+08 3.74903e+08 3.75082e+08 3.80745e+08 3.97708e+08 4.15556e+08 4.42384e+08 4.89397e+08 5.3443e+08 5.93565e+08 6.74486e+08 7.88192e+08 9.14037e+08 1.07673e+09 1.26736e+09 1.48509e+09 1.76847e+09 2.10256e+09 2.51011e+09 2.94244e+09 3.45792e+09 3.93159e+09 4.36975e+09 4.26857e+09 3.3305e+09 1.38317e+09 1.40246e+08 0 0 0 0 0 0 0 
0 0 0 0 0 0 0 0 1.3493e+09 6.65838e+09 1.30927e+10 1.72243e+10 1.80957e+10 1.7233e+10 1.575e+10 1.41415e+10 1.2509e+10 1.10097e+10 9.70361e+09 8.39386e+09 7.30179e+09 6.37589e+09 5.67426e+09 5.04341e+09 4.58237e+09 4.20317e+09 3.8838e+09 3.54605e+09 3.35725e+09 3.26177e+09 3.15497e+09 3.05123e+09 3.0213e+09 3.01372e+09 3.07885e+09 3.21439e+09 3.32403e+09 3.55985e+09 3.77403e+09 4.13428e+09 4.53299e+09 5.09827e+09 5.67919e+09 6.43457e+09 7.37901e+09 8.45258e+09 9.60251e+09 1.09895e+10 1.24088e+10 1.40647e+10 1.57048e+10 1.73104e+10 1.77597e+10 1.68132e+10 1.30627e+10 6.65713e+09 1.34617e+09 0 0 0 0 0 0 0 0 
0 0 0 0 0 0 0 0 5.90953e+08 8.29053e+09 2.86859e+10 5.1061e+10 6.49072e+10 7.1296e+10 7.16817e+10 6.82181e+10 6.3618e+10 5.85077e+10 5.30141e+10 4.8654e+10 4.39925e+10 3.93826e+10 3.59419e+10 3.26327e+10 3.01423e+10 2.80268e+10 2.59048e+10 2.44244e+10 2.34319e+10 2.23477e+10 2.20618e+10 2.18138e+10 2.12186e+10 2.14635e+10 2.17252e+10 2.22013e+10 2.36061e+10 2.46038e+10 2.57472e+10 2.76539e+10 3.01432e+10 3.2753e+10 3.60803e+10 3.94219e+10 4.31129e+10 4.78696e+10 5.24561e+10 5.81381e+10 6.38838e+10 6.75419e+10 7.10022e+10 6.9792e+10 6.39728e+10 5.009e+10 2.84973e+10 8.3489e+09 5.84109e+08 0 0 0 0 0 0 0 0 
0 0 0 0 0 0 0 0 0 5.98312e+09 4.06138e+10 1.11454e+11 1.88936e+11 2.44642e+11 2.72533e+11 2.8591e+11 2.84534e+11 2.77443e+11 2.60901e+11 2.47625e+11 2.2899e+11 2.14999e+11 2.00847e+11 1.86315e+11 1.7378e+11 1.63658e+11 1.55966e+11 1.51312e+11 1.44463e+11 1.39805e+11 1.37731e+11 1.35663e+11 1.33817e+11 1.34139e+11 1.37509e+11 1.3925e+11 1.42585e+11 1.47218e+11 1.55176e+11 1.65385e+11 1.7618e+11 1.867e+11 1.96725e+11 2.10617e+11 2.30323e+11 2.43863e+11 2.59379e+11 2.72516e+11 2.84809e+11 2.84362e+11 2.67576e+11 2.4076e+11 1.84776e+11 1.12308e+11 4.0693e+10 5.90249e+09 0 0 0 0 0 0 0 0 0 
0 0 0 0 0 0 0 0 0 1.99147e+09 3.75536e+10 1.73099e+11 4.12845e+11 6.78101e+11 8.83582e+11 1.01537e+12 1.09592e+12 1.13551e+12 1.13226e+12 1.1306e+12 1.08615e+12 1.04522e+12 9.94901e+11 9.57736e+11 9.16076e+11 8.71077e+11 8.24909e+11 8.01075e+11 7.93972e+11 7.69054e+11 7.46749e+11 7.49923e+11 7.48334e+11 7.56638e+11 7.58629e+11 7.64259e+11 7.7938e+11 7.99605e+11 8.26346e+11 8.64695e+11 9.02753e+11 9.4911e+11 9.87594e+11 1.02765e+12 1.05705e+12 1.11181e+12 1.13693e+12 1.1322e+12 1.08284e+12 1.00813e+12 8.71715e+11 6.67657e+11 4.14458e+11 1.73723e+11 3.78577e+10 1.95686e+09 0 0 0 0 0 0 0 0 0 
0 0 0 0 0 0 0 0 0 0 2.06803e+10 1.86662e+11 6.64696e+11 1.45503e+12 2.30601e+12 3.04553e+12 3.69846e+12 4.08229e+12 4.37498e+12 4.46015e+12 4.49098e+12 4.46546e+12 4.39661e+12 4.32746e+12 4.23874e+12 4.12504e+12 4.05378e+12 3.94929e+12 3.87973e+12 3.85008e+12 3.77429e+12 3.69429e+12 3.68534e+12 3.75214e+12 3.79957e+12 3.79804e+12 3.87661e+12 3.93525e+12 4.04606e+12 4.08514e+12 4.2078e+12 4.23988e+12 4.3586e+12 4.40452e+12 4.44791e+12 4.48211e+12 4.34741e+12 4.04315e+12 3.61241e+12 3.04368e+12 2.29232e+12 1.43957e+12 6.65483e+11 1.86702e+11 2.04955e+10 0 0 0 0 0 0 0 0 0 0 
0 0 0 0 0 0 0 0 0 0 5.3532e+09 1.31027e+11 7.8483e+11 2.39102e+12 4.84125e+12 7.60884e+12 1.03746e+13 1.28255e+13 1.44858e+13 1.58302e+13 1.66466e+13 1.72148e+13 1.76906e+13 1.76924e+13 1.77288e+13 1.76005e+13 1.7506e+13 1.72747e+13 1.71786e+13 1.6979e+13 1.68979e+13 1.67956e+13 1.68279e+13 1.67626e+13 1.68265e+13 1.70663e+13 1.72767e+13 1.73388e+13 1.74141e+13 1.74151e+13 1.72837e+13 1.75417e+13 1.7424e+13 1.7039e+13 1.64372e+13 1.56902e+13 1.43662e+13 1.24196e+13 1.02315e+13 7.64527e+12 4.83341e+12 2.37639e+12 7.87344e+11 1.30711e+11 5.33352e+09 0 0 0 0 0 0 0 0 0 0 
0 0 0 0 0 0 0 0 0 0 0 5.59061e+10 6.43852e+11 2.92806e+12 7.97383e+12 1.54684e+13 2.42569e+13 3.33257e+13 4.18247e+13 4.85867e+13 5.42078e+13 5.83623e+13 6.27951e+13 6.54631e+13 6.7018e+13 6.74809e+13 6.75015e+13 6.80887e+13 6.8486e+13 6.91204e+13 6.85481e+13 6.87618e+13 6.81486e+13 6.81738e+13 6.91062e+13 6.89404e+13 6.92081e+13 6.93105e+13 6.83598e+13 6.66928e+13 6.58531e+13 6.3612e+13 6.13282e+13 5.85232e+13 5.40463e+13 4.8406e+13 4.11917e+13 3.30359e+13 2.41288e+13 1.53377e+13 7.9483e+12 2.93722e+12 6.49314e+11 5.60588e+10 0 0 0 0 0 0 0 0 0 0 0 
0 0 0 0 0 0 0 0 0 0 0 1.16745e+10 3.58593e+11 2.65256e+12 9.99639e+12 2.47403e+13 4.69178e+13 7.4117e+13 1.02191e+14 1.30418e+14 1.55094e+14 1.76458e+14 1.95061e+14 2.10481e+14 2.23129e+14 2.3148e+14 2.36735e+14 2.43307e+14 2.48244e+14 2.51474e+14 2.53578e+14 2.52809e+14 2.5381e+14 2.54106e+14 2.52977e+14 2.51248e+14 2.47417e+14 2.45382e+14 2.3931e+14 2.28808e+14 2.20015e+14 2.0899e+14 1.92815e+14 1.7434e+14 1.54281e+14 1.29725e+14 1.01438e+14 7.35959e+13 4.70578e+13 2.47203e+13 1.00061e+13 2.67588e+12 3.53948e+11 1.17393e+10 0 0 0 0 0 0 0 0 0 0 0 
0 0 0 0 0 0 0 0 0 0 0 0 1.21782e+11 1.69022e+12 9.5126e+12 3.19012e+13 7.36771e+13 1.35913e+14 2.13313e+14 2.99087e+14 3.89526e+14 4.70767e+14 5.49339e+14 6.14189e+14 6.72349e+14 7.15768e+14 7.46989e+14 7.78153e+14 8.0813e+14 8.22816e+14 8.41238e+14 8.47642e+14 8.46466e+14 8.45423e+14 8.34582e+14 8.20197e+14 8.06545e+14 7.83533e+14 7.47777e+14 7.08391e+14 6.60613e+14 6.03662e+14 5.39066e+14 4.69421e+14 3.83847e+14 2.9636e+14 2.10936e+14 1.35641e+14 7.34159e+13 3.16453e+13 9.5258e+12 1.71222e+12 1.21755e+11 0 0 0 0 0 0 0 0 0 0 0 0 
0 0 0 0 0 0 0 0 0 0 0 0 2.07766e+10 7.58731e+11 6.85669e+12 3.09183e+13 9.27055e+13 2.05438e+14 3.73787e+14 5.86379e+14 8.30474e+14 1.09025e+15 1.33783e+15 1.56041e+15 1.78794e+15 1.95464e+15 2.1201e+15 2.25022e+15 2.36377e+15 2.44309e+15 2.49334e+15 2.53805e+15 2.54729e+15 2.5049e+15 2.48556e+15 2.44153e+15 2.33367e+15 2.24821e+15 2.13275e+15 1.95515e+15 1.76495e+15 1.54851e+15 1.32463e+15 1.0768e+15 8.25086e+14 5.78742e+14 3.71324e+14 2.04983e+14 9.24925e+13 3.09226e+13 6.86735e+12 7.51366e+11 2.05869e+10 0 0 0 0 0 0 0 0 0 0 0 0 
0 0 0 0 0 0 0 0 0 0 0 0 0 2.15465e+11 3.49725e+12 2.32783e+13 9.13128e+13 2.51789e+14 5.42598e+14 9.74878e+14 1.5092e+15 2.15716e+15 2.82128e+15 3.50258e+15 4.18618e+15 4.77538e+15 5.33432e+15 5.80571e+15 6.24787e+15 6.50134e+15 6.74901e+15 6.86544e+15 6.85853e+15 6.8057e+15 6.69254e+15 6.45647e+15 6.16006e+15 5.7954e+15 5.31239e+15 4.79407e+15 4.1593e+15 3.48467e+15 2.84444e+15 2.13367e+15 1.50907e+15 9.61565e+14 5.39252e+14 2.52007e+14 9.17587e+13 2.3496e+13 3.53183e+12 2.14673e+11 0 0 0 0 0 0 0 0 0 0 0 0 0 
0 0 0 0 0 0 0 0 0 0 0 0 0 3.02384e+10 1.28278e+12 1.34074e+13 7.08167e+13 2.46697e+14 6.36416e+14 1.32739e+15 2.3619e+15 3.68157e+15 5.23973e+15 6.89243e+15 8.63719e+15 1.03865e+16 1.19682e+16 1.33487e+16 1.45961e+16 1.55824e+16 1.62991e+16 1.67284e+16 1.68499e+16 1.65943e+16 1.6097e+16 1.53722e+16 1.44124e+16 1.32826e+16 1.19277e+16 1.03106e+16 8.63929e+15 6.83964e+15 5.14081e+15 3.6191e+15 2.31701e+15 1.33112e+15 6.40182e+14 2.48425e+14 7.09684e+13 1.35054e+13 1.28749e+12 2.98432e+10 0 0 0 0 0 0 0 0 0 0 0 0 0 
0 0 0 0 0 0 0 0 0 0 0 0 0 0 3.05507e+11 5.63735e+12 4.33271e+13 1.95998e+14 6.17731e+14 1.51347e+15 3.03756e+15 5.2724e+15 8.28752e+15 1.18323e+16 1.56844e+16 1.95744e+16 2.33522e+16 2.69397e+16 2.98916e+16 3.29104e+16 3.49818e+16 3.59262e+16 3.61109e+16 3.59406e+16 3.46193e+16 3.27827e+16 3.00413e+16 2.70091e+16 2.33448e+16 1.93057e+16 1.53941e+16 1.1649e+16 8.15952e+15 5.27493e+15 3.06211e+15 1.51093e+15 6.22116e+14 1.95459e+14 4.35234e+13 5.71793e+12 2.98065e+11 0 0 0 0 0 0 0 0 0 0 0 0 0 0 
0 0 0 0 0 0 0 0 0 0 0 0 0 0 3.62661e+10 1.741e+12 2.04204e+13 1.22189e+14 4.86834e+14 1.41353e+15 3.29513e+15 6.5184e+15 1.10682e+16 1.71471e+16 2.43965e+16 3.2407e+16 4.05732e+16 4.82971e+16 5.54831e+16 6.15646e+16 6.61491e+16 6.88451e+16 6.92782e+16 6.82991e+16 6.59168e+16 6.15355e+16 5.52823e+16 4.80007e+16 4.01085e+16 3.20251e+16 2.43154e+16 1.71095e+16 1.11011e+16 6.48985e+15 3.31608e+15 1.42316e+15 4.82726e+14 1.23209e+14 2.04261e+13 1.72827e+12 3.54985e+10 0 0 0 0 0 0 0 0 0 0 0 0 0 0 
0 0 0 0 0 0 0 0 0 0 0 0 0 0 0 3.49904e+11 7.3172e+12 6.1998e+13 3.09564e+14 1.09433e+15 3.01277e+15 6.67939e+15 1.2768e+16 2.149e+16 3.26372e+16 4.64167e+16 6.09773e+16 7.58014e+16 8.96973e+16 1.01377e+17 1.1049e+17 1.15614e+17 1.16947e+17 1.15268e+17 1.09963e+17 1.00998e+17 8.93972e+16 7.53109e+16 6.05259e+16 4.59712e+16 3.28585e+16 2.14769e+16 1.28395e+16 6.70384e+15 2.99871e+15 1.09994e+15 3.13919e+14 6.17569e+13 7.25696e+12 3.4396e+11 0 0 0 0 0 0 0 0 0 0 0 0 0 0 0 
0 0 0 0 0 0 0 0 0 0 0 0 0 0 0 3.5787e+10 1.89173e+12 2.42266e+13 1.60365e+14 7.04271e+14 2.26571e+15 5.81592e+15 1.2434e+16 2.30279e+16 3.78471e+16 5.71763e+16 7.90816e+16 1.02744e+17 1.26187e+17 1.46563e+17 1.61567e+17 1.70427e+17 1.74759e+17 1.71134e+17 1.60027e+17 1.44858e+17 1.25064e+17 1.02188e+17 7.89708e+16 5.73371e+16 3.79153e+16 2.31919e+16 1.25002e+16 5.84773e+15 2.26583e+15 7.05409e+14 1.61469e+14 2.41692e+13 1.85906e+12 3.55313e+10 0 0 0 0 0 0 0 0 0 0 0 0 0 0 0 
0 0 0 0 0 0 0 0 0 0 0 0 0 0 0 0 3.21962e+11 7.38869e+12 6.73927e+13 3.69616e+14 1.42442e+15 4.24957e+15 1.03085e+16 2.12506e+16 3.81184e+16 6.08843e+16 8.93777e+16 1.20922e+17 1.54395e+17 1.8474e+17 2.07665e+17 2.23687e+17 2.28566e+17 2.23197e+17 2.07958e+17 1.83543e+17 1.53806e+17 1.2124e+17 8.93356e+16 6.09941e+16 3.7972e+16 2.11068e+16 1.03012e+16 4.27033e+15 1.44216e+15 3.74497e+14 6.75653e+13 7.27687e+12 3.19857e+11 0 0 0 0 0 0 0 0 0 0 0 0 0 0 0 0 
0 0 0 0 0 0 0 0 0 0 0 0 0 0 0 0 2.96389e+10 1.63085e+12 2.23029e+13 1.5897e+14 7.61876e+14 2.63078e+15 7.2089e+15 1.65192e+16 3.24812e+16 5.6043e+16 8.77681e+16 1.25765e+17 1.64657e+17 2.01939e+17 2.33976e+17 2.55108e+17 2.62909e+17 2.55339e+17 2.34628e+17 2.02393e+17 1.63326e+17 1.24256e+17 8.78151e+16 5.60987e+16 3.24871e+16 1.66214e+16 7.24285e+15 2.65345e+15 7.64315e+14 1.61172e+14 2.22837e+13 1.60914e+12 2.91617e+10 0 0 0 0 0 0 0 0 0 0 0 0 0 0 0 0 
0 0 0 0 0 0 0 0 0 0 0 0 0 0 0 0 0 2.4788e+11 5.75757e+12 5.65977e+13 3.28977e+14 1.35949e+15 4.36262e+15 1.10279e+16 2.3948e+16 4.47203e+16 7.43493e+16 1.11734e+17 1.53175e+17 1.93946e+17 2.2916e+17 2.52922e+17 2.61545e+17 2.53093e+17 2.2941e+17 1.94482e+17 1.53557e+17 1.11699e+17 7.46335e+16 4.4842e+16 2.39107e+16 1.10939e+16 4.35337e+15 1.38025e+15 3.33996e+14 5.65967e+13 5.80411e+12 2.44267e+11 0 0 0 0 0 0 0 0 0 0 0 0 0 0 0 0 0 
0 0 0 0 0 0 0 0 0 0 0 0 0 0 0 0 0 2.02126e+10 1.12857e+12 1.62341e+13 1.21843e+14 6.02386e+14 2.19939e+15 6.32939e+15 1.51056e+16 3.06786e+16 5.47574e+16 8.67437e+16 1.23986e+17 1.62238e+17 1.95607e+17 2.19679e+17 2.2788e+17 2.20133e+17 1.96275e+17 1.62886e+17 1.24864e+17 8.74876e+16 5.47557e+16 3.10275e+16 1.52699e+16 6.41682e+15 2.21573e+15 6.10328e+14 1.21918e+14 1.62303e+13 1.14379e+12 1.99825e+10 0 0 0 0 0 0 0 0 0 0 0 0 0 0 0 0 0 
0 0 0 0 0 0 0 0 0 0 0 0 0 0 0 0 0 0 1.53561e+11 3.66602e+12 3.70846e+13 2.26339e+14 9.58501e+14 3.13729e+15 8.30466e+15 1.83689e+16 3.49544e+16 5.82699e+16 8.76262e+16 1.19242e+17 1.47582e+17 1.66833e+17 1.74314e+17 1.66953e+17 1.48362e+17 1.19839e+17 8.88898e+16 5.93092e+16 3.52033e+16 1.84563e+16 8.41755e+15 3.17932e+15 9.80153e+14 2.26527e+14 3.74762e+13 3.71166e+12 1.54064e+11 0 0 0 0 0 0 0 0 0 0 0 0 0 0 0 0 0 0 
0 0 0 0 0 0 0 0 0 0 0 0 0 0 0 0 0 0 1.14581e+10 6.40206e+11 9.23207e+12 7.16676e+13 3.63157e+14 1.35757e+15 3.97921e+15 9.54477e+15 1.95389e+16 3.47537e+16 5.43942e+16 7.64583e+16 9.70679e+16 1.11799e+17 1.1686e+17 1.11481e+17 9.75272e+16 7.72312e+16 5.51795e+16 3.5102e+16 1.98085e+16 9.68592e+15 4.00124e+15 1.36497e+15 3.66575e+14 7.19397e+13 9.33383e+12 6.46418e+11 1.1506e+10 0 0 0 0 0 0 0 0 0 0 0 0 0 0 0 0 0 0 
0 0 0 0 0 0 0 0 0 0 0 0 0 0 0 0 0 0 0 7.83478e+10 1.88407e+12 1.90263e+13 1.17268e+14 5.07567e+14 1.66048e+15 4.38708e+15 9.67336e+15 1.82453e+16 3.01477e+16 4.37926e+16 5.73059e+16 6.66811e+16 6.9846e+16 6.66722e+16 5.69392e+16 4.42697e+16 3.02585e+16 1.84653e+16 9.76577e+15 4.46632e+15 1.67754e+15 5.09974e+14 1.19108e+14 1.91064e+13 1.88328e+12 7.87035e+10 0 0 0 0 0 0 0 0 0 0 0 0 0 0 0 0 0 0 0 
0 0 0 0 0 0 0 0 0 0 0 0 0 0 0 0 0 0 0 5.67732e+09 2.94522e+11 4.182e+12 3.26408e+13 1.64954e+14 6.16343e+14 1.7655e+15 4.21606e+15 8.4701e+15 1.45869e+16 2.20896e+16 2.93696e+16 3.48565e+16 3.68439e+16 3.50038e+16 2.95181e+16 2.21514e+16 1.4784e+16 8.56897e+15 4.33446e+15 1.81325e+15 6.20162e+14 1.67411e+14 3.24491e+13 4.23249e+12 3.00852e+11 5.66995e+09 0 0 0 0 0 0 0 0 0 0 0 0 0 0 0 0 0 0 0 
0 0 0 0 0 0 0 0 0 0 0 0 0 0 0 0 0 0 0 0 3.32159e+10 7.70953e+11 7.61744e+12 4.64345e+13 1.98455e+14 6.35443e+14 1.6308e+15 3.51559e+15 6.39701e+15 9.95991e+15 1.37191e+16 1.64036e+16 1.75002e+16 1.64734e+16 1.3727e+16 1.01021e+16 6.44948e+15 3.599e+15 1.67591e+15 6.45017e+14 2.01586e+14 4.71212e+13 7.70476e+12 7.72147e+11 3.38748e+10 0 0 0 0 0 0 0 0 0 0 0 0 0 0 0 0 0 0 0 0 
0 0 0 0 0 0 0 0 0 0 0 0 0 0 0 0 0 0 0 0 2.39468e+09 1.11491e+11 1.5407e+12 1.14771e+13 5.6378e+13 2.04896e+14 5.67292e+14 1.3033e+15 2.51307e+15 4.09147e+15 5.71105e+15 6.96749e+15 7.47343e+15 6.97039e+15 5.7344e+15 4.07733e+15 2.52519e+15 1.33015e+15 5.81428e+14 2.0673e+14 5.70625e+13 1.1398e+13 1.54279e+12 1.1447e+11 2.4091e+09 0 0 0 0 0 0 0 0 0 0 0 0 0 0 0 0 0 0 0 0 
0 0 0 0 0 0 0 0 0 0 0 0 0 0 0 0 0 0 0 0 0 1.18595e+10 2.59132e+11 2.46011e+12 1.42953e+13 5.83197e+13 1.77306e+14 4.36544e+14 8.8349e+14 1.50038e+15 2.14114e+15 2.65548e+15 2.88056e+15 2.67836e+15 2.15884e+15 1.51881e+15 8.94755e+14 4.40953e+14 1.80793e+14 5.85105e+13 1.43106e+13 2.4546e+12 2.63341e+11 1.20625e+10 0 0 0 0 0 0 0 0 0 0 0 0 0 0 0 0 0 0 0 0 0 
0 0 0 0 0 0 0 0 0 0 0 0 0 0 0 0 0 0 0 0 0 9.00231e+08 3.48861e+10 4.50879e+11 3.19313e+12 1.49016e+13 4.98949e+13 1.31706e+14 2.83153e+14 5.02241e+14 7.41677e+14 9.38097e+14 1.00543e+15 9.36741e+14 7.43528e+14 5.06142e+14 2.85894e+14 1.34565e+14 5.05525e+13 1.4625e+13 3.1718e+12 4.51128e+11 3.59396e+10 9.18315e+08 0 0 0 0 0 0 0 0 0 0 0 0 0 0 0 0 0 0 0 0 0 
0 0 0 0 0 0 0 0 0 0 0 0 0 0 0 0 0 0 0 0 0 0 3.55542e+09 6.96316e+10 6.25176e+11 3.36414e+12 1.28344e+13 3.63508e+13 8.25419e+13 1.53702e+14 2.36044e+14 3.02056e+14 3.27309e+14 3.02389e+14 2.36582e+14 1.54607e+14 8.38664e+13 3.68178e+13 1.27089e+13 3.38841e+12 6.22605e+11 7.2453e+10 3.67298e+09 0 0 0 0 0 0 0 0 0 0 0 0 0 0 0 0 0 0 0 0 0 0 
0 0 0 0 0 0 0 0 0 0 0 0 0 0 0 0 0 0 0 0 0 0 3.16217e+08 9.27978e+09 1.06615e+11 6.8075e+11 2.92898e+12 9.15943e+12 2.20251e+13 4.27661e+13 6.77309e+13 8.93817e+13 9.73729e+13 8.89711e+13 6.78979e+13 4.26014e+13 2.22798e+13 9.13551e+12 2.92822e+12 6.88407e+11 1.07524e+11 9.61609e+09 3.18366e+08 0 0 0 0 0 0 0 0 0 0 0 0 0 0 0 0 0 0 0 0 0 0 
0 0 0 0 0 0 0 0 0 0 0 0 0 0 0 0 0 0 0 0 0 0 0 9.3736e+08 1.5914e+10 1.24917e+11 6.12067e+11 2.09899e+12 5.43186e+12 1.10293e+13 1.79206e+13 2.40777e+13 2.64813e+13 2.41256e+13 1.81342e+13 1.10676e+13 5.46815e+12 2.12016e+12 6.17245e+11 1.25949e+11 1.64244e+10 9.73512e+08 0 0 0 0 0 0 0 0 0 0 0 0 0 0 0 0 0 0 0 0 0 0 0 
0 0 0 0 0 0 0 0 0 0 0 0 0 0 0 0 0 0 0 0 0 0 0 1.03673e+08 2.14585e+09 2.085e+10 1.16424e+11 4.47228e+11 1.23935e+12 2.62949e+12 4.44198e+12 6.03904e+12 6.75381e+12 6.0854e+12 4.48923e+12 2.63657e+12 1.24906e+12 4.52187e+11 1.18546e+11 2.10994e+10 2.23078e+09 1.03292e+08 0 0 0 0 0 0 0 0 0 0 0 0 0 0 0 0 0 0 0 0 0 0 0 
0 0 0 0 0 0 0 0 0 0 0 0 0 0 0 0 0 0 0 0 0 0 0 0 2.19979e+08 3.08483e+09 2.06777e+10 8.81666e+10 2.65416e+11 5.98145e+11 1.0418e+12 1.42508e+12 1.61959e+12 1.46238e+12 1.04466e+12 5.97398e+11 2.66941e+11 8.89241e+10 2.10756e+10 3.18767e+09 2.25045e+08 0 0 0 0 0 0 0 0 0 0 0 0 0 0 0 0 0 0 0 0 0 0 0 0 
0 0 0 0 0 0 0 0 0 0 0 0 0 0 0 0 0 0 0 0 0 0 0 0 3.10297e+07 4.40933e+08 3.323e+09 1.62818e+10 5.35299e+10 1.26178e+11 2.30065e+11 3.26091e+11 3.688e+11 3.28906e+11 2.31885e+11 1.27619e+11 5.38448e+10 1.66577e+10 3.41945e+09 4.51997e+08 3.11692e+07 0 0 0 0 0 0 0 0 0 0 0 0 0 0 0 0 0 0 0 0 0 0 0 0 
0 0 0 0 0 0 0 0 0 0 0 0 0 0 0 0 0 0 0 0 0 0 0 0 0 4.38325e+07 5.24942e+08 2.84851e+09 1.0215e+10 2.59151e+10 4.84898e+10 6.97037e+10 7.99877e+10 7.05999e+10 4.93892e+10 2.60102e+10 1.0326e+10 2.93152e+09 5.37309e+08 4.51468e+07 0 0 0 0 0 0 0 0 0 0 0 0 0 0 0 0 0 0 0 0 0 0 0 0 0 
0 0 0 0 0 0 0 0 0 0 0 0 0 0 0 0 0 0 0 0 0 0 0 0 0 8.51276e+06 7.91709e+07 4.63518e+08 1.87144e+09 4.99635e+09 9.93721e+09 1.45693e+10 1.6424e+10 1.4753e+10 9.94835e+09 5.09864e+09 1.92674e+09 4.67628e+08 8.00786e+07 8.488e+06 0 0 0 0 0 0 0 0 0 0 0 0 0 0 0 0 0 0 0 0 0 0 0 0 0 
0 0 0 0 0 0 0 0 0 0 0 0 0 0 0 0 0 0 0 0 0 0 0 0 0 0 7.60302e+06 7.98413e+07 3.3262e+08 9.47941e+08 1.94823e+09 2.93609e+09 3.41222e+09 2.96536e+09 2.00387e+09 9.65696e+08 3.35533e+08 7.99823e+07 7.70899e+06 0 0 0 0 0 0 0 0 0 0 0 0 0 0 0 0 0 0 0 0 0 0 0 0 0 0 
0 0 0 0 0 0 0 0 0 0 0 0 0 0 0 0 0 0 0 0 0 0 0 0 0 0 2.01282e+06 1.26596e+07 5.65912e+07 1.8207e+08 3.81068e+08 5.9085e+08 6.80562e+08 5.95941e+08 3.84628e+08 1.86855e+08 5.57796e+07 1.29727e+07 2.03565e+06 0 0 0 0 0 0 0 0 0 0 0 0 0 0 0 0 0 0 0 0 0 0 0 0 0 0 
0 0 0 0 0 0 0 0 0 0 0 0 0 0 0 0 0 0 0 0 0 0 0 0 0 0 0 1.05049e+06 1.05853e+07 3.28111e+07 7.28104e+07 1.19139e+08 1.36485e+08 1.18716e+08 7.33841e+07 3.28437e+07 1.07466e+07 1.06786e+06 0 0 0 0 0 0 0 0 0 0 0 0 0 0 0 0 0 0 0 0 0 0 0 0 0 0 0 
0 0 0 0 0 0 0 0 0 0 0 0 0 0 0 0 0 0 0 0 0 0 0 0 0 0 0 416203 1.66327e+06 5.48856e+06 1.48185e+07 2.18163e+07 2.83537e+07 2.21461e+07 1.50925e+07 5.53618e+06 1.67203e+06 425635 0 0 0 0 0 0 0 0 0 0 0 0 0 0 0 0 0 0 0 0 0 0 0 0 0 0 0 
0 0 0 0 0 0 0 0 0 0 0 0 0 0 0 0 0 0 0 0 0 0 0 0 0 0 0 0 109661 1.23661e+06 2.4118e+06 4.61409e+06 5.21833e+06 4.69278e+06 2.40637e+06 1.27742e+06 111027 0 0 0 0 0 0 0 0 0 0 0 0 0 0 0 0 0 0 0 0 0 0 0 0 0 0 0 0 
0 0 0 0 0 0 0 0 0 0 0 0 0 0 0 0 0 0 0 0 0 0 0 0 0 0 0 0 72054.7 168168 458568 955810 929646 953498 454697 167137 73777.3 0 0 0 0 0 0 0 0 0 0 0 0 0 0 0 0 0 0 0 0 0 0 0 0 0 0 0 0 
0 0 0 0 0 0 0 0 0 0 0 0 0 0 0 0 0 0 0 0 0 0 0 0 0 0 0 0 0 7346.85 116533 110370 237401 109036 115938 7607.54 0 0 0 0 0 0 0 0 0 0 0 0 0 0 0 0 0 0 0 0 0 0 0 0 0 0 0 0 0 
0 0 0 0 0 0 0 0 0 0 0 0 0 0 0 0 0 0 0 0 0 0 0 0 0 0 0 0 0 9802.45 11016 32469.8 36238.2 31742 11172.5 9884.92 0 0 0 0 0 0 0 0 0 0 0 0 0 0 0 0 0 0 0 0 0 0 0 0 0 0 0 0 0 
0 0 0 0 0 0 0 0 0 0 0 0 0 0 0 0 0 0 0 0 0 0 0 0 0 0 0 0 0 0 260.363 7477.03 2026.22 7529.84 256.559 0 0 0 0 0 0 0 0 0 0 0 0 0 0 0 0 0 0 0 0 0 0 0 0 0 0 0 0 0 0 
0 0 0 0 0 0 0 0 0 0 0 0 0 0 0 0 0 0 0 0 0 0 0 0 0 0 0 0 0 0 984.207 384.352 1920.64 377.806 989.861 0 0 0 0 0 0 0 0 0 0 0 0 0 0 0 0 0 0 0 0 0 0 0 0 0 0 0 0 0 0 
0 0 0 0 0 0 0 0 0 0 0 0 0 0 0 0 0 0 0 0 0 0 0 0 0 0 0 0 0 0 0 0 252.977 0 0 0 0 0 0 0 0 0 0 0 0 0 0 0 0 0 0 0 0 0 0 0 0 0 0 0 0 0 0 0 0 
0 0 0 0 0 0 0 0 0 0 0 0 0 0 0 0 0 0 0 0 0 0 0 0 0 0 0 0 0 0 0 63.493 0 64.568 0 0 0 0 0 0 0 0 0 0 0 0 0 0 0 0 0 0 0 0 0 0 0 0 0 0 0 0 0 0 0 
0 0 0 0 0 0 0 0 0 0 0 0 0 0 0 0 0 0 0 0 0 0 0 0 0 0 0 0 0 0 0 0 0 0 0 0 0 0 0 0 0 0 0 0 0 0 0 0 0 0 0 0 0 0 0 0 0 0 0 0 0 0 0 0 0 
0 0 0 0 0 0 0 0 0 0 0 0 0 0 0 0 0 0 0 0 0 0 0 0 0 0 0 0 0 0 0 0 2.04456 0 0 0 0 0 0 0 0 0 0 0 0 0 0 0 0 0 0 0 0 0 0 0 0 0 0 0 0 0 0 0 0 
