1 0 0 0 0 0 0 0 0 0 0 0 0 0 0 0 1 
0 0 0 0 0 0 0 0 0 0 0 0 0 0 0 0 0 
0 16 0 0 0 0 0 0 0 0 0 0 0 0 0 16 0 
0 0 32.1425 0 0 0 0 0 0 0 0 0 0 0 32.032 0 0 
0 0 87.8575 95.2142 23.5646 0 0 0 8.05361 0 0 0 24.0957 95.6256 87.968 0 0 
0 0 0 255.772 257.047 191.314 96.5532 64.4974 0 63.7125 95.0866 193.429 255.649 256.329 0 0 0 
0 0 0 209.013 732.594 689.348 702.344 623.499 769.297 625.143 704.834 687.956 738.493 208.045 0 0 0 
0 0 0 0 578.116 1659.24 1822.05 1927.47 1606.66 1927.75 1829.99 1662.17 574.639 0 0 0 0 
0 0 0 0 228.678 1253.82 2927.62 3683.57 4378.43 3688.67 2928.55 1252.86 227.122 0 0 0 0 
0 0 0 0 0 445.729 1567.18 3123.92 3248.76 3128.38 1568.02 443.94 0 0 0 0 0 
0 0 0 0 0 128.544 772.045 1389.24 2095.29 1384.7 761.723 127.646 0 0 0 0 0 
0 0 0 0 0 0 64.0372 515.662 578.75 509.387 63.7243 0 0 0 0 0 0 
0 0 0 0 0 0 56.1731 96.2343 119.086 96.3233 56.0754 0 0 0 0 0 0 
0 0 0 0 0 0 0 0 63.6547 0 0 0 0 0 0 0 0 
0 0 0 0 0 0 0 15.9125 0 15.9391 0 0 0 0 0 0 0 
0 0 0 0 0 0 0 0 0 0 0 0 0 0 0 0 0 
0 0 0 0 0 0 0 0 2.02886 0 0 0 0 0 0 0 0 
