1 0 0 0 0 0 0 0 0 0 0 0 0 0 0 0 0 
0 0 0 0 0 0 0 0 0 0 0 0 0 0 0 0 0 
0 16 0 0 0 0 0 0 0 0 0 0 0 0 0 0 0 
0 0 32 0 0 0 0 0 0 0 0 0 0 0 0 0 0 
0 0 88 96.0234 24.0058 0 0 0 8.01177 0 0 0 0 0 0 0 0 
0 0 0 255.953 256.009 192.004 96.0255 64.0942 0 0 0 0 0 0 0 0 0 
0 0 0 208.023 735.997 688.05 704.12 624.117 768.008 0 0 0 0 0 0 0 0 
0 0 0 0 575.955 1663.82 1823.81 1919.49 1600.1 0 0 0 0 0 0 0 0 
0 0 0 0 228.033 1248.06 2928.08 3680.55 4355.62 0 0 0 0 0 0 0 0 
0 0 0 0 0 448.204 1567.72 3135.36 3264.63 0 0 0 0 0 0 0 0 
0 0 0 0 0 127.863 768.261 1392.46 2111.22 0 0 0 0 0 0 0 0 
0 0 0 0 0 0 64.0214 511.962 576.552 0 0 0 0 0 0 0 0 
0 0 0 0 0 0 55.9556 95.9766 119.868 0 0 0 0 0 0 0 0 
0 0 0 0 0 0 0 0 63.9964 0 0 0 0 0 0 0 0 
0 0 0 0 0 0 0 15.9873 0 0 0 0 0 0 0 0 0 
0 0 0 0 0 0 0 0 0 0 0 0 0 0 0 0 0 
0 0 0 0 0 0 0 0 1.99841 0 0 0 0 0 0 0 0 
