1 0 0 0 0 0 0 0 0 0 0 0 0 0 0 0 0 
0 0 0 0 0 0 0 0 0 0 0 0 0 0 0 0 0 
0 16 0 0 0 0 0 0 0 0 0 0 0 0 0 0 0 
0 0 32 0 0 0 0 0 0 0 0 0 0 0 0 0 0 
0 0 88 95.9656 23.9914 0 0 0 8.00563 0 0 0 0 0 0 0 0 
0 0 0 256.069 255.987 191.913 95.9746 64.0451 0 0 0 0 0 0 0 0 0 
0 0 0 207.966 736.035 688.004 704.164 624.054 768.085 0 0 0 0 0 0 0 0 
0 0 0 0 576.002 1664.31 1823.8 1919.87 1599.95 0 0 0 0 0 0 0 0 
0 0 0 0 227.984 1247.83 2927.95 3679.9 4355.18 0 0 0 0 0 0 0 0 
0 0 0 0 0 447.841 1568.29 3135.9 3264.88 0 0 0 0 0 0 0 0 
0 0 0 0 0 128.106 767.778 1392.47 2112.3 0 0 0 0 0 0 0 0 
0 0 0 0 0 0 63.9911 511.786 575.7 0 0 0 0 0 0 0 0 
0 0 0 0 0 0 56.0557 95.9563 119.933 0 0 0 0 0 0 0 0 
0 0 0 0 0 0 0 0 63.9642 0 0 0 0 0 0 0 0 
0 0 0 0 0 0 0 16.0159 0 0 0 0 0 0 0 0 0 
0 0 0 0 0 0 0 0 0 0 0 0 0 0 0 0 0 
0 0 0 0 0 0 0 0 2.00199 0 0 0 0 0 0 0 0 
