1 0 0 0 0 0 0 0 0 0 0 0 0 0 0 0 0 
0 0 0 0 0 0 0 0 0 0 0 0 0 0 0 0 0 
0 16 0 0 0 0 0 0 0 0 0 0 0 0 0 0 0 
0 0 32 0 0 0 0 0 0 0 0 0 0 0 0 0 0 
0 0 88 95.9915 23.9979 0 0 0 7.99528 0 0 0 0 0 0 0 0 
0 0 0 256.017 256.02 191.988 95.9842 63.9623 0 0 0 0 0 0 0 0 0 
0 0 0 207.992 735.933 688.142 704 624.235 767.884 0 0 0 0 0 0 0 0 
0 0 0 0 576.083 1663.86 1824.33 1919.59 1599.9 0 0 0 0 0 0 0 0 
0 0 0 0 227.966 1247.82 2927.78 3680.96 4356.53 0 0 0 0 0 0 0 0 
0 0 0 0 0 448.269 1567.46 3134.89 3263.82 0 0 0 0 0 0 0 0 
0 0 0 0 0 127.919 768.464 1392.07 2111.65 0 0 0 0 0 0 0 0 
0 0 0 0 0 0 64.0559 512.241 576.365 0 0 0 0 0 0 0 0 
0 0 0 0 0 0 55.9312 96.0767 119.843 0 0 0 0 0 0 0 0 
0 0 0 0 0 0 0 0 64.0162 0 0 0 0 0 0 0 0 
0 0 0 0 0 0 0 15.9803 0 0 0 0 0 0 0 0 0 
0 0 0 0 0 0 0 0 0 0 0 0 0 0 0 0 0 
0 0 0 0 0 0 0 0 1.99754 0 0 0 0 0 0 0 0 
