1 0 0 0 0 0 0 0 0 0 0 0 0 0 0 0 0 
0 0 0 0 0 0 0 0 0 0 0 0 0 0 0 0 0 
0 16 0 0 0 0 0 0 0 0 0 0 0 0 0 0 0 
0 0 32 0 0 0 0 0 0 0 0 0 0 0 0 0 0 
0 0 88 96.0236 24.0059 0 0 0 7.99654 0 0 0 0 0 0 0 0 
0 0 0 255.953 256.157 192.136 96.1442 63.9723 0 0 0 0 0 0 0 0 0 
0 0 0 208.024 735.73 687.921 703.712 624.054 767.994 0 0 0 0 0 0 0 0 
0 0 0 0 576.045 1663.79 1824.68 1920.1 1599.79 0 0 0 0 0 0 0 0 
0 0 0 0 228.062 1248.04 2927.07 3680.33 4356.57 0 0 0 0 0 0 0 0 
0 0 0 0 0 448.192 1568.13 3135.19 3263.5 0 0 0 0 0 0 0 0 
0 0 0 0 0 127.925 768.339 1392.1 2112.03 0 0 0 0 0 0 0 0 
0 0 0 0 0 0 63.9627 512.273 576.193 0 0 0 0 0 0 0 0 
0 0 0 0 0 0 55.9606 95.9953 119.965 0 0 0 0 0 0 0 0 
0 0 0 0 0 0 0 0 63.9558 0 0 0 0 0 0 0 0 
0 0 0 0 0 0 0 15.9888 0 0 0 0 0 0 0 0 0 
0 0 0 0 0 0 0 0 0 0 0 0 0 0 0 0 0 
0 0 0 0 0 0 0 0 1.99859 0 0 0 0 0 0 0 0 
