1 0 0 0 0 0 0 0 0 0 0 0 0 0 0 0 0 
0 0 0 0 0 0 0 0 0 0 0 0 0 0 0 0 0 
0 16 0 0 0 0 0 0 0 0 0 0 0 0 0 0 0 
0 0 32 0 0 0 0 0 0 0 0 0 0 0 0 0 0 
0 0 88 96.0157 24.0039 0 0 0 7.9841 0 0 0 0 0 0 0 0 
0 0 0 255.969 256.044 192.028 96.0241 63.8728 0 0 0 0 0 0 0 0 0 
0 0 0 208.016 735.9 687.83 703.769 624.234 768.079 0 0 0 0 0 0 0 0 
0 0 0 0 576.053 1664.2 1824.17 1920.08 1599.57 0 0 0 0 0 0 0 0 
0 0 0 0 228 1247.97 2928.29 3679.5 4356.85 0 0 0 0 0 0 0 0 
0 0 0 0 0 447.986 1567.7 3136.3 3263.72 0 0 0 0 0 0 0 0 
0 0 0 0 0 127.981 768.059 1392.21 2111.66 0 0 0 0 0 0 0 0 
0 0 0 0 0 0 63.9883 511.782 576.028 0 0 0 0 0 0 0 0 
0 0 0 0 0 0 55.9983 96.0254 120.055 0 0 0 0 0 0 0 0 
0 0 0 0 0 0 0 0 64.0655 0 0 0 0 0 0 0 0 
0 0 0 0 0 0 0 15.9995 0 0 0 0 0 0 0 0 0 
0 0 0 0 0 0 0 0 0 0 0 0 0 0 0 0 0 
0 0 0 0 0 0 0 0 1.99994 0 0 0 0 0 0 0 0 
