1 0 0 0 0 0 0 0 0 0 0 0 0 0 0 0 0 
0 0 0 0 0 0 0 0 0 0 0 0 0 0 0 0 0 
0 16 0 0 0 0 0 0 0 0 0 0 0 0 0 0 0 
0 0 32 0 0 0 0 0 0 0 0 0 0 0 0 0 0 
0 0 88 95.977 23.9942 0 0 0 7.99149 0 0 0 0 0 0 0 0 
0 0 0 256.046 255.917 192.066 96.0702 63.9319 0 0 0 0 0 0 0 0 0 
0 0 0 207.977 736.148 687.875 703.892 624.347 767.827 0 0 0 0 0 0 0 0 
0 0 0 0 575.976 1663.8 1824.26 1919.83 1600.02 0 0 0 0 0 0 0 0 
0 0 0 0 227.965 1248.4 2927.36 3680.08 4356.8 0 0 0 0 0 0 0 0 
0 0 0 0 0 447.992 1568.33 3135.75 3263.51 0 0 0 0 0 0 0 0 
0 0 0 0 0 127.876 768.252 1391.54 2111.45 0 0 0 0 0 0 0 0 
0 0 0 0 0 0 63.9179 512.558 576.355 0 0 0 0 0 0 0 0 
0 0 0 0 0 0 55.9177 95.9925 120.058 0 0 0 0 0 0 0 0 
0 0 0 0 0 0 0 0 63.9915 0 0 0 0 0 0 0 0 
0 0 0 0 0 0 0 15.9765 0 0 0 0 0 0 0 0 0 
0 0 0 0 0 0 0 0 0 0 0 0 0 0 0 0 0 
0 0 0 0 0 0 0 0 1.99706 0 0 0 0 0 0 0 0 
