1 0 0 0 0 0 0 0 0 0 0 0 0 0 0 0 0 
0 0 0 0 0 0 0 0 0 0 0 0 0 0 0 0 0 
0 16 0 0 0 0 0 0 0 0 0 0 0 0 0 0 0 
0 0 32 0 0 0 0 0 0 0 0 0 0 0 0 0 0 
0 0 88 96.04 24.01 0 0 0 8.00559 0 0 0 0 0 0 0 0 
0 0 0 255.92 256.043 191.964 95.9961 64.0447 0 0 0 0 0 0 0 0 0 
0 0 0 208.04 735.949 687.945 703.734 623.356 767.49 0 0 0 0 0 0 0 0 
0 0 0 0 575.934 1664.33 1824.36 1920.81 1599.35 0 0 0 0 0 0 0 0 
0 0 0 0 228.065 1247.73 2928.44 3680.09 4358.52 0 0 0 0 0 0 0 0 
0 0 0 0 0 447.953 1567.21 3136 3263.13 0 0 0 0 0 0 0 0 
0 0 0 0 0 128.079 768.214 1391.55 2111.38 0 0 0 0 0 0 0 0 
0 0 0 0 0 0 63.9778 512.039 576.067 0 0 0 0 0 0 0 0 
0 0 0 0 0 0 56.0624 96.0824 119.982 0 0 0 0 0 0 0 0 
0 0 0 0 0 0 0 0 64.0617 0 0 0 0 0 0 0 0 
0 0 0 0 0 0 0 16.0178 0 0 0 0 0 0 0 0 0 
0 0 0 0 0 0 0 0 0 0 0 0 0 0 0 0 0 
0 0 0 0 0 0 0 0 2.00223 0 0 0 0 0 0 0 0 
