1 0 0 0 0 0 0 0 0 0 0 0 0 0 0 0 0 
0 0 0 0 0 0 0 0 0 0 0 0 0 0 0 0 0 
0 16 0 0 0 0 0 0 0 0 0 0 0 0 0 0 0 
0 0 32 0 0 0 0 0 0 0 0 0 0 0 0 0 0 
0 0 88 96.0192 24.0048 0 0 0 7.99229 0 0 0 0 0 0 0 0 
0 0 0 255.962 256.008 191.986 95.9623 63.9383 0 0 0 0 0 0 0 0 0 
0 0 0 208.019 735.955 688.086 704.12 624.212 767.902 0 0 0 0 0 0 0 0 
0 0 0 0 576.046 1663.84 1824.58 1919.75 1599.67 0 0 0 0 0 0 0 0 
0 0 0 0 227.986 1248.04 2926.79 3680.03 4356.62 0 0 0 0 0 0 0 0 
0 0 0 0 0 448.118 1568.29 3135.85 3264.14 0 0 0 0 0 0 0 0 
0 0 0 0 0 127.926 768.318 1392.53 2111.84 0 0 0 0 0 0 0 0 
0 0 0 0 0 0 63.9928 511.64 575.743 0 0 0 0 0 0 0 0 
0 0 0 0 0 0 55.951 96.0646 120.078 0 0 0 0 0 0 0 0 
0 0 0 0 0 0 0 0 64.0166 0 0 0 0 0 0 0 0 
0 0 0 0 0 0 0 15.986 0 0 0 0 0 0 0 0 0 
0 0 0 0 0 0 0 0 0 0 0 0 0 0 0 0 0 
0 0 0 0 0 0 0 0 1.99825 0 0 0 0 0 0 0 0 
