1 0 0 0 0 0 0 0 0 0 0 0 0 0 0 0 0 
0 0 0 0 0 0 0 0 0 0 0 0 0 0 0 0 0 
0 16 0 0 0 0 0 0 0 0 0 0 0 0 0 0 0 
0 0 32 0 0 0 0 0 0 0 0 0 0 0 0 0 0 
0 0 88 95.9787 23.9947 0 0 0 7.96601 0 0 0 0 0 0 0 0 
0 0 0 256.043 255.892 191.969 95.9329 63.728 0 0 0 0 0 0 0 0 0 
0 0 0 207.979 736.245 688.049 703.741 624.14 768.097 0 0 0 0 0 0 0 0 
0 0 0 0 575.856 1664.07 1824.63 1920.14 1599.6 0 0 0 0 0 0 0 0 
0 0 0 0 228.013 1247.87 2927.79 3680.71 4356.68 0 0 0 0 0 0 0 0 
0 0 0 0 0 447.999 1567.97 3135.12 3263.71 0 0 0 0 0 0 0 0 
0 0 0 0 0 128.039 767.891 1391.98 2112.06 0 0 0 0 0 0 0 0 
0 0 0 0 0 0 64.0213 512.247 575.725 0 0 0 0 0 0 0 0 
0 0 0 0 0 0 56.0225 95.9335 120.145 0 0 0 0 0 0 0 0 
0 0 0 0 0 0 0 0 64.0106 0 0 0 0 0 0 0 0 
0 0 0 0 0 0 0 16.0064 0 0 0 0 0 0 0 0 0 
0 0 0 0 0 0 0 0 0 0 0 0 0 0 0 0 0 
0 0 0 0 0 0 0 0 2.0008 0 0 0 0 0 0 0 0 
