1 0 0 0 0 0 0 0 0 0 0 0 0 0 0 0 0 0 0 0 0 0 0 0 0 0 0 0 0 0 0 0 0 0 0 0 0 0 0 0 0 0 0 0 0 0 0 0 0 0 0 0 0 0 0 0 0 0 0 0 0 0 0 0 0 
0 0 0 0 0 0 0 0 0 0 0 0 0 0 0 0 0 0 0 0 0 0 0 0 0 0 0 0 0 0 0 0 0 0 0 0 0 0 0 0 0 0 0 0 0 0 0 0 0 0 0 0 0 0 0 0 0 0 0 0 0 0 0 0 0 
0 64 0 0 0 0 0 0 0 0 0 0 0 0 0 0 0 0 0 0 0 0 0 0 0 0 0 0 0 0 0 0 0 0 0 0 0 0 0 0 0 0 0 0 0 0 0 0 0 0 0 0 0 0 0 0 0 0 0 0 0 0 0 0 0 
0 0 128 0 0 0 0 0 0 0 0 0 0 0 0 0 0 0 0 0 0 0 0 0 0 0 0 0 0 0 0 0 0 0 0 0 0 0 0 0 0 0 0 0 0 0 0 0 0 0 0 0 0 0 0 0 0 0 0 0 0 0 0 0 0 
0 0 1888 388.789 64.053 0 0 0 0 0 0 0 0 0 0 0 0 0 0 0 0 0 0 0 0 0 0 0 0 0 0 0 0 0 0 0 0 0 0 0 0 0 0 0 0 0 0 0 0 0 0 0 0 0 0 0 0 0 0 0 0 0 0 0 0 
0 0 0 7158.42 1213.85 543.615 127.345 0 0 0 0 0 0 0 0 0 0 0 0 0 0 0 0 0 0 0 0 0 0 0 0 0 0 0 0 0 0 0 0 0 0 0 0 0 0 0 0 0 0 0 0 0 0 0 0 0 0 0 0 0 0 0 0 0 0 
0 0 0 34116.8 27518.3 6889.28 2540.69 1314.61 350.021 69.0855 0 0 0 0 0 0 0 0 0 0 0 0 0 0 0 0 0 0 0 0 0 0 0 0 0 0 0 0 0 0 0 0 0 0 0 0 0 0 0 0 0 0 0 0 0 0 0 0 0 0 0 0 0 0 0 
0 0 0 0 183114 98071.9 43325 17230.2 7840.2 3983.48 1730.67 551.294 109.281 0 0 0 0 0 0 0 0 0 0 0 0 0 0 0 0 0 0 0 0 0 0 0 0 0 0 0 0 0 0 0 0 0 0 0 0 0 0 0 0 0 0 0 0 0 0 0 0 0 0 0 0 
0 0 0 0 423466 832117 416441 216728 115228 57320.4 30407.4 19002 9413.91 4230.61 1420.79 363.459 137.232 0 0 0 0 0 0 0 16.4529 0 0 0 0 0 0 0 15.3805 0 0 0 0 0 0 0 0 0 0 0 0 0 0 0 0 0 0 0 0 0 0 0 0 0 0 0 0 0 0 0 0 
0 0 0 0 0 2.85224e+06 3.33965e+06 1.99106e+06 1.18608e+06 710015 406781 247729 148906 92442.3 55002 27453 10200.7 7395.65 2198.57 742.252 260.868 268.803 469.254 246.843 0 204.623 235.973 232.061 209.312 131.422 262.419 279.402 0 0 0 0 0 0 0 0 0 0 0 0 0 0 0 0 0 0 0 0 0 0 0 0 0 0 0 0 0 0 0 0 0 
0 0 0 0 0 3.83466e+06 1.46118e+07 1.37641e+07 9.31645e+06 6.25658e+06 4.08071e+06 2.66101e+06 1.79247e+06 1.11581e+06 758302 472100 330968 206441 123216 62688.5 35026.7 22287.3 17044.1 11386.6 11576.4 9726.54 9620.61 8694.76 6837.98 9169.2 8578.19 9250.99 10620.5 0 0 0 0 0 0 0 0 0 0 0 0 0 0 0 0 0 0 0 0 0 0 0 0 0 0 0 0 0 0 0 0 
0 0 0 0 0 0 3.0263e+07 6.38332e+07 5.7943e+07 4.36392e+07 3.15806e+07 2.16386e+07 1.6542e+07 1.16841e+07 8.4997e+06 5.94414e+06 4.24745e+06 2.79791e+06 2.04572e+06 1.46587e+06 1.02938e+06 728361 511937 411503 281187 251628 224963 243098 217644 240312 201253 217377 189109 0 0 0 0 0 0 0 0 0 0 0 0 0 0 0 0 0 0 0 0 0 0 0 0 0 0 0 0 0 0 0 0 
0 0 0 0 0 0 2.62974e+07 1.68814e+08 2.63917e+08 2.45249e+08 1.98989e+08 1.57932e+08 1.22542e+08 9.40441e+07 7.12766e+07 5.14849e+07 4.12406e+07 3.13481e+07 2.33483e+07 1.87375e+07 1.4513e+07 1.11195e+07 8.37909e+06 6.4636e+06 5.30475e+06 4.18432e+06 4.0819e+06 3.79415e+06 3.4694e+06 3.40223e+06 3.63843e+06 3.03016e+06 3.24801e+06 0 0 0 0 0 0 0 0 0 0 0 0 0 0 0 0 0 0 0 0 0 0 0 0 0 0 0 0 0 0 0 0 
0 0 0 0 0 0 0 2.32718e+08 7.83605e+08 1.07479e+09 1.04033e+09 8.94337e+08 7.38133e+08 6.03592e+08 4.79755e+08 3.90675e+08 3.16521e+08 2.58159e+08 2.1728e+08 1.60323e+08 1.39177e+08 1.07285e+08 8.94061e+07 7.68442e+07 6.75793e+07 5.53016e+07 5.20821e+07 4.90498e+07 4.48209e+07 4.17893e+07 3.91327e+07 3.59435e+07 3.55937e+07 0 0 0 0 0 0 0 0 0 0 0 0 0 0 0 0 0 0 0 0 0 0 0 0 0 0 0 0 0 0 0 0 
0 0 0 0 0 0 0 1.39861e+08 1.38497e+09 3.27575e+09 4.29719e+09 4.35083e+09 4.02741e+09 3.43984e+09 2.96102e+09 2.56427e+09 2.12694e+09 1.7932e+09 1.44561e+09 1.29374e+09 1.05885e+09 9.40418e+08 7.92748e+08 7.02614e+08 5.7908e+08 5.3232e+08 5.0047e+08 4.68608e+08 4.49324e+08 3.97893e+08 3.64843e+08 3.76526e+08 3.78737e+08 0 0 0 0 0 0 0 0 0 0 0 0 0 0 0 0 0 0 0 0 0 0 0 0 0 0 0 0 0 0 0 0 
0 0 0 0 0 0 0 0 1.33741e+09 6.70004e+09 1.31203e+10 1.69233e+10 1.77872e+10 1.74238e+10 1.5703e+10 1.41355e+10 1.2221e+10 1.05939e+10 9.3184e+09 8.52628e+09 7.29647e+09 6.49199e+09 5.93957e+09 5.12485e+09 4.46899e+09 4.26813e+09 4.00566e+09 3.69626e+09 3.24262e+09 3.17649e+09 3.09885e+09 2.9856e+09 3.02946e+09 0 0 0 0 0 0 0 0 0 0 0 0 0 0 0 0 0 0 0 0 0 0 0 0 0 0 0 0 0 0 0 0 
0 0 0 0 0 0 0 0 5.87696e+08 8.30988e+09 2.8392e+10 5.00084e+10 6.44897e+10 6.95663e+10 7.06183e+10 6.78421e+10 6.33483e+10 5.78902e+10 5.37202e+10 4.80144e+10 4.45241e+10 3.95223e+10 3.57126e+10 3.21177e+10 3.13437e+10 2.95439e+10 2.66728e+10 2.46441e+10 2.30146e+10 2.22854e+10 2.09504e+10 2.10275e+10 2.15034e+10 0 0 0 0 0 0 0 0 0 0 0 0 0 0 0 0 0 0 0 0 0 0 0 0 0 0 0 0 0 0 0 0 
0 0 0 0 0 0 0 0 0 5.91909e+09 4.08391e+10 1.11798e+11 1.86927e+11 2.43156e+11 2.68993e+11 2.81709e+11 2.82114e+11 2.79146e+11 2.60424e+11 2.44044e+11 2.29158e+11 2.16796e+11 1.99537e+11 1.90401e+11 1.75377e+11 1.6115e+11 1.52805e+11 1.43295e+11 1.41303e+11 1.38782e+11 1.37472e+11 1.34482e+11 1.31331e+11 0 0 0 0 0 0 0 0 0 0 0 0 0 0 0 0 0 0 0 0 0 0 0 0 0 0 0 0 0 0 0 0 
0 0 0 0 0 0 0 0 0 1.96512e+09 3.78428e+10 1.73771e+11 4.10426e+11 6.70463e+11 8.89744e+11 1.00679e+12 1.0786e+12 1.10323e+12 1.11353e+12 1.09142e+12 1.05769e+12 1.02714e+12 9.8114e+11 9.48925e+11 8.98972e+11 8.60226e+11 8.32178e+11 8.13166e+11 7.76793e+11 7.62422e+11 7.46446e+11 7.43099e+11 7.37472e+11 0 0 0 0 0 0 0 0 0 0 0 0 0 0 0 0 0 0 0 0 0 0 0 0 0 0 0 0 0 0 0 0 
0 0 0 0 0 0 0 0 0 0 2.0421e+10 1.87031e+11 6.71711e+11 1.43963e+12 2.28923e+12 3.08701e+12 3.63226e+12 4.03943e+12 4.25133e+12 4.4295e+12 4.46107e+12 4.37282e+12 4.30041e+12 4.27453e+12 4.21966e+12 4.05785e+12 3.98842e+12 3.85943e+12 3.86371e+12 3.78969e+12 3.75266e+12 3.62159e+12 3.61489e+12 0 0 0 0 0 0 0 0 0 0 0 0 0 0 0 0 0 0 0 0 0 0 0 0 0 0 0 0 0 0 0 0 
0 0 0 0 0 0 0 0 0 0 5.2854e+09 1.31219e+11 7.83701e+11 2.37309e+12 4.81879e+12 7.6242e+12 1.03557e+13 1.25777e+13 1.43804e+13 1.55722e+13 1.64061e+13 1.68981e+13 1.74012e+13 1.74968e+13 1.72095e+13 1.73768e+13 1.71281e+13 1.67885e+13 1.69755e+13 1.68713e+13 1.67362e+13 1.64909e+13 1.67093e+13 0 0 0 0 0 0 0 0 0 0 0 0 0 0 0 0 0 0 0 0 0 0 0 0 0 0 0 0 0 0 0 0 
0 0 0 0 0 0 0 0 0 0 0 5.58555e+10 6.46659e+11 2.95789e+12 7.98467e+12 1.53465e+13 2.40565e+13 3.33499e+13 4.15758e+13 4.84715e+13 5.37734e+13 5.90216e+13 6.10875e+13 6.31364e+13 6.51725e+13 6.52622e+13 6.60792e+13 6.83101e+13 6.79548e+13 6.7696e+13 6.6542e+13 6.79168e+13 6.84605e+13 0 0 0 0 0 0 0 0 0 0 0 0 0 0 0 0 0 0 0 0 0 0 0 0 0 0 0 0 0 0 0 0 
0 0 0 0 0 0 0 0 0 0 0 1.15616e+10 3.54975e+11 2.65012e+12 9.97288e+12 2.50741e+13 4.74025e+13 7.35577e+13 1.01943e+14 1.2897e+14 1.54653e+14 1.73961e+14 1.95281e+14 2.06446e+14 2.18121e+14 2.3152e+14 2.33479e+14 2.40531e+14 2.44266e+14 2.47972e+14 2.55624e+14 2.53213e+14 2.5365e+14 0 0 0 0 0 0 0 0 0 0 0 0 0 0 0 0 0 0 0 0 0 0 0 0 0 0 0 0 0 0 0 0 
0 0 0 0 0 0 0 0 0 0 0 0 1.21988e+11 1.71326e+12 9.59886e+12 3.15466e+13 7.32216e+13 1.35291e+14 2.11616e+14 2.98135e+14 3.83593e+14 4.66832e+14 5.40686e+14 6.10109e+14 6.62728e+14 7.07194e+14 7.55902e+14 7.80144e+14 7.93081e+14 8.217e+14 8.32148e+14 8.54892e+14 8.4197e+14 0 0 0 0 0 0 0 0 0 0 0 0 0 0 0 0 0 0 0 0 0 0 0 0 0 0 0 0 0 0 0 0 
0 0 0 0 0 0 0 0 0 0 0 0 2.06451e+10 7.54956e+11 6.8203e+12 3.08177e+13 9.24677e+13 2.05824e+14 3.72505e+14 5.84354e+14 8.25099e+14 1.07832e+15 1.31655e+15 1.55304e+15 1.76795e+15 1.97291e+15 2.1305e+15 2.27301e+15 2.38026e+15 2.44025e+15 2.53085e+15 2.48639e+15 2.5439e+15 0 0 0 0 0 0 0 0 0 0 0 0 0 0 0 0 0 0 0 0 0 0 0 0 0 0 0 0 0 0 0 0 
0 0 0 0 0 0 0 0 0 0 0 0 0 2.13134e+11 3.50845e+12 2.3493e+13 9.16191e+13 2.51473e+14 5.40565e+14 9.56207e+14 1.50097e+15 2.12031e+15 2.81711e+15 3.50978e+15 4.13878e+15 4.758e+15 5.32869e+15 5.7988e+15 6.2539e+15 6.54396e+15 6.64394e+15 6.84671e+15 6.8602e+15 0 0 0 0 0 0 0 0 0 0 0 0 0 0 0 0 0 0 0 0 0 0 0 0 0 0 0 0 0 0 0 0 
0 0 0 0 0 0 0 0 0 0 0 0 0 3.00275e+10 1.27953e+12 1.34374e+13 7.1177e+13 2.4855e+14 6.38143e+14 1.32572e+15 2.3286e+15 3.66708e+15 5.18863e+15 6.88644e+15 8.64467e+15 1.0296e+16 1.19665e+16 1.34266e+16 1.448e+16 1.5241e+16 1.61376e+16 1.66262e+16 1.67975e+16 0 0 0 0 0 0 0 0 0 0 0 0 0 0 0 0 0 0 0 0 0 0 0 0 0 0 0 0 0 0 0 0 
0 0 0 0 0 0 0 0 0 0 0 0 0 0 2.98453e+11 5.62389e+12 4.3579e+13 1.95208e+14 6.19071e+14 1.51698e+15 3.03419e+15 5.26665e+15 8.19996e+15 1.16749e+16 1.55922e+16 1.96222e+16 2.33148e+16 2.67466e+16 3.00129e+16 3.28515e+16 3.49282e+16 3.60518e+16 3.62068e+16 0 0 0 0 0 0 0 0 0 0 0 0 0 0 0 0 0 0 0 0 0 0 0 0 0 0 0 0 0 0 0 0 
0 0 0 0 0 0 0 0 0 0 0 0 0 0 3.59579e+10 1.71681e+12 2.01959e+13 1.23665e+14 4.869e+14 1.42314e+15 3.33166e+15 6.49639e+15 1.11431e+16 1.71016e+16 2.42739e+16 3.19368e+16 4.01789e+16 4.83938e+16 5.53201e+16 6.18685e+16 6.61914e+16 6.84549e+16 6.94063e+16 0 0 0 0 0 0 0 0 0 0 0 0 0 0 0 0 0 0 0 0 0 0 0 0 0 0 0 0 0 0 0 0 
0 0 0 0 0 0 0 0 0 0 0 0 0 0 0 3.42765e+11 7.18515e+12 6.13074e+13 3.10692e+14 1.10003e+15 3.01742e+15 6.70937e+15 1.27453e+16 2.15187e+16 3.27016e+16 4.63955e+16 6.06519e+16 7.51659e+16 8.8891e+16 1.00611e+17 1.08761e+17 1.16132e+17 1.18027e+17 0 0 0 0 0 0 0 0 0 0 0 0 0 0 0 0 0 0 0 0 0 0 0 0 0 0 0 0 0 0 0 0 
0 0 0 0 0 0 0 0 0 0 0 0 0 0 0 3.54857e+10 1.84563e+12 2.4e+13 1.62468e+14 7.06823e+14 2.26065e+15 5.82346e+15 1.24567e+16 2.305e+16 3.78605e+16 5.66338e+16 7.89799e+16 1.02336e+17 1.25699e+17 1.45679e+17 1.63063e+17 1.70548e+17 1.75533e+17 0 0 0 0 0 0 0 0 0 0 0 0 0 0 0 0 0 0 0 0 0 0 0 0 0 0 0 0 0 0 0 0 
0 0 0 0 0 0 0 0 0 0 0 0 0 0 0 0 3.20705e+11 7.20862e+12 6.70414e+13 3.71897e+14 1.44709e+15 4.2789e+15 1.03886e+16 2.12002e+16 3.8176e+16 6.12101e+16 9.00429e+16 1.21544e+17 1.54136e+17 1.83455e+17 2.08188e+17 2.24543e+17 2.29272e+17 0 0 0 0 0 0 0 0 0 0 0 0 0 0 0 0 0 0 0 0 0 0 0 0 0 0 0 0 0 0 0 0 
0 0 0 0 0 0 0 0 0 0 0 0 0 0 0 0 2.94642e+10 1.60294e+12 2.20779e+13 1.60907e+14 7.56311e+14 2.63642e+15 7.19134e+15 1.65904e+16 3.25592e+16 5.63952e+16 8.69779e+16 1.248e+17 1.64291e+17 2.01996e+17 2.31664e+17 2.5533e+17 2.602e+17 0 0 0 0 0 0 0 0 0 0 0 0 0 0 0 0 0 0 0 0 0 0 0 0 0 0 0 0 0 0 0 0 
0 0 0 0 0 0 0 0 0 0 0 0 0 0 0 0 0 2.43319e+11 5.74257e+12 5.64338e+13 3.32455e+14 1.38142e+15 4.37792e+15 1.11003e+16 2.38443e+16 4.45596e+16 7.45112e+16 1.11745e+17 1.53475e+17 1.95006e+17 2.30372e+17 2.50645e+17 2.60738e+17 0 0 0 0 0 0 0 0 0 0 0 0 0 0 0 0 0 0 0 0 0 0 0 0 0 0 0 0 0 0 0 0 
0 0 0 0 0 0 0 0 0 0 0 0 0 0 0 0 0 2.00565e+10 1.1133e+12 1.60113e+13 1.22602e+14 6.04899e+14 2.21487e+15 6.39876e+15 1.52798e+16 3.10895e+16 5.50529e+16 8.6946e+16 1.23809e+17 1.62515e+17 1.95144e+17 2.19671e+17 2.29037e+17 0 0 0 0 0 0 0 0 0 0 0 0 0 0 0 0 0 0 0 0 0 0 0 0 0 0 0 0 0 0 0 0 
0 0 0 0 0 0 0 0 0 0 0 0 0 0 0 0 0 0 1.52208e+11 3.67139e+12 3.69034e+13 2.25605e+14 9.64782e+14 3.1525e+15 8.33716e+15 1.84811e+16 3.51732e+16 5.8812e+16 8.86544e+16 1.19717e+17 1.4879e+17 1.67292e+17 1.72655e+17 0 0 0 0 0 0 0 0 0 0 0 0 0 0 0 0 0 0 0 0 0 0 0 0 0 0 0 0 0 0 0 0 
0 0 0 0 0 0 0 0 0 0 0 0 0 0 0 0 0 0 1.15236e+10 6.4129e+11 9.33476e+12 7.25406e+13 3.61831e+14 1.35115e+15 3.95371e+15 9.55259e+15 1.97062e+16 3.50969e+16 5.51504e+16 7.75053e+16 9.7248e+16 1.11855e+17 1.17527e+17 0 0 0 0 0 0 0 0 0 0 0 0 0 0 0 0 0 0 0 0 0 0 0 0 0 0 0 0 0 0 0 0 
0 0 0 0 0 0 0 0 0 0 0 0 0 0 0 0 0 0 0 7.84409e+10 1.88028e+12 1.90727e+13 1.18334e+14 5.02964e+14 1.66815e+15 4.4226e+15 9.78365e+15 1.84267e+16 3.01311e+16 4.36595e+16 5.70863e+16 6.70442e+16 7.00461e+16 0 0 0 0 0 0 0 0 0 0 0 0 0 0 0 0 0 0 0 0 0 0 0 0 0 0 0 0 0 0 0 0 
0 0 0 0 0 0 0 0 0 0 0 0 0 0 0 0 0 0 0 5.72296e+09 2.9746e+11 4.26883e+12 3.28179e+13 1.66381e+14 6.08559e+14 1.76583e+15 4.22053e+15 8.57261e+15 1.47918e+16 2.23012e+16 2.98164e+16 3.49433e+16 3.72676e+16 0 0 0 0 0 0 0 0 0 0 0 0 0 0 0 0 0 0 0 0 0 0 0 0 0 0 0 0 0 0 0 0 
0 0 0 0 0 0 0 0 0 0 0 0 0 0 0 0 0 0 0 0 3.3044e+10 7.83272e+11 7.73454e+12 4.69994e+13 1.99056e+14 6.3719e+14 1.6362e+15 3.53226e+15 6.37469e+15 1.0015e+16 1.35958e+16 1.63615e+16 1.75166e+16 0 0 0 0 0 0 0 0 0 0 0 0 0 0 0 0 0 0 0 0 0 0 0 0 0 0 0 0 0 0 0 0 
0 0 0 0 0 0 0 0 0 0 0 0 0 0 0 0 0 0 0 0 2.37016e+09 1.13521e+11 1.57291e+12 1.15707e+13 5.68969e+13 2.0567e+14 5.77052e+14 1.28687e+15 2.5117e+15 4.03278e+15 5.73067e+15 7.04764e+15 7.47066e+15 0 0 0 0 0 0 0 0 0 0 0 0 0 0 0 0 0 0 0 0 0 0 0 0 0 0 0 0 0 0 0 0 
0 0 0 0 0 0 0 0 0 0 0 0 0 0 0 0 0 0 0 0 0 1.18565e+10 2.59831e+11 2.5088e+12 1.42385e+13 5.81958e+13 1.80172e+14 4.41906e+14 8.8551e+14 1.51538e+15 2.15644e+15 2.65664e+15 2.8637e+15 0 0 0 0 0 0 0 0 0 0 0 0 0 0 0 0 0 0 0 0 0 0 0 0 0 0 0 0 0 0 0 0 
0 0 0 0 0 0 0 0 0 0 0 0 0 0 0 0 0 0 0 0 0 9.13755e+08 3.61365e+10 4.63932e+11 3.20796e+12 1.49113e+13 5.0789e+13 1.32625e+14 2.8207e+14 4.95938e+14 7.37659e+14 9.37998e+14 1.01178e+15 0 0 0 0 0 0 0 0 0 0 0 0 0 0 0 0 0 0 0 0 0 0 0 0 0 0 0 0 0 0 0 0 
0 0 0 0 0 0 0 0 0 0 0 0 0 0 0 0 0 0 0 0 0 0 3.59318e+09 7.16481e+10 6.38962e+11 3.41151e+12 1.26483e+13 3.67767e+13 8.3281e+13 1.52745e+14 2.35702e+14 3.00525e+14 3.26643e+14 0 0 0 0 0 0 0 0 0 0 0 0 0 0 0 0 0 0 0 0 0 0 0 0 0 0 0 0 0 0 0 0 
0 0 0 0 0 0 0 0 0 0 0 0 0 0 0 0 0 0 0 0 0 0 3.15204e+08 9.59382e+09 1.0861e+11 6.90919e+11 2.98965e+12 9.18571e+12 2.21802e+13 4.27123e+13 6.85566e+13 8.77666e+13 9.73657e+13 0 0 0 0 0 0 0 0 0 0 0 0 0 0 0 0 0 0 0 0 0 0 0 0 0 0 0 0 0 0 0 0 
0 0 0 0 0 0 0 0 0 0 0 0 0 0 0 0 0 0 0 0 0 0 0 9.39579e+08 1.60061e+10 1.30586e+11 6.25725e+11 2.12298e+12 5.45264e+12 1.10329e+13 1.74267e+13 2.41881e+13 2.60039e+13 0 0 0 0 0 0 0 0 0 0 0 0 0 0 0 0 0 0 0 0 0 0 0 0 0 0 0 0 0 0 0 0 
0 0 0 0 0 0 0 0 0 0 0 0 0 0 0 0 0 0 0 0 0 0 0 1.01962e+08 2.18987e+09 2.08901e+10 1.22068e+11 4.63331e+11 1.21634e+12 2.62316e+12 4.42333e+12 6.05625e+12 6.7435e+12 0 0 0 0 0 0 0 0 0 0 0 0 0 0 0 0 0 0 0 0 0 0 0 0 0 0 0 0 0 0 0 0 
0 0 0 0 0 0 0 0 0 0 0 0 0 0 0 0 0 0 0 0 0 0 0 0 2.20535e+08 3.15843e+09 2.18522e+10 9.1133e+10 2.70333e+11 5.88115e+11 1.03515e+12 1.44476e+12 1.56761e+12 0 0 0 0 0 0 0 0 0 0 0 0 0 0 0 0 0 0 0 0 0 0 0 0 0 0 0 0 0 0 0 0 
0 0 0 0 0 0 0 0 0 0 0 0 0 0 0 0 0 0 0 0 0 0 0 0 3.01169e+07 4.4914e+08 3.53189e+09 1.73538e+10 5.61781e+10 1.266e+11 2.32048e+11 3.31382e+11 3.6129e+11 0 0 0 0 0 0 0 0 0 0 0 0 0 0 0 0 0 0 0 0 0 0 0 0 0 0 0 0 0 0 0 0 
0 0 0 0 0 0 0 0 0 0 0 0 0 0 0 0 0 0 0 0 0 0 0 0 0 4.55973e+07 5.51678e+08 3.11793e+09 1.04404e+10 2.75686e+10 4.94998e+10 6.99397e+10 8.0198e+10 0 0 0 0 0 0 0 0 0 0 0 0 0 0 0 0 0 0 0 0 0 0 0 0 0 0 0 0 0 0 0 0 
0 0 0 0 0 0 0 0 0 0 0 0 0 0 0 0 0 0 0 0 0 0 0 0 0 8.26288e+06 8.20025e+07 4.84937e+08 1.97748e+09 5.26093e+09 1.03581e+10 1.47611e+10 1.69918e+10 0 0 0 0 0 0 0 0 0 0 0 0 0 0 0 0 0 0 0 0 0 0 0 0 0 0 0 0 0 0 0 0 
0 0 0 0 0 0 0 0 0 0 0 0 0 0 0 0 0 0 0 0 0 0 0 0 0 0 7.8792e+06 8.39241e+07 3.60082e+08 9.89473e+08 2.12624e+09 3.12226e+09 3.41304e+09 0 0 0 0 0 0 0 0 0 0 0 0 0 0 0 0 0 0 0 0 0 0 0 0 0 0 0 0 0 0 0 0 
0 0 0 0 0 0 0 0 0 0 0 0 0 0 0 0 0 0 0 0 0 0 0 0 0 0 1.97959e+06 1.31145e+07 5.75107e+07 1.94955e+08 4.02029e+08 6.07056e+08 6.83854e+08 0 0 0 0 0 0 0 0 0 0 0 0 0 0 0 0 0 0 0 0 0 0 0 0 0 0 0 0 0 0 0 0 
0 0 0 0 0 0 0 0 0 0 0 0 0 0 0 0 0 0 0 0 0 0 0 0 0 0 0 1.06967e+06 1.10708e+07 3.50429e+07 7.80593e+07 1.30162e+08 1.41822e+08 0 0 0 0 0 0 0 0 0 0 0 0 0 0 0 0 0 0 0 0 0 0 0 0 0 0 0 0 0 0 0 0 
0 0 0 0 0 0 0 0 0 0 0 0 0 0 0 0 0 0 0 0 0 0 0 0 0 0 0 413002 1.68115e+06 5.95614e+06 1.61272e+07 2.28275e+07 3.06855e+07 0 0 0 0 0 0 0 0 0 0 0 0 0 0 0 0 0 0 0 0 0 0 0 0 0 0 0 0 0 0 0 0 
0 0 0 0 0 0 0 0 0 0 0 0 0 0 0 0 0 0 0 0 0 0 0 0 0 0 0 0 111474 1.2751e+06 2.59243e+06 5.09612e+06 5.47273e+06 0 0 0 0 0 0 0 0 0 0 0 0 0 0 0 0 0 0 0 0 0 0 0 0 0 0 0 0 0 0 0 0 
0 0 0 0 0 0 0 0 0 0 0 0 0 0 0 0 0 0 0 0 0 0 0 0 0 0 0 0 71051.1 167732 487165 1.01387e+06 964952 0 0 0 0 0 0 0 0 0 0 0 0 0 0 0 0 0 0 0 0 0 0 0 0 0 0 0 0 0 0 0 0 
0 0 0 0 0 0 0 0 0 0 0 0 0 0 0 0 0 0 0 0 0 0 0 0 0 0 0 0 0 7482.01 117386 120822 257204 0 0 0 0 0 0 0 0 0 0 0 0 0 0 0 0 0 0 0 0 0 0 0 0 0 0 0 0 0 0 0 0 
0 0 0 0 0 0 0 0 0 0 0 0 0 0 0 0 0 0 0 0 0 0 0 0 0 0 0 0 0 9645.8 11290.7 32756.9 39137.9 0 0 0 0 0 0 0 0 0 0 0 0 0 0 0 0 0 0 0 0 0 0 0 0 0 0 0 0 0 0 0 0 
0 0 0 0 0 0 0 0 0 0 0 0 0 0 0 0 0 0 0 0 0 0 0 0 0 0 0 0 0 0 251.616 7759.61 2198.34 0 0 0 0 0 0 0 0 0 0 0 0 0 0 0 0 0 0 0 0 0 0 0 0 0 0 0 0 0 0 0 0 
0 0 0 0 0 0 0 0 0 0 0 0 0 0 0 0 0 0 0 0 0 0 0 0 0 0 0 0 0 0 959.757 384.002 1969.87 0 0 0 0 0 0 0 0 0 0 0 0 0 0 0 0 0 0 0 0 0 0 0 0 0 0 0 0 0 0 0 0 
0 0 0 0 0 0 0 0 0 0 0 0 0 0 0 0 0 0 0 0 0 0 0 0 0 0 0 0 0 0 0 0 251.919 0 0 0 0 0 0 0 0 0 0 0 0 0 0 0 0 0 0 0 0 0 0 0 0 0 0 0 0 0 0 0 0 
0 0 0 0 0 0 0 0 0 0 0 0 0 0 0 0 0 0 0 0 0 0 0 0 0 0 0 0 0 0 0 61.9198 0 0 0 0 0 0 0 0 0 0 0 0 0 0 0 0 0 0 0 0 0 0 0 0 0 0 0 0 0 0 0 0 0 
0 0 0 0 0 0 0 0 0 0 0 0 0 0 0 0 0 0 0 0 0 0 0 0 0 0 0 0 0 0 0 0 0 0 0 0 0 0 0 0 0 0 0 0 0 0 0 0 0 0 0 0 0 0 0 0 0 0 0 0 0 0 0 0 0 
0 0 0 0 0 0 0 0 0 0 0 0 0 0 0 0 0 0 0 0 0 0 0 0 0 0 0 0 0 0 0 0 1.93499 0 0 0 0 0 0 0 0 0 0 0 0 0 0 0 0 0 0 0 0 0 0 0 0 0 0 0 0 0 0 0 0 
