1 0 0 0 0 0 0 0 0 0 0 0 0 0 0 0 0 0 0 0 0 0 0 0 0 0 0 0 0 0 0 0 0 0 0 0 0 0 0 0 0 0 0 0 0 0 0 0 0 0 0 0 0 0 0 0 0 0 0 0 0 0 0 0 0 
0 0 0 0 0 0 0 0 0 0 0 0 0 0 0 0 0 0 0 0 0 0 0 0 0 0 0 0 0 0 0 0 0 0 0 0 0 0 0 0 0 0 0 0 0 0 0 0 0 0 0 0 0 0 0 0 0 0 0 0 0 0 0 0 0 
0 64 0 0 0 0 0 0 0 0 0 0 0 0 0 0 0 0 0 0 0 0 0 0 0 0 0 0 0 0 0 0 0 0 0 0 0 0 0 0 0 0 0 0 0 0 0 0 0 0 0 0 0 0 0 0 0 0 0 0 0 0 0 0 0 
0 0 128 0 0 0 0 0 0 0 0 0 0 0 0 0 0 0 0 0 0 0 0 0 0 0 0 0 0 0 0 0 0 0 0 0 0 0 0 0 0 0 0 0 0 0 0 0 0 0 0 0 0 0 0 0 0 0 0 0 0 0 0 0 0 
0 0 1888 369.28 62.593 0 0 0 0 0 0 0 0 0 0 0 0 0 0 0 0 0 0 0 0 0 0 0 0 0 0 0 0 0 0 0 0 0 0 0 0 0 0 0 0 0 0 0 0 0 0 0 0 0 0 0 0 0 0 0 0 0 0 0 0 
0 0 0 7197.44 1084.63 463.739 109.228 0 0 0 0 0 0 0 0 0 0 0 0 0 0 0 0 0 0 0 0 0 0 0 0 0 0 0 0 0 0 0 0 0 0 0 0 0 0 0 0 0 0 0 0 0 0 0 0 0 0 0 0 0 0 0 0 0 0 
0 0 0 34097.3 27291.7 6843.8 2409.58 1264.67 396.237 59.0007 0 0 0 0 0 0 0 0 0 0 0 0 0 0 0 0 0 0 0 0 0 0 0 0 0 0 0 0 0 0 0 0 0 0 0 0 0 0 0 0 0 0 0 0 0 0 0 0 0 0 0 0 0 0 0 
0 0 0 0 183960 95026.2 41608.7 15851.3 7846.89 5001.82 1923.87 468.29 137.04 0 0 0 0 0 0 0 0 0 0 0 0 0 0 0 0 0 0 0 0 0 0 0 0 0 0 0 0 0 0 0 0 0 0 0 0 0 0 0 0 0 0 0 0 0 0 0 0 0 0 0 0 
0 0 0 0 422977 833218 419221 213965 117871 54997.2 34012 21003.3 9107.37 4053.12 1220.57 319.813 81.6693 0 0 0 0 0 0 0 19.6976 0 0 0 0 0 0 0 17.366 0 0 0 0 0 0 0 0 0 0 0 0 0 0 0 0 0 0 0 0 0 0 0 0 0 0 0 0 0 0 0 0 
0 0 0 0 0 2.85975e+06 3.29776e+06 2.00719e+06 1.13449e+06 739379 431069 245909 149804 93475 54558.4 28105.3 15610.5 6544.82 1691.65 666.685 376.38 244.823 287.677 371.354 0 172.397 167.082 175.143 245.468 250.478 298.438 208.955 0 0 0 0 0 0 0 0 0 0 0 0 0 0 0 0 0 0 0 0 0 0 0 0 0 0 0 0 0 0 0 0 0 
0 0 0 0 0 3.82921e+06 1.45822e+07 1.33928e+07 9.40765e+06 6.17876e+06 3.97049e+06 2.73175e+06 1.75912e+06 1.14678e+06 762654 516614 327001 209094 128431 71050.7 39465.8 22467.9 10133.1 11265.4 11436.8 7341.31 8725.75 8933.05 8380.22 9095.23 6408.44 9907.37 9706.51 0 0 0 0 0 0 0 0 0 0 0 0 0 0 0 0 0 0 0 0 0 0 0 0 0 0 0 0 0 0 0 0 
0 0 0 0 0 0 3.04463e+07 6.39366e+07 5.73444e+07 4.33482e+07 3.23261e+07 2.21242e+07 1.56394e+07 1.18265e+07 8.0536e+06 5.89483e+06 3.92155e+06 2.81025e+06 2.04207e+06 1.53499e+06 1.13909e+06 688212 546193 408655 270417 263952 233626 229640 212859 187106 192136 184231 196550 0 0 0 0 0 0 0 0 0 0 0 0 0 0 0 0 0 0 0 0 0 0 0 0 0 0 0 0 0 0 0 0 
0 0 0 0 0 0 2.61848e+07 1.69012e+08 2.62648e+08 2.47198e+08 1.95295e+08 1.51207e+08 1.19012e+08 8.80674e+07 6.72125e+07 5.24249e+07 4.00182e+07 3.36671e+07 2.45523e+07 1.90149e+07 1.40555e+07 1.11611e+07 8.27583e+06 7.08912e+06 5.27657e+06 4.71419e+06 3.93941e+06 3.55303e+06 3.14848e+06 2.83491e+06 3.12743e+06 2.95144e+06 3.38178e+06 0 0 0 0 0 0 0 0 0 0 0 0 0 0 0 0 0 0 0 0 0 0 0 0 0 0 0 0 0 0 0 0 
0 0 0 0 0 0 0 2.33442e+08 7.86829e+08 1.0674e+09 1.04597e+09 9.0825e+08 7.43334e+08 5.93633e+08 4.83307e+08 4.07249e+08 3.22026e+08 2.66856e+08 2.10577e+08 1.72576e+08 1.37795e+08 1.15827e+08 9.17437e+07 7.26076e+07 6.84563e+07 5.37202e+07 4.71108e+07 4.17214e+07 3.9148e+07 4.01713e+07 3.77571e+07 3.79605e+07 3.59692e+07 0 0 0 0 0 0 0 0 0 0 0 0 0 0 0 0 0 0 0 0 0 0 0 0 0 0 0 0 0 0 0 0 
0 0 0 0 0 0 0 1.39194e+08 1.38193e+09 3.28919e+09 4.3255e+09 4.39199e+09 3.98288e+09 3.51695e+09 2.94235e+09 2.51374e+09 2.11625e+09 1.80857e+09 1.53339e+09 1.26745e+09 1.10982e+09 8.71168e+08 8.05312e+08 6.92969e+08 5.70979e+08 5.2377e+08 4.4611e+08 4.10027e+08 3.75757e+08 3.7048e+08 3.59788e+08 3.69112e+08 3.65012e+08 0 0 0 0 0 0 0 0 0 0 0 0 0 0 0 0 0 0 0 0 0 0 0 0 0 0 0 0 0 0 0 0 
0 0 0 0 0 0 0 0 1.34168e+09 6.69198e+09 1.30402e+10 1.6876e+10 1.80327e+10 1.69757e+10 1.56463e+10 1.38033e+10 1.23433e+10 1.08487e+10 9.64614e+09 8.43679e+09 7.18913e+09 6.33511e+09 5.59543e+09 4.97329e+09 4.34759e+09 4.08246e+09 3.76113e+09 3.4174e+09 3.25614e+09 3.14475e+09 3.06757e+09 2.88688e+09 2.97967e+09 0 0 0 0 0 0 0 0 0 0 0 0 0 0 0 0 0 0 0 0 0 0 0 0 0 0 0 0 0 0 0 0 
0 0 0 0 0 0 0 0 5.85069e+08 8.30348e+09 2.83413e+10 5.00811e+10 6.39014e+10 7.10033e+10 7.16226e+10 6.95037e+10 6.26245e+10 5.81101e+10 5.20414e+10 4.91294e+10 4.39486e+10 3.94295e+10 3.4813e+10 3.18743e+10 2.88964e+10 2.71817e+10 2.57816e+10 2.42085e+10 2.28132e+10 2.21173e+10 2.10376e+10 2.05265e+10 2.09563e+10 0 0 0 0 0 0 0 0 0 0 0 0 0 0 0 0 0 0 0 0 0 0 0 0 0 0 0 0 0 0 0 0 
0 0 0 0 0 0 0 0 0 5.92992e+09 4.11425e+10 1.1141e+11 1.86784e+11 2.42481e+11 2.74893e+11 2.84906e+11 2.87805e+11 2.73721e+11 2.61627e+11 2.42106e+11 2.25981e+11 2.13861e+11 1.97778e+11 1.75605e+11 1.69117e+11 1.65364e+11 1.56217e+11 1.48751e+11 1.45903e+11 1.35201e+11 1.3281e+11 1.35927e+11 1.35096e+11 0 0 0 0 0 0 0 0 0 0 0 0 0 0 0 0 0 0 0 0 0 0 0 0 0 0 0 0 0 0 0 0 
0 0 0 0 0 0 0 0 0 1.96109e+09 3.75557e+10 1.74667e+11 4.09782e+11 6.61822e+11 8.63796e+11 1.00185e+12 1.09433e+12 1.11937e+12 1.12135e+12 1.10414e+12 1.07489e+12 1.01243e+12 9.49335e+11 9.25302e+11 9.09504e+11 8.79512e+11 8.35903e+11 8.14895e+11 7.85965e+11 7.7142e+11 7.51697e+11 7.65896e+11 7.4297e+11 0 0 0 0 0 0 0 0 0 0 0 0 0 0 0 0 0 0 0 0 0 0 0 0 0 0 0 0 0 0 0 0 
0 0 0 0 0 0 0 0 0 0 2.05027e+10 1.86295e+11 6.761e+11 1.44119e+12 2.28777e+12 3.06073e+12 3.60835e+12 4.06047e+12 4.28833e+12 4.38339e+12 4.34404e+12 4.37387e+12 4.36002e+12 4.30931e+12 4.22459e+12 4.13664e+12 4.04216e+12 3.93236e+12 3.7559e+12 3.75972e+12 3.78631e+12 3.72893e+12 3.73869e+12 0 0 0 0 0 0 0 0 0 0 0 0 0 0 0 0 0 0 0 0 0 0 0 0 0 0 0 0 0 0 0 0 
0 0 0 0 0 0 0 0 0 0 5.28729e+09 1.31149e+11 7.80505e+11 2.39513e+12 4.8477e+12 7.5947e+12 1.03698e+13 1.25228e+13 1.43803e+13 1.54751e+13 1.65888e+13 1.72794e+13 1.76125e+13 1.74881e+13 1.74878e+13 1.73044e+13 1.73837e+13 1.72462e+13 1.72301e+13 1.6923e+13 1.70703e+13 1.73349e+13 1.70238e+13 0 0 0 0 0 0 0 0 0 0 0 0 0 0 0 0 0 0 0 0 0 0 0 0 0 0 0 0 0 0 0 0 
0 0 0 0 0 0 0 0 0 0 0 5.60613e+10 6.45404e+11 2.9541e+12 7.98325e+12 1.54837e+13 2.40927e+13 3.31849e+13 4.12536e+13 4.83571e+13 5.39796e+13 5.82067e+13 6.13851e+13 6.45623e+13 6.62028e+13 6.61939e+13 6.73018e+13 6.80969e+13 6.8642e+13 6.97498e+13 6.89307e+13 6.7477e+13 6.63863e+13 0 0 0 0 0 0 0 0 0 0 0 0 0 0 0 0 0 0 0 0 0 0 0 0 0 0 0 0 0 0 0 0 
0 0 0 0 0 0 0 0 0 0 0 1.15796e+10 3.56142e+11 2.63241e+12 1.00159e+13 2.49023e+13 4.67356e+13 7.3363e+13 1.01009e+14 1.2965e+14 1.51872e+14 1.7406e+14 1.9254e+14 2.10141e+14 2.21434e+14 2.32906e+14 2.38967e+14 2.45282e+14 2.49061e+14 2.46793e+14 2.50559e+14 2.5055e+14 2.50999e+14 0 0 0 0 0 0 0 0 0 0 0 0 0 0 0 0 0 0 0 0 0 0 0 0 0 0 0 0 0 0 0 0 
0 0 0 0 0 0 0 0 0 0 0 0 1.22059e+11 1.71262e+12 9.55995e+12 3.1568e+13 7.4107e+13 1.35224e+14 2.12654e+14 2.95929e+14 3.83813e+14 4.65073e+14 5.39593e+14 6.04976e+14 6.72084e+14 7.13279e+14 7.56392e+14 7.93573e+14 8.10141e+14 8.22675e+14 8.36199e+14 8.31748e+14 8.54209e+14 0 0 0 0 0 0 0 0 0 0 0 0 0 0 0 0 0 0 0 0 0 0 0 0 0 0 0 0 0 0 0 0 
0 0 0 0 0 0 0 0 0 0 0 0 2.06417e+10 7.61857e+11 6.77274e+12 3.11177e+13 9.24309e+13 2.06666e+14 3.7207e+14 5.83152e+14 8.23462e+14 1.07683e+15 1.32239e+15 1.5511e+15 1.75858e+15 1.97056e+15 2.1158e+15 2.23548e+15 2.34667e+15 2.46919e+15 2.50453e+15 2.57818e+15 2.55021e+15 0 0 0 0 0 0 0 0 0 0 0 0 0 0 0 0 0 0 0 0 0 0 0 0 0 0 0 0 0 0 0 0 
0 0 0 0 0 0 0 0 0 0 0 0 0 2.12883e+11 3.53991e+12 2.32565e+13 9.15771e+13 2.52112e+14 5.39903e+14 9.61754e+14 1.51319e+15 2.12816e+15 2.81537e+15 3.48781e+15 4.16939e+15 4.76863e+15 5.35416e+15 5.75268e+15 6.16722e+15 6.51374e+15 6.81469e+15 6.87198e+15 6.93778e+15 0 0 0 0 0 0 0 0 0 0 0 0 0 0 0 0 0 0 0 0 0 0 0 0 0 0 0 0 0 0 0 0 
0 0 0 0 0 0 0 0 0 0 0 0 0 3.01734e+10 1.28241e+12 1.33817e+13 7.10701e+13 2.46911e+14 6.42522e+14 1.3273e+15 2.32894e+15 3.66765e+15 5.20879e+15 6.86097e+15 8.51175e+15 1.0251e+16 1.18163e+16 1.34329e+16 1.46337e+16 1.55159e+16 1.62698e+16 1.66842e+16 1.67685e+16 0 0 0 0 0 0 0 0 0 0 0 0 0 0 0 0 0 0 0 0 0 0 0 0 0 0 0 0 0 0 0 0 
0 0 0 0 0 0 0 0 0 0 0 0 0 0 3.00369e+11 5.68431e+12 4.32813e+13 1.96208e+14 6.15235e+14 1.51301e+15 3.02514e+15 5.2438e+15 8.18583e+15 1.17859e+16 1.56863e+16 1.95194e+16 2.35928e+16 2.6992e+16 3.01771e+16 3.29252e+16 3.48819e+16 3.61189e+16 3.62831e+16 0 0 0 0 0 0 0 0 0 0 0 0 0 0 0 0 0 0 0 0 0 0 0 0 0 0 0 0 0 0 0 0 
0 0 0 0 0 0 0 0 0 0 0 0 0 0 3.6249e+10 1.71458e+12 2.0417e+13 1.23154e+14 4.87857e+14 1.42153e+15 3.33546e+15 6.5042e+15 1.1074e+16 1.70384e+16 2.41811e+16 3.23304e+16 4.02722e+16 4.83611e+16 5.56439e+16 6.17861e+16 6.5717e+16 6.811e+16 6.94259e+16 0 0 0 0 0 0 0 0 0 0 0 0 0 0 0 0 0 0 0 0 0 0 0 0 0 0 0 0 0 0 0 0 
0 0 0 0 0 0 0 0 0 0 0 0 0 0 0 3.45546e+11 7.17466e+12 6.1293e+13 3.11857e+14 1.10274e+15 3.00195e+15 6.73167e+15 1.28507e+16 2.15061e+16 3.29015e+16 4.59818e+16 6.06029e+16 7.50429e+16 8.90227e+16 9.98946e+16 1.0974e+17 1.16e+17 1.1778e+17 0 0 0 0 0 0 0 0 0 0 0 0 0 0 0 0 0 0 0 0 0 0 0 0 0 0 0 0 0 0 0 0 
0 0 0 0 0 0 0 0 0 0 0 0 0 0 0 3.61982e+10 1.85122e+12 2.41883e+13 1.60401e+14 7.04194e+14 2.28505e+15 5.83284e+15 1.24507e+16 2.31282e+16 3.78958e+16 5.69026e+16 7.87216e+16 1.02578e+17 1.24253e+17 1.45668e+17 1.61415e+17 1.71623e+17 1.75382e+17 0 0 0 0 0 0 0 0 0 0 0 0 0 0 0 0 0 0 0 0 0 0 0 0 0 0 0 0 0 0 0 0 
0 0 0 0 0 0 0 0 0 0 0 0 0 0 0 0 3.21827e+11 7.14287e+12 6.78056e+13 3.73344e+14 1.42802e+15 4.25886e+15 1.03236e+16 2.11792e+16 3.80692e+16 6.10106e+16 8.92497e+16 1.20479e+17 1.54286e+17 1.83635e+17 2.06653e+17 2.23038e+17 2.28271e+17 0 0 0 0 0 0 0 0 0 0 0 0 0 0 0 0 0 0 0 0 0 0 0 0 0 0 0 0 0 0 0 0 
0 0 0 0 0 0 0 0 0 0 0 0 0 0 0 0 2.97549e+10 1.60985e+12 2.20271e+13 1.59991e+14 7.59009e+14 2.63517e+15 7.23621e+15 1.65787e+16 3.25224e+16 5.6513e+16 8.80537e+16 1.25522e+17 1.64241e+17 2.0314e+17 2.35358e+17 2.5447e+17 2.62104e+17 0 0 0 0 0 0 0 0 0 0 0 0 0 0 0 0 0 0 0 0 0 0 0 0 0 0 0 0 0 0 0 0 
0 0 0 0 0 0 0 0 0 0 0 0 0 0 0 0 0 2.4595e+11 5.69037e+12 5.72342e+13 3.35207e+14 1.37354e+15 4.34314e+15 1.10276e+16 2.39234e+16 4.47826e+16 7.45995e+16 1.11761e+17 1.53953e+17 1.94014e+17 2.29221e+17 2.53529e+17 2.61204e+17 0 0 0 0 0 0 0 0 0 0 0 0 0 0 0 0 0 0 0 0 0 0 0 0 0 0 0 0 0 0 0 0 
0 0 0 0 0 0 0 0 0 0 0 0 0 0 0 0 0 2.02316e+10 1.12457e+12 1.60773e+13 1.23924e+14 6.09942e+14 2.22234e+15 6.39076e+15 1.51229e+16 3.07539e+16 5.49793e+16 8.742e+16 1.24776e+17 1.62283e+17 1.96541e+17 2.18366e+17 2.26789e+17 0 0 0 0 0 0 0 0 0 0 0 0 0 0 0 0 0 0 0 0 0 0 0 0 0 0 0 0 0 0 0 0 
0 0 0 0 0 0 0 0 0 0 0 0 0 0 0 0 0 0 1.53115e+11 3.63242e+12 3.70191e+13 2.28753e+14 9.70583e+14 3.17885e+15 8.31312e+15 1.84116e+16 3.4871e+16 5.85066e+16 8.80077e+16 1.20049e+17 1.46547e+17 1.67066e+17 1.73804e+17 0 0 0 0 0 0 0 0 0 0 0 0 0 0 0 0 0 0 0 0 0 0 0 0 0 0 0 0 0 0 0 0 
0 0 0 0 0 0 0 0 0 0 0 0 0 0 0 0 0 0 1.15444e+10 6.33547e+11 9.19659e+12 7.21014e+13 3.65586e+14 1.37273e+15 4.04394e+15 9.65152e+15 1.96619e+16 3.49959e+16 5.50272e+16 7.74878e+16 9.79673e+16 1.12602e+17 1.17763e+17 0 0 0 0 0 0 0 0 0 0 0 0 0 0 0 0 0 0 0 0 0 0 0 0 0 0 0 0 0 0 0 0 
0 0 0 0 0 0 0 0 0 0 0 0 0 0 0 0 0 0 0 7.76236e+10 1.87113e+12 1.90859e+13 1.19736e+14 5.05147e+14 1.68434e+15 4.42735e+15 9.83214e+15 1.83571e+16 3.01722e+16 4.37176e+16 5.73951e+16 6.61608e+16 6.99988e+16 0 0 0 0 0 0 0 0 0 0 0 0 0 0 0 0 0 0 0 0 0 0 0 0 0 0 0 0 0 0 0 0 
0 0 0 0 0 0 0 0 0 0 0 0 0 0 0 0 0 0 0 5.56622e+09 2.92709e+11 4.22497e+12 3.23438e+13 1.65503e+14 6.07405e+14 1.80543e+15 4.25066e+15 8.56381e+15 1.4646e+16 2.22663e+16 2.93711e+16 3.5148e+16 3.70645e+16 0 0 0 0 0 0 0 0 0 0 0 0 0 0 0 0 0 0 0 0 0 0 0 0 0 0 0 0 0 0 0 0 
0 0 0 0 0 0 0 0 0 0 0 0 0 0 0 0 0 0 0 0 3.31241e+10 7.72225e+11 7.70532e+12 4.72874e+13 2.00332e+14 6.40531e+14 1.6825e+15 3.56155e+15 6.46835e+15 1.00187e+16 1.37968e+16 1.65241e+16 1.73943e+16 0 0 0 0 0 0 0 0 0 0 0 0 0 0 0 0 0 0 0 0 0 0 0 0 0 0 0 0 0 0 0 0 
0 0 0 0 0 0 0 0 0 0 0 0 0 0 0 0 0 0 0 0 2.4547e+09 1.12018e+11 1.53313e+12 1.15483e+13 5.69104e+13 2.05383e+14 5.68435e+14 1.32142e+15 2.51352e+15 4.04826e+15 5.7125e+15 7.01694e+15 7.55342e+15 0 0 0 0 0 0 0 0 0 0 0 0 0 0 0 0 0 0 0 0 0 0 0 0 0 0 0 0 0 0 0 0 
0 0 0 0 0 0 0 0 0 0 0 0 0 0 0 0 0 0 0 0 0 1.15526e+10 2.57148e+11 2.42594e+12 1.42548e+13 5.83412e+13 1.81394e+14 4.43079e+14 8.87725e+14 1.5118e+15 2.13505e+15 2.66493e+15 2.89916e+15 0 0 0 0 0 0 0 0 0 0 0 0 0 0 0 0 0 0 0 0 0 0 0 0 0 0 0 0 0 0 0 0 
0 0 0 0 0 0 0 0 0 0 0 0 0 0 0 0 0 0 0 0 0 9.40618e+08 3.49094e+10 4.4957e+11 3.1762e+12 1.48718e+13 5.01905e+13 1.32506e+14 2.84825e+14 5.03719e+14 7.43308e+14 9.26051e+14 1.00278e+15 0 0 0 0 0 0 0 0 0 0 0 0 0 0 0 0 0 0 0 0 0 0 0 0 0 0 0 0 0 0 0 0 
0 0 0 0 0 0 0 0 0 0 0 0 0 0 0 0 0 0 0 0 0 0 3.56967e+09 7.13604e+10 6.14857e+11 3.33074e+12 1.28137e+13 3.67979e+13 8.29818e+13 1.52432e+14 2.35389e+14 2.99456e+14 3.24643e+14 0 0 0 0 0 0 0 0 0 0 0 0 0 0 0 0 0 0 0 0 0 0 0 0 0 0 0 0 0 0 0 0 
0 0 0 0 0 0 0 0 0 0 0 0 0 0 0 0 0 0 0 0 0 0 3.41017e+08 9.41835e+09 1.05672e+11 6.8318e+11 2.98031e+12 9.17191e+12 2.23143e+13 4.25601e+13 6.68844e+13 8.86121e+13 9.58575e+13 0 0 0 0 0 0 0 0 0 0 0 0 0 0 0 0 0 0 0 0 0 0 0 0 0 0 0 0 0 0 0 0 
0 0 0 0 0 0 0 0 0 0 0 0 0 0 0 0 0 0 0 0 0 0 0 9.4913e+08 1.59896e+10 1.27838e+11 6.11099e+11 2.11451e+12 5.48829e+12 1.09158e+13 1.77973e+13 2.39582e+13 2.6282e+13 0 0 0 0 0 0 0 0 0 0 0 0 0 0 0 0 0 0 0 0 0 0 0 0 0 0 0 0 0 0 0 0 
0 0 0 0 0 0 0 0 0 0 0 0 0 0 0 0 0 0 0 0 0 0 0 1.10208e+08 2.17692e+09 2.09925e+10 1.17779e+11 4.55427e+11 1.25344e+12 2.63495e+12 4.52405e+12 6.05292e+12 6.67883e+12 0 0 0 0 0 0 0 0 0 0 0 0 0 0 0 0 0 0 0 0 0 0 0 0 0 0 0 0 0 0 0 0 
0 0 0 0 0 0 0 0 0 0 0 0 0 0 0 0 0 0 0 0 0 0 0 0 2.21675e+08 3.19739e+09 2.14382e+10 8.48563e+10 2.6389e+11 6.17609e+11 1.04194e+12 1.4918e+12 1.61222e+12 0 0 0 0 0 0 0 0 0 0 0 0 0 0 0 0 0 0 0 0 0 0 0 0 0 0 0 0 0 0 0 0 
0 0 0 0 0 0 0 0 0 0 0 0 0 0 0 0 0 0 0 0 0 0 0 0 3.3696e+07 4.40603e+08 3.37336e+09 1.67399e+10 5.33524e+10 1.22896e+11 2.30717e+11 3.23984e+11 3.64196e+11 0 0 0 0 0 0 0 0 0 0 0 0 0 0 0 0 0 0 0 0 0 0 0 0 0 0 0 0 0 0 0 0 
0 0 0 0 0 0 0 0 0 0 0 0 0 0 0 0 0 0 0 0 0 0 0 0 0 4.55494e+07 5.43905e+08 2.98555e+09 9.81299e+09 2.57219e+10 4.96492e+10 7.27874e+10 8.29223e+10 0 0 0 0 0 0 0 0 0 0 0 0 0 0 0 0 0 0 0 0 0 0 0 0 0 0 0 0 0 0 0 0 
0 0 0 0 0 0 0 0 0 0 0 0 0 0 0 0 0 0 0 0 0 0 0 0 0 9.0831e+06 7.97173e+07 4.77163e+08 1.97997e+09 4.98026e+09 9.74417e+09 1.51123e+10 1.62781e+10 0 0 0 0 0 0 0 0 0 0 0 0 0 0 0 0 0 0 0 0 0 0 0 0 0 0 0 0 0 0 0 0 
0 0 0 0 0 0 0 0 0 0 0 0 0 0 0 0 0 0 0 0 0 0 0 0 0 0 7.94966e+06 8.23968e+07 3.42824e+08 9.11144e+08 1.95603e+09 2.95876e+09 3.41368e+09 0 0 0 0 0 0 0 0 0 0 0 0 0 0 0 0 0 0 0 0 0 0 0 0 0 0 0 0 0 0 0 0 
0 0 0 0 0 0 0 0 0 0 0 0 0 0 0 0 0 0 0 0 0 0 0 0 0 0 2.18414e+06 1.284e+07 5.69388e+07 1.85777e+08 3.79585e+08 5.86916e+08 6.92881e+08 0 0 0 0 0 0 0 0 0 0 0 0 0 0 0 0 0 0 0 0 0 0 0 0 0 0 0 0 0 0 0 0 
0 0 0 0 0 0 0 0 0 0 0 0 0 0 0 0 0 0 0 0 0 0 0 0 0 0 0 1.12164e+06 1.09864e+07 3.30968e+07 7.00984e+07 1.19511e+08 1.33508e+08 0 0 0 0 0 0 0 0 0 0 0 0 0 0 0 0 0 0 0 0 0 0 0 0 0 0 0 0 0 0 0 0 
0 0 0 0 0 0 0 0 0 0 0 0 0 0 0 0 0 0 0 0 0 0 0 0 0 0 0 450175 1.73996e+06 5.55098e+06 1.55677e+07 2.16224e+07 2.83169e+07 0 0 0 0 0 0 0 0 0 0 0 0 0 0 0 0 0 0 0 0 0 0 0 0 0 0 0 0 0 0 0 0 
0 0 0 0 0 0 0 0 0 0 0 0 0 0 0 0 0 0 0 0 0 0 0 0 0 0 0 0 118561 1.2528e+06 2.47279e+06 4.54246e+06 5.046e+06 0 0 0 0 0 0 0 0 0 0 0 0 0 0 0 0 0 0 0 0 0 0 0 0 0 0 0 0 0 0 0 0 
0 0 0 0 0 0 0 0 0 0 0 0 0 0 0 0 0 0 0 0 0 0 0 0 0 0 0 0 77558.7 175580 458569 987956 936388 0 0 0 0 0 0 0 0 0 0 0 0 0 0 0 0 0 0 0 0 0 0 0 0 0 0 0 0 0 0 0 0 
0 0 0 0 0 0 0 0 0 0 0 0 0 0 0 0 0 0 0 0 0 0 0 0 0 0 0 0 0 8090.89 115302 114348 238753 0 0 0 0 0 0 0 0 0 0 0 0 0 0 0 0 0 0 0 0 0 0 0 0 0 0 0 0 0 0 0 0 
0 0 0 0 0 0 0 0 0 0 0 0 0 0 0 0 0 0 0 0 0 0 0 0 0 0 0 0 0 10446.3 11843.7 31987.4 38236.7 0 0 0 0 0 0 0 0 0 0 0 0 0 0 0 0 0 0 0 0 0 0 0 0 0 0 0 0 0 0 0 0 
0 0 0 0 0 0 0 0 0 0 0 0 0 0 0 0 0 0 0 0 0 0 0 0 0 0 0 0 0 0 266.747 7635.29 2060.16 0 0 0 0 0 0 0 0 0 0 0 0 0 0 0 0 0 0 0 0 0 0 0 0 0 0 0 0 0 0 0 0 
0 0 0 0 0 0 0 0 0 0 0 0 0 0 0 0 0 0 0 0 0 0 0 0 0 0 0 0 0 0 1042.55 403.498 1961.19 0 0 0 0 0 0 0 0 0 0 0 0 0 0 0 0 0 0 0 0 0 0 0 0 0 0 0 0 0 0 0 0 
0 0 0 0 0 0 0 0 0 0 0 0 0 0 0 0 0 0 0 0 0 0 0 0 0 0 0 0 0 0 0 0 256.72 0 0 0 0 0 0 0 0 0 0 0 0 0 0 0 0 0 0 0 0 0 0 0 0 0 0 0 0 0 0 0 0 
0 0 0 0 0 0 0 0 0 0 0 0 0 0 0 0 0 0 0 0 0 0 0 0 0 0 0 0 0 0 0 67.261 0 0 0 0 0 0 0 0 0 0 0 0 0 0 0 0 0 0 0 0 0 0 0 0 0 0 0 0 0 0 0 0 0 
0 0 0 0 0 0 0 0 0 0 0 0 0 0 0 0 0 0 0 0 0 0 0 0 0 0 0 0 0 0 0 0 0 0 0 0 0 0 0 0 0 0 0 0 0 0 0 0 0 0 0 0 0 0 0 0 0 0 0 0 0 0 0 0 0 
0 0 0 0 0 0 0 0 0 0 0 0 0 0 0 0 0 0 0 0 0 0 0 0 0 0 0 0 0 0 0 0 2.10191 0 0 0 0 0 0 0 0 0 0 0 0 0 0 0 0 0 0 0 0 0 0 0 0 0 0 0 0 0 0 0 0 
