1 0 0 0 0 0 0 0 0 0 0 0 0 0 0 0 0 
0 0 0 0 0 0 0 0 0 0 0 0 0 0 0 0 0 
0 16 0 0 0 0 0 0 0 0 0 0 0 0 0 0 0 
0 0 32 0 0 0 0 0 0 0 0 0 0 0 0 0 0 
0 0 88 96.1493 24.0373 0 0 0 8.11426 0 0 0 0 0 0 0 0 
0 0 0 255.701 256.057 192.328 97.4354 64.9141 0 0 0 0 0 0 0 0 0 
0 0 0 208.149 735.296 687.608 703.709 624.367 768.576 0 0 0 0 0 0 0 0 
0 0 0 0 577.086 1663.01 1823.79 1919.25 1594.58 0 0 0 0 0 0 0 0 
0 0 0 0 227.523 1249.81 2921.1 3677.97 4365.35 0 0 0 0 0 0 0 0 
0 0 0 0 0 447.291 1575.43 3139.57 3261.17 0 0 0 0 0 0 0 0 
0 0 0 0 0 127.959 767.191 1385.86 2108.11 0 0 0 0 0 0 0 0 
0 0 0 0 0 0 63.7077 516.644 577.932 0 0 0 0 0 0 0 0 
0 0 0 0 0 0 55.6429 95.5294 119.793 0 0 0 0 0 0 0 0 
0 0 0 0 0 0 0 0 64.3864 0 0 0 0 0 0 0 0 
0 0 0 0 0 0 0 15.898 0 0 0 0 0 0 0 0 0 
0 0 0 0 0 0 0 0 0 0 0 0 0 0 0 0 0 
0 0 0 0 0 0 0 0 1.98725 0 0 0 0 0 0 0 0 
