1 0 0 0 0 0 0 0 0 0 0 0 0 0 0 0 0 
0 0 0 0 0 0 0 0 0 0 0 0 0 0 0 0 0 
0 16 0 0 0 0 0 0 0 0 0 0 0 0 0 0 0 
0 0 32 0 0 0 0 0 0 0 0 0 0 0 0 0 0 
0 0 88 95.5392 23.8848 0 0 0 7.85264 0 0 0 0 0 0 0 0 
0 0 0 256.922 255.595 192.375 95.9949 62.8211 0 0 0 0 0 0 0 0 0 
0 0 0 207.539 736.525 687.347 703.458 626.403 769.938 0 0 0 0 0 0 0 0 
0 0 0 0 576.625 1662.79 1826.16 1913.8 1597.34 0 0 0 0 0 0 0 0 
0 0 0 0 227.37 1249.62 2925.01 3685.13 4357.34 0 0 0 0 0 0 0 0 
0 0 0 0 0 449.144 1568.64 3139.91 3259.09 0 0 0 0 0 0 0 0 
0 0 0 0 0 126.731 769.053 1388.35 2117.96 0 0 0 0 0 0 0 0 
0 0 0 0 0 0 64.4256 511.511 575.99 0 0 0 0 0 0 0 0 
0 0 0 0 0 0 55.2612 96.2988 118.718 0 0 0 0 0 0 0 0 
0 0 0 0 0 0 0 0 63.7979 0 0 0 0 0 0 0 0 
0 0 0 0 0 0 0 15.7889 0 0 0 0 0 0 0 0 0 
0 0 0 0 0 0 0 0 0 0 0 0 0 0 0 0 0 
0 0 0 0 0 0 0 0 1.97361 0 0 0 0 0 0 0 0 
