1 0 0 0 0 0 0 0 0 0 0 0 0 0 0 0 1 
0 0 0 0 0 0 0 0 0 0 0 0 0 0 0 0 0 
0 16 0 0 0 0 0 0 0 0 0 0 0 0 0 16 0 
0 0 45.3049 0 0 0 0 0 0 0 0 0 0 0 38.4986 0 0 
0 0 74.6951 220.885 7.09547 0 0 0 12.6225 0 0 0 30.7698 99.5823 81.5014 0 0 
0 0 0 220.885 341.879 122.89 43.1143 65.2115 0 61.5241 74.4245 465.237 291.936 347.576 0 0 0 
0 0 0 118.231 1053.06 801.342 1111.93 900.217 689.164 354.046 1164.2 869.178 1154.63 112.841 0 0 0 
0 0 0 0 234.97 2468.31 1833.27 2772.86 2405.42 1798 2175 1840.05 291.936 0 0 0 0 
0 0 0 0 182.995 801.342 3881.02 3560.43 5092.27 4313.17 2792.76 767.046 50.7308 0 0 0 0 
0 0 0 0 0 122.89 981.277 2447.04 3499.86 3806.36 1164.2 410.57 0 0 0 0 0 
0 0 0 0 0 51.2281 132.801 1484.21 1002.73 849.313 623.149 15.9195 0 0 0 0 0 
0 0 0 0 0 0 6.61179 177.263 153.773 243.332 10.0723 0 0 0 0 0 0 
0 0 0 0 0 0 17.9727 30.8037 4.09792 13.7279 4.19875 0 0 0 0 0 0 
0 0 0 0 0 0 0 0 9.8304 0 0 0 0 0 0 0 0 
0 0 0 0 0 0 0 1.96922 0 0.532287 0 0 0 0 0 0 0 
0 0 0 0 0 0 0 0 0 0 0 0 0 0 0 0 0 
0 0 0 0 0 0 0 0 0.231189 0 0 0 0 0 0 0 0 
