1 0 0 0 0 0 0 0 0 0 0 0 0 0 0 0 1 
0 0 0 0 0 0 0 0 0 0 0 0 0 0 0 0 0 
0 16 0 0 0 0 0 0 0 0 0 0 0 0 0 16 0 
0 0 24.2176 0 0 0 0 0 0 0 0 0 0 0 26.724 0 0 
0 0 95.7824 88.0699 6.0341 0 0 0 1.06824 0 0 0 1.74916 108.249 93.276 0 0 
0 0 0 164.536 199.822 201.001 43.2908 13.6426 0 5.94425 45.1286 59.7896 333.331 294.25 0 0 0 
0 0 0 307.394 423.023 546.378 465.42 310.504 296.194 367.757 294.275 1059.8 1026.73 157.501 0 0 0 
0 0 0 0 1014.78 1020.77 1433.59 1786.83 1931.43 1454.51 1318.85 2243.59 229.095 0 0 0 0 
0 0 0 0 176.342 1682.96 2678.31 2294.33 5949.22 4480.2 4603.24 728.387 229.095 0 0 0 0 
0 0 0 0 0 794.975 2085.87 3338.24 2480 3489.19 1494.45 208.686 0 0 0 0 0 
0 0 0 0 0 121.913 1265.14 3338.24 1504.2 1454.51 202.252 67.7505 0 0 0 0 0 
0 0 0 0 0 0 20.4491 310.504 627.043 153.304 35.1462 0 0 0 0 0 0 
0 0 0 0 0 0 15.9258 37.0845 66.0898 34.2068 14.6511 0 0 0 0 0 0 
0 0 0 0 0 0 0 0 14.7466 0 0 0 0 0 0 0 0 
0 0 0 0 0 0 0 10.6249 0 0.380003 0 0 0 0 0 0 0 
0 0 0 0 0 0 0 0 0 0 0 0 0 0 0 0 0 
0 0 0 0 0 0 0 0 0.0118671 0 0 0 0 0 0 0 0 
