1 0 0 0 0 0 0 0 0 0 0 0 0 0 0 0 0 
0 0 0 0 0 0 0 0 0 0 0 0 0 0 0 0 0 
0 16 0 0 0 0 0 0 0 0 0 0 0 0 0 0 0 
0 0 32 0 0 0 0 0 0 0 0 0 0 0 0 0 0 
0 0 88 95.9932 23.9983 0 0 0 8.00127 0 0 0 0 0 0 0 0 
0 0 0 256.014 256.078 192.057 95.9531 64.0101 0 0 0 0 0 0 0 0 0 
0 0 0 207.993 735.971 688.092 704.222 624.251 768.547 0 0 0 0 0 0 0 0 
0 0 0 0 575.829 1663.86 1824.2 1919.69 1599.64 0 0 0 0 0 0 0 0 
0 0 0 0 228.123 1247.79 2927.44 3680.25 4355.2 0 0 0 0 0 0 0 0 
0 0 0 0 0 448.195 1567.85 3135.81 3265.14 0 0 0 0 0 0 0 0 
0 0 0 0 0 128.008 768.344 1391.57 2110.96 0 0 0 0 0 0 0 0 
0 0 0 0 0 0 64.004 512.385 576.419 0 0 0 0 0 0 0 0 
0 0 0 0 0 0 55.9895 96.0319 120.047 0 0 0 0 0 0 0 0 
0 0 0 0 0 0 0 0 64.0476 0 0 0 0 0 0 0 0 
0 0 0 0 0 0 0 15.997 0 0 0 0 0 0 0 0 0 
0 0 0 0 0 0 0 0 0 0 0 0 0 0 0 0 0 
0 0 0 0 0 0 0 0 1.99962 0 0 0 0 0 0 0 0 
