1 0 0 0 0 0 0 0 0 0 0 0 0 0 0 0 0 
0 0 0 0 0 0 0 0 0 0 0 0 0 0 0 0 0 
0 16 0 0 0 0 0 0 0 0 0 0 0 0 0 0 0 
0 0 32 0 0 0 0 0 0 0 0 0 0 0 0 0 0 
0 0 88 96.0549 24.0137 0 0 0 7.99133 0 0 0 0 0 0 0 0 
0 0 0 255.89 255.997 191.998 96.0418 63.9306 0 0 0 0 0 0 0 0 0 
0 0 0 208.055 736.007 688.057 703.937 623.953 767.707 0 0 0 0 0 0 0 0 
0 0 0 0 575.94 1663.89 1824.45 1920.11 1599.91 0 0 0 0 0 0 0 0 
0 0 0 0 228.042 1248.08 2927.11 3680.46 4357.03 0 0 0 0 0 0 0 0 
0 0 0 0 0 447.953 1568.52 3135.49 3263.63 0 0 0 0 0 0 0 0 
0 0 0 0 0 128.021 767.948 1391.85 2111.7 0 0 0 0 0 0 0 0 
0 0 0 0 0 0 63.9482 512.233 575.936 0 0 0 0 0 0 0 0 
0 0 0 0 0 0 56.0474 95.9581 120.065 0 0 0 0 0 0 0 0 
0 0 0 0 0 0 0 0 64.036 0 0 0 0 0 0 0 0 
0 0 0 0 0 0 0 16.0135 0 0 0 0 0 0 0 0 0 
0 0 0 0 0 0 0 0 0 0 0 0 0 0 0 0 0 
0 0 0 0 0 0 0 0 2.00169 0 0 0 0 0 0 0 0 
