1 0 0 0 0 0 0 0 0 0 0 0 0 0 0 0 0 
0 0 0 0 0 0 0 0 0 0 0 0 0 0 0 0 0 
0 16 0 0 0 0 0 0 0 0 0 0 0 0 0 0 0 
0 0 32 0 0 0 0 0 0 0 0 0 0 0 0 0 0 
0 0 88 95.9839 23.996 0 0 0 7.99143 0 0 0 0 0 0 0 0 
0 0 0 256.032 255.992 191.966 95.9427 63.9314 0 0 0 0 0 0 0 0 0 
0 0 0 207.984 735.994 687.966 703.7 623.709 767.512 0 0 0 0 0 0 0 0 
0 0 0 0 576.05 1664.18 1824.23 1919.36 1600.36 0 0 0 0 0 0 0 0 
0 0 0 0 227.967 1247.84 2928.46 3682.32 4355.54 0 0 0 0 0 0 0 0 
0 0 0 0 0 448.094 1567.86 3134.89 3265.42 0 0 0 0 0 0 0 0 
0 0 0 0 0 127.957 767.815 1391.68 2111.72 0 0 0 0 0 0 0 0 
0 0 0 0 0 0 64.016 512.095 575.348 0 0 0 0 0 0 0 0 
0 0 0 0 0 0 55.9796 96.0156 120.078 0 0 0 0 0 0 0 0 
0 0 0 0 0 0 0 0 64.0312 0 0 0 0 0 0 0 0 
0 0 0 0 0 0 0 15.9942 0 0 0 0 0 0 0 0 0 
0 0 0 0 0 0 0 0 0 0 0 0 0 0 0 0 0 
0 0 0 0 0 0 0 0 1.99927 0 0 0 0 0 0 0 0 
