1 0 0 0 0 0 0 0 0 0 0 0 0 0 0 0 0 
0 0 0 0 0 0 0 0 0 0 0 0 0 0 0 0 0 
0 16 0 0 0 0 0 0 0 0 0 0 0 0 0 0 0 
0 0 32 0 0 0 0 0 0 0 0 0 0 0 0 0 0 
0 0 88 96.0209 24.0052 0 0 0 8.01013 0 0 0 0 0 0 0 0 
0 0 0 255.958 256.058 192.077 95.9839 64.081 0 0 0 0 0 0 0 0 0 
0 0 0 208.021 735.921 688.042 704.812 624.329 768.133 0 0 0 0 0 0 0 0 
0 0 0 0 575.964 1663.84 1823.38 1919.7 1600.02 0 0 0 0 0 0 0 0 
0 0 0 0 228.052 1247.95 2926.99 3679.92 4355.81 0 0 0 0 0 0 0 0 
0 0 0 0 0 448.034 1568.8 3135.23 3264.04 0 0 0 0 0 0 0 0 
0 0 0 0 0 128.06 767.988 1392.88 2111.42 0 0 0 0 0 0 0 0 
0 0 0 0 0 0 64.0035 511.85 576.753 0 0 0 0 0 0 0 0 
0 0 0 0 0 0 56.0436 95.996 119.886 0 0 0 0 0 0 0 0 
0 0 0 0 0 0 0 0 63.924 0 0 0 0 0 0 0 0 
0 0 0 0 0 0 0 16.0125 0 0 0 0 0 0 0 0 0 
0 0 0 0 0 0 0 0 0 0 0 0 0 0 0 0 0 
0 0 0 0 0 0 0 0 2.00156 0 0 0 0 0 0 0 0 
