1 0 0 0 0 0 0 0 0 0 0 0 0 0 0 0 0 
0 0 0 0 0 0 0 0 0 0 0 0 0 0 0 0 0 
0 16 0 0 0 0 0 0 0 0 0 0 0 0 0 0 0 
0 0 32 0 0 0 0 0 0 0 0 0 0 0 0 0 0 
0 0 88 96.0202 24.0051 0 0 0 8.00235 0 0 0 0 0 0 0 0 
0 0 0 255.96 255.954 191.927 96.0005 64.0188 0 0 0 0 0 0 0 0 0 
0 0 0 208.02 736.079 688.266 703.919 623.87 767.976 0 0 0 0 0 0 0 0 
0 0 0 0 575.961 1663.68 1824.18 1919.53 1600.23 0 0 0 0 0 0 0 0 
0 0 0 0 228.002 1248.11 2927.89 3681.02 4355.43 0 0 0 0 0 0 0 0 
0 0 0 0 0 448.043 1568.03 3135.43 3264.91 0 0 0 0 0 0 0 0 
0 0 0 0 0 127.973 767.92 1392.48 2111.17 0 0 0 0 0 0 0 0 
0 0 0 0 0 0 64.0721 511.675 576.156 0 0 0 0 0 0 0 0 
0 0 0 0 0 0 55.9817 95.9856 120.128 0 0 0 0 0 0 0 0 
0 0 0 0 0 0 0 0 63.9905 0 0 0 0 0 0 0 0 
0 0 0 0 0 0 0 15.9948 0 0 0 0 0 0 0 0 0 
0 0 0 0 0 0 0 0 0 0 0 0 0 0 0 0 0 
0 0 0 0 0 0 0 0 1.99935 0 0 0 0 0 0 0 0 
