1 0 0 0 0 0 0 0 0 0 0 0 0 0 0 0 0 0 0 0 0 0 0 0 0 0 0 0 0 0 0 0 0 0 0 0 0 0 0 0 0 0 0 0 0 0 0 0 0 0 0 0 0 0 0 0 0 0 0 0 0 0 0 0 1 
0 0 0 0 0 0 0 0 0 0 0 0 0 0 0 0 0 0 0 0 0 0 0 0 0 0 0 0 0 0 0 0 0 0 0 0 0 0 0 0 0 0 0 0 0 0 0 0 0 0 0 0 0 0 0 0 0 0 0 0 0 0 0 0 0 
0 0 0 0 0 0 0 0 0 0 0 0 0 0 0 0 0 0 0 0 0 0 0 0 0 0 0 0 0 0 0 0 0 0 0 0 0 0 0 0 0 0 0 0 0 0 0 0 0 0 0 0 0 0 0 0 0 0 0 0 0 0 0 0 0 
0 0 0 0 0 0 0 0 0 0 0 0 0 0 0 0 0 0 0 0 0 0 0 0 0 0 0 0 0 0 0 0 0 0 0 0 0 0 0 0 0 0 0 0 0 0 0 0 0 0 0 0 0 0 0 0 0 0 0 0 0 0 0 0 0 
0 64 0 0 0 0 0 0 0 0 0 0 0 0 0 0 0 0 0 0 0 0 0 0 0 0 0 0 0 0 0 0 0 0 0 0 0 0 0 0 0 0 0 0 0 0 0 0 0 0 0 0 0 0 0 0 0 0 0 0 0 0 0 0 0 
0 0 0 0 0 0 0 0 0 0 0 0 0 0 0 0 0 0 0 0 0 0 0 0 0 0 0 0 0 0 0 0 0 0 0 0 0 0 0 0 0 0 0 0 0 0 0 0 0 0 0 0 0 0 0 0 0 0 0 0 0 0 0 0 0 
0 0 0 0 0 0 0 0 0 0 0 0 0 0 0 0 0 0 0 0 0 0 0 0 0 0 0 0 0 0 0 0 0 0 0 0 0 0 0 0 0 0 0 0 0 0 0 0 0 0 0 0 0 0 0 0 0 0 0 0 0 0 0 0 0 
0 0 256 0 0 0 0 0 0 0 0 0 0 0 0 0 0 0 0 0 0 0 0 0 0 0 0 0 0 0 0 0 0 0 0 0 0 0 0 0 0 0 0 0 0 0 0 0 0 0 0 0 0 0 0 0 0 0 0 0 0 0 0 0 0 
0 0 1760 0 0 0 0 0 0 0 0 0 0 0 0 0 0 0 0 0 0 0 0 0 0 0 0 0 0 0 0 0 0 0 0 0 0 0 0 0 0 0 0 0 0 0 0 0 0 0 0 0 0 0 0 0 0 0 0 0 0 0 0 0 0 
0 0 0 127.698 0 0 0 0 0 0 0 0 0 0 0 0 0 0 0 0 0 0 0 0 0 0 0 0 0 0 0 0 0 0 0 0 0 0 0 0 0 0 0 0 0 0 0 0 0 0 0 0 0 0 0 0 0 0 0 0 0 0 0 0 0 
0 0 0 1409.77 0 0 0 0 0 0 0 0 0 0 0 0 0 0 0 0 0 0 0 0 0 0 0 0 0 0 0 0 0 0 0 0 0 0 0 0 0 0 0 0 0 0 0 0 0 0 0 0 0 0 0 0 0 0 0 0 0 0 0 0 0 
0 0 0 12669.4 191.549 0 0 0 0 0 0 0 0 0 0 0 0 0 0 0 0 0 0 0 0 0 0 0 0 0 0 0 0 0 0 0 0 0 0 0 0 0 0 0 0 0 0 0 0 0 0 0 0 0 0 0 0 0 0 0 0 0 0 0 0 
0 0 0 27457.2 1793.71 0 0 0 0 0 0 0 0 0 0 0 0 0 0 0 0 0 0 0 0 0 0 0 0 0 0 0 0 0 0 0 0 0 0 0 0 0 0 0 0 0 0 0 0 0 0 0 0 0 0 0 0 0 0 0 0 0 0 0 0 
0 0 0 0 14477.1 383.664 0 0 0 0 0 0 0 0 0 0 0 0 0 0 0 0 0 0 0 0 0 0 0 0 0 0 0 0 0 0 0 0 0 0 0 0 0 0 0 0 0 0 0 0 0 0 0 0 0 0 0 0 0 0 0 0 0 0 0 
0 0 0 0 84106.5 4036.11 0 0 0 0 0 0 0 0 0 0 0 0 0 0 0 0 0 0 0 0 0 0 0 0 0 0 0 0 0 0 0 0 0 0 0 0 0 0 0 0 0 0 0 0 0 0 0 0 0 0 0 0 0 0 0 0 0 0 0 
0 0 0 0 264319 26141.2 1409.57 0 0 0 0 0 0 0 0 0 0 0 0 0 0 0 0 0 0 0 0 0 0 0 0 0 0 0 0 0 0 0 0 0 0 0 0 0 0 0 0 0 0 0 0 0 0 0 0 0 0 0 0 0 0 0 0 0 0 
0 0 0 0 270488 146881 9411.69 440.751 47.1181 0 0 0 0 0 0 0 3.99744 0 0 0 0 0 0 0 0 0 0 0 0 0 0 0 3.97279 0 0 0 0 0 0 0 0 0 0 0 0 0 0 0 0 0 0 0 0 0 0 0 0 0 0 0 0 0 0 0 0 
0 0 0 0 0 655755 66412.6 4235.26 0 0 0 0 0 0 0 0 0 0 0 0 0 0 0 0 0 0 0 0 0 0 0 0 0 0 0 0 0 0 0 0 0 0 0 0 0 0 0 0 0 0 0 0 0 0 0 0 0 0 0 0 0 0 0 0 0 
0 0 0 0 0 1.95213e+06 340433 32319.2 4051.65 448.48 0 0 0 0 0 63.959 0 0 0 0 0 0 0 0 0 0 0 0 0 0 0 0 0 0 0 0 0 0 0 0 0 0 0 0 0 0 0 0 0 0 0 0 0 0 0 0 0 0 0 0 0 0 0 0 0 
0 0 0 0 0 3.06526e+06 1.46275e+06 191852 15929.5 4237.92 1278.76 384.63 191.531 128.258 192.275 0 0 128.248 0 0 0 0 0 0 0 0 0 0 0 0 0 127.129 0 0 0 0 0 0 0 0 0 0 0 0 0 0 0 0 0 0 0 0 0 0 0 0 0 0 0 0 0 0 0 0 0 
0 0 0 0 0 1.77392e+06 5.28241e+06 920438 125633 9964.09 3275.01 1721.59 811.934 576.606 287.418 0 0 64.3762 0 0 0 0 0 0 0 0 0 0 0 0 0 0 0 0 0 0 0 0 0 0 0 0 0 0 0 0 0 0 0 0 0 0 0 0 0 0 0 0 0 0 0 0 0 0 0 
0 0 0 0 0 0 1.40454e+07 3.91625e+06 626631 100033 16434.4 3417.69 2182.19 1153.86 0 0 1924.76 0 384.943 0 0 0 0 0 0 0 0 0 0 0 446.573 0 0 0 0 0 0 0 0 0 0 0 0 0 0 0 0 0 0 0 0 0 0 0 0 0 0 0 0 0 0 0 0 0 0 
0 0 0 0 0 0 2.38316e+07 1.38625e+07 2.89798e+06 521611 104426 32106.8 11223 4987.51 3345.3 5384.83 1157.97 0 1731.15 255.659 0 0 0 0 0 0 0 0 0 255.202 1523.93 0 3963.07 0 0 0 0 0 0 0 0 0 0 0 0 0 0 0 0 0 0 0 0 0 0 0 0 0 0 0 0 0 0 0 0 
0 0 0 0 0 0 2.19701e+07 4.17241e+07 1.14407e+07 2.27531e+06 504284 134143 49927.5 24363.1 17853.7 11968.9 0 5370 2114.5 1155.89 387.21 0 0 0 0 0 0 0 382.451 1921.77 0 0 127.234 0 0 0 0 0 0 0 0 0 0 0 0 0 0 0 0 0 0 0 0 0 0 0 0 0 0 0 0 0 0 0 0 
0 0 0 0 0 0 7.96447e+06 9.80378e+07 4.0275e+07 9.93163e+06 2.08239e+06 561846 190659 92224.8 53572.1 14305.1 14282.8 25231.6 3622.09 9270.93 1632.62 760.854 0 0 95.4468 0 0 763.572 2597.34 8788.05 0 13464.6 0 0 0 0 0 0 0 0 0 0 0 0 0 0 0 0 0 0 0 0 0 0 0 0 0 0 0 0 0 0 0 0 0 
0 0 0 0 0 0 0 1.62743e+08 1.22123e+08 3.69633e+07 9.62095e+06 2.44441e+06 804683 332295 146061 83579.7 93116.8 43742.8 15814.7 24085.9 9241.69 3476.84 2563.66 918.013 0 896.978 2696.4 5764.03 13054.9 8740.02 7425.65 46888.9 0 0 0 0 0 0 0 0 0 0 0 0 0 0 0 0 0 0 0 0 0 0 0 0 0 0 0 0 0 0 0 0 0 
0 0 0 0 0 0 0 1.72542e+08 3.13788e+08 1.24962e+08 3.59955e+07 1.03132e+07 3.34596e+06 1.26631e+06 594603 393215 263636 64844.1 137182 50586.4 49179.3 14652.4 6631.45 7756.91 7883.58 7706.6 12672.9 23376.9 41512.3 10765.3 56575.5 3057.23 44594.4 0 0 0 0 0 0 0 0 0 0 0 0 0 0 0 0 0 0 0 0 0 0 0 0 0 0 0 0 0 0 0 0 
0 0 0 0 0 0 0 1.02439e+08 6.5105e+08 3.75029e+08 1.27418e+08 3.87771e+07 1.25644e+07 4.86967e+06 2.30217e+06 1.30952e+06 590395 444321 366880 148128 155799 88822.8 39170.6 16221.4 22378.3 40724.3 57178.4 83044.5 80862.7 73917.5 262617 24382.4 307868 0 0 0 0 0 0 0 0 0 0 0 0 0 0 0 0 0 0 0 0 0 0 0 0 0 0 0 0 0 0 0 0 
0 0 0 0 0 0 0 2.48028e+07 1.01557e+09 9.82756e+08 4.13758e+08 1.39723e+08 4.75182e+07 1.78699e+07 8.07694e+06 3.97618e+06 2.17451e+06 1.74799e+06 969474 701051 470722 325010 209392 163847 142688 145874 203409 271826 184999 377534 315818 264146 575735 0 0 0 0 0 0 0 0 0 0 0 0 0 0 0 0 0 0 0 0 0 0 0 0 0 0 0 0 0 0 0 0 
0 0 0 0 0 0 0 0 1.10946e+09 2.1954e+09 1.20711e+09 4.67498e+08 1.67939e+08 6.50602e+07 2.78975e+07 1.3858e+07 8.47053e+06 5.382e+06 2.83413e+06 2.48051e+06 1.47258e+06 1.18746e+06 797042 631458 602906 638025 675322 616360 660866 1.28385e+06 373908 1.49293e+06 263249 0 0 0 0 0 0 0 0 0 0 0 0 0 0 0 0 0 0 0 0 0 0 0 0 0 0 0 0 0 0 0 0 
0 0 0 0 0 0 0 0 7.86183e+08 4.03901e+09 3.13397e+09 1.42971e+09 5.60724e+08 2.21263e+08 9.66293e+07 4.80105e+07 2.75223e+07 1.55594e+07 1.05975e+07 7.70086e+06 4.99389e+06 3.95671e+06 3.01644e+06 2.23996e+06 1.82471e+06 1.79877e+06 1.91912e+06 1.81715e+06 2.57513e+06 2.56057e+06 2.02369e+06 4.15395e+06 1.61786e+06 0 0 0 0 0 0 0 0 0 0 0 0 0 0 0 0 0 0 0 0 0 0 0 0 0 0 0 0 0 0 0 0 
0 0 0 0 0 0 0 0 3.18813e+08 5.80919e+09 7.16568e+09 4.02925e+09 1.75527e+09 7.30434e+08 3.21863e+08 1.58212e+08 8.5173e+07 4.99185e+07 3.53752e+07 2.25986e+07 1.69203e+07 1.2286e+07 9.77503e+06 7.739e+06 6.71645e+06 6.13527e+06 5.55229e+06 5.89116e+06 7.64506e+06 4.76967e+06 8.45194e+06 5.74425e+06 7.9019e+06 0 0 0 0 0 0 0 0 0 0 0 0 0 0 0 0 0 0 0 0 0 0 0 0 0 0 0 0 0 0 0 0 
0 0 0 0 0 0 0 0 5.37974e+07 6.2121e+09 1.40579e+10 1.02646e+10 5.13568e+09 2.29452e+09 1.04107e+09 5.05135e+08 2.6927e+08 1.64282e+08 1.06099e+08 6.93367e+07 5.30861e+07 3.82519e+07 3.06386e+07 2.51777e+07 2.11547e+07 1.82555e+07 1.70601e+07 1.86253e+07 1.72754e+07 1.58882e+07 2.37169e+07 1.24644e+07 2.57923e+07 0 0 0 0 0 0 0 0 0 0 0 0 0 0 0 0 0 0 0 0 0 0 0 0 0 0 0 0 0 0 0 0 
0 0 0 0 0 0 0 0 0 4.67801e+09 2.29949e+10 2.33655e+10 1.38531e+10 6.7892e+09 3.20716e+09 1.57818e+09 8.46967e+08 5.03615e+08 3.12626e+08 2.16411e+08 1.58189e+08 1.17281e+08 9.23899e+07 7.45283e+07 6.13726e+07 5.37218e+07 5.14812e+07 5.11493e+07 4.29078e+07 5.4109e+07 4.81277e+07 4.87875e+07 5.32993e+07 0 0 0 0 0 0 0 0 0 0 0 0 0 0 0 0 0 0 0 0 0 0 0 0 0 0 0 0 0 0 0 0 
0 0 0 0 0 0 0 0 0 2.32439e+09 3.02182e+10 4.68546e+10 3.42692e+10 1.8816e+10 9.45376e+09 4.79915e+09 2.57896e+09 1.49349e+09 9.33562e+08 6.49258e+08 4.5062e+08 3.47137e+08 2.67017e+08 2.189e+08 1.83116e+08 1.61571e+08 1.49307e+08 1.33575e+08 1.28567e+08 1.44839e+08 1.0836e+08 1.51182e+08 1.07101e+08 0 0 0 0 0 0 0 0 0 0 0 0 0 0 0 0 0 0 0 0 0 0 0 0 0 0 0 0 0 0 0 0 
0 0 0 0 0 0 0 0 0 6.69462e+08 3.07422e+10 8.10746e+10 7.67175e+10 4.86782e+10 2.64525e+10 1.39475e+10 7.59649e+09 4.38992e+09 2.78674e+09 1.86327e+09 1.31148e+09 9.9749e+08 7.63608e+08 6.2336e+08 5.29174e+08 4.60568e+08 4.05255e+08 3.62657e+08 3.75927e+08 3.41639e+08 3.31515e+08 3.63495e+08 3.0993e+08 0 0 0 0 0 0 0 0 0 0 0 0 0 0 0 0 0 0 0 0 0 0 0 0 0 0 0 0 0 0 0 0 
0 0 0 0 0 0 0 0 0 8.04699e+07 2.3257e+10 1.18324e+11 1.53695e+11 1.16169e+11 6.98927e+10 3.89348e+10 2.17788e+10 1.27647e+10 7.97449e+09 5.26521e+09 3.74988e+09 2.78013e+09 2.16543e+09 1.74029e+09 1.46606e+09 1.25077e+09 1.09887e+09 1.02706e+09 9.87536e+08 8.62004e+08 9.52082e+08 8.28498e+08 9.30236e+08 0 0 0 0 0 0 0 0 0 0 0 0 0 0 0 0 0 0 0 0 0 0 0 0 0 0 0 0 0 0 0 0 
0 0 0 0 0 0 0 0 0 0 1.25572e+10 1.41304e+11 2.7164e+11 2.53468e+11 1.72561e+11 1.03618e+11 6.0374e+10 3.58812e+10 2.23283e+10 1.47777e+10 1.04683e+10 7.63172e+09 5.9605e+09 4.7779e+09 3.98296e+09 3.40495e+09 3.00626e+09 2.77925e+09 2.50328e+09 2.387e+09 2.4021e+09 2.1756e+09 2.38411e+09 0 0 0 0 0 0 0 0 0 0 0 0 0 0 0 0 0 0 0 0 0 0 0 0 0 0 0 0 0 0 0 0 
0 0 0 0 0 0 0 0 0 0 4.523e+09 1.34412e+11 4.16462e+11 4.99924e+11 3.96569e+11 2.60616e+11 1.59845e+11 9.7556e+10 6.12463e+10 4.07947e+10 2.84085e+10 2.09029e+10 1.60554e+10 1.28784e+10 1.06302e+10 9.09937e+09 8.03047e+09 7.2352e+09 6.54298e+09 6.40048e+09 5.90824e+09 5.96237e+09 5.76526e+09 0 0 0 0 0 0 0 0 0 0 0 0 0 0 0 0 0 0 0 0 0 0 0 0 0 0 0 0 0 0 0 0 
0 0 0 0 0 0 0 0 0 0 9.44904e+08 9.88607e+10 5.41317e+11 8.84392e+11 8.38171e+11 6.13887e+11 4.02391e+11 2.56252e+11 1.64801e+11 1.09741e+11 7.62155e+10 5.61055e+10 4.26835e+10 3.41618e+10 2.79597e+10 2.38825e+10 2.10315e+10 1.87085e+10 1.72875e+10 1.62963e+10 1.52336e+10 1.54342e+10 1.45911e+10 0 0 0 0 0 0 0 0 0 0 0 0 0 0 0 0 0 0 0 0 0 0 0 0 0 0 0 0 0 0 0 0 
0 0 0 0 0 0 0 0 0 0 8.16429e+07 5.4568e+10 5.85584e+11 1.37874e+12 1.61652e+12 1.35371e+12 9.64722e+11 6.44842e+11 4.27223e+11 2.88118e+11 2.01598e+11 1.47191e+11 1.12061e+11 8.87004e+10 7.3059e+10 6.20101e+10 5.42184e+10 4.83103e+10 4.4513e+10 4.11001e+10 3.97296e+10 3.8388e+10 3.80601e+10 0 0 0 0 0 0 0 0 0 0 0 0 0 0 0 0 0 0 0 0 0 0 0 0 0 0 0 0 0 0 0 0 
0 0 0 0 0 0 0 0 0 0 0 2.17266e+10 5.15055e+11 1.8718e+12 2.81609e+12 2.76089e+12 2.17643e+12 1.55114e+12 1.06645e+12 7.36331e+11 5.20225e+11 3.80867e+11 2.90478e+11 2.29035e+11 1.87921e+11 1.58407e+11 1.37322e+11 1.23117e+11 1.12359e+11 1.04205e+11 1.00229e+11 9.60489e+10 9.71939e+10 0 0 0 0 0 0 0 0 0 0 0 0 0 0 0 0 0 0 0 0 0 0 0 0 0 0 0 0 0 0 0 0 
0 0 0 0 0 0 0 0 0 0 0 5.78808e+09 3.60802e+11 2.17221e+12 4.38656e+12 5.15544e+12 4.58162e+12 3.53368e+12 2.55697e+12 1.81981e+12 1.31261e+12 9.63991e+11 7.37148e+11 5.81855e+11 4.73941e+11 3.99929e+11 3.47301e+11 3.08914e+11 2.80269e+11 2.62152e+11 2.4925e+11 2.41777e+11 2.40066e+11 0 0 0 0 0 0 0 0 0 0 0 0 0 0 0 0 0 0 0 0 0 0 0 0 0 0 0 0 0 0 0 0 
0 0 0 0 0 0 0 0 0 0 0 8.80189e+08 1.96475e+11 2.11941e+12 6.04145e+12 8.7741e+12 8.96288e+12 7.58014e+12 5.83891e+12 4.3289e+12 3.18784e+12 2.38989e+12 1.83223e+12 1.45335e+12 1.18553e+12 9.98387e+11 8.6294e+11 7.66214e+11 6.95873e+11 6.49545e+11 6.15186e+11 6.00373e+11 5.90286e+11 0 0 0 0 0 0 0 0 0 0 0 0 0 0 0 0 0 0 0 0 0 0 0 0 0 0 0 0 0 0 0 0 
0 0 0 0 0 0 0 0 0 0 0 5.43217e+07 8.11475e+10 1.71012e+12 7.26051e+12 1.3481e+13 1.61713e+13 1.52507e+13 1.26559e+13 9.86782e+12 7.5209e+12 5.74236e+12 4.46287e+12 3.56116e+12 2.91733e+12 2.45391e+12 2.11767e+12 1.87606e+12 1.70334e+12 1.58581e+12 1.50135e+12 1.46215e+12 1.44292e+12 0 0 0 0 0 0 0 0 0 0 0 0 0 0 0 0 0 0 0 0 0 0 0 0 0 0 0 0 0 0 0 0 
0 0 0 0 0 0 0 0 0 0 0 0 2.42016e+10 1.12359e+12 7.51124e+12 1.85231e+13 2.66722e+13 2.85301e+13 2.58556e+13 2.1416e+13 1.70199e+13 1.33819e+13 1.05988e+13 8.50704e+12 7.00843e+12 5.90918e+12 5.11129e+12 4.53246e+12 4.11595e+12 3.81823e+12 3.63829e+12 3.52664e+12 3.47917e+12 0 0 0 0 0 0 0 0 0 0 0 0 0 0 0 0 0 0 0 0 0 0 0 0 0 0 0 0 0 0 0 0 
0 0 0 0 0 0 0 0 0 0 0 0 4.77056e+09 5.9059e+11 6.59296e+12 2.24943e+13 4.00456e+13 4.94868e+13 4.95315e+13 4.41453e+13 3.68468e+13 3.00241e+13 2.42953e+13 1.98201e+13 1.64965e+13 1.39705e+13 1.21515e+13 1.0759e+13 9.79087e+12 9.09896e+12 8.66643e+12 8.36708e+12 8.30206e+12 0 0 0 0 0 0 0 0 0 0 0 0 0 0 0 0 0 0 0 0 0 0 0 0 0 0 0 0 0 0 0 0 
0 0 0 0 0 0 0 0 0 0 0 0 5.19061e+08 2.43161e+11 4.85188e+12 2.39159e+13 5.41426e+13 7.87249e+13 8.84499e+13 8.54718e+13 7.58278e+13 6.4348e+13 5.36595e+13 4.47611e+13 3.76648e+13 3.23411e+13 2.82257e+13 2.51706e+13 2.29323e+13 2.13475e+13 2.02016e+13 1.96161e+13 1.94243e+13 0 0 0 0 0 0 0 0 0 0 0 0 0 0 0 0 0 0 0 0 0 0 0 0 0 0 0 0 0 0 0 0 
0 0 0 0 0 0 0 0 0 0 0 0 2.25087e+07 7.60612e+10 2.95954e+12 2.19981e+13 6.53389e+13 1.14339e+14 1.46364e+14 1.55364e+14 1.47683e+14 1.31821e+14 1.14181e+14 9.7624e+13 8.39319e+13 7.27065e+13 6.40522e+13 5.74229e+13 5.24538e+13 4.88953e+13 4.65884e+13 4.52265e+13 4.47742e+13 0 0 0 0 0 0 0 0 0 0 0 0 0 0 0 0 0 0 0 0 0 0 0 0 0 0 0 0 0 0 0 0 
0 0 0 0 0 0 0 0 0 0 0 0 0 1.69774e+10 1.47323e+12 1.73224e+13 6.99194e+13 1.50754e+14 2.23529e+14 2.6362e+14 2.71251e+14 2.56548e+14 2.31446e+14 2.04982e+14 1.79763e+14 1.58688e+14 1.41411e+14 1.2792e+14 1.17444e+14 1.09909e+14 1.05018e+14 1.02121e+14 1.01156e+14 0 0 0 0 0 0 0 0 0 0 0 0 0 0 0 0 0 0 0 0 0 0 0 0 0 0 0 0 0 0 0 0 
0 0 0 0 0 0 0 0 0 0 0 0 0 2.42068e+09 5.90702e+11 1.15686e+13 6.56218e+13 1.78734e+14 3.12448e+14 4.16033e+14 4.67303e+14 4.71739e+14 4.48213e+14 4.11297e+14 3.71383e+14 3.34402e+14 3.02042e+14 2.7646e+14 2.56073e+14 2.41061e+14 2.3076e+14 2.24585e+14 2.22708e+14 0 0 0 0 0 0 0 0 0 0 0 0 0 0 0 0 0 0 0 0 0 0 0 0 0 0 0 0 0 0 0 0 
0 0 0 0 0 0 0 0 0 0 0 0 0 1.80775e+08 1.85604e+11 6.49275e+12 5.35769e+13 1.8918e+14 3.97926e+14 6.04986e+14 7.49219e+14 8.17955e+14 8.213e+14 7.86212e+14 7.34583e+14 6.76785e+14 6.23992e+14 5.7771e+14 5.40992e+14 5.11795e+14 4.92065e+14 4.81386e+14 4.78026e+14 0 0 0 0 0 0 0 0 0 0 0 0 0 0 0 0 0 0 0 0 0 0 0 0 0 0 0 0 0 0 0 0 
0 0 0 0 0 0 0 0 0 0 0 0 0 5.40531e+06 4.37589e+10 3.02754e+12 3.77384e+13 1.77861e+14 4.58371e+14 8.0978e+14 1.1209e+15 1.32661e+15 1.42193e+15 1.42917e+15 1.38587e+15 1.31573e+15 1.23897e+15 1.16722e+15 1.10523e+15 1.05708e+15 1.02189e+15 9.99371e+14 9.92572e+14 0 0 0 0 0 0 0 0 0 0 0 0 0 0 0 0 0 0 0 0 0 0 0 0 0 0 0 0 0 0 0 0 
0 0 0 0 0 0 0 0 0 0 0 0 0 0 7.11348e+09 1.15742e+12 2.27623e+13 1.47086e+14 4.75149e+14 9.87634e+14 1.54694e+15 2.00968e+15 2.31268e+15 2.45677e+15 2.48109e+15 2.43659e+15 2.35461e+15 2.2609e+15 2.17076e+15 2.09645e+15 2.04087e+15 2.00781e+15 1.99323e+15 0 0 0 0 0 0 0 0 0 0 0 0 0 0 0 0 0 0 0 0 0 0 0 0 0 0 0 0 0 0 0 0 
0 0 0 0 0 0 0 0 0 0 0 0 0 0 6.91743e+08 3.55164e+11 1.16696e+13 1.06208e+14 4.4025e+14 1.09795e+15 1.96758e+15 2.83281e+15 3.52364e+15 3.98314e+15 4.22365e+15 4.29915e+15 4.27046e+15 4.19119e+15 4.09537e+15 4.00142e+15 3.92801e+15 3.88422e+15 3.86817e+15 0 0 0 0 0 0 0 0 0 0 0 0 0 0 0 0 0 0 0 0 0 0 0 0 0 0 0 0 0 0 0 0 
0 0 0 0 0 0 0 0 0 0 0 0 0 0 3.32186e+07 8.43236e+10 5.03558e+12 6.67721e+13 3.62135e+14 1.10237e+15 2.28963e+15 3.68918e+15 5.00848e+15 6.05417e+15 6.76557e+15 7.18591e+15 7.37653e+15 7.41545e+15 7.3834e+15 7.31099e+15 7.24537e+15 7.19798e+15 7.18185e+15 0 0 0 0 0 0 0 0 0 0 0 0 0 0 0 0 0 0 0 0 0 0 0 0 0 0 0 0 0 0 0 0 
0 0 0 0 0 0 0 0 0 0 0 0 0 0 748362 1.44711e+10 1.81365e+12 3.62016e+13 2.63155e+14 9.93277e+14 2.42958e+15 4.43003e+15 6.61685e+15 8.61717e+15 1.02047e+16 1.13418e+16 1.20791e+16 1.24989e+16 1.26933e+16 1.27764e+16 1.27999e+16 1.27796e+16 1.27808e+16 0 0 0 0 0 0 0 0 0 0 0 0 0 0 0 0 0 0 0 0 0 0 0 0 0 0 0 0 0 0 0 0 
0 0 0 0 0 0 0 0 0 0 0 0 0 0 0 1.5897e+09 5.31075e+11 1.68539e+13 1.67868e+14 8.02067e+14 2.34004e+15 4.8863e+15 8.09196e+15 1.14319e+16 1.44512e+16 1.68823e+16 1.8653e+16 1.99213e+16 2.07356e+16 2.12272e+16 2.14938e+16 2.16239e+16 2.16438e+16 0 0 0 0 0 0 0 0 0 0 0 0 0 0 0 0 0 0 0 0 0 0 0 0 0 0 0 0 0 0 0 0 
0 0 0 0 0 0 0 0 0 0 0 0 0 0 0 9.37795e+07 1.22749e+11 6.67579e+12 9.36574e+13 5.76602e+14 2.03573e+15 4.92024e+15 9.13574e+15 1.40927e+16 1.90839e+16 2.35323e+16 2.72402e+16 3.00044e+16 3.20582e+16 3.3455e+16 3.42831e+16 3.47924e+16 3.49411e+16 0 0 0 0 0 0 0 0 0 0 0 0 0 0 0 0 0 0 0 0 0 0 0 0 0 0 0 0 0 0 0 0 
0 0 0 0 0 0 0 0 0 0 0 0 0 0 0 2.98317e+06 2.09301e+10 2.22609e+12 4.54921e+13 3.66778e+14 1.59194e+15 4.50348e+15 9.466e+15 1.60631e+16 2.3469e+16 3.07674e+16 3.72703e+16 4.26534e+16 4.67791e+16 4.98063e+16 5.18635e+16 5.30085e+16 5.33689e+16 0 0 0 0 0 0 0 0 0 0 0 0 0 0 0 0 0 0 0 0 0 0 0 0 0 0 0 0 0 0 0 0 
0 0 0 0 0 0 0 0 0 0 0 0 0 0 0 57781.6 2.39028e+09 6.10326e+11 1.90906e+13 2.05887e+14 1.11566e+15 3.74273e+15 8.96281e+15 1.69132e+16 2.68004e+16 3.74785e+16 4.77655e+16 5.69316e+16 6.43782e+16 7.01413e+16 7.41243e+16 7.64264e+16 7.72678e+16 0 0 0 0 0 0 0 0 0 0 0 0 0 0 0 0 0 0 0 0 0 0 0 0 0 0 0 0 0 0 0 0 
0 0 0 0 0 0 0 0 0 0 0 0 0 0 0 0 1.48325e+08 1.33323e+11 6.86766e+12 1.01651e+14 6.96918e+14 2.80856e+15 7.7524e+15 1.63399e+16 2.83121e+16 4.24564e+16 5.71859e+16 7.10807e+16 8.3278e+16 9.28625e+16 9.97767e+16 1.03975e+17 1.05276e+17 0 0 0 0 0 0 0 0 0 0 0 0 0 0 0 0 0 0 0 0 0 0 0 0 0 0 0 0 0 0 0 0 
0 0 0 0 0 0 0 0 0 0 0 0 0 0 0 0 5.34942e+06 2.16884e+10 2.0947e+12 4.39363e+13 3.87118e+14 1.8939e+15 6.09984e+15 1.44965e+16 2.76096e+16 4.46364e+16 6.37995e+16 8.30416e+16 1.00724e+17 1.15347e+17 1.26359e+17 1.33012e+17 1.35301e+17 0 0 0 0 0 0 0 0 0 0 0 0 0 0 0 0 0 0 0 0 0 0 0 0 0 0 0 0 0 0 0 0 
0 0 0 0 0 0 0 0 0 0 0 0 0 0 0 0 110542 2.3612e+09 5.26202e+11 1.65082e+13 1.90724e+14 1.1477e+15 4.34096e+15 1.17321e+16 2.4721e+16 4.32781e+16 6.60499e+16 9.05191e+16 1.13815e+17 1.34259e+17 1.498e+17 1.59644e+17 1.62993e+17 0 0 0 0 0 0 0 0 0 0 0 0 0 0 0 0 0 0 0 0 0 0 0 0 0 0 0 0 0 0 0 0 
0 0 0 0 0 0 0 0 0 0 0 0 0 0 0 0 2152.71 1.40661e+08 1.05444e+11 5.33531e+12 8.28601e+13 6.20848e+14 2.79472e+15 8.65602e+15 2.03379e+16 3.88542e+16 6.33319e+16 9.14546e+16 1.20108e+17 1.45878e+17 1.66285e+17 1.79212e+17 1.83668e+17 0 0 0 0 0 0 0 0 0 0 0 0 0 0 0 0 0 0 0 0 0 0 0 0 0 0 0 0 0 0 0 0 
0 0 0 0 0 0 0 0 0 0 0 0 0 0 0 0 0 4.57458e+06 1.56185e+10 1.46012e+12 3.16481e+13 3.00034e+14 1.61838e+15 5.79459e+15 1.52762e+16 3.19823e+16 5.6083e+16 8.5765e+16 1.17709e+17 1.47803e+17 1.72182e+17 1.87865e+17 1.93302e+17 0 0 0 0 0 0 0 0 0 0 0 0 0 0 0 0 0 0 0 0 0 0 0 0 0 0 0 0 0 0 0 0 
0 0 0 0 0 0 0 0 0 0 0 0 0 0 0 0 0 92394.3 1.52385e+09 3.29506e+11 1.05305e+13 1.28788e+14 8.4317e+14 3.51652e+15 1.04797e+16 2.41927e+16 4.58145e+16 7.44459e+16 1.06917e+17 1.38861e+17 1.6568e+17 1.83707e+17 1.8992e+17 0 0 0 0 0 0 0 0 0 0 0 0 0 0 0 0 0 0 0 0 0 0 0 0 0 0 0 0 0 0 0 0 
0 0 0 0 0 0 0 0 0 0 0 0 0 0 0 0 0 0 7.58306e+07 5.82777e+10 3.01045e+12 4.90058e+13 3.93657e+14 1.92769e+15 6.54095e+15 1.67152e+16 3.4419e+16 5.95881e+16 8.98821e+16 1.21191e+17 1.48305e+17 1.6665e+17 1.73286e+17 0 0 0 0 0 0 0 0 0 0 0 0 0 0 0 0 0 0 0 0 0 0 0 0 0 0 0 0 0 0 0 0 
0 0 0 0 0 0 0 0 0 0 0 0 0 0 0 0 0 0 1.88159e+06 7.47467e+09 7.24879e+11 1.63757e+13 1.64334e+14 9.5466e+14 3.70535e+15 1.05588e+16 2.36872e+16 4.39238e+16 6.99028e+16 9.79067e+16 1.2317e+17 1.4062e+17 1.46755e+17 0 0 0 0 0 0 0 0 0 0 0 0 0 0 0 0 0 0 0 0 0 0 0 0 0 0 0 0 0 0 0 0 
0 0 0 0 0 0 0 0 0 0 0 0 0 0 0 0 0 0 2608.61 6.00132e+08 1.42383e+11 4.73911e+12 6.10414e+13 4.25943e+14 1.90048e+15 6.08367e+15 1.49313e+16 2.97684e+16 5.00753e+16 7.30609e+16 9.43798e+16 1.09666e+17 1.15146e+17 0 0 0 0 0 0 0 0 0 0 0 0 0 0 0 0 0 0 0 0 0 0 0 0 0 0 0 0 0 0 0 0 
0 0 0 0 0 0 0 0 0 0 0 0 0 0 0 0 0 0 0 2.09234e+07 2.1416e+10 1.17691e+12 2.0091e+13 1.6993e+14 8.85706e+14 3.18722e+15 8.61168e+15 1.85021e+16 3.29687e+16 5.02817e+16 6.70165e+16 7.90847e+16 8.35284e+16 0 0 0 0 0 0 0 0 0 0 0 0 0 0 0 0 0 0 0 0 0 0 0 0 0 0 0 0 0 0 0 0 
0 0 0 0 0 0 0 0 0 0 0 0 0 0 0 0 0 0 0 115007 2.23817e+09 2.42927e+11 5.77847e+12 6.07603e+13 3.71366e+14 1.51537e+15 4.52885e+15 1.05315e+16 1.99356e+16 3.17934e+16 4.37095e+16 5.25838e+16 5.59118e+16 0 0 0 0 0 0 0 0 0 0 0 0 0 0 0 0 0 0 0 0 0 0 0 0 0 0 0 0 0 0 0 0 
0 0 0 0 0 0 0 0 0 0 0 0 0 0 0 0 0 0 0 0 1.28504e+08 3.99841e+10 1.43499e+12 1.93656e+13 1.4045e+14 6.54374e+14 2.16979e+15 5.47668e+15 1.10634e+16 1.84966e+16 2.63046e+16 3.22681e+16 3.45152e+16 0 0 0 0 0 0 0 0 0 0 0 0 0 0 0 0 0 0 0 0 0 0 0 0 0 0 0 0 0 0 0 0 
0 0 0 0 0 0 0 0 0 0 0 0 0 0 0 0 0 0 0 0 1.70391e+06 4.85659e+09 3.00575e+11 5.41245e+12 4.76583e+13 2.55747e+14 9.45908e+14 2.60484e+15 5.61469e+15 9.87614e+15 1.45115e+16 1.81704e+16 1.95494e+16 0 0 0 0 0 0 0 0 0 0 0 0 0 0 0 0 0 0 0 0 0 0 0 0 0 0 0 0 0 0 0 0 
0 0 0 0 0 0 0 0 0 0 0 0 0 0 0 0 0 0 0 0 3176.35 3.70172e+08 5.14474e+10 1.31558e+12 1.44014e+13 9.01776e+13 3.74822e+14 1.12788e+15 2.61373e+15 4.83063e+15 7.35092e+15 9.40764e+15 1.01927e+16 0 0 0 0 0 0 0 0 0 0 0 0 0 0 0 0 0 0 0 0 0 0 0 0 0 0 0 0 0 0 0 0 
0 0 0 0 0 0 0 0 0 0 0 0 0 0 0 0 0 0 0 0 0 1.12026e+07 6.75609e+09 2.71549e+11 3.84639e+12 2.85908e+13 1.34702e+14 4.46221e+14 1.10852e+15 2.16651e+15 3.42148e+15 4.46602e+15 4.88021e+15 0 0 0 0 0 0 0 0 0 0 0 0 0 0 0 0 0 0 0 0 0 0 0 0 0 0 0 0 0 0 0 0 
0 0 0 0 0 0 0 0 0 0 0 0 0 0 0 0 0 0 0 0 0 80107.1 6.03795e+08 4.67959e+10 8.98999e+11 8.08509e+12 4.36991e+13 1.59899e+14 4.29967e+14 8.86916e+14 1.45906e+15 1.94982e+15 2.14498e+15 0 0 0 0 0 0 0 0 0 0 0 0 0 0 0 0 0 0 0 0 0 0 0 0 0 0 0 0 0 0 0 0 
0 0 0 0 0 0 0 0 0 0 0 0 0 0 0 0 0 0 0 0 0 0 2.63433e+07 6.37971e+09 1.79886e+11 2.03595e+12 1.27657e+13 5.22157e+13 1.51573e+14 3.33268e+14 5.70306e+14 7.78599e+14 8.6303e+14 0 0 0 0 0 0 0 0 0 0 0 0 0 0 0 0 0 0 0 0 0 0 0 0 0 0 0 0 0 0 0 0 
0 0 0 0 0 0 0 0 0 0 0 0 0 0 0 0 0 0 0 0 0 0 668288 6.18058e+08 3.03165e+10 4.49031e+11 3.35323e+12 1.54149e+13 4.88945e+13 1.13891e+14 2.03105e+14 2.85624e+14 3.18544e+14 0 0 0 0 0 0 0 0 0 0 0 0 0 0 0 0 0 0 0 0 0 0 0 0 0 0 0 0 0 0 0 0 
0 0 0 0 0 0 0 0 0 0 0 0 0 0 0 0 0 0 0 0 0 0 1916.94 3.18693e+07 4.10437e+09 8.55266e+10 7.78375e+11 4.10967e+12 1.43049e+13 3.55656e+13 6.6527e+13 9.55105e+13 1.07961e+14 0 0 0 0 0 0 0 0 0 0 0 0 0 0 0 0 0 0 0 0 0 0 0 0 0 0 0 0 0 0 0 0 
0 0 0 0 0 0 0 0 0 0 0 0 0 0 0 0 0 0 0 0 0 0 0 1.16664e+06 4.14272e+08 1.38141e+10 1.59611e+11 9.79857e+11 3.79239e+12 1.01443e+13 1.98218e+13 2.93894e+13 3.34535e+13 0 0 0 0 0 0 0 0 0 0 0 0 0 0 0 0 0 0 0 0 0 0 0 0 0 0 0 0 0 0 0 0 
0 0 0 0 0 0 0 0 0 0 0 0 0 0 0 0 0 0 0 0 0 0 0 25162.1 2.21581e+07 1.81527e+09 2.868e+10 2.09628e+11 9.06944e+11 2.63713e+12 5.41313e+12 8.23136e+12 9.43839e+12 0 0 0 0 0 0 0 0 0 0 0 0 0 0 0 0 0 0 0 0 0 0 0 0 0 0 0 0 0 0 0 0 
0 0 0 0 0 0 0 0 0 0 0 0 0 0 0 0 0 0 0 0 0 0 0 0 981272 1.85386e+08 4.35489e+09 3.95616e+10 1.96161e+11 6.19759e+11 1.34901e+12 2.11581e+12 2.4568e+12 0 0 0 0 0 0 0 0 0 0 0 0 0 0 0 0 0 0 0 0 0 0 0 0 0 0 0 0 0 0 0 0 
0 0 0 0 0 0 0 0 0 0 0 0 0 0 0 0 0 0 0 0 0 0 0 0 24852.1 9.23954e+06 5.40301e+08 6.55948e+09 3.79254e+10 1.3226e+11 3.07081e+11 4.97336e+11 5.82707e+11 0 0 0 0 0 0 0 0 0 0 0 0 0 0 0 0 0 0 0 0 0 0 0 0 0 0 0 0 0 0 0 0 
0 0 0 0 0 0 0 0 0 0 0 0 0 0 0 0 0 0 0 0 0 0 0 0 474.447 402710 5.54301e+07 9.32976e+08 6.54773e+09 2.55488e+10 6.36435e+10 1.07029e+11 1.27015e+11 0 0 0 0 0 0 0 0 0 0 0 0 0 0 0 0 0 0 0 0 0 0 0 0 0 0 0 0 0 0 0 0 
0 0 0 0 0 0 0 0 0 0 0 0 0 0 0 0 0 0 0 0 0 0 0 0 0 11406.3 2.17417e+06 1.05705e+08 9.93133e+08 4.47493e+09 1.19719e+10 2.12334e+10 2.53683e+10 0 0 0 0 0 0 0 0 0 0 0 0 0 0 0 0 0 0 0 0 0 0 0 0 0 0 0 0 0 0 0 0 
0 0 0 0 0 0 0 0 0 0 0 0 0 0 0 0 0 0 0 0 0 0 0 0 0 0 86702.9 1.08871e+07 1.32075e+08 6.85965e+08 2.06389e+09 3.82303e+09 4.6587e+09 0 0 0 0 0 0 0 0 0 0 0 0 0 0 0 0 0 0 0 0 0 0 0 0 0 0 0 0 0 0 0 0 
0 0 0 0 0 0 0 0 0 0 0 0 0 0 0 0 0 0 0 0 0 0 0 0 0 0 0 282550 1.26771e+07 9.7515e+07 3.19153e+08 6.2747e+08 7.88088e+08 0 0 0 0 0 0 0 0 0 0 0 0 0 0 0 0 0 0 0 0 0 0 0 0 0 0 0 0 0 0 0 0 
0 0 0 0 0 0 0 0 0 0 0 0 0 0 0 0 0 0 0 0 0 0 0 0 0 0 0 0 1.57397e+06 1.17581e+07 4.35471e+07 9.62473e+07 1.18806e+08 0 0 0 0 0 0 0 0 0 0 0 0 0 0 0 0 0 0 0 0 0 0 0 0 0 0 0 0 0 0 0 0 
0 0 0 0 0 0 0 0 0 0 0 0 0 0 0 0 0 0 0 0 0 0 0 0 0 0 0 0 819.992 844732 6.0202e+06 1.26717e+07 1.72904e+07 0 0 0 0 0 0 0 0 0 0 0 0 0 0 0 0 0 0 0 0 0 0 0 0 0 0 0 0 0 0 0 0 
0 0 0 0 0 0 0 0 0 0 0 0 0 0 0 0 0 0 0 0 0 0 0 0 0 0 0 0 0 175393 656728 1.50599e+06 2.44545e+06 0 0 0 0 0 0 0 0 0 0 0 0 0 0 0 0 0 0 0 0 0 0 0 0 0 0 0 0 0 0 0 0 
0 0 0 0 0 0 0 0 0 0 0 0 0 0 0 0 0 0 0 0 0 0 0 0 0 0 0 0 0 0 18512.6 278027 185237 0 0 0 0 0 0 0 0 0 0 0 0 0 0 0 0 0 0 0 0 0 0 0 0 0 0 0 0 0 0 0 0 
0 0 0 0 0 0 0 0 0 0 0 0 0 0 0 0 0 0 0 0 0 0 0 0 0 0 0 0 0 0 19466.8 17439.8 44269.6 0 0 0 0 0 0 0 0 0 0 0 0 0 0 0 0 0 0 0 0 0 0 0 0 0 0 0 0 0 0 0 0 
0 0 0 0 0 0 0 0 0 0 0 0 0 0 0 0 0 0 0 0 0 0 0 0 0 0 0 0 0 0 0 0 8008.87 0 0 0 0 0 0 0 0 0 0 0 0 0 0 0 0 0 0 0 0 0 0 0 0 0 0 0 0 0 0 0 0 
0 0 0 0 0 0 0 0 0 0 0 0 0 0 0 0 0 0 0 0 0 0 0 0 0 0 0 0 0 0 0 1346.13 0 0 0 0 0 0 0 0 0 0 0 0 0 0 0 0 0 0 0 0 0 0 0 0 0 0 0 0 0 0 0 0 0 
0 0 0 0 0 0 0 0 0 0 0 0 0 0 0 0 0 0 0 0 0 0 0 0 0 0 0 0 0 0 0 0 0 0 0 0 0 0 0 0 0 0 0 0 0 0 0 0 0 0 0 0 0 0 0 0 0 0 0 0 0 0 0 0 0 
0 0 0 0 0 0 0 0 0 0 0 0 0 0 0 0 0 0 0 0 0 0 0 0 0 0 0 0 0 0 0 0 42.0666 0 0 0 0 0 0 0 0 0 0 0 0 0 0 0 0 0 0 0 0 0 0 0 0 0 0 0 0 0 0 0 0 
0 0 0 0 0 0 0 0 0 0 0 0 0 0 0 0 0 0 0 0 0 0 0 0 0 0 0 0 0 0 0 0 0 0 0 0 0 0 0 0 0 0 0 0 0 0 0 0 0 0 0 0 0 0 0 0 0 0 0 0 0 0 0 0 0 
0 0 0 0 0 0 0 0 0 0 0 0 0 0 0 0 0 0 0 0 0 0 0 0 0 0 0 0 0 0 0 0 0 0 0 0 0 0 0 0 0 0 0 0 0 0 0 0 0 0 0 0 0 0 0 0 0 0 0 0 0 0 0 0 0 
0 0 0 0 0 0 0 0 0 0 0 0 0 0 0 0 0 0 0 0 0 0 0 0 0 0 0 0 0 0 0 0 0 0 0 0 0 0 0 0 0 0 0 0 0 0 0 0 0 0 0 0 0 0 0 0 0 0 0 0 0 0 0 0 0 
0 0 0 0 0 0 0 0 0 0 0 0 0 0 0 0 0 0 0 0 0 0 0 0 0 0 0 0 0 0 0 0 0 0 0 0 0 0 0 0 0 0 0 0 0 0 0 0 0 0 0 0 0 0 0 0 0 0 0 0 0 0 0 0 0 
0 0 0 0 0 0 0 0 0 0 0 0 0 0 0 0 0 0 0 0 0 0 0 0 0 0 0 0 0 0 0 0 0 0 0 0 0 0 0 0 0 0 0 0 0 0 0 0 0 0 0 0 0 0 0 0 0 0 0 0 0 0 0 0 0 
0 0 0 0 0 0 0 0 0 0 0 0 0 0 0 0 0 0 0 0 0 0 0 0 0 0 0 0 0 0 0 0 0 0 0 0 0 0 0 0 0 0 0 0 0 0 0 0 0 0 0 0 0 0 0 0 0 0 0 0 0 0 0 0 0 
0 0 0 0 0 0 0 0 0 0 0 0 0 0 0 0 0 0 0 0 0 0 0 0 0 0 0 0 0 0 0 0 0 0 0 0 0 0 0 0 0 0 0 0 0 0 0 0 0 0 0 0 0 0 0 0 0 0 0 0 0 0 0 0 0 
0 0 0 0 0 0 0 0 0 0 0 0 0 0 0 0 0 0 0 0 0 0 0 0 0 0 0 0 0 0 0 0 0 0 0 0 0 0 0 0 0 0 0 0 0 0 0 0 0 0 0 0 0 0 0 0 0 0 0 0 0 0 0 0 0 
0 0 0 0 0 0 0 0 0 0 0 0 0 0 0 0 0 0 0 0 0 0 0 0 0 0 0 0 0 0 0 0 0 0 0 0 0 0 0 0 0 0 0 0 0 0 0 0 0 0 0 0 0 0 0 0 0 0 0 0 0 0 0 0 0 
0 0 0 0 0 0 0 0 0 0 0 0 0 0 0 0 0 0 0 0 0 0 0 0 0 0 0 0 0 0 0 0 0 0 0 0 0 0 0 0 0 0 0 0 0 0 0 0 0 0 0 0 0 0 0 0 0 0 0 0 0 0 0 0 0 
0 0 0 0 0 0 0 0 0 0 0 0 0 0 0 0 0 0 0 0 0 0 0 0 0 0 0 0 0 0 0 0 0 0 0 0 0 0 0 0 0 0 0 0 0 0 0 0 0 0 0 0 0 0 0 0 0 0 0 0 0 0 0 0 0 
0 0 0 0 0 0 0 0 0 0 0 0 0 0 0 0 0 0 0 0 0 0 0 0 0 0 0 0 0 0 0 0 0 0 0 0 0 0 0 0 0 0 0 0 0 0 0 0 0 0 0 0 0 0 0 0 0 0 0 0 0 0 0 0 0 
0 0 0 0 0 0 0 0 0 0 0 0 0 0 0 0 0 0 0 0 0 0 0 0 0 0 0 0 0 0 0 0 0 0 0 0 0 0 0 0 0 0 0 0 0 0 0 0 0 0 0 0 0 0 0 0 0 0 0 0 0 0 0 0 0 
0 0 0 0 0 0 0 0 0 0 0 0 0 0 0 0 0 0 0 0 0 0 0 0 0 0 0 0 0 0 0 0 0 0 0 0 0 0 0 0 0 0 0 0 0 0 0 0 0 0 0 0 0 0 0 0 0 0 0 0 0 0 0 0 0 
0 0 0 0 0 0 0 0 0 0 0 0 0 0 0 0 0 0 0 0 0 0 0 0 0 0 0 0 0 0 0 0 0 0 0 0 0 0 0 0 0 0 0 0 0 0 0 0 0 0 0 0 0 0 0 0 0 0 0 0 0 0 0 0 0 
0 0 0 0 0 0 0 0 0 0 0 0 0 0 0 0 0 0 0 0 0 0 0 0 0 0 0 0 0 0 0 0 0 0 0 0 0 0 0 0 0 0 0 0 0 0 0 0 0 0 0 0 0 0 0 0 0 0 0 0 0 0 0 0 0 
0 0 0 0 0 0 0 0 0 0 0 0 0 0 0 0 0 0 0 0 0 0 0 0 0 0 0 0 0 0 0 0 0 0 0 0 0 0 0 0 0 0 0 0 0 0 0 0 0 0 0 0 0 0 0 0 0 0 0 0 0 0 0 0 0 
0 0 0 0 0 0 0 0 0 0 0 0 0 0 0 0 0 0 0 0 0 0 0 0 0 0 0 0 0 0 0 0 0 0 0 0 0 0 0 0 0 0 0 0 0 0 0 0 0 0 0 0 0 0 0 0 0 0 0 0 0 0 0 0 0 
0 0 0 0 0 0 0 0 0 0 0 0 0 0 0 0 0 0 0 0 0 0 0 0 0 0 0 0 0 0 0 0 0 0 0 0 0 0 0 0 0 0 0 0 0 0 0 0 0 0 0 0 0 0 0 0 0 0 0 0 0 0 0 0 0 
0 0 0 0 0 0 0 0 0 0 0 0 0 0 0 0 0 0 0 0 0 0 0 0 0 0 0 0 0 0 0 0 0 0 0 0 0 0 0 0 0 0 0 0 0 0 0 0 0 0 0 0 0 0 0 0 0 0 0 0 0 0 0 0 0 
0 0 0 0 0 0 0 0 0 0 0 0 0 0 0 0 0 0 0 0 0 0 0 0 0 0 0 0 0 0 0 0 0 0 0 0 0 0 0 0 0 0 0 0 0 0 0 0 0 0 0 0 0 0 0 0 0 0 0 0 0 0 0 0 0 
0 0 0 0 0 0 0 0 0 0 0 0 0 0 0 0 0 0 0 0 0 0 0 0 0 0 0 0 0 0 0 0 0 0 0 0 0 0 0 0 0 0 0 0 0 0 0 0 0 0 0 0 0 0 0 0 0 0 0 0 0 0 0 0 0 
0 0 0 0 0 0 0 0 0 0 0 0 0 0 0 0 0 0 0 0 0 0 0 0 0 0 0 0 0 0 0 0 0 0 0 0 0 0 0 0 0 0 0 0 0 0 0 0 0 0 0 0 0 0 0 0 0 0 0 0 0 0 0 0 0 
0 0 0 0 0 0 0 0 0 0 0 0 0 0 0 0 0 0 0 0 0 0 0 0 0 0 0 0 0 0 0 0 0 0 0 0 0 0 0 0 0 0 0 0 0 0 0 0 0 0 0 0 0 0 0 0 0 0 0 0 0 0 0 0 0 
0 0 0 0 0 0 0 0 0 0 0 0 0 0 0 0 0 0 0 0 0 0 0 0 0 0 0 0 0 0 0 0 0 0 0 0 0 0 0 0 0 0 0 0 0 0 0 0 0 0 0 0 0 0 0 0 0 0 0 0 0 0 0 0 0 
0 0 0 0 0 0 0 0 0 0 0 0 0 0 0 0 0 0 0 0 0 0 0 0 0 0 0 0 0 0 0 0 0 0 0 0 0 0 0 0 0 0 0 0 0 0 0 0 0 0 0 0 0 0 0 0 0 0 0 0 0 0 0 0 0 
0 0 0 0 0 0 0 0 0 0 0 0 0 0 0 0 0 0 0 0 0 0 0 0 0 0 0 0 0 0 0 0 0 0 0 0 0 0 0 0 0 0 0 0 0 0 0 0 0 0 0 0 0 0 0 0 0 0 0 0 0 0 0 0 0 
0 0 0 0 0 0 0 0 0 0 0 0 0 0 0 0 0 0 0 0 0 0 0 0 0 0 0 0 0 0 0 0 0 0 0 0 0 0 0 0 0 0 0 0 0 0 0 0 0 0 0 0 0 0 0 0 0 0 0 0 0 0 0 0 0 
0 0 0 0 0 0 0 0 0 0 0 0 0 0 0 0 0 0 0 0 0 0 0 0 0 0 0 0 0 0 0 0 0 0 0 0 0 0 0 0 0 0 0 0 0 0 0 0 0 0 0 0 0 0 0 0 0 0 0 0 0 0 0 0 0 
0 0 0 0 0 0 0 0 0 0 0 0 0 0 0 0 0 0 0 0 0 0 0 0 0 0 0 0 0 0 0 0 0 0 0 0 0 0 0 0 0 0 0 0 0 0 0 0 0 0 0 0 0 0 0 0 0 0 0 0 0 0 0 0 0 
0 0 0 0 0 0 0 0 0 0 0 0 0 0 0 0 0 0 0 0 0 0 0 0 0 0 0 0 0 0 0 0 0 0 0 0 0 0 0 0 0 0 0 0 0 0 0 0 0 0 0 0 0 0 0 0 0 0 0 0 0 0 0 0 0 
0 0 0 0 0 0 0 0 0 0 0 0 0 0 0 0 0 0 0 0 0 0 0 0 0 0 0 0 0 0 0 0 0 0 0 0 0 0 0 0 0 0 0 0 0 0 0 0 0 0 0 0 0 0 0 0 0 0 0 0 0 0 0 0 0 
