1 0 0 0 0 0 0 0 0 0 0 0 0 0 0 0 0 0 0 0 0 0 0 0 0 0 0 0 0 0 0 0 0 0 0 0 0 0 0 0 0 0 0 0 0 0 0 0 0 0 0 0 0 0 0 0 0 0 0 0 0 0 0 0 1 
0 0 0 0 0 0 0 0 0 0 0 0 0 0 0 0 0 0 0 0 0 0 0 0 0 0 0 0 0 0 0 0 0 0 0 0 0 0 0 0 0 0 0 0 0 0 0 0 0 0 0 0 0 0 0 0 0 0 0 0 0 0 0 0 0 
0 0 0 0 0 0 0 0 0 0 0 0 0 0 0 0 0 0 0 0 0 0 0 0 0 0 0 0 0 0 0 0 0 0 0 0 0 0 0 0 0 0 0 0 0 0 0 0 0 0 0 0 0 0 0 0 0 0 0 0 0 0 0 0 0 
0 0 0 0 0 0 0 0 0 0 0 0 0 0 0 0 0 0 0 0 0 0 0 0 0 0 0 0 0 0 0 0 0 0 0 0 0 0 0 0 0 0 0 0 0 0 0 0 0 0 0 0 0 0 0 0 0 0 0 0 0 0 0 0 0 
0 64 0 0 0 0 0 0 0 0 0 0 0 0 0 0 0 0 0 0 0 0 0 0 0 0 0 0 0 0 0 0 0 0 0 0 0 0 0 0 0 0 0 0 0 0 0 0 0 0 0 0 0 0 0 0 0 0 0 0 0 0 0 0 0 
0 0 0 0 0 0 0 0 0 0 0 0 0 0 0 0 0 0 0 0 0 0 0 0 0 0 0 0 0 0 0 0 0 0 0 0 0 0 0 0 0 0 0 0 0 0 0 0 0 0 0 0 0 0 0 0 0 0 0 0 0 0 0 0 0 
0 0 0 0 0 0 0 0 0 0 0 0 0 0 0 0 0 0 0 0 0 0 0 0 0 0 0 0 0 0 0 0 0 0 0 0 0 0 0 0 0 0 0 0 0 0 0 0 0 0 0 0 0 0 0 0 0 0 0 0 0 0 0 0 0 
0 0 256 0 0 0 0 0 0 0 0 0 0 0 0 0 0 0 0 0 0 0 0 0 0 0 0 0 0 0 0 0 0 0 0 0 0 0 0 0 0 0 0 0 0 0 0 0 0 0 0 0 0 0 0 0 0 0 0 0 0 0 0 0 0 
0 0 1760 0 0 0 0 0 0 0 0 0 0 0 0 0 0 0 0 0 0 0 0 0 0 0 0 0 0 0 0 0 0 0 0 0 0 0 0 0 0 0 0 0 0 0 0 0 0 0 0 0 0 0 0 0 0 0 0 0 0 0 0 0 0 
0 0 0 128.229 0 0 0 0 0 0 0 0 0 0 0 0 0 0 0 0 0 0 0 0 0 0 0 0 0 0 0 0 0 0 0 0 0 0 0 0 0 0 0 0 0 0 0 0 0 0 0 0 0 0 0 0 0 0 0 0 0 0 0 0 0 
0 0 0 1408.97 0 0 0 0 0 0 0 0 0 0 0 0 0 0 0 0 0 0 0 0 0 0 0 0 0 0 0 0 0 0 0 0 0 0 0 0 0 0 0 0 0 0 0 0 0 0 0 0 0 0 0 0 0 0 0 0 0 0 0 0 0 
0 0 0 12669.4 192.813 0 0 0 0 0 0 0 0 0 0 0 0 0 0 0 0 0 0 0 0 0 0 0 0 0 0 0 0 0 0 0 0 0 0 0 0 0 0 0 0 0 0 0 0 0 0 0 0 0 0 0 0 0 0 0 0 0 0 0 0 
0 0 0 27457.4 1793.66 0 0 0 0 0 0 0 0 0 0 0 0 0 0 0 0 0 0 0 0 0 0 0 0 0 0 0 0 0 0 0 0 0 0 0 0 0 0 0 0 0 0 0 0 0 0 0 0 0 0 0 0 0 0 0 0 0 0 0 0 
0 0 0 0 14482.6 386.411 0 0 0 0 0 0 0 0 0 0 0 0 0 0 0 0 0 0 0 0 0 0 0 0 0 0 0 0 0 0 0 0 0 0 0 0 0 0 0 0 0 0 0 0 0 0 0 0 0 0 0 0 0 0 0 0 0 0 0 
0 0 0 0 84144.5 4042.19 0 0 0 0 0 0 0 0 0 0 0 0 0 0 0 0 0 0 0 0 0 0 0 0 0 0 0 0 0 0 0 0 0 0 0 0 0 0 0 0 0 0 0 0 0 0 0 0 0 0 0 0 0 0 0 0 0 0 0 
0 0 0 0 264221 26057.9 1417.44 0 0 0 0 0 0 0 0 0 0 0 0 0 0 0 0 0 0 0 0 0 0 0 0 0 0 0 0 0 0 0 0 0 0 0 0 0 0 0 0 0 0 0 0 0 0 0 0 0 0 0 0 0 0 0 0 0 0 
0 0 0 0 270542 147146 9430.47 451.173 48.2288 0 0 0 0 0 0 0 4.01647 0 0 0 0 0 0 0 0 0 0 0 0 0 0 0 3.98181 0 0 0 0 0 0 0 0 0 0 0 0 0 0 0 0 0 0 0 0 0 0 0 0 0 0 0 0 0 0 0 0 
0 0 0 0 0 655954 66574.6 4247.15 0 0 0 0 0 0 0 0 0 0 0 0 0 0 0 0 0 0 0 0 0 0 0 0 0 0 0 0 0 0 0 0 0 0 0 0 0 0 0 0 0 0 0 0 0 0 0 0 0 0 0 0 0 0 0 0 0 
0 0 0 0 0 1.95122e+06 340518 32398.1 4037.35 450.814 0 0 0 0 0 64.2636 0 0 0 0 0 0 0 0 0 0 0 0 0 0 0 0 0 0 0 0 0 0 0 0 0 0 0 0 0 0 0 0 0 0 0 0 0 0 0 0 0 0 0 0 0 0 0 0 0 
0 0 0 0 0 3.06579e+06 1.46203e+06 192838 15956.4 4241.72 1290.23 385.245 192.467 128.195 192.224 0 0 128.542 0 0 0 0 0 0 0 0 0 0 0 0 0 127.418 0 0 0 0 0 0 0 0 0 0 0 0 0 0 0 0 0 0 0 0 0 0 0 0 0 0 0 0 0 0 0 0 0 
0 0 0 0 0 1.77392e+06 5.28398e+06 919993 125579 9959.06 3241.29 1731.16 820.328 576.9 289.753 0 0 64.0668 0 0 0 0 0 0 0 0 0 0 0 0 0 0 0 0 0 0 0 0 0 0 0 0 0 0 0 0 0 0 0 0 0 0 0 0 0 0 0 0 0 0 0 0 0 0 0 
0 0 0 0 0 0 1.40423e+07 3.92031e+06 627552 100825 16527.7 3469.87 2176.91 1152.75 0 0 1926.41 0 384.472 0 0 0 0 0 0 0 0 0 0 0 445.47 0 0 0 0 0 0 0 0 0 0 0 0 0 0 0 0 0 0 0 0 0 0 0 0 0 0 0 0 0 0 0 0 0 0 
0 0 0 0 0 0 2.38346e+07 1.3863e+07 2.90193e+06 522450 105179 32211.8 11205 5019.63 3336.32 5399.53 1155.16 0 1735.15 257.46 0 0 0 0 0 0 0 0 0 255.399 1529.51 0 3972.86 0 0 0 0 0 0 0 0 0 0 0 0 0 0 0 0 0 0 0 0 0 0 0 0 0 0 0 0 0 0 0 0 
0 0 0 0 0 0 2.19689e+07 4.17621e+07 1.14588e+07 2.27917e+06 505931 134123 50406.9 24162.1 17851.3 11971.9 0 5376.1 2113.22 1154.48 388.938 0 0 0 0 0 0 0 382.891 1917.23 0 0 128.234 0 0 0 0 0 0 0 0 0 0 0 0 0 0 0 0 0 0 0 0 0 0 0 0 0 0 0 0 0 0 0 0 
0 0 0 0 0 0 7.96468e+06 9.7961e+07 4.02895e+07 9.90791e+06 2.07674e+06 565392 190005 92148 54132.5 14262.4 14275 25176.1 3628.41 9329.53 1648.72 764.177 0 0 97.9849 0 0 768.831 2581.72 8763.45 0 13439 0 0 0 0 0 0 0 0 0 0 0 0 0 0 0 0 0 0 0 0 0 0 0 0 0 0 0 0 0 0 0 0 0 
0 0 0 0 0 0 0 1.62748e+08 1.22165e+08 3.69993e+07 9.63683e+06 2.45263e+06 808229 334112 145164 83627 93394.6 43774.3 15744.6 23947.9 9174.65 3471.21 2572.86 895.975 0 904.096 2696.49 5755.69 13017 8813.69 7415.37 47059.7 0 0 0 0 0 0 0 0 0 0 0 0 0 0 0 0 0 0 0 0 0 0 0 0 0 0 0 0 0 0 0 0 0 
0 0 0 0 0 0 0 1.72577e+08 3.13698e+08 1.25268e+08 3.60338e+07 1.03325e+07 3.33416e+06 1.27097e+06 596659 391775 262456 64935.1 137274 50763.7 49329.5 14661 6586.09 7728.82 7935.49 7734.68 12788.5 23416.9 41356.8 10786 56324.1 3080.08 44383.2 0 0 0 0 0 0 0 0 0 0 0 0 0 0 0 0 0 0 0 0 0 0 0 0 0 0 0 0 0 0 0 0 
0 0 0 0 0 0 0 1.02432e+08 6.50657e+08 3.75042e+08 1.27315e+08 3.87701e+07 1.25333e+07 4.87033e+06 2.30178e+06 1.30948e+06 588971 442765 366867 147306 156022 89144.9 39176.8 16318.5 22657.1 40828.9 57440.7 82962.6 80468.3 74216.6 262218 23963.3 307134 0 0 0 0 0 0 0 0 0 0 0 0 0 0 0 0 0 0 0 0 0 0 0 0 0 0 0 0 0 0 0 0 
0 0 0 0 0 0 0 2.48027e+07 1.01599e+09 9.83205e+08 4.1457e+08 1.39448e+08 4.75093e+07 1.78365e+07 8.11244e+06 3.95565e+06 2.17329e+06 1.75043e+06 969015 698928 469549 326816 208827 164602 142492 146287 202426 271295 185252 375498 317384 262723 573035 0 0 0 0 0 0 0 0 0 0 0 0 0 0 0 0 0 0 0 0 0 0 0 0 0 0 0 0 0 0 0 0 
0 0 0 0 0 0 0 0 1.10959e+09 2.19604e+09 1.20535e+09 4.67409e+08 1.6761e+08 6.52475e+07 2.79403e+07 1.38055e+07 8.47955e+06 5.36805e+06 2.83964e+06 2.48359e+06 1.46455e+06 1.19153e+06 791728 629573 599165 641160 678545 614684 663501 1.27987e+06 372348 1.48497e+06 264875 0 0 0 0 0 0 0 0 0 0 0 0 0 0 0 0 0 0 0 0 0 0 0 0 0 0 0 0 0 0 0 0 
0 0 0 0 0 0 0 0 7.86081e+08 4.03492e+09 3.13627e+09 1.42864e+09 5.61348e+08 2.21799e+08 9.66614e+07 4.80336e+07 2.7452e+07 1.55028e+07 1.05771e+07 7.70653e+06 5.01687e+06 3.9451e+06 3.03322e+06 2.24038e+06 1.82603e+06 1.80105e+06 1.91536e+06 1.81539e+06 2.56908e+06 2.55208e+06 2.01034e+06 4.14502e+06 1.60969e+06 0 0 0 0 0 0 0 0 0 0 0 0 0 0 0 0 0 0 0 0 0 0 0 0 0 0 0 0 0 0 0 0 
0 0 0 0 0 0 0 0 3.18812e+08 5.81204e+09 7.16576e+09 4.02641e+09 1.75516e+09 7.3086e+08 3.22818e+08 1.58865e+08 8.49477e+07 4.99668e+07 3.54213e+07 2.25444e+07 1.70838e+07 1.22414e+07 9.7687e+06 7.71417e+06 6.75036e+06 6.14974e+06 5.55793e+06 5.91514e+06 7.60748e+06 4.75335e+06 8.40859e+06 5.71271e+06 7.8816e+06 0 0 0 0 0 0 0 0 0 0 0 0 0 0 0 0 0 0 0 0 0 0 0 0 0 0 0 0 0 0 0 0 
0 0 0 0 0 0 0 0 5.37488e+07 6.21026e+09 1.40602e+10 1.02697e+10 5.13578e+09 2.3009e+09 1.03603e+09 5.05189e+08 2.69685e+08 1.64725e+08 1.06736e+08 6.94781e+07 5.29348e+07 3.81904e+07 3.03651e+07 2.50901e+07 2.11273e+07 1.82205e+07 1.7022e+07 1.86605e+07 1.7182e+07 1.58258e+07 2.36287e+07 1.24629e+07 2.57884e+07 0 0 0 0 0 0 0 0 0 0 0 0 0 0 0 0 0 0 0 0 0 0 0 0 0 0 0 0 0 0 0 0 
0 0 0 0 0 0 0 0 0 4.68045e+09 2.29867e+10 2.33533e+10 1.38651e+10 6.77516e+09 3.20144e+09 1.57511e+09 8.48586e+08 5.03577e+08 3.11177e+08 2.16923e+08 1.58417e+08 1.16802e+08 9.21625e+07 7.43537e+07 6.14718e+07 5.36354e+07 5.14305e+07 5.0955e+07 4.28989e+07 5.37644e+07 4.77119e+07 4.86768e+07 5.33559e+07 0 0 0 0 0 0 0 0 0 0 0 0 0 0 0 0 0 0 0 0 0 0 0 0 0 0 0 0 0 0 0 0 
0 0 0 0 0 0 0 0 0 2.32406e+09 3.0215e+10 4.68608e+10 3.42474e+10 1.88294e+10 9.4477e+09 4.79002e+09 2.57969e+09 1.49253e+09 9.35164e+08 6.49312e+08 4.48793e+08 3.46015e+08 2.66292e+08 2.18326e+08 1.82944e+08 1.61178e+08 1.49299e+08 1.32705e+08 1.27835e+08 1.441e+08 1.07831e+08 1.51236e+08 1.0662e+08 0 0 0 0 0 0 0 0 0 0 0 0 0 0 0 0 0 0 0 0 0 0 0 0 0 0 0 0 0 0 0 0 
0 0 0 0 0 0 0 0 0 6.68995e+08 3.07422e+10 8.10948e+10 7.67517e+10 4.87692e+10 2.65e+10 1.39687e+10 7.6274e+09 4.39786e+09 2.76976e+09 1.86162e+09 1.30981e+09 9.96604e+08 7.66591e+08 6.26456e+08 5.25135e+08 4.5815e+08 4.03373e+08 3.61133e+08 3.74211e+08 3.39822e+08 3.32191e+08 3.63353e+08 3.11246e+08 0 0 0 0 0 0 0 0 0 0 0 0 0 0 0 0 0 0 0 0 0 0 0 0 0 0 0 0 0 0 0 0 
0 0 0 0 0 0 0 0 0 8.04745e+07 2.3276e+10 1.18278e+11 1.53709e+11 1.16161e+11 6.99603e+10 3.90051e+10 2.17752e+10 1.27533e+10 7.98708e+09 5.2473e+09 3.7499e+09 2.77663e+09 2.16265e+09 1.73721e+09 1.45664e+09 1.25102e+09 1.09615e+09 1.0234e+09 9.82316e+08 8.60063e+08 9.50546e+08 8.28109e+08 9.258e+08 0 0 0 0 0 0 0 0 0 0 0 0 0 0 0 0 0 0 0 0 0 0 0 0 0 0 0 0 0 0 0 0 
0 0 0 0 0 0 0 0 0 0 1.25479e+10 1.41337e+11 2.71764e+11 2.53179e+11 1.72842e+11 1.03561e+11 6.02409e+10 3.58238e+10 2.23405e+10 1.47688e+10 1.03981e+10 7.61667e+09 5.94657e+09 4.74235e+09 3.96562e+09 3.37775e+09 2.99338e+09 2.77424e+09 2.49741e+09 2.3818e+09 2.39891e+09 2.16261e+09 2.38706e+09 0 0 0 0 0 0 0 0 0 0 0 0 0 0 0 0 0 0 0 0 0 0 0 0 0 0 0 0 0 0 0 0 
0 0 0 0 0 0 0 0 0 0 4.5222e+09 1.34436e+11 4.16145e+11 5.00186e+11 3.96604e+11 2.60473e+11 1.59815e+11 9.76724e+10 6.12607e+10 4.08837e+10 2.83738e+10 2.08668e+10 1.60214e+10 1.28862e+10 1.06037e+10 9.08489e+09 8.00978e+09 7.21686e+09 6.5407e+09 6.42797e+09 5.89414e+09 5.96936e+09 5.77693e+09 0 0 0 0 0 0 0 0 0 0 0 0 0 0 0 0 0 0 0 0 0 0 0 0 0 0 0 0 0 0 0 0 
0 0 0 0 0 0 0 0 0 0 9.43836e+08 9.88087e+10 5.41303e+11 8.8442e+11 8.37589e+11 6.15451e+11 4.03743e+11 2.55988e+11 1.64653e+11 1.09763e+11 7.63766e+10 5.58487e+10 4.26296e+10 3.40485e+10 2.79579e+10 2.38661e+10 2.09513e+10 1.8603e+10 1.72502e+10 1.62925e+10 1.52206e+10 1.54796e+10 1.45677e+10 0 0 0 0 0 0 0 0 0 0 0 0 0 0 0 0 0 0 0 0 0 0 0 0 0 0 0 0 0 0 0 0 
0 0 0 0 0 0 0 0 0 0 8.16326e+07 5.46213e+10 5.85879e+11 1.37944e+12 1.61598e+12 1.35325e+12 9.65775e+11 6.46329e+11 4.27177e+11 2.8843e+11 2.01493e+11 1.47394e+11 1.12056e+11 8.89332e+10 7.29608e+10 6.20089e+10 5.41122e+10 4.8219e+10 4.43518e+10 4.10534e+10 3.97576e+10 3.83484e+10 3.81189e+10 0 0 0 0 0 0 0 0 0 0 0 0 0 0 0 0 0 0 0 0 0 0 0 0 0 0 0 0 0 0 0 0 
0 0 0 0 0 0 0 0 0 0 0 2.17086e+10 5.14987e+11 1.87176e+12 2.81458e+12 2.75621e+12 2.17366e+12 1.55359e+12 1.06682e+12 7.34505e+11 5.20914e+11 3.80288e+11 2.89961e+11 2.28944e+11 1.87325e+11 1.58117e+11 1.3709e+11 1.23066e+11 1.12085e+11 1.04321e+11 1.00323e+11 9.59089e+10 9.66755e+10 0 0 0 0 0 0 0 0 0 0 0 0 0 0 0 0 0 0 0 0 0 0 0 0 0 0 0 0 0 0 0 0 
0 0 0 0 0 0 0 0 0 0 0 5.78039e+09 3.60593e+11 2.17033e+12 4.38876e+12 5.15852e+12 4.58031e+12 3.53112e+12 2.55717e+12 1.82021e+12 1.30839e+12 9.66217e+11 7.38153e+11 5.80244e+11 4.74371e+11 3.99931e+11 3.46286e+11 3.09114e+11 2.81347e+11 2.62798e+11 2.48921e+11 2.4218e+11 2.39877e+11 0 0 0 0 0 0 0 0 0 0 0 0 0 0 0 0 0 0 0 0 0 0 0 0 0 0 0 0 0 0 0 0 
0 0 0 0 0 0 0 0 0 0 0 8.79326e+08 1.96658e+11 2.11984e+12 6.04707e+12 8.77138e+12 8.96289e+12 7.57653e+12 5.84361e+12 4.33106e+12 3.18613e+12 2.39426e+12 1.83332e+12 1.44763e+12 1.18314e+12 9.96534e+11 8.63133e+11 7.64192e+11 6.96313e+11 6.47837e+11 6.15524e+11 5.99937e+11 5.89144e+11 0 0 0 0 0 0 0 0 0 0 0 0 0 0 0 0 0 0 0 0 0 0 0 0 0 0 0 0 0 0 0 0 
0 0 0 0 0 0 0 0 0 0 0 5.42576e+07 8.11311e+10 1.71101e+12 7.25774e+12 1.3491e+13 1.61629e+13 1.52419e+13 1.2644e+13 9.87369e+12 7.5283e+12 5.74389e+12 4.45845e+12 3.55852e+12 2.90452e+12 2.44292e+12 2.11434e+12 1.87615e+12 1.70544e+12 1.58341e+12 1.50417e+12 1.45916e+12 1.44236e+12 0 0 0 0 0 0 0 0 0 0 0 0 0 0 0 0 0 0 0 0 0 0 0 0 0 0 0 0 0 0 0 0 
0 0 0 0 0 0 0 0 0 0 0 0 2.41899e+10 1.12342e+12 7.50836e+12 1.85123e+13 2.6701e+13 2.85478e+13 2.5884e+13 2.14254e+13 1.70327e+13 1.33904e+13 1.05866e+13 8.49519e+12 7.01324e+12 5.89897e+12 5.11642e+12 4.53517e+12 4.11782e+12 3.82202e+12 3.63845e+12 3.51744e+12 3.48512e+12 0 0 0 0 0 0 0 0 0 0 0 0 0 0 0 0 0 0 0 0 0 0 0 0 0 0 0 0 0 0 0 0 
0 0 0 0 0 0 0 0 0 0 0 0 4.76561e+09 5.90541e+11 6.58681e+12 2.25175e+13 4.00197e+13 4.94811e+13 4.9473e+13 4.40353e+13 3.68631e+13 2.99274e+13 2.42803e+13 1.98305e+13 1.64338e+13 1.3941e+13 1.21226e+13 1.07714e+13 9.78676e+12 9.09157e+12 8.65007e+12 8.3834e+12 8.30353e+12 0 0 0 0 0 0 0 0 0 0 0 0 0 0 0 0 0 0 0 0 0 0 0 0 0 0 0 0 0 0 0 0 
0 0 0 0 0 0 0 0 0 0 0 0 5.18702e+08 2.43276e+11 4.85781e+12 2.3896e+13 5.41398e+13 7.87208e+13 8.84657e+13 8.5493e+13 7.57976e+13 6.43749e+13 5.37601e+13 4.48477e+13 3.76761e+13 3.23276e+13 2.81725e+13 2.51275e+13 2.28829e+13 2.13317e+13 2.02636e+13 1.96289e+13 1.94417e+13 0 0 0 0 0 0 0 0 0 0 0 0 0 0 0 0 0 0 0 0 0 0 0 0 0 0 0 0 0 0 0 0 
0 0 0 0 0 0 0 0 0 0 0 0 2.24144e+07 7.59878e+10 2.95977e+12 2.19928e+13 6.53882e+13 1.14383e+14 1.46426e+14 1.55568e+14 1.47625e+14 1.31742e+14 1.14103e+14 9.77439e+13 8.38464e+13 7.27602e+13 6.40406e+13 5.75726e+13 5.25295e+13 4.89614e+13 4.66124e+13 4.52721e+13 4.49019e+13 0 0 0 0 0 0 0 0 0 0 0 0 0 0 0 0 0 0 0 0 0 0 0 0 0 0 0 0 0 0 0 0 
0 0 0 0 0 0 0 0 0 0 0 0 0 1.69879e+10 1.47342e+12 1.73176e+13 6.9873e+13 1.5064e+14 2.23391e+14 2.63823e+14 2.71217e+14 2.56787e+14 2.31468e+14 2.04978e+14 1.7994e+14 1.58531e+14 1.41592e+14 1.27884e+14 1.17606e+14 1.10009e+14 1.04961e+14 1.02097e+14 1.00895e+14 0 0 0 0 0 0 0 0 0 0 0 0 0 0 0 0 0 0 0 0 0 0 0 0 0 0 0 0 0 0 0 0 
0 0 0 0 0 0 0 0 0 0 0 0 0 2.41859e+09 5.9056e+11 1.15794e+13 6.56389e+13 1.78746e+14 3.12507e+14 4.15345e+14 4.66824e+14 4.71865e+14 4.48517e+14 4.1067e+14 3.71555e+14 3.34452e+14 3.0276e+14 2.76426e+14 2.56651e+14 2.41199e+14 2.30947e+14 2.25028e+14 2.23031e+14 0 0 0 0 0 0 0 0 0 0 0 0 0 0 0 0 0 0 0 0 0 0 0 0 0 0 0 0 0 0 0 0 
0 0 0 0 0 0 0 0 0 0 0 0 0 1.80757e+08 1.85723e+11 6.494e+12 5.35495e+13 1.89356e+14 3.97724e+14 6.05317e+14 7.4978e+14 8.17899e+14 8.20781e+14 7.86428e+14 7.34134e+14 6.77794e+14 6.24512e+14 5.79166e+14 5.41131e+14 5.13393e+14 4.93899e+14 4.82185e+14 4.78031e+14 0 0 0 0 0 0 0 0 0 0 0 0 0 0 0 0 0 0 0 0 0 0 0 0 0 0 0 0 0 0 0 0 
0 0 0 0 0 0 0 0 0 0 0 0 0 5.41911e+06 4.36245e+10 3.02654e+12 3.77388e+13 1.77753e+14 4.58743e+14 8.08869e+14 1.12115e+15 1.32609e+15 1.42256e+15 1.43067e+15 1.38508e+15 1.3146e+15 1.23814e+15 1.16631e+15 1.10591e+15 1.05811e+15 1.02324e+15 1.00024e+15 9.9374e+14 0 0 0 0 0 0 0 0 0 0 0 0 0 0 0 0 0 0 0 0 0 0 0 0 0 0 0 0 0 0 0 0 
0 0 0 0 0 0 0 0 0 0 0 0 0 0 7.11511e+09 1.15691e+12 2.27781e+13 1.47001e+14 4.75115e+14 9.89115e+14 1.54718e+15 2.01009e+15 2.31118e+15 2.45809e+15 2.48423e+15 2.44105e+15 2.356e+15 2.26016e+15 2.17391e+15 2.09704e+15 2.04265e+15 2.00779e+15 1.99694e+15 0 0 0 0 0 0 0 0 0 0 0 0 0 0 0 0 0 0 0 0 0 0 0 0 0 0 0 0 0 0 0 0 
0 0 0 0 0 0 0 0 0 0 0 0 0 0 6.90641e+08 3.55486e+11 1.16714e+13 1.06345e+14 4.40327e+14 1.09764e+15 1.96664e+15 2.83048e+15 3.52298e+15 3.97955e+15 4.22054e+15 4.29532e+15 4.27649e+15 4.19254e+15 4.09605e+15 4.0047e+15 3.92452e+15 3.88456e+15 3.86404e+15 0 0 0 0 0 0 0 0 0 0 0 0 0 0 0 0 0 0 0 0 0 0 0 0 0 0 0 0 0 0 0 0 
0 0 0 0 0 0 0 0 0 0 0 0 0 0 3.31855e+07 8.43119e+10 5.0367e+12 6.66979e+13 3.62069e+14 1.10199e+15 2.28912e+15 3.69223e+15 5.0096e+15 6.05391e+15 6.76758e+15 7.18745e+15 7.37134e+15 7.42652e+15 7.37595e+15 7.3106e+15 7.25573e+15 7.20166e+15 7.17953e+15 0 0 0 0 0 0 0 0 0 0 0 0 0 0 0 0 0 0 0 0 0 0 0 0 0 0 0 0 0 0 0 0 
0 0 0 0 0 0 0 0 0 0 0 0 0 0 746986 1.4421e+10 1.81229e+12 3.62186e+13 2.62962e+14 9.93938e+14 2.43032e+15 4.43462e+15 6.61896e+15 8.61158e+15 1.02161e+16 1.13388e+16 1.20676e+16 1.24835e+16 1.26949e+16 1.27676e+16 1.2773e+16 1.27689e+16 1.27695e+16 0 0 0 0 0 0 0 0 0 0 0 0 0 0 0 0 0 0 0 0 0 0 0 0 0 0 0 0 0 0 0 0 
0 0 0 0 0 0 0 0 0 0 0 0 0 0 0 1.58939e+09 5.30624e+11 1.68591e+13 1.67877e+14 8.01762e+14 2.34133e+15 4.88023e+15 8.10066e+15 1.14387e+16 1.44328e+16 1.68737e+16 1.8657e+16 1.99063e+16 2.07148e+16 2.12005e+16 2.14878e+16 2.16511e+16 2.16692e+16 0 0 0 0 0 0 0 0 0 0 0 0 0 0 0 0 0 0 0 0 0 0 0 0 0 0 0 0 0 0 0 0 
0 0 0 0 0 0 0 0 0 0 0 0 0 0 0 9.39761e+07 1.22784e+11 6.67353e+12 9.37385e+13 5.76282e+14 2.03539e+15 4.91957e+15 9.12683e+15 1.40938e+16 1.90814e+16 2.3549e+16 2.7245e+16 3.00343e+16 3.20532e+16 3.34365e+16 3.42822e+16 3.47389e+16 3.4917e+16 0 0 0 0 0 0 0 0 0 0 0 0 0 0 0 0 0 0 0 0 0 0 0 0 0 0 0 0 0 0 0 0 
0 0 0 0 0 0 0 0 0 0 0 0 0 0 0 2.97994e+06 2.09052e+10 2.22284e+12 4.54793e+13 3.66656e+14 1.59159e+15 4.50373e+15 9.45959e+15 1.60689e+16 2.34697e+16 3.07536e+16 3.72462e+16 4.26637e+16 4.68044e+16 4.98514e+16 5.18941e+16 5.29901e+16 5.33976e+16 0 0 0 0 0 0 0 0 0 0 0 0 0 0 0 0 0 0 0 0 0 0 0 0 0 0 0 0 0 0 0 0 
0 0 0 0 0 0 0 0 0 0 0 0 0 0 0 58113.5 2.37478e+09 6.10047e+11 1.90994e+13 2.06006e+14 1.11528e+15 3.74428e+15 8.9658e+15 1.69132e+16 2.68257e+16 3.74745e+16 4.77845e+16 5.68612e+16 6.44243e+16 7.01816e+16 7.41234e+16 7.64557e+16 7.72279e+16 0 0 0 0 0 0 0 0 0 0 0 0 0 0 0 0 0 0 0 0 0 0 0 0 0 0 0 0 0 0 0 0 
0 0 0 0 0 0 0 0 0 0 0 0 0 0 0 0 1.48581e+08 1.33057e+11 6.86941e+12 1.01732e+14 6.96575e+14 2.80745e+15 7.75397e+15 1.63428e+16 2.82994e+16 4.24755e+16 5.72296e+16 7.1112e+16 8.31906e+16 9.2809e+16 9.97969e+16 1.0399e+17 1.05304e+17 0 0 0 0 0 0 0 0 0 0 0 0 0 0 0 0 0 0 0 0 0 0 0 0 0 0 0 0 0 0 0 0 
0 0 0 0 0 0 0 0 0 0 0 0 0 0 0 0 5.35288e+06 2.1688e+10 2.09131e+12 4.39524e+13 3.87422e+14 1.8946e+15 6.09936e+15 1.44873e+16 2.75887e+16 4.4604e+16 6.37888e+16 8.31323e+16 1.00741e+17 1.15376e+17 1.26262e+17 1.32962e+17 1.353e+17 0 0 0 0 0 0 0 0 0 0 0 0 0 0 0 0 0 0 0 0 0 0 0 0 0 0 0 0 0 0 0 0 
0 0 0 0 0 0 0 0 0 0 0 0 0 0 0 0 109858 2.35234e+09 5.25211e+11 1.65166e+13 1.90744e+14 1.14737e+15 4.3413e+15 1.17252e+16 2.47532e+16 4.33426e+16 6.60477e+16 9.04377e+16 1.13928e+17 1.34289e+17 1.49886e+17 1.59628e+17 1.62938e+17 0 0 0 0 0 0 0 0 0 0 0 0 0 0 0 0 0 0 0 0 0 0 0 0 0 0 0 0 0 0 0 0 
0 0 0 0 0 0 0 0 0 0 0 0 0 0 0 0 2163.57 1.39435e+08 1.05185e+11 5.33346e+12 8.29279e+13 6.21042e+14 2.7949e+15 8.65265e+15 2.0326e+16 3.88146e+16 6.32845e+16 9.14356e+16 1.2003e+17 1.45891e+17 1.66266e+17 1.79269e+17 1.83699e+17 0 0 0 0 0 0 0 0 0 0 0 0 0 0 0 0 0 0 0 0 0 0 0 0 0 0 0 0 0 0 0 0 
0 0 0 0 0 0 0 0 0 0 0 0 0 0 0 0 0 4.55856e+06 1.55916e+10 1.45794e+12 3.16311e+13 3.00015e+14 1.61875e+15 5.80225e+15 1.52656e+16 3.19944e+16 5.60939e+16 8.58142e+16 1.17676e+17 1.47635e+17 1.72172e+17 1.87975e+17 1.93372e+17 0 0 0 0 0 0 0 0 0 0 0 0 0 0 0 0 0 0 0 0 0 0 0 0 0 0 0 0 0 0 0 0 
0 0 0 0 0 0 0 0 0 0 0 0 0 0 0 0 0 91170 1.51603e+09 3.28021e+11 1.05203e+13 1.28982e+14 8.43495e+14 3.51757e+15 1.04823e+16 2.41657e+16 4.58276e+16 7.44313e+16 1.06871e+17 1.39022e+17 1.65784e+17 1.83731e+17 1.89859e+17 0 0 0 0 0 0 0 0 0 0 0 0 0 0 0 0 0 0 0 0 0 0 0 0 0 0 0 0 0 0 0 0 
0 0 0 0 0 0 0 0 0 0 0 0 0 0 0 0 0 0 7.50835e+07 5.81445e+10 3.01246e+12 4.89735e+13 3.93257e+14 1.92838e+15 6.54209e+15 1.67239e+16 3.43989e+16 5.95576e+16 9.00015e+16 1.21198e+17 1.4827e+17 1.66661e+17 1.73328e+17 0 0 0 0 0 0 0 0 0 0 0 0 0 0 0 0 0 0 0 0 0 0 0 0 0 0 0 0 0 0 0 0 
0 0 0 0 0 0 0 0 0 0 0 0 0 0 0 0 0 0 1.84471e+06 7.47596e+09 7.23987e+11 1.63487e+13 1.64557e+14 9.54907e+14 3.70494e+15 1.05653e+16 2.36903e+16 4.39499e+16 6.98916e+16 9.78605e+16 1.23069e+17 1.40479e+17 1.46761e+17 0 0 0 0 0 0 0 0 0 0 0 0 0 0 0 0 0 0 0 0 0 0 0 0 0 0 0 0 0 0 0 0 
0 0 0 0 0 0 0 0 0 0 0 0 0 0 0 0 0 0 2676.17 5.98902e+08 1.41845e+11 4.7457e+12 6.10653e+13 4.25568e+14 1.90446e+15 6.08165e+15 1.49468e+16 2.97608e+16 5.00127e+16 7.3044e+16 9.4502e+16 1.09672e+17 1.15132e+17 0 0 0 0 0 0 0 0 0 0 0 0 0 0 0 0 0 0 0 0 0 0 0 0 0 0 0 0 0 0 0 0 
0 0 0 0 0 0 0 0 0 0 0 0 0 0 0 0 0 0 0 2.07078e+07 2.1329e+10 1.17607e+12 2.00762e+13 1.7022e+14 8.8449e+14 3.18576e+15 8.61069e+15 1.85046e+16 3.29725e+16 5.02401e+16 6.68841e+16 7.90529e+16 8.35293e+16 0 0 0 0 0 0 0 0 0 0 0 0 0 0 0 0 0 0 0 0 0 0 0 0 0 0 0 0 0 0 0 0 
0 0 0 0 0 0 0 0 0 0 0 0 0 0 0 0 0 0 0 114575 2.22545e+09 2.42731e+11 5.77399e+12 6.0909e+13 3.71659e+14 1.51715e+15 4.52808e+15 1.05315e+16 1.99563e+16 3.18288e+16 4.37456e+16 5.26062e+16 5.58787e+16 0 0 0 0 0 0 0 0 0 0 0 0 0 0 0 0 0 0 0 0 0 0 0 0 0 0 0 0 0 0 0 0 
0 0 0 0 0 0 0 0 0 0 0 0 0 0 0 0 0 0 0 0 1.2777e+08 3.97276e+10 1.43466e+12 1.93211e+13 1.40741e+14 6.54597e+14 2.16903e+15 5.47846e+15 1.10591e+16 1.85105e+16 2.62849e+16 3.22489e+16 3.44758e+16 0 0 0 0 0 0 0 0 0 0 0 0 0 0 0 0 0 0 0 0 0 0 0 0 0 0 0 0 0 0 0 0 
0 0 0 0 0 0 0 0 0 0 0 0 0 0 0 0 0 0 0 0 1.63251e+06 4.83203e+09 3.00244e+11 5.40977e+12 4.76369e+13 2.5594e+14 9.46576e+14 2.60169e+15 5.61832e+15 9.87309e+15 1.45329e+16 1.81809e+16 1.95803e+16 0 0 0 0 0 0 0 0 0 0 0 0 0 0 0 0 0 0 0 0 0 0 0 0 0 0 0 0 0 0 0 0 
0 0 0 0 0 0 0 0 0 0 0 0 0 0 0 0 0 0 0 0 3182.78 3.65186e+08 5.13799e+10 1.31418e+12 1.43939e+13 9.0441e+13 3.75371e+14 1.13016e+15 2.60924e+15 4.8354e+15 7.37211e+15 9.42361e+15 1.02026e+16 0 0 0 0 0 0 0 0 0 0 0 0 0 0 0 0 0 0 0 0 0 0 0 0 0 0 0 0 0 0 0 0 
0 0 0 0 0 0 0 0 0 0 0 0 0 0 0 0 0 0 0 0 0 1.11403e+07 6.74991e+09 2.72019e+11 3.84355e+12 2.85935e+13 1.34952e+14 4.46369e+14 1.11039e+15 2.1638e+15 3.41706e+15 4.47311e+15 4.88583e+15 0 0 0 0 0 0 0 0 0 0 0 0 0 0 0 0 0 0 0 0 0 0 0 0 0 0 0 0 0 0 0 0 
0 0 0 0 0 0 0 0 0 0 0 0 0 0 0 0 0 0 0 0 0 77852.9 5.99226e+08 4.68847e+10 8.97295e+11 8.08336e+12 4.3754e+13 1.60402e+14 4.30068e+14 8.87928e+14 1.4605e+15 1.9495e+15 2.14447e+15 0 0 0 0 0 0 0 0 0 0 0 0 0 0 0 0 0 0 0 0 0 0 0 0 0 0 0 0 0 0 0 0 
0 0 0 0 0 0 0 0 0 0 0 0 0 0 0 0 0 0 0 0 0 0 2.59537e+07 6.35815e+09 1.79966e+11 2.03398e+12 1.27877e+13 5.23429e+13 1.52233e+14 3.33053e+14 5.69395e+14 7.79308e+14 8.64902e+14 0 0 0 0 0 0 0 0 0 0 0 0 0 0 0 0 0 0 0 0 0 0 0 0 0 0 0 0 0 0 0 0 
0 0 0 0 0 0 0 0 0 0 0 0 0 0 0 0 0 0 0 0 0 0 661414 6.10561e+08 3.0401e+10 4.48354e+11 3.33782e+12 1.54555e+13 4.89565e+13 1.13975e+14 2.03123e+14 2.85654e+14 3.18816e+14 0 0 0 0 0 0 0 0 0 0 0 0 0 0 0 0 0 0 0 0 0 0 0 0 0 0 0 0 0 0 0 0 
0 0 0 0 0 0 0 0 0 0 0 0 0 0 0 0 0 0 0 0 0 0 1866.63 3.15368e+07 4.10147e+09 8.52753e+10 7.79532e+11 4.09807e+12 1.43206e+13 3.56269e+13 6.6513e+13 9.5604e+13 1.07941e+14 0 0 0 0 0 0 0 0 0 0 0 0 0 0 0 0 0 0 0 0 0 0 0 0 0 0 0 0 0 0 0 0 
0 0 0 0 0 0 0 0 0 0 0 0 0 0 0 0 0 0 0 0 0 0 0 1.15893e+06 4.10112e+08 1.38452e+10 1.5976e+11 9.81682e+11 3.79175e+12 1.01704e+13 1.98551e+13 2.9333e+13 3.3415e+13 0 0 0 0 0 0 0 0 0 0 0 0 0 0 0 0 0 0 0 0 0 0 0 0 0 0 0 0 0 0 0 0 
0 0 0 0 0 0 0 0 0 0 0 0 0 0 0 0 0 0 0 0 0 0 0 25230.3 2.19655e+07 1.80528e+09 2.85019e+10 2.08411e+11 9.0816e+11 2.62429e+12 5.41577e+12 8.25448e+12 9.46921e+12 0 0 0 0 0 0 0 0 0 0 0 0 0 0 0 0 0 0 0 0 0 0 0 0 0 0 0 0 0 0 0 0 
0 0 0 0 0 0 0 0 0 0 0 0 0 0 0 0 0 0 0 0 0 0 0 0 969153 1.85321e+08 4.36857e+09 3.93191e+10 1.9611e+11 6.19327e+11 1.34716e+12 2.11896e+12 2.46171e+12 0 0 0 0 0 0 0 0 0 0 0 0 0 0 0 0 0 0 0 0 0 0 0 0 0 0 0 0 0 0 0 0 
0 0 0 0 0 0 0 0 0 0 0 0 0 0 0 0 0 0 0 0 0 0 0 0 24848.8 9.19434e+06 5.40044e+08 6.50242e+09 3.79241e+10 1.32348e+11 3.06156e+11 4.9672e+11 5.82956e+11 0 0 0 0 0 0 0 0 0 0 0 0 0 0 0 0 0 0 0 0 0 0 0 0 0 0 0 0 0 0 0 0 
0 0 0 0 0 0 0 0 0 0 0 0 0 0 0 0 0 0 0 0 0 0 0 0 484.737 398849 5.51293e+07 9.31271e+08 6.491e+09 2.55525e+10 6.33989e+10 1.07223e+11 1.27762e+11 0 0 0 0 0 0 0 0 0 0 0 0 0 0 0 0 0 0 0 0 0 0 0 0 0 0 0 0 0 0 0 0 
0 0 0 0 0 0 0 0 0 0 0 0 0 0 0 0 0 0 0 0 0 0 0 0 0 11473.6 2.18671e+06 1.05992e+08 9.84794e+08 4.44986e+09 1.19421e+10 2.12043e+10 2.53574e+10 0 0 0 0 0 0 0 0 0 0 0 0 0 0 0 0 0 0 0 0 0 0 0 0 0 0 0 0 0 0 0 0 
0 0 0 0 0 0 0 0 0 0 0 0 0 0 0 0 0 0 0 0 0 0 0 0 0 0 85801.8 1.08151e+07 1.3075e+08 6.82256e+08 2.07529e+09 3.78728e+09 4.6715e+09 0 0 0 0 0 0 0 0 0 0 0 0 0 0 0 0 0 0 0 0 0 0 0 0 0 0 0 0 0 0 0 0 
0 0 0 0 0 0 0 0 0 0 0 0 0 0 0 0 0 0 0 0 0 0 0 0 0 0 0 283613 1.26068e+07 9.61292e+07 3.17268e+08 6.26021e+08 7.8519e+08 0 0 0 0 0 0 0 0 0 0 0 0 0 0 0 0 0 0 0 0 0 0 0 0 0 0 0 0 0 0 0 0 
0 0 0 0 0 0 0 0 0 0 0 0 0 0 0 0 0 0 0 0 0 0 0 0 0 0 0 0 1.55099e+06 1.17051e+07 4.32288e+07 9.7032e+07 1.1757e+08 0 0 0 0 0 0 0 0 0 0 0 0 0 0 0 0 0 0 0 0 0 0 0 0 0 0 0 0 0 0 0 0 
0 0 0 0 0 0 0 0 0 0 0 0 0 0 0 0 0 0 0 0 0 0 0 0 0 0 0 0 807.106 846817 5.95137e+06 1.26268e+07 1.72186e+07 0 0 0 0 0 0 0 0 0 0 0 0 0 0 0 0 0 0 0 0 0 0 0 0 0 0 0 0 0 0 0 0 
0 0 0 0 0 0 0 0 0 0 0 0 0 0 0 0 0 0 0 0 0 0 0 0 0 0 0 0 0 173476 648482 1.49683e+06 2.47376e+06 0 0 0 0 0 0 0 0 0 0 0 0 0 0 0 0 0 0 0 0 0 0 0 0 0 0 0 0 0 0 0 0 
0 0 0 0 0 0 0 0 0 0 0 0 0 0 0 0 0 0 0 0 0 0 0 0 0 0 0 0 0 0 18325.6 273510 185268 0 0 0 0 0 0 0 0 0 0 0 0 0 0 0 0 0 0 0 0 0 0 0 0 0 0 0 0 0 0 0 0 
0 0 0 0 0 0 0 0 0 0 0 0 0 0 0 0 0 0 0 0 0 0 0 0 0 0 0 0 0 0 19285.2 17021.7 44224.2 0 0 0 0 0 0 0 0 0 0 0 0 0 0 0 0 0 0 0 0 0 0 0 0 0 0 0 0 0 0 0 0 
0 0 0 0 0 0 0 0 0 0 0 0 0 0 0 0 0 0 0 0 0 0 0 0 0 0 0 0 0 0 0 0 7973.25 0 0 0 0 0 0 0 0 0 0 0 0 0 0 0 0 0 0 0 0 0 0 0 0 0 0 0 0 0 0 0 0 
0 0 0 0 0 0 0 0 0 0 0 0 0 0 0 0 0 0 0 0 0 0 0 0 0 0 0 0 0 0 0 1332.22 0 0 0 0 0 0 0 0 0 0 0 0 0 0 0 0 0 0 0 0 0 0 0 0 0 0 0 0 0 0 0 0 0 
0 0 0 0 0 0 0 0 0 0 0 0 0 0 0 0 0 0 0 0 0 0 0 0 0 0 0 0 0 0 0 0 0 0 0 0 0 0 0 0 0 0 0 0 0 0 0 0 0 0 0 0 0 0 0 0 0 0 0 0 0 0 0 0 0 
0 0 0 0 0 0 0 0 0 0 0 0 0 0 0 0 0 0 0 0 0 0 0 0 0 0 0 0 0 0 0 0 41.6317 0 0 0 0 0 0 0 0 0 0 0 0 0 0 0 0 0 0 0 0 0 0 0 0 0 0 0 0 0 0 0 0 
0 0 0 0 0 0 0 0 0 0 0 0 0 0 0 0 0 0 0 0 0 0 0 0 0 0 0 0 0 0 0 0 0 0 0 0 0 0 0 0 0 0 0 0 0 0 0 0 0 0 0 0 0 0 0 0 0 0 0 0 0 0 0 0 0 
0 0 0 0 0 0 0 0 0 0 0 0 0 0 0 0 0 0 0 0 0 0 0 0 0 0 0 0 0 0 0 0 0 0 0 0 0 0 0 0 0 0 0 0 0 0 0 0 0 0 0 0 0 0 0 0 0 0 0 0 0 0 0 0 0 
0 0 0 0 0 0 0 0 0 0 0 0 0 0 0 0 0 0 0 0 0 0 0 0 0 0 0 0 0 0 0 0 0 0 0 0 0 0 0 0 0 0 0 0 0 0 0 0 0 0 0 0 0 0 0 0 0 0 0 0 0 0 0 0 0 
0 0 0 0 0 0 0 0 0 0 0 0 0 0 0 0 0 0 0 0 0 0 0 0 0 0 0 0 0 0 0 0 0 0 0 0 0 0 0 0 0 0 0 0 0 0 0 0 0 0 0 0 0 0 0 0 0 0 0 0 0 0 0 0 0 
0 0 0 0 0 0 0 0 0 0 0 0 0 0 0 0 0 0 0 0 0 0 0 0 0 0 0 0 0 0 0 0 0 0 0 0 0 0 0 0 0 0 0 0 0 0 0 0 0 0 0 0 0 0 0 0 0 0 0 0 0 0 0 0 0 
0 0 0 0 0 0 0 0 0 0 0 0 0 0 0 0 0 0 0 0 0 0 0 0 0 0 0 0 0 0 0 0 0 0 0 0 0 0 0 0 0 0 0 0 0 0 0 0 0 0 0 0 0 0 0 0 0 0 0 0 0 0 0 0 0 
0 0 0 0 0 0 0 0 0 0 0 0 0 0 0 0 0 0 0 0 0 0 0 0 0 0 0 0 0 0 0 0 0 0 0 0 0 0 0 0 0 0 0 0 0 0 0 0 0 0 0 0 0 0 0 0 0 0 0 0 0 0 0 0 0 
0 0 0 0 0 0 0 0 0 0 0 0 0 0 0 0 0 0 0 0 0 0 0 0 0 0 0 0 0 0 0 0 0 0 0 0 0 0 0 0 0 0 0 0 0 0 0 0 0 0 0 0 0 0 0 0 0 0 0 0 0 0 0 0 0 
0 0 0 0 0 0 0 0 0 0 0 0 0 0 0 0 0 0 0 0 0 0 0 0 0 0 0 0 0 0 0 0 0 0 0 0 0 0 0 0 0 0 0 0 0 0 0 0 0 0 0 0 0 0 0 0 0 0 0 0 0 0 0 0 0 
0 0 0 0 0 0 0 0 0 0 0 0 0 0 0 0 0 0 0 0 0 0 0 0 0 0 0 0 0 0 0 0 0 0 0 0 0 0 0 0 0 0 0 0 0 0 0 0 0 0 0 0 0 0 0 0 0 0 0 0 0 0 0 0 0 
0 0 0 0 0 0 0 0 0 0 0 0 0 0 0 0 0 0 0 0 0 0 0 0 0 0 0 0 0 0 0 0 0 0 0 0 0 0 0 0 0 0 0 0 0 0 0 0 0 0 0 0 0 0 0 0 0 0 0 0 0 0 0 0 0 
0 0 0 0 0 0 0 0 0 0 0 0 0 0 0 0 0 0 0 0 0 0 0 0 0 0 0 0 0 0 0 0 0 0 0 0 0 0 0 0 0 0 0 0 0 0 0 0 0 0 0 0 0 0 0 0 0 0 0 0 0 0 0 0 0 
0 0 0 0 0 0 0 0 0 0 0 0 0 0 0 0 0 0 0 0 0 0 0 0 0 0 0 0 0 0 0 0 0 0 0 0 0 0 0 0 0 0 0 0 0 0 0 0 0 0 0 0 0 0 0 0 0 0 0 0 0 0 0 0 0 
0 0 0 0 0 0 0 0 0 0 0 0 0 0 0 0 0 0 0 0 0 0 0 0 0 0 0 0 0 0 0 0 0 0 0 0 0 0 0 0 0 0 0 0 0 0 0 0 0 0 0 0 0 0 0 0 0 0 0 0 0 0 0 0 0 
0 0 0 0 0 0 0 0 0 0 0 0 0 0 0 0 0 0 0 0 0 0 0 0 0 0 0 0 0 0 0 0 0 0 0 0 0 0 0 0 0 0 0 0 0 0 0 0 0 0 0 0 0 0 0 0 0 0 0 0 0 0 0 0 0 
0 0 0 0 0 0 0 0 0 0 0 0 0 0 0 0 0 0 0 0 0 0 0 0 0 0 0 0 0 0 0 0 0 0 0 0 0 0 0 0 0 0 0 0 0 0 0 0 0 0 0 0 0 0 0 0 0 0 0 0 0 0 0 0 0 
0 0 0 0 0 0 0 0 0 0 0 0 0 0 0 0 0 0 0 0 0 0 0 0 0 0 0 0 0 0 0 0 0 0 0 0 0 0 0 0 0 0 0 0 0 0 0 0 0 0 0 0 0 0 0 0 0 0 0 0 0 0 0 0 0 
0 0 0 0 0 0 0 0 0 0 0 0 0 0 0 0 0 0 0 0 0 0 0 0 0 0 0 0 0 0 0 0 0 0 0 0 0 0 0 0 0 0 0 0 0 0 0 0 0 0 0 0 0 0 0 0 0 0 0 0 0 0 0 0 0 
0 0 0 0 0 0 0 0 0 0 0 0 0 0 0 0 0 0 0 0 0 0 0 0 0 0 0 0 0 0 0 0 0 0 0 0 0 0 0 0 0 0 0 0 0 0 0 0 0 0 0 0 0 0 0 0 0 0 0 0 0 0 0 0 0 
0 0 0 0 0 0 0 0 0 0 0 0 0 0 0 0 0 0 0 0 0 0 0 0 0 0 0 0 0 0 0 0 0 0 0 0 0 0 0 0 0 0 0 0 0 0 0 0 0 0 0 0 0 0 0 0 0 0 0 0 0 0 0 0 0 
0 0 0 0 0 0 0 0 0 0 0 0 0 0 0 0 0 0 0 0 0 0 0 0 0 0 0 0 0 0 0 0 0 0 0 0 0 0 0 0 0 0 0 0 0 0 0 0 0 0 0 0 0 0 0 0 0 0 0 0 0 0 0 0 0 
0 0 0 0 0 0 0 0 0 0 0 0 0 0 0 0 0 0 0 0 0 0 0 0 0 0 0 0 0 0 0 0 0 0 0 0 0 0 0 0 0 0 0 0 0 0 0 0 0 0 0 0 0 0 0 0 0 0 0 0 0 0 0 0 0 
0 0 0 0 0 0 0 0 0 0 0 0 0 0 0 0 0 0 0 0 0 0 0 0 0 0 0 0 0 0 0 0 0 0 0 0 0 0 0 0 0 0 0 0 0 0 0 0 0 0 0 0 0 0 0 0 0 0 0 0 0 0 0 0 0 
0 0 0 0 0 0 0 0 0 0 0 0 0 0 0 0 0 0 0 0 0 0 0 0 0 0 0 0 0 0 0 0 0 0 0 0 0 0 0 0 0 0 0 0 0 0 0 0 0 0 0 0 0 0 0 0 0 0 0 0 0 0 0 0 0 
0 0 0 0 0 0 0 0 0 0 0 0 0 0 0 0 0 0 0 0 0 0 0 0 0 0 0 0 0 0 0 0 0 0 0 0 0 0 0 0 0 0 0 0 0 0 0 0 0 0 0 0 0 0 0 0 0 0 0 0 0 0 0 0 0 
0 0 0 0 0 0 0 0 0 0 0 0 0 0 0 0 0 0 0 0 0 0 0 0 0 0 0 0 0 0 0 0 0 0 0 0 0 0 0 0 0 0 0 0 0 0 0 0 0 0 0 0 0 0 0 0 0 0 0 0 0 0 0 0 0 
0 0 0 0 0 0 0 0 0 0 0 0 0 0 0 0 0 0 0 0 0 0 0 0 0 0 0 0 0 0 0 0 0 0 0 0 0 0 0 0 0 0 0 0 0 0 0 0 0 0 0 0 0 0 0 0 0 0 0 0 0 0 0 0 0 
0 0 0 0 0 0 0 0 0 0 0 0 0 0 0 0 0 0 0 0 0 0 0 0 0 0 0 0 0 0 0 0 0 0 0 0 0 0 0 0 0 0 0 0 0 0 0 0 0 0 0 0 0 0 0 0 0 0 0 0 0 0 0 0 0 
0 0 0 0 0 0 0 0 0 0 0 0 0 0 0 0 0 0 0 0 0 0 0 0 0 0 0 0 0 0 0 0 0 0 0 0 0 0 0 0 0 0 0 0 0 0 0 0 0 0 0 0 0 0 0 0 0 0 0 0 0 0 0 0 0 
0 0 0 0 0 0 0 0 0 0 0 0 0 0 0 0 0 0 0 0 0 0 0 0 0 0 0 0 0 0 0 0 0 0 0 0 0 0 0 0 0 0 0 0 0 0 0 0 0 0 0 0 0 0 0 0 0 0 0 0 0 0 0 0 0 
0 0 0 0 0 0 0 0 0 0 0 0 0 0 0 0 0 0 0 0 0 0 0 0 0 0 0 0 0 0 0 0 0 0 0 0 0 0 0 0 0 0 0 0 0 0 0 0 0 0 0 0 0 0 0 0 0 0 0 0 0 0 0 0 0 
0 0 0 0 0 0 0 0 0 0 0 0 0 0 0 0 0 0 0 0 0 0 0 0 0 0 0 0 0 0 0 0 0 0 0 0 0 0 0 0 0 0 0 0 0 0 0 0 0 0 0 0 0 0 0 0 0 0 0 0 0 0 0 0 0 
