1 0 0 0 0 0 0 0 0 0 0 0 0 0 0 0 0 0 0 0 0 0 0 0 0 0 0 0 0 0 0 0 0 0 0 0 0 0 0 0 0 0 0 0 0 0 0 0 0 0 0 0 0 0 0 0 0 0 0 0 0 0 0 0 1 
0 0 0 0 0 0 0 0 0 0 0 0 0 0 0 0 0 0 0 0 0 0 0 0 0 0 0 0 0 0 0 0 0 0 0 0 0 0 0 0 0 0 0 0 0 0 0 0 0 0 0 0 0 0 0 0 0 0 0 0 0 0 0 0 0 
0 0 0 0 0 0 0 0 0 0 0 0 0 0 0 0 0 0 0 0 0 0 0 0 0 0 0 0 0 0 0 0 0 0 0 0 0 0 0 0 0 0 0 0 0 0 0 0 0 0 0 0 0 0 0 0 0 0 0 0 0 0 0 0 0 
0 0 0 0 0 0 0 0 0 0 0 0 0 0 0 0 0 0 0 0 0 0 0 0 0 0 0 0 0 0 0 0 0 0 0 0 0 0 0 0 0 0 0 0 0 0 0 0 0 0 0 0 0 0 0 0 0 0 0 0 0 0 0 0 0 
0 64 0 0 0 0 0 0 0 0 0 0 0 0 0 0 0 0 0 0 0 0 0 0 0 0 0 0 0 0 0 0 0 0 0 0 0 0 0 0 0 0 0 0 0 0 0 0 0 0 0 0 0 0 0 0 0 0 0 0 0 0 0 0 0 
0 0 0 0 0 0 0 0 0 0 0 0 0 0 0 0 0 0 0 0 0 0 0 0 0 0 0 0 0 0 0 0 0 0 0 0 0 0 0 0 0 0 0 0 0 0 0 0 0 0 0 0 0 0 0 0 0 0 0 0 0 0 0 0 0 
0 0 0 0 0 0 0 0 0 0 0 0 0 0 0 0 0 0 0 0 0 0 0 0 0 0 0 0 0 0 0 0 0 0 0 0 0 0 0 0 0 0 0 0 0 0 0 0 0 0 0 0 0 0 0 0 0 0 0 0 0 0 0 0 0 
0 0 256 0 0 0 0 0 0 0 0 0 0 0 0 0 0 0 0 0 0 0 0 0 0 0 0 0 0 0 0 0 0 0 0 0 0 0 0 0 0 0 0 0 0 0 0 0 0 0 0 0 0 0 0 0 0 0 0 0 0 0 0 0 0 
0 0 1760 0 0 0 0 0 0 0 0 0 0 0 0 0 0 0 0 0 0 0 0 0 0 0 0 0 0 0 0 0 0 0 0 0 0 0 0 0 0 0 0 0 0 0 0 0 0 0 0 0 0 0 0 0 0 0 0 0 0 0 0 0 0 
0 0 0 127.68 0 0 0 0 0 0 0 0 0 0 0 0 0 0 0 0 0 0 0 0 0 0 0 0 0 0 0 0 0 0 0 0 0 0 0 0 0 0 0 0 0 0 0 0 0 0 0 0 0 0 0 0 0 0 0 0 0 0 0 0 0 
0 0 0 1407.37 0 0 0 0 0 0 0 0 0 0 0 0 0 0 0 0 0 0 0 0 0 0 0 0 0 0 0 0 0 0 0 0 0 0 0 0 0 0 0 0 0 0 0 0 0 0 0 0 0 0 0 0 0 0 0 0 0 0 0 0 0 
0 0 0 12674.2 191.14 0 0 0 0 0 0 0 0 0 0 0 0 0 0 0 0 0 0 0 0 0 0 0 0 0 0 0 0 0 0 0 0 0 0 0 0 0 0 0 0 0 0 0 0 0 0 0 0 0 0 0 0 0 0 0 0 0 0 0 0 
0 0 0 27454.7 1790.48 0 0 0 0 0 0 0 0 0 0 0 0 0 0 0 0 0 0 0 0 0 0 0 0 0 0 0 0 0 0 0 0 0 0 0 0 0 0 0 0 0 0 0 0 0 0 0 0 0 0 0 0 0 0 0 0 0 0 0 0 
0 0 0 0 14435.3 385.929 0 0 0 0 0 0 0 0 0 0 0 0 0 0 0 0 0 0 0 0 0 0 0 0 0 0 0 0 0 0 0 0 0 0 0 0 0 0 0 0 0 0 0 0 0 0 0 0 0 0 0 0 0 0 0 0 0 0 0 
0 0 0 0 84133.2 4027.33 0 0 0 0 0 0 0 0 0 0 0 0 0 0 0 0 0 0 0 0 0 0 0 0 0 0 0 0 0 0 0 0 0 0 0 0 0 0 0 0 0 0 0 0 0 0 0 0 0 0 0 0 0 0 0 0 0 0 0 
0 0 0 0 264406 26106.1 1412.55 0 0 0 0 0 0 0 0 0 0 0 0 0 0 0 0 0 0 0 0 0 0 0 0 0 0 0 0 0 0 0 0 0 0 0 0 0 0 0 0 0 0 0 0 0 0 0 0 0 0 0 0 0 0 0 0 0 0 
0 0 0 0 270420 146974 9393.37 453.061 48.61 0 0 0 0 0 0 0 4.03455 0 0 0 0 0 0 0 0 0 0 0 0 0 0 0 3.99688 0 0 0 0 0 0 0 0 0 0 0 0 0 0 0 0 0 0 0 0 0 0 0 0 0 0 0 0 0 0 0 0 
0 0 0 0 0 655362 66535.3 4230.57 0 0 0 0 0 0 0 0 0 0 0 0 0 0 0 0 0 0 0 0 0 0 0 0 0 0 0 0 0 0 0 0 0 0 0 0 0 0 0 0 0 0 0 0 0 0 0 0 0 0 0 0 0 0 0 0 0 
0 0 0 0 0 1.9518e+06 340086 32478.6 4041.77 451.172 0 0 0 0 0 64.5528 0 0 0 0 0 0 0 0 0 0 0 0 0 0 0 0 0 0 0 0 0 0 0 0 0 0 0 0 0 0 0 0 0 0 0 0 0 0 0 0 0 0 0 0 0 0 0 0 0 
0 0 0 0 0 3.06695e+06 1.46099e+06 192504 16127.3 4272.92 1297.62 388.529 194.162 129.909 194.022 0 0 127.829 0 0 0 0 0 0 0 0 0 0 0 0 0 127.9 0 0 0 0 0 0 0 0 0 0 0 0 0 0 0 0 0 0 0 0 0 0 0 0 0 0 0 0 0 0 0 0 0 
0 0 0 0 0 1.77291e+06 5.28551e+06 917682 125761 10172.6 3289.59 1742.78 827.79 580.45 290.124 0 0 64.5402 0 0 0 0 0 0 0 0 0 0 0 0 0 0 0 0 0 0 0 0 0 0 0 0 0 0 0 0 0 0 0 0 0 0 0 0 0 0 0 0 0 0 0 0 0 0 0 
0 0 0 0 0 0 1.40406e+07 3.91599e+06 625432 100744 16563.4 3514.24 2195.33 1165.68 0 0 1915.26 0 382.824 0 0 0 0 0 0 0 0 0 0 0 448.381 0 0 0 0 0 0 0 0 0 0 0 0 0 0 0 0 0 0 0 0 0 0 0 0 0 0 0 0 0 0 0 0 0 0 
0 0 0 0 0 0 2.38369e+07 1.3863e+07 2.89769e+06 521685 105161 32311.4 11258 5023.76 3338.17 5366.65 1161.37 0 1724.27 256.466 0 0 0 0 0 0 0 0 0 255.974 1534.07 0 3964.74 0 0 0 0 0 0 0 0 0 0 0 0 0 0 0 0 0 0 0 0 0 0 0 0 0 0 0 0 0 0 0 0 
0 0 0 0 0 0 2.19717e+07 4.17743e+07 1.14171e+07 2.27494e+06 504132 134219 50534.3 24288.8 17804.9 11890.2 0 5342.57 2114.33 1149.7 381.108 0 0 0 0 0 0 0 381.536 1924.53 0 0 128.11 0 0 0 0 0 0 0 0 0 0 0 0 0 0 0 0 0 0 0 0 0 0 0 0 0 0 0 0 0 0 0 0 
0 0 0 0 0 0 7.96128e+06 9.79775e+07 4.02702e+07 9.92061e+06 2.0752e+06 563959 189990 91585.9 53711.6 14232.7 14258.3 25187.3 3634.82 9273.09 1650.54 771.602 0 0 96.0064 0 0 766.212 2593.85 8834.45 0 13423.2 0 0 0 0 0 0 0 0 0 0 0 0 0 0 0 0 0 0 0 0 0 0 0 0 0 0 0 0 0 0 0 0 0 
0 0 0 0 0 0 0 1.6273e+08 1.22166e+08 3.69613e+07 9.59557e+06 2.44197e+06 802288 331092 144961 83315.1 93099 43647.3 15695.1 23941.5 9250.25 3454.38 2584.18 893.923 0 902.337 2670.49 5743.4 13084.2 8809.57 7431.77 46927.6 0 0 0 0 0 0 0 0 0 0 0 0 0 0 0 0 0 0 0 0 0 0 0 0 0 0 0 0 0 0 0 0 0 
0 0 0 0 0 0 0 1.72552e+08 3.13803e+08 1.25022e+08 3.59859e+07 1.02994e+07 3.33795e+06 1.25965e+06 596872 393629 264346 65118.3 136836 50968 49642.6 14813.7 6584.96 7692.55 7852.17 7680.31 12618.1 23366 41697 10740.2 56454 3088.45 44305.7 0 0 0 0 0 0 0 0 0 0 0 0 0 0 0 0 0 0 0 0 0 0 0 0 0 0 0 0 0 0 0 0 
0 0 0 0 0 0 0 1.02461e+08 6.51413e+08 3.74666e+08 1.27492e+08 3.87327e+07 1.25271e+07 4.87105e+06 2.30399e+06 1.31512e+06 591029 444552 365781 149004 156003 89258.1 39478.2 16239.6 22453.8 40704.6 57257.7 83295 81072.1 74188.7 261231 24019.4 306476 0 0 0 0 0 0 0 0 0 0 0 0 0 0 0 0 0 0 0 0 0 0 0 0 0 0 0 0 0 0 0 0 
0 0 0 0 0 0 0 2.47956e+07 1.01482e+09 9.8245e+08 4.1301e+08 1.39999e+08 4.75903e+07 1.78628e+07 8.09319e+06 3.95966e+06 2.17099e+06 1.74881e+06 969415 702064 471012 324946 210810 164403 142945 145050 203753 271477 185358 376623 316412 262143 572968 0 0 0 0 0 0 0 0 0 0 0 0 0 0 0 0 0 0 0 0 0 0 0 0 0 0 0 0 0 0 0 0 
0 0 0 0 0 0 0 0 1.10977e+09 2.19767e+09 1.20409e+09 4.65618e+08 1.67847e+08 6.50859e+07 2.79714e+07 1.37984e+07 8.47118e+06 5.36628e+06 2.84005e+06 2.49267e+06 1.46952e+06 1.18985e+06 799014 634829 603117 641057 676229 617369 659523 1.28135e+06 374480 1.48219e+06 261876 0 0 0 0 0 0 0 0 0 0 0 0 0 0 0 0 0 0 0 0 0 0 0 0 0 0 0 0 0 0 0 0 
0 0 0 0 0 0 0 0 7.86189e+08 4.03865e+09 3.13712e+09 1.42755e+09 5.59817e+08 2.21886e+08 9.64012e+07 4.79458e+07 2.74374e+07 1.55118e+07 1.05719e+07 7.69902e+06 5.01556e+06 3.96628e+06 3.02367e+06 2.24786e+06 1.8258e+06 1.79536e+06 1.9163e+06 1.82437e+06 2.58269e+06 2.54701e+06 2.01926e+06 4.1316e+06 1.61495e+06 0 0 0 0 0 0 0 0 0 0 0 0 0 0 0 0 0 0 0 0 0 0 0 0 0 0 0 0 0 0 0 0 
0 0 0 0 0 0 0 0 3.18909e+08 5.80677e+09 7.16485e+09 4.02481e+09 1.75308e+09 7.30846e+08 3.21422e+08 1.58216e+08 8.49543e+07 5.00683e+07 3.5409e+07 2.25677e+07 1.70178e+07 1.23039e+07 9.79259e+06 7.71214e+06 6.72582e+06 6.15687e+06 5.54854e+06 5.89811e+06 7.60998e+06 4.77068e+06 8.39924e+06 5.738e+06 7.89525e+06 0 0 0 0 0 0 0 0 0 0 0 0 0 0 0 0 0 0 0 0 0 0 0 0 0 0 0 0 0 0 0 0 
0 0 0 0 0 0 0 0 5.37374e+07 6.21247e+09 1.40661e+10 1.0248e+10 5.12718e+09 2.29014e+09 1.04095e+09 5.03683e+08 2.69496e+08 1.63884e+08 1.06305e+08 6.92285e+07 5.32595e+07 3.84186e+07 3.05862e+07 2.51847e+07 2.11578e+07 1.82704e+07 1.70544e+07 1.87087e+07 1.7243e+07 1.58089e+07 2.35248e+07 1.24328e+07 2.58156e+07 0 0 0 0 0 0 0 0 0 0 0 0 0 0 0 0 0 0 0 0 0 0 0 0 0 0 0 0 0 0 0 0 
0 0 0 0 0 0 0 0 0 4.67862e+09 2.29939e+10 2.33679e+10 1.38403e+10 6.75104e+09 3.19978e+09 1.57742e+09 8.47645e+08 5.03033e+08 3.12206e+08 2.17299e+08 1.57943e+08 1.16314e+08 9.22204e+07 7.43195e+07 6.14182e+07 5.37465e+07 5.15189e+07 5.09618e+07 4.28223e+07 5.37621e+07 4.77285e+07 4.8681e+07 5.3196e+07 0 0 0 0 0 0 0 0 0 0 0 0 0 0 0 0 0 0 0 0 0 0 0 0 0 0 0 0 0 0 0 0 
0 0 0 0 0 0 0 0 0 2.32462e+09 3.02197e+10 4.68702e+10 3.42582e+10 1.88096e+10 9.42263e+09 4.78417e+09 2.57975e+09 1.49708e+09 9.3399e+08 6.50581e+08 4.51007e+08 3.46209e+08 2.66698e+08 2.19097e+08 1.8297e+08 1.61592e+08 1.49316e+08 1.32754e+08 1.27698e+08 1.43859e+08 1.07766e+08 1.51159e+08 1.06642e+08 0 0 0 0 0 0 0 0 0 0 0 0 0 0 0 0 0 0 0 0 0 0 0 0 0 0 0 0 0 0 0 0 
0 0 0 0 0 0 0 0 0 6.69393e+08 3.07219e+10 8.1161e+10 7.67107e+10 4.85993e+10 2.64265e+10 1.39379e+10 7.60836e+09 4.40384e+09 2.7877e+09 1.85646e+09 1.30915e+09 9.97104e+08 7.65616e+08 6.23294e+08 5.26408e+08 4.58178e+08 4.04061e+08 3.61183e+08 3.74285e+08 3.39682e+08 3.3132e+08 3.6407e+08 3.08589e+08 0 0 0 0 0 0 0 0 0 0 0 0 0 0 0 0 0 0 0 0 0 0 0 0 0 0 0 0 0 0 0 0 
0 0 0 0 0 0 0 0 0 8.04716e+07 2.32718e+10 1.18288e+11 1.53774e+11 1.16079e+11 6.98273e+10 3.89027e+10 2.17676e+10 1.27405e+10 7.95881e+09 5.26967e+09 3.75553e+09 2.77423e+09 2.15438e+09 1.74055e+09 1.4621e+09 1.24893e+09 1.09555e+09 1.01991e+09 9.81533e+08 8.60418e+08 9.56977e+08 8.25409e+08 9.30777e+08 0 0 0 0 0 0 0 0 0 0 0 0 0 0 0 0 0 0 0 0 0 0 0 0 0 0 0 0 0 0 0 0 
0 0 0 0 0 0 0 0 0 0 1.2553e+10 1.41283e+11 2.71831e+11 2.53516e+11 1.72693e+11 1.03554e+11 6.02753e+10 3.58287e+10 2.2266e+10 1.47644e+10 1.04288e+10 7.59943e+09 5.95797e+09 4.76685e+09 3.95678e+09 3.39245e+09 3.00162e+09 2.76159e+09 2.49153e+09 2.38908e+09 2.3987e+09 2.163e+09 2.39194e+09 0 0 0 0 0 0 0 0 0 0 0 0 0 0 0 0 0 0 0 0 0 0 0 0 0 0 0 0 0 0 0 0 
0 0 0 0 0 0 0 0 0 0 4.5262e+09 1.34333e+11 4.16268e+11 5.00291e+11 3.96583e+11 2.60201e+11 1.59395e+11 9.73923e+10 6.12854e+10 4.06583e+10 2.82334e+10 2.08381e+10 1.60821e+10 1.28203e+10 1.06059e+10 9.03643e+09 8.00913e+09 7.20734e+09 6.5399e+09 6.41796e+09 5.90995e+09 5.9753e+09 5.77722e+09 0 0 0 0 0 0 0 0 0 0 0 0 0 0 0 0 0 0 0 0 0 0 0 0 0 0 0 0 0 0 0 0 
0 0 0 0 0 0 0 0 0 0 9.44262e+08 9.88753e+10 5.41238e+11 8.84803e+11 8.37485e+11 6.14454e+11 4.02723e+11 2.55726e+11 1.64205e+11 1.0923e+11 7.62267e+10 5.58638e+10 4.26003e+10 3.40561e+10 2.79487e+10 2.38687e+10 2.09269e+10 1.86462e+10 1.72717e+10 1.63029e+10 1.51769e+10 1.54936e+10 1.45533e+10 0 0 0 0 0 0 0 0 0 0 0 0 0 0 0 0 0 0 0 0 0 0 0 0 0 0 0 0 0 0 0 0 
0 0 0 0 0 0 0 0 0 0 8.16375e+07 5.46281e+10 5.85682e+11 1.37922e+12 1.6164e+12 1.35404e+12 9.62686e+11 6.45032e+11 4.26352e+11 2.87619e+11 2.01083e+11 1.47053e+11 1.12074e+11 8.89743e+10 7.31822e+10 6.17567e+10 5.38267e+10 4.82181e+10 4.44879e+10 4.10195e+10 3.96372e+10 3.83512e+10 3.79873e+10 0 0 0 0 0 0 0 0 0 0 0 0 0 0 0 0 0 0 0 0 0 0 0 0 0 0 0 0 0 0 0 0 
0 0 0 0 0 0 0 0 0 0 0 2.17102e+10 5.14829e+11 1.87095e+12 2.81417e+12 2.75534e+12 2.17374e+12 1.54805e+12 1.06563e+12 7.35582e+11 5.20548e+11 3.80194e+11 2.89942e+11 2.29104e+11 1.87498e+11 1.58557e+11 1.3756e+11 1.225e+11 1.1232e+11 1.04369e+11 1.00338e+11 9.57741e+10 9.68232e+10 0 0 0 0 0 0 0 0 0 0 0 0 0 0 0 0 0 0 0 0 0 0 0 0 0 0 0 0 0 0 0 0 
0 0 0 0 0 0 0 0 0 0 0 5.78652e+09 3.60963e+11 2.17173e+12 4.38856e+12 5.15805e+12 4.58512e+12 3.52882e+12 2.55503e+12 1.81666e+12 1.30856e+12 9.6558e+11 7.36205e+11 5.81059e+11 4.74993e+11 3.98928e+11 3.46073e+11 3.09168e+11 2.80519e+11 2.62111e+11 2.48942e+11 2.41138e+11 2.40192e+11 0 0 0 0 0 0 0 0 0 0 0 0 0 0 0 0 0 0 0 0 0 0 0 0 0 0 0 0 0 0 0 0 
0 0 0 0 0 0 0 0 0 0 0 8.80117e+08 1.96479e+11 2.11883e+12 6.04705e+12 8.77677e+12 8.96261e+12 7.57539e+12 5.83939e+12 4.32465e+12 3.19422e+12 2.38955e+12 1.83394e+12 1.45259e+12 1.1827e+12 9.96091e+11 8.62753e+11 7.66432e+11 6.95841e+11 6.49723e+11 6.134e+11 6.00156e+11 5.9079e+11 0 0 0 0 0 0 0 0 0 0 0 0 0 0 0 0 0 0 0 0 0 0 0 0 0 0 0 0 0 0 0 0 
0 0 0 0 0 0 0 0 0 0 0 5.42761e+07 8.11666e+10 1.71079e+12 7.25935e+12 1.34848e+13 1.61773e+13 1.52772e+13 1.26552e+13 9.87854e+12 7.51232e+12 5.74878e+12 4.4683e+12 3.55374e+12 2.90877e+12 2.45089e+12 2.1225e+12 1.87595e+12 1.70515e+12 1.58538e+12 1.50298e+12 1.46311e+12 1.44637e+12 0 0 0 0 0 0 0 0 0 0 0 0 0 0 0 0 0 0 0 0 0 0 0 0 0 0 0 0 0 0 0 0 
0 0 0 0 0 0 0 0 0 0 0 0 2.41838e+10 1.12357e+12 7.50705e+12 1.85219e+13 2.6659e+13 2.85457e+13 2.58605e+13 2.14029e+13 1.70334e+13 1.33691e+13 1.05652e+13 8.50998e+12 7.00302e+12 5.9108e+12 5.10202e+12 4.53811e+12 4.11993e+12 3.82091e+12 3.63003e+12 3.51005e+12 3.49741e+12 0 0 0 0 0 0 0 0 0 0 0 0 0 0 0 0 0 0 0 0 0 0 0 0 0 0 0 0 0 0 0 0 
0 0 0 0 0 0 0 0 0 0 0 0 4.77753e+09 5.90747e+11 6.59205e+12 2.25025e+13 4.00423e+13 4.94321e+13 4.95313e+13 4.40502e+13 3.67876e+13 2.99729e+13 2.42608e+13 1.9821e+13 1.64902e+13 1.39862e+13 1.21306e+13 1.07721e+13 9.79348e+12 9.0982e+12 8.65709e+12 8.3889e+12 8.30399e+12 0 0 0 0 0 0 0 0 0 0 0 0 0 0 0 0 0 0 0 0 0 0 0 0 0 0 0 0 0 0 0 0 
0 0 0 0 0 0 0 0 0 0 0 0 5.19508e+08 2.43232e+11 4.85279e+12 2.3904e+13 5.4145e+13 7.87122e+13 8.84469e+13 8.54201e+13 7.57595e+13 6.43387e+13 5.36489e+13 4.47686e+13 3.78088e+13 3.22613e+13 2.82089e+13 2.51323e+13 2.28785e+13 2.1321e+13 2.02396e+13 1.96869e+13 1.94433e+13 0 0 0 0 0 0 0 0 0 0 0 0 0 0 0 0 0 0 0 0 0 0 0 0 0 0 0 0 0 0 0 0 
0 0 0 0 0 0 0 0 0 0 0 0 2.24711e+07 7.60024e+10 2.95857e+12 2.19982e+13 6.53923e+13 1.14379e+14 1.46436e+14 1.55502e+14 1.47751e+14 1.31824e+14 1.14103e+14 9.76762e+13 8.37464e+13 7.28153e+13 6.40443e+13 5.73825e+13 5.24436e+13 4.88706e+13 4.648e+13 4.51894e+13 4.47811e+13 0 0 0 0 0 0 0 0 0 0 0 0 0 0 0 0 0 0 0 0 0 0 0 0 0 0 0 0 0 0 0 0 
0 0 0 0 0 0 0 0 0 0 0 0 0 1.69941e+10 1.47507e+12 1.73203e+13 6.99186e+13 1.50802e+14 2.23341e+14 2.6384e+14 2.71067e+14 2.56414e+14 2.32018e+14 2.04855e+14 1.79631e+14 1.58706e+14 1.41193e+14 1.27927e+14 1.17477e+14 1.1e+14 1.05253e+14 1.02156e+14 1.00989e+14 0 0 0 0 0 0 0 0 0 0 0 0 0 0 0 0 0 0 0 0 0 0 0 0 0 0 0 0 0 0 0 0 
0 0 0 0 0 0 0 0 0 0 0 0 0 2.42789e+09 5.90198e+11 1.15716e+13 6.55826e+13 1.78639e+14 3.12524e+14 4.15932e+14 4.67029e+14 4.71991e+14 4.4787e+14 4.10776e+14 3.71438e+14 3.34648e+14 3.02733e+14 2.76219e+14 2.55906e+14 2.41564e+14 2.31134e+14 2.24969e+14 2.22798e+14 0 0 0 0 0 0 0 0 0 0 0 0 0 0 0 0 0 0 0 0 0 0 0 0 0 0 0 0 0 0 0 0 
0 0 0 0 0 0 0 0 0 0 0 0 0 1.8086e+08 1.85743e+11 6.49024e+12 5.35462e+13 1.89362e+14 3.97933e+14 6.05009e+14 7.5027e+14 8.17379e+14 8.21797e+14 7.8634e+14 7.3384e+14 6.76673e+14 6.23875e+14 5.78324e+14 5.41767e+14 5.12737e+14 4.92523e+14 4.80912e+14 4.77576e+14 0 0 0 0 0 0 0 0 0 0 0 0 0 0 0 0 0 0 0 0 0 0 0 0 0 0 0 0 0 0 0 0 
0 0 0 0 0 0 0 0 0 0 0 0 0 5.40126e+06 4.37264e+10 3.02918e+12 3.77556e+13 1.77744e+14 4.5855e+14 8.09383e+14 1.12111e+15 1.32651e+15 1.42104e+15 1.42953e+15 1.38419e+15 1.31307e+15 1.23789e+15 1.16789e+15 1.10542e+15 1.0551e+15 1.02119e+15 1.00003e+15 9.93626e+14 0 0 0 0 0 0 0 0 0 0 0 0 0 0 0 0 0 0 0 0 0 0 0 0 0 0 0 0 0 0 0 0 
0 0 0 0 0 0 0 0 0 0 0 0 0 0 7.11573e+09 1.15781e+12 2.27578e+13 1.47002e+14 4.7532e+14 9.88028e+14 1.54687e+15 2.01058e+15 2.31209e+15 2.45679e+15 2.48121e+15 2.43856e+15 2.35271e+15 2.25737e+15 2.17286e+15 2.09506e+15 2.04036e+15 2.01162e+15 1.9986e+15 0 0 0 0 0 0 0 0 0 0 0 0 0 0 0 0 0 0 0 0 0 0 0 0 0 0 0 0 0 0 0 0 
0 0 0 0 0 0 0 0 0 0 0 0 0 0 6.93221e+08 3.55781e+11 1.16808e+13 1.06226e+14 4.40063e+14 1.09791e+15 1.9659e+15 2.8313e+15 3.52322e+15 3.98243e+15 4.22285e+15 4.29781e+15 4.27119e+15 4.19377e+15 4.09437e+15 4.00146e+15 3.92358e+15 3.87964e+15 3.86288e+15 0 0 0 0 0 0 0 0 0 0 0 0 0 0 0 0 0 0 0 0 0 0 0 0 0 0 0 0 0 0 0 0 
0 0 0 0 0 0 0 0 0 0 0 0 0 0 3.31381e+07 8.42897e+10 5.04122e+12 6.68215e+13 3.61892e+14 1.10168e+15 2.28972e+15 3.69146e+15 5.00906e+15 6.05855e+15 6.77086e+15 7.17781e+15 7.3717e+15 7.41187e+15 7.37894e+15 7.31924e+15 7.2497e+15 7.19698e+15 7.17544e+15 0 0 0 0 0 0 0 0 0 0 0 0 0 0 0 0 0 0 0 0 0 0 0 0 0 0 0 0 0 0 0 0 
0 0 0 0 0 0 0 0 0 0 0 0 0 0 742126 1.44633e+10 1.811e+12 3.61965e+13 2.63008e+14 9.9465e+14 2.42988e+15 4.43294e+15 6.62318e+15 8.61766e+15 1.0217e+16 1.13525e+16 1.20692e+16 1.24863e+16 1.26729e+16 1.27598e+16 1.27877e+16 1.27633e+16 1.27572e+16 0 0 0 0 0 0 0 0 0 0 0 0 0 0 0 0 0 0 0 0 0 0 0 0 0 0 0 0 0 0 0 0 
0 0 0 0 0 0 0 0 0 0 0 0 0 0 0 1.59039e+09 5.31075e+11 1.68522e+13 1.6804e+14 8.01933e+14 2.34079e+15 4.8822e+15 8.09027e+15 1.14347e+16 1.44355e+16 1.68885e+16 1.86902e+16 1.99096e+16 2.07087e+16 2.12081e+16 2.14501e+16 2.16187e+16 2.16617e+16 0 0 0 0 0 0 0 0 0 0 0 0 0 0 0 0 0 0 0 0 0 0 0 0 0 0 0 0 0 0 0 0 
0 0 0 0 0 0 0 0 0 0 0 0 0 0 0 9.41635e+07 1.22918e+11 6.67749e+12 9.37783e+13 5.75598e+14 2.03643e+15 4.91424e+15 9.12952e+15 1.40765e+16 1.90878e+16 2.35395e+16 2.72371e+16 3.00296e+16 3.20687e+16 3.34229e+16 3.43064e+16 3.47249e+16 3.49159e+16 0 0 0 0 0 0 0 0 0 0 0 0 0 0 0 0 0 0 0 0 0 0 0 0 0 0 0 0 0 0 0 0 
0 0 0 0 0 0 0 0 0 0 0 0 0 0 0 2.96312e+06 2.09474e+10 2.22831e+12 4.54567e+13 3.66788e+14 1.59212e+15 4.50954e+15 9.46332e+15 1.60761e+16 2.34581e+16 3.07634e+16 3.72653e+16 4.26712e+16 4.68491e+16 4.98331e+16 5.19106e+16 5.3025e+16 5.34257e+16 0 0 0 0 0 0 0 0 0 0 0 0 0 0 0 0 0 0 0 0 0 0 0 0 0 0 0 0 0 0 0 0 
0 0 0 0 0 0 0 0 0 0 0 0 0 0 0 57567.7 2.38317e+09 6.09976e+11 1.90864e+13 2.06201e+14 1.11479e+15 3.74658e+15 8.96329e+15 1.68987e+16 2.68047e+16 3.74507e+16 4.77424e+16 5.6881e+16 6.43817e+16 7.01327e+16 7.40799e+16 7.65445e+16 7.7282e+16 0 0 0 0 0 0 0 0 0 0 0 0 0 0 0 0 0 0 0 0 0 0 0 0 0 0 0 0 0 0 0 0 
0 0 0 0 0 0 0 0 0 0 0 0 0 0 0 0 1.48623e+08 1.33425e+11 6.87629e+12 1.01674e+14 6.96471e+14 2.80557e+15 7.76218e+15 1.63584e+16 2.83093e+16 4.24598e+16 5.72116e+16 7.11252e+16 8.32084e+16 9.28917e+16 9.98133e+16 1.04101e+17 1.0541e+17 0 0 0 0 0 0 0 0 0 0 0 0 0 0 0 0 0 0 0 0 0 0 0 0 0 0 0 0 0 0 0 0 
0 0 0 0 0 0 0 0 0 0 0 0 0 0 0 0 5.35213e+06 2.17056e+10 2.09321e+12 4.39669e+13 3.87294e+14 1.8933e+15 6.0956e+15 1.44833e+16 2.76077e+16 4.46286e+16 6.37783e+16 8.30909e+16 1.00715e+17 1.15431e+17 1.26445e+17 1.32941e+17 1.35209e+17 0 0 0 0 0 0 0 0 0 0 0 0 0 0 0 0 0 0 0 0 0 0 0 0 0 0 0 0 0 0 0 0 
0 0 0 0 0 0 0 0 0 0 0 0 0 0 0 0 110073 2.3601e+09 5.2661e+11 1.65023e+13 1.90689e+14 1.14676e+15 4.34006e+15 1.17399e+16 2.47468e+16 4.3324e+16 6.60421e+16 9.0442e+16 1.13927e+17 1.34244e+17 1.49768e+17 1.59481e+17 1.62898e+17 0 0 0 0 0 0 0 0 0 0 0 0 0 0 0 0 0 0 0 0 0 0 0 0 0 0 0 0 0 0 0 0 
0 0 0 0 0 0 0 0 0 0 0 0 0 0 0 0 2148.56 1.39828e+08 1.05342e+11 5.34018e+12 8.29968e+13 6.2144e+14 2.79491e+15 8.65582e+15 2.03228e+16 3.8837e+16 6.33139e+16 9.14805e+16 1.20071e+17 1.45929e+17 1.66269e+17 1.79221e+17 1.83579e+17 0 0 0 0 0 0 0 0 0 0 0 0 0 0 0 0 0 0 0 0 0 0 0 0 0 0 0 0 0 0 0 0 
0 0 0 0 0 0 0 0 0 0 0 0 0 0 0 0 0 4.52108e+06 1.56535e+10 1.46041e+12 3.16586e+13 3.00123e+14 1.61683e+15 5.79225e+15 1.52752e+16 3.1997e+16 5.61344e+16 8.5774e+16 1.17658e+17 1.47639e+17 1.71929e+17 1.87955e+17 1.93525e+17 0 0 0 0 0 0 0 0 0 0 0 0 0 0 0 0 0 0 0 0 0 0 0 0 0 0 0 0 0 0 0 0 
0 0 0 0 0 0 0 0 0 0 0 0 0 0 0 0 0 91685.8 1.51896e+09 3.28188e+11 1.054e+13 1.28879e+14 8.44134e+14 3.51458e+15 1.04817e+16 2.41518e+16 4.58067e+16 7.44166e+16 1.06923e+17 1.38898e+17 1.65878e+17 1.83565e+17 1.89725e+17 0 0 0 0 0 0 0 0 0 0 0 0 0 0 0 0 0 0 0 0 0 0 0 0 0 0 0 0 0 0 0 0 
0 0 0 0 0 0 0 0 0 0 0 0 0 0 0 0 0 0 7.532e+07 5.84151e+10 3.01025e+12 4.89898e+13 3.93734e+14 1.92905e+15 6.5389e+15 1.6738e+16 3.43989e+16 5.96159e+16 8.99692e+16 1.21248e+17 1.48446e+17 1.66831e+17 1.73205e+17 0 0 0 0 0 0 0 0 0 0 0 0 0 0 0 0 0 0 0 0 0 0 0 0 0 0 0 0 0 0 0 0 
0 0 0 0 0 0 0 0 0 0 0 0 0 0 0 0 0 0 1.85119e+06 7.48735e+09 7.25996e+11 1.63598e+13 1.644e+14 9.55006e+14 3.70145e+15 1.05621e+16 2.37014e+16 4.39042e+16 6.98475e+16 9.79352e+16 1.23067e+17 1.40617e+17 1.46925e+17 0 0 0 0 0 0 0 0 0 0 0 0 0 0 0 0 0 0 0 0 0 0 0 0 0 0 0 0 0 0 0 0 
0 0 0 0 0 0 0 0 0 0 0 0 0 0 0 0 0 0 2608.55 5.98118e+08 1.42082e+11 4.75194e+12 6.11459e+13 4.25852e+14 1.90451e+15 6.07554e+15 1.4926e+16 2.97696e+16 5.00336e+16 7.30005e+16 9.44049e+16 1.09597e+17 1.15141e+17 0 0 0 0 0 0 0 0 0 0 0 0 0 0 0 0 0 0 0 0 0 0 0 0 0 0 0 0 0 0 0 0 
0 0 0 0 0 0 0 0 0 0 0 0 0 0 0 0 0 0 0 2.08205e+07 2.13688e+10 1.17908e+12 2.01164e+13 1.70137e+14 8.84601e+14 3.18593e+15 8.6116e+15 1.85136e+16 3.29851e+16 5.02304e+16 6.69444e+16 7.90273e+16 8.35602e+16 0 0 0 0 0 0 0 0 0 0 0 0 0 0 0 0 0 0 0 0 0 0 0 0 0 0 0 0 0 0 0 0 
0 0 0 0 0 0 0 0 0 0 0 0 0 0 0 0 0 0 0 112084 2.23022e+09 2.43429e+11 5.78164e+12 6.09766e+13 3.71524e+14 1.51771e+15 4.52778e+15 1.05264e+16 1.99394e+16 3.18349e+16 4.37039e+16 5.26574e+16 5.5925e+16 0 0 0 0 0 0 0 0 0 0 0 0 0 0 0 0 0 0 0 0 0 0 0 0 0 0 0 0 0 0 0 0 
0 0 0 0 0 0 0 0 0 0 0 0 0 0 0 0 0 0 0 0 1.27976e+08 4.00111e+10 1.43506e+12 1.93199e+13 1.40594e+14 6.5509e+14 2.1696e+15 5.47478e+15 1.10641e+16 1.85008e+16 2.63198e+16 3.22365e+16 3.44362e+16 0 0 0 0 0 0 0 0 0 0 0 0 0 0 0 0 0 0 0 0 0 0 0 0 0 0 0 0 0 0 0 0 
0 0 0 0 0 0 0 0 0 0 0 0 0 0 0 0 0 0 0 0 1.67372e+06 4.86328e+09 3.01375e+11 5.4199e+12 4.7633e+13 2.55687e+14 9.46652e+14 2.60298e+15 5.62089e+15 9.88063e+15 1.45079e+16 1.81772e+16 1.95613e+16 0 0 0 0 0 0 0 0 0 0 0 0 0 0 0 0 0 0 0 0 0 0 0 0 0 0 0 0 0 0 0 0 
0 0 0 0 0 0 0 0 0 0 0 0 0 0 0 0 0 0 0 0 3159.64 3.68116e+08 5.15438e+10 1.31979e+12 1.43865e+13 9.00385e+13 3.74986e+14 1.12892e+15 2.608e+15 4.82848e+15 7.36116e+15 9.40382e+15 1.0204e+16 0 0 0 0 0 0 0 0 0 0 0 0 0 0 0 0 0 0 0 0 0 0 0 0 0 0 0 0 0 0 0 0 
0 0 0 0 0 0 0 0 0 0 0 0 0 0 0 0 0 0 0 0 0 1.11902e+07 6.7905e+09 2.72644e+11 3.85274e+12 2.86402e+13 1.34746e+14 4.46146e+14 1.1099e+15 2.16536e+15 3.4239e+15 4.47777e+15 4.88201e+15 0 0 0 0 0 0 0 0 0 0 0 0 0 0 0 0 0 0 0 0 0 0 0 0 0 0 0 0 0 0 0 0 
0 0 0 0 0 0 0 0 0 0 0 0 0 0 0 0 0 0 0 0 0 79185.9 6.05636e+08 4.70262e+10 9.0073e+11 8.09295e+12 4.36971e+13 1.60116e+14 4.2958e+14 8.88217e+14 1.45895e+15 1.9474e+15 2.14898e+15 0 0 0 0 0 0 0 0 0 0 0 0 0 0 0 0 0 0 0 0 0 0 0 0 0 0 0 0 0 0 0 0 
0 0 0 0 0 0 0 0 0 0 0 0 0 0 0 0 0 0 0 0 0 0 2.61324e+07 6.3849e+09 1.80868e+11 2.03169e+12 1.27659e+13 5.23428e+13 1.52394e+14 3.33146e+14 5.69839e+14 7.79994e+14 8.63728e+14 0 0 0 0 0 0 0 0 0 0 0 0 0 0 0 0 0 0 0 0 0 0 0 0 0 0 0 0 0 0 0 0 
0 0 0 0 0 0 0 0 0 0 0 0 0 0 0 0 0 0 0 0 0 0 661180 6.19479e+08 3.03347e+10 4.48635e+11 3.34422e+12 1.54238e+13 4.89758e+13 1.14247e+14 2.04095e+14 2.85669e+14 3.19015e+14 0 0 0 0 0 0 0 0 0 0 0 0 0 0 0 0 0 0 0 0 0 0 0 0 0 0 0 0 0 0 0 0 
0 0 0 0 0 0 0 0 0 0 0 0 0 0 0 0 0 0 0 0 0 0 1886.79 3.19136e+07 4.11074e+09 8.58748e+10 7.79562e+11 4.09513e+12 1.43074e+13 3.56354e+13 6.66339e+13 9.58865e+13 1.08183e+14 0 0 0 0 0 0 0 0 0 0 0 0 0 0 0 0 0 0 0 0 0 0 0 0 0 0 0 0 0 0 0 0 
0 0 0 0 0 0 0 0 0 0 0 0 0 0 0 0 0 0 0 0 0 0 0 1.16758e+06 4.14855e+08 1.38786e+10 1.59515e+11 9.79952e+11 3.79428e+12 1.01593e+13 1.9892e+13 2.93933e+13 3.35093e+13 0 0 0 0 0 0 0 0 0 0 0 0 0 0 0 0 0 0 0 0 0 0 0 0 0 0 0 0 0 0 0 0 
0 0 0 0 0 0 0 0 0 0 0 0 0 0 0 0 0 0 0 0 0 0 0 25397.8 2.2162e+07 1.81028e+09 2.86366e+10 2.08446e+11 9.09068e+11 2.62376e+12 5.41218e+12 8.23833e+12 9.48365e+12 0 0 0 0 0 0 0 0 0 0 0 0 0 0 0 0 0 0 0 0 0 0 0 0 0 0 0 0 0 0 0 0 
0 0 0 0 0 0 0 0 0 0 0 0 0 0 0 0 0 0 0 0 0 0 0 0 977471 1.85485e+08 4.38306e+09 3.95282e+10 1.95871e+11 6.17921e+11 1.34461e+12 2.11578e+12 2.45819e+12 0 0 0 0 0 0 0 0 0 0 0 0 0 0 0 0 0 0 0 0 0 0 0 0 0 0 0 0 0 0 0 0 
0 0 0 0 0 0 0 0 0 0 0 0 0 0 0 0 0 0 0 0 0 0 0 0 25220 9.2007e+06 5.38038e+08 6.56473e+09 3.78511e+10 1.31994e+11 3.06372e+11 4.96594e+11 5.83694e+11 0 0 0 0 0 0 0 0 0 0 0 0 0 0 0 0 0 0 0 0 0 0 0 0 0 0 0 0 0 0 0 0 
0 0 0 0 0 0 0 0 0 0 0 0 0 0 0 0 0 0 0 0 0 0 0 0 479.633 401700 5.51056e+07 9.29428e+08 6.51865e+09 2.55054e+10 6.33231e+10 1.07047e+11 1.27037e+11 0 0 0 0 0 0 0 0 0 0 0 0 0 0 0 0 0 0 0 0 0 0 0 0 0 0 0 0 0 0 0 0 
0 0 0 0 0 0 0 0 0 0 0 0 0 0 0 0 0 0 0 0 0 0 0 0 0 11524.5 2.15504e+06 1.05835e+08 9.92414e+08 4.43875e+09 1.19484e+10 2.11525e+10 2.52587e+10 0 0 0 0 0 0 0 0 0 0 0 0 0 0 0 0 0 0 0 0 0 0 0 0 0 0 0 0 0 0 0 0 
0 0 0 0 0 0 0 0 0 0 0 0 0 0 0 0 0 0 0 0 0 0 0 0 0 0 86539.9 1.06954e+07 1.31736e+08 6.87169e+08 2.04473e+09 3.77065e+09 4.65889e+09 0 0 0 0 0 0 0 0 0 0 0 0 0 0 0 0 0 0 0 0 0 0 0 0 0 0 0 0 0 0 0 0 
0 0 0 0 0 0 0 0 0 0 0 0 0 0 0 0 0 0 0 0 0 0 0 0 0 0 0 278667 1.2667e+07 9.71715e+07 3.18281e+08 6.25752e+08 7.82291e+08 0 0 0 0 0 0 0 0 0 0 0 0 0 0 0 0 0 0 0 0 0 0 0 0 0 0 0 0 0 0 0 0 
0 0 0 0 0 0 0 0 0 0 0 0 0 0 0 0 0 0 0 0 0 0 0 0 0 0 0 0 1.5526e+06 1.17109e+07 4.33735e+07 9.65485e+07 1.18314e+08 0 0 0 0 0 0 0 0 0 0 0 0 0 0 0 0 0 0 0 0 0 0 0 0 0 0 0 0 0 0 0 0 
0 0 0 0 0 0 0 0 0 0 0 0 0 0 0 0 0 0 0 0 0 0 0 0 0 0 0 0 795.813 848873 6.02302e+06 1.26833e+07 1.71573e+07 0 0 0 0 0 0 0 0 0 0 0 0 0 0 0 0 0 0 0 0 0 0 0 0 0 0 0 0 0 0 0 0 
0 0 0 0 0 0 0 0 0 0 0 0 0 0 0 0 0 0 0 0 0 0 0 0 0 0 0 0 0 176490 660923 1.51662e+06 2.45361e+06 0 0 0 0 0 0 0 0 0 0 0 0 0 0 0 0 0 0 0 0 0 0 0 0 0 0 0 0 0 0 0 0 
0 0 0 0 0 0 0 0 0 0 0 0 0 0 0 0 0 0 0 0 0 0 0 0 0 0 0 0 0 0 18635.1 276207 187915 0 0 0 0 0 0 0 0 0 0 0 0 0 0 0 0 0 0 0 0 0 0 0 0 0 0 0 0 0 0 0 0 
0 0 0 0 0 0 0 0 0 0 0 0 0 0 0 0 0 0 0 0 0 0 0 0 0 0 0 0 0 0 19584.4 17511.6 44806.9 0 0 0 0 0 0 0 0 0 0 0 0 0 0 0 0 0 0 0 0 0 0 0 0 0 0 0 0 0 0 0 0 
0 0 0 0 0 0 0 0 0 0 0 0 0 0 0 0 0 0 0 0 0 0 0 0 0 0 0 0 0 0 0 0 8068.12 0 0 0 0 0 0 0 0 0 0 0 0 0 0 0 0 0 0 0 0 0 0 0 0 0 0 0 0 0 0 0 0 
0 0 0 0 0 0 0 0 0 0 0 0 0 0 0 0 0 0 0 0 0 0 0 0 0 0 0 0 0 0 0 1352.03 0 0 0 0 0 0 0 0 0 0 0 0 0 0 0 0 0 0 0 0 0 0 0 0 0 0 0 0 0 0 0 0 0 
0 0 0 0 0 0 0 0 0 0 0 0 0 0 0 0 0 0 0 0 0 0 0 0 0 0 0 0 0 0 0 0 0 0 0 0 0 0 0 0 0 0 0 0 0 0 0 0 0 0 0 0 0 0 0 0 0 0 0 0 0 0 0 0 0 
0 0 0 0 0 0 0 0 0 0 0 0 0 0 0 0 0 0 0 0 0 0 0 0 0 0 0 0 0 0 0 0 42.251 0 0 0 0 0 0 0 0 0 0 0 0 0 0 0 0 0 0 0 0 0 0 0 0 0 0 0 0 0 0 0 0 
0 0 0 0 0 0 0 0 0 0 0 0 0 0 0 0 0 0 0 0 0 0 0 0 0 0 0 0 0 0 0 0 0 0 0 0 0 0 0 0 0 0 0 0 0 0 0 0 0 0 0 0 0 0 0 0 0 0 0 0 0 0 0 0 0 
0 0 0 0 0 0 0 0 0 0 0 0 0 0 0 0 0 0 0 0 0 0 0 0 0 0 0 0 0 0 0 0 0 0 0 0 0 0 0 0 0 0 0 0 0 0 0 0 0 0 0 0 0 0 0 0 0 0 0 0 0 0 0 0 0 
0 0 0 0 0 0 0 0 0 0 0 0 0 0 0 0 0 0 0 0 0 0 0 0 0 0 0 0 0 0 0 0 0 0 0 0 0 0 0 0 0 0 0 0 0 0 0 0 0 0 0 0 0 0 0 0 0 0 0 0 0 0 0 0 0 
0 0 0 0 0 0 0 0 0 0 0 0 0 0 0 0 0 0 0 0 0 0 0 0 0 0 0 0 0 0 0 0 0 0 0 0 0 0 0 0 0 0 0 0 0 0 0 0 0 0 0 0 0 0 0 0 0 0 0 0 0 0 0 0 0 
0 0 0 0 0 0 0 0 0 0 0 0 0 0 0 0 0 0 0 0 0 0 0 0 0 0 0 0 0 0 0 0 0 0 0 0 0 0 0 0 0 0 0 0 0 0 0 0 0 0 0 0 0 0 0 0 0 0 0 0 0 0 0 0 0 
0 0 0 0 0 0 0 0 0 0 0 0 0 0 0 0 0 0 0 0 0 0 0 0 0 0 0 0 0 0 0 0 0 0 0 0 0 0 0 0 0 0 0 0 0 0 0 0 0 0 0 0 0 0 0 0 0 0 0 0 0 0 0 0 0 
0 0 0 0 0 0 0 0 0 0 0 0 0 0 0 0 0 0 0 0 0 0 0 0 0 0 0 0 0 0 0 0 0 0 0 0 0 0 0 0 0 0 0 0 0 0 0 0 0 0 0 0 0 0 0 0 0 0 0 0 0 0 0 0 0 
0 0 0 0 0 0 0 0 0 0 0 0 0 0 0 0 0 0 0 0 0 0 0 0 0 0 0 0 0 0 0 0 0 0 0 0 0 0 0 0 0 0 0 0 0 0 0 0 0 0 0 0 0 0 0 0 0 0 0 0 0 0 0 0 0 
0 0 0 0 0 0 0 0 0 0 0 0 0 0 0 0 0 0 0 0 0 0 0 0 0 0 0 0 0 0 0 0 0 0 0 0 0 0 0 0 0 0 0 0 0 0 0 0 0 0 0 0 0 0 0 0 0 0 0 0 0 0 0 0 0 
0 0 0 0 0 0 0 0 0 0 0 0 0 0 0 0 0 0 0 0 0 0 0 0 0 0 0 0 0 0 0 0 0 0 0 0 0 0 0 0 0 0 0 0 0 0 0 0 0 0 0 0 0 0 0 0 0 0 0 0 0 0 0 0 0 
0 0 0 0 0 0 0 0 0 0 0 0 0 0 0 0 0 0 0 0 0 0 0 0 0 0 0 0 0 0 0 0 0 0 0 0 0 0 0 0 0 0 0 0 0 0 0 0 0 0 0 0 0 0 0 0 0 0 0 0 0 0 0 0 0 
0 0 0 0 0 0 0 0 0 0 0 0 0 0 0 0 0 0 0 0 0 0 0 0 0 0 0 0 0 0 0 0 0 0 0 0 0 0 0 0 0 0 0 0 0 0 0 0 0 0 0 0 0 0 0 0 0 0 0 0 0 0 0 0 0 
0 0 0 0 0 0 0 0 0 0 0 0 0 0 0 0 0 0 0 0 0 0 0 0 0 0 0 0 0 0 0 0 0 0 0 0 0 0 0 0 0 0 0 0 0 0 0 0 0 0 0 0 0 0 0 0 0 0 0 0 0 0 0 0 0 
0 0 0 0 0 0 0 0 0 0 0 0 0 0 0 0 0 0 0 0 0 0 0 0 0 0 0 0 0 0 0 0 0 0 0 0 0 0 0 0 0 0 0 0 0 0 0 0 0 0 0 0 0 0 0 0 0 0 0 0 0 0 0 0 0 
0 0 0 0 0 0 0 0 0 0 0 0 0 0 0 0 0 0 0 0 0 0 0 0 0 0 0 0 0 0 0 0 0 0 0 0 0 0 0 0 0 0 0 0 0 0 0 0 0 0 0 0 0 0 0 0 0 0 0 0 0 0 0 0 0 
0 0 0 0 0 0 0 0 0 0 0 0 0 0 0 0 0 0 0 0 0 0 0 0 0 0 0 0 0 0 0 0 0 0 0 0 0 0 0 0 0 0 0 0 0 0 0 0 0 0 0 0 0 0 0 0 0 0 0 0 0 0 0 0 0 
0 0 0 0 0 0 0 0 0 0 0 0 0 0 0 0 0 0 0 0 0 0 0 0 0 0 0 0 0 0 0 0 0 0 0 0 0 0 0 0 0 0 0 0 0 0 0 0 0 0 0 0 0 0 0 0 0 0 0 0 0 0 0 0 0 
0 0 0 0 0 0 0 0 0 0 0 0 0 0 0 0 0 0 0 0 0 0 0 0 0 0 0 0 0 0 0 0 0 0 0 0 0 0 0 0 0 0 0 0 0 0 0 0 0 0 0 0 0 0 0 0 0 0 0 0 0 0 0 0 0 
0 0 0 0 0 0 0 0 0 0 0 0 0 0 0 0 0 0 0 0 0 0 0 0 0 0 0 0 0 0 0 0 0 0 0 0 0 0 0 0 0 0 0 0 0 0 0 0 0 0 0 0 0 0 0 0 0 0 0 0 0 0 0 0 0 
0 0 0 0 0 0 0 0 0 0 0 0 0 0 0 0 0 0 0 0 0 0 0 0 0 0 0 0 0 0 0 0 0 0 0 0 0 0 0 0 0 0 0 0 0 0 0 0 0 0 0 0 0 0 0 0 0 0 0 0 0 0 0 0 0 
0 0 0 0 0 0 0 0 0 0 0 0 0 0 0 0 0 0 0 0 0 0 0 0 0 0 0 0 0 0 0 0 0 0 0 0 0 0 0 0 0 0 0 0 0 0 0 0 0 0 0 0 0 0 0 0 0 0 0 0 0 0 0 0 0 
0 0 0 0 0 0 0 0 0 0 0 0 0 0 0 0 0 0 0 0 0 0 0 0 0 0 0 0 0 0 0 0 0 0 0 0 0 0 0 0 0 0 0 0 0 0 0 0 0 0 0 0 0 0 0 0 0 0 0 0 0 0 0 0 0 
0 0 0 0 0 0 0 0 0 0 0 0 0 0 0 0 0 0 0 0 0 0 0 0 0 0 0 0 0 0 0 0 0 0 0 0 0 0 0 0 0 0 0 0 0 0 0 0 0 0 0 0 0 0 0 0 0 0 0 0 0 0 0 0 0 
0 0 0 0 0 0 0 0 0 0 0 0 0 0 0 0 0 0 0 0 0 0 0 0 0 0 0 0 0 0 0 0 0 0 0 0 0 0 0 0 0 0 0 0 0 0 0 0 0 0 0 0 0 0 0 0 0 0 0 0 0 0 0 0 0 
0 0 0 0 0 0 0 0 0 0 0 0 0 0 0 0 0 0 0 0 0 0 0 0 0 0 0 0 0 0 0 0 0 0 0 0 0 0 0 0 0 0 0 0 0 0 0 0 0 0 0 0 0 0 0 0 0 0 0 0 0 0 0 0 0 
0 0 0 0 0 0 0 0 0 0 0 0 0 0 0 0 0 0 0 0 0 0 0 0 0 0 0 0 0 0 0 0 0 0 0 0 0 0 0 0 0 0 0 0 0 0 0 0 0 0 0 0 0 0 0 0 0 0 0 0 0 0 0 0 0 
0 0 0 0 0 0 0 0 0 0 0 0 0 0 0 0 0 0 0 0 0 0 0 0 0 0 0 0 0 0 0 0 0 0 0 0 0 0 0 0 0 0 0 0 0 0 0 0 0 0 0 0 0 0 0 0 0 0 0 0 0 0 0 0 0 
0 0 0 0 0 0 0 0 0 0 0 0 0 0 0 0 0 0 0 0 0 0 0 0 0 0 0 0 0 0 0 0 0 0 0 0 0 0 0 0 0 0 0 0 0 0 0 0 0 0 0 0 0 0 0 0 0 0 0 0 0 0 0 0 0 
0 0 0 0 0 0 0 0 0 0 0 0 0 0 0 0 0 0 0 0 0 0 0 0 0 0 0 0 0 0 0 0 0 0 0 0 0 0 0 0 0 0 0 0 0 0 0 0 0 0 0 0 0 0 0 0 0 0 0 0 0 0 0 0 0 
0 0 0 0 0 0 0 0 0 0 0 0 0 0 0 0 0 0 0 0 0 0 0 0 0 0 0 0 0 0 0 0 0 0 0 0 0 0 0 0 0 0 0 0 0 0 0 0 0 0 0 0 0 0 0 0 0 0 0 0 0 0 0 0 0 
0 0 0 0 0 0 0 0 0 0 0 0 0 0 0 0 0 0 0 0 0 0 0 0 0 0 0 0 0 0 0 0 0 0 0 0 0 0 0 0 0 0 0 0 0 0 0 0 0 0 0 0 0 0 0 0 0 0 0 0 0 0 0 0 0 
0 0 0 0 0 0 0 0 0 0 0 0 0 0 0 0 0 0 0 0 0 0 0 0 0 0 0 0 0 0 0 0 0 0 0 0 0 0 0 0 0 0 0 0 0 0 0 0 0 0 0 0 0 0 0 0 0 0 0 0 0 0 0 0 0 
