1 0 0 0 0 0 0 0 0 0 0 0 0 0 0 0 0 0 0 0 0 0 0 0 0 0 0 0 0 0 0 0 0 0 0 0 0 0 0 0 0 0 0 0 0 0 0 0 0 0 0 0 0 0 0 0 0 0 0 0 0 0 0 0 1 
0 0 0 0 0 0 0 0 0 0 0 0 0 0 0 0 0 0 0 0 0 0 0 0 0 0 0 0 0 0 0 0 0 0 0 0 0 0 0 0 0 0 0 0 0 0 0 0 0 0 0 0 0 0 0 0 0 0 0 0 0 0 0 0 0 
0 0 0 0 0 0 0 0 0 0 0 0 0 0 0 0 0 0 0 0 0 0 0 0 0 0 0 0 0 0 0 0 0 0 0 0 0 0 0 0 0 0 0 0 0 0 0 0 0 0 0 0 0 0 0 0 0 0 0 0 0 0 0 0 0 
0 0 0 0 0 0 0 0 0 0 0 0 0 0 0 0 0 0 0 0 0 0 0 0 0 0 0 0 0 0 0 0 0 0 0 0 0 0 0 0 0 0 0 0 0 0 0 0 0 0 0 0 0 0 0 0 0 0 0 0 0 0 0 0 0 
0 64 0 0 0 0 0 0 0 0 0 0 0 0 0 0 0 0 0 0 0 0 0 0 0 0 0 0 0 0 0 0 0 0 0 0 0 0 0 0 0 0 0 0 0 0 0 0 0 0 0 0 0 0 0 0 0 0 0 0 0 0 0 0 0 
0 0 0 0 0 0 0 0 0 0 0 0 0 0 0 0 0 0 0 0 0 0 0 0 0 0 0 0 0 0 0 0 0 0 0 0 0 0 0 0 0 0 0 0 0 0 0 0 0 0 0 0 0 0 0 0 0 0 0 0 0 0 0 0 0 
0 0 0 0 0 0 0 0 0 0 0 0 0 0 0 0 0 0 0 0 0 0 0 0 0 0 0 0 0 0 0 0 0 0 0 0 0 0 0 0 0 0 0 0 0 0 0 0 0 0 0 0 0 0 0 0 0 0 0 0 0 0 0 0 0 
0 0 256 0 0 0 0 0 0 0 0 0 0 0 0 0 0 0 0 0 0 0 0 0 0 0 0 0 0 0 0 0 0 0 0 0 0 0 0 0 0 0 0 0 0 0 0 0 0 0 0 0 0 0 0 0 0 0 0 0 0 0 0 0 0 
0 0 1760 0 0 0 0 0 0 0 0 0 0 0 0 0 0 0 0 0 0 0 0 0 0 0 0 0 0 0 0 0 0 0 0 0 0 0 0 0 0 0 0 0 0 0 0 0 0 0 0 0 0 0 0 0 0 0 0 0 0 0 0 0 0 
0 0 0 128.21 0 0 0 0 0 0 0 0 0 0 0 0 0 0 0 0 0 0 0 0 0 0 0 0 0 0 0 0 0 0 0 0 0 0 0 0 0 0 0 0 0 0 0 0 0 0 0 0 0 0 0 0 0 0 0 0 0 0 0 0 0 
0 0 0 1408.8 0 0 0 0 0 0 0 0 0 0 0 0 0 0 0 0 0 0 0 0 0 0 0 0 0 0 0 0 0 0 0 0 0 0 0 0 0 0 0 0 0 0 0 0 0 0 0 0 0 0 0 0 0 0 0 0 0 0 0 0 0 
0 0 0 12669.8 192.93 0 0 0 0 0 0 0 0 0 0 0 0 0 0 0 0 0 0 0 0 0 0 0 0 0 0 0 0 0 0 0 0 0 0 0 0 0 0 0 0 0 0 0 0 0 0 0 0 0 0 0 0 0 0 0 0 0 0 0 0 
0 0 0 27457.2 1789.3 0 0 0 0 0 0 0 0 0 0 0 0 0 0 0 0 0 0 0 0 0 0 0 0 0 0 0 0 0 0 0 0 0 0 0 0 0 0 0 0 0 0 0 0 0 0 0 0 0 0 0 0 0 0 0 0 0 0 0 0 
0 0 0 0 14497.3 386.292 0 0 0 0 0 0 0 0 0 0 0 0 0 0 0 0 0 0 0 0 0 0 0 0 0 0 0 0 0 0 0 0 0 0 0 0 0 0 0 0 0 0 0 0 0 0 0 0 0 0 0 0 0 0 0 0 0 0 0 
0 0 0 0 84091.2 4035.7 0 0 0 0 0 0 0 0 0 0 0 0 0 0 0 0 0 0 0 0 0 0 0 0 0 0 0 0 0 0 0 0 0 0 0 0 0 0 0 0 0 0 0 0 0 0 0 0 0 0 0 0 0 0 0 0 0 0 0 
0 0 0 0 264300 26179.5 1406.05 0 0 0 0 0 0 0 0 0 0 0 0 0 0 0 0 0 0 0 0 0 0 0 0 0 0 0 0 0 0 0 0 0 0 0 0 0 0 0 0 0 0 0 0 0 0 0 0 0 0 0 0 0 0 0 0 0 0 
0 0 0 0 270505 147029 9425.18 450.57 48.4069 0 0 0 0 0 0 0 3.98302 0 0 0 0 0 0 0 0 0 0 0 0 0 0 0 3.98284 0 0 0 0 0 0 0 0 0 0 0 0 0 0 0 0 0 0 0 0 0 0 0 0 0 0 0 0 0 0 0 0 
0 0 0 0 0 655803 66751.1 4220.28 0 0 0 0 0 0 0 0 0 0 0 0 0 0 0 0 0 0 0 0 0 0 0 0 0 0 0 0 0 0 0 0 0 0 0 0 0 0 0 0 0 0 0 0 0 0 0 0 0 0 0 0 0 0 0 0 0 
0 0 0 0 0 1.95182e+06 339485 32308.5 4031.45 448.967 0 0 0 0 0 63.7283 0 0 0 0 0 0 0 0 0 0 0 0 0 0 0 0 0 0 0 0 0 0 0 0 0 0 0 0 0 0 0 0 0 0 0 0 0 0 0 0 0 0 0 0 0 0 0 0 0 
0 0 0 0 0 3.06494e+06 1.46288e+06 192188 15775.9 4216.97 1290.39 384.856 192.505 128.977 191.399 0 0 128.236 0 0 0 0 0 0 0 0 0 0 0 0 0 127.451 0 0 0 0 0 0 0 0 0 0 0 0 0 0 0 0 0 0 0 0 0 0 0 0 0 0 0 0 0 0 0 0 0 
0 0 0 0 0 1.77432e+06 5.28589e+06 917231 125213 10064.3 3281.78 1741.21 822.731 576.055 286.562 0 0 63.7284 0 0 0 0 0 0 0 0 0 0 0 0 0 0 0 0 0 0 0 0 0 0 0 0 0 0 0 0 0 0 0 0 0 0 0 0 0 0 0 0 0 0 0 0 0 0 0 
0 0 0 0 0 0 1.40459e+07 3.91903e+06 627960 100641 16575.1 3471.23 2186.54 1140.55 0 0 1923.76 0 384.411 0 0 0 0 0 0 0 0 0 0 0 446.851 0 0 0 0 0 0 0 0 0 0 0 0 0 0 0 0 0 0 0 0 0 0 0 0 0 0 0 0 0 0 0 0 0 0 
0 0 0 0 0 0 2.38235e+07 1.38728e+07 2.89018e+06 522088 105098 31967 11148 4991.1 3323.9 5401.72 1148.45 0 1723.78 256.897 0 0 0 0 0 0 0 0 0 255.688 1528.64 0 3950.87 0 0 0 0 0 0 0 0 0 0 0 0 0 0 0 0 0 0 0 0 0 0 0 0 0 0 0 0 0 0 0 0 
0 0 0 0 0 0 2.19735e+07 4.17661e+07 1.14449e+07 2.26851e+06 505679 133752 50226.6 24330.3 17937.5 11904.4 0 5386.95 2112.9 1152.4 383.694 0 0 0 0 0 0 0 382.826 1916.99 0 0 127.748 0 0 0 0 0 0 0 0 0 0 0 0 0 0 0 0 0 0 0 0 0 0 0 0 0 0 0 0 0 0 0 0 
0 0 0 0 0 0 7.96565e+06 9.79742e+07 4.02494e+07 9.89686e+06 2.0806e+06 565111 190942 92492.2 53981.3 14147.4 14378.3 25125.2 3618.61 9270.6 1640.11 763.805 0 0 96.5975 0 0 769.586 2594.94 8804.48 0 13398.4 0 0 0 0 0 0 0 0 0 0 0 0 0 0 0 0 0 0 0 0 0 0 0 0 0 0 0 0 0 0 0 0 0 
0 0 0 0 0 0 0 1.62764e+08 1.22165e+08 3.69321e+07 9.59459e+06 2.44665e+06 806934 332793 144901 84052.8 93266.2 43625.3 15829.9 24005.1 9242.25 3506.22 2576.19 904.37 0 906.609 2684.68 5745.36 13032.2 8777.75 7439.61 46747.5 0 0 0 0 0 0 0 0 0 0 0 0 0 0 0 0 0 0 0 0 0 0 0 0 0 0 0 0 0 0 0 0 0 
0 0 0 0 0 0 0 1.72498e+08 3.1392e+08 1.2503e+08 3.60652e+07 1.0314e+07 3.34813e+06 1.26396e+06 598656 393059 262707 64905 136882 50609.1 49432.5 14594 6560.17 7752.23 7913.28 7670.36 12716.1 23369.5 41404.2 10708.5 56401.7 3072.76 44308 0 0 0 0 0 0 0 0 0 0 0 0 0 0 0 0 0 0 0 0 0 0 0 0 0 0 0 0 0 0 0 0 
0 0 0 0 0 0 0 1.02449e+08 6.51266e+08 3.75227e+08 1.27515e+08 3.86915e+07 1.25047e+07 4.86862e+06 2.30426e+06 1.30872e+06 589570 444829 366342 148537 155694 89533.9 39429.5 16466.2 22564.9 40817.5 57108 82771.5 80871.8 74424.7 260856 23961.7 306396 0 0 0 0 0 0 0 0 0 0 0 0 0 0 0 0 0 0 0 0 0 0 0 0 0 0 0 0 0 0 0 0 
0 0 0 0 0 0 0 2.48264e+07 1.01508e+09 9.83352e+08 4.13593e+08 1.39273e+08 4.7387e+07 1.78899e+07 8.10437e+06 3.95666e+06 2.17694e+06 1.73951e+06 961491 703603 468220 325394 210475 164907 142520 146073 203999 271091 184429 375652 315167 261845 574460 0 0 0 0 0 0 0 0 0 0 0 0 0 0 0 0 0 0 0 0 0 0 0 0 0 0 0 0 0 0 0 0 
0 0 0 0 0 0 0 0 1.10947e+09 2.19483e+09 1.20612e+09 4.66191e+08 1.6775e+08 6.50063e+07 2.7888e+07 1.38368e+07 8.43746e+06 5.35197e+06 2.84507e+06 2.48723e+06 1.47136e+06 1.19217e+06 800426 632457 602018 645594 677247 618205 660914 1.27654e+06 371364 1.48319e+06 262642 0 0 0 0 0 0 0 0 0 0 0 0 0 0 0 0 0 0 0 0 0 0 0 0 0 0 0 0 0 0 0 0 
0 0 0 0 0 0 0 0 7.86055e+08 4.03963e+09 3.13475e+09 1.42851e+09 5.61551e+08 2.20405e+08 9.58634e+07 4.7869e+07 2.728e+07 1.5485e+07 1.05838e+07 7.72041e+06 5.01967e+06 3.95886e+06 3.03269e+06 2.25358e+06 1.8292e+06 1.8027e+06 1.9059e+06 1.81575e+06 2.57371e+06 2.54556e+06 2.01202e+06 4.13115e+06 1.61506e+06 0 0 0 0 0 0 0 0 0 0 0 0 0 0 0 0 0 0 0 0 0 0 0 0 0 0 0 0 0 0 0 0 
0 0 0 0 0 0 0 0 3.1903e+08 5.80912e+09 7.16471e+09 4.02954e+09 1.75268e+09 7.30365e+08 3.22542e+08 1.58018e+08 8.49233e+07 4.99846e+07 3.54368e+07 2.25841e+07 1.70339e+07 1.23359e+07 9.80473e+06 7.70132e+06 6.75368e+06 6.1405e+06 5.5537e+06 5.89058e+06 7.59957e+06 4.74268e+06 8.39797e+06 5.73406e+06 7.89178e+06 0 0 0 0 0 0 0 0 0 0 0 0 0 0 0 0 0 0 0 0 0 0 0 0 0 0 0 0 0 0 0 0 
0 0 0 0 0 0 0 0 5.38137e+07 6.20946e+09 1.40705e+10 1.02699e+10 5.12697e+09 2.29144e+09 1.03926e+09 5.03524e+08 2.69614e+08 1.64237e+08 1.06284e+08 6.90617e+07 5.29263e+07 3.83519e+07 3.06795e+07 2.52707e+07 2.11747e+07 1.83119e+07 1.70278e+07 1.87049e+07 1.71324e+07 1.57366e+07 2.36295e+07 1.24316e+07 2.58292e+07 0 0 0 0 0 0 0 0 0 0 0 0 0 0 0 0 0 0 0 0 0 0 0 0 0 0 0 0 0 0 0 0 
0 0 0 0 0 0 0 0 0 4.67989e+09 2.29742e+10 2.33531e+10 1.38596e+10 6.7739e+09 3.19934e+09 1.57738e+09 8.46772e+08 5.04114e+08 3.1223e+08 2.167e+08 1.57673e+08 1.16944e+08 9.20268e+07 7.44197e+07 6.16163e+07 5.34939e+07 5.1262e+07 5.09749e+07 4.26806e+07 5.38569e+07 4.77303e+07 4.86609e+07 5.34511e+07 0 0 0 0 0 0 0 0 0 0 0 0 0 0 0 0 0 0 0 0 0 0 0 0 0 0 0 0 0 0 0 0 
0 0 0 0 0 0 0 0 0 2.32364e+09 3.02336e+10 4.68413e+10 3.4253e+10 1.88099e+10 9.41126e+09 4.78394e+09 2.57995e+09 1.49194e+09 9.36438e+08 6.50097e+08 4.51398e+08 3.46511e+08 2.66713e+08 2.1895e+08 1.83032e+08 1.61819e+08 1.49687e+08 1.32763e+08 1.279e+08 1.44369e+08 1.08262e+08 1.51599e+08 1.06548e+08 0 0 0 0 0 0 0 0 0 0 0 0 0 0 0 0 0 0 0 0 0 0 0 0 0 0 0 0 0 0 0 0 
0 0 0 0 0 0 0 0 0 6.70154e+08 3.07303e+10 8.11186e+10 7.67333e+10 4.86274e+10 2.64911e+10 1.39422e+10 7.59991e+09 4.37929e+09 2.77417e+09 1.85615e+09 1.31429e+09 9.98618e+08 7.66478e+08 6.23222e+08 5.26912e+08 4.57779e+08 4.03904e+08 3.60136e+08 3.74132e+08 3.40217e+08 3.31877e+08 3.64506e+08 3.08703e+08 0 0 0 0 0 0 0 0 0 0 0 0 0 0 0 0 0 0 0 0 0 0 0 0 0 0 0 0 0 0 0 0 
0 0 0 0 0 0 0 0 0 8.05264e+07 2.32631e+10 1.18389e+11 1.53778e+11 1.16202e+11 6.97196e+10 3.89403e+10 2.17547e+10 1.27282e+10 7.96899e+09 5.26199e+09 3.74986e+09 2.76495e+09 2.16273e+09 1.73611e+09 1.46208e+09 1.25108e+09 1.09861e+09 1.01999e+09 9.85768e+08 8.58763e+08 9.53485e+08 8.26655e+08 9.28171e+08 0 0 0 0 0 0 0 0 0 0 0 0 0 0 0 0 0 0 0 0 0 0 0 0 0 0 0 0 0 0 0 0 
0 0 0 0 0 0 0 0 0 0 1.25572e+10 1.41247e+11 2.71754e+11 2.53319e+11 1.72819e+11 1.03498e+11 6.01485e+10 3.57097e+10 2.22574e+10 1.4755e+10 1.04208e+10 7.61573e+09 5.96038e+09 4.75252e+09 3.95821e+09 3.40018e+09 2.99123e+09 2.7682e+09 2.48821e+09 2.38623e+09 2.40485e+09 2.16181e+09 2.39067e+09 0 0 0 0 0 0 0 0 0 0 0 0 0 0 0 0 0 0 0 0 0 0 0 0 0 0 0 0 0 0 0 0 
0 0 0 0 0 0 0 0 0 0 4.52151e+09 1.34334e+11 4.16132e+11 5.00847e+11 3.96971e+11 2.60506e+11 1.59254e+11 9.73425e+10 6.12609e+10 4.06282e+10 2.83552e+10 2.08908e+10 1.6019e+10 1.28902e+10 1.06199e+10 9.06106e+09 8.03841e+09 7.22767e+09 6.55658e+09 6.41158e+09 5.87473e+09 5.98041e+09 5.78523e+09 0 0 0 0 0 0 0 0 0 0 0 0 0 0 0 0 0 0 0 0 0 0 0 0 0 0 0 0 0 0 0 0 
0 0 0 0 0 0 0 0 0 0 9.46006e+08 9.88538e+10 5.41592e+11 8.84064e+11 8.37868e+11 6.14846e+11 4.04263e+11 2.55874e+11 1.64492e+11 1.09402e+11 7.6092e+10 5.57619e+10 4.24723e+10 3.41015e+10 2.79506e+10 2.3858e+10 2.09112e+10 1.86274e+10 1.73071e+10 1.63195e+10 1.52177e+10 1.5464e+10 1.45711e+10 0 0 0 0 0 0 0 0 0 0 0 0 0 0 0 0 0 0 0 0 0 0 0 0 0 0 0 0 0 0 0 0 
0 0 0 0 0 0 0 0 0 0 8.16286e+07 5.46324e+10 5.85293e+11 1.37916e+12 1.61511e+12 1.35375e+12 9.65308e+11 6.45762e+11 4.27213e+11 2.88298e+11 2.01153e+11 1.47311e+11 1.12063e+11 8.879e+10 7.29847e+10 6.17777e+10 5.40529e+10 4.8247e+10 4.45036e+10 4.08739e+10 3.95771e+10 3.83918e+10 3.80073e+10 0 0 0 0 0 0 0 0 0 0 0 0 0 0 0 0 0 0 0 0 0 0 0 0 0 0 0 0 0 0 0 0 
0 0 0 0 0 0 0 0 0 0 0 2.17232e+10 5.15257e+11 1.87147e+12 2.81613e+12 2.75487e+12 2.1746e+12 1.55151e+12 1.06578e+12 7.34932e+11 5.20343e+11 3.80473e+11 2.89653e+11 2.2886e+11 1.87755e+11 1.58299e+11 1.37247e+11 1.23078e+11 1.12286e+11 1.04037e+11 1.00655e+11 9.58588e+10 9.69356e+10 0 0 0 0 0 0 0 0 0 0 0 0 0 0 0 0 0 0 0 0 0 0 0 0 0 0 0 0 0 0 0 0 
0 0 0 0 0 0 0 0 0 0 0 5.78284e+09 3.60596e+11 2.17033e+12 4.38929e+12 5.1558e+12 4.58146e+12 3.5301e+12 2.55459e+12 1.8178e+12 1.31056e+12 9.66176e+11 7.3621e+11 5.81135e+11 4.74379e+11 3.99257e+11 3.46203e+11 3.08381e+11 2.80295e+11 2.62644e+11 2.48828e+11 2.41516e+11 2.39912e+11 0 0 0 0 0 0 0 0 0 0 0 0 0 0 0 0 0 0 0 0 0 0 0 0 0 0 0 0 0 0 0 0 
0 0 0 0 0 0 0 0 0 0 0 8.81458e+08 1.96632e+11 2.11958e+12 6.04406e+12 8.7805e+12 8.95858e+12 7.58374e+12 5.84704e+12 4.33409e+12 3.19943e+12 2.38751e+12 1.83062e+12 1.449e+12 1.18171e+12 9.96128e+11 8.62926e+11 7.63445e+11 6.93559e+11 6.49281e+11 6.14168e+11 5.99068e+11 5.88469e+11 0 0 0 0 0 0 0 0 0 0 0 0 0 0 0 0 0 0 0 0 0 0 0 0 0 0 0 0 0 0 0 0 
0 0 0 0 0 0 0 0 0 0 0 5.4232e+07 8.11922e+10 1.71168e+12 7.25536e+12 1.34918e+13 1.61689e+13 1.52611e+13 1.26586e+13 9.87326e+12 7.52397e+12 5.75772e+12 4.46345e+12 3.55032e+12 2.91008e+12 2.44745e+12 2.1136e+12 1.8719e+12 1.70226e+12 1.58326e+12 1.50463e+12 1.45889e+12 1.44422e+12 0 0 0 0 0 0 0 0 0 0 0 0 0 0 0 0 0 0 0 0 0 0 0 0 0 0 0 0 0 0 0 0 
0 0 0 0 0 0 0 0 0 0 0 0 2.41518e+10 1.12314e+12 7.51074e+12 1.85195e+13 2.66995e+13 2.85442e+13 2.58566e+13 2.14114e+13 1.70219e+13 1.33667e+13 1.05955e+13 8.52733e+12 7.00109e+12 5.9087e+12 5.10741e+12 4.52934e+12 4.11174e+12 3.81541e+12 3.63417e+12 3.52214e+12 3.49718e+12 0 0 0 0 0 0 0 0 0 0 0 0 0 0 0 0 0 0 0 0 0 0 0 0 0 0 0 0 0 0 0 0 
0 0 0 0 0 0 0 0 0 0 0 0 4.77522e+09 5.9094e+11 6.59201e+12 2.24875e+13 4.00218e+13 4.94269e+13 4.9533e+13 4.40096e+13 3.68028e+13 2.9958e+13 2.42734e+13 1.98351e+13 1.648e+13 1.39655e+13 1.212e+13 1.07623e+13 9.79343e+12 9.08453e+12 8.64743e+12 8.39671e+12 8.31148e+12 0 0 0 0 0 0 0 0 0 0 0 0 0 0 0 0 0 0 0 0 0 0 0 0 0 0 0 0 0 0 0 0 
0 0 0 0 0 0 0 0 0 0 0 0 5.19878e+08 2.42999e+11 4.85449e+12 2.39163e+13 5.41381e+13 7.8733e+13 8.84126e+13 8.54613e+13 7.57508e+13 6.43726e+13 5.36828e+13 4.47689e+13 3.77125e+13 3.23088e+13 2.81885e+13 2.51392e+13 2.29025e+13 2.12944e+13 2.02394e+13 1.96265e+13 1.94228e+13 0 0 0 0 0 0 0 0 0 0 0 0 0 0 0 0 0 0 0 0 0 0 0 0 0 0 0 0 0 0 0 0 
0 0 0 0 0 0 0 0 0 0 0 0 2.24588e+07 7.59939e+10 2.95988e+12 2.19851e+13 6.53945e+13 1.14432e+14 1.46372e+14 1.55326e+14 1.47521e+14 1.31833e+14 1.14127e+14 9.75167e+13 8.38575e+13 7.26674e+13 6.39527e+13 5.74103e+13 5.25581e+13 4.90021e+13 4.65614e+13 4.52102e+13 4.4761e+13 0 0 0 0 0 0 0 0 0 0 0 0 0 0 0 0 0 0 0 0 0 0 0 0 0 0 0 0 0 0 0 0 
0 0 0 0 0 0 0 0 0 0 0 0 0 1.69643e+10 1.47325e+12 1.7326e+13 6.98548e+13 1.50717e+14 2.23522e+14 2.6396e+14 2.71293e+14 2.56572e+14 2.3161e+14 2.04578e+14 1.79674e+14 1.58645e+14 1.4145e+14 1.27966e+14 1.17403e+14 1.1007e+14 1.04919e+14 1.02132e+14 1.01179e+14 0 0 0 0 0 0 0 0 0 0 0 0 0 0 0 0 0 0 0 0 0 0 0 0 0 0 0 0 0 0 0 0 
0 0 0 0 0 0 0 0 0 0 0 0 0 2.42689e+09 5.90252e+11 1.15749e+13 6.56246e+13 1.78673e+14 3.12503e+14 4.15945e+14 4.66644e+14 4.71462e+14 4.47806e+14 4.11479e+14 3.71034e+14 3.33951e+14 3.02311e+14 2.76329e+14 2.56251e+14 2.40647e+14 2.30545e+14 2.24478e+14 2.22492e+14 0 0 0 0 0 0 0 0 0 0 0 0 0 0 0 0 0 0 0 0 0 0 0 0 0 0 0 0 0 0 0 0 
0 0 0 0 0 0 0 0 0 0 0 0 0 1.80962e+08 1.85574e+11 6.49433e+12 5.35854e+13 1.89205e+14 3.97876e+14 6.0515e+14 7.50317e+14 8.17154e+14 8.21108e+14 7.86089e+14 7.3431e+14 6.76583e+14 6.23811e+14 5.78946e+14 5.40491e+14 5.12969e+14 4.93369e+14 4.81764e+14 4.77457e+14 0 0 0 0 0 0 0 0 0 0 0 0 0 0 0 0 0 0 0 0 0 0 0 0 0 0 0 0 0 0 0 0 
0 0 0 0 0 0 0 0 0 0 0 0 0 5.41428e+06 4.37384e+10 3.02678e+12 3.77416e+13 1.77821e+14 4.58657e+14 8.08943e+14 1.12142e+15 1.32621e+15 1.42115e+15 1.42869e+15 1.38413e+15 1.31408e+15 1.23812e+15 1.16501e+15 1.10542e+15 1.05716e+15 1.02114e+15 1.00057e+15 9.94384e+14 0 0 0 0 0 0 0 0 0 0 0 0 0 0 0 0 0 0 0 0 0 0 0 0 0 0 0 0 0 0 0 0 
0 0 0 0 0 0 0 0 0 0 0 0 0 0 7.10544e+09 1.15752e+12 2.27596e+13 1.47126e+14 4.75047e+14 9.89047e+14 1.54759e+15 2.0109e+15 2.31206e+15 2.45686e+15 2.48235e+15 2.43819e+15 2.35405e+15 2.2602e+15 2.17183e+15 2.0966e+15 2.04437e+15 2.01045e+15 1.99966e+15 0 0 0 0 0 0 0 0 0 0 0 0 0 0 0 0 0 0 0 0 0 0 0 0 0 0 0 0 0 0 0 0 
0 0 0 0 0 0 0 0 0 0 0 0 0 0 6.91615e+08 3.54921e+11 1.167e+13 1.06241e+14 4.39864e+14 1.09743e+15 1.96554e+15 2.83448e+15 3.52555e+15 3.98377e+15 4.21935e+15 4.29694e+15 4.27073e+15 4.19833e+15 4.09665e+15 4.00286e+15 3.93102e+15 3.8835e+15 3.86427e+15 0 0 0 0 0 0 0 0 0 0 0 0 0 0 0 0 0 0 0 0 0 0 0 0 0 0 0 0 0 0 0 0 
0 0 0 0 0 0 0 0 0 0 0 0 0 0 3.31267e+07 8.43949e+10 5.0437e+12 6.67388e+13 3.62242e+14 1.10152e+15 2.29037e+15 3.69133e+15 5.00876e+15 6.05765e+15 6.77106e+15 7.18277e+15 7.37502e+15 7.4116e+15 7.3795e+15 7.31971e+15 7.24648e+15 7.19506e+15 7.18028e+15 0 0 0 0 0 0 0 0 0 0 0 0 0 0 0 0 0 0 0 0 0 0 0 0 0 0 0 0 0 0 0 0 
0 0 0 0 0 0 0 0 0 0 0 0 0 0 740898 1.44351e+10 1.81097e+12 3.62046e+13 2.6323e+14 9.94191e+14 2.4291e+15 4.42718e+15 6.62271e+15 8.61732e+15 1.02151e+16 1.13476e+16 1.20768e+16 1.24853e+16 1.26814e+16 1.27692e+16 1.27722e+16 1.27663e+16 1.27543e+16 0 0 0 0 0 0 0 0 0 0 0 0 0 0 0 0 0 0 0 0 0 0 0 0 0 0 0 0 0 0 0 0 
0 0 0 0 0 0 0 0 0 0 0 0 0 0 0 1.58684e+09 5.3072e+11 1.68602e+13 1.67893e+14 8.01965e+14 2.34123e+15 4.88503e+15 8.09544e+15 1.14291e+16 1.44504e+16 1.68727e+16 1.86733e+16 1.99187e+16 2.07299e+16 2.11917e+16 2.14743e+16 2.16007e+16 2.16518e+16 0 0 0 0 0 0 0 0 0 0 0 0 0 0 0 0 0 0 0 0 0 0 0 0 0 0 0 0 0 0 0 0 
0 0 0 0 0 0 0 0 0 0 0 0 0 0 0 9.39954e+07 1.22483e+11 6.6768e+12 9.36778e+13 5.76036e+14 2.03462e+15 4.91781e+15 9.12463e+15 1.40908e+16 1.90638e+16 2.35532e+16 2.72152e+16 3.00234e+16 3.20283e+16 3.34103e+16 3.42791e+16 3.47494e+16 3.49206e+16 0 0 0 0 0 0 0 0 0 0 0 0 0 0 0 0 0 0 0 0 0 0 0 0 0 0 0 0 0 0 0 0 
0 0 0 0 0 0 0 0 0 0 0 0 0 0 0 2.95757e+06 2.09717e+10 2.22326e+12 4.54909e+13 3.66846e+14 1.59226e+15 4.50639e+15 9.45396e+15 1.60718e+16 2.34759e+16 3.07685e+16 3.72905e+16 4.26433e+16 4.68446e+16 4.98726e+16 5.18465e+16 5.30421e+16 5.34103e+16 0 0 0 0 0 0 0 0 0 0 0 0 0 0 0 0 0 0 0 0 0 0 0 0 0 0 0 0 0 0 0 0 
0 0 0 0 0 0 0 0 0 0 0 0 0 0 0 57290 2.3761e+09 6.10233e+11 1.90864e+13 2.06052e+14 1.11559e+15 3.74347e+15 8.97539e+15 1.68921e+16 2.67941e+16 3.74801e+16 4.77572e+16 5.69363e+16 6.44432e+16 7.01499e+16 7.41588e+16 7.64666e+16 7.72688e+16 0 0 0 0 0 0 0 0 0 0 0 0 0 0 0 0 0 0 0 0 0 0 0 0 0 0 0 0 0 0 0 0 
0 0 0 0 0 0 0 0 0 0 0 0 0 0 0 0 1.48614e+08 1.32848e+11 6.87355e+12 1.01738e+14 6.96846e+14 2.80762e+15 7.75618e+15 1.6353e+16 2.83203e+16 4.24263e+16 5.72204e+16 7.11388e+16 8.31902e+16 9.29262e+16 9.9897e+16 1.03994e+17 1.05378e+17 0 0 0 0 0 0 0 0 0 0 0 0 0 0 0 0 0 0 0 0 0 0 0 0 0 0 0 0 0 0 0 0 
0 0 0 0 0 0 0 0 0 0 0 0 0 0 0 0 5.34052e+06 2.16566e+10 2.09101e+12 4.39197e+13 3.87333e+14 1.89472e+15 6.09592e+15 1.44953e+16 2.76093e+16 4.46304e+16 6.37382e+16 8.30494e+16 1.00729e+17 1.1534e+17 1.26338e+17 1.33072e+17 1.35187e+17 0 0 0 0 0 0 0 0 0 0 0 0 0 0 0 0 0 0 0 0 0 0 0 0 0 0 0 0 0 0 0 0 
0 0 0 0 0 0 0 0 0 0 0 0 0 0 0 0 109154 2.36613e+09 5.2599e+11 1.65093e+13 1.90571e+14 1.14734e+15 4.34348e+15 1.17396e+16 2.47357e+16 4.33333e+16 6.60366e+16 9.03883e+16 1.1382e+17 1.3422e+17 1.49858e+17 1.5962e+17 1.62965e+17 0 0 0 0 0 0 0 0 0 0 0 0 0 0 0 0 0 0 0 0 0 0 0 0 0 0 0 0 0 0 0 0 
0 0 0 0 0 0 0 0 0 0 0 0 0 0 0 0 2149.34 1.40101e+08 1.04962e+11 5.33607e+12 8.29358e+13 6.20734e+14 2.79334e+15 8.64927e+15 2.03283e+16 3.88178e+16 6.3342e+16 9.14602e+16 1.20107e+17 1.45921e+17 1.66202e+17 1.79215e+17 1.83633e+17 0 0 0 0 0 0 0 0 0 0 0 0 0 0 0 0 0 0 0 0 0 0 0 0 0 0 0 0 0 0 0 0 
0 0 0 0 0 0 0 0 0 0 0 0 0 0 0 0 0 4.57528e+06 1.56339e+10 1.46003e+12 3.16452e+13 2.99888e+14 1.61885e+15 5.79658e+15 1.52753e+16 3.19916e+16 5.61296e+16 8.58086e+16 1.17645e+17 1.47682e+17 1.72008e+17 1.8784e+17 1.93389e+17 0 0 0 0 0 0 0 0 0 0 0 0 0 0 0 0 0 0 0 0 0 0 0 0 0 0 0 0 0 0 0 0 
0 0 0 0 0 0 0 0 0 0 0 0 0 0 0 0 0 91257.4 1.5221e+09 3.28543e+11 1.05414e+13 1.28911e+14 8.42503e+14 3.51422e+15 1.04775e+16 2.41729e+16 4.58175e+16 7.44624e+16 1.06917e+17 1.3887e+17 1.65703e+17 1.83501e+17 1.89942e+17 0 0 0 0 0 0 0 0 0 0 0 0 0 0 0 0 0 0 0 0 0 0 0 0 0 0 0 0 0 0 0 0 
0 0 0 0 0 0 0 0 0 0 0 0 0 0 0 0 0 0 7.49906e+07 5.83047e+10 3.01152e+12 4.89591e+13 3.93891e+14 1.929e+15 6.54211e+15 1.67312e+16 3.43916e+16 5.95884e+16 8.99945e+16 1.21227e+17 1.48424e+17 1.66932e+17 1.73226e+17 0 0 0 0 0 0 0 0 0 0 0 0 0 0 0 0 0 0 0 0 0 0 0 0 0 0 0 0 0 0 0 0 
0 0 0 0 0 0 0 0 0 0 0 0 0 0 0 0 0 0 1.84504e+06 7.48468e+09 7.25679e+11 1.63562e+13 1.64187e+14 9.55018e+14 3.70361e+15 1.05573e+16 2.36909e+16 4.39417e+16 6.98907e+16 9.79243e+16 1.23154e+17 1.40581e+17 1.46793e+17 0 0 0 0 0 0 0 0 0 0 0 0 0 0 0 0 0 0 0 0 0 0 0 0 0 0 0 0 0 0 0 0 
0 0 0 0 0 0 0 0 0 0 0 0 0 0 0 0 0 0 2694.07 5.98535e+08 1.41926e+11 4.74922e+12 6.10917e+13 4.25196e+14 1.9024e+15 6.08681e+15 1.49381e+16 2.97731e+16 5.0036e+16 7.30821e+16 9.44495e+16 1.09588e+17 1.15172e+17 0 0 0 0 0 0 0 0 0 0 0 0 0 0 0 0 0 0 0 0 0 0 0 0 0 0 0 0 0 0 0 0 
0 0 0 0 0 0 0 0 0 0 0 0 0 0 0 0 0 0 0 2.07439e+07 2.14461e+10 1.17878e+12 2.00872e+13 1.70195e+14 8.85054e+14 3.18335e+15 8.61114e+15 1.84831e+16 3.29708e+16 5.02662e+16 6.69513e+16 7.9067e+16 8.35245e+16 0 0 0 0 0 0 0 0 0 0 0 0 0 0 0 0 0 0 0 0 0 0 0 0 0 0 0 0 0 0 0 0 
0 0 0 0 0 0 0 0 0 0 0 0 0 0 0 0 0 0 0 116917 2.22508e+09 2.43284e+11 5.77628e+12 6.07866e+13 3.70998e+14 1.51586e+15 4.52596e+15 1.05307e+16 1.99385e+16 3.17836e+16 4.37092e+16 5.26412e+16 5.58614e+16 0 0 0 0 0 0 0 0 0 0 0 0 0 0 0 0 0 0 0 0 0 0 0 0 0 0 0 0 0 0 0 0 
0 0 0 0 0 0 0 0 0 0 0 0 0 0 0 0 0 0 0 0 1.28086e+08 4.0047e+10 1.43673e+12 1.93377e+13 1.40389e+14 6.54278e+14 2.16893e+15 5.47525e+15 1.10524e+16 1.84893e+16 2.62693e+16 3.223e+16 3.44867e+16 0 0 0 0 0 0 0 0 0 0 0 0 0 0 0 0 0 0 0 0 0 0 0 0 0 0 0 0 0 0 0 0 
0 0 0 0 0 0 0 0 0 0 0 0 0 0 0 0 0 0 0 0 1.67451e+06 4.84952e+09 3.00607e+11 5.41589e+12 4.76267e+13 2.55819e+14 9.45369e+14 2.60373e+15 5.62484e+15 9.8905e+15 1.45269e+16 1.81776e+16 1.95888e+16 0 0 0 0 0 0 0 0 0 0 0 0 0 0 0 0 0 0 0 0 0 0 0 0 0 0 0 0 0 0 0 0 
0 0 0 0 0 0 0 0 0 0 0 0 0 0 0 0 0 0 0 0 2992.55 3.67675e+08 5.14097e+10 1.31515e+12 1.4402e+13 9.00732e+13 3.74552e+14 1.12839e+15 2.60831e+15 4.82788e+15 7.37326e+15 9.40676e+15 1.01907e+16 0 0 0 0 0 0 0 0 0 0 0 0 0 0 0 0 0 0 0 0 0 0 0 0 0 0 0 0 0 0 0 0 
0 0 0 0 0 0 0 0 0 0 0 0 0 0 0 0 0 0 0 0 0 1.12238e+07 6.78337e+09 2.72763e+11 3.84443e+12 2.86113e+13 1.34706e+14 4.45467e+14 1.10858e+15 2.16307e+15 3.41692e+15 4.4715e+15 4.8857e+15 0 0 0 0 0 0 0 0 0 0 0 0 0 0 0 0 0 0 0 0 0 0 0 0 0 0 0 0 0 0 0 0 
0 0 0 0 0 0 0 0 0 0 0 0 0 0 0 0 0 0 0 0 0 79790.8 6.01522e+08 4.68191e+10 8.96402e+11 8.07962e+12 4.37235e+13 1.60097e+14 4.29642e+14 8.88016e+14 1.45813e+15 1.94903e+15 2.1437e+15 0 0 0 0 0 0 0 0 0 0 0 0 0 0 0 0 0 0 0 0 0 0 0 0 0 0 0 0 0 0 0 0 
0 0 0 0 0 0 0 0 0 0 0 0 0 0 0 0 0 0 0 0 0 0 2.6107e+07 6.36661e+09 1.7997e+11 2.02929e+12 1.27433e+13 5.22169e+13 1.5205e+14 3.32793e+14 5.69026e+14 7.79185e+14 8.63211e+14 0 0 0 0 0 0 0 0 0 0 0 0 0 0 0 0 0 0 0 0 0 0 0 0 0 0 0 0 0 0 0 0 
0 0 0 0 0 0 0 0 0 0 0 0 0 0 0 0 0 0 0 0 0 0 660319 6.15172e+08 3.03397e+10 4.48629e+11 3.346e+12 1.54197e+13 4.88881e+13 1.14053e+14 2.03775e+14 2.85408e+14 3.18394e+14 0 0 0 0 0 0 0 0 0 0 0 0 0 0 0 0 0 0 0 0 0 0 0 0 0 0 0 0 0 0 0 0 
0 0 0 0 0 0 0 0 0 0 0 0 0 0 0 0 0 0 0 0 0 0 1910.55 3.17934e+07 4.09054e+09 8.56004e+10 7.75941e+11 4.10131e+12 1.43311e+13 3.56485e+13 6.64915e+13 9.5647e+13 1.07922e+14 0 0 0 0 0 0 0 0 0 0 0 0 0 0 0 0 0 0 0 0 0 0 0 0 0 0 0 0 0 0 0 0 
0 0 0 0 0 0 0 0 0 0 0 0 0 0 0 0 0 0 0 0 0 0 0 1.15597e+06 4.12604e+08 1.37719e+10 1.59557e+11 9.76739e+11 3.78569e+12 1.0137e+13 1.98312e+13 2.93636e+13 3.34482e+13 0 0 0 0 0 0 0 0 0 0 0 0 0 0 0 0 0 0 0 0 0 0 0 0 0 0 0 0 0 0 0 0 
0 0 0 0 0 0 0 0 0 0 0 0 0 0 0 0 0 0 0 0 0 0 0 25213.1 2.21924e+07 1.80927e+09 2.8566e+10 2.07934e+11 9.06264e+11 2.6194e+12 5.4142e+12 8.2594e+12 9.46298e+12 0 0 0 0 0 0 0 0 0 0 0 0 0 0 0 0 0 0 0 0 0 0 0 0 0 0 0 0 0 0 0 0 
0 0 0 0 0 0 0 0 0 0 0 0 0 0 0 0 0 0 0 0 0 0 0 0 974591 1.84284e+08 4.35098e+09 3.93388e+10 1.95108e+11 6.1684e+11 1.34826e+12 2.11875e+12 2.45901e+12 0 0 0 0 0 0 0 0 0 0 0 0 0 0 0 0 0 0 0 0 0 0 0 0 0 0 0 0 0 0 0 0 
0 0 0 0 0 0 0 0 0 0 0 0 0 0 0 0 0 0 0 0 0 0 0 0 25286.5 9.19249e+06 5.36349e+08 6.55986e+09 3.77626e+10 1.32175e+11 3.05309e+11 4.9966e+11 5.82116e+11 0 0 0 0 0 0 0 0 0 0 0 0 0 0 0 0 0 0 0 0 0 0 0 0 0 0 0 0 0 0 0 0 
0 0 0 0 0 0 0 0 0 0 0 0 0 0 0 0 0 0 0 0 0 0 0 0 478.187 406590 5.51533e+07 9.26722e+08 6.48997e+09 2.54292e+10 6.35332e+10 1.06848e+11 1.26946e+11 0 0 0 0 0 0 0 0 0 0 0 0 0 0 0 0 0 0 0 0 0 0 0 0 0 0 0 0 0 0 0 0 
0 0 0 0 0 0 0 0 0 0 0 0 0 0 0 0 0 0 0 0 0 0 0 0 0 11410.4 2.14322e+06 1.05895e+08 9.89825e+08 4.45137e+09 1.19634e+10 2.10994e+10 2.53712e+10 0 0 0 0 0 0 0 0 0 0 0 0 0 0 0 0 0 0 0 0 0 0 0 0 0 0 0 0 0 0 0 0 
0 0 0 0 0 0 0 0 0 0 0 0 0 0 0 0 0 0 0 0 0 0 0 0 0 0 87837.6 1.08869e+07 1.31233e+08 6.82526e+08 2.06159e+09 3.79887e+09 4.6342e+09 0 0 0 0 0 0 0 0 0 0 0 0 0 0 0 0 0 0 0 0 0 0 0 0 0 0 0 0 0 0 0 0 
0 0 0 0 0 0 0 0 0 0 0 0 0 0 0 0 0 0 0 0 0 0 0 0 0 0 0 279627 1.25649e+07 9.67897e+07 3.18176e+08 6.22569e+08 7.81325e+08 0 0 0 0 0 0 0 0 0 0 0 0 0 0 0 0 0 0 0 0 0 0 0 0 0 0 0 0 0 0 0 0 
0 0 0 0 0 0 0 0 0 0 0 0 0 0 0 0 0 0 0 0 0 0 0 0 0 0 0 0 1.56807e+06 1.17072e+07 4.32481e+07 9.59531e+07 1.17741e+08 0 0 0 0 0 0 0 0 0 0 0 0 0 0 0 0 0 0 0 0 0 0 0 0 0 0 0 0 0 0 0 0 
0 0 0 0 0 0 0 0 0 0 0 0 0 0 0 0 0 0 0 0 0 0 0 0 0 0 0 0 776.15 838389 5.94777e+06 1.26069e+07 1.71424e+07 0 0 0 0 0 0 0 0 0 0 0 0 0 0 0 0 0 0 0 0 0 0 0 0 0 0 0 0 0 0 0 0 
0 0 0 0 0 0 0 0 0 0 0 0 0 0 0 0 0 0 0 0 0 0 0 0 0 0 0 0 0 174200 658624 1.499e+06 2.44395e+06 0 0 0 0 0 0 0 0 0 0 0 0 0 0 0 0 0 0 0 0 0 0 0 0 0 0 0 0 0 0 0 0 
0 0 0 0 0 0 0 0 0 0 0 0 0 0 0 0 0 0 0 0 0 0 0 0 0 0 0 0 0 0 18160.4 275441 187222 0 0 0 0 0 0 0 0 0 0 0 0 0 0 0 0 0 0 0 0 0 0 0 0 0 0 0 0 0 0 0 0 
0 0 0 0 0 0 0 0 0 0 0 0 0 0 0 0 0 0 0 0 0 0 0 0 0 0 0 0 0 0 19284.7 17447.3 44239.2 0 0 0 0 0 0 0 0 0 0 0 0 0 0 0 0 0 0 0 0 0 0 0 0 0 0 0 0 0 0 0 0 
0 0 0 0 0 0 0 0 0 0 0 0 0 0 0 0 0 0 0 0 0 0 0 0 0 0 0 0 0 0 0 0 7998.2 0 0 0 0 0 0 0 0 0 0 0 0 0 0 0 0 0 0 0 0 0 0 0 0 0 0 0 0 0 0 0 0 
0 0 0 0 0 0 0 0 0 0 0 0 0 0 0 0 0 0 0 0 0 0 0 0 0 0 0 0 0 0 0 1332.27 0 0 0 0 0 0 0 0 0 0 0 0 0 0 0 0 0 0 0 0 0 0 0 0 0 0 0 0 0 0 0 0 0 
0 0 0 0 0 0 0 0 0 0 0 0 0 0 0 0 0 0 0 0 0 0 0 0 0 0 0 0 0 0 0 0 0 0 0 0 0 0 0 0 0 0 0 0 0 0 0 0 0 0 0 0 0 0 0 0 0 0 0 0 0 0 0 0 0 
0 0 0 0 0 0 0 0 0 0 0 0 0 0 0 0 0 0 0 0 0 0 0 0 0 0 0 0 0 0 0 0 41.6335 0 0 0 0 0 0 0 0 0 0 0 0 0 0 0 0 0 0 0 0 0 0 0 0 0 0 0 0 0 0 0 0 
0 0 0 0 0 0 0 0 0 0 0 0 0 0 0 0 0 0 0 0 0 0 0 0 0 0 0 0 0 0 0 0 0 0 0 0 0 0 0 0 0 0 0 0 0 0 0 0 0 0 0 0 0 0 0 0 0 0 0 0 0 0 0 0 0 
0 0 0 0 0 0 0 0 0 0 0 0 0 0 0 0 0 0 0 0 0 0 0 0 0 0 0 0 0 0 0 0 0 0 0 0 0 0 0 0 0 0 0 0 0 0 0 0 0 0 0 0 0 0 0 0 0 0 0 0 0 0 0 0 0 
0 0 0 0 0 0 0 0 0 0 0 0 0 0 0 0 0 0 0 0 0 0 0 0 0 0 0 0 0 0 0 0 0 0 0 0 0 0 0 0 0 0 0 0 0 0 0 0 0 0 0 0 0 0 0 0 0 0 0 0 0 0 0 0 0 
0 0 0 0 0 0 0 0 0 0 0 0 0 0 0 0 0 0 0 0 0 0 0 0 0 0 0 0 0 0 0 0 0 0 0 0 0 0 0 0 0 0 0 0 0 0 0 0 0 0 0 0 0 0 0 0 0 0 0 0 0 0 0 0 0 
0 0 0 0 0 0 0 0 0 0 0 0 0 0 0 0 0 0 0 0 0 0 0 0 0 0 0 0 0 0 0 0 0 0 0 0 0 0 0 0 0 0 0 0 0 0 0 0 0 0 0 0 0 0 0 0 0 0 0 0 0 0 0 0 0 
0 0 0 0 0 0 0 0 0 0 0 0 0 0 0 0 0 0 0 0 0 0 0 0 0 0 0 0 0 0 0 0 0 0 0 0 0 0 0 0 0 0 0 0 0 0 0 0 0 0 0 0 0 0 0 0 0 0 0 0 0 0 0 0 0 
0 0 0 0 0 0 0 0 0 0 0 0 0 0 0 0 0 0 0 0 0 0 0 0 0 0 0 0 0 0 0 0 0 0 0 0 0 0 0 0 0 0 0 0 0 0 0 0 0 0 0 0 0 0 0 0 0 0 0 0 0 0 0 0 0 
0 0 0 0 0 0 0 0 0 0 0 0 0 0 0 0 0 0 0 0 0 0 0 0 0 0 0 0 0 0 0 0 0 0 0 0 0 0 0 0 0 0 0 0 0 0 0 0 0 0 0 0 0 0 0 0 0 0 0 0 0 0 0 0 0 
0 0 0 0 0 0 0 0 0 0 0 0 0 0 0 0 0 0 0 0 0 0 0 0 0 0 0 0 0 0 0 0 0 0 0 0 0 0 0 0 0 0 0 0 0 0 0 0 0 0 0 0 0 0 0 0 0 0 0 0 0 0 0 0 0 
0 0 0 0 0 0 0 0 0 0 0 0 0 0 0 0 0 0 0 0 0 0 0 0 0 0 0 0 0 0 0 0 0 0 0 0 0 0 0 0 0 0 0 0 0 0 0 0 0 0 0 0 0 0 0 0 0 0 0 0 0 0 0 0 0 
0 0 0 0 0 0 0 0 0 0 0 0 0 0 0 0 0 0 0 0 0 0 0 0 0 0 0 0 0 0 0 0 0 0 0 0 0 0 0 0 0 0 0 0 0 0 0 0 0 0 0 0 0 0 0 0 0 0 0 0 0 0 0 0 0 
0 0 0 0 0 0 0 0 0 0 0 0 0 0 0 0 0 0 0 0 0 0 0 0 0 0 0 0 0 0 0 0 0 0 0 0 0 0 0 0 0 0 0 0 0 0 0 0 0 0 0 0 0 0 0 0 0 0 0 0 0 0 0 0 0 
0 0 0 0 0 0 0 0 0 0 0 0 0 0 0 0 0 0 0 0 0 0 0 0 0 0 0 0 0 0 0 0 0 0 0 0 0 0 0 0 0 0 0 0 0 0 0 0 0 0 0 0 0 0 0 0 0 0 0 0 0 0 0 0 0 
0 0 0 0 0 0 0 0 0 0 0 0 0 0 0 0 0 0 0 0 0 0 0 0 0 0 0 0 0 0 0 0 0 0 0 0 0 0 0 0 0 0 0 0 0 0 0 0 0 0 0 0 0 0 0 0 0 0 0 0 0 0 0 0 0 
0 0 0 0 0 0 0 0 0 0 0 0 0 0 0 0 0 0 0 0 0 0 0 0 0 0 0 0 0 0 0 0 0 0 0 0 0 0 0 0 0 0 0 0 0 0 0 0 0 0 0 0 0 0 0 0 0 0 0 0 0 0 0 0 0 
0 0 0 0 0 0 0 0 0 0 0 0 0 0 0 0 0 0 0 0 0 0 0 0 0 0 0 0 0 0 0 0 0 0 0 0 0 0 0 0 0 0 0 0 0 0 0 0 0 0 0 0 0 0 0 0 0 0 0 0 0 0 0 0 0 
0 0 0 0 0 0 0 0 0 0 0 0 0 0 0 0 0 0 0 0 0 0 0 0 0 0 0 0 0 0 0 0 0 0 0 0 0 0 0 0 0 0 0 0 0 0 0 0 0 0 0 0 0 0 0 0 0 0 0 0 0 0 0 0 0 
0 0 0 0 0 0 0 0 0 0 0 0 0 0 0 0 0 0 0 0 0 0 0 0 0 0 0 0 0 0 0 0 0 0 0 0 0 0 0 0 0 0 0 0 0 0 0 0 0 0 0 0 0 0 0 0 0 0 0 0 0 0 0 0 0 
0 0 0 0 0 0 0 0 0 0 0 0 0 0 0 0 0 0 0 0 0 0 0 0 0 0 0 0 0 0 0 0 0 0 0 0 0 0 0 0 0 0 0 0 0 0 0 0 0 0 0 0 0 0 0 0 0 0 0 0 0 0 0 0 0 
0 0 0 0 0 0 0 0 0 0 0 0 0 0 0 0 0 0 0 0 0 0 0 0 0 0 0 0 0 0 0 0 0 0 0 0 0 0 0 0 0 0 0 0 0 0 0 0 0 0 0 0 0 0 0 0 0 0 0 0 0 0 0 0 0 
0 0 0 0 0 0 0 0 0 0 0 0 0 0 0 0 0 0 0 0 0 0 0 0 0 0 0 0 0 0 0 0 0 0 0 0 0 0 0 0 0 0 0 0 0 0 0 0 0 0 0 0 0 0 0 0 0 0 0 0 0 0 0 0 0 
0 0 0 0 0 0 0 0 0 0 0 0 0 0 0 0 0 0 0 0 0 0 0 0 0 0 0 0 0 0 0 0 0 0 0 0 0 0 0 0 0 0 0 0 0 0 0 0 0 0 0 0 0 0 0 0 0 0 0 0 0 0 0 0 0 
0 0 0 0 0 0 0 0 0 0 0 0 0 0 0 0 0 0 0 0 0 0 0 0 0 0 0 0 0 0 0 0 0 0 0 0 0 0 0 0 0 0 0 0 0 0 0 0 0 0 0 0 0 0 0 0 0 0 0 0 0 0 0 0 0 
0 0 0 0 0 0 0 0 0 0 0 0 0 0 0 0 0 0 0 0 0 0 0 0 0 0 0 0 0 0 0 0 0 0 0 0 0 0 0 0 0 0 0 0 0 0 0 0 0 0 0 0 0 0 0 0 0 0 0 0 0 0 0 0 0 
0 0 0 0 0 0 0 0 0 0 0 0 0 0 0 0 0 0 0 0 0 0 0 0 0 0 0 0 0 0 0 0 0 0 0 0 0 0 0 0 0 0 0 0 0 0 0 0 0 0 0 0 0 0 0 0 0 0 0 0 0 0 0 0 0 
0 0 0 0 0 0 0 0 0 0 0 0 0 0 0 0 0 0 0 0 0 0 0 0 0 0 0 0 0 0 0 0 0 0 0 0 0 0 0 0 0 0 0 0 0 0 0 0 0 0 0 0 0 0 0 0 0 0 0 0 0 0 0 0 0 
0 0 0 0 0 0 0 0 0 0 0 0 0 0 0 0 0 0 0 0 0 0 0 0 0 0 0 0 0 0 0 0 0 0 0 0 0 0 0 0 0 0 0 0 0 0 0 0 0 0 0 0 0 0 0 0 0 0 0 0 0 0 0 0 0 
0 0 0 0 0 0 0 0 0 0 0 0 0 0 0 0 0 0 0 0 0 0 0 0 0 0 0 0 0 0 0 0 0 0 0 0 0 0 0 0 0 0 0 0 0 0 0 0 0 0 0 0 0 0 0 0 0 0 0 0 0 0 0 0 0 
0 0 0 0 0 0 0 0 0 0 0 0 0 0 0 0 0 0 0 0 0 0 0 0 0 0 0 0 0 0 0 0 0 0 0 0 0 0 0 0 0 0 0 0 0 0 0 0 0 0 0 0 0 0 0 0 0 0 0 0 0 0 0 0 0 
0 0 0 0 0 0 0 0 0 0 0 0 0 0 0 0 0 0 0 0 0 0 0 0 0 0 0 0 0 0 0 0 0 0 0 0 0 0 0 0 0 0 0 0 0 0 0 0 0 0 0 0 0 0 0 0 0 0 0 0 0 0 0 0 0 
0 0 0 0 0 0 0 0 0 0 0 0 0 0 0 0 0 0 0 0 0 0 0 0 0 0 0 0 0 0 0 0 0 0 0 0 0 0 0 0 0 0 0 0 0 0 0 0 0 0 0 0 0 0 0 0 0 0 0 0 0 0 0 0 0 
0 0 0 0 0 0 0 0 0 0 0 0 0 0 0 0 0 0 0 0 0 0 0 0 0 0 0 0 0 0 0 0 0 0 0 0 0 0 0 0 0 0 0 0 0 0 0 0 0 0 0 0 0 0 0 0 0 0 0 0 0 0 0 0 0 
