1 0 0 0 0 0 0 0 0 0 0 0 0 0 0 0 0 0 0 0 0 0 0 0 0 0 0 0 0 0 0 0 0 0 0 0 0 0 0 0 0 0 0 0 0 0 0 0 0 0 0 0 0 0 0 0 0 0 0 0 0 0 0 0 1 
0 0 0 0 0 0 0 0 0 0 0 0 0 0 0 0 0 0 0 0 0 0 0 0 0 0 0 0 0 0 0 0 0 0 0 0 0 0 0 0 0 0 0 0 0 0 0 0 0 0 0 0 0 0 0 0 0 0 0 0 0 0 0 0 0 
0 0 0 0 0 0 0 0 0 0 0 0 0 0 0 0 0 0 0 0 0 0 0 0 0 0 0 0 0 0 0 0 0 0 0 0 0 0 0 0 0 0 0 0 0 0 0 0 0 0 0 0 0 0 0 0 0 0 0 0 0 0 0 0 0 
0 0 0 0 0 0 0 0 0 0 0 0 0 0 0 0 0 0 0 0 0 0 0 0 0 0 0 0 0 0 0 0 0 0 0 0 0 0 0 0 0 0 0 0 0 0 0 0 0 0 0 0 0 0 0 0 0 0 0 0 0 0 0 0 0 
0 64 0 0 0 0 0 0 0 0 0 0 0 0 0 0 0 0 0 0 0 0 0 0 0 0 0 0 0 0 0 0 0 0 0 0 0 0 0 0 0 0 0 0 0 0 0 0 0 0 0 0 0 0 0 0 0 0 0 0 0 0 0 0 0 
0 0 0 0 0 0 0 0 0 0 0 0 0 0 0 0 0 0 0 0 0 0 0 0 0 0 0 0 0 0 0 0 0 0 0 0 0 0 0 0 0 0 0 0 0 0 0 0 0 0 0 0 0 0 0 0 0 0 0 0 0 0 0 0 0 
0 0 0 0 0 0 0 0 0 0 0 0 0 0 0 0 0 0 0 0 0 0 0 0 0 0 0 0 0 0 0 0 0 0 0 0 0 0 0 0 0 0 0 0 0 0 0 0 0 0 0 0 0 0 0 0 0 0 0 0 0 0 0 0 0 
0 0 256 0 0 0 0 0 0 0 0 0 0 0 0 0 0 0 0 0 0 0 0 0 0 0 0 0 0 0 0 0 0 0 0 0 0 0 0 0 0 0 0 0 0 0 0 0 0 0 0 0 0 0 0 0 0 0 0 0 0 0 0 0 0 
0 0 1760 0 0 0 0 0 0 0 0 0 0 0 0 0 0 0 0 0 0 0 0 0 0 0 0 0 0 0 0 0 0 0 0 0 0 0 0 0 0 0 0 0 0 0 0 0 0 0 0 0 0 0 0 0 0 0 0 0 0 0 0 0 0 
0 0 0 128.215 0 0 0 0 0 0 0 0 0 0 0 0 0 0 0 0 0 0 0 0 0 0 0 0 0 0 0 0 0 0 0 0 0 0 0 0 0 0 0 0 0 0 0 0 0 0 0 0 0 0 0 0 0 0 0 0 0 0 0 0 0 
0 0 0 1407.92 0 0 0 0 0 0 0 0 0 0 0 0 0 0 0 0 0 0 0 0 0 0 0 0 0 0 0 0 0 0 0 0 0 0 0 0 0 0 0 0 0 0 0 0 0 0 0 0 0 0 0 0 0 0 0 0 0 0 0 0 0 
0 0 0 12671.5 192.451 0 0 0 0 0 0 0 0 0 0 0 0 0 0 0 0 0 0 0 0 0 0 0 0 0 0 0 0 0 0 0 0 0 0 0 0 0 0 0 0 0 0 0 0 0 0 0 0 0 0 0 0 0 0 0 0 0 0 0 0 
0 0 0 27456.4 1795.28 0 0 0 0 0 0 0 0 0 0 0 0 0 0 0 0 0 0 0 0 0 0 0 0 0 0 0 0 0 0 0 0 0 0 0 0 0 0 0 0 0 0 0 0 0 0 0 0 0 0 0 0 0 0 0 0 0 0 0 0 
0 0 0 0 14473.5 385.845 0 0 0 0 0 0 0 0 0 0 0 0 0 0 0 0 0 0 0 0 0 0 0 0 0 0 0 0 0 0 0 0 0 0 0 0 0 0 0 0 0 0 0 0 0 0 0 0 0 0 0 0 0 0 0 0 0 0 0 
0 0 0 0 84099 4039.61 0 0 0 0 0 0 0 0 0 0 0 0 0 0 0 0 0 0 0 0 0 0 0 0 0 0 0 0 0 0 0 0 0 0 0 0 0 0 0 0 0 0 0 0 0 0 0 0 0 0 0 0 0 0 0 0 0 0 0 
0 0 0 0 264334 26217.9 1402.39 0 0 0 0 0 0 0 0 0 0 0 0 0 0 0 0 0 0 0 0 0 0 0 0 0 0 0 0 0 0 0 0 0 0 0 0 0 0 0 0 0 0 0 0 0 0 0 0 0 0 0 0 0 0 0 0 0 0 
0 0 0 0 270482 147144 9432.19 447.711 47.861 0 0 0 0 0 0 0 4.04027 0 0 0 0 0 0 0 0 0 0 0 0 0 0 0 4.00117 0 0 0 0 0 0 0 0 0 0 0 0 0 0 0 0 0 0 0 0 0 0 0 0 0 0 0 0 0 0 0 0 
0 0 0 0 0 655944 66734.5 4247.75 0 0 0 0 0 0 0 0 0 0 0 0 0 0 0 0 0 0 0 0 0 0 0 0 0 0 0 0 0 0 0 0 0 0 0 0 0 0 0 0 0 0 0 0 0 0 0 0 0 0 0 0 0 0 0 0 0 
0 0 0 0 0 1.95005e+06 340455 32343.3 4021.25 448.254 0 0 0 0 0 64.6443 0 0 0 0 0 0 0 0 0 0 0 0 0 0 0 0 0 0 0 0 0 0 0 0 0 0 0 0 0 0 0 0 0 0 0 0 0 0 0 0 0 0 0 0 0 0 0 0 0 
0 0 0 0 0 3.06738e+06 1.46476e+06 192195 15701.6 4192.97 1286.07 387.282 194.256 129.376 193.844 0 0 129.082 0 0 0 0 0 0 0 0 0 0 0 0 0 128.037 0 0 0 0 0 0 0 0 0 0 0 0 0 0 0 0 0 0 0 0 0 0 0 0 0 0 0 0 0 0 0 0 0 
0 0 0 0 0 1.77335e+06 5.28172e+06 919432 125733 10055 3291.76 1746.15 822.187 580.773 290.988 0 0 64.229 0 0 0 0 0 0 0 0 0 0 0 0 0 0 0 0 0 0 0 0 0 0 0 0 0 0 0 0 0 0 0 0 0 0 0 0 0 0 0 0 0 0 0 0 0 0 0 
0 0 0 0 0 0 1.40409e+07 3.9218e+06 628242 101035 16609.5 3516.4 2198.33 1164.14 0 0 1935.19 0 384.982 0 0 0 0 0 0 0 0 0 0 0 449.498 0 0 0 0 0 0 0 0 0 0 0 0 0 0 0 0 0 0 0 0 0 0 0 0 0 0 0 0 0 0 0 0 0 0 
0 0 0 0 0 0 2.38297e+07 1.38826e+07 2.89582e+06 523388 105070 32159.4 11225 5018.26 3350.53 5415.84 1157.16 0 1736.07 257.315 0 0 0 0 0 0 0 0 0 257.232 1535.08 0 3971.6 0 0 0 0 0 0 0 0 0 0 0 0 0 0 0 0 0 0 0 0 0 0 0 0 0 0 0 0 0 0 0 0 
0 0 0 0 0 0 2.19775e+07 4.17443e+07 1.14486e+07 2.28337e+06 504989 134342 50167.9 24325.7 17914.1 12015.9 0 5392.6 2117.28 1161.8 387.929 0 0 0 0 0 0 0 384.319 1928.03 0 0 127.689 0 0 0 0 0 0 0 0 0 0 0 0 0 0 0 0 0 0 0 0 0 0 0 0 0 0 0 0 0 0 0 0 
0 0 0 0 0 0 7.96171e+06 9.79558e+07 4.0325e+07 9.92498e+06 2.09201e+06 563954 191173 92440.8 54262.9 14241.3 14234.8 25260.1 3614.01 9350.37 1654.56 767.305 0 0 96.6754 0 0 769.288 2606.36 8857.2 0 13459.4 0 0 0 0 0 0 0 0 0 0 0 0 0 0 0 0 0 0 0 0 0 0 0 0 0 0 0 0 0 0 0 0 0 
0 0 0 0 0 0 0 1.62719e+08 1.22207e+08 3.70106e+07 9.63319e+06 2.46127e+06 805616 333004 145017 83483 93629.8 43692.7 15962.1 23946.5 9275.07 3493.59 2592.87 903.298 0 900.218 2682.35 5759.6 13100.2 8803.34 7469.29 46995.7 0 0 0 0 0 0 0 0 0 0 0 0 0 0 0 0 0 0 0 0 0 0 0 0 0 0 0 0 0 0 0 0 0 
0 0 0 0 0 0 0 1.7262e+08 3.13677e+08 1.25066e+08 3.60572e+07 1.03344e+07 3.34598e+06 1.26401e+06 597529 391964 262947 65219.4 137887 50746.2 49653.1 14791.3 6577.24 7725.06 7943.73 7736.28 12769.8 23546.5 41758.4 10830.5 56531.3 3084.84 44480.2 0 0 0 0 0 0 0 0 0 0 0 0 0 0 0 0 0 0 0 0 0 0 0 0 0 0 0 0 0 0 0 0 
0 0 0 0 0 0 0 1.02428e+08 6.50865e+08 3.75202e+08 1.27495e+08 3.88315e+07 1.25665e+07 4.87478e+06 2.30469e+06 1.30795e+06 587519 444993 365037 148404 155286 89208.2 39701.9 16163.1 22331 40823.7 57363 83602.1 81248.7 74430.8 261961 24176.8 307411 0 0 0 0 0 0 0 0 0 0 0 0 0 0 0 0 0 0 0 0 0 0 0 0 0 0 0 0 0 0 0 0 
0 0 0 0 0 0 0 2.47971e+07 1.01543e+09 9.82855e+08 4.13862e+08 1.39773e+08 4.76112e+07 1.79529e+07 8.08039e+06 3.95835e+06 2.17768e+06 1.74921e+06 969048 706627 470971 325631 209899 165633 142818 146412 203835 272944 186039 377617 317048 262598 573786 0 0 0 0 0 0 0 0 0 0 0 0 0 0 0 0 0 0 0 0 0 0 0 0 0 0 0 0 0 0 0 0 
0 0 0 0 0 0 0 0 1.11001e+09 2.19613e+09 1.20571e+09 4.66973e+08 1.67578e+08 6.51562e+07 2.79038e+07 1.38255e+07 8.43634e+06 5.35512e+06 2.8351e+06 2.48175e+06 1.46567e+06 1.18938e+06 801154 634741 603827 640148 683320 619053 665719 1.28426e+06 373456 1.48975e+06 263082 0 0 0 0 0 0 0 0 0 0 0 0 0 0 0 0 0 0 0 0 0 0 0 0 0 0 0 0 0 0 0 0 
0 0 0 0 0 0 0 0 7.85844e+08 4.03797e+09 3.13597e+09 1.42707e+09 5.59696e+08 2.21603e+08 9.6415e+07 4.78318e+07 2.74178e+07 1.54662e+07 1.05734e+07 7.6914e+06 5.00679e+06 3.94126e+06 3.02753e+06 2.24379e+06 1.82565e+06 1.80443e+06 1.92777e+06 1.8266e+06 2.58433e+06 2.54821e+06 2.0147e+06 4.14941e+06 1.61777e+06 0 0 0 0 0 0 0 0 0 0 0 0 0 0 0 0 0 0 0 0 0 0 0 0 0 0 0 0 0 0 0 0 
0 0 0 0 0 0 0 0 3.1892e+08 5.80884e+09 7.16576e+09 4.02469e+09 1.75683e+09 7.3087e+08 3.22214e+08 1.58497e+08 8.49372e+07 4.99947e+07 3.54837e+07 2.26689e+07 1.70266e+07 1.23239e+07 9.78148e+06 7.72281e+06 6.75518e+06 6.17588e+06 5.56939e+06 5.95465e+06 7.64342e+06 4.79482e+06 8.40225e+06 5.74725e+06 7.90493e+06 0 0 0 0 0 0 0 0 0 0 0 0 0 0 0 0 0 0 0 0 0 0 0 0 0 0 0 0 0 0 0 0 
0 0 0 0 0 0 0 0 5.37686e+07 6.21053e+09 1.40557e+10 1.02474e+10 5.12523e+09 2.28475e+09 1.04e+09 5.03973e+08 2.69195e+08 1.64465e+08 1.05837e+08 6.94486e+07 5.2994e+07 3.82649e+07 3.04858e+07 2.51671e+07 2.11877e+07 1.83832e+07 1.72003e+07 1.87361e+07 1.72675e+07 1.57601e+07 2.36215e+07 1.24438e+07 2.58459e+07 0 0 0 0 0 0 0 0 0 0 0 0 0 0 0 0 0 0 0 0 0 0 0 0 0 0 0 0 0 0 0 0 
0 0 0 0 0 0 0 0 0 4.67976e+09 2.29967e+10 2.33755e+10 1.38305e+10 6.76062e+09 3.20341e+09 1.57619e+09 8.45624e+08 5.01449e+08 3.12225e+08 2.17328e+08 1.57536e+08 1.16853e+08 9.21936e+07 7.43697e+07 6.16269e+07 5.38256e+07 5.17571e+07 5.1185e+07 4.29104e+07 5.3869e+07 4.76445e+07 4.86348e+07 5.32882e+07 0 0 0 0 0 0 0 0 0 0 0 0 0 0 0 0 0 0 0 0 0 0 0 0 0 0 0 0 0 0 0 0 
0 0 0 0 0 0 0 0 0 2.32422e+09 3.02168e+10 4.68716e+10 3.42092e+10 1.88229e+10 9.41459e+09 4.79488e+09 2.57417e+09 1.49347e+09 9.33885e+08 6.50017e+08 4.51397e+08 3.46353e+08 2.66866e+08 2.18566e+08 1.8333e+08 1.62176e+08 1.49703e+08 1.33229e+08 1.27956e+08 1.44501e+08 1.08456e+08 1.5132e+08 1.06602e+08 0 0 0 0 0 0 0 0 0 0 0 0 0 0 0 0 0 0 0 0 0 0 0 0 0 0 0 0 0 0 0 0 
0 0 0 0 0 0 0 0 0 6.69745e+08 3.07409e+10 8.10926e+10 7.67452e+10 4.85982e+10 2.64114e+10 1.39499e+10 7.61191e+09 4.39703e+09 2.77887e+09 1.86181e+09 1.3112e+09 9.95184e+08 7.64206e+08 6.25816e+08 5.27996e+08 4.60104e+08 4.05127e+08 3.62462e+08 3.73607e+08 3.39082e+08 3.32236e+08 3.63604e+08 3.08896e+08 0 0 0 0 0 0 0 0 0 0 0 0 0 0 0 0 0 0 0 0 0 0 0 0 0 0 0 0 0 0 0 0 
0 0 0 0 0 0 0 0 0 8.04083e+07 2.3259e+10 1.18297e+11 1.53779e+11 1.1603e+11 6.98177e+10 3.8858e+10 2.17668e+10 1.27705e+10 7.95086e+09 5.2298e+09 3.7423e+09 2.7716e+09 2.16076e+09 1.73359e+09 1.4637e+09 1.25233e+09 1.10057e+09 1.0235e+09 9.85464e+08 8.59496e+08 9.50493e+08 8.27421e+08 9.28433e+08 0 0 0 0 0 0 0 0 0 0 0 0 0 0 0 0 0 0 0 0 0 0 0 0 0 0 0 0 0 0 0 0 
0 0 0 0 0 0 0 0 0 0 1.25597e+10 1.4138e+11 2.71615e+11 2.53249e+11 1.72438e+11 1.03353e+11 6.01182e+10 3.58869e+10 2.23564e+10 1.4723e+10 1.04109e+10 7.6422e+09 5.94448e+09 4.76734e+09 3.96227e+09 3.39998e+09 3.00181e+09 2.77503e+09 2.4898e+09 2.39462e+09 2.39576e+09 2.15357e+09 2.38626e+09 0 0 0 0 0 0 0 0 0 0 0 0 0 0 0 0 0 0 0 0 0 0 0 0 0 0 0 0 0 0 0 0 
0 0 0 0 0 0 0 0 0 0 4.52074e+09 1.34343e+11 4.16249e+11 5.00404e+11 3.96329e+11 2.59844e+11 1.5928e+11 9.74227e+10 6.12015e+10 4.07641e+10 2.83121e+10 2.08533e+10 1.60223e+10 1.28134e+10 1.06272e+10 9.06823e+09 8.04168e+09 7.21487e+09 6.50934e+09 6.4046e+09 5.88526e+09 5.98498e+09 5.74591e+09 0 0 0 0 0 0 0 0 0 0 0 0 0 0 0 0 0 0 0 0 0 0 0 0 0 0 0 0 0 0 0 0 
0 0 0 0 0 0 0 0 0 0 9.44796e+08 9.88146e+10 5.42008e+11 8.8488e+11 8.37732e+11 6.14721e+11 4.03139e+11 2.5533e+11 1.63971e+11 1.09427e+11 7.61104e+10 5.58968e+10 4.25814e+10 3.39989e+10 2.79385e+10 2.39478e+10 2.09627e+10 1.86096e+10 1.72789e+10 1.6281e+10 1.51755e+10 1.54803e+10 1.45642e+10 0 0 0 0 0 0 0 0 0 0 0 0 0 0 0 0 0 0 0 0 0 0 0 0 0 0 0 0 0 0 0 0 
0 0 0 0 0 0 0 0 0 0 8.16132e+07 5.46199e+10 5.85124e+11 1.37935e+12 1.61597e+12 1.35281e+12 9.63341e+11 6.44061e+11 4.26569e+11 2.87258e+11 2.01489e+11 1.46931e+11 1.11922e+11 8.86834e+10 7.30533e+10 6.18265e+10 5.38445e+10 4.80317e+10 4.44651e+10 4.10377e+10 3.95417e+10 3.83106e+10 3.8048e+10 0 0 0 0 0 0 0 0 0 0 0 0 0 0 0 0 0 0 0 0 0 0 0 0 0 0 0 0 0 0 0 0 
0 0 0 0 0 0 0 0 0 0 0 2.17243e+10 5.15054e+11 1.87144e+12 2.8159e+12 2.75707e+12 2.1733e+12 1.54692e+12 1.06509e+12 7.34995e+11 5.20137e+11 3.80539e+11 2.89308e+11 2.28987e+11 1.87563e+11 1.58495e+11 1.37257e+11 1.23023e+11 1.12154e+11 1.04184e+11 1.00313e+11 9.58294e+10 9.67215e+10 0 0 0 0 0 0 0 0 0 0 0 0 0 0 0 0 0 0 0 0 0 0 0 0 0 0 0 0 0 0 0 0 
0 0 0 0 0 0 0 0 0 0 0 5.78521e+09 3.60715e+11 2.17156e+12 4.39115e+12 5.15311e+12 4.5831e+12 3.52993e+12 2.55317e+12 1.81666e+12 1.30731e+12 9.64323e+11 7.36019e+11 5.81362e+11 4.74544e+11 3.99237e+11 3.45633e+11 3.08034e+11 2.80624e+11 2.62168e+11 2.48423e+11 2.41424e+11 2.39594e+11 0 0 0 0 0 0 0 0 0 0 0 0 0 0 0 0 0 0 0 0 0 0 0 0 0 0 0 0 0 0 0 0 
0 0 0 0 0 0 0 0 0 0 0 8.79602e+08 1.96539e+11 2.11795e+12 6.04188e+12 8.77414e+12 8.96439e+12 7.58069e+12 5.83823e+12 4.32228e+12 3.18371e+12 2.39043e+12 1.83387e+12 1.45256e+12 1.1827e+12 9.94265e+11 8.63397e+11 7.6485e+11 6.95685e+11 6.48631e+11 6.12789e+11 5.98603e+11 5.89131e+11 0 0 0 0 0 0 0 0 0 0 0 0 0 0 0 0 0 0 0 0 0 0 0 0 0 0 0 0 0 0 0 0 
0 0 0 0 0 0 0 0 0 0 0 5.42819e+07 8.11526e+10 1.71122e+12 7.26091e+12 1.34978e+13 1.61722e+13 1.5242e+13 1.2632e+13 9.85807e+12 7.51042e+12 5.74771e+12 4.46371e+12 3.55198e+12 2.90661e+12 2.44259e+12 2.11184e+12 1.87165e+12 1.70215e+12 1.58104e+12 1.50012e+12 1.45921e+12 1.44103e+12 0 0 0 0 0 0 0 0 0 0 0 0 0 0 0 0 0 0 0 0 0 0 0 0 0 0 0 0 0 0 0 0 
0 0 0 0 0 0 0 0 0 0 0 0 2.42085e+10 1.12414e+12 7.50678e+12 1.85341e+13 2.66748e+13 2.85479e+13 2.58755e+13 2.14265e+13 1.70385e+13 1.33367e+13 1.0556e+13 8.49882e+12 6.99324e+12 5.90268e+12 5.10718e+12 4.52594e+12 4.10893e+12 3.8177e+12 3.6294e+12 3.5202e+12 3.48918e+12 0 0 0 0 0 0 0 0 0 0 0 0 0 0 0 0 0 0 0 0 0 0 0 0 0 0 0 0 0 0 0 0 
0 0 0 0 0 0 0 0 0 0 0 0 4.76989e+09 5.90197e+11 6.58983e+12 2.24926e+13 4.00455e+13 4.94732e+13 4.95101e+13 4.40611e+13 3.68327e+13 2.99621e+13 2.42799e+13 1.98504e+13 1.64774e+13 1.39406e+13 1.21267e+13 1.07866e+13 9.79757e+12 9.08282e+12 8.63126e+12 8.37436e+12 8.27608e+12 0 0 0 0 0 0 0 0 0 0 0 0 0 0 0 0 0 0 0 0 0 0 0 0 0 0 0 0 0 0 0 0 
0 0 0 0 0 0 0 0 0 0 0 0 5.18616e+08 2.43272e+11 4.85527e+12 2.3899e+13 5.41529e+13 7.87138e+13 8.84935e+13 8.54317e+13 7.58166e+13 6.43801e+13 5.37317e+13 4.48057e+13 3.77427e+13 3.2326e+13 2.8237e+13 2.5146e+13 2.29545e+13 2.13038e+13 2.02296e+13 1.95841e+13 1.94177e+13 0 0 0 0 0 0 0 0 0 0 0 0 0 0 0 0 0 0 0 0 0 0 0 0 0 0 0 0 0 0 0 0 
0 0 0 0 0 0 0 0 0 0 0 0 2.24803e+07 7.60731e+10 2.95993e+12 2.19775e+13 6.54018e+13 1.1439e+14 1.46496e+14 1.55609e+14 1.47636e+14 1.3175e+14 1.14009e+14 9.76193e+13 8.38246e+13 7.27628e+13 6.41096e+13 5.74522e+13 5.24636e+13 4.88831e+13 4.66145e+13 4.5149e+13 4.47011e+13 0 0 0 0 0 0 0 0 0 0 0 0 0 0 0 0 0 0 0 0 0 0 0 0 0 0 0 0 0 0 0 0 
0 0 0 0 0 0 0 0 0 0 0 0 0 1.69794e+10 1.47397e+12 1.73342e+13 6.98331e+13 1.50858e+14 2.23257e+14 2.64095e+14 2.7125e+14 2.56789e+14 2.31977e+14 2.04709e+14 1.79726e+14 1.58623e+14 1.41052e+14 1.27664e+14 1.17474e+14 1.10131e+14 1.04746e+14 1.01967e+14 1.00944e+14 0 0 0 0 0 0 0 0 0 0 0 0 0 0 0 0 0 0 0 0 0 0 0 0 0 0 0 0 0 0 0 0 
0 0 0 0 0 0 0 0 0 0 0 0 0 2.42287e+09 5.89955e+11 1.1574e+13 6.56109e+13 1.78615e+14 3.12636e+14 4.15577e+14 4.67395e+14 4.7204e+14 4.47627e+14 4.10339e+14 3.70798e+14 3.34077e+14 3.02383e+14 2.76017e+14 2.55765e+14 2.41066e+14 2.30864e+14 2.24902e+14 2.22889e+14 0 0 0 0 0 0 0 0 0 0 0 0 0 0 0 0 0 0 0 0 0 0 0 0 0 0 0 0 0 0 0 0 
0 0 0 0 0 0 0 0 0 0 0 0 0 1.8065e+08 1.85705e+11 6.49339e+12 5.35754e+13 1.89213e+14 3.98016e+14 6.04755e+14 7.50635e+14 8.17363e+14 8.21605e+14 7.86826e+14 7.33957e+14 6.76961e+14 6.24006e+14 5.78079e+14 5.40938e+14 5.13088e+14 4.93627e+14 4.82415e+14 4.77334e+14 0 0 0 0 0 0 0 0 0 0 0 0 0 0 0 0 0 0 0 0 0 0 0 0 0 0 0 0 0 0 0 0 
0 0 0 0 0 0 0 0 0 0 0 0 0 5.42681e+06 4.37597e+10 3.02824e+12 3.77426e+13 1.77769e+14 4.58463e+14 8.09254e+14 1.11969e+15 1.32732e+15 1.42174e+15 1.43071e+15 1.38595e+15 1.31461e+15 1.24041e+15 1.16712e+15 1.106e+15 1.05749e+15 1.02059e+15 1.00037e+15 9.93301e+14 0 0 0 0 0 0 0 0 0 0 0 0 0 0 0 0 0 0 0 0 0 0 0 0 0 0 0 0 0 0 0 0 
0 0 0 0 0 0 0 0 0 0 0 0 0 0 7.12145e+09 1.15692e+12 2.27787e+13 1.4706e+14 4.74936e+14 9.88933e+14 1.5459e+15 2.00987e+15 2.31267e+15 2.45775e+15 2.48445e+15 2.44163e+15 2.35402e+15 2.26212e+15 2.17569e+15 2.09948e+15 2.04556e+15 2.00863e+15 1.99707e+15 0 0 0 0 0 0 0 0 0 0 0 0 0 0 0 0 0 0 0 0 0 0 0 0 0 0 0 0 0 0 0 0 
0 0 0 0 0 0 0 0 0 0 0 0 0 0 6.90487e+08 3.55815e+11 1.16717e+13 1.06261e+14 4.40046e+14 1.09787e+15 1.96853e+15 2.83174e+15 3.52313e+15 3.98255e+15 4.22253e+15 4.29646e+15 4.27294e+15 4.19299e+15 4.09495e+15 4.00063e+15 3.93033e+15 3.88093e+15 3.86457e+15 0 0 0 0 0 0 0 0 0 0 0 0 0 0 0 0 0 0 0 0 0 0 0 0 0 0 0 0 0 0 0 0 
0 0 0 0 0 0 0 0 0 0 0 0 0 0 3.31553e+07 8.42747e+10 5.03814e+12 6.6789e+13 3.62253e+14 1.10134e+15 2.28889e+15 3.6898e+15 5.01271e+15 6.05638e+15 6.76985e+15 7.18119e+15 7.37054e+15 7.42615e+15 7.38997e+15 7.31012e+15 7.24573e+15 7.20686e+15 7.19171e+15 0 0 0 0 0 0 0 0 0 0 0 0 0 0 0 0 0 0 0 0 0 0 0 0 0 0 0 0 0 0 0 0 
0 0 0 0 0 0 0 0 0 0 0 0 0 0 747180 1.44645e+10 1.81171e+12 3.62134e+13 2.63036e+14 9.93372e+14 2.42994e+15 4.43118e+15 6.61511e+15 8.61365e+15 1.02177e+16 1.13439e+16 1.20796e+16 1.24802e+16 1.26679e+16 1.27651e+16 1.2774e+16 1.27738e+16 1.27551e+16 0 0 0 0 0 0 0 0 0 0 0 0 0 0 0 0 0 0 0 0 0 0 0 0 0 0 0 0 0 0 0 0 
0 0 0 0 0 0 0 0 0 0 0 0 0 0 0 1.58677e+09 5.31484e+11 1.68493e+13 1.6805e+14 8.02564e+14 2.34013e+15 4.88457e+15 8.09595e+15 1.14314e+16 1.44334e+16 1.68832e+16 1.86747e+16 1.99149e+16 2.07361e+16 2.12347e+16 2.14761e+16 2.15936e+16 2.16497e+16 0 0 0 0 0 0 0 0 0 0 0 0 0 0 0 0 0 0 0 0 0 0 0 0 0 0 0 0 0 0 0 0 
0 0 0 0 0 0 0 0 0 0 0 0 0 0 0 9.37771e+07 1.22653e+11 6.67094e+12 9.36528e+13 5.76334e+14 2.03617e+15 4.91813e+15 9.12542e+15 1.40987e+16 1.90892e+16 2.35503e+16 2.72254e+16 3.00379e+16 3.20514e+16 3.34098e+16 3.42848e+16 3.47739e+16 3.49546e+16 0 0 0 0 0 0 0 0 0 0 0 0 0 0 0 0 0 0 0 0 0 0 0 0 0 0 0 0 0 0 0 0 
0 0 0 0 0 0 0 0 0 0 0 0 0 0 0 2.98128e+06 2.09197e+10 2.22659e+12 4.54827e+13 3.66602e+14 1.59196e+15 4.50471e+15 9.46468e+15 1.60609e+16 2.34593e+16 3.07423e+16 3.72505e+16 4.25896e+16 4.67931e+16 4.9821e+16 5.18962e+16 5.30352e+16 5.3442e+16 0 0 0 0 0 0 0 0 0 0 0 0 0 0 0 0 0 0 0 0 0 0 0 0 0 0 0 0 0 0 0 0 
0 0 0 0 0 0 0 0 0 0 0 0 0 0 0 57995.9 2.38051e+09 6.10776e+11 1.90999e+13 2.06118e+14 1.11512e+15 3.74482e+15 8.96743e+15 1.69053e+16 2.68014e+16 3.74743e+16 4.7778e+16 5.69171e+16 6.44133e+16 7.00934e+16 7.41233e+16 7.64797e+16 7.7184e+16 0 0 0 0 0 0 0 0 0 0 0 0 0 0 0 0 0 0 0 0 0 0 0 0 0 0 0 0 0 0 0 0 
0 0 0 0 0 0 0 0 0 0 0 0 0 0 0 0 1.48551e+08 1.33061e+11 6.86755e+12 1.01714e+14 6.97258e+14 2.80853e+15 7.75605e+15 1.63498e+16 2.83051e+16 4.24833e+16 5.7193e+16 7.11851e+16 8.32512e+16 9.29508e+16 9.98417e+16 1.04001e+17 1.05335e+17 0 0 0 0 0 0 0 0 0 0 0 0 0 0 0 0 0 0 0 0 0 0 0 0 0 0 0 0 0 0 0 0 
0 0 0 0 0 0 0 0 0 0 0 0 0 0 0 0 5.34622e+06 2.16271e+10 2.09299e+12 4.3936e+13 3.86934e+14 1.89362e+15 6.09672e+15 1.44885e+16 2.76134e+16 4.46111e+16 6.37776e+16 8.30992e+16 1.00691e+17 1.1543e+17 1.26326e+17 1.32906e+17 1.35341e+17 0 0 0 0 0 0 0 0 0 0 0 0 0 0 0 0 0 0 0 0 0 0 0 0 0 0 0 0 0 0 0 0 
0 0 0 0 0 0 0 0 0 0 0 0 0 0 0 0 110278 2.35877e+09 5.26955e+11 1.65029e+13 1.90736e+14 1.14651e+15 4.34204e+15 1.17334e+16 2.47346e+16 4.32892e+16 6.6042e+16 9.03508e+16 1.13871e+17 1.34255e+17 1.49792e+17 1.59658e+17 1.62667e+17 0 0 0 0 0 0 0 0 0 0 0 0 0 0 0 0 0 0 0 0 0 0 0 0 0 0 0 0 0 0 0 0 
0 0 0 0 0 0 0 0 0 0 0 0 0 0 0 0 2153.66 1.40496e+08 1.05492e+11 5.33305e+12 8.29332e+13 6.2118e+14 2.79366e+15 8.65382e+15 2.03313e+16 3.88634e+16 6.33797e+16 9.14427e+16 1.20044e+17 1.45815e+17 1.66342e+17 1.79181e+17 1.83832e+17 0 0 0 0 0 0 0 0 0 0 0 0 0 0 0 0 0 0 0 0 0 0 0 0 0 0 0 0 0 0 0 0 
0 0 0 0 0 0 0 0 0 0 0 0 0 0 0 0 0 4.57646e+06 1.5565e+10 1.46194e+12 3.16496e+13 3.00214e+14 1.61821e+15 5.79623e+15 1.52773e+16 3.19895e+16 5.60681e+16 8.58726e+16 1.17734e+17 1.47663e+17 1.71904e+17 1.88021e+17 1.93421e+17 0 0 0 0 0 0 0 0 0 0 0 0 0 0 0 0 0 0 0 0 0 0 0 0 0 0 0 0 0 0 0 0 
0 0 0 0 0 0 0 0 0 0 0 0 0 0 0 0 0 92224.7 1.5223e+09 3.29415e+11 1.05299e+13 1.28902e+14 8.43652e+14 3.51361e+15 1.04711e+16 2.41649e+16 4.58349e+16 7.44205e+16 1.06934e+17 1.38991e+17 1.65896e+17 1.83585e+17 1.89921e+17 0 0 0 0 0 0 0 0 0 0 0 0 0 0 0 0 0 0 0 0 0 0 0 0 0 0 0 0 0 0 0 0 
0 0 0 0 0 0 0 0 0 0 0 0 0 0 0 0 0 0 7.56239e+07 5.84756e+10 3.00809e+12 4.89839e+13 3.93865e+14 1.93171e+15 6.54376e+15 1.67149e+16 3.43761e+16 5.95977e+16 8.99291e+16 1.21233e+17 1.48424e+17 1.66804e+17 1.73306e+17 0 0 0 0 0 0 0 0 0 0 0 0 0 0 0 0 0 0 0 0 0 0 0 0 0 0 0 0 0 0 0 0 
0 0 0 0 0 0 0 0 0 0 0 0 0 0 0 0 0 0 1.86781e+06 7.48941e+09 7.26182e+11 1.63642e+13 1.64403e+14 9.55492e+14 3.70566e+15 1.05704e+16 2.36968e+16 4.39183e+16 6.98754e+16 9.7857e+16 1.23002e+17 1.40549e+17 1.46661e+17 0 0 0 0 0 0 0 0 0 0 0 0 0 0 0 0 0 0 0 0 0 0 0 0 0 0 0 0 0 0 0 0 
0 0 0 0 0 0 0 0 0 0 0 0 0 0 0 0 0 0 2599.39 5.98394e+08 1.42549e+11 4.74986e+12 6.10108e+13 4.25298e+14 1.9051e+15 6.08231e+15 1.49338e+16 2.97575e+16 5.00407e+16 7.30354e+16 9.44788e+16 1.09539e+17 1.15161e+17 0 0 0 0 0 0 0 0 0 0 0 0 0 0 0 0 0 0 0 0 0 0 0 0 0 0 0 0 0 0 0 0 
0 0 0 0 0 0 0 0 0 0 0 0 0 0 0 0 0 0 0 2.1078e+07 2.14893e+10 1.17662e+12 2.01024e+13 1.70349e+14 8.84475e+14 3.18603e+15 8.6116e+15 1.85015e+16 3.29794e+16 5.02829e+16 6.68958e+16 7.91574e+16 8.35471e+16 0 0 0 0 0 0 0 0 0 0 0 0 0 0 0 0 0 0 0 0 0 0 0 0 0 0 0 0 0 0 0 0 
0 0 0 0 0 0 0 0 0 0 0 0 0 0 0 0 0 0 0 115824 2.2347e+09 2.43479e+11 5.7907e+12 6.09024e+13 3.71804e+14 1.51692e+15 4.52952e+15 1.05346e+16 1.99382e+16 3.18165e+16 4.37548e+16 5.25844e+16 5.58961e+16 0 0 0 0 0 0 0 0 0 0 0 0 0 0 0 0 0 0 0 0 0 0 0 0 0 0 0 0 0 0 0 0 
0 0 0 0 0 0 0 0 0 0 0 0 0 0 0 0 0 0 0 0 1.27949e+08 4.01532e+10 1.43484e+12 1.93438e+13 1.40545e+14 6.54531e+14 2.17155e+15 5.47259e+15 1.10582e+16 1.84912e+16 2.63074e+16 3.22526e+16 3.45242e+16 0 0 0 0 0 0 0 0 0 0 0 0 0 0 0 0 0 0 0 0 0 0 0 0 0 0 0 0 0 0 0 0 
0 0 0 0 0 0 0 0 0 0 0 0 0 0 0 0 0 0 0 0 1.68434e+06 4.85113e+09 3.00786e+11 5.41886e+12 4.76472e+13 2.55877e+14 9.46094e+14 2.60457e+15 5.6186e+15 9.8739e+15 1.4507e+16 1.81797e+16 1.95336e+16 0 0 0 0 0 0 0 0 0 0 0 0 0 0 0 0 0 0 0 0 0 0 0 0 0 0 0 0 0 0 0 0 
0 0 0 0 0 0 0 0 0 0 0 0 0 0 0 0 0 0 0 0 3298.47 3.67982e+08 5.15236e+10 1.31405e+12 1.43938e+13 9.04147e+13 3.74819e+14 1.12925e+15 2.61088e+15 4.82782e+15 7.363e+15 9.41202e+15 1.02035e+16 0 0 0 0 0 0 0 0 0 0 0 0 0 0 0 0 0 0 0 0 0 0 0 0 0 0 0 0 0 0 0 0 
0 0 0 0 0 0 0 0 0 0 0 0 0 0 0 0 0 0 0 0 0 1.13554e+07 6.75087e+09 2.72328e+11 3.85058e+12 2.85747e+13 1.34749e+14 4.46272e+14 1.10981e+15 2.1678e+15 3.42203e+15 4.47125e+15 4.88257e+15 0 0 0 0 0 0 0 0 0 0 0 0 0 0 0 0 0 0 0 0 0 0 0 0 0 0 0 0 0 0 0 0 
0 0 0 0 0 0 0 0 0 0 0 0 0 0 0 0 0 0 0 0 0 80969.9 6.04289e+08 4.67611e+10 8.97482e+11 8.10376e+12 4.377e+13 1.60238e+14 4.30644e+14 8.8922e+14 1.45932e+15 1.94719e+15 2.14508e+15 0 0 0 0 0 0 0 0 0 0 0 0 0 0 0 0 0 0 0 0 0 0 0 0 0 0 0 0 0 0 0 0 
0 0 0 0 0 0 0 0 0 0 0 0 0 0 0 0 0 0 0 0 0 0 2.63902e+07 6.36608e+09 1.7936e+11 2.03316e+12 1.27845e+13 5.22423e+13 1.5207e+14 3.33234e+14 5.69926e+14 7.792e+14 8.64378e+14 0 0 0 0 0 0 0 0 0 0 0 0 0 0 0 0 0 0 0 0 0 0 0 0 0 0 0 0 0 0 0 0 
0 0 0 0 0 0 0 0 0 0 0 0 0 0 0 0 0 0 0 0 0 0 673111 6.16486e+08 3.02546e+10 4.47787e+11 3.34098e+12 1.54034e+13 4.8879e+13 1.14102e+14 2.0365e+14 2.8549e+14 3.19049e+14 0 0 0 0 0 0 0 0 0 0 0 0 0 0 0 0 0 0 0 0 0 0 0 0 0 0 0 0 0 0 0 0 
0 0 0 0 0 0 0 0 0 0 0 0 0 0 0 0 0 0 0 0 0 0 1938.5 3.17815e+07 4.10225e+09 8.54456e+10 7.77678e+11 4.10377e+12 1.42932e+13 3.55974e+13 6.6513e+13 9.59458e+13 1.07822e+14 0 0 0 0 0 0 0 0 0 0 0 0 0 0 0 0 0 0 0 0 0 0 0 0 0 0 0 0 0 0 0 0 
0 0 0 0 0 0 0 0 0 0 0 0 0 0 0 0 0 0 0 0 0 0 0 1.17393e+06 4.13417e+08 1.38098e+10 1.59665e+11 9.76671e+11 3.78299e+12 1.01511e+13 1.99103e+13 2.93591e+13 3.34355e+13 0 0 0 0 0 0 0 0 0 0 0 0 0 0 0 0 0 0 0 0 0 0 0 0 0 0 0 0 0 0 0 0 
0 0 0 0 0 0 0 0 0 0 0 0 0 0 0 0 0 0 0 0 0 0 0 25665.2 2.22726e+07 1.80704e+09 2.85059e+10 2.08476e+11 9.08791e+11 2.6282e+12 5.40349e+12 8.27254e+12 9.48686e+12 0 0 0 0 0 0 0 0 0 0 0 0 0 0 0 0 0 0 0 0 0 0 0 0 0 0 0 0 0 0 0 0 
0 0 0 0 0 0 0 0 0 0 0 0 0 0 0 0 0 0 0 0 0 0 0 0 981975 1.85576e+08 4.36838e+09 3.94245e+10 1.95878e+11 6.18346e+11 1.34702e+12 2.1206e+12 2.45506e+12 0 0 0 0 0 0 0 0 0 0 0 0 0 0 0 0 0 0 0 0 0 0 0 0 0 0 0 0 0 0 0 0 
0 0 0 0 0 0 0 0 0 0 0 0 0 0 0 0 0 0 0 0 0 0 0 0 25390.2 9.20444e+06 5.37234e+08 6.51233e+09 3.77666e+10 1.31861e+11 3.05856e+11 4.97508e+11 5.83279e+11 0 0 0 0 0 0 0 0 0 0 0 0 0 0 0 0 0 0 0 0 0 0 0 0 0 0 0 0 0 0 0 0 
0 0 0 0 0 0 0 0 0 0 0 0 0 0 0 0 0 0 0 0 0 0 0 0 487.287 403475 5.49093e+07 9.3366e+08 6.52323e+09 2.54954e+10 6.33225e+10 1.07318e+11 1.27398e+11 0 0 0 0 0 0 0 0 0 0 0 0 0 0 0 0 0 0 0 0 0 0 0 0 0 0 0 0 0 0 0 0 
0 0 0 0 0 0 0 0 0 0 0 0 0 0 0 0 0 0 0 0 0 0 0 0 0 11412.9 2.16426e+06 1.05446e+08 9.9052e+08 4.47408e+09 1.19225e+10 2.11691e+10 2.53882e+10 0 0 0 0 0 0 0 0 0 0 0 0 0 0 0 0 0 0 0 0 0 0 0 0 0 0 0 0 0 0 0 0 
0 0 0 0 0 0 0 0 0 0 0 0 0 0 0 0 0 0 0 0 0 0 0 0 0 0 85553.9 1.07513e+07 1.31628e+08 6.8395e+08 2.0592e+09 3.79361e+09 4.66205e+09 0 0 0 0 0 0 0 0 0 0 0 0 0 0 0 0 0 0 0 0 0 0 0 0 0 0 0 0 0 0 0 0 
0 0 0 0 0 0 0 0 0 0 0 0 0 0 0 0 0 0 0 0 0 0 0 0 0 0 0 281554 1.26028e+07 9.6751e+07 3.20792e+08 6.26611e+08 7.82746e+08 0 0 0 0 0 0 0 0 0 0 0 0 0 0 0 0 0 0 0 0 0 0 0 0 0 0 0 0 0 0 0 0 
0 0 0 0 0 0 0 0 0 0 0 0 0 0 0 0 0 0 0 0 0 0 0 0 0 0 0 0 1.55822e+06 1.17947e+07 4.33848e+07 9.60006e+07 1.18706e+08 0 0 0 0 0 0 0 0 0 0 0 0 0 0 0 0 0 0 0 0 0 0 0 0 0 0 0 0 0 0 0 0 
0 0 0 0 0 0 0 0 0 0 0 0 0 0 0 0 0 0 0 0 0 0 0 0 0 0 0 0 735.273 846397 5.94983e+06 1.26747e+07 1.71817e+07 0 0 0 0 0 0 0 0 0 0 0 0 0 0 0 0 0 0 0 0 0 0 0 0 0 0 0 0 0 0 0 0 
0 0 0 0 0 0 0 0 0 0 0 0 0 0 0 0 0 0 0 0 0 0 0 0 0 0 0 0 0 173132 655743 1.4978e+06 2.44488e+06 0 0 0 0 0 0 0 0 0 0 0 0 0 0 0 0 0 0 0 0 0 0 0 0 0 0 0 0 0 0 0 0 
0 0 0 0 0 0 0 0 0 0 0 0 0 0 0 0 0 0 0 0 0 0 0 0 0 0 0 0 0 0 18342.6 272871 185748 0 0 0 0 0 0 0 0 0 0 0 0 0 0 0 0 0 0 0 0 0 0 0 0 0 0 0 0 0 0 0 0 
0 0 0 0 0 0 0 0 0 0 0 0 0 0 0 0 0 0 0 0 0 0 0 0 0 0 0 0 0 0 19367.7 17351.4 43888.7 0 0 0 0 0 0 0 0 0 0 0 0 0 0 0 0 0 0 0 0 0 0 0 0 0 0 0 0 0 0 0 0 
0 0 0 0 0 0 0 0 0 0 0 0 0 0 0 0 0 0 0 0 0 0 0 0 0 0 0 0 0 0 0 0 7923.3 0 0 0 0 0 0 0 0 0 0 0 0 0 0 0 0 0 0 0 0 0 0 0 0 0 0 0 0 0 0 0 0 
0 0 0 0 0 0 0 0 0 0 0 0 0 0 0 0 0 0 0 0 0 0 0 0 0 0 0 0 0 0 0 1335.73 0 0 0 0 0 0 0 0 0 0 0 0 0 0 0 0 0 0 0 0 0 0 0 0 0 0 0 0 0 0 0 0 0 
0 0 0 0 0 0 0 0 0 0 0 0 0 0 0 0 0 0 0 0 0 0 0 0 0 0 0 0 0 0 0 0 0 0 0 0 0 0 0 0 0 0 0 0 0 0 0 0 0 0 0 0 0 0 0 0 0 0 0 0 0 0 0 0 0 
0 0 0 0 0 0 0 0 0 0 0 0 0 0 0 0 0 0 0 0 0 0 0 0 0 0 0 0 0 0 0 0 41.7415 0 0 0 0 0 0 0 0 0 0 0 0 0 0 0 0 0 0 0 0 0 0 0 0 0 0 0 0 0 0 0 0 
0 0 0 0 0 0 0 0 0 0 0 0 0 0 0 0 0 0 0 0 0 0 0 0 0 0 0 0 0 0 0 0 0 0 0 0 0 0 0 0 0 0 0 0 0 0 0 0 0 0 0 0 0 0 0 0 0 0 0 0 0 0 0 0 0 
0 0 0 0 0 0 0 0 0 0 0 0 0 0 0 0 0 0 0 0 0 0 0 0 0 0 0 0 0 0 0 0 0 0 0 0 0 0 0 0 0 0 0 0 0 0 0 0 0 0 0 0 0 0 0 0 0 0 0 0 0 0 0 0 0 
0 0 0 0 0 0 0 0 0 0 0 0 0 0 0 0 0 0 0 0 0 0 0 0 0 0 0 0 0 0 0 0 0 0 0 0 0 0 0 0 0 0 0 0 0 0 0 0 0 0 0 0 0 0 0 0 0 0 0 0 0 0 0 0 0 
0 0 0 0 0 0 0 0 0 0 0 0 0 0 0 0 0 0 0 0 0 0 0 0 0 0 0 0 0 0 0 0 0 0 0 0 0 0 0 0 0 0 0 0 0 0 0 0 0 0 0 0 0 0 0 0 0 0 0 0 0 0 0 0 0 
0 0 0 0 0 0 0 0 0 0 0 0 0 0 0 0 0 0 0 0 0 0 0 0 0 0 0 0 0 0 0 0 0 0 0 0 0 0 0 0 0 0 0 0 0 0 0 0 0 0 0 0 0 0 0 0 0 0 0 0 0 0 0 0 0 
0 0 0 0 0 0 0 0 0 0 0 0 0 0 0 0 0 0 0 0 0 0 0 0 0 0 0 0 0 0 0 0 0 0 0 0 0 0 0 0 0 0 0 0 0 0 0 0 0 0 0 0 0 0 0 0 0 0 0 0 0 0 0 0 0 
0 0 0 0 0 0 0 0 0 0 0 0 0 0 0 0 0 0 0 0 0 0 0 0 0 0 0 0 0 0 0 0 0 0 0 0 0 0 0 0 0 0 0 0 0 0 0 0 0 0 0 0 0 0 0 0 0 0 0 0 0 0 0 0 0 
0 0 0 0 0 0 0 0 0 0 0 0 0 0 0 0 0 0 0 0 0 0 0 0 0 0 0 0 0 0 0 0 0 0 0 0 0 0 0 0 0 0 0 0 0 0 0 0 0 0 0 0 0 0 0 0 0 0 0 0 0 0 0 0 0 
0 0 0 0 0 0 0 0 0 0 0 0 0 0 0 0 0 0 0 0 0 0 0 0 0 0 0 0 0 0 0 0 0 0 0 0 0 0 0 0 0 0 0 0 0 0 0 0 0 0 0 0 0 0 0 0 0 0 0 0 0 0 0 0 0 
0 0 0 0 0 0 0 0 0 0 0 0 0 0 0 0 0 0 0 0 0 0 0 0 0 0 0 0 0 0 0 0 0 0 0 0 0 0 0 0 0 0 0 0 0 0 0 0 0 0 0 0 0 0 0 0 0 0 0 0 0 0 0 0 0 
0 0 0 0 0 0 0 0 0 0 0 0 0 0 0 0 0 0 0 0 0 0 0 0 0 0 0 0 0 0 0 0 0 0 0 0 0 0 0 0 0 0 0 0 0 0 0 0 0 0 0 0 0 0 0 0 0 0 0 0 0 0 0 0 0 
0 0 0 0 0 0 0 0 0 0 0 0 0 0 0 0 0 0 0 0 0 0 0 0 0 0 0 0 0 0 0 0 0 0 0 0 0 0 0 0 0 0 0 0 0 0 0 0 0 0 0 0 0 0 0 0 0 0 0 0 0 0 0 0 0 
0 0 0 0 0 0 0 0 0 0 0 0 0 0 0 0 0 0 0 0 0 0 0 0 0 0 0 0 0 0 0 0 0 0 0 0 0 0 0 0 0 0 0 0 0 0 0 0 0 0 0 0 0 0 0 0 0 0 0 0 0 0 0 0 0 
0 0 0 0 0 0 0 0 0 0 0 0 0 0 0 0 0 0 0 0 0 0 0 0 0 0 0 0 0 0 0 0 0 0 0 0 0 0 0 0 0 0 0 0 0 0 0 0 0 0 0 0 0 0 0 0 0 0 0 0 0 0 0 0 0 
0 0 0 0 0 0 0 0 0 0 0 0 0 0 0 0 0 0 0 0 0 0 0 0 0 0 0 0 0 0 0 0 0 0 0 0 0 0 0 0 0 0 0 0 0 0 0 0 0 0 0 0 0 0 0 0 0 0 0 0 0 0 0 0 0 
0 0 0 0 0 0 0 0 0 0 0 0 0 0 0 0 0 0 0 0 0 0 0 0 0 0 0 0 0 0 0 0 0 0 0 0 0 0 0 0 0 0 0 0 0 0 0 0 0 0 0 0 0 0 0 0 0 0 0 0 0 0 0 0 0 
0 0 0 0 0 0 0 0 0 0 0 0 0 0 0 0 0 0 0 0 0 0 0 0 0 0 0 0 0 0 0 0 0 0 0 0 0 0 0 0 0 0 0 0 0 0 0 0 0 0 0 0 0 0 0 0 0 0 0 0 0 0 0 0 0 
0 0 0 0 0 0 0 0 0 0 0 0 0 0 0 0 0 0 0 0 0 0 0 0 0 0 0 0 0 0 0 0 0 0 0 0 0 0 0 0 0 0 0 0 0 0 0 0 0 0 0 0 0 0 0 0 0 0 0 0 0 0 0 0 0 
0 0 0 0 0 0 0 0 0 0 0 0 0 0 0 0 0 0 0 0 0 0 0 0 0 0 0 0 0 0 0 0 0 0 0 0 0 0 0 0 0 0 0 0 0 0 0 0 0 0 0 0 0 0 0 0 0 0 0 0 0 0 0 0 0 
0 0 0 0 0 0 0 0 0 0 0 0 0 0 0 0 0 0 0 0 0 0 0 0 0 0 0 0 0 0 0 0 0 0 0 0 0 0 0 0 0 0 0 0 0 0 0 0 0 0 0 0 0 0 0 0 0 0 0 0 0 0 0 0 0 
0 0 0 0 0 0 0 0 0 0 0 0 0 0 0 0 0 0 0 0 0 0 0 0 0 0 0 0 0 0 0 0 0 0 0 0 0 0 0 0 0 0 0 0 0 0 0 0 0 0 0 0 0 0 0 0 0 0 0 0 0 0 0 0 0 
0 0 0 0 0 0 0 0 0 0 0 0 0 0 0 0 0 0 0 0 0 0 0 0 0 0 0 0 0 0 0 0 0 0 0 0 0 0 0 0 0 0 0 0 0 0 0 0 0 0 0 0 0 0 0 0 0 0 0 0 0 0 0 0 0 
0 0 0 0 0 0 0 0 0 0 0 0 0 0 0 0 0 0 0 0 0 0 0 0 0 0 0 0 0 0 0 0 0 0 0 0 0 0 0 0 0 0 0 0 0 0 0 0 0 0 0 0 0 0 0 0 0 0 0 0 0 0 0 0 0 
0 0 0 0 0 0 0 0 0 0 0 0 0 0 0 0 0 0 0 0 0 0 0 0 0 0 0 0 0 0 0 0 0 0 0 0 0 0 0 0 0 0 0 0 0 0 0 0 0 0 0 0 0 0 0 0 0 0 0 0 0 0 0 0 0 
0 0 0 0 0 0 0 0 0 0 0 0 0 0 0 0 0 0 0 0 0 0 0 0 0 0 0 0 0 0 0 0 0 0 0 0 0 0 0 0 0 0 0 0 0 0 0 0 0 0 0 0 0 0 0 0 0 0 0 0 0 0 0 0 0 
0 0 0 0 0 0 0 0 0 0 0 0 0 0 0 0 0 0 0 0 0 0 0 0 0 0 0 0 0 0 0 0 0 0 0 0 0 0 0 0 0 0 0 0 0 0 0 0 0 0 0 0 0 0 0 0 0 0 0 0 0 0 0 0 0 
0 0 0 0 0 0 0 0 0 0 0 0 0 0 0 0 0 0 0 0 0 0 0 0 0 0 0 0 0 0 0 0 0 0 0 0 0 0 0 0 0 0 0 0 0 0 0 0 0 0 0 0 0 0 0 0 0 0 0 0 0 0 0 0 0 
0 0 0 0 0 0 0 0 0 0 0 0 0 0 0 0 0 0 0 0 0 0 0 0 0 0 0 0 0 0 0 0 0 0 0 0 0 0 0 0 0 0 0 0 0 0 0 0 0 0 0 0 0 0 0 0 0 0 0 0 0 0 0 0 0 
0 0 0 0 0 0 0 0 0 0 0 0 0 0 0 0 0 0 0 0 0 0 0 0 0 0 0 0 0 0 0 0 0 0 0 0 0 0 0 0 0 0 0 0 0 0 0 0 0 0 0 0 0 0 0 0 0 0 0 0 0 0 0 0 0 
0 0 0 0 0 0 0 0 0 0 0 0 0 0 0 0 0 0 0 0 0 0 0 0 0 0 0 0 0 0 0 0 0 0 0 0 0 0 0 0 0 0 0 0 0 0 0 0 0 0 0 0 0 0 0 0 0 0 0 0 0 0 0 0 0 
0 0 0 0 0 0 0 0 0 0 0 0 0 0 0 0 0 0 0 0 0 0 0 0 0 0 0 0 0 0 0 0 0 0 0 0 0 0 0 0 0 0 0 0 0 0 0 0 0 0 0 0 0 0 0 0 0 0 0 0 0 0 0 0 0 
0 0 0 0 0 0 0 0 0 0 0 0 0 0 0 0 0 0 0 0 0 0 0 0 0 0 0 0 0 0 0 0 0 0 0 0 0 0 0 0 0 0 0 0 0 0 0 0 0 0 0 0 0 0 0 0 0 0 0 0 0 0 0 0 0 
