1 0 0 0 0 0 0 0 0 0 0 0 0 0 0 0 0 0 0 0 0 0 0 0 0 0 0 0 0 0 0 0 0 0 0 0 0 0 0 0 0 0 0 0 0 0 0 0 0 0 0 0 0 0 0 0 0 0 0 0 0 0 0 0 1 
0 0 0 0 0 0 0 0 0 0 0 0 0 0 0 0 0 0 0 0 0 0 0 0 0 0 0 0 0 0 0 0 0 0 0 0 0 0 0 0 0 0 0 0 0 0 0 0 0 0 0 0 0 0 0 0 0 0 0 0 0 0 0 0 0 
0 0 0 0 0 0 0 0 0 0 0 0 0 0 0 0 0 0 0 0 0 0 0 0 0 0 0 0 0 0 0 0 0 0 0 0 0 0 0 0 0 0 0 0 0 0 0 0 0 0 0 0 0 0 0 0 0 0 0 0 0 0 0 0 0 
0 0 0 0 0 0 0 0 0 0 0 0 0 0 0 0 0 0 0 0 0 0 0 0 0 0 0 0 0 0 0 0 0 0 0 0 0 0 0 0 0 0 0 0 0 0 0 0 0 0 0 0 0 0 0 0 0 0 0 0 0 0 0 0 0 
0 64 0 0 0 0 0 0 0 0 0 0 0 0 0 0 0 0 0 0 0 0 0 0 0 0 0 0 0 0 0 0 0 0 0 0 0 0 0 0 0 0 0 0 0 0 0 0 0 0 0 0 0 0 0 0 0 0 0 0 0 0 0 0 0 
0 0 0 0 0 0 0 0 0 0 0 0 0 0 0 0 0 0 0 0 0 0 0 0 0 0 0 0 0 0 0 0 0 0 0 0 0 0 0 0 0 0 0 0 0 0 0 0 0 0 0 0 0 0 0 0 0 0 0 0 0 0 0 0 0 
0 0 0 0 0 0 0 0 0 0 0 0 0 0 0 0 0 0 0 0 0 0 0 0 0 0 0 0 0 0 0 0 0 0 0 0 0 0 0 0 0 0 0 0 0 0 0 0 0 0 0 0 0 0 0 0 0 0 0 0 0 0 0 0 0 
0 0 256 0 0 0 0 0 0 0 0 0 0 0 0 0 0 0 0 0 0 0 0 0 0 0 0 0 0 0 0 0 0 0 0 0 0 0 0 0 0 0 0 0 0 0 0 0 0 0 0 0 0 0 0 0 0 0 0 0 0 0 0 0 0 
0 0 1760 0 0 0 0 0 0 0 0 0 0 0 0 0 0 0 0 0 0 0 0 0 0 0 0 0 0 0 0 0 0 0 0 0 0 0 0 0 0 0 0 0 0 0 0 0 0 0 0 0 0 0 0 0 0 0 0 0 0 0 0 0 0 
0 0 0 127.775 0 0 0 0 0 0 0 0 0 0 0 0 0 0 0 0 0 0 0 0 0 0 0 0 0 0 0 0 0 0 0 0 0 0 0 0 0 0 0 0 0 0 0 0 0 0 0 0 0 0 0 0 0 0 0 0 0 0 0 0 0 
0 0 0 1411.95 0 0 0 0 0 0 0 0 0 0 0 0 0 0 0 0 0 0 0 0 0 0 0 0 0 0 0 0 0 0 0 0 0 0 0 0 0 0 0 0 0 0 0 0 0 0 0 0 0 0 0 0 0 0 0 0 0 0 0 0 0 
0 0 0 12664.8 192.136 0 0 0 0 0 0 0 0 0 0 0 0 0 0 0 0 0 0 0 0 0 0 0 0 0 0 0 0 0 0 0 0 0 0 0 0 0 0 0 0 0 0 0 0 0 0 0 0 0 0 0 0 0 0 0 0 0 0 0 0 
0 0 0 27459.5 1794.94 0 0 0 0 0 0 0 0 0 0 0 0 0 0 0 0 0 0 0 0 0 0 0 0 0 0 0 0 0 0 0 0 0 0 0 0 0 0 0 0 0 0 0 0 0 0 0 0 0 0 0 0 0 0 0 0 0 0 0 0 
0 0 0 0 14463 385.104 0 0 0 0 0 0 0 0 0 0 0 0 0 0 0 0 0 0 0 0 0 0 0 0 0 0 0 0 0 0 0 0 0 0 0 0 0 0 0 0 0 0 0 0 0 0 0 0 0 0 0 0 0 0 0 0 0 0 0 
0 0 0 0 84112.8 4034.97 0 0 0 0 0 0 0 0 0 0 0 0 0 0 0 0 0 0 0 0 0 0 0 0 0 0 0 0 0 0 0 0 0 0 0 0 0 0 0 0 0 0 0 0 0 0 0 0 0 0 0 0 0 0 0 0 0 0 0 
0 0 0 0 264341 26076.9 1406.98 0 0 0 0 0 0 0 0 0 0 0 0 0 0 0 0 0 0 0 0 0 0 0 0 0 0 0 0 0 0 0 0 0 0 0 0 0 0 0 0 0 0 0 0 0 0 0 0 0 0 0 0 0 0 0 0 0 0 
0 0 0 0 270472 146920 9391.08 447.593 47.9709 0 0 0 0 0 0 0 3.98169 0 0 0 0 0 0 0 0 0 0 0 0 0 0 0 3.99308 0 0 0 0 0 0 0 0 0 0 0 0 0 0 0 0 0 0 0 0 0 0 0 0 0 0 0 0 0 0 0 0 
0 0 0 0 0 655779 66449.3 4213.84 0 0 0 0 0 0 0 0 0 0 0 0 0 0 0 0 0 0 0 0 0 0 0 0 0 0 0 0 0 0 0 0 0 0 0 0 0 0 0 0 0 0 0 0 0 0 0 0 0 0 0 0 0 0 0 0 0 
0 0 0 0 0 1.95191e+06 339972 32110.3 4023.44 449.383 0 0 0 0 0 63.7071 0 0 0 0 0 0 0 0 0 0 0 0 0 0 0 0 0 0 0 0 0 0 0 0 0 0 0 0 0 0 0 0 0 0 0 0 0 0 0 0 0 0 0 0 0 0 0 0 0 
0 0 0 0 0 3.06579e+06 1.46249e+06 191512 15805 4222.59 1280.85 384.255 192.353 127.707 191.241 0 0 127.741 0 0 0 0 0 0 0 0 0 0 0 0 0 127.779 0 0 0 0 0 0 0 0 0 0 0 0 0 0 0 0 0 0 0 0 0 0 0 0 0 0 0 0 0 0 0 0 0 
0 0 0 0 0 1.77361e+06 5.27826e+06 922249 125237 9882.74 3263.94 1730.02 814.96 574.285 286.562 0 0 63.9693 0 0 0 0 0 0 0 0 0 0 0 0 0 0 0 0 0 0 0 0 0 0 0 0 0 0 0 0 0 0 0 0 0 0 0 0 0 0 0 0 0 0 0 0 0 0 0 
0 0 0 0 0 0 1.40525e+07 3.91511e+06 628054 100471 16588.4 3475.55 2165.93 1145.69 0 0 1914.86 0 383.802 0 0 0 0 0 0 0 0 0 0 0 446.697 0 0 0 0 0 0 0 0 0 0 0 0 0 0 0 0 0 0 0 0 0 0 0 0 0 0 0 0 0 0 0 0 0 0 
0 0 0 0 0 0 2.3833e+07 1.38567e+07 2.8961e+06 518932 104528 31780 11057.9 4963.91 3314.05 5350.72 1153.09 0 1731.94 257.286 0 0 0 0 0 0 0 0 0 254.671 1533.87 0 3968.19 0 0 0 0 0 0 0 0 0 0 0 0 0 0 0 0 0 0 0 0 0 0 0 0 0 0 0 0 0 0 0 0 
0 0 0 0 0 0 2.19665e+07 4.17274e+07 1.14507e+07 2.27493e+06 500280 132243 49830.1 24056.4 17660 11866.7 0 5372.11 2108.05 1149.59 389.724 0 0 0 0 0 0 0 383.681 1915.13 0 0 128.443 0 0 0 0 0 0 0 0 0 0 0 0 0 0 0 0 0 0 0 0 0 0 0 0 0 0 0 0 0 0 0 0 
0 0 0 0 0 0 7.96435e+06 9.80156e+07 4.02297e+07 9.92497e+06 2.07902e+06 561195 189495 91002.8 53636.9 14300.9 14291 25250.8 3638.41 9293.17 1654.23 769.664 0 0 95.9465 0 0 764.934 2593.67 8806.65 0 13422.5 0 0 0 0 0 0 0 0 0 0 0 0 0 0 0 0 0 0 0 0 0 0 0 0 0 0 0 0 0 0 0 0 0 
0 0 0 0 0 0 0 1.62781e+08 1.2213e+08 3.69855e+07 9.59509e+06 2.44126e+06 797483 329913 145536 83352 93338.4 43399.8 15798 23979.8 9266.23 3465.35 2553.13 897.552 0 900.498 2683.17 5766.97 13002.4 8829.22 7407.03 46988.6 0 0 0 0 0 0 0 0 0 0 0 0 0 0 0 0 0 0 0 0 0 0 0 0 0 0 0 0 0 0 0 0 0 
0 0 0 0 0 0 0 1.72551e+08 3.13694e+08 1.24682e+08 3.59999e+07 1.0317e+07 3.33247e+06 1.26059e+06 594986 392178 263310 64979 136626 51055 49423 14689.1 6576.48 7748.39 7910.5 7716.28 12711.7 23450.9 41510.4 10708.2 56448.5 3090.58 44488.8 0 0 0 0 0 0 0 0 0 0 0 0 0 0 0 0 0 0 0 0 0 0 0 0 0 0 0 0 0 0 0 0 
0 0 0 0 0 0 0 1.02411e+08 6.51038e+08 3.75104e+08 1.27409e+08 3.87476e+07 1.25034e+07 4.87622e+06 2.30943e+06 1.30948e+06 587754 445417 366894 148956 155076 88710.1 39547.5 16289.6 22575.9 40850 57427 82766.6 80618.9 74216.1 261478 23999.1 305592 0 0 0 0 0 0 0 0 0 0 0 0 0 0 0 0 0 0 0 0 0 0 0 0 0 0 0 0 0 0 0 0 
0 0 0 0 0 0 0 2.48079e+07 1.01561e+09 9.829e+08 4.13611e+08 1.40091e+08 4.75652e+07 1.78613e+07 8.08963e+06 3.9482e+06 2.16357e+06 1.74419e+06 969123 701512 471325 327944 209969 164328 142730 146491 204672 271089 185383 375600 317029 261779 572167 0 0 0 0 0 0 0 0 0 0 0 0 0 0 0 0 0 0 0 0 0 0 0 0 0 0 0 0 0 0 0 0 
0 0 0 0 0 0 0 0 1.10995e+09 2.19627e+09 1.20379e+09 4.66194e+08 1.67425e+08 6.51141e+07 2.79308e+07 1.38034e+07 8.45244e+06 5.35024e+06 2.82942e+06 2.48046e+06 1.46508e+06 1.19121e+06 798159 635160 604126 643630 675839 618949 662548 1.27751e+06 373466 1.48497e+06 261964 0 0 0 0 0 0 0 0 0 0 0 0 0 0 0 0 0 0 0 0 0 0 0 0 0 0 0 0 0 0 0 0 
0 0 0 0 0 0 0 0 7.85733e+08 4.03688e+09 3.13462e+09 1.42741e+09 5.59674e+08 2.21229e+08 9.61044e+07 4.80166e+07 2.75249e+07 1.54835e+07 1.05425e+07 7.71235e+06 5.0138e+06 3.9449e+06 3.03023e+06 2.25235e+06 1.83113e+06 1.80267e+06 1.91827e+06 1.82315e+06 2.57331e+06 2.55586e+06 2.01029e+06 4.12774e+06 1.62075e+06 0 0 0 0 0 0 0 0 0 0 0 0 0 0 0 0 0 0 0 0 0 0 0 0 0 0 0 0 0 0 0 0 
0 0 0 0 0 0 0 0 3.18913e+08 5.81024e+09 7.17052e+09 4.02769e+09 1.75395e+09 7.29366e+08 3.22599e+08 1.58493e+08 8.52573e+07 4.98395e+07 3.54017e+07 2.25888e+07 1.70374e+07 1.22886e+07 9.77515e+06 7.68333e+06 6.73801e+06 6.16608e+06 5.54614e+06 5.92589e+06 7.61464e+06 4.77395e+06 8.40983e+06 5.71555e+06 7.90454e+06 0 0 0 0 0 0 0 0 0 0 0 0 0 0 0 0 0 0 0 0 0 0 0 0 0 0 0 0 0 0 0 0 
0 0 0 0 0 0 0 0 5.3743e+07 6.21314e+09 1.40545e+10 1.02581e+10 5.13488e+09 2.29406e+09 1.03952e+09 5.05623e+08 2.68728e+08 1.6409e+08 1.06386e+08 6.93274e+07 5.31762e+07 3.82939e+07 3.05747e+07 2.50682e+07 2.10934e+07 1.82445e+07 1.71227e+07 1.87444e+07 1.72051e+07 1.57699e+07 2.35247e+07 1.25043e+07 2.57493e+07 0 0 0 0 0 0 0 0 0 0 0 0 0 0 0 0 0 0 0 0 0 0 0 0 0 0 0 0 0 0 0 0 
0 0 0 0 0 0 0 0 0 4.67762e+09 2.29924e+10 2.33655e+10 1.38631e+10 6.75751e+09 3.19326e+09 1.57947e+09 8.4798e+08 5.04393e+08 3.11886e+08 2.16586e+08 1.57878e+08 1.16382e+08 9.18882e+07 7.45315e+07 6.13836e+07 5.37286e+07 5.15537e+07 5.11751e+07 4.29239e+07 5.39267e+07 4.74843e+07 4.85425e+07 5.32305e+07 0 0 0 0 0 0 0 0 0 0 0 0 0 0 0 0 0 0 0 0 0 0 0 0 0 0 0 0 0 0 0 0 
0 0 0 0 0 0 0 0 0 2.32401e+09 3.02302e+10 4.68502e+10 3.4237e+10 1.88136e+10 9.4389e+09 4.78699e+09 2.57577e+09 1.49245e+09 9.32697e+08 6.49004e+08 4.49365e+08 3.45184e+08 2.66282e+08 2.18122e+08 1.83594e+08 1.62416e+08 1.49561e+08 1.32997e+08 1.28062e+08 1.44109e+08 1.08075e+08 1.51172e+08 1.05894e+08 0 0 0 0 0 0 0 0 0 0 0 0 0 0 0 0 0 0 0 0 0 0 0 0 0 0 0 0 0 0 0 0 
0 0 0 0 0 0 0 0 0 6.69523e+08 3.07348e+10 8.11404e+10 7.66962e+10 4.86684e+10 2.64824e+10 1.39401e+10 7.60128e+09 4.39239e+09 2.77255e+09 1.85077e+09 1.31003e+09 9.92047e+08 7.64906e+08 6.24031e+08 5.28122e+08 4.59045e+08 4.05842e+08 3.61978e+08 3.74713e+08 3.40548e+08 3.319e+08 3.62146e+08 3.08074e+08 0 0 0 0 0 0 0 0 0 0 0 0 0 0 0 0 0 0 0 0 0 0 0 0 0 0 0 0 0 0 0 0 
0 0 0 0 0 0 0 0 0 8.03934e+07 2.32595e+10 1.18309e+11 1.53856e+11 1.16112e+11 6.97934e+10 3.89217e+10 2.1765e+10 1.27456e+10 7.95726e+09 5.22728e+09 3.73826e+09 2.75866e+09 2.14724e+09 1.73694e+09 1.46114e+09 1.25226e+09 1.09929e+09 1.02217e+09 9.86999e+08 8.60497e+08 9.54136e+08 8.24587e+08 9.31631e+08 0 0 0 0 0 0 0 0 0 0 0 0 0 0 0 0 0 0 0 0 0 0 0 0 0 0 0 0 0 0 0 0 
0 0 0 0 0 0 0 0 0 0 1.25513e+10 1.413e+11 2.7171e+11 2.53338e+11 1.72855e+11 1.03509e+11 6.00984e+10 3.58129e+10 2.22765e+10 1.47372e+10 1.0395e+10 7.62748e+09 5.94836e+09 4.76351e+09 3.9646e+09 3.40055e+09 3.00227e+09 2.77484e+09 2.49371e+09 2.3904e+09 2.39681e+09 2.15744e+09 2.38298e+09 0 0 0 0 0 0 0 0 0 0 0 0 0 0 0 0 0 0 0 0 0 0 0 0 0 0 0 0 0 0 0 0 
0 0 0 0 0 0 0 0 0 0 4.52622e+09 1.34329e+11 4.15995e+11 5.00467e+11 3.96298e+11 2.60385e+11 1.59888e+11 9.74968e+10 6.13361e+10 4.07282e+10 2.83864e+10 2.08175e+10 1.60459e+10 1.2866e+10 1.0626e+10 9.08853e+09 8.02559e+09 7.23129e+09 6.52891e+09 6.41171e+09 5.86355e+09 5.96047e+09 5.77996e+09 0 0 0 0 0 0 0 0 0 0 0 0 0 0 0 0 0 0 0 0 0 0 0 0 0 0 0 0 0 0 0 0 
0 0 0 0 0 0 0 0 0 0 9.44511e+08 9.88772e+10 5.41703e+11 8.84251e+11 8.37946e+11 6.15846e+11 4.0299e+11 2.56227e+11 1.64821e+11 1.09843e+11 7.63267e+10 5.58798e+10 4.2584e+10 3.40049e+10 2.80066e+10 2.39493e+10 2.10572e+10 1.85851e+10 1.72693e+10 1.62929e+10 1.52177e+10 1.54562e+10 1.45858e+10 0 0 0 0 0 0 0 0 0 0 0 0 0 0 0 0 0 0 0 0 0 0 0 0 0 0 0 0 0 0 0 0 
0 0 0 0 0 0 0 0 0 0 8.15379e+07 5.46196e+10 5.85542e+11 1.38005e+12 1.61472e+12 1.35257e+12 9.65506e+11 6.43779e+11 4.27135e+11 2.88296e+11 2.01491e+11 1.47094e+11 1.11964e+11 8.88301e+10 7.32897e+10 6.18415e+10 5.4061e+10 4.81283e+10 4.45645e+10 4.09587e+10 3.96579e+10 3.84007e+10 3.79204e+10 0 0 0 0 0 0 0 0 0 0 0 0 0 0 0 0 0 0 0 0 0 0 0 0 0 0 0 0 0 0 0 0 
0 0 0 0 0 0 0 0 0 0 0 2.17106e+10 5.14989e+11 1.87076e+12 2.81671e+12 2.75549e+12 2.17532e+12 1.54931e+12 1.06468e+12 7.36345e+11 5.2123e+11 3.804e+11 2.89592e+11 2.29439e+11 1.8761e+11 1.58364e+11 1.37499e+11 1.22993e+11 1.12332e+11 1.04112e+11 1.00439e+11 9.57662e+10 9.71224e+10 0 0 0 0 0 0 0 0 0 0 0 0 0 0 0 0 0 0 0 0 0 0 0 0 0 0 0 0 0 0 0 0 
0 0 0 0 0 0 0 0 0 0 0 5.7896e+09 3.60696e+11 2.17097e+12 4.3879e+12 5.15411e+12 4.57745e+12 3.53033e+12 2.55601e+12 1.81603e+12 1.30937e+12 9.65431e+11 7.37164e+11 5.81523e+11 4.74142e+11 3.99433e+11 3.4642e+11 3.09513e+11 2.80978e+11 2.62279e+11 2.49363e+11 2.41775e+11 2.39763e+11 0 0 0 0 0 0 0 0 0 0 0 0 0 0 0 0 0 0 0 0 0 0 0 0 0 0 0 0 0 0 0 0 
0 0 0 0 0 0 0 0 0 0 0 8.78726e+08 1.96612e+11 2.11885e+12 6.04661e+12 8.77818e+12 8.95497e+12 7.57524e+12 5.82895e+12 4.33124e+12 3.19451e+12 2.39213e+12 1.83041e+12 1.45264e+12 1.18509e+12 9.99211e+11 8.61213e+11 7.64826e+11 6.96795e+11 6.49514e+11 6.13886e+11 6.00492e+11 5.89453e+11 0 0 0 0 0 0 0 0 0 0 0 0 0 0 0 0 0 0 0 0 0 0 0 0 0 0 0 0 0 0 0 0 
0 0 0 0 0 0 0 0 0 0 0 5.4234e+07 8.11138e+10 1.71157e+12 7.2581e+12 1.3497e+13 1.61727e+13 1.52619e+13 1.26559e+13 9.85503e+12 7.5167e+12 5.74496e+12 4.46033e+12 3.55439e+12 2.90774e+12 2.44806e+12 2.11789e+12 1.8735e+12 1.70271e+12 1.5799e+12 1.50663e+12 1.45919e+12 1.44681e+12 0 0 0 0 0 0 0 0 0 0 0 0 0 0 0 0 0 0 0 0 0 0 0 0 0 0 0 0 0 0 0 0 
0 0 0 0 0 0 0 0 0 0 0 0 2.42033e+10 1.12367e+12 7.50681e+12 1.85153e+13 2.67103e+13 2.85462e+13 2.5851e+13 2.14368e+13 1.70155e+13 1.33816e+13 1.05864e+13 8.51656e+12 7.00491e+12 5.90489e+12 5.11072e+12 4.52755e+12 4.11379e+12 3.82344e+12 3.63547e+12 3.51565e+12 3.48808e+12 0 0 0 0 0 0 0 0 0 0 0 0 0 0 0 0 0 0 0 0 0 0 0 0 0 0 0 0 0 0 0 0 
0 0 0 0 0 0 0 0 0 0 0 0 4.77736e+09 5.9042e+11 6.59257e+12 2.2492e+13 4.00467e+13 4.94806e+13 4.95521e+13 4.40482e+13 3.68075e+13 2.99369e+13 2.42678e+13 1.98296e+13 1.64746e+13 1.39491e+13 1.21078e+13 1.07693e+13 9.7626e+12 9.10629e+12 8.62595e+12 8.38508e+12 8.31321e+12 0 0 0 0 0 0 0 0 0 0 0 0 0 0 0 0 0 0 0 0 0 0 0 0 0 0 0 0 0 0 0 0 
0 0 0 0 0 0 0 0 0 0 0 0 5.18615e+08 2.43213e+11 4.85454e+12 2.39076e+13 5.40796e+13 7.87093e+13 8.84626e+13 8.53227e+13 7.57779e+13 6.42831e+13 5.36088e+13 4.4791e+13 3.77547e+13 3.23291e+13 2.81704e+13 2.51186e+13 2.29341e+13 2.1273e+13 2.02204e+13 1.96467e+13 1.9397e+13 0 0 0 0 0 0 0 0 0 0 0 0 0 0 0 0 0 0 0 0 0 0 0 0 0 0 0 0 0 0 0 0 
0 0 0 0 0 0 0 0 0 0 0 0 2.24294e+07 7.59941e+10 2.95859e+12 2.20019e+13 6.54092e+13 1.14406e+14 1.46488e+14 1.55651e+14 1.47762e+14 1.31973e+14 1.14128e+14 9.76743e+13 8.374e+13 7.26645e+13 6.3945e+13 5.73436e+13 5.24135e+13 4.88938e+13 4.65872e+13 4.52744e+13 4.47865e+13 0 0 0 0 0 0 0 0 0 0 0 0 0 0 0 0 0 0 0 0 0 0 0 0 0 0 0 0 0 0 0 0 
0 0 0 0 0 0 0 0 0 0 0 0 0 1.70015e+10 1.47407e+12 1.7319e+13 6.98887e+13 1.50657e+14 2.2347e+14 2.64004e+14 2.71365e+14 2.56817e+14 2.31799e+14 2.0464e+14 1.79736e+14 1.58651e+14 1.41372e+14 1.27774e+14 1.173e+14 1.09985e+14 1.04922e+14 1.01912e+14 1.01261e+14 0 0 0 0 0 0 0 0 0 0 0 0 0 0 0 0 0 0 0 0 0 0 0 0 0 0 0 0 0 0 0 0 
0 0 0 0 0 0 0 0 0 0 0 0 0 2.42461e+09 5.90539e+11 1.15702e+13 6.56069e+13 1.78762e+14 3.12238e+14 4.15466e+14 4.66905e+14 4.72076e+14 4.48228e+14 4.11122e+14 3.71144e+14 3.34162e+14 3.02533e+14 2.76153e+14 2.56298e+14 2.41075e+14 2.31039e+14 2.2497e+14 2.22957e+14 0 0 0 0 0 0 0 0 0 0 0 0 0 0 0 0 0 0 0 0 0 0 0 0 0 0 0 0 0 0 0 0 
0 0 0 0 0 0 0 0 0 0 0 0 0 1.80178e+08 1.85476e+11 6.49732e+12 5.35813e+13 1.89262e+14 3.97903e+14 6.05174e+14 7.50258e+14 8.16469e+14 8.20381e+14 7.86174e+14 7.34559e+14 6.7718e+14 6.2365e+14 5.78494e+14 5.41172e+14 5.13604e+14 4.93786e+14 4.82167e+14 4.78212e+14 0 0 0 0 0 0 0 0 0 0 0 0 0 0 0 0 0 0 0 0 0 0 0 0 0 0 0 0 0 0 0 0 
0 0 0 0 0 0 0 0 0 0 0 0 0 5.40696e+06 4.37069e+10 3.02488e+12 3.77314e+13 1.77745e+14 4.58741e+14 8.09067e+14 1.12026e+15 1.32713e+15 1.42068e+15 1.42934e+15 1.38522e+15 1.31528e+15 1.23812e+15 1.16745e+15 1.10588e+15 1.05742e+15 1.02093e+15 1.00055e+15 9.92175e+14 0 0 0 0 0 0 0 0 0 0 0 0 0 0 0 0 0 0 0 0 0 0 0 0 0 0 0 0 0 0 0 0 
0 0 0 0 0 0 0 0 0 0 0 0 0 0 7.12616e+09 1.15838e+12 2.27678e+13 1.47055e+14 4.74969e+14 9.89222e+14 1.54586e+15 2.01109e+15 2.31355e+15 2.45942e+15 2.48554e+15 2.43821e+15 2.35689e+15 2.26118e+15 2.17325e+15 2.09628e+15 2.04089e+15 2.00761e+15 1.99615e+15 0 0 0 0 0 0 0 0 0 0 0 0 0 0 0 0 0 0 0 0 0 0 0 0 0 0 0 0 0 0 0 0 
0 0 0 0 0 0 0 0 0 0 0 0 0 0 6.91146e+08 3.55073e+11 1.16715e+13 1.06278e+14 4.40183e+14 1.09767e+15 1.9682e+15 2.83157e+15 3.52512e+15 3.97922e+15 4.22016e+15 4.29972e+15 4.27417e+15 4.19032e+15 4.09638e+15 4.00086e+15 3.93205e+15 3.87959e+15 3.86448e+15 0 0 0 0 0 0 0 0 0 0 0 0 0 0 0 0 0 0 0 0 0 0 0 0 0 0 0 0 0 0 0 0 
0 0 0 0 0 0 0 0 0 0 0 0 0 0 3.30449e+07 8.42499e+10 5.04128e+12 6.67871e+13 3.6209e+14 1.10146e+15 2.29086e+15 3.6907e+15 5.01123e+15 6.05541e+15 6.76699e+15 7.18518e+15 7.37636e+15 7.42697e+15 7.3889e+15 7.32007e+15 7.24899e+15 7.20831e+15 7.18404e+15 0 0 0 0 0 0 0 0 0 0 0 0 0 0 0 0 0 0 0 0 0 0 0 0 0 0 0 0 0 0 0 0 
0 0 0 0 0 0 0 0 0 0 0 0 0 0 746875 1.44465e+10 1.81307e+12 3.61956e+13 2.63111e+14 9.93205e+14 2.43026e+15 4.4309e+15 6.61901e+15 8.62016e+15 1.02135e+16 1.13423e+16 1.20667e+16 1.24932e+16 1.26904e+16 1.27728e+16 1.27944e+16 1.27664e+16 1.27636e+16 0 0 0 0 0 0 0 0 0 0 0 0 0 0 0 0 0 0 0 0 0 0 0 0 0 0 0 0 0 0 0 0 
0 0 0 0 0 0 0 0 0 0 0 0 0 0 0 1.59167e+09 5.31023e+11 1.6848e+13 1.68016e+14 8.02414e+14 2.33794e+15 4.88199e+15 8.09005e+15 1.14396e+16 1.44486e+16 1.68792e+16 1.86804e+16 1.99092e+16 2.07142e+16 2.12178e+16 2.14715e+16 2.1616e+16 2.16562e+16 0 0 0 0 0 0 0 0 0 0 0 0 0 0 0 0 0 0 0 0 0 0 0 0 0 0 0 0 0 0 0 0 
0 0 0 0 0 0 0 0 0 0 0 0 0 0 0 9.36641e+07 1.22472e+11 6.67708e+12 9.36528e+13 5.76362e+14 2.03595e+15 4.92159e+15 9.13014e+15 1.40748e+16 1.90657e+16 2.35468e+16 2.72291e+16 3.00234e+16 3.20369e+16 3.34202e+16 3.42911e+16 3.47863e+16 3.49508e+16 0 0 0 0 0 0 0 0 0 0 0 0 0 0 0 0 0 0 0 0 0 0 0 0 0 0 0 0 0 0 0 0 
0 0 0 0 0 0 0 0 0 0 0 0 0 0 0 2.97706e+06 2.09246e+10 2.22416e+12 4.54595e+13 3.66882e+14 1.59186e+15 4.50531e+15 9.46307e+15 1.60693e+16 2.34834e+16 3.0764e+16 3.72477e+16 4.2645e+16 4.68324e+16 4.98122e+16 5.18967e+16 5.30149e+16 5.34059e+16 0 0 0 0 0 0 0 0 0 0 0 0 0 0 0 0 0 0 0 0 0 0 0 0 0 0 0 0 0 0 0 0 
0 0 0 0 0 0 0 0 0 0 0 0 0 0 0 58438 2.37835e+09 6.10567e+11 1.90978e+13 2.05948e+14 1.11619e+15 3.74123e+15 8.96703e+15 1.69095e+16 2.67919e+16 3.74504e+16 4.77929e+16 5.68795e+16 6.44118e+16 7.0178e+16 7.41074e+16 7.64558e+16 7.72e+16 0 0 0 0 0 0 0 0 0 0 0 0 0 0 0 0 0 0 0 0 0 0 0 0 0 0 0 0 0 0 0 0 
0 0 0 0 0 0 0 0 0 0 0 0 0 0 0 0 1.48392e+08 1.3283e+11 6.87388e+12 1.01714e+14 6.96752e+14 2.80746e+15 7.75565e+15 1.63479e+16 2.8313e+16 4.24815e+16 5.71783e+16 7.11788e+16 8.32201e+16 9.2866e+16 9.98816e+16 1.04116e+17 1.05405e+17 0 0 0 0 0 0 0 0 0 0 0 0 0 0 0 0 0 0 0 0 0 0 0 0 0 0 0 0 0 0 0 0 
0 0 0 0 0 0 0 0 0 0 0 0 0 0 0 0 5.32709e+06 2.16186e+10 2.08895e+12 4.39413e+13 3.87113e+14 1.89622e+15 6.09635e+15 1.44978e+16 2.75992e+16 4.45878e+16 6.37953e+16 8.30592e+16 1.00713e+17 1.15367e+17 1.26169e+17 1.32919e+17 1.35219e+17 0 0 0 0 0 0 0 0 0 0 0 0 0 0 0 0 0 0 0 0 0 0 0 0 0 0 0 0 0 0 0 0 
0 0 0 0 0 0 0 0 0 0 0 0 0 0 0 0 110331 2.36412e+09 5.26514e+11 1.64958e+13 1.90702e+14 1.14653e+15 4.3419e+15 1.1734e+16 2.47421e+16 4.33668e+16 6.60166e+16 9.0375e+16 1.13843e+17 1.34204e+17 1.49951e+17 1.59506e+17 1.62843e+17 0 0 0 0 0 0 0 0 0 0 0 0 0 0 0 0 0 0 0 0 0 0 0 0 0 0 0 0 0 0 0 0 
0 0 0 0 0 0 0 0 0 0 0 0 0 0 0 0 2194.27 1.39659e+08 1.05064e+11 5.34073e+12 8.29587e+13 6.20944e+14 2.79426e+15 8.64659e+15 2.03307e+16 3.87899e+16 6.33475e+16 9.15187e+16 1.20102e+17 1.4594e+17 1.66214e+17 1.79107e+17 1.83628e+17 0 0 0 0 0 0 0 0 0 0 0 0 0 0 0 0 0 0 0 0 0 0 0 0 0 0 0 0 0 0 0 0 
0 0 0 0 0 0 0 0 0 0 0 0 0 0 0 0 0 4.5666e+06 1.55621e+10 1.46017e+12 3.16417e+13 3.00037e+14 1.61882e+15 5.79219e+15 1.52856e+16 3.20028e+16 5.61019e+16 8.5762e+16 1.17662e+17 1.47749e+17 1.7203e+17 1.88046e+17 1.93508e+17 0 0 0 0 0 0 0 0 0 0 0 0 0 0 0 0 0 0 0 0 0 0 0 0 0 0 0 0 0 0 0 0 
0 0 0 0 0 0 0 0 0 0 0 0 0 0 0 0 0 91625.3 1.52536e+09 3.28842e+11 1.05266e+13 1.29104e+14 8.43253e+14 3.51888e+15 1.0472e+16 2.41821e+16 4.58147e+16 7.44566e+16 1.06916e+17 1.38824e+17 1.65825e+17 1.83705e+17 1.89941e+17 0 0 0 0 0 0 0 0 0 0 0 0 0 0 0 0 0 0 0 0 0 0 0 0 0 0 0 0 0 0 0 0 
0 0 0 0 0 0 0 0 0 0 0 0 0 0 0 0 0 0 7.5798e+07 5.81594e+10 3.01678e+12 4.89704e+13 3.93603e+14 1.93029e+15 6.53665e+15 1.67252e+16 3.44072e+16 5.95846e+16 8.99581e+16 1.21259e+17 1.48331e+17 1.66701e+17 1.73263e+17 0 0 0 0 0 0 0 0 0 0 0 0 0 0 0 0 0 0 0 0 0 0 0 0 0 0 0 0 0 0 0 0 
0 0 0 0 0 0 0 0 0 0 0 0 0 0 0 0 0 0 1.869e+06 7.50432e+09 7.24557e+11 1.63583e+13 1.64451e+14 9.54962e+14 3.70639e+15 1.05606e+16 2.36971e+16 4.39374e+16 6.98827e+16 9.79568e+16 1.23134e+17 1.40596e+17 1.46719e+17 0 0 0 0 0 0 0 0 0 0 0 0 0 0 0 0 0 0 0 0 0 0 0 0 0 0 0 0 0 0 0 0 
0 0 0 0 0 0 0 0 0 0 0 0 0 0 0 0 0 0 2822.81 5.99133e+08 1.42167e+11 4.75256e+12 6.11327e+13 4.25982e+14 1.90277e+15 6.07995e+15 1.49378e+16 2.9769e+16 5.00643e+16 7.30205e+16 9.44529e+16 1.09647e+17 1.1519e+17 0 0 0 0 0 0 0 0 0 0 0 0 0 0 0 0 0 0 0 0 0 0 0 0 0 0 0 0 0 0 0 0 
0 0 0 0 0 0 0 0 0 0 0 0 0 0 0 0 0 0 0 2.08652e+07 2.13883e+10 1.17669e+12 2.00844e+13 1.70001e+14 8.85495e+14 3.18508e+15 8.60803e+15 1.8502e+16 3.2953e+16 5.02382e+16 6.69604e+16 7.90418e+16 8.35041e+16 0 0 0 0 0 0 0 0 0 0 0 0 0 0 0 0 0 0 0 0 0 0 0 0 0 0 0 0 0 0 0 0 
0 0 0 0 0 0 0 0 0 0 0 0 0 0 0 0 0 0 0 114560 2.24353e+09 2.43265e+11 5.78719e+12 6.08653e+13 3.7166e+14 1.51698e+15 4.52325e+15 1.05272e+16 1.99583e+16 3.18153e+16 4.37267e+16 5.26322e+16 5.58865e+16 0 0 0 0 0 0 0 0 0 0 0 0 0 0 0 0 0 0 0 0 0 0 0 0 0 0 0 0 0 0 0 0 
0 0 0 0 0 0 0 0 0 0 0 0 0 0 0 0 0 0 0 0 1.28678e+08 4.0016e+10 1.43633e+12 1.93263e+13 1.4039e+14 6.54547e+14 2.17006e+15 5.47845e+15 1.10544e+16 1.84954e+16 2.62682e+16 3.22644e+16 3.44971e+16 0 0 0 0 0 0 0 0 0 0 0 0 0 0 0 0 0 0 0 0 0 0 0 0 0 0 0 0 0 0 0 0 
0 0 0 0 0 0 0 0 0 0 0 0 0 0 0 0 0 0 0 0 1.66434e+06 4.84464e+09 3.00817e+11 5.41661e+12 4.75918e+13 2.55903e+14 9.46714e+14 2.60032e+15 5.6173e+15 9.87293e+15 1.45187e+16 1.8152e+16 1.95559e+16 0 0 0 0 0 0 0 0 0 0 0 0 0 0 0 0 0 0 0 0 0 0 0 0 0 0 0 0 0 0 0 0 
0 0 0 0 0 0 0 0 0 0 0 0 0 0 0 0 0 0 0 0 2972.84 3.69308e+08 5.14893e+10 1.3178e+12 1.43782e+13 9.01148e+13 3.75203e+14 1.12854e+15 2.61042e+15 4.83499e+15 7.36198e+15 9.40718e+15 1.02042e+16 0 0 0 0 0 0 0 0 0 0 0 0 0 0 0 0 0 0 0 0 0 0 0 0 0 0 0 0 0 0 0 0 
0 0 0 0 0 0 0 0 0 0 0 0 0 0 0 0 0 0 0 0 0 1.11228e+07 6.76981e+09 2.72623e+11 3.84791e+12 2.85974e+13 1.34642e+14 4.46502e+14 1.10743e+15 2.16511e+15 3.4223e+15 4.47244e+15 4.88497e+15 0 0 0 0 0 0 0 0 0 0 0 0 0 0 0 0 0 0 0 0 0 0 0 0 0 0 0 0 0 0 0 0 
0 0 0 0 0 0 0 0 0 0 0 0 0 0 0 0 0 0 0 0 0 78492.3 6.00968e+08 4.69905e+10 8.97326e+11 8.09085e+12 4.3668e+13 1.60073e+14 4.30389e+14 8.88109e+14 1.45892e+15 1.95123e+15 2.14344e+15 0 0 0 0 0 0 0 0 0 0 0 0 0 0 0 0 0 0 0 0 0 0 0 0 0 0 0 0 0 0 0 0 
0 0 0 0 0 0 0 0 0 0 0 0 0 0 0 0 0 0 0 0 0 0 2.59191e+07 6.37182e+09 1.80194e+11 2.02945e+12 1.27935e+13 5.23151e+13 1.52208e+14 3.33119e+14 5.70152e+14 7.80345e+14 8.63789e+14 0 0 0 0 0 0 0 0 0 0 0 0 0 0 0 0 0 0 0 0 0 0 0 0 0 0 0 0 0 0 0 0 
0 0 0 0 0 0 0 0 0 0 0 0 0 0 0 0 0 0 0 0 0 0 650391 6.1489e+08 3.03239e+10 4.47932e+11 3.33866e+12 1.54149e+13 4.89838e+13 1.14051e+14 2.03652e+14 2.85022e+14 3.18765e+14 0 0 0 0 0 0 0 0 0 0 0 0 0 0 0 0 0 0 0 0 0 0 0 0 0 0 0 0 0 0 0 0 
0 0 0 0 0 0 0 0 0 0 0 0 0 0 0 0 0 0 0 0 0 0 1861.77 3.18203e+07 4.09804e+09 8.54744e+10 7.78045e+11 4.10091e+12 1.42825e+13 3.56133e+13 6.64926e+13 9.58196e+13 1.07799e+14 0 0 0 0 0 0 0 0 0 0 0 0 0 0 0 0 0 0 0 0 0 0 0 0 0 0 0 0 0 0 0 0 
0 0 0 0 0 0 0 0 0 0 0 0 0 0 0 0 0 0 0 0 0 0 0 1.14716e+06 4.14501e+08 1.37923e+10 1.5967e+11 9.78077e+11 3.79434e+12 1.01092e+13 1.98507e+13 2.93588e+13 3.34126e+13 0 0 0 0 0 0 0 0 0 0 0 0 0 0 0 0 0 0 0 0 0 0 0 0 0 0 0 0 0 0 0 0 
0 0 0 0 0 0 0 0 0 0 0 0 0 0 0 0 0 0 0 0 0 0 0 24908 2.2141e+07 1.80504e+09 2.85369e+10 2.08727e+11 9.05907e+11 2.62582e+12 5.40279e+12 8.25325e+12 9.45036e+12 0 0 0 0 0 0 0 0 0 0 0 0 0 0 0 0 0 0 0 0 0 0 0 0 0 0 0 0 0 0 0 0 
0 0 0 0 0 0 0 0 0 0 0 0 0 0 0 0 0 0 0 0 0 0 0 0 971976 1.84926e+08 4.35373e+09 3.94261e+10 1.95757e+11 6.19281e+11 1.34292e+12 2.11477e+12 2.45796e+12 0 0 0 0 0 0 0 0 0 0 0 0 0 0 0 0 0 0 0 0 0 0 0 0 0 0 0 0 0 0 0 0 
0 0 0 0 0 0 0 0 0 0 0 0 0 0 0 0 0 0 0 0 0 0 0 0 24921.8 9.21313e+06 5.38988e+08 6.53674e+09 3.78488e+10 1.32159e+11 3.06397e+11 4.96732e+11 5.82743e+11 0 0 0 0 0 0 0 0 0 0 0 0 0 0 0 0 0 0 0 0 0 0 0 0 0 0 0 0 0 0 0 0 
0 0 0 0 0 0 0 0 0 0 0 0 0 0 0 0 0 0 0 0 0 0 0 0 465.656 403329 5.51491e+07 9.32818e+08 6.51042e+09 2.56119e+10 6.35184e+10 1.06704e+11 1.26908e+11 0 0 0 0 0 0 0 0 0 0 0 0 0 0 0 0 0 0 0 0 0 0 0 0 0 0 0 0 0 0 0 0 
0 0 0 0 0 0 0 0 0 0 0 0 0 0 0 0 0 0 0 0 0 0 0 0 0 11280.2 2.15529e+06 1.05885e+08 9.9523e+08 4.4392e+09 1.19655e+10 2.11141e+10 2.52069e+10 0 0 0 0 0 0 0 0 0 0 0 0 0 0 0 0 0 0 0 0 0 0 0 0 0 0 0 0 0 0 0 0 
0 0 0 0 0 0 0 0 0 0 0 0 0 0 0 0 0 0 0 0 0 0 0 0 0 0 86024.4 1.0878e+07 1.32218e+08 6.84127e+08 2.05616e+09 3.80803e+09 4.64586e+09 0 0 0 0 0 0 0 0 0 0 0 0 0 0 0 0 0 0 0 0 0 0 0 0 0 0 0 0 0 0 0 0 
0 0 0 0 0 0 0 0 0 0 0 0 0 0 0 0 0 0 0 0 0 0 0 0 0 0 0 281499 1.25456e+07 9.74571e+07 3.17741e+08 6.27905e+08 7.78102e+08 0 0 0 0 0 0 0 0 0 0 0 0 0 0 0 0 0 0 0 0 0 0 0 0 0 0 0 0 0 0 0 0 
0 0 0 0 0 0 0 0 0 0 0 0 0 0 0 0 0 0 0 0 0 0 0 0 0 0 0 0 1.55427e+06 1.18145e+07 4.35557e+07 9.61233e+07 1.18181e+08 0 0 0 0 0 0 0 0 0 0 0 0 0 0 0 0 0 0 0 0 0 0 0 0 0 0 0 0 0 0 0 0 
0 0 0 0 0 0 0 0 0 0 0 0 0 0 0 0 0 0 0 0 0 0 0 0 0 0 0 0 782.376 834227 6.02028e+06 1.26542e+07 1.74034e+07 0 0 0 0 0 0 0 0 0 0 0 0 0 0 0 0 0 0 0 0 0 0 0 0 0 0 0 0 0 0 0 0 
0 0 0 0 0 0 0 0 0 0 0 0 0 0 0 0 0 0 0 0 0 0 0 0 0 0 0 0 0 176680 661260 1.50162e+06 2.43555e+06 0 0 0 0 0 0 0 0 0 0 0 0 0 0 0 0 0 0 0 0 0 0 0 0 0 0 0 0 0 0 0 0 
0 0 0 0 0 0 0 0 0 0 0 0 0 0 0 0 0 0 0 0 0 0 0 0 0 0 0 0 0 0 18153.8 276749 185537 0 0 0 0 0 0 0 0 0 0 0 0 0 0 0 0 0 0 0 0 0 0 0 0 0 0 0 0 0 0 0 0 
0 0 0 0 0 0 0 0 0 0 0 0 0 0 0 0 0 0 0 0 0 0 0 0 0 0 0 0 0 0 19505.4 17431.1 44729.5 0 0 0 0 0 0 0 0 0 0 0 0 0 0 0 0 0 0 0 0 0 0 0 0 0 0 0 0 0 0 0 0 
0 0 0 0 0 0 0 0 0 0 0 0 0 0 0 0 0 0 0 0 0 0 0 0 0 0 0 0 0 0 0 0 8011.2 0 0 0 0 0 0 0 0 0 0 0 0 0 0 0 0 0 0 0 0 0 0 0 0 0 0 0 0 0 0 0 0 
0 0 0 0 0 0 0 0 0 0 0 0 0 0 0 0 0 0 0 0 0 0 0 0 0 0 0 0 0 0 0 1345.06 0 0 0 0 0 0 0 0 0 0 0 0 0 0 0 0 0 0 0 0 0 0 0 0 0 0 0 0 0 0 0 0 0 
0 0 0 0 0 0 0 0 0 0 0 0 0 0 0 0 0 0 0 0 0 0 0 0 0 0 0 0 0 0 0 0 0 0 0 0 0 0 0 0 0 0 0 0 0 0 0 0 0 0 0 0 0 0 0 0 0 0 0 0 0 0 0 0 0 
0 0 0 0 0 0 0 0 0 0 0 0 0 0 0 0 0 0 0 0 0 0 0 0 0 0 0 0 0 0 0 0 42.033 0 0 0 0 0 0 0 0 0 0 0 0 0 0 0 0 0 0 0 0 0 0 0 0 0 0 0 0 0 0 0 0 
0 0 0 0 0 0 0 0 0 0 0 0 0 0 0 0 0 0 0 0 0 0 0 0 0 0 0 0 0 0 0 0 0 0 0 0 0 0 0 0 0 0 0 0 0 0 0 0 0 0 0 0 0 0 0 0 0 0 0 0 0 0 0 0 0 
0 0 0 0 0 0 0 0 0 0 0 0 0 0 0 0 0 0 0 0 0 0 0 0 0 0 0 0 0 0 0 0 0 0 0 0 0 0 0 0 0 0 0 0 0 0 0 0 0 0 0 0 0 0 0 0 0 0 0 0 0 0 0 0 0 
0 0 0 0 0 0 0 0 0 0 0 0 0 0 0 0 0 0 0 0 0 0 0 0 0 0 0 0 0 0 0 0 0 0 0 0 0 0 0 0 0 0 0 0 0 0 0 0 0 0 0 0 0 0 0 0 0 0 0 0 0 0 0 0 0 
0 0 0 0 0 0 0 0 0 0 0 0 0 0 0 0 0 0 0 0 0 0 0 0 0 0 0 0 0 0 0 0 0 0 0 0 0 0 0 0 0 0 0 0 0 0 0 0 0 0 0 0 0 0 0 0 0 0 0 0 0 0 0 0 0 
0 0 0 0 0 0 0 0 0 0 0 0 0 0 0 0 0 0 0 0 0 0 0 0 0 0 0 0 0 0 0 0 0 0 0 0 0 0 0 0 0 0 0 0 0 0 0 0 0 0 0 0 0 0 0 0 0 0 0 0 0 0 0 0 0 
0 0 0 0 0 0 0 0 0 0 0 0 0 0 0 0 0 0 0 0 0 0 0 0 0 0 0 0 0 0 0 0 0 0 0 0 0 0 0 0 0 0 0 0 0 0 0 0 0 0 0 0 0 0 0 0 0 0 0 0 0 0 0 0 0 
0 0 0 0 0 0 0 0 0 0 0 0 0 0 0 0 0 0 0 0 0 0 0 0 0 0 0 0 0 0 0 0 0 0 0 0 0 0 0 0 0 0 0 0 0 0 0 0 0 0 0 0 0 0 0 0 0 0 0 0 0 0 0 0 0 
0 0 0 0 0 0 0 0 0 0 0 0 0 0 0 0 0 0 0 0 0 0 0 0 0 0 0 0 0 0 0 0 0 0 0 0 0 0 0 0 0 0 0 0 0 0 0 0 0 0 0 0 0 0 0 0 0 0 0 0 0 0 0 0 0 
0 0 0 0 0 0 0 0 0 0 0 0 0 0 0 0 0 0 0 0 0 0 0 0 0 0 0 0 0 0 0 0 0 0 0 0 0 0 0 0 0 0 0 0 0 0 0 0 0 0 0 0 0 0 0 0 0 0 0 0 0 0 0 0 0 
0 0 0 0 0 0 0 0 0 0 0 0 0 0 0 0 0 0 0 0 0 0 0 0 0 0 0 0 0 0 0 0 0 0 0 0 0 0 0 0 0 0 0 0 0 0 0 0 0 0 0 0 0 0 0 0 0 0 0 0 0 0 0 0 0 
0 0 0 0 0 0 0 0 0 0 0 0 0 0 0 0 0 0 0 0 0 0 0 0 0 0 0 0 0 0 0 0 0 0 0 0 0 0 0 0 0 0 0 0 0 0 0 0 0 0 0 0 0 0 0 0 0 0 0 0 0 0 0 0 0 
0 0 0 0 0 0 0 0 0 0 0 0 0 0 0 0 0 0 0 0 0 0 0 0 0 0 0 0 0 0 0 0 0 0 0 0 0 0 0 0 0 0 0 0 0 0 0 0 0 0 0 0 0 0 0 0 0 0 0 0 0 0 0 0 0 
0 0 0 0 0 0 0 0 0 0 0 0 0 0 0 0 0 0 0 0 0 0 0 0 0 0 0 0 0 0 0 0 0 0 0 0 0 0 0 0 0 0 0 0 0 0 0 0 0 0 0 0 0 0 0 0 0 0 0 0 0 0 0 0 0 
0 0 0 0 0 0 0 0 0 0 0 0 0 0 0 0 0 0 0 0 0 0 0 0 0 0 0 0 0 0 0 0 0 0 0 0 0 0 0 0 0 0 0 0 0 0 0 0 0 0 0 0 0 0 0 0 0 0 0 0 0 0 0 0 0 
0 0 0 0 0 0 0 0 0 0 0 0 0 0 0 0 0 0 0 0 0 0 0 0 0 0 0 0 0 0 0 0 0 0 0 0 0 0 0 0 0 0 0 0 0 0 0 0 0 0 0 0 0 0 0 0 0 0 0 0 0 0 0 0 0 
0 0 0 0 0 0 0 0 0 0 0 0 0 0 0 0 0 0 0 0 0 0 0 0 0 0 0 0 0 0 0 0 0 0 0 0 0 0 0 0 0 0 0 0 0 0 0 0 0 0 0 0 0 0 0 0 0 0 0 0 0 0 0 0 0 
0 0 0 0 0 0 0 0 0 0 0 0 0 0 0 0 0 0 0 0 0 0 0 0 0 0 0 0 0 0 0 0 0 0 0 0 0 0 0 0 0 0 0 0 0 0 0 0 0 0 0 0 0 0 0 0 0 0 0 0 0 0 0 0 0 
0 0 0 0 0 0 0 0 0 0 0 0 0 0 0 0 0 0 0 0 0 0 0 0 0 0 0 0 0 0 0 0 0 0 0 0 0 0 0 0 0 0 0 0 0 0 0 0 0 0 0 0 0 0 0 0 0 0 0 0 0 0 0 0 0 
0 0 0 0 0 0 0 0 0 0 0 0 0 0 0 0 0 0 0 0 0 0 0 0 0 0 0 0 0 0 0 0 0 0 0 0 0 0 0 0 0 0 0 0 0 0 0 0 0 0 0 0 0 0 0 0 0 0 0 0 0 0 0 0 0 
0 0 0 0 0 0 0 0 0 0 0 0 0 0 0 0 0 0 0 0 0 0 0 0 0 0 0 0 0 0 0 0 0 0 0 0 0 0 0 0 0 0 0 0 0 0 0 0 0 0 0 0 0 0 0 0 0 0 0 0 0 0 0 0 0 
0 0 0 0 0 0 0 0 0 0 0 0 0 0 0 0 0 0 0 0 0 0 0 0 0 0 0 0 0 0 0 0 0 0 0 0 0 0 0 0 0 0 0 0 0 0 0 0 0 0 0 0 0 0 0 0 0 0 0 0 0 0 0 0 0 
0 0 0 0 0 0 0 0 0 0 0 0 0 0 0 0 0 0 0 0 0 0 0 0 0 0 0 0 0 0 0 0 0 0 0 0 0 0 0 0 0 0 0 0 0 0 0 0 0 0 0 0 0 0 0 0 0 0 0 0 0 0 0 0 0 
0 0 0 0 0 0 0 0 0 0 0 0 0 0 0 0 0 0 0 0 0 0 0 0 0 0 0 0 0 0 0 0 0 0 0 0 0 0 0 0 0 0 0 0 0 0 0 0 0 0 0 0 0 0 0 0 0 0 0 0 0 0 0 0 0 
0 0 0 0 0 0 0 0 0 0 0 0 0 0 0 0 0 0 0 0 0 0 0 0 0 0 0 0 0 0 0 0 0 0 0 0 0 0 0 0 0 0 0 0 0 0 0 0 0 0 0 0 0 0 0 0 0 0 0 0 0 0 0 0 0 
0 0 0 0 0 0 0 0 0 0 0 0 0 0 0 0 0 0 0 0 0 0 0 0 0 0 0 0 0 0 0 0 0 0 0 0 0 0 0 0 0 0 0 0 0 0 0 0 0 0 0 0 0 0 0 0 0 0 0 0 0 0 0 0 0 
0 0 0 0 0 0 0 0 0 0 0 0 0 0 0 0 0 0 0 0 0 0 0 0 0 0 0 0 0 0 0 0 0 0 0 0 0 0 0 0 0 0 0 0 0 0 0 0 0 0 0 0 0 0 0 0 0 0 0 0 0 0 0 0 0 
0 0 0 0 0 0 0 0 0 0 0 0 0 0 0 0 0 0 0 0 0 0 0 0 0 0 0 0 0 0 0 0 0 0 0 0 0 0 0 0 0 0 0 0 0 0 0 0 0 0 0 0 0 0 0 0 0 0 0 0 0 0 0 0 0 
0 0 0 0 0 0 0 0 0 0 0 0 0 0 0 0 0 0 0 0 0 0 0 0 0 0 0 0 0 0 0 0 0 0 0 0 0 0 0 0 0 0 0 0 0 0 0 0 0 0 0 0 0 0 0 0 0 0 0 0 0 0 0 0 0 
0 0 0 0 0 0 0 0 0 0 0 0 0 0 0 0 0 0 0 0 0 0 0 0 0 0 0 0 0 0 0 0 0 0 0 0 0 0 0 0 0 0 0 0 0 0 0 0 0 0 0 0 0 0 0 0 0 0 0 0 0 0 0 0 0 
0 0 0 0 0 0 0 0 0 0 0 0 0 0 0 0 0 0 0 0 0 0 0 0 0 0 0 0 0 0 0 0 0 0 0 0 0 0 0 0 0 0 0 0 0 0 0 0 0 0 0 0 0 0 0 0 0 0 0 0 0 0 0 0 0 
0 0 0 0 0 0 0 0 0 0 0 0 0 0 0 0 0 0 0 0 0 0 0 0 0 0 0 0 0 0 0 0 0 0 0 0 0 0 0 0 0 0 0 0 0 0 0 0 0 0 0 0 0 0 0 0 0 0 0 0 0 0 0 0 0 
0 0 0 0 0 0 0 0 0 0 0 0 0 0 0 0 0 0 0 0 0 0 0 0 0 0 0 0 0 0 0 0 0 0 0 0 0 0 0 0 0 0 0 0 0 0 0 0 0 0 0 0 0 0 0 0 0 0 0 0 0 0 0 0 0 
