1 0 0 0 0 0 0 0 0 0 0 0 0 0 0 0 0 0 0 0 0 0 0 0 0 0 0 0 0 0 0 0 0 0 0 0 0 0 0 0 0 0 0 0 0 0 0 0 0 0 0 0 0 0 0 0 0 0 0 0 0 0 0 0 1 
0 0 0 0 0 0 0 0 0 0 0 0 0 0 0 0 0 0 0 0 0 0 0 0 0 0 0 0 0 0 0 0 0 0 0 0 0 0 0 0 0 0 0 0 0 0 0 0 0 0 0 0 0 0 0 0 0 0 0 0 0 0 0 0 0 
0 0 0 0 0 0 0 0 0 0 0 0 0 0 0 0 0 0 0 0 0 0 0 0 0 0 0 0 0 0 0 0 0 0 0 0 0 0 0 0 0 0 0 0 0 0 0 0 0 0 0 0 0 0 0 0 0 0 0 0 0 0 0 0 0 
0 0 0 0 0 0 0 0 0 0 0 0 0 0 0 0 0 0 0 0 0 0 0 0 0 0 0 0 0 0 0 0 0 0 0 0 0 0 0 0 0 0 0 0 0 0 0 0 0 0 0 0 0 0 0 0 0 0 0 0 0 0 0 0 0 
0 64 0 0 0 0 0 0 0 0 0 0 0 0 0 0 0 0 0 0 0 0 0 0 0 0 0 0 0 0 0 0 0 0 0 0 0 0 0 0 0 0 0 0 0 0 0 0 0 0 0 0 0 0 0 0 0 0 0 0 0 0 0 0 0 
0 0 0 0 0 0 0 0 0 0 0 0 0 0 0 0 0 0 0 0 0 0 0 0 0 0 0 0 0 0 0 0 0 0 0 0 0 0 0 0 0 0 0 0 0 0 0 0 0 0 0 0 0 0 0 0 0 0 0 0 0 0 0 0 0 
0 0 0 0 0 0 0 0 0 0 0 0 0 0 0 0 0 0 0 0 0 0 0 0 0 0 0 0 0 0 0 0 0 0 0 0 0 0 0 0 0 0 0 0 0 0 0 0 0 0 0 0 0 0 0 0 0 0 0 0 0 0 0 0 0 
0 0 256 0 0 0 0 0 0 0 0 0 0 0 0 0 0 0 0 0 0 0 0 0 0 0 0 0 0 0 0 0 0 0 0 0 0 0 0 0 0 0 0 0 0 0 0 0 0 0 0 0 0 0 0 0 0 0 0 0 0 0 0 0 0 
0 0 1760 0 0 0 0 0 0 0 0 0 0 0 0 0 0 0 0 0 0 0 0 0 0 0 0 0 0 0 0 0 0 0 0 0 0 0 0 0 0 0 0 0 0 0 0 0 0 0 0 0 0 0 0 0 0 0 0 0 0 0 0 0 0 
0 0 0 128.391 0 0 0 0 0 0 0 0 0 0 0 0 0 0 0 0 0 0 0 0 0 0 0 0 0 0 0 0 0 0 0 0 0 0 0 0 0 0 0 0 0 0 0 0 0 0 0 0 0 0 0 0 0 0 0 0 0 0 0 0 0 
0 0 0 1407.58 0 0 0 0 0 0 0 0 0 0 0 0 0 0 0 0 0 0 0 0 0 0 0 0 0 0 0 0 0 0 0 0 0 0 0 0 0 0 0 0 0 0 0 0 0 0 0 0 0 0 0 0 0 0 0 0 0 0 0 0 0 
0 0 0 12671.7 191.956 0 0 0 0 0 0 0 0 0 0 0 0 0 0 0 0 0 0 0 0 0 0 0 0 0 0 0 0 0 0 0 0 0 0 0 0 0 0 0 0 0 0 0 0 0 0 0 0 0 0 0 0 0 0 0 0 0 0 0 0 
0 0 0 27456.4 1798.29 0 0 0 0 0 0 0 0 0 0 0 0 0 0 0 0 0 0 0 0 0 0 0 0 0 0 0 0 0 0 0 0 0 0 0 0 0 0 0 0 0 0 0 0 0 0 0 0 0 0 0 0 0 0 0 0 0 0 0 0 
0 0 0 0 14474.5 384.206 0 0 0 0 0 0 0 0 0 0 0 0 0 0 0 0 0 0 0 0 0 0 0 0 0 0 0 0 0 0 0 0 0 0 0 0 0 0 0 0 0 0 0 0 0 0 0 0 0 0 0 0 0 0 0 0 0 0 0 
0 0 0 0 84040.9 4043.3 0 0 0 0 0 0 0 0 0 0 0 0 0 0 0 0 0 0 0 0 0 0 0 0 0 0 0 0 0 0 0 0 0 0 0 0 0 0 0 0 0 0 0 0 0 0 0 0 0 0 0 0 0 0 0 0 0 0 0 
0 0 0 0 264438 26168.2 1403.02 0 0 0 0 0 0 0 0 0 0 0 0 0 0 0 0 0 0 0 0 0 0 0 0 0 0 0 0 0 0 0 0 0 0 0 0 0 0 0 0 0 0 0 0 0 0 0 0 0 0 0 0 0 0 0 0 0 0 
0 0 0 0 270433 146841 9436.9 447.992 47.882 0 0 0 0 0 0 0 3.99378 0 0 0 0 0 0 0 0 0 0 0 0 0 0 0 4.00755 0 0 0 0 0 0 0 0 0 0 0 0 0 0 0 0 0 0 0 0 0 0 0 0 0 0 0 0 0 0 0 0 
0 0 0 0 0 655792 66401.3 4243.13 0 0 0 0 0 0 0 0 0 0 0 0 0 0 0 0 0 0 0 0 0 0 0 0 0 0 0 0 0 0 0 0 0 0 0 0 0 0 0 0 0 0 0 0 0 0 0 0 0 0 0 0 0 0 0 0 0 
0 0 0 0 0 1.95175e+06 340184 32416.3 4048.85 448.255 0 0 0 0 0 63.9005 0 0 0 0 0 0 0 0 0 0 0 0 0 0 0 0 0 0 0 0 0 0 0 0 0 0 0 0 0 0 0 0 0 0 0 0 0 0 0 0 0 0 0 0 0 0 0 0 0 
0 0 0 0 0 3.0659e+06 1.46115e+06 191614 15945.1 4251.85 1283.36 383.257 191.447 127.208 191.126 0 0 128.099 0 0 0 0 0 0 0 0 0 0 0 0 0 128.242 0 0 0 0 0 0 0 0 0 0 0 0 0 0 0 0 0 0 0 0 0 0 0 0 0 0 0 0 0 0 0 0 0 
0 0 0 0 0 1.77364e+06 5.28174e+06 917208 125671 9982.97 3241.92 1725.02 811.547 574.739 288.128 0 0 63.9166 0 0 0 0 0 0 0 0 0 0 0 0 0 0 0 0 0 0 0 0 0 0 0 0 0 0 0 0 0 0 0 0 0 0 0 0 0 0 0 0 0 0 0 0 0 0 0 
0 0 0 0 0 0 1.40488e+07 3.91708e+06 626228 100232 16380.8 3438.02 2168.01 1144.66 0 0 1923.01 0 384.22 0 0 0 0 0 0 0 0 0 0 0 448.286 0 0 0 0 0 0 0 0 0 0 0 0 0 0 0 0 0 0 0 0 0 0 0 0 0 0 0 0 0 0 0 0 0 0 
0 0 0 0 0 0 2.38338e+07 1.38752e+07 2.89812e+06 521501 104753 31915.9 11111.8 5019.57 3334.49 5396.86 1149.56 0 1729.71 255.268 0 0 0 0 0 0 0 0 0 257.321 1539.46 0 3966.97 0 0 0 0 0 0 0 0 0 0 0 0 0 0 0 0 0 0 0 0 0 0 0 0 0 0 0 0 0 0 0 0 
0 0 0 0 0 0 2.19675e+07 4.17089e+07 1.14321e+07 2.26512e+06 500957 133847 50339 24316.6 17861.4 11935.7 0 5382.45 2120.16 1155.61 388.953 0 0 0 0 0 0 0 384.562 1925.7 0 0 130.027 0 0 0 0 0 0 0 0 0 0 0 0 0 0 0 0 0 0 0 0 0 0 0 0 0 0 0 0 0 0 0 0 
0 0 0 0 0 0 7.96391e+06 9.80078e+07 4.02467e+07 9.90868e+06 2.0848e+06 563057 189714 92021.3 54029.8 14263.2 14339.3 25178.5 3626.81 9271.89 1644.35 774.62 0 0 95.4852 0 0 765.601 2593.38 8825.2 0 13437.6 0 0 0 0 0 0 0 0 0 0 0 0 0 0 0 0 0 0 0 0 0 0 0 0 0 0 0 0 0 0 0 0 0 
0 0 0 0 0 0 0 1.62845e+08 1.22212e+08 3.70189e+07 9.59432e+06 2.44604e+06 806982 331680 144905 83158.5 93258 43615.5 15740.7 24006.9 9250.11 3455.99 2590.1 911.83 0 906.874 2687.65 5771.71 13103.7 8869.24 7413.35 46959.7 0 0 0 0 0 0 0 0 0 0 0 0 0 0 0 0 0 0 0 0 0 0 0 0 0 0 0 0 0 0 0 0 0 
0 0 0 0 0 0 0 1.72454e+08 3.13624e+08 1.24924e+08 3.60285e+07 1.03103e+07 3.32882e+06 1.26368e+06 594966 391751 263434 65188.1 136691 50838.5 49317.1 14688.6 6562.4 7712.79 7915.37 7674.05 12682.3 23499.2 41645.5 10734.7 56588.5 3102.83 44443.3 0 0 0 0 0 0 0 0 0 0 0 0 0 0 0 0 0 0 0 0 0 0 0 0 0 0 0 0 0 0 0 0 
0 0 0 0 0 0 0 1.0245e+08 6.50956e+08 3.74844e+08 1.2731e+08 3.87537e+07 1.25621e+07 4.88835e+06 2.29836e+06 1.30751e+06 587025 443645 365605 148166 155407 88645.2 39445.5 16377.9 22423 40631.4 57485.5 83323.7 80820.5 74356.6 261468 24092.6 306597 0 0 0 0 0 0 0 0 0 0 0 0 0 0 0 0 0 0 0 0 0 0 0 0 0 0 0 0 0 0 0 0 
0 0 0 0 0 0 0 2.48128e+07 1.01587e+09 9.82985e+08 4.1376e+08 1.39478e+08 4.75091e+07 1.78643e+07 8.05763e+06 3.95104e+06 2.16441e+06 1.74179e+06 966250 701739 468348 324625 211089 164581 141961 146136 204746 272167 186219 377008 316440 261759 574606 0 0 0 0 0 0 0 0 0 0 0 0 0 0 0 0 0 0 0 0 0 0 0 0 0 0 0 0 0 0 0 0 
0 0 0 0 0 0 0 0 1.10972e+09 2.19585e+09 1.20485e+09 4.67167e+08 1.67917e+08 6.50773e+07 2.78935e+07 1.37698e+07 8.45706e+06 5.32366e+06 2.84455e+06 2.48621e+06 1.46041e+06 1.19e+06 795807 631452 602026 642245 678556 618881 661647 1.28182e+06 373997 1.48453e+06 262562 0 0 0 0 0 0 0 0 0 0 0 0 0 0 0 0 0 0 0 0 0 0 0 0 0 0 0 0 0 0 0 0 
0 0 0 0 0 0 0 0 7.85679e+08 4.03836e+09 3.13583e+09 1.42802e+09 5.59476e+08 2.21361e+08 9.6354e+07 4.7813e+07 2.73553e+07 1.54985e+07 1.05113e+07 7.6758e+06 4.99918e+06 3.95238e+06 3.02758e+06 2.24492e+06 1.82673e+06 1.80943e+06 1.9192e+06 1.82574e+06 2.58432e+06 2.55105e+06 2.00641e+06 4.15022e+06 1.61779e+06 0 0 0 0 0 0 0 0 0 0 0 0 0 0 0 0 0 0 0 0 0 0 0 0 0 0 0 0 0 0 0 0 
0 0 0 0 0 0 0 0 3.18982e+08 5.81081e+09 7.16693e+09 4.02008e+09 1.7546e+09 7.28537e+08 3.21906e+08 1.58256e+08 8.48123e+07 4.99761e+07 3.54878e+07 2.25273e+07 1.70177e+07 1.22994e+07 9.72141e+06 7.6874e+06 6.75726e+06 6.14705e+06 5.57914e+06 5.91888e+06 7.6162e+06 4.75483e+06 8.40358e+06 5.72872e+06 7.89485e+06 0 0 0 0 0 0 0 0 0 0 0 0 0 0 0 0 0 0 0 0 0 0 0 0 0 0 0 0 0 0 0 0 
0 0 0 0 0 0 0 0 5.37789e+07 6.20962e+09 1.4047e+10 1.02633e+10 5.12555e+09 2.29405e+09 1.03821e+09 5.04687e+08 2.69157e+08 1.64608e+08 1.06449e+08 6.93695e+07 5.31089e+07 3.83838e+07 3.05344e+07 2.52168e+07 2.1238e+07 1.82885e+07 1.70708e+07 1.87901e+07 1.72422e+07 1.57463e+07 2.36656e+07 1.24771e+07 2.58123e+07 0 0 0 0 0 0 0 0 0 0 0 0 0 0 0 0 0 0 0 0 0 0 0 0 0 0 0 0 0 0 0 0 
0 0 0 0 0 0 0 0 0 4.67899e+09 2.30139e+10 2.33578e+10 1.38381e+10 6.75116e+09 3.19663e+09 1.57749e+09 8.46635e+08 5.03131e+08 3.11936e+08 2.17355e+08 1.57797e+08 1.16569e+08 9.22536e+07 7.47248e+07 6.15197e+07 5.39076e+07 5.17901e+07 5.1207e+07 4.2831e+07 5.37738e+07 4.78001e+07 4.86105e+07 5.32684e+07 0 0 0 0 0 0 0 0 0 0 0 0 0 0 0 0 0 0 0 0 0 0 0 0 0 0 0 0 0 0 0 0 
0 0 0 0 0 0 0 0 0 2.32403e+09 3.02233e+10 4.68626e+10 3.42268e+10 1.88235e+10 9.41379e+09 4.78758e+09 2.57724e+09 1.49068e+09 9.34477e+08 6.49e+08 4.50603e+08 3.44511e+08 2.66901e+08 2.19436e+08 1.83088e+08 1.61608e+08 1.49471e+08 1.33323e+08 1.27544e+08 1.44712e+08 1.08262e+08 1.51038e+08 1.0651e+08 0 0 0 0 0 0 0 0 0 0 0 0 0 0 0 0 0 0 0 0 0 0 0 0 0 0 0 0 0 0 0 0 
0 0 0 0 0 0 0 0 0 6.69819e+08 3.07173e+10 8.11504e+10 7.67869e+10 4.86755e+10 2.64558e+10 1.39503e+10 7.60966e+09 4.39808e+09 2.77595e+09 1.85331e+09 1.30786e+09 9.96339e+08 7.68374e+08 6.24936e+08 5.28471e+08 4.5832e+08 4.0525e+08 3.61594e+08 3.73116e+08 3.40035e+08 3.32279e+08 3.64109e+08 3.08607e+08 0 0 0 0 0 0 0 0 0 0 0 0 0 0 0 0 0 0 0 0 0 0 0 0 0 0 0 0 0 0 0 0 
0 0 0 0 0 0 0 0 0 8.05199e+07 2.32705e+10 1.18342e+11 1.53863e+11 1.16172e+11 6.98299e+10 3.88509e+10 2.17256e+10 1.27519e+10 7.95388e+09 5.24556e+09 3.73833e+09 2.77147e+09 2.17243e+09 1.73617e+09 1.45732e+09 1.25014e+09 1.09823e+09 1.01996e+09 9.84255e+08 8.62076e+08 9.5585e+08 8.24349e+08 9.28998e+08 0 0 0 0 0 0 0 0 0 0 0 0 0 0 0 0 0 0 0 0 0 0 0 0 0 0 0 0 0 0 0 0 
0 0 0 0 0 0 0 0 0 0 1.25543e+10 1.4124e+11 2.71633e+11 2.5316e+11 1.7276e+11 1.0362e+11 6.01292e+10 3.58566e+10 2.2267e+10 1.47335e+10 1.0428e+10 7.62687e+09 5.9562e+09 4.75603e+09 3.96248e+09 3.39437e+09 2.99661e+09 2.76281e+09 2.49571e+09 2.38578e+09 2.39644e+09 2.16057e+09 2.39005e+09 0 0 0 0 0 0 0 0 0 0 0 0 0 0 0 0 0 0 0 0 0 0 0 0 0 0 0 0 0 0 0 0 
0 0 0 0 0 0 0 0 0 0 4.52186e+09 1.34319e+11 4.16317e+11 5.01044e+11 3.96648e+11 2.60162e+11 1.59787e+11 9.72309e+10 6.12782e+10 4.08036e+10 2.8367e+10 2.09077e+10 1.60179e+10 1.28213e+10 1.05717e+10 9.03594e+09 7.99716e+09 7.21549e+09 6.53928e+09 6.40301e+09 5.87745e+09 5.96001e+09 5.7673e+09 0 0 0 0 0 0 0 0 0 0 0 0 0 0 0 0 0 0 0 0 0 0 0 0 0 0 0 0 0 0 0 0 
0 0 0 0 0 0 0 0 0 0 9.46339e+08 9.89097e+10 5.41382e+11 8.84373e+11 8.38461e+11 6.15365e+11 4.03233e+11 2.56084e+11 1.6466e+11 1.095e+11 7.60621e+10 5.61037e+10 4.26086e+10 3.39891e+10 2.79285e+10 2.38519e+10 2.09296e+10 1.86512e+10 1.72607e+10 1.63678e+10 1.52067e+10 1.54384e+10 1.45297e+10 0 0 0 0 0 0 0 0 0 0 0 0 0 0 0 0 0 0 0 0 0 0 0 0 0 0 0 0 0 0 0 0 
0 0 0 0 0 0 0 0 0 0 8.16885e+07 5.45932e+10 5.85321e+11 1.3788e+12 1.61438e+12 1.35361e+12 9.64415e+11 6.45018e+11 4.27132e+11 2.88048e+11 2.01525e+11 1.46977e+11 1.11854e+11 8.88473e+10 7.29794e+10 6.18995e+10 5.39576e+10 4.81907e+10 4.4602e+10 4.10454e+10 3.95941e+10 3.83689e+10 3.81193e+10 0 0 0 0 0 0 0 0 0 0 0 0 0 0 0 0 0 0 0 0 0 0 0 0 0 0 0 0 0 0 0 0 
0 0 0 0 0 0 0 0 0 0 0 2.17295e+10 5.15243e+11 1.87083e+12 2.81731e+12 2.75577e+12 2.17508e+12 1.5501e+12 1.0666e+12 7.3578e+11 5.21411e+11 3.80657e+11 2.90691e+11 2.29494e+11 1.87551e+11 1.57946e+11 1.37097e+11 1.22707e+11 1.12042e+11 1.04186e+11 1.00566e+11 9.59999e+10 9.66252e+10 0 0 0 0 0 0 0 0 0 0 0 0 0 0 0 0 0 0 0 0 0 0 0 0 0 0 0 0 0 0 0 0 
0 0 0 0 0 0 0 0 0 0 0 5.7855e+09 3.60687e+11 2.17142e+12 4.39038e+12 5.15439e+12 4.57731e+12 3.53651e+12 2.55264e+12 1.82083e+12 1.30929e+12 9.65535e+11 7.38985e+11 5.82125e+11 4.76144e+11 3.99419e+11 3.47356e+11 3.08961e+11 2.81084e+11 2.62545e+11 2.48915e+11 2.41462e+11 2.39614e+11 0 0 0 0 0 0 0 0 0 0 0 0 0 0 0 0 0 0 0 0 0 0 0 0 0 0 0 0 0 0 0 0 
0 0 0 0 0 0 0 0 0 0 0 8.81232e+08 1.96574e+11 2.11972e+12 6.03899e+12 8.77616e+12 8.96302e+12 7.57622e+12 5.84433e+12 4.32954e+12 3.19435e+12 2.39459e+12 1.83799e+12 1.45359e+12 1.18429e+12 9.96703e+11 8.58942e+11 7.64585e+11 6.9621e+11 6.47558e+11 6.13292e+11 5.98874e+11 5.88644e+11 0 0 0 0 0 0 0 0 0 0 0 0 0 0 0 0 0 0 0 0 0 0 0 0 0 0 0 0 0 0 0 0 
0 0 0 0 0 0 0 0 0 0 0 5.4372e+07 8.11373e+10 1.71097e+12 7.26106e+12 1.34928e+13 1.61658e+13 1.52473e+13 1.26612e+13 9.85814e+12 7.52791e+12 5.75426e+12 4.4659e+12 3.56436e+12 2.91307e+12 2.4496e+12 2.11629e+12 1.87619e+12 1.70356e+12 1.58264e+12 1.50343e+12 1.45839e+12 1.44179e+12 0 0 0 0 0 0 0 0 0 0 0 0 0 0 0 0 0 0 0 0 0 0 0 0 0 0 0 0 0 0 0 0 
0 0 0 0 0 0 0 0 0 0 0 0 2.42193e+10 1.12305e+12 7.50584e+12 1.85204e+13 2.66916e+13 2.85509e+13 2.58466e+13 2.14307e+13 1.70221e+13 1.3385e+13 1.0591e+13 8.50812e+12 6.99008e+12 5.8999e+12 5.11739e+12 4.5305e+12 4.1204e+12 3.813e+12 3.62869e+12 3.51465e+12 3.48659e+12 0 0 0 0 0 0 0 0 0 0 0 0 0 0 0 0 0 0 0 0 0 0 0 0 0 0 0 0 0 0 0 0 
0 0 0 0 0 0 0 0 0 0 0 0 4.77204e+09 5.90999e+11 6.59723e+12 2.24983e+13 4.00433e+13 4.9459e+13 4.95147e+13 4.40857e+13 3.67976e+13 2.99753e+13 2.42665e+13 1.9818e+13 1.649e+13 1.39612e+13 1.21284e+13 1.07774e+13 9.81463e+12 9.0772e+12 8.6296e+12 8.35996e+12 8.29957e+12 0 0 0 0 0 0 0 0 0 0 0 0 0 0 0 0 0 0 0 0 0 0 0 0 0 0 0 0 0 0 0 0 
0 0 0 0 0 0 0 0 0 0 0 0 5.19359e+08 2.43086e+11 4.85281e+12 2.39012e+13 5.41112e+13 7.86952e+13 8.83772e+13 8.54022e+13 7.57713e+13 6.42736e+13 5.36198e+13 4.48277e+13 3.77123e+13 3.23217e+13 2.82211e+13 2.51695e+13 2.28591e+13 2.13179e+13 2.02213e+13 1.96325e+13 1.94184e+13 0 0 0 0 0 0 0 0 0 0 0 0 0 0 0 0 0 0 0 0 0 0 0 0 0 0 0 0 0 0 0 0 
0 0 0 0 0 0 0 0 0 0 0 0 2.2471e+07 7.60497e+10 2.95678e+12 2.19909e+13 6.54139e+13 1.14417e+14 1.46395e+14 1.55404e+14 1.47643e+14 1.31742e+14 1.14059e+14 9.75521e+13 8.38035e+13 7.26215e+13 6.39719e+13 5.72892e+13 5.24388e+13 4.90123e+13 4.64407e+13 4.52679e+13 4.48046e+13 0 0 0 0 0 0 0 0 0 0 0 0 0 0 0 0 0 0 0 0 0 0 0 0 0 0 0 0 0 0 0 0 
0 0 0 0 0 0 0 0 0 0 0 0 0 1.69942e+10 1.47462e+12 1.73377e+13 6.98704e+13 1.50683e+14 2.23552e+14 2.63546e+14 2.7104e+14 2.56102e+14 2.31398e+14 2.04667e+14 1.79948e+14 1.58515e+14 1.41314e+14 1.27999e+14 1.17453e+14 1.0991e+14 1.04988e+14 1.01982e+14 1.01086e+14 0 0 0 0 0 0 0 0 0 0 0 0 0 0 0 0 0 0 0 0 0 0 0 0 0 0 0 0 0 0 0 0 
0 0 0 0 0 0 0 0 0 0 0 0 0 2.42342e+09 5.90931e+11 1.15685e+13 6.56248e+13 1.78714e+14 3.12392e+14 4.15895e+14 4.66685e+14 4.72149e+14 4.47742e+14 4.10781e+14 3.71097e+14 3.34066e+14 3.02351e+14 2.7594e+14 2.56441e+14 2.41129e+14 2.30755e+14 2.24834e+14 2.22971e+14 0 0 0 0 0 0 0 0 0 0 0 0 0 0 0 0 0 0 0 0 0 0 0 0 0 0 0 0 0 0 0 0 
0 0 0 0 0 0 0 0 0 0 0 0 0 1.81011e+08 1.8548e+11 6.48899e+12 5.35518e+13 1.89314e+14 3.98143e+14 6.053e+14 7.49949e+14 8.16655e+14 8.20655e+14 7.86975e+14 7.33433e+14 6.76788e+14 6.23539e+14 5.77559e+14 5.40104e+14 5.12609e+14 4.9329e+14 4.82155e+14 4.77261e+14 0 0 0 0 0 0 0 0 0 0 0 0 0 0 0 0 0 0 0 0 0 0 0 0 0 0 0 0 0 0 0 0 
0 0 0 0 0 0 0 0 0 0 0 0 0 5.4043e+06 4.37891e+10 3.02739e+12 3.77664e+13 1.77791e+14 4.58327e+14 8.09193e+14 1.12052e+15 1.32726e+15 1.42188e+15 1.42837e+15 1.38291e+15 1.31383e+15 1.23708e+15 1.16466e+15 1.10463e+15 1.05673e+15 1.02113e+15 1.00039e+15 9.9314e+14 0 0 0 0 0 0 0 0 0 0 0 0 0 0 0 0 0 0 0 0 0 0 0 0 0 0 0 0 0 0 0 0 
0 0 0 0 0 0 0 0 0 0 0 0 0 0 7.11461e+09 1.15792e+12 2.27517e+13 1.47006e+14 4.75161e+14 9.88653e+14 1.54785e+15 2.00934e+15 2.31239e+15 2.45682e+15 2.4818e+15 2.43805e+15 2.35359e+15 2.26002e+15 2.1701e+15 2.09435e+15 2.03955e+15 2.00573e+15 1.99688e+15 0 0 0 0 0 0 0 0 0 0 0 0 0 0 0 0 0 0 0 0 0 0 0 0 0 0 0 0 0 0 0 0 
0 0 0 0 0 0 0 0 0 0 0 0 0 0 6.9218e+08 3.55424e+11 1.16682e+13 1.06333e+14 4.40197e+14 1.09832e+15 1.96673e+15 2.83352e+15 3.52353e+15 3.97856e+15 4.22233e+15 4.29273e+15 4.27419e+15 4.19509e+15 4.09367e+15 4.00162e+15 3.92848e+15 3.87831e+15 3.86401e+15 0 0 0 0 0 0 0 0 0 0 0 0 0 0 0 0 0 0 0 0 0 0 0 0 0 0 0 0 0 0 0 0 
0 0 0 0 0 0 0 0 0 0 0 0 0 0 3.31686e+07 8.4286e+10 5.04172e+12 6.67471e+13 3.62164e+14 1.10105e+15 2.29099e+15 3.68851e+15 5.00964e+15 6.05807e+15 6.7743e+15 7.18882e+15 7.37752e+15 7.42462e+15 7.3846e+15 7.31406e+15 7.24414e+15 7.19415e+15 7.17753e+15 0 0 0 0 0 0 0 0 0 0 0 0 0 0 0 0 0 0 0 0 0 0 0 0 0 0 0 0 0 0 0 0 
0 0 0 0 0 0 0 0 0 0 0 0 0 0 743300 1.44733e+10 1.81276e+12 3.61803e+13 2.63056e+14 9.94208e+14 2.42953e+15 4.43481e+15 6.61936e+15 8.61814e+15 1.02136e+16 1.13425e+16 1.20705e+16 1.24792e+16 1.26898e+16 1.27732e+16 1.27833e+16 1.27644e+16 1.27683e+16 0 0 0 0 0 0 0 0 0 0 0 0 0 0 0 0 0 0 0 0 0 0 0 0 0 0 0 0 0 0 0 0 
0 0 0 0 0 0 0 0 0 0 0 0 0 0 0 1.58613e+09 5.3102e+11 1.6844e+13 1.67824e+14 8.01705e+14 2.33908e+15 4.88573e+15 8.0982e+15 1.14409e+16 1.44357e+16 1.68724e+16 1.86668e+16 1.99274e+16 2.07159e+16 2.11927e+16 2.14507e+16 2.16153e+16 2.16384e+16 0 0 0 0 0 0 0 0 0 0 0 0 0 0 0 0 0 0 0 0 0 0 0 0 0 0 0 0 0 0 0 0 
0 0 0 0 0 0 0 0 0 0 0 0 0 0 0 9.37727e+07 1.22737e+11 6.6774e+12 9.3757e+13 5.76732e+14 2.03698e+15 4.91536e+15 9.12833e+15 1.40799e+16 1.90792e+16 2.35403e+16 2.71983e+16 3.00129e+16 3.20399e+16 3.34192e+16 3.42853e+16 3.47924e+16 3.49454e+16 0 0 0 0 0 0 0 0 0 0 0 0 0 0 0 0 0 0 0 0 0 0 0 0 0 0 0 0 0 0 0 0 
0 0 0 0 0 0 0 0 0 0 0 0 0 0 0 2.96931e+06 2.09537e+10 2.22751e+12 4.54707e+13 3.66394e+14 1.5917e+15 4.50424e+15 9.45663e+15 1.60668e+16 2.34666e+16 3.07895e+16 3.72768e+16 4.26303e+16 4.68148e+16 4.98521e+16 5.19264e+16 5.30161e+16 5.3375e+16 0 0 0 0 0 0 0 0 0 0 0 0 0 0 0 0 0 0 0 0 0 0 0 0 0 0 0 0 0 0 0 0 
0 0 0 0 0 0 0 0 0 0 0 0 0 0 0 57471.8 2.37979e+09 6.09698e+11 1.90917e+13 2.06025e+14 1.11456e+15 3.7457e+15 8.97367e+15 1.69127e+16 2.6811e+16 3.74718e+16 4.7788e+16 5.69193e+16 6.44132e+16 7.01547e+16 7.41447e+16 7.64555e+16 7.72438e+16 0 0 0 0 0 0 0 0 0 0 0 0 0 0 0 0 0 0 0 0 0 0 0 0 0 0 0 0 0 0 0 0 
0 0 0 0 0 0 0 0 0 0 0 0 0 0 0 0 1.48099e+08 1.3323e+11 6.86704e+12 1.01703e+14 6.97049e+14 2.80638e+15 7.75024e+15 1.63429e+16 2.83181e+16 4.24504e+16 5.72181e+16 7.11509e+16 8.3221e+16 9.29055e+16 9.98226e+16 1.04042e+17 1.05395e+17 0 0 0 0 0 0 0 0 0 0 0 0 0 0 0 0 0 0 0 0 0 0 0 0 0 0 0 0 0 0 0 0 
0 0 0 0 0 0 0 0 0 0 0 0 0 0 0 0 5.35197e+06 2.16848e+10 2.09276e+12 4.39459e+13 3.87276e+14 1.89532e+15 6.10079e+15 1.44979e+16 2.75921e+16 4.46153e+16 6.37913e+16 8.30259e+16 1.00735e+17 1.15368e+17 1.26248e+17 1.32991e+17 1.35299e+17 0 0 0 0 0 0 0 0 0 0 0 0 0 0 0 0 0 0 0 0 0 0 0 0 0 0 0 0 0 0 0 0 
0 0 0 0 0 0 0 0 0 0 0 0 0 0 0 0 109510 2.36071e+09 5.26584e+11 1.64947e+13 1.90667e+14 1.14634e+15 4.34338e+15 1.17346e+16 2.47542e+16 4.332e+16 6.60319e+16 9.05117e+16 1.13933e+17 1.34309e+17 1.4984e+17 1.59537e+17 1.6284e+17 0 0 0 0 0 0 0 0 0 0 0 0 0 0 0 0 0 0 0 0 0 0 0 0 0 0 0 0 0 0 0 0 
0 0 0 0 0 0 0 0 0 0 0 0 0 0 0 0 2131.97 1.39661e+08 1.05218e+11 5.33206e+12 8.29411e+13 6.2103e+14 2.79057e+15 8.6474e+15 2.03201e+16 3.88418e+16 6.33227e+16 9.14084e+16 1.20097e+17 1.45825e+17 1.66382e+17 1.79348e+17 1.83734e+17 0 0 0 0 0 0 0 0 0 0 0 0 0 0 0 0 0 0 0 0 0 0 0 0 0 0 0 0 0 0 0 0 
0 0 0 0 0 0 0 0 0 0 0 0 0 0 0 0 0 4.57e+06 1.56185e+10 1.46203e+12 3.16246e+13 3.00125e+14 1.61914e+15 5.79502e+15 1.52687e+16 3.198e+16 5.61307e+16 8.58112e+16 1.17553e+17 1.477e+17 1.72075e+17 1.87895e+17 1.93394e+17 0 0 0 0 0 0 0 0 0 0 0 0 0 0 0 0 0 0 0 0 0 0 0 0 0 0 0 0 0 0 0 0 
0 0 0 0 0 0 0 0 0 0 0 0 0 0 0 0 0 92606.4 1.52217e+09 3.29262e+11 1.05322e+13 1.28764e+14 8.43213e+14 3.51859e+15 1.04798e+16 2.41736e+16 4.57969e+16 7.44346e+16 1.06946e+17 1.38899e+17 1.65723e+17 1.83539e+17 1.89832e+17 0 0 0 0 0 0 0 0 0 0 0 0 0 0 0 0 0 0 0 0 0 0 0 0 0 0 0 0 0 0 0 0 
0 0 0 0 0 0 0 0 0 0 0 0 0 0 0 0 0 0 7.52287e+07 5.835e+10 3.01352e+12 4.89483e+13 3.93652e+14 1.92901e+15 6.54239e+15 1.67218e+16 3.43871e+16 5.95758e+16 8.99821e+16 1.21226e+17 1.48252e+17 1.66756e+17 1.73362e+17 0 0 0 0 0 0 0 0 0 0 0 0 0 0 0 0 0 0 0 0 0 0 0 0 0 0 0 0 0 0 0 0 
0 0 0 0 0 0 0 0 0 0 0 0 0 0 0 0 0 0 1.84392e+06 7.4783e+09 7.25435e+11 1.63816e+13 1.64277e+14 9.54118e+14 3.7083e+15 1.05576e+16 2.36924e+16 4.39469e+16 6.9842e+16 9.78984e+16 1.23189e+17 1.40503e+17 1.4667e+17 0 0 0 0 0 0 0 0 0 0 0 0 0 0 0 0 0 0 0 0 0 0 0 0 0 0 0 0 0 0 0 0 
0 0 0 0 0 0 0 0 0 0 0 0 0 0 0 0 0 0 2632.48 5.98351e+08 1.42278e+11 4.74875e+12 6.10367e+13 4.25246e+14 1.9002e+15 6.08664e+15 1.4936e+16 2.97518e+16 5.00633e+16 7.30513e+16 9.4447e+16 1.09748e+17 1.15113e+17 0 0 0 0 0 0 0 0 0 0 0 0 0 0 0 0 0 0 0 0 0 0 0 0 0 0 0 0 0 0 0 0 
0 0 0 0 0 0 0 0 0 0 0 0 0 0 0 0 0 0 0 2.09875e+07 2.14265e+10 1.17975e+12 2.00931e+13 1.70033e+14 8.85313e+14 3.18777e+15 8.61335e+15 1.85006e+16 3.29711e+16 5.02513e+16 6.69131e+16 7.90553e+16 8.35617e+16 0 0 0 0 0 0 0 0 0 0 0 0 0 0 0 0 0 0 0 0 0 0 0 0 0 0 0 0 0 0 0 0 
0 0 0 0 0 0 0 0 0 0 0 0 0 0 0 0 0 0 0 112270 2.22858e+09 2.43131e+11 5.77872e+12 6.0855e+13 3.70834e+14 1.51621e+15 4.5275e+15 1.0532e+16 1.99529e+16 3.18151e+16 4.37542e+16 5.26093e+16 5.59266e+16 0 0 0 0 0 0 0 0 0 0 0 0 0 0 0 0 0 0 0 0 0 0 0 0 0 0 0 0 0 0 0 0 
0 0 0 0 0 0 0 0 0 0 0 0 0 0 0 0 0 0 0 0 1.29051e+08 4.00354e+10 1.43553e+12 1.93084e+13 1.40336e+14 6.5431e+14 2.17162e+15 5.47987e+15 1.10483e+16 1.8507e+16 2.62801e+16 3.22669e+16 3.44776e+16 0 0 0 0 0 0 0 0 0 0 0 0 0 0 0 0 0 0 0 0 0 0 0 0 0 0 0 0 0 0 0 0 
0 0 0 0 0 0 0 0 0 0 0 0 0 0 0 0 0 0 0 0 1.66752e+06 4.84963e+09 3.02003e+11 5.40714e+12 4.76268e+13 2.5544e+14 9.45528e+14 2.60222e+15 5.62167e+15 9.87606e+15 1.45195e+16 1.81474e+16 1.95826e+16 0 0 0 0 0 0 0 0 0 0 0 0 0 0 0 0 0 0 0 0 0 0 0 0 0 0 0 0 0 0 0 0 
0 0 0 0 0 0 0 0 0 0 0 0 0 0 0 0 0 0 0 0 3216.18 3.67967e+08 5.16032e+10 1.31602e+12 1.43823e+13 9.01642e+13 3.74393e+14 1.13052e+15 2.61271e+15 4.82736e+15 7.36276e+15 9.41904e+15 1.01873e+16 0 0 0 0 0 0 0 0 0 0 0 0 0 0 0 0 0 0 0 0 0 0 0 0 0 0 0 0 0 0 0 0 
0 0 0 0 0 0 0 0 0 0 0 0 0 0 0 0 0 0 0 0 0 1.11994e+07 6.75197e+09 2.73276e+11 3.84499e+12 2.85937e+13 1.34698e+14 4.4539e+14 1.10931e+15 2.16762e+15 3.41982e+15 4.47292e+15 4.88574e+15 0 0 0 0 0 0 0 0 0 0 0 0 0 0 0 0 0 0 0 0 0 0 0 0 0 0 0 0 0 0 0 0 
0 0 0 0 0 0 0 0 0 0 0 0 0 0 0 0 0 0 0 0 0 78487.4 6.03013e+08 4.70402e+10 8.98083e+11 8.11065e+12 4.36381e+13 1.60231e+14 4.30149e+14 8.87605e+14 1.45969e+15 1.9486e+15 2.14573e+15 0 0 0 0 0 0 0 0 0 0 0 0 0 0 0 0 0 0 0 0 0 0 0 0 0 0 0 0 0 0 0 0 
0 0 0 0 0 0 0 0 0 0 0 0 0 0 0 0 0 0 0 0 0 0 2.6481e+07 6.37287e+09 1.80738e+11 2.03467e+12 1.28037e+13 5.22792e+13 1.52111e+14 3.32875e+14 5.70544e+14 7.79564e+14 8.63828e+14 0 0 0 0 0 0 0 0 0 0 0 0 0 0 0 0 0 0 0 0 0 0 0 0 0 0 0 0 0 0 0 0 
0 0 0 0 0 0 0 0 0 0 0 0 0 0 0 0 0 0 0 0 0 0 650528 6.16063e+08 3.03807e+10 4.48505e+11 3.34363e+12 1.5428e+13 4.8926e+13 1.14013e+14 2.0324e+14 2.85682e+14 3.19246e+14 0 0 0 0 0 0 0 0 0 0 0 0 0 0 0 0 0 0 0 0 0 0 0 0 0 0 0 0 0 0 0 0 
0 0 0 0 0 0 0 0 0 0 0 0 0 0 0 0 0 0 0 0 0 0 1882.68 3.18959e+07 4.11668e+09 8.58225e+10 7.79483e+11 4.09777e+12 1.42807e+13 3.56609e+13 6.65361e+13 9.57134e+13 1.08017e+14 0 0 0 0 0 0 0 0 0 0 0 0 0 0 0 0 0 0 0 0 0 0 0 0 0 0 0 0 0 0 0 0 
0 0 0 0 0 0 0 0 0 0 0 0 0 0 0 0 0 0 0 0 0 0 0 1.16611e+06 4.15269e+08 1.38881e+10 1.60197e+11 9.80547e+11 3.79066e+12 1.01422e+13 1.982e+13 2.94014e+13 3.34787e+13 0 0 0 0 0 0 0 0 0 0 0 0 0 0 0 0 0 0 0 0 0 0 0 0 0 0 0 0 0 0 0 0 
0 0 0 0 0 0 0 0 0 0 0 0 0 0 0 0 0 0 0 0 0 0 0 24734.4 2.21437e+07 1.81455e+09 2.86897e+10 2.0885e+11 9.06744e+11 2.62395e+12 5.41291e+12 8.25247e+12 9.47432e+12 0 0 0 0 0 0 0 0 0 0 0 0 0 0 0 0 0 0 0 0 0 0 0 0 0 0 0 0 0 0 0 0 
0 0 0 0 0 0 0 0 0 0 0 0 0 0 0 0 0 0 0 0 0 0 0 0 984185 1.8513e+08 4.35889e+09 3.95536e+10 1.96288e+11 6.17759e+11 1.34384e+12 2.11013e+12 2.44908e+12 0 0 0 0 0 0 0 0 0 0 0 0 0 0 0 0 0 0 0 0 0 0 0 0 0 0 0 0 0 0 0 0 
0 0 0 0 0 0 0 0 0 0 0 0 0 0 0 0 0 0 0 0 0 0 0 0 25117.5 9.33041e+06 5.39937e+08 6.57845e+09 3.79037e+10 1.3172e+11 3.05842e+11 4.97532e+11 5.828e+11 0 0 0 0 0 0 0 0 0 0 0 0 0 0 0 0 0 0 0 0 0 0 0 0 0 0 0 0 0 0 0 0 
0 0 0 0 0 0 0 0 0 0 0 0 0 0 0 0 0 0 0 0 0 0 0 0 467.779 403439 5.47771e+07 9.34919e+08 6.50395e+09 2.55579e+10 6.34703e+10 1.06918e+11 1.26561e+11 0 0 0 0 0 0 0 0 0 0 0 0 0 0 0 0 0 0 0 0 0 0 0 0 0 0 0 0 0 0 0 0 
0 0 0 0 0 0 0 0 0 0 0 0 0 0 0 0 0 0 0 0 0 0 0 0 0 11480.8 2.17442e+06 1.05764e+08 9.94115e+08 4.45551e+09 1.19398e+10 2.09916e+10 2.52626e+10 0 0 0 0 0 0 0 0 0 0 0 0 0 0 0 0 0 0 0 0 0 0 0 0 0 0 0 0 0 0 0 0 
0 0 0 0 0 0 0 0 0 0 0 0 0 0 0 0 0 0 0 0 0 0 0 0 0 0 87126.9 1.08102e+07 1.32238e+08 6.87398e+08 2.0589e+09 3.80608e+09 4.65285e+09 0 0 0 0 0 0 0 0 0 0 0 0 0 0 0 0 0 0 0 0 0 0 0 0 0 0 0 0 0 0 0 0 
0 0 0 0 0 0 0 0 0 0 0 0 0 0 0 0 0 0 0 0 0 0 0 0 0 0 0 280785 1.25905e+07 9.68405e+07 3.20692e+08 6.24768e+08 7.80611e+08 0 0 0 0 0 0 0 0 0 0 0 0 0 0 0 0 0 0 0 0 0 0 0 0 0 0 0 0 0 0 0 0 
0 0 0 0 0 0 0 0 0 0 0 0 0 0 0 0 0 0 0 0 0 0 0 0 0 0 0 0 1.56966e+06 1.17616e+07 4.34324e+07 9.63455e+07 1.18485e+08 0 0 0 0 0 0 0 0 0 0 0 0 0 0 0 0 0 0 0 0 0 0 0 0 0 0 0 0 0 0 0 0 
0 0 0 0 0 0 0 0 0 0 0 0 0 0 0 0 0 0 0 0 0 0 0 0 0 0 0 0 802.185 843475 5.98246e+06 1.27381e+07 1.71722e+07 0 0 0 0 0 0 0 0 0 0 0 0 0 0 0 0 0 0 0 0 0 0 0 0 0 0 0 0 0 0 0 0 
0 0 0 0 0 0 0 0 0 0 0 0 0 0 0 0 0 0 0 0 0 0 0 0 0 0 0 0 0 174384 656474 1.51185e+06 2.4579e+06 0 0 0 0 0 0 0 0 0 0 0 0 0 0 0 0 0 0 0 0 0 0 0 0 0 0 0 0 0 0 0 0 
0 0 0 0 0 0 0 0 0 0 0 0 0 0 0 0 0 0 0 0 0 0 0 0 0 0 0 0 0 0 18238.9 276587 186276 0 0 0 0 0 0 0 0 0 0 0 0 0 0 0 0 0 0 0 0 0 0 0 0 0 0 0 0 0 0 0 0 
0 0 0 0 0 0 0 0 0 0 0 0 0 0 0 0 0 0 0 0 0 0 0 0 0 0 0 0 0 0 19272.9 17304.7 44511.9 0 0 0 0 0 0 0 0 0 0 0 0 0 0 0 0 0 0 0 0 0 0 0 0 0 0 0 0 0 0 0 0 
0 0 0 0 0 0 0 0 0 0 0 0 0 0 0 0 0 0 0 0 0 0 0 0 0 0 0 0 0 0 0 0 8011.67 0 0 0 0 0 0 0 0 0 0 0 0 0 0 0 0 0 0 0 0 0 0 0 0 0 0 0 0 0 0 0 0 
0 0 0 0 0 0 0 0 0 0 0 0 0 0 0 0 0 0 0 0 0 0 0 0 0 0 0 0 0 0 0 1332.02 0 0 0 0 0 0 0 0 0 0 0 0 0 0 0 0 0 0 0 0 0 0 0 0 0 0 0 0 0 0 0 0 0 
0 0 0 0 0 0 0 0 0 0 0 0 0 0 0 0 0 0 0 0 0 0 0 0 0 0 0 0 0 0 0 0 0 0 0 0 0 0 0 0 0 0 0 0 0 0 0 0 0 0 0 0 0 0 0 0 0 0 0 0 0 0 0 0 0 
0 0 0 0 0 0 0 0 0 0 0 0 0 0 0 0 0 0 0 0 0 0 0 0 0 0 0 0 0 0 0 0 41.6257 0 0 0 0 0 0 0 0 0 0 0 0 0 0 0 0 0 0 0 0 0 0 0 0 0 0 0 0 0 0 0 0 
0 0 0 0 0 0 0 0 0 0 0 0 0 0 0 0 0 0 0 0 0 0 0 0 0 0 0 0 0 0 0 0 0 0 0 0 0 0 0 0 0 0 0 0 0 0 0 0 0 0 0 0 0 0 0 0 0 0 0 0 0 0 0 0 0 
0 0 0 0 0 0 0 0 0 0 0 0 0 0 0 0 0 0 0 0 0 0 0 0 0 0 0 0 0 0 0 0 0 0 0 0 0 0 0 0 0 0 0 0 0 0 0 0 0 0 0 0 0 0 0 0 0 0 0 0 0 0 0 0 0 
0 0 0 0 0 0 0 0 0 0 0 0 0 0 0 0 0 0 0 0 0 0 0 0 0 0 0 0 0 0 0 0 0 0 0 0 0 0 0 0 0 0 0 0 0 0 0 0 0 0 0 0 0 0 0 0 0 0 0 0 0 0 0 0 0 
0 0 0 0 0 0 0 0 0 0 0 0 0 0 0 0 0 0 0 0 0 0 0 0 0 0 0 0 0 0 0 0 0 0 0 0 0 0 0 0 0 0 0 0 0 0 0 0 0 0 0 0 0 0 0 0 0 0 0 0 0 0 0 0 0 
0 0 0 0 0 0 0 0 0 0 0 0 0 0 0 0 0 0 0 0 0 0 0 0 0 0 0 0 0 0 0 0 0 0 0 0 0 0 0 0 0 0 0 0 0 0 0 0 0 0 0 0 0 0 0 0 0 0 0 0 0 0 0 0 0 
0 0 0 0 0 0 0 0 0 0 0 0 0 0 0 0 0 0 0 0 0 0 0 0 0 0 0 0 0 0 0 0 0 0 0 0 0 0 0 0 0 0 0 0 0 0 0 0 0 0 0 0 0 0 0 0 0 0 0 0 0 0 0 0 0 
0 0 0 0 0 0 0 0 0 0 0 0 0 0 0 0 0 0 0 0 0 0 0 0 0 0 0 0 0 0 0 0 0 0 0 0 0 0 0 0 0 0 0 0 0 0 0 0 0 0 0 0 0 0 0 0 0 0 0 0 0 0 0 0 0 
0 0 0 0 0 0 0 0 0 0 0 0 0 0 0 0 0 0 0 0 0 0 0 0 0 0 0 0 0 0 0 0 0 0 0 0 0 0 0 0 0 0 0 0 0 0 0 0 0 0 0 0 0 0 0 0 0 0 0 0 0 0 0 0 0 
0 0 0 0 0 0 0 0 0 0 0 0 0 0 0 0 0 0 0 0 0 0 0 0 0 0 0 0 0 0 0 0 0 0 0 0 0 0 0 0 0 0 0 0 0 0 0 0 0 0 0 0 0 0 0 0 0 0 0 0 0 0 0 0 0 
0 0 0 0 0 0 0 0 0 0 0 0 0 0 0 0 0 0 0 0 0 0 0 0 0 0 0 0 0 0 0 0 0 0 0 0 0 0 0 0 0 0 0 0 0 0 0 0 0 0 0 0 0 0 0 0 0 0 0 0 0 0 0 0 0 
0 0 0 0 0 0 0 0 0 0 0 0 0 0 0 0 0 0 0 0 0 0 0 0 0 0 0 0 0 0 0 0 0 0 0 0 0 0 0 0 0 0 0 0 0 0 0 0 0 0 0 0 0 0 0 0 0 0 0 0 0 0 0 0 0 
0 0 0 0 0 0 0 0 0 0 0 0 0 0 0 0 0 0 0 0 0 0 0 0 0 0 0 0 0 0 0 0 0 0 0 0 0 0 0 0 0 0 0 0 0 0 0 0 0 0 0 0 0 0 0 0 0 0 0 0 0 0 0 0 0 
0 0 0 0 0 0 0 0 0 0 0 0 0 0 0 0 0 0 0 0 0 0 0 0 0 0 0 0 0 0 0 0 0 0 0 0 0 0 0 0 0 0 0 0 0 0 0 0 0 0 0 0 0 0 0 0 0 0 0 0 0 0 0 0 0 
0 0 0 0 0 0 0 0 0 0 0 0 0 0 0 0 0 0 0 0 0 0 0 0 0 0 0 0 0 0 0 0 0 0 0 0 0 0 0 0 0 0 0 0 0 0 0 0 0 0 0 0 0 0 0 0 0 0 0 0 0 0 0 0 0 
0 0 0 0 0 0 0 0 0 0 0 0 0 0 0 0 0 0 0 0 0 0 0 0 0 0 0 0 0 0 0 0 0 0 0 0 0 0 0 0 0 0 0 0 0 0 0 0 0 0 0 0 0 0 0 0 0 0 0 0 0 0 0 0 0 
0 0 0 0 0 0 0 0 0 0 0 0 0 0 0 0 0 0 0 0 0 0 0 0 0 0 0 0 0 0 0 0 0 0 0 0 0 0 0 0 0 0 0 0 0 0 0 0 0 0 0 0 0 0 0 0 0 0 0 0 0 0 0 0 0 
0 0 0 0 0 0 0 0 0 0 0 0 0 0 0 0 0 0 0 0 0 0 0 0 0 0 0 0 0 0 0 0 0 0 0 0 0 0 0 0 0 0 0 0 0 0 0 0 0 0 0 0 0 0 0 0 0 0 0 0 0 0 0 0 0 
0 0 0 0 0 0 0 0 0 0 0 0 0 0 0 0 0 0 0 0 0 0 0 0 0 0 0 0 0 0 0 0 0 0 0 0 0 0 0 0 0 0 0 0 0 0 0 0 0 0 0 0 0 0 0 0 0 0 0 0 0 0 0 0 0 
0 0 0 0 0 0 0 0 0 0 0 0 0 0 0 0 0 0 0 0 0 0 0 0 0 0 0 0 0 0 0 0 0 0 0 0 0 0 0 0 0 0 0 0 0 0 0 0 0 0 0 0 0 0 0 0 0 0 0 0 0 0 0 0 0 
0 0 0 0 0 0 0 0 0 0 0 0 0 0 0 0 0 0 0 0 0 0 0 0 0 0 0 0 0 0 0 0 0 0 0 0 0 0 0 0 0 0 0 0 0 0 0 0 0 0 0 0 0 0 0 0 0 0 0 0 0 0 0 0 0 
0 0 0 0 0 0 0 0 0 0 0 0 0 0 0 0 0 0 0 0 0 0 0 0 0 0 0 0 0 0 0 0 0 0 0 0 0 0 0 0 0 0 0 0 0 0 0 0 0 0 0 0 0 0 0 0 0 0 0 0 0 0 0 0 0 
0 0 0 0 0 0 0 0 0 0 0 0 0 0 0 0 0 0 0 0 0 0 0 0 0 0 0 0 0 0 0 0 0 0 0 0 0 0 0 0 0 0 0 0 0 0 0 0 0 0 0 0 0 0 0 0 0 0 0 0 0 0 0 0 0 
0 0 0 0 0 0 0 0 0 0 0 0 0 0 0 0 0 0 0 0 0 0 0 0 0 0 0 0 0 0 0 0 0 0 0 0 0 0 0 0 0 0 0 0 0 0 0 0 0 0 0 0 0 0 0 0 0 0 0 0 0 0 0 0 0 
0 0 0 0 0 0 0 0 0 0 0 0 0 0 0 0 0 0 0 0 0 0 0 0 0 0 0 0 0 0 0 0 0 0 0 0 0 0 0 0 0 0 0 0 0 0 0 0 0 0 0 0 0 0 0 0 0 0 0 0 0 0 0 0 0 
0 0 0 0 0 0 0 0 0 0 0 0 0 0 0 0 0 0 0 0 0 0 0 0 0 0 0 0 0 0 0 0 0 0 0 0 0 0 0 0 0 0 0 0 0 0 0 0 0 0 0 0 0 0 0 0 0 0 0 0 0 0 0 0 0 
0 0 0 0 0 0 0 0 0 0 0 0 0 0 0 0 0 0 0 0 0 0 0 0 0 0 0 0 0 0 0 0 0 0 0 0 0 0 0 0 0 0 0 0 0 0 0 0 0 0 0 0 0 0 0 0 0 0 0 0 0 0 0 0 0 
0 0 0 0 0 0 0 0 0 0 0 0 0 0 0 0 0 0 0 0 0 0 0 0 0 0 0 0 0 0 0 0 0 0 0 0 0 0 0 0 0 0 0 0 0 0 0 0 0 0 0 0 0 0 0 0 0 0 0 0 0 0 0 0 0 
0 0 0 0 0 0 0 0 0 0 0 0 0 0 0 0 0 0 0 0 0 0 0 0 0 0 0 0 0 0 0 0 0 0 0 0 0 0 0 0 0 0 0 0 0 0 0 0 0 0 0 0 0 0 0 0 0 0 0 0 0 0 0 0 0 
0 0 0 0 0 0 0 0 0 0 0 0 0 0 0 0 0 0 0 0 0 0 0 0 0 0 0 0 0 0 0 0 0 0 0 0 0 0 0 0 0 0 0 0 0 0 0 0 0 0 0 0 0 0 0 0 0 0 0 0 0 0 0 0 0 
0 0 0 0 0 0 0 0 0 0 0 0 0 0 0 0 0 0 0 0 0 0 0 0 0 0 0 0 0 0 0 0 0 0 0 0 0 0 0 0 0 0 0 0 0 0 0 0 0 0 0 0 0 0 0 0 0 0 0 0 0 0 0 0 0 
0 0 0 0 0 0 0 0 0 0 0 0 0 0 0 0 0 0 0 0 0 0 0 0 0 0 0 0 0 0 0 0 0 0 0 0 0 0 0 0 0 0 0 0 0 0 0 0 0 0 0 0 0 0 0 0 0 0 0 0 0 0 0 0 0 
0 0 0 0 0 0 0 0 0 0 0 0 0 0 0 0 0 0 0 0 0 0 0 0 0 0 0 0 0 0 0 0 0 0 0 0 0 0 0 0 0 0 0 0 0 0 0 0 0 0 0 0 0 0 0 0 0 0 0 0 0 0 0 0 0 
