1 0 0 0 0 0 0 0 0 0 0 0 0 0 0 0 0 0 0 0 0 0 0 0 0 0 0 0 0 0 0 0 0 0 0 0 0 0 0 0 0 0 0 0 0 0 0 0 0 0 0 0 0 0 0 0 0 0 0 0 0 0 0 0 1 
0 0 0 0 0 0 0 0 0 0 0 0 0 0 0 0 0 0 0 0 0 0 0 0 0 0 0 0 0 0 0 0 0 0 0 0 0 0 0 0 0 0 0 0 0 0 0 0 0 0 0 0 0 0 0 0 0 0 0 0 0 0 0 0 0 
0 0 0 0 0 0 0 0 0 0 0 0 0 0 0 0 0 0 0 0 0 0 0 0 0 0 0 0 0 0 0 0 0 0 0 0 0 0 0 0 0 0 0 0 0 0 0 0 0 0 0 0 0 0 0 0 0 0 0 0 0 0 0 0 0 
0 0 0 0 0 0 0 0 0 0 0 0 0 0 0 0 0 0 0 0 0 0 0 0 0 0 0 0 0 0 0 0 0 0 0 0 0 0 0 0 0 0 0 0 0 0 0 0 0 0 0 0 0 0 0 0 0 0 0 0 0 0 0 0 0 
0 64 0 0 0 0 0 0 0 0 0 0 0 0 0 0 0 0 0 0 0 0 0 0 0 0 0 0 0 0 0 0 0 0 0 0 0 0 0 0 0 0 0 0 0 0 0 0 0 0 0 0 0 0 0 0 0 0 0 0 0 0 0 0 0 
0 0 0 0 0 0 0 0 0 0 0 0 0 0 0 0 0 0 0 0 0 0 0 0 0 0 0 0 0 0 0 0 0 0 0 0 0 0 0 0 0 0 0 0 0 0 0 0 0 0 0 0 0 0 0 0 0 0 0 0 0 0 0 0 0 
0 0 0 0 0 0 0 0 0 0 0 0 0 0 0 0 0 0 0 0 0 0 0 0 0 0 0 0 0 0 0 0 0 0 0 0 0 0 0 0 0 0 0 0 0 0 0 0 0 0 0 0 0 0 0 0 0 0 0 0 0 0 0 0 0 
0 0 256 0 0 0 0 0 0 0 0 0 0 0 0 0 0 0 0 0 0 0 0 0 0 0 0 0 0 0 0 0 0 0 0 0 0 0 0 0 0 0 0 0 0 0 0 0 0 0 0 0 0 0 0 0 0 0 0 0 0 0 0 0 0 
0 0 1760 0 0 0 0 0 0 0 0 0 0 0 0 0 0 0 0 0 0 0 0 0 0 0 0 0 0 0 0 0 0 0 0 0 0 0 0 0 0 0 0 0 0 0 0 0 0 0 0 0 0 0 0 0 0 0 0 0 0 0 0 0 0 
0 0 0 128.581 0 0 0 0 0 0 0 0 0 0 0 0 0 0 0 0 0 0 0 0 0 0 0 0 0 0 0 0 0 0 0 0 0 0 0 0 0 0 0 0 0 0 0 0 0 0 0 0 0 0 0 0 0 0 0 0 0 0 0 0 0 
0 0 0 1405.14 0 0 0 0 0 0 0 0 0 0 0 0 0 0 0 0 0 0 0 0 0 0 0 0 0 0 0 0 0 0 0 0 0 0 0 0 0 0 0 0 0 0 0 0 0 0 0 0 0 0 0 0 0 0 0 0 0 0 0 0 0 
0 0 0 12676 191.445 0 0 0 0 0 0 0 0 0 0 0 0 0 0 0 0 0 0 0 0 0 0 0 0 0 0 0 0 0 0 0 0 0 0 0 0 0 0 0 0 0 0 0 0 0 0 0 0 0 0 0 0 0 0 0 0 0 0 0 0 
0 0 0 27454.3 1797.6 0 0 0 0 0 0 0 0 0 0 0 0 0 0 0 0 0 0 0 0 0 0 0 0 0 0 0 0 0 0 0 0 0 0 0 0 0 0 0 0 0 0 0 0 0 0 0 0 0 0 0 0 0 0 0 0 0 0 0 0 
0 0 0 0 14458 383.715 0 0 0 0 0 0 0 0 0 0 0 0 0 0 0 0 0 0 0 0 0 0 0 0 0 0 0 0 0 0 0 0 0 0 0 0 0 0 0 0 0 0 0 0 0 0 0 0 0 0 0 0 0 0 0 0 0 0 0 
0 0 0 0 84108.4 4027.36 0 0 0 0 0 0 0 0 0 0 0 0 0 0 0 0 0 0 0 0 0 0 0 0 0 0 0 0 0 0 0 0 0 0 0 0 0 0 0 0 0 0 0 0 0 0 0 0 0 0 0 0 0 0 0 0 0 0 0 
0 0 0 0 264358 26049.4 1402.51 0 0 0 0 0 0 0 0 0 0 0 0 0 0 0 0 0 0 0 0 0 0 0 0 0 0 0 0 0 0 0 0 0 0 0 0 0 0 0 0 0 0 0 0 0 0 0 0 0 0 0 0 0 0 0 0 0 0 
0 0 0 0 270463 146997 9455.26 448.694 48.0546 0 0 0 0 0 0 0 4.00986 0 0 0 0 0 0 0 0 0 0 0 0 0 0 0 3.95827 0 0 0 0 0 0 0 0 0 0 0 0 0 0 0 0 0 0 0 0 0 0 0 0 0 0 0 0 0 0 0 0 
0 0 0 0 0 655888 66413.6 4212.33 0 0 0 0 0 0 0 0 0 0 0 0 0 0 0 0 0 0 0 0 0 0 0 0 0 0 0 0 0 0 0 0 0 0 0 0 0 0 0 0 0 0 0 0 0 0 0 0 0 0 0 0 0 0 0 0 0 
0 0 0 0 0 1.95215e+06 340277 32178.3 4040.78 448.369 0 0 0 0 0 64.1577 0 0 0 0 0 0 0 0 0 0 0 0 0 0 0 0 0 0 0 0 0 0 0 0 0 0 0 0 0 0 0 0 0 0 0 0 0 0 0 0 0 0 0 0 0 0 0 0 0 
0 0 0 0 0 3.06487e+06 1.46301e+06 192413 15816.7 4223.22 1280.99 385.76 192.083 128.265 192.602 0 0 128.106 0 0 0 0 0 0 0 0 0 0 0 0 0 126.665 0 0 0 0 0 0 0 0 0 0 0 0 0 0 0 0 0 0 0 0 0 0 0 0 0 0 0 0 0 0 0 0 0 
0 0 0 0 0 1.77415e+06 5.28388e+06 921723 125820 10064.5 3261.63 1723.99 817.22 575.311 288.581 0 0 64.14 0 0 0 0 0 0 0 0 0 0 0 0 0 0 0 0 0 0 0 0 0 0 0 0 0 0 0 0 0 0 0 0 0 0 0 0 0 0 0 0 0 0 0 0 0 0 0 
0 0 0 0 0 0 1.40322e+07 3.91798e+06 627559 100561 16514.1 3456.37 2176.37 1161.02 0 0 1920.39 0 384.106 0 0 0 0 0 0 0 0 0 0 0 444.066 0 0 0 0 0 0 0 0 0 0 0 0 0 0 0 0 0 0 0 0 0 0 0 0 0 0 0 0 0 0 0 0 0 0 
0 0 0 0 0 0 2.38541e+07 1.38521e+07 2.89108e+06 518921 104593 31886.7 11149.7 5014.32 3324.76 5401.42 1155.31 0 1730.14 255.871 0 0 0 0 0 0 0 0 0 254.158 1519.24 0 3965.62 0 0 0 0 0 0 0 0 0 0 0 0 0 0 0 0 0 0 0 0 0 0 0 0 0 0 0 0 0 0 0 0 
0 0 0 0 0 0 2.19581e+07 4.1737e+07 1.14456e+07 2.27402e+06 503223 133619 50225.4 24163.9 17865.5 11869.5 0 5378.22 2116.21 1140.43 381.988 0 0 0 0 0 0 0 381.972 1906.42 0 0 131.761 0 0 0 0 0 0 0 0 0 0 0 0 0 0 0 0 0 0 0 0 0 0 0 0 0 0 0 0 0 0 0 0 
0 0 0 0 0 0 7.96551e+06 9.80317e+07 4.02984e+07 9.92208e+06 2.07559e+06 565316 189918 91927.6 53955.3 14237.8 14311.9 25157.9 3597.29 9285.41 1630.57 772.371 0 0 97.388 0 0 767.547 2573.33 8746.66 0 13440.4 0 0 0 0 0 0 0 0 0 0 0 0 0 0 0 0 0 0 0 0 0 0 0 0 0 0 0 0 0 0 0 0 0 
0 0 0 0 0 0 0 1.62713e+08 1.22213e+08 3.69709e+07 9.61492e+06 2.45227e+06 802461 330069 144834 83183.1 93112.9 43544.7 15565.9 23878.6 9191.41 3480.34 2584.33 903.3 0 908.359 2696.81 5735.44 12948.6 8725.8 7437.49 46931 0 0 0 0 0 0 0 0 0 0 0 0 0 0 0 0 0 0 0 0 0 0 0 0 0 0 0 0 0 0 0 0 0 
0 0 0 0 0 0 0 1.72619e+08 3.13584e+08 1.24927e+08 3.60766e+07 1.0296e+07 3.33684e+06 1.2615e+06 597601 392276 262932 64791.8 136350 50794.1 49488.4 14635.3 6590.5 7664.2 7848.86 7727.65 12686.7 23324.6 41134.4 10708.1 56224.3 3160.01 44307.6 0 0 0 0 0 0 0 0 0 0 0 0 0 0 0 0 0 0 0 0 0 0 0 0 0 0 0 0 0 0 0 0 
0 0 0 0 0 0 0 1.02371e+08 6.50914e+08 3.74938e+08 1.27259e+08 3.87374e+07 1.2486e+07 4.85772e+06 2.29357e+06 1.30715e+06 590772 443504 365275 147477 154838 88732.2 39377.1 16165.1 22530.4 40607 57465.4 82229.1 80511.3 73791 261935 23954.5 306301 0 0 0 0 0 0 0 0 0 0 0 0 0 0 0 0 0 0 0 0 0 0 0 0 0 0 0 0 0 0 0 0 
0 0 0 0 0 0 0 2.48235e+07 1.01552e+09 9.83144e+08 4.13846e+08 1.39944e+08 4.74071e+07 1.78172e+07 8.07279e+06 3.94078e+06 2.16802e+06 1.74202e+06 964554 702588 468496 325931 209171 165145 141418 146730 203257 269523 183986 375442 316487 261959 573638 0 0 0 0 0 0 0 0 0 0 0 0 0 0 0 0 0 0 0 0 0 0 0 0 0 0 0 0 0 0 0 0 
0 0 0 0 0 0 0 0 1.1101e+09 2.19614e+09 1.20534e+09 4.66795e+08 1.67214e+08 6.49602e+07 2.77427e+07 1.37931e+07 8.42365e+06 5.32588e+06 2.83792e+06 2.46442e+06 1.47085e+06 1.192e+06 797603 630447 603123 642267 674820 613080 661987 1.27867e+06 370528 1.48244e+06 260603 0 0 0 0 0 0 0 0 0 0 0 0 0 0 0 0 0 0 0 0 0 0 0 0 0 0 0 0 0 0 0 0 
0 0 0 0 0 0 0 0 7.85943e+08 4.03691e+09 3.13165e+09 1.42903e+09 5.60917e+08 2.20462e+08 9.63759e+07 4.78111e+07 2.74298e+07 1.54796e+07 1.04891e+07 7.70705e+06 5.01102e+06 3.94074e+06 3.02976e+06 2.24714e+06 1.81989e+06 1.79753e+06 1.91266e+06 1.81947e+06 2.5736e+06 2.55017e+06 2.01294e+06 4.11565e+06 1.61421e+06 0 0 0 0 0 0 0 0 0 0 0 0 0 0 0 0 0 0 0 0 0 0 0 0 0 0 0 0 0 0 0 0 
0 0 0 0 0 0 0 0 3.18685e+08 5.80829e+09 7.16918e+09 4.02632e+09 1.75585e+09 7.28646e+08 3.21467e+08 1.58341e+08 8.46523e+07 4.99208e+07 3.54468e+07 2.25729e+07 1.7007e+07 1.22585e+07 9.77068e+06 7.73484e+06 6.77994e+06 6.16907e+06 5.52774e+06 5.91863e+06 7.61628e+06 4.78076e+06 8.40639e+06 5.74818e+06 7.89772e+06 0 0 0 0 0 0 0 0 0 0 0 0 0 0 0 0 0 0 0 0 0 0 0 0 0 0 0 0 0 0 0 0 
0 0 0 0 0 0 0 0 5.38052e+07 6.2166e+09 1.4061e+10 1.02523e+10 5.12622e+09 2.29297e+09 1.03848e+09 5.03273e+08 2.68921e+08 1.64279e+08 1.0648e+08 6.92282e+07 5.29183e+07 3.83077e+07 3.05155e+07 2.51424e+07 2.11151e+07 1.82445e+07 1.70703e+07 1.86786e+07 1.72244e+07 1.57736e+07 2.35368e+07 1.24537e+07 2.58206e+07 0 0 0 0 0 0 0 0 0 0 0 0 0 0 0 0 0 0 0 0 0 0 0 0 0 0 0 0 0 0 0 0 
0 0 0 0 0 0 0 0 0 4.67544e+09 2.2981e+10 2.33421e+10 1.38506e+10 6.77271e+09 3.19529e+09 1.57779e+09 8.47454e+08 5.01505e+08 3.1143e+08 2.16803e+08 1.56998e+08 1.16752e+08 9.24179e+07 7.44137e+07 6.12328e+07 5.36691e+07 5.14653e+07 5.10746e+07 4.29103e+07 5.38874e+07 4.75942e+07 4.86448e+07 5.30351e+07 0 0 0 0 0 0 0 0 0 0 0 0 0 0 0 0 0 0 0 0 0 0 0 0 0 0 0 0 0 0 0 0 
0 0 0 0 0 0 0 0 0 2.32422e+09 3.02419e+10 4.69062e+10 3.42086e+10 1.88015e+10 9.43046e+09 4.77516e+09 2.57679e+09 1.48819e+09 9.32085e+08 6.47825e+08 4.50194e+08 3.45894e+08 2.66677e+08 2.18188e+08 1.83239e+08 1.61884e+08 1.49446e+08 1.33325e+08 1.28369e+08 1.43937e+08 1.08069e+08 1.5114e+08 1.07057e+08 0 0 0 0 0 0 0 0 0 0 0 0 0 0 0 0 0 0 0 0 0 0 0 0 0 0 0 0 0 0 0 0 
0 0 0 0 0 0 0 0 0 6.69653e+08 3.07355e+10 8.11334e+10 7.67807e+10 4.86594e+10 2.64596e+10 1.39783e+10 7.59045e+09 4.39501e+09 2.77609e+09 1.85351e+09 1.3084e+09 9.99698e+08 7.63977e+08 6.23676e+08 5.27159e+08 4.58993e+08 4.0397e+08 3.62262e+08 3.73992e+08 3.38813e+08 3.31477e+08 3.63721e+08 3.09566e+08 0 0 0 0 0 0 0 0 0 0 0 0 0 0 0 0 0 0 0 0 0 0 0 0 0 0 0 0 0 0 0 0 
0 0 0 0 0 0 0 0 0 8.05382e+07 2.32484e+10 1.18222e+11 1.53743e+11 1.1616e+11 7.00181e+10 3.8978e+10 2.17385e+10 1.27315e+10 7.97639e+09 5.23668e+09 3.7477e+09 2.77823e+09 2.16071e+09 1.74067e+09 1.45891e+09 1.24874e+09 1.09528e+09 1.02194e+09 9.80976e+08 8.5983e+08 9.55052e+08 8.25393e+08 9.27461e+08 0 0 0 0 0 0 0 0 0 0 0 0 0 0 0 0 0 0 0 0 0 0 0 0 0 0 0 0 0 0 0 0 
0 0 0 0 0 0 0 0 0 0 1.25607e+10 1.41374e+11 2.71836e+11 2.53293e+11 1.72574e+11 1.03441e+11 6.02825e+10 3.58264e+10 2.21894e+10 1.47356e+10 1.04165e+10 7.61987e+09 5.94418e+09 4.76026e+09 3.97286e+09 3.40801e+09 3.00697e+09 2.77748e+09 2.48639e+09 2.39098e+09 2.40038e+09 2.16823e+09 2.3813e+09 0 0 0 0 0 0 0 0 0 0 0 0 0 0 0 0 0 0 0 0 0 0 0 0 0 0 0 0 0 0 0 0 
0 0 0 0 0 0 0 0 0 0 4.52218e+09 1.34372e+11 4.15906e+11 5.00573e+11 3.96174e+11 2.60269e+11 1.59643e+11 9.74696e+10 6.13617e+10 4.08132e+10 2.83387e+10 2.08505e+10 1.60669e+10 1.28282e+10 1.06274e+10 9.06448e+09 8.01112e+09 7.20794e+09 6.55014e+09 6.41037e+09 5.871e+09 5.96289e+09 5.76595e+09 0 0 0 0 0 0 0 0 0 0 0 0 0 0 0 0 0 0 0 0 0 0 0 0 0 0 0 0 0 0 0 0 
0 0 0 0 0 0 0 0 0 0 9.45054e+08 9.88351e+10 5.41757e+11 8.84006e+11 8.38067e+11 6.149e+11 4.03026e+11 2.55604e+11 1.6499e+11 1.0953e+11 7.61372e+10 5.59474e+10 4.27023e+10 3.41106e+10 2.80551e+10 2.38437e+10 2.09821e+10 1.86413e+10 1.72353e+10 1.63396e+10 1.51984e+10 1.54542e+10 1.45582e+10 0 0 0 0 0 0 0 0 0 0 0 0 0 0 0 0 0 0 0 0 0 0 0 0 0 0 0 0 0 0 0 0 
0 0 0 0 0 0 0 0 0 0 8.17342e+07 5.45948e+10 5.85542e+11 1.37949e+12 1.61579e+12 1.35337e+12 9.66007e+11 6.44957e+11 4.26823e+11 2.87738e+11 2.01844e+11 1.47338e+11 1.12081e+11 8.89617e+10 7.30398e+10 6.18656e+10 5.38119e+10 4.80555e+10 4.45037e+10 4.08528e+10 3.95588e+10 3.82681e+10 3.81079e+10 0 0 0 0 0 0 0 0 0 0 0 0 0 0 0 0 0 0 0 0 0 0 0 0 0 0 0 0 0 0 0 0 
0 0 0 0 0 0 0 0 0 0 0 2.17249e+10 5.14962e+11 1.87148e+12 2.81646e+12 2.75566e+12 2.17165e+12 1.55096e+12 1.06589e+12 7.36787e+11 5.20914e+11 3.8045e+11 2.89884e+11 2.29423e+11 1.87307e+11 1.58446e+11 1.36973e+11 1.23044e+11 1.12083e+11 1.03997e+11 1.00253e+11 9.56841e+10 9.65942e+10 0 0 0 0 0 0 0 0 0 0 0 0 0 0 0 0 0 0 0 0 0 0 0 0 0 0 0 0 0 0 0 0 
0 0 0 0 0 0 0 0 0 0 0 5.79035e+09 3.60811e+11 2.1714e+12 4.3868e+12 5.15802e+12 4.57718e+12 3.5284e+12 2.55299e+12 1.81805e+12 1.30773e+12 9.66322e+11 7.37769e+11 5.80691e+11 4.73615e+11 3.99576e+11 3.46356e+11 3.0885e+11 2.79597e+11 2.61792e+11 2.48926e+11 2.41531e+11 2.39049e+11 0 0 0 0 0 0 0 0 0 0 0 0 0 0 0 0 0 0 0 0 0 0 0 0 0 0 0 0 0 0 0 0 
0 0 0 0 0 0 0 0 0 0 0 8.79574e+08 1.96479e+11 2.11918e+12 6.04562e+12 8.77669e+12 8.96084e+12 7.57613e+12 5.84064e+12 4.32631e+12 3.19473e+12 2.39417e+12 1.83161e+12 1.45041e+12 1.18288e+12 9.94225e+11 8.60339e+11 7.64196e+11 6.94928e+11 6.48828e+11 6.119e+11 5.9837e+11 5.89012e+11 0 0 0 0 0 0 0 0 0 0 0 0 0 0 0 0 0 0 0 0 0 0 0 0 0 0 0 0 0 0 0 0 
0 0 0 0 0 0 0 0 0 0 0 5.43358e+07 8.11332e+10 1.71046e+12 7.25933e+12 1.34884e+13 1.61738e+13 1.52411e+13 1.26433e+13 9.86215e+12 7.51865e+12 5.73751e+12 4.46126e+12 3.55288e+12 2.90951e+12 2.44585e+12 2.11195e+12 1.86814e+12 1.70321e+12 1.58094e+12 1.5027e+12 1.46052e+12 1.44121e+12 0 0 0 0 0 0 0 0 0 0 0 0 0 0 0 0 0 0 0 0 0 0 0 0 0 0 0 0 0 0 0 0 
0 0 0 0 0 0 0 0 0 0 0 0 2.42177e+10 1.12387e+12 7.50769e+12 1.85169e+13 2.67e+13 2.8569e+13 2.58447e+13 2.13993e+13 1.70054e+13 1.33475e+13 1.05744e+13 8.51314e+12 6.99957e+12 5.8982e+12 5.11302e+12 4.52996e+12 4.11449e+12 3.80989e+12 3.63346e+12 3.51788e+12 3.48972e+12 0 0 0 0 0 0 0 0 0 0 0 0 0 0 0 0 0 0 0 0 0 0 0 0 0 0 0 0 0 0 0 0 
0 0 0 0 0 0 0 0 0 0 0 0 4.77101e+09 5.9056e+11 6.59248e+12 2.24998e+13 4.00231e+13 4.9414e+13 4.95215e+13 4.40371e+13 3.68224e+13 2.99817e+13 2.42609e+13 1.98372e+13 1.64877e+13 1.39604e+13 1.21075e+13 1.07877e+13 9.78753e+12 9.06968e+12 8.63013e+12 8.37522e+12 8.30036e+12 0 0 0 0 0 0 0 0 0 0 0 0 0 0 0 0 0 0 0 0 0 0 0 0 0 0 0 0 0 0 0 0 
0 0 0 0 0 0 0 0 0 0 0 0 5.19517e+08 2.43171e+11 4.85303e+12 2.39111e+13 5.41148e+13 7.87719e+13 8.84897e+13 8.54122e+13 7.57858e+13 6.42279e+13 5.3651e+13 4.48353e+13 3.76464e+13 3.22622e+13 2.81873e+13 2.51256e+13 2.28746e+13 2.13203e+13 2.02264e+13 1.95937e+13 1.93891e+13 0 0 0 0 0 0 0 0 0 0 0 0 0 0 0 0 0 0 0 0 0 0 0 0 0 0 0 0 0 0 0 0 
0 0 0 0 0 0 0 0 0 0 0 0 2.24494e+07 7.60315e+10 2.95951e+12 2.19913e+13 6.53977e+13 1.14373e+14 1.46484e+14 1.55435e+14 1.47679e+14 1.31878e+14 1.14139e+14 9.74624e+13 8.37361e+13 7.26536e+13 6.38984e+13 5.73198e+13 5.23153e+13 4.89738e+13 4.66295e+13 4.5109e+13 4.46556e+13 0 0 0 0 0 0 0 0 0 0 0 0 0 0 0 0 0 0 0 0 0 0 0 0 0 0 0 0 0 0 0 0 
0 0 0 0 0 0 0 0 0 0 0 0 0 1.70063e+10 1.47393e+12 1.73249e+13 6.99088e+13 1.50732e+14 2.23282e+14 2.63795e+14 2.71126e+14 2.56659e+14 2.31392e+14 2.04704e+14 1.79858e+14 1.58538e+14 1.41105e+14 1.27669e+14 1.17613e+14 1.10141e+14 1.04818e+14 1.02063e+14 1.01058e+14 0 0 0 0 0 0 0 0 0 0 0 0 0 0 0 0 0 0 0 0 0 0 0 0 0 0 0 0 0 0 0 0 
0 0 0 0 0 0 0 0 0 0 0 0 0 2.42164e+09 5.90461e+11 1.15704e+13 6.56085e+13 1.78699e+14 3.12627e+14 4.16202e+14 4.66801e+14 4.71686e+14 4.48104e+14 4.11193e+14 3.70786e+14 3.34114e+14 3.02722e+14 2.76054e+14 2.56088e+14 2.41116e+14 2.30461e+14 2.2456e+14 2.22509e+14 0 0 0 0 0 0 0 0 0 0 0 0 0 0 0 0 0 0 0 0 0 0 0 0 0 0 0 0 0 0 0 0 
0 0 0 0 0 0 0 0 0 0 0 0 0 1.80975e+08 1.85565e+11 6.4914e+12 5.3567e+13 1.89274e+14 3.97653e+14 6.05017e+14 7.50198e+14 8.17953e+14 8.21254e+14 7.86495e+14 7.34051e+14 6.77362e+14 6.2362e+14 5.77984e+14 5.41192e+14 5.12809e+14 4.93737e+14 4.81642e+14 4.77187e+14 0 0 0 0 0 0 0 0 0 0 0 0 0 0 0 0 0 0 0 0 0 0 0 0 0 0 0 0 0 0 0 0 
0 0 0 0 0 0 0 0 0 0 0 0 0 5.4089e+06 4.37633e+10 3.02908e+12 3.77388e+13 1.77843e+14 4.58511e+14 8.08736e+14 1.1215e+15 1.32613e+15 1.4215e+15 1.43005e+15 1.38529e+15 1.3141e+15 1.23813e+15 1.16745e+15 1.10634e+15 1.05445e+15 1.02143e+15 9.99507e+14 9.94293e+14 0 0 0 0 0 0 0 0 0 0 0 0 0 0 0 0 0 0 0 0 0 0 0 0 0 0 0 0 0 0 0 0 
0 0 0 0 0 0 0 0 0 0 0 0 0 0 7.12669e+09 1.15732e+12 2.27631e+13 1.46992e+14 4.75427e+14 9.88542e+14 1.54603e+15 2.01013e+15 2.31186e+15 2.45615e+15 2.48413e+15 2.43811e+15 2.3552e+15 2.25898e+15 2.17127e+15 2.09813e+15 2.04158e+15 2.00921e+15 1.994e+15 0 0 0 0 0 0 0 0 0 0 0 0 0 0 0 0 0 0 0 0 0 0 0 0 0 0 0 0 0 0 0 0 
0 0 0 0 0 0 0 0 0 0 0 0 0 0 6.91528e+08 3.5556e+11 1.16702e+13 1.06253e+14 4.40209e+14 1.09827e+15 1.96689e+15 2.8325e+15 3.52468e+15 3.97916e+15 4.21793e+15 4.29737e+15 4.2689e+15 4.192e+15 4.09491e+15 4.00752e+15 3.92652e+15 3.87935e+15 3.8626e+15 0 0 0 0 0 0 0 0 0 0 0 0 0 0 0 0 0 0 0 0 0 0 0 0 0 0 0 0 0 0 0 0 
0 0 0 0 0 0 0 0 0 0 0 0 0 0 3.31919e+07 8.43338e+10 5.0379e+12 6.6787e+13 3.61986e+14 1.10169e+15 2.28992e+15 3.68976e+15 5.00939e+15 6.0576e+15 6.76855e+15 7.18133e+15 7.37348e+15 7.42208e+15 7.38366e+15 7.30779e+15 7.24082e+15 7.19239e+15 7.17823e+15 0 0 0 0 0 0 0 0 0 0 0 0 0 0 0 0 0 0 0 0 0 0 0 0 0 0 0 0 0 0 0 0 
0 0 0 0 0 0 0 0 0 0 0 0 0 0 745409 1.44909e+10 1.81388e+12 3.61985e+13 2.63106e+14 9.93947e+14 2.4294e+15 4.43363e+15 6.61703e+15 8.62138e+15 1.02127e+16 1.13458e+16 1.20773e+16 1.24781e+16 1.26762e+16 1.27849e+16 1.27695e+16 1.27766e+16 1.27628e+16 0 0 0 0 0 0 0 0 0 0 0 0 0 0 0 0 0 0 0 0 0 0 0 0 0 0 0 0 0 0 0 0 
0 0 0 0 0 0 0 0 0 0 0 0 0 0 0 1.5902e+09 5.31476e+11 1.68461e+13 1.67883e+14 8.01887e+14 2.34092e+15 4.88046e+15 8.10107e+15 1.14226e+16 1.44366e+16 1.6868e+16 1.86802e+16 1.99258e+16 2.07312e+16 2.11845e+16 2.14894e+16 2.15996e+16 2.16516e+16 0 0 0 0 0 0 0 0 0 0 0 0 0 0 0 0 0 0 0 0 0 0 0 0 0 0 0 0 0 0 0 0 
0 0 0 0 0 0 0 0 0 0 0 0 0 0 0 9.3855e+07 1.22608e+11 6.67494e+12 9.36952e+13 5.76192e+14 2.03582e+15 4.92048e+15 9.12875e+15 1.40955e+16 1.90821e+16 2.35624e+16 2.72104e+16 3.0014e+16 3.20666e+16 3.33954e+16 3.42961e+16 3.47293e+16 3.49091e+16 0 0 0 0 0 0 0 0 0 0 0 0 0 0 0 0 0 0 0 0 0 0 0 0 0 0 0 0 0 0 0 0 
0 0 0 0 0 0 0 0 0 0 0 0 0 0 0 2.97773e+06 2.09652e+10 2.22556e+12 4.54881e+13 3.66808e+14 1.59209e+15 4.50525e+15 9.4554e+15 1.60737e+16 2.34689e+16 3.07453e+16 3.7235e+16 4.26583e+16 4.6791e+16 4.98254e+16 5.18405e+16 5.30558e+16 5.33996e+16 0 0 0 0 0 0 0 0 0 0 0 0 0 0 0 0 0 0 0 0 0 0 0 0 0 0 0 0 0 0 0 0 
0 0 0 0 0 0 0 0 0 0 0 0 0 0 0 58069.7 2.38148e+09 6.11681e+11 1.90826e+13 2.05993e+14 1.11567e+15 3.7441e+15 8.96539e+15 1.68992e+16 2.68155e+16 3.74627e+16 4.77889e+16 5.68743e+16 6.43778e+16 7.01604e+16 7.41344e+16 7.65277e+16 7.72632e+16 0 0 0 0 0 0 0 0 0 0 0 0 0 0 0 0 0 0 0 0 0 0 0 0 0 0 0 0 0 0 0 0 
0 0 0 0 0 0 0 0 0 0 0 0 0 0 0 0 1.48767e+08 1.33017e+11 6.86752e+12 1.01756e+14 6.96673e+14 2.80695e+15 7.75971e+15 1.63557e+16 2.83301e+16 4.24885e+16 5.72212e+16 7.10939e+16 8.32289e+16 9.29079e+16 9.98765e+16 1.03953e+17 1.055e+17 0 0 0 0 0 0 0 0 0 0 0 0 0 0 0 0 0 0 0 0 0 0 0 0 0 0 0 0 0 0 0 0 
0 0 0 0 0 0 0 0 0 0 0 0 0 0 0 0 5.35789e+06 2.16963e+10 2.0935e+12 4.38719e+13 3.86971e+14 1.89455e+15 6.09745e+15 1.44873e+16 2.75927e+16 4.46407e+16 6.3782e+16 8.3122e+16 1.0069e+17 1.15442e+17 1.2633e+17 1.33111e+17 1.35154e+17 0 0 0 0 0 0 0 0 0 0 0 0 0 0 0 0 0 0 0 0 0 0 0 0 0 0 0 0 0 0 0 0 
0 0 0 0 0 0 0 0 0 0 0 0 0 0 0 0 110674 2.36906e+09 5.26625e+11 1.64959e+13 1.90612e+14 1.14781e+15 4.34345e+15 1.17319e+16 2.47111e+16 4.33121e+16 6.60422e+16 9.04417e+16 1.13943e+17 1.34277e+17 1.49919e+17 1.59549e+17 1.6289e+17 0 0 0 0 0 0 0 0 0 0 0 0 0 0 0 0 0 0 0 0 0 0 0 0 0 0 0 0 0 0 0 0 
0 0 0 0 0 0 0 0 0 0 0 0 0 0 0 0 2168.76 1.40304e+08 1.0526e+11 5.33274e+12 8.28748e+13 6.20424e+14 2.79292e+15 8.65469e+15 2.03376e+16 3.88026e+16 6.33737e+16 9.15052e+16 1.20135e+17 1.45836e+17 1.66226e+17 1.79236e+17 1.83738e+17 0 0 0 0 0 0 0 0 0 0 0 0 0 0 0 0 0 0 0 0 0 0 0 0 0 0 0 0 0 0 0 0 
0 0 0 0 0 0 0 0 0 0 0 0 0 0 0 0 0 4.58134e+06 1.5579e+10 1.46102e+12 3.16442e+13 3.00127e+14 1.61801e+15 5.7919e+15 1.52825e+16 3.19836e+16 5.60736e+16 8.58025e+16 1.17568e+17 1.47662e+17 1.71992e+17 1.87903e+17 1.93274e+17 0 0 0 0 0 0 0 0 0 0 0 0 0 0 0 0 0 0 0 0 0 0 0 0 0 0 0 0 0 0 0 0 
0 0 0 0 0 0 0 0 0 0 0 0 0 0 0 0 0 92288.6 1.51728e+09 3.28984e+11 1.05242e+13 1.28687e+14 8.43272e+14 3.52138e+15 1.04805e+16 2.41809e+16 4.58112e+16 7.44089e+16 1.06981e+17 1.38898e+17 1.65764e+17 1.83451e+17 1.8982e+17 0 0 0 0 0 0 0 0 0 0 0 0 0 0 0 0 0 0 0 0 0 0 0 0 0 0 0 0 0 0 0 0 
0 0 0 0 0 0 0 0 0 0 0 0 0 0 0 0 0 0 7.5286e+07 5.83298e+10 3.01453e+12 4.89992e+13 3.93618e+14 1.92739e+15 6.53788e+15 1.67284e+16 3.43952e+16 5.95865e+16 8.99575e+16 1.21258e+17 1.48288e+17 1.66855e+17 1.73463e+17 0 0 0 0 0 0 0 0 0 0 0 0 0 0 0 0 0 0 0 0 0 0 0 0 0 0 0 0 0 0 0 0 
0 0 0 0 0 0 0 0 0 0 0 0 0 0 0 0 0 0 1.87549e+06 7.47831e+09 7.24476e+11 1.63676e+13 1.64319e+14 9.53822e+14 3.70611e+15 1.05719e+16 2.36886e+16 4.39289e+16 6.98625e+16 9.79172e+16 1.23124e+17 1.40559e+17 1.46757e+17 0 0 0 0 0 0 0 0 0 0 0 0 0 0 0 0 0 0 0 0 0 0 0 0 0 0 0 0 0 0 0 0 
0 0 0 0 0 0 0 0 0 0 0 0 0 0 0 0 0 0 2709.31 5.9768e+08 1.4209e+11 4.74719e+12 6.1115e+13 4.25591e+14 1.90115e+15 6.07865e+15 1.49402e+16 2.97637e+16 5.00631e+16 7.30419e+16 9.45271e+16 1.09658e+17 1.15016e+17 0 0 0 0 0 0 0 0 0 0 0 0 0 0 0 0 0 0 0 0 0 0 0 0 0 0 0 0 0 0 0 0 
0 0 0 0 0 0 0 0 0 0 0 0 0 0 0 0 0 0 0 2.07811e+07 2.14272e+10 1.17815e+12 2.00586e+13 1.70305e+14 8.84634e+14 3.18198e+15 8.61303e+15 1.84867e+16 3.2943e+16 5.02417e+16 6.69565e+16 7.91142e+16 8.36062e+16 0 0 0 0 0 0 0 0 0 0 0 0 0 0 0 0 0 0 0 0 0 0 0 0 0 0 0 0 0 0 0 0 
0 0 0 0 0 0 0 0 0 0 0 0 0 0 0 0 0 0 0 117958 2.23569e+09 2.42364e+11 5.7826e+12 6.07542e+13 3.71566e+14 1.51625e+15 4.52593e+15 1.05347e+16 1.99456e+16 3.18314e+16 4.37035e+16 5.26062e+16 5.58741e+16 0 0 0 0 0 0 0 0 0 0 0 0 0 0 0 0 0 0 0 0 0 0 0 0 0 0 0 0 0 0 0 0 
0 0 0 0 0 0 0 0 0 0 0 0 0 0 0 0 0 0 0 0 1.28146e+08 3.99834e+10 1.43491e+12 1.93229e+13 1.40345e+14 6.53556e+14 2.16844e+15 5.48033e+15 1.1061e+16 1.8486e+16 2.62969e+16 3.22287e+16 3.45146e+16 0 0 0 0 0 0 0 0 0 0 0 0 0 0 0 0 0 0 0 0 0 0 0 0 0 0 0 0 0 0 0 0 
0 0 0 0 0 0 0 0 0 0 0 0 0 0 0 0 0 0 0 0 1.66604e+06 4.84828e+09 3.00319e+11 5.4113e+12 4.75674e+13 2.55973e+14 9.44465e+14 2.6017e+15 5.6195e+15 9.8728e+15 1.45075e+16 1.8182e+16 1.9562e+16 0 0 0 0 0 0 0 0 0 0 0 0 0 0 0 0 0 0 0 0 0 0 0 0 0 0 0 0 0 0 0 0 
0 0 0 0 0 0 0 0 0 0 0 0 0 0 0 0 0 0 0 0 3110.64 3.66957e+08 5.14242e+10 1.31521e+12 1.4406e+13 9.02077e+13 3.74812e+14 1.12748e+15 2.6089e+15 4.83207e+15 7.35575e+15 9.40636e+15 1.01959e+16 0 0 0 0 0 0 0 0 0 0 0 0 0 0 0 0 0 0 0 0 0 0 0 0 0 0 0 0 0 0 0 0 
0 0 0 0 0 0 0 0 0 0 0 0 0 0 0 0 0 0 0 0 0 1.11902e+07 6.76704e+09 2.72e+11 3.84401e+12 2.85349e+13 1.34696e+14 4.4581e+14 1.10771e+15 2.16117e+15 3.4234e+15 4.4702e+15 4.88591e+15 0 0 0 0 0 0 0 0 0 0 0 0 0 0 0 0 0 0 0 0 0 0 0 0 0 0 0 0 0 0 0 0 
0 0 0 0 0 0 0 0 0 0 0 0 0 0 0 0 0 0 0 0 0 78304.1 5.9927e+08 4.68306e+10 8.95313e+11 8.07941e+12 4.37478e+13 1.60317e+14 4.28967e+14 8.88128e+14 1.45888e+15 1.94958e+15 2.14159e+15 0 0 0 0 0 0 0 0 0 0 0 0 0 0 0 0 0 0 0 0 0 0 0 0 0 0 0 0 0 0 0 0 
0 0 0 0 0 0 0 0 0 0 0 0 0 0 0 0 0 0 0 0 0 0 2.61769e+07 6.36871e+09 1.79549e+11 2.03316e+12 1.27411e+13 5.22158e+13 1.52317e+14 3.33292e+14 5.70119e+14 7.80089e+14 8.63773e+14 0 0 0 0 0 0 0 0 0 0 0 0 0 0 0 0 0 0 0 0 0 0 0 0 0 0 0 0 0 0 0 0 
0 0 0 0 0 0 0 0 0 0 0 0 0 0 0 0 0 0 0 0 0 0 656908 6.14984e+08 3.01989e+10 4.46577e+11 3.33912e+12 1.53953e+13 4.88924e+13 1.14097e+14 2.0355e+14 2.85289e+14 3.19679e+14 0 0 0 0 0 0 0 0 0 0 0 0 0 0 0 0 0 0 0 0 0 0 0 0 0 0 0 0 0 0 0 0 
0 0 0 0 0 0 0 0 0 0 0 0 0 0 0 0 0 0 0 0 0 0 1913.73 3.14038e+07 4.08447e+09 8.53239e+10 7.73828e+11 4.09423e+12 1.42937e+13 3.55984e+13 6.6538e+13 9.57631e+13 1.07824e+14 0 0 0 0 0 0 0 0 0 0 0 0 0 0 0 0 0 0 0 0 0 0 0 0 0 0 0 0 0 0 0 0 
0 0 0 0 0 0 0 0 0 0 0 0 0 0 0 0 0 0 0 0 0 0 0 1.16963e+06 4.13303e+08 1.37903e+10 1.59533e+11 9.77553e+11 3.77075e+12 1.01083e+13 1.98066e+13 2.93805e+13 3.34035e+13 0 0 0 0 0 0 0 0 0 0 0 0 0 0 0 0 0 0 0 0 0 0 0 0 0 0 0 0 0 0 0 0 
0 0 0 0 0 0 0 0 0 0 0 0 0 0 0 0 0 0 0 0 0 0 0 24684 2.19061e+07 1.80761e+09 2.86146e+10 2.08939e+11 9.05546e+11 2.62449e+12 5.4028e+12 8.22406e+12 9.47207e+12 0 0 0 0 0 0 0 0 0 0 0 0 0 0 0 0 0 0 0 0 0 0 0 0 0 0 0 0 0 0 0 0 
0 0 0 0 0 0 0 0 0 0 0 0 0 0 0 0 0 0 0 0 0 0 0 0 976545 1.8428e+08 4.3492e+09 3.94435e+10 1.9564e+11 6.18088e+11 1.34142e+12 2.10963e+12 2.44773e+12 0 0 0 0 0 0 0 0 0 0 0 0 0 0 0 0 0 0 0 0 0 0 0 0 0 0 0 0 0 0 0 0 
0 0 0 0 0 0 0 0 0 0 0 0 0 0 0 0 0 0 0 0 0 0 0 0 25209.8 9.17767e+06 5.37757e+08 6.51357e+09 3.77259e+10 1.3199e+11 3.05631e+11 4.96539e+11 5.8212e+11 0 0 0 0 0 0 0 0 0 0 0 0 0 0 0 0 0 0 0 0 0 0 0 0 0 0 0 0 0 0 0 0 
0 0 0 0 0 0 0 0 0 0 0 0 0 0 0 0 0 0 0 0 0 0 0 0 467.042 399349 5.48396e+07 9.31302e+08 6.51942e+09 2.54862e+10 6.3418e+10 1.06863e+11 1.26531e+11 0 0 0 0 0 0 0 0 0 0 0 0 0 0 0 0 0 0 0 0 0 0 0 0 0 0 0 0 0 0 0 0 
0 0 0 0 0 0 0 0 0 0 0 0 0 0 0 0 0 0 0 0 0 0 0 0 0 11426 2.12785e+06 1.05669e+08 9.93951e+08 4.44201e+09 1.19812e+10 2.11326e+10 2.54238e+10 0 0 0 0 0 0 0 0 0 0 0 0 0 0 0 0 0 0 0 0 0 0 0 0 0 0 0 0 0 0 0 0 
0 0 0 0 0 0 0 0 0 0 0 0 0 0 0 0 0 0 0 0 0 0 0 0 0 0 85781.3 1.07643e+07 1.31728e+08 6.85442e+08 2.06812e+09 3.79638e+09 4.65074e+09 0 0 0 0 0 0 0 0 0 0 0 0 0 0 0 0 0 0 0 0 0 0 0 0 0 0 0 0 0 0 0 0 
0 0 0 0 0 0 0 0 0 0 0 0 0 0 0 0 0 0 0 0 0 0 0 0 0 0 0 277217 1.25805e+07 9.63231e+07 3.18461e+08 6.23945e+08 7.80701e+08 0 0 0 0 0 0 0 0 0 0 0 0 0 0 0 0 0 0 0 0 0 0 0 0 0 0 0 0 0 0 0 0 
0 0 0 0 0 0 0 0 0 0 0 0 0 0 0 0 0 0 0 0 0 0 0 0 0 0 0 0 1.54604e+06 1.16747e+07 4.29493e+07 9.63548e+07 1.18466e+08 0 0 0 0 0 0 0 0 0 0 0 0 0 0 0 0 0 0 0 0 0 0 0 0 0 0 0 0 0 0 0 0 
0 0 0 0 0 0 0 0 0 0 0 0 0 0 0 0 0 0 0 0 0 0 0 0 0 0 0 0 743.503 836554 5.97858e+06 1.2638e+07 1.71923e+07 0 0 0 0 0 0 0 0 0 0 0 0 0 0 0 0 0 0 0 0 0 0 0 0 0 0 0 0 0 0 0 0 
0 0 0 0 0 0 0 0 0 0 0 0 0 0 0 0 0 0 0 0 0 0 0 0 0 0 0 0 0 171899 656927 1.4958e+06 2.44422e+06 0 0 0 0 0 0 0 0 0 0 0 0 0 0 0 0 0 0 0 0 0 0 0 0 0 0 0 0 0 0 0 0 
0 0 0 0 0 0 0 0 0 0 0 0 0 0 0 0 0 0 0 0 0 0 0 0 0 0 0 0 0 0 18215.1 276480 186722 0 0 0 0 0 0 0 0 0 0 0 0 0 0 0 0 0 0 0 0 0 0 0 0 0 0 0 0 0 0 0 0 
0 0 0 0 0 0 0 0 0 0 0 0 0 0 0 0 0 0 0 0 0 0 0 0 0 0 0 0 0 0 18967.2 17475.2 44327.4 0 0 0 0 0 0 0 0 0 0 0 0 0 0 0 0 0 0 0 0 0 0 0 0 0 0 0 0 0 0 0 0 
0 0 0 0 0 0 0 0 0 0 0 0 0 0 0 0 0 0 0 0 0 0 0 0 0 0 0 0 0 0 0 0 8032.77 0 0 0 0 0 0 0 0 0 0 0 0 0 0 0 0 0 0 0 0 0 0 0 0 0 0 0 0 0 0 0 0 
0 0 0 0 0 0 0 0 0 0 0 0 0 0 0 0 0 0 0 0 0 0 0 0 0 0 0 0 0 0 0 1312.81 0 0 0 0 0 0 0 0 0 0 0 0 0 0 0 0 0 0 0 0 0 0 0 0 0 0 0 0 0 0 0 0 0 
0 0 0 0 0 0 0 0 0 0 0 0 0 0 0 0 0 0 0 0 0 0 0 0 0 0 0 0 0 0 0 0 0 0 0 0 0 0 0 0 0 0 0 0 0 0 0 0 0 0 0 0 0 0 0 0 0 0 0 0 0 0 0 0 0 
0 0 0 0 0 0 0 0 0 0 0 0 0 0 0 0 0 0 0 0 0 0 0 0 0 0 0 0 0 0 0 0 41.0254 0 0 0 0 0 0 0 0 0 0 0 0 0 0 0 0 0 0 0 0 0 0 0 0 0 0 0 0 0 0 0 0 
0 0 0 0 0 0 0 0 0 0 0 0 0 0 0 0 0 0 0 0 0 0 0 0 0 0 0 0 0 0 0 0 0 0 0 0 0 0 0 0 0 0 0 0 0 0 0 0 0 0 0 0 0 0 0 0 0 0 0 0 0 0 0 0 0 
0 0 0 0 0 0 0 0 0 0 0 0 0 0 0 0 0 0 0 0 0 0 0 0 0 0 0 0 0 0 0 0 0 0 0 0 0 0 0 0 0 0 0 0 0 0 0 0 0 0 0 0 0 0 0 0 0 0 0 0 0 0 0 0 0 
0 0 0 0 0 0 0 0 0 0 0 0 0 0 0 0 0 0 0 0 0 0 0 0 0 0 0 0 0 0 0 0 0 0 0 0 0 0 0 0 0 0 0 0 0 0 0 0 0 0 0 0 0 0 0 0 0 0 0 0 0 0 0 0 0 
0 0 0 0 0 0 0 0 0 0 0 0 0 0 0 0 0 0 0 0 0 0 0 0 0 0 0 0 0 0 0 0 0 0 0 0 0 0 0 0 0 0 0 0 0 0 0 0 0 0 0 0 0 0 0 0 0 0 0 0 0 0 0 0 0 
0 0 0 0 0 0 0 0 0 0 0 0 0 0 0 0 0 0 0 0 0 0 0 0 0 0 0 0 0 0 0 0 0 0 0 0 0 0 0 0 0 0 0 0 0 0 0 0 0 0 0 0 0 0 0 0 0 0 0 0 0 0 0 0 0 
0 0 0 0 0 0 0 0 0 0 0 0 0 0 0 0 0 0 0 0 0 0 0 0 0 0 0 0 0 0 0 0 0 0 0 0 0 0 0 0 0 0 0 0 0 0 0 0 0 0 0 0 0 0 0 0 0 0 0 0 0 0 0 0 0 
0 0 0 0 0 0 0 0 0 0 0 0 0 0 0 0 0 0 0 0 0 0 0 0 0 0 0 0 0 0 0 0 0 0 0 0 0 0 0 0 0 0 0 0 0 0 0 0 0 0 0 0 0 0 0 0 0 0 0 0 0 0 0 0 0 
0 0 0 0 0 0 0 0 0 0 0 0 0 0 0 0 0 0 0 0 0 0 0 0 0 0 0 0 0 0 0 0 0 0 0 0 0 0 0 0 0 0 0 0 0 0 0 0 0 0 0 0 0 0 0 0 0 0 0 0 0 0 0 0 0 
0 0 0 0 0 0 0 0 0 0 0 0 0 0 0 0 0 0 0 0 0 0 0 0 0 0 0 0 0 0 0 0 0 0 0 0 0 0 0 0 0 0 0 0 0 0 0 0 0 0 0 0 0 0 0 0 0 0 0 0 0 0 0 0 0 
0 0 0 0 0 0 0 0 0 0 0 0 0 0 0 0 0 0 0 0 0 0 0 0 0 0 0 0 0 0 0 0 0 0 0 0 0 0 0 0 0 0 0 0 0 0 0 0 0 0 0 0 0 0 0 0 0 0 0 0 0 0 0 0 0 
0 0 0 0 0 0 0 0 0 0 0 0 0 0 0 0 0 0 0 0 0 0 0 0 0 0 0 0 0 0 0 0 0 0 0 0 0 0 0 0 0 0 0 0 0 0 0 0 0 0 0 0 0 0 0 0 0 0 0 0 0 0 0 0 0 
0 0 0 0 0 0 0 0 0 0 0 0 0 0 0 0 0 0 0 0 0 0 0 0 0 0 0 0 0 0 0 0 0 0 0 0 0 0 0 0 0 0 0 0 0 0 0 0 0 0 0 0 0 0 0 0 0 0 0 0 0 0 0 0 0 
0 0 0 0 0 0 0 0 0 0 0 0 0 0 0 0 0 0 0 0 0 0 0 0 0 0 0 0 0 0 0 0 0 0 0 0 0 0 0 0 0 0 0 0 0 0 0 0 0 0 0 0 0 0 0 0 0 0 0 0 0 0 0 0 0 
0 0 0 0 0 0 0 0 0 0 0 0 0 0 0 0 0 0 0 0 0 0 0 0 0 0 0 0 0 0 0 0 0 0 0 0 0 0 0 0 0 0 0 0 0 0 0 0 0 0 0 0 0 0 0 0 0 0 0 0 0 0 0 0 0 
0 0 0 0 0 0 0 0 0 0 0 0 0 0 0 0 0 0 0 0 0 0 0 0 0 0 0 0 0 0 0 0 0 0 0 0 0 0 0 0 0 0 0 0 0 0 0 0 0 0 0 0 0 0 0 0 0 0 0 0 0 0 0 0 0 
0 0 0 0 0 0 0 0 0 0 0 0 0 0 0 0 0 0 0 0 0 0 0 0 0 0 0 0 0 0 0 0 0 0 0 0 0 0 0 0 0 0 0 0 0 0 0 0 0 0 0 0 0 0 0 0 0 0 0 0 0 0 0 0 0 
0 0 0 0 0 0 0 0 0 0 0 0 0 0 0 0 0 0 0 0 0 0 0 0 0 0 0 0 0 0 0 0 0 0 0 0 0 0 0 0 0 0 0 0 0 0 0 0 0 0 0 0 0 0 0 0 0 0 0 0 0 0 0 0 0 
0 0 0 0 0 0 0 0 0 0 0 0 0 0 0 0 0 0 0 0 0 0 0 0 0 0 0 0 0 0 0 0 0 0 0 0 0 0 0 0 0 0 0 0 0 0 0 0 0 0 0 0 0 0 0 0 0 0 0 0 0 0 0 0 0 
0 0 0 0 0 0 0 0 0 0 0 0 0 0 0 0 0 0 0 0 0 0 0 0 0 0 0 0 0 0 0 0 0 0 0 0 0 0 0 0 0 0 0 0 0 0 0 0 0 0 0 0 0 0 0 0 0 0 0 0 0 0 0 0 0 
0 0 0 0 0 0 0 0 0 0 0 0 0 0 0 0 0 0 0 0 0 0 0 0 0 0 0 0 0 0 0 0 0 0 0 0 0 0 0 0 0 0 0 0 0 0 0 0 0 0 0 0 0 0 0 0 0 0 0 0 0 0 0 0 0 
0 0 0 0 0 0 0 0 0 0 0 0 0 0 0 0 0 0 0 0 0 0 0 0 0 0 0 0 0 0 0 0 0 0 0 0 0 0 0 0 0 0 0 0 0 0 0 0 0 0 0 0 0 0 0 0 0 0 0 0 0 0 0 0 0 
0 0 0 0 0 0 0 0 0 0 0 0 0 0 0 0 0 0 0 0 0 0 0 0 0 0 0 0 0 0 0 0 0 0 0 0 0 0 0 0 0 0 0 0 0 0 0 0 0 0 0 0 0 0 0 0 0 0 0 0 0 0 0 0 0 
0 0 0 0 0 0 0 0 0 0 0 0 0 0 0 0 0 0 0 0 0 0 0 0 0 0 0 0 0 0 0 0 0 0 0 0 0 0 0 0 0 0 0 0 0 0 0 0 0 0 0 0 0 0 0 0 0 0 0 0 0 0 0 0 0 
0 0 0 0 0 0 0 0 0 0 0 0 0 0 0 0 0 0 0 0 0 0 0 0 0 0 0 0 0 0 0 0 0 0 0 0 0 0 0 0 0 0 0 0 0 0 0 0 0 0 0 0 0 0 0 0 0 0 0 0 0 0 0 0 0 
0 0 0 0 0 0 0 0 0 0 0 0 0 0 0 0 0 0 0 0 0 0 0 0 0 0 0 0 0 0 0 0 0 0 0 0 0 0 0 0 0 0 0 0 0 0 0 0 0 0 0 0 0 0 0 0 0 0 0 0 0 0 0 0 0 
0 0 0 0 0 0 0 0 0 0 0 0 0 0 0 0 0 0 0 0 0 0 0 0 0 0 0 0 0 0 0 0 0 0 0 0 0 0 0 0 0 0 0 0 0 0 0 0 0 0 0 0 0 0 0 0 0 0 0 0 0 0 0 0 0 
0 0 0 0 0 0 0 0 0 0 0 0 0 0 0 0 0 0 0 0 0 0 0 0 0 0 0 0 0 0 0 0 0 0 0 0 0 0 0 0 0 0 0 0 0 0 0 0 0 0 0 0 0 0 0 0 0 0 0 0 0 0 0 0 0 
0 0 0 0 0 0 0 0 0 0 0 0 0 0 0 0 0 0 0 0 0 0 0 0 0 0 0 0 0 0 0 0 0 0 0 0 0 0 0 0 0 0 0 0 0 0 0 0 0 0 0 0 0 0 0 0 0 0 0 0 0 0 0 0 0 
0 0 0 0 0 0 0 0 0 0 0 0 0 0 0 0 0 0 0 0 0 0 0 0 0 0 0 0 0 0 0 0 0 0 0 0 0 0 0 0 0 0 0 0 0 0 0 0 0 0 0 0 0 0 0 0 0 0 0 0 0 0 0 0 0 
0 0 0 0 0 0 0 0 0 0 0 0 0 0 0 0 0 0 0 0 0 0 0 0 0 0 0 0 0 0 0 0 0 0 0 0 0 0 0 0 0 0 0 0 0 0 0 0 0 0 0 0 0 0 0 0 0 0 0 0 0 0 0 0 0 
0 0 0 0 0 0 0 0 0 0 0 0 0 0 0 0 0 0 0 0 0 0 0 0 0 0 0 0 0 0 0 0 0 0 0 0 0 0 0 0 0 0 0 0 0 0 0 0 0 0 0 0 0 0 0 0 0 0 0 0 0 0 0 0 0 
0 0 0 0 0 0 0 0 0 0 0 0 0 0 0 0 0 0 0 0 0 0 0 0 0 0 0 0 0 0 0 0 0 0 0 0 0 0 0 0 0 0 0 0 0 0 0 0 0 0 0 0 0 0 0 0 0 0 0 0 0 0 0 0 0 
