1 0 0 0 0 0 0 0 0 0 0 0 0 0 0 0 0 0 0 0 0 0 0 0 0 0 0 0 0 0 0 0 0 0 0 0 0 0 0 0 0 0 0 0 0 0 0 0 0 0 0 0 0 0 0 0 0 0 0 0 0 0 0 0 1 
0 0 0 0 0 0 0 0 0 0 0 0 0 0 0 0 0 0 0 0 0 0 0 0 0 0 0 0 0 0 0 0 0 0 0 0 0 0 0 0 0 0 0 0 0 0 0 0 0 0 0 0 0 0 0 0 0 0 0 0 0 0 0 0 0 
0 0 0 0 0 0 0 0 0 0 0 0 0 0 0 0 0 0 0 0 0 0 0 0 0 0 0 0 0 0 0 0 0 0 0 0 0 0 0 0 0 0 0 0 0 0 0 0 0 0 0 0 0 0 0 0 0 0 0 0 0 0 0 0 0 
0 0 0 0 0 0 0 0 0 0 0 0 0 0 0 0 0 0 0 0 0 0 0 0 0 0 0 0 0 0 0 0 0 0 0 0 0 0 0 0 0 0 0 0 0 0 0 0 0 0 0 0 0 0 0 0 0 0 0 0 0 0 0 0 0 
0 64 0 0 0 0 0 0 0 0 0 0 0 0 0 0 0 0 0 0 0 0 0 0 0 0 0 0 0 0 0 0 0 0 0 0 0 0 0 0 0 0 0 0 0 0 0 0 0 0 0 0 0 0 0 0 0 0 0 0 0 0 0 0 0 
0 0 0 0 0 0 0 0 0 0 0 0 0 0 0 0 0 0 0 0 0 0 0 0 0 0 0 0 0 0 0 0 0 0 0 0 0 0 0 0 0 0 0 0 0 0 0 0 0 0 0 0 0 0 0 0 0 0 0 0 0 0 0 0 0 
0 0 0 0 0 0 0 0 0 0 0 0 0 0 0 0 0 0 0 0 0 0 0 0 0 0 0 0 0 0 0 0 0 0 0 0 0 0 0 0 0 0 0 0 0 0 0 0 0 0 0 0 0 0 0 0 0 0 0 0 0 0 0 0 0 
0 0 256 0 0 0 0 0 0 0 0 0 0 0 0 0 0 0 0 0 0 0 0 0 0 0 0 0 0 0 0 0 0 0 0 0 0 0 0 0 0 0 0 0 0 0 0 0 0 0 0 0 0 0 0 0 0 0 0 0 0 0 0 0 0 
0 0 1760 0 0 0 0 0 0 0 0 0 0 0 0 0 0 0 0 0 0 0 0 0 0 0 0 0 0 0 0 0 0 0 0 0 0 0 0 0 0 0 0 0 0 0 0 0 0 0 0 0 0 0 0 0 0 0 0 0 0 0 0 0 0 
0 0 0 127.855 0 0 0 0 0 0 0 0 0 0 0 0 0 0 0 0 0 0 0 0 0 0 0 0 0 0 0 0 0 0 0 0 0 0 0 0 0 0 0 0 0 0 0 0 0 0 0 0 0 0 0 0 0 0 0 0 0 0 0 0 0 
0 0 0 1405.33 0 0 0 0 0 0 0 0 0 0 0 0 0 0 0 0 0 0 0 0 0 0 0 0 0 0 0 0 0 0 0 0 0 0 0 0 0 0 0 0 0 0 0 0 0 0 0 0 0 0 0 0 0 0 0 0 0 0 0 0 0 
0 0 0 12677.8 191.4 0 0 0 0 0 0 0 0 0 0 0 0 0 0 0 0 0 0 0 0 0 0 0 0 0 0 0 0 0 0 0 0 0 0 0 0 0 0 0 0 0 0 0 0 0 0 0 0 0 0 0 0 0 0 0 0 0 0 0 0 
0 0 0 27453 1794.07 0 0 0 0 0 0 0 0 0 0 0 0 0 0 0 0 0 0 0 0 0 0 0 0 0 0 0 0 0 0 0 0 0 0 0 0 0 0 0 0 0 0 0 0 0 0 0 0 0 0 0 0 0 0 0 0 0 0 0 0 
0 0 0 0 14472.1 384.943 0 0 0 0 0 0 0 0 0 0 0 0 0 0 0 0 0 0 0 0 0 0 0 0 0 0 0 0 0 0 0 0 0 0 0 0 0 0 0 0 0 0 0 0 0 0 0 0 0 0 0 0 0 0 0 0 0 0 0 
0 0 0 0 84088.8 4060.99 0 0 0 0 0 0 0 0 0 0 0 0 0 0 0 0 0 0 0 0 0 0 0 0 0 0 0 0 0 0 0 0 0 0 0 0 0 0 0 0 0 0 0 0 0 0 0 0 0 0 0 0 0 0 0 0 0 0 0 
0 0 0 0 264369 26109.3 1416.24 0 0 0 0 0 0 0 0 0 0 0 0 0 0 0 0 0 0 0 0 0 0 0 0 0 0 0 0 0 0 0 0 0 0 0 0 0 0 0 0 0 0 0 0 0 0 0 0 0 0 0 0 0 0 0 0 0 0 
0 0 0 0 270461 146982 9456.95 448.058 48.0934 0 0 0 0 0 0 0 3.98955 0 0 0 0 0 0 0 0 0 0 0 0 0 0 0 3.99549 0 0 0 0 0 0 0 0 0 0 0 0 0 0 0 0 0 0 0 0 0 0 0 0 0 0 0 0 0 0 0 0 
0 0 0 0 0 655728 66605.6 4242.13 0 0 0 0 0 0 0 0 0 0 0 0 0 0 0 0 0 0 0 0 0 0 0 0 0 0 0 0 0 0 0 0 0 0 0 0 0 0 0 0 0 0 0 0 0 0 0 0 0 0 0 0 0 0 0 0 0 
0 0 0 0 0 1.95141e+06 340158 32275 4038.65 452.45 0 0 0 0 0 63.8328 0 0 0 0 0 0 0 0 0 0 0 0 0 0 0 0 0 0 0 0 0 0 0 0 0 0 0 0 0 0 0 0 0 0 0 0 0 0 0 0 0 0 0 0 0 0 0 0 0 
0 0 0 0 0 3.06638e+06 1.46145e+06 191810 15900.1 4229.65 1282.87 384.513 192.145 128.443 192.143 0 0 127.557 0 0 0 0 0 0 0 0 0 0 0 0 0 127.856 0 0 0 0 0 0 0 0 0 0 0 0 0 0 0 0 0 0 0 0 0 0 0 0 0 0 0 0 0 0 0 0 0 
0 0 0 0 0 1.77345e+06 5.28151e+06 919173 125268 10005.1 3278.58 1729.37 817.149 574.598 286.603 0 0 63.4334 0 0 0 0 0 0 0 0 0 0 0 0 0 0 0 0 0 0 0 0 0 0 0 0 0 0 0 0 0 0 0 0 0 0 0 0 0 0 0 0 0 0 0 0 0 0 0 
0 0 0 0 0 0 1.40522e+07 3.92133e+06 627248 100575 16609.5 3454.94 2168.56 1155.48 0 0 1912.96 0 383.636 0 0 0 0 0 0 0 0 0 0 0 447.332 0 0 0 0 0 0 0 0 0 0 0 0 0 0 0 0 0 0 0 0 0 0 0 0 0 0 0 0 0 0 0 0 0 0 
0 0 0 0 0 0 2.38209e+07 1.38474e+07 2.89249e+06 520479 104549 31851.3 11129.2 4980.56 3319.81 5363.83 1142.38 0 1728.83 255.086 0 0 0 0 0 0 0 0 0 255.859 1534.43 0 3972.42 0 0 0 0 0 0 0 0 0 0 0 0 0 0 0 0 0 0 0 0 0 0 0 0 0 0 0 0 0 0 0 0 
0 0 0 0 0 0 2.19811e+07 4.17416e+07 1.14462e+07 2.26414e+06 500334 133186 50101 24056.9 17725.2 11859.7 0 5371.01 2106.98 1148.66 387.301 0 0 0 0 0 0 0 385.577 1919.15 0 0 129.74 0 0 0 0 0 0 0 0 0 0 0 0 0 0 0 0 0 0 0 0 0 0 0 0 0 0 0 0 0 0 0 0 
0 0 0 0 0 0 7.9596e+06 9.80135e+07 4.02571e+07 9.92633e+06 2.07234e+06 562681 188672 91649.8 53596.1 14125 14172.6 25167.1 3620.72 9305.27 1630.49 778.061 0 0 94.9388 0 0 771.135 2582.16 8814.09 0 13446.4 0 0 0 0 0 0 0 0 0 0 0 0 0 0 0 0 0 0 0 0 0 0 0 0 0 0 0 0 0 0 0 0 0 
0 0 0 0 0 0 0 1.62739e+08 1.22079e+08 3.7051e+07 9.59031e+06 2.4363e+06 799596 331020 145365 82819.4 92993.2 43522.4 15680.6 23968.5 9267.15 3485.28 2557.95 902.272 0 891.021 2704.04 5752.25 13048.2 8828.55 7405.46 47031 0 0 0 0 0 0 0 0 0 0 0 0 0 0 0 0 0 0 0 0 0 0 0 0 0 0 0 0 0 0 0 0 0 
0 0 0 0 0 0 0 1.72596e+08 3.13868e+08 1.24786e+08 3.6021e+07 1.02961e+07 3.33587e+06 1.26118e+06 592077 389806 263301 64756.5 136956 50675.9 49484.6 14609.8 6513.14 7713.14 7861.65 7749.54 12725.7 23366.9 41508.7 10684.7 56390.4 3111.43 44646.3 0 0 0 0 0 0 0 0 0 0 0 0 0 0 0 0 0 0 0 0 0 0 0 0 0 0 0 0 0 0 0 0 
0 0 0 0 0 0 0 1.02419e+08 6.50751e+08 3.75191e+08 1.27525e+08 3.88824e+07 1.2548e+07 4.85962e+06 2.3e+06 1.3064e+06 588617 443031 366122 147657 155611 88383.9 39120 16148.8 22337.9 40907 57067.8 82900.4 80759.7 74004 262078 24188 306447 0 0 0 0 0 0 0 0 0 0 0 0 0 0 0 0 0 0 0 0 0 0 0 0 0 0 0 0 0 0 0 0 
0 0 0 0 0 0 0 2.47909e+07 1.01541e+09 9.82478e+08 4.1379e+08 1.40119e+08 4.76232e+07 1.78544e+07 8.09333e+06 3.94492e+06 2.16753e+06 1.73927e+06 962211 704382 469125 325922 210793 164159 142885 145960 202559 271254 185353 376271 316675 262670 574013 0 0 0 0 0 0 0 0 0 0 0 0 0 0 0 0 0 0 0 0 0 0 0 0 0 0 0 0 0 0 0 0 
0 0 0 0 0 0 0 0 1.11041e+09 2.19566e+09 1.20512e+09 4.66334e+08 1.67389e+08 6.50964e+07 2.78425e+07 1.3786e+07 8.45918e+06 5.35314e+06 2.83011e+06 2.48266e+06 1.45534e+06 1.1832e+06 796472 633308 602261 638492 676544 615891 660576 1.2805e+06 373714 1.48499e+06 262706 0 0 0 0 0 0 0 0 0 0 0 0 0 0 0 0 0 0 0 0 0 0 0 0 0 0 0 0 0 0 0 0 
0 0 0 0 0 0 0 0 7.85832e+08 4.03946e+09 3.13611e+09 1.42856e+09 5.5983e+08 2.21242e+08 9.61347e+07 4.78776e+07 2.7408e+07 1.5449e+07 1.05439e+07 7.71311e+06 4.9983e+06 3.95947e+06 3.0158e+06 2.24547e+06 1.8283e+06 1.7959e+06 1.91001e+06 1.81975e+06 2.56102e+06 2.56304e+06 2.015e+06 4.13958e+06 1.62201e+06 0 0 0 0 0 0 0 0 0 0 0 0 0 0 0 0 0 0 0 0 0 0 0 0 0 0 0 0 0 0 0 0 
0 0 0 0 0 0 0 0 3.18772e+08 5.80799e+09 7.16393e+09 4.02465e+09 1.7518e+09 7.31019e+08 3.22012e+08 1.58775e+08 8.48929e+07 4.9976e+07 3.52807e+07 2.24858e+07 1.70234e+07 1.22968e+07 9.77009e+06 7.70437e+06 6.73062e+06 6.13004e+06 5.5469e+06 5.88247e+06 7.6273e+06 4.77042e+06 8.4107e+06 5.75951e+06 7.88959e+06 0 0 0 0 0 0 0 0 0 0 0 0 0 0 0 0 0 0 0 0 0 0 0 0 0 0 0 0 0 0 0 0 
0 0 0 0 0 0 0 0 5.36762e+07 6.21233e+09 1.40565e+10 1.02586e+10 5.14219e+09 2.28911e+09 1.03732e+09 5.03909e+08 2.69166e+08 1.64607e+08 1.06399e+08 6.92367e+07 5.31083e+07 3.81115e+07 3.04478e+07 2.51296e+07 2.1025e+07 1.82775e+07 1.69872e+07 1.86248e+07 1.71809e+07 1.57803e+07 2.36472e+07 1.24747e+07 2.58182e+07 0 0 0 0 0 0 0 0 0 0 0 0 0 0 0 0 0 0 0 0 0 0 0 0 0 0 0 0 0 0 0 0 
0 0 0 0 0 0 0 0 0 4.67915e+09 2.29998e+10 2.33706e+10 1.3846e+10 6.7727e+09 3.19948e+09 1.5767e+09 8.46851e+08 5.01748e+08 3.12193e+08 2.16741e+08 1.57481e+08 1.162e+08 9.19755e+07 7.43332e+07 6.13589e+07 5.37746e+07 5.12896e+07 5.09193e+07 4.285e+07 5.3975e+07 4.77841e+07 4.87561e+07 5.32236e+07 0 0 0 0 0 0 0 0 0 0 0 0 0 0 0 0 0 0 0 0 0 0 0 0 0 0 0 0 0 0 0 0 
0 0 0 0 0 0 0 0 0 2.32381e+09 3.02183e+10 4.68556e+10 3.42637e+10 1.88104e+10 9.42945e+09 4.78608e+09 2.57311e+09 1.49278e+09 9.33524e+08 6.48996e+08 4.49625e+08 3.46029e+08 2.66e+08 2.18451e+08 1.83238e+08 1.60971e+08 1.49038e+08 1.33254e+08 1.27879e+08 1.44368e+08 1.08207e+08 1.50592e+08 1.06335e+08 0 0 0 0 0 0 0 0 0 0 0 0 0 0 0 0 0 0 0 0 0 0 0 0 0 0 0 0 0 0 0 0 
0 0 0 0 0 0 0 0 0 6.69483e+08 3.07343e+10 8.10764e+10 7.66816e+10 4.86505e+10 2.64703e+10 1.39488e+10 7.6122e+09 4.40359e+09 2.77578e+09 1.85454e+09 1.31108e+09 9.96435e+08 7.70684e+08 6.24539e+08 5.2889e+08 4.58539e+08 4.04527e+08 3.6031e+08 3.74763e+08 3.41112e+08 3.32188e+08 3.62704e+08 3.08619e+08 0 0 0 0 0 0 0 0 0 0 0 0 0 0 0 0 0 0 0 0 0 0 0 0 0 0 0 0 0 0 0 0 
0 0 0 0 0 0 0 0 0 8.0356e+07 2.32686e+10 1.18396e+11 1.53793e+11 1.16197e+11 6.98201e+10 3.89381e+10 2.17793e+10 1.27552e+10 7.95681e+09 5.23389e+09 3.74443e+09 2.76634e+09 2.15885e+09 1.73667e+09 1.46034e+09 1.24831e+09 1.09752e+09 1.02305e+09 9.85112e+08 8.58567e+08 9.53424e+08 8.26172e+08 9.29287e+08 0 0 0 0 0 0 0 0 0 0 0 0 0 0 0 0 0 0 0 0 0 0 0 0 0 0 0 0 0 0 0 0 
0 0 0 0 0 0 0 0 0 0 1.25529e+10 1.41232e+11 2.71738e+11 2.53331e+11 1.72918e+11 1.0359e+11 6.03297e+10 3.5827e+10 2.2306e+10 1.47527e+10 1.04105e+10 7.60721e+09 5.93582e+09 4.76752e+09 3.96467e+09 3.39909e+09 2.9939e+09 2.76676e+09 2.49373e+09 2.39131e+09 2.39717e+09 2.16285e+09 2.38633e+09 0 0 0 0 0 0 0 0 0 0 0 0 0 0 0 0 0 0 0 0 0 0 0 0 0 0 0 0 0 0 0 0 
0 0 0 0 0 0 0 0 0 0 4.52173e+09 1.34384e+11 4.16133e+11 5.004e+11 3.96345e+11 2.60641e+11 1.59644e+11 9.74618e+10 6.12502e+10 4.06926e+10 2.82815e+10 2.08248e+10 1.59895e+10 1.28393e+10 1.05798e+10 9.07994e+09 7.98723e+09 7.22633e+09 6.53643e+09 6.41783e+09 5.8854e+09 5.96282e+09 5.7559e+09 0 0 0 0 0 0 0 0 0 0 0 0 0 0 0 0 0 0 0 0 0 0 0 0 0 0 0 0 0 0 0 0 
0 0 0 0 0 0 0 0 0 0 9.44804e+08 9.88767e+10 5.41321e+11 8.84057e+11 8.37963e+11 6.14902e+11 4.03902e+11 2.55748e+11 1.64961e+11 1.09376e+11 7.62519e+10 5.59265e+10 4.25741e+10 3.40263e+10 2.80011e+10 2.39434e+10 2.09638e+10 1.86366e+10 1.724e+10 1.63318e+10 1.52312e+10 1.54504e+10 1.45237e+10 0 0 0 0 0 0 0 0 0 0 0 0 0 0 0 0 0 0 0 0 0 0 0 0 0 0 0 0 0 0 0 0 
0 0 0 0 0 0 0 0 0 0 8.15368e+07 5.46048e+10 5.85868e+11 1.37988e+12 1.61515e+12 1.3525e+12 9.65683e+11 6.46205e+11 4.26628e+11 2.87607e+11 2.01162e+11 1.47074e+11 1.12332e+11 8.89282e+10 7.31501e+10 6.18695e+10 5.39728e+10 4.81457e+10 4.45731e+10 4.09978e+10 3.96089e+10 3.82749e+10 3.80651e+10 0 0 0 0 0 0 0 0 0 0 0 0 0 0 0 0 0 0 0 0 0 0 0 0 0 0 0 0 0 0 0 0 
0 0 0 0 0 0 0 0 0 0 0 2.17116e+10 5.15063e+11 1.87077e+12 2.81587e+12 2.75603e+12 2.17339e+12 1.55202e+12 1.06778e+12 7.34649e+11 5.20181e+11 3.80249e+11 2.89476e+11 2.29142e+11 1.8752e+11 1.58152e+11 1.37552e+11 1.22848e+11 1.12508e+11 1.04446e+11 1.00094e+11 9.58275e+10 9.68412e+10 0 0 0 0 0 0 0 0 0 0 0 0 0 0 0 0 0 0 0 0 0 0 0 0 0 0 0 0 0 0 0 0 
0 0 0 0 0 0 0 0 0 0 0 5.78361e+09 3.60629e+11 2.17106e+12 4.38579e+12 5.1539e+12 4.58258e+12 3.53139e+12 2.55803e+12 1.82187e+12 1.31171e+12 9.6582e+11 7.35663e+11 5.81871e+11 4.75314e+11 3.99879e+11 3.46826e+11 3.08745e+11 2.79803e+11 2.623e+11 2.48568e+11 2.41097e+11 2.40446e+11 0 0 0 0 0 0 0 0 0 0 0 0 0 0 0 0 0 0 0 0 0 0 0 0 0 0 0 0 0 0 0 0 
0 0 0 0 0 0 0 0 0 0 0 8.79866e+08 1.96575e+11 2.12024e+12 6.04715e+12 8.77563e+12 8.9627e+12 7.57745e+12 5.84517e+12 4.33342e+12 3.19586e+12 2.39255e+12 1.83463e+12 1.45206e+12 1.18401e+12 9.96966e+11 8.61852e+11 7.64711e+11 6.96293e+11 6.49104e+11 6.14829e+11 5.99542e+11 5.91268e+11 0 0 0 0 0 0 0 0 0 0 0 0 0 0 0 0 0 0 0 0 0 0 0 0 0 0 0 0 0 0 0 0 
0 0 0 0 0 0 0 0 0 0 0 5.42718e+07 8.11137e+10 1.71011e+12 7.26337e+12 1.34883e+13 1.6154e+13 1.52599e+13 1.26638e+13 9.87972e+12 7.5287e+12 5.75236e+12 4.46647e+12 3.54856e+12 2.9092e+12 2.44625e+12 2.1143e+12 1.87257e+12 1.70604e+12 1.58711e+12 1.50311e+12 1.46123e+12 1.44707e+12 0 0 0 0 0 0 0 0 0 0 0 0 0 0 0 0 0 0 0 0 0 0 0 0 0 0 0 0 0 0 0 0 
0 0 0 0 0 0 0 0 0 0 0 0 2.41915e+10 1.124e+12 7.50321e+12 1.8538e+13 2.66912e+13 2.85361e+13 2.58623e+13 2.14247e+13 1.70135e+13 1.33653e+13 1.05768e+13 8.50416e+12 6.99732e+12 5.90222e+12 5.10822e+12 4.53857e+12 4.12166e+12 3.82402e+12 3.63755e+12 3.52218e+12 3.48632e+12 0 0 0 0 0 0 0 0 0 0 0 0 0 0 0 0 0 0 0 0 0 0 0 0 0 0 0 0 0 0 0 0 
0 0 0 0 0 0 0 0 0 0 0 0 4.77046e+09 5.90621e+11 6.59284e+12 2.24928e+13 4.00355e+13 4.94268e+13 4.9516e+13 4.40376e+13 3.68336e+13 2.99868e+13 2.42673e+13 1.98396e+13 1.64762e+13 1.39609e+13 1.21078e+13 1.07605e+13 9.80252e+12 9.08559e+12 8.63929e+12 8.38795e+12 8.31417e+12 0 0 0 0 0 0 0 0 0 0 0 0 0 0 0 0 0 0 0 0 0 0 0 0 0 0 0 0 0 0 0 0 
0 0 0 0 0 0 0 0 0 0 0 0 5.19319e+08 2.43082e+11 4.85371e+12 2.38979e+13 5.41389e+13 7.8726e+13 8.83526e+13 8.54425e+13 7.57726e+13 6.42858e+13 5.37272e+13 4.47859e+13 3.78158e+13 3.23074e+13 2.82047e+13 2.5121e+13 2.29033e+13 2.13185e+13 2.02794e+13 1.96242e+13 1.95112e+13 0 0 0 0 0 0 0 0 0 0 0 0 0 0 0 0 0 0 0 0 0 0 0 0 0 0 0 0 0 0 0 0 
0 0 0 0 0 0 0 0 0 0 0 0 2.24674e+07 7.5948e+10 2.95967e+12 2.1991e+13 6.53698e+13 1.14445e+14 1.46421e+14 1.55504e+14 1.47763e+14 1.31989e+14 1.14079e+14 9.77966e+13 8.38441e+13 7.27517e+13 6.40379e+13 5.74819e+13 5.25374e+13 4.90337e+13 4.66028e+13 4.53315e+13 4.48656e+13 0 0 0 0 0 0 0 0 0 0 0 0 0 0 0 0 0 0 0 0 0 0 0 0 0 0 0 0 0 0 0 0 
0 0 0 0 0 0 0 0 0 0 0 0 0 1.6993e+10 1.47427e+12 1.73265e+13 6.99274e+13 1.50692e+14 2.23526e+14 2.63602e+14 2.71129e+14 2.56719e+14 2.32025e+14 2.04884e+14 1.79902e+14 1.58797e+14 1.41522e+14 1.27941e+14 1.17487e+14 1.10025e+14 1.05127e+14 1.0202e+14 1.01053e+14 0 0 0 0 0 0 0 0 0 0 0 0 0 0 0 0 0 0 0 0 0 0 0 0 0 0 0 0 0 0 0 0 
0 0 0 0 0 0 0 0 0 0 0 0 0 2.42205e+09 5.90159e+11 1.15689e+13 6.56178e+13 1.78763e+14 3.12373e+14 4.15927e+14 4.67104e+14 4.71799e+14 4.48112e+14 4.11211e+14 3.71149e+14 3.34372e+14 3.02219e+14 2.76753e+14 2.56528e+14 2.40891e+14 2.31265e+14 2.25307e+14 2.22845e+14 0 0 0 0 0 0 0 0 0 0 0 0 0 0 0 0 0 0 0 0 0 0 0 0 0 0 0 0 0 0 0 0 
0 0 0 0 0 0 0 0 0 0 0 0 0 1.80434e+08 1.85329e+11 6.49939e+12 5.3536e+13 1.89157e+14 3.98062e+14 6.05334e+14 7.50302e+14 8.17323e+14 8.21021e+14 7.86666e+14 7.34853e+14 6.77975e+14 6.24893e+14 5.79168e+14 5.42578e+14 5.13871e+14 4.93498e+14 4.81615e+14 4.78192e+14 0 0 0 0 0 0 0 0 0 0 0 0 0 0 0 0 0 0 0 0 0 0 0 0 0 0 0 0 0 0 0 0 
0 0 0 0 0 0 0 0 0 0 0 0 0 5.4059e+06 4.36917e+10 3.0272e+12 3.77419e+13 1.7785e+14 4.58534e+14 8.09208e+14 1.12024e+15 1.32765e+15 1.42245e+15 1.42856e+15 1.38632e+15 1.31559e+15 1.24094e+15 1.16851e+15 1.1037e+15 1.05776e+15 1.02134e+15 1.0014e+15 9.92898e+14 0 0 0 0 0 0 0 0 0 0 0 0 0 0 0 0 0 0 0 0 0 0 0 0 0 0 0 0 0 0 0 0 
0 0 0 0 0 0 0 0 0 0 0 0 0 0 7.13038e+09 1.15657e+12 2.2771e+13 1.47037e+14 4.74939e+14 9.88002e+14 1.54702e+15 2.00947e+15 2.31273e+15 2.45787e+15 2.48318e+15 2.436e+15 2.35273e+15 2.26151e+15 2.17347e+15 2.09722e+15 2.04399e+15 2.00796e+15 2.00049e+15 0 0 0 0 0 0 0 0 0 0 0 0 0 0 0 0 0 0 0 0 0 0 0 0 0 0 0 0 0 0 0 0 
0 0 0 0 0 0 0 0 0 0 0 0 0 0 6.89782e+08 3.54825e+11 1.16763e+13 1.06296e+14 4.40358e+14 1.09768e+15 1.96677e+15 2.83129e+15 3.52196e+15 3.98345e+15 4.22179e+15 4.30009e+15 4.2733e+15 4.19115e+15 4.09546e+15 4.00297e+15 3.929e+15 3.8818e+15 3.86098e+15 0 0 0 0 0 0 0 0 0 0 0 0 0 0 0 0 0 0 0 0 0 0 0 0 0 0 0 0 0 0 0 0 
0 0 0 0 0 0 0 0 0 0 0 0 0 0 3.31414e+07 8.42489e+10 5.03641e+12 6.67502e+13 3.61933e+14 1.10239e+15 2.28852e+15 3.69001e+15 5.00685e+15 6.05408e+15 6.76641e+15 7.18395e+15 7.37675e+15 7.42114e+15 7.3867e+15 7.3209e+15 7.25054e+15 7.2038e+15 7.18425e+15 0 0 0 0 0 0 0 0 0 0 0 0 0 0 0 0 0 0 0 0 0 0 0 0 0 0 0 0 0 0 0 0 
0 0 0 0 0 0 0 0 0 0 0 0 0 0 746223 1.44644e+10 1.8128e+12 3.62067e+13 2.63275e+14 9.9381e+14 2.43094e+15 4.42997e+15 6.62394e+15 8.61534e+15 1.0212e+16 1.13381e+16 1.20633e+16 1.24874e+16 1.26952e+16 1.27623e+16 1.27856e+16 1.27779e+16 1.27656e+16 0 0 0 0 0 0 0 0 0 0 0 0 0 0 0 0 0 0 0 0 0 0 0 0 0 0 0 0 0 0 0 0 
0 0 0 0 0 0 0 0 0 0 0 0 0 0 0 1.58432e+09 5.30681e+11 1.68379e+13 1.67893e+14 8.02197e+14 2.34053e+15 4.88699e+15 8.09082e+15 1.14298e+16 1.44322e+16 1.68833e+16 1.86918e+16 1.99132e+16 2.07287e+16 2.12286e+16 2.1469e+16 2.15994e+16 2.16523e+16 0 0 0 0 0 0 0 0 0 0 0 0 0 0 0 0 0 0 0 0 0 0 0 0 0 0 0 0 0 0 0 0 
0 0 0 0 0 0 0 0 0 0 0 0 0 0 0 9.36845e+07 1.22409e+11 6.67791e+12 9.3649e+13 5.76263e+14 2.03721e+15 4.91818e+15 9.13419e+15 1.40916e+16 1.90831e+16 2.35366e+16 2.72102e+16 3.00284e+16 3.20461e+16 3.34151e+16 3.4284e+16 3.47227e+16 3.48971e+16 0 0 0 0 0 0 0 0 0 0 0 0 0 0 0 0 0 0 0 0 0 0 0 0 0 0 0 0 0 0 0 0 
0 0 0 0 0 0 0 0 0 0 0 0 0 0 0 2.9621e+06 2.09121e+10 2.2262e+12 4.547e+13 3.66498e+14 1.59066e+15 4.50379e+15 9.45883e+15 1.60774e+16 2.34765e+16 3.07723e+16 3.72526e+16 4.26451e+16 4.68049e+16 4.98518e+16 5.18748e+16 5.31054e+16 5.34287e+16 0 0 0 0 0 0 0 0 0 0 0 0 0 0 0 0 0 0 0 0 0 0 0 0 0 0 0 0 0 0 0 0 
0 0 0 0 0 0 0 0 0 0 0 0 0 0 0 58613.3 2.38175e+09 6.09732e+11 1.90843e+13 2.05963e+14 1.11558e+15 3.74613e+15 8.96618e+15 1.69096e+16 2.68206e+16 3.74772e+16 4.77854e+16 5.6906e+16 6.4397e+16 7.00998e+16 7.41159e+16 7.65169e+16 7.73217e+16 0 0 0 0 0 0 0 0 0 0 0 0 0 0 0 0 0 0 0 0 0 0 0 0 0 0 0 0 0 0 0 0 
0 0 0 0 0 0 0 0 0 0 0 0 0 0 0 0 1.48109e+08 1.3295e+11 6.87678e+12 1.01704e+14 6.96541e+14 2.80637e+15 7.7544e+15 1.63427e+16 2.83106e+16 4.24634e+16 5.7198e+16 7.10824e+16 8.31986e+16 9.28577e+16 9.99135e+16 1.03981e+17 1.05394e+17 0 0 0 0 0 0 0 0 0 0 0 0 0 0 0 0 0 0 0 0 0 0 0 0 0 0 0 0 0 0 0 0 
0 0 0 0 0 0 0 0 0 0 0 0 0 0 0 0 5.36193e+06 2.16223e+10 2.09327e+12 4.39612e+13 3.87268e+14 1.89494e+15 6.0973e+15 1.44781e+16 2.75952e+16 4.46084e+16 6.3779e+16 8.30807e+16 1.00712e+17 1.15434e+17 1.26322e+17 1.32959e+17 1.35158e+17 0 0 0 0 0 0 0 0 0 0 0 0 0 0 0 0 0 0 0 0 0 0 0 0 0 0 0 0 0 0 0 0 
0 0 0 0 0 0 0 0 0 0 0 0 0 0 0 0 109579 2.35913e+09 5.2612e+11 1.65124e+13 1.90625e+14 1.14656e+15 4.34566e+15 1.17329e+16 2.4713e+16 4.33288e+16 6.60452e+16 9.04374e+16 1.1391e+17 1.34312e+17 1.49786e+17 1.5961e+17 1.62853e+17 0 0 0 0 0 0 0 0 0 0 0 0 0 0 0 0 0 0 0 0 0 0 0 0 0 0 0 0 0 0 0 0 
0 0 0 0 0 0 0 0 0 0 0 0 0 0 0 0 2166.37 1.40343e+08 1.05115e+11 5.33606e+12 8.29132e+13 6.21063e+14 2.79259e+15 8.65796e+15 2.0329e+16 3.88016e+16 6.33259e+16 9.15718e+16 1.20146e+17 1.45904e+17 1.66249e+17 1.79174e+17 1.83642e+17 0 0 0 0 0 0 0 0 0 0 0 0 0 0 0 0 0 0 0 0 0 0 0 0 0 0 0 0 0 0 0 0 
0 0 0 0 0 0 0 0 0 0 0 0 0 0 0 0 0 4.56546e+06 1.56091e+10 1.45906e+12 3.16609e+13 2.99873e+14 1.61826e+15 5.7998e+15 1.52904e+16 3.20001e+16 5.61253e+16 8.57129e+16 1.17552e+17 1.47565e+17 1.71992e+17 1.87902e+17 1.93446e+17 0 0 0 0 0 0 0 0 0 0 0 0 0 0 0 0 0 0 0 0 0 0 0 0 0 0 0 0 0 0 0 0 
0 0 0 0 0 0 0 0 0 0 0 0 0 0 0 0 0 92042 1.51874e+09 3.28573e+11 1.0549e+13 1.28982e+14 8.42987e+14 3.51698e+15 1.0484e+16 2.41797e+16 4.58108e+16 7.44213e+16 1.0694e+17 1.38879e+17 1.65871e+17 1.83598e+17 1.89891e+17 0 0 0 0 0 0 0 0 0 0 0 0 0 0 0 0 0 0 0 0 0 0 0 0 0 0 0 0 0 0 0 0 
0 0 0 0 0 0 0 0 0 0 0 0 0 0 0 0 0 0 7.50736e+07 5.83228e+10 3.01017e+12 4.89597e+13 3.93992e+14 1.9279e+15 6.53639e+15 1.67249e+16 3.43781e+16 5.95913e+16 8.99783e+16 1.21266e+17 1.48196e+17 1.66722e+17 1.73206e+17 0 0 0 0 0 0 0 0 0 0 0 0 0 0 0 0 0 0 0 0 0 0 0 0 0 0 0 0 0 0 0 0 
0 0 0 0 0 0 0 0 0 0 0 0 0 0 0 0 0 0 1.85594e+06 7.48913e+09 7.25433e+11 1.63592e+13 1.64291e+14 9.54825e+14 3.7053e+15 1.05619e+16 2.37104e+16 4.39612e+16 6.98887e+16 9.79591e+16 1.23239e+17 1.40632e+17 1.469e+17 0 0 0 0 0 0 0 0 0 0 0 0 0 0 0 0 0 0 0 0 0 0 0 0 0 0 0 0 0 0 0 0 
0 0 0 0 0 0 0 0 0 0 0 0 0 0 0 0 0 0 2694.87 5.95882e+08 1.41968e+11 4.75373e+12 6.10517e+13 4.25599e+14 1.903e+15 6.08395e+15 1.49387e+16 2.97527e+16 5.00468e+16 7.30465e+16 9.44817e+16 1.0965e+17 1.15101e+17 0 0 0 0 0 0 0 0 0 0 0 0 0 0 0 0 0 0 0 0 0 0 0 0 0 0 0 0 0 0 0 0 
0 0 0 0 0 0 0 0 0 0 0 0 0 0 0 0 0 0 0 2.07643e+07 2.14214e+10 1.17719e+12 2.00854e+13 1.70166e+14 8.85126e+14 3.18713e+15 8.60407e+15 1.85009e+16 3.29793e+16 5.02318e+16 6.694e+16 7.91076e+16 8.35421e+16 0 0 0 0 0 0 0 0 0 0 0 0 0 0 0 0 0 0 0 0 0 0 0 0 0 0 0 0 0 0 0 0 
0 0 0 0 0 0 0 0 0 0 0 0 0 0 0 0 0 0 0 114414 2.23385e+09 2.42809e+11 5.78166e+12 6.07946e+13 3.71361e+14 1.51497e+15 4.52519e+15 1.05287e+16 1.99246e+16 3.18023e+16 4.36697e+16 5.25947e+16 5.58894e+16 0 0 0 0 0 0 0 0 0 0 0 0 0 0 0 0 0 0 0 0 0 0 0 0 0 0 0 0 0 0 0 0 
0 0 0 0 0 0 0 0 0 0 0 0 0 0 0 0 0 0 0 0 1.28078e+08 3.99018e+10 1.4363e+12 1.93462e+13 1.40552e+14 6.55293e+14 2.17127e+15 5.48028e+15 1.1072e+16 1.85229e+16 2.63033e+16 3.22614e+16 3.44941e+16 0 0 0 0 0 0 0 0 0 0 0 0 0 0 0 0 0 0 0 0 0 0 0 0 0 0 0 0 0 0 0 0 
0 0 0 0 0 0 0 0 0 0 0 0 0 0 0 0 0 0 0 0 1.6764e+06 4.86123e+09 2.99619e+11 5.4167e+12 4.76183e+13 2.55774e+14 9.46935e+14 2.59972e+15 5.61375e+15 9.87805e+15 1.45229e+16 1.81548e+16 1.95559e+16 0 0 0 0 0 0 0 0 0 0 0 0 0 0 0 0 0 0 0 0 0 0 0 0 0 0 0 0 0 0 0 0 
0 0 0 0 0 0 0 0 0 0 0 0 0 0 0 0 0 0 0 0 2803.2 3.67083e+08 5.13893e+10 1.31347e+12 1.43665e+13 9.01346e+13 3.74922e+14 1.12876e+15 2.61146e+15 4.82411e+15 7.36585e+15 9.41309e+15 1.01993e+16 0 0 0 0 0 0 0 0 0 0 0 0 0 0 0 0 0 0 0 0 0 0 0 0 0 0 0 0 0 0 0 0 
0 0 0 0 0 0 0 0 0 0 0 0 0 0 0 0 0 0 0 0 0 1.11741e+07 6.74337e+09 2.72233e+11 3.84157e+12 2.85594e+13 1.34822e+14 4.46205e+14 1.10738e+15 2.16519e+15 3.4257e+15 4.47614e+15 4.88429e+15 0 0 0 0 0 0 0 0 0 0 0 0 0 0 0 0 0 0 0 0 0 0 0 0 0 0 0 0 0 0 0 0 
0 0 0 0 0 0 0 0 0 0 0 0 0 0 0 0 0 0 0 0 0 77957.9 6.00307e+08 4.67635e+10 8.97716e+11 8.08768e+12 4.36574e+13 1.60286e+14 4.30206e+14 8.87199e+14 1.45737e+15 1.951e+15 2.14615e+15 0 0 0 0 0 0 0 0 0 0 0 0 0 0 0 0 0 0 0 0 0 0 0 0 0 0 0 0 0 0 0 0 
0 0 0 0 0 0 0 0 0 0 0 0 0 0 0 0 0 0 0 0 0 0 2.5996e+07 6.35057e+09 1.79673e+11 2.0311e+12 1.27345e+13 5.22309e+13 1.52144e+14 3.33676e+14 5.69499e+14 7.78572e+14 8.6397e+14 0 0 0 0 0 0 0 0 0 0 0 0 0 0 0 0 0 0 0 0 0 0 0 0 0 0 0 0 0 0 0 0 
0 0 0 0 0 0 0 0 0 0 0 0 0 0 0 0 0 0 0 0 0 0 665218 6.1614e+08 3.02238e+10 4.46679e+11 3.33233e+12 1.54372e+13 4.8898e+13 1.13958e+14 2.03603e+14 2.84561e+14 3.18502e+14 0 0 0 0 0 0 0 0 0 0 0 0 0 0 0 0 0 0 0 0 0 0 0 0 0 0 0 0 0 0 0 0 
0 0 0 0 0 0 0 0 0 0 0 0 0 0 0 0 0 0 0 0 0 0 1908.97 3.15919e+07 4.10178e+09 8.5601e+10 7.77449e+11 4.09041e+12 1.42723e+13 3.56687e+13 6.64783e+13 9.58567e+13 1.0798e+14 0 0 0 0 0 0 0 0 0 0 0 0 0 0 0 0 0 0 0 0 0 0 0 0 0 0 0 0 0 0 0 0 
0 0 0 0 0 0 0 0 0 0 0 0 0 0 0 0 0 0 0 0 0 0 0 1.16316e+06 4.11581e+08 1.37872e+10 1.60061e+11 9.77676e+11 3.79181e+12 1.01089e+13 1.98907e+13 2.93201e+13 3.34452e+13 0 0 0 0 0 0 0 0 0 0 0 0 0 0 0 0 0 0 0 0 0 0 0 0 0 0 0 0 0 0 0 0 
0 0 0 0 0 0 0 0 0 0 0 0 0 0 0 0 0 0 0 0 0 0 0 25460.3 2.2109e+07 1.80604e+09 2.85987e+10 2.08853e+11 9.0298e+11 2.62254e+12 5.41338e+12 8.26122e+12 9.44368e+12 0 0 0 0 0 0 0 0 0 0 0 0 0 0 0 0 0 0 0 0 0 0 0 0 0 0 0 0 0 0 0 0 
0 0 0 0 0 0 0 0 0 0 0 0 0 0 0 0 0 0 0 0 0 0 0 0 975274 1.85009e+08 4.35364e+09 3.95495e+10 1.95258e+11 6.16608e+11 1.33936e+12 2.1179e+12 2.4515e+12 0 0 0 0 0 0 0 0 0 0 0 0 0 0 0 0 0 0 0 0 0 0 0 0 0 0 0 0 0 0 0 0 
0 0 0 0 0 0 0 0 0 0 0 0 0 0 0 0 0 0 0 0 0 0 0 0 25204.7 9.21449e+06 5.38252e+08 6.52803e+09 3.79825e+10 1.31808e+11 3.0528e+11 4.95932e+11 5.83237e+11 0 0 0 0 0 0 0 0 0 0 0 0 0 0 0 0 0 0 0 0 0 0 0 0 0 0 0 0 0 0 0 0 
0 0 0 0 0 0 0 0 0 0 0 0 0 0 0 0 0 0 0 0 0 0 0 0 478.616 399067 5.50053e+07 9.3318e+08 6.52029e+09 2.54789e+10 6.35296e+10 1.06768e+11 1.27019e+11 0 0 0 0 0 0 0 0 0 0 0 0 0 0 0 0 0 0 0 0 0 0 0 0 0 0 0 0 0 0 0 0 
0 0 0 0 0 0 0 0 0 0 0 0 0 0 0 0 0 0 0 0 0 0 0 0 0 11442 2.16297e+06 1.05262e+08 9.91486e+08 4.46866e+09 1.19318e+10 2.10722e+10 2.52739e+10 0 0 0 0 0 0 0 0 0 0 0 0 0 0 0 0 0 0 0 0 0 0 0 0 0 0 0 0 0 0 0 0 
0 0 0 0 0 0 0 0 0 0 0 0 0 0 0 0 0 0 0 0 0 0 0 0 0 0 86302 1.0877e+07 1.31982e+08 6.88632e+08 2.05815e+09 3.79378e+09 4.65363e+09 0 0 0 0 0 0 0 0 0 0 0 0 0 0 0 0 0 0 0 0 0 0 0 0 0 0 0 0 0 0 0 0 
0 0 0 0 0 0 0 0 0 0 0 0 0 0 0 0 0 0 0 0 0 0 0 0 0 0 0 279924 1.26177e+07 9.7015e+07 3.19504e+08 6.26429e+08 7.83998e+08 0 0 0 0 0 0 0 0 0 0 0 0 0 0 0 0 0 0 0 0 0 0 0 0 0 0 0 0 0 0 0 0 
0 0 0 0 0 0 0 0 0 0 0 0 0 0 0 0 0 0 0 0 0 0 0 0 0 0 0 0 1.55822e+06 1.17292e+07 4.35031e+07 9.65823e+07 1.18055e+08 0 0 0 0 0 0 0 0 0 0 0 0 0 0 0 0 0 0 0 0 0 0 0 0 0 0 0 0 0 0 0 0 
0 0 0 0 0 0 0 0 0 0 0 0 0 0 0 0 0 0 0 0 0 0 0 0 0 0 0 0 804.878 846354 6.0067e+06 1.27839e+07 1.71893e+07 0 0 0 0 0 0 0 0 0 0 0 0 0 0 0 0 0 0 0 0 0 0 0 0 0 0 0 0 0 0 0 0 
0 0 0 0 0 0 0 0 0 0 0 0 0 0 0 0 0 0 0 0 0 0 0 0 0 0 0 0 0 176609 659417 1.51689e+06 2.45255e+06 0 0 0 0 0 0 0 0 0 0 0 0 0 0 0 0 0 0 0 0 0 0 0 0 0 0 0 0 0 0 0 0 
0 0 0 0 0 0 0 0 0 0 0 0 0 0 0 0 0 0 0 0 0 0 0 0 0 0 0 0 0 0 18355.3 275150 185666 0 0 0 0 0 0 0 0 0 0 0 0 0 0 0 0 0 0 0 0 0 0 0 0 0 0 0 0 0 0 0 0 
0 0 0 0 0 0 0 0 0 0 0 0 0 0 0 0 0 0 0 0 0 0 0 0 0 0 0 0 0 0 19465.2 17536.5 45107.9 0 0 0 0 0 0 0 0 0 0 0 0 0 0 0 0 0 0 0 0 0 0 0 0 0 0 0 0 0 0 0 0 
0 0 0 0 0 0 0 0 0 0 0 0 0 0 0 0 0 0 0 0 0 0 0 0 0 0 0 0 0 0 0 0 8011.78 0 0 0 0 0 0 0 0 0 0 0 0 0 0 0 0 0 0 0 0 0 0 0 0 0 0 0 0 0 0 0 0 
0 0 0 0 0 0 0 0 0 0 0 0 0 0 0 0 0 0 0 0 0 0 0 0 0 0 0 0 0 0 0 1342.95 0 0 0 0 0 0 0 0 0 0 0 0 0 0 0 0 0 0 0 0 0 0 0 0 0 0 0 0 0 0 0 0 0 
0 0 0 0 0 0 0 0 0 0 0 0 0 0 0 0 0 0 0 0 0 0 0 0 0 0 0 0 0 0 0 0 0 0 0 0 0 0 0 0 0 0 0 0 0 0 0 0 0 0 0 0 0 0 0 0 0 0 0 0 0 0 0 0 0 
0 0 0 0 0 0 0 0 0 0 0 0 0 0 0 0 0 0 0 0 0 0 0 0 0 0 0 0 0 0 0 0 41.9672 0 0 0 0 0 0 0 0 0 0 0 0 0 0 0 0 0 0 0 0 0 0 0 0 0 0 0 0 0 0 0 0 
0 0 0 0 0 0 0 0 0 0 0 0 0 0 0 0 0 0 0 0 0 0 0 0 0 0 0 0 0 0 0 0 0 0 0 0 0 0 0 0 0 0 0 0 0 0 0 0 0 0 0 0 0 0 0 0 0 0 0 0 0 0 0 0 0 
0 0 0 0 0 0 0 0 0 0 0 0 0 0 0 0 0 0 0 0 0 0 0 0 0 0 0 0 0 0 0 0 0 0 0 0 0 0 0 0 0 0 0 0 0 0 0 0 0 0 0 0 0 0 0 0 0 0 0 0 0 0 0 0 0 
0 0 0 0 0 0 0 0 0 0 0 0 0 0 0 0 0 0 0 0 0 0 0 0 0 0 0 0 0 0 0 0 0 0 0 0 0 0 0 0 0 0 0 0 0 0 0 0 0 0 0 0 0 0 0 0 0 0 0 0 0 0 0 0 0 
0 0 0 0 0 0 0 0 0 0 0 0 0 0 0 0 0 0 0 0 0 0 0 0 0 0 0 0 0 0 0 0 0 0 0 0 0 0 0 0 0 0 0 0 0 0 0 0 0 0 0 0 0 0 0 0 0 0 0 0 0 0 0 0 0 
0 0 0 0 0 0 0 0 0 0 0 0 0 0 0 0 0 0 0 0 0 0 0 0 0 0 0 0 0 0 0 0 0 0 0 0 0 0 0 0 0 0 0 0 0 0 0 0 0 0 0 0 0 0 0 0 0 0 0 0 0 0 0 0 0 
0 0 0 0 0 0 0 0 0 0 0 0 0 0 0 0 0 0 0 0 0 0 0 0 0 0 0 0 0 0 0 0 0 0 0 0 0 0 0 0 0 0 0 0 0 0 0 0 0 0 0 0 0 0 0 0 0 0 0 0 0 0 0 0 0 
0 0 0 0 0 0 0 0 0 0 0 0 0 0 0 0 0 0 0 0 0 0 0 0 0 0 0 0 0 0 0 0 0 0 0 0 0 0 0 0 0 0 0 0 0 0 0 0 0 0 0 0 0 0 0 0 0 0 0 0 0 0 0 0 0 
0 0 0 0 0 0 0 0 0 0 0 0 0 0 0 0 0 0 0 0 0 0 0 0 0 0 0 0 0 0 0 0 0 0 0 0 0 0 0 0 0 0 0 0 0 0 0 0 0 0 0 0 0 0 0 0 0 0 0 0 0 0 0 0 0 
0 0 0 0 0 0 0 0 0 0 0 0 0 0 0 0 0 0 0 0 0 0 0 0 0 0 0 0 0 0 0 0 0 0 0 0 0 0 0 0 0 0 0 0 0 0 0 0 0 0 0 0 0 0 0 0 0 0 0 0 0 0 0 0 0 
0 0 0 0 0 0 0 0 0 0 0 0 0 0 0 0 0 0 0 0 0 0 0 0 0 0 0 0 0 0 0 0 0 0 0 0 0 0 0 0 0 0 0 0 0 0 0 0 0 0 0 0 0 0 0 0 0 0 0 0 0 0 0 0 0 
0 0 0 0 0 0 0 0 0 0 0 0 0 0 0 0 0 0 0 0 0 0 0 0 0 0 0 0 0 0 0 0 0 0 0 0 0 0 0 0 0 0 0 0 0 0 0 0 0 0 0 0 0 0 0 0 0 0 0 0 0 0 0 0 0 
0 0 0 0 0 0 0 0 0 0 0 0 0 0 0 0 0 0 0 0 0 0 0 0 0 0 0 0 0 0 0 0 0 0 0 0 0 0 0 0 0 0 0 0 0 0 0 0 0 0 0 0 0 0 0 0 0 0 0 0 0 0 0 0 0 
0 0 0 0 0 0 0 0 0 0 0 0 0 0 0 0 0 0 0 0 0 0 0 0 0 0 0 0 0 0 0 0 0 0 0 0 0 0 0 0 0 0 0 0 0 0 0 0 0 0 0 0 0 0 0 0 0 0 0 0 0 0 0 0 0 
0 0 0 0 0 0 0 0 0 0 0 0 0 0 0 0 0 0 0 0 0 0 0 0 0 0 0 0 0 0 0 0 0 0 0 0 0 0 0 0 0 0 0 0 0 0 0 0 0 0 0 0 0 0 0 0 0 0 0 0 0 0 0 0 0 
0 0 0 0 0 0 0 0 0 0 0 0 0 0 0 0 0 0 0 0 0 0 0 0 0 0 0 0 0 0 0 0 0 0 0 0 0 0 0 0 0 0 0 0 0 0 0 0 0 0 0 0 0 0 0 0 0 0 0 0 0 0 0 0 0 
0 0 0 0 0 0 0 0 0 0 0 0 0 0 0 0 0 0 0 0 0 0 0 0 0 0 0 0 0 0 0 0 0 0 0 0 0 0 0 0 0 0 0 0 0 0 0 0 0 0 0 0 0 0 0 0 0 0 0 0 0 0 0 0 0 
0 0 0 0 0 0 0 0 0 0 0 0 0 0 0 0 0 0 0 0 0 0 0 0 0 0 0 0 0 0 0 0 0 0 0 0 0 0 0 0 0 0 0 0 0 0 0 0 0 0 0 0 0 0 0 0 0 0 0 0 0 0 0 0 0 
0 0 0 0 0 0 0 0 0 0 0 0 0 0 0 0 0 0 0 0 0 0 0 0 0 0 0 0 0 0 0 0 0 0 0 0 0 0 0 0 0 0 0 0 0 0 0 0 0 0 0 0 0 0 0 0 0 0 0 0 0 0 0 0 0 
0 0 0 0 0 0 0 0 0 0 0 0 0 0 0 0 0 0 0 0 0 0 0 0 0 0 0 0 0 0 0 0 0 0 0 0 0 0 0 0 0 0 0 0 0 0 0 0 0 0 0 0 0 0 0 0 0 0 0 0 0 0 0 0 0 
0 0 0 0 0 0 0 0 0 0 0 0 0 0 0 0 0 0 0 0 0 0 0 0 0 0 0 0 0 0 0 0 0 0 0 0 0 0 0 0 0 0 0 0 0 0 0 0 0 0 0 0 0 0 0 0 0 0 0 0 0 0 0 0 0 
0 0 0 0 0 0 0 0 0 0 0 0 0 0 0 0 0 0 0 0 0 0 0 0 0 0 0 0 0 0 0 0 0 0 0 0 0 0 0 0 0 0 0 0 0 0 0 0 0 0 0 0 0 0 0 0 0 0 0 0 0 0 0 0 0 
0 0 0 0 0 0 0 0 0 0 0 0 0 0 0 0 0 0 0 0 0 0 0 0 0 0 0 0 0 0 0 0 0 0 0 0 0 0 0 0 0 0 0 0 0 0 0 0 0 0 0 0 0 0 0 0 0 0 0 0 0 0 0 0 0 
0 0 0 0 0 0 0 0 0 0 0 0 0 0 0 0 0 0 0 0 0 0 0 0 0 0 0 0 0 0 0 0 0 0 0 0 0 0 0 0 0 0 0 0 0 0 0 0 0 0 0 0 0 0 0 0 0 0 0 0 0 0 0 0 0 
0 0 0 0 0 0 0 0 0 0 0 0 0 0 0 0 0 0 0 0 0 0 0 0 0 0 0 0 0 0 0 0 0 0 0 0 0 0 0 0 0 0 0 0 0 0 0 0 0 0 0 0 0 0 0 0 0 0 0 0 0 0 0 0 0 
0 0 0 0 0 0 0 0 0 0 0 0 0 0 0 0 0 0 0 0 0 0 0 0 0 0 0 0 0 0 0 0 0 0 0 0 0 0 0 0 0 0 0 0 0 0 0 0 0 0 0 0 0 0 0 0 0 0 0 0 0 0 0 0 0 
0 0 0 0 0 0 0 0 0 0 0 0 0 0 0 0 0 0 0 0 0 0 0 0 0 0 0 0 0 0 0 0 0 0 0 0 0 0 0 0 0 0 0 0 0 0 0 0 0 0 0 0 0 0 0 0 0 0 0 0 0 0 0 0 0 
0 0 0 0 0 0 0 0 0 0 0 0 0 0 0 0 0 0 0 0 0 0 0 0 0 0 0 0 0 0 0 0 0 0 0 0 0 0 0 0 0 0 0 0 0 0 0 0 0 0 0 0 0 0 0 0 0 0 0 0 0 0 0 0 0 
0 0 0 0 0 0 0 0 0 0 0 0 0 0 0 0 0 0 0 0 0 0 0 0 0 0 0 0 0 0 0 0 0 0 0 0 0 0 0 0 0 0 0 0 0 0 0 0 0 0 0 0 0 0 0 0 0 0 0 0 0 0 0 0 0 
0 0 0 0 0 0 0 0 0 0 0 0 0 0 0 0 0 0 0 0 0 0 0 0 0 0 0 0 0 0 0 0 0 0 0 0 0 0 0 0 0 0 0 0 0 0 0 0 0 0 0 0 0 0 0 0 0 0 0 0 0 0 0 0 0 
0 0 0 0 0 0 0 0 0 0 0 0 0 0 0 0 0 0 0 0 0 0 0 0 0 0 0 0 0 0 0 0 0 0 0 0 0 0 0 0 0 0 0 0 0 0 0 0 0 0 0 0 0 0 0 0 0 0 0 0 0 0 0 0 0 
0 0 0 0 0 0 0 0 0 0 0 0 0 0 0 0 0 0 0 0 0 0 0 0 0 0 0 0 0 0 0 0 0 0 0 0 0 0 0 0 0 0 0 0 0 0 0 0 0 0 0 0 0 0 0 0 0 0 0 0 0 0 0 0 0 
0 0 0 0 0 0 0 0 0 0 0 0 0 0 0 0 0 0 0 0 0 0 0 0 0 0 0 0 0 0 0 0 0 0 0 0 0 0 0 0 0 0 0 0 0 0 0 0 0 0 0 0 0 0 0 0 0 0 0 0 0 0 0 0 0 
