1 0 0 0 0 0 0 0 0 0 0 0 0 0 0 0 0 0 0 0 0 0 0 0 0 0 0 0 0 0 0 0 0 0 0 0 0 0 0 0 0 0 0 0 0 0 0 0 0 0 0 0 0 0 0 0 0 0 0 0 0 0 0 0 1 
0 0 0 0 0 0 0 0 0 0 0 0 0 0 0 0 0 0 0 0 0 0 0 0 0 0 0 0 0 0 0 0 0 0 0 0 0 0 0 0 0 0 0 0 0 0 0 0 0 0 0 0 0 0 0 0 0 0 0 0 0 0 0 0 0 
0 0 0 0 0 0 0 0 0 0 0 0 0 0 0 0 0 0 0 0 0 0 0 0 0 0 0 0 0 0 0 0 0 0 0 0 0 0 0 0 0 0 0 0 0 0 0 0 0 0 0 0 0 0 0 0 0 0 0 0 0 0 0 0 0 
0 0 0 0 0 0 0 0 0 0 0 0 0 0 0 0 0 0 0 0 0 0 0 0 0 0 0 0 0 0 0 0 0 0 0 0 0 0 0 0 0 0 0 0 0 0 0 0 0 0 0 0 0 0 0 0 0 0 0 0 0 0 0 0 0 
0 64 0 0 0 0 0 0 0 0 0 0 0 0 0 0 0 0 0 0 0 0 0 0 0 0 0 0 0 0 0 0 0 0 0 0 0 0 0 0 0 0 0 0 0 0 0 0 0 0 0 0 0 0 0 0 0 0 0 0 0 0 0 0 0 
0 0 0 0 0 0 0 0 0 0 0 0 0 0 0 0 0 0 0 0 0 0 0 0 0 0 0 0 0 0 0 0 0 0 0 0 0 0 0 0 0 0 0 0 0 0 0 0 0 0 0 0 0 0 0 0 0 0 0 0 0 0 0 0 0 
0 0 0 0 0 0 0 0 0 0 0 0 0 0 0 0 0 0 0 0 0 0 0 0 0 0 0 0 0 0 0 0 0 0 0 0 0 0 0 0 0 0 0 0 0 0 0 0 0 0 0 0 0 0 0 0 0 0 0 0 0 0 0 0 0 
0 0 256 0 0 0 0 0 0 0 0 0 0 0 0 0 0 0 0 0 0 0 0 0 0 0 0 0 0 0 0 0 0 0 0 0 0 0 0 0 0 0 0 0 0 0 0 0 0 0 0 0 0 0 0 0 0 0 0 0 0 0 0 0 0 
0 0 1760 0 0 0 0 0 0 0 0 0 0 0 0 0 0 0 0 0 0 0 0 0 0 0 0 0 0 0 0 0 0 0 0 0 0 0 0 0 0 0 0 0 0 0 0 0 0 0 0 0 0 0 0 0 0 0 0 0 0 0 0 0 0 
0 0 0 128.134 0 0 0 0 0 0 0 0 0 0 0 0 0 0 0 0 0 0 0 0 0 0 0 0 0 0 0 0 0 0 0 0 0 0 0 0 0 0 0 0 0 0 0 0 0 0 0 0 0 0 0 0 0 0 0 0 0 0 0 0 0 
0 0 0 1405.76 0 0 0 0 0 0 0 0 0 0 0 0 0 0 0 0 0 0 0 0 0 0 0 0 0 0 0 0 0 0 0 0 0 0 0 0 0 0 0 0 0 0 0 0 0 0 0 0 0 0 0 0 0 0 0 0 0 0 0 0 0 
0 0 0 12676.1 191.743 0 0 0 0 0 0 0 0 0 0 0 0 0 0 0 0 0 0 0 0 0 0 0 0 0 0 0 0 0 0 0 0 0 0 0 0 0 0 0 0 0 0 0 0 0 0 0 0 0 0 0 0 0 0 0 0 0 0 0 0 
0 0 0 27454 1790.08 0 0 0 0 0 0 0 0 0 0 0 0 0 0 0 0 0 0 0 0 0 0 0 0 0 0 0 0 0 0 0 0 0 0 0 0 0 0 0 0 0 0 0 0 0 0 0 0 0 0 0 0 0 0 0 0 0 0 0 0 
0 0 0 0 14485.9 385.326 0 0 0 0 0 0 0 0 0 0 0 0 0 0 0 0 0 0 0 0 0 0 0 0 0 0 0 0 0 0 0 0 0 0 0 0 0 0 0 0 0 0 0 0 0 0 0 0 0 0 0 0 0 0 0 0 0 0 0 
0 0 0 0 84112.8 4050.49 0 0 0 0 0 0 0 0 0 0 0 0 0 0 0 0 0 0 0 0 0 0 0 0 0 0 0 0 0 0 0 0 0 0 0 0 0 0 0 0 0 0 0 0 0 0 0 0 0 0 0 0 0 0 0 0 0 0 0 
0 0 0 0 264294 26127.7 1414.91 0 0 0 0 0 0 0 0 0 0 0 0 0 0 0 0 0 0 0 0 0 0 0 0 0 0 0 0 0 0 0 0 0 0 0 0 0 0 0 0 0 0 0 0 0 0 0 0 0 0 0 0 0 0 0 0 0 0 
0 0 0 0 270502 146847 9414.2 448.952 48.0933 0 0 0 0 0 0 0 3.99791 0 0 0 0 0 0 0 0 0 0 0 0 0 0 0 3.99836 0 0 0 0 0 0 0 0 0 0 0 0 0 0 0 0 0 0 0 0 0 0 0 0 0 0 0 0 0 0 0 0 
0 0 0 0 0 656669 66481.6 4230.21 0 0 0 0 0 0 0 0 0 0 0 0 0 0 0 0 0 0 0 0 0 0 0 0 0 0 0 0 0 0 0 0 0 0 0 0 0 0 0 0 0 0 0 0 0 0 0 0 0 0 0 0 0 0 0 0 0 
0 0 0 0 0 1.9508e+06 340600 32408.4 4037.54 448.57 0 0 0 0 0 63.9665 0 0 0 0 0 0 0 0 0 0 0 0 0 0 0 0 0 0 0 0 0 0 0 0 0 0 0 0 0 0 0 0 0 0 0 0 0 0 0 0 0 0 0 0 0 0 0 0 0 
0 0 0 0 0 3.06529e+06 1.46143e+06 192268 15923.4 4216.74 1271.42 382.211 191.136 128.222 191.639 0 0 128.096 0 0 0 0 0 0 0 0 0 0 0 0 0 127.948 0 0 0 0 0 0 0 0 0 0 0 0 0 0 0 0 0 0 0 0 0 0 0 0 0 0 0 0 0 0 0 0 0 
0 0 0 0 0 1.77434e+06 5.28459e+06 916095 125080 9935.89 3236.13 1720.64 816.063 574.134 288.11 0 0 64.8403 0 0 0 0 0 0 0 0 0 0 0 0 0 0 0 0 0 0 0 0 0 0 0 0 0 0 0 0 0 0 0 0 0 0 0 0 0 0 0 0 0 0 0 0 0 0 0 
0 0 0 0 0 0 1.40489e+07 3.92237e+06 628217 100061 16443 3474.27 2176.19 1150.01 0 0 1920.22 0 385.461 0 0 0 0 0 0 0 0 0 0 0 447.825 0 0 0 0 0 0 0 0 0 0 0 0 0 0 0 0 0 0 0 0 0 0 0 0 0 0 0 0 0 0 0 0 0 0 
0 0 0 0 0 0 2.38228e+07 1.38697e+07 2.89648e+06 519128 104658 31779.6 11147.6 4990.57 3336.53 5374.49 1167.8 0 1737.29 257.328 0 0 0 0 0 0 0 0 0 256.12 1535.36 0 3966.1 0 0 0 0 0 0 0 0 0 0 0 0 0 0 0 0 0 0 0 0 0 0 0 0 0 0 0 0 0 0 0 0 
0 0 0 0 0 0 2.19735e+07 4.17263e+07 1.14343e+07 2.26739e+06 501580 133158 50175.9 24215.2 17729.4 11918.9 0 5415.5 2131.43 1163.79 391.148 0 0 0 0 0 0 0 383.173 1917.74 0 0 128.432 0 0 0 0 0 0 0 0 0 0 0 0 0 0 0 0 0 0 0 0 0 0 0 0 0 0 0 0 0 0 0 0 
0 0 0 0 0 0 7.96525e+06 9.80148e+07 4.0271e+07 9.91303e+06 2.07649e+06 560650 190486 91803.8 54091.5 14310.1 14268.9 25216.7 3639.58 9348.68 1656.24 774.858 0 0 95.6193 0 0 766.808 2595.29 8830.9 0 13427.5 0 0 0 0 0 0 0 0 0 0 0 0 0 0 0 0 0 0 0 0 0 0 0 0 0 0 0 0 0 0 0 0 0 
0 0 0 0 0 0 0 1.62825e+08 1.22256e+08 3.70079e+07 9.55785e+06 2.43669e+06 804794 331023 145884 83950.6 93642.1 43960.4 15849 24047.2 9267.33 3511.13 2561.06 905.941 0 899.999 2664.76 5749.85 13045.7 8827.11 7421.72 46958.5 0 0 0 0 0 0 0 0 0 0 0 0 0 0 0 0 0 0 0 0 0 0 0 0 0 0 0 0 0 0 0 0 0 
0 0 0 0 0 0 0 1.72419e+08 3.13472e+08 1.24979e+08 3.59966e+07 1.03163e+07 3.35091e+06 1.26457e+06 598075 394270 263542 65430 137623 50897.1 49563.9 14635.4 6524.34 7654.41 7901.17 7653.69 12632.9 23413.7 41571.1 10820.7 56420.4 3079.34 44336.2 0 0 0 0 0 0 0 0 0 0 0 0 0 0 0 0 0 0 0 0 0 0 0 0 0 0 0 0 0 0 0 0 
0 0 0 0 0 0 0 1.02465e+08 6.51572e+08 3.75408e+08 1.27562e+08 3.87924e+07 1.25261e+07 4.87927e+06 2.31266e+06 1.30766e+06 596074 444407 366885 147918 155891 89082.4 39404.7 16105.5 22410.1 40587.2 57165.9 83026.8 81034.1 73807.9 261643 24142.7 306833 0 0 0 0 0 0 0 0 0 0 0 0 0 0 0 0 0 0 0 0 0 0 0 0 0 0 0 0 0 0 0 0 
0 0 0 0 0 0 0 2.48295e+07 1.01542e+09 9.82257e+08 4.13158e+08 1.39593e+08 4.74746e+07 1.79315e+07 8.07908e+06 3.96441e+06 2.17979e+06 1.75745e+06 965679 704451 469651 326369 208664 164672 141384 145584 203446 271782 184892 375729 316628 262093 574077 0 0 0 0 0 0 0 0 0 0 0 0 0 0 0 0 0 0 0 0 0 0 0 0 0 0 0 0 0 0 0 0 
0 0 0 0 0 0 0 0 1.10921e+09 2.19696e+09 1.20586e+09 4.66673e+08 1.68146e+08 6.51537e+07 2.79886e+07 1.38592e+07 8.46395e+06 5.36839e+06 2.83005e+06 2.47819e+06 1.47415e+06 1.19298e+06 792814 633003 602551 638957 679237 618023 662208 1.27936e+06 373343 1.48303e+06 262794 0 0 0 0 0 0 0 0 0 0 0 0 0 0 0 0 0 0 0 0 0 0 0 0 0 0 0 0 0 0 0 0 
0 0 0 0 0 0 0 0 7.85925e+08 4.0368e+09 3.13568e+09 1.42918e+09 5.60489e+08 2.21174e+08 9.62894e+07 4.79716e+07 2.74108e+07 1.54763e+07 1.05726e+07 7.70565e+06 5.02351e+06 3.94821e+06 3.0401e+06 2.23634e+06 1.82399e+06 1.79709e+06 1.91821e+06 1.82583e+06 2.56509e+06 2.55515e+06 2.00977e+06 4.14333e+06 1.6187e+06 0 0 0 0 0 0 0 0 0 0 0 0 0 0 0 0 0 0 0 0 0 0 0 0 0 0 0 0 0 0 0 0 
0 0 0 0 0 0 0 0 3.19128e+08 5.8109e+09 7.16701e+09 4.01883e+09 1.75452e+09 7.29998e+08 3.22509e+08 1.58189e+08 8.49496e+07 5.00222e+07 3.54184e+07 2.25513e+07 1.70444e+07 1.22396e+07 9.76701e+06 7.69514e+06 6.73404e+06 6.16438e+06 5.56853e+06 5.89695e+06 7.58719e+06 4.76593e+06 8.42205e+06 5.73277e+06 7.90784e+06 0 0 0 0 0 0 0 0 0 0 0 0 0 0 0 0 0 0 0 0 0 0 0 0 0 0 0 0 0 0 0 0 
0 0 0 0 0 0 0 0 5.381e+07 6.21136e+09 1.40649e+10 1.02543e+10 5.12747e+09 2.29269e+09 1.03997e+09 5.03689e+08 2.6889e+08 1.63996e+08 1.05884e+08 6.92311e+07 5.30542e+07 3.84051e+07 3.04869e+07 2.50525e+07 2.10984e+07 1.82529e+07 1.70771e+07 1.86812e+07 1.72e+07 1.57141e+07 2.36869e+07 1.24586e+07 2.58612e+07 0 0 0 0 0 0 0 0 0 0 0 0 0 0 0 0 0 0 0 0 0 0 0 0 0 0 0 0 0 0 0 0 
0 0 0 0 0 0 0 0 0 4.67615e+09 2.29963e+10 2.3377e+10 1.38656e+10 6.77759e+09 3.20154e+09 1.5787e+09 8.47169e+08 5.01499e+08 3.11929e+08 2.1703e+08 1.57845e+08 1.16958e+08 9.22123e+07 7.43697e+07 6.12389e+07 5.37124e+07 5.14124e+07 5.1047e+07 4.29235e+07 5.38028e+07 4.7616e+07 4.86841e+07 5.32333e+07 0 0 0 0 0 0 0 0 0 0 0 0 0 0 0 0 0 0 0 0 0 0 0 0 0 0 0 0 0 0 0 0 
0 0 0 0 0 0 0 0 0 2.32547e+09 3.02148e+10 4.69085e+10 3.4241e+10 1.88203e+10 9.45222e+09 4.79174e+09 2.58045e+09 1.49269e+09 9.32335e+08 6.46647e+08 4.51601e+08 3.45749e+08 2.67045e+08 2.18237e+08 1.83086e+08 1.61699e+08 1.49636e+08 1.32864e+08 1.27139e+08 1.44508e+08 1.08378e+08 1.51409e+08 1.06733e+08 0 0 0 0 0 0 0 0 0 0 0 0 0 0 0 0 0 0 0 0 0 0 0 0 0 0 0 0 0 0 0 0 
0 0 0 0 0 0 0 0 0 6.69933e+08 3.07254e+10 8.11166e+10 7.67548e+10 4.86417e+10 2.64604e+10 1.39557e+10 7.6086e+09 4.38513e+09 2.77671e+09 1.85649e+09 1.31157e+09 9.95618e+08 7.63714e+08 6.23519e+08 5.27394e+08 4.59152e+08 4.05484e+08 3.60993e+08 3.74373e+08 3.39772e+08 3.31768e+08 3.63944e+08 3.08734e+08 0 0 0 0 0 0 0 0 0 0 0 0 0 0 0 0 0 0 0 0 0 0 0 0 0 0 0 0 0 0 0 0 
0 0 0 0 0 0 0 0 0 8.05511e+07 2.326e+10 1.18332e+11 1.5387e+11 1.16107e+11 6.98526e+10 3.89666e+10 2.1745e+10 1.27565e+10 7.97704e+09 5.24878e+09 3.75406e+09 2.77027e+09 2.16213e+09 1.73944e+09 1.45668e+09 1.25033e+09 1.0932e+09 1.02045e+09 9.83891e+08 8.59157e+08 9.54076e+08 8.25825e+08 9.30865e+08 0 0 0 0 0 0 0 0 0 0 0 0 0 0 0 0 0 0 0 0 0 0 0 0 0 0 0 0 0 0 0 0 
0 0 0 0 0 0 0 0 0 0 1.25609e+10 1.41176e+11 2.71693e+11 2.53253e+11 1.72794e+11 1.0358e+11 6.0199e+10 3.58329e+10 2.22961e+10 1.47875e+10 1.04267e+10 7.62835e+09 5.95362e+09 4.76002e+09 3.97933e+09 3.3899e+09 2.98762e+09 2.76811e+09 2.49507e+09 2.39164e+09 2.39992e+09 2.16964e+09 2.3895e+09 0 0 0 0 0 0 0 0 0 0 0 0 0 0 0 0 0 0 0 0 0 0 0 0 0 0 0 0 0 0 0 0 
0 0 0 0 0 0 0 0 0 0 4.52621e+09 1.34384e+11 4.16329e+11 5.0101e+11 3.96573e+11 2.60606e+11 1.59709e+11 9.73697e+10 6.12855e+10 4.08194e+10 2.83439e+10 2.08652e+10 1.6093e+10 1.28415e+10 1.05955e+10 9.0631e+09 8.01363e+09 7.21468e+09 6.54007e+09 6.42084e+09 5.89644e+09 5.99223e+09 5.7725e+09 0 0 0 0 0 0 0 0 0 0 0 0 0 0 0 0 0 0 0 0 0 0 0 0 0 0 0 0 0 0 0 0 
0 0 0 0 0 0 0 0 0 0 9.45511e+08 9.88602e+10 5.41252e+11 8.84358e+11 8.38201e+11 6.15487e+11 4.02991e+11 2.55858e+11 1.64202e+11 1.09452e+11 7.61574e+10 5.59678e+10 4.2667e+10 3.4012e+10 2.79828e+10 2.38401e+10 2.09156e+10 1.86388e+10 1.7273e+10 1.63112e+10 1.51742e+10 1.54419e+10 1.46239e+10 0 0 0 0 0 0 0 0 0 0 0 0 0 0 0 0 0 0 0 0 0 0 0 0 0 0 0 0 0 0 0 0 
0 0 0 0 0 0 0 0 0 0 8.1727e+07 5.46234e+10 5.85357e+11 1.379e+12 1.6158e+12 1.35335e+12 9.66043e+11 6.44806e+11 4.26481e+11 2.87443e+11 2.01708e+11 1.47539e+11 1.12008e+11 8.88851e+10 7.27711e+10 6.18876e+10 5.40256e+10 4.7977e+10 4.46305e+10 4.11606e+10 3.96371e+10 3.84213e+10 3.81055e+10 0 0 0 0 0 0 0 0 0 0 0 0 0 0 0 0 0 0 0 0 0 0 0 0 0 0 0 0 0 0 0 0 
0 0 0 0 0 0 0 0 0 0 0 2.17335e+10 5.15178e+11 1.87152e+12 2.81668e+12 2.75461e+12 2.17762e+12 1.55027e+12 1.06647e+12 7.3615e+11 5.19786e+11 3.80535e+11 2.89353e+11 2.29284e+11 1.87535e+11 1.58424e+11 1.37541e+11 1.23238e+11 1.12366e+11 1.0418e+11 1.00512e+11 9.60133e+10 9.69363e+10 0 0 0 0 0 0 0 0 0 0 0 0 0 0 0 0 0 0 0 0 0 0 0 0 0 0 0 0 0 0 0 0 
0 0 0 0 0 0 0 0 0 0 0 5.78853e+09 3.60617e+11 2.17099e+12 4.38797e+12 5.15733e+12 4.58191e+12 3.53678e+12 2.55805e+12 1.81828e+12 1.30788e+12 9.65116e+11 7.3743e+11 5.80601e+11 4.75335e+11 3.99811e+11 3.46853e+11 3.09582e+11 2.80373e+11 2.62287e+11 2.4973e+11 2.4247e+11 2.40415e+11 0 0 0 0 0 0 0 0 0 0 0 0 0 0 0 0 0 0 0 0 0 0 0 0 0 0 0 0 0 0 0 0 
0 0 0 0 0 0 0 0 0 0 0 8.81524e+08 1.96677e+11 2.11906e+12 6.04463e+12 8.78198e+12 8.95801e+12 7.58272e+12 5.84022e+12 4.32658e+12 3.19025e+12 2.39068e+12 1.8327e+12 1.45303e+12 1.18433e+12 9.95681e+11 8.62429e+11 7.68372e+11 6.95735e+11 6.49563e+11 6.15417e+11 5.99353e+11 5.89605e+11 0 0 0 0 0 0 0 0 0 0 0 0 0 0 0 0 0 0 0 0 0 0 0 0 0 0 0 0 0 0 0 0 
0 0 0 0 0 0 0 0 0 0 0 5.43415e+07 8.11708e+10 1.71037e+12 7.26061e+12 1.349e+13 1.61703e+13 1.5251e+13 1.2662e+13 9.85605e+12 7.52823e+12 5.75272e+12 4.466e+12 3.54779e+12 2.89777e+12 2.44476e+12 2.11736e+12 1.87429e+12 1.70979e+12 1.58548e+12 1.50716e+12 1.46222e+12 1.44017e+12 0 0 0 0 0 0 0 0 0 0 0 0 0 0 0 0 0 0 0 0 0 0 0 0 0 0 0 0 0 0 0 0 
0 0 0 0 0 0 0 0 0 0 0 0 2.42132e+10 1.12374e+12 7.50278e+12 1.85252e+13 2.66912e+13 2.85753e+13 2.58357e+13 2.1444e+13 1.70094e+13 1.3376e+13 1.0588e+13 8.51352e+12 6.99449e+12 5.90401e+12 5.11457e+12 4.53883e+12 4.1121e+12 3.82549e+12 3.63598e+12 3.52229e+12 3.49068e+12 0 0 0 0 0 0 0 0 0 0 0 0 0 0 0 0 0 0 0 0 0 0 0 0 0 0 0 0 0 0 0 0 
0 0 0 0 0 0 0 0 0 0 0 0 4.77759e+09 5.90958e+11 6.59095e+12 2.24902e+13 4.00551e+13 4.94539e+13 4.95609e+13 4.40541e+13 3.68394e+13 2.99719e+13 2.42468e+13 1.98269e+13 1.64882e+13 1.39543e+13 1.21362e+13 1.0774e+13 9.79214e+12 9.09815e+12 8.63322e+12 8.3612e+12 8.29031e+12 0 0 0 0 0 0 0 0 0 0 0 0 0 0 0 0 0 0 0 0 0 0 0 0 0 0 0 0 0 0 0 0 
0 0 0 0 0 0 0 0 0 0 0 0 5.20224e+08 2.43184e+11 4.85696e+12 2.38897e+13 5.40971e+13 7.8732e+13 8.84739e+13 8.54788e+13 7.57324e+13 6.44123e+13 5.37198e+13 4.47651e+13 3.77821e+13 3.23139e+13 2.82037e+13 2.51674e+13 2.28694e+13 2.13087e+13 2.02367e+13 1.96232e+13 1.9403e+13 0 0 0 0 0 0 0 0 0 0 0 0 0 0 0 0 0 0 0 0 0 0 0 0 0 0 0 0 0 0 0 0 
0 0 0 0 0 0 0 0 0 0 0 0 2.2483e+07 7.61158e+10 2.95923e+12 2.20002e+13 6.53746e+13 1.1435e+14 1.46464e+14 1.5553e+14 1.47758e+14 1.31706e+14 1.1412e+14 9.77935e+13 8.38261e+13 7.27888e+13 6.39991e+13 5.75369e+13 5.26297e+13 4.89038e+13 4.65805e+13 4.51457e+13 4.47306e+13 0 0 0 0 0 0 0 0 0 0 0 0 0 0 0 0 0 0 0 0 0 0 0 0 0 0 0 0 0 0 0 0 
0 0 0 0 0 0 0 0 0 0 0 0 0 1.69944e+10 1.47405e+12 1.73265e+13 6.99088e+13 1.50701e+14 2.23372e+14 2.63885e+14 2.71438e+14 2.5653e+14 2.31855e+14 2.04945e+14 1.80174e+14 1.58618e+14 1.41373e+14 1.27783e+14 1.17627e+14 1.10163e+14 1.04839e+14 1.01858e+14 1.01104e+14 0 0 0 0 0 0 0 0 0 0 0 0 0 0 0 0 0 0 0 0 0 0 0 0 0 0 0 0 0 0 0 0 
0 0 0 0 0 0 0 0 0 0 0 0 0 2.42706e+09 5.90504e+11 1.15739e+13 6.56371e+13 1.78734e+14 3.12431e+14 4.15716e+14 4.67086e+14 4.72192e+14 4.48353e+14 4.11472e+14 3.71689e+14 3.34389e+14 3.02318e+14 2.76612e+14 2.55957e+14 2.41276e+14 2.31007e+14 2.25011e+14 2.2303e+14 0 0 0 0 0 0 0 0 0 0 0 0 0 0 0 0 0 0 0 0 0 0 0 0 0 0 0 0 0 0 0 0 
0 0 0 0 0 0 0 0 0 0 0 0 0 1.81168e+08 1.8588e+11 6.49568e+12 5.3535e+13 1.89213e+14 3.97977e+14 6.0504e+14 7.50347e+14 8.17858e+14 8.20959e+14 7.87057e+14 7.33372e+14 6.77464e+14 6.24814e+14 5.77881e+14 5.4102e+14 5.12823e+14 4.93102e+14 4.81471e+14 4.77439e+14 0 0 0 0 0 0 0 0 0 0 0 0 0 0 0 0 0 0 0 0 0 0 0 0 0 0 0 0 0 0 0 0 
0 0 0 0 0 0 0 0 0 0 0 0 0 5.41144e+06 4.37611e+10 3.02649e+12 3.77279e+13 1.77825e+14 4.58242e+14 8.08939e+14 1.12029e+15 1.32661e+15 1.42139e+15 1.42823e+15 1.38471e+15 1.31358e+15 1.23687e+15 1.16638e+15 1.10413e+15 1.05536e+15 1.02187e+15 1.00082e+15 9.92768e+14 0 0 0 0 0 0 0 0 0 0 0 0 0 0 0 0 0 0 0 0 0 0 0 0 0 0 0 0 0 0 0 0 
0 0 0 0 0 0 0 0 0 0 0 0 0 0 7.11662e+09 1.15825e+12 2.27833e+13 1.47077e+14 4.75358e+14 9.8881e+14 1.5468e+15 2.0115e+15 2.31274e+15 2.45867e+15 2.48525e+15 2.44134e+15 2.35417e+15 2.2597e+15 2.17122e+15 2.09539e+15 2.03946e+15 2.00742e+15 1.9997e+15 0 0 0 0 0 0 0 0 0 0 0 0 0 0 0 0 0 0 0 0 0 0 0 0 0 0 0 0 0 0 0 0 
0 0 0 0 0 0 0 0 0 0 0 0 0 0 6.91638e+08 3.55484e+11 1.16769e+13 1.06243e+14 4.4034e+14 1.09841e+15 1.96596e+15 2.83227e+15 3.52808e+15 3.98324e+15 4.22014e+15 4.29857e+15 4.27279e+15 4.19488e+15 4.09383e+15 4.00353e+15 3.92994e+15 3.88743e+15 3.86461e+15 0 0 0 0 0 0 0 0 0 0 0 0 0 0 0 0 0 0 0 0 0 0 0 0 0 0 0 0 0 0 0 0 
0 0 0 0 0 0 0 0 0 0 0 0 0 0 3.32909e+07 8.44134e+10 5.03932e+12 6.67153e+13 3.61898e+14 1.10098e+15 2.28936e+15 3.68605e+15 5.0103e+15 6.05893e+15 6.77208e+15 7.18213e+15 7.37914e+15 7.423e+15 7.39175e+15 7.31917e+15 7.25516e+15 7.19386e+15 7.17671e+15 0 0 0 0 0 0 0 0 0 0 0 0 0 0 0 0 0 0 0 0 0 0 0 0 0 0 0 0 0 0 0 0 
0 0 0 0 0 0 0 0 0 0 0 0 0 0 745732 1.44594e+10 1.81311e+12 3.62369e+13 2.63067e+14 9.93625e+14 2.43169e+15 4.43097e+15 6.61452e+15 8.61324e+15 1.02156e+16 1.13508e+16 1.20809e+16 1.24868e+16 1.26918e+16 1.27811e+16 1.27924e+16 1.27675e+16 1.27667e+16 0 0 0 0 0 0 0 0 0 0 0 0 0 0 0 0 0 0 0 0 0 0 0 0 0 0 0 0 0 0 0 0 
0 0 0 0 0 0 0 0 0 0 0 0 0 0 0 1.58467e+09 5.31437e+11 1.68625e+13 1.67912e+14 8.02529e+14 2.34016e+15 4.88577e+15 8.09207e+15 1.14343e+16 1.44427e+16 1.68806e+16 1.8669e+16 1.9926e+16 2.07307e+16 2.12001e+16 2.14805e+16 2.1627e+16 2.16378e+16 0 0 0 0 0 0 0 0 0 0 0 0 0 0 0 0 0 0 0 0 0 0 0 0 0 0 0 0 0 0 0 0 
0 0 0 0 0 0 0 0 0 0 0 0 0 0 0 9.39388e+07 1.22667e+11 6.68276e+12 9.37138e+13 5.76122e+14 2.03532e+15 4.91948e+15 9.12641e+15 1.40834e+16 1.90654e+16 2.35437e+16 2.7231e+16 3.00096e+16 3.20437e+16 3.34352e+16 3.43024e+16 3.47824e+16 3.49527e+16 0 0 0 0 0 0 0 0 0 0 0 0 0 0 0 0 0 0 0 0 0 0 0 0 0 0 0 0 0 0 0 0 
0 0 0 0 0 0 0 0 0 0 0 0 0 0 0 2.98262e+06 2.09495e+10 2.22533e+12 4.55131e+13 3.66616e+14 1.59205e+15 4.50539e+15 9.46054e+15 1.60659e+16 2.3467e+16 3.07618e+16 3.72601e+16 4.26516e+16 4.68386e+16 4.9834e+16 5.18583e+16 5.3001e+16 5.33776e+16 0 0 0 0 0 0 0 0 0 0 0 0 0 0 0 0 0 0 0 0 0 0 0 0 0 0 0 0 0 0 0 0 
0 0 0 0 0 0 0 0 0 0 0 0 0 0 0 58193.8 2.37919e+09 6.10898e+11 1.91026e+13 2.06057e+14 1.11526e+15 3.74444e+15 8.97214e+15 1.69072e+16 2.68081e+16 3.74453e+16 4.77364e+16 5.69012e+16 6.4342e+16 7.01281e+16 7.40836e+16 7.6466e+16 7.72081e+16 0 0 0 0 0 0 0 0 0 0 0 0 0 0 0 0 0 0 0 0 0 0 0 0 0 0 0 0 0 0 0 0 
0 0 0 0 0 0 0 0 0 0 0 0 0 0 0 0 1.4791e+08 1.33222e+11 6.8754e+12 1.01787e+14 6.96778e+14 2.807e+15 7.7564e+15 1.63426e+16 2.83294e+16 4.24542e+16 5.72268e+16 7.11177e+16 8.31497e+16 9.28501e+16 9.98059e+16 1.03939e+17 1.05381e+17 0 0 0 0 0 0 0 0 0 0 0 0 0 0 0 0 0 0 0 0 0 0 0 0 0 0 0 0 0 0 0 0 
0 0 0 0 0 0 0 0 0 0 0 0 0 0 0 0 5.38075e+06 2.16597e+10 2.09015e+12 4.39788e+13 3.87158e+14 1.89421e+15 6.098e+15 1.45043e+16 2.75888e+16 4.46435e+16 6.37743e+16 8.30357e+16 1.00804e+17 1.15305e+17 1.2633e+17 1.33033e+17 1.35384e+17 0 0 0 0 0 0 0 0 0 0 0 0 0 0 0 0 0 0 0 0 0 0 0 0 0 0 0 0 0 0 0 0 
0 0 0 0 0 0 0 0 0 0 0 0 0 0 0 0 110235 2.36304e+09 5.27149e+11 1.6487e+13 1.90885e+14 1.14662e+15 4.34083e+15 1.1732e+16 2.47402e+16 4.33202e+16 6.60746e+16 9.04616e+16 1.13931e+17 1.34425e+17 1.49873e+17 1.59579e+17 1.62895e+17 0 0 0 0 0 0 0 0 0 0 0 0 0 0 0 0 0 0 0 0 0 0 0 0 0 0 0 0 0 0 0 0 
0 0 0 0 0 0 0 0 0 0 0 0 0 0 0 0 2151.86 1.39785e+08 1.0521e+11 5.33882e+12 8.28396e+13 6.21389e+14 2.79306e+15 8.64607e+15 2.03179e+16 3.88242e+16 6.33018e+16 9.15355e+16 1.20109e+17 1.45934e+17 1.6624e+17 1.79346e+17 1.83555e+17 0 0 0 0 0 0 0 0 0 0 0 0 0 0 0 0 0 0 0 0 0 0 0 0 0 0 0 0 0 0 0 0 
0 0 0 0 0 0 0 0 0 0 0 0 0 0 0 0 0 4.57239e+06 1.56015e+10 1.45901e+12 3.16878e+13 3.00107e+14 1.6196e+15 5.7979e+15 1.52846e+16 3.19974e+16 5.60904e+16 8.57569e+16 1.17596e+17 1.4764e+17 1.72063e+17 1.87793e+17 1.93345e+17 0 0 0 0 0 0 0 0 0 0 0 0 0 0 0 0 0 0 0 0 0 0 0 0 0 0 0 0 0 0 0 0 
0 0 0 0 0 0 0 0 0 0 0 0 0 0 0 0 0 91600.7 1.52358e+09 3.29082e+11 1.05219e+13 1.28854e+14 8.42911e+14 3.51778e+15 1.0479e+16 2.41663e+16 4.58294e+16 7.44083e+16 1.06909e+17 1.38825e+17 1.65862e+17 1.83622e+17 1.89938e+17 0 0 0 0 0 0 0 0 0 0 0 0 0 0 0 0 0 0 0 0 0 0 0 0 0 0 0 0 0 0 0 0 
0 0 0 0 0 0 0 0 0 0 0 0 0 0 0 0 0 0 7.53833e+07 5.82172e+10 3.01222e+12 4.89927e+13 3.94185e+14 1.92846e+15 6.54125e+15 1.67265e+16 3.44149e+16 5.95904e+16 8.9931e+16 1.21211e+17 1.48269e+17 1.66814e+17 1.7322e+17 0 0 0 0 0 0 0 0 0 0 0 0 0 0 0 0 0 0 0 0 0 0 0 0 0 0 0 0 0 0 0 0 
0 0 0 0 0 0 0 0 0 0 0 0 0 0 0 0 0 0 1.87741e+06 7.50547e+09 7.23642e+11 1.63562e+13 1.6414e+14 9.55911e+14 3.70463e+15 1.05665e+16 2.36766e+16 4.39446e+16 6.99268e+16 9.79447e+16 1.23173e+17 1.4059e+17 1.46903e+17 0 0 0 0 0 0 0 0 0 0 0 0 0 0 0 0 0 0 0 0 0 0 0 0 0 0 0 0 0 0 0 0 
0 0 0 0 0 0 0 0 0 0 0 0 0 0 0 0 0 0 2609.77 5.98479e+08 1.42313e+11 4.75197e+12 6.11467e+13 4.25563e+14 1.90301e+15 6.07994e+15 1.49431e+16 2.9772e+16 5.00415e+16 7.30709e+16 9.44151e+16 1.0964e+17 1.15155e+17 0 0 0 0 0 0 0 0 0 0 0 0 0 0 0 0 0 0 0 0 0 0 0 0 0 0 0 0 0 0 0 0 
0 0 0 0 0 0 0 0 0 0 0 0 0 0 0 0 0 0 0 2.06919e+07 2.13886e+10 1.17849e+12 2.00729e+13 1.70085e+14 8.8477e+14 3.18679e+15 8.60893e+15 1.84914e+16 3.29693e+16 5.02484e+16 6.69652e+16 7.90841e+16 8.34885e+16 0 0 0 0 0 0 0 0 0 0 0 0 0 0 0 0 0 0 0 0 0 0 0 0 0 0 0 0 0 0 0 0 
0 0 0 0 0 0 0 0 0 0 0 0 0 0 0 0 0 0 0 114931 2.22629e+09 2.42974e+11 5.78623e+12 6.09194e+13 3.71983e+14 1.51607e+15 4.52828e+15 1.05297e+16 1.99477e+16 3.18112e+16 4.37159e+16 5.25885e+16 5.59227e+16 0 0 0 0 0 0 0 0 0 0 0 0 0 0 0 0 0 0 0 0 0 0 0 0 0 0 0 0 0 0 0 0 
0 0 0 0 0 0 0 0 0 0 0 0 0 0 0 0 0 0 0 0 1.28343e+08 3.99493e+10 1.43698e+12 1.92929e+13 1.40536e+14 6.53933e+14 2.16953e+15 5.48146e+15 1.10605e+16 1.84926e+16 2.62656e+16 3.22448e+16 3.44673e+16 0 0 0 0 0 0 0 0 0 0 0 0 0 0 0 0 0 0 0 0 0 0 0 0 0 0 0 0 0 0 0 0 
0 0 0 0 0 0 0 0 0 0 0 0 0 0 0 0 0 0 0 0 1.64909e+06 4.85141e+09 3.00396e+11 5.41174e+12 4.76302e+13 2.56145e+14 9.46731e+14 2.59991e+15 5.60988e+15 9.87928e+15 1.45287e+16 1.81642e+16 1.95491e+16 0 0 0 0 0 0 0 0 0 0 0 0 0 0 0 0 0 0 0 0 0 0 0 0 0 0 0 0 0 0 0 0 
0 0 0 0 0 0 0 0 0 0 0 0 0 0 0 0 0 0 0 0 3001.55 3.66562e+08 5.16429e+10 1.31394e+12 1.43678e+13 9.02618e+13 3.752e+14 1.12945e+15 2.61049e+15 4.83014e+15 7.35576e+15 9.41211e+15 1.02024e+16 0 0 0 0 0 0 0 0 0 0 0 0 0 0 0 0 0 0 0 0 0 0 0 0 0 0 0 0 0 0 0 0 
0 0 0 0 0 0 0 0 0 0 0 0 0 0 0 0 0 0 0 0 0 1.1098e+07 6.75604e+09 2.73112e+11 3.83816e+12 2.85786e+13 1.34674e+14 4.46657e+14 1.10984e+15 2.1637e+15 3.42594e+15 4.46995e+15 4.88265e+15 0 0 0 0 0 0 0 0 0 0 0 0 0 0 0 0 0 0 0 0 0 0 0 0 0 0 0 0 0 0 0 0 
0 0 0 0 0 0 0 0 0 0 0 0 0 0 0 0 0 0 0 0 0 79099.4 6.03629e+08 4.68475e+10 8.99194e+11 8.09464e+12 4.36783e+13 1.60135e+14 4.30598e+14 8.88896e+14 1.45721e+15 1.94886e+15 2.14381e+15 0 0 0 0 0 0 0 0 0 0 0 0 0 0 0 0 0 0 0 0 0 0 0 0 0 0 0 0 0 0 0 0 
0 0 0 0 0 0 0 0 0 0 0 0 0 0 0 0 0 0 0 0 0 0 2.61454e+07 6.35678e+09 1.79859e+11 2.03108e+12 1.27603e+13 5.22423e+13 1.52145e+14 3.33566e+14 5.69664e+14 7.79018e+14 8.63347e+14 0 0 0 0 0 0 0 0 0 0 0 0 0 0 0 0 0 0 0 0 0 0 0 0 0 0 0 0 0 0 0 0 
0 0 0 0 0 0 0 0 0 0 0 0 0 0 0 0 0 0 0 0 0 0 656210 6.15461e+08 3.04353e+10 4.48679e+11 3.33338e+12 1.54023e+13 4.89223e+13 1.13997e+14 2.0364e+14 2.85355e+14 3.19236e+14 0 0 0 0 0 0 0 0 0 0 0 0 0 0 0 0 0 0 0 0 0 0 0 0 0 0 0 0 0 0 0 0 
0 0 0 0 0 0 0 0 0 0 0 0 0 0 0 0 0 0 0 0 0 0 1913.43 3.17235e+07 4.11046e+09 8.55672e+10 7.77519e+11 4.09218e+12 1.43022e+13 3.55954e+13 6.65968e+13 9.5662e+13 1.07758e+14 0 0 0 0 0 0 0 0 0 0 0 0 0 0 0 0 0 0 0 0 0 0 0 0 0 0 0 0 0 0 0 0 
0 0 0 0 0 0 0 0 0 0 0 0 0 0 0 0 0 0 0 0 0 0 0 1.17204e+06 4.14684e+08 1.38354e+10 1.59892e+11 9.80527e+11 3.78946e+12 1.01647e+13 1.98847e+13 2.9399e+13 3.34312e+13 0 0 0 0 0 0 0 0 0 0 0 0 0 0 0 0 0 0 0 0 0 0 0 0 0 0 0 0 0 0 0 0 
0 0 0 0 0 0 0 0 0 0 0 0 0 0 0 0 0 0 0 0 0 0 0 24977.3 2.20037e+07 1.80947e+09 2.86094e+10 2.08324e+11 9.08604e+11 2.62487e+12 5.42138e+12 8.2425e+12 9.45646e+12 0 0 0 0 0 0 0 0 0 0 0 0 0 0 0 0 0 0 0 0 0 0 0 0 0 0 0 0 0 0 0 0 
0 0 0 0 0 0 0 0 0 0 0 0 0 0 0 0 0 0 0 0 0 0 0 0 988845 1.85214e+08 4.35376e+09 3.95019e+10 1.95743e+11 6.18801e+11 1.34922e+12 2.12038e+12 2.45834e+12 0 0 0 0 0 0 0 0 0 0 0 0 0 0 0 0 0 0 0 0 0 0 0 0 0 0 0 0 0 0 0 0 
0 0 0 0 0 0 0 0 0 0 0 0 0 0 0 0 0 0 0 0 0 0 0 0 25241 9.15456e+06 5.39038e+08 6.53913e+09 3.80105e+10 1.3225e+11 3.06352e+11 4.98962e+11 5.83655e+11 0 0 0 0 0 0 0 0 0 0 0 0 0 0 0 0 0 0 0 0 0 0 0 0 0 0 0 0 0 0 0 0 
0 0 0 0 0 0 0 0 0 0 0 0 0 0 0 0 0 0 0 0 0 0 0 0 470.818 400279 5.47569e+07 9.35486e+08 6.51999e+09 2.55512e+10 6.36654e+10 1.06886e+11 1.26965e+11 0 0 0 0 0 0 0 0 0 0 0 0 0 0 0 0 0 0 0 0 0 0 0 0 0 0 0 0 0 0 0 0 
0 0 0 0 0 0 0 0 0 0 0 0 0 0 0 0 0 0 0 0 0 0 0 0 0 11329.7 2.1844e+06 1.05896e+08 9.93088e+08 4.48339e+09 1.19947e+10 2.11319e+10 2.53925e+10 0 0 0 0 0 0 0 0 0 0 0 0 0 0 0 0 0 0 0 0 0 0 0 0 0 0 0 0 0 0 0 0 
0 0 0 0 0 0 0 0 0 0 0 0 0 0 0 0 0 0 0 0 0 0 0 0 0 0 85961 1.08231e+07 1.32596e+08 6.86863e+08 2.07551e+09 3.82144e+09 4.6726e+09 0 0 0 0 0 0 0 0 0 0 0 0 0 0 0 0 0 0 0 0 0 0 0 0 0 0 0 0 0 0 0 0 
0 0 0 0 0 0 0 0 0 0 0 0 0 0 0 0 0 0 0 0 0 0 0 0 0 0 0 282000 1.26261e+07 9.75275e+07 3.20691e+08 6.30423e+08 7.8693e+08 0 0 0 0 0 0 0 0 0 0 0 0 0 0 0 0 0 0 0 0 0 0 0 0 0 0 0 0 0 0 0 0 
0 0 0 0 0 0 0 0 0 0 0 0 0 0 0 0 0 0 0 0 0 0 0 0 0 0 0 0 1.55323e+06 1.17504e+07 4.35227e+07 9.70093e+07 1.18924e+08 0 0 0 0 0 0 0 0 0 0 0 0 0 0 0 0 0 0 0 0 0 0 0 0 0 0 0 0 0 0 0 0 
0 0 0 0 0 0 0 0 0 0 0 0 0 0 0 0 0 0 0 0 0 0 0 0 0 0 0 0 811.87 843757 6.01814e+06 1.27336e+07 1.73658e+07 0 0 0 0 0 0 0 0 0 0 0 0 0 0 0 0 0 0 0 0 0 0 0 0 0 0 0 0 0 0 0 0 
0 0 0 0 0 0 0 0 0 0 0 0 0 0 0 0 0 0 0 0 0 0 0 0 0 0 0 0 0 174015 659309 1.51269e+06 2.46211e+06 0 0 0 0 0 0 0 0 0 0 0 0 0 0 0 0 0 0 0 0 0 0 0 0 0 0 0 0 0 0 0 0 
0 0 0 0 0 0 0 0 0 0 0 0 0 0 0 0 0 0 0 0 0 0 0 0 0 0 0 0 0 0 18048.8 278433 186612 0 0 0 0 0 0 0 0 0 0 0 0 0 0 0 0 0 0 0 0 0 0 0 0 0 0 0 0 0 0 0 0 
0 0 0 0 0 0 0 0 0 0 0 0 0 0 0 0 0 0 0 0 0 0 0 0 0 0 0 0 0 0 19305.7 17503.2 45229.7 0 0 0 0 0 0 0 0 0 0 0 0 0 0 0 0 0 0 0 0 0 0 0 0 0 0 0 0 0 0 0 0 
0 0 0 0 0 0 0 0 0 0 0 0 0 0 0 0 0 0 0 0 0 0 0 0 0 0 0 0 0 0 0 0 8060.27 0 0 0 0 0 0 0 0 0 0 0 0 0 0 0 0 0 0 0 0 0 0 0 0 0 0 0 0 0 0 0 0 
0 0 0 0 0 0 0 0 0 0 0 0 0 0 0 0 0 0 0 0 0 0 0 0 0 0 0 0 0 0 0 1331.61 0 0 0 0 0 0 0 0 0 0 0 0 0 0 0 0 0 0 0 0 0 0 0 0 0 0 0 0 0 0 0 0 0 
0 0 0 0 0 0 0 0 0 0 0 0 0 0 0 0 0 0 0 0 0 0 0 0 0 0 0 0 0 0 0 0 0 0 0 0 0 0 0 0 0 0 0 0 0 0 0 0 0 0 0 0 0 0 0 0 0 0 0 0 0 0 0 0 0 
0 0 0 0 0 0 0 0 0 0 0 0 0 0 0 0 0 0 0 0 0 0 0 0 0 0 0 0 0 0 0 0 41.6127 0 0 0 0 0 0 0 0 0 0 0 0 0 0 0 0 0 0 0 0 0 0 0 0 0 0 0 0 0 0 0 0 
0 0 0 0 0 0 0 0 0 0 0 0 0 0 0 0 0 0 0 0 0 0 0 0 0 0 0 0 0 0 0 0 0 0 0 0 0 0 0 0 0 0 0 0 0 0 0 0 0 0 0 0 0 0 0 0 0 0 0 0 0 0 0 0 0 
0 0 0 0 0 0 0 0 0 0 0 0 0 0 0 0 0 0 0 0 0 0 0 0 0 0 0 0 0 0 0 0 0 0 0 0 0 0 0 0 0 0 0 0 0 0 0 0 0 0 0 0 0 0 0 0 0 0 0 0 0 0 0 0 0 
0 0 0 0 0 0 0 0 0 0 0 0 0 0 0 0 0 0 0 0 0 0 0 0 0 0 0 0 0 0 0 0 0 0 0 0 0 0 0 0 0 0 0 0 0 0 0 0 0 0 0 0 0 0 0 0 0 0 0 0 0 0 0 0 0 
0 0 0 0 0 0 0 0 0 0 0 0 0 0 0 0 0 0 0 0 0 0 0 0 0 0 0 0 0 0 0 0 0 0 0 0 0 0 0 0 0 0 0 0 0 0 0 0 0 0 0 0 0 0 0 0 0 0 0 0 0 0 0 0 0 
0 0 0 0 0 0 0 0 0 0 0 0 0 0 0 0 0 0 0 0 0 0 0 0 0 0 0 0 0 0 0 0 0 0 0 0 0 0 0 0 0 0 0 0 0 0 0 0 0 0 0 0 0 0 0 0 0 0 0 0 0 0 0 0 0 
0 0 0 0 0 0 0 0 0 0 0 0 0 0 0 0 0 0 0 0 0 0 0 0 0 0 0 0 0 0 0 0 0 0 0 0 0 0 0 0 0 0 0 0 0 0 0 0 0 0 0 0 0 0 0 0 0 0 0 0 0 0 0 0 0 
0 0 0 0 0 0 0 0 0 0 0 0 0 0 0 0 0 0 0 0 0 0 0 0 0 0 0 0 0 0 0 0 0 0 0 0 0 0 0 0 0 0 0 0 0 0 0 0 0 0 0 0 0 0 0 0 0 0 0 0 0 0 0 0 0 
0 0 0 0 0 0 0 0 0 0 0 0 0 0 0 0 0 0 0 0 0 0 0 0 0 0 0 0 0 0 0 0 0 0 0 0 0 0 0 0 0 0 0 0 0 0 0 0 0 0 0 0 0 0 0 0 0 0 0 0 0 0 0 0 0 
0 0 0 0 0 0 0 0 0 0 0 0 0 0 0 0 0 0 0 0 0 0 0 0 0 0 0 0 0 0 0 0 0 0 0 0 0 0 0 0 0 0 0 0 0 0 0 0 0 0 0 0 0 0 0 0 0 0 0 0 0 0 0 0 0 
0 0 0 0 0 0 0 0 0 0 0 0 0 0 0 0 0 0 0 0 0 0 0 0 0 0 0 0 0 0 0 0 0 0 0 0 0 0 0 0 0 0 0 0 0 0 0 0 0 0 0 0 0 0 0 0 0 0 0 0 0 0 0 0 0 
0 0 0 0 0 0 0 0 0 0 0 0 0 0 0 0 0 0 0 0 0 0 0 0 0 0 0 0 0 0 0 0 0 0 0 0 0 0 0 0 0 0 0 0 0 0 0 0 0 0 0 0 0 0 0 0 0 0 0 0 0 0 0 0 0 
0 0 0 0 0 0 0 0 0 0 0 0 0 0 0 0 0 0 0 0 0 0 0 0 0 0 0 0 0 0 0 0 0 0 0 0 0 0 0 0 0 0 0 0 0 0 0 0 0 0 0 0 0 0 0 0 0 0 0 0 0 0 0 0 0 
0 0 0 0 0 0 0 0 0 0 0 0 0 0 0 0 0 0 0 0 0 0 0 0 0 0 0 0 0 0 0 0 0 0 0 0 0 0 0 0 0 0 0 0 0 0 0 0 0 0 0 0 0 0 0 0 0 0 0 0 0 0 0 0 0 
0 0 0 0 0 0 0 0 0 0 0 0 0 0 0 0 0 0 0 0 0 0 0 0 0 0 0 0 0 0 0 0 0 0 0 0 0 0 0 0 0 0 0 0 0 0 0 0 0 0 0 0 0 0 0 0 0 0 0 0 0 0 0 0 0 
0 0 0 0 0 0 0 0 0 0 0 0 0 0 0 0 0 0 0 0 0 0 0 0 0 0 0 0 0 0 0 0 0 0 0 0 0 0 0 0 0 0 0 0 0 0 0 0 0 0 0 0 0 0 0 0 0 0 0 0 0 0 0 0 0 
0 0 0 0 0 0 0 0 0 0 0 0 0 0 0 0 0 0 0 0 0 0 0 0 0 0 0 0 0 0 0 0 0 0 0 0 0 0 0 0 0 0 0 0 0 0 0 0 0 0 0 0 0 0 0 0 0 0 0 0 0 0 0 0 0 
0 0 0 0 0 0 0 0 0 0 0 0 0 0 0 0 0 0 0 0 0 0 0 0 0 0 0 0 0 0 0 0 0 0 0 0 0 0 0 0 0 0 0 0 0 0 0 0 0 0 0 0 0 0 0 0 0 0 0 0 0 0 0 0 0 
0 0 0 0 0 0 0 0 0 0 0 0 0 0 0 0 0 0 0 0 0 0 0 0 0 0 0 0 0 0 0 0 0 0 0 0 0 0 0 0 0 0 0 0 0 0 0 0 0 0 0 0 0 0 0 0 0 0 0 0 0 0 0 0 0 
0 0 0 0 0 0 0 0 0 0 0 0 0 0 0 0 0 0 0 0 0 0 0 0 0 0 0 0 0 0 0 0 0 0 0 0 0 0 0 0 0 0 0 0 0 0 0 0 0 0 0 0 0 0 0 0 0 0 0 0 0 0 0 0 0 
0 0 0 0 0 0 0 0 0 0 0 0 0 0 0 0 0 0 0 0 0 0 0 0 0 0 0 0 0 0 0 0 0 0 0 0 0 0 0 0 0 0 0 0 0 0 0 0 0 0 0 0 0 0 0 0 0 0 0 0 0 0 0 0 0 
0 0 0 0 0 0 0 0 0 0 0 0 0 0 0 0 0 0 0 0 0 0 0 0 0 0 0 0 0 0 0 0 0 0 0 0 0 0 0 0 0 0 0 0 0 0 0 0 0 0 0 0 0 0 0 0 0 0 0 0 0 0 0 0 0 
0 0 0 0 0 0 0 0 0 0 0 0 0 0 0 0 0 0 0 0 0 0 0 0 0 0 0 0 0 0 0 0 0 0 0 0 0 0 0 0 0 0 0 0 0 0 0 0 0 0 0 0 0 0 0 0 0 0 0 0 0 0 0 0 0 
0 0 0 0 0 0 0 0 0 0 0 0 0 0 0 0 0 0 0 0 0 0 0 0 0 0 0 0 0 0 0 0 0 0 0 0 0 0 0 0 0 0 0 0 0 0 0 0 0 0 0 0 0 0 0 0 0 0 0 0 0 0 0 0 0 
0 0 0 0 0 0 0 0 0 0 0 0 0 0 0 0 0 0 0 0 0 0 0 0 0 0 0 0 0 0 0 0 0 0 0 0 0 0 0 0 0 0 0 0 0 0 0 0 0 0 0 0 0 0 0 0 0 0 0 0 0 0 0 0 0 
0 0 0 0 0 0 0 0 0 0 0 0 0 0 0 0 0 0 0 0 0 0 0 0 0 0 0 0 0 0 0 0 0 0 0 0 0 0 0 0 0 0 0 0 0 0 0 0 0 0 0 0 0 0 0 0 0 0 0 0 0 0 0 0 0 
0 0 0 0 0 0 0 0 0 0 0 0 0 0 0 0 0 0 0 0 0 0 0 0 0 0 0 0 0 0 0 0 0 0 0 0 0 0 0 0 0 0 0 0 0 0 0 0 0 0 0 0 0 0 0 0 0 0 0 0 0 0 0 0 0 
0 0 0 0 0 0 0 0 0 0 0 0 0 0 0 0 0 0 0 0 0 0 0 0 0 0 0 0 0 0 0 0 0 0 0 0 0 0 0 0 0 0 0 0 0 0 0 0 0 0 0 0 0 0 0 0 0 0 0 0 0 0 0 0 0 
0 0 0 0 0 0 0 0 0 0 0 0 0 0 0 0 0 0 0 0 0 0 0 0 0 0 0 0 0 0 0 0 0 0 0 0 0 0 0 0 0 0 0 0 0 0 0 0 0 0 0 0 0 0 0 0 0 0 0 0 0 0 0 0 0 
0 0 0 0 0 0 0 0 0 0 0 0 0 0 0 0 0 0 0 0 0 0 0 0 0 0 0 0 0 0 0 0 0 0 0 0 0 0 0 0 0 0 0 0 0 0 0 0 0 0 0 0 0 0 0 0 0 0 0 0 0 0 0 0 0 
0 0 0 0 0 0 0 0 0 0 0 0 0 0 0 0 0 0 0 0 0 0 0 0 0 0 0 0 0 0 0 0 0 0 0 0 0 0 0 0 0 0 0 0 0 0 0 0 0 0 0 0 0 0 0 0 0 0 0 0 0 0 0 0 0 
0 0 0 0 0 0 0 0 0 0 0 0 0 0 0 0 0 0 0 0 0 0 0 0 0 0 0 0 0 0 0 0 0 0 0 0 0 0 0 0 0 0 0 0 0 0 0 0 0 0 0 0 0 0 0 0 0 0 0 0 0 0 0 0 0 
0 0 0 0 0 0 0 0 0 0 0 0 0 0 0 0 0 0 0 0 0 0 0 0 0 0 0 0 0 0 0 0 0 0 0 0 0 0 0 0 0 0 0 0 0 0 0 0 0 0 0 0 0 0 0 0 0 0 0 0 0 0 0 0 0 
