1 0 0 0 0 0 0 0 0 0 0 0 0 0 0 0 0 0 0 0 0 0 0 0 0 0 0 0 0 0 0 0 0 0 0 0 0 0 0 0 0 0 0 0 0 0 0 0 0 0 0 0 0 0 0 0 0 0 0 0 0 0 0 0 1 
0 0 0 0 0 0 0 0 0 0 0 0 0 0 0 0 0 0 0 0 0 0 0 0 0 0 0 0 0 0 0 0 0 0 0 0 0 0 0 0 0 0 0 0 0 0 0 0 0 0 0 0 0 0 0 0 0 0 0 0 0 0 0 0 0 
0 0 0 0 0 0 0 0 0 0 0 0 0 0 0 0 0 0 0 0 0 0 0 0 0 0 0 0 0 0 0 0 0 0 0 0 0 0 0 0 0 0 0 0 0 0 0 0 0 0 0 0 0 0 0 0 0 0 0 0 0 0 0 0 0 
0 0 0 0 0 0 0 0 0 0 0 0 0 0 0 0 0 0 0 0 0 0 0 0 0 0 0 0 0 0 0 0 0 0 0 0 0 0 0 0 0 0 0 0 0 0 0 0 0 0 0 0 0 0 0 0 0 0 0 0 0 0 0 0 0 
0 64 0 0 0 0 0 0 0 0 0 0 0 0 0 0 0 0 0 0 0 0 0 0 0 0 0 0 0 0 0 0 0 0 0 0 0 0 0 0 0 0 0 0 0 0 0 0 0 0 0 0 0 0 0 0 0 0 0 0 0 0 0 0 0 
0 0 0 0 0 0 0 0 0 0 0 0 0 0 0 0 0 0 0 0 0 0 0 0 0 0 0 0 0 0 0 0 0 0 0 0 0 0 0 0 0 0 0 0 0 0 0 0 0 0 0 0 0 0 0 0 0 0 0 0 0 0 0 0 0 
0 0 0 0 0 0 0 0 0 0 0 0 0 0 0 0 0 0 0 0 0 0 0 0 0 0 0 0 0 0 0 0 0 0 0 0 0 0 0 0 0 0 0 0 0 0 0 0 0 0 0 0 0 0 0 0 0 0 0 0 0 0 0 0 0 
0 0 256 0 0 0 0 0 0 0 0 0 0 0 0 0 0 0 0 0 0 0 0 0 0 0 0 0 0 0 0 0 0 0 0 0 0 0 0 0 0 0 0 0 0 0 0 0 0 0 0 0 0 0 0 0 0 0 0 0 0 0 0 0 0 
0 0 1760 0 0 0 0 0 0 0 0 0 0 0 0 0 0 0 0 0 0 0 0 0 0 0 0 0 0 0 0 0 0 0 0 0 0 0 0 0 0 0 0 0 0 0 0 0 0 0 0 0 0 0 0 0 0 0 0 0 0 0 0 0 0 
0 0 0 128.176 0 0 0 0 0 0 0 0 0 0 0 0 0 0 0 0 0 0 0 0 0 0 0 0 0 0 0 0 0 0 0 0 0 0 0 0 0 0 0 0 0 0 0 0 0 0 0 0 0 0 0 0 0 0 0 0 0 0 0 0 0 
0 0 0 1407.48 0 0 0 0 0 0 0 0 0 0 0 0 0 0 0 0 0 0 0 0 0 0 0 0 0 0 0 0 0 0 0 0 0 0 0 0 0 0 0 0 0 0 0 0 0 0 0 0 0 0 0 0 0 0 0 0 0 0 0 0 0 
0 0 0 12672.5 192.262 0 0 0 0 0 0 0 0 0 0 0 0 0 0 0 0 0 0 0 0 0 0 0 0 0 0 0 0 0 0 0 0 0 0 0 0 0 0 0 0 0 0 0 0 0 0 0 0 0 0 0 0 0 0 0 0 0 0 0 0 
0 0 0 27455.8 1791.47 0 0 0 0 0 0 0 0 0 0 0 0 0 0 0 0 0 0 0 0 0 0 0 0 0 0 0 0 0 0 0 0 0 0 0 0 0 0 0 0 0 0 0 0 0 0 0 0 0 0 0 0 0 0 0 0 0 0 0 0 
0 0 0 0 14450.2 385.677 0 0 0 0 0 0 0 0 0 0 0 0 0 0 0 0 0 0 0 0 0 0 0 0 0 0 0 0 0 0 0 0 0 0 0 0 0 0 0 0 0 0 0 0 0 0 0 0 0 0 0 0 0 0 0 0 0 0 0 
0 0 0 0 84091.6 4035.55 0 0 0 0 0 0 0 0 0 0 0 0 0 0 0 0 0 0 0 0 0 0 0 0 0 0 0 0 0 0 0 0 0 0 0 0 0 0 0 0 0 0 0 0 0 0 0 0 0 0 0 0 0 0 0 0 0 0 0 
0 0 0 0 264435 26143.6 1410.22 0 0 0 0 0 0 0 0 0 0 0 0 0 0 0 0 0 0 0 0 0 0 0 0 0 0 0 0 0 0 0 0 0 0 0 0 0 0 0 0 0 0 0 0 0 0 0 0 0 0 0 0 0 0 0 0 0 0 
0 0 0 0 270416 146841 9396.56 448.992 48.1175 0 0 0 0 0 0 0 3.96659 0 0 0 0 0 0 0 0 0 0 0 0 0 0 0 3.97221 0 0 0 0 0 0 0 0 0 0 0 0 0 0 0 0 0 0 0 0 0 0 0 0 0 0 0 0 0 0 0 0 
0 0 0 0 0 655802 66580.4 4221.08 0 0 0 0 0 0 0 0 0 0 0 0 0 0 0 0 0 0 0 0 0 0 0 0 0 0 0 0 0 0 0 0 0 0 0 0 0 0 0 0 0 0 0 0 0 0 0 0 0 0 0 0 0 0 0 0 0 
0 0 0 0 0 1.95172e+06 340525 32373.8 3996.7 444.51 0 0 0 0 0 63.4654 0 0 0 0 0 0 0 0 0 0 0 0 0 0 0 0 0 0 0 0 0 0 0 0 0 0 0 0 0 0 0 0 0 0 0 0 0 0 0 0 0 0 0 0 0 0 0 0 0 
0 0 0 0 0 3.06608e+06 1.46025e+06 191993 15993.9 4212.13 1282.43 384.505 192.067 127.025 191.211 0 0 127.953 0 0 0 0 0 0 0 0 0 0 0 0 0 127.111 0 0 0 0 0 0 0 0 0 0 0 0 0 0 0 0 0 0 0 0 0 0 0 0 0 0 0 0 0 0 0 0 0 
0 0 0 0 0 1.77351e+06 5.28576e+06 920023 125607 10028.3 3270.67 1733.14 809.913 573.882 284.779 0 0 63.7816 0 0 0 0 0 0 0 0 0 0 0 0 0 0 0 0 0 0 0 0 0 0 0 0 0 0 0 0 0 0 0 0 0 0 0 0 0 0 0 0 0 0 0 0 0 0 0 
0 0 0 0 0 0 1.40406e+07 3.91586e+06 628411 100100 16530.9 3419.91 2166.86 1148.12 0 0 1921.21 0 385.567 0 0 0 0 0 0 0 0 0 0 0 444.591 0 0 0 0 0 0 0 0 0 0 0 0 0 0 0 0 0 0 0 0 0 0 0 0 0 0 0 0 0 0 0 0 0 0 
0 0 0 0 0 0 2.38359e+07 1.38743e+07 2.89011e+06 520185 104014 31937.7 11169.3 5014.35 3309.82 5405.05 1147.88 0 1734.38 255.704 0 0 0 0 0 0 0 0 0 254.132 1525.63 0 3978.22 0 0 0 0 0 0 0 0 0 0 0 0 0 0 0 0 0 0 0 0 0 0 0 0 0 0 0 0 0 0 0 0 
0 0 0 0 0 0 2.19733e+07 4.17383e+07 1.14358e+07 2.2686e+06 500170 133329 50142.8 24140.3 17896.4 11899 0 5405.83 2109.64 1154.17 382.072 0 0 0 0 0 0 0 382.719 1904.46 0 0 130.744 0 0 0 0 0 0 0 0 0 0 0 0 0 0 0 0 0 0 0 0 0 0 0 0 0 0 0 0 0 0 0 0 
0 0 0 0 0 0 7.96064e+06 9.79783e+07 4.0238e+07 9.9296e+06 2.08249e+06 562072 190272 91938.1 54246.3 14158.1 14332 25203.2 3602.75 9293.99 1631.89 773.393 0 0 95.71 0 0 764.109 2571.86 8766.41 0 13438.9 0 0 0 0 0 0 0 0 0 0 0 0 0 0 0 0 0 0 0 0 0 0 0 0 0 0 0 0 0 0 0 0 0 
0 0 0 0 0 0 0 1.62779e+08 1.22207e+08 3.69594e+07 9.60294e+06 2.43225e+06 802531 332395 145030 82959.8 93097.1 43685.2 15729.1 23905.2 9255.2 3444.74 2571.98 897.809 0 907.163 2681.05 5737.48 12933.7 8777.17 7392.08 47148.1 0 0 0 0 0 0 0 0 0 0 0 0 0 0 0 0 0 0 0 0 0 0 0 0 0 0 0 0 0 0 0 0 0 
0 0 0 0 0 0 0 1.72528e+08 3.13878e+08 1.24874e+08 3.58915e+07 1.02473e+07 3.32045e+06 1.25977e+06 596506 391465 262628 64948.9 137125 50449 49408.8 14591 6628.49 7759.52 7919.34 7679.31 12649 23260.9 41204.7 10754.4 56383.9 3122.73 44552.2 0 0 0 0 0 0 0 0 0 0 0 0 0 0 0 0 0 0 0 0 0 0 0 0 0 0 0 0 0 0 0 0 
0 0 0 0 0 0 0 1.02457e+08 6.50765e+08 3.74847e+08 1.27247e+08 3.873e+07 1.2554e+07 4.87868e+06 2.28971e+06 1.30566e+06 592234 442857 365337 149206 154535 88493.7 39461.2 16057.3 22429 40538.4 57017.3 82637.9 80489.8 73966.8 261999 24217.6 308108 0 0 0 0 0 0 0 0 0 0 0 0 0 0 0 0 0 0 0 0 0 0 0 0 0 0 0 0 0 0 0 0 
0 0 0 0 0 0 0 2.47959e+07 1.0155e+09 9.83247e+08 4.13917e+08 1.39709e+08 4.73363e+07 1.78927e+07 8.07347e+06 3.95433e+06 2.16645e+06 1.74626e+06 963460 699148 470012 324729 209411 164704 142635 146101 201861 270019 184852 374716 319462 263161 574085 0 0 0 0 0 0 0 0 0 0 0 0 0 0 0 0 0 0 0 0 0 0 0 0 0 0 0 0 0 0 0 0 
0 0 0 0 0 0 0 0 1.10997e+09 2.19602e+09 1.20311e+09 4.66403e+08 1.67365e+08 6.49478e+07 2.7778e+07 1.37958e+07 8.41749e+06 5.31497e+06 2.82782e+06 2.47866e+06 1.45756e+06 1.19042e+06 794721 633670 599618 639247 676643 616590 661031 1.28297e+06 374303 1.49228e+06 264238 0 0 0 0 0 0 0 0 0 0 0 0 0 0 0 0 0 0 0 0 0 0 0 0 0 0 0 0 0 0 0 0 
0 0 0 0 0 0 0 0 7.85841e+08 4.03752e+09 3.13488e+09 1.42604e+09 5.60047e+08 2.20948e+08 9.61871e+07 4.79433e+07 2.74385e+07 1.5487e+07 1.05549e+07 7.70609e+06 4.99469e+06 3.93567e+06 3.02304e+06 2.24249e+06 1.81031e+06 1.79848e+06 1.91132e+06 1.81487e+06 2.56389e+06 2.55432e+06 2.0209e+06 4.15757e+06 1.61621e+06 0 0 0 0 0 0 0 0 0 0 0 0 0 0 0 0 0 0 0 0 0 0 0 0 0 0 0 0 0 0 0 0 
0 0 0 0 0 0 0 0 3.1895e+08 5.81125e+09 7.17148e+09 4.02042e+09 1.7545e+09 7.2988e+08 3.21446e+08 1.57934e+08 8.4993e+07 4.97671e+07 3.53502e+07 2.25192e+07 1.70062e+07 1.22424e+07 9.74617e+06 7.67478e+06 6.72802e+06 6.13556e+06 5.53126e+06 5.88388e+06 7.60233e+06 4.79269e+06 8.429e+06 5.72989e+06 7.9046e+06 0 0 0 0 0 0 0 0 0 0 0 0 0 0 0 0 0 0 0 0 0 0 0 0 0 0 0 0 0 0 0 0 
0 0 0 0 0 0 0 0 5.37212e+07 6.20864e+09 1.40543e+10 1.0249e+10 5.12935e+09 2.28722e+09 1.04028e+09 5.03655e+08 2.68647e+08 1.64354e+08 1.06414e+08 6.91115e+07 5.28647e+07 3.82028e+07 3.05209e+07 2.50694e+07 2.1138e+07 1.81685e+07 1.69596e+07 1.86622e+07 1.71954e+07 1.57829e+07 2.36883e+07 1.24998e+07 2.58419e+07 0 0 0 0 0 0 0 0 0 0 0 0 0 0 0 0 0 0 0 0 0 0 0 0 0 0 0 0 0 0 0 0 
0 0 0 0 0 0 0 0 0 4.68094e+09 2.29902e+10 2.33807e+10 1.3827e+10 6.77311e+09 3.19838e+09 1.57714e+09 8.46493e+08 5.02999e+08 3.1098e+08 2.1746e+08 1.57591e+08 1.16416e+08 9.18509e+07 7.42152e+07 6.12005e+07 5.36712e+07 5.14947e+07 5.12161e+07 4.2926e+07 5.41867e+07 4.77955e+07 4.86645e+07 5.32741e+07 0 0 0 0 0 0 0 0 0 0 0 0 0 0 0 0 0 0 0 0 0 0 0 0 0 0 0 0 0 0 0 0 
0 0 0 0 0 0 0 0 0 2.32328e+09 3.0233e+10 4.68775e+10 3.42443e+10 1.88109e+10 9.42091e+09 4.78633e+09 2.57873e+09 1.48589e+09 9.32557e+08 6.47725e+08 4.50186e+08 3.45908e+08 2.66226e+08 2.18689e+08 1.82144e+08 1.61314e+08 1.4906e+08 1.32827e+08 1.28163e+08 1.44857e+08 1.0804e+08 1.51085e+08 1.07147e+08 0 0 0 0 0 0 0 0 0 0 0 0 0 0 0 0 0 0 0 0 0 0 0 0 0 0 0 0 0 0 0 0 
0 0 0 0 0 0 0 0 0 6.69843e+08 3.07309e+10 8.11144e+10 7.66878e+10 4.86221e+10 2.64525e+10 1.39206e+10 7.61221e+09 4.40192e+09 2.77297e+09 1.85004e+09 1.30689e+09 9.9142e+08 7.66031e+08 6.24063e+08 5.2586e+08 4.57577e+08 4.05246e+08 3.62217e+08 3.75846e+08 3.41034e+08 3.32715e+08 3.64037e+08 3.11097e+08 0 0 0 0 0 0 0 0 0 0 0 0 0 0 0 0 0 0 0 0 0 0 0 0 0 0 0 0 0 0 0 0 
0 0 0 0 0 0 0 0 0 8.03357e+07 2.32656e+10 1.18273e+11 1.53818e+11 1.16029e+11 6.98451e+10 3.89228e+10 2.17308e+10 1.27447e+10 7.95805e+09 5.22722e+09 3.74806e+09 2.76718e+09 2.1522e+09 1.73143e+09 1.45549e+09 1.24934e+09 1.09897e+09 1.02341e+09 9.89575e+08 8.60754e+08 9.54313e+08 8.27235e+08 9.33789e+08 0 0 0 0 0 0 0 0 0 0 0 0 0 0 0 0 0 0 0 0 0 0 0 0 0 0 0 0 0 0 0 0 
0 0 0 0 0 0 0 0 0 0 1.25495e+10 1.41365e+11 2.71919e+11 2.53522e+11 1.72489e+11 1.03455e+11 6.01399e+10 3.57469e+10 2.22445e+10 1.47048e+10 1.04014e+10 7.62351e+09 5.93992e+09 4.75033e+09 3.97228e+09 3.39544e+09 2.99862e+09 2.76487e+09 2.49914e+09 2.38453e+09 2.39195e+09 2.17129e+09 2.39479e+09 0 0 0 0 0 0 0 0 0 0 0 0 0 0 0 0 0 0 0 0 0 0 0 0 0 0 0 0 0 0 0 0 
0 0 0 0 0 0 0 0 0 0 4.52403e+09 1.34299e+11 4.16087e+11 5.00463e+11 3.96413e+11 2.60509e+11 1.5939e+11 9.74324e+10 6.14034e+10 4.06678e+10 2.83293e+10 2.08745e+10 1.60533e+10 1.28643e+10 1.05916e+10 9.08332e+09 8.01061e+09 7.25468e+09 6.53556e+09 6.4488e+09 5.90917e+09 5.99714e+09 5.77679e+09 0 0 0 0 0 0 0 0 0 0 0 0 0 0 0 0 0 0 0 0 0 0 0 0 0 0 0 0 0 0 0 0 
0 0 0 0 0 0 0 0 0 0 9.45205e+08 9.89018e+10 5.41365e+11 8.84483e+11 8.38502e+11 6.15022e+11 4.03232e+11 2.55585e+11 1.64893e+11 1.09504e+11 7.62372e+10 5.59195e+10 4.26279e+10 3.39571e+10 2.79617e+10 2.38997e+10 2.09522e+10 1.86532e+10 1.72592e+10 1.63182e+10 1.52273e+10 1.54551e+10 1.45757e+10 0 0 0 0 0 0 0 0 0 0 0 0 0 0 0 0 0 0 0 0 0 0 0 0 0 0 0 0 0 0 0 0 
0 0 0 0 0 0 0 0 0 0 8.15615e+07 5.45968e+10 5.85612e+11 1.37893e+12 1.61748e+12 1.35326e+12 9.66048e+11 6.44377e+11 4.25809e+11 2.87613e+11 2.01477e+11 1.47373e+11 1.12226e+11 8.875e+10 7.28561e+10 6.18707e+10 5.40232e+10 4.82136e+10 4.46272e+10 4.10153e+10 3.9777e+10 3.84573e+10 3.81061e+10 0 0 0 0 0 0 0 0 0 0 0 0 0 0 0 0 0 0 0 0 0 0 0 0 0 0 0 0 0 0 0 0 
0 0 0 0 0 0 0 0 0 0 0 2.17112e+10 5.1509e+11 1.87122e+12 2.81607e+12 2.75644e+12 2.17418e+12 1.55014e+12 1.06606e+12 7.35705e+11 5.20026e+11 3.80534e+11 2.90237e+11 2.29021e+11 1.87674e+11 1.58356e+11 1.37651e+11 1.23367e+11 1.1242e+11 1.04212e+11 1.00743e+11 9.59178e+10 9.68944e+10 0 0 0 0 0 0 0 0 0 0 0 0 0 0 0 0 0 0 0 0 0 0 0 0 0 0 0 0 0 0 0 0 
0 0 0 0 0 0 0 0 0 0 0 5.78794e+09 3.60545e+11 2.17233e+12 4.38436e+12 5.15877e+12 4.5892e+12 3.53494e+12 2.55114e+12 1.81886e+12 1.30841e+12 9.66013e+11 7.3774e+11 5.812e+11 4.75297e+11 4.00125e+11 3.47522e+11 3.09926e+11 2.80529e+11 2.63026e+11 2.48976e+11 2.41672e+11 2.39958e+11 0 0 0 0 0 0 0 0 0 0 0 0 0 0 0 0 0 0 0 0 0 0 0 0 0 0 0 0 0 0 0 0 
0 0 0 0 0 0 0 0 0 0 0 8.80221e+08 1.96758e+11 2.11853e+12 6.0451e+12 8.77959e+12 8.95637e+12 7.59064e+12 5.83974e+12 4.32126e+12 3.18492e+12 2.39037e+12 1.83323e+12 1.45155e+12 1.18748e+12 9.98222e+11 8.63006e+11 7.66263e+11 6.97687e+11 6.48973e+11 6.14077e+11 5.99435e+11 5.90192e+11 0 0 0 0 0 0 0 0 0 0 0 0 0 0 0 0 0 0 0 0 0 0 0 0 0 0 0 0 0 0 0 0 
0 0 0 0 0 0 0 0 0 0 0 5.41521e+07 8.10657e+10 1.71011e+12 7.26049e+12 1.34793e+13 1.61642e+13 1.5258e+13 1.26753e+13 9.86857e+12 7.52531e+12 5.75072e+12 4.46763e+12 3.54942e+12 2.91062e+12 2.45313e+12 2.11918e+12 1.87673e+12 1.70958e+12 1.5836e+12 1.50284e+12 1.46133e+12 1.44335e+12 0 0 0 0 0 0 0 0 0 0 0 0 0 0 0 0 0 0 0 0 0 0 0 0 0 0 0 0 0 0 0 0 
0 0 0 0 0 0 0 0 0 0 0 0 2.42056e+10 1.12447e+12 7.50804e+12 1.85142e+13 2.6695e+13 2.85271e+13 2.58474e+13 2.1433e+13 1.7037e+13 1.33463e+13 1.05727e+13 8.50823e+12 6.99883e+12 5.91102e+12 5.12046e+12 4.54185e+12 4.11499e+12 3.82646e+12 3.63208e+12 3.50932e+12 3.48831e+12 0 0 0 0 0 0 0 0 0 0 0 0 0 0 0 0 0 0 0 0 0 0 0 0 0 0 0 0 0 0 0 0 
0 0 0 0 0 0 0 0 0 0 0 0 4.77257e+09 5.90571e+11 6.58985e+12 2.25065e+13 4.0021e+13 4.94445e+13 4.95212e+13 4.40747e+13 3.68049e+13 2.99961e+13 2.42446e+13 1.98009e+13 1.64713e+13 1.39898e+13 1.21282e+13 1.07835e+13 9.78588e+12 9.08314e+12 8.64754e+12 8.37795e+12 8.28268e+12 0 0 0 0 0 0 0 0 0 0 0 0 0 0 0 0 0 0 0 0 0 0 0 0 0 0 0 0 0 0 0 0 
0 0 0 0 0 0 0 0 0 0 0 0 5.18892e+08 2.43045e+11 4.8551e+12 2.39167e+13 5.41163e+13 7.87094e+13 8.84911e+13 8.54466e+13 7.57669e+13 6.43317e+13 5.36758e+13 4.4859e+13 3.7709e+13 3.23193e+13 2.82265e+13 2.51533e+13 2.28843e+13 2.12965e+13 2.02329e+13 1.96118e+13 1.94413e+13 0 0 0 0 0 0 0 0 0 0 0 0 0 0 0 0 0 0 0 0 0 0 0 0 0 0 0 0 0 0 0 0 
0 0 0 0 0 0 0 0 0 0 0 0 2.23889e+07 7.60081e+10 2.96023e+12 2.19814e+13 6.5396e+13 1.14419e+14 1.46377e+14 1.55313e+14 1.47661e+14 1.31731e+14 1.14042e+14 9.76919e+13 8.38247e+13 7.27486e+13 6.40427e+13 5.73468e+13 5.24887e+13 4.89226e+13 4.65344e+13 4.52344e+13 4.46954e+13 0 0 0 0 0 0 0 0 0 0 0 0 0 0 0 0 0 0 0 0 0 0 0 0 0 0 0 0 0 0 0 0 
0 0 0 0 0 0 0 0 0 0 0 0 0 1.70076e+10 1.47404e+12 1.73242e+13 6.99062e+13 1.50736e+14 2.23296e+14 2.63932e+14 2.7129e+14 2.56552e+14 2.31823e+14 2.04507e+14 1.80215e+14 1.58613e+14 1.41423e+14 1.27775e+14 1.17458e+14 1.09983e+14 1.0507e+14 1.02141e+14 1.00883e+14 0 0 0 0 0 0 0 0 0 0 0 0 0 0 0 0 0 0 0 0 0 0 0 0 0 0 0 0 0 0 0 0 
0 0 0 0 0 0 0 0 0 0 0 0 0 2.42264e+09 5.89938e+11 1.15816e+13 6.56319e+13 1.78606e+14 3.12515e+14 4.15996e+14 4.66866e+14 4.72057e+14 4.47911e+14 4.11005e+14 3.70733e+14 3.34185e+14 3.0283e+14 2.76276e+14 2.5547e+14 2.41044e+14 2.30623e+14 2.24393e+14 2.23002e+14 0 0 0 0 0 0 0 0 0 0 0 0 0 0 0 0 0 0 0 0 0 0 0 0 0 0 0 0 0 0 0 0 
0 0 0 0 0 0 0 0 0 0 0 0 0 1.80497e+08 1.85619e+11 6.48804e+12 5.35364e+13 1.89339e+14 3.98113e+14 6.04606e+14 7.49965e+14 8.17325e+14 8.20636e+14 7.86505e+14 7.33514e+14 6.77214e+14 6.23696e+14 5.78014e+14 5.41362e+14 5.12828e+14 4.92274e+14 4.81451e+14 4.77009e+14 0 0 0 0 0 0 0 0 0 0 0 0 0 0 0 0 0 0 0 0 0 0 0 0 0 0 0 0 0 0 0 0 
0 0 0 0 0 0 0 0 0 0 0 0 0 5.3944e+06 4.3724e+10 3.02709e+12 3.77454e+13 1.77859e+14 4.58552e+14 8.0923e+14 1.12044e+15 1.32768e+15 1.42142e+15 1.42828e+15 1.38483e+15 1.31272e+15 1.23732e+15 1.16623e+15 1.10488e+15 1.05582e+15 1.02328e+15 9.99575e+14 9.94122e+14 0 0 0 0 0 0 0 0 0 0 0 0 0 0 0 0 0 0 0 0 0 0 0 0 0 0 0 0 0 0 0 0 
0 0 0 0 0 0 0 0 0 0 0 0 0 0 7.12968e+09 1.15765e+12 2.27853e+13 1.47013e+14 4.7496e+14 9.89556e+14 1.54764e+15 2.01008e+15 2.31433e+15 2.46049e+15 2.48444e+15 2.43709e+15 2.35252e+15 2.25809e+15 2.1696e+15 2.09763e+15 2.04057e+15 2.00679e+15 1.99473e+15 0 0 0 0 0 0 0 0 0 0 0 0 0 0 0 0 0 0 0 0 0 0 0 0 0 0 0 0 0 0 0 0 
0 0 0 0 0 0 0 0 0 0 0 0 0 0 6.90945e+08 3.55026e+11 1.16613e+13 1.06239e+14 4.40102e+14 1.09732e+15 1.96614e+15 2.82974e+15 3.52481e+15 3.98158e+15 4.22214e+15 4.29753e+15 4.27395e+15 4.19215e+15 4.09274e+15 3.99833e+15 3.92562e+15 3.87932e+15 3.86277e+15 0 0 0 0 0 0 0 0 0 0 0 0 0 0 0 0 0 0 0 0 0 0 0 0 0 0 0 0 0 0 0 0 
0 0 0 0 0 0 0 0 0 0 0 0 0 0 3.31658e+07 8.41659e+10 5.03849e+12 6.6754e+13 3.62186e+14 1.10178e+15 2.2915e+15 3.69157e+15 5.00996e+15 6.05481e+15 6.77121e+15 7.18355e+15 7.37013e+15 7.42517e+15 7.3933e+15 7.31396e+15 7.24394e+15 7.19103e+15 7.18069e+15 0 0 0 0 0 0 0 0 0 0 0 0 0 0 0 0 0 0 0 0 0 0 0 0 0 0 0 0 0 0 0 0 
0 0 0 0 0 0 0 0 0 0 0 0 0 0 742478 1.446e+10 1.8109e+12 3.62283e+13 2.631e+14 9.93182e+14 2.42919e+15 4.43135e+15 6.61715e+15 8.61898e+15 1.02125e+16 1.13532e+16 1.20719e+16 1.24918e+16 1.26876e+16 1.27662e+16 1.27786e+16 1.27808e+16 1.27573e+16 0 0 0 0 0 0 0 0 0 0 0 0 0 0 0 0 0 0 0 0 0 0 0 0 0 0 0 0 0 0 0 0 
0 0 0 0 0 0 0 0 0 0 0 0 0 0 0 1.58911e+09 5.30994e+11 1.68535e+13 1.67929e+14 8.02001e+14 2.33944e+15 4.88617e+15 8.09321e+15 1.14321e+16 1.44384e+16 1.6881e+16 1.86797e+16 1.99179e+16 2.07316e+16 2.12234e+16 2.14879e+16 2.16077e+16 2.1668e+16 0 0 0 0 0 0 0 0 0 0 0 0 0 0 0 0 0 0 0 0 0 0 0 0 0 0 0 0 0 0 0 0 
0 0 0 0 0 0 0 0 0 0 0 0 0 0 0 9.34022e+07 1.22402e+11 6.66644e+12 9.37384e+13 5.76875e+14 2.03576e+15 4.91642e+15 9.13356e+15 1.40895e+16 1.90846e+16 2.35497e+16 2.72468e+16 3.00214e+16 3.20312e+16 3.34479e+16 3.42926e+16 3.47898e+16 3.49032e+16 0 0 0 0 0 0 0 0 0 0 0 0 0 0 0 0 0 0 0 0 0 0 0 0 0 0 0 0 0 0 0 0 
0 0 0 0 0 0 0 0 0 0 0 0 0 0 0 2.96823e+06 2.09181e+10 2.22299e+12 4.54503e+13 3.66626e+14 1.59222e+15 4.50632e+15 9.45575e+15 1.60648e+16 2.34574e+16 3.07477e+16 3.72535e+16 4.26677e+16 4.68156e+16 4.98378e+16 5.19023e+16 5.30347e+16 5.34404e+16 0 0 0 0 0 0 0 0 0 0 0 0 0 0 0 0 0 0 0 0 0 0 0 0 0 0 0 0 0 0 0 0 
0 0 0 0 0 0 0 0 0 0 0 0 0 0 0 57439.5 2.38005e+09 6.0992e+11 1.90909e+13 2.06017e+14 1.1151e+15 3.74283e+15 8.96494e+15 1.69051e+16 2.68077e+16 3.74797e+16 4.77627e+16 5.68492e+16 6.44502e+16 7.01302e+16 7.41322e+16 7.65017e+16 7.72872e+16 0 0 0 0 0 0 0 0 0 0 0 0 0 0 0 0 0 0 0 0 0 0 0 0 0 0 0 0 0 0 0 0 
0 0 0 0 0 0 0 0 0 0 0 0 0 0 0 0 1.4823e+08 1.32759e+11 6.86261e+12 1.01677e+14 6.97344e+14 2.80711e+15 7.75945e+15 1.63466e+16 2.83147e+16 4.24428e+16 5.72208e+16 7.11931e+16 8.31766e+16 9.2843e+16 9.97806e+16 1.04026e+17 1.05409e+17 0 0 0 0 0 0 0 0 0 0 0 0 0 0 0 0 0 0 0 0 0 0 0 0 0 0 0 0 0 0 0 0 
0 0 0 0 0 0 0 0 0 0 0 0 0 0 0 0 5.33377e+06 2.15984e+10 2.08971e+12 4.39219e+13 3.87199e+14 1.89503e+15 6.09942e+15 1.4496e+16 2.76049e+16 4.45972e+16 6.37376e+16 8.30468e+16 1.0072e+17 1.15391e+17 1.26361e+17 1.32943e+17 1.35136e+17 0 0 0 0 0 0 0 0 0 0 0 0 0 0 0 0 0 0 0 0 0 0 0 0 0 0 0 0 0 0 0 0 
0 0 0 0 0 0 0 0 0 0 0 0 0 0 0 0 109926 2.3582e+09 5.25725e+11 1.64973e+13 1.90496e+14 1.14663e+15 4.34076e+15 1.17351e+16 2.47473e+16 4.33705e+16 6.60392e+16 9.04021e+16 1.13917e+17 1.34357e+17 1.49809e+17 1.59495e+17 1.62838e+17 0 0 0 0 0 0 0 0 0 0 0 0 0 0 0 0 0 0 0 0 0 0 0 0 0 0 0 0 0 0 0 0 
0 0 0 0 0 0 0 0 0 0 0 0 0 0 0 0 2151.99 1.39896e+08 1.04969e+11 5.3375e+12 8.29147e+13 6.21724e+14 2.79322e+15 8.65e+15 2.03162e+16 3.88332e+16 6.33709e+16 9.14822e+16 1.20048e+17 1.45816e+17 1.66336e+17 1.7925e+17 1.83785e+17 0 0 0 0 0 0 0 0 0 0 0 0 0 0 0 0 0 0 0 0 0 0 0 0 0 0 0 0 0 0 0 0 
0 0 0 0 0 0 0 0 0 0 0 0 0 0 0 0 0 4.55191e+06 1.55678e+10 1.4572e+12 3.16608e+13 2.99928e+14 1.61818e+15 5.79398e+15 1.52748e+16 3.19813e+16 5.6104e+16 8.57979e+16 1.17667e+17 1.47636e+17 1.71907e+17 1.87936e+17 1.93326e+17 0 0 0 0 0 0 0 0 0 0 0 0 0 0 0 0 0 0 0 0 0 0 0 0 0 0 0 0 0 0 0 0 
0 0 0 0 0 0 0 0 0 0 0 0 0 0 0 0 0 90797 1.52254e+09 3.2925e+11 1.05246e+13 1.2874e+14 8.43902e+14 3.51672e+15 1.04831e+16 2.4155e+16 4.58169e+16 7.44274e+16 1.06915e+17 1.38924e+17 1.65762e+17 1.8361e+17 1.89855e+17 0 0 0 0 0 0 0 0 0 0 0 0 0 0 0 0 0 0 0 0 0 0 0 0 0 0 0 0 0 0 0 0 
0 0 0 0 0 0 0 0 0 0 0 0 0 0 0 0 0 0 7.50046e+07 5.82286e+10 3.01362e+12 4.90548e+13 3.93927e+14 1.92956e+15 6.53596e+15 1.67276e+16 3.43811e+16 5.95861e+16 8.99071e+16 1.21222e+17 1.48531e+17 1.66809e+17 1.7336e+17 0 0 0 0 0 0 0 0 0 0 0 0 0 0 0 0 0 0 0 0 0 0 0 0 0 0 0 0 0 0 0 0 
0 0 0 0 0 0 0 0 0 0 0 0 0 0 0 0 0 0 1.86585e+06 7.47127e+09 7.23976e+11 1.63463e+13 1.64294e+14 9.55991e+14 3.70429e+15 1.05529e+16 2.36973e+16 4.39587e+16 6.99056e+16 9.79362e+16 1.23013e+17 1.40578e+17 1.46741e+17 0 0 0 0 0 0 0 0 0 0 0 0 0 0 0 0 0 0 0 0 0 0 0 0 0 0 0 0 0 0 0 0 
0 0 0 0 0 0 0 0 0 0 0 0 0 0 0 0 0 0 2657.1 5.95064e+08 1.42328e+11 4.75103e+12 6.11065e+13 4.25501e+14 1.9046e+15 6.08978e+15 1.49255e+16 2.97533e+16 5.00832e+16 7.30658e+16 9.4474e+16 1.09667e+17 1.15187e+17 0 0 0 0 0 0 0 0 0 0 0 0 0 0 0 0 0 0 0 0 0 0 0 0 0 0 0 0 0 0 0 0 
0 0 0 0 0 0 0 0 0 0 0 0 0 0 0 0 0 0 0 2.08748e+07 2.14032e+10 1.17685e+12 2.00798e+13 1.70194e+14 8.86897e+14 3.18974e+15 8.61298e+15 1.84874e+16 3.29591e+16 5.02288e+16 6.69537e+16 7.90372e+16 8.35017e+16 0 0 0 0 0 0 0 0 0 0 0 0 0 0 0 0 0 0 0 0 0 0 0 0 0 0 0 0 0 0 0 0 
0 0 0 0 0 0 0 0 0 0 0 0 0 0 0 0 0 0 0 113158 2.2276e+09 2.43346e+11 5.77605e+12 6.08911e+13 3.71435e+14 1.51687e+15 4.53331e+15 1.05315e+16 1.99344e+16 3.18319e+16 4.37216e+16 5.25751e+16 5.59147e+16 0 0 0 0 0 0 0 0 0 0 0 0 0 0 0 0 0 0 0 0 0 0 0 0 0 0 0 0 0 0 0 0 
0 0 0 0 0 0 0 0 0 0 0 0 0 0 0 0 0 0 0 0 1.27315e+08 3.99563e+10 1.43597e+12 1.93246e+13 1.40454e+14 6.55049e+14 2.17077e+15 5.48146e+15 1.10547e+16 1.84852e+16 2.62664e+16 3.22772e+16 3.44746e+16 0 0 0 0 0 0 0 0 0 0 0 0 0 0 0 0 0 0 0 0 0 0 0 0 0 0 0 0 0 0 0 0 
0 0 0 0 0 0 0 0 0 0 0 0 0 0 0 0 0 0 0 0 1.68794e+06 4.83009e+09 3.00748e+11 5.39629e+12 4.7607e+13 2.55902e+14 9.47831e+14 2.60766e+15 5.62468e+15 9.87868e+15 1.45235e+16 1.81666e+16 1.9557e+16 0 0 0 0 0 0 0 0 0 0 0 0 0 0 0 0 0 0 0 0 0 0 0 0 0 0 0 0 0 0 0 0 
0 0 0 0 0 0 0 0 0 0 0 0 0 0 0 0 0 0 0 0 3281.19 3.65411e+08 5.14841e+10 1.31246e+12 1.4391e+13 9.02313e+13 3.74783e+14 1.12906e+15 2.61438e+15 4.82917e+15 7.36572e+15 9.4192e+15 1.02123e+16 0 0 0 0 0 0 0 0 0 0 0 0 0 0 0 0 0 0 0 0 0 0 0 0 0 0 0 0 0 0 0 0 
0 0 0 0 0 0 0 0 0 0 0 0 0 0 0 0 0 0 0 0 0 1.11419e+07 6.76271e+09 2.73439e+11 3.83887e+12 2.85859e+13 1.34622e+14 4.46349e+14 1.10978e+15 2.16611e+15 3.4223e+15 4.47346e+15 4.87916e+15 0 0 0 0 0 0 0 0 0 0 0 0 0 0 0 0 0 0 0 0 0 0 0 0 0 0 0 0 0 0 0 0 
0 0 0 0 0 0 0 0 0 0 0 0 0 0 0 0 0 0 0 0 0 79316.9 5.98309e+08 4.68099e+10 8.92644e+11 8.06747e+12 4.36066e+13 1.60331e+14 4.3023e+14 8.89191e+14 1.45879e+15 1.94577e+15 2.14496e+15 0 0 0 0 0 0 0 0 0 0 0 0 0 0 0 0 0 0 0 0 0 0 0 0 0 0 0 0 0 0 0 0 
0 0 0 0 0 0 0 0 0 0 0 0 0 0 0 0 0 0 0 0 0 0 2.59526e+07 6.37229e+09 1.80207e+11 2.03004e+12 1.27581e+13 5.21096e+13 1.52218e+14 3.34001e+14 5.69857e+14 7.79865e+14 8.63883e+14 0 0 0 0 0 0 0 0 0 0 0 0 0 0 0 0 0 0 0 0 0 0 0 0 0 0 0 0 0 0 0 0 
0 0 0 0 0 0 0 0 0 0 0 0 0 0 0 0 0 0 0 0 0 0 656291 6.13733e+08 3.03386e+10 4.47354e+11 3.33743e+12 1.53937e+13 4.88994e+13 1.13906e+14 2.03691e+14 2.85859e+14 3.1832e+14 0 0 0 0 0 0 0 0 0 0 0 0 0 0 0 0 0 0 0 0 0 0 0 0 0 0 0 0 0 0 0 0 
0 0 0 0 0 0 0 0 0 0 0 0 0 0 0 0 0 0 0 0 0 0 1945.78 3.17398e+07 4.09841e+09 8.5339e+10 7.75322e+11 4.09529e+12 1.43112e+13 3.56289e+13 6.64753e+13 9.58403e+13 1.07704e+14 0 0 0 0 0 0 0 0 0 0 0 0 0 0 0 0 0 0 0 0 0 0 0 0 0 0 0 0 0 0 0 0 
0 0 0 0 0 0 0 0 0 0 0 0 0 0 0 0 0 0 0 0 0 0 0 1.1503e+06 4.1394e+08 1.3767e+10 1.59535e+11 9.80685e+11 3.79236e+12 1.01394e+13 1.9843e+13 2.93138e+13 3.34535e+13 0 0 0 0 0 0 0 0 0 0 0 0 0 0 0 0 0 0 0 0 0 0 0 0 0 0 0 0 0 0 0 0 
0 0 0 0 0 0 0 0 0 0 0 0 0 0 0 0 0 0 0 0 0 0 0 24855 2.19399e+07 1.80575e+09 2.84034e+10 2.08536e+11 9.05791e+11 2.6282e+12 5.41019e+12 8.24604e+12 9.47128e+12 0 0 0 0 0 0 0 0 0 0 0 0 0 0 0 0 0 0 0 0 0 0 0 0 0 0 0 0 0 0 0 0 
0 0 0 0 0 0 0 0 0 0 0 0 0 0 0 0 0 0 0 0 0 0 0 0 979356 1.85311e+08 4.34374e+09 3.93346e+10 1.96423e+11 6.18112e+11 1.34645e+12 2.1183e+12 2.45614e+12 0 0 0 0 0 0 0 0 0 0 0 0 0 0 0 0 0 0 0 0 0 0 0 0 0 0 0 0 0 0 0 0 
0 0 0 0 0 0 0 0 0 0 0 0 0 0 0 0 0 0 0 0 0 0 0 0 24686.6 9.16322e+06 5.38565e+08 6.55072e+09 3.79116e+10 1.32056e+11 3.05167e+11 4.95653e+11 5.82191e+11 0 0 0 0 0 0 0 0 0 0 0 0 0 0 0 0 0 0 0 0 0 0 0 0 0 0 0 0 0 0 0 0 
0 0 0 0 0 0 0 0 0 0 0 0 0 0 0 0 0 0 0 0 0 0 0 0 472.012 400573 5.5073e+07 9.31016e+08 6.50459e+09 2.56306e+10 6.34118e+10 1.07017e+11 1.27203e+11 0 0 0 0 0 0 0 0 0 0 0 0 0 0 0 0 0 0 0 0 0 0 0 0 0 0 0 0 0 0 0 0 
0 0 0 0 0 0 0 0 0 0 0 0 0 0 0 0 0 0 0 0 0 0 0 0 0 11316.2 2.15479e+06 1.05293e+08 9.95478e+08 4.46622e+09 1.20066e+10 2.10433e+10 2.52548e+10 0 0 0 0 0 0 0 0 0 0 0 0 0 0 0 0 0 0 0 0 0 0 0 0 0 0 0 0 0 0 0 0 
0 0 0 0 0 0 0 0 0 0 0 0 0 0 0 0 0 0 0 0 0 0 0 0 0 0 85722.3 1.08431e+07 1.31049e+08 6.85339e+08 2.06365e+09 3.80037e+09 4.62808e+09 0 0 0 0 0 0 0 0 0 0 0 0 0 0 0 0 0 0 0 0 0 0 0 0 0 0 0 0 0 0 0 0 
0 0 0 0 0 0 0 0 0 0 0 0 0 0 0 0 0 0 0 0 0 0 0 0 0 0 0 276405 1.25665e+07 9.69877e+07 3.16748e+08 6.27218e+08 7.8488e+08 0 0 0 0 0 0 0 0 0 0 0 0 0 0 0 0 0 0 0 0 0 0 0 0 0 0 0 0 0 0 0 0 
0 0 0 0 0 0 0 0 0 0 0 0 0 0 0 0 0 0 0 0 0 0 0 0 0 0 0 0 1.57218e+06 1.17282e+07 4.3538e+07 9.60153e+07 1.18146e+08 0 0 0 0 0 0 0 0 0 0 0 0 0 0 0 0 0 0 0 0 0 0 0 0 0 0 0 0 0 0 0 0 
0 0 0 0 0 0 0 0 0 0 0 0 0 0 0 0 0 0 0 0 0 0 0 0 0 0 0 0 731.67 847156 6.01971e+06 1.26572e+07 1.70649e+07 0 0 0 0 0 0 0 0 0 0 0 0 0 0 0 0 0 0 0 0 0 0 0 0 0 0 0 0 0 0 0 0 
0 0 0 0 0 0 0 0 0 0 0 0 0 0 0 0 0 0 0 0 0 0 0 0 0 0 0 0 0 176586 658282 1.51006e+06 2.43676e+06 0 0 0 0 0 0 0 0 0 0 0 0 0 0 0 0 0 0 0 0 0 0 0 0 0 0 0 0 0 0 0 0 
0 0 0 0 0 0 0 0 0 0 0 0 0 0 0 0 0 0 0 0 0 0 0 0 0 0 0 0 0 0 18540.9 277920 187270 0 0 0 0 0 0 0 0 0 0 0 0 0 0 0 0 0 0 0 0 0 0 0 0 0 0 0 0 0 0 0 0 
0 0 0 0 0 0 0 0 0 0 0 0 0 0 0 0 0 0 0 0 0 0 0 0 0 0 0 0 0 0 19536.6 17418.5 44865.1 0 0 0 0 0 0 0 0 0 0 0 0 0 0 0 0 0 0 0 0 0 0 0 0 0 0 0 0 0 0 0 0 
0 0 0 0 0 0 0 0 0 0 0 0 0 0 0 0 0 0 0 0 0 0 0 0 0 0 0 0 0 0 0 0 8094.75 0 0 0 0 0 0 0 0 0 0 0 0 0 0 0 0 0 0 0 0 0 0 0 0 0 0 0 0 0 0 0 0 
0 0 0 0 0 0 0 0 0 0 0 0 0 0 0 0 0 0 0 0 0 0 0 0 0 0 0 0 0 0 0 1351.4 0 0 0 0 0 0 0 0 0 0 0 0 0 0 0 0 0 0 0 0 0 0 0 0 0 0 0 0 0 0 0 0 0 
0 0 0 0 0 0 0 0 0 0 0 0 0 0 0 0 0 0 0 0 0 0 0 0 0 0 0 0 0 0 0 0 0 0 0 0 0 0 0 0 0 0 0 0 0 0 0 0 0 0 0 0 0 0 0 0 0 0 0 0 0 0 0 0 0 
0 0 0 0 0 0 0 0 0 0 0 0 0 0 0 0 0 0 0 0 0 0 0 0 0 0 0 0 0 0 0 0 42.2311 0 0 0 0 0 0 0 0 0 0 0 0 0 0 0 0 0 0 0 0 0 0 0 0 0 0 0 0 0 0 0 0 
0 0 0 0 0 0 0 0 0 0 0 0 0 0 0 0 0 0 0 0 0 0 0 0 0 0 0 0 0 0 0 0 0 0 0 0 0 0 0 0 0 0 0 0 0 0 0 0 0 0 0 0 0 0 0 0 0 0 0 0 0 0 0 0 0 
0 0 0 0 0 0 0 0 0 0 0 0 0 0 0 0 0 0 0 0 0 0 0 0 0 0 0 0 0 0 0 0 0 0 0 0 0 0 0 0 0 0 0 0 0 0 0 0 0 0 0 0 0 0 0 0 0 0 0 0 0 0 0 0 0 
0 0 0 0 0 0 0 0 0 0 0 0 0 0 0 0 0 0 0 0 0 0 0 0 0 0 0 0 0 0 0 0 0 0 0 0 0 0 0 0 0 0 0 0 0 0 0 0 0 0 0 0 0 0 0 0 0 0 0 0 0 0 0 0 0 
0 0 0 0 0 0 0 0 0 0 0 0 0 0 0 0 0 0 0 0 0 0 0 0 0 0 0 0 0 0 0 0 0 0 0 0 0 0 0 0 0 0 0 0 0 0 0 0 0 0 0 0 0 0 0 0 0 0 0 0 0 0 0 0 0 
0 0 0 0 0 0 0 0 0 0 0 0 0 0 0 0 0 0 0 0 0 0 0 0 0 0 0 0 0 0 0 0 0 0 0 0 0 0 0 0 0 0 0 0 0 0 0 0 0 0 0 0 0 0 0 0 0 0 0 0 0 0 0 0 0 
0 0 0 0 0 0 0 0 0 0 0 0 0 0 0 0 0 0 0 0 0 0 0 0 0 0 0 0 0 0 0 0 0 0 0 0 0 0 0 0 0 0 0 0 0 0 0 0 0 0 0 0 0 0 0 0 0 0 0 0 0 0 0 0 0 
0 0 0 0 0 0 0 0 0 0 0 0 0 0 0 0 0 0 0 0 0 0 0 0 0 0 0 0 0 0 0 0 0 0 0 0 0 0 0 0 0 0 0 0 0 0 0 0 0 0 0 0 0 0 0 0 0 0 0 0 0 0 0 0 0 
0 0 0 0 0 0 0 0 0 0 0 0 0 0 0 0 0 0 0 0 0 0 0 0 0 0 0 0 0 0 0 0 0 0 0 0 0 0 0 0 0 0 0 0 0 0 0 0 0 0 0 0 0 0 0 0 0 0 0 0 0 0 0 0 0 
0 0 0 0 0 0 0 0 0 0 0 0 0 0 0 0 0 0 0 0 0 0 0 0 0 0 0 0 0 0 0 0 0 0 0 0 0 0 0 0 0 0 0 0 0 0 0 0 0 0 0 0 0 0 0 0 0 0 0 0 0 0 0 0 0 
0 0 0 0 0 0 0 0 0 0 0 0 0 0 0 0 0 0 0 0 0 0 0 0 0 0 0 0 0 0 0 0 0 0 0 0 0 0 0 0 0 0 0 0 0 0 0 0 0 0 0 0 0 0 0 0 0 0 0 0 0 0 0 0 0 
0 0 0 0 0 0 0 0 0 0 0 0 0 0 0 0 0 0 0 0 0 0 0 0 0 0 0 0 0 0 0 0 0 0 0 0 0 0 0 0 0 0 0 0 0 0 0 0 0 0 0 0 0 0 0 0 0 0 0 0 0 0 0 0 0 
0 0 0 0 0 0 0 0 0 0 0 0 0 0 0 0 0 0 0 0 0 0 0 0 0 0 0 0 0 0 0 0 0 0 0 0 0 0 0 0 0 0 0 0 0 0 0 0 0 0 0 0 0 0 0 0 0 0 0 0 0 0 0 0 0 
0 0 0 0 0 0 0 0 0 0 0 0 0 0 0 0 0 0 0 0 0 0 0 0 0 0 0 0 0 0 0 0 0 0 0 0 0 0 0 0 0 0 0 0 0 0 0 0 0 0 0 0 0 0 0 0 0 0 0 0 0 0 0 0 0 
0 0 0 0 0 0 0 0 0 0 0 0 0 0 0 0 0 0 0 0 0 0 0 0 0 0 0 0 0 0 0 0 0 0 0 0 0 0 0 0 0 0 0 0 0 0 0 0 0 0 0 0 0 0 0 0 0 0 0 0 0 0 0 0 0 
0 0 0 0 0 0 0 0 0 0 0 0 0 0 0 0 0 0 0 0 0 0 0 0 0 0 0 0 0 0 0 0 0 0 0 0 0 0 0 0 0 0 0 0 0 0 0 0 0 0 0 0 0 0 0 0 0 0 0 0 0 0 0 0 0 
0 0 0 0 0 0 0 0 0 0 0 0 0 0 0 0 0 0 0 0 0 0 0 0 0 0 0 0 0 0 0 0 0 0 0 0 0 0 0 0 0 0 0 0 0 0 0 0 0 0 0 0 0 0 0 0 0 0 0 0 0 0 0 0 0 
0 0 0 0 0 0 0 0 0 0 0 0 0 0 0 0 0 0 0 0 0 0 0 0 0 0 0 0 0 0 0 0 0 0 0 0 0 0 0 0 0 0 0 0 0 0 0 0 0 0 0 0 0 0 0 0 0 0 0 0 0 0 0 0 0 
0 0 0 0 0 0 0 0 0 0 0 0 0 0 0 0 0 0 0 0 0 0 0 0 0 0 0 0 0 0 0 0 0 0 0 0 0 0 0 0 0 0 0 0 0 0 0 0 0 0 0 0 0 0 0 0 0 0 0 0 0 0 0 0 0 
0 0 0 0 0 0 0 0 0 0 0 0 0 0 0 0 0 0 0 0 0 0 0 0 0 0 0 0 0 0 0 0 0 0 0 0 0 0 0 0 0 0 0 0 0 0 0 0 0 0 0 0 0 0 0 0 0 0 0 0 0 0 0 0 0 
0 0 0 0 0 0 0 0 0 0 0 0 0 0 0 0 0 0 0 0 0 0 0 0 0 0 0 0 0 0 0 0 0 0 0 0 0 0 0 0 0 0 0 0 0 0 0 0 0 0 0 0 0 0 0 0 0 0 0 0 0 0 0 0 0 
0 0 0 0 0 0 0 0 0 0 0 0 0 0 0 0 0 0 0 0 0 0 0 0 0 0 0 0 0 0 0 0 0 0 0 0 0 0 0 0 0 0 0 0 0 0 0 0 0 0 0 0 0 0 0 0 0 0 0 0 0 0 0 0 0 
0 0 0 0 0 0 0 0 0 0 0 0 0 0 0 0 0 0 0 0 0 0 0 0 0 0 0 0 0 0 0 0 0 0 0 0 0 0 0 0 0 0 0 0 0 0 0 0 0 0 0 0 0 0 0 0 0 0 0 0 0 0 0 0 0 
0 0 0 0 0 0 0 0 0 0 0 0 0 0 0 0 0 0 0 0 0 0 0 0 0 0 0 0 0 0 0 0 0 0 0 0 0 0 0 0 0 0 0 0 0 0 0 0 0 0 0 0 0 0 0 0 0 0 0 0 0 0 0 0 0 
0 0 0 0 0 0 0 0 0 0 0 0 0 0 0 0 0 0 0 0 0 0 0 0 0 0 0 0 0 0 0 0 0 0 0 0 0 0 0 0 0 0 0 0 0 0 0 0 0 0 0 0 0 0 0 0 0 0 0 0 0 0 0 0 0 
0 0 0 0 0 0 0 0 0 0 0 0 0 0 0 0 0 0 0 0 0 0 0 0 0 0 0 0 0 0 0 0 0 0 0 0 0 0 0 0 0 0 0 0 0 0 0 0 0 0 0 0 0 0 0 0 0 0 0 0 0 0 0 0 0 
0 0 0 0 0 0 0 0 0 0 0 0 0 0 0 0 0 0 0 0 0 0 0 0 0 0 0 0 0 0 0 0 0 0 0 0 0 0 0 0 0 0 0 0 0 0 0 0 0 0 0 0 0 0 0 0 0 0 0 0 0 0 0 0 0 
0 0 0 0 0 0 0 0 0 0 0 0 0 0 0 0 0 0 0 0 0 0 0 0 0 0 0 0 0 0 0 0 0 0 0 0 0 0 0 0 0 0 0 0 0 0 0 0 0 0 0 0 0 0 0 0 0 0 0 0 0 0 0 0 0 
0 0 0 0 0 0 0 0 0 0 0 0 0 0 0 0 0 0 0 0 0 0 0 0 0 0 0 0 0 0 0 0 0 0 0 0 0 0 0 0 0 0 0 0 0 0 0 0 0 0 0 0 0 0 0 0 0 0 0 0 0 0 0 0 0 
0 0 0 0 0 0 0 0 0 0 0 0 0 0 0 0 0 0 0 0 0 0 0 0 0 0 0 0 0 0 0 0 0 0 0 0 0 0 0 0 0 0 0 0 0 0 0 0 0 0 0 0 0 0 0 0 0 0 0 0 0 0 0 0 0 
0 0 0 0 0 0 0 0 0 0 0 0 0 0 0 0 0 0 0 0 0 0 0 0 0 0 0 0 0 0 0 0 0 0 0 0 0 0 0 0 0 0 0 0 0 0 0 0 0 0 0 0 0 0 0 0 0 0 0 0 0 0 0 0 0 
0 0 0 0 0 0 0 0 0 0 0 0 0 0 0 0 0 0 0 0 0 0 0 0 0 0 0 0 0 0 0 0 0 0 0 0 0 0 0 0 0 0 0 0 0 0 0 0 0 0 0 0 0 0 0 0 0 0 0 0 0 0 0 0 0 
0 0 0 0 0 0 0 0 0 0 0 0 0 0 0 0 0 0 0 0 0 0 0 0 0 0 0 0 0 0 0 0 0 0 0 0 0 0 0 0 0 0 0 0 0 0 0 0 0 0 0 0 0 0 0 0 0 0 0 0 0 0 0 0 0 
