1 0 0 0 0 0 0 0 0 0 0 0 0 0 0 0 0 0 0 0 0 0 0 0 0 0 0 0 0 0 0 0 0 0 0 0 0 0 0 0 0 0 0 0 0 0 0 0 0 0 0 0 0 0 0 0 0 0 0 0 0 0 0 0 1 
0 0 0 0 0 0 0 0 0 0 0 0 0 0 0 0 0 0 0 0 0 0 0 0 0 0 0 0 0 0 0 0 0 0 0 0 0 0 0 0 0 0 0 0 0 0 0 0 0 0 0 0 0 0 0 0 0 0 0 0 0 0 0 0 0 
0 0 0 0 0 0 0 0 0 0 0 0 0 0 0 0 0 0 0 0 0 0 0 0 0 0 0 0 0 0 0 0 0 0 0 0 0 0 0 0 0 0 0 0 0 0 0 0 0 0 0 0 0 0 0 0 0 0 0 0 0 0 0 0 0 
0 0 0 0 0 0 0 0 0 0 0 0 0 0 0 0 0 0 0 0 0 0 0 0 0 0 0 0 0 0 0 0 0 0 0 0 0 0 0 0 0 0 0 0 0 0 0 0 0 0 0 0 0 0 0 0 0 0 0 0 0 0 0 0 0 
0 64 0 0 0 0 0 0 0 0 0 0 0 0 0 0 0 0 0 0 0 0 0 0 0 0 0 0 0 0 0 0 0 0 0 0 0 0 0 0 0 0 0 0 0 0 0 0 0 0 0 0 0 0 0 0 0 0 0 0 0 0 0 0 0 
0 0 0 0 0 0 0 0 0 0 0 0 0 0 0 0 0 0 0 0 0 0 0 0 0 0 0 0 0 0 0 0 0 0 0 0 0 0 0 0 0 0 0 0 0 0 0 0 0 0 0 0 0 0 0 0 0 0 0 0 0 0 0 0 0 
0 0 0 0 0 0 0 0 0 0 0 0 0 0 0 0 0 0 0 0 0 0 0 0 0 0 0 0 0 0 0 0 0 0 0 0 0 0 0 0 0 0 0 0 0 0 0 0 0 0 0 0 0 0 0 0 0 0 0 0 0 0 0 0 0 
0 0 256 0 0 0 0 0 0 0 0 0 0 0 0 0 0 0 0 0 0 0 0 0 0 0 0 0 0 0 0 0 0 0 0 0 0 0 0 0 0 0 0 0 0 0 0 0 0 0 0 0 0 0 0 0 0 0 0 0 0 0 0 0 0 
0 0 1760 0 0 0 0 0 0 0 0 0 0 0 0 0 0 0 0 0 0 0 0 0 0 0 0 0 0 0 0 0 0 0 0 0 0 0 0 0 0 0 0 0 0 0 0 0 0 0 0 0 0 0 0 0 0 0 0 0 0 0 0 0 0 
0 0 0 128.256 0 0 0 0 0 0 0 0 0 0 0 0 0 0 0 0 0 0 0 0 0 0 0 0 0 0 0 0 0 0 0 0 0 0 0 0 0 0 0 0 0 0 0 0 0 0 0 0 0 0 0 0 0 0 0 0 0 0 0 0 0 
0 0 0 1406.14 0 0 0 0 0 0 0 0 0 0 0 0 0 0 0 0 0 0 0 0 0 0 0 0 0 0 0 0 0 0 0 0 0 0 0 0 0 0 0 0 0 0 0 0 0 0 0 0 0 0 0 0 0 0 0 0 0 0 0 0 0 
0 0 0 12675 191.611 0 0 0 0 0 0 0 0 0 0 0 0 0 0 0 0 0 0 0 0 0 0 0 0 0 0 0 0 0 0 0 0 0 0 0 0 0 0 0 0 0 0 0 0 0 0 0 0 0 0 0 0 0 0 0 0 0 0 0 0 
0 0 0 27454.7 1788.79 0 0 0 0 0 0 0 0 0 0 0 0 0 0 0 0 0 0 0 0 0 0 0 0 0 0 0 0 0 0 0 0 0 0 0 0 0 0 0 0 0 0 0 0 0 0 0 0 0 0 0 0 0 0 0 0 0 0 0 0 
0 0 0 0 14472 384.252 0 0 0 0 0 0 0 0 0 0 0 0 0 0 0 0 0 0 0 0 0 0 0 0 0 0 0 0 0 0 0 0 0 0 0 0 0 0 0 0 0 0 0 0 0 0 0 0 0 0 0 0 0 0 0 0 0 0 0 
0 0 0 0 84076.8 4030.29 0 0 0 0 0 0 0 0 0 0 0 0 0 0 0 0 0 0 0 0 0 0 0 0 0 0 0 0 0 0 0 0 0 0 0 0 0 0 0 0 0 0 0 0 0 0 0 0 0 0 0 0 0 0 0 0 0 0 0 
0 0 0 0 264413 26141.3 1405.46 0 0 0 0 0 0 0 0 0 0 0 0 0 0 0 0 0 0 0 0 0 0 0 0 0 0 0 0 0 0 0 0 0 0 0 0 0 0 0 0 0 0 0 0 0 0 0 0 0 0 0 0 0 0 0 0 0 0 
0 0 0 0 270434 147073 9430.43 443.904 47.6382 0 0 0 0 0 0 0 4.01647 0 0 0 0 0 0 0 0 0 0 0 0 0 0 0 3.99999 0 0 0 0 0 0 0 0 0 0 0 0 0 0 0 0 0 0 0 0 0 0 0 0 0 0 0 0 0 0 0 0 
0 0 0 0 0 655688 66402 4247.19 0 0 0 0 0 0 0 0 0 0 0 0 0 0 0 0 0 0 0 0 0 0 0 0 0 0 0 0 0 0 0 0 0 0 0 0 0 0 0 0 0 0 0 0 0 0 0 0 0 0 0 0 0 0 0 0 0 
0 0 0 0 0 1.95155e+06 340305 32026.5 4029.95 448.36 0 0 0 0 0 64.2636 0 0 0 0 0 0 0 0 0 0 0 0 0 0 0 0 0 0 0 0 0 0 0 0 0 0 0 0 0 0 0 0 0 0 0 0 0 0 0 0 0 0 0 0 0 0 0 0 0 
0 0 0 0 0 3.06588e+06 1.46214e+06 191497 15907.9 4211.56 1280.34 384.285 190.952 127.4 192.01 0 0 128.007 0 0 0 0 0 0 0 0 0 0 0 0 0 128 0 0 0 0 0 0 0 0 0 0 0 0 0 0 0 0 0 0 0 0 0 0 0 0 0 0 0 0 0 0 0 0 0 
0 0 0 0 0 1.77376e+06 5.28156e+06 919271 124904 10012.6 3266.67 1716.06 814.339 576.322 289.966 0 0 64.2497 0 0 0 0 0 0 0 0 0 0 0 0 0 0 0 0 0 0 0 0 0 0 0 0 0 0 0 0 0 0 0 0 0 0 0 0 0 0 0 0 0 0 0 0 0 0 0 
0 0 0 0 0 0 1.40499e+07 3.91161e+06 624790 100098 16548 3459.84 2172.61 1153.3 0 0 1919.66 0 386.179 0 0 0 0 0 0 0 0 0 0 0 448.314 0 0 0 0 0 0 0 0 0 0 0 0 0 0 0 0 0 0 0 0 0 0 0 0 0 0 0 0 0 0 0 0 0 0 
0 0 0 0 0 0 2.38283e+07 1.38709e+07 2.8938e+06 519858 104011 31899.5 11182.6 5002.64 3353.73 5374.62 1155.9 0 1732.65 257.076 0 0 0 0 0 0 0 0 0 255.066 1535.68 0 3963.47 0 0 0 0 0 0 0 0 0 0 0 0 0 0 0 0 0 0 0 0 0 0 0 0 0 0 0 0 0 0 0 0 
0 0 0 0 0 0 2.19702e+07 4.17251e+07 1.14187e+07 2.26893e+06 500533 133814 50320 24183.3 17833.3 11868.9 0 5412.19 2106.69 1156.12 387.079 0 0 0 0 0 0 0 384.665 1916.37 0 0 129.015 0 0 0 0 0 0 0 0 0 0 0 0 0 0 0 0 0 0 0 0 0 0 0 0 0 0 0 0 0 0 0 0 
0 0 0 0 0 0 7.96465e+06 9.80637e+07 4.02462e+07 9.89376e+06 2.07263e+06 561693 189617 92039 53502.4 14246.8 14307.4 25163.3 3633.99 9297.84 1655.12 770.066 0 0 94.6432 0 0 768.906 2573.53 8851.49 0 13455.1 0 0 0 0 0 0 0 0 0 0 0 0 0 0 0 0 0 0 0 0 0 0 0 0 0 0 0 0 0 0 0 0 0 
0 0 0 0 0 0 0 1.627e+08 1.22235e+08 3.70502e+07 9.58896e+06 2.43381e+06 803431 332852 144598 83626.9 93390.8 43564.9 15894.2 23948.5 9176.81 3457.3 2562.04 898.695 0 899.511 2694.2 5742.26 13033.8 8817.05 7417.31 46924.1 0 0 0 0 0 0 0 0 0 0 0 0 0 0 0 0 0 0 0 0 0 0 0 0 0 0 0 0 0 0 0 0 0 
0 0 0 0 0 0 0 1.72555e+08 3.13647e+08 1.24873e+08 3.60647e+07 1.02719e+07 3.32427e+06 1.25538e+06 596203 392152 262761 65203.9 136523 50967.9 49590.2 14718.7 6488.33 7726.16 7839.91 7719.75 12717.4 23452.7 41612.2 10726.5 56520.6 3052.65 44388.8 0 0 0 0 0 0 0 0 0 0 0 0 0 0 0 0 0 0 0 0 0 0 0 0 0 0 0 0 0 0 0 0 
0 0 0 0 0 0 0 1.02429e+08 6.51396e+08 3.74943e+08 1.2732e+08 3.87201e+07 1.25209e+07 4.85355e+06 2.3035e+06 1.31082e+06 589899 444752 366623 147118 155136 88214.9 39092.7 15988.4 22510.8 40677.1 57416.2 82669.8 81345.8 74232.5 261955 24091.4 305825 0 0 0 0 0 0 0 0 0 0 0 0 0 0 0 0 0 0 0 0 0 0 0 0 0 0 0 0 0 0 0 0 
0 0 0 0 0 0 0 2.48129e+07 1.01523e+09 9.82978e+08 4.13296e+08 1.39655e+08 4.75116e+07 1.78055e+07 8.04048e+06 3.95375e+06 2.16315e+06 1.75226e+06 966070 701285 470099 325705 208917 164366 141790 145892 203082 271348 185075 376449 316969 261644 575028 0 0 0 0 0 0 0 0 0 0 0 0 0 0 0 0 0 0 0 0 0 0 0 0 0 0 0 0 0 0 0 0 
0 0 0 0 0 0 0 0 1.10959e+09 2.19646e+09 1.2026e+09 4.67507e+08 1.67635e+08 6.52442e+07 2.78449e+07 1.383e+07 8.46433e+06 5.33391e+06 2.82725e+06 2.47187e+06 1.46166e+06 1.18332e+06 799467 632230 598670 642414 674847 618050 660066 1.28058e+06 369441 1.48174e+06 262335 0 0 0 0 0 0 0 0 0 0 0 0 0 0 0 0 0 0 0 0 0 0 0 0 0 0 0 0 0 0 0 0 
0 0 0 0 0 0 0 0 7.85972e+08 4.0394e+09 3.13957e+09 1.42629e+09 5.60349e+08 2.2142e+08 9.65661e+07 4.80115e+07 2.73674e+07 1.55077e+07 1.05071e+07 7.6699e+06 4.98944e+06 3.93557e+06 3.01282e+06 2.2483e+06 1.83623e+06 1.79861e+06 1.91752e+06 1.82021e+06 2.57436e+06 2.55782e+06 2.01195e+06 4.13743e+06 1.62061e+06 0 0 0 0 0 0 0 0 0 0 0 0 0 0 0 0 0 0 0 0 0 0 0 0 0 0 0 0 0 0 0 0 
0 0 0 0 0 0 0 0 3.19017e+08 5.80651e+09 7.1607e+09 4.02265e+09 1.75396e+09 7.29262e+08 3.21422e+08 1.58966e+08 8.52845e+07 4.99903e+07 3.5352e+07 2.24734e+07 1.70299e+07 1.22518e+07 9.76176e+06 7.7225e+06 6.71142e+06 6.12933e+06 5.56171e+06 5.90039e+06 7.64396e+06 4.7506e+06 8.3704e+06 5.73731e+06 7.86962e+06 0 0 0 0 0 0 0 0 0 0 0 0 0 0 0 0 0 0 0 0 0 0 0 0 0 0 0 0 0 0 0 0 
0 0 0 0 0 0 0 0 5.37488e+07 6.21303e+09 1.40668e+10 1.02431e+10 5.11814e+09 2.28934e+09 1.03904e+09 5.01982e+08 2.69482e+08 1.64804e+08 1.06062e+08 6.92161e+07 5.29419e+07 3.81876e+07 3.04281e+07 2.51185e+07 2.1043e+07 1.81776e+07 1.70744e+07 1.87056e+07 1.72059e+07 1.57175e+07 2.3634e+07 1.24661e+07 2.56572e+07 0 0 0 0 0 0 0 0 0 0 0 0 0 0 0 0 0 0 0 0 0 0 0 0 0 0 0 0 0 0 0 0 
0 0 0 0 0 0 0 0 0 4.67716e+09 2.30016e+10 2.33707e+10 1.38347e+10 6.76945e+09 3.19074e+09 1.57581e+09 8.47448e+08 5.02672e+08 3.11981e+08 2.16756e+08 1.57113e+08 1.16244e+08 9.2095e+07 7.42662e+07 6.12134e+07 5.38123e+07 5.15323e+07 5.11925e+07 4.2719e+07 5.37737e+07 4.77802e+07 4.87047e+07 5.31383e+07 0 0 0 0 0 0 0 0 0 0 0 0 0 0 0 0 0 0 0 0 0 0 0 0 0 0 0 0 0 0 0 0 
0 0 0 0 0 0 0 0 0 2.32533e+09 3.02117e+10 4.69105e+10 3.42263e+10 1.87794e+10 9.43339e+09 4.78884e+09 2.57784e+09 1.491e+09 9.33339e+08 6.48923e+08 4.48361e+08 3.46323e+08 2.66801e+08 2.18726e+08 1.82727e+08 1.61792e+08 1.49213e+08 1.33154e+08 1.27331e+08 1.44402e+08 1.08324e+08 1.50076e+08 1.05829e+08 0 0 0 0 0 0 0 0 0 0 0 0 0 0 0 0 0 0 0 0 0 0 0 0 0 0 0 0 0 0 0 0 
0 0 0 0 0 0 0 0 0 6.69586e+08 3.07213e+10 8.11395e+10 7.6668e+10 4.85839e+10 2.64236e+10 1.39398e+10 7.59683e+09 4.40025e+09 2.77879e+09 1.85673e+09 1.31132e+09 9.95261e+08 7.65264e+08 6.24878e+08 5.25234e+08 4.58184e+08 4.04646e+08 3.60336e+08 3.73866e+08 3.39263e+08 3.31872e+08 3.6241e+08 3.08946e+08 0 0 0 0 0 0 0 0 0 0 0 0 0 0 0 0 0 0 0 0 0 0 0 0 0 0 0 0 0 0 0 0 
0 0 0 0 0 0 0 0 0 8.04731e+07 2.32779e+10 1.18247e+11 1.5395e+11 1.16103e+11 6.97878e+10 3.88944e+10 2.17601e+10 1.2751e+10 7.96843e+09 5.25728e+09 3.75081e+09 2.77049e+09 2.15754e+09 1.73427e+09 1.46408e+09 1.2542e+09 1.09718e+09 1.01642e+09 9.83356e+08 8.60742e+08 9.50218e+08 8.23562e+08 9.31727e+08 0 0 0 0 0 0 0 0 0 0 0 0 0 0 0 0 0 0 0 0 0 0 0 0 0 0 0 0 0 0 0 0 
0 0 0 0 0 0 0 0 0 0 1.25527e+10 1.4135e+11 2.71958e+11 2.53078e+11 1.7259e+11 1.03488e+11 6.00798e+10 3.58029e+10 2.2304e+10 1.4758e+10 1.0432e+10 7.60952e+09 5.96345e+09 4.74342e+09 3.96048e+09 3.38688e+09 2.99844e+09 2.76547e+09 2.50175e+09 2.39556e+09 2.38943e+09 2.15764e+09 2.39266e+09 0 0 0 0 0 0 0 0 0 0 0 0 0 0 0 0 0 0 0 0 0 0 0 0 0 0 0 0 0 0 0 0 
0 0 0 0 0 0 0 0 0 0 4.52308e+09 1.34238e+11 4.15754e+11 5.00593e+11 3.9633e+11 2.60119e+11 1.593e+11 9.72163e+10 6.1275e+10 4.07579e+10 2.83622e+10 2.08408e+10 1.60221e+10 1.28482e+10 1.06049e+10 9.04922e+09 8.0117e+09 7.21396e+09 6.53451e+09 6.42911e+09 5.87182e+09 5.99618e+09 5.77502e+09 0 0 0 0 0 0 0 0 0 0 0 0 0 0 0 0 0 0 0 0 0 0 0 0 0 0 0 0 0 0 0 0 
0 0 0 0 0 0 0 0 0 0 9.44465e+08 9.89272e+10 5.41803e+11 8.84647e+11 8.38176e+11 6.14201e+11 4.03267e+11 2.55406e+11 1.64125e+11 1.09386e+11 7.61544e+10 5.58895e+10 4.25301e+10 3.40582e+10 2.80174e+10 2.38711e+10 2.0936e+10 1.8645e+10 1.72857e+10 1.62661e+10 1.51952e+10 1.54623e+10 1.45118e+10 0 0 0 0 0 0 0 0 0 0 0 0 0 0 0 0 0 0 0 0 0 0 0 0 0 0 0 0 0 0 0 0 
0 0 0 0 0 0 0 0 0 0 8.17474e+07 5.46326e+10 5.85325e+11 1.38011e+12 1.61507e+12 1.35293e+12 9.66026e+11 6.44833e+11 4.27154e+11 2.87588e+11 2.0131e+11 1.47065e+11 1.12089e+11 8.88441e+10 7.31004e+10 6.19831e+10 5.39242e+10 4.8114e+10 4.44439e+10 4.08875e+10 3.972e+10 3.84028e+10 3.80572e+10 0 0 0 0 0 0 0 0 0 0 0 0 0 0 0 0 0 0 0 0 0 0 0 0 0 0 0 0 0 0 0 0 
0 0 0 0 0 0 0 0 0 0 0 2.17127e+10 5.14961e+11 1.87023e+12 2.81698e+12 2.75684e+12 2.17032e+12 1.54996e+12 1.06526e+12 7.35438e+11 5.1968e+11 3.81096e+11 2.89986e+11 2.29218e+11 1.87593e+11 1.58514e+11 1.37497e+11 1.23106e+11 1.12511e+11 1.04187e+11 1.0051e+11 9.58269e+10 9.67332e+10 0 0 0 0 0 0 0 0 0 0 0 0 0 0 0 0 0 0 0 0 0 0 0 0 0 0 0 0 0 0 0 0 
0 0 0 0 0 0 0 0 0 0 0 5.78316e+09 3.60807e+11 2.17157e+12 4.38886e+12 5.15393e+12 4.58158e+12 3.53436e+12 2.55469e+12 1.81756e+12 1.30896e+12 9.66048e+11 7.36747e+11 5.81257e+11 4.75582e+11 3.99744e+11 3.47166e+11 3.08464e+11 2.8042e+11 2.62462e+11 2.49091e+11 2.41626e+11 2.39926e+11 0 0 0 0 0 0 0 0 0 0 0 0 0 0 0 0 0 0 0 0 0 0 0 0 0 0 0 0 0 0 0 0 
0 0 0 0 0 0 0 0 0 0 0 8.79785e+08 1.96622e+11 2.11981e+12 6.04174e+12 8.78274e+12 8.96707e+12 7.58618e+12 5.84085e+12 4.33306e+12 3.19599e+12 2.38988e+12 1.83351e+12 1.45254e+12 1.18522e+12 9.96404e+11 8.64083e+11 7.65755e+11 6.95548e+11 6.49746e+11 6.13405e+11 5.98379e+11 5.91017e+11 0 0 0 0 0 0 0 0 0 0 0 0 0 0 0 0 0 0 0 0 0 0 0 0 0 0 0 0 0 0 0 0 
0 0 0 0 0 0 0 0 0 0 0 5.42828e+07 8.11483e+10 1.71027e+12 7.25894e+12 1.34852e+13 1.6149e+13 1.52378e+13 1.26447e+13 9.86116e+12 7.52499e+12 5.75552e+12 4.47026e+12 3.55268e+12 2.90466e+12 2.44948e+12 2.11694e+12 1.87926e+12 1.70393e+12 1.57978e+12 1.50338e+12 1.46443e+12 1.44167e+12 0 0 0 0 0 0 0 0 0 0 0 0 0 0 0 0 0 0 0 0 0 0 0 0 0 0 0 0 0 0 0 0 
0 0 0 0 0 0 0 0 0 0 0 0 2.41817e+10 1.12343e+12 7.51282e+12 1.8522e+13 2.66795e+13 2.85457e+13 2.58602e+13 2.14158e+13 1.69923e+13 1.33523e+13 1.05554e+13 8.49257e+12 6.98922e+12 5.89982e+12 5.10581e+12 4.52439e+12 4.10541e+12 3.82126e+12 3.63589e+12 3.51942e+12 3.48122e+12 0 0 0 0 0 0 0 0 0 0 0 0 0 0 0 0 0 0 0 0 0 0 0 0 0 0 0 0 0 0 0 0 
0 0 0 0 0 0 0 0 0 0 0 0 4.76832e+09 5.90513e+11 6.59189e+12 2.24941e+13 4.00995e+13 4.94237e+13 4.95174e+13 4.40688e+13 3.68146e+13 2.99746e+13 2.42486e+13 1.98025e+13 1.64484e+13 1.39602e+13 1.21244e+13 1.07394e+13 9.78818e+12 9.08501e+12 8.63544e+12 8.36358e+12 8.30364e+12 0 0 0 0 0 0 0 0 0 0 0 0 0 0 0 0 0 0 0 0 0 0 0 0 0 0 0 0 0 0 0 0 
0 0 0 0 0 0 0 0 0 0 0 0 5.20088e+08 2.4347e+11 4.85142e+12 2.39183e+13 5.40993e+13 7.87717e+13 8.8441e+13 8.54312e+13 7.58083e+13 6.44185e+13 5.36901e+13 4.47942e+13 3.77351e+13 3.22808e+13 2.82324e+13 2.51308e+13 2.28833e+13 2.12968e+13 2.02363e+13 1.96411e+13 1.94282e+13 0 0 0 0 0 0 0 0 0 0 0 0 0 0 0 0 0 0 0 0 0 0 0 0 0 0 0 0 0 0 0 0 
0 0 0 0 0 0 0 0 0 0 0 0 2.24348e+07 7.59842e+10 2.95788e+12 2.19907e+13 6.53885e+13 1.14389e+14 1.4642e+14 1.55464e+14 1.47744e+14 1.31665e+14 1.14067e+14 9.76863e+13 8.39113e+13 7.28634e+13 6.4019e+13 5.74818e+13 5.24799e+13 4.89454e+13 4.65543e+13 4.52392e+13 4.4812e+13 0 0 0 0 0 0 0 0 0 0 0 0 0 0 0 0 0 0 0 0 0 0 0 0 0 0 0 0 0 0 0 0 
0 0 0 0 0 0 0 0 0 0 0 0 0 1.69853e+10 1.47476e+12 1.73179e+13 6.98788e+13 1.50817e+14 2.23581e+14 2.63845e+14 2.71095e+14 2.56383e+14 2.31669e+14 2.05101e+14 1.79747e+14 1.58743e+14 1.41208e+14 1.2778e+14 1.17545e+14 1.10019e+14 1.0507e+14 1.02202e+14 1.01072e+14 0 0 0 0 0 0 0 0 0 0 0 0 0 0 0 0 0 0 0 0 0 0 0 0 0 0 0 0 0 0 0 0 
0 0 0 0 0 0 0 0 0 0 0 0 0 2.42426e+09 5.90644e+11 1.15695e+13 6.56296e+13 1.78567e+14 3.12453e+14 4.15481e+14 4.66968e+14 4.72325e+14 4.48436e+14 4.10991e+14 3.71392e+14 3.34264e+14 3.02187e+14 2.76255e+14 2.55839e+14 2.40979e+14 2.30528e+14 2.24276e+14 2.22851e+14 0 0 0 0 0 0 0 0 0 0 0 0 0 0 0 0 0 0 0 0 0 0 0 0 0 0 0 0 0 0 0 0 
0 0 0 0 0 0 0 0 0 0 0 0 0 1.81139e+08 1.85709e+11 6.4951e+12 5.35526e+13 1.89282e+14 3.97832e+14 6.05497e+14 7.50198e+14 8.17266e+14 8.2182e+14 7.87226e+14 7.34551e+14 6.76728e+14 6.24148e+14 5.77825e+14 5.41275e+14 5.13975e+14 4.9396e+14 4.81118e+14 4.77212e+14 0 0 0 0 0 0 0 0 0 0 0 0 0 0 0 0 0 0 0 0 0 0 0 0 0 0 0 0 0 0 0 0 
0 0 0 0 0 0 0 0 0 0 0 0 0 5.39849e+06 4.37038e+10 3.02793e+12 3.7728e+13 1.77784e+14 4.5859e+14 8.09399e+14 1.11988e+15 1.32686e+15 1.42067e+15 1.42744e+15 1.38441e+15 1.31417e+15 1.23773e+15 1.16565e+15 1.10572e+15 1.05708e+15 1.02051e+15 1.00027e+15 9.93989e+14 0 0 0 0 0 0 0 0 0 0 0 0 0 0 0 0 0 0 0 0 0 0 0 0 0 0 0 0 0 0 0 0 
0 0 0 0 0 0 0 0 0 0 0 0 0 0 7.12134e+09 1.15826e+12 2.27755e+13 1.47097e+14 4.74915e+14 9.88458e+14 1.54804e+15 2.01051e+15 2.31292e+15 2.45846e+15 2.4839e+15 2.4375e+15 2.35393e+15 2.26292e+15 2.17041e+15 2.09742e+15 2.04387e+15 2.00955e+15 1.99741e+15 0 0 0 0 0 0 0 0 0 0 0 0 0 0 0 0 0 0 0 0 0 0 0 0 0 0 0 0 0 0 0 0 
0 0 0 0 0 0 0 0 0 0 0 0 0 0 6.92524e+08 3.553e+11 1.16758e+13 1.06267e+14 4.4017e+14 1.09788e+15 1.96657e+15 2.83232e+15 3.52328e+15 3.98039e+15 4.22001e+15 4.29686e+15 4.27326e+15 4.19157e+15 4.09087e+15 3.99859e+15 3.92566e+15 3.88258e+15 3.86147e+15 0 0 0 0 0 0 0 0 0 0 0 0 0 0 0 0 0 0 0 0 0 0 0 0 0 0 0 0 0 0 0 0 
0 0 0 0 0 0 0 0 0 0 0 0 0 0 3.32701e+07 8.42829e+10 5.0418e+12 6.67397e+13 3.62117e+14 1.10143e+15 2.29002e+15 3.68948e+15 5.00988e+15 6.05663e+15 6.77045e+15 7.18717e+15 7.37593e+15 7.42113e+15 7.38717e+15 7.31229e+15 7.24184e+15 7.19221e+15 7.18511e+15 0 0 0 0 0 0 0 0 0 0 0 0 0 0 0 0 0 0 0 0 0 0 0 0 0 0 0 0 0 0 0 0 
0 0 0 0 0 0 0 0 0 0 0 0 0 0 742181 1.44468e+10 1.81072e+12 3.61906e+13 2.63237e+14 9.9336e+14 2.42962e+15 4.429e+15 6.61912e+15 8.62315e+15 1.02096e+16 1.13546e+16 1.20766e+16 1.24899e+16 1.26992e+16 1.2766e+16 1.2784e+16 1.27873e+16 1.27768e+16 0 0 0 0 0 0 0 0 0 0 0 0 0 0 0 0 0 0 0 0 0 0 0 0 0 0 0 0 0 0 0 0 
0 0 0 0 0 0 0 0 0 0 0 0 0 0 0 1.58945e+09 5.31491e+11 1.68588e+13 1.67937e+14 8.02768e+14 2.34133e+15 4.88771e+15 8.09609e+15 1.14302e+16 1.44458e+16 1.68723e+16 1.86905e+16 1.99283e+16 2.07069e+16 2.1188e+16 2.14837e+16 2.16034e+16 2.16217e+16 0 0 0 0 0 0 0 0 0 0 0 0 0 0 0 0 0 0 0 0 0 0 0 0 0 0 0 0 0 0 0 0 
0 0 0 0 0 0 0 0 0 0 0 0 0 0 0 9.35356e+07 1.22508e+11 6.68614e+12 9.36334e+13 5.76193e+14 2.0347e+15 4.91963e+15 9.12747e+15 1.40834e+16 1.90784e+16 2.35461e+16 2.71899e+16 2.99914e+16 3.20346e+16 3.34821e+16 3.43186e+16 3.47607e+16 3.49359e+16 0 0 0 0 0 0 0 0 0 0 0 0 0 0 0 0 0 0 0 0 0 0 0 0 0 0 0 0 0 0 0 0 
0 0 0 0 0 0 0 0 0 0 0 0 0 0 0 2.96699e+06 2.09436e+10 2.22349e+12 4.54717e+13 3.66651e+14 1.59157e+15 4.50306e+15 9.45835e+15 1.6061e+16 2.3465e+16 3.07506e+16 3.72579e+16 4.26737e+16 4.68161e+16 4.98482e+16 5.18356e+16 5.30417e+16 5.34077e+16 0 0 0 0 0 0 0 0 0 0 0 0 0 0 0 0 0 0 0 0 0 0 0 0 0 0 0 0 0 0 0 0 
0 0 0 0 0 0 0 0 0 0 0 0 0 0 0 57403.2 2.38593e+09 6.09898e+11 1.91026e+13 2.05971e+14 1.11568e+15 3.74201e+15 8.9687e+15 1.69138e+16 2.67995e+16 3.74516e+16 4.77722e+16 5.689e+16 6.44461e+16 7.01523e+16 7.41685e+16 7.65108e+16 7.72989e+16 0 0 0 0 0 0 0 0 0 0 0 0 0 0 0 0 0 0 0 0 0 0 0 0 0 0 0 0 0 0 0 0 
0 0 0 0 0 0 0 0 0 0 0 0 0 0 0 0 1.47687e+08 1.33281e+11 6.87685e+12 1.01685e+14 6.96795e+14 2.80942e+15 7.75678e+15 1.63528e+16 2.83167e+16 4.24754e+16 5.72286e+16 7.11384e+16 8.32359e+16 9.28148e+16 9.98031e+16 1.03968e+17 1.05355e+17 0 0 0 0 0 0 0 0 0 0 0 0 0 0 0 0 0 0 0 0 0 0 0 0 0 0 0 0 0 0 0 0 
0 0 0 0 0 0 0 0 0 0 0 0 0 0 0 0 5.31956e+06 2.16315e+10 2.0911e+12 4.39546e+13 3.87434e+14 1.89439e+15 6.09858e+15 1.44899e+16 2.76123e+16 4.46167e+16 6.38092e+16 8.30912e+16 1.00707e+17 1.15473e+17 1.26375e+17 1.33048e+17 1.35222e+17 0 0 0 0 0 0 0 0 0 0 0 0 0 0 0 0 0 0 0 0 0 0 0 0 0 0 0 0 0 0 0 0 
0 0 0 0 0 0 0 0 0 0 0 0 0 0 0 0 109850 2.36089e+09 5.26059e+11 1.65339e+13 1.90581e+14 1.14687e+15 4.3403e+15 1.17365e+16 2.47299e+16 4.33432e+16 6.60083e+16 9.03772e+16 1.13874e+17 1.34181e+17 1.49734e+17 1.5947e+17 1.62927e+17 0 0 0 0 0 0 0 0 0 0 0 0 0 0 0 0 0 0 0 0 0 0 0 0 0 0 0 0 0 0 0 0 
0 0 0 0 0 0 0 0 0 0 0 0 0 0 0 0 2120.18 1.40299e+08 1.05214e+11 5.33243e+12 8.28674e+13 6.21248e+14 2.7957e+15 8.64932e+15 2.03355e+16 3.88271e+16 6.33027e+16 9.14736e+16 1.20065e+17 1.45918e+17 1.66379e+17 1.79262e+17 1.83669e+17 0 0 0 0 0 0 0 0 0 0 0 0 0 0 0 0 0 0 0 0 0 0 0 0 0 0 0 0 0 0 0 0 
0 0 0 0 0 0 0 0 0 0 0 0 0 0 0 0 0 4.54958e+06 1.56134e+10 1.46088e+12 3.16949e+13 2.99991e+14 1.61774e+15 5.79487e+15 1.52773e+16 3.19898e+16 5.6139e+16 8.58053e+16 1.1762e+17 1.47619e+17 1.71985e+17 1.87966e+17 1.93215e+17 0 0 0 0 0 0 0 0 0 0 0 0 0 0 0 0 0 0 0 0 0 0 0 0 0 0 0 0 0 0 0 0 
0 0 0 0 0 0 0 0 0 0 0 0 0 0 0 0 0 91358.5 1.52098e+09 3.28274e+11 1.05405e+13 1.28776e+14 8.43005e+14 3.5176e+15 1.0474e+16 2.41629e+16 4.58173e+16 7.44512e+16 1.0697e+17 1.38888e+17 1.65705e+17 1.83545e+17 1.90019e+17 0 0 0 0 0 0 0 0 0 0 0 0 0 0 0 0 0 0 0 0 0 0 0 0 0 0 0 0 0 0 0 0 
0 0 0 0 0 0 0 0 0 0 0 0 0 0 0 0 0 0 7.51661e+07 5.83568e+10 3.01296e+12 4.90072e+13 3.93642e+14 1.92748e+15 6.53958e+15 1.67305e+16 3.4399e+16 5.96001e+16 8.99413e+16 1.21235e+17 1.48421e+17 1.66749e+17 1.73322e+17 0 0 0 0 0 0 0 0 0 0 0 0 0 0 0 0 0 0 0 0 0 0 0 0 0 0 0 0 0 0 0 0 
0 0 0 0 0 0 0 0 0 0 0 0 0 0 0 0 0 0 1.86059e+06 7.50121e+09 7.24323e+11 1.63893e+13 1.64379e+14 9.55473e+14 3.70248e+15 1.05643e+16 2.36874e+16 4.3921e+16 6.98839e+16 9.80018e+16 1.23099e+17 1.40624e+17 1.46774e+17 0 0 0 0 0 0 0 0 0 0 0 0 0 0 0 0 0 0 0 0 0 0 0 0 0 0 0 0 0 0 0 0 
0 0 0 0 0 0 0 0 0 0 0 0 0 0 0 0 0 0 2731.83 5.9576e+08 1.42337e+11 4.74944e+12 6.11843e+13 4.2529e+14 1.90462e+15 6.07746e+15 1.49251e+16 2.97621e+16 5.00466e+16 7.30377e+16 9.44752e+16 1.09657e+17 1.15085e+17 0 0 0 0 0 0 0 0 0 0 0 0 0 0 0 0 0 0 0 0 0 0 0 0 0 0 0 0 0 0 0 0 
0 0 0 0 0 0 0 0 0 0 0 0 0 0 0 0 0 0 0 2.08847e+07 2.14118e+10 1.17611e+12 2.00886e+13 1.70461e+14 8.84193e+14 3.18462e+15 8.61765e+15 1.85107e+16 3.29536e+16 5.02348e+16 6.69087e+16 7.90406e+16 8.35484e+16 0 0 0 0 0 0 0 0 0 0 0 0 0 0 0 0 0 0 0 0 0 0 0 0 0 0 0 0 0 0 0 0 
0 0 0 0 0 0 0 0 0 0 0 0 0 0 0 0 0 0 0 112958 2.22956e+09 2.43094e+11 5.77921e+12 6.09525e+13 3.72368e+14 1.51647e+15 4.52793e+15 1.05226e+16 1.99589e+16 3.18026e+16 4.37614e+16 5.26384e+16 5.59219e+16 0 0 0 0 0 0 0 0 0 0 0 0 0 0 0 0 0 0 0 0 0 0 0 0 0 0 0 0 0 0 0 0 
0 0 0 0 0 0 0 0 0 0 0 0 0 0 0 0 0 0 0 0 1.28221e+08 3.99559e+10 1.43327e+12 1.93181e+13 1.40499e+14 6.5497e+14 2.16956e+15 5.47489e+15 1.10664e+16 1.85058e+16 2.62776e+16 3.22367e+16 3.44895e+16 0 0 0 0 0 0 0 0 0 0 0 0 0 0 0 0 0 0 0 0 0 0 0 0 0 0 0 0 0 0 0 0 
0 0 0 0 0 0 0 0 0 0 0 0 0 0 0 0 0 0 0 0 1.68095e+06 4.82753e+09 3.00397e+11 5.39932e+12 4.76282e+13 2.56105e+14 9.47221e+14 2.60273e+15 5.61714e+15 9.87676e+15 1.45198e+16 1.81737e+16 1.95621e+16 0 0 0 0 0 0 0 0 0 0 0 0 0 0 0 0 0 0 0 0 0 0 0 0 0 0 0 0 0 0 0 0 
0 0 0 0 0 0 0 0 0 0 0 0 0 0 0 0 0 0 0 0 2999.18 3.68816e+08 5.14736e+10 1.31335e+12 1.43973e+13 9.02055e+13 3.74657e+14 1.12861e+15 2.60842e+15 4.82851e+15 7.36397e+15 9.41838e+15 1.01947e+16 0 0 0 0 0 0 0 0 0 0 0 0 0 0 0 0 0 0 0 0 0 0 0 0 0 0 0 0 0 0 0 0 
0 0 0 0 0 0 0 0 0 0 0 0 0 0 0 0 0 0 0 0 0 1.12449e+07 6.7469e+09 2.71929e+11 3.8306e+12 2.85854e+13 1.34883e+14 4.46744e+14 1.10887e+15 2.16509e+15 3.41903e+15 4.46831e+15 4.87861e+15 0 0 0 0 0 0 0 0 0 0 0 0 0 0 0 0 0 0 0 0 0 0 0 0 0 0 0 0 0 0 0 0 
0 0 0 0 0 0 0 0 0 0 0 0 0 0 0 0 0 0 0 0 0 79144 5.98884e+08 4.6857e+10 8.94704e+11 8.09983e+12 4.37178e+13 1.60164e+14 4.29504e+14 8.88551e+14 1.45903e+15 1.94892e+15 2.1469e+15 0 0 0 0 0 0 0 0 0 0 0 0 0 0 0 0 0 0 0 0 0 0 0 0 0 0 0 0 0 0 0 0 
0 0 0 0 0 0 0 0 0 0 0 0 0 0 0 0 0 0 0 0 0 0 2.62469e+07 6.38103e+09 1.79836e+11 2.02686e+12 1.27816e+13 5.2307e+13 1.52447e+14 3.32977e+14 5.70659e+14 7.7901e+14 8.64128e+14 0 0 0 0 0 0 0 0 0 0 0 0 0 0 0 0 0 0 0 0 0 0 0 0 0 0 0 0 0 0 0 0 
0 0 0 0 0 0 0 0 0 0 0 0 0 0 0 0 0 0 0 0 0 0 656807 6.13754e+08 3.02832e+10 4.46007e+11 3.33908e+12 1.54313e+13 4.89424e+13 1.14009e+14 2.0335e+14 2.85317e+14 3.18463e+14 0 0 0 0 0 0 0 0 0 0 0 0 0 0 0 0 0 0 0 0 0 0 0 0 0 0 0 0 0 0 0 0 
0 0 0 0 0 0 0 0 0 0 0 0 0 0 0 0 0 0 0 0 0 0 1959.84 3.13113e+07 4.10127e+09 8.54524e+10 7.76945e+11 4.0998e+12 1.43198e+13 3.56481e+13 6.63252e+13 9.57424e+13 1.07818e+14 0 0 0 0 0 0 0 0 0 0 0 0 0 0 0 0 0 0 0 0 0 0 0 0 0 0 0 0 0 0 0 0 
0 0 0 0 0 0 0 0 0 0 0 0 0 0 0 0 0 0 0 0 0 0 0 1.16511e+06 4.13842e+08 1.37804e+10 1.59136e+11 9.77431e+11 3.78797e+12 1.01462e+13 1.99046e+13 2.93749e+13 3.3407e+13 0 0 0 0 0 0 0 0 0 0 0 0 0 0 0 0 0 0 0 0 0 0 0 0 0 0 0 0 0 0 0 0 
0 0 0 0 0 0 0 0 0 0 0 0 0 0 0 0 0 0 0 0 0 0 0 25230.2 2.19144e+07 1.81512e+09 2.85484e+10 2.08913e+11 9.06803e+11 2.62904e+12 5.40718e+12 8.22982e+12 9.44063e+12 0 0 0 0 0 0 0 0 0 0 0 0 0 0 0 0 0 0 0 0 0 0 0 0 0 0 0 0 0 0 0 0 
0 0 0 0 0 0 0 0 0 0 0 0 0 0 0 0 0 0 0 0 0 0 0 0 971629 1.85118e+08 4.35632e+09 3.94567e+10 1.95499e+11 6.1819e+11 1.34821e+12 2.11248e+12 2.44914e+12 0 0 0 0 0 0 0 0 0 0 0 0 0 0 0 0 0 0 0 0 0 0 0 0 0 0 0 0 0 0 0 0 
0 0 0 0 0 0 0 0 0 0 0 0 0 0 0 0 0 0 0 0 0 0 0 0 25436.9 9.20683e+06 5.42477e+08 6.51141e+09 3.79101e+10 1.31952e+11 3.06092e+11 5.00123e+11 5.84727e+11 0 0 0 0 0 0 0 0 0 0 0 0 0 0 0 0 0 0 0 0 0 0 0 0 0 0 0 0 0 0 0 0 
0 0 0 0 0 0 0 0 0 0 0 0 0 0 0 0 0 0 0 0 0 0 0 0 473.45 401504 5.53146e+07 9.30971e+08 6.49907e+09 2.54952e+10 6.32349e+10 1.06804e+11 1.26997e+11 0 0 0 0 0 0 0 0 0 0 0 0 0 0 0 0 0 0 0 0 0 0 0 0 0 0 0 0 0 0 0 0 
0 0 0 0 0 0 0 0 0 0 0 0 0 0 0 0 0 0 0 0 0 0 0 0 0 11469.7 2.17337e+06 1.05716e+08 9.91576e+08 4.44943e+09 1.19123e+10 2.10833e+10 2.54103e+10 0 0 0 0 0 0 0 0 0 0 0 0 0 0 0 0 0 0 0 0 0 0 0 0 0 0 0 0 0 0 0 0 
0 0 0 0 0 0 0 0 0 0 0 0 0 0 0 0 0 0 0 0 0 0 0 0 0 0 86135.3 1.0822e+07 1.31467e+08 6.83986e+08 2.0652e+09 3.7976e+09 4.65129e+09 0 0 0 0 0 0 0 0 0 0 0 0 0 0 0 0 0 0 0 0 0 0 0 0 0 0 0 0 0 0 0 0 
0 0 0 0 0 0 0 0 0 0 0 0 0 0 0 0 0 0 0 0 0 0 0 0 0 0 0 280029 1.25697e+07 9.71852e+07 3.18759e+08 6.23656e+08 7.84079e+08 0 0 0 0 0 0 0 0 0 0 0 0 0 0 0 0 0 0 0 0 0 0 0 0 0 0 0 0 0 0 0 0 
0 0 0 0 0 0 0 0 0 0 0 0 0 0 0 0 0 0 0 0 0 0 0 0 0 0 0 0 1.57678e+06 1.16836e+07 4.33585e+07 9.64254e+07 1.1816e+08 0 0 0 0 0 0 0 0 0 0 0 0 0 0 0 0 0 0 0 0 0 0 0 0 0 0 0 0 0 0 0 0 
0 0 0 0 0 0 0 0 0 0 0 0 0 0 0 0 0 0 0 0 0 0 0 0 0 0 0 0 846.532 839617 6.01425e+06 1.26594e+07 1.70316e+07 0 0 0 0 0 0 0 0 0 0 0 0 0 0 0 0 0 0 0 0 0 0 0 0 0 0 0 0 0 0 0 0 
0 0 0 0 0 0 0 0 0 0 0 0 0 0 0 0 0 0 0 0 0 0 0 0 0 0 0 0 0 177912 661349 1.5066e+06 2.45355e+06 0 0 0 0 0 0 0 0 0 0 0 0 0 0 0 0 0 0 0 0 0 0 0 0 0 0 0 0 0 0 0 0 
0 0 0 0 0 0 0 0 0 0 0 0 0 0 0 0 0 0 0 0 0 0 0 0 0 0 0 0 0 0 18145 275791 187292 0 0 0 0 0 0 0 0 0 0 0 0 0 0 0 0 0 0 0 0 0 0 0 0 0 0 0 0 0 0 0 0 
0 0 0 0 0 0 0 0 0 0 0 0 0 0 0 0 0 0 0 0 0 0 0 0 0 0 0 0 0 0 19729.6 17470.9 44646.2 0 0 0 0 0 0 0 0 0 0 0 0 0 0 0 0 0 0 0 0 0 0 0 0 0 0 0 0 0 0 0 0 
0 0 0 0 0 0 0 0 0 0 0 0 0 0 0 0 0 0 0 0 0 0 0 0 0 0 0 0 0 0 0 0 8030.51 0 0 0 0 0 0 0 0 0 0 0 0 0 0 0 0 0 0 0 0 0 0 0 0 0 0 0 0 0 0 0 0 
0 0 0 0 0 0 0 0 0 0 0 0 0 0 0 0 0 0 0 0 0 0 0 0 0 0 0 0 0 0 0 1359.92 0 0 0 0 0 0 0 0 0 0 0 0 0 0 0 0 0 0 0 0 0 0 0 0 0 0 0 0 0 0 0 0 0 
0 0 0 0 0 0 0 0 0 0 0 0 0 0 0 0 0 0 0 0 0 0 0 0 0 0 0 0 0 0 0 0 0 0 0 0 0 0 0 0 0 0 0 0 0 0 0 0 0 0 0 0 0 0 0 0 0 0 0 0 0 0 0 0 0 
0 0 0 0 0 0 0 0 0 0 0 0 0 0 0 0 0 0 0 0 0 0 0 0 0 0 0 0 0 0 0 0 42.4976 0 0 0 0 0 0 0 0 0 0 0 0 0 0 0 0 0 0 0 0 0 0 0 0 0 0 0 0 0 0 0 0 
0 0 0 0 0 0 0 0 0 0 0 0 0 0 0 0 0 0 0 0 0 0 0 0 0 0 0 0 0 0 0 0 0 0 0 0 0 0 0 0 0 0 0 0 0 0 0 0 0 0 0 0 0 0 0 0 0 0 0 0 0 0 0 0 0 
0 0 0 0 0 0 0 0 0 0 0 0 0 0 0 0 0 0 0 0 0 0 0 0 0 0 0 0 0 0 0 0 0 0 0 0 0 0 0 0 0 0 0 0 0 0 0 0 0 0 0 0 0 0 0 0 0 0 0 0 0 0 0 0 0 
0 0 0 0 0 0 0 0 0 0 0 0 0 0 0 0 0 0 0 0 0 0 0 0 0 0 0 0 0 0 0 0 0 0 0 0 0 0 0 0 0 0 0 0 0 0 0 0 0 0 0 0 0 0 0 0 0 0 0 0 0 0 0 0 0 
0 0 0 0 0 0 0 0 0 0 0 0 0 0 0 0 0 0 0 0 0 0 0 0 0 0 0 0 0 0 0 0 0 0 0 0 0 0 0 0 0 0 0 0 0 0 0 0 0 0 0 0 0 0 0 0 0 0 0 0 0 0 0 0 0 
0 0 0 0 0 0 0 0 0 0 0 0 0 0 0 0 0 0 0 0 0 0 0 0 0 0 0 0 0 0 0 0 0 0 0 0 0 0 0 0 0 0 0 0 0 0 0 0 0 0 0 0 0 0 0 0 0 0 0 0 0 0 0 0 0 
0 0 0 0 0 0 0 0 0 0 0 0 0 0 0 0 0 0 0 0 0 0 0 0 0 0 0 0 0 0 0 0 0 0 0 0 0 0 0 0 0 0 0 0 0 0 0 0 0 0 0 0 0 0 0 0 0 0 0 0 0 0 0 0 0 
0 0 0 0 0 0 0 0 0 0 0 0 0 0 0 0 0 0 0 0 0 0 0 0 0 0 0 0 0 0 0 0 0 0 0 0 0 0 0 0 0 0 0 0 0 0 0 0 0 0 0 0 0 0 0 0 0 0 0 0 0 0 0 0 0 
0 0 0 0 0 0 0 0 0 0 0 0 0 0 0 0 0 0 0 0 0 0 0 0 0 0 0 0 0 0 0 0 0 0 0 0 0 0 0 0 0 0 0 0 0 0 0 0 0 0 0 0 0 0 0 0 0 0 0 0 0 0 0 0 0 
0 0 0 0 0 0 0 0 0 0 0 0 0 0 0 0 0 0 0 0 0 0 0 0 0 0 0 0 0 0 0 0 0 0 0 0 0 0 0 0 0 0 0 0 0 0 0 0 0 0 0 0 0 0 0 0 0 0 0 0 0 0 0 0 0 
0 0 0 0 0 0 0 0 0 0 0 0 0 0 0 0 0 0 0 0 0 0 0 0 0 0 0 0 0 0 0 0 0 0 0 0 0 0 0 0 0 0 0 0 0 0 0 0 0 0 0 0 0 0 0 0 0 0 0 0 0 0 0 0 0 
0 0 0 0 0 0 0 0 0 0 0 0 0 0 0 0 0 0 0 0 0 0 0 0 0 0 0 0 0 0 0 0 0 0 0 0 0 0 0 0 0 0 0 0 0 0 0 0 0 0 0 0 0 0 0 0 0 0 0 0 0 0 0 0 0 
0 0 0 0 0 0 0 0 0 0 0 0 0 0 0 0 0 0 0 0 0 0 0 0 0 0 0 0 0 0 0 0 0 0 0 0 0 0 0 0 0 0 0 0 0 0 0 0 0 0 0 0 0 0 0 0 0 0 0 0 0 0 0 0 0 
0 0 0 0 0 0 0 0 0 0 0 0 0 0 0 0 0 0 0 0 0 0 0 0 0 0 0 0 0 0 0 0 0 0 0 0 0 0 0 0 0 0 0 0 0 0 0 0 0 0 0 0 0 0 0 0 0 0 0 0 0 0 0 0 0 
0 0 0 0 0 0 0 0 0 0 0 0 0 0 0 0 0 0 0 0 0 0 0 0 0 0 0 0 0 0 0 0 0 0 0 0 0 0 0 0 0 0 0 0 0 0 0 0 0 0 0 0 0 0 0 0 0 0 0 0 0 0 0 0 0 
0 0 0 0 0 0 0 0 0 0 0 0 0 0 0 0 0 0 0 0 0 0 0 0 0 0 0 0 0 0 0 0 0 0 0 0 0 0 0 0 0 0 0 0 0 0 0 0 0 0 0 0 0 0 0 0 0 0 0 0 0 0 0 0 0 
0 0 0 0 0 0 0 0 0 0 0 0 0 0 0 0 0 0 0 0 0 0 0 0 0 0 0 0 0 0 0 0 0 0 0 0 0 0 0 0 0 0 0 0 0 0 0 0 0 0 0 0 0 0 0 0 0 0 0 0 0 0 0 0 0 
0 0 0 0 0 0 0 0 0 0 0 0 0 0 0 0 0 0 0 0 0 0 0 0 0 0 0 0 0 0 0 0 0 0 0 0 0 0 0 0 0 0 0 0 0 0 0 0 0 0 0 0 0 0 0 0 0 0 0 0 0 0 0 0 0 
0 0 0 0 0 0 0 0 0 0 0 0 0 0 0 0 0 0 0 0 0 0 0 0 0 0 0 0 0 0 0 0 0 0 0 0 0 0 0 0 0 0 0 0 0 0 0 0 0 0 0 0 0 0 0 0 0 0 0 0 0 0 0 0 0 
0 0 0 0 0 0 0 0 0 0 0 0 0 0 0 0 0 0 0 0 0 0 0 0 0 0 0 0 0 0 0 0 0 0 0 0 0 0 0 0 0 0 0 0 0 0 0 0 0 0 0 0 0 0 0 0 0 0 0 0 0 0 0 0 0 
0 0 0 0 0 0 0 0 0 0 0 0 0 0 0 0 0 0 0 0 0 0 0 0 0 0 0 0 0 0 0 0 0 0 0 0 0 0 0 0 0 0 0 0 0 0 0 0 0 0 0 0 0 0 0 0 0 0 0 0 0 0 0 0 0 
0 0 0 0 0 0 0 0 0 0 0 0 0 0 0 0 0 0 0 0 0 0 0 0 0 0 0 0 0 0 0 0 0 0 0 0 0 0 0 0 0 0 0 0 0 0 0 0 0 0 0 0 0 0 0 0 0 0 0 0 0 0 0 0 0 
0 0 0 0 0 0 0 0 0 0 0 0 0 0 0 0 0 0 0 0 0 0 0 0 0 0 0 0 0 0 0 0 0 0 0 0 0 0 0 0 0 0 0 0 0 0 0 0 0 0 0 0 0 0 0 0 0 0 0 0 0 0 0 0 0 
0 0 0 0 0 0 0 0 0 0 0 0 0 0 0 0 0 0 0 0 0 0 0 0 0 0 0 0 0 0 0 0 0 0 0 0 0 0 0 0 0 0 0 0 0 0 0 0 0 0 0 0 0 0 0 0 0 0 0 0 0 0 0 0 0 
0 0 0 0 0 0 0 0 0 0 0 0 0 0 0 0 0 0 0 0 0 0 0 0 0 0 0 0 0 0 0 0 0 0 0 0 0 0 0 0 0 0 0 0 0 0 0 0 0 0 0 0 0 0 0 0 0 0 0 0 0 0 0 0 0 
0 0 0 0 0 0 0 0 0 0 0 0 0 0 0 0 0 0 0 0 0 0 0 0 0 0 0 0 0 0 0 0 0 0 0 0 0 0 0 0 0 0 0 0 0 0 0 0 0 0 0 0 0 0 0 0 0 0 0 0 0 0 0 0 0 
0 0 0 0 0 0 0 0 0 0 0 0 0 0 0 0 0 0 0 0 0 0 0 0 0 0 0 0 0 0 0 0 0 0 0 0 0 0 0 0 0 0 0 0 0 0 0 0 0 0 0 0 0 0 0 0 0 0 0 0 0 0 0 0 0 
0 0 0 0 0 0 0 0 0 0 0 0 0 0 0 0 0 0 0 0 0 0 0 0 0 0 0 0 0 0 0 0 0 0 0 0 0 0 0 0 0 0 0 0 0 0 0 0 0 0 0 0 0 0 0 0 0 0 0 0 0 0 0 0 0 
0 0 0 0 0 0 0 0 0 0 0 0 0 0 0 0 0 0 0 0 0 0 0 0 0 0 0 0 0 0 0 0 0 0 0 0 0 0 0 0 0 0 0 0 0 0 0 0 0 0 0 0 0 0 0 0 0 0 0 0 0 0 0 0 0 
0 0 0 0 0 0 0 0 0 0 0 0 0 0 0 0 0 0 0 0 0 0 0 0 0 0 0 0 0 0 0 0 0 0 0 0 0 0 0 0 0 0 0 0 0 0 0 0 0 0 0 0 0 0 0 0 0 0 0 0 0 0 0 0 0 
0 0 0 0 0 0 0 0 0 0 0 0 0 0 0 0 0 0 0 0 0 0 0 0 0 0 0 0 0 0 0 0 0 0 0 0 0 0 0 0 0 0 0 0 0 0 0 0 0 0 0 0 0 0 0 0 0 0 0 0 0 0 0 0 0 
0 0 0 0 0 0 0 0 0 0 0 0 0 0 0 0 0 0 0 0 0 0 0 0 0 0 0 0 0 0 0 0 0 0 0 0 0 0 0 0 0 0 0 0 0 0 0 0 0 0 0 0 0 0 0 0 0 0 0 0 0 0 0 0 0 
0 0 0 0 0 0 0 0 0 0 0 0 0 0 0 0 0 0 0 0 0 0 0 0 0 0 0 0 0 0 0 0 0 0 0 0 0 0 0 0 0 0 0 0 0 0 0 0 0 0 0 0 0 0 0 0 0 0 0 0 0 0 0 0 0 
