1 0 0 0 0 0 0 0 0 0 0 0 0 0 0 0 0 0 0 0 0 0 0 0 0 0 0 0 0 0 0 0 0 0 0 0 0 0 0 0 0 0 0 0 0 0 0 0 0 0 0 0 0 0 0 0 0 0 0 0 0 0 0 0 0 
0 0 0 0 0 0 0 0 0 0 0 0 0 0 0 0 0 0 0 0 0 0 0 0 0 0 0 0 0 0 0 0 0 0 0 0 0 0 0 0 0 0 0 0 0 0 0 0 0 0 0 0 0 0 0 0 0 0 0 0 0 0 0 0 0 
0 64 0 0 0 0 0 0 0 0 0 0 0 0 0 0 0 0 0 0 0 0 0 0 0 0 0 0 0 0 0 0 0 0 0 0 0 0 0 0 0 0 0 0 0 0 0 0 0 0 0 0 0 0 0 0 0 0 0 0 0 0 0 0 0 
0 0 128 0 0 0 0 0 0 0 0 0 0 0 0 0 0 0 0 0 0 0 0 0 0 0 0 0 0 0 0 0 0 0 0 0 0 0 0 0 0 0 0 0 0 0 0 0 0 0 0 0 0 0 0 0 0 0 0 0 0 0 0 0 0 
0 0 1888 399.295 66.1881 0 0 0 0 0 0 0 0 0 0 0 0 0 0 0 0 0 0 0 0 0 0 0 0 0 0 0 0 0 0 0 0 0 0 0 0 0 0 0 0 0 0 0 0 0 0 0 0 0 0 0 0 0 0 0 0 0 0 0 0 
0 0 0 7150.07 1183.8 573.45 147.62 0 0 0 0 0 0 0 0 0 0 0 0 0 0 0 0 0 0 0 0 0 0 0 0 0 0 0 0 0 0 0 0 0 0 0 0 0 0 0 0 0 0 0 0 0 0 0 0 0 0 0 0 0 0 0 0 0 0 
0 0 0 34114.6 27797.7 7035.31 2616.83 1538.91 354.431 68.4999 0 0 0 0 0 0 0 0 0 0 0 0 0 0 0 0 0 0 0 0 0 0 0 0 0 0 0 0 0 0 0 0 0 0 0 0 0 0 0 0 0 0 0 0 0 0 0 0 0 0 0 0 0 0 0 
0 0 0 0 183180 100803 44384.2 17330.2 8963.47 4812.1 2125.21 501.817 96.1703 0 0 0 0 0 0 0 0 0 0 0 0 0 0 0 0 0 0 0 0 0 0 0 0 0 0 0 0 0 0 0 0 0 0 0 0 0 0 0 0 0 0 0 0 0 0 0 0 0 0 0 0 
0 0 0 0 423149 831008 418171 226479 122485 58680.9 33847.7 19145.9 9474.45 4294.98 1214.05 437.845 82.4821 0 0 0 0 0 0 0 14.2893 0 0 0 0 0 0 0 19.1442 0 0 0 0 0 0 0 0 0 0 0 0 0 0 0 0 0 0 0 0 0 0 0 0 0 0 0 0 0 0 0 0 
0 0 0 0 0 2.851e+06 3.36983e+06 2.01587e+06 1.2002e+06 732992 437875 260379 162474 90591.6 54646.3 28432 16030.1 6533.89 2097.63 743.773 237.559 240.268 219.399 272.509 0 222.521 164.338 217.669 251.827 216.281 257.993 263.901 0 0 0 0 0 0 0 0 0 0 0 0 0 0 0 0 0 0 0 0 0 0 0 0 0 0 0 0 0 0 0 0 0 
0 0 0 0 0 3.8341e+06 1.45729e+07 1.34436e+07 9.69231e+06 6.25783e+06 4.06501e+06 2.78126e+06 1.78097e+06 1.16624e+06 831232 513952 319958 203382 131780 66485.5 41388.8 20347.6 13778.5 11706.2 10462.3 8809.88 8242.48 7876.96 9421.06 11407.9 10173.8 9164.21 11339.6 0 0 0 0 0 0 0 0 0 0 0 0 0 0 0 0 0 0 0 0 0 0 0 0 0 0 0 0 0 0 0 0 
0 0 0 0 0 0 3.03361e+07 6.46956e+07 5.7921e+07 4.41148e+07 3.18996e+07 2.29115e+07 1.63068e+07 1.17376e+07 8.21213e+06 6.14955e+06 4.31611e+06 3.29576e+06 2.39973e+06 1.5777e+06 1.0139e+06 726843 508977 354192 264479 247113 229780 230163 214089 219706 232497 219758 213914 0 0 0 0 0 0 0 0 0 0 0 0 0 0 0 0 0 0 0 0 0 0 0 0 0 0 0 0 0 0 0 0 
0 0 0 0 0 0 2.62302e+07 1.68037e+08 2.65018e+08 2.52381e+08 2.01965e+08 1.59329e+08 1.20447e+08 9.52247e+07 7.30769e+07 5.40674e+07 4.21326e+07 3.21934e+07 2.46603e+07 1.78164e+07 1.37016e+07 1.06023e+07 8.32819e+06 6.47893e+06 5.9187e+06 4.92963e+06 4.14912e+06 3.74813e+06 3.41761e+06 3.59956e+06 3.20217e+06 3.18094e+06 3.16891e+06 0 0 0 0 0 0 0 0 0 0 0 0 0 0 0 0 0 0 0 0 0 0 0 0 0 0 0 0 0 0 0 0 
0 0 0 0 0 0 0 2.33473e+08 7.88148e+08 1.07587e+09 1.06097e+09 9.3095e+08 7.86884e+08 6.15944e+08 5.14939e+08 4.03533e+08 3.31466e+08 2.74294e+08 2.07382e+08 1.65452e+08 1.32361e+08 1.09662e+08 9.18959e+07 7.7123e+07 6.68152e+07 5.51114e+07 5.34379e+07 4.70402e+07 4.4463e+07 4.0915e+07 3.75261e+07 3.82014e+07 3.72166e+07 0 0 0 0 0 0 0 0 0 0 0 0 0 0 0 0 0 0 0 0 0 0 0 0 0 0 0 0 0 0 0 0 
0 0 0 0 0 0 0 1.39305e+08 1.37773e+09 3.31111e+09 4.33056e+09 4.31737e+09 4.0553e+09 3.51684e+09 3.12925e+09 2.64865e+09 2.19705e+09 1.86736e+09 1.5368e+09 1.3184e+09 1.09556e+09 9.40832e+08 7.95712e+08 7.12805e+08 6.37073e+08 5.88612e+08 5.05637e+08 4.63901e+08 4.17842e+08 4.18058e+08 4.24773e+08 3.86405e+08 3.7383e+08 0 0 0 0 0 0 0 0 0 0 0 0 0 0 0 0 0 0 0 0 0 0 0 0 0 0 0 0 0 0 0 0 
0 0 0 0 0 0 0 0 1.33957e+09 6.66737e+09 1.31982e+10 1.70497e+10 1.75524e+10 1.73194e+10 1.58964e+10 1.41902e+10 1.28115e+10 1.09365e+10 9.68378e+09 8.54571e+09 7.28614e+09 6.73248e+09 6.15281e+09 5.17952e+09 4.61608e+09 4.4504e+09 3.81815e+09 3.54935e+09 3.30973e+09 3.32413e+09 3.18876e+09 3.19976e+09 3.19762e+09 0 0 0 0 0 0 0 0 0 0 0 0 0 0 0 0 0 0 0 0 0 0 0 0 0 0 0 0 0 0 0 0 
0 0 0 0 0 0 0 0 5.86756e+08 8.28079e+09 2.82352e+10 5.08337e+10 6.5508e+10 7.10555e+10 6.9983e+10 6.83505e+10 6.35772e+10 5.8117e+10 5.25383e+10 4.73408e+10 4.45218e+10 4.00456e+10 3.63603e+10 3.52788e+10 3.13738e+10 2.94208e+10 2.65756e+10 2.46747e+10 2.40064e+10 2.37083e+10 2.27817e+10 2.13972e+10 2.15096e+10 0 0 0 0 0 0 0 0 0 0 0 0 0 0 0 0 0 0 0 0 0 0 0 0 0 0 0 0 0 0 0 0 
0 0 0 0 0 0 0 0 0 5.93802e+09 4.11242e+10 1.11221e+11 1.87555e+11 2.41024e+11 2.74737e+11 2.86466e+11 2.85537e+11 2.74505e+11 2.70181e+11 2.53455e+11 2.34099e+11 2.18697e+11 2.0434e+11 1.91663e+11 1.82287e+11 1.67235e+11 1.57056e+11 1.53798e+11 1.46273e+11 1.425e+11 1.3782e+11 1.39556e+11 1.3248e+11 0 0 0 0 0 0 0 0 0 0 0 0 0 0 0 0 0 0 0 0 0 0 0 0 0 0 0 0 0 0 0 0 
0 0 0 0 0 0 0 0 0 1.96388e+09 3.74934e+10 1.74171e+11 4.11257e+11 6.65403e+11 8.73701e+11 1.01016e+12 1.09179e+12 1.14351e+12 1.12851e+12 1.12147e+12 1.10149e+12 1.05139e+12 1.01086e+12 9.83265e+11 9.44111e+11 8.88893e+11 8.53486e+11 8.32999e+11 7.96766e+11 7.77172e+11 7.58293e+11 7.3264e+11 7.40705e+11 0 0 0 0 0 0 0 0 0 0 0 0 0 0 0 0 0 0 0 0 0 0 0 0 0 0 0 0 0 0 0 0 
0 0 0 0 0 0 0 0 0 0 2.04812e+10 1.86299e+11 6.71201e+11 1.4582e+12 2.29673e+12 3.05686e+12 3.64652e+12 4.08081e+12 4.32244e+12 4.43006e+12 4.48584e+12 4.55507e+12 4.49793e+12 4.3931e+12 4.28844e+12 4.22043e+12 4.12728e+12 4.02763e+12 3.98408e+12 3.81729e+12 3.73328e+12 3.77197e+12 3.86651e+12 0 0 0 0 0 0 0 0 0 0 0 0 0 0 0 0 0 0 0 0 0 0 0 0 0 0 0 0 0 0 0 0 
0 0 0 0 0 0 0 0 0 0 5.31111e+09 1.31155e+11 7.864e+11 2.38981e+12 4.8465e+12 7.67288e+12 1.04047e+13 1.26389e+13 1.439e+13 1.58137e+13 1.66684e+13 1.71499e+13 1.75193e+13 1.7917e+13 1.79407e+13 1.76761e+13 1.74825e+13 1.7256e+13 1.72475e+13 1.696e+13 1.70249e+13 1.6919e+13 1.72536e+13 0 0 0 0 0 0 0 0 0 0 0 0 0 0 0 0 0 0 0 0 0 0 0 0 0 0 0 0 0 0 0 0 
0 0 0 0 0 0 0 0 0 0 0 5.58141e+10 6.42286e+11 2.93346e+12 7.99844e+12 1.53876e+13 2.42615e+13 3.31067e+13 4.14555e+13 4.84928e+13 5.41306e+13 5.91736e+13 6.26124e+13 6.46641e+13 6.69415e+13 6.77853e+13 6.90018e+13 6.83547e+13 6.81704e+13 6.84771e+13 6.8831e+13 7.02024e+13 6.94883e+13 0 0 0 0 0 0 0 0 0 0 0 0 0 0 0 0 0 0 0 0 0 0 0 0 0 0 0 0 0 0 0 0 
0 0 0 0 0 0 0 0 0 0 0 1.16187e+10 3.54461e+11 2.65309e+12 1.0029e+13 2.5058e+13 4.69315e+13 7.36519e+13 1.02058e+14 1.28944e+14 1.55212e+14 1.75182e+14 1.93228e+14 2.10787e+14 2.23577e+14 2.30795e+14 2.39481e+14 2.46479e+14 2.46182e+14 2.50303e+14 2.51274e+14 2.57228e+14 2.54143e+14 0 0 0 0 0 0 0 0 0 0 0 0 0 0 0 0 0 0 0 0 0 0 0 0 0 0 0 0 0 0 0 0 
0 0 0 0 0 0 0 0 0 0 0 0 1.22253e+11 1.69886e+12 9.50496e+12 3.16533e+13 7.38353e+13 1.36232e+14 2.13416e+14 3.00631e+14 3.81457e+14 4.69133e+14 5.44569e+14 6.12523e+14 6.6543e+14 7.13468e+14 7.42826e+14 7.75904e+14 8.09575e+14 8.39529e+14 8.59297e+14 8.33023e+14 8.62744e+14 0 0 0 0 0 0 0 0 0 0 0 0 0 0 0 0 0 0 0 0 0 0 0 0 0 0 0 0 0 0 0 0 
0 0 0 0 0 0 0 0 0 0 0 0 2.07622e+10 7.59606e+11 6.80046e+12 3.09632e+13 9.269e+13 2.06771e+14 3.735e+14 5.8658e+14 8.30503e+14 1.07724e+15 1.32361e+15 1.56037e+15 1.78969e+15 1.97474e+15 2.15171e+15 2.29065e+15 2.39322e+15 2.44503e+15 2.50111e+15 2.57875e+15 2.54909e+15 0 0 0 0 0 0 0 0 0 0 0 0 0 0 0 0 0 0 0 0 0 0 0 0 0 0 0 0 0 0 0 0 
0 0 0 0 0 0 0 0 0 0 0 0 0 2.14538e+11 3.51913e+12 2.31527e+13 9.13082e+13 2.51651e+14 5.38148e+14 9.56733e+14 1.50899e+15 2.14883e+15 2.83607e+15 3.50628e+15 4.19789e+15 4.83314e+15 5.35195e+15 5.8172e+15 6.20896e+15 6.57554e+15 6.70487e+15 6.89126e+15 6.92619e+15 0 0 0 0 0 0 0 0 0 0 0 0 0 0 0 0 0 0 0 0 0 0 0 0 0 0 0 0 0 0 0 0 
0 0 0 0 0 0 0 0 0 0 0 0 0 3.02542e+10 1.28393e+12 1.33811e+13 7.08848e+13 2.45719e+14 6.42196e+14 1.33318e+15 2.34579e+15 3.6409e+15 5.2243e+15 6.96427e+15 8.63113e+15 1.03397e+16 1.19722e+16 1.33493e+16 1.46113e+16 1.53593e+16 1.63148e+16 1.66677e+16 1.68423e+16 0 0 0 0 0 0 0 0 0 0 0 0 0 0 0 0 0 0 0 0 0 0 0 0 0 0 0 0 0 0 0 0 
0 0 0 0 0 0 0 0 0 0 0 0 0 0 3.02107e+11 5.71649e+12 4.33563e+13 1.96576e+14 6.1654e+14 1.51029e+15 3.04308e+15 5.30912e+15 8.22338e+15 1.17141e+16 1.55853e+16 1.96191e+16 2.35219e+16 2.7092e+16 3.0344e+16 3.31376e+16 3.49221e+16 3.6282e+16 3.66304e+16 0 0 0 0 0 0 0 0 0 0 0 0 0 0 0 0 0 0 0 0 0 0 0 0 0 0 0 0 0 0 0 0 
0 0 0 0 0 0 0 0 0 0 0 0 0 0 3.63802e+10 1.71238e+12 2.03099e+13 1.23011e+14 4.86291e+14 1.42078e+15 3.29218e+15 6.50687e+15 1.10726e+16 1.70787e+16 2.42915e+16 3.21273e+16 4.03561e+16 4.83165e+16 5.53412e+16 6.17395e+16 6.63536e+16 6.8649e+16 7.01816e+16 0 0 0 0 0 0 0 0 0 0 0 0 0 0 0 0 0 0 0 0 0 0 0 0 0 0 0 0 0 0 0 0 
0 0 0 0 0 0 0 0 0 0 0 0 0 0 0 3.46316e+11 7.23385e+12 6.11823e+13 3.10584e+14 1.09777e+15 3.02077e+15 6.64111e+15 1.27229e+16 2.14706e+16 3.27683e+16 4.6079e+16 6.04526e+16 7.54122e+16 8.94038e+16 1.00993e+17 1.09974e+17 1.15947e+17 1.17621e+17 0 0 0 0 0 0 0 0 0 0 0 0 0 0 0 0 0 0 0 0 0 0 0 0 0 0 0 0 0 0 0 0 
0 0 0 0 0 0 0 0 0 0 0 0 0 0 0 3.59028e+10 1.85716e+12 2.41581e+13 1.60812e+14 7.06466e+14 2.26455e+15 5.86985e+15 1.25317e+16 2.30422e+16 3.79242e+16 5.70401e+16 7.9383e+16 1.02231e+17 1.2514e+17 1.45402e+17 1.61646e+17 1.72986e+17 1.75245e+17 0 0 0 0 0 0 0 0 0 0 0 0 0 0 0 0 0 0 0 0 0 0 0 0 0 0 0 0 0 0 0 0 
0 0 0 0 0 0 0 0 0 0 0 0 0 0 0 0 3.21333e+11 7.23857e+12 6.70781e+13 3.70078e+14 1.43673e+15 4.23509e+15 1.03634e+16 2.11959e+16 3.81434e+16 6.11041e+16 8.95087e+16 1.21881e+17 1.54531e+17 1.84947e+17 2.08526e+17 2.22975e+17 2.29588e+17 0 0 0 0 0 0 0 0 0 0 0 0 0 0 0 0 0 0 0 0 0 0 0 0 0 0 0 0 0 0 0 0 
0 0 0 0 0 0 0 0 0 0 0 0 0 0 0 0 2.9583e+10 1.60114e+12 2.23883e+13 1.60649e+14 7.59433e+14 2.65473e+15 7.17928e+15 1.66461e+16 3.2356e+16 5.61993e+16 8.7513e+16 1.24874e+17 1.64479e+17 2.01564e+17 2.3269e+17 2.52991e+17 2.61216e+17 0 0 0 0 0 0 0 0 0 0 0 0 0 0 0 0 0 0 0 0 0 0 0 0 0 0 0 0 0 0 0 0 
0 0 0 0 0 0 0 0 0 0 0 0 0 0 0 0 0 2.44229e+11 5.76417e+12 5.68885e+13 3.33581e+14 1.3706e+15 4.3173e+15 1.09903e+16 2.39651e+16 4.46524e+16 7.39156e+16 1.11159e+17 1.52209e+17 1.93288e+17 2.28676e+17 2.52646e+17 2.59503e+17 0 0 0 0 0 0 0 0 0 0 0 0 0 0 0 0 0 0 0 0 0 0 0 0 0 0 0 0 0 0 0 0 
0 0 0 0 0 0 0 0 0 0 0 0 0 0 0 0 0 2.02368e+10 1.11764e+12 1.63435e+13 1.21799e+14 6.03492e+14 2.24043e+15 6.3755e+15 1.51239e+16 3.08584e+16 5.49403e+16 8.64364e+16 1.24651e+17 1.63025e+17 1.96226e+17 2.1931e+17 2.27036e+17 0 0 0 0 0 0 0 0 0 0 0 0 0 0 0 0 0 0 0 0 0 0 0 0 0 0 0 0 0 0 0 0 
0 0 0 0 0 0 0 0 0 0 0 0 0 0 0 0 0 0 1.52996e+11 3.66915e+12 3.73721e+13 2.27681e+14 9.65763e+14 3.17147e+15 8.33565e+15 1.83931e+16 3.53174e+16 5.94383e+16 8.78045e+16 1.19177e+17 1.47239e+17 1.66241e+17 1.73747e+17 0 0 0 0 0 0 0 0 0 0 0 0 0 0 0 0 0 0 0 0 0 0 0 0 0 0 0 0 0 0 0 0 
0 0 0 0 0 0 0 0 0 0 0 0 0 0 0 0 0 0 1.16183e+10 6.35312e+11 9.39937e+12 7.17068e+13 3.62699e+14 1.36042e+15 3.99622e+15 9.65776e+15 1.95733e+16 3.48933e+16 5.54578e+16 7.71977e+16 9.78333e+16 1.12123e+17 1.17498e+17 0 0 0 0 0 0 0 0 0 0 0 0 0 0 0 0 0 0 0 0 0 0 0 0 0 0 0 0 0 0 0 0 
0 0 0 0 0 0 0 0 0 0 0 0 0 0 0 0 0 0 0 7.8191e+10 1.88572e+12 1.90548e+13 1.18189e+14 5.06619e+14 1.67209e+15 4.40889e+15 9.79548e+15 1.83015e+16 3.01102e+16 4.42606e+16 5.68809e+16 6.71545e+16 7.03231e+16 0 0 0 0 0 0 0 0 0 0 0 0 0 0 0 0 0 0 0 0 0 0 0 0 0 0 0 0 0 0 0 0 
0 0 0 0 0 0 0 0 0 0 0 0 0 0 0 0 0 0 0 5.64357e+09 2.93494e+11 4.29047e+12 3.25479e+13 1.65345e+14 6.14532e+14 1.78658e+15 4.25067e+15 8.54589e+15 1.47372e+16 2.21166e+16 2.98527e+16 3.4666e+16 3.71744e+16 0 0 0 0 0 0 0 0 0 0 0 0 0 0 0 0 0 0 0 0 0 0 0 0 0 0 0 0 0 0 0 0 
0 0 0 0 0 0 0 0 0 0 0 0 0 0 0 0 0 0 0 0 3.30317e+10 7.88558e+11 7.70245e+12 4.72115e+13 2.00396e+14 6.49035e+14 1.6569e+15 3.54315e+15 6.40908e+15 1.01071e+16 1.38421e+16 1.67359e+16 1.74466e+16 0 0 0 0 0 0 0 0 0 0 0 0 0 0 0 0 0 0 0 0 0 0 0 0 0 0 0 0 0 0 0 0 
0 0 0 0 0 0 0 0 0 0 0 0 0 0 0 0 0 0 0 0 2.43004e+09 1.11026e+11 1.57749e+12 1.13938e+13 5.62325e+13 2.04311e+14 5.76507e+14 1.31961e+15 2.5082e+15 4.08408e+15 5.66778e+15 7.03827e+15 7.53954e+15 0 0 0 0 0 0 0 0 0 0 0 0 0 0 0 0 0 0 0 0 0 0 0 0 0 0 0 0 0 0 0 0 
0 0 0 0 0 0 0 0 0 0 0 0 0 0 0 0 0 0 0 0 0 1.17898e+10 2.61909e+11 2.46519e+12 1.425e+13 5.78957e+13 1.80401e+14 4.40432e+14 8.87795e+14 1.5087e+15 2.15756e+15 2.66315e+15 2.87001e+15 0 0 0 0 0 0 0 0 0 0 0 0 0 0 0 0 0 0 0 0 0 0 0 0 0 0 0 0 0 0 0 0 
0 0 0 0 0 0 0 0 0 0 0 0 0 0 0 0 0 0 0 0 0 9.32441e+08 3.49694e+10 4.62867e+11 3.14034e+12 1.44747e+13 4.98255e+13 1.34748e+14 2.84227e+14 5.0071e+14 7.51901e+14 9.42577e+14 1.01448e+15 0 0 0 0 0 0 0 0 0 0 0 0 0 0 0 0 0 0 0 0 0 0 0 0 0 0 0 0 0 0 0 0 
0 0 0 0 0 0 0 0 0 0 0 0 0 0 0 0 0 0 0 0 0 0 3.58251e+09 7.13406e+10 6.30131e+11 3.37714e+12 1.28484e+13 3.65448e+13 8.3764e+13 1.51009e+14 2.36887e+14 2.97945e+14 3.32359e+14 0 0 0 0 0 0 0 0 0 0 0 0 0 0 0 0 0 0 0 0 0 0 0 0 0 0 0 0 0 0 0 0 
0 0 0 0 0 0 0 0 0 0 0 0 0 0 0 0 0 0 0 0 0 0 3.27631e+08 9.18302e+09 1.0853e+11 6.83366e+11 2.89226e+12 9.17337e+12 2.21487e+13 4.33382e+13 6.69462e+13 8.9502e+13 9.6373e+13 0 0 0 0 0 0 0 0 0 0 0 0 0 0 0 0 0 0 0 0 0 0 0 0 0 0 0 0 0 0 0 0 
0 0 0 0 0 0 0 0 0 0 0 0 0 0 0 0 0 0 0 0 0 0 0 9.32914e+08 1.64316e+10 1.27373e+11 6.20252e+11 2.09284e+12 5.47429e+12 1.11508e+13 1.79417e+13 2.40639e+13 2.63398e+13 0 0 0 0 0 0 0 0 0 0 0 0 0 0 0 0 0 0 0 0 0 0 0 0 0 0 0 0 0 0 0 0 
0 0 0 0 0 0 0 0 0 0 0 0 0 0 0 0 0 0 0 0 0 0 0 1.07017e+08 2.11225e+09 2.14028e+10 1.14946e+11 4.5125e+11 1.25515e+12 2.62521e+12 4.56201e+12 6.04204e+12 6.8082e+12 0 0 0 0 0 0 0 0 0 0 0 0 0 0 0 0 0 0 0 0 0 0 0 0 0 0 0 0 0 0 0 0 
0 0 0 0 0 0 0 0 0 0 0 0 0 0 0 0 0 0 0 0 0 0 0 0 2.17911e+08 3.26414e+09 2.11372e+10 8.92016e+10 2.67151e+11 6.03319e+11 1.05774e+12 1.47393e+12 1.6402e+12 0 0 0 0 0 0 0 0 0 0 0 0 0 0 0 0 0 0 0 0 0 0 0 0 0 0 0 0 0 0 0 0 
0 0 0 0 0 0 0 0 0 0 0 0 0 0 0 0 0 0 0 0 0 0 0 0 3.16595e+07 4.28968e+08 3.49546e+09 1.60633e+10 5.40951e+10 1.28572e+11 2.34643e+11 3.26127e+11 3.70435e+11 0 0 0 0 0 0 0 0 0 0 0 0 0 0 0 0 0 0 0 0 0 0 0 0 0 0 0 0 0 0 0 0 
0 0 0 0 0 0 0 0 0 0 0 0 0 0 0 0 0 0 0 0 0 0 0 0 0 4.35067e+07 5.68094e+08 2.97557e+09 1.0317e+10 2.60287e+10 4.9823e+10 7.18326e+10 8.03904e+10 0 0 0 0 0 0 0 0 0 0 0 0 0 0 0 0 0 0 0 0 0 0 0 0 0 0 0 0 0 0 0 0 
0 0 0 0 0 0 0 0 0 0 0 0 0 0 0 0 0 0 0 0 0 0 0 0 0 8.65706e+06 7.8042e+07 4.94362e+08 1.81992e+09 5.11458e+09 9.91771e+09 1.47954e+10 1.66873e+10 0 0 0 0 0 0 0 0 0 0 0 0 0 0 0 0 0 0 0 0 0 0 0 0 0 0 0 0 0 0 0 0 
0 0 0 0 0 0 0 0 0 0 0 0 0 0 0 0 0 0 0 0 0 0 0 0 0 0 7.74233e+06 8.54455e+07 3.48777e+08 9.53146e+08 2.01184e+09 3.04248e+09 3.46466e+09 0 0 0 0 0 0 0 0 0 0 0 0 0 0 0 0 0 0 0 0 0 0 0 0 0 0 0 0 0 0 0 0 
0 0 0 0 0 0 0 0 0 0 0 0 0 0 0 0 0 0 0 0 0 0 0 0 0 0 2.112e+06 1.2521e+07 5.76647e+07 1.81994e+08 3.81605e+08 5.92162e+08 6.92699e+08 0 0 0 0 0 0 0 0 0 0 0 0 0 0 0 0 0 0 0 0 0 0 0 0 0 0 0 0 0 0 0 0 
0 0 0 0 0 0 0 0 0 0 0 0 0 0 0 0 0 0 0 0 0 0 0 0 0 0 0 1.08659e+06 1.12735e+07 3.34527e+07 7.3915e+07 1.21012e+08 1.39342e+08 0 0 0 0 0 0 0 0 0 0 0 0 0 0 0 0 0 0 0 0 0 0 0 0 0 0 0 0 0 0 0 0 
0 0 0 0 0 0 0 0 0 0 0 0 0 0 0 0 0 0 0 0 0 0 0 0 0 0 0 436941 1.66801e+06 5.64695e+06 1.52487e+07 2.25361e+07 2.94105e+07 0 0 0 0 0 0 0 0 0 0 0 0 0 0 0 0 0 0 0 0 0 0 0 0 0 0 0 0 0 0 0 0 
0 0 0 0 0 0 0 0 0 0 0 0 0 0 0 0 0 0 0 0 0 0 0 0 0 0 0 0 111582 1.32369e+06 2.49762e+06 4.71918e+06 5.21941e+06 0 0 0 0 0 0 0 0 0 0 0 0 0 0 0 0 0 0 0 0 0 0 0 0 0 0 0 0 0 0 0 0 
0 0 0 0 0 0 0 0 0 0 0 0 0 0 0 0 0 0 0 0 0 0 0 0 0 0 0 0 75097.8 167111 483838 972145 935859 0 0 0 0 0 0 0 0 0 0 0 0 0 0 0 0 0 0 0 0 0 0 0 0 0 0 0 0 0 0 0 0 
0 0 0 0 0 0 0 0 0 0 0 0 0 0 0 0 0 0 0 0 0 0 0 0 0 0 0 0 0 7393.36 120016 114711 247260 0 0 0 0 0 0 0 0 0 0 0 0 0 0 0 0 0 0 0 0 0 0 0 0 0 0 0 0 0 0 0 0 
0 0 0 0 0 0 0 0 0 0 0 0 0 0 0 0 0 0 0 0 0 0 0 0 0 0 0 0 0 10228.8 11370.4 33393 38415.4 0 0 0 0 0 0 0 0 0 0 0 0 0 0 0 0 0 0 0 0 0 0 0 0 0 0 0 0 0 0 0 0 
0 0 0 0 0 0 0 0 0 0 0 0 0 0 0 0 0 0 0 0 0 0 0 0 0 0 0 0 0 0 247.561 7712.18 2017.99 0 0 0 0 0 0 0 0 0 0 0 0 0 0 0 0 0 0 0 0 0 0 0 0 0 0 0 0 0 0 0 0 
0 0 0 0 0 0 0 0 0 0 0 0 0 0 0 0 0 0 0 0 0 0 0 0 0 0 0 0 0 0 1017.33 384.973 1993.71 0 0 0 0 0 0 0 0 0 0 0 0 0 0 0 0 0 0 0 0 0 0 0 0 0 0 0 0 0 0 0 0 
0 0 0 0 0 0 0 0 0 0 0 0 0 0 0 0 0 0 0 0 0 0 0 0 0 0 0 0 0 0 0 0 256.605 0 0 0 0 0 0 0 0 0 0 0 0 0 0 0 0 0 0 0 0 0 0 0 0 0 0 0 0 0 0 0 0 
0 0 0 0 0 0 0 0 0 0 0 0 0 0 0 0 0 0 0 0 0 0 0 0 0 0 0 0 0 0 0 65.6844 0 0 0 0 0 0 0 0 0 0 0 0 0 0 0 0 0 0 0 0 0 0 0 0 0 0 0 0 0 0 0 0 0 
0 0 0 0 0 0 0 0 0 0 0 0 0 0 0 0 0 0 0 0 0 0 0 0 0 0 0 0 0 0 0 0 0 0 0 0 0 0 0 0 0 0 0 0 0 0 0 0 0 0 0 0 0 0 0 0 0 0 0 0 0 0 0 0 0 
0 0 0 0 0 0 0 0 0 0 0 0 0 0 0 0 0 0 0 0 0 0 0 0 0 0 0 0 0 0 0 0 2.05423 0 0 0 0 0 0 0 0 0 0 0 0 0 0 0 0 0 0 0 0 0 0 0 0 0 0 0 0 0 0 0 0 
