1 0 0 0 0 0 0 0 0 0 0 0 0 0 0 0 0 
0 0 0 0 0 0 0 0 0 0 0 0 0 0 0 0 0 
0 16 0 0 0 0 0 0 0 0 0 0 0 0 0 0 0 
0 0 32 0 0 0 0 0 0 0 0 0 0 0 0 0 0 
0 0 88 95.8334 23.9622 0 0 0 8.0492 0 0 0 0 0 0 0 0 
0 0 0 256.333 255.802 192.361 96.0265 64.4 0 0 0 0 0 0 0 0 0 
0 0 0 207.833 736.076 688.077 705.249 622.775 770.072 0 0 0 0 0 0 0 0 
0 0 0 0 576.793 1662 1820.06 1920.13 1597.02 0 0 0 0 0 0 0 0 
0 0 0 0 227.367 1250.08 2935.26 3682.66 4352.1 0 0 0 0 0 0 0 0 
0 0 0 0 0 448.185 1560.88 3133.73 3275.07 0 0 0 0 0 0 0 0 
0 0 0 0 0 127.296 770.363 1391.8 2104.08 0 0 0 0 0 0 0 0 
0 0 0 0 0 0 64.6711 512.683 577.256 0 0 0 0 0 0 0 0 
0 0 0 0 0 0 55.4927 95.9591 120.203 0 0 0 0 0 0 0 0 
0 0 0 0 0 0 0 0 64.1746 0 0 0 0 0 0 0 0 
0 0 0 0 0 0 0 15.8572 0 0 0 0 0 0 0 0 0 
0 0 0 0 0 0 0 0 0 0 0 0 0 0 0 0 0 
0 0 0 0 0 0 0 0 1.98213 0 0 0 0 0 0 0 0 
