1 0 0 0 0 0 0 0 0 0 0 0 0 0 0 0 0 
0 0 0 0 0 0 0 0 0 0 0 0 0 0 0 0 0 
0 16 0 0 0 0 0 0 0 0 0 0 0 0 0 0 0 
0 0 32 0 0 0 0 0 0 0 0 0 0 0 0 0 0 
0 0 88 95.8848 23.9679 0 0 0 8.00496 0 0 0 0 0 0 0 0 
0 0 0 256.23 255.233 191.524 95.5692 64.053 0 0 0 0 0 0 0 0 0 
0 0 0 207.885 736.864 687.578 701.919 625.604 770.338 0 0 0 0 0 0 0 0 
0 0 0 0 576.594 1664.66 1819.96 1918.16 1598.38 0 0 0 0 0 0 0 0 
0 0 0 0 227.341 1249.58 2940.95 3672.77 4348.89 0 0 0 0 0 0 0 0 
0 0 0 0 0 446.973 1564.48 3143.8 3270.01 0 0 0 0 0 0 0 0 
0 0 0 0 0 127.68 764.761 1395.48 2116.95 0 0 0 0 0 0 0 0 
0 0 0 0 0 0 64.7147 509.237 570.112 0 0 0 0 0 0 0 0 
0 0 0 0 0 0 55.6444 95.0028 121.576 0 0 0 0 0 0 0 0 
0 0 0 0 0 0 0 0 63.753 0 0 0 0 0 0 0 0 
0 0 0 0 0 0 0 15.8988 0 0 0 0 0 0 0 0 0 
0 0 0 0 0 0 0 0 0 0 0 0 0 0 0 0 0 
0 0 0 0 0 0 0 0 1.98728 0 0 0 0 0 0 0 0 
