1 0 0 0 0 0 0 0 0 0 0 0 0 0 0 0 0 
0 0 0 0 0 0 0 0 0 0 0 0 0 0 0 0 0 
0 16 0 0 0 0 0 0 0 0 0 0 0 0 0 0 0 
0 0 32 0 0 0 0 0 0 0 0 0 0 0 0 0 0 
0 0 88 96.0374 24.008 0 0 0 7.93674 0 0 0 0 0 0 0 0 
0 0 0 255.892 256.757 190.344 95.7928 63.4893 0 0 0 0 0 0 0 0 0 
0 0 0 208.07 735.032 689.41 699.569 624.009 768.375 0 0 0 0 0 0 0 0 
0 0 0 0 575.658 1667.61 1826.97 1918.61 1596.5 0 0 0 0 0 0 0 0 
0 0 0 0 228.544 1243.7 2934.26 3682.83 4362.6 0 0 0 0 0 0 0 0 
0 0 0 0 0 448.357 1565.69 3135.81 3256.26 0 0 0 0 0 0 0 0 
0 0 0 0 0 128.581 765.471 1392.16 2121.54 0 0 0 0 0 0 0 0 
0 0 0 0 0 0 64.1221 511.6 569.632 0 0 0 0 0 0 0 0 
0 0 0 0 0 0 56.132 95.4584 121.146 0 0 0 0 0 0 0 0 
0 0 0 0 0 0 0 0 64.001 0 0 0 0 0 0 0 0 
0 0 0 0 0 0 0 16.036 0 0 0 0 0 0 0 0 0 
0 0 0 0 0 0 0 0 0 0 0 0 0 0 0 0 0 
0 0 0 0 0 0 0 0 2.00448 0 0 0 0 0 0 0 0 
