1 0 0 0 0 0 0 0 0 0 0 0 0 0 0 0 0 
0 0 0 0 0 0 0 0 0 0 0 0 0 0 0 0 0 
0 16 0 0 0 0 0 0 0 0 0 0 0 0 0 0 0 
0 0 32 0 0 0 0 0 0 0 0 0 0 0 0 0 0 
0 0 88 96.4628 24.1176 0 0 0 7.84672 0 0 0 0 0 0 0 0 
0 0 0 255.107 256.613 191.99 96.526 62.7758 0 0 0 0 0 0 0 0 0 
0 0 0 208.43 733.931 685.992 703.909 630.785 767.729 0 0 0 0 0 0 0 0 
0 0 0 0 577.895 1667.89 1818.33 1910.31 1602.79 0 0 0 0 0 0 0 0 
0 0 0 0 227.443 1245.23 2931.75 3680.15 4346.49 0 0 0 0 0 0 0 0 
0 0 0 0 0 450.195 1573.59 3136.72 3273.16 0 0 0 0 0 0 0 0 
0 0 0 0 0 126.707 764.745 1400.78 2109.87 0 0 0 0 0 0 0 0 
0 0 0 0 0 0 63.7185 507.453 578.366 0 0 0 0 0 0 0 0 
0 0 0 0 0 0 55.4273 95.192 119.06 0 0 0 0 0 0 0 0 
0 0 0 0 0 0 0 0 62.7093 0 0 0 0 0 0 0 0 
0 0 0 0 0 0 0 15.8373 0 0 0 0 0 0 0 0 0 
0 0 0 0 0 0 0 0 0 0 0 0 0 0 0 0 0 
0 0 0 0 0 0 0 0 1.97943 0 0 0 0 0 0 0 0 
