1 0 0 0 0 0 0 0 0 0 0 0 0 0 0 0 0 
0 0 0 0 0 0 0 0 0 0 0 0 0 0 0 0 0 
0 16 0 0 0 0 0 0 0 0 0 0 0 0 0 0 0 
0 0 32 0 0 0 0 0 0 0 0 0 0 0 0 0 0 
0 0 88 96.1591 24.0412 0 0 0 8.02055 0 0 0 0 0 0 0 0 
0 0 0 255.649 254.746 191.171 95.0863 64.1674 0 0 0 0 0 0 0 0 0 
0 0 0 208.192 738.371 686.695 706.758 621.569 771.176 0 0 0 0 0 0 0 0 
0 0 0 0 574.896 1668.5 1819.17 1926.1 1596.37 0 0 0 0 0 0 0 0 
0 0 0 0 227.945 1246.54 2931.03 3675.93 4358.9 0 0 0 0 0 0 0 0 
0 0 0 0 0 447.058 1570.61 3132.72 3258.3 0 0 0 0 0 0 0 0 
0 0 0 0 0 128.037 765.405 1396.52 2112.62 0 0 0 0 0 0 0 0 
0 0 0 0 0 0 63.7624 511.941 579.285 0 0 0 0 0 0 0 0 
0 0 0 0 0 0 56.1822 95.002 119.332 0 0 0 0 0 0 0 0 
0 0 0 0 0 0 0 0 63.9882 0 0 0 0 0 0 0 0 
0 0 0 0 0 0 0 16.0508 0 0 0 0 0 0 0 0 0 
0 0 0 0 0 0 0 0 0 0 0 0 0 0 0 0 0 
0 0 0 0 0 0 0 0 2.0059 0 0 0 0 0 0 0 0 
