1 0 0 0 0 0 0 0 0 0 0 0 0 0 0 0 0 
0 0 0 0 0 0 0 0 0 0 0 0 0 0 0 0 0 
0 16 0 0 0 0 0 0 0 0 0 0 0 0 0 0 0 
0 0 32 0 0 0 0 0 0 0 0 0 0 0 0 0 0 
0 0 88 96.3124 24.0795 0 0 0 7.99194 0 0 0 0 0 0 0 0 
0 0 0 255.392 257.128 192.037 95.5579 63.936 0 0 0 0 0 0 0 0 0 
0 0 0 208.296 734.696 687.438 705.633 625.849 767.113 0 0 0 0 0 0 0 0 
0 0 0 0 575.083 1666.33 1822.6 1921.25 1598.01 0 0 0 0 0 0 0 0 
0 0 0 0 229.013 1246.46 2931.43 3676.12 4371.45 0 0 0 0 0 0 0 0 
0 0 0 0 0 446.242 1562.76 3136.86 3250.49 0 0 0 0 0 0 0 0 
0 0 0 0 0 129.491 769.257 1388.8 2107.45 0 0 0 0 0 0 0 0 
0 0 0 0 0 0 64.203 515.293 580.103 0 0 0 0 0 0 0 0 
0 0 0 0 0 0 56.563 95.72 121.379 0 0 0 0 0 0 0 0 
0 0 0 0 0 0 0 0 63.9895 0 0 0 0 0 0 0 0 
0 0 0 0 0 0 0 16.1624 0 0 0 0 0 0 0 0 0 
0 0 0 0 0 0 0 0 0 0 0 0 0 0 0 0 0 
0 0 0 0 0 0 0 0 2.02028 0 0 0 0 0 0 0 0 
