1 0 0 0 0 0 0 0 0 0 0 0 0 0 0 0 0 
0 0 0 0 0 0 0 0 0 0 0 0 0 0 0 0 0 
0 16 0 0 0 0 0 0 0 0 0 0 0 0 0 0 0 
0 0 32 0 0 0 0 0 0 0 0 0 0 0 0 0 0 
0 0 88 95.7585 23.9441 0 0 0 7.99598 0 0 0 0 0 0 0 0 
0 0 0 256.516 255.828 191.658 96.106 63.9697 0 0 0 0 0 0 0 0 0 
0 0 0 207.726 737.157 689.862 705.044 625.02 768.917 0 0 0 0 0 0 0 0 
0 0 0 0 574.56 1662.22 1823.85 1925.22 1598.12 0 0 0 0 0 0 0 0 
0 0 0 0 228.511 1248.59 2927.59 3673.05 4362.44 0 0 0 0 0 0 0 0 
0 0 0 0 0 446.701 1565.93 3135.98 3262.42 0 0 0 0 0 0 0 0 
0 0 0 0 0 128.969 768.576 1387.38 2101.35 0 0 0 0 0 0 0 0 
0 0 0 0 0 0 64.4232 516.972 580.674 0 0 0 0 0 0 0 0 
0 0 0 0 0 0 56.4779 96.2703 121.644 0 0 0 0 0 0 0 0 
0 0 0 0 0 0 0 0 64.4124 0 0 0 0 0 0 0 0 
0 0 0 0 0 0 0 16.1377 0 0 0 0 0 0 0 0 0 
0 0 0 0 0 0 0 0 0 0 0 0 0 0 0 0 0 
0 0 0 0 0 0 0 0 2.01734 0 0 0 0 0 0 0 0 
