1 0 0 0 0 0 0 0 0 0 0 0 0 0 0 0 0 
0 0 0 0 0 0 0 0 0 0 0 0 0 0 0 0 0 
0 16 0 0 0 0 0 0 0 0 0 0 0 0 0 0 0 
0 0 32 0 0 0 0 0 0 0 0 0 0 0 0 0 0 
0 0 88 96.1621 24.0399 0 0 0 8.1435 0 0 0 0 0 0 0 0 
0 0 0 255.676 255.837 192.362 95.5683 65.1448 0 0 0 0 0 0 0 0 0 
0 0 0 208.162 737.222 689.622 703.203 621.296 768.606 0 0 0 0 0 0 0 0 
0 0 0 0 573.794 1659.24 1824.46 1922.21 1593.36 0 0 0 0 0 0 0 0 
0 0 0 0 229.107 1251.11 2928.2 3680.66 4363.49 0 0 0 0 0 0 0 0 
0 0 0 0 0 447.473 1570.82 3133.95 3264.55 0 0 0 0 0 0 0 0 
0 0 0 0 0 128.193 766.078 1391.08 2109.63 0 0 0 0 0 0 0 0 
0 0 0 0 0 0 63.6274 513.895 576.825 0 0 0 0 0 0 0 0 
0 0 0 0 0 0 56.0375 95.744 119.385 0 0 0 0 0 0 0 0 
0 0 0 0 0 0 0 0 64.0091 0 0 0 0 0 0 0 0 
0 0 0 0 0 0 0 16.0111 0 0 0 0 0 0 0 0 0 
0 0 0 0 0 0 0 0 0 0 0 0 0 0 0 0 0 
0 0 0 0 0 0 0 0 2.00114 0 0 0 0 0 0 0 0 
