1 0 0 0 0 0 0 0 0 0 0 0 0 0 0 0 0 
0 0 0 0 0 0 0 0 0 0 0 0 0 0 0 0 0 
0 16 0 0 0 0 0 0 0 0 0 0 0 0 0 0 0 
0 0 32 0 0 0 0 0 0 0 0 0 0 0 0 0 0 
0 0 88 96.3 24.0773 0 0 0 8.09751 0 0 0 0 0 0 0 0 
0 0 0 255.384 256.309 192.412 95.5058 64.775 0 0 0 0 0 0 0 0 0 
0 0 0 208.316 734.597 687.094 706.436 623.82 769.602 0 0 0 0 0 0 0 0 
0 0 0 0 577.396 1663.86 1820.26 1917.29 1596.53 0 0 0 0 0 0 0 0 
0 0 0 0 227.621 1248.22 2927.67 3683.48 4360.7 0 0 0 0 0 0 0 0 
0 0 0 0 0 449.411 1570.61 3134.83 3260.06 0 0 0 0 0 0 0 0 
0 0 0 0 0 126.994 768.684 1391.2 2111.78 0 0 0 0 0 0 0 0 
0 0 0 0 0 0 63.388 512.268 576.484 0 0 0 0 0 0 0 0 
0 0 0 0 0 0 55.442 96.5001 120.746 0 0 0 0 0 0 0 0 
0 0 0 0 0 0 0 0 64.0169 0 0 0 0 0 0 0 0 
0 0 0 0 0 0 0 15.8427 0 0 0 0 0 0 0 0 0 
0 0 0 0 0 0 0 0 0 0 0 0 0 0 0 0 0 
0 0 0 0 0 0 0 0 1.98049 0 0 0 0 0 0 0 0 
