1 0 0 0 0 0 0 0 0 0 0 0 0 0 0 0 0 
0 0 0 0 0 0 0 0 0 0 0 0 0 0 0 0 0 
0 16 0 0 0 0 0 0 0 0 0 0 0 0 0 0 0 
0 0 32 0 0 0 0 0 0 0 0 0 0 0 0 0 0 
0 0 88 96.0835 24.0255 0 0 0 8.07502 0 0 0 0 0 0 0 0 
0 0 0 255.899 256.358 192.253 95.7877 64.5906 0 0 0 0 0 0 0 0 0 
0 0 0 208.018 735.071 687.04 699.804 620.487 768.527 0 0 0 0 0 0 0 0 
0 0 0 0 576.853 1664.74 1835.48 1931.61 1602.88 0 0 0 0 0 0 0 0 
0 0 0 0 227.692 1249.48 2921.75 3668.69 4353.05 0 0 0 0 0 0 0 0 
0 0 0 0 0 445.779 1565.05 3137.08 3264.33 0 0 0 0 0 0 0 0 
0 0 0 0 0 128.708 769.524 1392.06 2106.53 0 0 0 0 0 0 0 0 
0 0 0 0 0 0 64.4625 513.271 579.901 0 0 0 0 0 0 0 0 
0 0 0 0 0 0 56.1338 96.1632 120.481 0 0 0 0 0 0 0 0 
0 0 0 0 0 0 0 0 64.2147 0 0 0 0 0 0 0 0 
0 0 0 0 0 0 0 16.0415 0 0 0 0 0 0 0 0 0 
0 0 0 0 0 0 0 0 0 0 0 0 0 0 0 0 0 
0 0 0 0 0 0 0 0 2.00548 0 0 0 0 0 0 0 0 
