1 0 0 0 0 0 0 0 0 0 0 0 0 0 0 0 0 
0 0 0 0 0 0 0 0 0 0 0 0 0 0 0 0 0 
0 16 0 0 0 0 0 0 0 0 0 0 0 0 0 0 0 
0 0 32 0 0 0 0 0 0 0 0 0 0 0 0 0 0 
0 0 88 95.7996 23.9518 0 0 0 8.01057 0 0 0 0 0 0 0 0 
0 0 0 256.45 255.303 191.063 95.6528 64.0753 0 0 0 0 0 0 0 0 0 
0 0 0 207.75 737.407 687.306 701.445 621.42 770.351 0 0 0 0 0 0 0 0 
0 0 0 0 575.58 1667.25 1826.64 1919.65 1590.86 0 0 0 0 0 0 0 0 
0 0 0 0 227.758 1246.94 2932.58 3692.5 4377.33 0 0 0 0 0 0 0 0 
0 0 0 0 0 448.203 1562.84 3121.52 3237.62 0 0 0 0 0 0 0 0 
0 0 0 0 0 127.235 768.895 1397.54 2123.07 0 0 0 0 0 0 0 0 
0 0 0 0 0 0 64.2428 511.076 579.164 0 0 0 0 0 0 0 0 
0 0 0 0 0 0 55.7001 96.3045 118.062 0 0 0 0 0 0 0 0 
0 0 0 0 0 0 0 0 63.5459 0 0 0 0 0 0 0 0 
0 0 0 0 0 0 0 15.9169 0 0 0 0 0 0 0 0 0 
0 0 0 0 0 0 0 0 0 0 0 0 0 0 0 0 0 
0 0 0 0 0 0 0 0 1.9899 0 0 0 0 0 0 0 0 
