1 0 0 0 0 0 0 0 0 0 0 0 0 0 0 0 0 
0 0 0 0 0 0 0 0 0 0 0 0 0 0 0 0 0 
0 16 0 0 0 0 0 0 0 0 0 0 0 0 0 0 0 
0 0 32 0 0 0 0 0 0 0 0 0 0 0 0 0 0 
0 0 88 96.1496 24.0447 0 0 0 8.11187 0 0 0 0 0 0 0 0 
0 0 0 255.75 256.166 193.488 97.0328 64.8844 0 0 0 0 0 0 0 0 0 
0 0 0 208.1 735.407 687.075 702.89 622.97 771.673 0 0 0 0 0 0 0 0 
0 0 0 0 576.65 1661.81 1825.91 1925.67 1599.9 0 0 0 0 0 0 0 0 
0 0 0 0 227.732 1249.49 2925.65 3668.84 4341.02 0 0 0 0 0 0 0 0 
0 0 0 0 0 448.133 1566.75 3142.55 3278.43 0 0 0 0 0 0 0 0 
0 0 0 0 0 127.998 769.574 1391.26 2110.77 0 0 0 0 0 0 0 0 
0 0 0 0 0 0 64.3392 510.821 573.373 0 0 0 0 0 0 0 0 
0 0 0 0 0 0 55.8552 97.0445 120.485 0 0 0 0 0 0 0 0 
0 0 0 0 0 0 0 0 64.2413 0 0 0 0 0 0 0 0 
0 0 0 0 0 0 0 15.9592 0 0 0 0 0 0 0 0 0 
0 0 0 0 0 0 0 0 0 0 0 0 0 0 0 0 0 
0 0 0 0 0 0 0 0 1.99522 0 0 0 0 0 0 0 0 
