1 0 0 0 0 0 0 0 0 0 0 0 0 0 0 0 0 
0 0 0 0 0 0 0 0 0 0 0 0 0 0 0 0 0 
0 16 0 0 0 0 0 0 0 0 0 0 0 0 0 0 0 
0 0 32 0 0 0 0 0 0 0 0 0 0 0 0 0 0 
0 0 88 96.3146 24.0858 0 0 0 8.08547 0 0 0 0 0 0 0 0 
0 0 0 255.42 256.745 192.521 96.8571 64.6728 0 0 0 0 0 0 0 0 0 
0 0 0 208.265 735.016 687.507 702.055 623.33 766.316 0 0 0 0 0 0 0 0 
0 0 0 0 575.584 1664.42 1822.39 1928.92 1604.34 0 0 0 0 0 0 0 0 
0 0 0 0 228.569 1247.47 2935.34 3666.85 4354.19 0 0 0 0 0 0 0 0 
0 0 0 0 0 447.579 1562.38 3136.39 3267.28 0 0 0 0 0 0 0 0 
0 0 0 0 0 128.505 768.364 1394.5 2102.19 0 0 0 0 0 0 0 0 
0 0 0 0 0 0 64.8354 512.894 581.187 0 0 0 0 0 0 0 0 
0 0 0 0 0 0 55.776 96.5042 119.794 0 0 0 0 0 0 0 0 
0 0 0 0 0 0 0 0 64.6238 0 0 0 0 0 0 0 0 
0 0 0 0 0 0 0 15.9387 0 0 0 0 0 0 0 0 0 
0 0 0 0 0 0 0 0 0 0 0 0 0 0 0 0 0 
0 0 0 0 0 0 0 0 1.99268 0 0 0 0 0 0 0 0 
