1 0 0 0 0 0 0 0 0 0 0 0 0 0 0 0 0 
0 0 0 0 0 0 0 0 0 0 0 0 0 0 0 0 0 
0 16 0 0 0 0 0 0 0 0 0 0 0 0 0 0 0 
0 0 32 0 0 0 0 0 0 0 0 0 0 0 0 0 0 
0 0 88 96.1143 24.0309 0 0 0 7.9683 0 0 0 0 0 0 0 0 
0 0 0 255.837 256.451 191.395 95.9991 63.7367 0 0 0 0 0 0 0 0 0 
0 0 0 208.049 735.633 684.979 699.57 624.325 767.182 0 0 0 0 0 0 0 0 
0 0 0 0 575.307 1672.17 1826.73 1918.27 1596.44 0 0 0 0 0 0 0 0 
0 0 0 0 228.577 1243.62 2933.46 3682.8 4359.78 0 0 0 0 0 0 0 0 
0 0 0 0 0 447.364 1566.61 3135.39 3267.18 0 0 0 0 0 0 0 0 
0 0 0 0 0 128.476 765.304 1392.1 2112.22 0 0 0 0 0 0 0 0 
0 0 0 0 0 0 64.5467 511.14 573.873 0 0 0 0 0 0 0 0 
0 0 0 0 0 0 55.7819 96.2967 119.132 0 0 0 0 0 0 0 0 
0 0 0 0 0 0 0 0 64.2304 0 0 0 0 0 0 0 0 
0 0 0 0 0 0 0 15.9404 0 0 0 0 0 0 0 0 0 
0 0 0 0 0 0 0 0 0 0 0 0 0 0 0 0 0 
0 0 0 0 0 0 0 0 1.99285 0 0 0 0 0 0 0 0 
