1 0 0 0 0 0 0 0 0 0 0 0 0 0 0 0 0 
0 0 0 0 0 0 0 0 0 0 0 0 0 0 0 0 0 
0 16 0 0 0 0 0 0 0 0 0 0 0 0 0 0 0 
0 0 32 0 0 0 0 0 0 0 0 0 0 0 0 0 0 
0 0 88 95.892 23.9774 0 0 0 8.06227 0 0 0 0 0 0 0 0 
0 0 0 256.265 256.33 191.167 95.102 64.4878 0 0 0 0 0 0 0 0 0 
0 0 0 207.843 735.559 689.586 713.039 624.477 771.979 0 0 0 0 0 0 0 0 
0 0 0 0 576.161 1663.03 1815.7 1922.88 1595.14 0 0 0 0 0 0 0 0 
0 0 0 0 227.973 1247.05 2922.24 3680.26 4357.86 0 0 0 0 0 0 0 0 
0 0 0 0 0 450.965 1571.56 3123.47 3260.88 0 0 0 0 0 0 0 0 
0 0 0 0 0 126.205 771.008 1399.82 2112.18 0 0 0 0 0 0 0 0 
0 0 0 0 0 0 64.0884 511.855 576.335 0 0 0 0 0 0 0 0 
0 0 0 0 0 0 55.2613 96.9548 121.987 0 0 0 0 0 0 0 0 
0 0 0 0 0 0 0 0 63.6113 0 0 0 0 0 0 0 0 
0 0 0 0 0 0 0 15.7923 0 0 0 0 0 0 0 0 0 
0 0 0 0 0 0 0 0 0 0 0 0 0 0 0 0 0 
0 0 0 0 0 0 0 0 1.97435 0 0 0 0 0 0 0 0 
