1 0 0 0 0 0 0 0 0 0 0 0 0 0 0 0 0 
0 0 0 0 0 0 0 0 0 0 0 0 0 0 0 0 0 
0 16 0 0 0 0 0 0 0 0 0 0 0 0 0 0 0 
0 0 32 0 0 0 0 0 0 0 0 0 0 0 0 0 0 
0 0 88 96.1268 24.0336 0 0 0 8.0421 0 0 0 0 0 0 0 0 
0 0 0 255.796 256.252 192.468 96.2964 64.3257 0 0 0 0 0 0 0 0 0 
0 0 0 208.078 735.498 689.637 706.594 629.109 773.257 0 0 0 0 0 0 0 0 
0 0 0 0 576.224 1660.7 1826.12 1917.53 1595.09 0 0 0 0 0 0 0 0 
0 0 0 0 227.992 1249.45 2920.94 3680.96 4356.73 0 0 0 0 0 0 0 0 
0 0 0 0 0 446.406 1565.95 3123.81 3261.28 0 0 0 0 0 0 0 0 
0 0 0 0 0 129.345 771.335 1397.2 2109.86 0 0 0 0 0 0 0 0 
0 0 0 0 0 0 64.2291 514.419 578.744 0 0 0 0 0 0 0 0 
0 0 0 0 0 0 56.5321 96.4923 120.51 0 0 0 0 0 0 0 0 
0 0 0 0 0 0 0 0 64.4654 0 0 0 0 0 0 0 0 
0 0 0 0 0 0 0 16.1543 0 0 0 0 0 0 0 0 0 
0 0 0 0 0 0 0 0 0 0 0 0 0 0 0 0 0 
0 0 0 0 0 0 0 0 2.01963 0 0 0 0 0 0 0 0 
