1 0 0 0 0 0 0 0 0 0 0 0 0 0 0 0 0 
0 0 0 0 0 0 0 0 0 0 0 0 0 0 0 0 0 
0 16 0 0 0 0 0 0 0 0 0 0 0 0 0 0 0 
0 0 32 0 0 0 0 0 0 0 0 0 0 0 0 0 0 
0 0 88 95.9867 23.9986 0 0 0 8.10613 0 0 0 0 0 0 0 0 
0 0 0 256.027 256.828 191.883 96.1206 64.8389 0 0 0 0 0 0 0 0 0 
0 0 0 207.987 733.877 687.016 705.762 620.707 765.815 0 0 0 0 0 0 0 0 
0 0 0 0 577.742 1666.81 1814.8 1920.17 1602.11 0 0 0 0 0 0 0 0 
0 0 0 0 227.554 1246.46 2936.73 3686.49 4348.51 0 0 0 0 0 0 0 0 
0 0 0 0 0 447.091 1569.52 3134.16 3279.72 0 0 0 0 0 0 0 0 
0 0 0 0 0 128.745 765.721 1387.05 2103.28 0 0 0 0 0 0 0 0 
0 0 0 0 0 0 63.1797 514.233 576.873 0 0 0 0 0 0 0 0 
0 0 0 0 0 0 56.163 96.3056 119.604 0 0 0 0 0 0 0 0 
0 0 0 0 0 0 0 0 63.9686 0 0 0 0 0 0 0 0 
0 0 0 0 0 0 0 16.0493 0 0 0 0 0 0 0 0 0 
0 0 0 0 0 0 0 0 0 0 0 0 0 0 0 0 0 
0 0 0 0 0 0 0 0 2.00647 0 0 0 0 0 0 0 0 
