1 0 0 0 0 0 0 0 0 0 0 0 0 0 0 0 0 
0 0 0 0 0 0 0 0 0 0 0 0 0 0 0 0 0 
0 16 0 0 0 0 0 0 0 0 0 0 0 0 0 0 0 
0 0 32 0 0 0 0 0 0 0 0 0 0 0 0 0 0 
0 0 88 96.1445 24.0427 0 0 0 8.09677 0 0 0 0 0 0 0 0 
0 0 0 255.711 257.047 192.545 96.6521 64.7643 0 0 0 0 0 0 0 0 0 
0 0 0 208.144 734.345 686.141 704.162 623.071 768.125 0 0 0 0 0 0 0 0 
0 0 0 0 576.213 1667.11 1822.29 1919.45 1594.43 0 0 0 0 0 0 0 0 
0 0 0 0 228.352 1245.86 2930.89 3679.41 4368.15 0 0 0 0 0 0 0 0 
0 0 0 0 0 448.042 1564.14 3137.17 3254.08 0 0 0 0 0 0 0 0 
0 0 0 0 0 128.308 769.965 1393.16 2115.29 0 0 0 0 0 0 0 0 
0 0 0 0 0 0 63.464 512.078 576.418 0 0 0 0 0 0 0 0 
0 0 0 0 0 0 56.4392 94.765 119.585 0 0 0 0 0 0 0 0 
0 0 0 0 0 0 0 0 63.815 0 0 0 0 0 0 0 0 
0 0 0 0 0 0 0 16.1286 0 0 0 0 0 0 0 0 0 
0 0 0 0 0 0 0 0 0 0 0 0 0 0 0 0 0 
0 0 0 0 0 0 0 0 2.01638 0 0 0 0 0 0 0 0 
