1 0 0 0 0 0 0 0 0 0 0 0 0 0 0 0 0 
0 0 0 0 0 0 0 0 0 0 0 0 0 0 0 0 0 
0 16 0 0 0 0 0 0 0 0 0 0 0 0 0 0 0 
0 0 32 0 0 0 0 0 0 0 0 0 0 0 0 0 0 
0 0 88 95.9903 23.9993 0 0 0 7.96992 0 0 0 0 0 0 0 0 
0 0 0 256.085 256.587 191.893 95.7935 63.7504 0 0 0 0 0 0 0 0 0 
0 0 0 207.925 736.106 686.486 704.786 628.424 767.137 0 0 0 0 0 0 0 0 
0 0 0 0 574.238 1670.15 1823.42 1915.77 1600.52 0 0 0 0 0 0 0 0 
0 0 0 0 229.069 1241.88 2927.85 3677.28 4356.23 0 0 0 0 0 0 0 0 
0 0 0 0 0 448.703 1569.8 3136.98 3263.78 0 0 0 0 0 0 0 0 
0 0 0 0 0 128.887 765.482 1395.46 2116.45 0 0 0 0 0 0 0 0 
0 0 0 0 0 0 64.4401 510.043 570.693 0 0 0 0 0 0 0 0 
0 0 0 0 0 0 56.4257 96.1547 120.974 0 0 0 0 0 0 0 0 
0 0 0 0 0 0 0 0 64.2303 0 0 0 0 0 0 0 0 
0 0 0 0 0 0 0 16.1251 0 0 0 0 0 0 0 0 0 
0 0 0 0 0 0 0 0 0 0 0 0 0 0 0 0 0 
0 0 0 0 0 0 0 0 2.01593 0 0 0 0 0 0 0 0 
