1 0 0 0 0 0 0 0 0 0 0 0 0 0 0 0 0 
0 0 0 0 0 0 0 0 0 0 0 0 0 0 0 0 0 
0 16 0 0 0 0 0 0 0 0 0 0 0 0 0 0 0 
0 0 32 0 0 0 0 0 0 0 0 0 0 0 0 0 0 
0 0 88 96.3425 24.0848 0 0 0 8.07353 0 0 0 0 0 0 0 0 
0 0 0 255.331 256.368 192.522 96.6758 64.5795 0 0 0 0 0 0 0 0 0 
0 0 0 208.326 735.56 687.04 707.345 622.305 766.426 0 0 0 0 0 0 0 0 
0 0 0 0 575.442 1663.99 1819.28 1918.85 1601.39 0 0 0 0 0 0 0 0 
0 0 0 0 228.545 1248.21 2924.12 3679.76 4344.64 0 0 0 0 0 0 0 0 
0 0 0 0 0 448.762 1571.89 3141.1 3287.55 0 0 0 0 0 0 0 0 
0 0 0 0 0 127.475 769.323 1391.28 2101.62 0 0 0 0 0 0 0 0 
0 0 0 0 0 0 63.7072 510.448 574.228 0 0 0 0 0 0 0 0 
0 0 0 0 0 0 55.6584 95.7758 119.914 0 0 0 0 0 0 0 0 
0 0 0 0 0 0 0 0 64.1725 0 0 0 0 0 0 0 0 
0 0 0 0 0 0 0 15.9047 0 0 0 0 0 0 0 0 0 
0 0 0 0 0 0 0 0 0 0 0 0 0 0 0 0 0 
0 0 0 0 0 0 0 0 1.98835 0 0 0 0 0 0 0 0 
