1 0 0 0 0 0 0 0 0 0 0 0 0 0 0 0 0 
0 0 0 0 0 0 0 0 0 0 0 0 0 0 0 0 0 
0 16 0 0 0 0 0 0 0 0 0 0 0 0 0 0 0 
0 0 32 0 0 0 0 0 0 0 0 0 0 0 0 0 0 
0 0 88 95.9229 23.9877 0 0 0 8.0521 0 0 0 0 0 0 0 0 
0 0 0 256.204 256.441 192.062 95.6478 64.4081 0 0 0 0 0 0 0 0 0 
0 0 0 207.874 734.431 687.363 707.047 623.492 764.534 0 0 0 0 0 0 0 0 
0 0 0 0 578.109 1664.68 1822.09 1925.65 1600.62 0 0 0 0 0 0 0 0 
0 0 0 0 227.031 1248.65 2923.62 3669.65 4359.58 0 0 0 0 0 0 0 0 
0 0 0 0 0 447.41 1572.65 3140.06 3273.08 0 0 0 0 0 0 0 0 
0 0 0 0 0 127.834 766.968 1392.14 2098.88 0 0 0 0 0 0 0 0 
0 0 0 0 0 0 64.0187 513.247 578.263 0 0 0 0 0 0 0 0 
0 0 0 0 0 0 55.9517 95.3596 121.025 0 0 0 0 0 0 0 0 
0 0 0 0 0 0 0 0 63.973 0 0 0 0 0 0 0 0 
0 0 0 0 0 0 0 15.9888 0 0 0 0 0 0 0 0 0 
0 0 0 0 0 0 0 0 0 0 0 0 0 0 0 0 0 
0 0 0 0 0 0 0 0 1.99887 0 0 0 0 0 0 0 0 
