1 0 0 0 0 0 0 0 0 0 0 0 0 0 0 0 0 
0 0 0 0 0 0 0 0 0 0 0 0 0 0 0 0 0 
0 16 0 0 0 0 0 0 0 0 0 0 0 0 0 0 0 
0 0 32 0 0 0 0 0 0 0 0 0 0 0 0 0 0 
0 0 88 96.7184 24.1796 0 0 0 8.08796 0 0 0 0 0 0 0 0 
0 0 0 254.563 256.312 192.687 97.4213 64.7037 0 0 0 0 0 0 0 0 0 
0 0 0 208.718 735.118 690.548 704.375 626.07 764.098 0 0 0 0 0 0 0 0 
0 0 0 0 576.11 1657.44 1824.58 1915.9 1602.35 0 0 0 0 0 0 0 0 
0 0 0 0 228.281 1251.02 2925.81 3689.62 4355.24 0 0 0 0 0 0 0 0 
0 0 0 0 0 448.003 1563.92 3124.36 3275.41 0 0 0 0 0 0 0 0 
0 0 0 0 0 128.298 770.834 1388.92 2101.92 0 0 0 0 0 0 0 0 
0 0 0 0 0 0 64.2302 518.203 576.945 0 0 0 0 0 0 0 0 
0 0 0 0 0 0 56.8297 95.9773 119.041 0 0 0 0 0 0 0 0 
0 0 0 0 0 0 0 0 64.8827 0 0 0 0 0 0 0 0 
0 0 0 0 0 0 0 16.2371 0 0 0 0 0 0 0 0 0 
0 0 0 0 0 0 0 0 0 0 0 0 0 0 0 0 0 
0 0 0 0 0 0 0 0 2.02963 0 0 0 0 0 0 0 0 
