1 0 0 0 0 0 0 0 0 0 0 0 0 0 0 0 0 0 0 0 0 0 0 0 0 0 0 0 0 0 0 0 0 0 0 0 0 0 0 0 0 0 0 0 0 0 0 0 0 0 0 0 0 0 0 0 0 0 0 0 0 0 0 0 1 
0 0 0 0 0 0 0 0 0 0 0 0 0 0 0 0 0 0 0 0 0 0 0 0 0 0 0 0 0 0 0 0 0 0 0 0 0 0 0 0 0 0 0 0 0 0 0 0 0 0 0 0 0 0 0 0 0 0 0 0 0 0 0 0 0 
0 64 0 0 0 0 0 0 0 0 0 0 0 0 0 0 0 0 0 0 0 0 0 0 0 0 0 0 0 0 0 0 0 0 0 0 0 0 0 0 0 0 0 0 0 0 0 0 0 0 0 0 0 0 0 0 0 0 0 0 0 0 0 0 0 
0 0 128 0 0 0 0 0 0 0 0 0 0 0 0 0 0 0 0 0 0 0 0 0 0 0 0 0 0 0 0 0 0 0 0 0 0 0 0 0 0 0 0 0 0 0 0 0 0 0 0 0 0 0 0 0 0 0 0 0 0 0 0 0 0 
0 0 1888 383.847 63.9418 0 0 0 0 0 0 0 0 0 0 0 0 0 0 0 0 0 0 0 0 0 0 0 0 0 0 0 0 0 0 0 0 0 0 0 0 0 0 0 0 0 0 0 0 0 0 0 0 0 0 0 0 0 0 0 0 0 0 0 0 
0 0 0 7168.31 1153.07 512.393 128.341 0 0 0 0 0 0 0 0 0 0 0 0 0 0 0 0 0 0 0 0 0 0 0 0 0 0 0 0 0 0 0 0 0 0 0 0 0 0 0 0 0 0 0 0 0 0 0 0 0 0 0 0 0 0 0 0 0 0 
0 0 0 34111.8 27316.9 6846.26 2559.05 1408.85 385.329 64.342 0 0 0 0 0 0 0 0 0 0 0 0 0 0 0 0 0 0 0 0 0 0 0 0 0 0 0 0 0 0 0 0 0 0 0 0 0 0 0 0 0 0 0 0 0 0 0 0 0 0 0 0 0 0 0 
0 0 0 0 183699 97283.7 42873.8 16913.1 8568.98 4610.6 1913.07 514.471 129.162 0 0 0 0 0 0 0 0 0 0 0 0 0 0 0 0 0 0 0 0 0 0 0 0 0 0 0 0 0 0 0 0 0 0 0 0 0 0 0 0 0 0 0 0 0 0 0 0 0 0 0 0 
0 0 0 0 423143 829168 412576 222712 120998 59166.2 33619.5 19887.3 9689.15 4366.44 1407.27 384.947 80.4575 0 0 0 0 0 0 0 15.5 0 0 0 0 0 0 0 15.6645 0 0 0 0 0 0 0 0 0 0 0 0 0 0 0 0 0 0 0 0 0 0 0 0 0 0 0 0 0 0 0 0 
0 0 0 0 0 2.86083e+06 3.32591e+06 1.97874e+06 1.13997e+06 720128 425882 250802 154480 94521.4 55767.6 29652.2 14037.8 5974.18 2187.67 769.488 385.967 250.473 252.58 250.8 0 260.949 257.667 258.834 255.547 256.904 259.665 253.266 0 0 0 0 0 0 0 0 0 0 0 0 0 0 0 0 0 0 0 0 0 0 0 0 0 0 0 0 0 0 0 0 0 
0 0 0 0 0 3.82988e+06 1.46057e+07 1.35322e+07 9.37071e+06 6.09579e+06 4.02792e+06 2.68866e+06 1.79403e+06 1.17076e+06 779058 509815 329563 205822 120885 68329.4 36806.3 21409.9 13828.8 10801.3 11730.9 9830.91 9428.05 9294.17 9360.67 9296.94 9401.07 9523.85 11332.6 0 0 0 0 0 0 0 0 0 0 0 0 0 0 0 0 0 0 0 0 0 0 0 0 0 0 0 0 0 0 0 0 
0 0 0 0 0 0 3.03342e+07 6.37723e+07 5.74924e+07 4.33007e+07 3.15124e+07 2.23788e+07 1.59327e+07 1.15192e+07 8.19346e+06 5.87487e+06 4.16397e+06 2.94377e+06 2.08894e+06 1.4619e+06 1.02309e+06 708374 501938 370957 286370 248012 231775 223847 218861 219055 216633 214487 206535 0 0 0 0 0 0 0 0 0 0 0 0 0 0 0 0 0 0 0 0 0 0 0 0 0 0 0 0 0 0 0 0 
0 0 0 0 0 0 2.62505e+07 1.69384e+08 2.62972e+08 2.46451e+08 1.99351e+08 1.55941e+08 1.19268e+08 9.04797e+07 6.91198e+07 5.26235e+07 4.01451e+07 3.07296e+07 2.33926e+07 1.78587e+07 1.37012e+07 1.06167e+07 8.32315e+06 6.67504e+06 5.49365e+06 4.64833e+06 4.04458e+06 3.64163e+06 3.43862e+06 3.28421e+06 3.22171e+06 3.20147e+06 3.2147e+06 0 0 0 0 0 0 0 0 0 0 0 0 0 0 0 0 0 0 0 0 0 0 0 0 0 0 0 0 0 0 0 0 
0 0 0 0 0 0 0 2.32714e+08 7.851e+08 1.06735e+09 1.04248e+09 9.03382e+08 7.49838e+08 6.08341e+08 4.89844e+08 3.9314e+08 3.15796e+08 2.54594e+08 2.05433e+08 1.66071e+08 1.3504e+08 1.10576e+08 9.13796e+07 7.65026e+07 6.51884e+07 5.65226e+07 5.03813e+07 4.59265e+07 4.2413e+07 4.02467e+07 3.86149e+07 3.77758e+07 3.74043e+07 0 0 0 0 0 0 0 0 0 0 0 0 0 0 0 0 0 0 0 0 0 0 0 0 0 0 0 0 0 0 0 0 
0 0 0 0 0 0 0 1.39593e+08 1.38455e+09 3.30056e+09 4.27904e+09 4.34296e+09 3.98329e+09 3.49225e+09 2.98231e+09 2.52431e+09 2.12471e+09 1.78727e+09 1.50409e+09 1.27172e+09 1.0757e+09 9.17103e+08 7.89713e+08 6.84717e+08 6.0117e+08 5.3469e+08 4.82294e+08 4.43153e+08 4.14586e+08 3.92833e+08 3.79301e+08 3.7091e+08 3.68995e+08 0 0 0 0 0 0 0 0 0 0 0 0 0 0 0 0 0 0 0 0 0 0 0 0 0 0 0 0 0 0 0 0 
0 0 0 0 0 0 0 0 1.33974e+09 6.67363e+09 1.31406e+10 1.68208e+10 1.77281e+10 1.70663e+10 1.56876e+10 1.4038e+10 1.2405e+10 1.08817e+10 9.53442e+09 8.34091e+09 7.31987e+09 6.45048e+09 5.71393e+09 5.09338e+09 4.57829e+09 4.16034e+09 3.83263e+09 3.55881e+09 3.3482e+09 3.19588e+09 3.0891e+09 3.03206e+09 3.00801e+09 0 0 0 0 0 0 0 0 0 0 0 0 0 0 0 0 0 0 0 0 0 0 0 0 0 0 0 0 0 0 0 0 
0 0 0 0 0 0 0 0 5.85675e+08 8.31215e+09 2.83893e+10 5.0349e+10 6.457e+10 7.04735e+10 7.08411e+10 6.78743e+10 6.33191e+10 5.81766e+10 5.29954e+10 4.8057e+10 4.35208e+10 3.9473e+10 3.58888e+10 3.27743e+10 3.00956e+10 2.78724e+10 2.60642e+10 2.45173e+10 2.3361e+10 2.2472e+10 2.18204e+10 2.1466e+10 2.13427e+10 0 0 0 0 0 0 0 0 0 0 0 0 0 0 0 0 0 0 0 0 0 0 0 0 0 0 0 0 0 0 0 0 
0 0 0 0 0 0 0 0 0 5.92803e+09 4.0939e+10 1.1138e+11 1.86407e+11 2.412e+11 2.71774e+11 2.83541e+11 2.8228e+11 2.73294e+11 2.59927e+11 2.44694e+11 2.28987e+11 2.13521e+11 1.99283e+11 1.86344e+11 1.74687e+11 1.64814e+11 1.56107e+11 1.49001e+11 1.43092e+11 1.38625e+11 1.35743e+11 1.33877e+11 1.33184e+11 0 0 0 0 0 0 0 0 0 0 0 0 0 0 0 0 0 0 0 0 0 0 0 0 0 0 0 0 0 0 0 0 
0 0 0 0 0 0 0 0 0 1.96223e+09 3.76565e+10 1.7434e+11 4.11318e+11 6.66705e+11 8.73391e+11 1.01339e+12 1.09253e+12 1.12531e+12 1.12522e+12 1.10444e+12 1.07074e+12 1.02996e+12 9.8748e+11 9.44031e+11 9.04028e+11 8.67388e+11 8.34121e+11 8.05832e+11 7.82492e+11 7.65027e+11 7.52189e+11 7.43555e+11 7.41259e+11 0 0 0 0 0 0 0 0 0 0 0 0 0 0 0 0 0 0 0 0 0 0 0 0 0 0 0 0 0 0 0 0 
0 0 0 0 0 0 0 0 0 0 2.04946e+10 1.86525e+11 6.71086e+11 1.4443e+12 2.29874e+12 3.05364e+12 3.63674e+12 4.03968e+12 4.28949e+12 4.41658e+12 4.45809e+12 4.4367e+12 4.37529e+12 4.29452e+12 4.19868e+12 4.09742e+12 4.00453e+12 3.91604e+12 3.84241e+12 3.78575e+12 3.74159e+12 3.71819e+12 3.70779e+12 0 0 0 0 0 0 0 0 0 0 0 0 0 0 0 0 0 0 0 0 0 0 0 0 0 0 0 0 0 0 0 0 
0 0 0 0 0 0 0 0 0 0 5.29626e+09 1.31132e+11 7.85688e+11 2.38744e+12 4.83551e+12 7.62276e+12 1.027e+13 1.25211e+13 1.42867e+13 1.55844e+13 1.64663e+13 1.70282e+13 1.73478e+13 1.74779e+13 1.74932e+13 1.74305e+13 1.73017e+13 1.71673e+13 1.70291e+13 1.69186e+13 1.68189e+13 1.67471e+13 1.67335e+13 0 0 0 0 0 0 0 0 0 0 0 0 0 0 0 0 0 0 0 0 0 0 0 0 0 0 0 0 0 0 0 0 
0 0 0 0 0 0 0 0 0 0 0 5.60307e+10 6.44006e+11 2.94226e+12 7.95311e+12 1.54469e+13 2.42485e+13 3.31123e+13 4.12068e+13 4.81235e+13 5.37449e+13 5.81373e+13 6.14364e+13 6.38545e+13 6.55749e+13 6.66895e+13 6.74518e+13 6.78812e+13 6.8149e+13 6.8289e+13 6.82878e+13 6.83123e+13 6.83025e+13 0 0 0 0 0 0 0 0 0 0 0 0 0 0 0 0 0 0 0 0 0 0 0 0 0 0 0 0 0 0 0 0 
0 0 0 0 0 0 0 0 0 0 0 1.15913e+10 3.55743e+11 2.65175e+12 1.00325e+13 2.49341e+13 4.7014e+13 7.36713e+13 1.01862e+14 1.29063e+14 1.5384e+14 1.75389e+14 1.93546e+14 2.08478e+14 2.20313e+14 2.2962e+14 2.36811e+14 2.42276e+14 2.46381e+14 2.49195e+14 2.51034e+14 2.52202e+14 2.52647e+14 0 0 0 0 0 0 0 0 0 0 0 0 0 0 0 0 0 0 0 0 0 0 0 0 0 0 0 0 0 0 0 0 
0 0 0 0 0 0 0 0 0 0 0 0 1.22118e+11 1.70868e+12 9.56537e+12 3.15721e+13 7.36999e+13 1.35969e+14 2.12986e+14 2.97669e+14 3.83212e+14 4.64726e+14 5.39124e+14 6.04734e+14 6.61362e+14 7.0903e+14 7.48229e+14 7.79532e+14 8.0402e+14 8.21697e+14 8.34886e+14 8.41613e+14 8.44375e+14 0 0 0 0 0 0 0 0 0 0 0 0 0 0 0 0 0 0 0 0 0 0 0 0 0 0 0 0 0 0 0 0 
0 0 0 0 0 0 0 0 0 0 0 0 2.06799e+10 7.58889e+11 6.7942e+12 3.09994e+13 9.23336e+13 2.05425e+14 3.72478e+14 5.83449e+14 8.22222e+14 1.0722e+15 1.31899e+15 1.55218e+15 1.76476e+15 1.95291e+15 2.11404e+15 2.24936e+15 2.35769e+15 2.44124e+15 2.49914e+15 2.5339e+15 2.54483e+15 0 0 0 0 0 0 0 0 0 0 0 0 0 0 0 0 0 0 0 0 0 0 0 0 0 0 0 0 0 0 0 0 
0 0 0 0 0 0 0 0 0 0 0 0 0 2.13695e+11 3.5206e+12 2.33682e+13 9.15293e+13 2.5161e+14 5.38609e+14 9.62322e+14 1.50603e+15 2.13618e+15 2.81233e+15 3.4974e+15 4.1588e+15 4.77329e+15 5.32537e+15 5.80267e+15 6.19521e+15 6.50366e+15 6.72506e+15 6.85826e+15 6.90486e+15 0 0 0 0 0 0 0 0 0 0 0 0 0 0 0 0 0 0 0 0 0 0 0 0 0 0 0 0 0 0 0 0 
0 0 0 0 0 0 0 0 0 0 0 0 0 3.01976e+10 1.28247e+12 1.33549e+13 7.12866e+13 2.48008e+14 6.39178e+14 1.32444e+15 2.33486e+15 3.64491e+15 5.18773e+15 6.87173e+15 8.60705e+15 1.03036e+16 1.18871e+16 1.33024e+16 1.45164e+16 1.54822e+16 1.61848e+16 1.66203e+16 1.67548e+16 0 0 0 0 0 0 0 0 0 0 0 0 0 0 0 0 0 0 0 0 0 0 0 0 0 0 0 0 0 0 0 0 
0 0 0 0 0 0 0 0 0 0 0 0 0 0 3.01674e+11 5.6769e+12 4.33211e+13 1.95766e+14 6.18928e+14 1.51107e+15 3.04178e+15 5.28771e+15 8.21665e+15 1.16954e+16 1.55283e+16 1.94951e+16 2.33852e+16 2.69962e+16 3.01621e+16 3.27543e+16 3.46744e+16 3.58393e+16 3.62448e+16 0 0 0 0 0 0 0 0 0 0 0 0 0 0 0 0 0 0 0 0 0 0 0 0 0 0 0 0 0 0 0 0 
0 0 0 0 0 0 0 0 0 0 0 0 0 0 3.62445e+10 1.72744e+12 2.03122e+13 1.23152e+14 4.87416e+14 1.42295e+15 3.31249e+15 6.49015e+15 1.11153e+16 1.71364e+16 2.42897e+16 3.21822e+16 4.03069e+16 4.81763e+16 5.52952e+16 6.12781e+16 6.57918e+16 6.8582e+16 6.95291e+16 0 0 0 0 0 0 0 0 0 0 0 0 0 0 0 0 0 0 0 0 0 0 0 0 0 0 0 0 0 0 0 0 
0 0 0 0 0 0 0 0 0 0 0 0 0 0 0 3.45024e+11 7.20929e+12 6.14474e+13 3.11377e+14 1.10436e+15 3.00936e+15 6.70708e+15 1.27815e+16 2.15232e+16 3.28086e+16 4.6103e+16 6.05866e+16 7.52433e+16 8.90114e+16 1.00916e+17 1.10051e+17 1.15822e+17 1.17795e+17 0 0 0 0 0 0 0 0 0 0 0 0 0 0 0 0 0 0 0 0 0 0 0 0 0 0 0 0 0 0 0 0 
0 0 0 0 0 0 0 0 0 0 0 0 0 0 0 3.58713e+10 1.86227e+12 2.40574e+13 1.61126e+14 7.05744e+14 2.2785e+15 5.83384e+15 1.24749e+16 2.30944e+16 3.80827e+16 5.71027e+16 7.91283e+16 1.02523e+17 1.25383e+17 1.45703e+17 1.61698e+17 1.71892e+17 1.75378e+17 0 0 0 0 0 0 0 0 0 0 0 0 0 0 0 0 0 0 0 0 0 0 0 0 0 0 0 0 0 0 0 0 
0 0 0 0 0 0 0 0 0 0 0 0 0 0 0 0 3.21035e+11 7.24433e+12 6.71221e+13 3.71296e+14 1.438e+15 4.27137e+15 1.03175e+16 2.11525e+16 3.79495e+16 6.10251e+16 8.95155e+16 1.21458e+17 1.54008e+17 1.83862e+17 2.07876e+17 2.23496e+17 2.28904e+17 0 0 0 0 0 0 0 0 0 0 0 0 0 0 0 0 0 0 0 0 0 0 0 0 0 0 0 0 0 0 0 0 
0 0 0 0 0 0 0 0 0 0 0 0 0 0 0 0 2.94228e+10 1.61396e+12 2.22959e+13 1.6055e+14 7.58157e+14 2.63635e+15 7.25096e+15 1.65507e+16 3.24797e+16 5.6238e+16 8.76545e+16 1.24892e+17 1.6464e+17 2.02361e+17 2.33563e+17 2.54089e+17 2.61261e+17 0 0 0 0 0 0 0 0 0 0 0 0 0 0 0 0 0 0 0 0 0 0 0 0 0 0 0 0 0 0 0 0 
0 0 0 0 0 0 0 0 0 0 0 0 0 0 0 0 0 2.43804e+11 5.78677e+12 5.67652e+13 3.33751e+14 1.37584e+15 4.33931e+15 1.10903e+16 2.39035e+16 4.47473e+16 7.43808e+16 1.11636e+17 1.53163e+17 1.94293e+17 2.29121e+17 2.52459e+17 2.60695e+17 0 0 0 0 0 0 0 0 0 0 0 0 0 0 0 0 0 0 0 0 0 0 0 0 0 0 0 0 0 0 0 0 
0 0 0 0 0 0 0 0 0 0 0 0 0 0 0 0 0 2.01173e+10 1.12903e+12 1.62497e+13 1.22551e+14 6.07553e+14 2.21827e+15 6.38717e+15 1.51846e+16 3.08232e+16 5.47686e+16 8.67945e+16 1.24377e+17 1.62846e+17 1.96432e+17 2.19413e+17 2.27561e+17 0 0 0 0 0 0 0 0 0 0 0 0 0 0 0 0 0 0 0 0 0 0 0 0 0 0 0 0 0 0 0 0 
0 0 0 0 0 0 0 0 0 0 0 0 0 0 0 0 0 0 1.51886e+11 3.69114e+12 3.73677e+13 2.27361e+14 9.71333e+14 3.1707e+15 8.35618e+15 1.84645e+16 3.51627e+16 5.89122e+16 8.82603e+16 1.19518e+17 1.47588e+17 1.6713e+17 1.74151e+17 0 0 0 0 0 0 0 0 0 0 0 0 0 0 0 0 0 0 0 0 0 0 0 0 0 0 0 0 0 0 0 0 
0 0 0 0 0 0 0 0 0 0 0 0 0 0 0 0 0 0 1.15664e+10 6.40506e+11 9.35713e+12 7.20554e+13 3.65217e+14 1.36318e+15 4.00166e+15 9.65488e+15 1.97552e+16 3.50832e+16 5.5014e+16 7.71405e+16 9.75838e+16 1.12103e+17 1.17347e+17 0 0 0 0 0 0 0 0 0 0 0 0 0 0 0 0 0 0 0 0 0 0 0 0 0 0 0 0 0 0 0 0 
0 0 0 0 0 0 0 0 0 0 0 0 0 0 0 0 0 0 0 7.79672e+10 1.88752e+12 1.92179e+13 1.18053e+14 5.09241e+14 1.67499e+15 4.42846e+15 9.76218e+15 1.84077e+16 3.02473e+16 4.39453e+16 5.70139e+16 6.64763e+16 6.99344e+16 0 0 0 0 0 0 0 0 0 0 0 0 0 0 0 0 0 0 0 0 0 0 0 0 0 0 0 0 0 0 0 0 
0 0 0 0 0 0 0 0 0 0 0 0 0 0 0 0 0 0 0 5.67098e+09 2.96187e+11 4.27152e+12 3.27395e+13 1.65479e+14 6.15052e+14 1.79239e+15 4.26885e+15 8.56113e+15 1.47678e+16 2.22515e+16 2.96015e+16 3.5034e+16 3.70526e+16 0 0 0 0 0 0 0 0 0 0 0 0 0 0 0 0 0 0 0 0 0 0 0 0 0 0 0 0 0 0 0 0 
0 0 0 0 0 0 0 0 0 0 0 0 0 0 0 0 0 0 0 0 3.32193e+10 7.77707e+11 7.75966e+12 4.68687e+13 1.98919e+14 6.42199e+14 1.65846e+15 3.54678e+15 6.43273e+15 1.00611e+16 1.374e+16 1.65103e+16 1.75433e+16 0 0 0 0 0 0 0 0 0 0 0 0 0 0 0 0 0 0 0 0 0 0 0 0 0 0 0 0 0 0 0 0 
0 0 0 0 0 0 0 0 0 0 0 0 0 0 0 0 0 0 0 0 2.41745e+09 1.12435e+11 1.55392e+12 1.15633e+13 5.67705e+13 2.0464e+14 5.76298e+14 1.31717e+15 2.51468e+15 4.0885e+15 5.73362e+15 7.00156e+15 7.48054e+15 0 0 0 0 0 0 0 0 0 0 0 0 0 0 0 0 0 0 0 0 0 0 0 0 0 0 0 0 0 0 0 0 
0 0 0 0 0 0 0 0 0 0 0 0 0 0 0 0 0 0 0 0 0 1.18929e+10 2.5985e+11 2.46855e+12 1.43112e+13 5.81768e+13 1.79426e+14 4.4038e+14 8.87105e+14 1.50087e+15 2.16542e+15 2.68731e+15 2.88462e+15 0 0 0 0 0 0 0 0 0 0 0 0 0 0 0 0 0 0 0 0 0 0 0 0 0 0 0 0 0 0 0 0 
0 0 0 0 0 0 0 0 0 0 0 0 0 0 0 0 0 0 0 0 0 9.20847e+08 3.54328e+10 4.53884e+11 3.18195e+12 1.47948e+13 5.03896e+13 1.332e+14 2.84177e+14 5.01218e+14 7.43588e+14 9.38276e+14 1.0134e+15 0 0 0 0 0 0 0 0 0 0 0 0 0 0 0 0 0 0 0 0 0 0 0 0 0 0 0 0 0 0 0 0 
0 0 0 0 0 0 0 0 0 0 0 0 0 0 0 0 0 0 0 0 0 0 3.6292e+09 7.11787e+10 6.23757e+11 3.37058e+12 1.27762e+13 3.66097e+13 8.29425e+13 1.52767e+14 2.33526e+14 3.00061e+14 3.25974e+14 0 0 0 0 0 0 0 0 0 0 0 0 0 0 0 0 0 0 0 0 0 0 0 0 0 0 0 0 0 0 0 0 
0 0 0 0 0 0 0 0 0 0 0 0 0 0 0 0 0 0 0 0 0 0 3.21984e+08 9.43559e+09 1.07436e+11 6.88361e+11 2.94141e+12 9.18832e+12 2.21787e+13 4.28046e+13 6.75195e+13 8.83051e+13 9.64715e+13 0 0 0 0 0 0 0 0 0 0 0 0 0 0 0 0 0 0 0 0 0 0 0 0 0 0 0 0 0 0 0 0 
0 0 0 0 0 0 0 0 0 0 0 0 0 0 0 0 0 0 0 0 0 0 0 9.60511e+08 1.62258e+10 1.26566e+11 6.16367e+11 2.11499e+12 5.46494e+12 1.10739e+13 1.80459e+13 2.40616e+13 2.6463e+13 0 0 0 0 0 0 0 0 0 0 0 0 0 0 0 0 0 0 0 0 0 0 0 0 0 0 0 0 0 0 0 0 
0 0 0 0 0 0 0 0 0 0 0 0 0 0 0 0 0 0 0 0 0 0 0 1.04577e+08 2.17619e+09 2.09178e+10 1.18201e+11 4.49334e+11 1.24798e+12 2.66111e+12 4.49247e+12 6.10175e+12 6.76291e+12 0 0 0 0 0 0 0 0 0 0 0 0 0 0 0 0 0 0 0 0 0 0 0 0 0 0 0 0 0 0 0 0 
0 0 0 0 0 0 0 0 0 0 0 0 0 0 0 0 0 0 0 0 0 0 0 0 2.23279e+08 3.15082e+09 2.09405e+10 8.85764e+10 2.6612e+11 5.99066e+11 1.04747e+12 1.454e+12 1.62001e+12 0 0 0 0 0 0 0 0 0 0 0 0 0 0 0 0 0 0 0 0 0 0 0 0 0 0 0 0 0 0 0 0 
0 0 0 0 0 0 0 0 0 0 0 0 0 0 0 0 0 0 0 0 0 0 0 0 3.14688e+07 4.44617e+08 3.41438e+09 1.64036e+10 5.34155e+10 1.27155e+11 2.30735e+11 3.2745e+11 3.67443e+11 0 0 0 0 0 0 0 0 0 0 0 0 0 0 0 0 0 0 0 0 0 0 0 0 0 0 0 0 0 0 0 0 
0 0 0 0 0 0 0 0 0 0 0 0 0 0 0 0 0 0 0 0 0 0 0 0 0 4.53806e+07 5.3541e+08 2.89009e+09 1.01767e+10 2.58236e+10 4.86414e+10 7.04301e+10 7.95709e+10 0 0 0 0 0 0 0 0 0 0 0 0 0 0 0 0 0 0 0 0 0 0 0 0 0 0 0 0 0 0 0 0 
0 0 0 0 0 0 0 0 0 0 0 0 0 0 0 0 0 0 0 0 0 0 0 0 0 8.59439e+06 8.0966e+07 4.74337e+08 1.88782e+09 5.0367e+09 9.88538e+09 1.46607e+10 1.66418e+10 0 0 0 0 0 0 0 0 0 0 0 0 0 0 0 0 0 0 0 0 0 0 0 0 0 0 0 0 0 0 0 0 
0 0 0 0 0 0 0 0 0 0 0 0 0 0 0 0 0 0 0 0 0 0 0 0 0 0 7.83124e+06 8.08426e+07 3.37385e+08 9.52689e+08 1.97205e+09 2.95557e+09 3.4197e+09 0 0 0 0 0 0 0 0 0 0 0 0 0 0 0 0 0 0 0 0 0 0 0 0 0 0 0 0 0 0 0 0 
0 0 0 0 0 0 0 0 0 0 0 0 0 0 0 0 0 0 0 0 0 0 0 0 0 0 2.0753e+06 1.28636e+07 5.61997e+07 1.84199e+08 3.79227e+08 5.97879e+08 6.83207e+08 0 0 0 0 0 0 0 0 0 0 0 0 0 0 0 0 0 0 0 0 0 0 0 0 0 0 0 0 0 0 0 0 
0 0 0 0 0 0 0 0 0 0 0 0 0 0 0 0 0 0 0 0 0 0 0 0 0 0 0 1.08755e+06 1.08319e+07 3.27116e+07 7.35529e+07 1.19105e+08 1.35467e+08 0 0 0 0 0 0 0 0 0 0 0 0 0 0 0 0 0 0 0 0 0 0 0 0 0 0 0 0 0 0 0 0 
0 0 0 0 0 0 0 0 0 0 0 0 0 0 0 0 0 0 0 0 0 0 0 0 0 0 0 429683 1.69375e+06 5.56896e+06 1.5119e+07 2.21137e+07 2.85322e+07 0 0 0 0 0 0 0 0 0 0 0 0 0 0 0 0 0 0 0 0 0 0 0 0 0 0 0 0 0 0 0 0 
0 0 0 0 0 0 0 0 0 0 0 0 0 0 0 0 0 0 0 0 0 0 0 0 0 0 0 0 112545 1.25132e+06 2.40945e+06 4.67708e+06 5.1812e+06 0 0 0 0 0 0 0 0 0 0 0 0 0 0 0 0 0 0 0 0 0 0 0 0 0 0 0 0 0 0 0 0 
0 0 0 0 0 0 0 0 0 0 0 0 0 0 0 0 0 0 0 0 0 0 0 0 0 0 0 0 73608.8 170438 456887 961329 935825 0 0 0 0 0 0 0 0 0 0 0 0 0 0 0 0 0 0 0 0 0 0 0 0 0 0 0 0 0 0 0 0 
0 0 0 0 0 0 0 0 0 0 0 0 0 0 0 0 0 0 0 0 0 0 0 0 0 0 0 0 0 7659.96 116625 111380 239622 0 0 0 0 0 0 0 0 0 0 0 0 0 0 0 0 0 0 0 0 0 0 0 0 0 0 0 0 0 0 0 0 
0 0 0 0 0 0 0 0 0 0 0 0 0 0 0 0 0 0 0 0 0 0 0 0 0 0 0 0 0 9951.57 11483.4 32280.5 37372.7 0 0 0 0 0 0 0 0 0 0 0 0 0 0 0 0 0 0 0 0 0 0 0 0 0 0 0 0 0 0 0 0 
0 0 0 0 0 0 0 0 0 0 0 0 0 0 0 0 0 0 0 0 0 0 0 0 0 0 0 0 0 0 255.437 7652.04 2045.44 0 0 0 0 0 0 0 0 0 0 0 0 0 0 0 0 0 0 0 0 0 0 0 0 0 0 0 0 0 0 0 0 
0 0 0 0 0 0 0 0 0 0 0 0 0 0 0 0 0 0 0 0 0 0 0 0 0 0 0 0 0 0 988.709 382.52 1908.8 0 0 0 0 0 0 0 0 0 0 0 0 0 0 0 0 0 0 0 0 0 0 0 0 0 0 0 0 0 0 0 0 
0 0 0 0 0 0 0 0 0 0 0 0 0 0 0 0 0 0 0 0 0 0 0 0 0 0 0 0 0 0 0 0 255.127 0 0 0 0 0 0 0 0 0 0 0 0 0 0 0 0 0 0 0 0 0 0 0 0 0 0 0 0 0 0 0 0 
0 0 0 0 0 0 0 0 0 0 0 0 0 0 0 0 0 0 0 0 0 0 0 0 0 0 0 0 0 0 0 63.7877 0 0 0 0 0 0 0 0 0 0 0 0 0 0 0 0 0 0 0 0 0 0 0 0 0 0 0 0 0 0 0 0 0 
0 0 0 0 0 0 0 0 0 0 0 0 0 0 0 0 0 0 0 0 0 0 0 0 0 0 0 0 0 0 0 0 0 0 0 0 0 0 0 0 0 0 0 0 0 0 0 0 0 0 0 0 0 0 0 0 0 0 0 0 0 0 0 0 0 
0 0 0 0 0 0 0 0 0 0 0 0 0 0 0 0 0 0 0 0 0 0 0 0 0 0 0 0 0 0 0 0 1.99336 0 0 0 0 0 0 0 0 0 0 0 0 0 0 0 0 0 0 0 0 0 0 0 0 0 0 0 0 0 0 0 0 
