1 0 0 0 0 0 0 0 0 0 0 0 0 0 0 0 0 0 0 0 0 0 0 0 0 0 0 0 0 0 0 0 0 0 0 0 0 0 0 0 0 0 0 0 0 0 0 0 0 0 0 0 0 0 0 0 0 0 0 0 0 0 0 0 1 
0 0 0 0 0 0 0 0 0 0 0 0 0 0 0 0 0 0 0 0 0 0 0 0 0 0 0 0 0 0 0 0 0 0 0 0 0 0 0 0 0 0 0 0 0 0 0 0 0 0 0 0 0 0 0 0 0 0 0 0 0 0 0 0 0 
0 64 0 0 0 0 0 0 0 0 0 0 0 0 0 0 0 0 0 0 0 0 0 0 0 0 0 0 0 0 0 0 0 0 0 0 0 0 0 0 0 0 0 0 0 0 0 0 0 0 0 0 0 0 0 0 0 0 0 0 0 0 0 0 0 
0 0 128 0 0 0 0 0 0 0 0 0 0 0 0 0 0 0 0 0 0 0 0 0 0 0 0 0 0 0 0 0 0 0 0 0 0 0 0 0 0 0 0 0 0 0 0 0 0 0 0 0 0 0 0 0 0 0 0 0 0 0 0 0 0 
0 0 1888 383.935 63.9989 0 0 0 0 0 0 0 0 0 0 0 0 0 0 0 0 0 0 0 0 0 0 0 0 0 0 0 0 0 0 0 0 0 0 0 0 0 0 0 0 0 0 0 0 0 0 0 0 0 0 0 0 0 0 0 0 0 0 0 0 
0 0 0 7168.13 1151.98 512.994 128.559 0 0 0 0 0 0 0 0 0 0 0 0 0 0 0 0 0 0 0 0 0 0 0 0 0 0 0 0 0 0 0 0 0 0 0 0 0 0 0 0 0 0 0 0 0 0 0 0 0 0 0 0 0 0 0 0 0 0 
0 0 0 34111.9 27323.9 6851.32 2566.59 1414.62 387.634 64.7988 0 0 0 0 0 0 0 0 0 0 0 0 0 0 0 0 0 0 0 0 0 0 0 0 0 0 0 0 0 0 0 0 0 0 0 0 0 0 0 0 0 0 0 0 0 0 0 0 0 0 0 0 0 0 0 
0 0 0 0 183688 97273.9 42929.6 16925.9 8594.83 4616.12 1926.64 514.195 128.135 0 0 0 0 0 0 0 0 0 0 0 0 0 0 0 0 0 0 0 0 0 0 0 0 0 0 0 0 0 0 0 0 0 0 0 0 0 0 0 0 0 0 0 0 0 0 0 0 0 0 0 0 
0 0 0 0 423148 829402 412654 222801 121297 59144.1 33651.5 19902.2 9704.42 4379.91 1418.22 388.338 81.4266 0 0 0 0 0 0 0 15.5733 0 0 0 0 0 0 0 15.9407 0 0 0 0 0 0 0 0 0 0 0 0 0 0 0 0 0 0 0 0 0 0 0 0 0 0 0 0 0 0 0 0 
0 0 0 0 0 2.86036e+06 3.32573e+06 1.97974e+06 1.14207e+06 721392 426227 251001 154614 94468.8 55790 29645.4 14013.8 5987.1 2186.39 772.995 386.386 254.727 257.8 253.009 0 260.881 255.153 256.778 257.979 258.332 255.92 254.159 0 0 0 0 0 0 0 0 0 0 0 0 0 0 0 0 0 0 0 0 0 0 0 0 0 0 0 0 0 0 0 0 0 
0 0 0 0 0 3.83011e+06 1.46038e+07 1.35276e+07 9.3782e+06 6.09963e+06 4.02572e+06 2.68998e+06 1.79385e+06 1.17204e+06 778871 513299 330471 206087 120687 68328.7 36957.5 21542.8 13764.3 10837.5 11785.8 9730.89 9412.14 9297.91 9444.7 9250.67 9406.23 9543.09 11382.5 0 0 0 0 0 0 0 0 0 0 0 0 0 0 0 0 0 0 0 0 0 0 0 0 0 0 0 0 0 0 0 0 
0 0 0 0 0 0 3.03378e+07 6.3771e+07 5.74823e+07 4.33115e+07 3.15541e+07 2.23641e+07 1.59102e+07 1.15008e+07 8.2001e+06 5.87824e+06 4.18331e+06 2.94362e+06 2.08915e+06 1.46299e+06 1.0231e+06 710293 502748 372525 286130 248078 232347 223980 217666 218607 216255 214840 207510 0 0 0 0 0 0 0 0 0 0 0 0 0 0 0 0 0 0 0 0 0 0 0 0 0 0 0 0 0 0 0 0 
0 0 0 0 0 0 2.62488e+07 1.69377e+08 2.62928e+08 2.46474e+08 1.99438e+08 1.56114e+08 1.19387e+08 9.0513e+07 6.90481e+07 5.25937e+07 4.02064e+07 3.07124e+07 2.34051e+07 1.78679e+07 1.37456e+07 1.06272e+07 8.34699e+06 6.67962e+06 5.48849e+06 4.64206e+06 4.02989e+06 3.6464e+06 3.43781e+06 3.28105e+06 3.23183e+06 3.20632e+06 3.2213e+06 0 0 0 0 0 0 0 0 0 0 0 0 0 0 0 0 0 0 0 0 0 0 0 0 0 0 0 0 0 0 0 0 
0 0 0 0 0 0 0 2.32745e+08 7.85122e+08 1.06738e+09 1.04253e+09 9.03894e+08 7.50491e+08 6.08821e+08 4.90405e+08 3.93804e+08 3.16155e+08 2.54412e+08 2.05506e+08 1.66419e+08 1.35139e+08 1.10463e+08 9.14951e+07 7.65199e+07 6.51525e+07 5.65773e+07 5.04584e+07 4.58696e+07 4.24194e+07 4.02623e+07 3.86948e+07 3.77435e+07 3.74133e+07 0 0 0 0 0 0 0 0 0 0 0 0 0 0 0 0 0 0 0 0 0 0 0 0 0 0 0 0 0 0 0 0 
0 0 0 0 0 0 0 1.39574e+08 1.38453e+09 3.30035e+09 4.2794e+09 4.34286e+09 3.9849e+09 3.49222e+09 2.98512e+09 2.52514e+09 2.12402e+09 1.78844e+09 1.50609e+09 1.26961e+09 1.07686e+09 9.17881e+08 7.89263e+08 6.84323e+08 6.00803e+08 5.34124e+08 4.81919e+08 4.42228e+08 4.13918e+08 3.9242e+08 3.78859e+08 3.70893e+08 3.68778e+08 0 0 0 0 0 0 0 0 0 0 0 0 0 0 0 0 0 0 0 0 0 0 0 0 0 0 0 0 0 0 0 0 
0 0 0 0 0 0 0 0 1.33987e+09 6.67417e+09 1.31371e+10 1.68186e+10 1.77152e+10 1.70736e+10 1.56859e+10 1.40497e+10 1.24099e+10 1.08874e+10 9.52839e+09 8.3532e+09 7.31563e+09 6.45102e+09 5.70777e+09 5.09203e+09 4.57597e+09 4.15874e+09 3.82434e+09 3.55526e+09 3.35102e+09 3.20153e+09 3.09549e+09 3.03115e+09 3.00613e+09 0 0 0 0 0 0 0 0 0 0 0 0 0 0 0 0 0 0 0 0 0 0 0 0 0 0 0 0 0 0 0 0 
0 0 0 0 0 0 0 0 5.85579e+08 8.31111e+09 2.8397e+10 5.03506e+10 6.4545e+10 7.04431e+10 7.08007e+10 6.78581e+10 6.33578e+10 5.81953e+10 5.29905e+10 4.8055e+10 4.35717e+10 3.94689e+10 3.58837e+10 3.28117e+10 3.01341e+10 2.78991e+10 2.60571e+10 2.45515e+10 2.33524e+10 2.24497e+10 2.18269e+10 2.14708e+10 2.13483e+10 0 0 0 0 0 0 0 0 0 0 0 0 0 0 0 0 0 0 0 0 0 0 0 0 0 0 0 0 0 0 0 0 
0 0 0 0 0 0 0 0 0 5.92893e+09 4.09353e+10 1.11358e+11 1.8646e+11 2.41218e+11 2.71696e+11 2.83575e+11 2.82261e+11 2.73182e+11 2.60016e+11 2.44559e+11 2.29007e+11 2.1386e+11 1.99416e+11 1.86405e+11 1.74898e+11 1.64968e+11 1.56177e+11 1.49042e+11 1.43235e+11 1.38771e+11 1.35717e+11 1.33845e+11 1.33245e+11 0 0 0 0 0 0 0 0 0 0 0 0 0 0 0 0 0 0 0 0 0 0 0 0 0 0 0 0 0 0 0 0 
0 0 0 0 0 0 0 0 0 1.96198e+09 3.76514e+10 1.74375e+11 4.11397e+11 6.66587e+11 8.73509e+11 1.01317e+12 1.0926e+12 1.12552e+12 1.12563e+12 1.10498e+12 1.07061e+12 1.03077e+12 9.8833e+11 9.44541e+11 9.04432e+11 8.67204e+11 8.34287e+11 8.06522e+11 7.83049e+11 7.65202e+11 7.51653e+11 7.44468e+11 7.42048e+11 0 0 0 0 0 0 0 0 0 0 0 0 0 0 0 0 0 0 0 0 0 0 0 0 0 0 0 0 0 0 0 0 
0 0 0 0 0 0 0 0 0 0 2.04996e+10 1.86524e+11 6.70904e+11 1.44458e+12 2.29885e+12 3.05384e+12 3.63742e+12 4.04056e+12 4.28897e+12 4.41848e+12 4.45754e+12 4.43411e+12 4.37386e+12 4.29091e+12 4.19311e+12 4.09605e+12 4.00366e+12 3.9201e+12 3.84362e+12 3.78672e+12 3.74273e+12 3.7165e+12 3.70747e+12 0 0 0 0 0 0 0 0 0 0 0 0 0 0 0 0 0 0 0 0 0 0 0 0 0 0 0 0 0 0 0 0 
0 0 0 0 0 0 0 0 0 0 5.29544e+09 1.31112e+11 7.85788e+11 2.38734e+12 4.83651e+12 7.62614e+12 1.02757e+13 1.25244e+13 1.4293e+13 1.55752e+13 1.64705e+13 1.70371e+13 1.73477e+13 1.74847e+13 1.74951e+13 1.7419e+13 1.72923e+13 1.71512e+13 1.70384e+13 1.69106e+13 1.68171e+13 1.67589e+13 1.67458e+13 0 0 0 0 0 0 0 0 0 0 0 0 0 0 0 0 0 0 0 0 0 0 0 0 0 0 0 0 0 0 0 0 
0 0 0 0 0 0 0 0 0 0 0 5.604e+10 6.44022e+11 2.94219e+12 7.95206e+12 1.54445e+13 2.425e+13 3.3118e+13 4.12173e+13 4.81527e+13 5.37466e+13 5.81554e+13 6.14524e+13 6.38509e+13 6.55451e+13 6.67275e+13 6.74655e+13 6.79185e+13 6.8115e+13 6.82497e+13 6.83078e+13 6.83246e+13 6.83222e+13 0 0 0 0 0 0 0 0 0 0 0 0 0 0 0 0 0 0 0 0 0 0 0 0 0 0 0 0 0 0 0 0 
0 0 0 0 0 0 0 0 0 0 0 1.15889e+10 3.55686e+11 2.65175e+12 1.00313e+13 2.49334e+13 4.7002e+13 7.36667e+13 1.01829e+14 1.29043e+14 1.53875e+14 1.75417e+14 1.93551e+14 2.08417e+14 2.20346e+14 2.29583e+14 2.37031e+14 2.42443e+14 2.46431e+14 2.49169e+14 2.51204e+14 2.52264e+14 2.52586e+14 0 0 0 0 0 0 0 0 0 0 0 0 0 0 0 0 0 0 0 0 0 0 0 0 0 0 0 0 0 0 0 0 
0 0 0 0 0 0 0 0 0 0 0 0 1.22149e+11 1.70871e+12 9.56679e+12 3.15706e+13 7.36945e+13 1.35937e+14 2.12984e+14 2.97603e+14 3.83084e+14 4.64675e+14 5.39109e+14 6.04985e+14 6.61502e+14 7.09216e+14 7.47987e+14 7.79381e+14 8.03939e+14 8.21665e+14 8.34414e+14 8.41757e+14 8.43898e+14 0 0 0 0 0 0 0 0 0 0 0 0 0 0 0 0 0 0 0 0 0 0 0 0 0 0 0 0 0 0 0 0 
0 0 0 0 0 0 0 0 0 0 0 0 2.06764e+10 7.58821e+11 6.79381e+12 3.0998e+13 9.23466e+13 2.05465e+14 3.72458e+14 5.83313e+14 8.221e+14 1.07184e+15 1.31868e+15 1.55184e+15 1.76472e+15 1.95241e+15 2.11384e+15 2.24842e+15 2.35809e+15 2.44243e+15 2.4993e+15 2.53319e+15 2.54619e+15 0 0 0 0 0 0 0 0 0 0 0 0 0 0 0 0 0 0 0 0 0 0 0 0 0 0 0 0 0 0 0 0 
0 0 0 0 0 0 0 0 0 0 0 0 0 2.13747e+11 3.52078e+12 2.3371e+13 9.15155e+13 2.51569e+14 5.38691e+14 9.62562e+14 1.50632e+15 2.13613e+15 2.81227e+15 3.4967e+15 4.15871e+15 4.7745e+15 5.32619e+15 5.80088e+15 6.19599e+15 6.50393e+15 6.72596e+15 6.8593e+15 6.90048e+15 0 0 0 0 0 0 0 0 0 0 0 0 0 0 0 0 0 0 0 0 0 0 0 0 0 0 0 0 0 0 0 0 
0 0 0 0 0 0 0 0 0 0 0 0 0 3.01958e+10 1.28237e+12 1.33537e+13 7.1303e+13 2.48073e+14 6.39125e+14 1.32456e+15 2.33486e+15 3.64563e+15 5.18694e+15 6.87266e+15 8.60467e+15 1.03024e+16 1.18895e+16 1.33122e+16 1.45147e+16 1.54794e+16 1.61884e+16 1.66163e+16 1.67596e+16 0 0 0 0 0 0 0 0 0 0 0 0 0 0 0 0 0 0 0 0 0 0 0 0 0 0 0 0 0 0 0 0 
0 0 0 0 0 0 0 0 0 0 0 0 0 0 3.01765e+11 5.6779e+12 4.3314e+13 1.95708e+14 6.18966e+14 1.51092e+15 3.04141e+15 5.28821e+15 8.21843e+15 1.16964e+16 1.5533e+16 1.94937e+16 2.33818e+16 2.69928e+16 3.01685e+16 3.2765e+16 3.46666e+16 3.5839e+16 3.62491e+16 0 0 0 0 0 0 0 0 0 0 0 0 0 0 0 0 0 0 0 0 0 0 0 0 0 0 0 0 0 0 0 0 
0 0 0 0 0 0 0 0 0 0 0 0 0 0 3.62298e+10 1.72724e+12 2.03132e+13 1.2318e+14 4.87367e+14 1.42307e+15 3.31294e+15 6.4883e+15 1.11145e+16 1.71375e+16 2.42921e+16 3.2183e+16 4.03015e+16 4.81748e+16 5.52858e+16 6.12667e+16 6.58136e+16 6.8622e+16 6.95504e+16 0 0 0 0 0 0 0 0 0 0 0 0 0 0 0 0 0 0 0 0 0 0 0 0 0 0 0 0 0 0 0 0 
0 0 0 0 0 0 0 0 0 0 0 0 0 0 0 3.45182e+11 7.20934e+12 6.14334e+13 3.11395e+14 1.10423e+15 3.00976e+15 6.70831e+15 1.27834e+16 2.15157e+16 3.27999e+16 4.6101e+16 6.05971e+16 7.52452e+16 8.90369e+16 1.00929e+17 1.10044e+17 1.15804e+17 1.17802e+17 0 0 0 0 0 0 0 0 0 0 0 0 0 0 0 0 0 0 0 0 0 0 0 0 0 0 0 0 0 0 0 0 
0 0 0 0 0 0 0 0 0 0 0 0 0 0 0 3.58676e+10 1.8621e+12 2.40616e+13 1.61138e+14 7.05687e+14 2.27763e+15 5.83427e+15 1.24717e+16 2.31004e+16 3.8082e+16 5.71007e+16 7.91142e+16 1.02512e+17 1.25363e+17 1.45703e+17 1.61687e+17 1.71899e+17 1.75379e+17 0 0 0 0 0 0 0 0 0 0 0 0 0 0 0 0 0 0 0 0 0 0 0 0 0 0 0 0 0 0 0 0 
0 0 0 0 0 0 0 0 0 0 0 0 0 0 0 0 3.21167e+11 7.24532e+12 6.71068e+13 3.71352e+14 1.43834e+15 4.27071e+15 1.032e+16 2.11511e+16 3.79503e+16 6.10267e+16 8.95189e+16 1.21436e+17 1.53991e+17 1.83826e+17 2.07876e+17 2.23482e+17 2.28837e+17 0 0 0 0 0 0 0 0 0 0 0 0 0 0 0 0 0 0 0 0 0 0 0 0 0 0 0 0 0 0 0 0 
0 0 0 0 0 0 0 0 0 0 0 0 0 0 0 0 2.94165e+10 1.61418e+12 2.22981e+13 1.60551e+14 7.5805e+14 2.63646e+15 7.25045e+15 1.6553e+16 3.24848e+16 5.62427e+16 8.76662e+16 1.24943e+17 1.64614e+17 2.02392e+17 2.33539e+17 2.54016e+17 2.61279e+17 0 0 0 0 0 0 0 0 0 0 0 0 0 0 0 0 0 0 0 0 0 0 0 0 0 0 0 0 0 0 0 0 
0 0 0 0 0 0 0 0 0 0 0 0 0 0 0 0 0 2.43924e+11 5.78837e+12 5.67664e+13 3.33851e+14 1.37565e+15 4.33873e+15 1.1091e+16 2.39047e+16 4.47449e+16 7.43695e+16 1.11605e+17 1.53219e+17 1.94259e+17 2.29121e+17 2.52471e+17 2.6064e+17 0 0 0 0 0 0 0 0 0 0 0 0 0 0 0 0 0 0 0 0 0 0 0 0 0 0 0 0 0 0 0 0 
0 0 0 0 0 0 0 0 0 0 0 0 0 0 0 0 0 2.01145e+10 1.12971e+12 1.62532e+13 1.22536e+14 6.07664e+14 2.21832e+15 6.38474e+15 1.51844e+16 3.08318e+16 5.47833e+16 8.68066e+16 1.24372e+17 1.62895e+17 1.96443e+17 2.19454e+17 2.27637e+17 0 0 0 0 0 0 0 0 0 0 0 0 0 0 0 0 0 0 0 0 0 0 0 0 0 0 0 0 0 0 0 0 
0 0 0 0 0 0 0 0 0 0 0 0 0 0 0 0 0 0 1.51952e+11 3.69331e+12 3.73597e+13 2.27416e+14 9.71378e+14 3.17091e+15 8.3565e+15 1.8459e+16 3.51537e+16 5.89157e+16 8.82582e+16 1.19496e+17 1.47629e+17 1.67163e+17 1.74137e+17 0 0 0 0 0 0 0 0 0 0 0 0 0 0 0 0 0 0 0 0 0 0 0 0 0 0 0 0 0 0 0 0 
0 0 0 0 0 0 0 0 0 0 0 0 0 0 0 0 0 0 1.15579e+10 6.40595e+11 9.35848e+12 7.20185e+13 3.65248e+14 1.36337e+15 3.9993e+15 9.65456e+15 1.97583e+16 3.50772e+16 5.50052e+16 7.71345e+16 9.75555e+16 1.12084e+17 1.17363e+17 0 0 0 0 0 0 0 0 0 0 0 0 0 0 0 0 0 0 0 0 0 0 0 0 0 0 0 0 0 0 0 0 
0 0 0 0 0 0 0 0 0 0 0 0 0 0 0 0 0 0 0 7.79924e+10 1.88775e+12 1.92238e+13 1.18036e+14 5.09053e+14 1.67489e+15 4.42713e+15 9.7619e+15 1.84109e+16 3.02511e+16 4.39629e+16 5.70196e+16 6.64781e+16 6.99369e+16 0 0 0 0 0 0 0 0 0 0 0 0 0 0 0 0 0 0 0 0 0 0 0 0 0 0 0 0 0 0 0 0 
0 0 0 0 0 0 0 0 0 0 0 0 0 0 0 0 0 0 0 5.66784e+09 2.96139e+11 4.27349e+12 3.2752e+13 1.65507e+14 6.14978e+14 1.79171e+15 4.26647e+15 8.55949e+15 1.4766e+16 2.22417e+16 2.96001e+16 3.50248e+16 3.70383e+16 0 0 0 0 0 0 0 0 0 0 0 0 0 0 0 0 0 0 0 0 0 0 0 0 0 0 0 0 0 0 0 0 
0 0 0 0 0 0 0 0 0 0 0 0 0 0 0 0 0 0 0 0 3.32632e+10 7.77659e+11 7.75786e+12 4.69017e+13 1.99005e+14 6.42173e+14 1.6587e+15 3.54621e+15 6.43251e+15 1.006e+16 1.37388e+16 1.65159e+16 1.75484e+16 0 0 0 0 0 0 0 0 0 0 0 0 0 0 0 0 0 0 0 0 0 0 0 0 0 0 0 0 0 0 0 0 
0 0 0 0 0 0 0 0 0 0 0 0 0 0 0 0 0 0 0 0 2.41774e+09 1.12416e+11 1.55494e+12 1.15556e+13 5.67844e+13 2.04703e+14 5.75731e+14 1.31668e+15 2.51455e+15 4.08905e+15 5.73236e+15 6.99962e+15 7.47849e+15 0 0 0 0 0 0 0 0 0 0 0 0 0 0 0 0 0 0 0 0 0 0 0 0 0 0 0 0 0 0 0 0 
0 0 0 0 0 0 0 0 0 0 0 0 0 0 0 0 0 0 0 0 0 1.19048e+10 2.5987e+11 2.46978e+12 1.43098e+13 5.82269e+13 1.79569e+14 4.40377e+14 8.87638e+14 1.5011e+15 2.16509e+15 2.68612e+15 2.88428e+15 0 0 0 0 0 0 0 0 0 0 0 0 0 0 0 0 0 0 0 0 0 0 0 0 0 0 0 0 0 0 0 0 
0 0 0 0 0 0 0 0 0 0 0 0 0 0 0 0 0 0 0 0 0 9.21029e+08 3.54458e+10 4.53757e+11 3.18359e+12 1.47954e+13 5.03865e+13 1.33255e+14 2.84014e+14 5.01202e+14 7.43778e+14 9.38494e+14 1.01355e+15 0 0 0 0 0 0 0 0 0 0 0 0 0 0 0 0 0 0 0 0 0 0 0 0 0 0 0 0 0 0 0 0 
0 0 0 0 0 0 0 0 0 0 0 0 0 0 0 0 0 0 0 0 0 0 3.63117e+09 7.11309e+10 6.2421e+11 3.36927e+12 1.27738e+13 3.66327e+13 8.29785e+13 1.52859e+14 2.33612e+14 3.00113e+14 3.25987e+14 0 0 0 0 0 0 0 0 0 0 0 0 0 0 0 0 0 0 0 0 0 0 0 0 0 0 0 0 0 0 0 0 
0 0 0 0 0 0 0 0 0 0 0 0 0 0 0 0 0 0 0 0 0 0 3.21505e+08 9.44965e+09 1.0753e+11 6.88495e+11 2.94282e+12 9.19519e+12 2.21953e+13 4.28306e+13 6.75216e+13 8.82725e+13 9.64876e+13 0 0 0 0 0 0 0 0 0 0 0 0 0 0 0 0 0 0 0 0 0 0 0 0 0 0 0 0 0 0 0 0 
0 0 0 0 0 0 0 0 0 0 0 0 0 0 0 0 0 0 0 0 0 0 0 9.61775e+08 1.6223e+10 1.26596e+11 6.16411e+11 2.11592e+12 5.46966e+12 1.10812e+13 1.80553e+13 2.40643e+13 2.64572e+13 0 0 0 0 0 0 0 0 0 0 0 0 0 0 0 0 0 0 0 0 0 0 0 0 0 0 0 0 0 0 0 0 
0 0 0 0 0 0 0 0 0 0 0 0 0 0 0 0 0 0 0 0 0 0 0 1.04485e+08 2.17837e+09 2.09358e+10 1.18217e+11 4.4922e+11 1.24858e+12 2.66314e+12 4.49338e+12 6.10752e+12 6.75647e+12 0 0 0 0 0 0 0 0 0 0 0 0 0 0 0 0 0 0 0 0 0 0 0 0 0 0 0 0 0 0 0 0 
0 0 0 0 0 0 0 0 0 0 0 0 0 0 0 0 0 0 0 0 0 0 0 0 2.23791e+08 3.15142e+09 2.09533e+10 8.859e+10 2.6613e+11 5.9942e+11 1.04826e+12 1.4555e+12 1.62103e+12 0 0 0 0 0 0 0 0 0 0 0 0 0 0 0 0 0 0 0 0 0 0 0 0 0 0 0 0 0 0 0 0 
0 0 0 0 0 0 0 0 0 0 0 0 0 0 0 0 0 0 0 0 0 0 0 0 3.14037e+07 4.44891e+08 3.41509e+09 1.64125e+10 5.34102e+10 1.27231e+11 2.31233e+11 3.27518e+11 3.67645e+11 0 0 0 0 0 0 0 0 0 0 0 0 0 0 0 0 0 0 0 0 0 0 0 0 0 0 0 0 0 0 0 0 
0 0 0 0 0 0 0 0 0 0 0 0 0 0 0 0 0 0 0 0 0 0 0 0 0 4.54906e+07 5.34579e+08 2.89195e+09 1.01849e+10 2.58173e+10 4.86555e+10 7.05417e+10 7.96863e+10 0 0 0 0 0 0 0 0 0 0 0 0 0 0 0 0 0 0 0 0 0 0 0 0 0 0 0 0 0 0 0 0 
0 0 0 0 0 0 0 0 0 0 0 0 0 0 0 0 0 0 0 0 0 0 0 0 0 8.57966e+06 8.10038e+07 4.74364e+08 1.89029e+09 5.03453e+09 9.88675e+09 1.4672e+10 1.66534e+10 0 0 0 0 0 0 0 0 0 0 0 0 0 0 0 0 0 0 0 0 0 0 0 0 0 0 0 0 0 0 0 0 
0 0 0 0 0 0 0 0 0 0 0 0 0 0 0 0 0 0 0 0 0 0 0 0 0 0 7.84964e+06 8.07225e+07 3.38013e+08 9.52087e+08 1.97365e+09 2.96053e+09 3.42527e+09 0 0 0 0 0 0 0 0 0 0 0 0 0 0 0 0 0 0 0 0 0 0 0 0 0 0 0 0 0 0 0 0 
0 0 0 0 0 0 0 0 0 0 0 0 0 0 0 0 0 0 0 0 0 0 0 0 0 0 2.0704e+06 1.28725e+07 5.62138e+07 1.84231e+08 3.79529e+08 5.98262e+08 6.84006e+08 0 0 0 0 0 0 0 0 0 0 0 0 0 0 0 0 0 0 0 0 0 0 0 0 0 0 0 0 0 0 0 0 
0 0 0 0 0 0 0 0 0 0 0 0 0 0 0 0 0 0 0 0 0 0 0 0 0 0 0 1.08946e+06 1.0822e+07 3.2735e+07 7.35221e+07 1.19302e+08 1.35573e+08 0 0 0 0 0 0 0 0 0 0 0 0 0 0 0 0 0 0 0 0 0 0 0 0 0 0 0 0 0 0 0 0 
0 0 0 0 0 0 0 0 0 0 0 0 0 0 0 0 0 0 0 0 0 0 0 0 0 0 0 428546 1.6942e+06 5.57086e+06 1.51397e+07 2.21371e+07 2.85082e+07 0 0 0 0 0 0 0 0 0 0 0 0 0 0 0 0 0 0 0 0 0 0 0 0 0 0 0 0 0 0 0 0 
0 0 0 0 0 0 0 0 0 0 0 0 0 0 0 0 0 0 0 0 0 0 0 0 0 0 0 0 112690 1.24943e+06 2.41057e+06 4.68584e+06 5.18682e+06 0 0 0 0 0 0 0 0 0 0 0 0 0 0 0 0 0 0 0 0 0 0 0 0 0 0 0 0 0 0 0 0 
0 0 0 0 0 0 0 0 0 0 0 0 0 0 0 0 0 0 0 0 0 0 0 0 0 0 0 0 73406.4 170351 457467 963892 936994 0 0 0 0 0 0 0 0 0 0 0 0 0 0 0 0 0 0 0 0 0 0 0 0 0 0 0 0 0 0 0 0 
0 0 0 0 0 0 0 0 0 0 0 0 0 0 0 0 0 0 0 0 0 0 0 0 0 0 0 0 0 7663.68 116489 111435 240080 0 0 0 0 0 0 0 0 0 0 0 0 0 0 0 0 0 0 0 0 0 0 0 0 0 0 0 0 0 0 0 0 
0 0 0 0 0 0 0 0 0 0 0 0 0 0 0 0 0 0 0 0 0 0 0 0 0 0 0 0 0 9925.52 11478.3 32302.7 37439 0 0 0 0 0 0 0 0 0 0 0 0 0 0 0 0 0 0 0 0 0 0 0 0 0 0 0 0 0 0 0 0 
0 0 0 0 0 0 0 0 0 0 0 0 0 0 0 0 0 0 0 0 0 0 0 0 0 0 0 0 0 0 255.336 7640.59 2041.5 0 0 0 0 0 0 0 0 0 0 0 0 0 0 0 0 0 0 0 0 0 0 0 0 0 0 0 0 0 0 0 0 
0 0 0 0 0 0 0 0 0 0 0 0 0 0 0 0 0 0 0 0 0 0 0 0 0 0 0 0 0 0 986.144 382.856 1910.6 0 0 0 0 0 0 0 0 0 0 0 0 0 0 0 0 0 0 0 0 0 0 0 0 0 0 0 0 0 0 0 0 
0 0 0 0 0 0 0 0 0 0 0 0 0 0 0 0 0 0 0 0 0 0 0 0 0 0 0 0 0 0 0 0 254.722 0 0 0 0 0 0 0 0 0 0 0 0 0 0 0 0 0 0 0 0 0 0 0 0 0 0 0 0 0 0 0 0 
0 0 0 0 0 0 0 0 0 0 0 0 0 0 0 0 0 0 0 0 0 0 0 0 0 0 0 0 0 0 0 63.6222 0 0 0 0 0 0 0 0 0 0 0 0 0 0 0 0 0 0 0 0 0 0 0 0 0 0 0 0 0 0 0 0 0 
0 0 0 0 0 0 0 0 0 0 0 0 0 0 0 0 0 0 0 0 0 0 0 0 0 0 0 0 0 0 0 0 0 0 0 0 0 0 0 0 0 0 0 0 0 0 0 0 0 0 0 0 0 0 0 0 0 0 0 0 0 0 0 0 0 
0 0 0 0 0 0 0 0 0 0 0 0 0 0 0 0 0 0 0 0 0 0 0 0 0 0 0 0 0 0 0 0 1.98819 0 0 0 0 0 0 0 0 0 0 0 0 0 0 0 0 0 0 0 0 0 0 0 0 0 0 0 0 0 0 0 0 
