1 0 0 0 0 0 0 0 0 0 0 0 0 0 0 0 0 0 0 0 0 0 0 0 0 0 0 0 0 0 0 0 0 0 0 0 0 0 0 0 0 0 0 0 0 0 0 0 0 0 0 0 0 0 0 0 0 0 0 0 0 0 0 0 1 
0 0 0 0 0 0 0 0 0 0 0 0 0 0 0 0 0 0 0 0 0 0 0 0 0 0 0 0 0 0 0 0 0 0 0 0 0 0 0 0 0 0 0 0 0 0 0 0 0 0 0 0 0 0 0 0 0 0 0 0 0 0 0 0 0 
0 64 0 0 0 0 0 0 0 0 0 0 0 0 0 0 0 0 0 0 0 0 0 0 0 0 0 0 0 0 0 0 0 0 0 0 0 0 0 0 0 0 0 0 0 0 0 0 0 0 0 0 0 0 0 0 0 0 0 0 0 0 0 0 0 
0 0 128 0 0 0 0 0 0 0 0 0 0 0 0 0 0 0 0 0 0 0 0 0 0 0 0 0 0 0 0 0 0 0 0 0 0 0 0 0 0 0 0 0 0 0 0 0 0 0 0 0 0 0 0 0 0 0 0 0 0 0 0 0 0 
0 0 1888 383.795 63.9918 0 0 0 0 0 0 0 0 0 0 0 0 0 0 0 0 0 0 0 0 0 0 0 0 0 0 0 0 0 0 0 0 0 0 0 0 0 0 0 0 0 0 0 0 0 0 0 0 0 0 0 0 0 0 0 0 0 0 0 0 
0 0 0 7168.41 1153.3 512.783 127.99 0 0 0 0 0 0 0 0 0 0 0 0 0 0 0 0 0 0 0 0 0 0 0 0 0 0 0 0 0 0 0 0 0 0 0 0 0 0 0 0 0 0 0 0 0 0 0 0 0 0 0 0 0 0 0 0 0 0 
0 0 0 34111.8 27324.1 6851.03 2564.37 1409.98 384.645 64.2974 0 0 0 0 0 0 0 0 0 0 0 0 0 0 0 0 0 0 0 0 0 0 0 0 0 0 0 0 0 0 0 0 0 0 0 0 0 0 0 0 0 0 0 0 0 0 0 0 0 0 0 0 0 0 0 
0 0 0 0 183684 97283.8 42876.3 16930.6 8590.43 4603.81 1926.45 512.615 127.911 0 0 0 0 0 0 0 0 0 0 0 0 0 0 0 0 0 0 0 0 0 0 0 0 0 0 0 0 0 0 0 0 0 0 0 0 0 0 0 0 0 0 0 0 0 0 0 0 0 0 0 0 
0 0 0 0 423151 829363 412707 223001 121200 59082 33653.6 19840.7 9679.78 4388.01 1416.08 384.727 80.9535 0 0 0 0 0 0 0 15.4869 0 0 0 0 0 0 0 15.8196 0 0 0 0 0 0 0 0 0 0 0 0 0 0 0 0 0 0 0 0 0 0 0 0 0 0 0 0 0 0 0 0 
0 0 0 0 0 2.86041e+06 3.32563e+06 1.98075e+06 1.14322e+06 721144 425671 250706 154766 94623 55826.9 29600.2 14000.4 5934.79 2190.91 774.564 385.728 260.484 255.993 252.251 0 260.769 256.469 254.128 254.286 256.497 255.249 253.983 0 0 0 0 0 0 0 0 0 0 0 0 0 0 0 0 0 0 0 0 0 0 0 0 0 0 0 0 0 0 0 0 0 
0 0 0 0 0 3.83009e+06 1.46061e+07 1.35298e+07 9.37327e+06 6.10048e+06 4.03187e+06 2.69571e+06 1.78928e+06 1.16866e+06 774445 510160 328893 205728 120249 68156.8 37033.6 21473 13896.2 10869.7 11771.3 9746.18 9345.44 9204.95 9365.97 9228.47 9379.73 9519.48 11325.5 0 0 0 0 0 0 0 0 0 0 0 0 0 0 0 0 0 0 0 0 0 0 0 0 0 0 0 0 0 0 0 0 
0 0 0 0 0 0 3.03336e+07 6.37672e+07 5.74737e+07 4.32992e+07 3.15376e+07 2.23506e+07 1.59055e+07 1.14739e+07 8.18472e+06 5.86259e+06 4.16148e+06 2.9416e+06 2.0911e+06 1.45803e+06 1.024e+06 709357 503316 372038 284980 246382 230818 223101 217669 218550 216128 214342 206853 0 0 0 0 0 0 0 0 0 0 0 0 0 0 0 0 0 0 0 0 0 0 0 0 0 0 0 0 0 0 0 0 
0 0 0 0 0 0 2.62508e+07 1.69379e+08 2.63003e+08 2.46504e+08 1.99418e+08 1.56003e+08 1.19338e+08 9.05565e+07 6.896e+07 5.26216e+07 4.02342e+07 3.06581e+07 2.33859e+07 1.78772e+07 1.36957e+07 1.06218e+07 8.34068e+06 6.66886e+06 5.47661e+06 4.62536e+06 4.00088e+06 3.62645e+06 3.42132e+06 3.27577e+06 3.22601e+06 3.19771e+06 3.21112e+06 0 0 0 0 0 0 0 0 0 0 0 0 0 0 0 0 0 0 0 0 0 0 0 0 0 0 0 0 0 0 0 0 
0 0 0 0 0 0 0 2.32738e+08 7.84977e+08 1.06763e+09 1.04195e+09 9.03664e+08 7.49488e+08 6.08232e+08 4.90399e+08 3.93715e+08 3.16116e+08 2.54139e+08 2.05135e+08 1.66194e+08 1.34951e+08 1.10456e+08 9.11723e+07 7.63891e+07 6.49607e+07 5.64909e+07 5.03261e+07 4.58396e+07 4.23394e+07 4.01847e+07 3.85359e+07 3.77542e+07 3.73549e+07 0 0 0 0 0 0 0 0 0 0 0 0 0 0 0 0 0 0 0 0 0 0 0 0 0 0 0 0 0 0 0 0 
0 0 0 0 0 0 0 1.3958e+08 1.3847e+09 3.2998e+09 4.28108e+09 4.34285e+09 3.98715e+09 3.49379e+09 2.98336e+09 2.52562e+09 2.12312e+09 1.78801e+09 1.50691e+09 1.27004e+09 1.07777e+09 9.18425e+08 7.88538e+08 6.83504e+08 6.00693e+08 5.33596e+08 4.81535e+08 4.41045e+08 4.126e+08 3.91871e+08 3.7822e+08 3.70158e+08 3.68137e+08 0 0 0 0 0 0 0 0 0 0 0 0 0 0 0 0 0 0 0 0 0 0 0 0 0 0 0 0 0 0 0 0 
0 0 0 0 0 0 0 0 1.33973e+09 6.6738e+09 1.31368e+10 1.68224e+10 1.77326e+10 1.70815e+10 1.56837e+10 1.4047e+10 1.24135e+10 1.08807e+10 9.52406e+09 8.33849e+09 7.31646e+09 6.44481e+09 5.70328e+09 5.07722e+09 4.5699e+09 4.14914e+09 3.81802e+09 3.55066e+09 3.34356e+09 3.18961e+09 3.08536e+09 3.02289e+09 3.00338e+09 0 0 0 0 0 0 0 0 0 0 0 0 0 0 0 0 0 0 0 0 0 0 0 0 0 0 0 0 0 0 0 0 
0 0 0 0 0 0 0 0 5.85633e+08 8.31277e+09 2.83941e+10 5.03612e+10 6.45675e+10 7.04554e+10 7.08147e+10 6.78661e+10 6.33429e+10 5.8185e+10 5.29571e+10 4.80277e+10 4.3478e+10 3.94245e+10 3.58313e+10 3.27782e+10 3.00906e+10 2.78998e+10 2.59969e+10 2.44908e+10 2.3357e+10 2.24466e+10 2.17988e+10 2.14494e+10 2.13615e+10 0 0 0 0 0 0 0 0 0 0 0 0 0 0 0 0 0 0 0 0 0 0 0 0 0 0 0 0 0 0 0 0 
0 0 0 0 0 0 0 0 0 5.92755e+09 4.0937e+10 1.11356e+11 1.86391e+11 2.41198e+11 2.71886e+11 2.83528e+11 2.82194e+11 2.73063e+11 2.5981e+11 2.44452e+11 2.28689e+11 2.13377e+11 1.9916e+11 1.86204e+11 1.74674e+11 1.64595e+11 1.55974e+11 1.48917e+11 1.43137e+11 1.38724e+11 1.35594e+11 1.33742e+11 1.33237e+11 0 0 0 0 0 0 0 0 0 0 0 0 0 0 0 0 0 0 0 0 0 0 0 0 0 0 0 0 0 0 0 0 
0 0 0 0 0 0 0 0 0 1.96234e+09 3.7653e+10 1.7434e+11 4.11436e+11 6.66593e+11 8.73372e+11 1.01344e+12 1.09236e+12 1.12502e+12 1.12531e+12 1.10416e+12 1.07039e+12 1.02987e+12 9.8671e+11 9.44287e+11 9.03829e+11 8.66468e+11 8.34259e+11 8.05999e+11 7.82864e+11 7.6479e+11 7.51849e+11 7.44286e+11 7.41525e+11 0 0 0 0 0 0 0 0 0 0 0 0 0 0 0 0 0 0 0 0 0 0 0 0 0 0 0 0 0 0 0 0 
0 0 0 0 0 0 0 0 0 0 2.0498e+10 1.86549e+11 6.70874e+11 1.44444e+12 2.29846e+12 3.05427e+12 3.63606e+12 4.03921e+12 4.2873e+12 4.41671e+12 4.45639e+12 4.43272e+12 4.37406e+12 4.28893e+12 4.19152e+12 4.09808e+12 4.0051e+12 3.91671e+12 3.84392e+12 3.78633e+12 3.74335e+12 3.71703e+12 3.71245e+12 0 0 0 0 0 0 0 0 0 0 0 0 0 0 0 0 0 0 0 0 0 0 0 0 0 0 0 0 0 0 0 0 
0 0 0 0 0 0 0 0 0 0 5.29574e+09 1.31106e+11 7.85808e+11 2.3875e+12 4.83592e+12 7.62357e+12 1.02739e+13 1.2525e+13 1.42871e+13 1.55743e+13 1.64603e+13 1.70267e+13 1.73526e+13 1.7489e+13 1.74993e+13 1.74184e+13 1.73e+13 1.71562e+13 1.70269e+13 1.69053e+13 1.68171e+13 1.67716e+13 1.67319e+13 0 0 0 0 0 0 0 0 0 0 0 0 0 0 0 0 0 0 0 0 0 0 0 0 0 0 0 0 0 0 0 0 
0 0 0 0 0 0 0 0 0 0 0 5.60433e+10 6.44008e+11 2.94257e+12 7.95319e+12 1.54459e+13 2.42471e+13 3.31106e+13 4.12044e+13 4.81315e+13 5.37515e+13 5.81399e+13 6.14348e+13 6.38714e+13 6.55843e+13 6.67003e+13 6.74165e+13 6.78866e+13 6.81208e+13 6.82548e+13 6.83367e+13 6.83008e+13 6.83229e+13 0 0 0 0 0 0 0 0 0 0 0 0 0 0 0 0 0 0 0 0 0 0 0 0 0 0 0 0 0 0 0 0 
0 0 0 0 0 0 0 0 0 0 0 1.15904e+10 3.5569e+11 2.65112e+12 1.00333e+13 2.4934e+13 4.70078e+13 7.36651e+13 1.01843e+14 1.29052e+14 1.53823e+14 1.75404e+14 1.93558e+14 2.08429e+14 2.20282e+14 2.29671e+14 2.36962e+14 2.4237e+14 2.46547e+14 2.49399e+14 2.51126e+14 2.52233e+14 2.52666e+14 0 0 0 0 0 0 0 0 0 0 0 0 0 0 0 0 0 0 0 0 0 0 0 0 0 0 0 0 0 0 0 0 
0 0 0 0 0 0 0 0 0 0 0 0 1.22151e+11 1.70883e+12 9.56412e+12 3.15691e+13 7.37058e+13 1.35966e+14 2.12974e+14 2.97603e+14 3.83163e+14 4.64796e+14 5.39226e+14 6.05086e+14 6.61451e+14 7.09139e+14 7.47821e+14 7.79405e+14 8.03538e+14 8.21851e+14 8.34425e+14 8.41581e+14 8.44102e+14 0 0 0 0 0 0 0 0 0 0 0 0 0 0 0 0 0 0 0 0 0 0 0 0 0 0 0 0 0 0 0 0 
0 0 0 0 0 0 0 0 0 0 0 0 2.06834e+10 7.58919e+11 6.79343e+12 3.10062e+13 9.23281e+13 2.05419e+14 3.72495e+14 5.8348e+14 8.22056e+14 1.07204e+15 1.31894e+15 1.55171e+15 1.765e+15 1.95271e+15 2.11484e+15 2.24917e+15 2.35771e+15 2.44045e+15 2.49965e+15 2.53426e+15 2.54503e+15 0 0 0 0 0 0 0 0 0 0 0 0 0 0 0 0 0 0 0 0 0 0 0 0 0 0 0 0 0 0 0 0 
0 0 0 0 0 0 0 0 0 0 0 0 0 2.13747e+11 3.52134e+12 2.33611e+13 9.15367e+13 2.51646e+14 5.38549e+14 9.62283e+14 1.50619e+15 2.13557e+15 2.81155e+15 3.49711e+15 4.15906e+15 4.77434e+15 5.32543e+15 5.80377e+15 6.1954e+15 6.50317e+15 6.72334e+15 6.85777e+15 6.90317e+15 0 0 0 0 0 0 0 0 0 0 0 0 0 0 0 0 0 0 0 0 0 0 0 0 0 0 0 0 0 0 0 0 
0 0 0 0 0 0 0 0 0 0 0 0 0 3.0203e+10 1.28262e+12 1.33564e+13 7.12887e+13 2.48007e+14 6.39369e+14 1.32444e+15 2.33477e+15 3.64496e+15 5.18585e+15 6.87067e+15 8.60071e+15 1.02991e+16 1.18872e+16 1.33033e+16 1.45174e+16 1.54813e+16 1.61868e+16 1.66132e+16 1.67542e+16 0 0 0 0 0 0 0 0 0 0 0 0 0 0 0 0 0 0 0 0 0 0 0 0 0 0 0 0 0 0 0 0 
0 0 0 0 0 0 0 0 0 0 0 0 0 0 3.01745e+11 5.67781e+12 4.33137e+13 1.95736e+14 6.18884e+14 1.51139e+15 3.04161e+15 5.28809e+15 8.21871e+15 1.16941e+16 1.55283e+16 1.94935e+16 2.33795e+16 2.69871e+16 3.01623e+16 3.27536e+16 3.46747e+16 3.58457e+16 3.62333e+16 0 0 0 0 0 0 0 0 0 0 0 0 0 0 0 0 0 0 0 0 0 0 0 0 0 0 0 0 0 0 0 0 
0 0 0 0 0 0 0 0 0 0 0 0 0 0 3.62425e+10 1.72769e+12 2.03127e+13 1.2316e+14 4.87308e+14 1.42283e+15 3.3135e+15 6.4904e+15 1.11165e+16 1.71392e+16 2.42979e+16 3.21791e+16 4.03075e+16 4.81623e+16 5.52826e+16 6.12768e+16 6.57774e+16 6.85927e+16 6.95575e+16 0 0 0 0 0 0 0 0 0 0 0 0 0 0 0 0 0 0 0 0 0 0 0 0 0 0 0 0 0 0 0 0 
0 0 0 0 0 0 0 0 0 0 0 0 0 0 0 3.45203e+11 7.21015e+12 6.14451e+13 3.11473e+14 1.10421e+15 3.00901e+15 6.70844e+15 1.27838e+16 2.15203e+16 3.28078e+16 4.61081e+16 6.05815e+16 7.52752e+16 8.90095e+16 1.00914e+17 1.10077e+17 1.15823e+17 1.17803e+17 0 0 0 0 0 0 0 0 0 0 0 0 0 0 0 0 0 0 0 0 0 0 0 0 0 0 0 0 0 0 0 0 
0 0 0 0 0 0 0 0 0 0 0 0 0 0 0 3.58739e+10 1.8628e+12 2.40563e+13 1.61055e+14 7.05854e+14 2.27816e+15 5.8327e+15 1.24709e+16 2.30997e+16 3.80812e+16 5.71174e+16 7.91427e+16 1.02499e+17 1.25397e+17 1.45714e+17 1.61679e+17 1.71901e+17 1.75367e+17 0 0 0 0 0 0 0 0 0 0 0 0 0 0 0 0 0 0 0 0 0 0 0 0 0 0 0 0 0 0 0 0 
0 0 0 0 0 0 0 0 0 0 0 0 0 0 0 0 3.21214e+11 7.24717e+12 6.71258e+13 3.71223e+14 1.43803e+15 4.271e+15 1.0319e+16 2.11521e+16 3.7951e+16 6.10206e+16 8.95071e+16 1.2148e+17 1.54015e+17 1.8383e+17 2.0788e+17 2.23428e+17 2.28896e+17 0 0 0 0 0 0 0 0 0 0 0 0 0 0 0 0 0 0 0 0 0 0 0 0 0 0 0 0 0 0 0 0 
0 0 0 0 0 0 0 0 0 0 0 0 0 0 0 0 2.94324e+10 1.61469e+12 2.23003e+13 1.60539e+14 7.58114e+14 2.63677e+15 7.25075e+15 1.65494e+16 3.24748e+16 5.62195e+16 8.76657e+16 1.24907e+17 1.64599e+17 2.02375e+17 2.33568e+17 2.5415e+17 2.61249e+17 0 0 0 0 0 0 0 0 0 0 0 0 0 0 0 0 0 0 0 0 0 0 0 0 0 0 0 0 0 0 0 0 
0 0 0 0 0 0 0 0 0 0 0 0 0 0 0 0 0 2.4404e+11 5.79206e+12 5.67668e+13 3.33801e+14 1.37557e+15 4.33927e+15 1.10916e+16 2.39125e+16 4.47606e+16 7.43722e+16 1.11618e+17 1.53246e+17 1.94327e+17 2.29124e+17 2.5244e+17 2.60682e+17 0 0 0 0 0 0 0 0 0 0 0 0 0 0 0 0 0 0 0 0 0 0 0 0 0 0 0 0 0 0 0 0 
0 0 0 0 0 0 0 0 0 0 0 0 0 0 0 0 0 2.01165e+10 1.12969e+12 1.62595e+13 1.22521e+14 6.07506e+14 2.21808e+15 6.38556e+15 1.51808e+16 3.08285e+16 5.4775e+16 8.67735e+16 1.24328e+17 1.62828e+17 1.96399e+17 2.19434e+17 2.27542e+17 0 0 0 0 0 0 0 0 0 0 0 0 0 0 0 0 0 0 0 0 0 0 0 0 0 0 0 0 0 0 0 0 
0 0 0 0 0 0 0 0 0 0 0 0 0 0 0 0 0 0 1.52013e+11 3.69313e+12 3.7377e+13 2.27465e+14 9.71257e+14 3.17009e+15 8.35578e+15 1.84595e+16 3.51576e+16 5.89299e+16 8.82479e+16 1.19541e+17 1.47636e+17 1.67109e+17 1.74215e+17 0 0 0 0 0 0 0 0 0 0 0 0 0 0 0 0 0 0 0 0 0 0 0 0 0 0 0 0 0 0 0 0 
0 0 0 0 0 0 0 0 0 0 0 0 0 0 0 0 0 0 1.15685e+10 6.40959e+11 9.36031e+12 7.19921e+13 3.65276e+14 1.36342e+15 4.00008e+15 9.65337e+15 1.97567e+16 3.50865e+16 5.50199e+16 7.71061e+16 9.75693e+16 1.12097e+17 1.17331e+17 0 0 0 0 0 0 0 0 0 0 0 0 0 0 0 0 0 0 0 0 0 0 0 0 0 0 0 0 0 0 0 0 
0 0 0 0 0 0 0 0 0 0 0 0 0 0 0 0 0 0 0 7.80261e+10 1.88888e+12 1.92303e+13 1.18035e+14 5.0913e+14 1.67479e+15 4.42793e+15 9.76282e+15 1.84089e+16 3.02628e+16 4.39572e+16 5.7013e+16 6.64899e+16 6.99225e+16 0 0 0 0 0 0 0 0 0 0 0 0 0 0 0 0 0 0 0 0 0 0 0 0 0 0 0 0 0 0 0 0 
0 0 0 0 0 0 0 0 0 0 0 0 0 0 0 0 0 0 0 5.66915e+09 2.96313e+11 4.27431e+12 3.27331e+13 1.65528e+14 6.1535e+14 1.79213e+15 4.26663e+15 8.55761e+15 1.47608e+16 2.22525e+16 2.95955e+16 3.50311e+16 3.70549e+16 0 0 0 0 0 0 0 0 0 0 0 0 0 0 0 0 0 0 0 0 0 0 0 0 0 0 0 0 0 0 0 0 
0 0 0 0 0 0 0 0 0 0 0 0 0 0 0 0 0 0 0 0 3.3276e+10 7.78482e+11 7.75988e+12 4.68737e+13 1.98936e+14 6.42296e+14 1.65823e+15 3.5458e+15 6.4303e+15 1.00593e+16 1.37443e+16 1.65127e+16 1.75447e+16 0 0 0 0 0 0 0 0 0 0 0 0 0 0 0 0 0 0 0 0 0 0 0 0 0 0 0 0 0 0 0 0 
0 0 0 0 0 0 0 0 0 0 0 0 0 0 0 0 0 0 0 0 2.41987e+09 1.12512e+11 1.55558e+12 1.15557e+13 5.67636e+13 2.04665e+14 5.76257e+14 1.31669e+15 2.51423e+15 4.0866e+15 5.73237e+15 7.00166e+15 7.48199e+15 0 0 0 0 0 0 0 0 0 0 0 0 0 0 0 0 0 0 0 0 0 0 0 0 0 0 0 0 0 0 0 0 
0 0 0 0 0 0 0 0 0 0 0 0 0 0 0 0 0 0 0 0 0 1.1917e+10 2.60121e+11 2.46998e+12 1.43106e+13 5.82093e+13 1.79449e+14 4.4011e+14 8.87018e+14 1.50053e+15 2.16472e+15 2.68583e+15 2.88352e+15 0 0 0 0 0 0 0 0 0 0 0 0 0 0 0 0 0 0 0 0 0 0 0 0 0 0 0 0 0 0 0 0 
0 0 0 0 0 0 0 0 0 0 0 0 0 0 0 0 0 0 0 0 0 9.21404e+08 3.54657e+10 4.54611e+11 3.18297e+12 1.4794e+13 5.03813e+13 1.33228e+14 2.8414e+14 5.01134e+14 7.43093e+14 9.37833e+14 1.01317e+15 0 0 0 0 0 0 0 0 0 0 0 0 0 0 0 0 0 0 0 0 0 0 0 0 0 0 0 0 0 0 0 0 
0 0 0 0 0 0 0 0 0 0 0 0 0 0 0 0 0 0 0 0 0 0 3.63523e+09 7.12469e+10 6.24568e+11 3.36878e+12 1.27866e+13 3.66285e+13 8.29478e+13 1.52824e+14 2.33597e+14 2.99828e+14 3.25584e+14 0 0 0 0 0 0 0 0 0 0 0 0 0 0 0 0 0 0 0 0 0 0 0 0 0 0 0 0 0 0 0 0 
0 0 0 0 0 0 0 0 0 0 0 0 0 0 0 0 0 0 0 0 0 0 3.21619e+08 9.45198e+09 1.07603e+11 6.88275e+11 2.93991e+12 9.19342e+12 2.21908e+13 4.28117e+13 6.75336e+13 8.82665e+13 9.64262e+13 0 0 0 0 0 0 0 0 0 0 0 0 0 0 0 0 0 0 0 0 0 0 0 0 0 0 0 0 0 0 0 0 
0 0 0 0 0 0 0 0 0 0 0 0 0 0 0 0 0 0 0 0 0 0 0 9.61933e+08 1.62453e+10 1.26758e+11 6.16348e+11 2.11662e+12 5.46504e+12 1.10753e+13 1.80504e+13 2.40667e+13 2.64588e+13 0 0 0 0 0 0 0 0 0 0 0 0 0 0 0 0 0 0 0 0 0 0 0 0 0 0 0 0 0 0 0 0 
0 0 0 0 0 0 0 0 0 0 0 0 0 0 0 0 0 0 0 0 0 0 0 1.04606e+08 2.17867e+09 2.09379e+10 1.18234e+11 4.48897e+11 1.24836e+12 2.66199e+12 4.49278e+12 6.10804e+12 6.75634e+12 0 0 0 0 0 0 0 0 0 0 0 0 0 0 0 0 0 0 0 0 0 0 0 0 0 0 0 0 0 0 0 0 
0 0 0 0 0 0 0 0 0 0 0 0 0 0 0 0 0 0 0 0 0 0 0 0 2.2362e+08 3.15643e+09 2.09842e+10 8.86724e+10 2.66189e+11 5.99316e+11 1.04814e+12 1.45381e+12 1.62057e+12 0 0 0 0 0 0 0 0 0 0 0 0 0 0 0 0 0 0 0 0 0 0 0 0 0 0 0 0 0 0 0 0 
0 0 0 0 0 0 0 0 0 0 0 0 0 0 0 0 0 0 0 0 0 0 0 0 3.14749e+07 4.45167e+08 3.41554e+09 1.64131e+10 5.34285e+10 1.27225e+11 2.31011e+11 3.27523e+11 3.67688e+11 0 0 0 0 0 0 0 0 0 0 0 0 0 0 0 0 0 0 0 0 0 0 0 0 0 0 0 0 0 0 0 0 
0 0 0 0 0 0 0 0 0 0 0 0 0 0 0 0 0 0 0 0 0 0 0 0 0 4.54637e+07 5.35479e+08 2.89331e+09 1.01877e+10 2.58244e+10 4.86555e+10 7.05406e+10 7.96474e+10 0 0 0 0 0 0 0 0 0 0 0 0 0 0 0 0 0 0 0 0 0 0 0 0 0 0 0 0 0 0 0 0 
0 0 0 0 0 0 0 0 0 0 0 0 0 0 0 0 0 0 0 0 0 0 0 0 0 8.60059e+06 8.09836e+07 4.74479e+08 1.89026e+09 5.03959e+09 9.88227e+09 1.46497e+10 1.6655e+10 0 0 0 0 0 0 0 0 0 0 0 0 0 0 0 0 0 0 0 0 0 0 0 0 0 0 0 0 0 0 0 0 
0 0 0 0 0 0 0 0 0 0 0 0 0 0 0 0 0 0 0 0 0 0 0 0 0 0 7.84442e+06 8.08076e+07 3.37989e+08 9.53692e+08 1.97486e+09 2.95865e+09 3.42028e+09 0 0 0 0 0 0 0 0 0 0 0 0 0 0 0 0 0 0 0 0 0 0 0 0 0 0 0 0 0 0 0 0 
0 0 0 0 0 0 0 0 0 0 0 0 0 0 0 0 0 0 0 0 0 0 0 0 0 0 2.07425e+06 1.28743e+07 5.62556e+07 1.84458e+08 3.7979e+08 5.98625e+08 6.84509e+08 0 0 0 0 0 0 0 0 0 0 0 0 0 0 0 0 0 0 0 0 0 0 0 0 0 0 0 0 0 0 0 0 
0 0 0 0 0 0 0 0 0 0 0 0 0 0 0 0 0 0 0 0 0 0 0 0 0 0 0 1.08877e+06 1.08362e+07 3.27441e+07 7.36332e+07 1.19384e+08 1.35587e+08 0 0 0 0 0 0 0 0 0 0 0 0 0 0 0 0 0 0 0 0 0 0 0 0 0 0 0 0 0 0 0 0 
0 0 0 0 0 0 0 0 0 0 0 0 0 0 0 0 0 0 0 0 0 0 0 0 0 0 0 429285 1.6957e+06 5.57835e+06 1.51703e+07 2.21498e+07 2.85651e+07 0 0 0 0 0 0 0 0 0 0 0 0 0 0 0 0 0 0 0 0 0 0 0 0 0 0 0 0 0 0 0 0 
0 0 0 0 0 0 0 0 0 0 0 0 0 0 0 0 0 0 0 0 0 0 0 0 0 0 0 0 112650 1.25192e+06 2.41405e+06 4.69274e+06 5.19352e+06 0 0 0 0 0 0 0 0 0 0 0 0 0 0 0 0 0 0 0 0 0 0 0 0 0 0 0 0 0 0 0 0 
0 0 0 0 0 0 0 0 0 0 0 0 0 0 0 0 0 0 0 0 0 0 0 0 0 0 0 0 73563.5 170559 457960 965314 937974 0 0 0 0 0 0 0 0 0 0 0 0 0 0 0 0 0 0 0 0 0 0 0 0 0 0 0 0 0 0 0 0 
0 0 0 0 0 0 0 0 0 0 0 0 0 0 0 0 0 0 0 0 0 0 0 0 0 0 0 0 0 7664.17 116692 111640 240548 0 0 0 0 0 0 0 0 0 0 0 0 0 0 0 0 0 0 0 0 0 0 0 0 0 0 0 0 0 0 0 0 
0 0 0 0 0 0 0 0 0 0 0 0 0 0 0 0 0 0 0 0 0 0 0 0 0 0 0 0 0 9946.88 11492 32333.6 37497.4 0 0 0 0 0 0 0 0 0 0 0 0 0 0 0 0 0 0 0 0 0 0 0 0 0 0 0 0 0 0 0 0 
0 0 0 0 0 0 0 0 0 0 0 0 0 0 0 0 0 0 0 0 0 0 0 0 0 0 0 0 0 0 255.66 7654.98 2046.44 0 0 0 0 0 0 0 0 0 0 0 0 0 0 0 0 0 0 0 0 0 0 0 0 0 0 0 0 0 0 0 0 
0 0 0 0 0 0 0 0 0 0 0 0 0 0 0 0 0 0 0 0 0 0 0 0 0 0 0 0 0 0 988.206 383.062 1912.71 0 0 0 0 0 0 0 0 0 0 0 0 0 0 0 0 0 0 0 0 0 0 0 0 0 0 0 0 0 0 0 0 
0 0 0 0 0 0 0 0 0 0 0 0 0 0 0 0 0 0 0 0 0 0 0 0 0 0 0 0 0 0 0 0 255.179 0 0 0 0 0 0 0 0 0 0 0 0 0 0 0 0 0 0 0 0 0 0 0 0 0 0 0 0 0 0 0 0 
0 0 0 0 0 0 0 0 0 0 0 0 0 0 0 0 0 0 0 0 0 0 0 0 0 0 0 0 0 0 0 63.7552 0 0 0 0 0 0 0 0 0 0 0 0 0 0 0 0 0 0 0 0 0 0 0 0 0 0 0 0 0 0 0 0 0 
0 0 0 0 0 0 0 0 0 0 0 0 0 0 0 0 0 0 0 0 0 0 0 0 0 0 0 0 0 0 0 0 0 0 0 0 0 0 0 0 0 0 0 0 0 0 0 0 0 0 0 0 0 0 0 0 0 0 0 0 0 0 0 0 0 
0 0 0 0 0 0 0 0 0 0 0 0 0 0 0 0 0 0 0 0 0 0 0 0 0 0 0 0 0 0 0 0 1.99235 0 0 0 0 0 0 0 0 0 0 0 0 0 0 0 0 0 0 0 0 0 0 0 0 0 0 0 0 0 0 0 0 
