1 0 0 0 0 0 0 0 0 0 0 0 0 0 0 0 0 0 0 0 0 0 0 0 0 0 0 0 0 0 0 0 0 0 0 0 0 0 0 0 0 0 0 0 0 0 0 0 0 0 0 0 0 0 0 0 0 0 0 0 0 0 0 0 1 
0 0 0 0 0 0 0 0 0 0 0 0 0 0 0 0 0 0 0 0 0 0 0 0 0 0 0 0 0 0 0 0 0 0 0 0 0 0 0 0 0 0 0 0 0 0 0 0 0 0 0 0 0 0 0 0 0 0 0 0 0 0 0 0 0 
0 64 0 0 0 0 0 0 0 0 0 0 0 0 0 0 0 0 0 0 0 0 0 0 0 0 0 0 0 0 0 0 0 0 0 0 0 0 0 0 0 0 0 0 0 0 0 0 0 0 0 0 0 0 0 0 0 0 0 0 0 0 0 0 0 
0 0 128 0 0 0 0 0 0 0 0 0 0 0 0 0 0 0 0 0 0 0 0 0 0 0 0 0 0 0 0 0 0 0 0 0 0 0 0 0 0 0 0 0 0 0 0 0 0 0 0 0 0 0 0 0 0 0 0 0 0 0 0 0 0 
0 0 1888 383.853 63.8548 0 0 0 0 0 0 0 0 0 0 0 0 0 0 0 0 0 0 0 0 0 0 0 0 0 0 0 0 0 0 0 0 0 0 0 0 0 0 0 0 0 0 0 0 0 0 0 0 0 0 0 0 0 0 0 0 0 0 0 0 
0 0 0 7168.29 1150.79 511.798 127.889 0 0 0 0 0 0 0 0 0 0 0 0 0 0 0 0 0 0 0 0 0 0 0 0 0 0 0 0 0 0 0 0 0 0 0 0 0 0 0 0 0 0 0 0 0 0 0 0 0 0 0 0 0 0 0 0 0 0 
0 0 0 34111.9 27334.4 6839.23 2569.14 1407.82 385.476 64.2961 0 0 0 0 0 0 0 0 0 0 0 0 0 0 0 0 0 0 0 0 0 0 0 0 0 0 0 0 0 0 0 0 0 0 0 0 0 0 0 0 0 0 0 0 0 0 0 0 0 0 0 0 0 0 0 
0 0 0 0 183671 97278.4 42866.4 16948 8603.3 4620.1 1923.93 516.373 129.321 0 0 0 0 0 0 0 0 0 0 0 0 0 0 0 0 0 0 0 0 0 0 0 0 0 0 0 0 0 0 0 0 0 0 0 0 0 0 0 0 0 0 0 0 0 0 0 0 0 0 0 0 
0 0 0 0 423156 829347 412137 222683 121149 59293 33795.9 19916 9709.58 4389.65 1410.31 385.378 81.7144 0 0 0 0 0 0 0 15.344 0 0 0 0 0 0 0 15.6508 0 0 0 0 0 0 0 0 0 0 0 0 0 0 0 0 0 0 0 0 0 0 0 0 0 0 0 0 0 0 0 0 
0 0 0 0 0 2.86052e+06 3.32518e+06 1.98017e+06 1.14219e+06 721580 426387 251313 154963 94863.3 55890.6 29665.4 14048 5980.73 2198.38 774.502 381.806 254.637 251.012 247.22 0 262.468 256.497 257.866 256.657 254.981 254.664 253.085 0 0 0 0 0 0 0 0 0 0 0 0 0 0 0 0 0 0 0 0 0 0 0 0 0 0 0 0 0 0 0 0 0 
0 0 0 0 0 3.83002e+06 1.4607e+07 1.35128e+07 9.37054e+06 6.10243e+06 4.02569e+06 2.68892e+06 1.79504e+06 1.17073e+06 779563 511582 330177 206068 120602 68256.8 36890.3 21405.6 13850.3 10856.3 11705.9 9826.65 9352.96 9314.46 9434.79 9280 9381 9542.91 11348.6 0 0 0 0 0 0 0 0 0 0 0 0 0 0 0 0 0 0 0 0 0 0 0 0 0 0 0 0 0 0 0 0 
0 0 0 0 0 0 3.03355e+07 6.3774e+07 5.74729e+07 4.32836e+07 3.15344e+07 2.23707e+07 1.5916e+07 1.15141e+07 8.18687e+06 5.87225e+06 4.16521e+06 2.95318e+06 2.08977e+06 1.46346e+06 1.02273e+06 708722 501503 371163 286725 247302 232193 224592 218006 219541 216402 214923 208034 0 0 0 0 0 0 0 0 0 0 0 0 0 0 0 0 0 0 0 0 0 0 0 0 0 0 0 0 0 0 0 0 
0 0 0 0 0 0 2.6249e+07 1.69423e+08 2.6289e+08 2.46348e+08 1.99348e+08 1.55967e+08 1.19272e+08 9.05191e+07 6.91298e+07 5.26115e+07 4.01963e+07 3.0693e+07 2.34008e+07 1.78674e+07 1.36772e+07 1.06058e+07 8.33114e+06 6.66886e+06 5.47744e+06 4.62838e+06 4.02878e+06 3.63219e+06 3.43877e+06 3.27988e+06 3.23232e+06 3.21153e+06 3.21999e+06 0 0 0 0 0 0 0 0 0 0 0 0 0 0 0 0 0 0 0 0 0 0 0 0 0 0 0 0 0 0 0 0 
0 0 0 0 0 0 0 2.32701e+08 7.85256e+08 1.06762e+09 1.04242e+09 9.03494e+08 7.49693e+08 6.07972e+08 4.90478e+08 3.93463e+08 3.16549e+08 2.54599e+08 2.05292e+08 1.66259e+08 1.35241e+08 1.10775e+08 9.1525e+07 7.6552e+07 6.5117e+07 5.66075e+07 5.04654e+07 4.58747e+07 4.24864e+07 4.02522e+07 3.86928e+07 3.77791e+07 3.74465e+07 0 0 0 0 0 0 0 0 0 0 0 0 0 0 0 0 0 0 0 0 0 0 0 0 0 0 0 0 0 0 0 0 
0 0 0 0 0 0 0 1.39583e+08 1.38448e+09 3.29963e+09 4.28028e+09 4.34198e+09 3.98576e+09 3.49275e+09 2.98234e+09 2.52617e+09 2.12434e+09 1.7897e+09 1.50768e+09 1.26919e+09 1.07784e+09 9.18712e+08 7.89291e+08 6.84042e+08 6.01148e+08 5.34234e+08 4.82244e+08 4.42574e+08 4.13395e+08 3.93063e+08 3.7884e+08 3.71115e+08 3.6891e+08 0 0 0 0 0 0 0 0 0 0 0 0 0 0 0 0 0 0 0 0 0 0 0 0 0 0 0 0 0 0 0 0 
0 0 0 0 0 0 0 0 1.33982e+09 6.67527e+09 1.3138e+10 1.68191e+10 1.77208e+10 1.70724e+10 1.56912e+10 1.40393e+10 1.24058e+10 1.08898e+10 9.53126e+09 8.35197e+09 7.31938e+09 6.44267e+09 5.71362e+09 5.08933e+09 4.58029e+09 4.1672e+09 3.82649e+09 3.55304e+09 3.34808e+09 3.19935e+09 3.09778e+09 3.03527e+09 3.01285e+09 0 0 0 0 0 0 0 0 0 0 0 0 0 0 0 0 0 0 0 0 0 0 0 0 0 0 0 0 0 0 0 0 
0 0 0 0 0 0 0 0 5.85604e+08 8.31089e+09 2.83921e+10 5.03655e+10 6.45849e+10 7.05009e+10 7.07973e+10 6.78811e+10 6.33565e+10 5.81255e+10 5.29554e+10 4.80338e+10 4.34953e+10 3.95013e+10 3.58602e+10 3.27961e+10 3.01856e+10 2.79255e+10 2.60774e+10 2.45183e+10 2.33603e+10 2.24501e+10 2.18303e+10 2.15027e+10 2.13666e+10 0 0 0 0 0 0 0 0 0 0 0 0 0 0 0 0 0 0 0 0 0 0 0 0 0 0 0 0 0 0 0 0 
0 0 0 0 0 0 0 0 0 5.92866e+09 4.09419e+10 1.11358e+11 1.86404e+11 2.41257e+11 2.71931e+11 2.83489e+11 2.82151e+11 2.73031e+11 2.59673e+11 2.44475e+11 2.2885e+11 2.1349e+11 1.9951e+11 1.8643e+11 1.74708e+11 1.64706e+11 1.56033e+11 1.49107e+11 1.43224e+11 1.3888e+11 1.35865e+11 1.33978e+11 1.33212e+11 0 0 0 0 0 0 0 0 0 0 0 0 0 0 0 0 0 0 0 0 0 0 0 0 0 0 0 0 0 0 0 0 
0 0 0 0 0 0 0 0 0 1.96199e+09 3.76472e+10 1.74344e+11 4.11443e+11 6.6658e+11 8.73456e+11 1.01312e+12 1.09253e+12 1.12507e+12 1.12492e+12 1.10433e+12 1.07031e+12 1.02992e+12 9.87186e+11 9.45285e+11 9.05019e+11 8.67389e+11 8.35026e+11 8.0651e+11 7.8366e+11 7.65713e+11 7.52141e+11 7.44633e+11 7.42792e+11 0 0 0 0 0 0 0 0 0 0 0 0 0 0 0 0 0 0 0 0 0 0 0 0 0 0 0 0 0 0 0 0 
0 0 0 0 0 0 0 0 0 0 2.04999e+10 1.86543e+11 6.70813e+11 1.44424e+12 2.29916e+12 3.05496e+12 3.63721e+12 4.03877e+12 4.28787e+12 4.41531e+12 4.45644e+12 4.43479e+12 4.37541e+12 4.28908e+12 4.19834e+12 4.09828e+12 4.0044e+12 3.91731e+12 3.84717e+12 3.78625e+12 3.74386e+12 3.72022e+12 3.70788e+12 0 0 0 0 0 0 0 0 0 0 0 0 0 0 0 0 0 0 0 0 0 0 0 0 0 0 0 0 0 0 0 0 
0 0 0 0 0 0 0 0 0 0 5.29613e+09 1.31106e+11 7.85843e+11 2.38754e+12 4.83519e+12 7.62443e+12 1.02744e+13 1.25256e+13 1.42868e+13 1.55827e+13 1.64708e+13 1.70317e+13 1.73522e+13 1.75003e+13 1.74875e+13 1.74139e+13 1.72977e+13 1.7176e+13 1.70336e+13 1.69173e+13 1.68266e+13 1.67636e+13 1.67294e+13 0 0 0 0 0 0 0 0 0 0 0 0 0 0 0 0 0 0 0 0 0 0 0 0 0 0 0 0 0 0 0 0 
0 0 0 0 0 0 0 0 0 0 0 5.6039e+10 6.44037e+11 2.94274e+12 7.95236e+12 1.54483e+13 2.4247e+13 3.3118e+13 4.12239e+13 4.81284e+13 5.37429e+13 5.81568e+13 6.146e+13 6.38447e+13 6.55303e+13 6.67257e+13 6.74605e+13 6.79343e+13 6.82022e+13 6.83183e+13 6.83256e+13 6.83293e+13 6.8343e+13 0 0 0 0 0 0 0 0 0 0 0 0 0 0 0 0 0 0 0 0 0 0 0 0 0 0 0 0 0 0 0 0 
0 0 0 0 0 0 0 0 0 0 0 1.15941e+10 3.5564e+11 2.65094e+12 1.00335e+13 2.49261e+13 4.70043e+13 7.36632e+13 1.01844e+14 1.2908e+14 1.53889e+14 1.75463e+14 1.93594e+14 2.08442e+14 2.20343e+14 2.29692e+14 2.37041e+14 2.42337e+14 2.46362e+14 2.49115e+14 2.51142e+14 2.52277e+14 2.5251e+14 0 0 0 0 0 0 0 0 0 0 0 0 0 0 0 0 0 0 0 0 0 0 0 0 0 0 0 0 0 0 0 0 
0 0 0 0 0 0 0 0 0 0 0 0 1.22169e+11 1.70897e+12 9.5649e+12 3.15747e+13 7.37125e+13 1.35958e+14 2.12985e+14 2.97612e+14 3.83129e+14 4.64714e+14 5.39005e+14 6.04916e+14 6.61391e+14 7.09026e+14 7.47817e+14 7.79423e+14 8.03625e+14 8.21972e+14 8.33969e+14 8.41366e+14 8.4375e+14 0 0 0 0 0 0 0 0 0 0 0 0 0 0 0 0 0 0 0 0 0 0 0 0 0 0 0 0 0 0 0 0 
0 0 0 0 0 0 0 0 0 0 0 0 2.06875e+10 7.58819e+11 6.79336e+12 3.10027e+13 9.2322e+13 2.05413e+14 3.72382e+14 5.83272e+14 8.22062e+14 1.07189e+15 1.319e+15 1.55169e+15 1.76455e+15 1.95237e+15 2.11402e+15 2.24841e+15 2.35728e+15 2.44036e+15 2.4996e+15 2.53327e+15 2.54463e+15 0 0 0 0 0 0 0 0 0 0 0 0 0 0 0 0 0 0 0 0 0 0 0 0 0 0 0 0 0 0 0 0 
0 0 0 0 0 0 0 0 0 0 0 0 0 2.13785e+11 3.52124e+12 2.33631e+13 9.15381e+13 2.51625e+14 5.38776e+14 9.62705e+14 1.50612e+15 2.13569e+15 2.81179e+15 3.49748e+15 4.15968e+15 4.77453e+15 5.32368e+15 5.80113e+15 6.19613e+15 6.50435e+15 6.72535e+15 6.85968e+15 6.90207e+15 0 0 0 0 0 0 0 0 0 0 0 0 0 0 0 0 0 0 0 0 0 0 0 0 0 0 0 0 0 0 0 0 
0 0 0 0 0 0 0 0 0 0 0 0 0 3.02153e+10 1.28256e+12 1.33569e+13 7.1284e+13 2.48079e+14 6.39144e+14 1.32429e+15 2.33507e+15 3.64471e+15 5.18748e+15 6.87225e+15 8.60416e+15 1.03007e+16 1.18905e+16 1.33084e+16 1.45086e+16 1.54797e+16 1.61869e+16 1.66107e+16 1.67574e+16 0 0 0 0 0 0 0 0 0 0 0 0 0 0 0 0 0 0 0 0 0 0 0 0 0 0 0 0 0 0 0 0 
0 0 0 0 0 0 0 0 0 0 0 0 0 0 3.01762e+11 5.67786e+12 4.33163e+13 1.95672e+14 6.18896e+14 1.51106e+15 3.04185e+15 5.29006e+15 8.2166e+15 1.16934e+16 1.55311e+16 1.94969e+16 2.33855e+16 2.6988e+16 3.0165e+16 3.27516e+16 3.46679e+16 3.58563e+16 3.624e+16 0 0 0 0 0 0 0 0 0 0 0 0 0 0 0 0 0 0 0 0 0 0 0 0 0 0 0 0 0 0 0 0 
0 0 0 0 0 0 0 0 0 0 0 0 0 0 3.62628e+10 1.72724e+12 2.03143e+13 1.23184e+14 4.87408e+14 1.42298e+15 3.31232e+15 6.4884e+15 1.11161e+16 1.71363e+16 2.42881e+16 3.21782e+16 4.02958e+16 4.81784e+16 5.5304e+16 6.12798e+16 6.58048e+16 6.85878e+16 6.95595e+16 0 0 0 0 0 0 0 0 0 0 0 0 0 0 0 0 0 0 0 0 0 0 0 0 0 0 0 0 0 0 0 0 
0 0 0 0 0 0 0 0 0 0 0 0 0 0 0 3.45286e+11 7.21015e+12 6.14448e+13 3.1141e+14 1.10431e+15 3.00917e+15 6.70708e+15 1.27847e+16 2.15246e+16 3.28043e+16 4.6099e+16 6.0591e+16 7.52433e+16 8.90187e+16 1.00926e+17 1.10035e+17 1.15822e+17 1.178e+17 0 0 0 0 0 0 0 0 0 0 0 0 0 0 0 0 0 0 0 0 0 0 0 0 0 0 0 0 0 0 0 0 
0 0 0 0 0 0 0 0 0 0 0 0 0 0 0 3.58974e+10 1.86296e+12 2.40551e+13 1.6109e+14 7.05765e+14 2.27861e+15 5.83401e+15 1.24708e+16 2.30969e+16 3.80853e+16 5.71127e+16 7.91222e+16 1.02524e+17 1.25378e+17 1.45698e+17 1.61703e+17 1.71862e+17 1.75323e+17 0 0 0 0 0 0 0 0 0 0 0 0 0 0 0 0 0 0 0 0 0 0 0 0 0 0 0 0 0 0 0 0 
0 0 0 0 0 0 0 0 0 0 0 0 0 0 0 0 3.21281e+11 7.24624e+12 6.71243e+13 3.71303e+14 1.43831e+15 4.27179e+15 1.03172e+16 2.11495e+16 3.79597e+16 6.10311e+16 8.95318e+16 1.21449e+17 1.5398e+17 1.8384e+17 2.07885e+17 2.23482e+17 2.28904e+17 0 0 0 0 0 0 0 0 0 0 0 0 0 0 0 0 0 0 0 0 0 0 0 0 0 0 0 0 0 0 0 0 
0 0 0 0 0 0 0 0 0 0 0 0 0 0 0 0 2.94466e+10 1.61474e+12 2.22992e+13 1.60515e+14 7.5804e+14 2.63696e+15 7.2522e+15 1.65504e+16 3.24697e+16 5.62273e+16 8.76684e+16 1.24921e+17 1.64635e+17 2.02408e+17 2.33587e+17 2.54183e+17 2.61334e+17 0 0 0 0 0 0 0 0 0 0 0 0 0 0 0 0 0 0 0 0 0 0 0 0 0 0 0 0 0 0 0 0 
0 0 0 0 0 0 0 0 0 0 0 0 0 0 0 0 0 2.44064e+11 5.78999e+12 5.67692e+13 3.33626e+14 1.37483e+15 4.34008e+15 1.10948e+16 2.39059e+16 4.47494e+16 7.43442e+16 1.11615e+17 1.53216e+17 1.94262e+17 2.29076e+17 2.5241e+17 2.60691e+17 0 0 0 0 0 0 0 0 0 0 0 0 0 0 0 0 0 0 0 0 0 0 0 0 0 0 0 0 0 0 0 0 
0 0 0 0 0 0 0 0 0 0 0 0 0 0 0 0 0 2.01287e+10 1.12975e+12 1.62576e+13 1.22569e+14 6.07642e+14 2.2176e+15 6.38385e+15 1.51877e+16 3.08291e+16 5.47934e+16 8.67891e+16 1.24353e+17 1.62849e+17 1.96428e+17 2.19339e+17 2.27456e+17 0 0 0 0 0 0 0 0 0 0 0 0 0 0 0 0 0 0 0 0 0 0 0 0 0 0 0 0 0 0 0 0 
0 0 0 0 0 0 0 0 0 0 0 0 0 0 0 0 0 0 1.51998e+11 3.69342e+12 3.73683e+13 2.27418e+14 9.71066e+14 3.17147e+15 8.35498e+15 1.84627e+16 3.51656e+16 5.89306e+16 8.8258e+16 1.1952e+17 1.47601e+17 1.67192e+17 1.74195e+17 0 0 0 0 0 0 0 0 0 0 0 0 0 0 0 0 0 0 0 0 0 0 0 0 0 0 0 0 0 0 0 0 
0 0 0 0 0 0 0 0 0 0 0 0 0 0 0 0 0 0 1.15648e+10 6.40893e+11 9.3573e+12 7.20269e+13 3.65289e+14 1.36268e+15 4.00047e+15 9.65247e+15 1.97442e+16 3.50798e+16 5.5018e+16 7.71352e+16 9.75978e+16 1.1211e+17 1.17368e+17 0 0 0 0 0 0 0 0 0 0 0 0 0 0 0 0 0 0 0 0 0 0 0 0 0 0 0 0 0 0 0 0 
0 0 0 0 0 0 0 0 0 0 0 0 0 0 0 0 0 0 0 7.80106e+10 1.88846e+12 1.92191e+13 1.18049e+14 5.08961e+14 1.67435e+15 4.42846e+15 9.76354e+15 1.84053e+16 3.02467e+16 4.39542e+16 5.70108e+16 6.64563e+16 6.99376e+16 0 0 0 0 0 0 0 0 0 0 0 0 0 0 0 0 0 0 0 0 0 0 0 0 0 0 0 0 0 0 0 0 
0 0 0 0 0 0 0 0 0 0 0 0 0 0 0 0 0 0 0 5.6714e+09 2.9634e+11 4.27318e+12 3.27431e+13 1.6547e+14 6.14992e+14 1.79176e+15 4.26878e+15 8.55717e+15 1.4767e+16 2.22475e+16 2.95983e+16 3.50479e+16 3.70425e+16 0 0 0 0 0 0 0 0 0 0 0 0 0 0 0 0 0 0 0 0 0 0 0 0 0 0 0 0 0 0 0 0 
0 0 0 0 0 0 0 0 0 0 0 0 0 0 0 0 0 0 0 0 3.3245e+10 7.78032e+11 7.75884e+12 4.69011e+13 1.9898e+14 6.4205e+14 1.65862e+15 3.54764e+15 6.43204e+15 1.00612e+16 1.37394e+16 1.65094e+16 1.75487e+16 0 0 0 0 0 0 0 0 0 0 0 0 0 0 0 0 0 0 0 0 0 0 0 0 0 0 0 0 0 0 0 0 
0 0 0 0 0 0 0 0 0 0 0 0 0 0 0 0 0 0 0 0 2.41797e+09 1.12497e+11 1.5555e+12 1.15548e+13 5.67618e+13 2.04736e+14 5.75832e+14 1.31712e+15 2.51292e+15 4.08798e+15 5.73375e+15 7.00069e+15 7.47938e+15 0 0 0 0 0 0 0 0 0 0 0 0 0 0 0 0 0 0 0 0 0 0 0 0 0 0 0 0 0 0 0 0 
0 0 0 0 0 0 0 0 0 0 0 0 0 0 0 0 0 0 0 0 0 1.19035e+10 2.59915e+11 2.47055e+12 1.43066e+13 5.81774e+13 1.79436e+14 4.4021e+14 8.87533e+14 1.50062e+15 2.1652e+15 2.68661e+15 2.88517e+15 0 0 0 0 0 0 0 0 0 0 0 0 0 0 0 0 0 0 0 0 0 0 0 0 0 0 0 0 0 0 0 0 
0 0 0 0 0 0 0 0 0 0 0 0 0 0 0 0 0 0 0 0 0 9.20841e+08 3.54745e+10 4.542e+11 3.18276e+12 1.47922e+13 5.03676e+13 1.33222e+14 2.84118e+14 5.01151e+14 7.43496e+14 9.38816e+14 1.01347e+15 0 0 0 0 0 0 0 0 0 0 0 0 0 0 0 0 0 0 0 0 0 0 0 0 0 0 0 0 0 0 0 0 
0 0 0 0 0 0 0 0 0 0 0 0 0 0 0 0 0 0 0 0 0 0 3.63287e+09 7.1281e+10 6.24459e+11 3.36951e+12 1.27804e+13 3.66171e+13 8.29436e+13 1.52814e+14 2.33515e+14 2.99917e+14 3.25864e+14 0 0 0 0 0 0 0 0 0 0 0 0 0 0 0 0 0 0 0 0 0 0 0 0 0 0 0 0 0 0 0 0 
0 0 0 0 0 0 0 0 0 0 0 0 0 0 0 0 0 0 0 0 0 0 3.21509e+08 9.45023e+09 1.07505e+11 6.8863e+11 2.93892e+12 9.19136e+12 2.21862e+13 4.28228e+13 6.75137e+13 8.82601e+13 9.64721e+13 0 0 0 0 0 0 0 0 0 0 0 0 0 0 0 0 0 0 0 0 0 0 0 0 0 0 0 0 0 0 0 0 
0 0 0 0 0 0 0 0 0 0 0 0 0 0 0 0 0 0 0 0 0 0 0 9.62462e+08 1.62459e+10 1.26667e+11 6.16593e+11 2.11446e+12 5.46667e+12 1.10748e+13 1.80644e+13 2.4067e+13 2.64435e+13 0 0 0 0 0 0 0 0 0 0 0 0 0 0 0 0 0 0 0 0 0 0 0 0 0 0 0 0 0 0 0 0 
0 0 0 0 0 0 0 0 0 0 0 0 0 0 0 0 0 0 0 0 0 0 0 1.04484e+08 2.17852e+09 2.09209e+10 1.18309e+11 4.49203e+11 1.24889e+12 2.66332e+12 4.49261e+12 6.10768e+12 6.76428e+12 0 0 0 0 0 0 0 0 0 0 0 0 0 0 0 0 0 0 0 0 0 0 0 0 0 0 0 0 0 0 0 0 
0 0 0 0 0 0 0 0 0 0 0 0 0 0 0 0 0 0 0 0 0 0 0 0 2.23779e+08 3.15491e+09 2.09588e+10 8.8686e+10 2.65991e+11 5.98942e+11 1.04808e+12 1.45511e+12 1.62049e+12 0 0 0 0 0 0 0 0 0 0 0 0 0 0 0 0 0 0 0 0 0 0 0 0 0 0 0 0 0 0 0 0 
0 0 0 0 0 0 0 0 0 0 0 0 0 0 0 0 0 0 0 0 0 0 0 0 3.14199e+07 4.44758e+08 3.41417e+09 1.64316e+10 5.34768e+10 1.27233e+11 2.31073e+11 3.27931e+11 3.68042e+11 0 0 0 0 0 0 0 0 0 0 0 0 0 0 0 0 0 0 0 0 0 0 0 0 0 0 0 0 0 0 0 0 
0 0 0 0 0 0 0 0 0 0 0 0 0 0 0 0 0 0 0 0 0 0 0 0 0 4.55001e+07 5.35559e+08 2.89347e+09 1.01955e+10 2.5807e+10 4.86101e+10 7.05136e+10 7.97072e+10 0 0 0 0 0 0 0 0 0 0 0 0 0 0 0 0 0 0 0 0 0 0 0 0 0 0 0 0 0 0 0 0 
0 0 0 0 0 0 0 0 0 0 0 0 0 0 0 0 0 0 0 0 0 0 0 0 0 8.58305e+06 8.09746e+07 4.74975e+08 1.89171e+09 5.03895e+09 9.87205e+09 1.46848e+10 1.66784e+10 0 0 0 0 0 0 0 0 0 0 0 0 0 0 0 0 0 0 0 0 0 0 0 0 0 0 0 0 0 0 0 0 
0 0 0 0 0 0 0 0 0 0 0 0 0 0 0 0 0 0 0 0 0 0 0 0 0 0 7.84351e+06 8.08849e+07 3.37766e+08 9.53997e+08 1.97302e+09 2.95693e+09 3.42576e+09 0 0 0 0 0 0 0 0 0 0 0 0 0 0 0 0 0 0 0 0 0 0 0 0 0 0 0 0 0 0 0 0 
0 0 0 0 0 0 0 0 0 0 0 0 0 0 0 0 0 0 0 0 0 0 0 0 0 0 2.07239e+06 1.28784e+07 5.62516e+07 1.8426e+08 3.79701e+08 5.97903e+08 6.84246e+08 0 0 0 0 0 0 0 0 0 0 0 0 0 0 0 0 0 0 0 0 0 0 0 0 0 0 0 0 0 0 0 0 
0 0 0 0 0 0 0 0 0 0 0 0 0 0 0 0 0 0 0 0 0 0 0 0 0 0 0 1.0899e+06 1.08362e+07 3.27237e+07 7.36175e+07 1.19356e+08 1.3566e+08 0 0 0 0 0 0 0 0 0 0 0 0 0 0 0 0 0 0 0 0 0 0 0 0 0 0 0 0 0 0 0 0 
0 0 0 0 0 0 0 0 0 0 0 0 0 0 0 0 0 0 0 0 0 0 0 0 0 0 0 428687 1.69469e+06 5.56654e+06 1.5127e+07 2.21452e+07 2.85272e+07 0 0 0 0 0 0 0 0 0 0 0 0 0 0 0 0 0 0 0 0 0 0 0 0 0 0 0 0 0 0 0 0 
0 0 0 0 0 0 0 0 0 0 0 0 0 0 0 0 0 0 0 0 0 0 0 0 0 0 0 0 112708 1.25135e+06 2.41002e+06 4.68307e+06 5.18924e+06 0 0 0 0 0 0 0 0 0 0 0 0 0 0 0 0 0 0 0 0 0 0 0 0 0 0 0 0 0 0 0 0 
0 0 0 0 0 0 0 0 0 0 0 0 0 0 0 0 0 0 0 0 0 0 0 0 0 0 0 0 73452.3 170297 456566 963776 936844 0 0 0 0 0 0 0 0 0 0 0 0 0 0 0 0 0 0 0 0 0 0 0 0 0 0 0 0 0 0 0 0 
0 0 0 0 0 0 0 0 0 0 0 0 0 0 0 0 0 0 0 0 0 0 0 0 0 0 0 0 0 7664.81 116552 111470 239572 0 0 0 0 0 0 0 0 0 0 0 0 0 0 0 0 0 0 0 0 0 0 0 0 0 0 0 0 0 0 0 0 
0 0 0 0 0 0 0 0 0 0 0 0 0 0 0 0 0 0 0 0 0 0 0 0 0 0 0 0 0 9930.58 11470.1 32235.2 37481.3 0 0 0 0 0 0 0 0 0 0 0 0 0 0 0 0 0 0 0 0 0 0 0 0 0 0 0 0 0 0 0 0 
0 0 0 0 0 0 0 0 0 0 0 0 0 0 0 0 0 0 0 0 0 0 0 0 0 0 0 0 0 0 255.311 7643.62 2041.77 0 0 0 0 0 0 0 0 0 0 0 0 0 0 0 0 0 0 0 0 0 0 0 0 0 0 0 0 0 0 0 0 
0 0 0 0 0 0 0 0 0 0 0 0 0 0 0 0 0 0 0 0 0 0 0 0 0 0 0 0 0 0 986.792 382.084 1907.74 0 0 0 0 0 0 0 0 0 0 0 0 0 0 0 0 0 0 0 0 0 0 0 0 0 0 0 0 0 0 0 0 
0 0 0 0 0 0 0 0 0 0 0 0 0 0 0 0 0 0 0 0 0 0 0 0 0 0 0 0 0 0 0 0 254.746 0 0 0 0 0 0 0 0 0 0 0 0 0 0 0 0 0 0 0 0 0 0 0 0 0 0 0 0 0 0 0 0 
0 0 0 0 0 0 0 0 0 0 0 0 0 0 0 0 0 0 0 0 0 0 0 0 0 0 0 0 0 0 0 63.664 0 0 0 0 0 0 0 0 0 0 0 0 0 0 0 0 0 0 0 0 0 0 0 0 0 0 0 0 0 0 0 0 0 
0 0 0 0 0 0 0 0 0 0 0 0 0 0 0 0 0 0 0 0 0 0 0 0 0 0 0 0 0 0 0 0 0 0 0 0 0 0 0 0 0 0 0 0 0 0 0 0 0 0 0 0 0 0 0 0 0 0 0 0 0 0 0 0 0 
0 0 0 0 0 0 0 0 0 0 0 0 0 0 0 0 0 0 0 0 0 0 0 0 0 0 0 0 0 0 0 0 1.9895 0 0 0 0 0 0 0 0 0 0 0 0 0 0 0 0 0 0 0 0 0 0 0 0 0 0 0 0 0 0 0 0 
