1 0 0 0 0 0 0 0 0 0 0 0 0 0 0 0 0 0 0 0 0 0 0 0 0 0 0 0 0 0 0 0 0 0 0 0 0 0 0 0 0 0 0 0 0 0 0 0 0 0 0 0 0 0 0 0 0 0 0 0 0 0 0 0 1 
0 0 0 0 0 0 0 0 0 0 0 0 0 0 0 0 0 0 0 0 0 0 0 0 0 0 0 0 0 0 0 0 0 0 0 0 0 0 0 0 0 0 0 0 0 0 0 0 0 0 0 0 0 0 0 0 0 0 0 0 0 0 0 0 0 
0 64 0 0 0 0 0 0 0 0 0 0 0 0 0 0 0 0 0 0 0 0 0 0 0 0 0 0 0 0 0 0 0 0 0 0 0 0 0 0 0 0 0 0 0 0 0 0 0 0 0 0 0 0 0 0 0 0 0 0 0 0 0 0 0 
0 0 128 0 0 0 0 0 0 0 0 0 0 0 0 0 0 0 0 0 0 0 0 0 0 0 0 0 0 0 0 0 0 0 0 0 0 0 0 0 0 0 0 0 0 0 0 0 0 0 0 0 0 0 0 0 0 0 0 0 0 0 0 0 0 
0 0 1888 384.186 64.1003 0 0 0 0 0 0 0 0 0 0 0 0 0 0 0 0 0 0 0 0 0 0 0 0 0 0 0 0 0 0 0 0 0 0 0 0 0 0 0 0 0 0 0 0 0 0 0 0 0 0 0 0 0 0 0 0 0 0 0 0 
0 0 0 7167.63 1151.57 512.85 128.063 0 0 0 0 0 0 0 0 0 0 0 0 0 0 0 0 0 0 0 0 0 0 0 0 0 0 0 0 0 0 0 0 0 0 0 0 0 0 0 0 0 0 0 0 0 0 0 0 0 0 0 0 0 0 0 0 0 0 
0 0 0 34112.2 27344.8 6853.81 2564.66 1410.22 385.135 64.3836 0 0 0 0 0 0 0 0 0 0 0 0 0 0 0 0 0 0 0 0 0 0 0 0 0 0 0 0 0 0 0 0 0 0 0 0 0 0 0 0 0 0 0 0 0 0 0 0 0 0 0 0 0 0 0 
0 0 0 0 183647 97323.6 42894.9 16924.7 8566.68 4601.98 1925.45 515.96 128.478 0 0 0 0 0 0 0 0 0 0 0 0 0 0 0 0 0 0 0 0 0 0 0 0 0 0 0 0 0 0 0 0 0 0 0 0 0 0 0 0 0 0 0 0 0 0 0 0 0 0 0 0 
0 0 0 0 423168 829472 412757 222658 121146 59213.9 33743.4 19918.1 9736.84 4383.93 1425.86 384.764 79.8583 0 0 0 0 0 0 0 15.5171 0 0 0 0 0 0 0 15.8164 0 0 0 0 0 0 0 0 0 0 0 0 0 0 0 0 0 0 0 0 0 0 0 0 0 0 0 0 0 0 0 0 
0 0 0 0 0 2.86007e+06 3.32768e+06 1.98185e+06 1.14229e+06 722158 426424 251731 154875 94713.1 55706.4 29630 14140.5 5971.09 2199.94 780.599 381.899 248.158 249.889 253.895 0 257.46 260.817 256.88 257.24 255.681 258.564 255.156 0 0 0 0 0 0 0 0 0 0 0 0 0 0 0 0 0 0 0 0 0 0 0 0 0 0 0 0 0 0 0 0 0 
0 0 0 0 0 3.83028e+06 1.46023e+07 1.35283e+07 9.37437e+06 6.09525e+06 4.03188e+06 2.69357e+06 1.79371e+06 1.17052e+06 778726 511027 329209 205885 120547 68267.3 36843.6 21402 13907.7 10853.2 11667.3 9767.47 9348.96 9289.88 9365.18 9243.09 9412.49 9590.37 11394.1 0 0 0 0 0 0 0 0 0 0 0 0 0 0 0 0 0 0 0 0 0 0 0 0 0 0 0 0 0 0 0 0 
0 0 0 0 0 0 3.03348e+07 6.37696e+07 5.74829e+07 4.33025e+07 3.15022e+07 2.23245e+07 1.59123e+07 1.14907e+07 8.17991e+06 5.86715e+06 4.16957e+06 2.95147e+06 2.09504e+06 1.46173e+06 1.02399e+06 710366 503420 370570 285775 247246 232177 223975 218301 218423 217265 215161 207707 0 0 0 0 0 0 0 0 0 0 0 0 0 0 0 0 0 0 0 0 0 0 0 0 0 0 0 0 0 0 0 0 
0 0 0 0 0 0 2.62513e+07 1.69392e+08 2.62976e+08 2.46421e+08 1.9927e+08 1.56063e+08 1.19218e+08 9.04419e+07 6.89838e+07 5.25712e+07 4.02308e+07 3.07416e+07 2.34237e+07 1.78816e+07 1.37059e+07 1.06277e+07 8.33916e+06 6.67708e+06 5.48691e+06 4.6401e+06 4.02838e+06 3.64518e+06 3.43488e+06 3.28426e+06 3.23256e+06 3.21852e+06 3.21513e+06 0 0 0 0 0 0 0 0 0 0 0 0 0 0 0 0 0 0 0 0 0 0 0 0 0 0 0 0 0 0 0 0 
0 0 0 0 0 0 0 2.32707e+08 7.85121e+08 1.0676e+09 1.04252e+09 9.03302e+08 7.49664e+08 6.08343e+08 4.89818e+08 3.93379e+08 3.15765e+08 2.54412e+08 2.05305e+08 1.66105e+08 1.35145e+08 1.10742e+08 9.14052e+07 7.65511e+07 6.53032e+07 5.66648e+07 5.04811e+07 4.5858e+07 4.24303e+07 4.02899e+07 3.87155e+07 3.77692e+07 3.73753e+07 0 0 0 0 0 0 0 0 0 0 0 0 0 0 0 0 0 0 0 0 0 0 0 0 0 0 0 0 0 0 0 0 
0 0 0 0 0 0 0 1.39596e+08 1.3845e+09 3.30073e+09 4.27967e+09 4.3398e+09 3.9858e+09 3.49126e+09 2.98244e+09 2.52346e+09 2.12212e+09 1.78577e+09 1.50531e+09 1.27126e+09 1.07627e+09 9.17022e+08 7.89252e+08 6.85684e+08 6.01116e+08 5.34573e+08 4.82631e+08 4.42746e+08 4.13816e+08 3.92836e+08 3.79231e+08 3.7054e+08 3.68746e+08 0 0 0 0 0 0 0 0 0 0 0 0 0 0 0 0 0 0 0 0 0 0 0 0 0 0 0 0 0 0 0 0 
0 0 0 0 0 0 0 0 1.33976e+09 6.67352e+09 1.31415e+10 1.68219e+10 1.77197e+10 1.7064e+10 1.56802e+10 1.40342e+10 1.24119e+10 1.08847e+10 9.52243e+09 8.33754e+09 7.32292e+09 6.44901e+09 5.71354e+09 5.09121e+09 4.57543e+09 4.1544e+09 3.82452e+09 3.55694e+09 3.34953e+09 3.19945e+09 3.08882e+09 3.03062e+09 3.00703e+09 0 0 0 0 0 0 0 0 0 0 0 0 0 0 0 0 0 0 0 0 0 0 0 0 0 0 0 0 0 0 0 0 
0 0 0 0 0 0 0 0 5.85678e+08 8.31123e+09 2.83926e+10 5.0366e+10 6.45736e+10 7.04761e+10 7.08226e+10 6.78721e+10 6.33011e+10 5.81858e+10 5.29492e+10 4.80419e+10 4.34648e+10 3.94467e+10 3.58668e+10 3.27566e+10 3.01092e+10 2.78557e+10 2.60114e+10 2.45314e+10 2.33839e+10 2.24482e+10 2.18214e+10 2.14865e+10 2.13436e+10 0 0 0 0 0 0 0 0 0 0 0 0 0 0 0 0 0 0 0 0 0 0 0 0 0 0 0 0 0 0 0 0 
0 0 0 0 0 0 0 0 0 5.92842e+09 4.0931e+10 1.11373e+11 1.86427e+11 2.41244e+11 2.71753e+11 2.8353e+11 2.8236e+11 2.72968e+11 2.59749e+11 2.44515e+11 2.28977e+11 2.13577e+11 1.99161e+11 1.8618e+11 1.74546e+11 1.64599e+11 1.56228e+11 1.49105e+11 1.43182e+11 1.38807e+11 1.35779e+11 1.33847e+11 1.33279e+11 0 0 0 0 0 0 0 0 0 0 0 0 0 0 0 0 0 0 0 0 0 0 0 0 0 0 0 0 0 0 0 0 
0 0 0 0 0 0 0 0 0 1.96249e+09 3.76574e+10 1.7433e+11 4.11426e+11 6.66463e+11 8.73559e+11 1.01321e+12 1.09213e+12 1.12601e+12 1.12545e+12 1.10388e+12 1.07006e+12 1.03071e+12 9.87335e+11 9.44711e+11 9.04243e+11 8.67682e+11 8.34473e+11 8.06507e+11 7.83213e+11 7.65714e+11 7.52443e+11 7.4381e+11 7.41861e+11 0 0 0 0 0 0 0 0 0 0 0 0 0 0 0 0 0 0 0 0 0 0 0 0 0 0 0 0 0 0 0 0 
0 0 0 0 0 0 0 0 0 0 2.04961e+10 1.86526e+11 6.70918e+11 1.44491e+12 2.29907e+12 3.05406e+12 3.63741e+12 4.04029e+12 4.28876e+12 4.4187e+12 4.45962e+12 4.43647e+12 4.37573e+12 4.29075e+12 4.19255e+12 4.09737e+12 4.00298e+12 3.91834e+12 3.84539e+12 3.78913e+12 3.74219e+12 3.71695e+12 3.70945e+12 0 0 0 0 0 0 0 0 0 0 0 0 0 0 0 0 0 0 0 0 0 0 0 0 0 0 0 0 0 0 0 0 
0 0 0 0 0 0 0 0 0 0 5.29719e+09 1.31125e+11 7.85716e+11 2.38713e+12 4.83605e+12 7.62617e+12 1.02741e+13 1.25234e+13 1.429e+13 1.55782e+13 1.64622e+13 1.7031e+13 1.73475e+13 1.74743e+13 1.75045e+13 1.74227e+13 1.73102e+13 1.71666e+13 1.7029e+13 1.69113e+13 1.68148e+13 1.67673e+13 1.67403e+13 0 0 0 0 0 0 0 0 0 0 0 0 0 0 0 0 0 0 0 0 0 0 0 0 0 0 0 0 0 0 0 0 
0 0 0 0 0 0 0 0 0 0 0 5.60351e+10 6.4401e+11 2.94261e+12 7.95217e+12 1.54446e+13 2.42515e+13 3.31179e+13 4.12187e+13 4.81266e+13 5.3737e+13 5.81302e+13 6.14281e+13 6.38648e+13 6.55478e+13 6.67384e+13 6.74603e+13 6.79113e+13 6.817e+13 6.82504e+13 6.8342e+13 6.83358e+13 6.83174e+13 0 0 0 0 0 0 0 0 0 0 0 0 0 0 0 0 0 0 0 0 0 0 0 0 0 0 0 0 0 0 0 0 
0 0 0 0 0 0 0 0 0 0 0 1.15954e+10 3.55699e+11 2.65066e+12 1.00327e+13 2.49343e+13 4.70033e+13 7.36689e+13 1.01851e+14 1.29094e+14 1.53872e+14 1.75399e+14 1.93535e+14 2.08444e+14 2.20366e+14 2.29658e+14 2.37021e+14 2.42276e+14 2.46425e+14 2.49364e+14 2.51259e+14 2.5222e+14 2.52605e+14 0 0 0 0 0 0 0 0 0 0 0 0 0 0 0 0 0 0 0 0 0 0 0 0 0 0 0 0 0 0 0 0 
0 0 0 0 0 0 0 0 0 0 0 0 1.22165e+11 1.70922e+12 9.56563e+12 3.15717e+13 7.37155e+13 1.35963e+14 2.1298e+14 2.97663e+14 3.83189e+14 4.64738e+14 5.39201e+14 6.04732e+14 6.61488e+14 7.09106e+14 7.47868e+14 7.79537e+14 8.03901e+14 8.22198e+14 8.34324e+14 8.41453e+14 8.43812e+14 0 0 0 0 0 0 0 0 0 0 0 0 0 0 0 0 0 0 0 0 0 0 0 0 0 0 0 0 0 0 0 0 
0 0 0 0 0 0 0 0 0 0 0 0 2.06888e+10 7.58889e+11 6.79209e+12 3.0995e+13 9.23174e+13 2.054e+14 3.72427e+14 5.83185e+14 8.22124e+14 1.07204e+15 1.31906e+15 1.55181e+15 1.7643e+15 1.95258e+15 2.11454e+15 2.25012e+15 2.35841e+15 2.44183e+15 2.49879e+15 2.53439e+15 2.54448e+15 0 0 0 0 0 0 0 0 0 0 0 0 0 0 0 0 0 0 0 0 0 0 0 0 0 0 0 0 0 0 0 0 
0 0 0 0 0 0 0 0 0 0 0 0 0 2.13762e+11 3.52178e+12 2.33704e+13 9.15284e+13 2.51654e+14 5.38667e+14 9.62598e+14 1.50599e+15 2.13604e+15 2.81212e+15 3.49788e+15 4.1592e+15 4.77419e+15 5.32565e+15 5.79864e+15 6.1958e+15 6.50242e+15 6.72479e+15 6.85773e+15 6.90402e+15 0 0 0 0 0 0 0 0 0 0 0 0 0 0 0 0 0 0 0 0 0 0 0 0 0 0 0 0 0 0 0 0 
0 0 0 0 0 0 0 0 0 0 0 0 0 3.02167e+10 1.28276e+12 1.33537e+13 7.1288e+13 2.48004e+14 6.39219e+14 1.32438e+15 2.33505e+15 3.64488e+15 5.18807e+15 6.87273e+15 8.60571e+15 1.0298e+16 1.18861e+16 1.33079e+16 1.45144e+16 1.54803e+16 1.61842e+16 1.66106e+16 1.67556e+16 0 0 0 0 0 0 0 0 0 0 0 0 0 0 0 0 0 0 0 0 0 0 0 0 0 0 0 0 0 0 0 0 
0 0 0 0 0 0 0 0 0 0 0 0 0 0 3.01818e+11 5.67867e+12 4.33193e+13 1.95723e+14 6.18918e+14 1.51118e+15 3.04163e+15 5.28948e+15 8.21569e+15 1.16955e+16 1.55289e+16 1.95016e+16 2.33818e+16 2.69929e+16 3.01579e+16 3.27514e+16 3.46729e+16 3.58485e+16 3.62499e+16 0 0 0 0 0 0 0 0 0 0 0 0 0 0 0 0 0 0 0 0 0 0 0 0 0 0 0 0 0 0 0 0 
0 0 0 0 0 0 0 0 0 0 0 0 0 0 3.62613e+10 1.72765e+12 2.03144e+13 1.2319e+14 4.87339e+14 1.42304e+15 3.31294e+15 6.48853e+15 1.11156e+16 1.71343e+16 2.42941e+16 3.21816e+16 4.03137e+16 4.81688e+16 5.52968e+16 6.12723e+16 6.5789e+16 6.86029e+16 6.95394e+16 0 0 0 0 0 0 0 0 0 0 0 0 0 0 0 0 0 0 0 0 0 0 0 0 0 0 0 0 0 0 0 0 
0 0 0 0 0 0 0 0 0 0 0 0 0 0 0 3.45333e+11 7.21163e+12 6.14292e+13 3.11441e+14 1.10416e+15 3.00914e+15 6.70669e+15 1.27849e+16 2.15236e+16 3.28029e+16 4.60981e+16 6.05866e+16 7.52563e+16 8.90478e+16 1.00939e+17 1.10079e+17 1.15817e+17 1.17772e+17 0 0 0 0 0 0 0 0 0 0 0 0 0 0 0 0 0 0 0 0 0 0 0 0 0 0 0 0 0 0 0 0 
0 0 0 0 0 0 0 0 0 0 0 0 0 0 0 3.58887e+10 1.86254e+12 2.406e+13 1.6109e+14 7.05747e+14 2.27821e+15 5.83443e+15 1.24695e+16 2.30943e+16 3.8078e+16 5.71083e+16 7.91255e+16 1.02534e+17 1.25362e+17 1.45713e+17 1.61683e+17 1.71886e+17 1.75419e+17 0 0 0 0 0 0 0 0 0 0 0 0 0 0 0 0 0 0 0 0 0 0 0 0 0 0 0 0 0 0 0 0 
0 0 0 0 0 0 0 0 0 0 0 0 0 0 0 0 3.21309e+11 7.24805e+12 6.71195e+13 3.71311e+14 1.43823e+15 4.2712e+15 1.0319e+16 2.11517e+16 3.79591e+16 6.10318e+16 8.95212e+16 1.21441e+17 1.53991e+17 1.83814e+17 2.07896e+17 2.23508e+17 2.28842e+17 0 0 0 0 0 0 0 0 0 0 0 0 0 0 0 0 0 0 0 0 0 0 0 0 0 0 0 0 0 0 0 0 
0 0 0 0 0 0 0 0 0 0 0 0 0 0 0 0 2.94404e+10 1.61461e+12 2.23052e+13 1.60527e+14 7.58126e+14 2.63663e+15 7.2531e+15 1.65525e+16 3.24761e+16 5.62197e+16 8.76446e+16 1.24915e+17 1.64603e+17 2.02416e+17 2.33552e+17 2.54096e+17 2.61342e+17 0 0 0 0 0 0 0 0 0 0 0 0 0 0 0 0 0 0 0 0 0 0 0 0 0 0 0 0 0 0 0 0 
0 0 0 0 0 0 0 0 0 0 0 0 0 0 0 0 0 2.44163e+11 5.79091e+12 5.67805e+13 3.33697e+14 1.37557e+15 4.33857e+15 1.10913e+16 2.39071e+16 4.47553e+16 7.43768e+16 1.11605e+17 1.53228e+17 1.94236e+17 2.29086e+17 2.52402e+17 2.60644e+17 0 0 0 0 0 0 0 0 0 0 0 0 0 0 0 0 0 0 0 0 0 0 0 0 0 0 0 0 0 0 0 0 
0 0 0 0 0 0 0 0 0 0 0 0 0 0 0 0 0 2.01286e+10 1.12997e+12 1.6259e+13 1.2257e+14 6.07636e+14 2.21753e+15 6.3853e+15 1.51831e+16 3.08287e+16 5.4775e+16 8.67875e+16 1.24347e+17 1.62872e+17 1.9643e+17 2.19393e+17 2.27499e+17 0 0 0 0 0 0 0 0 0 0 0 0 0 0 0 0 0 0 0 0 0 0 0 0 0 0 0 0 0 0 0 0 
0 0 0 0 0 0 0 0 0 0 0 0 0 0 0 0 0 0 1.52089e+11 3.69349e+12 3.73722e+13 2.27406e+14 9.71614e+14 3.17118e+15 8.35537e+15 1.84649e+16 3.51678e+16 5.89297e+16 8.82668e+16 1.19531e+17 1.47606e+17 1.67181e+17 1.74217e+17 0 0 0 0 0 0 0 0 0 0 0 0 0 0 0 0 0 0 0 0 0 0 0 0 0 0 0 0 0 0 0 0 
0 0 0 0 0 0 0 0 0 0 0 0 0 0 0 0 0 0 1.15686e+10 6.41395e+11 9.36132e+12 7.2027e+13 3.65274e+14 1.36316e+15 4.00104e+15 9.65044e+15 1.97528e+16 3.50866e+16 5.50098e+16 7.71149e+16 9.75823e+16 1.12101e+17 1.17341e+17 0 0 0 0 0 0 0 0 0 0 0 0 0 0 0 0 0 0 0 0 0 0 0 0 0 0 0 0 0 0 0 0 
0 0 0 0 0 0 0 0 0 0 0 0 0 0 0 0 0 0 0 7.80915e+10 1.88819e+12 1.92207e+13 1.18014e+14 5.09158e+14 1.6749e+15 4.42886e+15 9.76164e+15 1.84061e+16 3.02526e+16 4.39607e+16 5.70177e+16 6.64666e+16 6.99369e+16 0 0 0 0 0 0 0 0 0 0 0 0 0 0 0 0 0 0 0 0 0 0 0 0 0 0 0 0 0 0 0 0 
0 0 0 0 0 0 0 0 0 0 0 0 0 0 0 0 0 0 0 5.67141e+09 2.96585e+11 4.27598e+12 3.27449e+13 1.65481e+14 6.15191e+14 1.79213e+15 4.26774e+15 8.5604e+15 1.47698e+16 2.22483e+16 2.96051e+16 3.50423e+16 3.70483e+16 0 0 0 0 0 0 0 0 0 0 0 0 0 0 0 0 0 0 0 0 0 0 0 0 0 0 0 0 0 0 0 0 
0 0 0 0 0 0 0 0 0 0 0 0 0 0 0 0 0 0 0 0 3.32891e+10 7.78111e+11 7.76034e+12 4.68863e+13 1.9893e+14 6.42389e+14 1.6595e+15 3.54703e+15 6.43055e+15 1.00616e+16 1.37386e+16 1.65141e+16 1.7553e+16 0 0 0 0 0 0 0 0 0 0 0 0 0 0 0 0 0 0 0 0 0 0 0 0 0 0 0 0 0 0 0 0 
0 0 0 0 0 0 0 0 0 0 0 0 0 0 0 0 0 0 0 0 2.4186e+09 1.12607e+11 1.55593e+12 1.1558e+13 5.67668e+13 2.04737e+14 5.75843e+14 1.31675e+15 2.51488e+15 4.08831e+15 5.73395e+15 7.00052e+15 7.47548e+15 0 0 0 0 0 0 0 0 0 0 0 0 0 0 0 0 0 0 0 0 0 0 0 0 0 0 0 0 0 0 0 0 
0 0 0 0 0 0 0 0 0 0 0 0 0 0 0 0 0 0 0 0 0 1.19255e+10 2.60131e+11 2.47047e+12 1.43078e+13 5.81801e+13 1.79508e+14 4.40375e+14 8.87235e+14 1.5015e+15 2.16484e+15 2.6856e+15 2.88456e+15 0 0 0 0 0 0 0 0 0 0 0 0 0 0 0 0 0 0 0 0 0 0 0 0 0 0 0 0 0 0 0 0 
0 0 0 0 0 0 0 0 0 0 0 0 0 0 0 0 0 0 0 0 0 9.21399e+08 3.55116e+10 4.54585e+11 3.18416e+12 1.47966e+13 5.03668e+13 1.33274e+14 2.84196e+14 5.01066e+14 7.43722e+14 9.38602e+14 1.01323e+15 0 0 0 0 0 0 0 0 0 0 0 0 0 0 0 0 0 0 0 0 0 0 0 0 0 0 0 0 0 0 0 0 
0 0 0 0 0 0 0 0 0 0 0 0 0 0 0 0 0 0 0 0 0 0 3.64104e+09 7.12094e+10 6.24202e+11 3.36955e+12 1.27865e+13 3.66215e+13 8.29558e+13 1.52797e+14 2.33606e+14 3.00036e+14 3.26014e+14 0 0 0 0 0 0 0 0 0 0 0 0 0 0 0 0 0 0 0 0 0 0 0 0 0 0 0 0 0 0 0 0 
0 0 0 0 0 0 0 0 0 0 0 0 0 0 0 0 0 0 0 0 0 0 3.21711e+08 9.46776e+09 1.07577e+11 6.88728e+11 2.94077e+12 9.19581e+12 2.21883e+13 4.28627e+13 6.75458e+13 8.83129e+13 9.64577e+13 0 0 0 0 0 0 0 0 0 0 0 0 0 0 0 0 0 0 0 0 0 0 0 0 0 0 0 0 0 0 0 0 
0 0 0 0 0 0 0 0 0 0 0 0 0 0 0 0 0 0 0 0 0 0 0 9.63212e+08 1.62472e+10 1.26661e+11 6.16476e+11 2.11619e+12 5.46958e+12 1.10778e+13 1.8065e+13 2.40722e+13 2.64626e+13 0 0 0 0 0 0 0 0 0 0 0 0 0 0 0 0 0 0 0 0 0 0 0 0 0 0 0 0 0 0 0 0 
0 0 0 0 0 0 0 0 0 0 0 0 0 0 0 0 0 0 0 0 0 0 0 1.04628e+08 2.1825e+09 2.09367e+10 1.18303e+11 4.49385e+11 1.24842e+12 2.66175e+12 4.49384e+12 6.10839e+12 6.76202e+12 0 0 0 0 0 0 0 0 0 0 0 0 0 0 0 0 0 0 0 0 0 0 0 0 0 0 0 0 0 0 0 0 
0 0 0 0 0 0 0 0 0 0 0 0 0 0 0 0 0 0 0 0 0 0 0 0 2.24046e+08 3.15576e+09 2.09598e+10 8.86243e+10 2.66179e+11 5.99442e+11 1.04798e+12 1.45545e+12 1.61995e+12 0 0 0 0 0 0 0 0 0 0 0 0 0 0 0 0 0 0 0 0 0 0 0 0 0 0 0 0 0 0 0 0 
0 0 0 0 0 0 0 0 0 0 0 0 0 0 0 0 0 0 0 0 0 0 0 0 3.14929e+07 4.4552e+08 3.41723e+09 1.64177e+10 5.347e+10 1.27204e+11 2.31177e+11 3.27935e+11 3.6817e+11 0 0 0 0 0 0 0 0 0 0 0 0 0 0 0 0 0 0 0 0 0 0 0 0 0 0 0 0 0 0 0 0 
0 0 0 0 0 0 0 0 0 0 0 0 0 0 0 0 0 0 0 0 0 0 0 0 0 4.55204e+07 5.35862e+08 2.89401e+09 1.018e+10 2.58197e+10 4.86131e+10 7.057e+10 7.96814e+10 0 0 0 0 0 0 0 0 0 0 0 0 0 0 0 0 0 0 0 0 0 0 0 0 0 0 0 0 0 0 0 0 
0 0 0 0 0 0 0 0 0 0 0 0 0 0 0 0 0 0 0 0 0 0 0 0 0 8.60176e+06 8.1078e+07 4.75317e+08 1.88842e+09 5.03784e+09 9.88682e+09 1.46489e+10 1.66774e+10 0 0 0 0 0 0 0 0 0 0 0 0 0 0 0 0 0 0 0 0 0 0 0 0 0 0 0 0 0 0 0 0 
0 0 0 0 0 0 0 0 0 0 0 0 0 0 0 0 0 0 0 0 0 0 0 0 0 0 7.84663e+06 8.09213e+07 3.38069e+08 9.54046e+08 1.97206e+09 2.95892e+09 3.42287e+09 0 0 0 0 0 0 0 0 0 0 0 0 0 0 0 0 0 0 0 0 0 0 0 0 0 0 0 0 0 0 0 0 
0 0 0 0 0 0 0 0 0 0 0 0 0 0 0 0 0 0 0 0 0 0 0 0 0 0 2.07563e+06 1.28973e+07 5.63363e+07 1.84096e+08 3.79521e+08 5.97722e+08 6.8408e+08 0 0 0 0 0 0 0 0 0 0 0 0 0 0 0 0 0 0 0 0 0 0 0 0 0 0 0 0 0 0 0 0 
0 0 0 0 0 0 0 0 0 0 0 0 0 0 0 0 0 0 0 0 0 0 0 0 0 0 0 1.08985e+06 1.085e+07 3.27227e+07 7.35164e+07 1.19195e+08 1.35643e+08 0 0 0 0 0 0 0 0 0 0 0 0 0 0 0 0 0 0 0 0 0 0 0 0 0 0 0 0 0 0 0 0 
0 0 0 0 0 0 0 0 0 0 0 0 0 0 0 0 0 0 0 0 0 0 0 0 0 0 0 429633 1.69881e+06 5.58528e+06 1.51231e+07 2.21227e+07 2.84951e+07 0 0 0 0 0 0 0 0 0 0 0 0 0 0 0 0 0 0 0 0 0 0 0 0 0 0 0 0 0 0 0 0 
0 0 0 0 0 0 0 0 0 0 0 0 0 0 0 0 0 0 0 0 0 0 0 0 0 0 0 0 112756 1.25325e+06 2.40996e+06 4.68416e+06 5.18533e+06 0 0 0 0 0 0 0 0 0 0 0 0 0 0 0 0 0 0 0 0 0 0 0 0 0 0 0 0 0 0 0 0 
0 0 0 0 0 0 0 0 0 0 0 0 0 0 0 0 0 0 0 0 0 0 0 0 0 0 0 0 73605.8 170787 458462 963211 935779 0 0 0 0 0 0 0 0 0 0 0 0 0 0 0 0 0 0 0 0 0 0 0 0 0 0 0 0 0 0 0 0 
0 0 0 0 0 0 0 0 0 0 0 0 0 0 0 0 0 0 0 0 0 0 0 0 0 0 0 0 0 7663.93 116759 111413 240051 0 0 0 0 0 0 0 0 0 0 0 0 0 0 0 0 0 0 0 0 0 0 0 0 0 0 0 0 0 0 0 0 
0 0 0 0 0 0 0 0 0 0 0 0 0 0 0 0 0 0 0 0 0 0 0 0 0 0 0 0 0 9953.09 11497.7 32386.5 37439.9 0 0 0 0 0 0 0 0 0 0 0 0 0 0 0 0 0 0 0 0 0 0 0 0 0 0 0 0 0 0 0 0 
0 0 0 0 0 0 0 0 0 0 0 0 0 0 0 0 0 0 0 0 0 0 0 0 0 0 0 0 0 0 255.692 7658.47 2046.36 0 0 0 0 0 0 0 0 0 0 0 0 0 0 0 0 0 0 0 0 0 0 0 0 0 0 0 0 0 0 0 0 
0 0 0 0 0 0 0 0 0 0 0 0 0 0 0 0 0 0 0 0 0 0 0 0 0 0 0 0 0 0 988.831 383.333 1915.1 0 0 0 0 0 0 0 0 0 0 0 0 0 0 0 0 0 0 0 0 0 0 0 0 0 0 0 0 0 0 0 0 
0 0 0 0 0 0 0 0 0 0 0 0 0 0 0 0 0 0 0 0 0 0 0 0 0 0 0 0 0 0 0 0 255.295 0 0 0 0 0 0 0 0 0 0 0 0 0 0 0 0 0 0 0 0 0 0 0 0 0 0 0 0 0 0 0 0 
0 0 0 0 0 0 0 0 0 0 0 0 0 0 0 0 0 0 0 0 0 0 0 0 0 0 0 0 0 0 0 63.7956 0 0 0 0 0 0 0 0 0 0 0 0 0 0 0 0 0 0 0 0 0 0 0 0 0 0 0 0 0 0 0 0 0 
0 0 0 0 0 0 0 0 0 0 0 0 0 0 0 0 0 0 0 0 0 0 0 0 0 0 0 0 0 0 0 0 0 0 0 0 0 0 0 0 0 0 0 0 0 0 0 0 0 0 0 0 0 0 0 0 0 0 0 0 0 0 0 0 0 
0 0 0 0 0 0 0 0 0 0 0 0 0 0 0 0 0 0 0 0 0 0 0 0 0 0 0 0 0 0 0 0 1.99361 0 0 0 0 0 0 0 0 0 0 0 0 0 0 0 0 0 0 0 0 0 0 0 0 0 0 0 0 0 0 0 0 
