1 0 0 0 0 0 0 0 0 0 0 0 0 0 0 0 0 0 0 0 0 0 0 0 0 0 0 0 0 0 0 0 0 0 0 0 0 0 0 0 0 0 0 0 0 0 0 0 0 0 0 0 0 0 0 0 0 0 0 0 0 0 0 0 1 
0 0 0 0 0 0 0 0 0 0 0 0 0 0 0 0 0 0 0 0 0 0 0 0 0 0 0 0 0 0 0 0 0 0 0 0 0 0 0 0 0 0 0 0 0 0 0 0 0 0 0 0 0 0 0 0 0 0 0 0 0 0 0 0 0 
0 64 0 0 0 0 0 0 0 0 0 0 0 0 0 0 0 0 0 0 0 0 0 0 0 0 0 0 0 0 0 0 0 0 0 0 0 0 0 0 0 0 0 0 0 0 0 0 0 0 0 0 0 0 0 0 0 0 0 0 0 0 0 0 0 
0 0 128 0 0 0 0 0 0 0 0 0 0 0 0 0 0 0 0 0 0 0 0 0 0 0 0 0 0 0 0 0 0 0 0 0 0 0 0 0 0 0 0 0 0 0 0 0 0 0 0 0 0 0 0 0 0 0 0 0 0 0 0 0 0 
0 0 1888 383.715 63.9511 0 0 0 0 0 0 0 0 0 0 0 0 0 0 0 0 0 0 0 0 0 0 0 0 0 0 0 0 0 0 0 0 0 0 0 0 0 0 0 0 0 0 0 0 0 0 0 0 0 0 0 0 0 0 0 0 0 0 0 0 
0 0 0 7168.57 1152.62 510.934 127.45 0 0 0 0 0 0 0 0 0 0 0 0 0 0 0 0 0 0 0 0 0 0 0 0 0 0 0 0 0 0 0 0 0 0 0 0 0 0 0 0 0 0 0 0 0 0 0 0 0 0 0 0 0 0 0 0 0 0 
0 0 0 34111.7 27333.9 6852.12 2565.22 1408.37 384.105 64.0218 0 0 0 0 0 0 0 0 0 0 0 0 0 0 0 0 0 0 0 0 0 0 0 0 0 0 0 0 0 0 0 0 0 0 0 0 0 0 0 0 0 0 0 0 0 0 0 0 0 0 0 0 0 0 0 
0 0 0 0 183667 97321.8 42924.7 16905.1 8550.71 4604.84 1920.47 510.909 129.585 0 0 0 0 0 0 0 0 0 0 0 0 0 0 0 0 0 0 0 0 0 0 0 0 0 0 0 0 0 0 0 0 0 0 0 0 0 0 0 0 0 0 0 0 0 0 0 0 0 0 0 0 
0 0 0 0 423159 829082 412260 222745 121131 59294.1 33668.4 19853.5 9694.17 4391.59 1415.57 382.464 80.7354 0 0 0 0 0 0 0 15.7609 0 0 0 0 0 0 0 15.763 0 0 0 0 0 0 0 0 0 0 0 0 0 0 0 0 0 0 0 0 0 0 0 0 0 0 0 0 0 0 0 0 
0 0 0 0 0 2.86087e+06 3.3253e+06 1.98017e+06 1.1419e+06 720918 427308 251473 154780 94811.8 55892.3 29595.3 14055.2 5965.22 2205.43 779.745 383.502 248.369 253.032 252.18 0 265.746 258.103 258.468 256.988 257.549 254.642 254.319 0 0 0 0 0 0 0 0 0 0 0 0 0 0 0 0 0 0 0 0 0 0 0 0 0 0 0 0 0 0 0 0 0 
0 0 0 0 0 3.82988e+06 1.4604e+07 1.35226e+07 9.37691e+06 6.09691e+06 4.02865e+06 2.69421e+06 1.79398e+06 1.16932e+06 777977 510374 328617 205347 120793 68038.3 36893.6 21410.4 13875.5 10896.4 11807.2 9808.57 9440.66 9288.94 9403.96 9275.47 9364.2 9508.36 11335 0 0 0 0 0 0 0 0 0 0 0 0 0 0 0 0 0 0 0 0 0 0 0 0 0 0 0 0 0 0 0 0 
0 0 0 0 0 0 3.03404e+07 6.37765e+07 5.74795e+07 4.32988e+07 3.15259e+07 2.23782e+07 1.59207e+07 1.15052e+07 8.19626e+06 5.85806e+06 4.17212e+06 2.95492e+06 2.08757e+06 1.45375e+06 1.02223e+06 707591 503261 371905 284869 247706 231536 224203 218347 219672 216967 214585 207627 0 0 0 0 0 0 0 0 0 0 0 0 0 0 0 0 0 0 0 0 0 0 0 0 0 0 0 0 0 0 0 0 
0 0 0 0 0 0 2.62468e+07 1.69375e+08 2.62909e+08 2.46477e+08 1.99426e+08 1.55913e+08 1.19243e+08 9.05279e+07 6.90296e+07 5.26501e+07 4.01995e+07 3.07099e+07 2.33642e+07 1.78929e+07 1.37171e+07 1.06404e+07 8.32073e+06 6.64375e+06 5.48803e+06 4.6335e+06 4.01824e+06 3.64451e+06 3.4515e+06 3.28818e+06 3.23717e+06 3.2139e+06 3.22447e+06 0 0 0 0 0 0 0 0 0 0 0 0 0 0 0 0 0 0 0 0 0 0 0 0 0 0 0 0 0 0 0 0 
0 0 0 0 0 0 0 2.32751e+08 7.8517e+08 1.06742e+09 1.0423e+09 9.03773e+08 7.50157e+08 6.08478e+08 4.9055e+08 3.93591e+08 3.16451e+08 2.543e+08 2.0525e+08 1.66428e+08 1.3525e+08 1.10558e+08 9.12992e+07 7.64707e+07 6.51179e+07 5.65387e+07 5.03783e+07 4.59813e+07 4.25254e+07 4.03007e+07 3.87277e+07 3.78274e+07 3.74629e+07 0 0 0 0 0 0 0 0 0 0 0 0 0 0 0 0 0 0 0 0 0 0 0 0 0 0 0 0 0 0 0 0 
0 0 0 0 0 0 0 1.3957e+08 1.38458e+09 3.30029e+09 4.27995e+09 4.34251e+09 3.98517e+09 3.49064e+09 2.98454e+09 2.52425e+09 2.1231e+09 1.78697e+09 1.50647e+09 1.27041e+09 1.07592e+09 9.17689e+08 7.88334e+08 6.84129e+08 5.99565e+08 5.3378e+08 4.8363e+08 4.43559e+08 4.1456e+08 3.93178e+08 3.79345e+08 3.72107e+08 3.6941e+08 0 0 0 0 0 0 0 0 0 0 0 0 0 0 0 0 0 0 0 0 0 0 0 0 0 0 0 0 0 0 0 0 
0 0 0 0 0 0 0 0 1.33973e+09 6.67355e+09 1.31398e+10 1.68166e+10 1.77205e+10 1.70721e+10 1.56882e+10 1.40451e+10 1.24181e+10 1.09004e+10 9.5271e+09 8.34064e+09 7.31729e+09 6.44485e+09 5.7081e+09 5.09022e+09 4.57826e+09 4.16081e+09 3.82841e+09 3.56282e+09 3.3497e+09 3.19642e+09 3.09778e+09 3.03334e+09 3.0114e+09 0 0 0 0 0 0 0 0 0 0 0 0 0 0 0 0 0 0 0 0 0 0 0 0 0 0 0 0 0 0 0 0 
0 0 0 0 0 0 0 0 5.85647e+08 8.31249e+09 2.83893e+10 5.03642e+10 6.45629e+10 7.04639e+10 7.08055e+10 6.78717e+10 6.33302e+10 5.81786e+10 5.2933e+10 4.80282e+10 4.34938e+10 3.94573e+10 3.58803e+10 3.2775e+10 3.0156e+10 2.79038e+10 2.60549e+10 2.45646e+10 2.33699e+10 2.25187e+10 2.18598e+10 2.14921e+10 2.13755e+10 0 0 0 0 0 0 0 0 0 0 0 0 0 0 0 0 0 0 0 0 0 0 0 0 0 0 0 0 0 0 0 0 
0 0 0 0 0 0 0 0 0 5.92814e+09 4.09364e+10 1.11355e+11 1.864e+11 2.4117e+11 2.7174e+11 2.834e+11 2.82216e+11 2.7299e+11 2.59766e+11 2.44474e+11 2.28823e+11 2.13609e+11 1.99366e+11 1.8635e+11 1.74825e+11 1.64795e+11 1.56232e+11 1.49014e+11 1.43217e+11 1.38771e+11 1.35728e+11 1.33885e+11 1.33202e+11 0 0 0 0 0 0 0 0 0 0 0 0 0 0 0 0 0 0 0 0 0 0 0 0 0 0 0 0 0 0 0 0 
0 0 0 0 0 0 0 0 0 1.96204e+09 3.76609e+10 1.74369e+11 4.11523e+11 6.66582e+11 8.73447e+11 1.01327e+12 1.09242e+12 1.12532e+12 1.12489e+12 1.10444e+12 1.07043e+12 1.03033e+12 9.87029e+11 9.44766e+11 9.04479e+11 8.6774e+11 8.34567e+11 8.05665e+11 7.83157e+11 7.6528e+11 7.52234e+11 7.44838e+11 7.41581e+11 0 0 0 0 0 0 0 0 0 0 0 0 0 0 0 0 0 0 0 0 0 0 0 0 0 0 0 0 0 0 0 0 
0 0 0 0 0 0 0 0 0 0 2.04931e+10 1.86497e+11 6.70811e+11 1.44422e+12 2.29888e+12 3.05303e+12 3.63695e+12 4.03963e+12 4.2887e+12 4.41428e+12 4.45782e+12 4.43367e+12 4.37402e+12 4.29364e+12 4.19546e+12 4.09727e+12 4.00161e+12 3.92006e+12 3.84881e+12 3.78539e+12 3.74482e+12 3.71765e+12 3.71152e+12 0 0 0 0 0 0 0 0 0 0 0 0 0 0 0 0 0 0 0 0 0 0 0 0 0 0 0 0 0 0 0 0 
0 0 0 0 0 0 0 0 0 0 5.29598e+09 1.3115e+11 7.85733e+11 2.3881e+12 4.83549e+12 7.62639e+12 1.02734e+13 1.25214e+13 1.42821e+13 1.55735e+13 1.64545e+13 1.70228e+13 1.73527e+13 1.74793e+13 1.74959e+13 1.74188e+13 1.7293e+13 1.71709e+13 1.70372e+13 1.69204e+13 1.6812e+13 1.67524e+13 1.67291e+13 0 0 0 0 0 0 0 0 0 0 0 0 0 0 0 0 0 0 0 0 0 0 0 0 0 0 0 0 0 0 0 0 
0 0 0 0 0 0 0 0 0 0 0 5.60251e+10 6.44055e+11 2.94222e+12 7.95227e+12 1.54467e+13 2.42526e+13 3.3115e+13 4.12045e+13 4.81222e+13 5.37344e+13 5.81386e+13 6.14297e+13 6.38682e+13 6.55664e+13 6.67315e+13 6.74687e+13 6.78998e+13 6.81456e+13 6.82606e+13 6.8314e+13 6.82902e+13 6.83329e+13 0 0 0 0 0 0 0 0 0 0 0 0 0 0 0 0 0 0 0 0 0 0 0 0 0 0 0 0 0 0 0 0 
0 0 0 0 0 0 0 0 0 0 0 1.15912e+10 3.5572e+11 2.65113e+12 1.0034e+13 2.49269e+13 4.69972e+13 7.36651e+13 1.01871e+14 1.29095e+14 1.53851e+14 1.75379e+14 1.93523e+14 2.08418e+14 2.20366e+14 2.29744e+14 2.37096e+14 2.42484e+14 2.46491e+14 2.49345e+14 2.51068e+14 2.52282e+14 2.52546e+14 0 0 0 0 0 0 0 0 0 0 0 0 0 0 0 0 0 0 0 0 0 0 0 0 0 0 0 0 0 0 0 0 
0 0 0 0 0 0 0 0 0 0 0 0 1.22131e+11 1.70886e+12 9.56507e+12 3.15776e+13 7.37012e+13 1.35947e+14 2.13001e+14 2.97679e+14 3.83262e+14 4.64681e+14 5.39223e+14 6.0498e+14 6.61324e+14 7.08659e+14 7.47708e+14 7.79396e+14 8.03942e+14 8.21938e+14 8.34259e+14 8.41824e+14 8.44311e+14 0 0 0 0 0 0 0 0 0 0 0 0 0 0 0 0 0 0 0 0 0 0 0 0 0 0 0 0 0 0 0 0 
0 0 0 0 0 0 0 0 0 0 0 0 2.06845e+10 7.58892e+11 6.79358e+12 3.10004e+13 9.23511e+13 2.05433e+14 3.72405e+14 5.83364e+14 8.22286e+14 1.07253e+15 1.3191e+15 1.55202e+15 1.76418e+15 1.95242e+15 2.11464e+15 2.24873e+15 2.35678e+15 2.43938e+15 2.50036e+15 2.53404e+15 2.54503e+15 0 0 0 0 0 0 0 0 0 0 0 0 0 0 0 0 0 0 0 0 0 0 0 0 0 0 0 0 0 0 0 0 
0 0 0 0 0 0 0 0 0 0 0 0 0 2.13736e+11 3.52065e+12 2.33648e+13 9.1521e+13 2.5164e+14 5.38682e+14 9.62272e+14 1.50565e+15 2.1358e+15 2.81179e+15 3.49707e+15 4.15928e+15 4.77428e+15 5.32385e+15 5.8012e+15 6.19383e+15 6.50479e+15 6.72435e+15 6.85743e+15 6.90079e+15 0 0 0 0 0 0 0 0 0 0 0 0 0 0 0 0 0 0 0 0 0 0 0 0 0 0 0 0 0 0 0 0 
0 0 0 0 0 0 0 0 0 0 0 0 0 3.02096e+10 1.28251e+12 1.33563e+13 7.12875e+13 2.48038e+14 6.39152e+14 1.32473e+15 2.33496e+15 3.64452e+15 5.18777e+15 6.87179e+15 8.60486e+15 1.03002e+16 1.18894e+16 1.33082e+16 1.45186e+16 1.54786e+16 1.61828e+16 1.66148e+16 1.67595e+16 0 0 0 0 0 0 0 0 0 0 0 0 0 0 0 0 0 0 0 0 0 0 0 0 0 0 0 0 0 0 0 0 
0 0 0 0 0 0 0 0 0 0 0 0 0 0 3.018e+11 5.67625e+12 4.33162e+13 1.95709e+14 6.18949e+14 1.51087e+15 3.04182e+15 5.28887e+15 8.21651e+15 1.1693e+16 1.5528e+16 1.94956e+16 2.33759e+16 2.69903e+16 3.01518e+16 3.27626e+16 3.46761e+16 3.58375e+16 3.62429e+16 0 0 0 0 0 0 0 0 0 0 0 0 0 0 0 0 0 0 0 0 0 0 0 0 0 0 0 0 0 0 0 0 
0 0 0 0 0 0 0 0 0 0 0 0 0 0 3.6255e+10 1.72797e+12 2.03126e+13 1.23172e+14 4.87435e+14 1.42288e+15 3.31316e+15 6.48869e+15 1.1115e+16 1.71408e+16 2.4294e+16 3.21861e+16 4.03072e+16 4.81653e+16 5.53043e+16 6.12663e+16 6.57885e+16 6.86078e+16 6.95515e+16 0 0 0 0 0 0 0 0 0 0 0 0 0 0 0 0 0 0 0 0 0 0 0 0 0 0 0 0 0 0 0 0 
0 0 0 0 0 0 0 0 0 0 0 0 0 0 0 3.45211e+11 7.21068e+12 6.14428e+13 3.1137e+14 1.10449e+15 3.00885e+15 6.70737e+15 1.2784e+16 2.15218e+16 3.28119e+16 4.61027e+16 6.06001e+16 7.52533e+16 8.90397e+16 1.00929e+17 1.10066e+17 1.15836e+17 1.17775e+17 0 0 0 0 0 0 0 0 0 0 0 0 0 0 0 0 0 0 0 0 0 0 0 0 0 0 0 0 0 0 0 0 
0 0 0 0 0 0 0 0 0 0 0 0 0 0 0 3.58922e+10 1.86313e+12 2.40537e+13 1.61098e+14 7.05718e+14 2.27842e+15 5.83511e+15 1.24722e+16 2.30875e+16 3.8067e+16 5.70995e+16 7.91229e+16 1.02527e+17 1.25375e+17 1.45702e+17 1.61707e+17 1.71855e+17 1.7538e+17 0 0 0 0 0 0 0 0 0 0 0 0 0 0 0 0 0 0 0 0 0 0 0 0 0 0 0 0 0 0 0 0 
0 0 0 0 0 0 0 0 0 0 0 0 0 0 0 0 3.21172e+11 7.24536e+12 6.71153e+13 3.71307e+14 1.43813e+15 4.27081e+15 1.03182e+16 2.11603e+16 3.79608e+16 6.10236e+16 8.95061e+16 1.21452e+17 1.53958e+17 1.83853e+17 2.07846e+17 2.23481e+17 2.28906e+17 0 0 0 0 0 0 0 0 0 0 0 0 0 0 0 0 0 0 0 0 0 0 0 0 0 0 0 0 0 0 0 0 
0 0 0 0 0 0 0 0 0 0 0 0 0 0 0 0 2.94378e+10 1.61523e+12 2.23016e+13 1.60509e+14 7.58078e+14 2.63638e+15 7.25185e+15 1.6553e+16 3.24789e+16 5.6237e+16 8.76629e+16 1.24907e+17 1.64622e+17 2.0232e+17 2.33532e+17 2.54129e+17 2.61245e+17 0 0 0 0 0 0 0 0 0 0 0 0 0 0 0 0 0 0 0 0 0 0 0 0 0 0 0 0 0 0 0 0 
0 0 0 0 0 0 0 0 0 0 0 0 0 0 0 0 0 2.43901e+11 5.78992e+12 5.67696e+13 3.33749e+14 1.37549e+15 4.33909e+15 1.10886e+16 2.3907e+16 4.47532e+16 7.43757e+16 1.11632e+17 1.53235e+17 1.94325e+17 2.29163e+17 2.52408e+17 2.60687e+17 0 0 0 0 0 0 0 0 0 0 0 0 0 0 0 0 0 0 0 0 0 0 0 0 0 0 0 0 0 0 0 0 
0 0 0 0 0 0 0 0 0 0 0 0 0 0 0 0 0 2.01304e+10 1.13017e+12 1.62548e+13 1.22572e+14 6.07716e+14 2.21787e+15 6.3859e+15 1.51832e+16 3.08281e+16 5.47871e+16 8.67802e+16 1.24349e+17 1.62856e+17 1.96407e+17 2.19415e+17 2.27542e+17 0 0 0 0 0 0 0 0 0 0 0 0 0 0 0 0 0 0 0 0 0 0 0 0 0 0 0 0 0 0 0 0 
0 0 0 0 0 0 0 0 0 0 0 0 0 0 0 0 0 0 1.51878e+11 3.69444e+12 3.73571e+13 2.27352e+14 9.71306e+14 3.17079e+15 8.35701e+15 1.84619e+16 3.51563e+16 5.89248e+16 8.82862e+16 1.19554e+17 1.47625e+17 1.67162e+17 1.74203e+17 0 0 0 0 0 0 0 0 0 0 0 0 0 0 0 0 0 0 0 0 0 0 0 0 0 0 0 0 0 0 0 0 
0 0 0 0 0 0 0 0 0 0 0 0 0 0 0 0 0 0 1.15774e+10 6.40811e+11 9.35913e+12 7.20336e+13 3.65253e+14 1.36298e+15 3.9996e+15 9.65348e+15 1.97514e+16 3.50884e+16 5.49959e+16 7.71171e+16 9.75825e+16 1.12119e+17 1.17343e+17 0 0 0 0 0 0 0 0 0 0 0 0 0 0 0 0 0 0 0 0 0 0 0 0 0 0 0 0 0 0 0 0 
0 0 0 0 0 0 0 0 0 0 0 0 0 0 0 0 0 0 0 7.79749e+10 1.88845e+12 1.92119e+13 1.18024e+14 5.08839e+14 1.67447e+15 4.42792e+15 9.76342e+15 1.84067e+16 3.02517e+16 4.39495e+16 5.70169e+16 6.64579e+16 6.99372e+16 0 0 0 0 0 0 0 0 0 0 0 0 0 0 0 0 0 0 0 0 0 0 0 0 0 0 0 0 0 0 0 0 
0 0 0 0 0 0 0 0 0 0 0 0 0 0 0 0 0 0 0 5.67379e+09 2.96107e+11 4.27482e+12 3.27423e+13 1.6551e+14 6.1492e+14 1.79117e+15 4.26621e+15 8.55629e+15 1.47635e+16 2.22438e+16 2.95931e+16 3.50417e+16 3.70423e+16 0 0 0 0 0 0 0 0 0 0 0 0 0 0 0 0 0 0 0 0 0 0 0 0 0 0 0 0 0 0 0 0 
0 0 0 0 0 0 0 0 0 0 0 0 0 0 0 0 0 0 0 0 3.32409e+10 7.77845e+11 7.75339e+12 4.68802e+13 1.9888e+14 6.41913e+14 1.65832e+15 3.54606e+15 6.43212e+15 1.00567e+16 1.37365e+16 1.65093e+16 1.75474e+16 0 0 0 0 0 0 0 0 0 0 0 0 0 0 0 0 0 0 0 0 0 0 0 0 0 0 0 0 0 0 0 0 
0 0 0 0 0 0 0 0 0 0 0 0 0 0 0 0 0 0 0 0 2.41914e+09 1.12472e+11 1.55577e+12 1.15508e+13 5.67514e+13 2.04582e+14 5.75652e+14 1.31648e+15 2.51387e+15 4.08733e+15 5.73265e+15 6.99798e+15 7.47625e+15 0 0 0 0 0 0 0 0 0 0 0 0 0 0 0 0 0 0 0 0 0 0 0 0 0 0 0 0 0 0 0 0 
0 0 0 0 0 0 0 0 0 0 0 0 0 0 0 0 0 0 0 0 0 1.19002e+10 2.59842e+11 2.46939e+12 1.43028e+13 5.81774e+13 1.7939e+14 4.40116e+14 8.8696e+14 1.50125e+15 2.16417e+15 2.68599e+15 2.88387e+15 0 0 0 0 0 0 0 0 0 0 0 0 0 0 0 0 0 0 0 0 0 0 0 0 0 0 0 0 0 0 0 0 
0 0 0 0 0 0 0 0 0 0 0 0 0 0 0 0 0 0 0 0 0 9.22305e+08 3.54655e+10 4.54272e+11 3.18179e+12 1.47854e+13 5.03538e+13 1.33147e+14 2.83867e+14 5.00744e+14 7.43302e+14 9.38029e+14 1.01308e+15 0 0 0 0 0 0 0 0 0 0 0 0 0 0 0 0 0 0 0 0 0 0 0 0 0 0 0 0 0 0 0 0 
0 0 0 0 0 0 0 0 0 0 0 0 0 0 0 0 0 0 0 0 0 0 3.63137e+09 7.11428e+10 6.24232e+11 3.36872e+12 1.27773e+13 3.66199e+13 8.29028e+13 1.52778e+14 2.3358e+14 2.99898e+14 3.25822e+14 0 0 0 0 0 0 0 0 0 0 0 0 0 0 0 0 0 0 0 0 0 0 0 0 0 0 0 0 0 0 0 0 
0 0 0 0 0 0 0 0 0 0 0 0 0 0 0 0 0 0 0 0 0 0 3.21888e+08 9.45091e+09 1.07551e+11 6.88264e+11 2.94113e+12 9.18672e+12 2.21793e+13 4.27918e+13 6.74787e+13 8.82533e+13 9.64471e+13 0 0 0 0 0 0 0 0 0 0 0 0 0 0 0 0 0 0 0 0 0 0 0 0 0 0 0 0 0 0 0 0 
0 0 0 0 0 0 0 0 0 0 0 0 0 0 0 0 0 0 0 0 0 0 0 9.61722e+08 1.62265e+10 1.26671e+11 6.16158e+11 2.11537e+12 5.46637e+12 1.10717e+13 1.80543e+13 2.40675e+13 2.64441e+13 0 0 0 0 0 0 0 0 0 0 0 0 0 0 0 0 0 0 0 0 0 0 0 0 0 0 0 0 0 0 0 0 
0 0 0 0 0 0 0 0 0 0 0 0 0 0 0 0 0 0 0 0 0 0 0 1.04474e+08 2.18096e+09 2.09351e+10 1.18219e+11 4.49354e+11 1.24787e+12 2.66278e+12 4.48797e+12 6.10378e+12 6.75907e+12 0 0 0 0 0 0 0 0 0 0 0 0 0 0 0 0 0 0 0 0 0 0 0 0 0 0 0 0 0 0 0 0 
0 0 0 0 0 0 0 0 0 0 0 0 0 0 0 0 0 0 0 0 0 0 0 0 2.23619e+08 3.15303e+09 2.09754e+10 8.85864e+10 2.6602e+11 5.98868e+11 1.04786e+12 1.4536e+12 1.62075e+12 0 0 0 0 0 0 0 0 0 0 0 0 0 0 0 0 0 0 0 0 0 0 0 0 0 0 0 0 0 0 0 0 
0 0 0 0 0 0 0 0 0 0 0 0 0 0 0 0 0 0 0 0 0 0 0 0 3.14533e+07 4.45218e+08 3.41547e+09 1.6419e+10 5.34508e+10 1.27177e+11 2.31255e+11 3.27371e+11 3.67594e+11 0 0 0 0 0 0 0 0 0 0 0 0 0 0 0 0 0 0 0 0 0 0 0 0 0 0 0 0 0 0 0 0 
0 0 0 0 0 0 0 0 0 0 0 0 0 0 0 0 0 0 0 0 0 0 0 0 0 4.54495e+07 5.34983e+08 2.89293e+09 1.01843e+10 2.57972e+10 4.86048e+10 7.05536e+10 7.96234e+10 0 0 0 0 0 0 0 0 0 0 0 0 0 0 0 0 0 0 0 0 0 0 0 0 0 0 0 0 0 0 0 0 
0 0 0 0 0 0 0 0 0 0 0 0 0 0 0 0 0 0 0 0 0 0 0 0 0 8.58848e+06 8.10713e+07 4.74647e+08 1.88932e+09 5.03869e+09 9.8828e+09 1.46698e+10 1.66603e+10 0 0 0 0 0 0 0 0 0 0 0 0 0 0 0 0 0 0 0 0 0 0 0 0 0 0 0 0 0 0 0 0 
0 0 0 0 0 0 0 0 0 0 0 0 0 0 0 0 0 0 0 0 0 0 0 0 0 0 7.84452e+06 8.07944e+07 3.38006e+08 9.53412e+08 1.97059e+09 2.95951e+09 3.42343e+09 0 0 0 0 0 0 0 0 0 0 0 0 0 0 0 0 0 0 0 0 0 0 0 0 0 0 0 0 0 0 0 0 
0 0 0 0 0 0 0 0 0 0 0 0 0 0 0 0 0 0 0 0 0 0 0 0 0 0 2.07322e+06 1.28885e+07 5.62913e+07 1.84148e+08 3.79527e+08 5.97825e+08 6.84988e+08 0 0 0 0 0 0 0 0 0 0 0 0 0 0 0 0 0 0 0 0 0 0 0 0 0 0 0 0 0 0 0 0 
0 0 0 0 0 0 0 0 0 0 0 0 0 0 0 0 0 0 0 0 0 0 0 0 0 0 0 1.0893e+06 1.0842e+07 3.27365e+07 7.36282e+07 1.193e+08 1.35606e+08 0 0 0 0 0 0 0 0 0 0 0 0 0 0 0 0 0 0 0 0 0 0 0 0 0 0 0 0 0 0 0 0 
0 0 0 0 0 0 0 0 0 0 0 0 0 0 0 0 0 0 0 0 0 0 0 0 0 0 0 429190 1.69804e+06 5.58184e+06 1.51319e+07 2.21573e+07 2.85526e+07 0 0 0 0 0 0 0 0 0 0 0 0 0 0 0 0 0 0 0 0 0 0 0 0 0 0 0 0 0 0 0 0 
0 0 0 0 0 0 0 0 0 0 0 0 0 0 0 0 0 0 0 0 0 0 0 0 0 0 0 0 112699 1.25296e+06 2.4125e+06 4.69229e+06 5.19454e+06 0 0 0 0 0 0 0 0 0 0 0 0 0 0 0 0 0 0 0 0 0 0 0 0 0 0 0 0 0 0 0 0 
0 0 0 0 0 0 0 0 0 0 0 0 0 0 0 0 0 0 0 0 0 0 0 0 0 0 0 0 73537.1 170689 458190 963299 938052 0 0 0 0 0 0 0 0 0 0 0 0 0 0 0 0 0 0 0 0 0 0 0 0 0 0 0 0 0 0 0 0 
0 0 0 0 0 0 0 0 0 0 0 0 0 0 0 0 0 0 0 0 0 0 0 0 0 0 0 0 0 7667.91 116747 111609 240240 0 0 0 0 0 0 0 0 0 0 0 0 0 0 0 0 0 0 0 0 0 0 0 0 0 0 0 0 0 0 0 0 
0 0 0 0 0 0 0 0 0 0 0 0 0 0 0 0 0 0 0 0 0 0 0 0 0 0 0 0 0 9941.25 11496.2 32334.8 37456.5 0 0 0 0 0 0 0 0 0 0 0 0 0 0 0 0 0 0 0 0 0 0 0 0 0 0 0 0 0 0 0 0 
0 0 0 0 0 0 0 0 0 0 0 0 0 0 0 0 0 0 0 0 0 0 0 0 0 0 0 0 0 0 255.206 7656.79 2048.26 0 0 0 0 0 0 0 0 0 0 0 0 0 0 0 0 0 0 0 0 0 0 0 0 0 0 0 0 0 0 0 0 
0 0 0 0 0 0 0 0 0 0 0 0 0 0 0 0 0 0 0 0 0 0 0 0 0 0 0 0 0 0 987.926 383.107 1912.64 0 0 0 0 0 0 0 0 0 0 0 0 0 0 0 0 0 0 0 0 0 0 0 0 0 0 0 0 0 0 0 0 
0 0 0 0 0 0 0 0 0 0 0 0 0 0 0 0 0 0 0 0 0 0 0 0 0 0 0 0 0 0 0 0 255.148 0 0 0 0 0 0 0 0 0 0 0 0 0 0 0 0 0 0 0 0 0 0 0 0 0 0 0 0 0 0 0 0 
0 0 0 0 0 0 0 0 0 0 0 0 0 0 0 0 0 0 0 0 0 0 0 0 0 0 0 0 0 0 0 63.7371 0 0 0 0 0 0 0 0 0 0 0 0 0 0 0 0 0 0 0 0 0 0 0 0 0 0 0 0 0 0 0 0 0 
0 0 0 0 0 0 0 0 0 0 0 0 0 0 0 0 0 0 0 0 0 0 0 0 0 0 0 0 0 0 0 0 0 0 0 0 0 0 0 0 0 0 0 0 0 0 0 0 0 0 0 0 0 0 0 0 0 0 0 0 0 0 0 0 0 
0 0 0 0 0 0 0 0 0 0 0 0 0 0 0 0 0 0 0 0 0 0 0 0 0 0 0 0 0 0 0 0 1.99179 0 0 0 0 0 0 0 0 0 0 0 0 0 0 0 0 0 0 0 0 0 0 0 0 0 0 0 0 0 0 0 0 
