1 0 0 0 0 0 0 0 0 0 0 0 0 0 0 0 0 0 0 0 0 0 0 0 0 0 0 0 0 0 0 0 0 0 0 0 0 0 0 0 0 0 0 0 0 0 0 0 0 0 0 0 0 0 0 0 0 0 0 0 0 0 0 0 1 
0 0 0 0 0 0 0 0 0 0 0 0 0 0 0 0 0 0 0 0 0 0 0 0 0 0 0 0 0 0 0 0 0 0 0 0 0 0 0 0 0 0 0 0 0 0 0 0 0 0 0 0 0 0 0 0 0 0 0 0 0 0 0 0 0 
0 64 0 0 0 0 0 0 0 0 0 0 0 0 0 0 0 0 0 0 0 0 0 0 0 0 0 0 0 0 0 0 0 0 0 0 0 0 0 0 0 0 0 0 0 0 0 0 0 0 0 0 0 0 0 0 0 0 0 0 0 0 0 0 0 
0 0 128 0 0 0 0 0 0 0 0 0 0 0 0 0 0 0 0 0 0 0 0 0 0 0 0 0 0 0 0 0 0 0 0 0 0 0 0 0 0 0 0 0 0 0 0 0 0 0 0 0 0 0 0 0 0 0 0 0 0 0 0 0 0 
0 0 1888 384.157 64.0972 0 0 0 0 0 0 0 0 0 0 0 0 0 0 0 0 0 0 0 0 0 0 0 0 0 0 0 0 0 0 0 0 0 0 0 0 0 0 0 0 0 0 0 0 0 0 0 0 0 0 0 0 0 0 0 0 0 0 0 0 
0 0 0 7167.69 1154.06 512.028 127.936 0 0 0 0 0 0 0 0 0 0 0 0 0 0 0 0 0 0 0 0 0 0 0 0 0 0 0 0 0 0 0 0 0 0 0 0 0 0 0 0 0 0 0 0 0 0 0 0 0 0 0 0 0 0 0 0 0 0 
0 0 0 34112.2 27314.7 6847.08 2559.62 1409.36 383.771 63.3108 0 0 0 0 0 0 0 0 0 0 0 0 0 0 0 0 0 0 0 0 0 0 0 0 0 0 0 0 0 0 0 0 0 0 0 0 0 0 0 0 0 0 0 0 0 0 0 0 0 0 0 0 0 0 0 
0 0 0 0 183700 97260.8 42906.3 16888.5 8570.55 4630.46 1923.45 516.906 128.771 0 0 0 0 0 0 0 0 0 0 0 0 0 0 0 0 0 0 0 0 0 0 0 0 0 0 0 0 0 0 0 0 0 0 0 0 0 0 0 0 0 0 0 0 0 0 0 0 0 0 0 0 
0 0 0 0 423143 829238 412369 222848 121079 59168.5 33749.4 19903.8 9686.25 4376.9 1410.88 390.502 80.1793 0 0 0 0 0 0 0 15.7108 0 0 0 0 0 0 0 15.7846 0 0 0 0 0 0 0 0 0 0 0 0 0 0 0 0 0 0 0 0 0 0 0 0 0 0 0 0 0 0 0 0 
0 0 0 0 0 2.86075e+06 3.32607e+06 1.98066e+06 1.14177e+06 721080 426081 251038 154550 94799.8 55687 29436.6 14091.7 5969.95 2192.91 780.659 381.404 257.465 256.236 253.323 0 262.014 259.306 255.86 256.754 258.539 254.368 255.278 0 0 0 0 0 0 0 0 0 0 0 0 0 0 0 0 0 0 0 0 0 0 0 0 0 0 0 0 0 0 0 0 0 
0 0 0 0 0 3.8299e+06 1.46009e+07 1.35234e+07 9.37605e+06 6.10242e+06 4.03646e+06 2.69408e+06 1.79341e+06 1.17035e+06 777642 512307 330341 205567 120765 68141 36990.4 21488.9 13866.6 10909.6 11765.3 9825.73 9460.17 9292.7 9412.42 9275.54 9370.9 9555.19 11348.5 0 0 0 0 0 0 0 0 0 0 0 0 0 0 0 0 0 0 0 0 0 0 0 0 0 0 0 0 0 0 0 0 
0 0 0 0 0 0 3.03438e+07 6.37565e+07 5.74865e+07 4.33146e+07 3.15295e+07 2.2363e+07 1.59176e+07 1.15143e+07 8.19856e+06 5.87295e+06 4.18121e+06 2.94711e+06 2.09137e+06 1.46437e+06 1.02285e+06 712365 503739 372510 285241 248013 231630 223754 218250 219656 217445 214714 208090 0 0 0 0 0 0 0 0 0 0 0 0 0 0 0 0 0 0 0 0 0 0 0 0 0 0 0 0 0 0 0 0 
0 0 0 0 0 0 2.62456e+07 1.69398e+08 2.62858e+08 2.46414e+08 1.99398e+08 1.56069e+08 1.19359e+08 9.05657e+07 6.9133e+07 5.26171e+07 4.02179e+07 3.07619e+07 2.33971e+07 1.79004e+07 1.3717e+07 1.06001e+07 8.334e+06 6.68475e+06 5.50665e+06 4.64321e+06 4.03581e+06 3.65003e+06 3.44349e+06 3.28073e+06 3.22902e+06 3.20799e+06 3.21634e+06 0 0 0 0 0 0 0 0 0 0 0 0 0 0 0 0 0 0 0 0 0 0 0 0 0 0 0 0 0 0 0 0 
0 0 0 0 0 0 0 2.3276e+08 7.85156e+08 1.06726e+09 1.04239e+09 9.04336e+08 7.50597e+08 6.08864e+08 4.90736e+08 3.9394e+08 3.16621e+08 2.5475e+08 2.05569e+08 1.66548e+08 1.35187e+08 1.10654e+08 9.14512e+07 7.65065e+07 6.51665e+07 5.65665e+07 5.03899e+07 4.5896e+07 4.25042e+07 4.01974e+07 3.86902e+07 3.78208e+07 3.7383e+07 0 0 0 0 0 0 0 0 0 0 0 0 0 0 0 0 0 0 0 0 0 0 0 0 0 0 0 0 0 0 0 0 
0 0 0 0 0 0 0 1.39557e+08 1.38461e+09 3.30039e+09 4.27956e+09 4.34237e+09 3.98626e+09 3.49346e+09 2.98274e+09 2.52687e+09 2.12723e+09 1.79018e+09 1.50679e+09 1.27144e+09 1.07855e+09 9.18477e+08 7.8993e+08 6.85979e+08 6.00248e+08 5.34679e+08 4.82825e+08 4.43305e+08 4.14263e+08 3.92956e+08 3.78738e+08 3.70848e+08 3.68636e+08 0 0 0 0 0 0 0 0 0 0 0 0 0 0 0 0 0 0 0 0 0 0 0 0 0 0 0 0 0 0 0 0 
0 0 0 0 0 0 0 0 1.33989e+09 6.6739e+09 1.31396e+10 1.68175e+10 1.77201e+10 1.70693e+10 1.56861e+10 1.40454e+10 1.24204e+10 1.09013e+10 9.54669e+09 8.35394e+09 7.32758e+09 6.45651e+09 5.71359e+09 5.09207e+09 4.58051e+09 4.16129e+09 3.82529e+09 3.55353e+09 3.35104e+09 3.1944e+09 3.09648e+09 3.03145e+09 3.01021e+09 0 0 0 0 0 0 0 0 0 0 0 0 0 0 0 0 0 0 0 0 0 0 0 0 0 0 0 0 0 0 0 0 
0 0 0 0 0 0 0 0 5.85519e+08 8.31212e+09 2.83939e+10 5.0361e+10 6.45704e+10 7.04663e+10 7.08082e+10 6.78745e+10 6.33422e+10 5.8263e+10 5.30143e+10 4.80908e+10 4.35217e+10 3.94896e+10 3.59104e+10 3.27841e+10 3.01487e+10 2.79269e+10 2.60563e+10 2.45468e+10 2.33798e+10 2.24631e+10 2.18564e+10 2.14808e+10 2.13624e+10 0 0 0 0 0 0 0 0 0 0 0 0 0 0 0 0 0 0 0 0 0 0 0 0 0 0 0 0 0 0 0 0 
0 0 0 0 0 0 0 0 0 5.92849e+09 4.09332e+10 1.11371e+11 1.86444e+11 2.41229e+11 2.71904e+11 2.83583e+11 2.82311e+11 2.73184e+11 2.60041e+11 2.44734e+11 2.29047e+11 2.13638e+11 1.99477e+11 1.86538e+11 1.74872e+11 1.64558e+11 1.56065e+11 1.4901e+11 1.43169e+11 1.38836e+11 1.3576e+11 1.33917e+11 1.33207e+11 0 0 0 0 0 0 0 0 0 0 0 0 0 0 0 0 0 0 0 0 0 0 0 0 0 0 0 0 0 0 0 0 
0 0 0 0 0 0 0 0 0 1.96181e+09 3.76551e+10 1.74339e+11 4.11372e+11 6.66793e+11 8.73608e+11 1.01351e+12 1.09276e+12 1.12496e+12 1.12542e+12 1.10484e+12 1.07097e+12 1.03038e+12 9.87226e+11 9.44728e+11 9.05285e+11 8.67529e+11 8.34424e+11 8.06506e+11 7.82653e+11 7.6479e+11 7.51321e+11 7.43795e+11 7.41983e+11 0 0 0 0 0 0 0 0 0 0 0 0 0 0 0 0 0 0 0 0 0 0 0 0 0 0 0 0 0 0 0 0 
0 0 0 0 0 0 0 0 0 0 2.0499e+10 1.86525e+11 6.7098e+11 1.44428e+12 2.29882e+12 3.05497e+12 3.63675e+12 4.0417e+12 4.28774e+12 4.41569e+12 4.45776e+12 4.43619e+12 4.37384e+12 4.29118e+12 4.19567e+12 4.09724e+12 4.00325e+12 3.91872e+12 3.84385e+12 3.78668e+12 3.74643e+12 3.719e+12 3.70822e+12 0 0 0 0 0 0 0 0 0 0 0 0 0 0 0 0 0 0 0 0 0 0 0 0 0 0 0 0 0 0 0 0 
0 0 0 0 0 0 0 0 0 0 5.2951e+09 1.31123e+11 7.85637e+11 2.3875e+12 4.83557e+12 7.62524e+12 1.02781e+13 1.25265e+13 1.42862e+13 1.55811e+13 1.64651e+13 1.70295e+13 1.73536e+13 1.74792e+13 1.74986e+13 1.74183e+13 1.73146e+13 1.71734e+13 1.70279e+13 1.69104e+13 1.68249e+13 1.67557e+13 1.67384e+13 0 0 0 0 0 0 0 0 0 0 0 0 0 0 0 0 0 0 0 0 0 0 0 0 0 0 0 0 0 0 0 0 
0 0 0 0 0 0 0 0 0 0 0 5.60438e+10 6.44063e+11 2.94213e+12 7.95282e+12 1.54434e+13 2.42474e+13 3.31131e+13 4.12308e+13 4.81309e+13 5.3745e+13 5.81412e+13 6.14525e+13 6.38722e+13 6.55613e+13 6.67304e+13 6.74675e+13 6.79125e+13 6.81899e+13 6.82955e+13 6.83426e+13 6.83408e+13 6.83723e+13 0 0 0 0 0 0 0 0 0 0 0 0 0 0 0 0 0 0 0 0 0 0 0 0 0 0 0 0 0 0 0 0 
0 0 0 0 0 0 0 0 0 0 0 1.15878e+10 3.55732e+11 2.6513e+12 1.00325e+13 2.49339e+13 4.69991e+13 7.36888e+13 1.01836e+14 1.29091e+14 1.53921e+14 1.75415e+14 1.93518e+14 2.08401e+14 2.20324e+14 2.29748e+14 2.36932e+14 2.42363e+14 2.46297e+14 2.49096e+14 2.51042e+14 2.52222e+14 2.52571e+14 0 0 0 0 0 0 0 0 0 0 0 0 0 0 0 0 0 0 0 0 0 0 0 0 0 0 0 0 0 0 0 0 
0 0 0 0 0 0 0 0 0 0 0 0 1.22146e+11 1.70915e+12 9.56467e+12 3.15713e+13 7.37144e+13 1.35898e+14 2.13013e+14 2.97659e+14 3.8319e+14 4.64865e+14 5.39155e+14 6.04755e+14 6.61532e+14 7.08984e+14 7.47982e+14 7.79198e+14 8.03607e+14 8.21579e+14 8.34296e+14 8.41965e+14 8.43872e+14 0 0 0 0 0 0 0 0 0 0 0 0 0 0 0 0 0 0 0 0 0 0 0 0 0 0 0 0 0 0 0 0 
0 0 0 0 0 0 0 0 0 0 0 0 2.06748e+10 7.58805e+11 6.79409e+12 3.09981e+13 9.23238e+13 2.05481e+14 3.72457e+14 5.83454e+14 8.22151e+14 1.07193e+15 1.31926e+15 1.55209e+15 1.76416e+15 1.95244e+15 2.11373e+15 2.24931e+15 2.3588e+15 2.44129e+15 2.49918e+15 2.53259e+15 2.54603e+15 0 0 0 0 0 0 0 0 0 0 0 0 0 0 0 0 0 0 0 0 0 0 0 0 0 0 0 0 0 0 0 0 
0 0 0 0 0 0 0 0 0 0 0 0 0 2.13734e+11 3.52119e+12 2.33662e+13 9.15232e+13 2.51607e+14 5.38586e+14 9.62401e+14 1.50617e+15 2.1362e+15 2.81268e+15 3.49777e+15 4.16019e+15 4.77463e+15 5.32588e+15 5.80093e+15 6.19231e+15 6.5013e+15 6.72574e+15 6.8578e+15 6.90251e+15 0 0 0 0 0 0 0 0 0 0 0 0 0 0 0 0 0 0 0 0 0 0 0 0 0 0 0 0 0 0 0 0 
0 0 0 0 0 0 0 0 0 0 0 0 0 3.02005e+10 1.28248e+12 1.33577e+13 7.13017e+13 2.48012e+14 6.39206e+14 1.32428e+15 2.33489e+15 3.64493e+15 5.1859e+15 6.87077e+15 8.60508e+15 1.03003e+16 1.18886e+16 1.33032e+16 1.45148e+16 1.54839e+16 1.61832e+16 1.66084e+16 1.67489e+16 0 0 0 0 0 0 0 0 0 0 0 0 0 0 0 0 0 0 0 0 0 0 0 0 0 0 0 0 0 0 0 0 
0 0 0 0 0 0 0 0 0 0 0 0 0 0 3.01782e+11 5.67787e+12 4.33074e+13 1.9573e+14 6.18881e+14 1.51104e+15 3.0414e+15 5.28842e+15 8.2174e+15 1.1697e+16 1.55261e+16 1.9497e+16 2.33809e+16 2.69972e+16 3.01593e+16 3.27511e+16 3.46656e+16 3.58469e+16 3.62485e+16 0 0 0 0 0 0 0 0 0 0 0 0 0 0 0 0 0 0 0 0 0 0 0 0 0 0 0 0 0 0 0 0 
0 0 0 0 0 0 0 0 0 0 0 0 0 0 3.62442e+10 1.72707e+12 2.03183e+13 1.23181e+14 4.87444e+14 1.42301e+15 3.31238e+15 6.48884e+15 1.11155e+16 1.71351e+16 2.43005e+16 3.21815e+16 4.03103e+16 4.81725e+16 5.5306e+16 6.12876e+16 6.57939e+16 6.86036e+16 6.95487e+16 0 0 0 0 0 0 0 0 0 0 0 0 0 0 0 0 0 0 0 0 0 0 0 0 0 0 0 0 0 0 0 0 
0 0 0 0 0 0 0 0 0 0 0 0 0 0 0 3.45227e+11 7.21044e+12 6.14344e+13 3.11439e+14 1.10439e+15 3.00994e+15 6.70766e+15 1.27845e+16 2.15227e+16 3.2798e+16 4.61048e+16 6.05936e+16 7.52498e+16 8.90254e+16 1.0091e+17 1.10068e+17 1.15813e+17 1.17785e+17 0 0 0 0 0 0 0 0 0 0 0 0 0 0 0 0 0 0 0 0 0 0 0 0 0 0 0 0 0 0 0 0 
0 0 0 0 0 0 0 0 0 0 0 0 0 0 0 3.58821e+10 1.86256e+12 2.40633e+13 1.61062e+14 7.05756e+14 2.27803e+15 5.83355e+15 1.24699e+16 2.30974e+16 3.80799e+16 5.71004e+16 7.91155e+16 1.02515e+17 1.25382e+17 1.45733e+17 1.61703e+17 1.71849e+17 1.75382e+17 0 0 0 0 0 0 0 0 0 0 0 0 0 0 0 0 0 0 0 0 0 0 0 0 0 0 0 0 0 0 0 0 
0 0 0 0 0 0 0 0 0 0 0 0 0 0 0 0 3.21175e+11 7.24484e+12 6.71262e+13 3.71281e+14 1.43843e+15 4.27164e+15 1.03181e+16 2.11476e+16 3.79556e+16 6.10262e+16 8.94991e+16 1.21466e+17 1.53966e+17 1.83816e+17 2.07902e+17 2.23585e+17 2.28868e+17 0 0 0 0 0 0 0 0 0 0 0 0 0 0 0 0 0 0 0 0 0 0 0 0 0 0 0 0 0 0 0 0 
0 0 0 0 0 0 0 0 0 0 0 0 0 0 0 0 2.94275e+10 1.61482e+12 2.23015e+13 1.6056e+14 7.57976e+14 2.63683e+15 7.25325e+15 1.65529e+16 3.24756e+16 5.62342e+16 8.76872e+16 1.24898e+17 1.64621e+17 2.02386e+17 2.33536e+17 2.54071e+17 2.6132e+17 0 0 0 0 0 0 0 0 0 0 0 0 0 0 0 0 0 0 0 0 0 0 0 0 0 0 0 0 0 0 0 0 
0 0 0 0 0 0 0 0 0 0 0 0 0 0 0 0 0 2.43912e+11 5.78904e+12 5.67531e+13 3.33738e+14 1.37562e+15 4.33928e+15 1.10924e+16 2.39104e+16 4.47489e+16 7.43661e+16 1.1162e+17 1.53246e+17 1.94244e+17 2.29063e+17 2.52391e+17 2.60658e+17 0 0 0 0 0 0 0 0 0 0 0 0 0 0 0 0 0 0 0 0 0 0 0 0 0 0 0 0 0 0 0 0 
0 0 0 0 0 0 0 0 0 0 0 0 0 0 0 0 0 2.012e+10 1.13008e+12 1.62564e+13 1.22557e+14 6.07416e+14 2.21798e+15 6.38599e+15 1.51842e+16 3.0833e+16 5.47728e+16 8.6789e+16 1.2433e+17 1.62874e+17 1.96444e+17 2.19413e+17 2.27525e+17 0 0 0 0 0 0 0 0 0 0 0 0 0 0 0 0 0 0 0 0 0 0 0 0 0 0 0 0 0 0 0 0 
0 0 0 0 0 0 0 0 0 0 0 0 0 0 0 0 0 0 1.51904e+11 3.69316e+12 3.73636e+13 2.27359e+14 9.70963e+14 3.17118e+15 8.35406e+15 1.84607e+16 3.51696e+16 5.89301e+16 8.82604e+16 1.19554e+17 1.47632e+17 1.67153e+17 1.74177e+17 0 0 0 0 0 0 0 0 0 0 0 0 0 0 0 0 0 0 0 0 0 0 0 0 0 0 0 0 0 0 0 0 
0 0 0 0 0 0 0 0 0 0 0 0 0 0 0 0 0 0 1.15684e+10 6.40983e+11 9.36128e+12 7.20375e+13 3.65209e+14 1.36288e+15 4.00179e+15 9.65284e+15 1.97494e+16 3.50873e+16 5.50274e+16 7.71181e+16 9.75838e+16 1.12127e+17 1.17383e+17 0 0 0 0 0 0 0 0 0 0 0 0 0 0 0 0 0 0 0 0 0 0 0 0 0 0 0 0 0 0 0 0 
0 0 0 0 0 0 0 0 0 0 0 0 0 0 0 0 0 0 0 7.79951e+10 1.88807e+12 1.92148e+13 1.18044e+14 5.08785e+14 1.67438e+15 4.42837e+15 9.76213e+15 1.84019e+16 3.02443e+16 4.39543e+16 5.70058e+16 6.64707e+16 6.99203e+16 0 0 0 0 0 0 0 0 0 0 0 0 0 0 0 0 0 0 0 0 0 0 0 0 0 0 0 0 0 0 0 0 
0 0 0 0 0 0 0 0 0 0 0 0 0 0 0 0 0 0 0 5.67233e+09 2.96509e+11 4.27347e+12 3.27369e+13 1.65509e+14 6.14861e+14 1.79182e+15 4.26797e+15 8.55851e+15 1.47673e+16 2.22437e+16 2.9602e+16 3.50275e+16 3.70483e+16 0 0 0 0 0 0 0 0 0 0 0 0 0 0 0 0 0 0 0 0 0 0 0 0 0 0 0 0 0 0 0 0 
0 0 0 0 0 0 0 0 0 0 0 0 0 0 0 0 0 0 0 0 3.32352e+10 7.77755e+11 7.75466e+12 4.68802e+13 1.98888e+14 6.41832e+14 1.65844e+15 3.54708e+15 6.43042e+15 1.00608e+16 1.37389e+16 1.65125e+16 1.75433e+16 0 0 0 0 0 0 0 0 0 0 0 0 0 0 0 0 0 0 0 0 0 0 0 0 0 0 0 0 0 0 0 0 
0 0 0 0 0 0 0 0 0 0 0 0 0 0 0 0 0 0 0 0 2.42026e+09 1.12562e+11 1.55493e+12 1.15611e+13 5.67604e+13 2.04633e+14 5.75699e+14 1.31639e+15 2.51427e+15 4.08715e+15 5.73306e+15 7.00004e+15 7.47805e+15 0 0 0 0 0 0 0 0 0 0 0 0 0 0 0 0 0 0 0 0 0 0 0 0 0 0 0 0 0 0 0 0 
0 0 0 0 0 0 0 0 0 0 0 0 0 0 0 0 0 0 0 0 0 1.19036e+10 2.59919e+11 2.46858e+12 1.43102e+13 5.81795e+13 1.79359e+14 4.40204e+14 8.87086e+14 1.5011e+15 2.16504e+15 2.68642e+15 2.88447e+15 0 0 0 0 0 0 0 0 0 0 0 0 0 0 0 0 0 0 0 0 0 0 0 0 0 0 0 0 0 0 0 0 
0 0 0 0 0 0 0 0 0 0 0 0 0 0 0 0 0 0 0 0 0 9.21361e+08 3.55045e+10 4.53945e+11 3.18243e+12 1.47965e+13 5.03666e+13 1.33171e+14 2.84018e+14 5.01065e+14 7.43146e+14 9.37933e+14 1.01324e+15 0 0 0 0 0 0 0 0 0 0 0 0 0 0 0 0 0 0 0 0 0 0 0 0 0 0 0 0 0 0 0 0 
0 0 0 0 0 0 0 0 0 0 0 0 0 0 0 0 0 0 0 0 0 0 3.63431e+09 7.12221e+10 6.24078e+11 3.36868e+12 1.27812e+13 3.66037e+13 8.29588e+13 1.52802e+14 2.33593e+14 3.00052e+14 3.25782e+14 0 0 0 0 0 0 0 0 0 0 0 0 0 0 0 0 0 0 0 0 0 0 0 0 0 0 0 0 0 0 0 0 
0 0 0 0 0 0 0 0 0 0 0 0 0 0 0 0 0 0 0 0 0 0 3.21809e+08 9.46963e+09 1.07484e+11 6.88366e+11 2.94073e+12 9.19409e+12 2.21754e+13 4.28062e+13 6.75759e+13 8.82596e+13 9.6458e+13 0 0 0 0 0 0 0 0 0 0 0 0 0 0 0 0 0 0 0 0 0 0 0 0 0 0 0 0 0 0 0 0 
0 0 0 0 0 0 0 0 0 0 0 0 0 0 0 0 0 0 0 0 0 0 0 9.62756e+08 1.6234e+10 1.26467e+11 6.16521e+11 2.11594e+12 5.4649e+12 1.10738e+13 1.80464e+13 2.40679e+13 2.64765e+13 0 0 0 0 0 0 0 0 0 0 0 0 0 0 0 0 0 0 0 0 0 0 0 0 0 0 0 0 0 0 0 0 
0 0 0 0 0 0 0 0 0 0 0 0 0 0 0 0 0 0 0 0 0 0 0 1.04602e+08 2.18241e+09 2.09386e+10 1.18104e+11 4.49299e+11 1.24843e+12 2.66234e+12 4.49023e+12 6.10493e+12 6.75974e+12 0 0 0 0 0 0 0 0 0 0 0 0 0 0 0 0 0 0 0 0 0 0 0 0 0 0 0 0 0 0 0 0 
0 0 0 0 0 0 0 0 0 0 0 0 0 0 0 0 0 0 0 0 0 0 0 0 2.2377e+08 3.15642e+09 2.09437e+10 8.85546e+10 2.66184e+11 5.98552e+11 1.04767e+12 1.45397e+12 1.61952e+12 0 0 0 0 0 0 0 0 0 0 0 0 0 0 0 0 0 0 0 0 0 0 0 0 0 0 0 0 0 0 0 0 
0 0 0 0 0 0 0 0 0 0 0 0 0 0 0 0 0 0 0 0 0 0 0 0 3.14514e+07 4.45781e+08 3.4163e+09 1.63974e+10 5.34447e+10 1.27224e+11 2.31069e+11 3.27416e+11 3.67393e+11 0 0 0 0 0 0 0 0 0 0 0 0 0 0 0 0 0 0 0 0 0 0 0 0 0 0 0 0 0 0 0 0 
0 0 0 0 0 0 0 0 0 0 0 0 0 0 0 0 0 0 0 0 0 0 0 0 0 4.54806e+07 5.3585e+08 2.88982e+09 1.01695e+10 2.58077e+10 4.85842e+10 7.05292e+10 7.9591e+10 0 0 0 0 0 0 0 0 0 0 0 0 0 0 0 0 0 0 0 0 0 0 0 0 0 0 0 0 0 0 0 0 
0 0 0 0 0 0 0 0 0 0 0 0 0 0 0 0 0 0 0 0 0 0 0 0 0 8.59196e+06 8.11058e+07 4.74653e+08 1.88652e+09 5.03442e+09 9.88814e+09 1.46587e+10 1.66711e+10 0 0 0 0 0 0 0 0 0 0 0 0 0 0 0 0 0 0 0 0 0 0 0 0 0 0 0 0 0 0 0 0 
0 0 0 0 0 0 0 0 0 0 0 0 0 0 0 0 0 0 0 0 0 0 0 0 0 0 7.84349e+06 8.09406e+07 3.37864e+08 9.51877e+08 1.97437e+09 2.95888e+09 3.42339e+09 0 0 0 0 0 0 0 0 0 0 0 0 0 0 0 0 0 0 0 0 0 0 0 0 0 0 0 0 0 0 0 0 
0 0 0 0 0 0 0 0 0 0 0 0 0 0 0 0 0 0 0 0 0 0 0 0 0 0 2.07419e+06 1.28981e+07 5.62591e+07 1.84085e+08 3.79549e+08 5.98319e+08 6.83659e+08 0 0 0 0 0 0 0 0 0 0 0 0 0 0 0 0 0 0 0 0 0 0 0 0 0 0 0 0 0 0 0 0 
0 0 0 0 0 0 0 0 0 0 0 0 0 0 0 0 0 0 0 0 0 0 0 0 0 0 0 1.08908e+06 1.08612e+07 3.27244e+07 7.3465e+07 1.19304e+08 1.3559e+08 0 0 0 0 0 0 0 0 0 0 0 0 0 0 0 0 0 0 0 0 0 0 0 0 0 0 0 0 0 0 0 0 
0 0 0 0 0 0 0 0 0 0 0 0 0 0 0 0 0 0 0 0 0 0 0 0 0 0 0 429354 1.69923e+06 5.57621e+06 1.51231e+07 2.21437e+07 2.85549e+07 0 0 0 0 0 0 0 0 0 0 0 0 0 0 0 0 0 0 0 0 0 0 0 0 0 0 0 0 0 0 0 0 
0 0 0 0 0 0 0 0 0 0 0 0 0 0 0 0 0 0 0 0 0 0 0 0 0 0 0 0 112700 1.25393e+06 2.41464e+06 4.67959e+06 5.18806e+06 0 0 0 0 0 0 0 0 0 0 0 0 0 0 0 0 0 0 0 0 0 0 0 0 0 0 0 0 0 0 0 0 
0 0 0 0 0 0 0 0 0 0 0 0 0 0 0 0 0 0 0 0 0 0 0 0 0 0 0 0 73562 170772 457286 962734 936992 0 0 0 0 0 0 0 0 0 0 0 0 0 0 0 0 0 0 0 0 0 0 0 0 0 0 0 0 0 0 0 0 
0 0 0 0 0 0 0 0 0 0 0 0 0 0 0 0 0 0 0 0 0 0 0 0 0 0 0 0 0 7662.55 116714 111539 239866 0 0 0 0 0 0 0 0 0 0 0 0 0 0 0 0 0 0 0 0 0 0 0 0 0 0 0 0 0 0 0 0 
0 0 0 0 0 0 0 0 0 0 0 0 0 0 0 0 0 0 0 0 0 0 0 0 0 0 0 0 0 9944.27 11495.9 32347.8 37388.5 0 0 0 0 0 0 0 0 0 0 0 0 0 0 0 0 0 0 0 0 0 0 0 0 0 0 0 0 0 0 0 0 
0 0 0 0 0 0 0 0 0 0 0 0 0 0 0 0 0 0 0 0 0 0 0 0 0 0 0 0 0 0 255.537 7658.28 2048.19 0 0 0 0 0 0 0 0 0 0 0 0 0 0 0 0 0 0 0 0 0 0 0 0 0 0 0 0 0 0 0 0 
0 0 0 0 0 0 0 0 0 0 0 0 0 0 0 0 0 0 0 0 0 0 0 0 0 0 0 0 0 0 988.008 383.219 1912.54 0 0 0 0 0 0 0 0 0 0 0 0 0 0 0 0 0 0 0 0 0 0 0 0 0 0 0 0 0 0 0 0 
0 0 0 0 0 0 0 0 0 0 0 0 0 0 0 0 0 0 0 0 0 0 0 0 0 0 0 0 0 0 0 0 255.214 0 0 0 0 0 0 0 0 0 0 0 0 0 0 0 0 0 0 0 0 0 0 0 0 0 0 0 0 0 0 0 0 
0 0 0 0 0 0 0 0 0 0 0 0 0 0 0 0 0 0 0 0 0 0 0 0 0 0 0 0 0 0 0 63.7424 0 0 0 0 0 0 0 0 0 0 0 0 0 0 0 0 0 0 0 0 0 0 0 0 0 0 0 0 0 0 0 0 0 
0 0 0 0 0 0 0 0 0 0 0 0 0 0 0 0 0 0 0 0 0 0 0 0 0 0 0 0 0 0 0 0 0 0 0 0 0 0 0 0 0 0 0 0 0 0 0 0 0 0 0 0 0 0 0 0 0 0 0 0 0 0 0 0 0 
0 0 0 0 0 0 0 0 0 0 0 0 0 0 0 0 0 0 0 0 0 0 0 0 0 0 0 0 0 0 0 0 1.99195 0 0 0 0 0 0 0 0 0 0 0 0 0 0 0 0 0 0 0 0 0 0 0 0 0 0 0 0 0 0 0 0 
