1 0 0 0 0 0 0 0 0 0 0 0 0 0 0 0 0 0 0 0 0 0 0 0 0 0 0 0 0 0 0 0 0 0 0 0 0 0 0 0 0 0 0 0 0 0 0 0 0 0 0 0 0 0 0 0 0 0 0 0 0 0 0 0 1 
0 0 0 0 0 0 0 0 0 0 0 0 0 0 0 0 0 0 0 0 0 0 0 0 0 0 0 0 0 0 0 0 0 0 0 0 0 0 0 0 0 0 0 0 0 0 0 0 0 0 0 0 0 0 0 0 0 0 0 0 0 0 0 0 0 
0 64 0 0 0 0 0 0 0 0 0 0 0 0 0 0 0 0 0 0 0 0 0 0 0 0 0 0 0 0 0 0 0 0 0 0 0 0 0 0 0 0 0 0 0 0 0 0 0 0 0 0 0 0 0 0 0 0 0 0 0 0 0 0 0 
0 0 128 0 0 0 0 0 0 0 0 0 0 0 0 0 0 0 0 0 0 0 0 0 0 0 0 0 0 0 0 0 0 0 0 0 0 0 0 0 0 0 0 0 0 0 0 0 0 0 0 0 0 0 0 0 0 0 0 0 0 0 0 0 0 
0 0 1888 384.049 64.081 0 0 0 0 0 0 0 0 0 0 0 0 0 0 0 0 0 0 0 0 0 0 0 0 0 0 0 0 0 0 0 0 0 0 0 0 0 0 0 0 0 0 0 0 0 0 0 0 0 0 0 0 0 0 0 0 0 0 0 0 
0 0 0 7167.9 1152.38 512.137 128.058 0 0 0 0 0 0 0 0 0 0 0 0 0 0 0 0 0 0 0 0 0 0 0 0 0 0 0 0 0 0 0 0 0 0 0 0 0 0 0 0 0 0 0 0 0 0 0 0 0 0 0 0 0 0 0 0 0 0 
0 0 0 34112 27319.9 6849.35 2563.16 1410.01 384.488 63.6663 0 0 0 0 0 0 0 0 0 0 0 0 0 0 0 0 0 0 0 0 0 0 0 0 0 0 0 0 0 0 0 0 0 0 0 0 0 0 0 0 0 0 0 0 0 0 0 0 0 0 0 0 0 0 0 
0 0 0 0 183695 97208.2 42839.3 16904.3 8572.75 4608.14 1922.63 511.309 127.972 0 0 0 0 0 0 0 0 0 0 0 0 0 0 0 0 0 0 0 0 0 0 0 0 0 0 0 0 0 0 0 0 0 0 0 0 0 0 0 0 0 0 0 0 0 0 0 0 0 0 0 0 
0 0 0 0 423145 829432 412387 222667 121059 59183.6 33698.8 19911.3 9692.59 4369.38 1415.98 387.37 79.5892 0 0 0 0 0 0 0 15.557 0 0 0 0 0 0 0 15.8347 0 0 0 0 0 0 0 0 0 0 0 0 0 0 0 0 0 0 0 0 0 0 0 0 0 0 0 0 0 0 0 0 
0 0 0 0 0 2.86051e+06 3.32606e+06 1.97967e+06 1.14114e+06 720549 426449 251176 154682 94688.9 55610.1 29517 14060.7 5999.08 2204.88 776.021 387.645 252.239 250.25 253.888 0 260.409 256.686 257.263 256.078 256.284 255.813 255.984 0 0 0 0 0 0 0 0 0 0 0 0 0 0 0 0 0 0 0 0 0 0 0 0 0 0 0 0 0 0 0 0 0 
0 0 0 0 0 3.83e+06 1.46046e+07 1.35234e+07 9.37337e+06 6.10196e+06 4.03216e+06 2.69424e+06 1.79303e+06 1.16853e+06 777193 511439 329361 206225 120899 68159.2 36700.2 21388.4 13813.8 10854.1 11828.9 9807.14 9405.84 9302.37 9384.87 9300.89 9407.45 9530.9 11367 0 0 0 0 0 0 0 0 0 0 0 0 0 0 0 0 0 0 0 0 0 0 0 0 0 0 0 0 0 0 0 0 
0 0 0 0 0 0 3.03367e+07 6.37806e+07 5.74818e+07 4.33031e+07 3.15158e+07 2.23526e+07 1.59116e+07 1.15003e+07 8.18834e+06 5.86144e+06 4.16479e+06 2.95525e+06 2.09227e+06 1.46682e+06 1.02288e+06 708886 502927 371416 285956 248298 231574 223578 218115 219816 217057 215372 208261 0 0 0 0 0 0 0 0 0 0 0 0 0 0 0 0 0 0 0 0 0 0 0 0 0 0 0 0 0 0 0 0 
0 0 0 0 0 0 2.6249e+07 1.69382e+08 2.62958e+08 2.46493e+08 1.9944e+08 1.55947e+08 1.19065e+08 9.0402e+07 6.90099e+07 5.25586e+07 4.02395e+07 3.07306e+07 2.3369e+07 1.7877e+07 1.36927e+07 1.0602e+07 8.34685e+06 6.68888e+06 5.49645e+06 4.63082e+06 4.03218e+06 3.65272e+06 3.44987e+06 3.28925e+06 3.23512e+06 3.20857e+06 3.2088e+06 0 0 0 0 0 0 0 0 0 0 0 0 0 0 0 0 0 0 0 0 0 0 0 0 0 0 0 0 0 0 0 0 
0 0 0 0 0 0 0 2.32725e+08 7.85189e+08 1.06753e+09 1.04233e+09 9.03192e+08 7.5001e+08 6.08491e+08 4.89893e+08 3.94056e+08 3.16405e+08 2.54366e+08 2.04961e+08 1.66174e+08 1.34992e+08 1.10592e+08 9.13738e+07 7.6388e+07 6.51103e+07 5.67397e+07 5.04068e+07 4.58632e+07 4.25074e+07 4.02499e+07 3.86838e+07 3.78512e+07 3.74091e+07 0 0 0 0 0 0 0 0 0 0 0 0 0 0 0 0 0 0 0 0 0 0 0 0 0 0 0 0 0 0 0 0 
0 0 0 0 0 0 0 1.39585e+08 1.38443e+09 3.30069e+09 4.27928e+09 4.34192e+09 3.98393e+09 3.49101e+09 2.98451e+09 2.52357e+09 2.12403e+09 1.79067e+09 1.50754e+09 1.2698e+09 1.07514e+09 9.17671e+08 7.87925e+08 6.83898e+08 6.01814e+08 5.34507e+08 4.82826e+08 4.43198e+08 4.13692e+08 3.92258e+08 3.78978e+08 3.70985e+08 3.6898e+08 0 0 0 0 0 0 0 0 0 0 0 0 0 0 0 0 0 0 0 0 0 0 0 0 0 0 0 0 0 0 0 0 
0 0 0 0 0 0 0 0 1.33979e+09 6.6729e+09 1.31398e+10 1.68182e+10 1.77213e+10 1.70814e+10 1.56833e+10 1.40348e+10 1.24126e+10 1.08831e+10 9.5355e+09 8.33572e+09 7.31236e+09 6.45122e+09 5.70976e+09 5.09229e+09 4.57552e+09 4.15717e+09 3.8211e+09 3.55779e+09 3.34946e+09 3.20169e+09 3.09072e+09 3.02927e+09 3.01025e+09 0 0 0 0 0 0 0 0 0 0 0 0 0 0 0 0 0 0 0 0 0 0 0 0 0 0 0 0 0 0 0 0 
0 0 0 0 0 0 0 0 5.85669e+08 8.31245e+09 2.83962e+10 5.03564e+10 6.45832e+10 7.04483e+10 7.08066e+10 6.78667e+10 6.32947e+10 5.81553e+10 5.29386e+10 4.80344e+10 4.35008e+10 3.94305e+10 3.59043e+10 3.27991e+10 3.0135e+10 2.78924e+10 2.60282e+10 2.4548e+10 2.33424e+10 2.24882e+10 2.18389e+10 2.14815e+10 2.13665e+10 0 0 0 0 0 0 0 0 0 0 0 0 0 0 0 0 0 0 0 0 0 0 0 0 0 0 0 0 0 0 0 0 
0 0 0 0 0 0 0 0 0 5.92792e+09 4.09296e+10 1.11394e+11 1.86446e+11 2.41234e+11 2.71809e+11 2.83458e+11 2.82284e+11 2.73059e+11 2.59812e+11 2.44401e+11 2.28789e+11 2.13489e+11 1.99194e+11 1.86219e+11 1.74584e+11 1.64529e+11 1.56134e+11 1.4897e+11 1.4324e+11 1.38777e+11 1.357e+11 1.33895e+11 1.3321e+11 0 0 0 0 0 0 0 0 0 0 0 0 0 0 0 0 0 0 0 0 0 0 0 0 0 0 0 0 0 0 0 0 
0 0 0 0 0 0 0 0 0 1.96243e+09 3.76572e+10 1.7432e+11 4.11402e+11 6.66553e+11 8.73523e+11 1.01337e+12 1.09307e+12 1.12528e+12 1.12537e+12 1.10444e+12 1.07017e+12 1.02962e+12 9.86797e+11 9.44461e+11 9.04404e+11 8.67537e+11 8.34509e+11 8.06488e+11 7.83598e+11 7.65374e+11 7.52588e+11 7.44298e+11 7.42201e+11 0 0 0 0 0 0 0 0 0 0 0 0 0 0 0 0 0 0 0 0 0 0 0 0 0 0 0 0 0 0 0 0 
0 0 0 0 0 0 0 0 0 0 2.04971e+10 1.86516e+11 6.70886e+11 1.44452e+12 2.29867e+12 3.05406e+12 3.63534e+12 4.04099e+12 4.28725e+12 4.41732e+12 4.45651e+12 4.43702e+12 4.37427e+12 4.28897e+12 4.19415e+12 4.09805e+12 4.00378e+12 3.91553e+12 3.84615e+12 3.78785e+12 3.74556e+12 3.71853e+12 3.70777e+12 0 0 0 0 0 0 0 0 0 0 0 0 0 0 0 0 0 0 0 0 0 0 0 0 0 0 0 0 0 0 0 0 
0 0 0 0 0 0 0 0 0 0 5.29631e+09 1.31139e+11 7.85709e+11 2.38764e+12 4.83586e+12 7.62436e+12 1.02734e+13 1.25238e+13 1.42883e+13 1.55821e+13 1.64698e+13 1.70263e+13 1.73454e+13 1.74795e+13 1.74921e+13 1.7412e+13 1.73013e+13 1.7176e+13 1.70289e+13 1.69112e+13 1.68152e+13 1.67488e+13 1.67427e+13 0 0 0 0 0 0 0 0 0 0 0 0 0 0 0 0 0 0 0 0 0 0 0 0 0 0 0 0 0 0 0 0 
0 0 0 0 0 0 0 0 0 0 0 5.60324e+10 6.44043e+11 2.94211e+12 7.95261e+12 1.54481e+13 2.42489e+13 3.31156e+13 4.12195e+13 4.81254e+13 5.37467e+13 5.81442e+13 6.14169e+13 6.38305e+13 6.55292e+13 6.66791e+13 6.74202e+13 6.79174e+13 6.81084e+13 6.8271e+13 6.83441e+13 6.83804e+13 6.8306e+13 0 0 0 0 0 0 0 0 0 0 0 0 0 0 0 0 0 0 0 0 0 0 0 0 0 0 0 0 0 0 0 0 
0 0 0 0 0 0 0 0 0 0 0 1.15922e+10 3.55717e+11 2.65132e+12 1.00335e+13 2.49268e+13 4.70074e+13 7.36505e+13 1.01847e+14 1.29127e+14 1.5385e+14 1.75414e+14 1.93516e+14 2.08431e+14 2.20372e+14 2.29636e+14 2.36935e+14 2.42236e+14 2.46453e+14 2.49229e+14 2.5109e+14 2.52119e+14 2.52502e+14 0 0 0 0 0 0 0 0 0 0 0 0 0 0 0 0 0 0 0 0 0 0 0 0 0 0 0 0 0 0 0 0 
0 0 0 0 0 0 0 0 0 0 0 0 1.22154e+11 1.7089e+12 9.56457e+12 3.15767e+13 7.37044e+13 1.35969e+14 2.13005e+14 2.97576e+14 3.83155e+14 4.6465e+14 5.3928e+14 6.04887e+14 6.61354e+14 7.08639e+14 7.47237e+14 7.79121e+14 8.03742e+14 8.21862e+14 8.34207e+14 8.41775e+14 8.44427e+14 0 0 0 0 0 0 0 0 0 0 0 0 0 0 0 0 0 0 0 0 0 0 0 0 0 0 0 0 0 0 0 0 
0 0 0 0 0 0 0 0 0 0 0 0 2.06831e+10 7.58913e+11 6.79325e+12 3.10021e+13 9.23393e+13 2.05431e+14 3.72347e+14 5.83373e+14 8.22285e+14 1.07201e+15 1.31871e+15 1.5525e+15 1.76488e+15 1.95319e+15 2.11568e+15 2.25018e+15 2.35732e+15 2.4403e+15 2.49916e+15 2.53444e+15 2.54536e+15 0 0 0 0 0 0 0 0 0 0 0 0 0 0 0 0 0 0 0 0 0 0 0 0 0 0 0 0 0 0 0 0 
0 0 0 0 0 0 0 0 0 0 0 0 0 2.13739e+11 3.52116e+12 2.33618e+13 9.15221e+13 2.51625e+14 5.38779e+14 9.6233e+14 1.50606e+15 2.13596e+15 2.81245e+15 3.49685e+15 4.15957e+15 4.77396e+15 5.32646e+15 5.80104e+15 6.19603e+15 6.50284e+15 6.72682e+15 6.85674e+15 6.90132e+15 0 0 0 0 0 0 0 0 0 0 0 0 0 0 0 0 0 0 0 0 0 0 0 0 0 0 0 0 0 0 0 0 
0 0 0 0 0 0 0 0 0 0 0 0 0 3.02033e+10 1.28274e+12 1.33568e+13 7.1284e+13 2.48042e+14 6.39137e+14 1.32469e+15 2.33481e+15 3.64531e+15 5.18694e+15 6.8704e+15 8.60283e+15 1.02998e+16 1.18859e+16 1.33069e+16 1.45162e+16 1.54859e+16 1.61861e+16 1.66115e+16 1.67531e+16 0 0 0 0 0 0 0 0 0 0 0 0 0 0 0 0 0 0 0 0 0 0 0 0 0 0 0 0 0 0 0 0 
0 0 0 0 0 0 0 0 0 0 0 0 0 0 3.01777e+11 5.67835e+12 4.33213e+13 1.95706e+14 6.18946e+14 1.51089e+15 3.04149e+15 5.28859e+15 8.21658e+15 1.16969e+16 1.55297e+16 1.94968e+16 2.33797e+16 2.69933e+16 3.01596e+16 3.27558e+16 3.46614e+16 3.585e+16 3.62493e+16 0 0 0 0 0 0 0 0 0 0 0 0 0 0 0 0 0 0 0 0 0 0 0 0 0 0 0 0 0 0 0 0 
0 0 0 0 0 0 0 0 0 0 0 0 0 0 3.62344e+10 1.72716e+12 2.03133e+13 1.23168e+14 4.87349e+14 1.4229e+15 3.31314e+15 6.48948e+15 1.11163e+16 1.71378e+16 2.42935e+16 3.21823e+16 4.03029e+16 4.81609e+16 5.53003e+16 6.12655e+16 6.57958e+16 6.86055e+16 6.9544e+16 0 0 0 0 0 0 0 0 0 0 0 0 0 0 0 0 0 0 0 0 0 0 0 0 0 0 0 0 0 0 0 0 
0 0 0 0 0 0 0 0 0 0 0 0 0 0 0 3.45217e+11 7.21118e+12 6.14505e+13 3.11442e+14 1.10452e+15 3.00896e+15 6.70682e+15 1.27856e+16 2.15236e+16 3.28096e+16 4.61044e+16 6.06006e+16 7.52652e+16 8.90017e+16 1.00928e+17 1.10063e+17 1.15807e+17 1.17799e+17 0 0 0 0 0 0 0 0 0 0 0 0 0 0 0 0 0 0 0 0 0 0 0 0 0 0 0 0 0 0 0 0 
0 0 0 0 0 0 0 0 0 0 0 0 0 0 0 3.58653e+10 1.86224e+12 2.40546e+13 1.611e+14 7.05681e+14 2.27833e+15 5.8335e+15 1.24685e+16 2.309e+16 3.80804e+16 5.71095e+16 7.91352e+16 1.0254e+17 1.25415e+17 1.45707e+17 1.61695e+17 1.71905e+17 1.75381e+17 0 0 0 0 0 0 0 0 0 0 0 0 0 0 0 0 0 0 0 0 0 0 0 0 0 0 0 0 0 0 0 0 
0 0 0 0 0 0 0 0 0 0 0 0 0 0 0 0 3.21115e+11 7.24668e+12 6.71107e+13 3.71287e+14 1.43838e+15 4.27176e+15 1.03193e+16 2.11549e+16 3.79497e+16 6.10125e+16 8.94931e+16 1.21419e+17 1.53982e+17 1.83859e+17 2.0792e+17 2.23475e+17 2.2886e+17 0 0 0 0 0 0 0 0 0 0 0 0 0 0 0 0 0 0 0 0 0 0 0 0 0 0 0 0 0 0 0 0 
0 0 0 0 0 0 0 0 0 0 0 0 0 0 0 0 2.94128e+10 1.61426e+12 2.22979e+13 1.60535e+14 7.58032e+14 2.63676e+15 7.25113e+15 1.65496e+16 3.24739e+16 5.62385e+16 8.76692e+16 1.24919e+17 1.64611e+17 2.02371e+17 2.33533e+17 2.54066e+17 2.61287e+17 0 0 0 0 0 0 0 0 0 0 0 0 0 0 0 0 0 0 0 0 0 0 0 0 0 0 0 0 0 0 0 0 
0 0 0 0 0 0 0 0 0 0 0 0 0 0 0 0 0 2.43878e+11 5.79038e+12 5.67589e+13 3.33754e+14 1.37542e+15 4.33992e+15 1.10936e+16 2.39084e+16 4.47563e+16 7.43621e+16 1.11619e+17 1.53196e+17 1.94253e+17 2.29067e+17 2.52454e+17 2.60656e+17 0 0 0 0 0 0 0 0 0 0 0 0 0 0 0 0 0 0 0 0 0 0 0 0 0 0 0 0 0 0 0 0 
0 0 0 0 0 0 0 0 0 0 0 0 0 0 0 0 0 2.01082e+10 1.12941e+12 1.62591e+13 1.22526e+14 6.07667e+14 2.21789e+15 6.38635e+15 1.51861e+16 3.08271e+16 5.47923e+16 8.67892e+16 1.24382e+17 1.62863e+17 1.96448e+17 2.1942e+17 2.27547e+17 0 0 0 0 0 0 0 0 0 0 0 0 0 0 0 0 0 0 0 0 0 0 0 0 0 0 0 0 0 0 0 0 
0 0 0 0 0 0 0 0 0 0 0 0 0 0 0 0 0 0 1.51913e+11 3.69175e+12 3.73538e+13 2.27379e+14 9.71353e+14 3.16925e+15 8.35685e+15 1.84566e+16 3.51605e+16 5.89242e+16 8.82564e+16 1.19535e+17 1.47616e+17 1.67151e+17 1.74231e+17 0 0 0 0 0 0 0 0 0 0 0 0 0 0 0 0 0 0 0 0 0 0 0 0 0 0 0 0 0 0 0 0 
0 0 0 0 0 0 0 0 0 0 0 0 0 0 0 0 0 0 1.15621e+10 6.40624e+11 9.36196e+12 7.19952e+13 3.6526e+14 1.36366e+15 4.00021e+15 9.65507e+15 1.97462e+16 3.50824e+16 5.50061e+16 7.71401e+16 9.7579e+16 1.12122e+17 1.17335e+17 0 0 0 0 0 0 0 0 0 0 0 0 0 0 0 0 0 0 0 0 0 0 0 0 0 0 0 0 0 0 0 0 
0 0 0 0 0 0 0 0 0 0 0 0 0 0 0 0 0 0 0 7.79819e+10 1.88759e+12 1.92151e+13 1.18008e+14 5.09134e+14 1.67413e+15 4.42917e+15 9.76444e+15 1.84088e+16 3.02532e+16 4.39386e+16 5.70143e+16 6.64448e+16 6.99241e+16 0 0 0 0 0 0 0 0 0 0 0 0 0 0 0 0 0 0 0 0 0 0 0 0 0 0 0 0 0 0 0 0 
0 0 0 0 0 0 0 0 0 0 0 0 0 0 0 0 0 0 0 5.66861e+09 2.96162e+11 4.27425e+12 3.27191e+13 1.65485e+14 6.15378e+14 1.79207e+15 4.26907e+15 8.55985e+15 1.47648e+16 2.22517e+16 2.96015e+16 3.5048e+16 3.70428e+16 0 0 0 0 0 0 0 0 0 0 0 0 0 0 0 0 0 0 0 0 0 0 0 0 0 0 0 0 0 0 0 0 
0 0 0 0 0 0 0 0 0 0 0 0 0 0 0 0 0 0 0 0 3.32553e+10 7.7793e+11 7.75752e+12 4.68751e+13 1.98878e+14 6.42047e+14 1.65844e+15 3.54716e+15 6.4339e+15 1.00604e+16 1.37395e+16 1.65116e+16 1.75478e+16 0 0 0 0 0 0 0 0 0 0 0 0 0 0 0 0 0 0 0 0 0 0 0 0 0 0 0 0 0 0 0 0 
0 0 0 0 0 0 0 0 0 0 0 0 0 0 0 0 0 0 0 0 2.41692e+09 1.12392e+11 1.55574e+12 1.15508e+13 5.67525e+13 2.04628e+14 5.75862e+14 1.31698e+15 2.51474e+15 4.0887e+15 5.73463e+15 6.99769e+15 7.47837e+15 0 0 0 0 0 0 0 0 0 0 0 0 0 0 0 0 0 0 0 0 0 0 0 0 0 0 0 0 0 0 0 0 
0 0 0 0 0 0 0 0 0 0 0 0 0 0 0 0 0 0 0 0 0 1.19076e+10 2.59972e+11 2.46931e+12 1.43049e+13 5.81829e+13 1.79469e+14 4.40287e+14 8.87008e+14 1.50064e+15 2.16375e+15 2.68669e+15 2.88437e+15 0 0 0 0 0 0 0 0 0 0 0 0 0 0 0 0 0 0 0 0 0 0 0 0 0 0 0 0 0 0 0 0 
0 0 0 0 0 0 0 0 0 0 0 0 0 0 0 0 0 0 0 0 0 9.21191e+08 3.5444e+10 4.5432e+11 3.18107e+12 1.47889e+13 5.03762e+13 1.33185e+14 2.84186e+14 5.01254e+14 7.43932e+14 9.38492e+14 1.0134e+15 0 0 0 0 0 0 0 0 0 0 0 0 0 0 0 0 0 0 0 0 0 0 0 0 0 0 0 0 0 0 0 0 
0 0 0 0 0 0 0 0 0 0 0 0 0 0 0 0 0 0 0 0 0 0 3.63281e+09 7.11579e+10 6.24091e+11 3.36885e+12 1.27733e+13 3.66218e+13 8.29196e+13 1.52855e+14 2.33665e+14 3.00121e+14 3.25967e+14 0 0 0 0 0 0 0 0 0 0 0 0 0 0 0 0 0 0 0 0 0 0 0 0 0 0 0 0 0 0 0 0 
0 0 0 0 0 0 0 0 0 0 0 0 0 0 0 0 0 0 0 0 0 0 3.21746e+08 9.44599e+09 1.07499e+11 6.88101e+11 2.94053e+12 9.18967e+12 2.21867e+13 4.28085e+13 6.75328e+13 8.83055e+13 9.6528e+13 0 0 0 0 0 0 0 0 0 0 0 0 0 0 0 0 0 0 0 0 0 0 0 0 0 0 0 0 0 0 0 0 
0 0 0 0 0 0 0 0 0 0 0 0 0 0 0 0 0 0 0 0 0 0 0 9.61839e+08 1.62308e+10 1.26636e+11 6.16413e+11 2.11559e+12 5.46698e+12 1.10783e+13 1.80586e+13 2.40775e+13 2.64686e+13 0 0 0 0 0 0 0 0 0 0 0 0 0 0 0 0 0 0 0 0 0 0 0 0 0 0 0 0 0 0 0 0 
0 0 0 0 0 0 0 0 0 0 0 0 0 0 0 0 0 0 0 0 0 0 0 1.04573e+08 2.17777e+09 2.09341e+10 1.18294e+11 4.49303e+11 1.24904e+12 2.66472e+12 4.49542e+12 6.11177e+12 6.76151e+12 0 0 0 0 0 0 0 0 0 0 0 0 0 0 0 0 0 0 0 0 0 0 0 0 0 0 0 0 0 0 0 0 
0 0 0 0 0 0 0 0 0 0 0 0 0 0 0 0 0 0 0 0 0 0 0 0 2.23625e+08 3.15254e+09 2.09444e+10 8.86531e+10 2.65998e+11 5.98914e+11 1.04786e+12 1.45497e+12 1.62182e+12 0 0 0 0 0 0 0 0 0 0 0 0 0 0 0 0 0 0 0 0 0 0 0 0 0 0 0 0 0 0 0 0 
0 0 0 0 0 0 0 0 0 0 0 0 0 0 0 0 0 0 0 0 0 0 0 0 3.1458e+07 4.44119e+08 3.41346e+09 1.64155e+10 5.34473e+10 1.27287e+11 2.31172e+11 3.27526e+11 3.6821e+11 0 0 0 0 0 0 0 0 0 0 0 0 0 0 0 0 0 0 0 0 0 0 0 0 0 0 0 0 0 0 0 0 
0 0 0 0 0 0 0 0 0 0 0 0 0 0 0 0 0 0 0 0 0 0 0 0 0 4.54363e+07 5.34667e+08 2.89227e+09 1.01873e+10 2.5813e+10 4.86081e+10 7.05303e+10 7.96639e+10 0 0 0 0 0 0 0 0 0 0 0 0 0 0 0 0 0 0 0 0 0 0 0 0 0 0 0 0 0 0 0 0 
0 0 0 0 0 0 0 0 0 0 0 0 0 0 0 0 0 0 0 0 0 0 0 0 0 8.59268e+06 8.08316e+07 4.74282e+08 1.88789e+09 5.03821e+09 9.88162e+09 1.4669e+10 1.66663e+10 0 0 0 0 0 0 0 0 0 0 0 0 0 0 0 0 0 0 0 0 0 0 0 0 0 0 0 0 0 0 0 0 
0 0 0 0 0 0 0 0 0 0 0 0 0 0 0 0 0 0 0 0 0 0 0 0 0 0 7.83597e+06 8.08307e+07 3.37823e+08 9.53329e+08 1.97275e+09 2.95573e+09 3.4215e+09 0 0 0 0 0 0 0 0 0 0 0 0 0 0 0 0 0 0 0 0 0 0 0 0 0 0 0 0 0 0 0 0 
0 0 0 0 0 0 0 0 0 0 0 0 0 0 0 0 0 0 0 0 0 0 0 0 0 0 2.07486e+06 1.28604e+07 5.61768e+07 1.84289e+08 3.78995e+08 5.97881e+08 6.83541e+08 0 0 0 0 0 0 0 0 0 0 0 0 0 0 0 0 0 0 0 0 0 0 0 0 0 0 0 0 0 0 0 0 
0 0 0 0 0 0 0 0 0 0 0 0 0 0 0 0 0 0 0 0 0 0 0 0 0 0 0 1.08829e+06 1.08309e+07 3.27056e+07 7.35647e+07 1.19136e+08 1.3535e+08 0 0 0 0 0 0 0 0 0 0 0 0 0 0 0 0 0 0 0 0 0 0 0 0 0 0 0 0 0 0 0 0 
0 0 0 0 0 0 0 0 0 0 0 0 0 0 0 0 0 0 0 0 0 0 0 0 0 0 0 429713 1.69251e+06 5.56803e+06 1.51431e+07 2.21188e+07 2.85099e+07 0 0 0 0 0 0 0 0 0 0 0 0 0 0 0 0 0 0 0 0 0 0 0 0 0 0 0 0 0 0 0 0 
0 0 0 0 0 0 0 0 0 0 0 0 0 0 0 0 0 0 0 0 0 0 0 0 0 0 0 0 112560 1.25073e+06 2.40922e+06 4.68829e+06 5.18198e+06 0 0 0 0 0 0 0 0 0 0 0 0 0 0 0 0 0 0 0 0 0 0 0 0 0 0 0 0 0 0 0 0 
0 0 0 0 0 0 0 0 0 0 0 0 0 0 0 0 0 0 0 0 0 0 0 0 0 0 0 0 73620.9 170269 457104 963266 937288 0 0 0 0 0 0 0 0 0 0 0 0 0 0 0 0 0 0 0 0 0 0 0 0 0 0 0 0 0 0 0 0 
0 0 0 0 0 0 0 0 0 0 0 0 0 0 0 0 0 0 0 0 0 0 0 0 0 0 0 0 0 7654.67 116609 111451 239998 0 0 0 0 0 0 0 0 0 0 0 0 0 0 0 0 0 0 0 0 0 0 0 0 0 0 0 0 0 0 0 0 
0 0 0 0 0 0 0 0 0 0 0 0 0 0 0 0 0 0 0 0 0 0 0 0 0 0 0 0 0 9953.59 11468.3 32321.6 37407.5 0 0 0 0 0 0 0 0 0 0 0 0 0 0 0 0 0 0 0 0 0 0 0 0 0 0 0 0 0 0 0 0 
0 0 0 0 0 0 0 0 0 0 0 0 0 0 0 0 0 0 0 0 0 0 0 0 0 0 0 0 0 0 255.076 7650.28 2044.39 0 0 0 0 0 0 0 0 0 0 0 0 0 0 0 0 0 0 0 0 0 0 0 0 0 0 0 0 0 0 0 0 
0 0 0 0 0 0 0 0 0 0 0 0 0 0 0 0 0 0 0 0 0 0 0 0 0 0 0 0 0 0 988.947 382.282 1911.81 0 0 0 0 0 0 0 0 0 0 0 0 0 0 0 0 0 0 0 0 0 0 0 0 0 0 0 0 0 0 0 0 
0 0 0 0 0 0 0 0 0 0 0 0 0 0 0 0 0 0 0 0 0 0 0 0 0 0 0 0 0 0 0 0 254.983 0 0 0 0 0 0 0 0 0 0 0 0 0 0 0 0 0 0 0 0 0 0 0 0 0 0 0 0 0 0 0 0 
0 0 0 0 0 0 0 0 0 0 0 0 0 0 0 0 0 0 0 0 0 0 0 0 0 0 0 0 0 0 0 63.803 0 0 0 0 0 0 0 0 0 0 0 0 0 0 0 0 0 0 0 0 0 0 0 0 0 0 0 0 0 0 0 0 0 
0 0 0 0 0 0 0 0 0 0 0 0 0 0 0 0 0 0 0 0 0 0 0 0 0 0 0 0 0 0 0 0 0 0 0 0 0 0 0 0 0 0 0 0 0 0 0 0 0 0 0 0 0 0 0 0 0 0 0 0 0 0 0 0 0 
0 0 0 0 0 0 0 0 0 0 0 0 0 0 0 0 0 0 0 0 0 0 0 0 0 0 0 0 0 0 0 0 1.99384 0 0 0 0 0 0 0 0 0 0 0 0 0 0 0 0 0 0 0 0 0 0 0 0 0 0 0 0 0 0 0 0 
