1 0 0 0 0 0 0 0 0 0 0 0 0 0 0 0 0 0 0 0 0 0 0 0 0 0 0 0 0 0 0 0 0 0 0 0 0 0 0 0 0 0 0 0 0 0 0 0 0 0 0 0 0 0 0 0 0 0 0 0 0 0 0 0 1 
0 0 0 0 0 0 0 0 0 0 0 0 0 0 0 0 0 0 0 0 0 0 0 0 0 0 0 0 0 0 0 0 0 0 0 0 0 0 0 0 0 0 0 0 0 0 0 0 0 0 0 0 0 0 0 0 0 0 0 0 0 0 0 0 0 
0 64 0 0 0 0 0 0 0 0 0 0 0 0 0 0 0 0 0 0 0 0 0 0 0 0 0 0 0 0 0 0 0 0 0 0 0 0 0 0 0 0 0 0 0 0 0 0 0 0 0 0 0 0 0 0 0 0 0 0 0 0 0 0 0 
0 0 128 0 0 0 0 0 0 0 0 0 0 0 0 0 0 0 0 0 0 0 0 0 0 0 0 0 0 0 0 0 0 0 0 0 0 0 0 0 0 0 0 0 0 0 0 0 0 0 0 0 0 0 0 0 0 0 0 0 0 0 0 0 0 
0 0 1888 383.746 63.9201 0 0 0 0 0 0 0 0 0 0 0 0 0 0 0 0 0 0 0 0 0 0 0 0 0 0 0 0 0 0 0 0 0 0 0 0 0 0 0 0 0 0 0 0 0 0 0 0 0 0 0 0 0 0 0 0 0 0 0 0 
0 0 0 7168.51 1152.03 511.961 127.976 0 0 0 0 0 0 0 0 0 0 0 0 0 0 0 0 0 0 0 0 0 0 0 0 0 0 0 0 0 0 0 0 0 0 0 0 0 0 0 0 0 0 0 0 0 0 0 0 0 0 0 0 0 0 0 0 0 0 
0 0 0 34111.7 27325.7 6840.73 2553.77 1408.49 385.958 65.0599 0 0 0 0 0 0 0 0 0 0 0 0 0 0 0 0 0 0 0 0 0 0 0 0 0 0 0 0 0 0 0 0 0 0 0 0 0 0 0 0 0 0 0 0 0 0 0 0 0 0 0 0 0 0 0 
0 0 0 0 183685 97243.5 42860.5 16875.2 8572.22 4598.64 1922.52 512.642 128.852 0 0 0 0 0 0 0 0 0 0 0 0 0 0 0 0 0 0 0 0 0 0 0 0 0 0 0 0 0 0 0 0 0 0 0 0 0 0 0 0 0 0 0 0 0 0 0 0 0 0 0 0 
0 0 0 0 423150 829362 412377 222791 120724 59039.5 33506.5 19833.1 9693.65 4380.37 1417.4 388.369 80.0991 0 0 0 0 0 0 0 15.4915 0 0 0 0 0 0 0 15.7955 0 0 0 0 0 0 0 0 0 0 0 0 0 0 0 0 0 0 0 0 0 0 0 0 0 0 0 0 0 0 0 0 
0 0 0 0 0 2.86058e+06 3.32502e+06 1.97801e+06 1.14041e+06 719402 425337 250652 154503 94390.6 55922.1 29615.3 14055.4 5993.57 2213.76 777.801 383.202 250.595 248.494 248.13 0 262.681 257.218 259.141 255.256 258.05 253.472 254.367 0 0 0 0 0 0 0 0 0 0 0 0 0 0 0 0 0 0 0 0 0 0 0 0 0 0 0 0 0 0 0 0 0 
0 0 0 0 0 3.82997e+06 1.46057e+07 1.35204e+07 9.36433e+06 6.09594e+06 4.02312e+06 2.68704e+06 1.79191e+06 1.16721e+06 776051 510067 329101 206536 120933 67981.7 36810.4 21281.7 13788.7 10858.5 11812.5 9759.54 9416.17 9242.6 9364.6 9268.51 9386.35 9518.65 11329.9 0 0 0 0 0 0 0 0 0 0 0 0 0 0 0 0 0 0 0 0 0 0 0 0 0 0 0 0 0 0 0 0 
0 0 0 0 0 0 3.03377e+07 6.37827e+07 5.74643e+07 4.32784e+07 3.14908e+07 2.23372e+07 1.58802e+07 1.14962e+07 8.18968e+06 5.8661e+06 4.16988e+06 2.94343e+06 2.09036e+06 1.46003e+06 1.01797e+06 710755 502484 371320 284880 248621 232410 224966 217067 218715 216007 214067 207147 0 0 0 0 0 0 0 0 0 0 0 0 0 0 0 0 0 0 0 0 0 0 0 0 0 0 0 0 0 0 0 0 
0 0 0 0 0 0 2.6248e+07 1.69378e+08 2.62929e+08 2.46471e+08 1.9944e+08 1.55765e+08 1.19247e+08 9.03732e+07 6.89311e+07 5.24959e+07 4.01476e+07 3.06703e+07 2.33796e+07 1.78586e+07 1.37107e+07 1.06286e+07 8.34316e+06 6.67028e+06 5.49364e+06 4.63813e+06 4.0147e+06 3.62273e+06 3.43638e+06 3.26809e+06 3.22258e+06 3.20545e+06 3.21433e+06 0 0 0 0 0 0 0 0 0 0 0 0 0 0 0 0 0 0 0 0 0 0 0 0 0 0 0 0 0 0 0 0 
0 0 0 0 0 0 0 2.32746e+08 7.85208e+08 1.06726e+09 1.0423e+09 9.03605e+08 7.49014e+08 6.07617e+08 4.89512e+08 3.92948e+08 3.15356e+08 2.53985e+08 2.05473e+08 1.66138e+08 1.35177e+08 1.10789e+08 9.12743e+07 7.64582e+07 6.50945e+07 5.65402e+07 5.03729e+07 4.5893e+07 4.24416e+07 4.01298e+07 3.86787e+07 3.77602e+07 3.74242e+07 0 0 0 0 0 0 0 0 0 0 0 0 0 0 0 0 0 0 0 0 0 0 0 0 0 0 0 0 0 0 0 0 
0 0 0 0 0 0 0 1.3957e+08 1.38448e+09 3.3003e+09 4.28023e+09 4.33949e+09 3.98297e+09 3.48957e+09 2.97977e+09 2.52414e+09 2.12395e+09 1.78859e+09 1.50393e+09 1.26998e+09 1.07716e+09 9.18392e+08 7.90252e+08 6.84421e+08 6.00662e+08 5.33532e+08 4.81167e+08 4.42916e+08 4.13751e+08 3.92692e+08 3.79062e+08 3.70501e+08 3.68466e+08 0 0 0 0 0 0 0 0 0 0 0 0 0 0 0 0 0 0 0 0 0 0 0 0 0 0 0 0 0 0 0 0 
0 0 0 0 0 0 0 0 1.3399e+09 6.67402e+09 1.31363e+10 1.68216e+10 1.77236e+10 1.70621e+10 1.56775e+10 1.4028e+10 1.24054e+10 1.08773e+10 9.52388e+09 8.33834e+09 7.32173e+09 6.44189e+09 5.71031e+09 5.08929e+09 4.58188e+09 4.15841e+09 3.82799e+09 3.55551e+09 3.34621e+09 3.19482e+09 3.09131e+09 3.02944e+09 3.00745e+09 0 0 0 0 0 0 0 0 0 0 0 0 0 0 0 0 0 0 0 0 0 0 0 0 0 0 0 0 0 0 0 0 
0 0 0 0 0 0 0 0 5.85548e+08 8.31228e+09 2.83966e+10 5.03593e+10 6.45674e+10 7.04755e+10 7.07891e+10 6.78574e+10 6.33138e+10 5.81484e+10 5.29319e+10 4.80358e+10 4.35152e+10 3.9463e+10 3.58686e+10 3.28235e+10 3.0179e+10 2.78973e+10 2.60424e+10 2.45237e+10 2.33409e+10 2.24618e+10 2.18314e+10 2.1477e+10 2.13656e+10 0 0 0 0 0 0 0 0 0 0 0 0 0 0 0 0 0 0 0 0 0 0 0 0 0 0 0 0 0 0 0 0 
0 0 0 0 0 0 0 0 0 5.92813e+09 4.09344e+10 1.11362e+11 1.86427e+11 2.4119e+11 2.71879e+11 2.83477e+11 2.82169e+11 2.73017e+11 2.59843e+11 2.44453e+11 2.28768e+11 2.13733e+11 1.99512e+11 1.86382e+11 1.74855e+11 1.64807e+11 1.56235e+11 1.48962e+11 1.43134e+11 1.38731e+11 1.35755e+11 1.3401e+11 1.33355e+11 0 0 0 0 0 0 0 0 0 0 0 0 0 0 0 0 0 0 0 0 0 0 0 0 0 0 0 0 0 0 0 0 
0 0 0 0 0 0 0 0 0 1.96196e+09 3.76546e+10 1.74361e+11 4.11411e+11 6.66663e+11 8.73519e+11 1.01285e+12 1.09163e+12 1.12534e+12 1.12524e+12 1.10399e+12 1.07072e+12 1.03049e+12 9.87876e+11 9.4489e+11 9.04696e+11 8.68169e+11 8.34238e+11 8.06616e+11 7.83007e+11 7.65405e+11 7.52585e+11 7.45265e+11 7.419e+11 0 0 0 0 0 0 0 0 0 0 0 0 0 0 0 0 0 0 0 0 0 0 0 0 0 0 0 0 0 0 0 0 
0 0 0 0 0 0 0 0 0 0 2.04984e+10 1.86515e+11 6.70839e+11 1.44433e+12 2.29887e+12 3.0553e+12 3.6383e+12 4.03975e+12 4.28868e+12 4.41831e+12 4.45869e+12 4.43417e+12 4.37533e+12 4.29436e+12 4.19874e+12 4.09945e+12 4.00406e+12 3.91929e+12 3.8463e+12 3.78886e+12 3.74481e+12 3.71599e+12 3.7099e+12 0 0 0 0 0 0 0 0 0 0 0 0 0 0 0 0 0 0 0 0 0 0 0 0 0 0 0 0 0 0 0 0 
0 0 0 0 0 0 0 0 0 0 5.295e+09 1.31127e+11 7.8587e+11 2.3877e+12 4.83535e+12 7.62459e+12 1.02753e+13 1.25239e+13 1.42855e+13 1.55786e+13 1.64725e+13 1.70302e+13 1.73491e+13 1.74933e+13 1.75036e+13 1.74279e+13 1.73153e+13 1.71638e+13 1.70327e+13 1.69052e+13 1.68152e+13 1.67596e+13 1.6745e+13 0 0 0 0 0 0 0 0 0 0 0 0 0 0 0 0 0 0 0 0 0 0 0 0 0 0 0 0 0 0 0 0 
0 0 0 0 0 0 0 0 0 0 0 5.60355e+10 6.43997e+11 2.94199e+12 7.9528e+12 1.54448e+13 2.4244e+13 3.31157e+13 4.12144e+13 4.81388e+13 5.37498e+13 5.81491e+13 6.14639e+13 6.38541e+13 6.5554e+13 6.67304e+13 6.74268e+13 6.79169e+13 6.81642e+13 6.82943e+13 6.83283e+13 6.83666e+13 6.83686e+13 0 0 0 0 0 0 0 0 0 0 0 0 0 0 0 0 0 0 0 0 0 0 0 0 0 0 0 0 0 0 0 0 
0 0 0 0 0 0 0 0 0 0 0 1.15898e+10 3.5568e+11 2.65169e+12 1.00329e+13 2.49313e+13 4.70089e+13 7.36703e+13 1.01855e+14 1.29078e+14 1.53816e+14 1.7542e+14 1.93469e+14 2.08381e+14 2.20318e+14 2.29642e+14 2.36868e+14 2.4248e+14 2.46349e+14 2.49372e+14 2.51264e+14 2.52404e+14 2.52715e+14 0 0 0 0 0 0 0 0 0 0 0 0 0 0 0 0 0 0 0 0 0 0 0 0 0 0 0 0 0 0 0 0 
0 0 0 0 0 0 0 0 0 0 0 0 1.22153e+11 1.70888e+12 9.56525e+12 3.15733e+13 7.37108e+13 1.35948e+14 2.13006e+14 2.9762e+14 3.83216e+14 4.64849e+14 5.39324e+14 6.05007e+14 6.6143e+14 7.09019e+14 7.47879e+14 7.78851e+14 8.0332e+14 8.21548e+14 8.34198e+14 8.41578e+14 8.44307e+14 0 0 0 0 0 0 0 0 0 0 0 0 0 0 0 0 0 0 0 0 0 0 0 0 0 0 0 0 0 0 0 0 
0 0 0 0 0 0 0 0 0 0 0 0 2.06772e+10 7.58709e+11 6.79352e+12 3.10028e+13 9.23226e+13 2.05444e+14 3.72436e+14 5.8336e+14 8.2204e+14 1.07194e+15 1.31885e+15 1.5522e+15 1.76473e+15 1.95256e+15 2.11471e+15 2.24886e+15 2.35809e+15 2.44077e+15 2.49966e+15 2.53418e+15 2.54536e+15 0 0 0 0 0 0 0 0 0 0 0 0 0 0 0 0 0 0 0 0 0 0 0 0 0 0 0 0 0 0 0 0 
0 0 0 0 0 0 0 0 0 0 0 0 0 2.13776e+11 3.52118e+12 2.33631e+13 9.15376e+13 2.51616e+14 5.38664e+14 9.62394e+14 1.50631e+15 2.13607e+15 2.81238e+15 3.49681e+15 4.15919e+15 4.77501e+15 5.3258e+15 5.80223e+15 6.19648e+15 6.50295e+15 6.72564e+15 6.8561e+15 6.90268e+15 0 0 0 0 0 0 0 0 0 0 0 0 0 0 0 0 0 0 0 0 0 0 0 0 0 0 0 0 0 0 0 0 
0 0 0 0 0 0 0 0 0 0 0 0 0 3.0197e+10 1.28237e+12 1.33559e+13 7.12768e+13 2.48025e+14 6.3915e+14 1.32481e+15 2.33504e+15 3.64513e+15 5.18644e+15 6.87273e+15 8.60634e+15 1.03004e+16 1.18888e+16 1.33096e+16 1.45157e+16 1.54857e+16 1.61829e+16 1.66163e+16 1.67552e+16 0 0 0 0 0 0 0 0 0 0 0 0 0 0 0 0 0 0 0 0 0 0 0 0 0 0 0 0 0 0 0 0 
0 0 0 0 0 0 0 0 0 0 0 0 0 0 3.01799e+11 5.67865e+12 4.33231e+13 1.95713e+14 6.18925e+14 1.51068e+15 3.04159e+15 5.2888e+15 8.2184e+15 1.16947e+16 1.5525e+16 1.94975e+16 2.33798e+16 2.69948e+16 3.01683e+16 3.27592e+16 3.46737e+16 3.58574e+16 3.62504e+16 0 0 0 0 0 0 0 0 0 0 0 0 0 0 0 0 0 0 0 0 0 0 0 0 0 0 0 0 0 0 0 0 
0 0 0 0 0 0 0 0 0 0 0 0 0 0 3.62319e+10 1.72696e+12 2.03138e+13 1.23175e+14 4.87378e+14 1.42296e+15 3.31247e+15 6.48872e+15 1.1115e+16 1.71377e+16 2.42972e+16 3.21823e+16 4.03022e+16 4.81601e+16 5.52826e+16 6.12635e+16 6.58026e+16 6.8586e+16 6.95425e+16 0 0 0 0 0 0 0 0 0 0 0 0 0 0 0 0 0 0 0 0 0 0 0 0 0 0 0 0 0 0 0 0 
0 0 0 0 0 0 0 0 0 0 0 0 0 0 0 3.45261e+11 7.21143e+12 6.1446e+13 3.11438e+14 1.10447e+15 3.0092e+15 6.70698e+15 1.27832e+16 2.15206e+16 3.28011e+16 4.6103e+16 6.05956e+16 7.52627e+16 8.9028e+16 1.00939e+17 1.10069e+17 1.15829e+17 1.17801e+17 0 0 0 0 0 0 0 0 0 0 0 0 0 0 0 0 0 0 0 0 0 0 0 0 0 0 0 0 0 0 0 0 
0 0 0 0 0 0 0 0 0 0 0 0 0 0 0 3.58517e+10 1.86174e+12 2.4059e+13 1.61086e+14 7.05643e+14 2.27836e+15 5.83337e+15 1.24715e+16 2.30957e+16 3.80816e+16 5.70987e+16 7.91229e+16 1.02515e+17 1.25411e+17 1.45685e+17 1.61636e+17 1.71859e+17 1.75341e+17 0 0 0 0 0 0 0 0 0 0 0 0 0 0 0 0 0 0 0 0 0 0 0 0 0 0 0 0 0 0 0 0 
0 0 0 0 0 0 0 0 0 0 0 0 0 0 0 0 3.21261e+11 7.24716e+12 6.71276e+13 3.71295e+14 1.43837e+15 4.27245e+15 1.03181e+16 2.11503e+16 3.79642e+16 6.10238e+16 8.95169e+16 1.21444e+17 1.53945e+17 1.83826e+17 2.07922e+17 2.23471e+17 2.28902e+17 0 0 0 0 0 0 0 0 0 0 0 0 0 0 0 0 0 0 0 0 0 0 0 0 0 0 0 0 0 0 0 0 
0 0 0 0 0 0 0 0 0 0 0 0 0 0 0 0 2.94111e+10 1.61395e+12 2.2304e+13 1.6059e+14 7.58007e+14 2.63664e+15 7.25215e+15 1.65524e+16 3.2465e+16 5.62454e+16 8.76659e+16 1.2492e+17 1.64615e+17 2.02427e+17 2.33564e+17 2.54095e+17 2.61296e+17 0 0 0 0 0 0 0 0 0 0 0 0 0 0 0 0 0 0 0 0 0 0 0 0 0 0 0 0 0 0 0 0 
0 0 0 0 0 0 0 0 0 0 0 0 0 0 0 0 0 2.43992e+11 5.78685e+12 5.67725e+13 3.33781e+14 1.37529e+15 4.33928e+15 1.1093e+16 2.39072e+16 4.47424e+16 7.43705e+16 1.11621e+17 1.53232e+17 1.94254e+17 2.29082e+17 2.5252e+17 2.6066e+17 0 0 0 0 0 0 0 0 0 0 0 0 0 0 0 0 0 0 0 0 0 0 0 0 0 0 0 0 0 0 0 0 
0 0 0 0 0 0 0 0 0 0 0 0 0 0 0 0 0 2.01121e+10 1.12957e+12 1.62533e+13 1.22565e+14 6.07601e+14 2.21781e+15 6.38503e+15 1.51875e+16 3.08266e+16 5.47748e+16 8.67788e+16 1.24356e+17 1.62845e+17 1.9645e+17 2.19384e+17 2.27545e+17 0 0 0 0 0 0 0 0 0 0 0 0 0 0 0 0 0 0 0 0 0 0 0 0 0 0 0 0 0 0 0 0 
0 0 0 0 0 0 0 0 0 0 0 0 0 0 0 0 0 0 1.51965e+11 3.6911e+12 3.73601e+13 2.27385e+14 9.71513e+14 3.17088e+15 8.35598e+15 1.84661e+16 3.5159e+16 5.89396e+16 8.82711e+16 1.19551e+17 1.47612e+17 1.67118e+17 1.74186e+17 0 0 0 0 0 0 0 0 0 0 0 0 0 0 0 0 0 0 0 0 0 0 0 0 0 0 0 0 0 0 0 0 
0 0 0 0 0 0 0 0 0 0 0 0 0 0 0 0 0 0 1.15637e+10 6.40969e+11 9.35432e+12 7.20509e+13 3.65201e+14 1.36301e+15 4.00025e+15 9.65205e+15 1.97542e+16 3.50782e+16 5.49957e+16 7.71125e+16 9.75801e+16 1.12121e+17 1.17355e+17 0 0 0 0 0 0 0 0 0 0 0 0 0 0 0 0 0 0 0 0 0 0 0 0 0 0 0 0 0 0 0 0 
0 0 0 0 0 0 0 0 0 0 0 0 0 0 0 0 0 0 0 7.79804e+10 1.88806e+12 1.92133e+13 1.18027e+14 5.09124e+14 1.67458e+15 4.42873e+15 9.76331e+15 1.84068e+16 3.02616e+16 4.39567e+16 5.70011e+16 6.64658e+16 6.99255e+16 0 0 0 0 0 0 0 0 0 0 0 0 0 0 0 0 0 0 0 0 0 0 0 0 0 0 0 0 0 0 0 0 
0 0 0 0 0 0 0 0 0 0 0 0 0 0 0 0 0 0 0 5.66895e+09 2.96399e+11 4.27318e+12 3.27484e+13 1.65521e+14 6.15207e+14 1.79183e+15 4.26789e+15 8.55613e+15 1.47633e+16 2.22497e+16 2.96075e+16 3.50374e+16 3.70498e+16 0 0 0 0 0 0 0 0 0 0 0 0 0 0 0 0 0 0 0 0 0 0 0 0 0 0 0 0 0 0 0 0 
0 0 0 0 0 0 0 0 0 0 0 0 0 0 0 0 0 0 0 0 3.32435e+10 7.77994e+11 7.75619e+12 4.68687e+13 1.98931e+14 6.42315e+14 1.6587e+15 3.54812e+15 6.43148e+15 1.00582e+16 1.37382e+16 1.65097e+16 1.75468e+16 0 0 0 0 0 0 0 0 0 0 0 0 0 0 0 0 0 0 0 0 0 0 0 0 0 0 0 0 0 0 0 0 
0 0 0 0 0 0 0 0 0 0 0 0 0 0 0 0 0 0 0 0 2.41821e+09 1.12525e+11 1.5556e+12 1.15595e+13 5.67688e+13 2.04658e+14 5.7617e+14 1.31695e+15 2.51496e+15 4.08891e+15 5.73276e+15 7.00356e+15 7.47789e+15 0 0 0 0 0 0 0 0 0 0 0 0 0 0 0 0 0 0 0 0 0 0 0 0 0 0 0 0 0 0 0 0 
0 0 0 0 0 0 0 0 0 0 0 0 0 0 0 0 0 0 0 0 0 1.19002e+10 2.59982e+11 2.46892e+12 1.43024e+13 5.81709e+13 1.79432e+14 4.40361e+14 8.87368e+14 1.50132e+15 2.16557e+15 2.68541e+15 2.88549e+15 0 0 0 0 0 0 0 0 0 0 0 0 0 0 0 0 0 0 0 0 0 0 0 0 0 0 0 0 0 0 0 0 
0 0 0 0 0 0 0 0 0 0 0 0 0 0 0 0 0 0 0 0 0 9.20677e+08 3.54694e+10 4.54108e+11 3.18152e+12 1.47887e+13 5.03597e+13 1.33197e+14 2.84086e+14 5.00977e+14 7.43403e+14 9.38784e+14 1.0129e+15 0 0 0 0 0 0 0 0 0 0 0 0 0 0 0 0 0 0 0 0 0 0 0 0 0 0 0 0 0 0 0 0 
0 0 0 0 0 0 0 0 0 0 0 0 0 0 0 0 0 0 0 0 0 0 3.63351e+09 7.12172e+10 6.2393e+11 3.36816e+12 1.27705e+13 3.66269e+13 8.28956e+13 1.52846e+14 2.33573e+14 2.99903e+14 3.25916e+14 0 0 0 0 0 0 0 0 0 0 0 0 0 0 0 0 0 0 0 0 0 0 0 0 0 0 0 0 0 0 0 0 
0 0 0 0 0 0 0 0 0 0 0 0 0 0 0 0 0 0 0 0 0 0 3.21475e+08 9.46096e+09 1.07474e+11 6.88093e+11 2.94095e+12 9.19102e+12 2.22014e+13 4.27969e+13 6.75366e+13 8.82837e+13 9.64844e+13 0 0 0 0 0 0 0 0 0 0 0 0 0 0 0 0 0 0 0 0 0 0 0 0 0 0 0 0 0 0 0 0 
0 0 0 0 0 0 0 0 0 0 0 0 0 0 0 0 0 0 0 0 0 0 0 9.62413e+08 1.62466e+10 1.2653e+11 6.16402e+11 2.11511e+12 5.46915e+12 1.10741e+13 1.80551e+13 2.40636e+13 2.64582e+13 0 0 0 0 0 0 0 0 0 0 0 0 0 0 0 0 0 0 0 0 0 0 0 0 0 0 0 0 0 0 0 0 
0 0 0 0 0 0 0 0 0 0 0 0 0 0 0 0 0 0 0 0 0 0 0 1.04509e+08 2.18242e+09 2.09279e+10 1.18154e+11 4.4918e+11 1.24823e+12 2.66395e+12 4.49032e+12 6.10627e+12 6.75473e+12 0 0 0 0 0 0 0 0 0 0 0 0 0 0 0 0 0 0 0 0 0 0 0 0 0 0 0 0 0 0 0 0 
0 0 0 0 0 0 0 0 0 0 0 0 0 0 0 0 0 0 0 0 0 0 0 0 2.23877e+08 3.15548e+09 2.09295e+10 8.85942e+10 2.66097e+11 5.99924e+11 1.04819e+12 1.45478e+12 1.61986e+12 0 0 0 0 0 0 0 0 0 0 0 0 0 0 0 0 0 0 0 0 0 0 0 0 0 0 0 0 0 0 0 0 
0 0 0 0 0 0 0 0 0 0 0 0 0 0 0 0 0 0 0 0 0 0 0 0 3.14481e+07 4.45352e+08 3.4157e+09 1.64135e+10 5.34713e+10 1.27186e+11 2.31293e+11 3.27556e+11 3.67912e+11 0 0 0 0 0 0 0 0 0 0 0 0 0 0 0 0 0 0 0 0 0 0 0 0 0 0 0 0 0 0 0 0 
0 0 0 0 0 0 0 0 0 0 0 0 0 0 0 0 0 0 0 0 0 0 0 0 0 4.54863e+07 5.35682e+08 2.88942e+09 1.01759e+10 2.58057e+10 4.86615e+10 7.05536e+10 7.96633e+10 0 0 0 0 0 0 0 0 0 0 0 0 0 0 0 0 0 0 0 0 0 0 0 0 0 0 0 0 0 0 0 0 
0 0 0 0 0 0 0 0 0 0 0 0 0 0 0 0 0 0 0 0 0 0 0 0 0 8.58992e+06 8.10717e+07 4.75112e+08 1.88585e+09 5.03925e+09 9.87283e+09 1.46801e+10 1.66636e+10 0 0 0 0 0 0 0 0 0 0 0 0 0 0 0 0 0 0 0 0 0 0 0 0 0 0 0 0 0 0 0 0 
0 0 0 0 0 0 0 0 0 0 0 0 0 0 0 0 0 0 0 0 0 0 0 0 0 0 7.84504e+06 8.09726e+07 3.37395e+08 9.51892e+08 1.97134e+09 2.96182e+09 3.42427e+09 0 0 0 0 0 0 0 0 0 0 0 0 0 0 0 0 0 0 0 0 0 0 0 0 0 0 0 0 0 0 0 0 
0 0 0 0 0 0 0 0 0 0 0 0 0 0 0 0 0 0 0 0 0 0 0 0 0 0 2.07327e+06 1.29016e+07 5.63212e+07 1.84208e+08 3.7957e+08 5.97289e+08 6.84406e+08 0 0 0 0 0 0 0 0 0 0 0 0 0 0 0 0 0 0 0 0 0 0 0 0 0 0 0 0 0 0 0 0 
0 0 0 0 0 0 0 0 0 0 0 0 0 0 0 0 0 0 0 0 0 0 0 0 0 0 0 1.08957e+06 1.08499e+07 3.26868e+07 7.35123e+07 1.19182e+08 1.35396e+08 0 0 0 0 0 0 0 0 0 0 0 0 0 0 0 0 0 0 0 0 0 0 0 0 0 0 0 0 0 0 0 0 
0 0 0 0 0 0 0 0 0 0 0 0 0 0 0 0 0 0 0 0 0 0 0 0 0 0 0 429308 1.69793e+06 5.57728e+06 1.51384e+07 2.2151e+07 2.84867e+07 0 0 0 0 0 0 0 0 0 0 0 0 0 0 0 0 0 0 0 0 0 0 0 0 0 0 0 0 0 0 0 0 
0 0 0 0 0 0 0 0 0 0 0 0 0 0 0 0 0 0 0 0 0 0 0 0 0 0 0 0 112664 1.25361e+06 2.40932e+06 4.68252e+06 5.18289e+06 0 0 0 0 0 0 0 0 0 0 0 0 0 0 0 0 0 0 0 0 0 0 0 0 0 0 0 0 0 0 0 0 
0 0 0 0 0 0 0 0 0 0 0 0 0 0 0 0 0 0 0 0 0 0 0 0 0 0 0 0 73543.7 170780 457548 962831 937371 0 0 0 0 0 0 0 0 0 0 0 0 0 0 0 0 0 0 0 0 0 0 0 0 0 0 0 0 0 0 0 0 
0 0 0 0 0 0 0 0 0 0 0 0 0 0 0 0 0 0 0 0 0 0 0 0 0 0 0 0 0 7669.06 116796 111439 240218 0 0 0 0 0 0 0 0 0 0 0 0 0 0 0 0 0 0 0 0 0 0 0 0 0 0 0 0 0 0 0 0 
0 0 0 0 0 0 0 0 0 0 0 0 0 0 0 0 0 0 0 0 0 0 0 0 0 0 0 0 0 9942.71 11502.1 32329.3 37394.6 0 0 0 0 0 0 0 0 0 0 0 0 0 0 0 0 0 0 0 0 0 0 0 0 0 0 0 0 0 0 0 0 
0 0 0 0 0 0 0 0 0 0 0 0 0 0 0 0 0 0 0 0 0 0 0 0 0 0 0 0 0 0 255.397 7662.89 2044.38 0 0 0 0 0 0 0 0 0 0 0 0 0 0 0 0 0 0 0 0 0 0 0 0 0 0 0 0 0 0 0 0 
0 0 0 0 0 0 0 0 0 0 0 0 0 0 0 0 0 0 0 0 0 0 0 0 0 0 0 0 0 0 987.928 383.49 1912.45 0 0 0 0 0 0 0 0 0 0 0 0 0 0 0 0 0 0 0 0 0 0 0 0 0 0 0 0 0 0 0 0 
0 0 0 0 0 0 0 0 0 0 0 0 0 0 0 0 0 0 0 0 0 0 0 0 0 0 0 0 0 0 0 0 255.528 0 0 0 0 0 0 0 0 0 0 0 0 0 0 0 0 0 0 0 0 0 0 0 0 0 0 0 0 0 0 0 0 
0 0 0 0 0 0 0 0 0 0 0 0 0 0 0 0 0 0 0 0 0 0 0 0 0 0 0 0 0 0 0 63.7373 0 0 0 0 0 0 0 0 0 0 0 0 0 0 0 0 0 0 0 0 0 0 0 0 0 0 0 0 0 0 0 0 0 
0 0 0 0 0 0 0 0 0 0 0 0 0 0 0 0 0 0 0 0 0 0 0 0 0 0 0 0 0 0 0 0 0 0 0 0 0 0 0 0 0 0 0 0 0 0 0 0 0 0 0 0 0 0 0 0 0 0 0 0 0 0 0 0 0 
0 0 0 0 0 0 0 0 0 0 0 0 0 0 0 0 0 0 0 0 0 0 0 0 0 0 0 0 0 0 0 0 1.99179 0 0 0 0 0 0 0 0 0 0 0 0 0 0 0 0 0 0 0 0 0 0 0 0 0 0 0 0 0 0 0 0 
