1 0 0 0 0 0 0 0 0 0 0 0 0 0 0 0 1 
0 0 0 0 0 0 0 0 0 0 0 0 0 0 0 0 0 
0 16 0 0 0 0 0 0 0 0 0 0 0 0 0 16 0 
0 0 32.4588 0 0 0 0 0 0 0 0 0 0 0 32.4805 0 0 
0 0 87.5412 96.6549 25.5334 0 0 0 8.02351 0 0 0 24.9688 97.6459 87.5195 0 0 
0 0 0 251.341 256.124 193.131 95.9264 65.7519 0 64.085 97.1443 193.714 257.178 255.154 0 0 0 
0 0 0 212.004 738.279 705.14 710.062 609.132 750.161 616.538 700.833 683.504 729.787 207.2 0 0 0 
0 0 0 0 569.279 1640.3 1815.62 1928.65 1606.28 1907.61 1793.3 1657.3 574.613 0 0 0 0 
0 0 0 0 230.784 1254.12 2918.11 3721.93 4361.74 3659.85 2939.16 1248.9 233.453 0 0 0 0 
0 0 0 0 0 445.124 1588.01 3131.6 3253.31 3154.89 1593.22 456.27 0 0 0 0 0 
0 0 0 0 0 130.187 761.978 1371.06 2134.88 1413.87 770.03 128.315 0 0 0 0 0 
0 0 0 0 0 0 63.7939 500.669 574.226 514.236 60.0578 0 0 0 0 0 0 
0 0 0 0 0 0 54.4952 96.3079 117.587 93.9103 54.2494 0 0 0 0 0 0 
0 0 0 0 0 0 0 0 62.0267 0 0 0 0 0 0 0 0 
0 0 0 0 0 0 0 14.8969 0 15.0177 0 0 0 0 0 0 0 
0 0 0 0 0 0 0 0 0 0 0 0 0 0 0 0 0 
0 0 0 0 0 0 0 0 1.76002 0 0 0 0 0 0 0 0 
