1 0 0 0 0 0 0 0 0 0 0 0 0 0 0 0 0 
0 0 0 0 0 0 0 0 0 0 0 0 0 0 0 0 0 
0 16 0 0 0 0 0 0 0 0 0 0 0 0 0 0 0 
0 0 32 0 0 0 0 0 0 0 0 0 0 0 0 0 0 
0 0 88 95.995 23.9988 0 0 0 7.98567 0 0 0 0 0 0 0 0 
0 0 0 256.01 256.005 192.05 96.1728 63.8853 0 0 0 0 0 0 0 0 0 
0 0 0 207.995 735.951 688.057 704.088 625.004 768.14 0 0 0 0 0 0 0 0 
0 0 0 0 576.089 1663.78 1824.26 1917.29 1601.48 0 0 0 0 0 0 0 0 
0 0 0 0 227.957 1248.09 2925.84 3682.71 4353.89 0 0 0 0 0 0 0 0 
0 0 0 0 0 448.024 1570.42 3133.62 3262.47 0 0 0 0 0 0 0 0 
0 0 0 0 0 128.008 767.211 1394.97 2114.03 0 0 0 0 0 0 0 0 
0 0 0 0 0 0 63.915 510.757 576.719 0 0 0 0 0 0 0 0 
0 0 0 0 0 0 56.093 95.7368 119.451 0 0 0 0 0 0 0 0 
0 0 0 0 0 0 0 0 63.8341 0 0 0 0 0 0 0 0 
0 0 0 0 0 0 0 16.0266 0 0 0 0 0 0 0 0 0 
0 0 0 0 0 0 0 0 0 0 0 0 0 0 0 0 0 
0 0 0 0 0 0 0 0 2.00332 0 0 0 0 0 0 0 0 
