1 0 0 0 0 0 0 0 0 0 0 0 0 0 0 0 0 
0 0 0 0 0 0 0 0 0 0 0 0 0 0 0 0 0 
0 16 0 0 0 0 0 0 0 0 0 0 0 0 0 0 0 
0 0 32 0 0 0 0 0 0 0 0 0 0 0 0 0 0 
0 0 88 95.9593 23.9898 0 0 0 8.00741 0 0 0 0 0 0 0 0 
0 0 0 256.081 255.722 191.688 95.7807 64.0593 0 0 0 0 0 0 0 0 0 
0 0 0 207.959 736.343 687.098 703.4 623.837 768.94 0 0 0 0 0 0 0 0 
0 0 0 0 576.189 1665.92 1824.15 1919 1598.14 0 0 0 0 0 0 0 0 
0 0 0 0 227.756 1247.56 2928.89 3680.92 4356.58 0 0 0 0 0 0 0 0 
0 0 0 0 0 448.306 1568.73 3135.99 3264.77 0 0 0 0 0 0 0 0 
0 0 0 0 0 127.434 767.436 1393.32 2111.23 0 0 0 0 0 0 0 0 
0 0 0 0 0 0 63.7669 511.152 576.389 0 0 0 0 0 0 0 0 
0 0 0 0 0 0 55.8469 95.7579 120.059 0 0 0 0 0 0 0 0 
0 0 0 0 0 0 0 0 63.8908 0 0 0 0 0 0 0 0 
0 0 0 0 0 0 0 15.9563 0 0 0 0 0 0 0 0 0 
0 0 0 0 0 0 0 0 0 0 0 0 0 0 0 0 0 
0 0 0 0 0 0 0 0 1.99453 0 0 0 0 0 0 0 0 
