1 0 0 0 0 0 0 0 0 0 0 0 0 0 0 0 0 0 0 0 0 0 0 0 0 0 0 0 0 0 0 0 0 0 0 0 0 0 0 0 0 0 0 0 0 0 0 0 0 0 0 0 0 0 0 0 0 0 0 0 0 0 0 0 0 
0 0 0 0 0 0 0 0 0 0 0 0 0 0 0 0 0 0 0 0 0 0 0 0 0 0 0 0 0 0 0 0 0 0 0 0 0 0 0 0 0 0 0 0 0 0 0 0 0 0 0 0 0 0 0 0 0 0 0 0 0 0 0 0 0 
0 64 0 0 0 0 0 0 0 0 0 0 0 0 0 0 0 0 0 0 0 0 0 0 0 0 0 0 0 0 0 0 0 0 0 0 0 0 0 0 0 0 0 0 0 0 0 0 0 0 0 0 0 0 0 0 0 0 0 0 0 0 0 0 0 
0 0 128 0 0 0 0 0 0 0 0 0 0 0 0 0 0 0 0 0 0 0 0 0 0 0 0 0 0 0 0 0 0 0 0 0 0 0 0 0 0 0 0 0 0 0 0 0 0 0 0 0 0 0 0 0 0 0 0 0 0 0 0 0 0 
0 0 1888 384.181 63.9856 0 0 0 0 0 0 0 0 0 0 0 0 0 0 0 0 0 0 0 0 0 0 0 0 0 0 0 0 0 0 0 0 0 0 0 0 0 0 0 0 0 0 0 0 0 0 0 0 0 0 0 0 0 0 0 0 0 0 0 0 
0 0 0 7167.64 1151.57 512.58 128.227 0 0 0 0 0 0 0 0 0 0 0 0 0 0 0 0 0 0 0 0 0 0 0 0 0 0 0 0 0 0 0 0 0 0 0 0 0 0 0 0 0 0 0 0 0 0 0 0 0 0 0 0 0 0 0 0 0 0 
0 0 0 34112.2 27341.8 6855.62 2563.9 1416.58 386.16 63.7237 0 0 0 0 0 0 0 0 0 0 0 0 0 0 0 0 0 0 0 0 0 0 0 0 0 0 0 0 0 0 0 0 0 0 0 0 0 0 0 0 0 0 0 0 0 0 0 0 0 0 0 0 0 0 0 
0 0 0 0 183654 97299.7 42897 16901.4 8574.02 4608.25 1916.38 511.071 127.716 0 0 0 0 0 0 0 0 0 0 0 0 0 0 0 0 0 0 0 0 0 0 0 0 0 0 0 0 0 0 0 0 0 0 0 0 0 0 0 0 0 0 0 0 0 0 0 0 0 0 0 0 
0 0 0 0 423165 829452 412609 222948 121079 59120.6 33542.8 19861.2 9692.48 4371.69 1419.08 386.893 78.4441 0 0 0 0 0 0 0 15.9495 0 0 0 0 0 0 0 15.8875 0 0 0 0 0 0 0 0 0 0 0 0 0 0 0 0 0 0 0 0 0 0 0 0 0 0 0 0 0 0 0 0 
0 0 0 0 0 2.86017e+06 3.32592e+06 1.98039e+06 1.1419e+06 721024 426158 250430 154285 94168.9 55686.9 29493 13925.3 5885.76 2182.28 762.582 382.182 252.615 256.043 253.148 0 255.38 254.611 255.704 255.293 253.86 257.782 254.786 0 0 0 0 0 0 0 0 0 0 0 0 0 0 0 0 0 0 0 0 0 0 0 0 0 0 0 0 0 0 0 0 0 
0 0 0 0 0 3.83022e+06 1.46048e+07 1.35264e+07 9.37881e+06 6.10559e+06 4.02646e+06 2.69074e+06 1.79177e+06 1.16958e+06 773771 507761 328235 205170 120326 68062.2 36470.9 21049 13672.7 10743.4 11614.4 9650.77 9312.46 9196.39 9321.95 9193.55 9325.79 9479.89 11263.5 0 0 0 0 0 0 0 0 0 0 0 0 0 0 0 0 0 0 0 0 0 0 0 0 0 0 0 0 0 0 0 0 
0 0 0 0 0 0 3.03356e+07 6.37761e+07 5.75153e+07 4.3303e+07 3.15334e+07 2.23598e+07 1.58889e+07 1.14947e+07 8.19205e+06 5.86098e+06 4.16223e+06 2.9401e+06 2.08755e+06 1.45559e+06 1.01688e+06 706477 498984 368932 282579 247093 230541 222861 216316 217713 215887 213678 206224 0 0 0 0 0 0 0 0 0 0 0 0 0 0 0 0 0 0 0 0 0 0 0 0 0 0 0 0 0 0 0 0 
0 0 0 0 0 0 2.62498e+07 1.69367e+08 2.6295e+08 2.46467e+08 1.99378e+08 1.55899e+08 1.19173e+08 9.04559e+07 6.89798e+07 5.25279e+07 4.0152e+07 3.06778e+07 2.33658e+07 1.78556e+07 1.36728e+07 1.05835e+07 8.32844e+06 6.65299e+06 5.47007e+06 4.60995e+06 4.01375e+06 3.63383e+06 3.42291e+06 3.26467e+06 3.22442e+06 3.19202e+06 3.20703e+06 0 0 0 0 0 0 0 0 0 0 0 0 0 0 0 0 0 0 0 0 0 0 0 0 0 0 0 0 0 0 0 0 
0 0 0 0 0 0 0 2.32752e+08 7.85051e+08 1.06781e+09 1.04222e+09 9.03957e+08 7.50035e+08 6.08575e+08 4.90283e+08 3.93752e+08 3.16306e+08 2.54761e+08 2.05207e+08 1.66082e+08 1.34994e+08 1.10553e+08 9.11905e+07 7.63149e+07 6.49586e+07 5.64762e+07 5.03672e+07 4.58026e+07 4.23327e+07 4.01205e+07 3.85717e+07 3.76733e+07 3.73212e+07 0 0 0 0 0 0 0 0 0 0 0 0 0 0 0 0 0 0 0 0 0 0 0 0 0 0 0 0 0 0 0 0 
0 0 0 0 0 0 0 1.39573e+08 1.38452e+09 3.30015e+09 4.28017e+09 4.34136e+09 3.98526e+09 3.49365e+09 2.98451e+09 2.52479e+09 2.12698e+09 1.78819e+09 1.50414e+09 1.26902e+09 1.07679e+09 9.18481e+08 7.89042e+08 6.84088e+08 6.00113e+08 5.3335e+08 4.81817e+08 4.42113e+08 4.12778e+08 3.92187e+08 3.77672e+08 3.70748e+08 3.68409e+08 0 0 0 0 0 0 0 0 0 0 0 0 0 0 0 0 0 0 0 0 0 0 0 0 0 0 0 0 0 0 0 0 
0 0 0 0 0 0 0 0 1.33986e+09 6.67275e+09 1.31421e+10 1.68229e+10 1.77259e+10 1.70669e+10 1.56903e+10 1.40497e+10 1.24132e+10 1.08886e+10 9.5238e+09 8.34552e+09 7.31695e+09 6.43231e+09 5.70274e+09 5.08559e+09 4.57283e+09 4.15446e+09 3.82561e+09 3.55719e+09 3.34718e+09 3.18704e+09 3.08971e+09 3.02672e+09 3.00312e+09 0 0 0 0 0 0 0 0 0 0 0 0 0 0 0 0 0 0 0 0 0 0 0 0 0 0 0 0 0 0 0 0 
0 0 0 0 0 0 0 0 5.85622e+08 8.31277e+09 2.83876e+10 5.03574e+10 6.45639e+10 7.04791e+10 7.08099e+10 6.78474e+10 6.33226e+10 5.81697e+10 5.29936e+10 4.80387e+10 4.34882e+10 3.94258e+10 3.58679e+10 3.27762e+10 3.01215e+10 2.78782e+10 2.5995e+10 2.45272e+10 2.33238e+10 2.24298e+10 2.18216e+10 2.14695e+10 2.13358e+10 0 0 0 0 0 0 0 0 0 0 0 0 0 0 0 0 0 0 0 0 0 0 0 0 0 0 0 0 0 0 0 0 
0 0 0 0 0 0 0 0 0 5.92854e+09 4.09366e+10 1.11371e+11 1.86427e+11 2.41191e+11 2.7185e+11 2.83568e+11 2.82223e+11 2.73134e+11 2.5986e+11 2.44708e+11 2.28743e+11 2.13628e+11 1.99346e+11 1.86196e+11 1.74703e+11 1.64584e+11 1.5608e+11 1.48751e+11 1.43057e+11 1.38678e+11 1.35687e+11 1.33747e+11 1.33247e+11 0 0 0 0 0 0 0 0 0 0 0 0 0 0 0 0 0 0 0 0 0 0 0 0 0 0 0 0 0 0 0 0 
0 0 0 0 0 0 0 0 0 1.9619e+09 3.76551e+10 1.74333e+11 4.11436e+11 6.66506e+11 8.73451e+11 1.01332e+12 1.09256e+12 1.12545e+12 1.12579e+12 1.10421e+12 1.07015e+12 1.02964e+12 9.86234e+11 9.44301e+11 9.02754e+11 8.66276e+11 8.33067e+11 8.05201e+11 7.82307e+11 7.64519e+11 7.51679e+11 7.45148e+11 7.41595e+11 0 0 0 0 0 0 0 0 0 0 0 0 0 0 0 0 0 0 0 0 0 0 0 0 0 0 0 0 0 0 0 0 
0 0 0 0 0 0 0 0 0 0 2.04991e+10 1.86526e+11 6.70907e+11 1.44466e+12 2.29844e+12 3.05412e+12 3.63721e+12 4.04051e+12 4.28616e+12 4.41572e+12 4.45616e+12 4.43579e+12 4.37303e+12 4.28654e+12 4.19094e+12 4.09079e+12 4.00059e+12 3.91531e+12 3.84567e+12 3.78885e+12 3.74253e+12 3.71545e+12 3.71421e+12 0 0 0 0 0 0 0 0 0 0 0 0 0 0 0 0 0 0 0 0 0 0 0 0 0 0 0 0 0 0 0 0 
0 0 0 0 0 0 0 0 0 0 5.29494e+09 1.31135e+11 7.85685e+11 2.38763e+12 4.83622e+12 7.62399e+12 1.02744e+13 1.25235e+13 1.42867e+13 1.55746e+13 1.64678e+13 1.70262e+13 1.73541e+13 1.74796e+13 1.74873e+13 1.7421e+13 1.72958e+13 1.71587e+13 1.70254e+13 1.69222e+13 1.68118e+13 1.67596e+13 1.67211e+13 0 0 0 0 0 0 0 0 0 0 0 0 0 0 0 0 0 0 0 0 0 0 0 0 0 0 0 0 0 0 0 0 
0 0 0 0 0 0 0 0 0 0 0 5.60346e+10 6.44071e+11 2.94183e+12 7.95264e+12 1.54495e+13 2.42455e+13 3.31107e+13 4.12136e+13 4.81355e+13 5.37369e+13 5.81492e+13 6.1443e+13 6.38695e+13 6.55301e+13 6.67332e+13 6.74284e+13 6.79001e+13 6.81257e+13 6.82323e+13 6.83342e+13 6.83282e+13 6.83129e+13 0 0 0 0 0 0 0 0 0 0 0 0 0 0 0 0 0 0 0 0 0 0 0 0 0 0 0 0 0 0 0 0 
0 0 0 0 0 0 0 0 0 0 0 1.15887e+10 3.55665e+11 2.65175e+12 1.00328e+13 2.49268e+13 4.70076e+13 7.3678e+13 1.0185e+14 1.29092e+14 1.5388e+14 1.75446e+14 1.93571e+14 2.08399e+14 2.20362e+14 2.29609e+14 2.36968e+14 2.42387e+14 2.46347e+14 2.49214e+14 2.50991e+14 2.52069e+14 2.5253e+14 0 0 0 0 0 0 0 0 0 0 0 0 0 0 0 0 0 0 0 0 0 0 0 0 0 0 0 0 0 0 0 0 
0 0 0 0 0 0 0 0 0 0 0 0 1.2219e+11 1.70874e+12 9.56546e+12 3.15743e+13 7.37129e+13 1.35943e+14 2.1302e+14 2.97677e+14 3.83117e+14 4.64718e+14 5.39151e+14 6.04807e+14 6.61301e+14 7.09105e+14 7.47815e+14 7.79301e+14 8.03562e+14 8.2178e+14 8.34213e+14 8.41637e+14 8.43877e+14 0 0 0 0 0 0 0 0 0 0 0 0 0 0 0 0 0 0 0 0 0 0 0 0 0 0 0 0 0 0 0 0 
0 0 0 0 0 0 0 0 0 0 0 0 2.06719e+10 7.58792e+11 6.79274e+12 3.10014e+13 9.23176e+13 2.05423e+14 3.72377e+14 5.83443e+14 8.22358e+14 1.07211e+15 1.31866e+15 1.55198e+15 1.76507e+15 1.95259e+15 2.11455e+15 2.24896e+15 2.35758e+15 2.44083e+15 2.49977e+15 2.53304e+15 2.5459e+15 0 0 0 0 0 0 0 0 0 0 0 0 0 0 0 0 0 0 0 0 0 0 0 0 0 0 0 0 0 0 0 0 
0 0 0 0 0 0 0 0 0 0 0 0 0 2.13828e+11 3.52146e+12 2.33646e+13 9.15399e+13 2.51649e+14 5.38608e+14 9.62127e+14 1.50592e+15 2.13568e+15 2.81195e+15 3.49684e+15 4.15864e+15 4.77412e+15 5.32528e+15 5.80087e+15 6.19709e+15 6.50455e+15 6.7268e+15 6.85979e+15 6.9012e+15 0 0 0 0 0 0 0 0 0 0 0 0 0 0 0 0 0 0 0 0 0 0 0 0 0 0 0 0 0 0 0 0 
0 0 0 0 0 0 0 0 0 0 0 0 0 3.01865e+10 1.28249e+12 1.33564e+13 7.1282e+13 2.48007e+14 6.39337e+14 1.32462e+15 2.33474e+15 3.64483e+15 5.18779e+15 6.87284e+15 8.60534e+15 1.03021e+16 1.18863e+16 1.33056e+16 1.4515e+16 1.54826e+16 1.61854e+16 1.66086e+16 1.6755e+16 0 0 0 0 0 0 0 0 0 0 0 0 0 0 0 0 0 0 0 0 0 0 0 0 0 0 0 0 0 0 0 0 
0 0 0 0 0 0 0 0 0 0 0 0 0 0 3.01833e+11 5.67772e+12 4.33188e+13 1.95739e+14 6.18881e+14 1.51096e+15 3.04173e+15 5.28885e+15 8.21621e+15 1.16934e+16 1.5526e+16 1.94975e+16 2.33847e+16 2.69944e+16 3.01496e+16 3.27554e+16 3.46697e+16 3.58566e+16 3.62553e+16 0 0 0 0 0 0 0 0 0 0 0 0 0 0 0 0 0 0 0 0 0 0 0 0 0 0 0 0 0 0 0 0 
0 0 0 0 0 0 0 0 0 0 0 0 0 0 3.6229e+10 1.72729e+12 2.03158e+13 1.23157e+14 4.87384e+14 1.42323e+15 3.31293e+15 6.48944e+15 1.11177e+16 1.71391e+16 2.43002e+16 3.21802e+16 4.03047e+16 4.81655e+16 5.53111e+16 6.12537e+16 6.57793e+16 6.85931e+16 6.95271e+16 0 0 0 0 0 0 0 0 0 0 0 0 0 0 0 0 0 0 0 0 0 0 0 0 0 0 0 0 0 0 0 0 
0 0 0 0 0 0 0 0 0 0 0 0 0 0 0 3.45249e+11 7.20875e+12 6.14516e+13 3.11392e+14 1.10416e+15 3.00942e+15 6.70784e+15 1.27818e+16 2.15209e+16 3.27995e+16 4.6103e+16 6.06008e+16 7.52589e+16 8.90121e+16 1.00925e+17 1.10058e+17 1.15799e+17 1.1775e+17 0 0 0 0 0 0 0 0 0 0 0 0 0 0 0 0 0 0 0 0 0 0 0 0 0 0 0 0 0 0 0 0 
0 0 0 0 0 0 0 0 0 0 0 0 0 0 0 3.58789e+10 1.86266e+12 2.40546e+13 1.61106e+14 7.05816e+14 2.27804e+15 5.83333e+15 1.24715e+16 2.30949e+16 3.80785e+16 5.70959e+16 7.91113e+16 1.02529e+17 1.25406e+17 1.45712e+17 1.61662e+17 1.71871e+17 1.75415e+17 0 0 0 0 0 0 0 0 0 0 0 0 0 0 0 0 0 0 0 0 0 0 0 0 0 0 0 0 0 0 0 0 
0 0 0 0 0 0 0 0 0 0 0 0 0 0 0 0 3.21349e+11 7.24518e+12 6.71207e+13 3.7125e+14 1.43827e+15 4.27109e+15 1.03188e+16 2.11537e+16 3.79568e+16 6.1033e+16 8.9505e+16 1.21445e+17 1.53968e+17 1.83895e+17 2.07976e+17 2.23473e+17 2.28892e+17 0 0 0 0 0 0 0 0 0 0 0 0 0 0 0 0 0 0 0 0 0 0 0 0 0 0 0 0 0 0 0 0 
0 0 0 0 0 0 0 0 0 0 0 0 0 0 0 0 2.94317e+10 1.61502e+12 2.22929e+13 1.60541e+14 7.58088e+14 2.63683e+15 7.25229e+15 1.655e+16 3.24775e+16 5.623e+16 8.7667e+16 1.24896e+17 1.64617e+17 2.02345e+17 2.33512e+17 2.5417e+17 2.61319e+17 0 0 0 0 0 0 0 0 0 0 0 0 0 0 0 0 0 0 0 0 0 0 0 0 0 0 0 0 0 0 0 0 
0 0 0 0 0 0 0 0 0 0 0 0 0 0 0 0 0 2.44055e+11 5.79023e+12 5.67761e+13 3.33732e+14 1.37552e+15 4.33892e+15 1.10927e+16 2.39098e+16 4.47579e+16 7.43869e+16 1.11622e+17 1.53216e+17 1.94245e+17 2.29097e+17 2.52436e+17 2.60634e+17 0 0 0 0 0 0 0 0 0 0 0 0 0 0 0 0 0 0 0 0 0 0 0 0 0 0 0 0 0 0 0 0 
0 0 0 0 0 0 0 0 0 0 0 0 0 0 0 0 0 2.01289e+10 1.1303e+12 1.62492e+13 1.22556e+14 6.0757e+14 2.21777e+15 6.38544e+15 1.51831e+16 3.08265e+16 5.47805e+16 8.68036e+16 1.24347e+17 1.62877e+17 1.96446e+17 2.19387e+17 2.27538e+17 0 0 0 0 0 0 0 0 0 0 0 0 0 0 0 0 0 0 0 0 0 0 0 0 0 0 0 0 0 0 0 0 
0 0 0 0 0 0 0 0 0 0 0 0 0 0 0 0 0 0 1.52061e+11 3.69484e+12 3.73607e+13 2.27388e+14 9.71182e+14 3.17058e+15 8.35384e+15 1.84634e+16 3.51537e+16 5.89296e+16 8.82827e+16 1.19545e+17 1.47595e+17 1.67141e+17 1.74206e+17 0 0 0 0 0 0 0 0 0 0 0 0 0 0 0 0 0 0 0 0 0 0 0 0 0 0 0 0 0 0 0 0 
0 0 0 0 0 0 0 0 0 0 0 0 0 0 0 0 0 0 1.15737e+10 6.41218e+11 9.3565e+12 7.2052e+13 3.65316e+14 1.36288e+15 4.00123e+15 9.64901e+15 1.97507e+16 3.50748e+16 5.50124e+16 7.7112e+16 9.75961e+16 1.12143e+17 1.17354e+17 0 0 0 0 0 0 0 0 0 0 0 0 0 0 0 0 0 0 0 0 0 0 0 0 0 0 0 0 0 0 0 0 
0 0 0 0 0 0 0 0 0 0 0 0 0 0 0 0 0 0 0 7.80794e+10 1.89007e+12 1.92116e+13 1.18048e+14 5.09116e+14 1.6744e+15 4.42956e+15 9.76344e+15 1.84087e+16 3.02464e+16 4.39618e+16 5.70134e+16 6.64512e+16 6.99421e+16 0 0 0 0 0 0 0 0 0 0 0 0 0 0 0 0 0 0 0 0 0 0 0 0 0 0 0 0 0 0 0 0 
0 0 0 0 0 0 0 0 0 0 0 0 0 0 0 0 0 0 0 5.67135e+09 2.96441e+11 4.2726e+12 3.27388e+13 1.65558e+14 6.15185e+14 1.79199e+15 4.26756e+15 8.55691e+15 1.4763e+16 2.22462e+16 2.95919e+16 3.50335e+16 3.70263e+16 0 0 0 0 0 0 0 0 0 0 0 0 0 0 0 0 0 0 0 0 0 0 0 0 0 0 0 0 0 0 0 0 
0 0 0 0 0 0 0 0 0 0 0 0 0 0 0 0 0 0 0 0 3.32945e+10 7.78709e+11 7.75654e+12 4.68818e+13 1.98919e+14 6.42107e+14 1.65872e+15 3.54605e+15 6.43228e+15 1.0057e+16 1.37383e+16 1.65053e+16 1.75471e+16 0 0 0 0 0 0 0 0 0 0 0 0 0 0 0 0 0 0 0 0 0 0 0 0 0 0 0 0 0 0 0 0 
0 0 0 0 0 0 0 0 0 0 0 0 0 0 0 0 0 0 0 0 2.41862e+09 1.12589e+11 1.55553e+12 1.15556e+13 5.67696e+13 2.04663e+14 5.75929e+14 1.31691e+15 2.51357e+15 4.0873e+15 5.73428e+15 7.00129e+15 7.47581e+15 0 0 0 0 0 0 0 0 0 0 0 0 0 0 0 0 0 0 0 0 0 0 0 0 0 0 0 0 0 0 0 0 
0 0 0 0 0 0 0 0 0 0 0 0 0 0 0 0 0 0 0 0 0 1.19234e+10 2.6017e+11 2.46932e+12 1.43096e+13 5.81875e+13 1.79439e+14 4.40336e+14 8.87503e+14 1.50048e+15 2.1636e+15 2.68567e+15 2.88498e+15 0 0 0 0 0 0 0 0 0 0 0 0 0 0 0 0 0 0 0 0 0 0 0 0 0 0 0 0 0 0 0 0 
0 0 0 0 0 0 0 0 0 0 0 0 0 0 0 0 0 0 0 0 0 9.21356e+08 3.55064e+10 4.54449e+11 3.18069e+12 1.47865e+13 5.03724e+13 1.33186e+14 2.84038e+14 5.01257e+14 7.43245e+14 9.37955e+14 1.01297e+15 0 0 0 0 0 0 0 0 0 0 0 0 0 0 0 0 0 0 0 0 0 0 0 0 0 0 0 0 0 0 0 0 
0 0 0 0 0 0 0 0 0 0 0 0 0 0 0 0 0 0 0 0 0 0 3.63994e+09 7.12589e+10 6.24439e+11 3.36932e+12 1.27781e+13 3.66216e+13 8.29301e+13 1.52828e+14 2.33598e+14 3.00054e+14 3.25735e+14 0 0 0 0 0 0 0 0 0 0 0 0 0 0 0 0 0 0 0 0 0 0 0 0 0 0 0 0 0 0 0 0 
0 0 0 0 0 0 0 0 0 0 0 0 0 0 0 0 0 0 0 0 0 0 3.21814e+08 9.46796e+09 1.07597e+11 6.88219e+11 2.94056e+12 9.1968e+12 2.21878e+13 4.28299e+13 6.75798e+13 8.83017e+13 9.64744e+13 0 0 0 0 0 0 0 0 0 0 0 0 0 0 0 0 0 0 0 0 0 0 0 0 0 0 0 0 0 0 0 0 
0 0 0 0 0 0 0 0 0 0 0 0 0 0 0 0 0 0 0 0 0 0 0 9.64705e+08 1.62608e+10 1.26753e+11 6.16207e+11 2.11398e+12 5.46855e+12 1.10772e+13 1.80554e+13 2.40481e+13 2.64542e+13 0 0 0 0 0 0 0 0 0 0 0 0 0 0 0 0 0 0 0 0 0 0 0 0 0 0 0 0 0 0 0 0 
0 0 0 0 0 0 0 0 0 0 0 0 0 0 0 0 0 0 0 0 0 0 0 1.04548e+08 2.18422e+09 2.09335e+10 1.1823e+11 4.49382e+11 1.24786e+12 2.66337e+12 4.49242e+12 6.11064e+12 6.75741e+12 0 0 0 0 0 0 0 0 0 0 0 0 0 0 0 0 0 0 0 0 0 0 0 0 0 0 0 0 0 0 0 0 
0 0 0 0 0 0 0 0 0 0 0 0 0 0 0 0 0 0 0 0 0 0 0 0 2.24463e+08 3.16023e+09 2.09919e+10 8.86062e+10 2.65952e+11 5.9905e+11 1.04799e+12 1.45531e+12 1.62017e+12 0 0 0 0 0 0 0 0 0 0 0 0 0 0 0 0 0 0 0 0 0 0 0 0 0 0 0 0 0 0 0 0 
0 0 0 0 0 0 0 0 0 0 0 0 0 0 0 0 0 0 0 0 0 0 0 0 3.14878e+07 4.46056e+08 3.418e+09 1.64252e+10 5.34469e+10 1.27204e+11 2.31096e+11 3.27708e+11 3.67455e+11 0 0 0 0 0 0 0 0 0 0 0 0 0 0 0 0 0 0 0 0 0 0 0 0 0 0 0 0 0 0 0 0 
0 0 0 0 0 0 0 0 0 0 0 0 0 0 0 0 0 0 0 0 0 0 0 0 0 4.56315e+07 5.36319e+08 2.89815e+09 1.01739e+10 2.58127e+10 4.86033e+10 7.05117e+10 7.96993e+10 0 0 0 0 0 0 0 0 0 0 0 0 0 0 0 0 0 0 0 0 0 0 0 0 0 0 0 0 0 0 0 0 
0 0 0 0 0 0 0 0 0 0 0 0 0 0 0 0 0 0 0 0 0 0 0 0 0 8.60031e+06 8.12933e+07 4.7511e+08 1.88992e+09 5.03941e+09 9.88435e+09 1.46651e+10 1.6666e+10 0 0 0 0 0 0 0 0 0 0 0 0 0 0 0 0 0 0 0 0 0 0 0 0 0 0 0 0 0 0 0 0 
0 0 0 0 0 0 0 0 0 0 0 0 0 0 0 0 0 0 0 0 0 0 0 0 0 0 7.8652e+06 8.0942e+07 3.38322e+08 9.52963e+08 1.97284e+09 2.9596e+09 3.42539e+09 0 0 0 0 0 0 0 0 0 0 0 0 0 0 0 0 0 0 0 0 0 0 0 0 0 0 0 0 0 0 0 0 
0 0 0 0 0 0 0 0 0 0 0 0 0 0 0 0 0 0 0 0 0 0 0 0 0 0 2.07703e+06 1.2918e+07 5.62366e+07 1.84493e+08 3.79538e+08 5.9822e+08 6.83818e+08 0 0 0 0 0 0 0 0 0 0 0 0 0 0 0 0 0 0 0 0 0 0 0 0 0 0 0 0 0 0 0 0 
0 0 0 0 0 0 0 0 0 0 0 0 0 0 0 0 0 0 0 0 0 0 0 0 0 0 0 1.09161e+06 1.08589e+07 3.27762e+07 7.36429e+07 1.19311e+08 1.35632e+08 0 0 0 0 0 0 0 0 0 0 0 0 0 0 0 0 0 0 0 0 0 0 0 0 0 0 0 0 0 0 0 0 
0 0 0 0 0 0 0 0 0 0 0 0 0 0 0 0 0 0 0 0 0 0 0 0 0 0 0 430089 1.70115e+06 5.57838e+06 1.51568e+07 2.21591e+07 2.85573e+07 0 0 0 0 0 0 0 0 0 0 0 0 0 0 0 0 0 0 0 0 0 0 0 0 0 0 0 0 0 0 0 0 
0 0 0 0 0 0 0 0 0 0 0 0 0 0 0 0 0 0 0 0 0 0 0 0 0 0 0 0 112902 1.25539e+06 2.41517e+06 4.69751e+06 5.18938e+06 0 0 0 0 0 0 0 0 0 0 0 0 0 0 0 0 0 0 0 0 0 0 0 0 0 0 0 0 0 0 0 0 
0 0 0 0 0 0 0 0 0 0 0 0 0 0 0 0 0 0 0 0 0 0 0 0 0 0 0 0 73717.6 171127 458728 964811 937953 0 0 0 0 0 0 0 0 0 0 0 0 0 0 0 0 0 0 0 0 0 0 0 0 0 0 0 0 0 0 0 0 
0 0 0 0 0 0 0 0 0 0 0 0 0 0 0 0 0 0 0 0 0 0 0 0 0 0 0 0 0 7678.98 117065 111621 240581 0 0 0 0 0 0 0 0 0 0 0 0 0 0 0 0 0 0 0 0 0 0 0 0 0 0 0 0 0 0 0 0 
0 0 0 0 0 0 0 0 0 0 0 0 0 0 0 0 0 0 0 0 0 0 0 0 0 0 0 0 0 9966.17 11530.4 32462.3 37508.1 0 0 0 0 0 0 0 0 0 0 0 0 0 0 0 0 0 0 0 0 0 0 0 0 0 0 0 0 0 0 0 0 
0 0 0 0 0 0 0 0 0 0 0 0 0 0 0 0 0 0 0 0 0 0 0 0 0 0 0 0 0 0 255.92 7683.24 2050.15 0 0 0 0 0 0 0 0 0 0 0 0 0 0 0 0 0 0 0 0 0 0 0 0 0 0 0 0 0 0 0 0 
0 0 0 0 0 0 0 0 0 0 0 0 0 0 0 0 0 0 0 0 0 0 0 0 0 0 0 0 0 0 990.259 384.382 1920.31 0 0 0 0 0 0 0 0 0 0 0 0 0 0 0 0 0 0 0 0 0 0 0 0 0 0 0 0 0 0 0 0 
0 0 0 0 0 0 0 0 0 0 0 0 0 0 0 0 0 0 0 0 0 0 0 0 0 0 0 0 0 0 0 0 256.005 0 0 0 0 0 0 0 0 0 0 0 0 0 0 0 0 0 0 0 0 0 0 0 0 0 0 0 0 0 0 0 0 
0 0 0 0 0 0 0 0 0 0 0 0 0 0 0 0 0 0 0 0 0 0 0 0 0 0 0 0 0 0 0 63.8877 0 0 0 0 0 0 0 0 0 0 0 0 0 0 0 0 0 0 0 0 0 0 0 0 0 0 0 0 0 0 0 0 0 
0 0 0 0 0 0 0 0 0 0 0 0 0 0 0 0 0 0 0 0 0 0 0 0 0 0 0 0 0 0 0 0 0 0 0 0 0 0 0 0 0 0 0 0 0 0 0 0 0 0 0 0 0 0 0 0 0 0 0 0 0 0 0 0 0 
0 0 0 0 0 0 0 0 0 0 0 0 0 0 0 0 0 0 0 0 0 0 0 0 0 0 0 0 0 0 0 0 1.99649 0 0 0 0 0 0 0 0 0 0 0 0 0 0 0 0 0 0 0 0 0 0 0 0 0 0 0 0 0 0 0 0 
