1 0 0 0 0 0 0 0 0 0 0 0 0 0 0 0 1 
0 0 0 0 0 0 0 0 0 0 0 0 0 0 0 0 0 
0 16 0 0 0 0 0 0 0 0 0 0 0 0 0 16 0 
0 0 31.8961 0 0 0 0 0 0 0 0 0 0 0 31.9706 0 0 
0 0 88.1039 95.7147 23.9803 0 0 0 7.99055 0 0 0 24.0432 95.935 88.0294 0 0 
0 0 0 256.139 255.552 191.853 96.0239 64.1949 0 64.1584 95.9042 191.85 256.294 255.614 0 0 0 
0 0 0 208.147 735.062 687.317 704.306 624.379 768.754 624.315 703.844 688.074 734.728 208.451 0 0 0 
0 0 0 0 576.785 1663.1 1821.32 1917.47 1601.92 1920.85 1825.31 1661.82 576.87 0 0 0 0 
0 0 0 0 228.621 1249.74 2927.91 3684.11 4356.9 3679.3 2925.49 1249.63 228.065 0 0 0 0 
0 0 0 0 0 448.201 1571.61 3134.85 3260.47 3133.38 1567.97 448.922 0 0 0 0 0 
0 0 0 0 0 127.783 766.927 1391.77 2112.37 1393.54 769.346 127.708 0 0 0 0 0 
0 0 0 0 0 0 63.8489 511.298 575.287 512.425 64.0117 0 0 0 0 0 0 
0 0 0 0 0 0 56.0525 95.9115 120.371 95.9916 56.1261 0 0 0 0 0 0 
0 0 0 0 0 0 0 0 63.9357 0 0 0 0 0 0 0 0 
0 0 0 0 0 0 0 16.0154 0 16.0387 0 0 0 0 0 0 0 
0 0 0 0 0 0 0 0 0 0 0 0 0 0 0 0 0 
0 0 0 0 0 0 0 0 2.00407 0 0 0 0 0 0 0 0 
