1 0 0 0 0 0 0 0 0 0 0 0 0 0 0 0 1 
0 0 0 0 0 0 0 0 0 0 0 0 0 0 0 0 0 
0 16 0 0 0 0 0 0 0 0 0 0 0 0 0 16 0 
0 0 32.0314 0 0 0 0 0 0 0 0 0 0 0 31.9659 0 0 
0 0 87.9686 96.077 23.972 0 0 0 8.00704 0 0 0 24.0445 95.9318 88.0341 0 0 
0 0 0 256.068 255.962 191.902 95.9264 64.0965 0 63.7924 95.8824 191.995 255.896 256.106 0 0 0 
0 0 0 207.855 737.11 688.034 703.615 624.917 769.033 623.63 704.359 687.956 736.275 207.963 0 0 0 
0 0 0 0 575.414 1663.3 1822.56 1917.49 1600.17 1921.78 1822.86 1663.24 576.059 0 0 0 0 
0 0 0 0 227.542 1248.73 2928.84 3680.18 4354.78 3679.27 2928.19 1248.71 227.726 0 0 0 0 
0 0 0 0 0 448.237 1568.88 3137.33 3264.24 3136.29 1569.32 448.344 0 0 0 0 0 
0 0 0 0 0 127.802 768.25 1392.7 2112.35 1391.99 767.396 127.753 0 0 0 0 0 
0 0 0 0 0 0 64.0268 511.426 575.925 511.572 64.013 0 0 0 0 0 0 
0 0 0 0 0 0 55.899 95.8747 119.64 95.7124 55.9763 0 0 0 0 0 0 
0 0 0 0 0 0 0 0 63.8475 0 0 0 0 0 0 0 0 
0 0 0 0 0 0 0 15.9814 0 15.9595 0 0 0 0 0 0 0 
0 0 0 0 0 0 0 0 0 0 0 0 0 0 0 0 0 
0 0 0 0 0 0 0 0 1.99805 0 0 0 0 0 0 0 0 
