1 0 0 0 0 0 0 0 0 0 0 0 0 0 0 0 0 
0 0 0 0 0 0 0 0 0 0 0 0 0 0 0 0 0 
0 16 0 0 0 0 0 0 0 0 0 0 0 0 0 0 0 
0 0 32 0 0 0 0 0 0 0 0 0 0 0 0 0 0 
0 0 88 96.1787 24.0447 0 0 0 7.95278 0 0 0 0 0 0 0 0 
0 0 0 255.643 256.185 193.603 96.9413 63.6222 0 0 0 0 0 0 0 0 0 
0 0 0 208.179 735.671 685.861 702.831 623.885 769.67 0 0 0 0 0 0 0 0 
0 0 0 0 575.925 1664.13 1824.63 1922.09 1599.9 0 0 0 0 0 0 0 0 
0 0 0 0 228.174 1247.85 2928.01 3684.16 4365.17 0 0 0 0 0 0 0 0 
0 0 0 0 0 448.443 1566.29 3126 3240.28 0 0 0 0 0 0 0 0 
0 0 0 0 0 128.111 768.983 1393.74 2124.42 0 0 0 0 0 0 0 0 
0 0 0 0 0 0 64.3949 514.734 576.29 0 0 0 0 0 0 0 0 
0 0 0 0 0 0 55.9203 95.794 120.472 0 0 0 0 0 0 0 0 
0 0 0 0 0 0 0 0 63.8378 0 0 0 0 0 0 0 0 
0 0 0 0 0 0 0 15.9772 0 0 0 0 0 0 0 0 0 
0 0 0 0 0 0 0 0 0 0 0 0 0 0 0 0 0 
0 0 0 0 0 0 0 0 1.99715 0 0 0 0 0 0 0 0 
