1 0 0 0 0 0 0 0 0 0 0 0 0 0 0 0 0 
0 0 0 0 0 0 0 0 0 0 0 0 0 0 0 0 0 
0 16 0 0 0 0 0 0 0 0 0 0 0 0 0 0 0 
0 0 32 0 0 0 0 0 0 0 0 0 0 0 0 0 0 
0 0 88 96.0144 24.0036 0 0 0 7.99647 0 0 0 0 0 0 0 0 
0 0 0 255.971 256.859 192.457 95.6642 63.9717 0 0 0 0 0 0 0 0 0 
0 0 0 208.014 734.062 688.531 703.825 624.213 764.627 0 0 0 0 0 0 0 0 
0 0 0 0 577.284 1661.67 1826.67 1924.92 1603.63 0 0 0 0 0 0 0 0 
0 0 0 0 227.791 1248.64 2925.43 3671.04 4354.78 0 0 0 0 0 0 0 0 
0 0 0 0 0 449.32 1567.19 3135.5 3269.07 0 0 0 0 0 0 0 0 
0 0 0 0 0 127.39 769.274 1399.6 2108.32 0 0 0 0 0 0 0 0 
0 0 0 0 0 0 64.1975 508.31 574.877 0 0 0 0 0 0 0 0 
0 0 0 0 0 0 55.7459 96.5155 120.936 0 0 0 0 0 0 0 0 
0 0 0 0 0 0 0 0 63.773 0 0 0 0 0 0 0 0 
0 0 0 0 0 0 0 15.9274 0 0 0 0 0 0 0 0 0 
0 0 0 0 0 0 0 0 0 0 0 0 0 0 0 0 0 
0 0 0 0 0 0 0 0 1.99092 0 0 0 0 0 0 0 0 
