1 0 0 0 0 0 0 0 0 0 0 0 0 0 0 0 0 0 0 0 0 0 0 0 0 0 0 0 0 0 0 0 0 0 0 0 0 0 0 0 0 0 0 0 0 0 0 0 0 0 0 0 0 0 0 0 0 0 0 0 0 0 0 0 0 
0 0 0 0 0 0 0 0 0 0 0 0 0 0 0 0 0 0 0 0 0 0 0 0 0 0 0 0 0 0 0 0 0 0 0 0 0 0 0 0 0 0 0 0 0 0 0 0 0 0 0 0 0 0 0 0 0 0 0 0 0 0 0 0 0 
0 64 0 0 0 0 0 0 0 0 0 0 0 0 0 0 0 0 0 0 0 0 0 0 0 0 0 0 0 0 0 0 0 0 0 0 0 0 0 0 0 0 0 0 0 0 0 0 0 0 0 0 0 0 0 0 0 0 0 0 0 0 0 0 0 
0 0 128 0 0 0 0 0 0 0 0 0 0 0 0 0 0 0 0 0 0 0 0 0 0 0 0 0 0 0 0 0 0 0 0 0 0 0 0 0 0 0 0 0 0 0 0 0 0 0 0 0 0 0 0 0 0 0 0 0 0 0 0 0 0 
0 0 1888 366.763 61.8912 0 0 0 0 0 0 0 0 0 0 0 0 0 0 0 0 0 0 0 0 0 0 0 0 0 0 0 0 0 0 0 0 0 0 0 0 0 0 0 0 0 0 0 0 0 0 0 0 0 0 0 0 0 0 0 0 0 0 0 0 
0 0 0 7202.47 1120.04 503.932 122.588 0 0 0 0 0 0 0 0 0 0 0 0 0 0 0 0 0 0 0 0 0 0 0 0 0 0 0 0 0 0 0 0 0 0 0 0 0 0 0 0 0 0 0 0 0 0 0 0 0 0 0 0 0 0 0 0 0 0 
0 0 0 34094.8 26799.7 6616.96 2568.03 1428.34 389.388 58.0961 0 0 0 0 0 0 0 0 0 0 0 0 0 0 0 0 0 0 0 0 0 0 0 0 0 0 0 0 0 0 0 0 0 0 0 0 0 0 0 0 0 0 0 0 0 0 0 0 0 0 0 0 0 0 0 
0 0 0 0 184841 96799.1 41934.7 16248.5 8344.92 4382.42 1774.33 525.057 108.461 0 0 0 0 0 0 0 0 0 0 0 0 0 0 0 0 0 0 0 0 0 0 0 0 0 0 0 0 0 0 0 0 0 0 0 0 0 0 0 0 0 0 0 0 0 0 0 0 0 0 0 0 
0 0 0 0 422553 827712 409144 226749 120343 58384.7 33670.2 20433.5 10278.9 4538.22 1396.08 318.819 57.4596 0 0 0 0 0 0 0 20.382 0 0 0 0 0 0 0 11.6687 0 0 0 0 0 0 0 0 0 0 0 0 0 0 0 0 0 0 0 0 0 0 0 0 0 0 0 0 0 0 0 0 
0 0 0 0 0 2.86615e+06 3.36269e+06 2.00023e+06 1.14389e+06 698932 433054 258023 164292 96288 62227.6 28382.9 14168.7 6105.48 2059.95 951.555 568.977 356.136 438.017 422.724 0 202.031 223.2 179.906 254.09 213.846 288.793 151.99 0 0 0 0 0 0 0 0 0 0 0 0 0 0 0 0 0 0 0 0 0 0 0 0 0 0 0 0 0 0 0 0 0 
0 0 0 0 0 3.82673e+06 1.45764e+07 1.34502e+07 9.35042e+06 6.12608e+06 3.97826e+06 2.63674e+06 1.78764e+06 1.12564e+06 813869 568580 333168 207945 119790 79606.7 42355.2 21615.4 14688.5 11073.9 11554.8 8613.35 7884.1 9618.23 9030.62 10279.5 7999.18 8200.31 10706.1 0 0 0 0 0 0 0 0 0 0 0 0 0 0 0 0 0 0 0 0 0 0 0 0 0 0 0 0 0 0 0 0 
0 0 0 0 0 0 3.03009e+07 6.38537e+07 5.7815e+07 4.45339e+07 3.18097e+07 2.26402e+07 1.59714e+07 1.16151e+07 8.20759e+06 5.96904e+06 4.41096e+06 3.00545e+06 2.26208e+06 1.45823e+06 1.04376e+06 675817 454288 346626 251007 206591 211169 225247 220388 218036 216795 199558 188893 0 0 0 0 0 0 0 0 0 0 0 0 0 0 0 0 0 0 0 0 0 0 0 0 0 0 0 0 0 0 0 0 
0 0 0 0 0 0 2.62807e+07 1.69754e+08 2.61693e+08 2.46513e+08 1.99639e+08 1.57344e+08 1.20893e+08 9.0161e+07 7.20623e+07 5.30293e+07 3.9139e+07 3.07639e+07 2.19982e+07 1.77673e+07 1.31326e+07 1.09819e+07 7.97806e+06 5.97351e+06 4.89991e+06 4.70072e+06 4.12673e+06 3.50256e+06 3.37069e+06 3.23986e+06 3.24771e+06 3.21784e+06 3.00799e+06 0 0 0 0 0 0 0 0 0 0 0 0 0 0 0 0 0 0 0 0 0 0 0 0 0 0 0 0 0 0 0 0 
0 0 0 0 0 0 0 2.31931e+08 7.87518e+08 1.05557e+09 1.04053e+09 9.22385e+08 7.62655e+08 6.10796e+08 4.9569e+08 3.96997e+08 3.07224e+08 2.46389e+08 2.01576e+08 1.64827e+08 1.34131e+08 1.00825e+08 8.56698e+07 7.11661e+07 6.56312e+07 5.62995e+07 4.81395e+07 4.46046e+07 4.27765e+07 3.96236e+07 3.79485e+07 3.78335e+07 3.7599e+07 0 0 0 0 0 0 0 0 0 0 0 0 0 0 0 0 0 0 0 0 0 0 0 0 0 0 0 0 0 0 0 0 
0 0 0 0 0 0 0 1.39982e+08 1.38411e+09 3.3058e+09 4.21338e+09 4.32462e+09 4.09339e+09 3.59158e+09 2.98015e+09 2.49576e+09 2.12982e+09 1.8251e+09 1.5106e+09 1.23054e+09 1.09259e+09 8.9517e+08 7.53483e+08 6.60742e+08 5.99485e+08 5.22686e+08 4.87145e+08 4.29382e+08 4.11438e+08 3.98858e+08 3.75992e+08 3.63511e+08 3.51624e+08 0 0 0 0 0 0 0 0 0 0 0 0 0 0 0 0 0 0 0 0 0 0 0 0 0 0 0 0 0 0 0 0 
0 0 0 0 0 0 0 0 1.33697e+09 6.69242e+09 1.31526e+10 1.66064e+10 1.74355e+10 1.69804e+10 1.58464e+10 1.41629e+10 1.25716e+10 1.08051e+10 9.34679e+09 8.10363e+09 7.0488e+09 6.2293e+09 5.50966e+09 5.03367e+09 4.55288e+09 4.06964e+09 3.81139e+09 3.62521e+09 3.29172e+09 3.17417e+09 3.04107e+09 2.94231e+09 2.98898e+09 0 0 0 0 0 0 0 0 0 0 0 0 0 0 0 0 0 0 0 0 0 0 0 0 0 0 0 0 0 0 0 0 
0 0 0 0 0 0 0 0 5.87436e+08 8.30757e+09 2.8444e+10 5.02515e+10 6.40554e+10 6.97889e+10 7.08427e+10 6.74065e+10 6.34745e+10 5.81212e+10 5.19025e+10 4.82174e+10 4.26275e+10 3.7558e+10 3.52412e+10 3.21262e+10 2.94096e+10 2.70377e+10 2.5749e+10 2.53596e+10 2.33672e+10 2.24453e+10 2.13477e+10 2.14323e+10 2.15716e+10 0 0 0 0 0 0 0 0 0 0 0 0 0 0 0 0 0 0 0 0 0 0 0 0 0 0 0 0 0 0 0 0 
0 0 0 0 0 0 0 0 0 5.90973e+09 4.11333e+10 1.12128e+11 1.87202e+11 2.38725e+11 2.68749e+11 2.85726e+11 2.82431e+11 2.68483e+11 2.60457e+11 2.41268e+11 2.24629e+11 2.10727e+11 1.98767e+11 1.84831e+11 1.75934e+11 1.67037e+11 1.59834e+11 1.44915e+11 1.3847e+11 1.37505e+11 1.35733e+11 1.37243e+11 1.33793e+11 0 0 0 0 0 0 0 0 0 0 0 0 0 0 0 0 0 0 0 0 0 0 0 0 0 0 0 0 0 0 0 0 
0 0 0 0 0 0 0 0 0 1.97156e+09 3.74318e+10 1.73752e+11 4.13031e+11 6.70639e+11 8.64897e+11 1.01079e+12 1.0947e+12 1.14127e+12 1.12063e+12 1.10672e+12 1.09062e+12 1.04385e+12 9.95875e+11 9.60167e+11 9.11475e+11 8.7459e+11 8.37323e+11 8.05297e+11 7.84847e+11 7.58692e+11 7.6835e+11 7.41329e+11 7.38217e+11 0 0 0 0 0 0 0 0 0 0 0 0 0 0 0 0 0 0 0 0 0 0 0 0 0 0 0 0 0 0 0 0 
0 0 0 0 0 0 0 0 0 0 2.04854e+10 1.87219e+11 6.69817e+11 1.44271e+12 2.31401e+12 3.03311e+12 3.60434e+12 4.0391e+12 4.26444e+12 4.46336e+12 4.48969e+12 4.40234e+12 4.37815e+12 4.26057e+12 4.23946e+12 4.07087e+12 3.9661e+12 3.8982e+12 3.86035e+12 3.82633e+12 3.65643e+12 3.83055e+12 3.7163e+12 0 0 0 0 0 0 0 0 0 0 0 0 0 0 0 0 0 0 0 0 0 0 0 0 0 0 0 0 0 0 0 0 
0 0 0 0 0 0 0 0 0 0 5.33624e+09 1.30362e+11 7.8321e+11 2.39677e+12 4.84215e+12 7.63567e+12 1.03044e+13 1.25036e+13 1.43661e+13 1.55141e+13 1.64275e+13 1.72031e+13 1.74317e+13 1.77166e+13 1.75208e+13 1.76457e+13 1.75381e+13 1.72102e+13 1.69933e+13 1.68312e+13 1.72198e+13 1.66426e+13 1.71669e+13 0 0 0 0 0 0 0 0 0 0 0 0 0 0 0 0 0 0 0 0 0 0 0 0 0 0 0 0 0 0 0 0 
0 0 0 0 0 0 0 0 0 0 0 5.61447e+10 6.47004e+11 2.93581e+12 7.97614e+12 1.55525e+13 2.4258e+13 3.30456e+13 4.12429e+13 4.75614e+13 5.34684e+13 5.79107e+13 6.18486e+13 6.40757e+13 6.6355e+13 6.78063e+13 6.8953e+13 6.84904e+13 6.78408e+13 6.87483e+13 6.80609e+13 6.97256e+13 6.91009e+13 0 0 0 0 0 0 0 0 0 0 0 0 0 0 0 0 0 0 0 0 0 0 0 0 0 0 0 0 0 0 0 0 
0 0 0 0 0 0 0 0 0 0 0 1.17024e+10 3.54009e+11 2.64729e+12 9.99272e+12 2.47834e+13 4.70385e+13 7.38154e+13 1.01795e+14 1.28463e+14 1.53234e+14 1.74161e+14 1.93361e+14 2.12138e+14 2.24837e+14 2.31186e+14 2.37746e+14 2.47589e+14 2.49374e+14 2.51667e+14 2.55364e+14 2.5298e+14 2.55422e+14 0 0 0 0 0 0 0 0 0 0 0 0 0 0 0 0 0 0 0 0 0 0 0 0 0 0 0 0 0 0 0 0 
0 0 0 0 0 0 0 0 0 0 0 0 1.22502e+11 1.70775e+12 9.56051e+12 3.16605e+13 7.40519e+13 1.36427e+14 2.13186e+14 3.00146e+14 3.84365e+14 4.62916e+14 5.37849e+14 5.98589e+14 6.55202e+14 7.18114e+14 7.57559e+14 7.90755e+14 8.06431e+14 8.23752e+14 8.32582e+14 8.52314e+14 8.53679e+14 0 0 0 0 0 0 0 0 0 0 0 0 0 0 0 0 0 0 0 0 0 0 0 0 0 0 0 0 0 0 0 0 
0 0 0 0 0 0 0 0 0 0 0 0 2.0955e+10 7.61316e+11 6.79348e+12 3.10102e+13 9.18603e+13 2.05442e+14 3.72988e+14 5.85128e+14 8.24859e+14 1.07883e+15 1.31605e+15 1.55329e+15 1.78199e+15 1.9538e+15 2.12354e+15 2.23595e+15 2.3848e+15 2.45469e+15 2.50309e+15 2.54129e+15 2.55844e+15 0 0 0 0 0 0 0 0 0 0 0 0 0 0 0 0 0 0 0 0 0 0 0 0 0 0 0 0 0 0 0 0 
0 0 0 0 0 0 0 0 0 0 0 0 0 2.14216e+11 3.52963e+12 2.33021e+13 9.1582e+13 2.51089e+14 5.37899e+14 9.5636e+14 1.50697e+15 2.12905e+15 2.79161e+15 3.5124e+15 4.14347e+15 4.75537e+15 5.3243e+15 5.84584e+15 6.23721e+15 6.57557e+15 6.79838e+15 6.88978e+15 6.91907e+15 0 0 0 0 0 0 0 0 0 0 0 0 0 0 0 0 0 0 0 0 0 0 0 0 0 0 0 0 0 0 0 0 
0 0 0 0 0 0 0 0 0 0 0 0 0 3.05557e+10 1.2829e+12 1.33088e+13 7.11898e+13 2.47268e+14 6.40011e+14 1.33116e+15 2.3176e+15 3.63383e+15 5.19353e+15 6.82753e+15 8.62584e+15 1.04602e+16 1.19213e+16 1.32437e+16 1.44625e+16 1.5483e+16 1.6228e+16 1.65933e+16 1.68692e+16 0 0 0 0 0 0 0 0 0 0 0 0 0 0 0 0 0 0 0 0 0 0 0 0 0 0 0 0 0 0 0 0 
0 0 0 0 0 0 0 0 0 0 0 0 0 0 3.0392e+11 5.73714e+12 4.33651e+13 1.96547e+14 6.1659e+14 1.50617e+15 3.06558e+15 5.311e+15 8.2842e+15 1.16709e+16 1.54894e+16 1.93859e+16 2.33624e+16 2.7215e+16 3.03519e+16 3.26808e+16 3.46485e+16 3.60412e+16 3.60591e+16 0 0 0 0 0 0 0 0 0 0 0 0 0 0 0 0 0 0 0 0 0 0 0 0 0 0 0 0 0 0 0 0 
0 0 0 0 0 0 0 0 0 0 0 0 0 0 3.63307e+10 1.73168e+12 2.0291e+13 1.22728e+14 4.88914e+14 1.42313e+15 3.30108e+15 6.49541e+15 1.109e+16 1.72493e+16 2.43007e+16 3.19069e+16 4.02371e+16 4.80722e+16 5.49211e+16 6.07718e+16 6.55443e+16 6.81797e+16 6.94712e+16 0 0 0 0 0 0 0 0 0 0 0 0 0 0 0 0 0 0 0 0 0 0 0 0 0 0 0 0 0 0 0 0 
0 0 0 0 0 0 0 0 0 0 0 0 0 0 0 3.47058e+11 7.31656e+12 6.17999e+13 3.12161e+14 1.10535e+15 3.01401e+15 6.68694e+15 1.27018e+16 2.14363e+16 3.27863e+16 4.63033e+16 6.05353e+16 7.49966e+16 8.89576e+16 1.01646e+17 1.10244e+17 1.16611e+17 1.18767e+17 0 0 0 0 0 0 0 0 0 0 0 0 0 0 0 0 0 0 0 0 0 0 0 0 0 0 0 0 0 0 0 0 
0 0 0 0 0 0 0 0 0 0 0 0 0 0 0 3.58899e+10 1.85932e+12 2.39845e+13 1.59176e+14 7.05548e+14 2.27058e+15 5.83701e+15 1.25032e+16 2.32215e+16 3.82663e+16 5.72477e+16 7.92463e+16 1.0265e+17 1.25872e+17 1.45337e+17 1.61511e+17 1.71217e+17 1.74877e+17 0 0 0 0 0 0 0 0 0 0 0 0 0 0 0 0 0 0 0 0 0 0 0 0 0 0 0 0 0 0 0 0 
0 0 0 0 0 0 0 0 0 0 0 0 0 0 0 0 3.20371e+11 7.31229e+12 6.82214e+13 3.71292e+14 1.44253e+15 4.28589e+15 1.03693e+16 2.09599e+16 3.76662e+16 6.08868e+16 8.93732e+16 1.21349e+17 1.53362e+17 1.84352e+17 2.08124e+17 2.22827e+17 2.27964e+17 0 0 0 0 0 0 0 0 0 0 0 0 0 0 0 0 0 0 0 0 0 0 0 0 0 0 0 0 0 0 0 0 
0 0 0 0 0 0 0 0 0 0 0 0 0 0 0 0 2.96271e+10 1.62585e+12 2.23185e+13 1.60225e+14 7.57491e+14 2.62048e+15 7.26002e+15 1.66271e+16 3.25655e+16 5.61046e+16 8.79421e+16 1.24903e+17 1.64844e+17 2.02129e+17 2.33388e+17 2.55606e+17 2.62002e+17 0 0 0 0 0 0 0 0 0 0 0 0 0 0 0 0 0 0 0 0 0 0 0 0 0 0 0 0 0 0 0 0 
0 0 0 0 0 0 0 0 0 0 0 0 0 0 0 0 0 2.42977e+11 5.81172e+12 5.72198e+13 3.33708e+14 1.37993e+15 4.30679e+15 1.1127e+16 2.389e+16 4.48875e+16 7.39791e+16 1.11565e+17 1.53518e+17 1.93592e+17 2.3012e+17 2.5247e+17 2.60599e+17 0 0 0 0 0 0 0 0 0 0 0 0 0 0 0 0 0 0 0 0 0 0 0 0 0 0 0 0 0 0 0 0 
0 0 0 0 0 0 0 0 0 0 0 0 0 0 0 0 0 2.03399e+10 1.13651e+12 1.63001e+13 1.22521e+14 6.07159e+14 2.22064e+15 6.38663e+15 1.52945e+16 3.08999e+16 5.49856e+16 8.7137e+16 1.24192e+17 1.63205e+17 1.9419e+17 2.18141e+17 2.27265e+17 0 0 0 0 0 0 0 0 0 0 0 0 0 0 0 0 0 0 0 0 0 0 0 0 0 0 0 0 0 0 0 0 
0 0 0 0 0 0 0 0 0 0 0 0 0 0 0 0 0 0 1.51448e+11 3.72097e+12 3.77761e+13 2.28655e+14 9.67383e+14 3.16639e+15 8.32375e+15 1.84314e+16 3.51933e+16 5.87141e+16 8.81643e+16 1.19874e+17 1.48951e+17 1.66361e+17 1.73745e+17 0 0 0 0 0 0 0 0 0 0 0 0 0 0 0 0 0 0 0 0 0 0 0 0 0 0 0 0 0 0 0 0 
0 0 0 0 0 0 0 0 0 0 0 0 0 0 0 0 0 0 1.16491e+10 6.4069e+11 9.43006e+12 7.12989e+13 3.66438e+14 1.35218e+15 4.00792e+15 9.6754e+15 1.98124e+16 3.51382e+16 5.52133e+16 7.69872e+16 9.75365e+16 1.13176e+17 1.1766e+17 0 0 0 0 0 0 0 0 0 0 0 0 0 0 0 0 0 0 0 0 0 0 0 0 0 0 0 0 0 0 0 0 
0 0 0 0 0 0 0 0 0 0 0 0 0 0 0 0 0 0 0 7.82333e+10 1.90853e+12 1.93483e+13 1.18235e+14 5.05651e+14 1.64492e+15 4.38905e+15 9.69786e+15 1.84338e+16 3.01677e+16 4.41071e+16 5.71731e+16 6.68732e+16 7.00965e+16 0 0 0 0 0 0 0 0 0 0 0 0 0 0 0 0 0 0 0 0 0 0 0 0 0 0 0 0 0 0 0 0 
0 0 0 0 0 0 0 0 0 0 0 0 0 0 0 0 0 0 0 5.68476e+09 2.9413e+11 4.36192e+12 3.23911e+13 1.65674e+14 6.17411e+14 1.79486e+15 4.27235e+15 8.57336e+15 1.48241e+16 2.21751e+16 2.9498e+16 3.48787e+16 3.72489e+16 0 0 0 0 0 0 0 0 0 0 0 0 0 0 0 0 0 0 0 0 0 0 0 0 0 0 0 0 0 0 0 0 
0 0 0 0 0 0 0 0 0 0 0 0 0 0 0 0 0 0 0 0 3.3266e+10 7.79981e+11 7.80605e+12 4.71265e+13 2.00673e+14 6.33582e+14 1.64933e+15 3.50105e+15 6.38722e+15 1.00145e+16 1.36877e+16 1.64298e+16 1.75713e+16 0 0 0 0 0 0 0 0 0 0 0 0 0 0 0 0 0 0 0 0 0 0 0 0 0 0 0 0 0 0 0 0 
0 0 0 0 0 0 0 0 0 0 0 0 0 0 0 0 0 0 0 0 2.48395e+09 1.1158e+11 1.58418e+12 1.16463e+13 5.64141e+13 2.0513e+14 5.70058e+14 1.31481e+15 2.48572e+15 4.0744e+15 5.74926e+15 7.03932e+15 7.39329e+15 0 0 0 0 0 0 0 0 0 0 0 0 0 0 0 0 0 0 0 0 0 0 0 0 0 0 0 0 0 0 0 0 
0 0 0 0 0 0 0 0 0 0 0 0 0 0 0 0 0 0 0 0 0 1.21522e+10 2.59786e+11 2.49422e+12 1.44736e+13 5.8438e+13 1.78665e+14 4.38769e+14 8.81397e+14 1.48307e+15 2.15828e+15 2.66419e+15 2.89525e+15 0 0 0 0 0 0 0 0 0 0 0 0 0 0 0 0 0 0 0 0 0 0 0 0 0 0 0 0 0 0 0 0 
0 0 0 0 0 0 0 0 0 0 0 0 0 0 0 0 0 0 0 0 0 9.46032e+08 3.53136e+10 4.65347e+11 3.20069e+12 1.45738e+13 5.04539e+13 1.32654e+14 2.86511e+14 5.00938e+14 7.32078e+14 9.37522e+14 1.00773e+15 0 0 0 0 0 0 0 0 0 0 0 0 0 0 0 0 0 0 0 0 0 0 0 0 0 0 0 0 0 0 0 0 
0 0 0 0 0 0 0 0 0 0 0 0 0 0 0 0 0 0 0 0 0 0 3.75656e+09 7.16387e+10 6.37968e+11 3.43244e+12 1.27801e+13 3.67001e+13 8.38055e+13 1.53272e+14 2.32191e+14 2.95963e+14 3.25626e+14 0 0 0 0 0 0 0 0 0 0 0 0 0 0 0 0 0 0 0 0 0 0 0 0 0 0 0 0 0 0 0 0 
0 0 0 0 0 0 0 0 0 0 0 0 0 0 0 0 0 0 0 0 0 0 3.3382e+08 9.56216e+09 1.06923e+11 6.99058e+11 2.94749e+12 9.15468e+12 2.17696e+13 4.22637e+13 6.80911e+13 8.84112e+13 9.4652e+13 0 0 0 0 0 0 0 0 0 0 0 0 0 0 0 0 0 0 0 0 0 0 0 0 0 0 0 0 0 0 0 0 
0 0 0 0 0 0 0 0 0 0 0 0 0 0 0 0 0 0 0 0 0 0 0 9.86151e+08 1.66817e+10 1.26071e+11 6.26768e+11 2.14654e+12 5.52754e+12 1.10855e+13 1.78895e+13 2.44218e+13 2.58875e+13 0 0 0 0 0 0 0 0 0 0 0 0 0 0 0 0 0 0 0 0 0 0 0 0 0 0 0 0 0 0 0 0 
0 0 0 0 0 0 0 0 0 0 0 0 0 0 0 0 0 0 0 0 0 0 0 1.0958e+08 2.23471e+09 2.07862e+10 1.17673e+11 4.47347e+11 1.25324e+12 2.6559e+12 4.51657e+12 6.14385e+12 6.81283e+12 0 0 0 0 0 0 0 0 0 0 0 0 0 0 0 0 0 0 0 0 0 0 0 0 0 0 0 0 0 0 0 0 
0 0 0 0 0 0 0 0 0 0 0 0 0 0 0 0 0 0 0 0 0 0 0 0 2.31952e+08 3.23409e+09 2.06326e+10 8.87759e+10 2.66544e+11 6.09812e+11 1.04736e+12 1.45838e+12 1.59003e+12 0 0 0 0 0 0 0 0 0 0 0 0 0 0 0 0 0 0 0 0 0 0 0 0 0 0 0 0 0 0 0 0 
0 0 0 0 0 0 0 0 0 0 0 0 0 0 0 0 0 0 0 0 0 0 0 0 3.34813e+07 4.52996e+08 3.41077e+09 1.64588e+10 5.41736e+10 1.25768e+11 2.35215e+11 3.25394e+11 3.70972e+11 0 0 0 0 0 0 0 0 0 0 0 0 0 0 0 0 0 0 0 0 0 0 0 0 0 0 0 0 0 0 0 0 
0 0 0 0 0 0 0 0 0 0 0 0 0 0 0 0 0 0 0 0 0 0 0 0 0 4.7721e+07 5.51121e+08 2.8682e+09 1.02177e+10 2.64839e+10 4.86393e+10 7.2298e+10 7.96859e+10 0 0 0 0 0 0 0 0 0 0 0 0 0 0 0 0 0 0 0 0 0 0 0 0 0 0 0 0 0 0 0 0 
0 0 0 0 0 0 0 0 0 0 0 0 0 0 0 0 0 0 0 0 0 0 0 0 0 9.22745e+06 8.38913e+07 4.76609e+08 1.88998e+09 5.16195e+09 1.00561e+10 1.50198e+10 1.63505e+10 0 0 0 0 0 0 0 0 0 0 0 0 0 0 0 0 0 0 0 0 0 0 0 0 0 0 0 0 0 0 0 0 
0 0 0 0 0 0 0 0 0 0 0 0 0 0 0 0 0 0 0 0 0 0 0 0 0 0 8.20986e+06 8.42586e+07 3.39167e+08 9.3995e+08 2.01316e+09 3.03968e+09 3.37958e+09 0 0 0 0 0 0 0 0 0 0 0 0 0 0 0 0 0 0 0 0 0 0 0 0 0 0 0 0 0 0 0 0 
0 0 0 0 0 0 0 0 0 0 0 0 0 0 0 0 0 0 0 0 0 0 0 0 0 0 2.21636e+06 1.35072e+07 5.6521e+07 1.82525e+08 3.74409e+08 6.09556e+08 6.72788e+08 0 0 0 0 0 0 0 0 0 0 0 0 0 0 0 0 0 0 0 0 0 0 0 0 0 0 0 0 0 0 0 0 
0 0 0 0 0 0 0 0 0 0 0 0 0 0 0 0 0 0 0 0 0 0 0 0 0 0 0 1.15153e+06 1.11566e+07 3.29293e+07 7.28586e+07 1.19605e+08 1.3829e+08 0 0 0 0 0 0 0 0 0 0 0 0 0 0 0 0 0 0 0 0 0 0 0 0 0 0 0 0 0 0 0 0 
0 0 0 0 0 0 0 0 0 0 0 0 0 0 0 0 0 0 0 0 0 0 0 0 0 0 0 456242 1.80451e+06 5.8068e+06 1.478e+07 2.17088e+07 2.85719e+07 0 0 0 0 0 0 0 0 0 0 0 0 0 0 0 0 0 0 0 0 0 0 0 0 0 0 0 0 0 0 0 0 
0 0 0 0 0 0 0 0 0 0 0 0 0 0 0 0 0 0 0 0 0 0 0 0 0 0 0 0 119006 1.25774e+06 2.44514e+06 4.61257e+06 5.04715e+06 0 0 0 0 0 0 0 0 0 0 0 0 0 0 0 0 0 0 0 0 0 0 0 0 0 0 0 0 0 0 0 0 
0 0 0 0 0 0 0 0 0 0 0 0 0 0 0 0 0 0 0 0 0 0 0 0 0 0 0 0 77707.8 182927 470097 945199 954601 0 0 0 0 0 0 0 0 0 0 0 0 0 0 0 0 0 0 0 0 0 0 0 0 0 0 0 0 0 0 0 0 
0 0 0 0 0 0 0 0 0 0 0 0 0 0 0 0 0 0 0 0 0 0 0 0 0 0 0 0 0 8148.02 119753 112323 233064 0 0 0 0 0 0 0 0 0 0 0 0 0 0 0 0 0 0 0 0 0 0 0 0 0 0 0 0 0 0 0 0 
0 0 0 0 0 0 0 0 0 0 0 0 0 0 0 0 0 0 0 0 0 0 0 0 0 0 0 0 0 10530.7 12368.7 32870.5 36987.1 0 0 0 0 0 0 0 0 0 0 0 0 0 0 0 0 0 0 0 0 0 0 0 0 0 0 0 0 0 0 0 0 
0 0 0 0 0 0 0 0 0 0 0 0 0 0 0 0 0 0 0 0 0 0 0 0 0 0 0 0 0 0 269.743 7824.69 2023.38 0 0 0 0 0 0 0 0 0 0 0 0 0 0 0 0 0 0 0 0 0 0 0 0 0 0 0 0 0 0 0 0 
0 0 0 0 0 0 0 0 0 0 0 0 0 0 0 0 0 0 0 0 0 0 0 0 0 0 0 0 0 0 1048.86 408.361 1910.28 0 0 0 0 0 0 0 0 0 0 0 0 0 0 0 0 0 0 0 0 0 0 0 0 0 0 0 0 0 0 0 0 
0 0 0 0 0 0 0 0 0 0 0 0 0 0 0 0 0 0 0 0 0 0 0 0 0 0 0 0 0 0 0 0 266.032 0 0 0 0 0 0 0 0 0 0 0 0 0 0 0 0 0 0 0 0 0 0 0 0 0 0 0 0 0 0 0 0 
0 0 0 0 0 0 0 0 0 0 0 0 0 0 0 0 0 0 0 0 0 0 0 0 0 0 0 0 0 0 0 67.6685 0 0 0 0 0 0 0 0 0 0 0 0 0 0 0 0 0 0 0 0 0 0 0 0 0 0 0 0 0 0 0 0 0 
0 0 0 0 0 0 0 0 0 0 0 0 0 0 0 0 0 0 0 0 0 0 0 0 0 0 0 0 0 0 0 0 0 0 0 0 0 0 0 0 0 0 0 0 0 0 0 0 0 0 0 0 0 0 0 0 0 0 0 0 0 0 0 0 0 
0 0 0 0 0 0 0 0 0 0 0 0 0 0 0 0 0 0 0 0 0 0 0 0 0 0 0 0 0 0 0 0 2.11464 0 0 0 0 0 0 0 0 0 0 0 0 0 0 0 0 0 0 0 0 0 0 0 0 0 0 0 0 0 0 0 0 
